[{"mapping": [4, 2, 0, 12, 9, 1, 5, 3, 11, 6, 13], "R": [[-0.8540117735814434, 0.15377637847543962, -0.49700776252213197], [0.30112395616294085, 0.9251374890642445, -0.2311817236562705], [0.4242502252315924, -0.3470928575336624, -0.8363840592933727]], "T": [-0.10574064760356137, 0.00790099167393185, 0.15114766370441998], "aligned_model": [[0.2632170591550492, 0.07742528541453682, -0.4874140495978714, -0.6505494930104686, -0.6718275077883494, -0.22868081886131275, 0.34689767690290957, 0.2939877684602066, -0.17115986281282242, 0.6074063034869847, -0.15576815499324825], [-0.08331964694699368, -0.6437697910699807, -0.6597549045916711, 0.04504586416212554, -0.13772598480809797, -0.18899027580625208, 0.4335200301292117, -0.3164347463390945, 0.7002538248295654, -0.006532988660592619, 0.090366384206666], [-0.7257521209483635, -0.21359015625568437, 0.21418299484887482, 0.34330225872581, -0.2905327888979756, 0.6795070645899661, 0.5828515457045419, 0.24183298906872058, 0.0925838391533158, -0.12409653795951023, 0.01985954621393224]], "inverted": false, "swapped": false, "error_lsq": 0.05869203287378222, "error_max": 0.33117141747228657, "target": "786.xyz", "model": "0.xyz", "model_rescale": 3.8414455957264533, "target_rescale": 3.7530366100514043},
{"mapping": [6, 10, 1, 0, 3, 11, 13, 12, 7, 8, 14], "R": [[-0.8194788860489949, -0.5313782178462432, -0.21468941501259312], [0.14299740472156736, 0.17317562269659514, -0.974454691582191], [0.5549829705160286, -0.8292450743309829, -0.06592806030066245]], "T": [-0.106531018184152, 0.0669126051234914, -0.07635629826155925], "aligned_model": [[0.2648071481510548, 0.16602474803074707, -0.6616479955383696, -0.557433909057901, -0.6947108436061968, -0.09616908081714928, 0.24870085973604167, 0.32048015421052983, -0.2996395482605438, 0.6725218061320142, -0.13939913262461273], [0.07887263949288066, -0.5158530932872034, -0.48710865309170515, 0.34515050923887586, -0.4138042301414675, -0.3272007744719493, 0.33539801781973466, -0.44238999052506767, 0.678761133644344, -0.0050398291482486035, -0.01412796442530756], [-0.7633731085248394, -0.30976322932680067, 0.2888881104122895, 0.41840386709367733, -0.26696768118343867, 0.6791783974393306, 0.5372990583662066, 0.298559517066139, -0.04022492832179004, 0.03410610089737125, -0.05595746967451737]], "inverted": true, "swapped": false, "error_lsq": 0.04168551370106264, "error_max": 0.18590762899070085, "target": "786.xyz", "model": "1.xyz", "model_rescale": 4.316132596720782, "target_rescale": 3.7530366100514043},
{"mapping": [8, 10, 9, 0, 1, 5, 4, 3, 2, 6, 11], "R": [[-0.39849381202933054, 0.6580579659061078, -0.6388758840978805], [-0.15411950022680626, -0.7347117562846238, -0.6606404580609659], [-0.9041293388803242, -0.16479790254939305, 0.39419765333034223]], "T": [-0.10338513990404166, -0.1829657323659133, 0.08839128344688395], "aligned_model": [[0.010308117134463723, 0.12309769491324801, -0.672903331067393, -0.5384958042856456, -0.5331560969038389, -0.26629964887969937, 0.2544994564639166, 0.3848746127735111, -0.20972936623264124, 0.6711294726665652, 0.00020909977312784378], [0.051403501891497116, -0.5362237207268177, -0.6527101330385546, 0.25379959574132516, -0.09253288379296959, -0.29374785329213743, 0.3873183176717139, -0.38658022464579656, 0.5998042155372145, 0.01671037106868395, -0.11458342130927258], [-0.6321508882200233, -0.3818747240229529, 0.15868163273281288, 0.4402844724847232, -0.23053831352283716, 0.7023506195313726, 0.4639235045570941, 0.47718500933243824, -0.1885338254387276, -0.10227211532511142, 0.1130932621348393]], "inverted": false, "swapped": false, "error_lsq": 0.04791093521472276, "error_max": 0.3023137562199312, "target": "786.xyz", "model": "2.xyz", "model_rescale": 3.795458400668931, "target_rescale": 3.7530366100514043},
{"mapping": [2, 1, 7, 4, 0, 9, 5, 8, 10, 6, 11], "R": [[0.30835755865701103, 0.26755960917015514, -0.9128677185440409], [0.46589220474025733, -0.8791384311565343, -0.10029991239223593], [-0.8293732992937201, -0.3943697179099099, -0.39574291656870875]], "T": [-0.052269467522460394, -0.05578202729462706, 0.04713041241867544], "aligned_model": [[0.27941912934734825, 0.029942759564085736, -0.48654407108627606, -0.5823320528408946, -0.694642343937969, 0.014322381570945092, 0.08638905168955119, 0.4359643470420741, -0.20357155052199025, 0.528948838488293, -0.18436228295955334], [0.21507521273025393, -0.5094362844661489, -0.5937877465042389, 0.25533479487166666, -0.17518318730083698, -0.2027992218389481, 0.44526566822055275, -0.6187822084527215, 0.6350564427113228, -0.1276159340278555, -0.0904697708381602], [-0.5887503481391669, -0.3814810743934216, 0.3715648609798772, 0.22932457240817972, -0.38334420333767594, 0.9006561079603572, 0.5199407733648842, 0.2821229130714668, -0.1500005679979114, -0.018607455072870094, 0.03872305539990866]], "inverted": true, "swapped": false, "error_lsq": 0.05472950348623672, "error_max": 0.28254894574414485, "target": "786.xyz", "model": "3.xyz", "model_rescale": 3.7530521520055578, "target_rescale": 3.7530366100514043},
{"mapping": [8, 7, 1, 3, 5, 2, 4, 0, 9, 6, 10], "R": [[0.2976541758731765, 0.7764249973471872, -0.5554873671647995], [-0.7927945222703038, -0.12313315172726519, -0.5969213284880273], [-0.5318635511514782, 0.6180634679708314, 0.5788943880505393]], "T": [-0.13079058188384868, -0.021134386003159727, 0.08150665634025607], "aligned_model": [[0.2582167519597049, 0.006006868117628017, -0.5395905115050859, -0.7639086446765888, -0.6440563121129688, -0.25587941756494864, 0.3837485987993953, 0.47891786712087175, -0.21650048996364554, 0.5853327227022942, -0.06875322652104185], [0.08817414958892592, -0.42133330850340744, -0.6352615523001663, 0.27383362349251716, -0.16275184148861913, -0.08903613678881497, 0.20708204295322694, -0.5247983634475611, 0.47652252593632516, 0.10529778336205828, -0.0850711576995986], [-0.7420250250884212, -0.34308517195621646, 0.3655072055781624, 0.3851926405973948, -0.4022934350862574, 0.7456588365333198, 0.553605795830873, 0.31559764464837536, -0.12429708147568967, -0.05084840332179917, 0.11713562798388641]], "inverted": true, "swapped": false, "error_lsq": 0.050023873127350876, "error_max": 0.23958674301237626, "target": "786.xyz", "model": "4.xyz", "model_rescale": 3.7855080009869324, "target_rescale": 3.7530366100514043},
{"mapping": [13, 6, 0, 3, 1, 5, 10, 7, 14, 8, 16], "R": [[0.13571864310155973, 0.9078752672190464, 0.3966647817573632], [0.990689061721115, -0.12870447003121155, -0.04438853883742441], [0.010753273957637949, 0.39899581271728923, -0.9168896926747852]], "T": [-0.09932756867636527, 0.0023898703228624474, -0.031024019478904943], "aligned_model": [[0.264442860029382, 0.23553497400364687, -0.6848588549074892, -0.4599014571453801, -0.7020889880099239, -0.20856362556205815, 0.30763797899619705, 0.31666824118377485, -0.3164195993704966, 0.5925487881385197, -0.12146611100055812], [0.12073402042664896, -0.4926047079511908, -0.39533058020786116, 0.21971340667171443, -0.3869133782582501, -0.3181086313634912, 0.20350427760442522, -0.49007290267875003, 0.599031584566239, 0.12150574878304914, 0.05119892751235268], [-0.6462746807632693, -0.2935588039478046, 0.2967646920330644, 0.5214011400697924, -0.27232381433285036, 0.7041300044590527, 0.5389727456572155, 0.3508102053651717, -0.2646628723409503, -0.08030269988778076, -0.034807282068013756]], "inverted": false, "swapped": false, "error_lsq": 0.04439843185387971, "error_max": 0.22933358829643694, "target": "786.xyz", "model": "5.xyz", "model_rescale": 4.2253639853439635, "target_rescale": 3.7530366100514043},
{"mapping": [0, 9, 11, 6, 12, 5, 2, 8, 3, 1, 13], "R": [[-0.4731777738762453, 0.14631912181242027, -0.8687309761379314], [-0.038430441333583046, -0.9886003346370618, -0.1455763701099725], [-0.8801283403506712, -0.035497787924486074, 0.47340681402366963]], "T": [0.024435112378732318, -0.03487096235467176, 0.09048346424315226], "aligned_model": [[0.1124834761622124, 0.1781368033554171, -0.5785921603149778, -0.5333362736388929, -0.7287537552942607, -0.09134552889291951, 0.052571199429132257, 0.29616859326511985, -0.22333731089222186, 0.7349927197988374, 0.004546443378167914], [0.1449343142985652, -0.4623997668559497, -0.4626145698768443, 0.2239430308759424, -0.36657577806173924, -0.15225511292773627, 0.4085802312334848, -0.6880672202958927, 0.6185681528618284, -0.05401105327847253, 0.02255553713169988], [-0.6860345313302307, -0.3171822554316799, 0.333274121857262, 0.279227645533888, -0.34999605777716436, 0.7016766176338377, 0.5932070578290951, 0.3034633684023106, -0.030494309210727932, -0.09240263532461457, 0.08540961206165175]], "inverted": false, "swapped": false, "error_lsq": 0.047686206266678514, "error_max": 0.23232648486471438, "target": "786.xyz", "model": "6.xyz", "model_rescale": 3.89814844738969, "target_rescale": 3.7530366100514043},
{"mapping": [11, 10, 2, 0, 4, 1, 6, 5, 7, 9, 12], "R": [[0.865999939460967, -0.3694448383975321, -0.3369786584266478], [0.30686712825075263, 0.9247253011528209, -0.22520142763082307], [0.39481219643361837, 0.09161674950163934, 0.9141825314224814]], "T": [-0.11360643985836619, 0.10179874284707116, 0.03328396191125668], "aligned_model": [[0.14576447780910104, 0.0545574883347561, -0.4560402694867093, -0.4573087065699398, -0.570623733827635, -0.22318936009147086, 0.30685169971729187, 0.3270417505013107, -0.49355722081205733, 0.7228835451760532, -0.13284546439508674], [0.18888127893217907, -0.5656976704128145, -0.5090945079588813, 0.23667060041313043, -0.1257157586871194, -0.28674943958775045, 0.3148228539107376, -0.3613104687645189, 0.5910993291384193, -0.20019903360162092, -0.05004941827687506], [-0.7286108656078254, -0.2218103237792944, 0.13862318996410006, 0.49662910471769195, -0.360248924883392, 0.7761288350534372, 0.5182700771742501, 0.47366519956570274, -0.1846541482337548, -0.050547577450588466, -0.03729593227669878]], "inverted": true, "swapped": false, "error_lsq": 0.05209874624988498, "error_max": 0.2997483551950904, "target": "786.xyz", "model": "7.xyz", "model_rescale": 3.7474275329858107, "target_rescale": 3.7530366100514043},
{"mapping": [1, 3, 7, 11, 10, 9, 4, 8, 12, 2, 14], "R": [[0.6556520037401642, -0.5378223951935786, -0.5299693587555322], [0.6322882098736757, 0.77472310044724, -0.003967025101809435], [0.41271305969916966, -0.3324923891785463, 0.8480075126389458]], "T": [-0.11349977691906402, -0.05730966369182367, 0.006448047446708599], "aligned_model": [[0.24000460743534693, 0.2383115251205544, -0.6192574952726237, -0.593982452965684, -0.8130042580710972, -0.31786177835761786, 0.47805505361146106, 0.3621128858173397, -0.39308626700600746, 0.7111347248937492, -0.06889233884980656], [0.20964032756859124, -0.646674455086483, -0.4554784543856391, 0.11959358568061534, -0.13059546022955318, -0.27599900879187844, 0.24072503626120118, -0.3023741455622964, 0.48079779934385336, 0.010562557919463512, -0.017540017612988394], [-0.6006550512590433, -0.20094647371074684, 0.2290426933105371, 0.3590407217472654, -0.27742874371860937, 0.7069846865999625, 0.42293819852526393, 0.4294685086857237, -0.10719336923544337, -0.148344703686308, 0.00724216698502609]], "inverted": false, "swapped": false, "error_lsq": 0.054211871076793684, "error_max": 0.2686040802446581, "target": "786.xyz", "model": "8.xyz", "model_rescale": 4.019505241142653, "target_rescale": 3.7530366100514043},
{"mapping": [7, 9, 10, 2, 1, 6, 5, 11, 0, 8, 12], "R": [[0.6639359014199804, -0.3583759184988168, 0.656319906635299], [0.2672394092969729, -0.7060076203758995, -0.6558478010100857], [0.6984069135713386, 0.6108354451170048, -0.3729716370777642]], "T": [-0.08869487012656393, 0.006296872179171853, 0.11887231621672359], "aligned_model": [[0.2291340000495248, 0.12026700110652758, -0.5963942096923635, -0.4985250037024801, -0.6162413355625136, -0.2813024554744217, 0.2876820137850785, 0.3710204309846017, -0.23304944314650497, 0.4978456642876208, -0.056902456279455296], [0.2886415837486349, -0.5253184596727414, -0.7404074845236142, 0.35676697856569756, -0.20368608605725091, -0.24717165840088406, 0.27078304606629877, -0.35350201712310675, 0.4902935367837221, -0.11428410758919832, 0.010542433307327981], [-0.6804087752692716, -0.2567074179825377, 0.2700468593889058, 0.3621460886609027, -0.24706099222468306, 0.7721087665461217, 0.6076587974347171, 0.3344091464200705, -0.2904625881965097, -0.19348542771373242, 0.14190417717964465]], "inverted": false, "swapped": false, "error_lsq": 0.03690582963284131, "error_max": 0.20279206865881608, "target": "786.xyz", "model": "9.xyz", "model_rescale": 3.877068213659057, "target_rescale": 3.7530366100514043},
{"mapping": [8, 9, 13, 3, 2, 6, 12, 10, 1, 11, 15], "R": [[-0.2906101308301198, -0.8553190664619446, 0.428923124120825], [-0.22423959288553652, 0.4966655498246007, 0.838474768016281], [-0.9301947951055359, 0.14748771529891946, -0.3361324396640041]], "T": [-0.161472417989906, -0.033547221564879055, 0.07097689577542017], "aligned_model": [[0.17868131054496936, 0.05909941781185002, -0.6598946461241829, -0.5336806170662506, -0.5246039122262773, -0.11356708994598189, 0.26649296308856585, 0.33261209017720794, -0.25520063622860767, 0.5735315302269071, -0.09993620390258515], [0.07157740159218573, -0.48836251938739506, -0.5653849698042531, 0.22348651821768506, -0.3882652065363011, -0.21760889315073556, 0.3116026280793784, -0.50598504564381, 0.7545229611094979, 0.005028719839345712, 0.03204617078928778], [-0.6135427828153457, -0.3534479079499423, 0.32858587856330007, 0.5161241252197452, -0.35641756719875, 0.6576036559243861, 0.5768547759030603, 0.2604334359863735, -0.27983219545342314, 0.016788621082656538, 0.06699859498156743]], "inverted": true, "swapped": false, "error_lsq": 0.041885598750417224, "error_max": 0.20277501246435364, "target": "786.xyz", "model": "10.xyz", "model_rescale": 4.260839863003843, "target_rescale": 3.7530366100514043},
{"mapping": [2, 3, 0, 7, 1, 6, 10, 5, 8, 4, 11], "R": [[-0.8445796001412393, 0.44089072882227515, 0.30381024384280925], [0.31193707056959596, -0.05600775182215828, 0.9484505236122158], [0.43517877134543576, 0.895811641459515, -0.09022715775134632]], "T": [-0.022943179655073073, 0.0303851809728736, 0.04781933874423734], "aligned_model": [[0.11778545577933307, 0.0106411847593718, -0.6145399478521826, -0.5788179977107856, -0.5526329421586489, -0.10920690473294793, 0.17846591364268372, 0.38074355132847204, -0.22734435640254952, 0.7024275615171407, -0.08398731181427226], [0.033482077286447684, -0.5917803119489445, -0.5377668919218849, 0.16429513719764474, -0.12484625531834664, -0.36125296643534077, 0.35866459105802884, -0.4482364802579859, 0.6745438146680043, 0.045782114948899666, 0.01977293582836369], [-0.6234056507663156, -0.29220310359890506, 0.35966987246055526, 0.3682517646278447, -0.4197195364599127, 0.7843201641915536, 0.5427948917701606, 0.3019241023287258, -0.19485991590892043, -0.05068487881334878, 0.044060924412190464]], "inverted": false, "swapped": false, "error_lsq": 0.04175547089890627, "error_max": 0.24442405724130387, "target": "786.xyz", "model": "11.xyz", "model_rescale": 3.890672605050136, "target_rescale": 3.7530366100514043},
{"mapping": [9, 12, 4, 0, 2, 3, 8, 7, 6, 5, 13], "R": [[-0.5373087763688267, -0.5830063424511156, 0.6094283251530134], [-0.5560960537107358, -0.2983642672295877, -0.7757164063547308], [0.6340792205114286, -0.7556999197448178, -0.1638937869880837]], "T": [-0.19138883823306302, 0.05945565790553542, -0.052854267757918835], "aligned_model": [[0.2640683763600552, 0.17576392512035027, -0.549476289431968, -0.49931707749276716, -0.7739393555661624, -0.19243592149814578, 0.1773909736470577, 0.36620336643340085, -0.17975185477235206, 0.5775042746114629, -0.1424762110553169], [0.20093681957867363, -0.5547662484608591, -0.48641855639897946, 0.16924301553834592, -0.2860672813998218, -0.21793920351281082, 0.3653633458862776, -0.4608187045510054, 0.62812120743576, -0.033877647942555766, -0.09111898106813915], [-0.6679658207205493, -0.26036919456237156, 0.20180582585009393, 0.43889920230369606, -0.26921721938183435, 0.828119143008472, 0.48530275637358183, 0.32841950703131784, -0.14527946635105243, -0.12401926529731004, 0.004453165989584049]], "inverted": false, "swapped": false, "error_lsq": 0.03802594705743178, "error_max": 0.21454041253244896, "target": "786.xyz", "model": "12.xyz", "model_rescale": 4.124412569039231, "target_rescale": 3.7530366100514043},
{"mapping": [3, 0, 1, 8, 6, 2, 10, 4, 9, 5, 12], "R": [[0.4201727129902454, -0.9052596094620056, 0.06292798054215615], [0.05388044390384561, -0.0443359118343368, -0.9975626419862276], [0.9058431370955686, 0.4225391891866542, 0.030147049247705143]], "T": [-0.004521956352780632, 0.011801866330619984, -0.02090857480310239], "aligned_model": [[-0.11764805883393077, 0.22231570505908946, -0.5242476920584711, -0.6141103012815397, -0.6244735394420585, -0.2356720644280604, 0.2666923553698535, 0.34777138547543884, -0.26588426508350116, 0.7481323454158256, 0.020658336162968523], [0.0021391208493284804, -0.4409076063562213, -0.597882923859437, 0.1687967360371097, -0.016362308184004744, -0.21648986728902997, 0.3203459435824415, -0.5172033730872639, 0.571639447614551, -0.06798838291803096, 0.026570978715443228], [-0.7250836184201812, -0.30439790811005635, 0.12412216388638252, 0.3235486526015508, -0.27086782884881166, 0.7771190096491155, 0.5921599546511102, 0.44203754919132016, -0.1849600854864777, -0.050756476341777296, 0.09722722147145288]], "inverted": false, "swapped": false, "error_lsq": 0.05477901541151751, "error_max": 0.4155410276612622, "target": "786.xyz", "model": "13.xyz", "model_rescale": 3.9028299243045295, "target_rescale": 3.7530366100514043},
{"mapping": [8, 12, 14, 10, 13, 9, 3, 1, 4, 2, 15], "R": [[-0.2929816087583902, -0.015391378775893583, -0.955994185332067], [-0.20089024836038588, -0.9765600502065327, 0.07728891546863091], [-0.9347753125981924, 0.21469414011563442, 0.28302215665378616]], "T": [0.015570177807413974, -0.006323911640092217, 0.09343331057887791], "aligned_model": [[0.25733193937440996, -0.035275735513052894, -0.661181951475182, -0.6912715333043714, -0.5979781226607548, -0.21874996428293042, 0.294758404492945, 0.421419658273887, -0.24254198366681706, 0.7223891953687904, -0.025365700251309298], [0.08370471871069454, -0.5343668639857639, -0.5394165312281272, 0.17127475686640894, -0.28194378081161786, -0.2659110068895162, 0.4685472090367538, -0.4736193076918589, 0.6188452761762149, 0.0012187252957486308, -0.01567543037405069], [-0.6345455736745104, -0.3569283469115888, 0.29559529324424405, 0.24895215325157583, -0.33111765515518654, 0.7852093346317425, 0.38539357853576284, 0.2912209941608505, 0.049788464526819246, -0.11272137551243805, 0.19930176714635667]], "inverted": false, "swapped": false, "error_lsq": 0.045394521337016686, "error_max": 0.2609302079255912, "target": "786.xyz", "model": "14.xyz", "model_rescale": 3.942246331269136, "target_rescale": 3.7530366100514043},
{"mapping": [0, 5, 10, 11, 9, 4, 13, 3, 8, 1, 14], "R": [[0.38853134646170495, 0.869554035071, 0.30482646359592364], [0.7818101533418018, -0.13601290076917338, -0.6085009243674356], [-0.4876641025832466, 0.47473810771423997, -0.7326714489698501]], "T": [-0.1157964258676856, -0.06030600239575858, 0.03845395696999509], "aligned_model": [[0.16293189948794753, 0.15192346113983288, -0.6234907255561658, -0.54128425491584, -0.6737634980848095, -0.13560055639379986, 0.13317104473489566, 0.4098834764239433, -0.26768029584785447, 0.6565492970725693, -0.04910564170510438], [0.267443699119028, -0.542454710681843, -0.4482488377392516, 0.3434506249044597, -0.47465906564761007, -0.24625205941569417, 0.3825562281626432, -0.46722866127217616, 0.6653895110880045, -0.21364082298381454, -0.03369814042885958], [-0.5578749260045512, -0.2756133023676443, 0.3558612199817873, 0.4508272319280013, -0.3679283647759437, 0.5940579861269553, 0.6731334743895399, 0.31162518627545643, -0.18321750722234548, -0.1528885444031775, -0.027833819684449833]], "inverted": true, "swapped": false, "error_lsq": 0.04984124236056431, "error_max": 0.24239360005300958, "target": "786.xyz", "model": "15.xyz", "model_rescale": 4.355366556412066, "target_rescale": 3.7530366100514043},
{"mapping": [8, 10, 9, 0, 1, 5, 4, 3, 2, 6, 11], "R": [[-0.39849381202933054, 0.6580579659061078, -0.6388758840978805], [-0.15411950022680626, -0.7347117562846238, -0.6606404580609659], [-0.9041293388803242, -0.16479790254939305, 0.39419765333034223]], "T": [-0.10338513990404166, -0.1829657323659133, 0.08839128344688395], "aligned_model": [[0.010308117134463723, 0.12309769491324801, -0.672903331067393, -0.5384958042856456, -0.5331560969038389, -0.26629964887969937, 0.2544994564639166, 0.3848746127735111, -0.20972936623264124, 0.6711294726665652, 0.00020909977312784378], [0.051403501891497116, -0.5362237207268177, -0.6527101330385546, 0.25379959574132516, -0.09253288379296959, -0.29374785329213743, 0.3873183176717139, -0.38658022464579656, 0.5998042155372145, 0.01671037106868395, -0.11458342130927258], [-0.6321508882200233, -0.3818747240229529, 0.15868163273281288, 0.4402844724847232, -0.23053831352283716, 0.7023506195313726, 0.4639235045570941, 0.47718500933243824, -0.1885338254387276, -0.10227211532511142, 0.1130932621348393]], "inverted": false, "swapped": false, "error_lsq": 0.04791093521472276, "error_max": 0.3023137562199312, "target": "786.xyz", "model": "16.xyz", "model_rescale": 3.795458400668931, "target_rescale": 3.7530366100514043},
{"mapping": [11, 10, 2, 0, 4, 1, 6, 5, 7, 9, 12], "R": [[0.865999939460967, -0.3694448383975321, -0.3369786584266478], [0.30686712825075263, 0.9247253011528209, -0.22520142763082307], [0.39481219643361837, 0.09161674950163934, 0.9141825314224814]], "T": [-0.11360643985836619, 0.10179874284707116, 0.03328396191125668], "aligned_model": [[0.14576447780910104, 0.0545574883347561, -0.4560402694867093, -0.4573087065699398, -0.570623733827635, -0.22318936009147086, 0.30685169971729187, 0.3270417505013107, -0.49355722081205733, 0.7228835451760532, -0.13284546439508674], [0.18888127893217907, -0.5656976704128145, -0.5090945079588813, 0.23667060041313043, -0.1257157586871194, -0.28674943958775045, 0.3148228539107376, -0.3613104687645189, 0.5910993291384193, -0.20019903360162092, -0.05004941827687506], [-0.7286108656078254, -0.2218103237792944, 0.13862318996410006, 0.49662910471769195, -0.360248924883392, 0.7761288350534372, 0.5182700771742501, 0.47366519956570274, -0.1846541482337548, -0.050547577450588466, -0.03729593227669878]], "inverted": true, "swapped": false, "error_lsq": 0.05209874624988498, "error_max": 0.2997483551950904, "target": "786.xyz", "model": "17.xyz", "model_rescale": 3.7474275329858107, "target_rescale": 3.7530366100514043},
{"mapping": [12, 9, 4, 8, 5, 0, 1, 2, 10, 7, 13], "R": [[-0.36860441638310554, -0.9167237605831282, 0.15410493504491624], [0.8342159495829518, -0.25306823775393567, 0.4899389926322788], [-0.4101396514411704, 0.30915047116646155, 0.8580276525224992]], "T": [-0.011957950266264103, 0.030101701071744646, 0.09209484330047452], "aligned_model": [[0.09764029554328488, 0.04103260311375724, -0.6362530593837795, -0.6633935627095876, -0.5295850530848617, -0.19008123497389073, 0.39232960995847227, 0.40524722824029114, -0.3836070576999778, 0.6820419905565345, 0.008162446795371502], [0.03348917014928943, -0.5216746546787145, -0.5129943202440943, 0.17467015253405851, -0.04900382338805162, -0.28120659478583376, 0.2828677356124499, -0.4159644849666522, 0.5197769412901541, 0.04560743963233409, -0.042909796050053836], [-0.6476440788080071, -0.28268378515010456, 0.1593863760773484, 0.35965055133355045, -0.40692863820902264, 0.8474104271169913, 0.5932727730218201, 0.4537542417821874, -0.2218071645367224, -0.20038239726012003, 0.1661203288757065]], "inverted": true, "swapped": false, "error_lsq": 0.049978891155108694, "error_max": 0.28268884774378417, "target": "786.xyz", "model": "18.xyz", "model_rescale": 3.922800546911778, "target_rescale": 3.7530366100514043},
{"mapping": [13, 8, 1, 2, 6, 0, 3, 5, 11, 12, 14], "R": [[-0.4922932207664934, 0.5567243497961315, 0.6691079009632359], [0.8693244504970102, 0.35319095480062423, 0.34573277139301534], [-0.04384500604885577, 0.7518737578816661, -0.6578476021492194]], "T": [-0.1314392165319811, -0.008947707240122761, -0.006417938227083614], "aligned_model": [[0.2112210286143662, 0.003054317884591401, -0.5594136921944135, -0.6050437884906068, -0.6556812774774057, -0.01408257221373821, 0.19142532714988192, 0.30084563937903136, -0.2122430305960914, 0.6528430638871593, -0.08939080958716039], [0.20207594065886617, -0.4804970114441084, -0.5287594467484045, 0.22525600726921505, -0.3346930377987401, -0.20869015677346997, 0.22404291290138378, -0.556568502175413, 0.6016691220865127, 0.013191218902544037, 0.07563071822650022], [-0.5630746755830901, -0.372400720508565, 0.30118022104355646, 0.47729302124944273, -0.3143595123414966, 0.7965596502308122, 0.49420477494550497, 0.3030574056860482, -0.36399512450241645, 0.04858403570400141, 0.013099558319830028]], "inverted": false, "swapped": false, "error_lsq": 0.047297828132751144, "error_max": 0.21418461046334242, "target": "786.xyz", "model": "19.xyz", "model_rescale": 3.9282355846067225, "target_rescale": 3.7530366100514043},
{"mapping": [6, 7, 12, 11, 9, 10, 1, 2, 4, 5, 13], "R": [[-0.26330399357971523, 0.40866092113161284, 0.873880574509375], [0.9613394853529421, 0.03546009799715638, 0.2730732051142562], [0.08060645672844002, 0.9119971672049723, -0.4021986650199032]], "T": [-0.0897328630449321, 0.021521328126589093, -0.063286855606718], "aligned_model": [[0.2482103176573498, 0.06719008853864895, -0.5351128585355199, -0.6208980181030623, -0.7460175186471023, -0.2742158036737178, 0.3932311110685928, 0.4246497863696722, -0.29940100482699444, 0.6040504070872211, -0.038152300579473955], [0.0914621852878431, -0.5587761636822354, -0.6900804034131885, 0.32655743852422775, -0.19259017093353797, -0.28221730401320994, 0.24607129678584377, -0.39438876229192055, 0.6093888407339902, 0.018749303872071008, 0.0584815042350028], [-0.6180361117336984, -0.22677319952053565, 0.07107824608996337, 0.30843847408108604, -0.10654817816106076, 0.721533656965593, 0.4638031818538765, 0.4277788192567946, -0.16237723295112153, -0.1429564370971469, 0.0842074154598776]], "inverted": true, "swapped": false, "error_lsq": 0.04569098658146198, "error_max": 0.2851258640500634, "target": "786.xyz", "model": "20.xyz", "model_rescale": 4.067790424073018, "target_rescale": 3.7530366100514043},
{"mapping": [1, 8, 6, 11, 5, 3, 12, 0, 10, 7, 14], "R": [[0.60704910063113, 0.34189470696560664, -0.7173558383200335], [0.6845996282328608, 0.2333662536123028, 0.6905530687053582], [0.40350308356487796, -0.9103011595202218, -0.09239621491043255]], "T": [-0.13447681345204487, -0.16560222093112134, 0.06102693258227923], "aligned_model": [[0.12194305729535537, 0.13293760342688193, -0.747145853631699, -0.48968994447207714, -0.3779147606997506, -0.19059569885257804, 0.13451654369827182, 0.44323452622439063, -0.22208903928607332, 0.5510507415429131, -0.13271296889002027], [0.19142886269930146, -0.4700065219204719, -0.4903328352144317, 0.2355349189494391, -0.3303254085153979, -0.21266711658276236, 0.36157354613127524, -0.47016093380955615, 0.6281733873099727, -0.12284104221112577, -0.08771909173135656], [-0.6318531122208535, -0.3402154479180137, 0.3193747176470959, 0.4228900013507527, -0.4509011465165179, 0.9086002821807206, 0.5475884922320972, 0.34022512014811557, -0.12208834040049757, -0.23032750816969808, 0.05685557591042659]], "inverted": false, "swapped": false, "error_lsq": 0.050521106510896724, "error_max": 0.33820021484272916, "target": "786.xyz", "model": "21.xyz", "model_rescale": 4.186013935880536, "target_rescale": 3.7530366100514043},
{"mapping": [5, 6, 7, 9, 1, 10, 11, 4, 2, 3, 12], "R": [[0.6256215291624877, -0.48399696851572205, 0.6118370998198638], [0.6785513828753226, 0.7245752067602443, -0.12065981330309078], [-0.38492300924519707, 0.4906502870843352, 0.7817266611403769]], "T": [-0.12710991432233992, 0.007363028128204052, 0.046693417441722326], "aligned_model": [[0.2670855486488204, 0.11437735667257751, -0.4376666469292307, -0.5294593014586042, -0.7956072517839929, -0.3003776441842465, 0.3026862628946551, 0.26838445639526803, -0.3254400512780592, 0.7423749626830609, -0.08282348530463436], [0.3365699864163058, -0.4403590490766938, -0.6389064786543899, 0.2258904991150083, -0.16607222537345145, -0.33425519015650695, 0.30865886854148633, -0.45135389850852653, 0.5555280686326833, -0.15846141691276042, -0.004581398918268838], [-0.5319009929205839, -0.17931916749096105, 0.20230183725365974, 0.4659922074870982, -0.19445956010954735, 0.7880264865559677, 0.3980650743965351, 0.44766615057466413, -0.4114326001657039, -0.2156745623544929, 0.05088376101699198]], "inverted": false, "swapped": false, "error_lsq": 0.052811214750606725, "error_max": 0.2590647507153462, "target": "786.xyz", "model": "22.xyz", "model_rescale": 4.166573947596378, "target_rescale": 3.7530366100514043},
{"mapping": [0, 5, 14, 9, 10, 12, 2, 6, 8, 1, 15], "R": [[0.1576889116482969, -0.25497866272811476, 0.9540021429203175], [0.06271759864344123, 0.9667245730518272, 0.24801230348142508], [-0.9854951597869853, 0.020723933293286284, 0.16843339521983045]], "T": [-0.1316917429552329, 0.029843605826996605, 0.15829491283702607], "aligned_model": [[0.269010825321507, 0.18441832281002807, -0.7011127603520947, -0.649521256123492, -0.6497105373514034, -0.18206787007776112, 0.4484228463173323, 0.44211662286825415, -0.40264377380607486, 0.5386682268983096, -0.07404644014899055], [0.21515663524604783, -0.542436828614607, -0.49179950623691193, 0.2774860006617319, -0.29890778507588434, -0.3476376875214606, 0.21860295178856096, -0.40621243683585306, 0.650677948843098, -0.048537775467732386, 0.006266248317896829], [-0.5286201443148555, -0.35515568057830665, 0.33041676445165713, 0.3342920885374755, -0.27126333086903726, 0.6915410794592791, 0.4422776795929983, 0.40264449629289784, -0.28355218258259524, -0.0709929646258464, 0.12856082887996081]], "inverted": true, "swapped": false, "error_lsq": 0.04454052077612672, "error_max": 0.24652809215033378, "target": "786.xyz", "model": "23.xyz", "model_rescale": 4.274766983524099, "target_rescale": 3.7530366100514043},
{"mapping": [2, 4, 9, 8, 1, 7, 6, 5, 0, 3, 10], "R": [[-0.8481677829990282, -0.5217153836634446, -0.09178491341946504], [0.44725818705795833, -0.6124464446116629, -0.6518201182781659], [0.28385123919430444, -0.5939043786094177, 0.7527988197894704]], "T": [-0.0718095524641672, 0.028923789937308958, 0.11401817975402284], "aligned_model": [[0.17648669651672927, 0.11242516223241633, -0.6958513539638812, -0.5828577184853796, -0.49968729699430026, -0.1592411760208451, 0.2625221230281461, 0.5402744394543414, -0.21003532495203342, 0.425404100001004, -0.14590544446058334], [-0.19587844093142656, -0.5776011803193348, -0.551988085714474, 0.19808479124909814, -0.08122703663211953, -0.3719822200212942, 0.36256499677498133, -0.4396220416438159, 0.7006702044251273, 0.16027030841887593, 0.029366469499267935], [-0.7894664357808462, -0.1790102101101067, 0.14192299562864652, 0.619216611408264, -0.3653259676449909, 0.5963692540382146, 0.5955998778895649, 0.38245614122252686, -0.1613356518938056, -0.11300816161837152, 0.0927301811045319]], "inverted": false, "swapped": false, "error_lsq": 0.06779029786201714, "error_max": 0.40407997076088437, "target": "786.xyz", "model": "24.xyz", "model_rescale": 3.7841303162186577, "target_rescale": 3.7530366100514043},
{"mapping": [5, 4, 0, 10, 8, 7, 11, 6, 14, 3, 15], "R": [[-0.5379801349203073, 0.4023622584731394, -0.7407307117890566], [0.2768696289886348, -0.7456349759248664, -0.6061119461132733], [-0.7961912979773288, -0.5311620239003523, 0.28973491572687243]], "T": [-0.18016246085404664, -0.03298303648468616, 0.007419795215337824], "aligned_model": [[0.3139629940541285, 0.21838853462538915, -0.6051957980386429, -0.6475051241928903, -0.5864579703298602, -0.25423848613713207, 0.25233930984294456, 0.3737299385083592, -0.3370007246481019, 0.614689789540705, -0.11917825686928434], [0.018878759169960554, -0.53415431956908, -0.5211233751932501, 0.3611458814449626, -0.36726045111486394, -0.1982895657028329, 0.2200344311201432, -0.4190195682855502, 0.7414419534009637, -0.008931265109542355, -0.060064715056024634], [-0.7154143035977631, -0.375579933077318, 0.35727065109367756, 0.4885729271309047, -0.26209894752218704, 0.6319132331123015, 0.589100075604395, 0.2647240087190161, -0.06305471337634207, -0.12155035625106926, 0.026265992408012688]], "inverted": true, "swapped": false, "error_lsq": 0.046486269239459754, "error_max": 0.234303810799554, "target": "786.xyz", "model": "25.xyz", "model_rescale": 4.19342608120988, "target_rescale": 3.7530366100514043},
{"mapping": [8, 10, 9, 0, 1, 5, 4, 3, 2, 6, 11], "R": [[-0.39849381202933054, 0.6580579659061078, -0.6388758840978805], [-0.15411950022680626, -0.7347117562846238, -0.6606404580609659], [-0.9041293388803242, -0.16479790254939305, 0.39419765333034223]], "T": [-0.10338513990404166, -0.1829657323659133, 0.08839128344688395], "aligned_model": [[0.010308117134463723, 0.12309769491324801, -0.672903331067393, -0.5384958042856456, -0.5331560969038389, -0.26629964887969937, 0.2544994564639166, 0.3848746127735111, -0.20972936623264124, 0.6711294726665652, 0.00020909977312784378], [0.051403501891497116, -0.5362237207268177, -0.6527101330385546, 0.25379959574132516, -0.09253288379296959, -0.29374785329213743, 0.3873183176717139, -0.38658022464579656, 0.5998042155372145, 0.01671037106868395, -0.11458342130927258], [-0.6321508882200233, -0.3818747240229529, 0.15868163273281288, 0.4402844724847232, -0.23053831352283716, 0.7023506195313726, 0.4639235045570941, 0.47718500933243824, -0.1885338254387276, -0.10227211532511142, 0.1130932621348393]], "inverted": false, "swapped": false, "error_lsq": 0.04791093521472276, "error_max": 0.3023137562199312, "target": "786.xyz", "model": "26.xyz", "model_rescale": 3.795458400668931, "target_rescale": 3.7530366100514043},
{"mapping": [8, 10, 4, 9, 11, 3, 0, 7, 1, 5, 12], "R": [[0.6707866833004738, 0.7208317269279049, -0.1744902488991427], [-0.7308693643778844, 0.6025102730504596, -0.32064207940089207], [-0.1259968163114343, 0.3426120142709468, 0.9309896937971911]], "T": [-0.15923980072811328, 0.0730567391442184, 0.03437972107271168], "aligned_model": [[0.016809183802200783, 0.004606786523210782, -0.6032921055436958, -0.535965432553255, -0.5533032672494274, -0.14576182655842285, 0.22497949482424762, 0.4480640188492856, -0.0939936077068759, 0.4750058169627852, -0.013614854994438513], [0.2456987698565248, -0.6184868655762736, -0.6216580464500016, 0.1762697963159356, -0.2918852805042377, -0.18346691632035445, 0.3795259250216859, -0.34646699944914, 0.6531498722514929, -0.1735097643691423, 0.013487274328396207], [-0.6511516016132388, -0.016690496525356112, 0.17240906542140852, 0.21270289194689693, -0.4379611498896109, 0.7265433702534756, 0.7049953808404836, 0.3740707602727025, -0.06353892765801003, -0.2877971304627781, 0.08656647165765491]], "inverted": true, "swapped": false, "error_lsq": 0.060731545449666996, "error_max": 0.2907900806099904, "target": "786.xyz", "model": "27.xyz", "model_rescale": 3.6321398670334006, "target_rescale": 3.7530366100514043},
{"mapping": [2, 1, 7, 8, 3, 12, 9, 6, 0, 13, 14], "R": [[0.23693074602092634, -0.4377660956855802, -0.8673088648562121], [-0.6239657214431802, 0.615702566661214, -0.48122461270251493], [0.7446681140305792, 0.6551879080653101, -0.12727216927177676]], "T": [-0.11031660597930443, 0.016613395591647373, 0.0673329019980583], "aligned_model": [[0.24820143752787865, 0.02561889322293126, -0.6282923036211536, -0.5082799891878909, -0.6739436879824805, -0.2203935960529247, 0.3222848879618868, 0.39828504015996485, -0.3792826383129417, 0.7003954934279206, -0.061059330787576194], [0.15432044668004982, -0.36402285477344865, -0.5050243745805061, 0.11505739490859491, -0.1595371228056909, -0.2681177417425427, 0.2827650187394463, -0.44701981402432855, 0.4607601290663817, -0.03257396623783859, -0.003949350125231156], [-0.629764827371887, -0.465494256760712, 0.31326500113544187, 0.3819176130350439, -0.2831747117041083, 0.8356563798045487, 0.5016040409836818, 0.4282706384934, -0.2787922875132957, -0.015152413210377108, 0.0318134573518915]], "inverted": false, "swapped": false, "error_lsq": 0.04220844751126535, "error_max": 0.2609023969898443, "target": "786.xyz", "model": "28.xyz", "model_rescale": 4.156811204709835, "target_rescale": 3.7530366100514043},
{"mapping": [7, 1, 9, 0, 4, 5, 6, 3, 8, 10], "R": [[-0.09693240014198623, -0.2160400526083135, 0.9715610147961429], [-0.21019898737611098, -0.9496962362600445, -0.23214961671207465], [0.9728414544563628, -0.2267239610241996, 0.04664493529554775]], "T": [-0.08226116694203861, -0.004074831823082423, -0.02869247505599636], "aligned_model": [[-0.4680690185024304, 0.061834285826521396, 0.09212896067059717, 0.7109006504448132, 0.051127538793420385, -0.8877491616113251, -0.5299681145002433, -0.41856056703659733, 0.225022384405638, -0.193741584379806], [-0.3225069268572738, -0.4972775630277385, 0.07200282812905025, 0.06408062059275264, -0.44682589293186203, -0.13389980076136054, 0.5092066647590104, 0.16946567361218, 0.4792093090770596, 0.025265418034385687], [-0.5006198475003985, -0.22505961011203346, -0.6852987941931428, -0.1890789127402536, 0.5546499960103785, 0.08150799282055592, -0.24329910488304934, 0.5254025659996369, 0.4052694254949441, 0.035313016078461226]], "inverted": true, "swapped": true, "error_lsq": 0.05584531311535139, "error_max": 0.33947834515634023, "target": "786.xyz", "model": "29.xyz", "model_rescale": 4.117894457231895, "target_rescale": 3.7530366100514043},
{"mapping": [5, 3, 12, 10, 11, 13, 7, 4, 6, 1, 14], "R": [[-0.16544784257177647, 0.8380436692607709, 0.519913281038568], [0.28199179445324785, 0.5453680073336609, -0.7893379279104418], [-0.9450437234590696, 0.016017021847282542, -0.32655139834605174]], "T": [-0.0762599171687931, -0.05007393835227341, -0.06638703785375495], "aligned_model": [[0.12779098105470502, 0.024773482655457535, -0.4307772920598995, -0.5008186842626507, -0.7454697567143281, -0.20746915103662256, 0.08413203487468529, 0.3420507992126236, -0.15952850051210007, 0.7823721688160968, -0.09352187567235297], [0.34590120327353047, -0.5647450741553457, -0.6332704446186116, 0.36926658335969464, -0.28502001624015777, -0.2266510287427992, 0.22508356442682942, -0.45732447147887473, 0.5812535870543412, -0.10227198574543184, -0.0195641520282889], [-0.7717370854744827, -0.22342867294758906, 0.28286529047126646, 0.33138720066255617, -0.21626085627912373, 0.6916769241751419, 0.5041972514831942, 0.44222994965774703, -0.14564195525026208, -0.05042669248326946, -0.024712719771550734]], "inverted": true, "swapped": false, "error_lsq": 0.04841139046746365, "error_max": 0.24288585357706188, "target": "786.xyz", "model": "30.xyz", "model_rescale": 4.100398675895297, "target_rescale": 3.7530366100514043},
