[{"mapping": [11, 5, 10, 12, 9, 7, 2, 0, 1, 6, 4, 3, 13], "R": [[0.54775410754539, 0.30065360578189954, -0.7807514630133559], [0.10793209043141222, 0.9000077444238594, 0.4222993296610626], [0.8296481793641561, -0.3155843299459266, 0.4605327666630484]], "T": [-0.08846421824762277, 0.0837568531328134, -0.06734262797401161], "aligned_model": [[-0.47665584081456613, -0.6758799405221882, -0.321570322901208, -0.27996675018325234, 0.328342935483834, 0.3169156912659633, 0.6089198363220127, 0.265849859206136, -0.38247537326404335, 0.15941427005063574, 0.6656774433353331, 0.05635451984033407, -0.039023924512821294], [-0.49463117108229043, 0.09874224503822006, -0.6688169411022595, 0.08518135298609243, -0.1708741821308178, -0.5502808076020169, 0.38782927435943526, 0.572789523573152, 0.5422285275389638, 0.04095312441338292, -0.32934971687873443, 0.4543127306853836, -0.06909567064638404], [-0.02448940806379788, 0.4092278995407408, -0.6956125960971771, -0.6136434233569371, -0.6133994054643014, -0.13846123459794737, 0.04425346734791008, -0.5476769035995489, -0.25814429965458935, 0.6546479398551928, 0.3498114714775856, 0.2716502635555731, -0.09439120622030116]], "inverted": true, "swapped": false, "error_lsq": 0.055346062395768184, "error_max": 0.32254615058992947, "target": "787.xyz", "model": "0.xyz", "model_rescale": 3.8414455957264533, "target_rescale": 3.8485498041456605},
{"mapping": [12, 8, 11, 13, 0, 1, 4, 7, 9, 6, 5, 2, 14], "R": [[0.5511421715901053, 0.7794739928925276, 0.297762659007343], [-0.13447177081194792, 0.4351618542844792, -0.8902536174767239], [-0.8235044927319111, 0.4506156399636767, 0.3446532974896426]], "T": [0.054206260903414696, -0.002632070955709339, -0.048844615043842354], "aligned_model": [[-0.4389458993328005, -0.7044215469337686, -0.19742583512538486, -0.5175758313173062, 0.2740183956541199, 0.4811063547153506, 0.5722757794575546, 0.17402121252566644, -0.3203615190157761, -0.044550281249770604, 0.3920966580385449, 0.4720569510053801, 0.08360796488435918], [-0.5843820315096176, -0.056108545475366235, -0.6506054671604244, 0.03902946883050983, 0.03633471638672577, -0.6908786065442293, 0.10877125516707546, 0.5353481319051828, 0.5652830926591113, 0.2933044435768912, -0.10267552642161683, 0.49304174401909756, -0.08747438628121253], [-0.023203356943789694, 0.16546010573866754, -0.5418731823592204, -0.5450064392077598, -0.7385413486940127, -0.3530992901476155, -0.17136199226867996, -0.37926356249182464, -0.10062323202229956, 0.6671832465173435, 0.508061276040817, 0.3037358687439914, -0.04769552818321509]], "inverted": true, "swapped": false, "error_lsq": 0.047844917608181624, "error_max": 0.3197406204948137, "target": "787.xyz", "model": "1.xyz", "model_rescale": 4.316132596720782, "target_rescale": 3.8485498041456605},
{"mapping": [11, 9, 8, 4, 7, 6, 3, 5, 1, 10, 0, 12], "R": [[-0.5677278493112055, -0.2795403168913117, 0.7743011690219629], [-0.16609168794899992, -0.8823415406500353, -0.44032596657200934], [0.8062869466329746, -0.37859030214154626, 0.4545005421489038]], "T": [0.031967996845224854, 0.02383120331964687, -0.038105159240681065], "aligned_model": [[-0.09670104470464588, 0.529590390146533, -0.04413739520381144, -0.5593280191142118, -0.5174072003281076, -0.3630394312484752, -0.18447583896914413, -0.27342659602608727, 0.567123633079633, 0.2026490264397756, 0.34838921838285924, -0.011428187822536809], [-0.6330327555301861, -0.453014539182153, -0.48743842603735027, 0.3879920983842321, -0.21181819119114517, -0.12580292493084264, 0.30702857944951156, 0.6718962073819622, -0.07831759497092648, -0.02794103519815218, 0.5550108992815233, 0.1082141102845071], [-0.022930234462112974, 0.2486014621458932, -0.6334551926838453, -0.08910865070172921, -0.3960374032393991, 0.39917319800674195, -0.6586563782616132, 0.5201186855148252, -0.42856769033064346, 0.6908686933790333, -0.1565723422338056, -0.024175685923923884]], "inverted": false, "swapped": true, "error_lsq": 0.0416087519150726, "error_max": 0.2548578081331505, "target": "787.xyz", "model": "2.xyz", "model_rescale": 3.795458400668931, "target_rescale": 3.8485498041456605},
{"mapping": [5, 0, 2, 8, 6, 7, 3, 10, 1, 11, 4, 12], "R": [[0.28048494987526545, 0.46432915640654915, 0.8400753700735742], [0.6568563767228226, 0.5453282110008317, -0.5207272247973965], [-0.6999056316761824, 0.6978650133065959, -0.15204121135583404]], "T": [0.19415835419923058, -0.07723570450572882, 0.059779679687752836], "aligned_model": [[-0.2103956912462913, -0.18153045222592498, -0.7460045958726381, 0.33176150501471224, 0.3639966880955029, 0.035597389209939295, -0.3862336383651346, 0.6136665840634952, 0.30322750029661183, 0.6969057969323427, -0.34246443290325124, 0.11477717274420107], [0.020685210537570956, -0.5730389661014522, -0.1499822445987941, 0.1264971049174437, 0.381384436937297, 0.48699682330731986, -0.03215255905495985, -0.15398679464046217, -0.5710551911906704, 0.2806643016235646, 0.3359521529996315, -0.06619522944677943], [-0.7474473555443983, -0.0368938886012656, -0.11347042694106421, 0.808904931012756, -0.301407402730218, 0.4365545602674709, 0.47600695930872317, -0.5577455194637558, 0.49970371416490134, 0.3194118338390453, -0.10195241637686353, 0.007106441703769194]], "inverted": false, "swapped": true, "error_lsq": 0.05473604410951552, "error_max": 0.28313259844974503, "target": "787.xyz", "model": "3.xyz", "model_rescale": 3.7530521520055578, "target_rescale": 3.8485498041456605},
{"mapping": [6, 11, 9, 1, 10, 3, 5, 4, 2, 0, 12], "R": [[-0.4987412333506691, -0.2996812940335793, 0.8132947215875763], [-0.8667477838771221, 0.17497031983805755, -0.4670478201639163], [-0.0023369424364972913, -0.9378574034372857, -0.3470130105888269]], "T": [-0.022744585915123225, -0.015559411658178257, -0.1229895074266758], "aligned_model": [[-0.3794003308121258, -0.1426233938432186, 0.5016062836594554, 0.4801151598023549, 0.20695357403650289, -0.29178604425246774, -0.28895441537942784, -0.62014750198565, -0.33903945256215745, 0.2772596802905388, -0.06578395650859925], [-0.5043569811070063, -0.16912029176412557, -0.3482989955827633, 0.3897529697663779, -0.7242233138615375, 0.6285861528934003, -0.45952424916173035, 0.05717607171510966, 0.38372396278002047, 0.2297256672565593, -0.016237634619958297], [-0.18221127737971604, -0.7635395745893437, -0.5371768202091858, -0.3022682562279508, -0.032162829756654104, 0.03457219065215891, 0.6232648174894173, 0.2272458383821745, 0.6892569917718294, 0.37313689038746994, -0.03728719327488335]], "inverted": false, "swapped": true, "error_lsq": 0.05063212920886069, "error_max": 0.2460605756718712, "target": "787.xyz", "model": "4.xyz", "model_rescale": 3.7855080009869324, "target_rescale": 3.8485498041456605},
{"mapping": [14, 3, 15, 10, 8, 13, 6, 7, 5, 1, 11, 4, 16], "R": [[-0.5337766730461514, 0.20772022040574073, 0.8197162761263023], [-0.7479223312483299, 0.3363502688293193, -0.5722592795914349], [-0.3945816135248136, -0.9185427625826872, -0.024177335980614167]], "T": [-0.0501554804850823, -0.06164185370886218, -0.02374460282586488], "aligned_model": [[-0.34154753018859835, -0.7104970128368623, -0.2233908239177374, -0.37404363231321874, 0.2178928996321812, 0.45527846020844615, 0.567684371828197, 0.16739476574909615, -0.40447326410808593, 0.07703379896989698, 0.6202935576064952, 0.2605416709530332, -0.08626485827667418], [-0.6614440558568813, 0.14133644420515004, -0.5999190865102881, 0.14731397192631743, -0.2001146092870209, -0.5603048667254003, 0.1353620339390078, 0.5509564826976033, 0.6625759687790834, 0.09067426702859174, -0.2614597140970111, 0.5546420152726858, -0.10063056221971092], [0.09038422876738203, 0.04812664752136221, -0.6233821959763154, -0.6421281424780445, -0.6595788861440283, -0.16775630346049047, -0.09817882353175379, -0.39625586503331484, -0.09495343948680149, 0.7068213596611553, 0.35441824343526673, 0.24207912972396356, -0.01582338827597938]], "inverted": false, "swapped": false, "error_lsq": 0.040418506435141256, "error_max": 0.2632308692813843, "target": "787.xyz", "model": "5.xyz", "model_rescale": 4.2253639853439635, "target_rescale": 3.8485498041456605},
{"mapping": [2, 6, 10, 5, 8, 1, 9, 11, 11, 7, 0, 12, 13], "R": [[0.4751012718052818, 0.5809056521574718, -0.6609291980390233], [0.4860203580441628, 0.45290359408706354, 0.7474373191309386], [0.7335277725455445, -0.6763334663866066, -0.06715689949550543]], "T": [0.03843188313209218, -0.14841232854747968, -0.06519345185908595], "aligned_model": [[-0.5473202617680744, -0.4741691395116508, -0.1609052879045593, -0.41300680200535317, 0.320572094743311, 0.49403739609443775, 0.623813230792488, -0.1936944962513799, -0.1936944962513799, -0.012947084704603144, 0.5711115010579509, 0.20700117422842707, 0.005104574786555183], [-0.47161604556548054, 0.1392080324247946, -0.6063773269386649, -0.04176145050749985, -0.012769681913929187, -0.6986463934451986, 0.009238492306517826, 0.5660654183904179, 0.5660654183904179, 0.1735468565199211, -0.2535439876623111, 0.6943979476130986, -0.16481899045995674], [-0.11623651297257132, 0.19602042155095498, -0.6643972793508719, -0.49597178258773444, -0.7344190109980908, -0.23363297317969936, -0.13640668083195828, -0.2681532556086329, -0.2681532556086329, 0.6580587177482252, 0.5249441661798964, 0.2989480000060383, -0.01682798962452079]], "inverted": false, "swapped": false, "error_lsq": 0.04631622114672056, "error_max": 0.3421883847436133, "target": "787.xyz", "model": "6.xyz", "model_rescale": 3.89814844738969, "target_rescale": 3.8485498041456605},
{"mapping": [0, 7, 1, 6, 5, 2, 10, 9, 8, 11, 4, 11, 12], "R": [[0.3813606696654046, 0.9042171166987586, 0.19223799182611584], [-0.6071871100252729, 0.08820556586577401, 0.7896477642401425], [0.6970565637389201, -0.41786503086437166, 0.5826671115904918]], "T": [-0.09997658561876852, -0.07377840442713324, -0.04205752110828738], "aligned_model": [[-0.4358426004330408, -0.4820730961585581, -0.057890180533787, -0.463400475800947, 0.17143922741721726, 0.3892839018730272, 0.6232738691506335, 0.2664734239886526, -0.3884217416027378, 0.15030347988525186, 0.23670679869626662, 0.15030347988525186, 0.06574631693893906], [-0.5461990269312538, -0.14193700978392182, -0.6381009226583245, 0.09533124004172411, -0.05722320557627941, -0.5803904396202925, 0.0013031276564336725, 0.5716682144949905, 0.5380609459660978, 0.5381930949371811, -0.32195999492735544, 0.5381930949371811, -0.09795082938405418], [-0.16462653429639745, 0.48768896608638007, -0.6702019646545709, -0.5867600593989096, -0.7691310977495044, -0.11632908833089232, -0.14292974854460283, -0.5391077515833708, -0.030277299781569025, 0.42505182583320356, 0.4483973547439445, 0.42505182583320356, -0.023053863434512205]], "inverted": false, "swapped": false, "error_lsq": 0.0648492520686697, "error_max": 0.48848129671436263, "target": "787.xyz", "model": "7.xyz", "model_rescale": 3.7474275329858107, "target_rescale": 3.8485498041456605},
{"mapping": [1, 0, 2, 3, 8, 4, 9, 5, 6, 10, 11, 7, 14], "R": [[-0.40931770363994113, 0.05538817250912498, -0.9107091565549479], [0.8381183768706961, 0.4172975493699606, -0.35131231353520037], [0.3605781521924962, -0.907080429529777, -0.21722911988386923]], "T": [0.044929174673113345, -0.1414734075298512, 0.01884304274337667], "aligned_model": [[-0.5462168720072949, -0.5880602889611071, -0.2413432094675762, -0.34411159137479186, 0.31110603544068477, 0.39874023962440025, 0.7084671389021483, 0.1661608831992583, -0.34755633521945245, -0.11399545924327688, 0.50948687566265, 0.2673208897497541, 0.04590409700077254], [-0.6054497057268451, 0.020354596143865367, -0.6351355297456607, 0.16351438378519242, -0.1368084134985024, -0.6608197889312828, 0.21348717267028935, 0.44796136085528215, 0.5744664374680811, 0.2530261834905809, -0.015001151891165493, 0.47758815745616445, -0.19819541292387252], [0.010231059499578699, 0.104570948246795, -0.5999746420537166, -0.5005453153146786, -0.6091206763353076, -0.44733601329496636, -0.09973518721122354, -0.36960385284015534, 0.0008607940949567246, 0.6468369862711112, 0.4121252144659784, 0.19542825091878596, 3.4998275244422367e-05]], "inverted": true, "swapped": false, "error_lsq": 0.04980254905714861, "error_max": 0.2734488660765183, "target": "787.xyz", "model": "8.xyz", "model_rescale": 4.019505241142653, "target_rescale": 3.8485498041456605},
{"mapping": [0, 1, 7, 9, 8, 4, 5, 11, 10, 2, 3, 6, 12], "R": [[-0.9855099814626442, 0.12674272336916137, 0.11272248449385303], [-0.14591601074704685, -0.9723272674532357, -0.18245054884705442], [0.08647886588737397, -0.19625485227094874, 0.9767320199087064]], "T": [-0.014458264276490232, 0.0562155435792669, -0.06709011899818994], "aligned_model": [[-0.16548908964623782, -0.6731106765503941, -0.21693584862954918, -0.3558005353340928, 0.09716958769023885, 0.39697339920677166, 0.6530718648001285, 0.26038312784406203, -0.5521266528143695, 0.037497104101977555, 0.5386376709893121, 0.18334680574070666, 0.022285645907615358], [-0.5530218837592018, 0.057119528225935245, -0.7040639263282255, 0.20070252490827717, -0.12470402647363621, -0.6536467680425224, 0.11055568355573489, 0.40693634467274553, 0.7908772580846182, -0.00588782163006487, -0.3752541665902289, 0.6861490235226498, 0.06322651900604634], [0.10221884411134717, 0.08284815092674445, -0.5149315480190301, -0.6415020161992412, -0.7081394643868804, -0.1871490881153957, -0.02264470186382045, -0.5014939090951166, 0.02968088608559706, 0.518926923367467, 0.4292762611490409, 0.23642067667275257, -0.07973844991106294]], "inverted": true, "swapped": false, "error_lsq": 0.053056791632828955, "error_max": 0.2735583079392452, "target": "787.xyz", "model": "9.xyz", "model_rescale": 3.877068213659057, "target_rescale": 3.8485498041456605},
{"mapping": [4, 13, 7, 2, 8, 1, 11, 9, 14, 6, 12, 10, 15], "R": [[0.3485948833625812, 0.5211640473600563, -0.7790183842713299], [-0.01350232487432762, 0.8338598627380329, 0.5518110333596973], [0.93717623450257, -0.18183994350470378, 0.29771620787217756]], "T": [0.019754345035677766, -0.08044065086331639, 0.0015840550796799857], "aligned_model": [[-0.40951410835684854, -0.6744821846755849, -0.1385434802832531, -0.4616685965069225, 0.3790688343786956, 0.3146047870805152, 0.6864550652932876, 0.0053540384853679665, -0.3287463460769083, -0.03348367276717421, 0.5526535496823085, 0.22917293777788383, 0.10503157927480217], [-0.5914226994697559, 0.1648065984840222, -0.5266138524174117, 0.03869851558883697, -0.04635930606332464, -0.8356448915676519, 0.23028061411806253, 0.40278087526117723, 0.6166842648864914, 0.13344250165640542, -0.1566009441550017, 0.578206230925739, -0.10926961809546194], [-0.11118393979885643, 0.2372276916703984, -0.6633654483648103, -0.4393163512742504, -0.6803649866330335, -0.3076672696573155, -0.058563441626832746, -0.44778760820231356, -0.04408504578139005, 0.5775391624044577, 0.5196702092338348, 0.16139305852850375, 0.0002765342240096391]], "inverted": false, "swapped": false, "error_lsq": 0.03971849897933931, "error_max": 0.24710843530021706, "target": "787.xyz", "model": "10.xyz", "model_rescale": 4.260839863003843, "target_rescale": 3.8485498041456605},
{"mapping": [8, 3, 0, 1, 10, 9, 11, 7, 4, 5, 6, 12], "R": [[0.13967095041057304, 0.6571799878509879, -0.7406797480555164], [0.7201411449177233, 0.44598294155557877, 0.5315034781052936], [0.6796239820724387, -0.6076295577155619, -0.410971487554055]], "T": [-0.06819094726611738, -0.005484294413529505, -0.05693844985192788], "aligned_model": [[0.41854757392111663, 0.3278585151907073, -0.42395841496310027, -0.30294783808119646, -0.5413093954551378, -0.48797514431857913, 0.21416261123971617, 0.6258629718017851, 0.34970984798739635, -0.2561263578821247, 0.09691687670362018, -0.0618425970500734], [-0.0031851726822187346, -0.5961223738086493, -0.5183533857088874, -0.24955097366692688, 0.4886648659712858, 0.47742120576676544, 0.5109025194928415, 0.0037295024664669007, -0.2387714949755438, -0.08771569009455006, 0.44019670353171, -0.05413720075935935], [-0.6771889258326281, -0.13708822086437, 0.024936677080473812, -0.6353911950817337, 0.2515916096593369, -0.4413784334703836, -0.37612082319668594, -0.11746529571422552, 0.44881000492117273, 0.8278136322026372, 0.3221940557948477, 0.025464991897063083]], "inverted": false, "swapped": true, "error_lsq": 0.044684206944453665, "error_max": 0.2803005007486536, "target": "787.xyz", "model": "11.xyz", "model_rescale": 3.890672605050136, "target_rescale": 3.8485498041456605},
{"mapping": [8, 6, 3, 0, 4, 7, 12, 2, 11, 9, 5, 11, 13], "R": [[0.09922500476307647, 0.2738416458647869, 0.9566426456205224], [-0.1288939001405237, 0.9568245949069025, -0.2605245805827293], [-0.9866816918015315, -0.09745484888555825, 0.13023744274347857]], "T": [-0.08788983837244149, 0.055846403663426615, -0.06459862792936277], "aligned_model": [[-0.3821943080832888, -0.5556189806219547, -0.10946507586591571, -0.44626081488285285, 0.18280378535854716, 0.46105268791068765, 0.6502748942656338, 0.06533160041681771, -0.06337058881233848, 0.14132377683141373, 0.30007502832339117, -0.06337058881233848, 0.04532098727836717], [-0.5965969223318707, 0.11209067570715234, -0.6116193546680913, -0.12086875550587325, 0.09997025523127348, -0.5895874740668412, -0.016488659859279366, 0.6018979855991685, 0.5981797033956068, 0.22812744270009835, -0.38656844732527074, 0.5981797033956068, -0.017727863119552482], [0.01842926684428582, 0.26725130094566857, -0.7026324252975487, -0.4993819480578596, -0.7094513953261896, -0.15968481300567725, 0.006201180118384109, -0.49345174290873567, 0.025042670018998944, 0.6590040104123068, 0.44405109798169395, 0.025042670018998944, -0.13664730702192443]], "inverted": false, "swapped": false, "error_lsq": 0.052008879262505525, "error_max": 0.3315445238873866, "target": "787.xyz", "model": "12.xyz", "model_rescale": 4.124412569039231, "target_rescale": 3.8485498041456605},
{"mapping": [9, 7, 11, 10, 2, 8, 1, 4, 5, 3, 6, 0, 12], "R": [[0.30226736455406067, -0.6368451779651342, -0.709269102406202], [-0.13071626480278398, 0.7093525117538967, -0.6926270801697308], [0.9442180354354345, 0.3020715699482406, 0.13116809134638702]], "T": [-0.014206803567319105, 0.05458134731131211, 0.03350012608691197], "aligned_model": [[-0.26576671132876134, -0.6396316773056713, -0.14924168757943593, -0.414730814683585, 0.32308449419514956, 0.27511132368090785, 0.789168984428682, 0.15923432709313967, -0.45060735403679125, 0.05586000634566834, 0.4112830169543184, 0.1720743815234264, -0.039935885980878355], [-0.47794190694584754, 0.04900018944157771, -0.6290183745340017, -0.04421098624100208, -0.09570926284142145, -0.5546101049807238, 0.04416042110556736, 0.5863821928584209, 0.6688878168698911, 0.09007604756532592, -0.3461111591515414, 0.563441876518646, 0.04464153948723652], [0.28205166698499506, 0.07697716028019012, -0.6771403327453577, -0.5784069450016126, -0.7449873989271691, -0.21160580325454917, -0.09819287474286537, -0.5191139260508606, -0.043493380656378186, 0.7424318182607221, 0.35910224936171564, 0.24117216390145507, -0.08502183268788296]], "inverted": true, "swapped": false, "error_lsq": 0.04905687607988414, "error_max": 0.34086928200520933, "target": "787.xyz", "model": "13.xyz", "model_rescale": 3.9028299243045295, "target_rescale": 3.8485498041456605},
{"mapping": [9, 1, 7, 3, 4, 10, 5, 0, 2, 12, 13, 8, 15], "R": [[0.7606162330481053, -0.4452305851481994, 0.47247504915318245], [0.3324291218414814, -0.3580157528567613, -0.872534010602514], [0.5576323385308745, 0.8207279980328429, -0.12430498087200645]], "T": [-0.05789203464180937, -0.010983953340125224, -0.04194548503923912], "aligned_model": [[-0.4496004250471979, -0.6107932194876363, -0.16786749815136875, -0.2895000525076811, 0.34293434050548016, 0.36597285228607546, 0.4397149198987944, 0.12876925519509952, -0.3887007281558369, 0.11090517687163762, 0.5496410049496315, 0.2992014207902304, -0.10477464384105893], [-0.6797961568354804, 0.06409345184726215, -0.7084074209351817, 0.11326828861666494, -0.0402086203315806, -0.5960686796482889, 0.09300388483633466, 0.6008167559853663, 0.646095596716352, 0.12331260191297258, -0.25635965203200417, 0.6498008572767264, -0.11056261825701655], [-0.05195696871397961, 0.291014600810725, -0.6095138598723645, -0.6072848093986049, -0.587699467808244, -0.22461190975786902, 0.01868191767079374, -0.5692725791563302, -0.010931895293710386, 0.6196527507453814, 0.4089932293017351, 0.13792907598393903, -0.07122751978906972]], "inverted": false, "swapped": false, "error_lsq": 0.04026995617553167, "error_max": 0.18862325308640174, "target": "787.xyz", "model": "14.xyz", "model_rescale": 3.942246331269136, "target_rescale": 3.8485498041456605},
{"mapping": [0, 12, 7, 8, 6, 9, 10, 11, 13, 3, 5, 4, 14], "R": [[0.9216630091216894, 0.35653476947984003, -0.15303677913727243], [0.30199468185773987, -0.4115828721397776, 0.8598829870923219], [0.24359086548225783, -0.8387386348041499, -0.48701231271958184]], "T": [0.04346625286534722, -0.018038876133538582, -0.03517224856661269], "aligned_model": [[-0.4807763301190823, -0.5940270666943694, -0.015863652893933856, -0.45469853363988944, 0.1690511835155529, 0.6389849194914409, 0.7091842422253849, 0.0682521103010696, -0.3434618298032968, 0.07405983764220639, 0.19323677434712827, 0.29144249032522135, -0.02948174139126336], [-0.528321491255547, 0.2617826147504105, -0.6812406716219107, -0.06263054027930856, -0.09092196914473857, -0.4970708187619527, 0.21196442745947125, 0.4855701963055493, 0.696303527207099, 0.14227435632839225, -0.44074787669922844, 0.47982905909198525, -0.07780252422809468], [-0.1093264781042157, 0.39305486281117674, -0.5714770582342433, -0.6256672572353518, -0.5752702667865695, -0.2882497500832216, -0.14883207005992907, -0.5449512085921984, -0.004652809888857273, 0.6647646275649102, 0.4138995162159722, 0.1500284038407762, -0.009547946725846627]], "inverted": false, "swapped": false, "error_lsq": 0.050191689992569066, "error_max": 0.3542506527359081, "target": "787.xyz", "model": "15.xyz", "model_rescale": 4.355366556412066, "target_rescale": 3.8485498041456605},
{"mapping": [11, 9, 8, 4, 7, 6, 3, 5, 1, 10, 0, 12], "R": [[-0.5677278493112055, -0.2795403168913117, 0.7743011690219629], [-0.16609168794899992, -0.8823415406500353, -0.44032596657200934], [0.8062869466329746, -0.37859030214154626, 0.4545005421489038]], "T": [0.031967996845224854, 0.02383120331964687, -0.038105159240681065], "aligned_model": [[-0.09670104470464588, 0.529590390146533, -0.04413739520381144, -0.5593280191142118, -0.5174072003281076, -0.3630394312484752, -0.18447583896914413, -0.27342659602608727, 0.567123633079633, 0.2026490264397756, 0.34838921838285924, -0.011428187822536809], [-0.6330327555301861, -0.453014539182153, -0.48743842603735027, 0.3879920983842321, -0.21181819119114517, -0.12580292493084264, 0.30702857944951156, 0.6718962073819622, -0.07831759497092648, -0.02794103519815218, 0.5550108992815233, 0.1082141102845071], [-0.022930234462112974, 0.2486014621458932, -0.6334551926838453, -0.08910865070172921, -0.3960374032393991, 0.39917319800674195, -0.6586563782616132, 0.5201186855148252, -0.42856769033064346, 0.6908686933790333, -0.1565723422338056, -0.024175685923923884]], "inverted": false, "swapped": true, "error_lsq": 0.0416087519150726, "error_max": 0.2548578081331505, "target": "787.xyz", "model": "16.xyz", "model_rescale": 3.795458400668931, "target_rescale": 3.8485498041456605},
{"mapping": [0, 7, 1, 6, 5, 2, 10, 9, 8, 11, 4, 11, 12], "R": [[0.3813606696654046, 0.9042171166987586, 0.19223799182611584], [-0.6071871100252729, 0.08820556586577401, 0.7896477642401425], [0.6970565637389201, -0.41786503086437166, 0.5826671115904918]], "T": [-0.09997658561876852, -0.07377840442713324, -0.04205752110828738], "aligned_model": [[-0.4358426004330408, -0.4820730961585581, -0.057890180533787, -0.463400475800947, 0.17143922741721726, 0.3892839018730272, 0.6232738691506335, 0.2664734239886526, -0.3884217416027378, 0.15030347988525186, 0.23670679869626662, 0.15030347988525186, 0.06574631693893906], [-0.5461990269312538, -0.14193700978392182, -0.6381009226583245, 0.09533124004172411, -0.05722320557627941, -0.5803904396202925, 0.0013031276564336725, 0.5716682144949905, 0.5380609459660978, 0.5381930949371811, -0.32195999492735544, 0.5381930949371811, -0.09795082938405418], [-0.16462653429639745, 0.48768896608638007, -0.6702019646545709, -0.5867600593989096, -0.7691310977495044, -0.11632908833089232, -0.14292974854460283, -0.5391077515833708, -0.030277299781569025, 0.42505182583320356, 0.4483973547439445, 0.42505182583320356, -0.023053863434512205]], "inverted": false, "swapped": false, "error_lsq": 0.0648492520686697, "error_max": 0.48848129671436263, "target": "787.xyz", "model": "17.xyz", "model_rescale": 3.7474275329858107, "target_rescale": 3.8485498041456605},
{"mapping": [8, 10, 4, 5, 6, 0, 2, 9, 12, 11, 1, 7, 13], "R": [[-0.8490271325529489, -0.3609203701999938, 0.385861911263106], [0.04158611382478386, -0.7737000906641873, -0.6321857043964068], [0.5267100941940166, -0.5206963184822111, 0.6719016450293915]], "T": [0.005635143137775965, -0.014858831019046514, 0.0030597086469543455], "aligned_model": [[-0.36246995411994437, -0.6434730775419754, -0.16283493016452205, -0.607861096852635, 0.3712831476817887, 0.44237714817018453, 0.6952353499999722, 0.06622992595533728, -0.3387012146652487, -0.11430575802764352, 0.4663379261578855, 0.3210330559590733, 0.09305188075389709], [-0.6285984607128606, -0.024649887897213434, -0.39797024077695686, 0.08119541781922766, -0.04883489148299451, -0.699698336798597, -0.019491246364996963, 0.35980236206740557, 0.641063715291917, 0.2548765992055144, -0.19400396733407915, 0.6314909094195377, -0.0561936832837763], [-0.06532709954647084, 0.2375848107461381, -0.7139265563089587, -0.36790643733949113, -0.675280895731601, -0.19541866081622397, -0.1650557850868522, -0.5480132706819218, -0.09909218438195214, 0.6622968736454492, 0.4869795188034214, 0.22705848466870315, -0.04012623324783747]], "inverted": true, "swapped": false, "error_lsq": 0.04275557711873413, "error_max": 0.2783946485134413, "target": "787.xyz", "model": "18.xyz", "model_rescale": 3.922800546911778, "target_rescale": 3.8485498041456605},
{"mapping": [12, 13, 5, 8, 1, 0, 2, 6, 4, 11, 9, 10, 14], "R": [[-0.43745855523875654, -0.26169368682387284, 0.8603176312995966], [-0.43142543873421857, 0.9004983032483435, 0.054542613247271846], [-0.7889880247896077, -0.34730277874411436, -0.5068320003859366]], "T": [-0.030810348418838403, -0.06395141978368771, -0.1079724292368969], "aligned_model": [[-0.49214047838917213, -0.6288401222581997, -0.1756498797702968, -0.47237654657761835, 0.38296440176969343, 0.4554913543851744, 0.6755214118971579, 0.021425966350607888, -0.2699520235929302, -0.137509266011134, 0.5244948036225362, 0.3710804539769296, -0.028607672096579315], [-0.6877915654420378, 0.054476929569002144, -0.61342847400609, 0.05874712706194708, 0.034248299497500065, -0.6896551237826969, -0.019009929335966257, 0.5201872227897144, 0.6040757813871259, 0.2559950643611053, -0.08671816047184104, 0.5730150527673905, -0.10515393524302662], [0.02091522887293451, 0.208490621515359, -0.6175116301102703, -0.5133796482984098, -0.713885207758162, -0.37339316001864253, 0.002502317167108997, -0.47104430309236656, 0.03491933673645628, 0.519317934977972, 0.486889781320916, 0.18074567386512222, -0.020794380455615824]], "inverted": true, "swapped": false, "error_lsq": 0.045833226877008526, "error_max": 0.2770637953825059, "target": "787.xyz", "model": "19.xyz", "model_rescale": 3.9282355846067225, "target_rescale": 3.8485498041456605},
{"mapping": [7, 6, 2, 5, 1, 10, 11, 3, 6, 8, 9, 4, 13], "R": [[0.5998444096190962, 0.3658924131211849, -0.7115542328375779], [0.8000103025964396, -0.2887721162490202, 0.5259222191699222], [-0.01304607175632394, -0.8847222201897149, -0.4659360397246711]], "T": [0.02851786119621969, -0.04811128362006883, -0.019107234581376614], "aligned_model": [[-0.4090305963676454, -0.5275148074992922, -0.1319345121133257, -0.4630578941804974, 0.165127162543768, 0.5491505677264309, 0.7322592235829434, 0.007056838401971969, -0.5275148074992922, 0.06676501961381112, 0.32857585185166843, 0.3268387295239205, 0.10918162772170831], [-0.48416309339376473, 0.2869250349366629, -0.5576329142114195, 0.07292556091500055, 0.0014564394053607002, -0.668467236839362, 0.005065708817966259, 0.5517225642644542, 0.2869250349366629, 0.2866537005958164, -0.30951551468166216, 0.49562693515949746, -0.06853393075308586], [0.06156458736525933, 0.054529649168299416, -0.6462905843434242, -0.5001410288613579, -0.754213849927764, -0.3129344375219386, 0.10451911239724165, -0.4730828380825214, 0.054529649168299416, 0.6628686736031452, 0.5466293255459466, 0.1022239398893394, -0.156429633678123]], "inverted": true, "swapped": false, "error_lsq": 0.05716142249407042, "error_max": 0.47423698648209495, "target": "787.xyz", "model": "20.xyz", "model_rescale": 4.067790424073018, "target_rescale": 3.8485498041456605},
{"mapping": [2, 0, 4, 8, 5, 6, 13, 1, 7, 12, 11, 9, 14], "R": [[0.11850620158936909, -0.030398674140712456, -0.9924878844577132], [-0.5893964406710995, -0.8065518539543562, -0.04567212067585824], [-0.7991045713228646, 0.5903812560483928, -0.11349826693665077]], "T": [0.04814649660017016, -0.06686892755306936, -0.05583339152493812], "aligned_model": [[-0.4239503515258506, -0.6315862654191688, -0.21380703999008283, -0.27770918279014184, 0.2213387416787787, 0.28034265292505983, 0.7158738480887585, 0.18391011176260813, -0.40726467667286065, 0.08100611911243827, 0.5076352222708691, 0.09502135266475938, 0.09509187120100202], [-0.6394565539576474, -0.04937533548076748, -0.5409766579998461, 0.10492882722247784, -0.059516399968097516, -0.7666729053513056, 0.06793910310290327, 0.6565650585205995, 0.5174898395333537, 0.1797331529264677, -0.211411637672146, 0.6549212826001153, -0.015179484323980558], [-0.0011533438221395173, 0.1493869193483468, -0.6466588304954892, -0.4911166376856566, -0.620117457789997, -0.11841326321771746, -0.21735888184114616, -0.4184855800891419, -0.14409126253995436, 0.668819301845619, 0.37545510810390403, 0.22854582688744168, -0.021039333981667498]], "inverted": true, "swapped": false, "error_lsq": 0.046265931462279156, "error_max": 0.2874216098222771, "target": "787.xyz", "model": "21.xyz", "model_rescale": 4.186013935880536, "target_rescale": 3.8485498041456605},
{"mapping": [11, 8, 3, 5, 6, 4, 7, 0, 2, 9, 10, 1, 12], "R": [[0.899783643377775, 0.4307556079727136, -0.06956293057278952], [0.15350148010737666, -0.1632579242235372, 0.9745686973133636], [0.4084442320741738, -0.8875789859940804, -0.21301843325651143]], "T": [0.004941357072741584, 0.0066751405830979505, -0.06363496084539713], "aligned_model": [[-0.34308516629845454, -0.6197061988955782, -0.1615263579643016, -0.5340824312373674, 0.30368036397537596, 0.38462184726071713, 0.7329800569446668, 0.13726482008793228, -0.5303352368519676, 0.006369000671240395, 0.5174369894847467, 0.32924083834349516, 0.003043877785664182], [-0.5039343824525638, 0.06726702613394314, -0.5224602899278543, 0.10625240461560151, -0.09783849879454767, -0.6084738353991666, 0.06419528864129805, 0.5404672403538283, 0.5171154306620146, 0.0847243112628879, -0.3662750786546387, 0.6496154027718712, -0.03166673006054686], [0.06721393187942357, 0.3766060923650162, -0.8016341822304356, -0.609598787704353, -0.5215484395245706, -0.13470261514083381, 0.006897470964464275, -0.5319777160625494, -0.11490757659205833, 0.5522847165706477, 0.4790949843087362, 0.0651318890675266, -0.0890872031786123]], "inverted": true, "swapped": false, "error_lsq": 0.04177641392335166, "error_max": 0.2541477267496562, "target": "787.xyz", "model": "22.xyz", "model_rescale": 4.166573947596378, "target_rescale": 3.8485498041456605},
{"mapping": [10, 12, 7, 5, 0, 8, 4, 1, 6, 11, 3, 2, 15], "R": [[-0.2318563214827311, -0.8456706076025378, -0.4807118363694108], [0.30024898838565617, 0.40783307250614714, -0.8622776408695672], [0.9252530416928588, -0.34425776448375195, 0.15935306846986994]], "T": [-0.06101347620626912, -0.0978591214957199, 0.035943486620709036], "aligned_model": [[-0.4627139213720675, -0.5035130131855162, -0.15071139803811381, -0.45030895276428223, 0.3165822848304766, 0.5112826874959284, 0.6364577298032916, 0.08161806802692512, -0.34719799832166043, -0.011658556062034288, 0.42573282511542565, 0.2437959273906376, -0.06346327961284154], [-0.6736919328858162, 0.16377987132951466, -0.43529268654087233, 0.07194389134753662, -0.07967300428261304, -0.6509670081476235, 0.002736518071103977, 0.40796853784505155, 0.5992697705905663, 0.08350638072409225, -0.03272641090737133, 0.49747621482151666, -0.05534185281295823], [-0.22481417632374964, 0.44229376954883226, -0.5881418598265402, -0.6786738585103536, -0.6878289010992197, -0.10768069990927029, -0.17206600223089197, -0.4456099190391746, -0.06996854804483973, 0.8019486914910908, 0.38273221218301556, 0.10994554064647687, -0.018363684162973695]], "inverted": false, "swapped": false, "error_lsq": 0.047266330827827635, "error_max": 0.2762655801478772, "target": "787.xyz", "model": "23.xyz", "model_rescale": 4.274766983524099, "target_rescale": 3.8485498041456605},
{"mapping": [1, 3, 2, 0, 4, 5, 10, 6, 11, 7, 12], "R": [[0.25107862765253697, -0.8856869277847699, -0.39053577132869066], [0.21485599109880882, -0.3424016394870476, 0.9146573240102169], [-0.94382012365973, -0.3135598558931906, 0.10432540892406922]], "T": [0.1010874087347167, -0.03187977181717122, -0.002782094795262764], "aligned_model": [[0.4405003660440683, 0.023726512912479458, -0.6633800386227456, -0.2780854179000434, -0.32925124572776265, -0.7511520400071771, -0.08064226760671259, 0.0020276549625525137, 0.6691162541057578, 0.33646519666006625, 0.010569729137591508], [-0.13017915994755624, 0.6002445115535924, 0.46819847214330373, -0.09012776130872724, 0.45764948955059565, -0.13639856602893266, -0.6791585430387226, -0.09711858514960678, -0.044579930409397506, 0.5678486088521271, -0.0007920049731920294], [-0.5723635155548893, -0.3292276270174425, -0.2938582069694172, -0.5019252321314829, 0.24219797962939582, 0.2932444434805753, 0.3307141921564619, 0.593510337423244, 0.3513904589542436, 0.2625147240089763, 0.00336888004191229]], "inverted": true, "swapped": true, "error_lsq": 0.058642145174245756, "error_max": 0.2897573746346584, "target": "787.xyz", "model": "24.xyz", "model_rescale": 3.7841303162186577, "target_rescale": 3.8485498041456605},
{"mapping": [13, 3, 14, 12, 9, 10, 8, 2, 5, 6, 7, 1, 15], "R": [[0.10749664630715705, -0.17330688075683592, 0.9789837568187995], [0.33717434487787973, 0.932688001565392, 0.1280880669388367], [-0.9352849470556482, 0.3163191692235726, 0.15869546620121905]], "T": [0.14052592561283184, -0.04019640419005851, -0.01676060487394987], "aligned_model": [[-0.521478575839654, -0.5851292533008043, -0.08257997056649952, -0.4195697370876098, 0.1781218956461818, 0.507424992311896, 0.5540002299111335, 0.05914695849849416, -0.5130588673366229, -0.0894563548891924, 0.45667259958947404, 0.5760539606107853, 0.10575452575858683], [-0.45081524770603854, 0.11587989489200687, -0.5309046299986978, -0.004262875196051681, -0.09011488091359648, -0.7040456074068402, 0.34266842779083856, 0.5464575392706327, 0.49879462741428454, 0.09004572170869762, -0.3890190225014325, 0.5037512696282018, -0.02944692782987779], [-0.0884697582456461, 0.2963953272330687, -0.5987641774783767, -0.5268326944322062, -0.5983406915730878, -0.18980515266728087, -0.19539795750810063, -0.4836734899613561, -0.24403649827003315, 0.6556764490868576, 0.4317699086791009, 0.24299438099105464, 0.04225691886840741]], "inverted": true, "swapped": false, "error_lsq": 0.05374450546008287, "error_max": 0.39884845681373854, "target": "787.xyz", "model": "25.xyz", "model_rescale": 4.19342608120988, "target_rescale": 3.8485498041456605},
{"mapping": [11, 9, 8, 4, 7, 6, 3, 5, 1, 10, 0, 12], "R": [[-0.5677278493112055, -0.2795403168913117, 0.7743011690219629], [-0.16609168794899992, -0.8823415406500353, -0.44032596657200934], [0.8062869466329746, -0.37859030214154626, 0.4545005421489038]], "T": [0.031967996845224854, 0.02383120331964687, -0.038105159240681065], "aligned_model": [[-0.09670104470464588, 0.529590390146533, -0.04413739520381144, -0.5593280191142118, -0.5174072003281076, -0.3630394312484752, -0.18447583896914413, -0.27342659602608727, 0.567123633079633, 0.2026490264397756, 0.34838921838285924, -0.011428187822536809], [-0.6330327555301861, -0.453014539182153, -0.48743842603735027, 0.3879920983842321, -0.21181819119114517, -0.12580292493084264, 0.30702857944951156, 0.6718962073819622, -0.07831759497092648, -0.02794103519815218, 0.5550108992815233, 0.1082141102845071], [-0.022930234462112974, 0.2486014621458932, -0.6334551926838453, -0.08910865070172921, -0.3960374032393991, 0.39917319800674195, -0.6586563782616132, 0.5201186855148252, -0.42856769033064346, 0.6908686933790333, -0.1565723422338056, -0.024175685923923884]], "inverted": false, "swapped": true, "error_lsq": 0.0416087519150726, "error_max": 0.2548578081331505, "target": "787.xyz", "model": "26.xyz", "model_rescale": 3.795458400668931, "target_rescale": 3.8485498041456605},
{"mapping": [9, 1, 11, 8, 10, 4, 7, 5, 6, 0, 3, 6, 12], "R": [[0.7541581944600064, -0.02602193021634179, 0.6561770164190752], [0.44258826168287274, 0.7583234501127445, -0.47860335940070164], [-0.4851402357559682, 0.6513588904412989, 0.5834128448137939]], "T": [-0.09586389110406543, -0.15872665383015314, -0.06212490967142356], "aligned_model": [[-0.22606337864724982, -0.5720796342114046, -0.19850088359065537, -0.5119875862575108, 0.4768135050378608, 0.34862518573108703, 0.6287238795038063, 0.16879041308928203, -0.26404524587999434, 0.14907075916533727, 0.45944312437644785, -0.26404524587999434, 0.031157510869156857], [-0.5214179395913128, 0.09182723090254855, -0.5146424506515156, 0.21957759651284273, -0.1928957546902228, -0.8030114337304116, 0.20185488936086896, 0.4363091906568579, 0.6492068411562013, 0.1233994443021196, -0.3870022710587332, 0.6492068411562013, -0.05342389517331711], [0.12728843408190682, 0.1844404719483526, -0.6739779844203021, -0.5252433336306078, -0.4846879239116072, -0.35570584501923275, 0.00971945005786401, -0.4399488249121072, -0.05006426040474851, 0.6806301468195967, 0.36752718212482616, -0.05006426040474851, -0.04614068760679026]], "inverted": true, "swapped": false, "error_lsq": 0.06009157932144076, "error_max": 0.5220204978854345, "target": "787.xyz", "model": "27.xyz", "model_rescale": 3.6321398670334006, "target_rescale": 3.8485498041456605},
{"mapping": [8, 3, 10, 0, 11, 9, 13, 2, 5, 4, 6, 1, 14], "R": [[-0.4304356255369561, 0.38606127806284996, 0.8158932907243986], [0.522584185084841, 0.8435992949044677, -0.12347469026443283], [-0.7359558015042901, 0.373225024907446, -0.5648647085940262]], "T": [-0.05346921208393201, -0.15317806440476076, -0.02483710730411473], "aligned_model": [[-0.4001827875843025, -0.6451138250057904, -0.18887029474220068, -0.42649709290040855, 0.2493378690882495, 0.41408230030409005, 0.7313590526140272, 0.16223025660435664, -0.3779351251494919, 0.1262084643507011, 0.5588246507547145, 0.0314761840969443, -0.009017249124720177], [-0.5343757736309743, 0.14898253776225975, -0.5688839589577505, 0.028784239190268956, -0.028535707066991767, -0.5764299346628474, 0.050436832048749575, 0.5291612349962593, 0.6274838069665643, 0.1686853708057158, -0.31123568333046936, 0.47206651104983066, -0.10715118601848835], [0.013990960366052935, 0.1489895375489131, -0.6678975936080653, -0.49083240172649956, -0.5773748804635438, -0.24580226022858376, -0.12003637614304072, -0.37316236253682145, -0.264124038444024, 0.717178468020685, 0.4268502312060881, 0.19679478723858448, -0.02080150650734267]], "inverted": true, "swapped": false, "error_lsq": 0.036676665259987425, "error_max": 0.21333062147578977, "target": "787.xyz", "model": "28.xyz", "model_rescale": 4.156811204709835, "target_rescale": 3.8485498041456605},
