[{"mapping": [9, 10, 1, 0, 3, 2, 6, 7, 4, 11, 5, 13], "R": [[-0.4314363170402793, 0.39920409123017714, 0.8090109998534064], [0.2539699621241736, 0.9142420841527734, -0.3156907820995717], [-0.8656569543863005, 0.06926402463820484, -0.49582308559964483]], "T": [-0.20333372871266187, 0.007461605540512916, -0.007049652560180765], "aligned_model": [[0.21423122552690604, 0.044820610811418665, -0.7444884007691487, -0.31181962579513756, -0.2997519595608374, 0.13171577736048495, 0.09046402431013056, 0.5068379502787081, 0.6774870879525741, -0.11042709469520265, -0.5994240409388915, -0.06934590027410453], [-0.20715261990829403, 0.5607239507787676, -0.16963078176493046, -0.6843569024088646, -0.2781809146390814, -0.6462195976872486, 0.035583625280615726, 0.17840551815538727, -0.10134463292232782, 0.6880694533637538, 0.4910533327929678, 0.07835414302954935], [-0.5694760166205285, -0.8118782838590797, -0.1010391237410891, -0.33113358732636783, 0.4199306528677047, 0.22032879504765665, 0.6982434188024612, -0.20154604731845327, 0.3475206761643682, -0.1303507299287216, 0.4191577691667442, -0.0667268861931544]], "inverted": false, "swapped": false, "error_lsq": 0.052362378638740624, "error_max": 0.3479323110055672, "target": "788.xyz", "model": "0.xyz", "model_rescale": 3.8414455957264533, "target_rescale": 3.7282020668798306},
{"mapping": [12, 8, 13, 11, 0, 1, 4, 10, 3, 6, 7, 14], "R": [[0.2598901909392447, -0.42048625638168313, -0.8692803902353261], [0.7126666362672507, -0.5239167640972004, 0.46649489798864985], [-0.651585262421646, -0.7407445797925465, 0.16350569807465018]], "T": [-0.06498704074190376, 0.15340806352725872, 0.05714923617065561], "aligned_model": [[0.057822279629985124, -0.22092517772482165, -0.6905054725170012, -0.1629562003364186, -0.4741195492179974, 0.29299508698382304, 0.01662794594387383, 0.4825909052926417, 0.5458796555536751, 0.23013982679406264, -0.5432743934833919, -0.0039752527115308744], [-0.19878752851915316, 0.3493362717047039, -0.0738484394142139, -0.6209736112372173, -0.30160536319637316, -0.6094031246536176, 0.09073774522713399, 0.19214844362230024, -0.14606591159559695, 0.8584648688475449, 0.3174663783357643, 0.08783484494901883], [-0.6085576660317664, -0.6922490772616897, -0.30606994561875, -0.28490407500654036, 0.4458531614356883, 0.25327618124394957, 0.5912172655457832, -0.3515546619965507, 0.44513647774065396, -0.10354366072775371, 0.4537360232486599, 0.050690614489856546]], "inverted": false, "swapped": false, "error_lsq": 0.04593528800389443, "error_max": 0.24044100469788973, "target": "788.xyz", "model": "1.xyz", "model_rescale": 4.316132596720782, "target_rescale": 3.7282020668798306},
{"mapping": [6, 4, 2, 8, 1, 10, 9, 3, 7, 5, 0, 11], "R": [[-0.34464508126319937, 0.8969464945776972, 0.27695984154000325], [-0.830381595581095, -0.42889739986126174, 0.3556872588559279], [0.4378197958992689, -0.10739649089718918, 0.8926252405470576]], "T": [-0.038936677660662895, -0.015608022929624692, 0.04684132963607213], "aligned_model": [[0.17798171620107608, -0.18923353438641233, -0.7905742339112363, -0.35789861519555055, -0.43398016482740953, 0.23607512394550567, 0.03720995995638995, 0.49666702882632274, 0.7838236128764952, 0.12633678991520303, -0.5270136612149529, -0.02909436797853095], [-0.2957180362591416, 0.40030127259919135, -0.10002222213788876, -0.680055961269196, -0.22674379482255463, -0.5818084563966105, 0.055931120164113377, 0.22871432388630494, 0.06858233354519448, 0.5808527861812163, 0.49139258264808294, 0.00387862593158211], [-0.6951699599252736, -0.5846331701561416, -0.31182373522346396, -0.16246307894906767, 0.3533696194873033, 0.0788003144199505, 0.7810315950421474, -0.24376539651263696, 0.38807234811418556, 0.2276148510026937, 0.13982144931134505, -0.07782419954950204]], "inverted": false, "swapped": false, "error_lsq": 0.04597643519146979, "error_max": 0.312363544559523, "target": "788.xyz", "model": "2.xyz", "model_rescale": 3.795458400668931, "target_rescale": 3.7282020668798306},
{"mapping": [8, 7, 9, 3, 5, 6, 10, 1, 2, 0, 4, 11], "R": [[0.7350563849187611, 0.6732235308959292, 0.08038773810837091], [-0.11436879740861358, 0.006251761997978084, 0.9934186900049888], [0.6682902731369578, -0.7394125999196515, 0.08159116318935429]], "T": [0.006626828034224229, 0.046851979084864596, 0.023525730187338258], "aligned_model": [[0.10123152507532251, -0.29389103072966555, -0.7074231638946261, -0.24135722477521207, -0.5049592432785199, 0.2785228447969251, -0.042895397053856456, 0.539564029724065, 0.6241884047813621, 0.21361639523278583, -0.41543983766208525, -0.02085764800959518], [-0.3937929433897147, 0.44292420506836006, -0.24918159176513344, -0.6931851958248374, -0.3051231279955961, -0.46860635739461043, 0.13898932481035464, 0.17030756012462417, -0.11675401748869607, 0.7993543672791301, 0.44126948205408084, 0.1791028685923327], [-0.6147884092663239, -0.5562312059371186, -0.37277135125975125, -0.14356381119644449, 0.3524905173359239, -0.0640616892477221, 0.7502092886535732, -0.28793133029578627, 0.4472899195966596, 0.07923406895829721, 0.30146330660176346, 0.0016913331184699246]], "inverted": true, "swapped": false, "error_lsq": 0.04060696896285198, "error_max": 0.21697901616531257, "target": "788.xyz", "model": "3.xyz", "model_rescale": 3.7530521520055578, "target_rescale": 3.7282020668798306},
{"mapping": [6, 7, 9, 1, 10, 0, 4, 5, 3, 2, 11], "R": [[-0.6141770765948582, 0.6950294652828957, -0.3737921360515304], [0.12982582347005872, -0.37821459692780635, -0.9165691322704788], [-0.7784161959682718, -0.6114636220244907, 0.14205796280031624]], "T": [-0.14822209695359492, -0.08194466687293853, -0.06556992720342976], "aligned_model": [[-0.40802967924597366, -0.2797193426781146, 0.3169125622358443, 0.5775492533351443, 0.3828253781974599, -0.2345392120720736, -0.2443567026803413, -0.6961005756198805, -0.33644309865156063, 0.3396846456508871, -0.07958362602618624], [-0.705559515487816, 0.1036645113245094, -0.28881292489687915, 0.31874203989194805, -0.6305226684137905, 0.5548438414020688, -0.37797009560612616, 0.06218955585800082, 0.4090026256184882, 0.17491269048968908, -0.15328670186574644], [-0.09879896282325584, -0.6409745317423258, -0.55960900228587, -0.24461664704072644, 0.04587848073061761, -0.06129096980901037, 0.5541449666458206, 0.030476956524015067, 0.5675130921411006, 0.5057938977779095, -0.0056865028729588055]], "inverted": false, "swapped": true, "error_lsq": 0.043484117431080126, "error_max": 0.2982589896330612, "target": "788.xyz", "model": "4.xyz", "model_rescale": 3.7855080009869324, "target_rescale": 3.7282020668798306},
{"mapping": [7, 5, 4, 6, 12, 8, 14, 10, 15, 3, 2, 16], "R": [[-0.6813117882179024, -0.728567607119931, 0.07073534541417204], [-0.2731926121196953, 0.3427388418023979, 0.898830285984606], [-0.6791023810284733, 0.5930592956656939, -0.43255130089501426]], "T": [-0.12404193074053077, -0.05753941363934425, 0.053834671606200604], "aligned_model": [[0.028706137187747727, -0.12383974507510156, -0.5949991437919804, -0.26549195182653906, -0.49058856580114024, 0.42988314750723816, -0.017761697059549025, 0.4957151033835963, 0.6048457242790641, -0.05831351332646828, -0.36489262093380026, -0.11296322033616726], [-0.23094563509292268, 0.40516710113066673, -0.17304948314060328, -0.6254965312668976, -0.23874066146747244, -0.4856235539575673, 0.12968328168614127, 0.1506235758733422, -0.13431009683076034, 0.628268917574399, 0.5486071248827292, -0.02887946532076021], [-0.6588839137985011, -0.6102480679147492, -0.5046073676279295, -0.23511804448750862, 0.5977785429030711, -0.01842078119724648, 0.6952000688772457, -0.26793180042761977, 0.4308587494158479, -0.03427499518072906, 0.40076839214922577, 0.09790985435043317]], "inverted": true, "swapped": false, "error_lsq": 0.044747202093351736, "error_max": 0.22552672457755307, "target": "788.xyz", "model": "5.xyz", "model_rescale": 4.2253639853439635, "target_rescale": 3.7282020668798306},
{"mapping": [11, 12, 9, 8, 1, 5, 4, 6, 2, 7, 0, 13], "R": [[0.42870712601857935, 0.5822815005827869, -0.6907665699640857], [-0.8192205712262398, 0.5729116449096345, -0.02549319137908046], [0.3809039981158553, 0.5768192968391358, 0.722628288273689]], "T": [-0.03717685620070905, -0.0674757032421417, 0.057516833820613525], "aligned_model": [[0.21950614475610647, -0.1562131928594741, -0.6170417267314784, -0.33494494047265805, -0.5219754271827802, 0.4040937973247403, 0.014271501180538985, 0.4959735310393089, 0.5317070093547467, 0.052200214128923776, -0.5542453939963754, -0.0030318623346989107], [-0.1642149572209589, 0.43143012038938533, -0.08971802701740283, -0.6952363311755921, -0.3024443152621076, -0.49355375473418306, 0.0451444005275425, 0.21535342480097358, -0.19199099744305767, 0.6949018408500968, 0.5192934951667663, -0.023660324811167817], [-0.6707064441461196, -0.72239796548149, -0.13184641087801785, -0.19371142415269782, 0.5559803519414678, -0.0989407349469379, 0.7543533217833227, -0.16491589092846465, 0.3907415343726196, -0.14294123059708602, 0.2347305024441676, 0.08268502765077648]], "inverted": true, "swapped": false, "error_lsq": 0.04589613321294677, "error_max": 0.226039265514898, "target": "788.xyz", "model": "6.xyz", "model_rescale": 3.89814844738969, "target_rescale": 3.7282020668798306},
{"mapping": [5, 9, 10, 2, 4, 0, 7, 6, 3, 8, 11, 12], "R": [[0.5974422379419267, 0.6083309485840217, 0.5224904107424432], [0.5911876921959659, 0.10609945192113077, -0.7995248707188815], [-0.541811669234754, 0.7865598281738652, -0.29624947558459835]], "T": [-0.02377285493327087, -0.06333459984833094, 0.0626702643923647], "aligned_model": [[0.07543386245194215, -0.18046758117521314, -0.6197312062122503, -0.36642610376050466, -0.5227049844175081, 0.37732273497997054, 0.07166683687778574, 0.5321460356157602, 0.702921179898341, 0.16076974484820308, -0.5249284646156998, -0.17570240028392697], [-0.16393606967364466, 0.4596013143530108, -0.12086380666837164, -0.6496256194821604, -0.31513296258160906, -0.48245526004432887, -0.014150791595604811, 0.11006092400385163, 0.10757700734545657, 0.586372831822375, 0.5408298488579246, -0.1129728422666047], [-0.7006212759246135, -0.6443874924005184, -0.36209755095576646, -0.13832584473871498, 0.38385572962614345, 0.18296401908199386, 0.7105490322021499, -0.28122511281782714, 0.37103196586727216, 0.10154254773774904, 0.26058121160425984, 0.009163407779412061]], "inverted": true, "swapped": false, "error_lsq": 0.04325695721430504, "error_max": 0.22513106162645372, "target": "788.xyz", "model": "7.xyz", "model_rescale": 3.7474275329858107, "target_rescale": 3.7282020668798306},
{"mapping": [3, 0, 1, 2, 4, 8, 11, 5, 9, 10, 12, 14], "R": [[0.4602537519413124, 0.6427047411015695, -0.6124517120471695], [0.7276072381988891, -0.6683521363273535, -0.1545740236496661], [-0.5086788679948575, -0.37448102439539843, -0.7752482000129011]], "T": [-0.06718167374637354, 0.0765787199547019, 0.03366628678407834], "aligned_model": [[0.1878329856220112, -0.20722512863564152, -0.7073800944792079, -0.4364251681674961, -0.24287775327914754, 0.2229996543887325, 0.1191837189529619, 0.6045096127199098, 0.5437072486084096, 0.03297989844504538, -0.4762621158390916, -0.11074320412958544], [-0.1990171764201218, 0.339104999520815, 0.0047980708439999825, -0.6163235082148132, -0.6127297605225731, -0.539821311025899, 0.38995616208960643, -0.0703362859849223, -0.02243433023281237, 0.8259590468217708, 0.40857813536114346, 0.03757053183410041], [-0.5771929133538881, -0.5542801571262611, -0.353367743443605, -0.26987158544152295, 0.35956589130124983, 0.06616420156925262, 0.5371963005418223, -0.1670032443782706, 0.4779089913107535, -0.026832844193234902, 0.3547148794711711, 0.046028860804073764]], "inverted": true, "swapped": false, "error_lsq": 0.056595700978894714, "error_max": 0.3563777258740331, "target": "788.xyz", "model": "8.xyz", "model_rescale": 4.019505241142653, "target_rescale": 3.7282020668798306},
{"mapping": [0, 7, 4, 3, 5, 2, 6, 1, 10, 9, 11, 12], "R": [[-0.8354374493692339, 0.487417022663975, -0.2539072945167487], [-0.25712243760943, 0.06167352960750022, 0.964408848893216], [0.48572864880426164, 0.8709885313614291, 0.07380147673080412]], "T": [-0.009895765885503206, 0.03495860751643865, 0.03131284189805601], "aligned_model": [[0.003633027962574857, -0.2551529147962011, -0.6292195992831385, -0.409074352948921, -0.5465301073180198, 0.17034756902754183, 0.13948877565246157, 0.6168681833369731, 0.7154438248457566, 0.0877284277943424, -0.31874946470094445, -0.044483715365525825], [-0.18371735571462738, 0.36549043539096654, -0.14911133253893094, -0.705767621934504, -0.24153537653502427, -0.5284690008402863, -0.18870734895546354, 0.14270085806543475, 0.291783720718985, 0.711249554192269, 0.3971508717057763, 0.03423717051569933], [-0.5807687481804821, -0.7750255682907525, -0.48844760080299426, -0.1431632778868871, 0.32473979962449956, 0.025496264080898827, 0.7063829394671148, -0.1964235442422333, 0.5274006340922364, 0.010333478630499278, 0.43215655269119196, 0.05034970787844862]], "inverted": false, "swapped": false, "error_lsq": 0.05534687578885911, "error_max": 0.38580643307768425, "target": "788.xyz", "model": "9.xyz", "model_rescale": 3.877068213659057, "target_rescale": 3.7282020668798306},
{"mapping": [4, 13, 2, 7, 8, 1, 0, 3, 5, 6, 10, 15], "R": [[-0.6440201882885273, 0.6913043713228431, 0.3276221348852042], [-0.7042097815081754, -0.3684070349722266, -0.6069306716678445], [-0.2988755271095611, -0.6215903174703591, 0.7240848683145371]], "T": [-0.12361552020285446, 0.12651075626128946, 0.009940020519201594], "aligned_model": [[0.14525028814651078, -0.24551701048560215, -0.5509000251381773, -0.22085233095584006, -0.5376087947770243, 0.2946745795473187, 0.13916948939341803, 0.4335155153312963, 0.5968146164647886, 0.0700529731206255, -0.5021249170962572, -0.09217472934415745], [-0.2688187898226254, 0.4884897316950231, -0.12222661233230844, -0.6645994196439633, -0.39222630872433717, -0.6009077475904696, -0.11052051614242198, 0.2509248798304766, -0.10776808079356592, 0.7092939908836648, 0.6594140351243224, 0.10424941158649911], [-0.46913868578979245, -0.662183289576841, -0.43268061982285677, -0.1660607227478555, 0.4034427038970304, 0.23085249845671715, 0.7230502856731642, -0.2673458929877433, 0.202525811614483, -0.04628089428785681, 0.28554029501162564, 0.09130914762146615]], "inverted": true, "swapped": false, "error_lsq": 0.04502864037179017, "error_max": 0.2980659626420227, "target": "788.xyz", "model": "10.xyz", "model_rescale": 4.260839863003843, "target_rescale": 3.7282020668798306},
{"mapping": [5, 3, 0, 6, 7, 10, 8, 4, 9, 2, 1, 11], "R": [[-0.6621074898451822, 0.30539242982540576, 0.6843603843708713], [-0.4595680228724723, -0.8867955636477698, -0.04889642776033176], [0.591955153912861, -0.346884839824356, 0.7275025798277504]], "T": [-0.018221847208768124, 0.004686982889916037, 0.027448400008656164], "aligned_model": [[0.12279175781245907, -0.22668514487710018, -0.8172144347060426, -0.3188320745371617, -0.4869700827743536, 0.26529410970739287, 0.09002733125342544, 0.6499577999543635, 0.6944485991414797, 0.1612200149538006, -0.5262409513853975, -0.07749727033596536], [-0.18697731376727295, 0.4278530595052188, -0.21399471470999193, -0.6680562494878702, -0.3214568167355596, -0.5348749947411285, 0.1583282768065108, 0.08721376431529688, 0.021372344828269163, 0.6662654175248204, 0.4986575671942908, 0.010974233337710922], [-0.6049999084195665, -0.5029350429267574, -0.26207436198815254, -0.37293312949749763, 0.3491795655836645, 0.17518250748215183, 0.7204778908852262, -0.260350397879281, 0.38459780117452114, 0.04916749462856663, 0.1729485538740769, 0.04476966414458808]], "inverted": false, "swapped": false, "error_lsq": 0.03665260020900154, "error_max": 0.1678887733925526, "target": "788.xyz", "model": "11.xyz", "model_rescale": 3.890672605050136, "target_rescale": 3.7282020668798306},
{"mapping": [7, 5, 8, 3, 0, 4, 11, 12, 10, 9, 6, 13], "R": [[-0.14705874970741567, -0.667936697138726, -0.7295438936417065], [0.9857091264431946, -0.16023106428366346, -0.05199542369400145], [-0.08216594295135837, -0.7267644561024805, 0.6819546782338104]], "T": [-0.132998209881457, 0.04679462740574334, 0.15616557635964967], "aligned_model": [[0.09189674258443886, -0.034468838386838396, -0.6866878596689383, -0.3658914096612193, -0.4798116552473792, 0.20263537567704298, 0.11187803609871483, 0.48870000375800277, 0.7419623093923855, 0.0629927717589173, -0.5658421972059234, -0.03706362489230336], [-0.21935639698656897, 0.4173300803211206, -0.046039882149095664, -0.746104612526057, -0.41787247763948926, -0.5640348288463822, 0.27778736726620223, 0.0926352630218883, 0.021047997014682417, 0.7891655767488054, 0.3835767706465595, -0.04283028280137086], [-0.6220053964006341, -0.5205674750873233, -0.29549864780699997, -0.2563083122853799, 0.2679665394570979, 0.2289289974242133, 0.5914127959735938, -0.2519056355983676, 0.3387079144024056, 0.028520268147695926, 0.33303336475747203, 0.05074622407776727]], "inverted": true, "swapped": false, "error_lsq": 0.04512603592518876, "error_max": 0.2663596415356509, "target": "788.xyz", "model": "12.xyz", "model_rescale": 4.124412569039231, "target_rescale": 3.7282020668798306},
{"mapping": [7, 3, 0, 5, 4, 10, 2, 9, 11, 6, 1, 12], "R": [[0.20401633088567, 0.3422836790795768, -0.9171800367254502], [-0.7500478055392854, 0.6567383903544914, 0.07824944753986662], [0.6291308497742353, 0.6719647086494507, 0.39071447911743373]], "T": [-0.06961884578548232, 0.04003286410813649, -0.11845552356741224], "aligned_model": [[0.2365861568597084, -0.2590440531751442, -0.6314161510464947, -0.36343183212290164, -0.5110001921683398, 0.31996430567615075, 0.028444010297442604, 0.4644163689135214, 0.7040082638598482, 0.004029623935399532, -0.4346436675290683, -0.02761317929322174], [-0.37348521631587306, 0.4251756606154288, 0.014891141514052395, -0.6172243740116244, -0.3856062120392969, -0.4958475164618495, -0.036009162883223436, 0.2594230921238238, -0.061128585232925886, 0.7049631870009557, 0.5422845731032253, -0.03213201334239832], [-0.4766718939827594, -0.6881365684248422, -0.2617003314331505, -0.35389708971681544, 0.3737742395220846, 0.20660886715371918, 0.734185549825622, -0.39289238208500626, 0.4994605854033138, -0.1259644109352673, 0.4081984417943884, -0.029934370059746418]], "inverted": false, "swapped": false, "error_lsq": 0.03692026697697878, "error_max": 0.2208157420471576, "target": "788.xyz", "model": "13.xyz", "model_rescale": 3.9028299243045295, "target_rescale": 3.7282020668798306},
{"mapping": [10, 14, 9, 7, 6, 4, 2, 5, 0, 12, 1, 15], "R": [[-0.6990349448669393, 0.713424924946604, 0.04873420071989973], [-0.6615598481043219, -0.6710764530553828, 0.3346564828757889], [0.27145665074015357, 0.20169598563069852, 0.9410791763445833]], "T": [0.029892480461371836, 0.0678883892673953, 0.06361573695727751], "aligned_model": [[0.10450022227119232, -0.3308575591128627, -0.6465652780010622, -0.323190321290474, -0.5238324773775701, 0.449111668878698, 0.0991215571820486, 0.48471802100470635, 0.6085979778636578, 0.11510907809783183, -0.4503114493622217, -0.05610178594704395], [-0.2470300423309508, 0.3084941264696877, -0.14156146691490204, -0.6722591060505151, -0.17183451911157394, -0.4461168748124411, 0.26089258897689394, 0.1774535232545611, -0.26417361790584837, 0.748165856078724, 0.38275624113325524, 0.010517865283403899], [-0.6076611569923438, -0.7077589715699609, -0.25163196759401063, -0.3212766845306765, 0.3470409660986284, -0.07572964130710746, 0.7707978092602191, -0.1443050237641823, 0.5556027082412516, -0.055552163909160776, 0.3676900327899934, 0.01581473033889079]], "inverted": true, "swapped": false, "error_lsq": 0.043299950746673393, "error_max": 0.23876371006831884, "target": "788.xyz", "model": "14.xyz", "model_rescale": 3.942246331269136, "target_rescale": 3.7282020668798306},
{"mapping": [3, 13, 12, 1, 0, 5, 6, 10, 9, 11, 8, 14], "R": [[-0.919009586378633, -0.35320941536975947, 0.17511278947674602], [-0.04502810257238643, -0.3472340599926187, -0.9366968440001139], [0.39165526949462215, -0.8687183758130109, 0.3032070800655876]], "T": [0.037582586877141465, 0.007121492975441697, 0.006747554820875518], "aligned_model": [[0.07424121582669838, -0.3620091249727523, -0.599381081755845, -0.3441588966867585, -0.47808657278251265, 0.20088998298314834, 0.1575139071657159, 0.6974311849664079, 0.6385091464823005, 0.04651488294155425, -0.46724899341589266, -0.03391599654516384], [-0.3992846058901303, 0.45914124621086677, -0.1330460146463753, -0.6533376567563853, -0.2947945044037424, -0.6061181518831517, 0.35835665412884493, 0.2609535865697835, -0.11731455400767211, 0.7236002745558288, 0.4009074425764796, -0.05375914238405202], [-0.5848926721997797, -0.5381693682152633, -0.485905074129223, -0.26658116127489734, 0.4352910545623794, 0.013631633546195255, 0.4251250510151656, -0.08901053572141275, 0.5278667794755465, -0.019508764202399644, 0.44139526012189084, 0.03378843408333903]], "inverted": true, "swapped": false, "error_lsq": 0.04836940188406225, "error_max": 0.3739165926491088, "target": "788.xyz", "model": "15.xyz", "model_rescale": 4.355366556412066, "target_rescale": 3.7282020668798306},
{"mapping": [6, 4, 2, 8, 1, 10, 9, 3, 7, 5, 0, 11], "R": [[-0.34464508126319937, 0.8969464945776972, 0.27695984154000325], [-0.830381595581095, -0.42889739986126174, 0.3556872588559279], [0.4378197958992689, -0.10739649089718918, 0.8926252405470576]], "T": [-0.038936677660662895, -0.015608022929624692, 0.04684132963607213], "aligned_model": [[0.17798171620107608, -0.18923353438641233, -0.7905742339112363, -0.35789861519555055, -0.43398016482740953, 0.23607512394550567, 0.03720995995638995, 0.49666702882632274, 0.7838236128764952, 0.12633678991520303, -0.5270136612149529, -0.02909436797853095], [-0.2957180362591416, 0.40030127259919135, -0.10002222213788876, -0.680055961269196, -0.22674379482255463, -0.5818084563966105, 0.055931120164113377, 0.22871432388630494, 0.06858233354519448, 0.5808527861812163, 0.49139258264808294, 0.00387862593158211], [-0.6951699599252736, -0.5846331701561416, -0.31182373522346396, -0.16246307894906767, 0.3533696194873033, 0.0788003144199505, 0.7810315950421474, -0.24376539651263696, 0.38807234811418556, 0.2276148510026937, 0.13982144931134505, -0.07782419954950204]], "inverted": false, "swapped": false, "error_lsq": 0.04597643519146979, "error_max": 0.312363544559523, "target": "788.xyz", "model": "16.xyz", "model_rescale": 3.795458400668931, "target_rescale": 3.7282020668798306},
{"mapping": [5, 9, 10, 2, 4, 0, 7, 6, 3, 8, 11, 12], "R": [[0.5974422379419267, 0.6083309485840217, 0.5224904107424432], [0.5911876921959659, 0.10609945192113077, -0.7995248707188815], [-0.541811669234754, 0.7865598281738652, -0.29624947558459835]], "T": [-0.02377285493327087, -0.06333459984833094, 0.0626702643923647], "aligned_model": [[0.07543386245194215, -0.18046758117521314, -0.6197312062122503, -0.36642610376050466, -0.5227049844175081, 0.37732273497997054, 0.07166683687778574, 0.5321460356157602, 0.702921179898341, 0.16076974484820308, -0.5249284646156998, -0.17570240028392697], [-0.16393606967364466, 0.4596013143530108, -0.12086380666837164, -0.6496256194821604, -0.31513296258160906, -0.48245526004432887, -0.014150791595604811, 0.11006092400385163, 0.10757700734545657, 0.586372831822375, 0.5408298488579246, -0.1129728422666047], [-0.7006212759246135, -0.6443874924005184, -0.36209755095576646, -0.13832584473871498, 0.38385572962614345, 0.18296401908199386, 0.7105490322021499, -0.28122511281782714, 0.37103196586727216, 0.10154254773774904, 0.26058121160425984, 0.009163407779412061]], "inverted": true, "swapped": false, "error_lsq": 0.04325695721430504, "error_max": 0.22513106162645372, "target": "788.xyz", "model": "17.xyz", "model_rescale": 3.7474275329858107, "target_rescale": 3.7282020668798306},
{"mapping": [8, 0, 4, 5, 9, 10, 7, 3, 11, 1, 2, 13], "R": [[0.7739612900476643, -0.3269439584106174, 0.5423021017537659], [-0.6241178524855933, -0.24906664373253062, 0.7405691819057718], [-0.1070552554362778, -0.9116323025423185, -0.39681950209744504]], "T": [-0.045143309780961774, -0.02624702603699665, 0.0651704563559672], "aligned_model": [[0.047249688740602314, -0.33671572668086297, -0.6430603301705154, -0.19786586863232158, -0.6060034310746515, 0.3905210848599828, 0.02459606577721493, 0.5253807624984442, 0.6000348843637724, 0.2692057447401842, -0.43075676699005844, -0.11228645322489073], [-0.19500012134769057, 0.5164169820210082, -0.2773783617625691, -0.7214996002155085, -0.2488316002462735, -0.5410744165047354, 0.13140550908445692, 0.10930330417063343, -0.019350521080678154, 0.5894125598782742, 0.549421771615161, 0.05247906845821569], [-0.627534659740308, -0.5001999450999642, -0.45314808562933895, -0.06335819720556167, 0.3543351110469888, -0.08176035637497213, 0.7984516982426199, -0.2764690791775536, 0.3898767818650054, 0.09098446421944152, 0.21924972439242257, 0.04260318052276099]], "inverted": true, "swapped": false, "error_lsq": 0.05265875398420051, "error_max": 0.2703039284841472, "target": "788.xyz", "model": "18.xyz", "model_rescale": 3.922800546911778, "target_rescale": 3.7282020668798306},
{"mapping": [3, 12, 5, 0, 1, 2, 6, 11, 10, 13, 8, 14], "R": [[0.9868275348783311, -0.02502721018520944, 0.1598282051338294], [-0.1549614191190828, -0.42995437161898226, 0.8894527513647513], [0.04645831454708695, -0.9025036715028208, -0.4281690646618137]], "T": [-0.007848395508716237, 0.052360621402055794, 0.003543435989407649], "aligned_model": [[-0.007695726426384094, -0.3050918286981735, -0.7246113711819392, -0.3688512984664642, -0.36124056409255517, 0.3090820017389073, -0.0449989669477681, 0.6358637605807674, 0.6334120843380464, 0.1414700355819182, -0.4258932001351161, 0.04885472791566121], [-0.2546245843618014, 0.342091664123922, -0.05135974205043168, -0.6250836724552862, -0.42076866607184193, -0.5834741600946378, 0.09667423764674918, 0.3526301304562486, -0.10276002801287878, 0.7067129704289867, 0.4305638479741191, 0.05470257648714642], [-0.5576243675412108, -0.6645256539074068, -0.2373437639508666, -0.32689380230719267, 0.4499128754158753, 0.09518522082199163, 0.6908744409427573, -0.04857656788421924, 0.46757277598322167, -0.1425413211885886, 0.24143314732004612, -0.07444234664286681]], "inverted": false, "swapped": false, "error_lsq": 0.04119732610034502, "error_max": 0.23881458979048426, "target": "788.xyz", "model": "19.xyz", "model_rescale": 3.9282355846067225, "target_rescale": 3.7282020668798306},
{"mapping": [6, 8, 4, 3, 0, 5, 10, 7, 2, 9, 11, 13], "R": [[0.9778363096748104, -0.04708324526509607, -0.20400813585946753], [0.2039363941162836, 0.43474925231989253, 0.8771562202721601], [0.047393023077199836, -0.8993198850367989, 0.43471559178502306]], "T": [0.030912396182575387, 0.03897323338267227, -0.0726903807093097], "aligned_model": [[0.18836158043472875, -0.3114613602846537, -0.5716817457992407, -0.31051761098429015, -0.5601914347676624, 0.35841780869539824, 0.12251555999505356, 0.6337925796827814, 0.5741426950954466, -0.07360102354571091, -0.5238410002125031, 0.004363605897552733], [-0.2601461037596051, 0.42790706768886627, -0.03348476800377629, -0.6290144594497227, -0.2320484036910217, -0.5727977540149345, 0.29304257939078876, 0.1707773843699264, -0.26104089332106967, 0.7225582172348549, 0.35204969199132397, -0.032497984365336234], [-0.6317802040677394, -0.6295855795955868, -0.2487528214060472, -0.1324654722779978, 0.39350756166140266, -0.15121818471499357, 0.7454122881471228, -0.15790145102831019, 0.46916622069100655, -0.08729655016933088, 0.25532634383251096, 0.06861848598950368]], "inverted": false, "swapped": false, "error_lsq": 0.04920460646243008, "error_max": 0.2621296897626093, "target": "788.xyz", "model": "20.xyz", "model_rescale": 4.067790424073018, "target_rescale": 3.7282020668798306},
{"mapping": [7, 4, 5, 1, 13, 9, 11, 0, 12, 2, 6, 14], "R": [[-0.8295985507147383, 0.2534330604594858, 0.4975318366880098], [0.4639416955950433, 0.8086754083109609, 0.3616658500349421], [-0.31068367794334184, 0.5308632289575532, -0.7884541105228373]], "T": [-0.04987015267413661, 0.04076647956083163, 0.011145815468179087], "aligned_model": [[0.30956356510014693, -0.46360091480721966, -0.5784766684630542, -0.21608171869488704, -0.5372108947537738, 0.3260177445532808, -0.03722990103888113, 0.5175862123074557, 0.5428906690392719, 0.12471980783268466, -0.4196911145018478, -0.03818713236627633], [-0.3659848676188325, 0.5347551015558188, -0.060103536120306326, -0.7092646779916454, -0.3162354904634132, -0.6360399412350715, 0.05429912505413401, 0.2610820576543068, -0.15481213498117968, 0.7389572746352372, 0.6197271795834901, -0.021075516002244], [-0.5007376686405302, -0.46558743546000064, -0.23147840479821083, -0.2771805262008401, 0.3649425079135361, 0.07963856659032242, 0.6574347179906485, -0.35479454772256613, 0.45544017810758913, -0.17798348131718997, 0.2860892036728631, 0.057247526925919]], "inverted": true, "swapped": false, "error_lsq": 0.04735614180292829, "error_max": 0.29728995026754956, "target": "788.xyz", "model": "21.xyz", "model_rescale": 4.186013935880536, "target_rescale": 3.7282020668798306},
{"mapping": [6, 7, 4, 3, 11, 5, 8, 0, 2, 1, 9, 12], "R": [[0.3294530581493852, -0.15481974909094992, -0.9313922523660121], [-0.8117321492189218, 0.4573929524567475, -0.36315644695823557], [0.4822360422038651, 0.8756840368159711, 0.02501733929172082]], "T": [-0.0986777273400296, 0.0552174866447415, 0.014154801964020627], "aligned_model": [[-0.05821399517504693, -0.2984408637045777, -0.6887958963952407, -0.1426713391205519, -0.4824747801232078, 0.3997305111806691, -0.07137311760336539, 0.5266874936203889, 0.5077131042645482, 0.2800698082244052, -0.32388967378439526, -0.11804159717672523], [-0.1531072658941149, 0.5035140594635452, -0.13908221629093145, -0.8092778498503737, -0.31769943447778465, -0.5239967160860182, 0.06198526511012647, 0.10856077148629287, 0.03177069064841657, 0.660671720854735, 0.5057253044816795, 0.016240244624721303], [-0.5004482808834292, -0.5312336944580869, -0.36217526693627344, -0.3068608207668529, 0.3497122052906365, 0.13514617043516727, 0.7802336400514515, -0.34342214833033413, 0.44011208851797395, -0.14427092357764526, 0.37716037421446497, -0.0009227064955316441]], "inverted": false, "swapped": false, "error_lsq": 0.05004922009110201, "error_max": 0.24789942027629921, "target": "788.xyz", "model": "22.xyz", "model_rescale": 4.166573947596378, "target_rescale": 3.7282020668798306},
{"mapping": [0, 2, 3, 8, 9, 7, 14, 5, 13, 6, 12, 15], "R": [[0.6691636406326361, -0.7359009748962115, -0.10329461361601605], [-0.5957888790541495, -0.6143672766111653, 0.5172895330709683], [-0.4441347021464059, -0.28460956515230784, -0.8495538604309546]], "T": [-0.16424525548568278, -0.004546472999931924, -0.011143302151315615], "aligned_model": [[0.2603517354621072, -0.3790920697006005, -0.7120121025274568, -0.34269076123108766, -0.5589588811185303, 0.41292471095616234, -0.03161492911995381, 0.650408440879527, 0.5463846564466326, 0.0813974324357771, -0.28073890562943427, -0.1160596726462429], [-0.32931321791592005, 0.41103306735600204, -0.05737681148966228, -0.7598275911238317, -0.30069482371464384, -0.4238697887725577, 0.05499416589666341, 0.11945771019120253, 0.005539183439238053, 0.6955862616316617, 0.5100718484984387, 0.019704570073703184], [-0.6283950494252869, -0.49482060288843205, -0.2531910012377533, -0.2387103786495752, 0.3308310746531789, -0.06046301765319089, 0.7665725020266319, -0.12079866568154057, 0.44898336160227, -0.18020381124457116, 0.37741630445184365, -0.05419007889203399]], "inverted": true, "swapped": false, "error_lsq": 0.04597493082511858, "error_max": 0.21635195017062908, "target": "788.xyz", "model": "23.xyz", "model_rescale": 4.274766983524099, "target_rescale": 3.7282020668798306},
{"mapping": [7, 9, 1, 0, 2, 3, 5, 4, 6, 10, 11], "R": [[0.455488696183498, 0.4403297627496493, 0.7737181319355871], [-0.6118161507902091, 0.7861741965352023, -0.08724179236169502], [-0.6466923884516572, -0.4336355990218821, 0.6274943202767849]], "T": [0.03217384706075392, 0.010351662978100723, -0.00016204366170141649], "aligned_model": [[0.21087995027594586, 0.3326870898730258, -0.393823134290621, -0.467313823598407, -0.5994676999897669, -0.6445694500744478, 0.009167507239191797, -0.019291684070367257, 0.6267840388457344, 0.28323217697022934, 0.041609732777557626], [-0.160587911499868, 0.5241878367194331, 0.587401235303658, -0.26113956996904975, 0.3903268487434942, -0.3257525388564737, -0.5571560636987248, -0.004023578025668446, -0.052054688889895805, 0.6783329531281214, 0.09605200828845722], [-0.5673274006254019, -0.386016306972045, -0.45281199751228235, -0.29978369742222427, 0.29502116427823993, 0.3258793251229281, 0.08687929083981538, 0.6912597654280663, 0.31613496092377963, 0.29333532133920964, 0.0769960086214924]], "inverted": false, "swapped": true, "error_lsq": 0.04461159473251037, "error_max": 0.21269237974606178, "target": "788.xyz", "model": "24.xyz", "model_rescale": 3.7841303162186577, "target_rescale": 3.7282020668798306},
{"mapping": [9, 5, 13, 14, 11, 10, 7, 8, 0, 4, 6, 15], "R": [[0.4438053244859467, 0.09001090927097175, 0.8915912012633014], [-0.174998713851586, 0.9844920651120297, -0.012281037486405674], [-0.8788698903183649, -0.15057692367578995, 0.4526746137659157]], "T": [0.030485815164117032, 0.026857044567992393, -0.04084259781113932], "aligned_model": [[0.18970473207651933, -0.3178152567124887, -0.6938360807663032, -0.19942063837945154, -0.5484603628930985, 0.17404930662240364, 0.08532376062123576, 0.5816099324742122, 0.583878469566482, -0.015855306771047302, -0.2971701253069454, -0.011708776324617733], [-0.2986970738012792, 0.5132547274997736, -0.22587341221058807, -0.6244194974363426, -0.178473219617382, -0.698277735767496, -0.12378118739204738, 0.18740322935138978, 0.057512958324387076, 0.7626058918273482, 0.5030453106897066, 0.07100458260282458], [-0.49997717616063764, -0.682280360039, -0.19409110371998012, -0.43107438888467065, 0.41968793829389817, 0.20169436750612652, 0.5893212562064128, -0.18206905960044711, 0.44304451129268707, -0.15586640853168093, 0.3926464702460014, -0.00800540954716919]], "inverted": true, "swapped": false, "error_lsq": 0.04895128809058322, "error_max": 0.2575736304884587, "target": "788.xyz", "model": "25.xyz", "model_rescale": 4.19342608120988, "target_rescale": 3.7282020668798306},
{"mapping": [6, 4, 2, 8, 1, 10, 9, 3, 7, 5, 0, 11], "R": [[-0.34464508126319937, 0.8969464945776972, 0.27695984154000325], [-0.830381595581095, -0.42889739986126174, 0.3556872588559279], [0.4378197958992689, -0.10739649089718918, 0.8926252405470576]], "T": [-0.038936677660662895, -0.015608022929624692, 0.04684132963607213], "aligned_model": [[0.17798171620107608, -0.18923353438641233, -0.7905742339112363, -0.35789861519555055, -0.43398016482740953, 0.23607512394550567, 0.03720995995638995, 0.49666702882632274, 0.7838236128764952, 0.12633678991520303, -0.5270136612149529, -0.02909436797853095], [-0.2957180362591416, 0.40030127259919135, -0.10002222213788876, -0.680055961269196, -0.22674379482255463, -0.5818084563966105, 0.055931120164113377, 0.22871432388630494, 0.06858233354519448, 0.5808527861812163, 0.49139258264808294, 0.00387862593158211], [-0.6951699599252736, -0.5846331701561416, -0.31182373522346396, -0.16246307894906767, 0.3533696194873033, 0.0788003144199505, 0.7810315950421474, -0.24376539651263696, 0.38807234811418556, 0.2276148510026937, 0.13982144931134505, -0.07782419954950204]], "inverted": false, "swapped": false, "error_lsq": 0.04597643519146979, "error_max": 0.312363544559523, "target": "788.xyz", "model": "26.xyz", "model_rescale": 3.795458400668931, "target_rescale": 3.7282020668798306},
{"mapping": [1, 6, 0, 2, 3, 9, 4, 8, 11, 5, 7, 12], "R": [[-0.2211858464901884, -0.6574678232503811, -0.7202866670311378], [0.8989566859828878, 0.1488903487835483, -0.4119569647011412], [0.37809218193329885, -0.7386255651069218, 0.5581026576996369]], "T": [0.07254208899192774, -0.05090501826143289, 0.017060094386927918], "aligned_model": [[0.1230890830311242, -0.03511739776453163, -0.7014155379952154, -0.33224263813864474, -0.5340237979741953, 0.10448564757469975, 0.17570227211939846, 0.5795256804572404, 0.6794981856792032, 0.03807645816450653, -0.5224149417044677, -0.04486335924221792], [-0.20868691531005934, 0.446167819386504, -0.1826928233545059, -0.7893987555160049, -0.23727172497509394, -0.4699993847479065, -0.1574259892688234, 0.3172631109552665, 0.010243858559178053, 0.69614328541906, 0.45529502335027805, 0.06566706957240162], [-0.5511854906452545, -0.6329514352491468, -0.25660897246224107, -0.23908681388409853, 0.39444826887781204, 0.10488839939037568, 0.839783888858277, -0.3546542807994255, 0.39047635446548823, -0.07006866171575239, 0.24065738445692558, 0.027331995768580513]], "inverted": true, "swapped": false, "error_lsq": 0.045050290157567896, "error_max": 0.3004730702157143, "target": "788.xyz", "model": "27.xyz", "model_rescale": 3.6321398670334006, "target_rescale": 3.7282020668798306},
{"mapping": [4, 6, 12, 7, 8, 3, 0, 1, 5, 13, 9, 14], "R": [[0.5857420546262497, 0.7948951701873881, -0.15826532739353547], [-0.027613573484767007, 0.2147280013934299, 0.9762834506315186], [0.810026997081962, -0.5674800030224383, 0.14772511691663173]], "T": [-0.08505668534036517, 0.043426927763990174, 0.1295358525301658], "aligned_model": [[0.18882910086286583, -0.3083835476141771, -0.7867543261274376, -0.25824603753376507, -0.44077248559463733, 0.25213936519044944, 0.1449332462890298, 0.521528220357043, 0.7275511264151997, 0.06370149959439833, -0.53153477308199, -0.042691734550078346], [-0.1162136629393217, 0.37817119691626133, -0.14889450544231816, -0.6133455031513354, -0.3007189153496135, -0.5483684087678193, -0.07049650889540565, 0.04805032120376653, -0.10181768121813659, 0.7953013298898429, 0.5402838599907442, 0.08335305183362936], [-0.63595007828422, -0.5352790269644285, -0.2630741551151788, -0.2440184357336166, 0.27806034179591876, 0.2169268310569883, 0.6983396641811297, -0.15206772088372406, 0.4304376129176118, -0.15159261944813818, 0.1485796779082197, 0.1026685456309786]], "inverted": true, "swapped": false, "error_lsq": 0.041121731291626315, "error_max": 0.21330757679873688, "target": "788.xyz", "model": "28.xyz", "model_rescale": 4.156811204709835, "target_rescale": 3.7282020668798306},
{"mapping": [3, 4, 5, 8, 10, 2, 0, 1, 9, 11], "R": [[0.6142326930757294, 0.24711609096740045, 0.7494343442503344], [0.7178552798024156, 0.21943393879447554, -0.6607060948447036], [-0.3277224374630654, 0.943812684853374, -0.04261009144713697]], "T": [-0.015980508146773417, 0.04225982735664292, -0.03322143625252502], "aligned_model": [[-0.5995022622414704, -0.08585835408383884, 0.09888953963742313, 0.7560641529611336, 0.052215778076545497, -0.7315735853420823, -0.42245134015797453, -0.5555673513880404, 0.16134293467216554, -0.03063413802327339], [-0.1457527593372941, -0.6236543924204968, 0.0781314905880613, 0.2174466717009716, -0.4052280125422332, -0.26933860908721646, 0.43459282034368896, 0.3998208688777092, 0.2843339432258309, -0.051631690722817605], [-0.5822242856168413, -0.21376175052967278, -0.595083164189886, -0.3722259986930271, 0.5916576656206968, 0.11278635218160746, -0.3395298485559052, 0.5148184874298837, 0.609566129058471, 0.03278314026977293]], "inverted": false, "swapped": true, "error_lsq": 0.05541408650776325, "error_max": 0.3227325552732084, "target": "788.xyz", "model": "29.xyz", "model_rescale": 4.117894457231895, "target_rescale": 3.7282020668798306},
