[{"mapping": [11, 1, 0, 12, 3, 9, 10, 2, 5, 8, 6, 4, 7, 13], "R": [[-0.677560028823696, -0.6192873849934669, 0.396731070283619], [0.20462920777348226, 0.35938957675748484, 0.9104757105184482], [-0.7064271333028123, 0.6980847132734176, -0.11678372501141276]], "T": [-0.09105559679212656, -0.17857066843439337, -0.046634272177710705], "aligned_model": [[-0.6875298959320794, -0.16883977924905785, 0.35418408335943613, -0.3569579420230517, 0.26843554282090304, 0.05199536374885759, -0.7571800232727505, 0.6749335887278718, -0.505767027013988, -0.24949650246442706, 0.2368976663054153, 0.44834542239819825, -0.04617644658794921, -0.1239276144562256], [0.03279589630792387, -0.5667902272037336, -0.13323850922182728, -0.013732659041280265, -0.539267726184375, 0.4715880898289422, 0.5552843679502256, -0.11141669384355354, -0.7044492007028479, 0.1395274114632921, -0.3691038164802313, 0.2946587447164547, 0.5170524121606667, -0.029856299411236437], [0.24765202824725757, -0.46649056732096256, -0.6752192363156445, -0.5337114543917985, 0.07111146603800589, -0.35253161362742946, -0.22874401563042884, -0.04360825618864808, 0.3053138197110105, 0.6492746461426735, 0.6172106350913521, 0.5846380063490937, 0.24575053265294106, 0.011187256305499452]], "inverted": false, "swapped": false, "error_lsq": 0.05020107912378785, "error_max": 0.2561964836404473, "target": "79.xyz", "model": "0.xyz", "model_rescale": 3.8414455957264533, "target_rescale": 3.9156299601767315},
{"mapping": [5, 2, 7, 4, 9, 0, 3, 13, 6, 10, 8, 11, 1, 14], "R": [[0.21369834139024887, -0.7826484472958578, -0.5846318729187107], [0.7709204611680628, -0.2324652869381367, 0.5929937039473446], [-0.6000122177418373, -0.5774264440724485, 0.5536822556723029]], "T": [-0.0321443635563233, -0.06614372213891753, 0.03904410705606423], "aligned_model": [[-0.6790473789131485, -0.49309528533142255, 0.21059026352181065, -0.2710685175925481, 0.34110135966712507, 0.3308546193282341, -0.6246401853439402, 0.717437076201653, -0.44441285745911674, -0.39129774129646555, 0.30881499592183626, 0.3975728708002756, -0.19849298555872166, -0.06539979758441875], [-0.1489104158086749, -0.44245204009392936, -0.2331404980526834, 0.13552419261193027, -0.611980298182348, 0.3668289533995185, 0.4409588390820264, -0.0714050490703198, -0.7077327968911898, -0.07912896007199402, -0.46048099208915627, 0.5667877561429117, 0.7804180467141767, 0.007765052648152679], [0.13385417046558443, -0.3974430349893646, -0.5320486873186926, -0.4059980658065868, -0.12906223530504538, -0.41514062426923226, -0.03287651312640624, 0.15282892260106587, 0.20764221462933444, 0.6214713860051687, 0.6328009850903372, 0.414552088897819, 0.10353595648655409, 0.0777166837023854]], "inverted": true, "swapped": false, "error_lsq": 0.042391811219919306, "error_max": 0.2371777425688644, "target": "79.xyz", "model": "1.xyz", "model_rescale": 4.316132596720782, "target_rescale": 3.9156299601767315},
{"mapping": [7, 5, 11, 8, 10, 4, 9, 1, 12, 2, 0, 13], "R": [[0.27170444600092425, -0.8565166006141424, 0.43881204050906], [0.9448561248732726, 0.32403155229036307, 0.047438975639874204], [-0.18282121680153451, 0.4017248635480405, 0.8973257695477795]], "T": [0.08162418604734822, -0.021011501257157835, -0.006508396826961145], "aligned_model": [[-0.15916114391180022, 0.45759288175201673, 0.12267045117842323, -0.47464282410439984, -0.6565322366101086, -0.32827091830533767, -0.11310701513120602, -0.16234274717325262, 0.5381670668104396, 0.12131739066973846, 0.19507780861214946, 0.05703984084511792], [-0.7211383667681703, -0.3770481275447563, -0.5620003413835338, 0.5113258536540245, -0.22354096031670403, -0.13073815489778629, 0.35215602660262546, 0.534117334227603, -0.10084626032553977, -0.03086695270882073, 0.7131026790010533, 0.04825369820098578], [0.124404008225073, 0.1809730111643016, -0.5659460845803956, -0.07714545486674523, -0.4125486736159874, 0.32639103677999826, -0.6827741684561339, 0.5821687190239903, -0.525325384186128, 0.7523239241290903, -0.151004939171674, -0.102257533235968]], "inverted": true, "swapped": true, "error_lsq": 0.04139189900510234, "error_max": 0.30370921427809555, "target": "79.xyz", "model": "2.xyz", "model_rescale": 3.795458400668931, "target_rescale": 3.9156299601767315},
{"mapping": [0, 3, 1, 7, 9, 10, 4, 12, 5, 11, 8, 13], "R": [[0.2758929427521392, 0.8533795336025727, 0.44229679601803656], [0.04290802959719947, -0.4706321206509214, 0.8812855995690063], [0.9602301729979386, -0.22416239345588815, -0.16646091500552607]], "T": [0.06876014716223165, -0.11635984397464999, 0.09539642997787043], "aligned_model": [[-0.18901024158006757, -0.20198718988875486, -0.7595455121679106, 0.2581096240024251, 0.23664950470043722, 0.1207346227079417, -0.28877486441906386, 0.6817983631652774, 0.3119238075560461, 0.775292800958648, -0.4366262867883334, 0.08473919749691969], [-0.06997713313297921, -0.5241142162684154, -0.23149251128024068, -0.050236853066578796, 0.46751969749596306, 0.7021948903568724, 0.006759995912982292, -0.17975003099530462, -0.5540113892842191, 0.14503682517971123, 0.4087721717583705, -0.03493240138645236], [-0.6145878485110697, -0.16231051046277353, -0.02659881115507158, 0.8200120428541289, -0.4197807076321953, 0.3747324163231942, 0.479956163318363, -0.2273137914479473, 0.3247354299376216, 0.29491494534875046, -0.1627247787912284, 0.007736880857328293]], "inverted": false, "swapped": true, "error_lsq": 0.04297480805646087, "error_max": 0.2670394973788749, "target": "79.xyz", "model": "3.xyz", "model_rescale": 3.7530521520055578, "target_rescale": 3.9156299601767315},
{"mapping": [6, 11, 9, 10, 0, 7, 3, 5, 2, 4, 13], "R": [[0.2591912595631133, 0.7853014484382916, -0.5622468550795171], [-0.9511715616396057, 0.3085717071657982, -0.0074941220204945425], [0.1676083270430201, 0.5367356300987531, 0.8269354945147378]], "T": [-0.06530715332928384, -0.04387452668871714, 0.04105535636620151], "aligned_model": [[-0.47854916738295694, -0.22360401389773094, 0.43628517687875334, 0.5615957439838207, 0.21955019390938618, -0.22279284224560947, -0.2371474768128412, -0.5970953537778639, -0.28307217676843605, 0.15208775742530317, 0.010941761133380037], [-0.7640997970833638, 0.20396290420240473, -0.436517126309436, 0.3880408901046539, -0.7322435229625135, 0.6803602150100212, -0.37595571549215573, 0.09744381363896076, 0.16404063127307836, 0.3563382155461204, -0.11416714961342425], [-0.06527856460441059, -0.6806391491448651, -0.437219210883804, -0.3727122384850128, 0.17401783818717426, -0.08533909538477877, 0.44869932242496935, 0.06328718717704793, 0.7388009069792639, 0.32992415308571643, -0.020710372105983983]], "inverted": true, "swapped": true, "error_lsq": 0.03772839038646042, "error_max": 0.19346805487023394, "target": "79.xyz", "model": "4.xyz", "model_rescale": 3.7855080009869324, "target_rescale": 3.9156299601767315},
{"mapping": [13, 15, 9, 14, 10, 2, 12, 5, 8, 6, 7, 0, 1, 16], "R": [[-0.20835376652983018, 0.10831463778639722, -0.9720373692477231], [-0.3729999799711438, -0.9275361215911971, -0.023404232204588676], [-0.9041347924476523, 0.35769355932803926, 0.2336570022509043]], "T": [-0.08166683882884959, -0.003587751796461952, 0.08019298255935563], "aligned_model": [[-0.790966705819442, -0.3734408693976574, 0.18902722680682724, -0.3367049187961658, 0.2856575616667454, 0.17229425909886745, -0.5656470876867172, 0.6949242011221176, -0.3670108462389843, -0.3443464116242505, 0.23030483362517148, 0.4791292251279441, -0.04744604803454949, -0.08685798348875362], [-0.1442282840341314, -0.5902968734871894, -0.1702149447566153, 0.1259876628516271, -0.6217685262351478, 0.46311134470188475, 0.4496306172598392, -0.08445906684532159, -0.6399515120611803, -0.08974462146898236, -0.39078402422750314, 0.5080442641273207, 0.7221693961104426, 0.00555635840337715], [0.12470790426468126, -0.4197654440086776, -0.5568895243774539, -0.5328838382536888, -0.037661117875134, -0.4331114121672694, -0.07284783446530486, 0.29342860737248716, 0.17469079216620995, 0.6715080457120038, 0.640659033340004, 0.259676514541672, 0.29281809567823874, 0.0275034251351534]], "inverted": false, "swapped": false, "error_lsq": 0.04393866868981982, "error_max": 0.28263906983251286, "target": "79.xyz", "model": "5.xyz", "model_rescale": 4.2253639853439635, "target_rescale": 3.9156299601767315},
{"mapping": [8, 10, 2, 5, 4, 6, 11, 3, 1, 9, 0, 7, 12, 13], "R": [[-0.32829232869980685, 0.9435727725532427, 0.04352665635038322], [-0.4835729662741092, -0.12830571026486878, -0.8658491964552989], [-0.811407008353833, -0.30529996333051523, 0.4984080649273934]], "T": [-0.10621066310275601, -0.06963827875779682, 0.038054015668135224], "aligned_model": [[-0.8396664401506164, -0.4246767867791821, 0.15869461648172933, -0.3540990741959282, 0.3183606587518679, 0.22404802563846565, -0.4154251600592493, 0.595948683554558, -0.25507057939201017, -0.42908003250600624, 0.25223929474860296, 0.45360697695334146, -0.0994448176480472, -0.046518929036372884], [-0.1580985131162439, -0.5725517240374897, -0.22728343127723932, 0.06125241910632562, -0.630481990786741, 0.3929817943114578, 0.6218160469498923, -0.006164221176873139, -0.7444581777919033, -0.09321190471909216, -0.1874400031616203, 0.3986005345204635, 0.7540787236532827, -0.06598776213579909], [0.02898287180097783, -0.46609860905632233, -0.5578862588331102, -0.5295375869027892, -0.04007943134873369, -0.2629938785736871, -0.14035870569796072, -0.03910017160857353, 0.28536881738493725, 0.5555441913677011, 0.7456549136116327, 0.3490971632356386, 0.47713064650063586, 0.026109285182574427]], "inverted": true, "swapped": false, "error_lsq": 0.042401533337043974, "error_max": 0.2486634306494834, "target": "79.xyz", "model": "6.xyz", "model_rescale": 3.89814844738969, "target_rescale": 3.9156299601767315},
{"mapping": [4, 7, 10, 2, 8, 11, 5, 1, 3, 12, 9, 0, 13], "R": [[-0.1655145175765445, -0.8728726156265565, 0.45901888998238194], [0.0021341887286904226, 0.4651204114605025, 0.8852448520501452], [-0.9862050444557027, 0.14750050756545563, -0.07512130562003622]], "T": [-0.16108414742695804, 0.0725321630979599, -0.03802850042462977], "aligned_model": [[0.1332307243462807, -0.2476404111989469, 0.458874127425095, -0.2705131320251769, 0.5705140502353256, -0.37284385673078385, -0.6667717227057719, 0.23735996000200787, -0.32134438682386895, -0.5596944773455219, 0.2326222323562433, 0.0560212915894267, -0.10118259822008616], [-0.23644491326878342, 0.07821323822059338, 0.5033196345982478, -0.6694505188672091, 0.03295473471338842, 0.7269639638795993, -0.038508428221593005, -0.6152282494599344, -0.30567638580049916, 0.6012080821454606, 0.6613372245898292, 0.0723661816307497, 0.1527267013106355], [-0.3678585938367771, -0.7848678401206612, -0.463276292086351, -0.16044650864906038, 0.20896005057577038, -0.40436317137820077, -0.22568212026328074, 0.24912397369261682, 0.33245168123793567, 0.17548410951891624, 0.32640739862784696, 0.6869127424899215, 0.029429601027618865]], "inverted": false, "swapped": true, "error_lsq": 0.043481582469874165, "error_max": 0.24188430479314593, "target": "79.xyz", "model": "7.xyz", "model_rescale": 3.7474275329858107, "target_rescale": 3.9156299601767315},
{"mapping": [7, 9, 8, 5, 4, 3, 6, 2, 11, 10, 12, 1, 0, 14], "R": [[0.7903112519724438, -0.027151389831909123, -0.6121036897748163], [-0.6005507307768758, -0.23233029975714753, -0.7650891788400321], [-0.12143699917697812, 0.9722579050051227, -0.1999190370773652]], "T": [-0.010247395159908385, -0.09730594817367513, 0.12424283207536863], "aligned_model": [[-0.6762531722409856, -0.41943800276423004, 0.2017521403859143, -0.37701562932734545, 0.5636186572166699, 0.045905268460833565, -0.5311172698290093, 0.7577176872747594, -0.4018248828665316, -0.5929017063326653, 0.02987754005515173, 0.532821840631186, -0.04120178627800744, 0.046975751975413156], [-0.1271741217146378, -0.5775230773049664, -0.24250669122212018, 0.04768441284682967, -0.5236406099887293, 0.44880453918693397, 0.5078133081133953, 0.10445566018679517, -0.5503709262215765, 0.08049760377298451, -0.3419518152091561, 0.2998692064476467, 0.5310931560938217, -0.11399885464880002], [-0.01511939030923129, -0.3027173482994592, -0.5075666779852663, -0.4736537489808635, -0.19378602810919332, -0.33699978406896186, -0.04740610538281276, -0.15524130236298644, 0.29121334557308476, 0.5760870643891319, 0.6892038998630532, 0.4591002968848881, 0.32012450312520674, 0.12859452272633082]], "inverted": false, "swapped": false, "error_lsq": 0.05232799080030953, "error_max": 0.3077862981056177, "target": "79.xyz", "model": "8.xyz", "model_rescale": 4.019505241142653, "target_rescale": 3.9156299601767315},
{"mapping": [3, 12, 5, 2, 1, 4, 7, 0, 8, 9, 11, 10, 13], "R": [[0.4880482910217761, -0.8507074727144843, -0.19520671478834672], [0.791717923045069, 0.3373407356025038, 0.5092975146536295], [-0.3674120247895081, -0.4031104364450228, 0.8381589229192619]], "T": [-0.024791713173455285, -0.04897948529481932, -0.06530720574057886], "aligned_model": [[-0.12124901796866018, -0.6792895209409218, -0.14000924542858595, 0.4061178941060517, 0.423423315067959, 0.5142387609071433, 0.36468605599815623, -0.32973526501601585, 0.27002005078700353, -0.34943084853180806, -0.30039186640197285, 0.3372879942359602, -0.07596753507313378], [-0.5337619312784574, 0.18538686192161594, 0.1246586024328522, -0.3860229311776323, -0.7654278249025708, -0.03997292091769028, 0.5456188610247059, -0.648399300471937, -0.40336882671188934, -0.045974780942811315, 0.6722805279881368, 0.42184668918034884, -0.06348479803061258], [-0.3136267261450906, -0.039209465926248244, -0.5750508202192952, -0.5927707567900511, -0.05950200547096085, -0.08083130951083767, -0.3103646165763052, 0.2816508900599268, 0.5554180623982434, 0.662092300709737, 0.04029959461285054, 0.5655515671901827, 0.04304677971172774]], "inverted": false, "swapped": true, "error_lsq": 0.04240631002962665, "error_max": 0.2293117560859784, "target": "79.xyz", "model": "9.xyz", "model_rescale": 3.877068213659057, "target_rescale": 3.9156299601767315},
{"mapping": [4, 13, 14, 2, 6, 9, 7, 10, 3, 5, 12, 11, 8, 15], "R": [[-0.39591922709577115, -0.9104002015231301, -0.12008096719518804], [0.7056648198950228, -0.3853125861878837, 0.5946186785560388], [-0.5876096728087553, 0.15068405354200315, 0.7949900555539916]], "T": [-0.08557273138813709, -0.04086233252165535, 0.07647304417658383], "aligned_model": [[-0.7545787522423859, -0.18787160609454603, 0.2942452982087837, -0.34406662948273137, 0.20114616629094362, 0.19481571431652306, -0.694027750730271, 0.6017878135164774, -0.3962048206135628, -0.4295757570570516, 0.2535004972950245, 0.5007038891252638, -0.03568150224948379, -0.06527612392183059], [-0.11925549207995678, -0.5444806951156911, -0.14317460221136272, 0.1587317978395106, -0.5857508616858415, 0.36264669843561415, 0.4958117878216161, -0.09670835286377871, -0.5503070033788294, -0.16368184946538153, -0.2889384883288515, 0.29332526692055755, 0.7289369984734918, -0.004103414022677103], [0.010320672033159131, -0.5010578909737128, -0.5979096442894227, -0.5011933350794159, 0.11101779231332258, -0.36421742015286285, -0.013248454963520243, -0.08974212595014337, 0.2926562424295884, 0.7675394135152109, 0.6942778533386932, 0.37522653600913314, 0.09205479833188028, 0.15610881050101102]], "inverted": true, "swapped": false, "error_lsq": 0.04749744183665029, "error_max": 0.27330015176071853, "target": "79.xyz", "model": "10.xyz", "model_rescale": 4.260839863003843, "target_rescale": 3.9156299601767315},
{"mapping": [0, 8, 10, 9, 11, 12, 6, 3, 4, 7, 5, 13], "R": [[-0.40295150437203836, -0.3379104386233524, -0.8505566533710054], [0.029329061880762175, 0.9241003940151133, -0.3810226606257255], [0.914751272889798, -0.17847968301878497, -0.3624570477946435]], "T": [0.09889542389033705, 0.03250805028164648, 0.0631824733034595], "aligned_model": [[0.39107354275213907, 0.21552070443852195, -0.4863486923331292, -0.29887724753167105, -0.6419123787818808, -0.2833990552939955, 0.24797956336838328, 0.6004797247977309, 0.2361913806375377, -0.211073198300107, 0.13739278036148816, 0.05187152497911247], [-0.08305952910075941, -0.6591933962419102, -0.5969540318017854, -0.2517557489929068, 0.25214794660255563, 0.5036709731179406, 0.6311642797895323, 0.20595571556801245, -0.3312600668782047, 0.016837836185995818, 0.49550260244643335, -0.009978075161969566], [-0.6252582912746623, -0.2620148403382603, 0.17285746643006067, -0.5656900358193521, 0.1646041817563438, -0.27715924972348716, -0.502666396334587, -0.09273324843784003, 0.43694515895593555, 0.7479942418777688, 0.3588475134434335, -0.03954842313984863]], "inverted": false, "swapped": true, "error_lsq": 0.03189674924223788, "error_max": 0.19248859820222775, "target": "79.xyz", "model": "11.xyz", "model_rescale": 3.890672605050136, "target_rescale": 3.9156299601767315},
{"mapping": [8, 1, 2, 0, 11, 4, 3, 10, 6, 5, 9, 12, 7, 13], "R": [[0.003251452369179564, -0.8828517624175471, -0.46964049405233593], [-0.627099910558492, 0.3640217567822015, -0.688646398935427], [0.7789320446836312, 0.29675061278021136, -0.5524526618449284]], "T": [-0.10239392085300877, -0.15523791078527072, 0.04326092437860264], "aligned_model": [[-0.7790602143360119, -0.34902784945850807, 0.4074163031609441, -0.4682369832422607, 0.3045986107276881, 0.13044243193341276, -0.5859177082332578, 0.7671824714760911, -0.3919986558156451, -0.1652176561991944, 0.16477561653116204, 0.3536513522829948, -0.18768979202273986, -0.06200149044352238], [0.017961357000814526, -0.5564023492742369, -0.18065796196721254, -0.055762589527033335, -0.514282468215904, 0.30438988321504934, 0.5524625912312101, 0.04416960428683958, -0.6438743755420632, 0.10398258169208652, -0.4748208022487772, 0.3124779804215023, 0.6255433265939042, 0.007865012672241073], [0.2202235948502902, -0.5760427886271312, -0.45172542912565183, -0.40946200845056185, -0.04732742427743765, -0.43169861877076693, -0.30087262888977034, -0.016856005676378336, 0.14032712209316467, 0.7738976989745769, 0.7007619736546886, 0.4015857779794026, 0.3750280776569862, 0.05399390567151016]], "inverted": true, "swapped": false, "error_lsq": 0.05000965402963641, "error_max": 0.37568671968080336, "target": "79.xyz", "model": "12.xyz", "model_rescale": 4.124412569039231, "target_rescale": 3.9156299601767315},
{"mapping": [0, 9, 10, 6, 8, 1, 12, 2, 11, 5, 4, 7, 13], "R": [[0.5150269183715883, -0.8504376160024888, 0.10725266728929703], [0.49818525657005297, 0.3987997753109602, 0.7699157027546315], [-0.6975376143900025, -0.3430956142242727, 0.6290681012507098]], "T": [0.0875622877086322, 0.08681530820473637, -0.08624911348783978], "aligned_model": [[-0.22403534556700452, -0.044469089844874216, 0.6691812808284084, -0.7305086048171375, 0.45772835026515035, 0.3907947761430203, -0.48927605348386083, 0.31102532982210157, -0.023041805515281455, -0.11598745550133782, 0.59954152057409, 0.503762166070319, 0.0625832385361644], [-0.2855370577837586, 0.38889895353301474, 0.6214683141234382, -0.0667639103710671, -0.125092206476029, -0.6817806983295478, 0.47183071131009013, -0.4888449746576964, 0.8509001676197617, 0.121445693394819, -0.04239556458948815, 0.46462045496981513, 0.1187354937651257], [0.49421211291632805, 0.6388873047157473, 0.269598188843862, 0.0030467064977516417, 0.5586368697206183, 0.09134275545825013, -0.031506766028806366, -0.5291697376274213, -0.19238727663492863, -0.5967704707406511, -0.19605705242467647, -0.5855828626575245, 0.027448308929289775]], "inverted": false, "swapped": true, "error_lsq": 0.03852958352507001, "error_max": 0.21972081752867645, "target": "79.xyz", "model": "13.xyz", "model_rescale": 3.9028299243045295, "target_rescale": 3.9156299601767315},
{"mapping": [10, 7, 6, 9, 3, 1, 14, 2, 4, 5, 0, 8, 12, 15], "R": [[-0.15455721414731402, -0.06739313955672632, -0.985682622498596], [0.57037279774594, 0.8085368581370436, -0.14471703640327888], [0.806713666145858, -0.5845736170702254, -0.08652599077123095]], "T": [-0.03202581841294458, 0.03206626288519942, 0.05949662387446736], "aligned_model": [[-0.7503220361734447, -0.541219681631628, 0.20950456132013615, -0.37209803117986484, 0.21031629841128918, 0.3300810367487417, -0.7422199613288432, 0.6976195629664358, -0.2677723127630753, -0.22188387348357208, 0.38420743762049236, 0.31728975803268333, -0.026126369613101427, -0.08845995256509645], [-0.16366551764559872, -0.5543167147497189, -0.15685078024725146, 0.0022506804729143445, -0.5310537617018617, 0.36386128614119395, 0.4669449898351048, 0.07861118801171196, -0.5120667668083906, 0.09814198262116369, -0.4778894166720399, 0.2312816304580716, 0.6978946440861913, -9.165346307037775e-05], [0.09254531053790727, -0.4068772272767419, -0.5324338523888541, -0.6364253384265433, -0.05388583314763283, -0.3659319173992393, -0.23976150048865652, 0.1466800909567676, 0.387682714805828, 0.5303360358201175, 0.5633929333507788, 0.7188895453809756, 0.261679838439898, -0.03405755310168368]], "inverted": false, "swapped": false, "error_lsq": 0.051099470000651716, "error_max": 0.3030373477809024, "target": "79.xyz", "model": "14.xyz", "model_rescale": 3.942246331269136, "target_rescale": 3.9156299601767315},
{"mapping": [9, 7, 8, 6, 0, 11, 10, 12, 2, 5, 1, 3, 4, 14], "R": [[0.5647587122971109, 0.719737546291994, -0.4037641159663509], [-0.7530314841966427, 0.2492771244661969, -0.6089371880797443], [-0.3376257998037336, 0.6479496737212265, 0.6827664605349659]], "T": [-0.0329020486059585, 0.07958412942245235, 0.017157963368849633], "aligned_model": [[-0.8272079832076132, -0.44125014080347025, 0.20481525931412964, -0.3182584444328877, 0.14561736212550946, 0.04707809627794204, -0.5132519168732851, 0.7496135388593345, -0.2932330929944928, -0.23742429941027735, 0.36523511096336087, 0.205846761777474, 0.04439621020207014, 0.006939974563358688], [-0.04872105734007348, -0.5683750487944808, -0.27018659613105606, 0.02984332532135263, -0.6315200431639942, 0.47325357677928004, 0.6058462142591075, 0.033154025647497046, -0.5990385473507749, -0.16148330604622865, -0.2619579265525918, 0.299253556595741, 0.649304131770986, -0.006320514656344173], [-0.010737689317307935, -0.36281604507400195, -0.6309098165344483, -0.4612633667434916, -0.03922606442708125, -0.5767600169101363, -0.01907376529679698, 0.2486527991644731, 0.2502822403890715, 0.5674639679441248, 0.6347964190620103, 0.6584786934302609, 0.1316484652973439, 0.0412974260789017]], "inverted": true, "swapped": false, "error_lsq": 0.052538001023268825, "error_max": 0.35948357540843834, "target": "79.xyz", "model": "15.xyz", "model_rescale": 4.355366556412066, "target_rescale": 3.9156299601767315},
{"mapping": [7, 5, 11, 8, 10, 4, 9, 1, 12, 2, 0, 13], "R": [[0.27170444600092425, -0.8565166006141424, 0.43881204050906], [0.9448561248732726, 0.32403155229036307, 0.047438975639874204], [-0.18282121680153451, 0.4017248635480405, 0.8973257695477795]], "T": [0.08162418604734822, -0.021011501257157835, -0.006508396826961145], "aligned_model": [[-0.15916114391180022, 0.45759288175201673, 0.12267045117842323, -0.47464282410439984, -0.6565322366101086, -0.32827091830533767, -0.11310701513120602, -0.16234274717325262, 0.5381670668104396, 0.12131739066973846, 0.19507780861214946, 0.05703984084511792], [-0.7211383667681703, -0.3770481275447563, -0.5620003413835338, 0.5113258536540245, -0.22354096031670403, -0.13073815489778629, 0.35215602660262546, 0.534117334227603, -0.10084626032553977, -0.03086695270882073, 0.7131026790010533, 0.04825369820098578], [0.124404008225073, 0.1809730111643016, -0.5659460845803956, -0.07714545486674523, -0.4125486736159874, 0.32639103677999826, -0.6827741684561339, 0.5821687190239903, -0.525325384186128, 0.7523239241290903, -0.151004939171674, -0.102257533235968]], "inverted": true, "swapped": true, "error_lsq": 0.04139189900510234, "error_max": 0.30370921427809555, "target": "79.xyz", "model": "16.xyz", "model_rescale": 3.795458400668931, "target_rescale": 3.9156299601767315},
{"mapping": [4, 7, 10, 2, 8, 11, 5, 1, 3, 12, 9, 0, 13], "R": [[-0.1655145175765445, -0.8728726156265565, 0.45901888998238194], [0.0021341887286904226, 0.4651204114605025, 0.8852448520501452], [-0.9862050444557027, 0.14750050756545563, -0.07512130562003622]], "T": [-0.16108414742695804, 0.0725321630979599, -0.03802850042462977], "aligned_model": [[0.1332307243462807, -0.2476404111989469, 0.458874127425095, -0.2705131320251769, 0.5705140502353256, -0.37284385673078385, -0.6667717227057719, 0.23735996000200787, -0.32134438682386895, -0.5596944773455219, 0.2326222323562433, 0.0560212915894267, -0.10118259822008616], [-0.23644491326878342, 0.07821323822059338, 0.5033196345982478, -0.6694505188672091, 0.03295473471338842, 0.7269639638795993, -0.038508428221593005, -0.6152282494599344, -0.30567638580049916, 0.6012080821454606, 0.6613372245898292, 0.0723661816307497, 0.1527267013106355], [-0.3678585938367771, -0.7848678401206612, -0.463276292086351, -0.16044650864906038, 0.20896005057577038, -0.40436317137820077, -0.22568212026328074, 0.24912397369261682, 0.33245168123793567, 0.17548410951891624, 0.32640739862784696, 0.6869127424899215, 0.029429601027618865]], "inverted": false, "swapped": true, "error_lsq": 0.043481582469874165, "error_max": 0.24188430479314593, "target": "79.xyz", "model": "17.xyz", "model_rescale": 3.7474275329858107, "target_rescale": 3.9156299601767315},
{"mapping": [8, 10, 12, 5, 11, 9, 4, 7, 3, 0, 1, 2, 6, 13], "R": [[0.28274613969534124, 0.9515822967341163, 0.12060577527468283], [0.7974032453623321, -0.30307118368657765, 0.521819817470013], [0.5331066354614277, -0.05137110239270154, -0.8444870188854032]], "T": [-0.029209147069555796, -0.08221965875306679, 0.03229311451917454], "aligned_model": [[-0.7364654162323537, -0.32332679723880026, 0.28398397437459943, -0.3802242340804668, 0.29741464096676773, 0.15700570929303279, -0.616817175477331, 0.7171757110353466, -0.2929984489428893, -0.39576284691129293, 0.20321979404540408, 0.29273553395540164, -0.04018995469477258, -0.026834053731493272], [-0.19175737182973762, -0.5383235244158668, -0.07267945220815629, 0.04345848171579643, -0.7214125000568422, 0.47492117141328516, 0.49789232984367626, -0.1344312499638297, -0.6529752503571201, 0.219398016679498, -0.37390330696808644, 0.3261619707958295, 0.6793809405907211, -0.012678464900747269], [0.10044375914234083, -0.39420828295781973, -0.6467179137069118, -0.5875563433085348, -0.048243054503594764, -0.28808523757016996, -0.053803968228532874, -0.05490135417730992, 0.2877191119805154, 0.7206299170946717, 0.6148871871854109, 0.5154171056605885, 0.1541239825428952, 0.1121283379093721]], "inverted": false, "swapped": false, "error_lsq": 0.04503608680992682, "error_max": 0.28072523754278994, "target": "79.xyz", "model": "18.xyz", "model_rescale": 3.922800546911778, "target_rescale": 3.9156299601767315},
{"mapping": [13, 7, 9, 11, 3, 10, 4, 0, 12, 8, 5, 1, 6, 14], "R": [[-0.044840817191202864, 0.44004195141988456, -0.8968569462875368], [0.23236050307787298, -0.868543690449713, -0.4377675803316088], [-0.9715955422515191, -0.22802398727014173, -0.06330216036126507]], "T": [-0.044313342294354505, 0.004783192238187711, 0.08903018957740355], "aligned_model": [[-0.7129859808541842, -0.26128931639864056, 0.24502009119035878, -0.4656179821662003, 0.26502884121312353, -0.02672024474157432, -0.5448040980783878, 0.6962812625732555, -0.2590385992322528, -0.3355313538230453, 0.20334758636061961, 0.4827288080316427, -0.09081927319283252, -0.05668330452072966], [-0.14564049364599413, -0.5725189001692707, -0.07884915194158287, 0.05455491599829512, -0.5303638945581202, 0.5846758135465069, 0.501550460519933, -0.3499142040765154, -0.7201979234493406, 0.14307270133881608, -0.3561874417596045, 0.40375033325956555, 0.6707804814524067, -0.06166090617667484], [0.04360592308208358, -0.41876380391023343, -0.6672997524385973, -0.48304392162254123, -0.07551236595567498, -0.4713408285293245, -0.07406004198410052, 0.24443940412222234, 0.30561617826534637, 0.6090866629104461, 0.7142485402315595, 0.4222490607429228, 0.26238699233890417, 0.02022119980990847]], "inverted": false, "swapped": false, "error_lsq": 0.05189883134944588, "error_max": 0.4009401513875733, "target": "79.xyz", "model": "19.xyz", "model_rescale": 3.9282355846067225, "target_rescale": 3.9156299601767315},
{"mapping": [3, 5, 2, 1, 7, 10, 0, 12, 6, 4, 8, 9, 11, 13], "R": [[-0.7116981760861861, -0.24979459412787464, -0.6565731999557145], [0.5064050297760064, 0.46533483331964925, -0.7259596674175064], [0.4868671810393041, -0.849156142086875, -0.20468071326575188]], "T": [-0.03071666083486476, -0.12001884076942582, 0.09815512537281817], "aligned_model": [[-0.7784266707220155, -0.3654988044109226, 0.07047836199423879, -0.4736303705736729, 0.4022973362058598, 0.30779155579812173, -0.5367479091706927, 0.8047496626438406, -0.24508958257446903, -0.43902850469638427, 0.05095453805459018, 0.47753858892565243, -0.04520561654070595, -0.09126614857228747], [-0.1715464795832633, -0.5819018633446951, -0.17217634400492346, 0.06864396929862918, -0.5114847077579033, 0.48812038245327916, 0.4885481015639168, 0.021860129524627736, -0.7139157513708463, 0.10540214200169118, -0.1738963710310054, 0.16095608251461924, 0.5612967146991916, -0.02685421462489733], [0.030113133232782488, -0.30467876352922674, -0.7177832133334434, -0.47607007968983367, -0.11944802196057372, -0.40959798534291697, -0.01921454960146253, 0.029885619816971076, 0.26600852587450013, 0.5245758842820465, 0.8525082297828535, 0.47386048707821626, 0.31942951468391334, -0.01775553423090552]], "inverted": true, "swapped": false, "error_lsq": 0.04901930688325988, "error_max": 0.38441945424168283, "target": "79.xyz", "model": "20.xyz", "model_rescale": 4.067790424073018, "target_rescale": 3.9156299601767315},
{"mapping": [5, 1, 7, 8, 9, 0, 4, 12, 13, 6, 11, 3, 2, 14], "R": [[-0.9330553578701731, 0.344924676655084, 0.10215021578121669], [0.2984261094204762, 0.5836167202118216, 0.7552041982837189], [0.2008719899984101, 0.735131614966723, -0.6474812370335503]], "T": [-0.08563700349695245, -0.04675221951982904, 0.06492648810190463], "aligned_model": [[-0.6513004583151887, -0.2626672028351431, 0.08897721995701248, -0.3754147684291222, 0.36335657508261815, 0.2626607233871778, -0.7079785227460675, 0.6523868287379213, -0.3496178273628898, -0.38286484289556, 0.17794874365106078, 0.4553559010851581, -0.08227600285395621, -0.049649930101868606], [-0.19001414530574673, -0.6462362018282527, -0.11323820959856827, 0.065866300601385, -0.5668793809448333, 0.4430139501338138, 0.45585411174379004, -0.22400316160132755, -0.630574223678437, 0.2586638133611384, -0.2758224642121579, 0.39214826477269843, 0.6898819911708219, -0.11560885427590405], [-0.024331549973628616, -0.4666601602977075, -0.6573985379768025, -0.4131046956107035, -0.29828474769782776, -0.3135914401803709, 0.014424964078293995, 0.16940994843060758, 0.34704259393155257, 0.669850913994147, 0.6090603235469798, 0.5532276848344296, 0.17019127259212077, 0.07199667739183034]], "inverted": true, "swapped": false, "error_lsq": 0.04692251471332654, "error_max": 0.27770220830842884, "target": "79.xyz", "model": "21.xyz", "model_rescale": 4.186013935880536, "target_rescale": 3.9156299601767315},
{"mapping": [8, 9, 0, 2, 7, 1, 4, 10, 6, 12, 11, 5, 13], "R": [[-0.40630617577666256, -0.039410456524888865, -0.9128866892677556], [-0.44264541347038655, 0.8825030552922173, 0.15891316916332746], [0.7993624518698477, 0.46865250806583936, -0.3760112993305175]], "T": [0.04772207852998187, -0.0330849505514702, 0.0822276857823622], "aligned_model": [[-0.03726020399621454, -0.3954636850442512, 0.31493913062781487, 0.639577951494115, -0.2756407683434822, 0.6233502390121275, 0.057071666055222674, -0.7025310364346014, 0.38826734060633866, -0.16419765840722836, -0.5962809962662934, 0.21311420315937776, -0.006372147039699981], [-0.3744320878374246, 0.24734170968934738, 0.23350366991830174, -0.4409445789872016, -0.3902638916082673, -0.5008593237181267, -0.5697483026915129, -0.41889839676470175, 0.7239309797119095, 0.6250189482859322, 0.2559133995927201, 0.11731726240230783, 0.011077271552809423], [-0.6062966663714568, -0.5173195647575183, -0.5736687689900408, 0.32891842511845865, 0.6594217034729069, -0.3228253871436544, 0.1349628701493908, -0.11533253460454987, -0.026197914736973374, 0.15946330279216053, 0.41247644167446296, 0.585505379704606, -0.016227724972446525]], "inverted": false, "swapped": true, "error_lsq": 0.04563479891066302, "error_max": 0.28296400318996967, "target": "79.xyz", "model": "22.xyz", "model_rescale": 4.166573947596378, "target_rescale": 3.9156299601767315},
{"mapping": [9, 8, 4, 3, 0, 2, 11, 1, 10, 14, 5, 6, 12, 15], "R": [[0.44663010271258297, -0.4397713135207253, 0.779180815443504], [-0.8938125879010048, -0.18012129355152026, 0.41067673091987555], [-0.04025678900081875, -0.8798622116067853, -0.4735207276622223]], "T": [-0.12545998933563032, -0.042849317289195984, 0.06193630620868295], "aligned_model": [[-0.7113797579514773, -0.362391657402954, 0.16403859499130555, -0.2659225925589719, 0.4262259029657477, 0.28287076282974366, -0.5177849240102862, 0.5841268066384793, -0.40145791858045443, -0.6010742073609678, 0.4471934435682967, 0.417023385953593, -0.26472840490566757, -0.05782299781523406], [-0.06176196187107562, -0.6210469042943392, -0.23144347020078865, 0.16615398831208678, -0.5977334962890937, 0.37381602453555246, 0.6112287604936362, -0.05082031756893744, -0.5608771547938696, 0.017984490909683085, -0.3614668882146309, 0.4146243413355933, 0.4952475720256195, -0.05085319404101582], [-0.06763800799813027, -0.45151288822972635, -0.5865051549309119, -0.4839707622191983, -0.1715202999716871, -0.2734220527854194, -0.13895257158908453, -0.0053102773541965145, 0.5271389886245083, 0.6912757429297697, 0.5734173620477716, 0.33677675295210807, 0.4089772279506982, 0.0730791876364199]], "inverted": true, "swapped": false, "error_lsq": 0.042648406701515255, "error_max": 0.25473868043870856, "target": "79.xyz", "model": "23.xyz", "model_rescale": 4.274766983524099, "target_rescale": 3.9156299601767315},
{"mapping": [8, 3, 2, 4, 5, 7, 10, 11, 9, 12, 13], "R": [[0.8279092792553738, -0.0864777279251877, -0.55415505762895], [0.37632709668320347, -0.6469562372655039, 0.6631934433973636], [-0.41586553310515956, -0.7576075696798168, -0.5030771598264061]], "T": [-0.042925594355996965, 0.19070426014111852, -0.016467413942376927], "aligned_model": [[0.3617916454059603, -0.0018377486799798226, -0.5664366692364788, -0.37318095175868027, -0.40922101657916515, -0.6554864282867708, 0.04589131908087918, -0.052147683243932486, 0.6799759705318249, 0.27899267806558314, 0.07155358865883489], [-0.2606808939540405, 0.6198560906146487, 0.4287151896543224, -0.1284094138611115, 0.5336791658380351, -0.1267433395377604, -0.6527209053955305, -0.015416240555942262, -0.10774088276057925, 0.4708545460689059, 0.15419321513253587], [-0.49632264053417585, -0.36305234023762567, -0.5132431416644568, -0.29926386009919914, 0.2103798815474594, 0.2823460846189707, 0.1610356522264591, 0.7350334441877635, 0.13470620346406303, 0.5329509150921531, -0.005003764579833772]], "inverted": true, "swapped": true, "error_lsq": 0.04649817863015884, "error_max": 0.21679831745644462, "target": "79.xyz", "model": "24.xyz", "model_rescale": 3.7841303162186577, "target_rescale": 3.9156299601767315},
{"mapping": [13, 5, 2, 12, 4, 8, 14, 1, 3, 11, 6, 7, 10, 15], "R": [[0.06707181469377843, -0.5138226484391843, -0.8552705172193333], [-0.23734237001037076, 0.8243783860612416, -0.5138763236352915], [0.9691078222115141, 0.2374585491112185, -0.0666593307981058]], "T": [0.024416950528284166, 0.10459804242560092, 0.03905402195383484], "aligned_model": [[-0.7245197798600783, -0.23679679116242117, 0.1277074982412439, -0.554421412420158, 0.3189916577857774, 0.4830973212132663, -0.6288355770934696, 0.7488960136646888, -0.31190803259597855, -0.3609080751179511, 0.1704744999652448, 0.22311534522473495, -0.14201711573430653, 0.026040884250560226], [-0.055309937957083555, -0.5788886741964926, -0.12822871624190318, -0.089231423936692, -0.5674499369218868, 0.2153585977880097, 0.49402200384466166, -0.04607717663340863, -0.6055306777524397, 0.0660208797881961, -0.40075358963913954, 0.35425846717146536, 0.8339867221442951, 0.05087525288083841], [0.19881386971340378, -0.4446318624761066, -0.670816241635761, -0.4109995237238012, -0.0961554383567367, -0.3170389442262923, -0.18657637435623034, -0.03486119462381382, 0.2168308318529715, 0.7019748289106396, 0.5343452216182362, 0.6056175050349695, 0.2524713613682279, 0.08285920796321491]], "inverted": false, "swapped": false, "error_lsq": 0.04488755503059861, "error_max": 0.2599359355859497, "target": "79.xyz", "model": "25.xyz", "model_rescale": 4.19342608120988, "target_rescale": 3.9156299601767315},
{"mapping": [7, 5, 11, 8, 10, 4, 9, 1, 12, 2, 0, 13], "R": [[0.27170444600092425, -0.8565166006141424, 0.43881204050906], [0.9448561248732726, 0.32403155229036307, 0.047438975639874204], [-0.18282121680153451, 0.4017248635480405, 0.8973257695477795]], "T": [0.08162418604734822, -0.021011501257157835, -0.006508396826961145], "aligned_model": [[-0.15916114391180022, 0.45759288175201673, 0.12267045117842323, -0.47464282410439984, -0.6565322366101086, -0.32827091830533767, -0.11310701513120602, -0.16234274717325262, 0.5381670668104396, 0.12131739066973846, 0.19507780861214946, 0.05703984084511792], [-0.7211383667681703, -0.3770481275447563, -0.5620003413835338, 0.5113258536540245, -0.22354096031670403, -0.13073815489778629, 0.35215602660262546, 0.534117334227603, -0.10084626032553977, -0.03086695270882073, 0.7131026790010533, 0.04825369820098578], [0.124404008225073, 0.1809730111643016, -0.5659460845803956, -0.07714545486674523, -0.4125486736159874, 0.32639103677999826, -0.6827741684561339, 0.5821687190239903, -0.525325384186128, 0.7523239241290903, -0.151004939171674, -0.102257533235968]], "inverted": true, "swapped": true, "error_lsq": 0.04139189900510234, "error_max": 0.30370921427809555, "target": "79.xyz", "model": "26.xyz", "model_rescale": 3.795458400668931, "target_rescale": 3.9156299601767315},
{"mapping": [8, 4, 1, 0, 6, 11, 10, 9, 7, 3, 12, 5, 13], "R": [[0.04833570442410823, -0.5701245293390382, -0.8201351600338602], [-0.01420687778627655, 0.8206194172151595, -0.5712984655265739], [0.9987301058351006, 0.039265673754468544, 0.03156552808391772]], "T": [-0.03334476392431454, -0.007043276075963771, 0.020075651579752073], "aligned_model": [[0.0713615602963239, 0.3293320620089154, 0.6732449524426203, -0.05946323170817863, -0.2818147952716702, -0.6802173450920642, -0.36029115916578114, -0.5979091235800281, 0.0036205835451643548, 0.2973655330955257, -0.6174087674089104, 0.03263341970315642, -0.11077730604381657], [-0.6723486848227028, -0.3147090284197406, -0.25955368927960193, -0.08993967655741658, 0.5820185245042115, 0.05327276271614995, -0.7413693785653097, -0.3995741666206134, -0.05616809009763473, 0.2622629999743192, 0.35447204832890256, 0.46698120984113567, -0.06346332774478455], [-0.3596755021328491, 0.27440471549703116, -0.3687663461089605, -0.7316693964961768, -0.5203585661217632, 0.4504732429986663, 0.3435459319978033, -0.38203903630591013, 0.7694177473304954, -0.33218198839578983, -0.09016030969151786, 0.2924934993554811, -0.053347329827083935]], "inverted": false, "swapped": true, "error_lsq": 0.04283252624525377, "error_max": 0.28027964113314763, "target": "79.xyz", "model": "27.xyz", "model_rescale": 3.6321398670334006, "target_rescale": 3.9156299601767315},
