[{"mapping": [7, 13, 3, 6, 1, 8, 0, 2, 9, 4, 5, 11, 12, 14], "R": [[0.7099477677109935, -0.14532531194029588, 0.6890970329580829], [-0.4580924066162828, -0.8384827405422077, 0.29512377202341955], [0.5349070144638971, -0.5251925813663829, -0.6618513718011285]], "T": [-0.09167425892681452, 0.17613028492543656, 0.12559747772429622], "aligned_model": [[0.2627169378114599, 0.2043513867695807, -0.3910931794436307, -0.4929776420475583, -0.6382746090686044, -0.15823222318550306, -0.7018518028233005, -0.2624742247569518, -0.251232968927122, 0.2595968348861419, 0.6938708109085008, 0.3162365350710767, 0.5811175752579645, -0.05026132932374981], [-0.586687830186093, -0.33045380848917394, -0.41967076078422194, -0.3808307324653323, 0.31387439153997077, 0.19599431928855932, 0.29400415432963184, 0.3740747576829775, 0.7159857744791859, -0.06745649987583627, 0.38969336802474197, 0.6203965135886825, 0.012490650444927115, 0.10385903423201552], [0.1370096750425336, -0.38466295511685156, 0.48155778984988395, -0.1438071299066904, 0.4313309622378233, -0.5836611038966865, -0.2310772424699903, 0.9127256215444296, 0.007797324540076159, 0.7182420411113988, 0.5219388631613895, -0.18497514979997778, 0.052286685788265536, 0.16288270509422914]], "inverted": false, "swapped": true, "error_lsq": 0.04598743004391319, "error_max": 0.34402949849665865, "target": "790.xyz", "model": "0.xyz", "model_rescale": 3.8414455957264533, "target_rescale": 4.0757145328476785},
{"mapping": [0, 7, 2, 9, 6, 5, 13, 8, 11, 4, 3, 1, 10, 12, 14], "R": [[-0.9581838411402659, 0.20199597293527957, 0.20268535589828818], [-0.2523921519744302, -0.930349561271137, -0.26598476547411404], [0.13484038044815083, -0.3060184974156515, 0.942428114521243]], "T": [0.08432613857464578, 0.008543896421793708, -0.049952092151559616], "aligned_model": [[-0.6376407970339799, -0.24719908371344956, 0.30760005296530796, 0.17198485960124077, 0.8059033366074674, 0.5048800974085625, -0.20806899035506288, 0.521359453004744, -0.32947223178860374, -0.18876730170455175, -0.00895809762355651, -0.36215285011602183, 0.5981249177080524, 0.24058322044198516, 0.07321409817572894], [0.004944777558898739, -0.07651783805809745, -0.559024188955947, 0.3014675084168223, -0.15496818886306227, -0.4656077157895777, 0.6927906631026478, 0.6665255839362276, 0.48227679637370463, -0.45805988477870235, -0.5909682920423817, -0.20971765585908297, 0.02763125915167816, 0.5440798761192024, -0.008165507541767291], [-0.11528324657629067, -0.5938367586473371, -0.46542766932998725, -0.6598876511716982, -0.3001866202018324, 0.13070615241250993, -0.19541154184220716, -0.06904079232920557, 0.525037864558856, -0.10926582659867441, 0.4452852945630029, 0.6582260624271049, 0.40174225976733335, 0.47069604496497053, 0.037576859885716796]], "inverted": true, "swapped": false, "error_lsq": 0.05138770747533556, "error_max": 0.345409583287546, "target": "790.xyz", "model": "1.xyz", "model_rescale": 4.316132596720782, "target_rescale": 4.0757145328476785},
{"mapping": [8, 12, 13, 1, 6, 9, 3, 2, 7, 10, 4, 14], "R": [[-0.895809703532133, 0.05028125898190815, -0.44158438610628736], [-0.38928902378400193, 0.39059963530239167, 0.834197806795809], [0.21442721613398616, 0.9191864445784835, -0.33032900127629705]], "T": [-0.10541901235233814, -0.06143322640357747, 0.05617998797791351], "aligned_model": [[-0.32451161449367055, 0.5553931653716782, 0.18674767766563333, -0.5909144501771304, -0.4106643057406575, -0.41016431377675383, -0.17147910255906504, -0.14644355303940632, 0.4142897383682356, 0.12478110341275028, 0.4118055205297861, -0.04103131092961941], [-0.7320538544132595, -0.2789558301308729, -0.5764902751678999, 0.3525019144652152, -0.1705121966999119, -0.18897374183951504, 0.4124123820121779, 0.7206102072084948, -0.06207110536212345, 0.11525722419404734, 0.44948506076261957, -0.028433357287991824], [-0.04451103965259554, 0.027676707951520295, -0.4477835004773865, 0.12075726138112347, -0.6062065395974072, 0.5269703084079153, -0.529007779928855, 0.32940226456278715, -0.6052708740295514, 0.6939407677846169, -0.01726909652754357, 0.0005599813347968371]], "inverted": true, "swapped": true, "error_lsq": 0.05052565175063126, "error_max": 0.24633618159688603, "target": "790.xyz", "model": "2.xyz", "model_rescale": 3.795458400668931, "target_rescale": 4.0757145328476785},
{"mapping": [3, 4, 7, 11, 6, 8, 12, 1, 10, 9, 13, 14], "R": [[0.7652333050395776, 0.5801707168409032, 0.2789622343230666], [0.6437140090524793, -0.6943831168754697, -0.32165876569416296], [0.007089669088853501, 0.42571589859743375, -0.9048291055628075]], "T": [0.18041254135075102, -0.014091174409470799, 0.054786062896887804], "aligned_model": [[-0.045769763570327915, -0.18474973482649215, -0.6251372774071046, 0.22521612451808767, -0.0001431462808225148, 0.18200205167830175, -0.38706673319239315, 0.6647685510869608, 0.4154775012143607, 0.6823111316943868, -0.43549070092225906, 0.10188582175086665], [-0.126925788120668, -0.6316995790027649, 0.0030004770868176066, 0.04957699807974428, 0.4763857599710898, 0.6583345556951272, -0.14125190594151985, -0.1386519076700296, -0.5130534968689932, 0.04428413185252514, 0.45425351693101973, -0.048483716722638806], [-0.6575679465183445, -0.08366917255285089, -0.18690009778228495, 0.7286985627848451, -0.4654646875249232, 0.2908229011672413, 0.437668127837442, -0.3465893533868645, 0.4869104504294885, 0.32950398415139126, 0.13186253261807196, 0.02349612941588817]], "inverted": true, "swapped": true, "error_lsq": 0.05210272301939702, "error_max": 0.3135622265521585, "target": "790.xyz", "model": "3.xyz", "model_rescale": 3.7530521520055578, "target_rescale": 4.0757145328476785},
{"mapping": [9, 6, 13, 7, 11, 3, 10, 1, 2, 4, 14], "R": [[-0.7596806704455835, -0.28205073534397945, -0.585945954541261], [-0.49506190651802257, -0.3334121169999464, 0.8023403697635779], [-0.4216621724391337, 0.8996019913992713, 0.11365416580299986]], "T": [-0.09368237324289072, -0.170884206704879, -0.03962440708192803], "aligned_model": [[-0.4445478706134851, -0.19156596670636603, 0.44798391668292536, 0.5384961383885646, 0.13169826892469602, -0.1647044458196251, -0.08009478814160734, -0.6830894919641572, -0.43122982423218903, 0.24666333780812136, -0.031409671881672846], [-0.60532229617385, 0.1760591130365742, -0.18513115651956882, 0.3145222571746996, -0.7957443050541073, 0.5676509211267318, -0.45709590966705094, 0.053115440102929096, 0.21329446710804048, 0.2902355727248771, -0.10438074554492946], [0.09798648202915233, -0.6829578803501682, -0.5973151732892281, -0.3085960218870681, 0.09811621287131597, -0.18405449399727702, 0.5997883387316933, 0.07717350328302192, 0.6133639713250228, 0.41368214215213706, -0.034356303623285844]], "inverted": true, "swapped": true, "error_lsq": 0.043704219070896125, "error_max": 0.2096047142052701, "target": "790.xyz", "model": "4.xyz", "model_rescale": 3.7855080009869324, "target_rescale": 4.0757145328476785},
{"mapping": [1, 2, 9, 5, 10, 15, 4, 7, 11, 12, 14, 13, 8, 6, 16], "R": [[0.34603100720794183, 0.904560101106316, -0.24906538406046963], [-0.9358358376522331, 0.351691938760148, -0.02289246987269026], [0.06688667293565342, 0.24100581672992916, 0.9682160757217054]], "T": [0.07526857672110346, 0.01405576413877118, -0.03519157741140365], "aligned_model": [[-0.6240220865022489, -0.2813754827269196, 0.33840783263150687, 0.3510703976169979, 0.7741485724504039, 0.5853886322736852, -0.12688775017064602, 0.5048299840822345, -0.4605958713940006, -0.4832701894367476, -0.08864040802748102, 0.018406906070779605, 0.606655850601017, 0.05969307834782042, 0.06758121776146105], [0.2452900737531734, -0.40632648850292596, -0.5365113636706078, 0.4165585308031224, -0.02053206126373827, -0.5574146351942981, 0.7108900076341581, 0.6263830820380475, 0.23693516377309073, -0.2468406988195715, -0.6406138739248566, -0.12731377091003168, 0.01764942717814291, 0.5165177447387435, -0.037983944861885506], [-0.21019786694170856, -0.5269938385926828, -0.4019988688107062, -0.6809687239854796, -0.23850096720347208, 0.26897485448894476, -0.17856396127662394, -0.07880034873222627, 0.5085089787454576, 0.2529624531431673, 0.01212552572473942, 0.6730802940096898, 0.4262458774056643, 0.3811813683582988, -0.0461243444508011]], "inverted": false, "swapped": false, "error_lsq": 0.042876914727413645, "error_max": 0.27479545613649703, "target": "790.xyz", "model": "5.xyz", "model_rescale": 4.2253639853439635, "target_rescale": 4.0757145328476785},
{"mapping": [11, 8, 7, 12, 13, 3, 4, 5, 0, 9, 6, 2, 10, 14], "R": [[0.08224511666972312, -0.8460960084019052, 0.526647211471158], [-0.8289718777208527, -0.35140944391000656, -0.43510576723231753], [0.5532100566077476, -0.4007904032000056, -0.7302915075302668]], "T": [0.015200993460367518, 0.08250606759415265, 0.021001301605197337], "aligned_model": [[0.5612854160132179, -0.10374312612317396, -0.42131605402568023, 0.23576557327143044, -0.3140556418510715, -0.5908383465042516, 0.08774046160788082, 0.6748047472006053, -0.26925166679193113, 0.35845327118231496, -0.7015846797305262, 0.1960148482123592, 0.677616532664217, -0.01682918236760729], [-0.02551027768277929, 0.12843315961620916, -0.6303776005268183, -0.5722936595543655, -0.4567944679350326, 0.01826874198227603, -0.3273521818060226, -0.44708141844480215, 0.6473751803774498, 0.5074272742653347, 0.10657708082650882, 0.3565032341524858, 0.13046631301474465, 0.00945776834980215], [-0.366740013392469, -0.6801515181889912, 0.11515319110283787, -0.06496286413796123, -0.43217563560060324, 0.4681346198160037, 0.6215907808255391, 0.34385842743390327, -0.31580325550224275, -0.1589977250263591, -0.15066030691623522, 0.7826818514844076, 0.24428562521699046, 0.06534503181662789]], "inverted": false, "swapped": true, "error_lsq": 0.04330999516327561, "error_max": 0.2815251024228126, "target": "790.xyz", "model": "6.xyz", "model_rescale": 3.89814844738969, "target_rescale": 4.0757145328476785},
{"mapping": [8, 11, 12, 0, 7, 10, 9, 6, 1, 2, 4, 3, 14], "R": [[0.5639702768415955, 0.7599912054698625, 0.3230338905558975], [0.7873810613641203, -0.6128064863804775, 0.06707663121479289], [0.24893491326916306, 0.21652154132667528, -0.9440073257645808]], "T": [-0.07143362593871284, 0.055132496632706265, -0.08069399519651634], "aligned_model": [[0.09932739729954694, -0.12121510044184187, 0.42717551100980083, -0.36748401730157376, 0.7171046252403156, -0.4469599692820061, -0.5485690301773034, 0.2524488261865338, -0.556987230069505, -0.5623921628148936, 0.11906745302367837, 0.14109348673596567, -0.003977988504494698], [-0.4831460131296589, 0.1981901166542085, 0.4427222809742547, -0.5972973214968226, 0.17723697938489846, 0.5836736900192295, -0.04458606161575222, -0.5080111225778041, -0.08694775496358774, 0.5206857116197261, 0.6709234824111295, -0.00709770933381338, 0.09743498752447749], [-0.5153998692551471, -0.7419620020651859, -0.3738907584092983, -0.06986632790828194, 0.18560049786494853, -0.34635278620308346, -0.38594442155401015, 0.2683020565830787, 0.31334819144963266, 0.3990405944467731, 0.26349241118651356, 0.6420078435200135, -0.03610039881965725]], "inverted": false, "swapped": true, "error_lsq": 0.03876566882668301, "error_max": 0.20732354312058826, "target": "790.xyz", "model": "7.xyz", "model_rescale": 3.7474275329858107, "target_rescale": 4.0757145328476785},
{"mapping": [2, 4, 13, 12, 11, 9, 1, 10, 3, 8, 9, 5, 7, 0, 14], "R": [[-0.48718694935619955, 0.6045724584532717, 0.6301912557761864], [-0.5070416884964251, 0.3917113754253345, -0.7677700987203702], [-0.7110257396913942, -0.6935808106069252, 0.11570677013099195]], "T": [0.0996575189537352, 0.11055289447416232, -0.016590024228654666], "aligned_model": [[-0.7170667040360637, -0.37706318911077763, 0.12401180142737062, 0.44314375466332184, 0.64441586345647, 0.3578183446843924, -0.2844675011556264, 0.7350341287400802, -0.365075507329209, -0.34846209399868405, 0.3578183446843924, 0.029031503691302363, 0.5611815563976773, 0.01868183601922943, 0.062388545443987205], [0.15060020862073026, -0.38679177222672007, -0.24004672707072822, 0.253630663018196, -0.17575809185974994, -0.552465854634776, 0.6600226413750682, 0.4880733362925959, 0.2763698803723603, -0.3698185889651929, -0.552465854634776, -0.1511074651346218, -0.035443213477507576, 0.7287582445162779, 0.1031297865794067], [-0.21645811087882894, -0.387550257747267, -0.8439947637548084, -0.5087166104093583, -0.1045918468746028, 0.25562233125228667, -0.35619683543315545, 0.15381607728736374, 0.5036622976826898, 0.16682853056385155, 0.25562233125228667, 0.6464086833111412, 0.4625324353246668, 0.19666644479293696, -0.06272027448694087]], "inverted": false, "swapped": false, "error_lsq": 0.056184738829833346, "error_max": 0.41918483695980546, "target": "790.xyz", "model": "8.xyz", "model_rescale": 4.019505241142653, "target_rescale": 4.0757145328476785},
{"mapping": [3, 6, 1, 2, 4, 10, 9, 7, 12, 13, 8, 11, 14], "R": [[-0.241727876295938, 0.935358764560779, -0.2582084727130174], [0.8935660643395187, 0.11083461232341602, -0.435034915118202], [-0.3782952847739962, -0.3358863948873956, -0.8625966654510728]], "T": [0.03950076032027549, 0.019194590323306365, -0.034079596964804657], "aligned_model": [[-0.3925054955020968, -0.6940427912033192, 0.014886226821780514, 0.4589227032327803, 0.29388734279163986, 0.7392122272726439, 0.3138276934879024, -0.3552436264288404, 0.21047184380372483, -0.4260367448108009, -0.29683641802812966, 0.43097227520528736, 0.02218553509860382], [-0.5130989100270795, -0.013587444888032416, 0.06378884870519036, -0.3586165341738171, -0.665714907167036, 0.04131832270292714, 0.4938440891400243, -0.5828315013124634, -0.24640655600827824, -0.033461817923430004, 0.5548583310048394, 0.3892465612955507, -0.06596025323433569], [-0.3524701499901617, -0.10240249938759803, -0.6733165030449904, -0.6417549588368197, -0.022250459349235516, -0.06348749337487868, -0.20795424905759535, 0.40107128426531236, 0.5864251765968219, 0.5865059893331629, 0.29427073035366874, 0.3782681283486451, -0.006201501812452714]], "inverted": true, "swapped": true, "error_lsq": 0.04724304166331686, "error_max": 0.341351708927493, "target": "790.xyz", "model": "9.xyz", "model_rescale": 3.877068213659057, "target_rescale": 4.0757145328476785},
{"mapping": [14, 9, 8, 11, 0, 1, 10, 12, 13, 2, 7, 4, 5, 6, 15], "R": [[0.4641075744709923, -0.14014288997614732, -0.8746222783052044], [0.8597864129244653, 0.3087178842438351, 0.4067684748090631], [0.21300582965997358, -0.9407726815427541, 0.26377126112168253]], "T": [0.0454141272117192, 0.06537408455760799, 0.08400078146720785], "aligned_model": [[-0.6543853693915237, -0.3482825453137391, 0.16505508656124815, 0.35858464925985617, 0.7737206662039825, 0.6680794892534236, -0.16032154953486474, 0.6055718831734426, -0.5906336660035633, -0.4856959524664568, 0.060760430964852154, 0.0018065475800750491, 0.7287711767974194, -0.00992750581129178, 0.12828734230500313], [0.3033607529472432, -0.10073133173991564, -0.4607514497309886, 0.25495146860643403, 0.0008422447340070693, -0.5166790185473894, 0.544372081201679, 0.5572671543430933, 0.2861093218928745, -0.33169992622910993, -0.7461985890522469, -0.33481910360399325, 0.017917402443506036, 0.6598113554533832, 0.06293483005198613], [-0.1673248178282784, -0.41904715324544134, -0.46754332268364013, -0.5568111377735361, -0.2309139094315854, 0.24650814217050504, -0.39708604020271693, 0.03440529733338413, 0.46394506120857254, 0.10869230170181823, 0.1700290083911507, 0.6280912802747998, 0.4605196367012823, 0.23855242251050796, 0.048913662755439416]], "inverted": false, "swapped": false, "error_lsq": 0.039146706572814986, "error_max": 0.2362759941703548, "target": "790.xyz", "model": "10.xyz", "model_rescale": 4.260839863003843, "target_rescale": 4.0757145328476785},
{"mapping": [2, 3, 6, 1, 8, 9, 10, 4, 7, 13, 12, 14], "R": [[-0.9300872326700096, 0.30236663198974234, 0.20859568423968788], [0.028593253463301965, 0.6257255589068844, -0.7795190509455499], [-0.36622420111268894, -0.7190562876366822, -0.5906249992419266]], "T": [-0.097709808443182, 0.10093269185521103, -0.09619224177558008], "aligned_model": [[0.38548744157419, 0.15670248446652563, -0.40626866267907435, -0.19346605287007698, -0.7030804030383474, -0.407100570456623, 0.19808887901472783, 0.6269843696175397, 0.2885706747427575, -0.2185290739810477, 0.2594700707449077, -0.027960508041348586], [-0.010362381362621631, -0.6106328783398567, -0.5160409822256647, -0.18746814583472032, 0.21942231631151435, 0.4423268718461563, 0.6427857012368458, 0.0073392900671217925, -0.27168267407355734, -0.004729557178721533, 0.3990621187416735, 0.06305882634476434], [-0.7610675546498453, -0.11313757653524945, 0.16450632318728906, -0.6608815755759887, 0.26068158770221783, -0.4404409569185107, -0.42762681090280596, -0.09271301523936157, 0.5515422815431409, 0.6646379167604022, 0.42182574349177815, -0.05114828546756137]], "inverted": true, "swapped": true, "error_lsq": 0.0352215372703561, "error_max": 0.21984768272501087, "target": "790.xyz", "model": "11.xyz", "model_rescale": 3.890672605050136, "target_rescale": 4.0757145328476785},
{"mapping": [1, 0, 9, 2, 10, 7, 6, 4, 3, 13, 11, 8, 12, 14], "R": [[0.09666195892945822, 0.9642855751102513, 0.24659642197366127], [0.5223491671135985, 0.16174849317157833, -0.8372507226467196], [-0.8472353942746077, 0.2097397305972718, -0.488058840814644]], "T": [0.13524353949750634, 0.03529820262410308, 0.07907647609816262], "aligned_model": [[0.48541036077292266, 0.06683899980588709, 0.4992627190588691, 0.7928566244702211, 0.7242058201030764, -0.48761211117635883, -0.4261888860296409, 0.2768835148551527, -0.08007461059992321, -0.6043576710433101, 0.24972766789454975, -0.2809908710256897, -0.10391901338101095, 0.09783329108894878], [-0.23340168516982782, 0.23551615358380165, 0.42263625978182817, -0.47003805385943553, 0.2090280796111055, -0.36634519638694757, -0.20160103179352626, -0.4792071204485794, -0.6705104277190282, 0.17015227676579267, 0.6377862751658541, 0.5633182821637926, 0.1428758259307781, -0.02805711779784289], [-0.38611371383746607, -0.6055119632233141, -0.14055747851099484, 0.08935537547689612, 0.4165550424638991, 0.47700643698325285, -0.3362561702336254, 0.578251667289814, -0.08466292481834761, 0.277643250730407, 0.3691119248765491, -0.15717760147459744, 0.7240800284893407, 0.1330665611450476]], "inverted": true, "swapped": true, "error_lsq": 0.04164256625317004, "error_max": 0.26343224303482, "target": "790.xyz", "model": "12.xyz", "model_rescale": 4.124412569039231, "target_rescale": 4.0757145328476785},
{"mapping": [4, 2, 1, 5, 3, 7, 10, 13, 9, 11, 6, 0, 14], "R": [[0.4694226522430641, -0.7164080630421646, 0.5161413186030176], [0.7215130330583625, 0.6481811189648277, 0.24347521464088834], [-0.5089806643557394, 0.2581099072598307, 0.821168654471365]], "T": [0.13172132506490772, 0.14222167760027404, -0.10043731371562076], "aligned_model": [[-0.18515129122647042, -0.0642311863427927, 0.4037378708006317, -0.7193986957689393, 0.5879933639565921, 0.2577934577492902, -0.4960098351049248, 0.31529398564822886, 0.001486791574170504, -0.3420361593048793, 0.8265897983423085, 0.6541246242086682, 0.12710558297787425], [-0.19043023084688526, 0.4920703186710801, 0.6082710698277141, -0.10082833852149375, -0.11914025601897982, -0.6759642227685816, 0.4345337061749875, -0.49655057331981456, 0.6551203789179122, 0.22372087809317953, -0.10060481411979322, 0.5529878116272926, 0.06429964879185918], [0.46779497544241505, 0.6256025605547193, 0.24600648848812096, 0.09008339595827741, 0.4425581614231267, 0.0488693676939537, 0.006603283221607942, -0.5040403683060812, -0.32572312352537436, -0.5791133848541449, -0.14540310709213392, -0.36838080844865223, -0.053159359587995385]], "inverted": true, "swapped": true, "error_lsq": 0.03967558921113273, "error_max": 0.21618255127653999, "target": "790.xyz", "model": "13.xyz", "model_rescale": 3.9028299243045295, "target_rescale": 4.0757145328476785},
{"mapping": [11, 1, 2, 6, 3, 0, 9, 7, 14, 12, 8, 5, 4, 10, 15], "R": [[0.4441020586940241, 0.8935535457180304, 0.06584392453723836], [0.5692501445335554, -0.22464303005082684, -0.7908791197130631], [-0.6919014629354789, 0.38871270880216824, -0.6084199171652953]], "T": [0.07754803295824161, -0.05527672877546623, 0.028599656341523255], "aligned_model": [[-0.5715089644559617, -0.245115871879748, 0.18875227572549763, 0.20638819045242973, 0.6493663590083362, 0.7364923557856102, -0.07769000434243895, 0.4662951284517085, -0.5310674325992909, -0.5303358449127328, 0.06469323437659519, 0.05685576348700692, 0.6133562334602228, 0.1331072358759639, 0.08180202514466423], [0.18128910251313868, -0.11627555175999334, -0.6403641984810208, 0.2127445352212186, -0.006820136311145003, -0.5501720749429115, 0.651328972406987, 0.762902935455681, 0.5318463153993607, -0.3641344116210062, -0.7879646703814387, -0.24838725965352687, 0.03518013227430743, 0.48097684425403037, 0.05453665839688178], [-0.23335131218563507, -0.5320837693560883, -0.4043622804842181, -0.5680351382453572, -0.21505010433589972, 0.11852954570047794, -0.2497077120394602, 0.0378564711917255, 0.28922275367947026, 0.1676119282196427, 0.2725469742940928, 0.5022894139923259, 0.4336803920554785, 0.543087637185799, -0.0013043677900918954]], "inverted": true, "swapped": false, "error_lsq": 0.043869584620333676, "error_max": 0.23771121095557665, "target": "790.xyz", "model": "14.xyz", "model_rescale": 3.942246331269136, "target_rescale": 4.0757145328476785},
{"mapping": [4, 10, 9, 5, 2, 7, 3, 1, 13, 11, 6, 8, 0, 12, 14], "R": [[-0.523493827904773, 0.17740053135209183, -0.8333566245141414], [-0.06849815837962912, -0.9836810323228273, -0.16637195961728585], [-0.8492715787333328, -0.030011299943388484, 0.5271025587411815]], "T": [0.01298782217632001, 0.00831371810185921, -0.02639336622745448], "aligned_model": [[-0.5071832548948306, -0.41390021119275283, 0.2604665620928249, 0.4280739685464461, 0.7634047811926121, 0.5893334461364658, -0.05719207951436696, 0.44022673402363766, -0.5471710088546591, -0.5375496027496305, -0.024540826616435474, 0.12406741569825326, 0.6398968716323816, -0.010766229974839253, 0.09422411805275582], [0.1967643880609831, -0.29587262126557123, -0.5635673061562683, 0.24762156179999945, -0.06155304537828529, -0.605538986027746, 0.6576037615035454, 0.6968616862560701, 0.35797760526665884, -0.33327549637409865, -0.5383937674811975, -0.3341380665433947, 0.02293175231730837, 0.7042400811247026, 0.045025645667856606], [-0.2202293084394221, -0.5103745579608624, -0.5361665251081231, -0.4425841941240565, -0.14739312499182716, 0.12189718473180441, -0.32646860918956305, -0.023224212579212346, 0.44782925716384414, 0.28074890856738965, 0.08537386987357226, 0.6586095720027942, 0.35764939135824836, 0.40162357317909025, 0.013639207398584749]], "inverted": false, "swapped": false, "error_lsq": 0.04725527201060456, "error_max": 0.2718429002178637, "target": "790.xyz", "model": "15.xyz", "model_rescale": 4.355366556412066, "target_rescale": 4.0757145328476785},
{"mapping": [8, 12, 13, 1, 6, 9, 3, 2, 7, 10, 4, 14], "R": [[-0.895809703532133, 0.05028125898190815, -0.44158438610628736], [-0.38928902378400193, 0.39059963530239167, 0.834197806795809], [0.21442721613398616, 0.9191864445784835, -0.33032900127629705]], "T": [-0.10541901235233814, -0.06143322640357747, 0.05617998797791351], "aligned_model": [[-0.32451161449367055, 0.5553931653716782, 0.18674767766563333, -0.5909144501771304, -0.4106643057406575, -0.41016431377675383, -0.17147910255906504, -0.14644355303940632, 0.4142897383682356, 0.12478110341275028, 0.4118055205297861, -0.04103131092961941], [-0.7320538544132595, -0.2789558301308729, -0.5764902751678999, 0.3525019144652152, -0.1705121966999119, -0.18897374183951504, 0.4124123820121779, 0.7206102072084948, -0.06207110536212345, 0.11525722419404734, 0.44948506076261957, -0.028433357287991824], [-0.04451103965259554, 0.027676707951520295, -0.4477835004773865, 0.12075726138112347, -0.6062065395974072, 0.5269703084079153, -0.529007779928855, 0.32940226456278715, -0.6052708740295514, 0.6939407677846169, -0.01726909652754357, 0.0005599813347968371]], "inverted": true, "swapped": true, "error_lsq": 0.05052565175063126, "error_max": 0.24633618159688603, "target": "790.xyz", "model": "16.xyz", "model_rescale": 3.795458400668931, "target_rescale": 4.0757145328476785},
{"mapping": [8, 11, 12, 0, 7, 10, 9, 6, 1, 2, 4, 3, 14], "R": [[0.5639702768415955, 0.7599912054698625, 0.3230338905558975], [0.7873810613641203, -0.6128064863804775, 0.06707663121479289], [0.24893491326916306, 0.21652154132667528, -0.9440073257645808]], "T": [-0.07143362593871284, 0.055132496632706265, -0.08069399519651634], "aligned_model": [[0.09932739729954694, -0.12121510044184187, 0.42717551100980083, -0.36748401730157376, 0.7171046252403156, -0.4469599692820061, -0.5485690301773034, 0.2524488261865338, -0.556987230069505, -0.5623921628148936, 0.11906745302367837, 0.14109348673596567, -0.003977988504494698], [-0.4831460131296589, 0.1981901166542085, 0.4427222809742547, -0.5972973214968226, 0.17723697938489846, 0.5836736900192295, -0.04458606161575222, -0.5080111225778041, -0.08694775496358774, 0.5206857116197261, 0.6709234824111295, -0.00709770933381338, 0.09743498752447749], [-0.5153998692551471, -0.7419620020651859, -0.3738907584092983, -0.06986632790828194, 0.18560049786494853, -0.34635278620308346, -0.38594442155401015, 0.2683020565830787, 0.31334819144963266, 0.3990405944467731, 0.26349241118651356, 0.6420078435200135, -0.03610039881965725]], "inverted": false, "swapped": true, "error_lsq": 0.03876566882668301, "error_max": 0.20732354312058826, "target": "790.xyz", "model": "17.xyz", "model_rescale": 3.7474275329858107, "target_rescale": 4.0757145328476785},
{"mapping": [6, 3, 1, 7, 8, 11, 0, 2, 13, 9, 12, 4, 10, 14], "R": [[-0.8178773007218462, 0.07095362939453626, -0.5710011413646121], [0.3764731932349151, -0.6844841393903033, -0.6242991251784855], [-0.4351375135970849, -0.7255667063743063, 0.5331119008816894]], "T": [0.05197925383100002, -0.03494568416074828, 0.0839753967871808], "aligned_model": [[0.39144421389082706, 0.22489231662196787, 0.5806678063889499, -0.4098718587600384, 0.18909536477116634, -0.25435548044114076, 0.7044856045804416, 0.17292900898045246, -0.26432089767762657, 0.2996338072322836, -0.627241100945907, -0.38693645830071155, -0.20257615245764862, -0.0029985260001397437], [-0.39288193111620184, 0.20135750417273016, 0.3274611809410494, -0.2120186370101888, -0.717265974082566, -0.2668397174003392, -0.31804449626263015, 0.7855982607834686, -0.6607942599908931, -0.022296143451966968, -0.18459190973072226, 0.46712206402246104, 0.3705568154790456, -0.016954514842013324], [-0.4641796969745623, -0.6128747992667511, 0.06479145151479387, -0.5964315068250057, 0.23730664654436162, 0.6430847266004808, 0.1706833261113655, 0.0860121985043465, -0.25201881480121135, 0.6029041191835942, 0.05131087226416292, -0.21474597082621227, 0.5955608625750646, 0.013391304057227618]], "inverted": false, "swapped": true, "error_lsq": 0.034545368270975596, "error_max": 0.2938117769039131, "target": "790.xyz", "model": "18.xyz", "model_rescale": 3.922800546911778, "target_rescale": 4.0757145328476785},
{"mapping": [0, 2, 10, 9, 11, 4, 3, 7, 5, 1, 6, 8, 13, 12, 14], "R": [[0.5738708247332426, -0.2534841692252259, 0.7787284844361257], [-0.13615317512676275, 0.9081264105896752, 0.3959403178414819], [-0.8075485059257363, -0.33324495246246383, 0.4866345777227521]], "T": [0.05593034545966433, -0.01887069455820682, 0.087539272765668], "aligned_model": [[-0.6527738245260929, -0.183439436386627, 0.3562177033702144, 0.22835903054102286, 0.7227414000598661, 0.5699915922896779, -0.11898304986786146, 0.5087889172503771, -0.49887161916597267, -0.5624405362444572, 0.008005302976110434, 0.01549502766939892, 0.637774543686119, 0.10731480956034303, 0.10321082236574419], [0.35556578198619965, -0.12889817269684478, -0.5382730128897986, 0.1544027130812386, -0.032531649522756875, -0.5215636466727774, 0.5450004353164735, 0.5945243161333377, 0.2899370118652983, -0.42192533592915654, -0.7003456056500273, -0.22296054425030698, 0.10129687134607608, 0.6690576705703122, 0.053400360083295795], [-0.14905819162202835, -0.5785876103287592, -0.45157980652403307, -0.6889836571476166, -0.1623006930949365, 0.17065346826845149, -0.1586393140650177, -0.15094907888499698, 0.5110558612090284, 0.03143728825844952, 0.1827385782697336, 0.6629547507895694, 0.43225775488555584, 0.46533319260451667, 0.04459788926434474]], "inverted": false, "swapped": false, "error_lsq": 0.040621858166831844, "error_max": 0.21510696532304766, "target": "790.xyz", "model": "19.xyz", "model_rescale": 3.9282355846067225, "target_rescale": 4.0757145328476785},
{"mapping": [7, 13, 8, 12, 4, 11, 10, 9, 2, 1, 6, 3, 0, 14], "R": [[0.9456039121287367, 0.14800113510085433, -0.2897048590819404], [-0.01024720709552232, 0.9036308470843801, 0.42818954558035044], [0.3251587860008857, -0.4019290437458137, 0.8559934624049449]], "T": [0.01620307639024276, -0.06640700401072572, 0.011555477159683459], "aligned_model": [[-0.6407284882658785, -0.12640928955763447, 0.4985490662120568, -0.3464214241214889, -0.6658389459002843, 0.3106277906024091, 0.03194671615689796, 0.508051884104141, -0.26755234651981313, 0.1613122072320465, 0.005850074279022101, -0.4525974156280688, 0.5877374069650627, -0.07200441647379144], [-0.5911392691729036, -0.8197224537476994, -0.585035747983239, -0.3301868756925507, 0.17845476751240316, -0.08895763360760336, 0.4669398371892125, 0.2069052878969985, 0.68529332877078, 0.3388465797046586, -0.5582956091443977, -0.12113441610963485, -0.16937832481996226, -0.08970738337122604], [0.03823514304502652, -0.11806659735016069, -0.06743091469838182, -0.5211028610432014, -0.08233208467395244, -0.5992019309197057, -0.44258514608299837, -0.10746111441926291, 0.21735836120622548, 0.4868777028835822, 0.5608889262567287, 0.601953079533769, 0.4312853382069188, 0.013765255299095362]], "inverted": true, "swapped": true, "error_lsq": 0.04296856553742924, "error_max": 0.3288132016031493, "target": "790.xyz", "model": "20.xyz", "model_rescale": 4.067790424073018, "target_rescale": 4.0757145328476785},
{"mapping": [4, 5, 1, 13, 10, 9, 6, 11, 2, 8, 7, 0, 12, 3, 14], "R": [[0.7728715800099635, 0.04596005219042485, 0.6328958796007103], [-0.26921246050079034, -0.8794189201949226, 0.39261560579567817], [0.5746252447674167, -0.47382490057599375, -0.6673048716067765]], "T": [0.036107981951206444, 0.049212820996841766, 0.0012348621319327787], "aligned_model": [[-0.7433639248508757, -0.2406166465506827, 0.24622860158380871, 0.35863472515208766, 0.770091233531228, 0.6260851783076855, -0.24537893227942054, 0.4935539013877437, -0.48024697107961256, -0.3378823938468132, 0.03741130639912031, -0.1845121113080132, 0.6623286641467023, 0.16769545702298383, 0.1113625959619211], [0.14281736871412093, -0.0853778845707209, -0.638558833609076, 0.14195212919897146, -0.09949654238336655, -0.4466869303018478, 0.7139355677206148, 0.5038603667757098, 0.36859599138122257, -0.37723203027253494, -0.658096265081951, -0.1624957685871114, 0.10519764742502632, 0.6523317466415975, 0.03594062971990823], [-0.1604259862180894, -0.5025259370706283, -0.3938911653639392, -0.6131749568908601, -0.33109168389883614, 0.10153562937793663, -0.1614479267558109, -0.04427441040962062, 0.43146025014930045, -0.057449755625609465, 0.23867141219226548, 0.6422998175519165, 0.43910153510225763, 0.5866213281389376, -0.014477718396958371]], "inverted": false, "swapped": false, "error_lsq": 0.041782957492562334, "error_max": 0.2508451508539741, "target": "790.xyz", "model": "21.xyz", "model_rescale": 4.186013935880536, "target_rescale": 4.0757145328476785},
{"mapping": [1, 2, 3, 8, 11, 6, 9, 10, 7, 4, 5, 12, 14], "R": [[0.21792280403674064, -0.9758688782796929, -0.013768946433845686], [-0.9535127273278896, -0.2158968217641415, 0.2102428148020098], [-0.2081420916213105, -0.03268783806366331, -0.9775522364243405]], "T": [0.08123664409920792, -0.15622166203985155, -0.012382084773270723], "aligned_model": [[-0.05538266319423074, -0.5134848245588061, 0.36562360461664556, 0.5388009076224646, -0.1550087746708541, 0.766231520433121, -0.1834323334657932, -0.5973395318238666, 0.5171518390368418, -0.22381183298498533, -0.5497549875113581, 0.051799791819780824, 0.09718132010426561], [-0.3597349774842684, 0.04542911999991575, 0.28965387572295526, -0.5830743070800914, -0.42043339229964805, -0.12283720067641202, -0.6662606988134823, -0.20303994884980556, 0.5459510190062514, 0.5028047137304124, 0.30425947726697145, 0.2526129418783801, -0.06637396285508516], [-0.6049492459849167, -0.5542018834485968, -0.5524352130422449, 0.32865169982734455, 0.5660635206740068, -0.28348413188040816, 0.01191443576424624, 0.1558226784770705, 0.14429051694935177, -0.09351866258123089, 0.4454207354405977, 0.5504580281360915, -0.011152916995965951]], "inverted": true, "swapped": true, "error_lsq": 0.04358063322923368, "error_max": 0.2987724563761727, "target": "790.xyz", "model": "22.xyz", "model_rescale": 4.166573947596378, "target_rescale": 4.0757145328476785},
{"mapping": [5, 13, 14, 10, 9, 11, 7, 8, 1, 6, 12, 2, 3, 4, 15], "R": [[0.3851964535610183, -0.8250520952249156, 0.41341593139233446], [-0.8915513784109674, -0.44836110227896503, -0.06409728244391999], [0.23824321987733144, -0.3438914976095928, -0.9082834392711965]], "T": [0.14357876495397984, 0.013172617985163051, 0.04162139011262712], "aligned_model": [[-0.6186798682593054, -0.31338709282229704, 0.2288575416717781, 0.12726700520165726, 0.7119095809799793, 0.6001347480631886, -0.13916555752566037, 0.595905845628218, -0.43013441619491255, -0.45093000437190633, 0.0982609370478014, -0.022970659127326182, 0.5503281400137796, 0.22432281692177092, 0.07967166635109786], [0.19247139980855088, -0.07581535521694742, -0.44793748551898, 0.17057662120329936, -0.058069724900764653, -0.5495554180018549, 0.5160960156793521, 0.6825066649333988, 0.22901994267685555, -0.3667695419006834, -0.6397638255502625, -0.08455379892531141, 0.05151451093148569, 0.5451404675167791, 0.03182672003564599], [-0.2374407967379189, -0.6655394716069086, -0.5956248463675583, -0.6904299327936062, -0.13830575741503082, 0.35304894064048453, -0.3808870143096726, 0.003264045238350659, 0.40543752371117825, 0.32677207010964576, 0.009972529052660509, 0.6862298572964807, 0.482655966024561, 0.541965390277638, 0.05981192876195723]], "inverted": false, "swapped": false, "error_lsq": 0.039807588256495226, "error_max": 0.23444623078050117, "target": "790.xyz", "model": "23.xyz", "model_rescale": 4.274766983524099, "target_rescale": 4.0757145328476785},
{"mapping": [0, 3, 2, 10, 4, 5, 11, 12, 13, 7, 14], "R": [[0.42873822452722266, -0.8961022467646855, -0.11482289916444216], [-0.5088182874448832, -0.34453256277426436, 0.7889241177387432], [-0.7465169021468312, -0.2798179346137062, -0.6036674898299714]], "T": [0.061372824286964195, 0.002273822079990842, -0.15470832294982695], "aligned_model": [[0.4936239830226413, 0.2020601073773374, -0.5918325686392443, -0.5764917303505538, -0.39643752037831126, -0.636702669226011, -0.07413907797836736, -0.035638916144379904, 0.6160502347848346, 0.3240244757873372, 0.05537838570279215], [-0.16361864628995781, 0.7399309746283843, 0.3753775593085873, -0.28723862657967447, 0.4679831069074991, -0.09844146990513532, -0.6183872860153684, -0.075588638571555, 0.0028427303327535763, 0.5026604744480342, 0.07006635297991605], [-0.7015779279740302, -0.24077419023511798, -0.5040529569929706, -0.1385289256040818, 0.17313010056635336, 0.4130273341412285, 0.08327354190600006, 0.5303664275502116, 0.3902292721568815, 0.4683824757397004, -0.09390871723259736]], "inverted": true, "swapped": true, "error_lsq": 0.046441740255536997, "error_max": 0.23613144914600626, "target": "790.xyz", "model": "24.xyz", "model_rescale": 3.7841303162186577, "target_rescale": 4.0757145328476785},
{"mapping": [14, 10, 0, 11, 7, 1, 13, 6, 12, 9, 8, 2, 4, 3, 15], "R": [[0.6987562799072087, -0.6055657097310193, -0.3808278252546755], [0.47315161863698535, -0.008042788603204107, 0.8809442997901088], [-0.5365325778286345, -0.7957546636680498, 0.28090444670583165]], "T": [0.08211264233212104, -0.03966536969221029, -0.006601286114236889], "aligned_model": [[-0.6733899926233421, -0.25478145994271484, 0.48690284532528083, 0.2071736576551954, 0.4173604781350103, 0.6068817861566154, -0.2656367444627392, 0.6959177369459996, -0.4741525896431287, -0.4561431992763567, 0.14476972204546634, -0.13463102703486504, 0.5234063377201519, 0.28479820676941503, 0.13291492580787442], [0.11671076330845329, -0.25225404811783914, -0.5793473923928479, 0.5226645609026634, -0.09952255059595577, -0.502816783327491, 0.6527313953950497, 0.34147623501067054, 0.3074170060713361, -0.23837306610386813, -0.5738079636085441, -0.2631534071698254, 0.07931405871016392, 0.6783395603414526, 0.007308824347145172], [-0.19115814974621487, -0.6748553717245501, -0.3002305681793916, -0.5141171585420974, -0.5605250774285248, 0.24468442287167413, -0.11456924873064059, -0.007515197263949877, 0.37454792686932664, 0.1071379282634149, 0.23880361066858802, 0.6803254252756759, 0.5831513000489568, 0.29735491146897025, -0.0021043219689767835]], "inverted": false, "swapped": false, "error_lsq": 0.05203430622734757, "error_max": 0.4311607749178889, "target": "790.xyz", "model": "25.xyz", "model_rescale": 4.19342608120988, "target_rescale": 4.0757145328476785},
{"mapping": [8, 12, 13, 1, 6, 9, 3, 2, 7, 10, 4, 14], "R": [[-0.895809703532133, 0.05028125898190815, -0.44158438610628736], [-0.38928902378400193, 0.39059963530239167, 0.834197806795809], [0.21442721613398616, 0.9191864445784835, -0.33032900127629705]], "T": [-0.10541901235233814, -0.06143322640357747, 0.05617998797791351], "aligned_model": [[-0.32451161449367055, 0.5553931653716782, 0.18674767766563333, -0.5909144501771304, -0.4106643057406575, -0.41016431377675383, -0.17147910255906504, -0.14644355303940632, 0.4142897383682356, 0.12478110341275028, 0.4118055205297861, -0.04103131092961941], [-0.7320538544132595, -0.2789558301308729, -0.5764902751678999, 0.3525019144652152, -0.1705121966999119, -0.18897374183951504, 0.4124123820121779, 0.7206102072084948, -0.06207110536212345, 0.11525722419404734, 0.44948506076261957, -0.028433357287991824], [-0.04451103965259554, 0.027676707951520295, -0.4477835004773865, 0.12075726138112347, -0.6062065395974072, 0.5269703084079153, -0.529007779928855, 0.32940226456278715, -0.6052708740295514, 0.6939407677846169, -0.01726909652754357, 0.0005599813347968371]], "inverted": true, "swapped": true, "error_lsq": 0.05052565175063126, "error_max": 0.24633618159688603, "target": "790.xyz", "model": "26.xyz", "model_rescale": 3.795458400668931, "target_rescale": 4.0757145328476785},
