[{"mapping": [12, 13, 5, 6, 2, 9, 1, 4, 0, 3, 11, 7, 10, 14], "R": [[0.1901666200152515, -0.3113780097408828, -0.9310641179219514], [0.7389668151921769, 0.6697687237885623, -0.07306095180992106], [0.6463471997902568, -0.674131731699708, 0.3574656705738983]], "T": [-0.004663205642802572, 0.01707773355382468, 0.08713016527073453], "aligned_model": [[0.11116710149182976, 0.280927556359371, -0.5444827874569996, -0.17945166145119013, -0.5865289858530621, -0.15605077088275168, -0.7241988491382159, -0.013028314395543729, -0.4598704660620115, 0.20910414885333609, 0.6573275843797307, 0.2536597233579883, 0.5614589934927762, -0.038541171566953684], [-0.6350573475200565, -0.23406797969684578, -0.3711107987571018, -0.5044089951097852, 0.23515968700802992, 0.19239532682641497, 0.35888456506897076, 0.5278896670493182, 0.7070066300197201, -0.043680422459025064, 0.3670218138123732, 0.7421315075050463, -0.131872172856891, 0.024981850919866835], [0.3768809958186072, -0.5745216895980283, 0.46251259932478517, -0.27374899657514606, 0.6397744043233036, -0.4948940613130754, -0.23209204100726383, 0.5094017957102195, 0.1680898576409714, 0.6562263710815592, 0.5007900979028814, -0.08921239381252843, 0.14194396976373835, 0.10643717791981011]], "inverted": true, "swapped": true, "error_lsq": 0.048282027279568186, "error_max": 0.3306310643594044, "target": "791.xyz", "model": "0.xyz", "model_rescale": 3.8414455957264533, "target_rescale": 4.247812087308677},
{"mapping": [2, 6, 7, 0, 4, 9, 8, 3, 1, 10, 11, 1, 13, 12, 14], "R": [[-0.7516964175293763, -0.6593932404502567, -0.012371350856372587], [0.5649855926405527, -0.6341701343687596, -0.5278442201855702], [0.340211369566193, -0.4037682443224323, 0.8492510988480826]], "T": [-0.07295635536237485, -0.07089046357441484, -0.10634624497155366], "aligned_model": [[-0.4370519971315596, 0.19476760609574587, -0.3836333755157293, -0.5036920895133239, -0.6141675269501295, 0.16037929015244695, 0.7114703076109408, -0.5670193029829493, -0.44711014152702444, 0.28288015756535834, 0.11824982329470071, -0.44711014152702444, 0.29503933077322897, 0.49650111483913817, -0.0851580024813178], [-0.4834694933403013, -0.6704143739459258, 0.26009477781166435, 0.5024059730288617, -0.1196416905888652, 0.17180804896743868, -0.01912430432996038, -0.4633740354338848, -0.013419123497468183, -0.5612350183204897, 0.39822178614816595, -0.013419123497468183, 0.5913882567877264, 0.004279003039806939, -0.0919713361582363], [-0.5980958107675548, -0.5293381303992359, -0.5611907912380256, 2.711922548041812e-05, -0.1293901261851475, -0.6997782870248914, -0.18570286205038988, 0.35758837504398006, 0.6716022626670685, 0.21196789877436073, 0.5789560945352884, 0.6716022626670685, -0.13486066554081216, 0.3960055090690777, -0.019912943020986396]], "inverted": true, "swapped": false, "error_lsq": 0.0512602100134194, "error_max": 0.37835719925311406, "target": "791.xyz", "model": "1.xyz", "model_rescale": 4.316132596720782, "target_rescale": 4.247812087308677},
{"mapping": [12, 3, 5, 9, 6, 10, 1, 7, 2, 11, 0, 14], "R": [[-0.8274609643206325, 0.23379645102877622, -0.5105365530615005], [-0.31727306980112235, -0.9448211908079862, 0.08155192566182279], [-0.4632992032202747, 0.22946053448584225, 0.855979971383052]], "T": [-0.1431880029787015, -0.02835690865013175, -0.005644708964572254], "aligned_model": [[-0.19039093947445584, 0.27695043735919034, 0.155506381704547, -0.5420950807427452, -0.6338387063804822, -0.2962336136104201, -0.10333522779605314, -0.05804875312383598, 0.5740725445316243, 0.2025543036697704, 0.32735577720746134, -0.11468856871281988], [-0.7496905067668889, -0.3775363009237791, -0.4551357316071299, 0.41696685314882753, -0.2897555330771712, -0.27310234553576024, 0.5309215884241999, 0.6452772062101437, -0.0008060106855821737, -0.01803103633724899, 0.608673550091659, -0.025005305200288937], [-0.015748709926251263, 0.26788037178760704, -0.5639000180824029, -0.19263814263974344, -0.3573062341698882, 0.5065678292721343, -0.6553258525514041, 0.3974666854948936, -0.4255511682702421, 0.7767636492488762, -0.25574618730693055, -0.0332037616472276]], "inverted": false, "swapped": true, "error_lsq": 0.050200609263378104, "error_max": 0.25877431928403094, "target": "791.xyz", "model": "2.xyz", "model_rescale": 3.795458400668931, "target_rescale": 4.247812087308677},
{"mapping": [12, 3, 11, 0, 6, 9, 4, 5, 2, 1, 8, 14], "R": [[0.5035419486178114, -0.23227309349798408, -0.8321626740121515], [0.5836422059229319, -0.6187327429372491, 0.5258626895709202], [-0.6370300475233421, -0.7504791821591221, -0.175993510386559]], "T": [0.010403889884722656, 0.1211777158226706, -0.03651338562153846], "aligned_model": [[0.028565653145262285, -0.27934416885208435, -0.7871746691621395, 0.23332769829804775, 0.38644176860509094, 0.21195081045749561, -0.20131358118374584, 0.5577579072089235, 0.3965470095828987, 0.6529659379693225, -0.6430115717064692, 0.036591031380962646], [-0.15595455122520296, -0.3994129707546347, -0.15452705235022363, -0.028144242003889583, 0.4319420888500584, 0.6685352999448483, -0.2841833990280312, -0.3563145109137647, -0.5252050624292961, 0.30831044489749826, 0.4846407861008033, 0.0960822142015438], [-0.7039863998606889, -0.17175363978374306, 0.10370975156827536, 0.7494751209477595, -0.47782302763621254, 0.19192734555882887, 0.4432471956387805, -0.27191143669556195, 0.31651065697204805, 0.500665937679449, 0.02887088689662457, -0.020160960646458923]], "inverted": false, "swapped": true, "error_lsq": 0.05246694998266995, "error_max": 0.28270066238681624, "target": "791.xyz", "model": "3.xyz", "model_rescale": 3.7530521520055578, "target_rescale": 4.247812087308677},
{"mapping": [7, 10, 3, 12, 4, 6, 0, 9, 1, 5, 14], "R": [[-0.2784879246753646, 0.8286673724816691, -0.48554594179576427], [0.9585105729009167, 0.20777051481514375, -0.19516376408187877], [-0.06084371329205304, -0.5197516704713679, -0.8521480174213033]], "T": [-0.07926252907795303, -0.006598309423416673, -0.0914641417556627], "aligned_model": [[-0.5554932601381908, -0.0518332247915288, 0.433079015197974, 0.4195793281235183, 0.11060491777016457, -0.18318090570772164, -0.2066010548212354, -0.6562685457877235, -0.4004311870230154, 0.488656215729545, -0.059911696106581355], [-0.6364609830380853, -0.07013739697714834, -0.25137988810501255, 0.40198409588673156, -0.6172792409604543, 0.6429450731820354, -0.49805661525673905, 0.12609147827937056, 0.04499511558943732, 0.33568192666700725, -0.011180206952796659], [-0.09424120734800201, -0.6753266167924341, -0.31695615399942323, -0.4183732841730687, 0.08269466165175687, -0.09671266753350188, 0.5658209085799291, 0.11314311781928257, 0.7026738065637625, 0.2871121763127944, -0.05700396383577935]], "inverted": false, "swapped": true, "error_lsq": 0.04807021848357739, "error_max": 0.22758525317109787, "target": "791.xyz", "model": "4.xyz", "model_rescale": 3.7855080009869324, "target_rescale": 4.247812087308677},
{"mapping": [2, 3, 14, 13, 12, 15, 10, 1, 4, 5, 6, 11, 8, 7, 16], "R": [[-0.050626875444143626, -0.8658630217085874, 0.49771291636890225], [-0.27499365293865696, -0.4670025964603739, -0.8404088681961435], [0.960112186323149, -0.17941516807935648, -0.21446395300105697]], "T": [-0.07769567245465472, -0.05524611142346165, -0.025561837125650345], "aligned_model": [[-0.38767041238033306, 0.1422984969386143, -0.4178310079094272, -0.3593508950530191, -0.7419917859557629, 0.15848434941684736, 0.6141342088039594, -0.6150186557651277, -0.038822271468712144, 0.459674809707044, -0.0695207237080667, -0.6600691166067032, 0.2901373266753001, 0.49571932507746863, -0.0958285950695801], [-0.582537306359926, -0.6248538199567387, 0.012473208975751625, 0.6121702262553606, 0.07408536948427072, 0.4535404081203574, -0.027969910976626995, -0.4621140826372483, -0.33128776215263334, -0.6254718650332483, 0.2768253693681095, 0.26812425447049393, 0.5440544961598404, -0.03281229270094952, -0.06209694634574903], [-0.439887004028622, -0.3565697361426908, -0.606440004861887, -0.015897125135498364, -0.09662029646504719, -0.629443763900347, -0.252699897259043, 0.3191792317885137, 0.6594860806318218, 0.17736376362683734, 0.5363445340117896, 0.4088446617995272, -0.054674385364647096, 0.4561657168492797, -0.07567186979470629]], "inverted": true, "swapped": false, "error_lsq": 0.04004720995283571, "error_max": 0.24927499869333483, "target": "791.xyz", "model": "5.xyz", "model_rescale": 4.2253639853439635, "target_rescale": 4.247812087308677},
{"mapping": [1, 6, 3, 2, 5, 10, 4, 0, 13, 9, 12, 8, 7, 14], "R": [[-0.2767253769606374, -0.9314945779400257, -0.23609514398717896], [0.5543675992364896, -0.3554320635717066, 0.7525587107342052], [-0.7849201428570705, 0.07736859474936841, 0.614747484650197]], "T": [-0.04292333276302913, -0.011198054341120502, 0.026103438302822975], "aligned_model": [[0.6797462632847524, -0.2543845208210549, -0.3974951785328129, 0.19847707341649024, -0.24786466627805523, -0.44258618146775147, 0.2212354363619195, 0.6953116794316914, -0.1359187031738916, 0.3807628799940835, -0.7305208110468128, -0.05602074657885315, 0.4913824025587206, -0.028062774390641868], [-0.12298995016408584, 0.277776698509824, -0.39389406005101646, -0.797700866521262, -0.5529484582536652, 0.23298635551233285, -0.44090462691535337, -0.38243032764389534, 0.730092971745342, 0.39957414951798986, -0.13021232582805023, 0.4887204554891787, 0.18230363664188198, -0.04527450540423075], [-0.4230262715675201, -0.5257216608640809, 0.3440359786942335, -0.09506730853477563, -0.47140338476776283, 0.3815307212829132, 0.45608546409084144, 0.10956402740934573, -0.12964926761996498, -0.1840461355890117, -0.16283485549052162, 0.5857838947023266, 0.5743779003211574, 0.011929106864268242]], "inverted": false, "swapped": true, "error_lsq": 0.04891748594074614, "error_max": 0.2819750516930728, "target": "791.xyz", "model": "6.xyz", "model_rescale": 3.89814844738969, "target_rescale": 4.247812087308677},
{"mapping": [4, 2, 1, 11, 9, 5, 3, 7, 10, 12, 6, 13, 14], "R": [[0.15332940557802374, -0.9836446385062849, -0.0945162341766217], [0.7651325288643387, 0.17870560396392146, -0.618576204186317], [0.6253497474683682, 0.022528476418305632, 0.7800193337934118]], "T": [-0.04825613638719892, 0.09283104911200116, 0.015068845096467266], "aligned_model": [[-0.07718152083008833, -0.08696797215067872, 0.6730544470868722, -0.441410827175998, 0.5342350200862556, -0.3021899541486902, -0.5860424416527446, 0.36132724460425714, -0.4081298908074844, -0.6596075149186347, 0.007755330001170305, 0.1775070927561723, -0.04371721194618619], [-0.3392283873072557, 0.23644168254223216, 0.3710980800111833, -0.6667480464088353, 0.15461131363149322, 0.6783148651638385, -0.09216574563050675, -0.5816880762172274, -0.18369521506293832, 0.4476441940990612, 0.6452383464873099, 0.1872968684943642, 0.10666138566776676], [-0.486728028006361, -0.803112405787271, -0.357415746523943, -0.0015501803383571426, 0.23709115320260005, -0.40413731738514685, -0.2081364474986409, -0.013141303665834946, 0.38884562104403975, 0.16675764472724985, 0.36783232868039945, 0.7379288612902121, -0.02195914890265061]], "inverted": false, "swapped": true, "error_lsq": 0.04816412202816901, "error_max": 0.280310263875699, "target": "791.xyz", "model": "7.xyz", "model_rescale": 3.7474275329858107, "target_rescale": 4.247812087308677},
{"mapping": [4, 13, 2, 3, 8, 1, 0, 9, 7, 12, 6, 5, 0, 10, 14], "R": [[-0.38164125232279383, 0.8707327659921692, -0.3101199844465303], [-0.5227483866207049, -0.4800306866075942, -0.7044889383095323], [-0.76228871092975, -0.10674731913574365, 0.6383736609904829]], "T": [-0.041625216077106064, -0.1336382644148568, 0.0008371920240341653], "aligned_model": [[-0.5356606072772547, 0.0049180033365605405, -0.35921837402228257, -0.34541609806672646, -0.7120220350189153, 0.3095090883616041, 0.31562067889824696, -0.5207786440357305, -0.09239722711804718, 0.42780652735650876, 0.02485813077270632, -0.5245956912528886, 0.31562067889824696, 0.5157298386588678, -0.04962921678839467], [-0.4435139475254495, -0.8775212572249453, 0.15818595232937352, 0.5158369439258055, -0.10129941411688945, 0.17845742201662987, 0.42006614110188023, -0.49749128143470855, -0.1466033887499172, -0.5165818029621521, 0.47880462541083646, 0.1516685003037568, 0.42006614110188023, -0.09884631876013861, -0.14909896874489825], [-0.5208254758984321, -0.5017398174253495, -0.7220477977204429, 0.006089882328447748, -0.12054081162832919, -0.5857655720395653, 0.0006385426409101377, 0.46813090540936253, 0.6799040078601877, -0.11591341114832056, 0.5369638278959578, 0.4462145984291685, 0.0006385426409101377, 0.5140703000422923, -0.05633781563151692]], "inverted": false, "swapped": false, "error_lsq": 0.05429125877423042, "error_max": 0.5040780296037297, "target": "791.xyz", "model": "8.xyz", "model_rescale": 4.019505241142653, "target_rescale": 4.247812087308677},
{"mapping": [3, 10, 4, 2, 5, 0, 7, 12, 6, 13, 8, 9, 14], "R": [[-0.015650616082234725, 0.6934704526635078, 0.7203150626628017], [0.28811268533336076, 0.6929757564576885, -0.6608900676450616], [-0.9574686098072596, 0.19718857026857284, -0.21064313183484001]], "T": [0.02424738898838705, -0.09495509552535741, 0.06008129502883687], "aligned_model": [[-0.3155013289817228, -0.5510424308585693, 0.1432030538671759, 0.5075012393328675, 0.26644339967758796, 0.6875237762832055, 0.12348718752263851, -0.40360272431009264, 0.05043269268267532, -0.18468987928532868, -0.4145580999475663, 0.35720579429612953, 0.05329809146217582], [-0.33622686792119355, 0.02587287762243093, 0.053357534503681525, -0.48695903185999456, -0.8159218973066203, 0.15677609557701289, 0.6395124956702557, -0.665191734436416, -0.3659760183620909, 0.19483313365988775, 0.5134637407293879, 0.26443739613613126, -0.11459949589841405], [-0.38670418741354795, 0.07135942529568143, -0.5748714984030727, -0.49159053639404215, -0.0074127970062660975, -0.3717356168551337, -0.21238747158980814, 0.180193009758167, 0.6589094600026486, 0.73446058728835, 0.08474978840128551, 0.45044316691558667, 0.04129016404403094]], "inverted": true, "swapped": true, "error_lsq": 0.05391989926434819, "error_max": 0.3196178375007074, "target": "791.xyz", "model": "9.xyz", "model_rescale": 3.877068213659057, "target_rescale": 4.247812087308677},
{"mapping": [11, 10, 12, 5, 0, 6, 13, 8, 7, 9, 4, 1, 3, 2, 15], "R": [[0.17232912815755005, 0.10201573702666468, -0.9797425483193865], [-0.4680637443924601, 0.8836416809086689, 0.00968044142651231], [0.8667289096215545, 0.45691374367577164, 0.20002706833432013]], "T": [0.023224325915414346, -0.04360715517502985, -0.03269300423227741], "aligned_model": [[-0.4277927165786966, 0.1650321677825967, -0.40166654146737174, -0.498000901451624, -0.7628725198454613, 0.2534853313614073, 0.7790519125724629, -0.37752945074093247, -0.14123062124505015, 0.19027311026275506, 0.1487211371726382, -0.627003872473459, 0.10463511740246256, 0.4341571932923598, -0.06491429334158558], [-0.5052767204956139, -0.5019747463677203, 0.16797191145842527, 0.5388645251901382, -0.08953387098347194, 0.15526438428010272, 0.11457905342339667, -0.5800057595917674, -0.060385563100547976, -0.669153752055543, 0.3960080999143221, 0.2517517016525055, 0.5777798610466796, -0.2562363396315251, -0.04752343806831673], [-0.3906037697874259, -0.5551874700298214, -0.6096655036555598, -0.025877861439474438, -0.14977639969740222, -0.5691019483137439, -0.0693028201442453, 0.3507074176291876, 0.7666564967988687, 0.09549226277972214, 0.4663858047768446, 0.46012851104168684, -0.1327519959759408, 0.4429942526668668, -0.050617070894281774]], "inverted": true, "swapped": false, "error_lsq": 0.03829187750074158, "error_max": 0.23785702473644246, "target": "791.xyz", "model": "10.xyz", "model_rescale": 4.260839863003843, "target_rescale": 4.247812087308677},
{"mapping": [1, 6, 12, 5, 3, 2, 0, 9, 8, 11, 4, 14], "R": [[-0.24404173260701356, 0.9061130527314798, -0.34554705673150465], [0.8825096918112381, 0.3552214492043109, 0.3082115602705759], [0.4020202440243532, -0.2297321433644583, -0.8863424088351926]], "T": [0.05212870063318421, -0.11654022662239963, 0.015435523565970437], "aligned_model": [[0.496243194872132, 0.13965651413261077, -0.5017779755268122, -0.454444969216512, -0.4844692816471744, -0.3383835721488695, 0.2947173494242559, 0.6515911342433968, 0.3741107907579463, -0.1633120426619486, -0.09373974882923715, 0.03870725569434248], [0.20449037036602077, -0.6879849202762404, -0.5810936624350764, -0.16370016020079226, 0.03267442811198115, 0.45011898449490695, 0.6222990853841583, -0.1864040607503302, -0.15617479305764806, 0.21743201592399705, 0.5148042065576538, -0.09338298858569635], [-0.6449945947023573, -0.29844825408049724, 0.02090061289233968, -0.5539207330993992, 0.2665452984927616, -0.4514056515917013, -0.2761759001078826, -0.15240514231009789, 0.6922581789030579, 0.7729677226076106, 0.15485839996671286, -0.014001859575042297]], "inverted": true, "swapped": true, "error_lsq": 0.05462697330486118, "error_max": 0.29703973357496266, "target": "791.xyz", "model": "11.xyz", "model_rescale": 3.890672605050136, "target_rescale": 4.247812087308677},
{"mapping": [10, 13, 12, 11, 3, 0, 9, 4, 7, 1, 5, 6, 2, 14], "R": [[-0.31056885809489393, 0.8597767872109201, 0.4053774297551631], [0.7121923804007764, 0.492916859300984, -0.49981494887201006], [-0.6295466604475872, 0.1334797587281401, -0.765411102825905]], "T": [0.10652538372858973, 0.03824540199340865, 0.014525776146128558], "aligned_model": [[0.5872009016426191, -0.03324610504137622, 0.5787637692282571, 0.7247169482790443, 0.6379267914077562, -0.3811150499871763, -0.42544743605588103, 0.20716686689628588, -0.0532642511753804, -0.7112824009952322, 0.08786194891424405, -0.08070260126561067, -0.021136545912320157, 0.09243299885846419], [-0.0792082373308558, 0.1012542702170747, 0.5834243935744672, -0.5494058213402063, 0.025694056360551523, -0.37010355610857204, -0.08005618573169168, -0.3927578159833613, -0.7336666150490909, 0.03872418478565932, 0.6453505790153041, 0.5638158579803243, 0.13176834391021514, 0.04731906552794679], [-0.30302841013461884, -0.7330792286048058, -0.03469964635739856, 0.0801949049743589, 0.3157126524837955, 0.5485931311943657, -0.2943695250530558, 0.507901550054157, -0.03183713397744663, 0.27463434448621254, 0.4772162445569802, -0.33397753709415695, 0.8309197194208656, 0.0506093694076086]], "inverted": false, "swapped": true, "error_lsq": 0.04438813816430222, "error_max": 0.265096562956225, "target": "791.xyz", "model": "12.xyz", "model_rescale": 4.124412569039231, "target_rescale": 4.247812087308677},
{"mapping": [6, 1, 2, 13, 5, 12, 9, 10, 0, 8, 3, 4, 14], "R": [[0.5870859114292983, -0.638536830376016, 0.497595065142914], [0.5322855633479743, 0.7676042170071944, 0.35700958682380196], [-0.6099198403499921, 0.05526737089931888, 0.7905335578337692]], "T": [0.08061680901850315, 0.06305003986166113, -0.049817265598417454], "aligned_model": [[-0.2334017365367853, -0.1350663431965915, 0.7088529096145506, -0.6090205309752856, 0.5456325992619853, 0.36881681738047273, -0.47645969393016646, 0.052742056507673885, 0.2093252757708531, -0.2642720378839782, 0.6119315573547046, 0.48359061423895083, 0.10462681990337296], [-0.29786090602597626, 0.7172516702262411, 0.5035354399282345, -0.2622778610255503, -0.04246634878030878, -0.5794604556507166, 0.3154121191150799, -0.3369270682812956, 0.8814621203234796, -0.017021641269236276, -0.11708041776611516, 0.49785746490106997, 0.08506126081357118], [0.4017010885097757, 0.46201012131113506, 0.27086200375985103, -0.08114657882192597, 0.5465333828260612, 0.11380848469145094, 0.0857769989116545, -0.4798478264553405, 0.008541975710139621, -0.7116121591706746, -0.29171845053533085, -0.3462405301317908, -0.026970429637166553]], "inverted": true, "swapped": true, "error_lsq": 0.04568405413234232, "error_max": 0.3079174761451098, "target": "791.xyz", "model": "13.xyz", "model_rescale": 3.9028299243045295, "target_rescale": 4.247812087308677},
{"mapping": [0, 8, 2, 6, 3, 1, 12, 4, 10, 5, 9, 7, 11, 13, 15], "R": [[0.7682945863079087, 0.6344987179875184, 0.08446777801123484], [-0.636157702758413, 0.7715061567246246, -0.0090347859486224], [-0.07089997088220912, -0.0467934504839574, 0.9963852503528479]], "T": [-0.06415743104201943, -0.039556322348318115, -0.028022196707426485], "aligned_model": [[-0.523159923511016, 0.1966989572912115, -0.17798169012218168, -0.44366473088176395, -0.6796375638805275, 0.055996673147752585, 0.6084576231447226, -0.438117996452318, -0.06415345333000885, 0.15810112710439495, -0.17703331518250318, -0.6028055967958043, 0.38685582426559767, 0.577930183589148, -0.1031410656842024], [-0.635765330250218, -0.6032883750813195, -0.07104270785010873, 0.4945167500577717, -0.06461528887305072, 0.47732336145687976, -0.059402762101730774, -0.5114575243509537, -0.16240133199694323, -0.48632940888771437, 0.6043043608809135, 0.22785173854710256, 0.544410311730131, -0.30099931034609, 0.03902486373639481], [-0.3759703825751067, -0.48700724760211833, -0.7547975506708565, -0.15110113458187666, -0.12417675726466607, -0.40298504747880376, -0.20532249752884738, 0.28314660788131446, 0.7070027726899276, 0.08641895030662036, 0.38856862392446556, 0.6494577205856285, 0.009749514371622463, 0.3618783174744455, 0.044618016223531266]], "inverted": false, "swapped": false, "error_lsq": 0.0474130901528396, "error_max": 0.34245976838501824, "target": "791.xyz", "model": "14.xyz", "model_rescale": 3.942246331269136, "target_rescale": 4.247812087308677},
{"mapping": [1, 3, 12, 8, 0, 13, 4, 2, 9, 5, 6, 7, 11, 10, 14], "R": [[-0.8921169997011564, 0.160356956719117, -0.4223895184258135], [0.32835821165225204, -0.412039438983113, -0.8499437543526142], [-0.3103355340349253, -0.8969443389387467, 0.3149328645298755]], "T": [-0.003025862621381853, -0.025540029415225228, 0.004916761583049085], "aligned_model": [[-0.34862797619629615, 0.23266143475273968, -0.1914841359211316, -0.46937318562152197, -0.7375421823244602, 0.22947604410129893, 0.5455394960694089, -0.5766670518915901, 0.04244956604953748, -0.12782761366424147, -0.044890062933657424, -0.5862620654123893, 0.2916872913620735, 0.6073337753797464, -0.0921282810470147], [-0.5821802667613596, -0.5478078485700507, -0.07353894160438865, 0.591957905830643, -0.049259472858884955, 0.3895219251608096, -0.021824736481806904, -0.4230496742700474, -0.20464022106074106, -0.6406800577874205, 0.3583066979953712, 0.13518418642987148, 0.6280598807703088, -0.014099914789948022, -0.0538201153312924], [-0.4718979414624947, -0.42894468338802905, -0.7889697805728704, 0.012493078992182561, -0.02039424315453535, -0.6543224087786308, -0.2017864574665533, 0.3140603962571934, 0.7885093935494921, 0.09876145573250637, 0.40951343473646246, 0.6090547974026331, 0.012812262272437936, 0.374146706359545, -0.02355610472405846]], "inverted": true, "swapped": false, "error_lsq": 0.049863464369877986, "error_max": 0.41229017145755875, "target": "791.xyz", "model": "15.xyz", "model_rescale": 4.355366556412066, "target_rescale": 4.247812087308677},
{"mapping": [12, 3, 5, 9, 6, 10, 1, 7, 2, 11, 0, 14], "R": [[-0.8274609643206325, 0.23379645102877622, -0.5105365530615005], [-0.31727306980112235, -0.9448211908079862, 0.08155192566182279], [-0.4632992032202747, 0.22946053448584225, 0.855979971383052]], "T": [-0.1431880029787015, -0.02835690865013175, -0.005644708964572254], "aligned_model": [[-0.19039093947445584, 0.27695043735919034, 0.155506381704547, -0.5420950807427452, -0.6338387063804822, -0.2962336136104201, -0.10333522779605314, -0.05804875312383598, 0.5740725445316243, 0.2025543036697704, 0.32735577720746134, -0.11468856871281988], [-0.7496905067668889, -0.3775363009237791, -0.4551357316071299, 0.41696685314882753, -0.2897555330771712, -0.27310234553576024, 0.5309215884241999, 0.6452772062101437, -0.0008060106855821737, -0.01803103633724899, 0.608673550091659, -0.025005305200288937], [-0.015748709926251263, 0.26788037178760704, -0.5639000180824029, -0.19263814263974344, -0.3573062341698882, 0.5065678292721343, -0.6553258525514041, 0.3974666854948936, -0.4255511682702421, 0.7767636492488762, -0.25574618730693055, -0.0332037616472276]], "inverted": false, "swapped": true, "error_lsq": 0.050200609263378104, "error_max": 0.25877431928403094, "target": "791.xyz", "model": "16.xyz", "model_rescale": 3.795458400668931, "target_rescale": 4.247812087308677},
{"mapping": [4, 2, 1, 11, 9, 5, 3, 7, 10, 12, 6, 13, 14], "R": [[0.15332940557802374, -0.9836446385062849, -0.0945162341766217], [0.7651325288643387, 0.17870560396392146, -0.618576204186317], [0.6253497474683682, 0.022528476418305632, 0.7800193337934118]], "T": [-0.04825613638719892, 0.09283104911200116, 0.015068845096467266], "aligned_model": [[-0.07718152083008833, -0.08696797215067872, 0.6730544470868722, -0.441410827175998, 0.5342350200862556, -0.3021899541486902, -0.5860424416527446, 0.36132724460425714, -0.4081298908074844, -0.6596075149186347, 0.007755330001170305, 0.1775070927561723, -0.04371721194618619], [-0.3392283873072557, 0.23644168254223216, 0.3710980800111833, -0.6667480464088353, 0.15461131363149322, 0.6783148651638385, -0.09216574563050675, -0.5816880762172274, -0.18369521506293832, 0.4476441940990612, 0.6452383464873099, 0.1872968684943642, 0.10666138566776676], [-0.486728028006361, -0.803112405787271, -0.357415746523943, -0.0015501803383571426, 0.23709115320260005, -0.40413731738514685, -0.2081364474986409, -0.013141303665834946, 0.38884562104403975, 0.16675764472724985, 0.36783232868039945, 0.7379288612902121, -0.02195914890265061]], "inverted": false, "swapped": true, "error_lsq": 0.04816412202816901, "error_max": 0.280310263875699, "target": "791.xyz", "model": "17.xyz", "model_rescale": 3.7474275329858107, "target_rescale": 4.247812087308677},
{"mapping": [9, 1, 6, 0, 8, 11, 13, 5, 7, 10, 4, 2, 3, 14], "R": [[0.9647826437185816, -0.02370449901297684, 0.2619781424201806], [0.2328630541437508, 0.5401912687941828, -0.8086829979252537], [-0.1223488798241701, 0.8412083510314641, 0.5266870624580557]], "T": [0.1295266580222199, 0.02882174452882319, 0.0780295478227093], "aligned_model": [[0.42938813285714655, 0.09368061504748133, 0.738381309939762, -0.4217112857887348, 0.16897271736632777, -0.37587957680701695, 0.8000719890959116, 0.0888072639370571, -0.21900048087035656, 0.22035634828846679, -0.5268245979300372, -0.45440084267951825, -0.2352082195727686, 0.1082142749991558], [-0.2725091022241691, 0.11825969712854356, 0.26656598283324295, -0.05324889071049771, -0.6590790599556873, -0.38712702138675903, -0.33452825935620367, 0.7872728036642362, -0.652250315545865, -0.21139918110042924, -0.056522816985050225, 0.543337785452487, 0.21648585380494947, 0.05515076589243556], [-0.38206769239462, -0.7747202297495855, 0.0038212470595221926, -0.5377391945150112, 0.3756345941289686, 0.6288093288395238, 0.10569113361363758, -8.19824773516109e-05, -0.11741888873656897, 0.6069235318996933, 0.04293722744103743, -0.21496379189092577, 0.5308089400149809, 0.057160495428354385]], "inverted": false, "swapped": true, "error_lsq": 0.04528517707981994, "error_max": 0.2598374112399087, "target": "791.xyz", "model": "18.xyz", "model_rescale": 3.922800546911778, "target_rescale": 4.247812087308677},
{"mapping": [12, 5, 3, 9, 7, 0, 1, 13, 4, 8, 10, 11, 2, 6, 14], "R": [[-0.4349999567326126, -0.46633061834814776, -0.7702667018855611], [0.768968805545329, 0.2526679290721566, -0.587235807590595], [0.4684677296685608, -0.8477586165940292, 0.2486831603662828]], "T": [-0.03055975986603965, -0.1043793039547711, 0.009242432992342894], "aligned_model": [[-0.47871302383201475, 0.22431501043462793, -0.3124767048796147, -0.3749932087158288, -0.8036675117825672, 0.2059009812608029, 0.6839704750717095, -0.4910069243134709, -0.05908889166186437, 0.21146097274748826, 0.02637701895971406, -0.5419669713178045, 0.13028824214304924, 0.4731078383560111, -0.11916224976773654], [-0.5569941602089504, -0.5129226947837898, 0.09281493214042383, 0.6326407235118623, 0.029601138576275193, 0.14646581733580996, 0.044149622692998575, -0.5055062761807047, -0.17372793201267353, -0.6493583261182526, 0.46178794935454737, 0.09128932059610273, 0.5867373612553841, -0.1214490211535274, -0.07339910833444187], [-0.45218197951870426, -0.5829271959652936, -0.5300038121963935, -0.0209281543653243, -0.14097295904327217, -0.7520759489657813, -0.1147282298457349, 0.3237250362081024, 0.7291340883944792, 0.146408334033986, 0.5809184704125198, 0.4646763647654421, -0.08881182803829651, 0.48019396677166615, -0.012946246892115435]], "inverted": false, "swapped": false, "error_lsq": 0.04014709120161028, "error_max": 0.22458914016720888, "target": "791.xyz", "model": "19.xyz", "model_rescale": 3.9282355846067225, "target_rescale": 4.247812087308677},
{"mapping": [3, 4, 7, 2, 5, 0, 1, 9, 6, 6, 10, 12, 13, 14], "R": [[0.10401769655164733, -0.7930616918807838, 0.6001945281950496], [0.8477866193420069, -0.24483623471871147, -0.47043922692885143], [0.5200366976173323, 0.5577708947587288, 0.6468797895214432]], "T": [-0.014263864709086999, -0.17239374073251867, 0.10215834951972103], "aligned_model": [[-0.4467049416656672, -0.10699091640352884, 0.5663468060075277, -0.5267703488887413, -0.6717862392477569, 0.1303655118340166, 0.20644984599378666, 0.504020839267199, -0.030474423408910274, -0.030474423408910274, 0.03214837639118809, -0.5418483360977795, 0.48422553266052004, -0.035984463948267716], [-0.5966696641554321, -0.650627095610816, -0.6110617063015792, -0.18883053230331104, 0.18058945192699627, -0.25183467431317086, 0.3177221295500965, 0.15986904707174077, 0.4014079991412838, 0.4014079991412838, -0.510646378622209, -0.08447562509102288, 0.11998822964046074, -0.16395709264948438], [0.18117216225460459, -0.34729319234633566, -0.20442291857406736, -0.5525248678585446, -0.05931821845543278, -0.7118081641761932, -0.5668245806934932, -0.013552752866396983, 0.4234400997253255, 0.4234400997253255, 0.5808190111304057, 0.5885505763417431, 0.6005964437574557, 0.06990945927928617]], "inverted": false, "swapped": true, "error_lsq": 0.047333370125412035, "error_max": 0.4571571445690711, "target": "791.xyz", "model": "20.xyz", "model_rescale": 4.067790424073018, "target_rescale": 4.247812087308677},
{"mapping": [3, 2, 6, 13, 11, 4, 8, 12, 9, 0, 10, 10, 5, 7, 14], "R": [[-0.273162056470872, 0.5608211133709733, -0.7815767202917104], [-0.5723225212261065, 0.5582920492353065, 0.6006304350081131], [0.7731942980920107, 0.6113834038947936, 0.1684663492808538]], "T": [-0.027709573206312524, -0.017292829325891327, -0.058460392920536314], "aligned_model": [[-0.4974981631292493, 0.1339037898956445, -0.3353125974544424, -0.3751409674833804, -0.6735810661785494, 0.4183457166906266, 0.5306224702842488, -0.4509294079900099, -0.05869958027940497, 0.3394934304350969, -0.4516301539764255, -0.4516301539764255, 0.2084474566626638, 0.508747789591959, -0.07079351038985073], [-0.6650588749832843, -0.45844345478316056, 0.08754228258691599, 0.5723999571014201, -0.034715974500957925, 0.16244897639628492, 0.09782078331741192, -0.48116165821782836, -0.08844284981594285, -0.6251842844941922, 0.3013231578824668, 0.3013231578824668, 0.5072646087743549, -0.1819072432779832, -0.003079237196908214], [-0.3473251493766034, -0.6355125379338505, -0.7232512483623099, 0.08877190307284852, -0.03440415553456129, -0.6997092185467262, -0.044966612096945295, 0.3805436479785993, 0.7148617867140357, -0.04908156724501704, 0.5660890570419483, 0.5660890570419483, -0.19088196304812421, 0.4332504467276449, 0.005006459322393547]], "inverted": false, "swapped": false, "error_lsq": 0.04994766826896114, "error_max": 0.4244984337055677, "target": "791.xyz", "model": "21.xyz", "model_rescale": 4.186013935880536, "target_rescale": 4.247812087308677},
{"mapping": [0, 1, 9, 11, 3, 7, 4, 5, 13, 6, 12, 10, 14], "R": [[-0.2669464268813381, -0.40659644903486214, 0.8737384807867438], [0.9633579624287067, -0.0880339433994545, 0.25336033832222393], [-0.026096769924581986, 0.909356559574836, 0.4151982733077306]], "T": [-0.024496313370339015, 0.008368677881931137, 0.03579691837987382], "aligned_model": [[-0.025769344515673517, -0.24082109143508423, 0.19824388636566415, 0.4792908071232737, -0.1347612766978402, 0.6258089905460779, 0.06703912385839804, -0.7851400640892838, 0.3260582052506323, -0.2822418516929377, -0.40684354027174274, 0.2909718510374639, -0.05326166005572254], [-0.5033908397433214, 0.019951805065372676, 0.3429755855442873, -0.5164880747289462, -0.38735148463991276, -0.3088474740559824, -0.6421480102593377, -0.049019270979334194, 0.6860981725471685, 0.6135962516763018, 0.20116752196497717, 0.07483105359995595, -0.0124185764451357], [-0.6183212509269912, -0.7945859396270011, -0.44465253215249606, 0.4858315078409612, 0.4880200023491756, -0.2804424428014472, -0.05230210829425901, 0.06948960515047592, 0.0504150992402106, 0.03585440327180375, 0.6182843187778314, 0.5274752298762725, 0.01781366863080973]], "inverted": false, "swapped": true, "error_lsq": 0.050095043297799006, "error_max": 0.3032853521253963, "target": "791.xyz", "model": "22.xyz", "model_rescale": 4.166573947596378, "target_rescale": 4.247812087308677},
{"mapping": [5, 13, 6, 2, 1, 12, 9, 0, 8, 10, 3, 4, 11, 9, 15], "R": [[-0.5152378794969031, 0.16870486330984244, -0.8402788802696057], [-0.7692022671172081, 0.34135412554595695, 0.5401899973476948], [0.377965342053054, 0.9246707684729537, -0.046110412472189055]], "T": [-0.019550014989474757, -0.03027979259303444, -0.013147285913063887], "aligned_model": [[-0.45764943949792425, 0.1182292748230239, -0.4266429902721185, -0.4663282539039155, -0.7189208129507508, 0.2535508881034436, 0.5057524875541666, -0.6589144157384375, 0.019767215020405793, 0.326777280393016, -0.014564565268373492, -0.4884373490997337, 0.35805997550452706, 0.5057524875541666, -0.08208672951899446], [-0.6107109634726617, -0.7075673120355945, 0.17379381712932318, 0.4694124886883728, -0.05335256867201167, 0.25384010036906623, 0.06436517998599535, -0.4182922908532613, -0.23363497005858763, -0.6937344312698486, 0.44384442262196927, 0.12929271222048228, 0.6583473503981038, 0.06436517998599535, -0.04783936836627888], [-0.41592579988571354, -0.5021376970683867, -0.6228495929919167, -0.07235934929026458, -0.14896773661971865, -0.5366672362322985, 0.261714090546046, 0.3145953373247317, 0.7686327134751844, -0.041897590178335296, 0.35645794383064466, 0.5295633155893468, -0.08592558241268024, 0.261714090546046, -0.0364670008774053]], "inverted": true, "swapped": false, "error_lsq": 0.05021000054138595, "error_max": 0.3643707013582334, "target": "791.xyz", "model": "23.xyz", "model_rescale": 4.274766983524099, "target_rescale": 4.247812087308677},
{"mapping": [9, 5, 12, 10, 3, 11, 7, 4, 0, 2, 14], "R": [[-0.12402780813379927, 0.7641802579029955, 0.6329657464988425], [-0.1522031960420569, -0.6449934707285712, 0.7488775666503137], [0.9805362257071937, -0.0034577664500586858, 0.19630780404015574]], "T": [-0.03360511157382247, 0.0522254319847532, -0.1870177789008673], "aligned_model": [[0.37556306923038224, 0.14201682317472586, -0.4829471940715633, -0.5912254506720924, -0.44824214688809, -0.6186827674888302, 0.08279430461850333, 0.0086751841939623, 0.5818192851676476, 0.3390729600080056, -0.008949363314576082], [-0.3249086713242384, 0.795201958640805, 0.5571691160253653, -0.12282955648414277, 0.32013534004826155, -0.2553334312530234, -0.624461517735854, 0.005658167534659142, -0.0731102582628126, 0.5611138381312799, 0.07695154592318347], [-0.4746945448889393, -0.19927772169825805, -0.443485977056917, -0.25105121214434917, 0.17292518456116984, 0.35602815602616805, 0.20295190825493853, 0.47279734883666363, 0.35641002729905186, 0.35491102141499237, -0.1679477565829435]], "inverted": true, "swapped": true, "error_lsq": 0.04976158840471217, "error_max": 0.2283387425092889, "target": "791.xyz", "model": "24.xyz", "model_rescale": 3.7841303162186577, "target_rescale": 4.247812087308677},
{"mapping": [3, 6, 4, 2, 5, 1, 7, 13, 14, 11, 9, 12, 8, 10, 15], "R": [[0.4172789471983483, 0.45339441230980837, -0.7875987475302899], [-0.7996060970087031, -0.22867559383760366, -0.5552815163586193], [-0.4318661480731574, 0.8614760470664653, 0.2671154253860883]], "T": [0.05808785074732982, 0.017581873904310638, 0.0005528660611375069], "aligned_model": [[-0.4816643836955401, 0.0627869856926812, -0.3368263246262293, -0.45246128169186495, -0.8017923463267532, 0.2534963166564473, 0.6406927960642376, -0.31134710773363583, -0.11083044026831056, 0.22555302494260182, -0.10481749041087975, -0.5989526521373508, 0.14726519715539355, 0.5961660254482422, 0.04707673363346188], [-0.5079885115937316, -0.44092929515672685, 0.0907890926062189, 0.5688550595311029, 0.06412075217098938, 0.42328904246641974, -0.25263359802634916, -0.5583246391215754, -0.044024260507076515, -0.7262413359909673, 0.3537282170386967, 0.006687851752979854, 0.5785501149690202, -0.032106346782050335, -0.031642796685886286], [-0.28483315835932954, -0.5578124966003324, -0.628245861734417, -0.06448932103074488, -0.1661172420362606, -0.5912694202981761, -0.10123434591479154, 0.3798278282950987, 0.7731913698090435, 0.0906084989528024, 0.45067306594737955, 0.3791700926614969, -0.163214704120645, 0.5602474827162885, -0.04702188253213268]], "inverted": false, "swapped": false, "error_lsq": 0.04653443285387165, "error_max": 0.3058245124526792, "target": "791.xyz", "model": "25.xyz", "model_rescale": 4.19342608120988, "target_rescale": 4.247812087308677},
{"mapping": [12, 3, 5, 9, 6, 10, 1, 7, 2, 11, 0, 14], "R": [[-0.8274609643206325, 0.23379645102877622, -0.5105365530615005], [-0.31727306980112235, -0.9448211908079862, 0.08155192566182279], [-0.4632992032202747, 0.22946053448584225, 0.855979971383052]], "T": [-0.1431880029787015, -0.02835690865013175, -0.005644708964572254], "aligned_model": [[-0.19039093947445584, 0.27695043735919034, 0.155506381704547, -0.5420950807427452, -0.6338387063804822, -0.2962336136104201, -0.10333522779605314, -0.05804875312383598, 0.5740725445316243, 0.2025543036697704, 0.32735577720746134, -0.11468856871281988], [-0.7496905067668889, -0.3775363009237791, -0.4551357316071299, 0.41696685314882753, -0.2897555330771712, -0.27310234553576024, 0.5309215884241999, 0.6452772062101437, -0.0008060106855821737, -0.01803103633724899, 0.608673550091659, -0.025005305200288937], [-0.015748709926251263, 0.26788037178760704, -0.5639000180824029, -0.19263814263974344, -0.3573062341698882, 0.5065678292721343, -0.6553258525514041, 0.3974666854948936, -0.4255511682702421, 0.7767636492488762, -0.25574618730693055, -0.0332037616472276]], "inverted": false, "swapped": true, "error_lsq": 0.050200609263378104, "error_max": 0.25877431928403094, "target": "791.xyz", "model": "26.xyz", "model_rescale": 3.795458400668931, "target_rescale": 4.247812087308677},
