[{"mapping": [1, 12, 5, 11, 10, 8, 7, 9, 0, 3, 6, 2, 13], "R": [[-0.43718573666420746, 0.2394412399040502, -0.8669120626053056], [-0.5261773017668598, 0.7136318269818579, 0.4624576333285924], [0.7293874681969258, 0.6583293310735494, -0.18600111044166331]], "T": [0.05903273747784946, -0.0763044081616825, -0.07481596712790714], "aligned_model": [[0.13966955920756502, -0.3006769857369137, 0.7603388111864686, 0.17825705674568276, -0.49726483084283896, 0.23962696262526828, -0.3324174754233455, -0.6609657530883281, -0.4270059432168744, 0.3424694551018785, 0.5289855178619062, -0.1425837442539846, -0.0190356006371356], [-0.6477101723010295, -0.40583420326447217, -0.12949505256080213, 0.2257635961428116, 0.12799941144157928, 0.6572056099367698, 0.5630505903419182, 0.05864489656445486, -0.5196641542325363, -0.15053824613381117, 0.38888677055261534, 0.03953388496912476, 0.05239366430982033], [-0.0687111237531048, 0.23685507281305027, 0.20400621055780846, 0.5429237218300735, 0.7401821245371176, 0.12500372863632866, 0.022067463775106266, -0.06323881287547331, -0.47806647365349986, -0.5076592068812578, -0.45859694065753653, -0.8077487945741351, -0.012510245227881023]], "inverted": false, "swapped": false, "error_lsq": 0.045851222112632026, "error_max": 0.30269609842684986, "target": "792.xyz", "model": "0.xyz", "model_rescale": 3.8414455957264533, "target_rescale": 3.602687766640738},
{"mapping": [4, 2, 1, 5, 6, 12, 8, 9, 7, 0, 11, 13, 14], "R": [[-0.5978653628751632, 0.15796834942680926, -0.7858772222513635], [0.5839569278228616, 0.7574507395412546, -0.2919977459092651], [0.5491368812252868, -0.6334937866686429, -0.5451002732804209]], "T": [-0.016790228379849212, -0.0015238198275007997, 0.016127554895392575], "aligned_model": [[0.15265991873052726, -0.3566791836809727, 0.8444172247147009, 0.053932995444927787, -0.521023949731015, 0.2523008613235953, -0.368207886470462, -0.6486168936201951, -0.3239416568390959, 0.24879257703409963, 0.5666706191556816, -0.15874045784193652, 0.06783286130949301], [-0.5154534431832984, -0.5149961367563616, -0.07521241981407292, -0.09548771868200723, 0.10074263333976904, 0.7089365786377302, 0.7033863643020655, 0.004945766727127682, -0.4547076800642692, -0.3685226965406052, 0.41886070463375746, 0.3299001569418728, 0.01784448622473507], [0.070718989478398, 0.4228540052652315, -0.0211498395301672, 0.6645809428165168, 0.6037644330715194, -0.05546540231347564, -0.046399714300544743, -0.241288236256816, -0.320380083875954, -0.5498185268711863, -0.44116413879319344, -0.65084716772711, 0.03910146356337781]], "inverted": false, "swapped": false, "error_lsq": 0.041922452043657105, "error_max": 0.2508179675535104, "target": "792.xyz", "model": "1.xyz", "model_rescale": 4.316132596720782, "target_rescale": 3.602687766640738},
{"mapping": [11, 7, 6, 2, 5, 9, 3, 0, 4, 8, 1, 12], "R": [[0.9248510070806917, 0.25161952505140256, -0.285198578738986], [-0.3790597213404336, 0.6710494927549604, -0.637186241165504], [0.031053862225879664, 0.6974096306233644, 0.7159996262252091]], "T": [-0.09572668282160854, 0.021177365572042087, -0.056453906019663117], "aligned_model": [[-0.1863196739369115, 0.4950578556007338, 0.11121009296333259, -0.6494679046639528, -0.5190678763879825, -0.5242647983353543, -0.05410253892902722, -0.17710979296958423, 0.4852905039950983, 0.24992855382765825, 0.49340113738872593, -0.12674700392095556], [-0.5830739831168458, -0.29623148700877494, -0.5926197413788016, 0.4341020742074068, -0.2661768561490266, -0.154558313770491, 0.4228826695840929, 0.4713739873573401, 0.060455486724952656, 0.0018427701365150463, 0.470633933939793, 0.04414588721481967], [0.19671503460518963, 0.07519052016064164, -0.4825290490806497, -0.12541160032584872, -0.5352450520215261, 0.5922013478461282, -0.6581294971480904, 0.48173937455381893, -0.5572214150603078, 0.536550302928463, -0.004552539966002758, -0.07004896528239507]], "inverted": true, "swapped": true, "error_lsq": 0.039130223142860916, "error_max": 0.21168180883670815, "target": "792.xyz", "model": "2.xyz", "model_rescale": 3.795458400668931, "target_rescale": 3.602687766640738},
{"mapping": [2, 0, 9, 7, 5, 6, 8, 3, 1, 4, 10, 12], "R": [[-0.3349595929848582, 0.2353677066173526, 0.9123618326898085], [-0.044516913298888815, 0.9632634759596205, -0.26484282190108366], [-0.9411802778946005, -0.12932717643201574, -0.3121764980557712]], "T": [0.043162553782351655, 0.0077949552714313124, 0.05628337885430414], "aligned_model": [[-0.061618791945712674, -0.29927319498504434, -0.7512775674983596, 0.14459038415020592, 0.1281350898135364, 0.31075193919608307, -0.2645712882425977, 0.669051097260621, 0.4354195079408381, 0.7556890326013074, -0.5186904777281632, 0.04509809518085065], [-0.14937500919745605, -0.6030109784273743, -0.03925602845551687, 0.04510346637282649, 0.5942283962124381, 0.6660713219383452, -0.3568780426896055, -0.04868009127272305, -0.5541513853387604, 0.055084191822914186, 0.4728279604422017, 0.003805243882419691], [-0.6117059857536533, -0.036485610916749824, 0.012321094569208928, 0.7311355668971224, -0.3177576133743819, 0.366408984229998, 0.5500635405301068, -0.30453144601633886, 0.34286205807181375, 0.3390581750733319, -0.3981993297098285, 0.015601997038470788]], "inverted": false, "swapped": true, "error_lsq": 0.04856395580837927, "error_max": 0.281137962312067, "target": "792.xyz", "model": "3.xyz", "model_rescale": 3.7530521520055578, "target_rescale": 3.602687766640738},
{"mapping": [9, 5, 2, 3, 0, 6, 8, 11, 7, 1, 12], "R": [[0.23692726018569568, -0.4451617910864747, 0.8635371753072254], [-0.567898081571869, 0.6577175920642803, 0.4948730524449238], [-0.7882621659878717, -0.6076500216784718, -0.09697530008338308]], "T": [-0.020328596999697773, -0.01930800501452911, -0.03274185414185943], "aligned_model": [[-0.44939231122199175, -0.19809363975899705, 0.31198378015183936, 0.5522146724254289, 0.22134317893784508, -0.4334488239490575, -0.17728378580113102, -0.6799850750251172, -0.27757657813393544, 0.46723667251693823, 0.0012015123033831503], [-0.6899034564633932, 0.2475570605607943, -0.3827404794919134, 0.3430051692184976, -0.6417975415059622, 0.6327260965463717, -0.3112537845063338, -0.05981908608160668, 0.28021783222505425, 0.08108230402747274, -0.031870756214635115], [-0.07131196489632982, -0.6558099104159418, -0.5220031747673697, -0.28971774016839297, 0.19759213339053608, -0.10549454271699826, 0.5686216728359061, -0.00757286054769047, 0.5251226047620916, 0.5186005449211477, -0.06519598515164235]], "inverted": false, "swapped": true, "error_lsq": 0.05414745705915888, "error_max": 0.3062284529870777, "target": "792.xyz", "model": "4.xyz", "model_rescale": 3.7855080009869324, "target_rescale": 3.602687766640738},
{"mapping": [15, 10, 14, 3, 5, 1, 4, 7, 8, 13, 12, 6, 16], "R": [[0.5659866979152427, -0.7827661775570411, 0.25872025250400965], [-0.7923452037793175, -0.6031670262868848, -0.09153478272300815], [0.22770185732863885, -0.15318828177434138, -0.9616055399674616]], "T": [0.053814407950320865, 0.05724533842734502, -0.016656580039976658], "aligned_model": [[0.2533780887212656, -0.3414173477192689, 0.6839123091104098, 0.08639517066253607, -0.49599593030873246, 0.25210594594775604, -0.4089602028740332, -0.6947670050251898, -0.20951660546328651, 0.2718549053591537, 0.6161819311800834, -0.30312978082952935, 0.09935555076818407], [-0.7403222988616056, -0.4597818993858608, -0.17364047122926168, 0.06243377223167824, 0.2366872085032441, 0.7876845185964371, 0.6298535483211397, 0.052843839020486186, -0.49677679006396347, -0.1758376243284392, 0.28103260017036813, 0.21720822618866448, 0.03885196660355565], [-0.07477979358094594, 0.31112226116833697, 0.06916752138691454, 0.6771216117872013, 0.549569922188975, -0.032245326682543575, -0.08708584529199812, -0.04789704780964476, -0.3616582213116417, -0.6670397846494537, -0.3276666977341363, -0.5392269472655941, 0.00512507232112705]], "inverted": false, "swapped": false, "error_lsq": 0.033625237267983304, "error_max": 0.19184207321179286, "target": "792.xyz", "model": "5.xyz", "model_rescale": 4.2253639853439635, "target_rescale": 3.602687766640738},
{"mapping": [11, 7, 8, 9, 0, 1, 4, 3, 6, 5, 10, 2, 13], "R": [[0.4703016534260155, -0.8824716389941202, -0.007756362277993645], [0.3845617781929641, 0.1970206428196698, 0.9018287559487056], [-0.7943101368721299, -0.42711435549973686, 0.4320239967735854]], "T": [0.02501331366963968, -0.004813136926278196, 0.008113713778367025], "aligned_model": [[0.27672056018074104, -0.6141817473094474, 0.7597957852311638, 0.28629514562940955, -0.3983815855384646, 0.21582919858379654, -0.3248638493109111, -0.6661744112980208, -0.3158737620380292, 0.3215832192660667, 0.45203335265329364, -0.1504518171106607, -0.032933059409589065], [-0.7351720061835344, -0.38993652191994993, 0.009701463524326728, 0.026637550546586473, 0.20220249031369886, 0.6690611474863752, 0.5875489337387991, -0.004299215390518862, -0.4543773606259216, -0.20305713350394758, 0.4236564043041131, 0.13172485363594486, -0.003454010159529436], [-0.08555150369455863, 0.27737356666748414, 0.08393535619257717, 0.5588759910183881, 0.6569156394302548, 0.22763257135107826, -0.15803218676867936, -0.15084772002564353, -0.30076486836665695, -0.5148460125544781, -0.48441061347192826, -0.6249273410124855, -0.01084615423875572]], "inverted": true, "swapped": false, "error_lsq": 0.045767334084984186, "error_max": 0.29237731085389235, "target": "792.xyz", "model": "6.xyz", "model_rescale": 3.89814844738969, "target_rescale": 3.602687766640738},
{"mapping": [10, 11, 2, 4, 7, 0, 3, 8, 9, 5, 1, 6, 12], "R": [[-0.5272855160381262, -0.5118319954096053, 0.6782315187687971], [0.0029264398410085435, 0.7971135911670902, 0.6038222906837428], [-0.8496831294819642, 0.3203715518764534, -0.41880860571627343]], "T": [-0.038825580646485384, 0.06044869704811026, 0.05178758921215009], "aligned_model": [[0.3105391221732499, -0.5141618331845417, 0.650786762717267, 0.22351872668185674, -0.31537066729394664, 0.19452200435366496, -0.4897404362379025, -0.6915032564166802, -0.24646189549722272, 0.26815558469299355, 0.5927601771693471, -0.23824076374224384, 0.064593504113507], [-0.5844530382863925, -0.49271497294102695, -0.07171151957072006, -0.09652663958811439, 0.4067900208759553, 0.602067058601595, 0.7132909521275732, -0.03175176728160156, -0.5882791761029974, -0.1609047944499765, 0.34598337248441746, 0.28407986493953297, -0.06563276504180193], [0.020970074089229192, 0.4030791639050771, 0.1440715940265518, 0.6192644578901874, 0.5363958660773724, -0.004859056505185096, -0.09939018580668124, -0.10052031683128496, -0.5261269255620161, -0.6259600038881502, -0.43232602522306074, -0.5545114595469436, 0.09441954190150045]], "inverted": true, "swapped": false, "error_lsq": 0.04446771296644546, "error_max": 0.2996706503721874, "target": "792.xyz", "model": "7.xyz", "model_rescale": 3.7474275329858107, "target_rescale": 3.602687766640738},
{"mapping": [4, 9, 12, 10, 7, 0, 6, 5, 8, 2, 1, 3, 14], "R": [[0.41191655701203506, 0.7932408029120485, -0.44843480981609785], [-0.8273955268713188, 0.1194180914880852, -0.5487767866251964], [-0.3817609096970037, 0.5970832002500089, 0.7055141811519624]], "T": [0.10107560536161256, -0.04392327310920474, 0.042820737541660665], "aligned_model": [[0.2129392038800643, -0.4393081043902679, 0.6040641079671927, 0.11464844293947499, -0.39456233449807854, 0.18633960996039195, -0.39302824579100704, -0.608752769775576, -0.27573368448241364, 0.30084316131132194, 0.6515801804515674, -0.28881860229756773, 0.13918606425424623], [-0.7110555575853982, -0.4787098922332447, -0.08996323240549256, 0.4487479856165294, 0.09799446046583704, 0.5885892336004124, 0.6053482226269588, 0.007704115286864266, -0.44726463932992033, -0.20244497100579978, 0.24397925164407452, 0.2730371818541272, -0.07572556276850535], [-0.3504309581719162, 0.35791831314940964, 0.3971165280810743, 0.6193224015409486, 0.48788255503736755, -0.1211036840759169, 0.07811956894469069, -0.03780031826504437, -0.3578547137140555, -0.7593969952065669, -0.3800961208307248, -0.46869965678086295, 0.009529804818193502]], "inverted": false, "swapped": false, "error_lsq": 0.04944560846178113, "error_max": 0.31967798479852333, "target": "792.xyz", "model": "8.xyz", "model_rescale": 4.019505241142653, "target_rescale": 3.602687766640738},
{"mapping": [7, 9, 0, 1, 10, 2, 6, 11, 8, 4, 3, 5, 12], "R": [[0.31101283404184377, 0.6836725897640199, 0.6601990662418563], [-0.26862781492358806, -0.6030897385216281, 0.7510804646236602], [0.911652408602445, -0.41094349647521233, -0.003915174847706759]], "T": [-0.047296544465480594, 0.06707243061012946, 0.011551500296518087], "aligned_model": [[0.3728893580528061, -0.42644282130454525, 0.5717083567844841, 0.12834543043656577, -0.5272816781133091, 0.3117486719543998, -0.43612526520341094, -0.6120912190732055, -0.257863701894923, 0.41793123310271196, 0.49746359848866495, -0.16562201589462666, -0.06526291780626366], [-0.7307813433613143, -0.4315441252558871, -0.13149194688960428, 0.011985919095277311, 0.35943509438215643, 0.5365645377032018, 0.680357045360324, -0.046562034785040896, -0.5221067196922875, -0.266931480676436, 0.41860171169610383, 0.3126646116771629, 0.07004532651278643], [-0.06880491052498153, 0.28535743961454996, 0.018706798176739634, 0.6614904782569029, 0.7342672829711389, 0.03676768874692683, 0.03904777653362551, -0.22370093391426216, -0.24274425752713952, -0.5881143845655087, -0.552473640038134, -0.6018067005549625, -0.023485912648298878]], "inverted": true, "swapped": false, "error_lsq": 0.04032936208707305, "error_max": 0.2608277206874578, "target": "792.xyz", "model": "9.xyz", "model_rescale": 3.877068213659057, "target_rescale": 3.602687766640738},
{"mapping": [10, 12, 13, 3, 5, 4, 1, 0, 11, 9, 2, 8, 15], "R": [[-0.2878024234391847, -0.1280173012006361, 0.949095008761419], [-0.5779800425154616, -0.7669778222021981, -0.27871865869331164], [0.7636156333629882, -0.6287738789447914, 0.1467466307632424]], "T": [0.10811688726999474, -0.008792061194872039, -0.020297561316177416], "aligned_model": [[0.20126762241648993, -0.38824710509483024, 0.8491030884294837, 0.1579788256791499, -0.4263337111400474, 0.2780846340042149, -0.48814135298415157, -0.6845176071144647, -0.36758795362926217, 0.30830694363539324, 0.5786982644733003, -0.2278554863959002, 0.01864086724997252], [-0.6841595689039788, -0.40500342907936376, -0.0491363329038967, 0.1473940624508478, 0.2857796740975058, 0.6121931084362634, 0.6212552356389762, -0.05897236537714444, -0.47975930643438985, -0.16482835249757055, 0.2964375244096222, 0.15730035604616016, -0.01826401011658861], [-0.21628850379142392, 0.37319266061606077, 0.1963825840482957, 0.5927938059422685, 0.46815457847698055, 0.18845843000683324, 0.00027243831493568155, -0.0748734810780737, -0.3310225756298253, -0.6295773993451171, -0.3749007556766541, -0.6947297735335605, -0.023355283824123184]], "inverted": false, "swapped": false, "error_lsq": 0.03294221342741896, "error_max": 0.18758160059332996, "target": "792.xyz", "model": "10.xyz", "model_rescale": 4.260839863003843, "target_rescale": 3.602687766640738},
{"mapping": [9, 8, 1, 0, 3, 2, 10, 11, 7, 4, 5, 12], "R": [[0.3074224844092888, -0.3976226099023983, 0.8645158623033043], [-0.6699511225201875, -0.7356251099672966, -0.1001058990247014], [0.6757639451121681, -0.5484085682044075, -0.49253541274352086]], "T": [-0.020549533478814046, 0.030607481057506526, 0.01067347884285419], "aligned_model": [[0.3981477183922109, 0.1842659785374404, -0.4589042088248597, -0.247028399478827, -0.6097496028470907, -0.3960380591912985, 0.37234187668351004, 0.6385146477491134, 0.2854171223922899, -0.2693207680444834, 0.10610222278606177, -0.044849879059936947], [0.0013621186125481258, -0.5933440913280608, -0.5371333797057262, -0.3113005689850103, 0.2919615458217505, 0.4295150751106137, 0.6554316480430095, 0.053914319182687756, -0.45181052201942135, -0.12403870819319979, 0.6996453477772397, 0.058875721216503224], [-0.6669096554372596, -0.18992662681266695, 0.20378495135294902, -0.5644425309414073, 0.3418087513125383, -0.41567428746782387, -0.42946304255821793, -0.03945127799082465, 0.3858564759019362, 0.7206659219655834, 0.17613900978821836, -0.006209611717520599]], "inverted": true, "swapped": true, "error_lsq": 0.041464293810580276, "error_max": 0.24349426141046765, "target": "792.xyz", "model": "11.xyz", "model_rescale": 3.890672605050136, "target_rescale": 3.602687766640738},
{"mapping": [5, 9, 8, 6, 11, 0, 2, 10, 12, 7, 3, 4, 13], "R": [[-0.07611661027734223, 0.9595283347971866, 0.2711302940676776], [-0.6807494562929921, -0.24869233025363807, 0.6890082021498808], [0.7285509175045233, -0.13212683147019588, 0.6721280093917852]], "T": [0.009899659139012352, 0.08295290692854626, 0.12423606486110816], "aligned_model": [[0.1809336396041664, -0.26797296992522895, 0.7192631348608761, 0.19675792425161326, -0.46916160282720004, 0.3531534115351881, -0.5298125218216185, -0.8002901645973033, -0.3091315598186015, 0.2823460193574981, 0.603988687228421, -0.15632014081826467, 0.005643172499802954], [-0.6656339297428083, -0.5487347709315743, -0.0433340658907079, 0.08562738571235887, 0.1785053211461304, 0.5538784846171178, 0.5197148240355619, 0.02222430590008287, -0.38293925429430065, -0.34251402592029456, 0.375448157460208, 0.46242825809936905, 0.04556590557529978], [0.0003921819936870963, 0.4842053631047448, 0.11744595101238763, 0.669337137932792, 0.37747944052132815, 0.028839516224138356, -0.029106437904470706, -0.24918727529561696, -0.3618665191544435, -0.5625790777590151, -0.5196334181261173, -0.44094220770524306, -0.039877930317574334]], "inverted": true, "swapped": false, "error_lsq": 0.04056457827230261, "error_max": 0.25935873560078665, "target": "792.xyz", "model": "12.xyz", "model_rescale": 4.124412569039231, "target_rescale": 3.602687766640738},
{"mapping": [1, 0, 2, 4, 5, 10, 7, 3, 6, 8, 11, 9, 12], "R": [[-0.7279997774162125, -0.6715481634632263, -0.1379832896807183], [-0.5453854404936191, 0.4453275967710482, 0.7100972136628221], [-0.4154167129275448, 0.5922046907136844, -0.6904509822696925]], "T": [-0.16032556201547626, 0.006177336332646166, -0.02016573660714], "aligned_model": [[0.2076960857617008, -0.43740346032090677, 0.6927763539354832, 0.24272372589147795, -0.39917000421708637, 0.3013598520675683, -0.3892839260562605, -0.7930140020391652, -0.21165163750806953, 0.32470327192541987, 0.6391875358095853, -0.31083922565943745, -0.05768754006096094], [-0.7197964414119712, -0.2840974405215645, -0.07557314953353553, -0.055842891159547214, 0.37951188968703464, 0.5736582341395012, 0.589741823605432, -0.26792417598119167, -0.4505484380336592, -0.13511516637629323, 0.4104489438981678, 0.23000771291413055, 0.0657656945399389], [-0.0005076669330083619, 0.3990427861913702, 0.06888196246681638, 0.6521295992751196, 0.5940984759051089, 0.07689960913893112, -0.030569161325102352, -0.20272278131805962, -0.5063550164026811, -0.5297533932694863, -0.4536356145214614, -0.5997232157032651, 0.0067211410223144835]], "inverted": true, "swapped": false, "error_lsq": 0.04839097382101888, "error_max": 0.27989187318681313, "target": "792.xyz", "model": "13.xyz", "model_rescale": 3.9028299243045295, "target_rescale": 3.602687766640738},
{"mapping": [4, 7, 5, 14, 9, 12, 1, 6, 3, 0, 8, 2, 15], "R": [[0.932582101051258, -0.31238335583815263, 0.1808514965216358], [0.3609573524144308, 0.8061883512181183, -0.4687964719344383], [0.0006438453118594034, 0.5024708761266728, 0.8645938954837167]], "T": [0.03695360776684232, 0.057645126925356796, -0.01650534613873042], "aligned_model": [[0.27193292866475477, -0.3867916738470647, 0.5437330922617124, 0.08596349201956002, -0.507868892073675, 0.389610963737808, -0.37925638447417265, -0.6278151058669883, -0.2828739382415315, 0.24564215877451412, 0.5882974590094844, -0.0909920278085749, -0.040185042626477825], [-0.5747447662824438, -0.5992329179617875, -0.013714826941496366, 0.2519404483566873, 0.007453725617086168, 0.6477735969041353, 0.5515463038544702, 0.05039049099110442, -0.36243865104339884, -0.3381538600479997, 0.2729755483822834, 0.3453700735697867, 0.0210714303680153], [-0.08155160353830035, 0.44129278218025203, -0.0029353522409063942, 0.8454099699442266, 0.5325800054833135, 0.09129756273185446, -0.08742519899797493, -0.06588337647936308, -0.3480613829408219, -0.714365403624407, -0.5126504124749153, -0.6820833197612405, 0.05888245424487944]], "inverted": false, "swapped": false, "error_lsq": 0.038525842160835586, "error_max": 0.21614150249248232, "target": "792.xyz", "model": "14.xyz", "model_rescale": 3.942246331269136, "target_rescale": 3.602687766640738},
{"mapping": [4, 10, 3, 5, 9, 0, 7, 6, 11, 13, 12, 8, 14], "R": [[-0.10313585682867116, -0.9728833923107187, -0.20702874197126456], [-0.8003124196970823, 0.20476148256471632, -0.5635359492849599], [0.590646278168937, 0.10756691045060272, -0.799728912733118]], "T": [0.027475755268781363, 0.00758300689689303, 0.010893080940661368], "aligned_model": [[0.18610869283441944, -0.30298941426341863, 0.6697177196542005, 0.2856247405613433, -0.5341158757129658, 0.07882383587302298, -0.5532471483785674, -0.5195875489567765, -0.3409431785968066, 0.3500450106280816, 0.7243675160719232, -0.3032282976338125, 0.06882097744870488], [-0.556465216090284, -0.5533927407130792, -0.2046150053451559, 0.22216014022576722, 0.0747710542931462, 0.7312355141639627, 0.6289196774253262, 0.04384225562733098, -0.36792580628206173, -0.35044784321702566, 0.10998422847114962, 0.3863189565778495, 0.09585138062951706], [-0.0077930151446345824, 0.3026112640603444, 0.2538852480644764, 0.5494980506855547, 0.5838354100024107, -0.10913985709137054, 0.09853530344256321, -0.09954421977671402, -0.47631492910312523, -0.6438533068836378, -0.4037539035021841, -0.5773541766822312, 0.003894856455144806]], "inverted": false, "swapped": false, "error_lsq": 0.05327789361374932, "error_max": 0.30782778005697303, "target": "792.xyz", "model": "15.xyz", "model_rescale": 4.355366556412066, "target_rescale": 3.602687766640738},
{"mapping": [11, 7, 6, 2, 5, 9, 3, 0, 4, 8, 1, 12], "R": [[0.9248510070806917, 0.25161952505140256, -0.285198578738986], [-0.3790597213404336, 0.6710494927549604, -0.637186241165504], [0.031053862225879664, 0.6974096306233644, 0.7159996262252091]], "T": [-0.09572668282160854, 0.021177365572042087, -0.056453906019663117], "aligned_model": [[-0.1863196739369115, 0.4950578556007338, 0.11121009296333259, -0.6494679046639528, -0.5190678763879825, -0.5242647983353543, -0.05410253892902722, -0.17710979296958423, 0.4852905039950983, 0.24992855382765825, 0.49340113738872593, -0.12674700392095556], [-0.5830739831168458, -0.29623148700877494, -0.5926197413788016, 0.4341020742074068, -0.2661768561490266, -0.154558313770491, 0.4228826695840929, 0.4713739873573401, 0.060455486724952656, 0.0018427701365150463, 0.470633933939793, 0.04414588721481967], [0.19671503460518963, 0.07519052016064164, -0.4825290490806497, -0.12541160032584872, -0.5352450520215261, 0.5922013478461282, -0.6581294971480904, 0.48173937455381893, -0.5572214150603078, 0.536550302928463, -0.004552539966002758, -0.07004896528239507]], "inverted": true, "swapped": true, "error_lsq": 0.039130223142860916, "error_max": 0.21168180883670815, "target": "792.xyz", "model": "16.xyz", "model_rescale": 3.795458400668931, "target_rescale": 3.602687766640738},
{"mapping": [10, 11, 2, 4, 7, 0, 3, 8, 9, 5, 1, 6, 12], "R": [[-0.5272855160381262, -0.5118319954096053, 0.6782315187687971], [0.0029264398410085435, 0.7971135911670902, 0.6038222906837428], [-0.8496831294819642, 0.3203715518764534, -0.41880860571627343]], "T": [-0.038825580646485384, 0.06044869704811026, 0.05178758921215009], "aligned_model": [[0.3105391221732499, -0.5141618331845417, 0.650786762717267, 0.22351872668185674, -0.31537066729394664, 0.19452200435366496, -0.4897404362379025, -0.6915032564166802, -0.24646189549722272, 0.26815558469299355, 0.5927601771693471, -0.23824076374224384, 0.064593504113507], [-0.5844530382863925, -0.49271497294102695, -0.07171151957072006, -0.09652663958811439, 0.4067900208759553, 0.602067058601595, 0.7132909521275732, -0.03175176728160156, -0.5882791761029974, -0.1609047944499765, 0.34598337248441746, 0.28407986493953297, -0.06563276504180193], [0.020970074089229192, 0.4030791639050771, 0.1440715940265518, 0.6192644578901874, 0.5363958660773724, -0.004859056505185096, -0.09939018580668124, -0.10052031683128496, -0.5261269255620161, -0.6259600038881502, -0.43232602522306074, -0.5545114595469436, 0.09441954190150045]], "inverted": true, "swapped": false, "error_lsq": 0.04446771296644546, "error_max": 0.2996706503721874, "target": "792.xyz", "model": "17.xyz", "model_rescale": 3.7474275329858107, "target_rescale": 3.602687766640738},
{"mapping": [4, 0, 9, 2, 1, 7, 11, 3, 8, 5, 12, 10, 13], "R": [[-0.3969200841895157, -0.1465183885507735, -0.9060832238726599], [0.30286464207947383, -0.9527933245570649, 0.021398347075618995], [-0.8664452985301845, -0.2659271375696377, 0.4225580459048899]], "T": [-0.004680059470964663, 0.042880845427390554, -0.014426891854441522], "aligned_model": [[0.26367572547776225, -0.2985288209210884, 0.6573163379445495, 0.14464644007300345, -0.46496242640817187, 0.27474513429007336, -0.31774494843052026, -0.6683723928478791, -0.3797860252275052, 0.31004546955953916, 0.49646177299928423, -0.2112828230465439, 0.0031835860668453578], [-0.7355787962169291, -0.5528213033426685, -0.04474823154185496, -0.007658365042706235, 0.2789864542726423, 0.6987967811307602, 0.6717766073042633, 0.08688347305377454, -0.4897708201909716, -0.1932344231213992, 0.424644603816943, 0.13114302930195026, -0.008182413657361234], [-0.12031164541299832, 0.49344538158232737, 0.028071114386722322, 0.6776569965208675, 0.44482543635759053, 0.2287091367761935, -0.18240652692995743, -0.14920610645341015, -0.3184534840902815, -0.6214008270484467, -0.41735395701902495, -0.6670864167555064, 0.07801762261252043]], "inverted": true, "swapped": false, "error_lsq": 0.03690387970126249, "error_max": 0.20201070935862722, "target": "792.xyz", "model": "18.xyz", "model_rescale": 3.922800546911778, "target_rescale": 3.602687766640738},
{"mapping": [7, 11, 3, 2, 10, 1, 6, 4, 13, 12, 5, 8, 14], "R": [[0.355133939231493, -0.8806821322218328, 0.3134946047241143], [0.45659261979565624, 0.456044983105676, 0.7639019262525021], [-0.8157224189355481, -0.12814817739378948, 0.5640700132754695]], "T": [0.035883955087048176, 0.07171796605593966, -0.05173874316940474], "aligned_model": [[0.2140168336141422, -0.3817606442720735, 0.6007262531395007, 0.22296364396619708, -0.4558494262585852, 0.16803773617298323, -0.4404976233517786, -0.6863219755201824, -0.3225268819200113, 0.4392907094716318, 0.5643790343057851, -0.1763741065900467, 0.06331347677178631], [-0.7009386247491427, -0.45086165886776625, -0.20430813844385437, 0.2219459897216789, 0.10872910375915637, 0.7855328214715087, 0.5674091304546793, 0.03200816383044608, -0.3868966126884539, -0.3603066854363251, 0.34397974330315145, 0.3209676201088287, -0.017024256697464463], [0.04563419625307719, 0.19265261717208193, 0.06621044737719664, 0.6232143616476287, 0.5865629916078161, 0.09312931496829088, 0.0041059806123909595, -0.0251142338758708, -0.4164688994482444, -0.5706141960349229, -0.5303828657463834, -0.5686640561781765, -0.025758933828287325]], "inverted": true, "swapped": false, "error_lsq": 0.040977870684073166, "error_max": 0.22740090454890233, "target": "792.xyz", "model": "19.xyz", "model_rescale": 3.9282355846067225, "target_rescale": 3.602687766640738},
{"mapping": [9, 10, 7, 2, 1, 5, 3, 0, 11, 8, 6, 4, 13], "R": [[-0.7530122584886898, -0.6331191381397111, 0.17925594965576996], [0.1460337989484024, 0.10483107154807181, 0.9837095994259589], [-0.641596967052105, 0.7669228144730814, 0.01351771098327742]], "T": [0.1175766604762152, -0.021128186376163136, -0.08228324604248885], "aligned_model": [[0.23449531609767404, -0.2457180473702841, 0.6534783233215127, 0.1083569825917117, -0.3669069368434156, 0.24282485826440495, -0.28098646298692076, -0.6803998478952192, -0.4102459268859464, 0.3093960070696338, 0.49528731602343656, -0.242196612399854, -0.007987939457385268], [-0.6640796351773433, -0.532129796595327, -0.07791952925727735, 0.11009779181958847, 0.336903410539405, 0.6001462366193423, 0.6044841539368019, 0.03737861665368092, -0.4613324198436853, -0.21804495567782234, 0.4596502846178438, 0.0689068391915172, -0.0038244010602813128], [-0.3089289777250397, 0.5085878554641032, 0.2302578352780751, 0.7309885108421036, 0.36335092662039215, 0.2110103483829677, -0.20921513882362058, -0.08500983427680898, -0.28473501914793486, -0.7915439198207949, -0.3125673674486711, -0.5939713651491187, 0.016282870330943944]], "inverted": true, "swapped": false, "error_lsq": 0.045756028152688415, "error_max": 0.2825629577541456, "target": "792.xyz", "model": "20.xyz", "model_rescale": 4.067790424073018, "target_rescale": 3.602687766640738},
{"mapping": [0, 12, 8, 1, 10, 5, 13, 11, 3, 2, 4, 6, 14], "R": [[-0.4236664661291067, 0.4469618735756138, -0.7878653495664418], [-0.7056293687865998, 0.38252792217346027, 0.5964558513951218], [0.5679735199668194, 0.8086392720660011, 0.15332517173989652]], "T": [0.023066876357079658, 0.0020103059912315313, -0.0066807148113984804], "aligned_model": [[0.37054510805557656, -0.4834369955662889, 0.5710847160291079, 0.2305877884046264, -0.5041243001280833, 0.2896400903824735, -0.33462681547993717, -0.6161172470991607, -0.39649082210364206, 0.2814403976893927, 0.5844873538614528, -0.1527395285106356, -0.030852716005533666], [-0.6146923069650668, -0.5183749692662557, 0.07858860848636007, 0.29918432549147955, 0.20591136074723126, 0.527863239090041, 0.5667110713286818, 0.017968408077235154, -0.5413022439176332, -0.3160272876368707, 0.28656058431753584, 0.26283683989735845, 0.005008966116346308], [-0.06494558578455456, 0.23758729357183692, 0.13108759690512461, 0.7294767238359599, 0.5864302738401768, 0.023043604750810832, 0.2013860377573406, -0.10270805091127247, -0.5092021844270649, -0.6278225215290907, -0.5029776836510871, -0.6764706295707776, 0.04962184973919463]], "inverted": false, "swapped": false, "error_lsq": 0.04211236511345773, "error_max": 0.2571359597503438, "target": "792.xyz", "model": "21.xyz", "model_rescale": 4.186013935880536, "target_rescale": 3.602687766640738},
{"mapping": [3, 5, 11, 8, 2, 9, 1, 0, 6, 4, 10, 7, 12], "R": [[-0.027183159452581596, -0.40484938257638914, -0.9139792411590606], [0.6556043468965845, -0.6974329088538492, 0.2894309554590895], [-0.7546151444097042, -0.5913411156643643, 0.2843794450243311]], "T": [-0.007036529372319281, 0.05106999799670968, -0.019690507037626308], "aligned_model": [[0.0533562178628408, -0.313071926749926, 0.5342828154625228, 0.2662597671739561, -0.38552614626502624, 0.26248184260951807, -0.5138712683608188, -0.7216262020420946, -0.20943874971554954, 0.4128628008966668, 0.5274067490122731, -0.11489854856615021, 0.011179678211136234], [-0.8654794456693391, -0.4951689345470706, -0.18825163978927184, 0.27617724574202107, 0.11805649035265904, 0.5984376675051534, 0.563934139036502, -0.03467845815808403, -0.2982117238758256, -0.21076968723271355, 0.45174698688862014, 0.33392631193779354, 0.010517643575998506], [-0.11258016272347071, 0.4347367591339998, 0.2009098087075516, 0.6602388951875146, 0.6143107726229512, 0.0951974461145087, -0.14302807683013313, -0.08131228068253521, -0.4029508219452384, -0.5514241625899896, -0.5198182561177055, -0.6880331065776721, -0.03174008977318501]], "inverted": true, "swapped": false, "error_lsq": 0.04457060832406073, "error_max": 0.27291621149973255, "target": "792.xyz", "model": "22.xyz", "model_rescale": 4.166573947596378, "target_rescale": 3.602687766640738},
{"mapping": [6, 5, 12, 10, 7, 9, 8, 0, 1, 2, 11, 4, 15], "R": [[-0.964675127333667, -0.1723104564461439, -0.1992762035545016], [-0.04116134088991921, 0.845726638115516, -0.5320265008418014], [0.2602069228900674, -0.5050302566986943, -0.8229439817502366]], "T": [0.1071561012914222, 0.09320057572656026, -0.010995329539276295], "aligned_model": [[0.27978818078573553, -0.29796196852725265, 0.7137026181597118, -0.03984378420940532, -0.4544213655298468, 0.3539291363346806, -0.3873306892382712, -0.6911392164683031, -0.28060023697834513, 0.14135126621147878, 0.780907501600705, -0.37830102352124995, 0.06931661090971114], [-0.6310518715430321, -0.5121754847300127, -0.14468862300004795, 0.26017701873325866, 0.06148019170484756, 0.6346599471783552, 0.7289012645201595, -0.0509566789567254, -0.44226419810206996, -0.21011998793506292, 0.28902521695299954, 0.24127966700070225, 0.03597013394307119], [-0.16836174819439886, 0.3895807008642125, 0.058943266624608644, 0.7041627888147372, 0.43060880726917505, 0.06884190816757324, -0.08479633549565135, -0.10426394378379125, -0.2774940330772433, -0.6106923910171337, -0.3712800612393869, -0.5422744238584786, -0.018467810547625987]], "inverted": true, "swapped": false, "error_lsq": 0.040390065279672475, "error_max": 0.2383437324846809, "target": "792.xyz", "model": "23.xyz", "model_rescale": 4.274766983524099, "target_rescale": 3.602687766640738},
{"mapping": [8, 2, 10, 11, 5, 6, 7, 4, 1, 3, 12], "R": [[-0.047086572455677655, -0.8889730911009568, 0.45553232376285463], [0.9068082418927703, 0.15320678515815817, 0.39271681071332404], [-0.41890532000646524, 0.4315721541989381, 0.798914143441189]], "T": [0.02073404954711218, 0.11690634416491827, -0.05956084044165833], "aligned_model": [[0.31631158433333, 0.13926799703397474, -0.5651856329890667, -0.465556542309911, -0.5384703897908889, -0.5562549105740049, 0.018420909478227103, 0.13774847134358315, 0.6605881765698165, 0.2086663834998525, 0.024358657363162735], [-0.40389300480895507, 0.7721460402853502, 0.520093293552253, -0.2159215203931488, 0.4989841658990146, -0.1655862263888956, -0.5458555794948048, -0.09998618310900823, -0.13474657774284796, 0.5327693571152734, 0.15758276632925308], [-0.39557768536464777, -0.25578001201840284, -0.5418755372527151, -0.359841322281105, 0.12026715950412362, 0.3744799787080878, 0.10731122855072084, 0.6678710099696644, 0.22156911210738472, 0.5033358018479142, -0.062193299749447296]], "inverted": false, "swapped": true, "error_lsq": 0.046505933000816464, "error_max": 0.32968927364021416, "target": "792.xyz", "model": "24.xyz", "model_rescale": 3.7841303162186577, "target_rescale": 3.602687766640738},
{"mapping": [11, 6, 10, 0, 1, 9, 2, 4, 3, 13, 14, 12, 15], "R": [[-0.008335322390330113, -0.9933335481463493, 0.11497384279753968], [0.9655940388815453, 0.0218906990003526, 0.25913114319529523], [-0.25992051569099717, 0.1131779988525158, 0.9589744866776518]], "T": [0.016257020181534507, 0.05599106987010055, 0.06873451444158032], "aligned_model": [[0.30782935118035015, -0.36190372393501163, 0.7773797045613209, 0.09258634274448609, -0.43245720245928887, 0.2401735729440569, -0.4088163947830619, -0.727687952006075, -0.4226753248619015, 0.22456893187616722, 0.5694310292864037, -0.028581768274108507, -0.02044953674398891], [-0.6344009995485491, -0.550938538830537, 0.08200267899321723, 0.06199239228327283, 0.19418248300446767, 0.5476449776759712, 0.6488946813251302, -0.0009765546038366935, -0.40925070871640606, -0.27253688029830214, 0.2886598849099377, 0.30765779358045037, -0.0026946140083736053], [-0.09791462429738032, 0.1719689754259815, 0.22770231240875635, 0.8004911461149579, 0.6454450774963693, -0.15549420999908656, -0.12250075254947662, 0.06651844203111215, -0.42105153228237946, -0.6099963089894139, -0.45007441037502827, -0.6452859682162101, 0.06469857775839469]], "inverted": true, "swapped": false, "error_lsq": 0.04377753821481442, "error_max": 0.25411288600681997, "target": "792.xyz", "model": "25.xyz", "model_rescale": 4.19342608120988, "target_rescale": 3.602687766640738},
{"mapping": [11, 7, 6, 2, 5, 9, 3, 0, 4, 8, 1, 12], "R": [[0.9248510070806917, 0.25161952505140256, -0.285198578738986], [-0.3790597213404336, 0.6710494927549604, -0.637186241165504], [0.031053862225879664, 0.6974096306233644, 0.7159996262252091]], "T": [-0.09572668282160854, 0.021177365572042087, -0.056453906019663117], "aligned_model": [[-0.1863196739369115, 0.4950578556007338, 0.11121009296333259, -0.6494679046639528, -0.5190678763879825, -0.5242647983353543, -0.05410253892902722, -0.17710979296958423, 0.4852905039950983, 0.24992855382765825, 0.49340113738872593, -0.12674700392095556], [-0.5830739831168458, -0.29623148700877494, -0.5926197413788016, 0.4341020742074068, -0.2661768561490266, -0.154558313770491, 0.4228826695840929, 0.4713739873573401, 0.060455486724952656, 0.0018427701365150463, 0.470633933939793, 0.04414588721481967], [0.19671503460518963, 0.07519052016064164, -0.4825290490806497, -0.12541160032584872, -0.5352450520215261, 0.5922013478461282, -0.6581294971480904, 0.48173937455381893, -0.5572214150603078, 0.536550302928463, -0.004552539966002758, -0.07004896528239507]], "inverted": true, "swapped": true, "error_lsq": 0.039130223142860916, "error_max": 0.21168180883670815, "target": "792.xyz", "model": "26.xyz", "model_rescale": 3.795458400668931, "target_rescale": 3.602687766640738},
{"mapping": [3, 0, 9, 1, 6, 8, 5, 7, 3, 4, 11, 10, 12], "R": [[0.7549795335905423, 0.6398766410509993, 0.1434007953140375], [-0.33070948565533903, 0.18270268833794456, 0.9258784821841739], [0.5662483023877325, -0.7464433079017985, 0.34955006527196153]], "T": [0.14775131603004407, 0.04561721063995479, 0.04065662634461551], "aligned_model": [[-0.09770580130850223, -0.3221454148770062, 0.47884054152761135, 0.23459029382647184, -0.35163720247298236, 0.19503900906796273, -0.41945677580722307, -0.6012715750022721, -0.09770580130850223, 0.3833343906367129, 0.5634400416672892, -0.14031563684754392, -0.015609039572667432], [-0.6057063306693036, -0.5224861018968713, -0.22717432695354467, 0.12480003243257949, 0.4595005859621039, 0.7428411000078964, 0.5300949359543641, -0.10671746383407398, -0.6057063306693036, -0.1613719727695348, 0.4228709692514501, 0.17417567544419232, 0.035115823506488196], [-0.20552421558276754, 0.4250117754716524, 0.059068358805297365, 0.6207792368498933, 0.5510472795654243, 0.24655570912053387, -0.061406011818116966, -0.23496440748970368, -0.20552421558276754, -0.7342751613289363, -0.40257816101409044, -0.5982303591983922, 0.014546896728570336]], "inverted": false, "swapped": false, "error_lsq": 0.05641094606535038, "error_max": 0.34135872976797726, "target": "792.xyz", "model": "27.xyz", "model_rescale": 3.6321398670334006, "target_rescale": 3.602687766640738},
{"mapping": [6, 13, 4, 1, 2, 3, 0, 11, 9, 12, 7, 8, 14], "R": [[0.6093031659186285, -0.3331694263165467, 0.7195469306233189], [-0.7081727029454488, 0.17957660740032488, 0.6828203752653597], [-0.3567086693710616, -0.9256081111585468, -0.12652489775942888]], "T": [-0.08116148033950465, 0.09471691960897173, -0.11483982875695348], "aligned_model": [[0.23287569970610733, -0.31786744207589046, 0.6267551150682913, 0.1513957115350941, -0.429426073522865, 0.22068296208753652, -0.45491837247898315, -0.6752016250634203, -0.41105515235693835, 0.3313709967012084, 0.6130962653350542, 0.005249307814908427, -0.08356036322075364], [-0.6148318881196139, -0.5552080511892625, -0.1253790030032712, 0.16011586175870687, 0.17106323521398464, 0.7020149408917621, 0.5915853210513672, -0.037628924847923004, -0.4241510745747534, -0.25825851560682933, 0.2902004611594912, 0.29426927924583546, 0.06644495378694862], [-0.07207797495349044, 0.31880190346610726, 0.2551319690259742, 0.5087845189231233, 0.5967265258163805, -0.006955048161315536, -0.06155501435206706, 0.09040811966176693, -0.37659989254599013, -0.7383260181635984, -0.3988816418014456, -0.5836059188791549, -0.0573448035096926]], "inverted": false, "swapped": false, "error_lsq": 0.03681116783595592, "error_max": 0.21870387567565447, "target": "792.xyz", "model": "28.xyz", "model_rescale": 4.156811204709835, "target_rescale": 3.602687766640738},
