[{"mapping": [1, 13, 0, 7, 9, 10, 2, 3, 11, 5, 4, 6, 8, 14], "R": [[0.5660959345450437, -0.7690228156334575, 0.29688263998887343], [0.609696966493664, 0.14821138859909355, -0.7786546046469851], [0.5548017681478654, 0.6218016511112832, 0.5527727423953577]], "T": [-0.08920062405873946, 0.04160545543609366, 0.21243702030285702], "aligned_model": [[0.1588688006476039, 0.2941486562789856, -0.5071254859768622, -0.42707116712034005, -0.6729961297334375, -0.17873742892289932, -0.6495350363141936, -0.061496340652629586, -0.28530273269206774, 0.25194672485036423, 0.5822002686496033, 0.32162891070499805, 0.6247286734542654, -0.07976561204508764], [-0.5784375836186156, -0.15699807669728388, -0.39725730036418383, -0.26955645485226226, 0.2758758836756817, 0.3016272843611558, 0.13636597989168914, 0.5211749201647585, 0.6616219581383747, -0.04043303644965297, 0.4816456828667558, 0.5261661438461492, -0.19775029556780493, -0.028771773584726684], [0.3786633775941741, -0.4164355223540184, 0.39456751680859287, -0.4825664969166986, 0.5849031019834416, -0.546072079300247, 0.000614472602418703, 0.7002812702906785, 0.06767138756432603, 0.7604824269330719, 0.4503336596233176, -0.16874196118032384, 0.14393644543647888, 0.02995048809462117]], "inverted": true, "swapped": true, "error_lsq": 0.04286935705028986, "error_max": 0.28427003415829916, "target": "793.xyz", "model": "0.xyz", "model_rescale": 3.8414455957264533, "target_rescale": 3.925071075190413},
{"mapping": [10, 12, 5, 6, 9, 8, 7, 3, 13, 6, 4, 2, 1, 0, 14], "R": [[0.4470816385438863, 0.14280357766276935, 0.8830204678735524], [0.8419536345703761, -0.40052547822231443, -0.36151544715063033], [0.30204649594168054, 0.9050892107972008, -0.29930157832502763]], "T": [0.035217121617725625, 0.18615263782061475, 0.03209237803763581], "aligned_model": [[0.2961016190828591, 0.18530041919558798, 0.32365601309971503, -0.2577501803448816, -0.6425802554978615, -0.39358351976167616, -0.31241362639861037, 0.7642396124281854, -0.3525784007951723, -0.2577501803448816, 0.2693429439695932, -0.09391693644785733, 0.8396627956339832, 0.14073666334970775, 0.11998976717982834], [-0.34992694594579654, 0.11878826078104376, -0.3583831837028211, -0.522958554745806, 0.24079294808562807, -0.06317668144256577, 0.539816425338348, 0.07034231029900717, 0.6576994887093516, -0.522958554745806, 0.3351963965550044, -0.13039458884306632, 0.4851696508992159, 0.8858201169518048, 0.183392177396748], [-0.30397198969804956, -0.7130429038818947, 0.2657727793145327, 0.17823836786090017, 0.08790305858191153, -0.5829420096261304, 0.4407851606596636, 0.2938003411795833, -0.41746874222606406, 0.17823836786090017, 0.499840485611122, 0.686100769388601, -0.07724139814714029, 0.18972617665343064, 0.002596997212177137]], "inverted": true, "swapped": false, "error_lsq": 0.046080922227437586, "error_max": 0.37244799984270466, "target": "793.xyz", "model": "1.xyz", "model_rescale": 4.316132596720782, "target_rescale": 3.925071075190413},
{"mapping": [10, 6, 13, 0, 7, 2, 1, 9, 8, 11, 5, 14], "R": [[-0.907236388105265, 0.4196780451858888, -0.028150923371435516], [-0.28409592279591744, -0.6607459182728359, -0.6947692697122716], [-0.31018001668136097, -0.6223224002675287, 0.7186815618734159]], "T": [0.021199392615072067, 0.13719688096294766, -0.0062899776967023854], "aligned_model": [[-0.1281262836865679, 0.497166052176902, 0.0896470993878895, -0.49067014315722257, -0.589404381287402, -0.4622984674177549, -0.01719573628512864, -0.26597098920064843, 0.4943115215545194, 0.10901354870396829, 0.4122463087295416, -0.050909974886315636], [-0.6428346121210999, -0.4145813423126947, -0.462291538222378, 0.48804702731504157, -0.39318995353505903, -0.011110077543135921, 0.42785758339794855, 0.5110993084098703, 0.03584587814571297, -0.1403442826456547, 0.6332434154184988, -0.018964978566069046], [0.1358963694596181, 0.12740338270500035, -0.47299036908206465, -0.13009215679017294, -0.2059420859195642, 0.3284604781198967, -0.6289176206337995, 0.5524236829141119, -0.5872989568195746, 0.5929538504308559, -0.1627691795066419, -0.09986893366824393]], "inverted": false, "swapped": true, "error_lsq": 0.04701885583197621, "error_max": 0.2922967805304025, "target": "793.xyz", "model": "2.xyz", "model_rescale": 3.795458400668931, "target_rescale": 3.925071075190413},
{"mapping": [1, 0, 7, 11, 8, 6, 2, 5, 9, 3, 13, 14], "R": [[0.915572568485298, 0.33996357855892534, 0.21482932083550377], [0.39466373109973296, -0.8621876478827557, -0.3176050994440096], [0.07724902065186397, 0.3755758579725419, -0.9235666536403949]], "T": [0.08897960516078907, -0.016797081893075747, 0.05145174377463882], "aligned_model": [[0.03419182919406091, -0.08606373272577128, -0.7391653805489162, 0.17840483269457272, 0.15484927389573444, 0.11509264783053685, -0.22639512965010655, 0.6214779274111736, 0.317346290390475, 0.7183750731068986, -0.4028125430834447, -0.09199726277164802], [-0.1254910274888054, -0.5956556314842676, -0.05407313371780409, 0.12248017688882376, 0.49630351378776344, 0.6709723868602809, -0.3221809574964889, -0.04612581210879546, -0.5784090509805839, -0.06250381264764299, 0.5252078034029456, 0.05524459027428391], [-0.6259011460901116, -0.1348701170523584, 0.13388053628566174, 0.696772255553494, -0.499971425484501, 0.3256207612883335, 0.46990421112483316, -0.3214436275180793, 0.45995077835230025, 0.31700522380830676, -0.16361079564028838, 0.031434776011509846]], "inverted": true, "swapped": true, "error_lsq": 0.04187565775451946, "error_max": 0.26342799093860697, "target": "793.xyz", "model": "3.xyz", "model_rescale": 3.7530521520055578, "target_rescale": 3.925071075190413},
{"mapping": [1, 12, 13, 10, 8, 2, 5, 0, 9, 11, 14], "R": [[0.4316311556789376, -0.616361325533221, -0.6586298367324364], [-0.42344148805447446, 0.5062557465171815, -0.7512672129891893], [0.7964871949011341, 0.6031615335092766, -0.0424772039247011]], "T": [-0.04613624210467487, -0.05934126265161409, 0.1705260148137121], "aligned_model": [[-0.42538081388827276, -0.18845067272321686, 0.33768274878839505, 0.4702938522078525, 0.19802121151971017, -0.16662760501911694, -0.2022799528601409, -0.657596401346191, -0.380111956286511, 0.34935993623684874, 0.003289255815848345], [-0.5756262163565848, -0.13534377514806079, -0.25485444719241707, 0.37585300301942115, -0.7408646821363576, 0.527229358652398, -0.5668115306882271, 0.059317724327263135, 0.40730098204921533, 0.40545503401605343, -0.034452092228357836], [-0.08096238047165338, -0.7725013977815716, -0.4590280221994486, -0.2709149823070028, -0.04762877582026906, 0.07440244874838892, 0.5467688409213158, 0.05885800298934002, 0.6234454842487627, 0.43769780332639174, -0.017306244408937688]], "inverted": true, "swapped": true, "error_lsq": 0.04967946079378705, "error_max": 0.24621786572616683, "target": "793.xyz", "model": "4.xyz", "model_rescale": 3.7855080009869324, "target_rescale": 3.925071075190413},
{"mapping": [4, 7, 1, 13, 15, 8, 14, 0, 10, 11, 2, 12, 5, 3, 16], "R": [[-0.7237008945267115, -0.3021337594642622, -0.620461285378249], [0.6033498759123478, 0.15943125756543663, -0.781377374478976], [0.3350014067101692, -0.9398387444147505, 0.06691182256606865]], "T": [-0.004683997454095479, 0.095493862331282, 0.03071377522405436], "aligned_model": [[0.5812538550891306, 0.22655274086961313, 0.5151529631055203, -0.5777682589666686, -0.7470406064124357, -0.5319020620615953, -0.3614522751864833, 0.7606884331182009, -0.1361598921408681, -0.06895045119795196, 0.2360343138523633, -0.15919541469560272, 0.5952699194724544, 0.32038057228782874, -0.024407102784986923], [-0.25995726480398057, 0.05982546355274897, -0.28229154293826275, -0.3463169597447694, 0.44909465466968745, 0.07197703987783323, 0.2948984624567076, 0.1587317728844858, 0.6329723323364326, -0.675810975572555, 0.43979043544560836, -0.2776495961656391, 0.48670891972055924, 0.6930177515523763, 0.12422877231905699], [-0.24737274555797104, -0.681063442768975, 0.43090330655994014, 0.06600209593318995, -0.02577738761918574, -0.43490188750308717, 0.5698349118766198, 0.16738817849413812, -0.44341200710751166, 0.21345648574807016, 0.6384145666684868, 0.5783956576458944, -0.34626012447683746, 0.17112329309173754, 0.07160455975903471]], "inverted": false, "swapped": false, "error_lsq": 0.03985901527602842, "error_max": 0.243876336324031, "target": "793.xyz", "model": "5.xyz", "model_rescale": 4.2253639853439635, "target_rescale": 3.925071075190413},
{"mapping": [8, 5, 11, 6, 3, 2, 10, 13, 0, 1, 9, 7, 12, 14], "R": [[-0.1308013569587539, -0.9231508934040287, 0.3615016362689013], [-0.6229553800610707, 0.3601900072578777, 0.6943988429746535], [-0.7712441892622053, -0.1343710782829189, -0.6221951573665371]], "T": [-0.05142378028825242, -0.03421122291677953, -0.08792265416087709], "aligned_model": [[0.6289851760846434, -0.0018661142673333173, -0.44129474234466315, 0.18286171050144234, -0.4876341531915523, -0.4204279136973856, 0.0913965001659677, 0.6133510074330984, -0.2248162712032817, 0.367494851988244, -0.768383144496326, 0.16294414730065052, 0.5992837970527045, 0.0721673014315746], [-0.14696323539896783, 0.03614803067067629, -0.5267531633090341, -0.7283127844316946, -0.33388100180696023, 0.06537771978920384, -0.4206420597312149, -0.18922920217728373, 0.571079791774894, 0.44197288073409324, 0.10753796341540273, 0.1964647063147699, 0.39732741756111906, -0.02502791677001332], [-0.39777613874970763, -0.7329491720035548, 0.13397069624790447, 0.022579447263303118, -0.5222784360457725, 0.382971170692187, 0.6057904140261088, 0.2525543881416131, -0.02474783304417237, -0.35509093553888993, -0.10545109517950269, 0.6833380893785522, 0.4649647941862144, 0.06368281955716541]], "inverted": true, "swapped": true, "error_lsq": 0.04166412307647088, "error_max": 0.33939621445493123, "target": "793.xyz", "model": "6.xyz", "model_rescale": 3.89814844738969, "target_rescale": 3.925071075190413},
{"mapping": [5, 3, 9, 8, 0, 11, 6, 1, 13, 10, 2, 12, 14], "R": [[-0.32700218470084214, 0.7287491600979854, 0.6016595655828615], [-0.30061655041538893, 0.5233747669118409, -0.7973133279811195], [-0.8959348529983798, -0.44159202327086633, 0.04792936642930237]], "T": [-0.0009663380754461603, 0.07237020225095128, -0.10869284147458522], "aligned_model": [[0.18274274305207633, 0.00964431905228181, 0.42392154402861776, -0.3130968185736251, 0.5917198872119851, -0.32438934107791534, -0.7354984235753153, 0.3059790158240688, -0.4871315548314524, -0.5541439869528362, 0.1356415389303302, -0.009566414463603179, -0.07719070772039009], [-0.40059765611976883, 0.1593700889780601, 0.5604900335915449, -0.6094387016223809, 0.13318646566663875, 0.5913064968595013, 0.09698415190631818, -0.49469437573315067, -0.16281393247842704, 0.4927410553207281, 0.6344537085636888, -0.11716320025550764, 0.07995713079324063], [-0.5161458743588317, -0.7877103999590124, -0.44875184501540843, -0.01179223318909181, 0.10451514818342883, -0.3731475111679101, -0.20214952751013537, 0.13181771074275603, 0.4300209168490796, 0.3014864849125446, 0.07358009161813317, 0.829035055089578, 0.071517014641165]], "inverted": true, "swapped": true, "error_lsq": 0.04061035202396102, "error_max": 0.2220147359572049, "target": "793.xyz", "model": "7.xyz", "model_rescale": 3.7474275329858107, "target_rescale": 3.925071075190413},
{"mapping": [8, 3, 9, 7, 10, 6, 12, 4, 0, 9, 13, 11, 2, 1, 14], "R": [[0.8749312333577208, -0.4529953401869236, -0.17114484702751315], [0.1292328391586544, 0.5590333868755102, -0.8190119325391356], [0.4666842724777972, 0.6944615857824172, 0.5476576446051307]], "T": [0.02122452086352176, 0.16599094711794368, 0.052697150856019045], "aligned_model": [[0.5584101603382001, 0.14502963445530465, 0.04808949263013795, -0.4372009715860023, -0.7328502045052283, -0.48698239722348635, -0.1650895950200929, 0.7715072511211111, -0.28595242758387684, 0.04808949263013795, 0.4443757409860981, -0.24989077609174007, 0.7270086450524796, 0.1738233456747285, 0.07008934347074815], [-0.20709087980105492, 0.1089330520145991, -0.5712690399621352, -0.3347010209253336, 0.2102321411617775, -0.005509825927808076, 0.47776652318839585, 0.10495631158183039, 0.5466248750876327, -0.5712690399621352, 0.3611077502905464, -0.13878459426924342, 0.5090477602663362, 0.8835082531628649, 0.19566699968401724], [-0.14082766672944663, -0.6512568444018485, 0.2426087745946925, -0.002359664647406459, 0.12108856111989826, -0.5631366835920072, 0.5514211819471629, 0.26618355273613165, -0.38886074211824473, 0.2426087745946925, 0.8214521877312562, 0.5218328675935897, -0.25188500365264677, -0.11065625205353215, 0.07012241762125195]], "inverted": false, "swapped": false, "error_lsq": 0.05073977067503995, "error_max": 0.43343138482213744, "target": "793.xyz", "model": "8.xyz", "model_rescale": 4.019505241142653, "target_rescale": 3.925071075190413},
{"mapping": [5, 0, 8, 4, 3, 6, 13, 9, 11, 2, 12, 10, 14], "R": [[0.528737225451674, -0.5169962457742368, -0.6731655281407471], [-0.7018888625649289, -0.7122736995713582, -0.004266322332079769], [-0.4772724285237691, 0.4747431502973749, -0.7394795265703765]], "T": [-0.09227119300296215, -0.12129873610293329, 0.0022492381667858843], "aligned_model": [[-0.20521260925481016, -0.710777926510893, 0.10571923086987421, 0.48502308327505783, 0.09547254971913015, 0.6375576820716616, 0.19705995350594557, -0.3511510931440042, 0.34555256140591506, -0.21304845282282114, -0.36476328777616485, 0.3669976269758597, -0.06872854657357487], [-0.48435231189651295, -0.10297178947356277, 0.16926248249665732, -0.45302361850388245, -0.7786112383939263, 0.0012255956512934596, 0.5660700327028864, -0.6434621060376389, -0.3584407471794121, -0.0783142316073819, 0.7956757573569198, 0.3605846772325354, 0.06973572576608358], [-0.5258624291400418, 0.13471345985670294, -0.6671180126332911, -0.5053916708028038, -0.035684552390165415, -0.032607390279760694, -0.15803916424973793, 0.4435625286956573, 0.4448637608766842, 0.5950292885655383, -0.013123354469646596, 0.4581272614043039, 0.03823376861043976]], "inverted": true, "swapped": true, "error_lsq": 0.053231186649511104, "error_max": 0.3035044727143138, "target": "793.xyz", "model": "9.xyz", "model_rescale": 3.877068213659057, "target_rescale": 3.925071075190413},
{"mapping": [8, 11, 2, 1, 5, 0, 3, 14, 12, 7, 13, 4, 10, 6, 15], "R": [[0.3589116646220124, -0.6707535160598105, -0.6490548033037412], [-0.9103099122884507, -0.09792932567318657, -0.40217621854429497], [0.20619961345174653, 0.7351867571349453, -0.6457415516642505]], "T": [0.10747293301841748, 0.12823278958782247, 0.08656172036830312], "aligned_model": [[0.2186631496046536, 0.22254647236754785, 0.46959984565384844, -0.5899843426431457, -0.6681487880566224, -0.33735463500121027, -0.30535575386204533, 0.860536524621722, -0.2499492105464352, -0.08325404728794866, 0.4663964576267032, -0.21322292337246151, 0.6137066201928822, 0.16702444264377977, 0.057252922407251064], [-0.49334815166507695, 0.19801126207709874, -0.2846527517638213, -0.3708672975093618, 0.19910765648507564, 0.041278521826477926, 0.4467707059598867, 0.26849461582067036, 0.6301883489975751, -0.645509497406736, 0.38649518488334006, -0.15194889783516136, 0.48424886086434604, 0.737668643687713, 0.12328206116826404], [-0.35683066230731697, -0.6390720175342505, 0.4590466017224275, -0.045192072327649824, 0.020356423892721687, -0.5679101473858597, 0.4483177346239361, 0.2373708505360193, -0.3359134189957528, 0.2632893687894088, 0.7206854737655866, 0.6126254707555554, -0.26012371402785617, 0.15967897253032845, 0.012006596706245265]], "inverted": true, "swapped": false, "error_lsq": 0.0350590403573912, "error_max": 0.22542915802052693, "target": "793.xyz", "model": "10.xyz", "model_rescale": 4.260839863003843, "target_rescale": 3.925071075190413},
{"mapping": [12, 10, 11, 2, 3, 0, 1, 13, 6, 4, 8, 14], "R": [[0.32121193113428625, 0.9424676706166476, -0.09261525327619091], [-0.15482158594782178, -0.044220398726336485, -0.9869522951293469], [-0.9342661140283234, 0.3313596930510926, 0.13171021979900407]], "T": [-0.17346773135501892, 0.0926715353054122, -0.08248799357202748], "aligned_model": [[0.5845365164718048, 0.21030994583381551, -0.43485250317948065, -0.3806939306722801, -0.7010099489586678, -0.36283594381241047, 0.10226961000394597, 0.5745807872404514, 0.1351545261880499, -0.13948395462675317, 0.3801999831861914, -0.009276438580536422], [0.13727810074882332, -0.6117638333672208, -0.484590133553062, -0.3044043147238418, 0.10360600795851939, 0.3607760366054855, 0.7021067862337489, -0.05626146439418758, -0.3395614249957808, 0.18842525781021582, 0.45479510319600125, 0.02267238401423291], [-0.6645277641805672, -0.16879993352313222, 0.12313436849201452, -0.4914025004156185, 0.3537757535110729, -0.6234989757975763, -0.24429221205498775, -0.0713936685979696, 0.4340430834112053, 0.748587032543253, 0.283568190088323, -0.16301529608051224]], "inverted": false, "swapped": true, "error_lsq": 0.05284669507311326, "error_max": 0.2833233816075813, "target": "793.xyz", "model": "11.xyz", "model_rescale": 3.890672605050136, "target_rescale": 3.925071075190413},
{"mapping": [13, 10, 2, 12, 7, 5, 6, 1, 8, 3, 9, 11, 0, 14], "R": [[0.989000854402931, 0.14649073700309917, -0.02043951962649465], [0.12487007661927169, -0.7528683761015713, 0.646217202054604], [0.07927656624356433, -0.641661649343696, -0.7628797767709914]], "T": [-0.025304062448029338, 0.017597448935229142, 0.18586410645324597], "aligned_model": [[0.3280512870252916, 0.3243349629192486, 0.29430841470662716, 0.8264787059864501, 0.7598843888194566, -0.4676853265046275, -0.2773913788457871, 0.15800008006099764, -0.1438640650850368, -0.6513512583066562, -0.15193341617225953, -0.245004238687335, 0.3257382485051162, 0.13030943037220838], [-0.4381592208493454, 0.20141108770605293, 0.5313451176727878, -0.39947310950948994, 0.10537450965907444, -0.29084704516239196, -0.08299562428066552, -0.518207655864775, -0.714959776478904, 0.2729112969649913, 0.6505651731846991, 0.5105508772823717, 0.14048618300282859, -0.035849293499468166], [-0.3134419755891124, -0.5176480421736114, 0.14422038446712784, 0.05997230905995951, -0.07829949974079925, 0.5500431926452238, -0.5034909557922775, 0.5769337839046733, 0.04101251546668705, 0.29368877258836606, 0.5290079171651034, -0.20472818622162164, 0.6978219966700683, 0.07969822290707468]], "inverted": false, "swapped": true, "error_lsq": 0.0561085713488641, "error_max": 0.327405812132713, "target": "793.xyz", "model": "12.xyz", "model_rescale": 4.124412569039231, "target_rescale": 3.925071075190413},
{"mapping": [13, 8, 4, 12, 6, 10, 1, 2, 5, 0, 11, 3, 14], "R": [[0.6840993072658763, 0.2184417126458689, -0.6959104511175903], [0.6831971747369194, 0.1422336455911583, 0.7162480090676276], [0.2554403222473688, -0.9654288209071596, -0.05193682250553999]], "T": [0.11562247341385572, 0.1385256040285472, -0.1608323758083168], "aligned_model": [[-0.15858777678980263, -0.12156383897367025, 0.5914533461164668, -0.6645510474022897, 0.5513806379446714, 0.2731313254064398, -0.4741847199388179, 0.1747777727701154, 0.1102405952226843, -0.3009362842861836, 0.7088666979470022, 0.6551460286967976, 0.022125570796343974], [-0.19274781538326446, 0.4579619455724571, 0.6200805820239099, -0.33178551050674976, -0.04746122121255625, -0.5914724546858376, 0.4780622371791199, -0.33031464521077203, 0.788728641173685, 0.14368897039826142, -0.1570137921885928, 0.5157175426303975, -0.005959103281580641], [0.46920521742996113, 0.4821152294132338, 0.33181268428841726, 0.131515384463785, 0.4087298299187143, 0.14454941955731457, -0.05853202863934655, -0.5409803384733212, -0.13489704428066865, -0.6371572307408028, -0.22829602822550188, -0.3489466650422734, -0.06742034870167236]], "inverted": true, "swapped": true, "error_lsq": 0.037110534686727245, "error_max": 0.20448766396772583, "target": "793.xyz", "model": "13.xyz", "model_rescale": 3.9028299243045295, "target_rescale": 3.925071075190413},
{"mapping": [1, 12, 3, 9, 14, 11, 10, 0, 13, 6, 4, 7, 8, 5, 15], "R": [[0.15525136345562013, -0.5956901398050275, -0.7880674282599416], [0.8565129974476379, -0.3163165162839496, 0.4078349503527734], [-0.492222002097056, -0.738306927276897, 0.4611077767577914]], "T": [0.1596618236877077, 0.0748642647663012, 0.01276624864931953], "aligned_model": [[0.12376884047623288, 0.0880611266904664, 0.44754165728725537, -0.4786240888360737, -0.6869191054774999, -0.33794897139086244, -0.33738215408740174, 0.9049440287350106, -0.20464589830697555, 0.08327196934619124, 0.3023289964207562, -0.3330859924866731, 0.7382216974867952, 0.24571227596638848, 0.0732123525249091], [-0.41087374901054824, 0.35748188244923856, -0.242625076815365, -0.3408194357564946, 0.2632476532520642, -0.15256602329157123, 0.4371625535470369, 0.19627015175464277, 0.7383977378170916, -0.5794472280099974, 0.3771363778870736, -0.15780371082816885, 0.4845343797464931, 0.5795331766492937, 0.019590576199500984], [-0.4173140130125106, -0.6190888861130853, 0.4655522517753968, 0.15644509697787728, -0.16291266897982798, -0.48373717433295244, 0.43352726888886317, 0.35486485240141485, -0.23147659286591288, 0.11498817791975949, 0.6023770705789805, 0.7364327178361407, -0.2937399158552857, 0.010228001887580336, 0.06218927363710441]], "inverted": false, "swapped": false, "error_lsq": 0.04256854842393468, "error_max": 0.29922475546677474, "target": "793.xyz", "model": "14.xyz", "model_rescale": 3.942246331269136, "target_rescale": 3.925071075190413},
{"mapping": [1, 12, 5, 4, 11, 13, 6, 2, 8, 3, 9, 10, 0, 7, 14], "R": [[-0.37006303340937013, -0.036559833312714785, -0.9282869868160397], [-0.5669257732934954, 0.8004829219662297, 0.1944794570538992], [0.7359677430970926, 0.5982394756521452, -0.3169558500675112]], "T": [-0.019720806385499043, 0.06826825567218522, 0.08248679458841476], "aligned_model": [[0.5387898571029878, 0.03316230637726847, 0.5031238619712393, -0.44514797089549835, -0.6758133128498616, -0.5649769305552869, -0.19317196333300257, 0.7072758671889896, -0.10601321697103581, 0.10512353361248308, 0.18334065534379795, -0.41134382863859703, 0.5189954756964525, 0.37582041807507627, 0.05929198222350711], [-0.3494489796062592, -0.24211051952479254, -0.2368064390865887, -0.3313818791723936, 0.3546741331281156, -0.09425866648994694, 0.5474157879671979, 0.2627285265308212, 0.7500160021588282, -0.6262403342893831, 0.2979030014013089, -0.08331772237914481, 0.44537809357848956, 0.7901737218286458, 0.0844945395453915], [-0.3300899690587902, -0.671797402816312, 0.2731237311403002, 0.13685106905517, 0.04217152481926964, -0.49821158248281616, 0.3129683074860724, 0.2101933265619236, -0.2733425975695579, -0.05396700616740546, 0.826930366960857, 0.6592481106826317, -0.24658830389571199, 0.31352606790507664, 0.02731981812283575]], "inverted": false, "swapped": false, "error_lsq": 0.05617107920981345, "error_max": 0.4367362836465604, "target": "793.xyz", "model": "15.xyz", "model_rescale": 4.355366556412066, "target_rescale": 3.925071075190413},
{"mapping": [10, 6, 13, 0, 7, 2, 1, 9, 8, 11, 5, 14], "R": [[-0.907236388105265, 0.4196780451858888, -0.028150923371435516], [-0.28409592279591744, -0.6607459182728359, -0.6947692697122716], [-0.31018001668136097, -0.6223224002675287, 0.7186815618734159]], "T": [0.021199392615072067, 0.13719688096294766, -0.0062899776967023854], "aligned_model": [[-0.1281262836865679, 0.497166052176902, 0.0896470993878895, -0.49067014315722257, -0.589404381287402, -0.4622984674177549, -0.01719573628512864, -0.26597098920064843, 0.4943115215545194, 0.10901354870396829, 0.4122463087295416, -0.050909974886315636], [-0.6428346121210999, -0.4145813423126947, -0.462291538222378, 0.48804702731504157, -0.39318995353505903, -0.011110077543135921, 0.42785758339794855, 0.5110993084098703, 0.03584587814571297, -0.1403442826456547, 0.6332434154184988, -0.018964978566069046], [0.1358963694596181, 0.12740338270500035, -0.47299036908206465, -0.13009215679017294, -0.2059420859195642, 0.3284604781198967, -0.6289176206337995, 0.5524236829141119, -0.5872989568195746, 0.5929538504308559, -0.1627691795066419, -0.09986893366824393]], "inverted": false, "swapped": true, "error_lsq": 0.04701885583197621, "error_max": 0.2922967805304025, "target": "793.xyz", "model": "16.xyz", "model_rescale": 3.795458400668931, "target_rescale": 3.925071075190413},
{"mapping": [5, 3, 9, 8, 0, 11, 6, 1, 13, 10, 2, 12, 14], "R": [[-0.32700218470084214, 0.7287491600979854, 0.6016595655828615], [-0.30061655041538893, 0.5233747669118409, -0.7973133279811195], [-0.8959348529983798, -0.44159202327086633, 0.04792936642930237]], "T": [-0.0009663380754461603, 0.07237020225095128, -0.10869284147458522], "aligned_model": [[0.18274274305207633, 0.00964431905228181, 0.42392154402861776, -0.3130968185736251, 0.5917198872119851, -0.32438934107791534, -0.7354984235753153, 0.3059790158240688, -0.4871315548314524, -0.5541439869528362, 0.1356415389303302, -0.009566414463603179, -0.07719070772039009], [-0.40059765611976883, 0.1593700889780601, 0.5604900335915449, -0.6094387016223809, 0.13318646566663875, 0.5913064968595013, 0.09698415190631818, -0.49469437573315067, -0.16281393247842704, 0.4927410553207281, 0.6344537085636888, -0.11716320025550764, 0.07995713079324063], [-0.5161458743588317, -0.7877103999590124, -0.44875184501540843, -0.01179223318909181, 0.10451514818342883, -0.3731475111679101, -0.20214952751013537, 0.13181771074275603, 0.4300209168490796, 0.3014864849125446, 0.07358009161813317, 0.829035055089578, 0.071517014641165]], "inverted": true, "swapped": true, "error_lsq": 0.04061035202396102, "error_max": 0.2220147359572049, "target": "793.xyz", "model": "17.xyz", "model_rescale": 3.7474275329858107, "target_rescale": 3.925071075190413},
{"mapping": [5, 0, 1, 9, 4, 6, 8, 7, 3, 13, 11, 2, 10, 14], "R": [[-0.0704771669408254, -0.48643396313410653, 0.8708702362864642], [-0.9965530151565367, -0.003965850936960669, -0.08286350227187866], [0.04376136335182984, -0.873708344664278, -0.4844777306972909]], "T": [0.05110614589146768, -0.04061078324212432, -0.0745924312313058], "aligned_model": [[0.3950159984969237, 0.1769506478094507, 0.7131875432753746, -0.4286618242776472, 0.13330125358075412, -0.1430226308030239, 0.6545442178168472, 0.00046533759526988516, -0.24463994788211357, 0.34792144573300104, -0.5771509187817307, -0.38579978212131727, -0.3142669261265388, 0.08700323356762654], [-0.5252811147774922, 0.3332689619373603, 0.0512606972319872, -0.0499598109512635, -0.8160939753491978, -0.31551902105680574, -0.28744775586021243, 0.7442534384420769, -0.6108327796549777, 0.22088931284068747, -0.1758061908098445, 0.36339620944075557, 0.32645212701275683, 0.10182814306540315], [-0.3397080259392844, -0.5693755391451274, -0.23839373136761335, -0.62610498637101, 0.2301683840290031, 0.5854203430025708, 0.3083077495505727, 0.20005605189895623, -0.31150493383505706, 0.5776338225700033, 0.1010459800476832, -0.19170162044245093, 0.5440606082689221, 0.054890616394486474]], "inverted": true, "swapped": true, "error_lsq": 0.03742391683344616, "error_max": 0.19738827366624828, "target": "793.xyz", "model": "18.xyz", "model_rescale": 3.922800546911778, "target_rescale": 3.925071075190413},
{"mapping": [8, 6, 12, 0, 2, 1, 9, 13, 10, 5, 7, 3, 4, 11, 14], "R": [[-0.19488261032443416, -0.40664672458310064, 0.8925576785726349], [0.9597434245525209, -0.2667261889920607, 0.08803237548749426], [0.20227043091202035, 0.8737823421720123, 0.44225681598711186]], "T": [0.07900349007860272, 0.047583020903592316, -0.006336006787833172], "aligned_model": [[0.46754467368555264, 0.10808963382054856, 0.3963396444148657, -0.5754574727836517, -0.5708815304192838, -0.3904759932310231, -0.36553188539676196, 0.7302961530041707, -0.11250765805127363, 0.009528101920217413, 0.2228933961166019, -0.21406714298540727, 0.4868961615870223, 0.35479773222996014, 0.08099292043698189], [-0.28137646502999725, 0.1837827999662129, -0.3927053323494367, -0.413616232807155, 0.3488746225838696, -0.20485743591117497, 0.6070055784499673, 0.1848873655462501, 0.7762610160096156, -0.7103717617030839, 0.3047389264038167, -0.10481013700480388, 0.5171691869114912, 0.6709811143336019, 0.08325602019111676], [-0.34576502628563305, -0.6818886607968511, 0.5629248962323203, 0.23328605426443888, -0.007675289125876929, -0.5199952853473897, 0.38376383680894793, 0.16330812361978822, -0.29435077525214093, 0.050333545439292096, 0.7362120080000261, 0.5414186582249555, -0.3764434780929823, 0.19995496701565701, 0.0832518860389912]], "inverted": false, "swapped": false, "error_lsq": 0.043432721945394576, "error_max": 0.3472089747373756, "target": "793.xyz", "model": "19.xyz", "model_rescale": 3.9282355846067225, "target_rescale": 3.925071075190413},
{"mapping": [10, 2, 0, 11, 6, 9, 3, 5, 4, 8, 12, 13, 1, 14], "R": [[0.09132207020719416, -0.48469960539764795, -0.869900323037322], [-0.9507094160858045, 0.21751016416056654, -0.2209998521552273], [0.29633070319975496, 0.8472045921819641, -0.44094500034236805]], "T": [0.04448192715004529, -0.12819971574331457, -0.034065346085947704], "aligned_model": [[-0.6674720277800478, -0.08001936766375811, 0.5373498774844974, -0.4387868840233978, -0.6230416364812225, 0.25908959076267457, 0.07968649646019349, 0.4429702806863595, -0.1840053241631997, 0.03398515980236933, 0.029969613959137394, -0.34797897943885236, 0.5348323636021675, -0.044056344122244094], [-0.4898007880658011, -0.6336481915904537, -0.5214842945130049, -0.12116457366122191, 0.17438087381599077, -0.2988365173037789, 0.32408890025472115, 0.38595707697686044, 0.677024848162869, 0.2972218977556207, -0.7148943717273862, -0.23062286477285912, -0.08413542137093842, -0.24120448653578136], [0.08139233307899789, -0.3452634632405338, -0.08737247535010069, -0.4925796337353998, 0.07426129943641356, -0.7117507012973225, -0.54684410657007, -0.01630527450119544, -0.01366071043195572, 0.5909025049162369, 0.7215200252519235, 0.6119723029418168, 0.4468065693399322, 0.09910448740494014]], "inverted": false, "swapped": true, "error_lsq": 0.044875519807563935, "error_max": 0.3288044462584892, "target": "793.xyz", "model": "20.xyz", "model_rescale": 4.067790424073018, "target_rescale": 3.925071075190413},
{"mapping": [11, 13, 12, 2, 4, 6, 8, 9, 5, 3, 7, 0, 10, 1, 14], "R": [[-0.8103254689908879, -0.2707810621576809, -0.5196635937618259], [0.33007309876305463, -0.9436758402606114, -0.022970807155693343], [-0.48417391893580214, -0.19014080278884746, 0.8540621121072871]], "T": [-0.012260220451155907, 0.0935795372780337, 0.02586362138363451], "aligned_model": [[0.31611574111016116, 0.2822301471734473, 0.5754234610061865, -0.5965210416363632, -0.7885746624099628, -0.45077248928365343, -0.26601353085527923, 0.682755268756213, -0.24131534593803983, -0.042599913300830856, 0.16517858675045263, -0.17838564075680638, 0.7386038852907288, 0.3682786392338525, 0.06405362920841323], [-0.2997537788922678, 0.3627706191150084, -0.3564368684126243, -0.3189536532273045, 0.28419244973298513, -0.23140409170719212, 0.5177596520969295, 0.27483221887530634, 0.5751891325828489, -0.7556070247756642, 0.45623792562435794, -0.12600325165303222, 0.2744198667832951, 0.8132742789653571, 0.09870179048228671], [-0.36845906911020726, -0.5494059588246041, 0.22366906128783295, 0.23123545756962555, -0.033086353577396595, -0.47378578937388865, 0.3102021245382909, 0.32276568376200476, -0.22722147903993029, 0.06717587762834143, 0.6532855848736794, 0.6805725437716564, -0.24760793378533863, 0.1285025824854947, 0.010493128537982246]], "inverted": true, "swapped": false, "error_lsq": 0.04181618965274432, "error_max": 0.2550542535687559, "target": "793.xyz", "model": "21.xyz", "model_rescale": 4.186013935880536, "target_rescale": 3.925071075190413},
{"mapping": [6, 10, 11, 5, 1, 3, 8, 13, 2, 7, 12, 0, 14], "R": [[0.5182427717388024, 0.8541416297270155, 0.04320307752651023], [-0.7496168457769816, 0.4779806967333512, -0.4578307963403826], [-0.411702579622538, 0.204881746179542, 0.8879889954355118]], "T": [0.1934868258941983, -0.06644341358868078, 0.03262998122076884], "aligned_model": [[-0.07357032818183401, -0.3078392078813116, 0.39382391417974927, 0.5020487682608454, -0.007002732059498612, 0.7908935763930318, -0.21244545691852196, -0.5519810790503563, 0.25025701626446767, -0.40082703477038817, -0.6464546949584148, 0.3140186004831711, 0.0076526936622857145], [-0.32032196417059966, 0.2908901242647651, 0.15091090477444832, -0.5842809273101542, -0.33999323631445927, -0.28775352917247254, -0.6962908423027182, -0.18244940540424048, 0.5293971856159905, 0.514666220373384, 0.18279028619743815, 0.26665857982790575, -0.005266736833194202], [-0.610101332255092, -0.4888575025289224, -0.5644091635611788, 0.2777818375318308, 0.6314600433009075, -0.21811574309786738, 0.13357424532649453, -0.08006838247406667, -0.06521749238898086, 0.08840412907640413, 0.41696223905626406, 0.55698518496309, 0.024481498386463012]], "inverted": true, "swapped": true, "error_lsq": 0.044336761164517485, "error_max": 0.2658007236163206, "target": "793.xyz", "model": "22.xyz", "model_rescale": 4.166573947596378, "target_rescale": 3.925071075190413},
{"mapping": [14, 12, 10, 5, 1, 6, 0, 9, 2, 13, 8, 7, 11, 3, 15], "R": [[-0.5434841934218297, 0.48657124826183606, -0.684012683994633], [-0.18650569815435203, 0.7245012102511441, 0.6635613166095392], [0.8184378755022159, 0.48820735011831407, -0.30300664552757417]], "T": [0.10864098232543155, 0.18800243445084247, 0.03948167251982317], "aligned_model": [[0.5346594509261535, 0.28097413064437593, 0.28276149066485895, -0.5375721081492661, -0.589024293638994, -0.39725183140510784, -0.48317666401668263, 0.6969700773264087, -0.21902120876142878, -0.04263519917042109, 0.3176295576682762, -0.16294297713857447, 0.5901342392214062, 0.31710624633084145, 0.039845823846673456], [-0.44216940244650055, 0.01042365071975726, -0.44291930584403766, -0.3273562180647886, 0.330721308605737, 0.1321867987584323, 0.30063429082593607, 0.2370518799715597, 0.6802723054643565, -0.6443330913964385, 0.46700992022958737, -0.20131129422329763, 0.53443163826403, 0.7517795496083448, 0.18279723511761214], [-0.1781636435629492, -0.5672706795879259, 0.4035710012606936, 0.12822896643777074, 0.007961099228990264, -0.526260943689097, 0.5906819094987226, 0.14862467115709393, -0.28163684425176955, 0.07333766490386748, 0.769247209166202, 0.5743336345410041, -0.48036866915119225, 0.02833491766006726, 0.03771516713206552]], "inverted": true, "swapped": false, "error_lsq": 0.04671196615486886, "error_max": 0.34670435795788695, "target": "793.xyz", "model": "23.xyz", "model_rescale": 4.274766983524099, "target_rescale": 3.925071075190413},
{"mapping": [8, 0, 12, 13, 7, 10, 6, 11, 3, 9, 14], "R": [[-0.7418509095435394, -0.49485891428557527, -0.4525172736609343], [0.6581854974065899, -0.6664290123372483, -0.3502345250240751], [-0.12825396295266284, -0.5576621077922557, 0.8200999295937267]], "T": [0.160239411344828, 0.13925484842818964, 0.014366200468644098], "aligned_model": [[0.1763966029243932, 0.1881364433397844, -0.589394471585733, -0.4172158586227658, -0.6261391010920107, -0.5455737079110925, -0.05393353466568529, 0.0932730602304275, 0.7210867701672656, 0.46048243518460397, -0.02722393401111295], [-0.29735551040436015, 0.762377008893357, 0.373479890602217, -0.1986478823568319, 0.41339805923021566, -0.12456403676661237, -0.5529458003259646, -0.09937311900022705, -0.0397892100180795, 0.5509509808220161, 0.1280561505677534], [-0.6027147390064386, -0.09228160840906507, -0.5320019457068376, -0.35203230435050403, -0.007138738019375222, 0.3027958827559009, 0.16885113297882975, 0.6327558753785651, 0.36385135938436836, 0.5385715316162171, -0.04109001260008345]], "inverted": false, "swapped": true, "error_lsq": 0.05236678718974635, "error_max": 0.24471578907787542, "target": "793.xyz", "model": "24.xyz", "model_rescale": 3.7841303162186577, "target_rescale": 3.925071075190413},
{"mapping": [10, 7, 9, 13, 3, 11, 5, 8, 6, 14, 2, 12, 1, 4, 15], "R": [[-0.43878965671833686, 0.004561919352483207, -0.8985782247800276], [0.27091420377680486, -0.9527860241555735, -0.13712872188493233], [-0.8567783443510837, -0.3036082690995696, 0.41683676371618106]], "T": [0.15925434937133898, 0.08048353590327491, -0.039968660972325744], "aligned_model": [[0.3744008862733316, 0.24149587873436332, 0.33779424759672516, -0.5418135253365067, -0.5578232536280494, -0.3880816076812357, -0.24636837141074386, 0.689992390821565, -0.20142813777729368, -0.018004859193766903, 0.36129345792220474, -0.21369071323099942, 0.6341063252025347, 0.0426932238931952, 0.11389079216319538], [-0.5822471268315552, 0.035859676013732515, -0.2977466570267946, -0.2557400949603152, 0.43174812733770235, -0.10016567179044382, 0.4278759741188968, 0.2646712060264844, 0.5880919373453869, -0.6415356369609341, 0.29422531735885504, -0.15070047612353438, 0.6473553035264552, 0.7821728645362058, 0.12535452302014888], [-0.3860252193660818, -0.6834362996899606, 0.3689398060760772, 0.046388170677343764, 0.06687133956215402, -0.5471341004885253, 0.6558240148296182, 0.14401453709484802, -0.40639506080275456, 0.23673777065859472, 0.6545006885337472, 0.5786086092953924, -0.11876202315585244, 0.1853087967732073, -0.06710556925426517]], "inverted": false, "swapped": false, "error_lsq": 0.0411354851950592, "error_max": 0.2628340662501335, "target": "793.xyz", "model": "25.xyz", "model_rescale": 4.19342608120988, "target_rescale": 3.925071075190413},
{"mapping": [10, 6, 13, 0, 7, 2, 1, 9, 8, 11, 5, 14], "R": [[-0.907236388105265, 0.4196780451858888, -0.028150923371435516], [-0.28409592279591744, -0.6607459182728359, -0.6947692697122716], [-0.31018001668136097, -0.6223224002675287, 0.7186815618734159]], "T": [0.021199392615072067, 0.13719688096294766, -0.0062899776967023854], "aligned_model": [[-0.1281262836865679, 0.497166052176902, 0.0896470993878895, -0.49067014315722257, -0.589404381287402, -0.4622984674177549, -0.01719573628512864, -0.26597098920064843, 0.4943115215545194, 0.10901354870396829, 0.4122463087295416, -0.050909974886315636], [-0.6428346121210999, -0.4145813423126947, -0.462291538222378, 0.48804702731504157, -0.39318995353505903, -0.011110077543135921, 0.42785758339794855, 0.5110993084098703, 0.03584587814571297, -0.1403442826456547, 0.6332434154184988, -0.018964978566069046], [0.1358963694596181, 0.12740338270500035, -0.47299036908206465, -0.13009215679017294, -0.2059420859195642, 0.3284604781198967, -0.6289176206337995, 0.5524236829141119, -0.5872989568195746, 0.5929538504308559, -0.1627691795066419, -0.09986893366824393]], "inverted": false, "swapped": true, "error_lsq": 0.04701885583197621, "error_max": 0.2922967805304025, "target": "793.xyz", "model": "26.xyz", "model_rescale": 3.795458400668931, "target_rescale": 3.925071075190413},
{"mapping": [0, 2, 9, 5, 4, 13, 7, 1, 10, 3, 8, 6, 14], "R": [[0.17815843326390135, 0.810858898086637, -0.5574651738455747], [0.8556120048345343, -0.40745908854526286, -0.31922592054044197], [-0.48599142980095955, -0.42010110515873256, -0.76637288026419]], "T": [-0.03734065357323156, -0.11026521135342002, -0.1121858256251553], "aligned_model": [[0.013078648117708855, 0.34864154238221023, 0.6295629682789329, -0.16489481246633514, -0.13756621377327796, -0.6182616070912578, -0.2160196332197727, -0.5700588329921096, -0.027030832643855127, 0.40534463718013, -0.7075406511535622, -0.11128117180578272, -0.14429765799177247], [-0.7073868149884239, -0.4463828093933706, -0.33762345492437995, 0.09589823256486221, 0.6847179437643436, -0.00999579000217557, -0.5998299638636289, -0.3685615338692485, -0.02266890719229439, 0.2715198705625351, 0.21859940211980647, 0.5053744328085937, -0.1617791043297049], [-0.31550063296756437, 0.21318428203739295, -0.3070668052943303, -0.7160833057390412, -0.355014966480099, 0.37191911911784425, 0.5377436340569566, -0.4630666639508063, 0.6898022292816769, -0.46857928185352593, -0.2320130987790887, 0.2932744210214696, 0.04353773164854152]], "inverted": true, "swapped": true, "error_lsq": 0.044695523919992645, "error_max": 0.3017346773825677, "target": "793.xyz", "model": "27.xyz", "model_rescale": 3.6321398670334006, "target_rescale": 3.925071075190413},
