[{"mapping": [2, 0, 9, 8, 11, 4, 6, 1, 12, 5, 3, 2, 13], "R": [[0.571223498567804, -0.7630643277767386, 0.3023847654208002], [-0.1491802192728549, 0.2657507296156872, 0.9524294261972552], [-0.8071238918912393, -0.5891598945815679, 0.03796895778099181]], "T": [-0.035921236137906445, 0.10324661204808742, 0.15425453005134881], "aligned_model": [[-0.198301258417449, -0.7434441763754615, -0.4391991085099285, 0.6352039591825731, 0.34761678167603194, 0.4107128010083857, 0.5641080809229025, -0.3820421801566131, -0.4739355858918329, 0.4532569925274847, 0.04715210316135547, -0.198301258417449, 0.009465288363371717], [-0.20069133403034595, 0.03396442585910851, -0.49280385719306136, -0.2684955913517787, 0.04085505374924221, -0.6208612199001533, 0.05848037430639291, 0.5650128701293798, 0.12069764762767995, 0.6605751790971071, 0.30530298142615014, -0.20069133403034595, -0.035432089358764754], [-0.5331410610807316, -0.1457849711732524, 0.29149143302109615, 0.30250377301791787, 0.7339680137548742, -0.28116493573389045, -0.31745203849910775, 0.15829537552876397, 0.5323533249984507, 0.30422382488357136, -0.320584758223282, -0.5331410610807316, 0.22669860106618916]], "inverted": true, "swapped": false, "error_lsq": 0.05841632206897817, "error_max": 0.5634378993520162, "target": "794.xyz", "model": "0.xyz", "model_rescale": 3.8414455957264533, "target_rescale": 4.0032776621866955},
{"mapping": [4, 2, 3, 11, 12, 0, 13, 6, 10, 8, 9, 7, 14], "R": [[-0.23282639749271955, 0.9519150564539558, 0.19912205786106274], [0.8941753489062887, 0.12902351526807565, 0.4287229617319156], [0.3824164144474961, 0.2778680582653049, -0.8812190579855783]], "T": [-0.04915204850477347, -0.028874278434980007, 0.02360086982801074], "aligned_model": [[-0.3432285404621849, -0.7063651296340422, -0.4672216229718526, 0.6338725559021554, 0.4211165725159275, 0.2678829790337948, 0.6664687716504197, -0.5556500990358851, -0.20551688259421744, 0.3280011371028038, 0.08625163023714844, -0.04634973336802333, -0.04696919930267336], [-0.41775636755614426, 0.07782007035209162, -0.6141429143116071, -0.3978116680103038, 0.08098747727633404, -0.5358529938298211, 0.13878589060870974, 0.554074291959939, 0.14294868853021478, 0.6079724866367281, 0.46689804085518094, -0.05072524201285098, -0.08728465416786008], [-0.21745300897706513, -0.29466318649614703, 0.33352882404331435, 0.375208597954225, 0.6144200998657514, -0.38625122905325987, -0.16247414223964896, 0.14046772940054372, 0.6673463219236726, 0.3001584043562314, -0.4251589002074175, -0.618637158130249, 0.09177316803991736]], "inverted": false, "swapped": false, "error_lsq": 0.04060372071753323, "error_max": 0.24418391167071443, "target": "794.xyz", "model": "1.xyz", "model_rescale": 4.316132596720782, "target_rescale": 4.0032776621866955},
{"mapping": [6, 10, 9, 2, 4, 5, 8, 0, 7, 11, 1, 12], "R": [[0.4244370726967472, -0.7520313209608176, 0.5042837134139314], [0.8955371721832264, 0.43087177495806445, -0.11118761973599996], [-0.1336650461365514, 0.49879695852963557, 0.8563499574373193]], "T": [-0.07103731143559563, -0.036761719508291865, -0.018541073713539573], "aligned_model": [[-0.13209532403066623, 0.5100770878014137, 0.031919886099266076, -0.4803076838274042, -0.564802309926034, -0.4013664081645356, -0.07796533848116716, -0.30366072518036036, 0.5219458490472192, 0.1969377835874219, 0.5000074492984475, -0.2028817115918202], [-0.6582426603612115, -0.23275096173648646, -0.6246587606733109, 0.5693842566104408, -0.22440566901708198, -0.13458374554630928, 0.27126564300316797, 0.5241692122465242, 0.11174704913834875, 0.0105649031702134, 0.4551100220285283, -0.054822861121843015], [0.2028963196023861, 0.03799305141599408, -0.5663335411514078, -0.1073603098895547, -0.5586227850490916, 0.5434504838502181, -0.5641795704109397, 0.47113020331053795, -0.5777310717005306, 0.636284172716003, 0.04945815532153273, -0.11772664680572614]], "inverted": true, "swapped": true, "error_lsq": 0.04320316414056932, "error_max": 0.2050783060721054, "target": "794.xyz", "model": "2.xyz", "model_rescale": 3.795458400668931, "target_rescale": 4.0032776621866955},
{"mapping": [9, 6, 3, 0, 8, 2, 5, 10, 11, 1, 4, 12], "R": [[0.7779555593963475, -0.44845145578619217, 0.440086854390768], [0.5655042361226673, 0.1944745466861476, -0.8014889953196712], [0.27384321523754185, 0.8723938001238102, 0.40489375269804173]], "T": [0.11542992895910037, 0.004234606758373134, 0.02558318830805712], "aligned_model": [[-0.08716978900038438, -0.21046158812284954, -0.6996672369054329, 0.18759193124523127, 0.2224326774666384, 0.022579010885689033, -0.19517032069250168, 0.5459545655374807, 0.4074859337995715, 0.8502169912746007, -0.4355707001637957, -0.01491764958068248], [-0.06285661403617958, -0.5462515012234733, -0.05902891175379591, 0.13190319753857002, 0.5784570267711847, 0.602113581102608, -0.33337361403486737, -0.3468828480780597, -0.4822155637163175, 0.11591024843703367, 0.3891511007935306, 0.09884294348947574], [-0.7559229378941107, -0.1469303587456917, 0.011386321371906823, 0.7917610388873075, -0.2012851586669499, 0.44596810460211495, 0.4989426139732311, -0.24024928822965452, 0.450925504343068, 0.16795716115086942, -0.3192935719506095, -0.014487998202381287]], "inverted": true, "swapped": true, "error_lsq": 0.04453881070787672, "error_max": 0.2499716907468323, "target": "794.xyz", "model": "3.xyz", "model_rescale": 3.7530521520055578, "target_rescale": 4.0032776621866955},
{"mapping": [2, 3, 5, 6, 0, 9, 1, 8, 7, 10, 12], "R": [[-0.362356564650616, 0.05043406967314164, 0.9306740163294605], [-0.5451074609543023, -0.8214174983260691, -0.16772343144503116], [0.7560129470231034, -0.5680930364473296, 0.3251380105024561]], "T": [-0.01743036213312759, -0.054571219287492194, -9.768594663995579e-05], "aligned_model": [[-0.4546151123342976, -0.04809949353487641, 0.4198662429268051, 0.4108757919182346, 0.11640895771115958, -0.2269085007807994, 0.00046478460851657327, -0.6195088552018574, -0.39996733156653513, 0.27272418588017466, -0.13304106718131953], [-0.6345326876727925, 0.08535726875554922, -0.3437404054136576, 0.3323568503670401, -0.8219490468010047, 0.7238065125213553, -0.3199370884884098, -0.04813119663686579, 0.2707800748269656, 0.255023483676933, -0.031830406820767015], [-0.12386451582225208, -0.8051235465367126, -0.3996897688199954, -0.32543084936406685, -0.04197164764416362, -0.08100948341342115, 0.7083615882674574, 0.17342532977478023, 0.6588327650605753, 0.4462914867911175, -0.11699058104800232]], "inverted": true, "swapped": true, "error_lsq": 0.05171654513846899, "error_max": 0.2966025821828929, "target": "794.xyz", "model": "4.xyz", "model_rescale": 3.7855080009869324, "target_rescale": 4.0032776621866955},
{"mapping": [13, 15, 12, 4, 0, 6, 7, 9, 2, 5, 10, 8, 16], "R": [[-0.8968300471858682, 0.35722547129012866, -0.2609326141480573], [0.3816254679082695, 0.3264325210089033, -0.8647565041510624], [-0.22373615869677355, -0.875118147388864, -0.42908083084926407]], "T": [-0.04888223964927965, -0.07046512619216705, 0.0868852741966909], "aligned_model": [[-0.35100616851169353, -0.6329395214501997, -0.410909495624568, 0.644421451258001, 0.3821205879599876, 0.34342098545853594, 0.5889161364484297, -0.4798605489596739, -0.3733627764065006, 0.5096483193778354, 0.017958732241675587, -0.10858668200038124, -0.09752858071807718], [-0.5947659061089374, 0.16159362800763943, -0.5826237311534872, -0.2503637295041141, 0.08154118490322126, -0.49752484494297905, 0.1013214788358299, 0.49007703136174763, 0.15439355366210522, 0.4906258671933813, 0.5354519513733896, -0.06800285457443422, -0.05581052272275145], [-0.31148322689595787, -0.4463538212008712, 0.3508835550722116, 0.2711873864094937, 0.7190280802939378, -0.21277327191445605, -0.26677001793957617, 0.1703370911798986, 0.7113343457298554, 0.2551819063489128, -0.312315243920924, -0.6143559045325994, 0.10436464184994343]], "inverted": false, "swapped": false, "error_lsq": 0.03785078771384022, "error_max": 0.20913560979094617, "target": "794.xyz", "model": "5.xyz", "model_rescale": 4.2253639853439635, "target_rescale": 4.0032776621866955},
{"mapping": [7, 11, 0, 4, 1, 3, 2, 8, 9, 10, 5, 6, 13], "R": [[-0.6461561573905297, -0.6805153134338109, -0.3455157426925548], [-0.7611760101561011, 0.6076071876129587, 0.2267698990693212], [0.055617459750913076, 0.4095270610633117, -0.9106010566805326]], "T": [-0.058402228651236204, 0.012201911095011222, 0.05706583179154405], "aligned_model": [[-0.3106774832003021, -0.5794133441677745, -0.21269554004473196, 0.5662836356425053, 0.20855224629258476, 0.2529074742852242, 0.5033091826165824, -0.3179026134423605, -0.47532754560705104, 0.43362863862211265, 0.057561415356188056, -0.06623156402334682, -0.02770206325625991], [-0.6676444368477366, 0.30222133840992493, -0.6611138477523952, -0.24631230991868125, 0.06467374975477379, -0.5366453925194961, 0.13117176037945502, 0.6364700757895464, 0.0012814867995004347, 0.599507373610375, 0.5158582078819909, -0.1421980771958109, -0.031356822060835475], [-0.26473745463981646, -0.44292410620854256, 0.46437666183853726, 0.2664680301844714, 0.7387459594272258, -0.26675877948906845, -0.2900624981528512, 0.3550820804104177, 0.5027680327058793, 0.20366185403972836, -0.3084803820118958, -0.5672876844526863, 0.027413806828469188]], "inverted": false, "swapped": false, "error_lsq": 0.04435219823432415, "error_max": 0.2450752315082966, "target": "794.xyz", "model": "6.xyz", "model_rescale": 3.89814844738969, "target_rescale": 4.0032776621866955},
{"mapping": [1, 6, 0, 4, 7, 2, 10, 8, 3, 11, 9, 5, 12], "R": [[0.7562168824882995, 0.4526116658544037, 0.4725237629708996], [-0.5433946640518977, 0.032128736975906, 0.8388623148885984], [0.36449727806885257, -0.8911287360380847, 0.27024305742712973]], "T": [0.03290979226277802, -0.014926493589265653, 0.13037865417557462], "aligned_model": [[-0.29313507780532394, -0.5955205637536606, -0.2853047046145121, 0.6106308445924077, 0.05967836041894859, 0.3964958164483488, 0.5378545403138077, -0.21551553779849258, -0.635222047363566, 0.488518721954344, -0.01276420262522878, -0.19977398065724425, 0.17635026996354203], [-0.6379051964762152, 0.10691158298469444, -0.49122630603638484, -0.220242155952341, -0.025132490917601395, -0.5345471404097486, 0.03781645759440032, 0.5999822100800385, 0.03528447980865229, 0.634973716110691, 0.5732084335710551, -0.07325981206712937, -0.039950671959500327], [-0.33907729741670056, -0.087810762986643, 0.28166781475319497, 0.32932501093495536, 0.7864685572554485, -0.18481562073397792, -0.39985963713149963, 0.2640159014175705, 0.581444768728488, 0.2897229036490585, -0.5404097421758441, -0.6078842324711073, 0.04547785665692497]], "inverted": false, "swapped": false, "error_lsq": 0.05509590820817115, "error_max": 0.3152382771271965, "target": "794.xyz", "model": "7.xyz", "model_rescale": 3.7474275329858107, "target_rescale": 4.0032776621866955},
{"mapping": [13, 9, 4, 1, 2, 12, 0, 5, 8, 3, 7, 11, 14], "R": [[0.4118190591984698, -0.37944814010924455, 0.8285071945665424], [0.762378409950719, 0.6415055413163091, -0.08514576032594362], [-0.49918355594099967, 0.6667006445385399, 0.5534672782107308]], "T": [0.08407828397595925, 0.009505782284876448, -0.06359244627711658], "aligned_model": [[-0.21170409302234966, -0.6164615771367861, -0.3415918967249815, 0.6878642457264129, 0.21230896516766806, 0.2271965915088655, 0.6916269431754029, -0.21329916059078446, -0.36407720825995304, 0.25716316484770246, -0.1352046247246711, -0.24471887276473187, 0.08318996187157654], [-0.8388996947282445, 0.24413233355966332, -0.4128078096593206, -0.3049318135511032, -0.21735183475077938, -0.45828140742577045, 0.26228930020318963, 0.6495013079107675, 0.14208102536262657, 0.5224066578751765, 0.4941061734367654, -0.07794471893982442, -0.03838641296253553], [-0.09245004014663338, -0.2494276542368407, 0.43908237223555224, 0.2547993418830392, 0.7368336963768202, -0.4395378066566368, -0.0289751471224777, 0.05885691739489399, 0.43318796351999617, 0.40662968507883124, -0.48898062050301655, -0.5839046555752004, -0.02784853176845887]], "inverted": true, "swapped": false, "error_lsq": 0.05220436198139294, "error_max": 0.2821504608621906, "target": "794.xyz", "model": "8.xyz", "model_rescale": 4.019505241142653, "target_rescale": 4.0032776621866955},
{"mapping": [8, 4, 11, 10, 6, 9, 1, 3, 5, 2, 0, 7, 12], "R": [[0.793242924535367, -0.5895065538267448, 0.1524719176435238], [0.05028450714227506, 0.312968511279604, 0.9484314309895508], [-0.6068254535004581, -0.7446695468076722, 0.27790310369123195]], "T": [0.0665369082923321, -0.011042528599361315, 0.07468023957784342], "aligned_model": [[-0.3184861250911628, -0.623750676602341, -0.15820234976348596, 0.865666714068005, 0.2722953445556483, 0.22368991349704337, 0.6696793188116816, -0.4176380071143771, -0.45555010759217146, 0.19152113430432985, -0.0120351638705892, -0.239393606547267, 0.03449605041805707], [-0.46978100181805105, 0.2685695440491615, -0.5319901817088756, -0.33516605536109756, -0.0333330076390345, -0.6135212556393056, 0.05495665374221791, 0.6832331467608064, 0.06601935392778845, 0.533517814319055, 0.4167725200441677, -0.05149359538111762, -0.02187082896510404], [-0.23749472472784772, -0.28989459528133565, 0.33032713003653646, 0.38211356753409764, 0.7712636433548455, -0.20756500458031618, -0.22225181112350473, 0.22306064810894355, 0.48942272986325347, 0.2691156745824151, -0.40848307825707814, -0.7764097799629168, 0.0950611209327757]], "inverted": true, "swapped": false, "error_lsq": 0.04405053786379091, "error_max": 0.24361006603998092, "target": "794.xyz", "model": "9.xyz", "model_rescale": 3.877068213659057, "target_rescale": 4.0032776621866955},
{"mapping": [14, 2, 9, 12, 0, 6, 3, 7, 8, 1, 4, 13, 15], "R": [[0.9026829419159605, -0.3167495326184446, -0.29126146322495794], [-0.42212971033649566, -0.7831652095866881, -0.4565728442913193], [-0.08348660985555043, 0.5350906353871612, -0.8406592638493859]], "T": [0.05137030958760735, -0.08390122114645257, 0.025582555502102228], "aligned_model": [[-0.421809458168939, -0.5421014114227697, -0.5323082556217625, 0.7084888511049656, 0.4080232063649377, 0.4083256620357603, 0.5142970690661537, -0.35640322972588273, -0.38530117814753506, 0.23981454495195287, 0.02095625376956383, -0.12469715966808192, 0.09500754453500766], [-0.6234775025562201, 0.07663172373810284, -0.3407205829984076, -0.32339616219421036, 0.02940945420570326, -0.48973717268402983, 0.12055009810496894, 0.6076907577208542, 0.07908502482296964, 0.6567252079424545, 0.5051975538580114, -0.2575545384035478, -0.0744907552260381], [-0.28179325773708797, -0.22416901689971164, 0.19590123267151635, 0.2883231334876143, 0.7282385436679809, -0.2713764179657018, -0.35737934357308054, 0.17291837877316044, 0.6404617560220663, 0.43651791890661107, -0.3062732840455964, -0.706867625492602, 0.10376350266469886]], "inverted": false, "swapped": false, "error_lsq": 0.04125833835153224, "error_max": 0.2835967960887996, "target": "794.xyz", "model": "10.xyz", "model_rescale": 4.260839863003843, "target_rescale": 4.0032776621866955},
{"mapping": [0, 11, 10, 1, 7, 8, 2, 5, 6, 9, 4, 12], "R": [[-0.5574408483083407, 0.8147682680049267, 0.15941257820363242], [0.12247382626763592, 0.27061608527086645, -0.9548649623229644], [-0.8211332793868742, -0.5127568662094375, -0.2506402474432921]], "T": [0.048590107359958584, 0.006477945915295278, -0.01171387050701004], "aligned_model": [[0.4367567664030715, 0.23898989960090378, -0.3308373338267634, -0.43011311557437404, -0.7772714939490633, -0.33406816496153113, 0.20791203235850084, 0.6658085159859592, 0.3353485181848853, -0.2712835823762151, 0.12592999929796023, 0.0917266079507964], [-0.0021004916790188424, -0.6052100738921314, -0.4660766394876418, -0.23903784551810778, 0.07138258915264516, 0.4947159411821019, 0.529172929689202, -0.209808159467932, -0.3162843023289638, 0.12880872923593076, 0.634238619605659, 0.15327720904119066], [-0.6883143268915245, -0.31574059575815316, 0.09796208886006721, -0.5438971514758334, -0.0008815300696629821, -0.10029450775066265, -0.5058904755278323, -0.09407119178581913, 0.49087473345602833, 0.7224630189298686, 0.4013690002628846, 0.05259901514614409]], "inverted": true, "swapped": true, "error_lsq": 0.04973943147523771, "error_max": 0.31828637964097006, "target": "794.xyz", "model": "11.xyz", "model_rescale": 3.890672605050136, "target_rescale": 4.0032776621866955},
{"mapping": [10, 4, 12, 9, 5, 11, 6, 3, 7, 8, 0, 2, 13], "R": [[-0.8553569573196347, -0.09743611085486072, -0.5087933567435567], [0.388372781039618, -0.7705812880929279, -0.5053425188806074], [-0.3428280305232491, -0.629849730286934, 0.6969635992969982]], "T": [0.14726086480730602, 0.038693500662425086, -0.06274251683694715], "aligned_model": [[-0.32755890195045656, -0.5157181563883392, -0.24946053026400403, 0.6055114704041842, 0.24937957971728678, 0.28427569219760795, 0.6967416011674312, -0.44192469810820745, -0.35255680961839353, 0.2911103780797479, -0.007022012885104262, -0.2003262649685629, -0.00015890830981921122], [-0.704031944884031, 0.073331303650044, -0.4245205329644941, -0.4951861495828988, -0.11587258677912232, -0.36652403586570853, 0.18451829547974943, 0.7290851566201184, 0.13741053642272924, 0.6285034947213455, 0.5522019604584558, -0.25950526587496303, 0.026502874929386355], [-0.21256109404446233, -0.2870549861376898, 0.3652493528157667, 0.27012279758530733, 0.6926734444143396, -0.40884632938533366, -0.15689342510222756, 0.10837992423364576, 0.6209250993763598, 0.325358673933747, -0.3101296529537483, -0.6066403165350538, 0.01768203227921729]], "inverted": false, "swapped": false, "error_lsq": 0.03946002035806424, "error_max": 0.1934099471931834, "target": "794.xyz", "model": "12.xyz", "model_rescale": 4.124412569039231, "target_rescale": 4.0032776621866955},
{"mapping": [4, 0, 5, 11, 10, 2, 8, 3, 7, 9, 6, 1, 12], "R": [[-0.3279494207150883, -0.797543502824904, 0.5063334262661517], [0.8919973746528429, -0.08491203674298547, 0.4439939522432639], [-0.3111106894098526, 0.5972556463675671, 0.739253563952847]], "T": [-0.11655748708952807, 0.0807443168664495, 0.05861309885605475], "aligned_model": [[-0.3049594780641607, -0.6523790933543483, -0.6375913700079536, 0.8179712749095402, 0.24611457528206904, 0.4083904074112398, 0.5486508740322397, -0.48731902237172947, -0.16378814013236093, 0.21581020691959074, 0.0969621554028969, -0.0038011147474507623, -0.05176883620620182], [-0.6587537343243042, 0.01759011677255487, -0.28798754796453513, -0.21102672690280389, -0.410238062492355, -0.5245413151940579, 0.1639246783084648, 0.6843615014836015, 0.11598732485959035, 0.553903391528735, 0.5634055366134078, -0.022358320585175367, -0.018353735772511856], [-0.13092206366372355, -0.15510200745211816, 0.4664198959811461, 0.2377178513077522, 0.4733599501181352, -0.25833252002712764, -0.19726770281243705, -0.02466687566348264, 0.6827964615923481, 0.3311813986346289, -0.3525563601342319, -0.7410869358791619, 0.08672442847814085]], "inverted": true, "swapped": false, "error_lsq": 0.06392330191239115, "error_max": 0.44962781275351893, "target": "794.xyz", "model": "13.xyz", "model_rescale": 3.9028299243045295, "target_rescale": 4.0032776621866955},
{"mapping": [12, 0, 1, 14, 9, 13, 10, 3, 6, 7, 4, 5, 15], "R": [[-0.0578995671478133, -0.2300256767333416, -0.9714606673290815], [0.5863289593779686, 0.7797464510630883, -0.21957646378714576], [0.8080012323745829, -0.5823089043608104, 0.08972373366767682]], "T": [-0.15780925680340738, -0.07028388564465889, 0.001224124807800913], "aligned_model": [[-0.14612530320617817, -0.6931201020234297, -0.4142842247433358, 0.6251244124612726, 0.2933743843235005, 0.35428817757838305, 0.526531795534997, -0.420469890850969, -0.308105333387954, 0.3763655364415025, -0.025364695570456036, -0.04708369014001973, -0.0888386273439429], [-0.7416330116804618, 0.3892419712437221, -0.41210630104732715, -0.4408514272449245, 0.009524370613690367, -0.4892720646244122, 0.17622139540794723, 0.4773009308379193, 0.12172225020021203, 0.5683159927431429, 0.47742733397161125, -0.13926404162156825, -0.030714292468940328], [-0.181516470463714, -0.43408575916630937, 0.49068993862047616, 0.18218052681401056, 0.6264516199454744, -0.44020137895251904, -0.16084090086558553, 0.14211310705135768, 0.6216699285734886, 0.35826115569117173, -0.3753846005146186, -0.49383488240611256, 0.08276323615274846]], "inverted": true, "swapped": false, "error_lsq": 0.04441023805895995, "error_max": 0.250986322095492, "target": "794.xyz", "model": "14.xyz", "model_rescale": 3.942246331269136, "target_rescale": 4.0032776621866955},
{"mapping": [4, 10, 3, 12, 1, 13, 8, 9, 5, 0, 6, 11, 14], "R": [[-0.9539953889424049, -0.18280453584751605, 0.2376453230135279], [-0.27222561705038917, 0.8602805763264316, -0.4310574711300078], [-0.1256423945098337, -0.4759199845236979, -0.8704677805828303]], "T": [-0.04200159012434891, 0.056310431257980145, 0.025035389564095904], "aligned_model": [[-0.32553407608416596, -0.6747604798630384, -0.2097176578608766, 0.49745681176442347, 0.2174677532066197, 0.3254723649992856, 0.5620073693084434, -0.5727130177561638, -0.2727752969005133, 0.4909692017666726, -0.05934686555627874, 0.02870262868975197, 0.025063703359211112], [-0.4222753332989778, 0.017473726354363894, -0.4738437207920308, -0.49461523486530484, -0.18465500953201242, -0.5848867030122431, 0.37288929192347153, 0.6616517267267583, 0.15612118241152578, 0.4470911704344571, 0.4425577247033505, -0.052438966384838345, 0.080843251662091], [-0.15997534604733513, -0.30223882856506307, 0.4803987897048811, 0.2962213058668693, 0.7539062642716116, -0.3137255494692619, -0.3407403999469735, 0.016692565489247916, 0.6077539051477935, 0.34744821770218526, -0.3790704864940694, -0.6801493426945951, 0.09174442551457804]], "inverted": false, "swapped": false, "error_lsq": 0.05222336998788395, "error_max": 0.2891417374133871, "target": "794.xyz", "model": "15.xyz", "model_rescale": 4.355366556412066, "target_rescale": 4.0032776621866955},
{"mapping": [6, 10, 9, 2, 4, 5, 8, 0, 7, 11, 1, 12], "R": [[0.4244370726967472, -0.7520313209608176, 0.5042837134139314], [0.8955371721832264, 0.43087177495806445, -0.11118761973599996], [-0.1336650461365514, 0.49879695852963557, 0.8563499574373193]], "T": [-0.07103731143559563, -0.036761719508291865, -0.018541073713539573], "aligned_model": [[-0.13209532403066623, 0.5100770878014137, 0.031919886099266076, -0.4803076838274042, -0.564802309926034, -0.4013664081645356, -0.07796533848116716, -0.30366072518036036, 0.5219458490472192, 0.1969377835874219, 0.5000074492984475, -0.2028817115918202], [-0.6582426603612115, -0.23275096173648646, -0.6246587606733109, 0.5693842566104408, -0.22440566901708198, -0.13458374554630928, 0.27126564300316797, 0.5241692122465242, 0.11174704913834875, 0.0105649031702134, 0.4551100220285283, -0.054822861121843015], [0.2028963196023861, 0.03799305141599408, -0.5663335411514078, -0.1073603098895547, -0.5586227850490916, 0.5434504838502181, -0.5641795704109397, 0.47113020331053795, -0.5777310717005306, 0.636284172716003, 0.04945815532153273, -0.11772664680572614]], "inverted": true, "swapped": true, "error_lsq": 0.04320316414056932, "error_max": 0.2050783060721054, "target": "794.xyz", "model": "16.xyz", "model_rescale": 3.795458400668931, "target_rescale": 4.0032776621866955},
{"mapping": [1, 6, 0, 4, 7, 2, 10, 8, 3, 11, 9, 5, 12], "R": [[0.7562168824882995, 0.4526116658544037, 0.4725237629708996], [-0.5433946640518977, 0.032128736975906, 0.8388623148885984], [0.36449727806885257, -0.8911287360380847, 0.27024305742712973]], "T": [0.03290979226277802, -0.014926493589265653, 0.13037865417557462], "aligned_model": [[-0.29313507780532394, -0.5955205637536606, -0.2853047046145121, 0.6106308445924077, 0.05967836041894859, 0.3964958164483488, 0.5378545403138077, -0.21551553779849258, -0.635222047363566, 0.488518721954344, -0.01276420262522878, -0.19977398065724425, 0.17635026996354203], [-0.6379051964762152, 0.10691158298469444, -0.49122630603638484, -0.220242155952341, -0.025132490917601395, -0.5345471404097486, 0.03781645759440032, 0.5999822100800385, 0.03528447980865229, 0.634973716110691, 0.5732084335710551, -0.07325981206712937, -0.039950671959500327], [-0.33907729741670056, -0.087810762986643, 0.28166781475319497, 0.32932501093495536, 0.7864685572554485, -0.18481562073397792, -0.39985963713149963, 0.2640159014175705, 0.581444768728488, 0.2897229036490585, -0.5404097421758441, -0.6078842324711073, 0.04547785665692497]], "inverted": false, "swapped": false, "error_lsq": 0.05509590820817115, "error_max": 0.3152382771271965, "target": "794.xyz", "model": "17.xyz", "model_rescale": 3.7474275329858107, "target_rescale": 4.0032776621866955},
{"mapping": [12, 9, 7, 3, 1, 10, 8, 6, 2, 0, 4, 5, 13], "R": [[0.5234897306367076, 0.458735825325537, 0.7179971758167338], [-0.7123278199621693, 0.6979984543106655, 0.07339778394383023], [-0.467490725924965, -0.5498723491346154, 0.6921653132246149]], "T": [0.027633268308119466, -0.10911604553810224, 0.07860661989659978], "aligned_model": [[-0.4270086519225054, -0.5735907971486596, -0.46978378342393007, 0.6670243780627059, 0.26652252010246064, 0.37326335177773645, 0.597741943660042, -0.41963225545478994, -0.2856417641413472, 0.31815180961069306, 0.012939188397351174, -0.03632616548609913, 0.00863266503971296], [-0.5740479010152216, 0.06303126292043258, -0.541491468680302, -0.28578800366184176, -0.1567131443809157, -0.5121772570557124, 0.175811870653652, 0.5187883666257469, 0.2724884839173974, 0.6160844822555237, 0.5569198895808986, -0.14643327652892982, -0.02056019830011671], [-0.2906846167244619, -0.1593410490606307, 0.44336277425879345, 0.2219775000946247, 0.7260514888766266, -0.36243858825580544, -0.25402926524179126, 0.052369015230908034, 0.5885766787750744, 0.37664279627144925, -0.4167781186312841, -0.6409325046617483, 0.13348940954811372]], "inverted": true, "swapped": false, "error_lsq": 0.03628560765911287, "error_max": 0.20615696050420282, "target": "794.xyz", "model": "18.xyz", "model_rescale": 3.922800546911778, "target_rescale": 4.0032776621866955},
{"mapping": [7, 12, 13, 10, 6, 9, 2, 5, 8, 1, 0, 3, 14], "R": [[-0.6015684639303585, 0.25540663851728723, 0.7568902378851037], [0.764582104667829, -0.09033433410673691, 0.638164487654402], [0.2313646222441582, 0.9626043616578891, -0.1409370586149214]], "T": [-0.019543638921364515, -0.033945218045843724, 0.14937650726760351], "aligned_model": [[-0.29374425051190606, -0.741357334406191, -0.4627733271848578, 0.6598283956135975, 0.33395255550468467, 0.44036113199312726, 0.6031753192004554, -0.43513772214013924, -0.3295735309655052, 0.38185102149216443, 0.0598498893866935, -0.1447936320026255, -0.03934607690612721], [-0.5748916238085138, -0.024412235961821967, -0.5043009909490784, -0.4364655327955345, 0.08369152393226179, -0.4256961211676331, 0.018471102631425033, 0.594575927873489, 0.17766118247181517, 0.5701327418906917, 0.555036869163311, 0.02807405042806512, -0.0959637873778659], [-0.370625444415731, -0.16288645215864214, 0.3820278282581203, 0.3137896520247737, 0.7298675144125799, -0.3962992366576097, -0.20077002107463046, 0.027818096157923286, 0.6325895568851376, 0.297549274152301, -0.43819425807596213, -0.4748152045935926, 0.07821421556520039]], "inverted": true, "swapped": false, "error_lsq": 0.04486987543294836, "error_max": 0.2872428292275395, "target": "794.xyz", "model": "19.xyz", "model_rescale": 3.9282355846067225, "target_rescale": 4.0032776621866955},
{"mapping": [6, 7, 8, 0, 11, 3, 1, 12, 9, 10, 2, 5, 13], "R": [[-0.5932920026257716, -0.803375986227847, -0.05090799910363766], [0.6705250129547916, -0.5281942027769925, 0.5209674569056633], [-0.44542205448571826, 0.27495073905194717, 0.8520570899138802]], "T": [-0.09009724071917556, -0.09362251089471485, 0.04352180539856574], "aligned_model": [[-0.3956728428124083, -0.5359386194504021, -0.48261511266931145, 0.6772811141232733, 0.2642927493980726, 0.39529365581802706, 0.5526961349811358, -0.5204667258634348, -0.396310493650049, 0.2803162826603842, 0.13968304525878328, -0.0020872375517472924, 0.05582048883104708], [-0.5220729738514067, 0.23808729501664944, -0.5569796973468832, -0.1898914648544063, -0.05768107585086715, -0.5767226425049243, 0.039393548296227626, 0.5665964121922538, 0.0845314869737151, 0.6513700848955745, 0.5064235761339058, -0.1858689030855063, -0.031272539683721165], [-0.3436445751855688, -0.2380662732782611, 0.5016172289634088, 0.24860651282367333, 0.665196253544571, -0.26851186191726395, -0.31789789586261713, 0.362406463421046, 0.6375920217962346, 0.2671603595582907, -0.47209619659264324, -0.6430894344736373, 0.01899291768263557]], "inverted": false, "swapped": false, "error_lsq": 0.04403777204773722, "error_max": 0.23094145415187287, "target": "794.xyz", "model": "20.xyz", "model_rescale": 4.067790424073018, "target_rescale": 4.0032776621866955},
{"mapping": [11, 6, 13, 9, 1, 12, 0, 4, 5, 8, 2, 3, 14], "R": [[0.7460694860585626, 0.37225843144162174, -0.5520905561526441], [-0.6081178312321317, 0.04317286996036092, -0.7926719413710281], [-0.2712434797554426, 0.9271244595630133, 0.2585869508891538]], "T": [0.00984433670754844, -0.00368749466040009, 0.06168134954573903], "aligned_model": [[-0.2453508866445853, -0.6551150906579019, -0.36183591394264175, 0.5856778264036205, 0.32828634659734607, 0.39292844602272053, 0.5115970920350472, -0.3506703953526573, -0.27019774568792476, 0.19974093403768667, -0.08718333210649334, -0.04394871116562558, 0.028363869534779866], [-0.5388308013740596, 0.12010625104730836, -0.43136582946814256, -0.46785551994618174, -0.14272681349392807, -0.551665861730795, 0.3514776983096238, 0.7090856620640545, 0.20948552846363888, 0.4287261039293778, 0.5062123289534534, -0.1500367625451054, -0.07669887787863316], [-0.1962513805157495, -0.23842025187757773, 0.4728607973418152, 0.3004568422488892, 0.805030430014985, -0.3124578509007691, -0.2940712157925701, 0.12843499931032512, 0.5356009789742434, 0.38125240393290855, -0.47152567676018464, -0.7746398904338189, 0.08199533493737159]], "inverted": false, "swapped": false, "error_lsq": 0.04401345187158901, "error_max": 0.27496106276857196, "target": "794.xyz", "model": "21.xyz", "model_rescale": 4.186013935880536, "target_rescale": 4.0032776621866955},
{"mapping": [5, 0, 3, 11, 4, 8, 9, 7, 6, 10, 1, 2, 12], "R": [[-0.07507881495031954, 0.8253872258584392, 0.5595525881768092], [-0.9814990255899154, 0.037946971415089514, -0.18766909742008522], [-0.17613300176770602, -0.5632902934989494, 0.8072677442696228]], "T": [0.028936200901464895, 0.0046896090255214035, 0.005735688101844598], "aligned_model": [[-0.3583393135168287, -0.6303207371211919, -0.36970585429887537, 0.43484172568281654, 0.11713150046615953, 0.5488265298078497, 0.5409579220967926, -0.11310151095862761, -0.4078512202306536, 0.529053674781402, -0.19476628339714222, -0.0866824753468711, 0.02224848110854056], [-0.6370954889963795, 0.11421235376322356, -0.608413576102394, -0.4142825034418266, 0.09179506040766774, -0.3342928584092022, 0.27546260391719646, 0.673616672428964, 0.04353624408831712, 0.5296712848420734, 0.5508070558493072, -0.29910339380147155, -0.020000348214864648], [-0.18575410275897758, -0.26844217216495847, 0.5692316072958015, 0.24795264175803028, 0.7214523766334675, -0.44423438133066073, -0.21779619441136447, 0.27160334716712015, 0.34860670860699894, 0.418744386575207, -0.42650980779793557, -0.6606285786479059, 0.044039689555045634]], "inverted": false, "swapped": false, "error_lsq": 0.057615807783193716, "error_max": 0.3546339682090878, "target": "794.xyz", "model": "22.xyz", "model_rescale": 4.166573947596378, "target_rescale": 4.0032776621866955},
{"mapping": [14, 13, 12, 3, 2, 9, 8, 5, 6, 0, 7, 10, 15], "R": [[-0.14599073723796796, -0.965563487896816, -0.21534589729374895], [-0.9183027305175784, 0.2132339829566855, -0.3335436457742639], [0.3679766293729458, 0.1490584427429833, -0.9178097737997577]], "T": [0.09848250824100155, -0.09567282939945745, 0.11268967097066063], "aligned_model": [[-0.42605014204414227, -0.5990437736651181, -0.3233026288764227, 0.6029182934087765, 0.25132287108738294, 0.3389026246327371, 0.7603404008019552, -0.43214079641872327, -0.3674089846924765, 0.336114838599045, -0.003801854840929292, -0.18213992732123355, 0.07658151840252014], [-0.5028011633516628, 0.13545550589388872, -0.5518671789377241, -0.3338703251900862, -0.05025937102619585, -0.5300511891272621, 0.10027186641135377, 0.5436313796039894, 0.021420347877574936, 0.6855351421047978, 0.46291141810938896, 0.024463431652741063, -0.03892675769019241], [-0.3175309488261947, -0.3078456040901779, 0.32093320336821274, 0.33681718748148115, 0.7664378491498873, -0.2248940586675734, -0.3087708211986148, 0.08456462690286537, 0.7028946663868704, 0.11355203100375172, -0.3219494841386268, -0.5712398287174254, 0.14529670182541285]], "inverted": false, "swapped": false, "error_lsq": 0.04349124793937031, "error_max": 0.2623294898478818, "target": "794.xyz", "model": "23.xyz", "model_rescale": 4.274766983524099, "target_rescale": 4.0032776621866955},
{"mapping": [9, 8, 7, 10, 1, 11, 6, 5, 3, 2, 12], "R": [[0.5377446654074801, -0.34178417409400264, 0.7707232013924827], [-0.8430887869787538, -0.21185850831408823, 0.4942846039738877], [-0.005654387366526348, -0.9155869979383771, -0.4020801874125351]], "T": [-0.03712917943676404, 0.1021662913402897, 0.0872695933879615], "aligned_model": [[0.24783589182171467, 0.12023271672230963, -0.35873251353896507, -0.5198715485345214, -0.6868690777528916, -0.5565756024467823, 0.07825470685897272, 0.041160432012693746, 0.6835029818169082, 0.20694748722180317, 0.12400922977683339], [-0.19719231056034842, 0.6149174568100646, 0.4465380275332344, -0.1282864850964931, 0.48723236416242727, -0.150548553865608, -0.5501348980510832, -0.2110576232314873, -0.23858841799585123, 0.7074485840942424, 0.1352583874443859], [-0.6094936652208934, -0.23672685511003919, -0.5941676668463356, -0.21794042984914733, 0.040195097839803615, 0.4985568224176462, 0.0734537689125772, 0.6619716794954535, 0.26937596295761657, 0.4291233130823835, 0.0652184063425126]], "inverted": false, "swapped": true, "error_lsq": 0.04603495564213549, "error_max": 0.23386067077059433, "target": "794.xyz", "model": "24.xyz", "model_rescale": 3.7841303162186577, "target_rescale": 4.0032776621866955},
{"mapping": [1, 7, 8, 5, 12, 4, 3, 10, 9, 13, 11, 6, 15], "R": [[0.006369914971027575, -0.4269834140361975, 0.9042370199904753], [0.37433632956507107, 0.8395250798215671, 0.39378922372043407], [-0.9272711235399346, 0.3359803632484862, 0.16518310736998174]], "T": [-0.14253962001956605, -0.011579895832202555, 0.08674766602868045], "aligned_model": [[-0.4088004571311262, -0.5448909545664744, -0.4316916443647506, 0.6364752003061327, 0.4064408078664303, 0.26527586057122227, 0.5969973452823405, -0.6803623521209354, -0.1911785024787485, 0.3780223992615331, -0.0007614841772410896, 0.11306161166126677, -0.10629539103627861], [-0.6499205558416135, 0.24446751217170423, -0.49882449124743544, -0.35067581261497605, 0.09965429571365302, -0.5723323333183494, 0.048917037701327416, 0.5188533518437437, 0.012958812762437827, 0.5664291062518324, 0.6145159174321817, -0.057280794403945706, -0.010848940119949397], [-0.18649720986582685, -0.3552463254950302, 0.2553940258903475, 0.30466649123167433, 0.5980395111204871, -0.18883821986209665, -0.22698324672656212, 0.2728723120919183, 0.669133122079699, 0.1699388606519296, -0.3343586886758888, -0.5874970154305102, 0.027641903469727447]], "inverted": false, "swapped": false, "error_lsq": 0.04870286941322069, "error_max": 0.2735712378280903, "target": "794.xyz", "model": "25.xyz", "model_rescale": 4.19342608120988, "target_rescale": 4.0032776621866955},
{"mapping": [6, 10, 9, 2, 4, 5, 8, 0, 7, 11, 1, 12], "R": [[0.4244370726967472, -0.7520313209608176, 0.5042837134139314], [0.8955371721832264, 0.43087177495806445, -0.11118761973599996], [-0.1336650461365514, 0.49879695852963557, 0.8563499574373193]], "T": [-0.07103731143559563, -0.036761719508291865, -0.018541073713539573], "aligned_model": [[-0.13209532403066623, 0.5100770878014137, 0.031919886099266076, -0.4803076838274042, -0.564802309926034, -0.4013664081645356, -0.07796533848116716, -0.30366072518036036, 0.5219458490472192, 0.1969377835874219, 0.5000074492984475, -0.2028817115918202], [-0.6582426603612115, -0.23275096173648646, -0.6246587606733109, 0.5693842566104408, -0.22440566901708198, -0.13458374554630928, 0.27126564300316797, 0.5241692122465242, 0.11174704913834875, 0.0105649031702134, 0.4551100220285283, -0.054822861121843015], [0.2028963196023861, 0.03799305141599408, -0.5663335411514078, -0.1073603098895547, -0.5586227850490916, 0.5434504838502181, -0.5641795704109397, 0.47113020331053795, -0.5777310717005306, 0.636284172716003, 0.04945815532153273, -0.11772664680572614]], "inverted": true, "swapped": true, "error_lsq": 0.04320316414056932, "error_max": 0.2050783060721054, "target": "794.xyz", "model": "26.xyz", "model_rescale": 3.795458400668931, "target_rescale": 4.0032776621866955},
{"mapping": [8, 1, 11, 10, 4, 5, 7, 2, 9, 3, 0, 6, 12], "R": [[0.8846183174808331, -0.015594264865872703, 0.4660549874002782], [-0.3978883869948038, 0.49595300846818224, 0.7718260457421949], [-0.24317743290045163, -0.8682093251599251, 0.43252433900682874]], "T": [-0.11032363676464747, -0.0383504691021425, 0.09159210959849032], "aligned_model": [[-0.37857020615761755, -0.5758869681289092, -0.16354174826745277, 0.5124918532968098, 0.2705551562321726, 0.3037426544485044, 0.6394165799951111, -0.4984102325128957, -0.3255785365234078, 0.32250224807886946, 0.047927740222701534, -0.14948897319286653, 0.027132871582351295], [-0.630491428921408, 0.06533974635019808, -0.5891894504151515, -0.3301129852005205, -0.12691287761292436, -0.4530656412034314, 0.11018463875028515, 0.7495052081482974, 0.18094408658752442, 0.5229627871364412, 0.6790199659247321, -0.19610400645264575, -0.016166936760785913], [-0.23729171764054244, -0.2589108065943527, 0.5447133306944084, 0.2777692511832789, 0.8304772342834038, -0.3810820915064761, -0.1841523876044713, 0.15081322005742206, 0.3915079579461992, 0.2981489798016429, -0.2977783473238024, -0.7175845445084691, 0.001635441691626785]], "inverted": true, "swapped": false, "error_lsq": 0.042924820661417715, "error_max": 0.29903513455574404, "target": "794.xyz", "model": "27.xyz", "model_rescale": 3.6321398670334006, "target_rescale": 4.0032776621866955},
{"mapping": [9, 12, 6, 2, 1, 11, 0, 7, 4, 3, 8, 10, 14], "R": [[0.9736701129018259, 0.22694895721523822, 0.021463505320937354], [0.08000811492955968, -0.25204818060338635, -0.9644015845071705], [-0.21346009647511238, 0.9407262542703052, -0.2635695387168195]], "T": [0.02749083079159735, -0.009798044745830325, 0.0016777030882163466], "aligned_model": [[-0.27227942208642275, -0.7654676753486485, -0.5659053536750513, 0.6601071874238444, 0.29427778888161155, 0.37520511194691514, 0.5716545746842642, -0.3777442894948297, -0.2822396242691962, 0.3121035637736952, -0.15458964497547806, 0.19412542617324474, 0.0430447960394223], [-0.503964549055201, 0.1570460960423261, -0.3870969095612129, -0.3797156187230265, -0.03334079306736621, -0.5108893655714826, 0.14087005061050176, 0.6212964939871238, 0.0992230056230318, 0.5861554712139839, 0.34362586022599895, -0.11586516700666036, -0.05143146838740574], [-0.3337465398166959, -0.1623026953880687, 0.3324857622557843, 0.31216312547803277, 0.6144889743135836, -0.19963822596996075, -0.26402257748043073, 0.19761535764124355, 0.7623673297713564, 0.1898135024509355, -0.3284250983743915, -0.7504222305601701, 0.047888836158649944]], "inverted": true, "swapped": false, "error_lsq": 0.047549744675504296, "error_max": 0.27106083829962907, "target": "794.xyz", "model": "28.xyz", "model_rescale": 4.156811204709835, "target_rescale": 4.0032776621866955},
