[{"mapping": [9, 10, 3, 7, 0, 13, 6, 1, 11, 4, 5, 12, 14, 15], "R": [[-0.6915059800337968, -0.7051271149959865, -0.15689241943107188], [0.587941253047937, -0.6755727460192456, 0.4448893657983274], [-0.41969579762242104, 0.21540013122895976, 0.8817359133689786]], "T": [-0.09605128200190009, -0.008771215034443058, 0.16733612749827037], "aligned_model": [[0.25104351137225034, 0.21762426876787433, -0.3434190318624217, -0.46428162315421967, -0.7924949670092193, -0.08432265966502156, -0.631533920705769, -0.06144371310052496, -0.3225809976288636, 0.2936881732446256, 0.4825999518183916, 0.3222301644174882, 0.627645886520697, -0.1232629418869836], [-0.6152240851249551, -0.32474690594275535, -0.46818875710610064, -0.3397219390901997, 0.4089671948736344, 0.3273150874300118, 0.25709625010742976, 0.4401614962600729, 0.7176231606283217, -0.0999755385967854, 0.4203488671920113, 0.45960576903639583, -0.0735559501540344, 0.1255686822969873], [0.22399791809269168, -0.4129149992650513, 0.3537228967994397, -0.17540471387345907, 0.4966672050661603, -0.6581889620178598, -0.05604853366229989, 0.7424744045778129, 0.0818618508971731, 0.7974845368876062, 0.4308088499928005, -0.16188141086377328, 0.11404579796155254, 0.12096324658704027]], "inverted": true, "swapped": true, "error_lsq": 0.03972004131045175, "error_max": 0.2791075828468988, "target": "795.xyz", "model": "0.xyz", "model_rescale": 3.8414455957264533, "target_rescale": 4.20378434330476},
{"mapping": [6, 8, 10, 3, 7, 9, 14, 13, 5, 12, 4, 0, 1, 11, 15], "R": [[0.7554353994438145, 0.6328853704350803, -0.16962743043628117], [-0.43179765272147963, 0.28614959208409474, -0.8553766410502023], [-0.49281654230695693, 0.7194265208062304, 0.4894459487923645]], "T": [-0.006604286564969886, -0.03482253875755302, -0.11177393077986708], "aligned_model": [[-0.5691804871072322, -0.6431282610739567, 0.07863307347687482, -0.2051193624650347, -0.4861821194509702, 0.3033836234923086, 0.6537312960425754, -0.24843643697167814, 0.6507959994911823, 0.3062692740763339, 0.5633116512485911, -0.5293110745595844, 0.24239374593366736, -0.2054703594054545, -0.03964640922307804], [0.19472374775779505, 0.10351152081790095, -0.6655470205204789, -0.26264116538750365, -0.39895553060203026, -0.5880163134017917, -0.2828866227364588, -0.18147906624799953, 0.3214227587511781, 0.08789011686418365, 0.12187668413471565, 0.6402524383447376, 0.6228798767866768, 0.5750644629060802, 0.05894864057600946], [0.0835319655635148, -0.5552039822609778, 0.24856698982698905, -0.5761937273062239, -0.11412269580464299, -0.41069629704744726, 0.07042278004755692, 0.7335616893621424, 0.059437408700522665, 0.5125435320489788, -0.5677818987357803, -0.3093834781854149, -0.30913100122991755, 0.3062697072434353, -0.006639204883200411]], "inverted": false, "swapped": true, "error_lsq": 0.03769631839066336, "error_max": 0.21141880083134473, "target": "795.xyz", "model": "1.xyz", "model_rescale": 4.316132596720782, "target_rescale": 4.20378434330476},
{"mapping": [12, 10, 13, 1, 11, 5, 0, 4, 7, 14, 3, 15], "R": [[0.2679694234355209, -0.5578440020959573, 0.7854950397228492], [0.3423222133500998, -0.7069796674843811, -0.6188661018433333], [0.9005597650076999, 0.4347295930681966, 0.0015134596251399346]], "T": [0.08732242681669813, 0.10476932746596622, -0.07592835446538648], "aligned_model": [[-0.21070637365966502, 0.606902223582819, 0.168990127239566, -0.5769606767405715, -0.49618987965313543, -0.462231301182201, -0.3743233462491097, -0.15497025373071457, 0.5687223361688349, 0.10771911411235074, 0.42863540741638095, -0.007778822672773855], [-0.5114423255202766, -0.3686490818163712, -0.7298567593582119, 0.3952345274229207, -0.17900946553454034, -0.05432822593400073, 0.4633097067777321, 0.5320549548369602, 0.08201811561918483, -0.17366358160127215, 0.5358156407602305, 0.02129292208862532], [0.10895698297849124, 0.1261513403356225, -0.378108629478441, 0.01284228707685836, -0.4824419924388771, 0.4350294122973092, -0.7288679540950753, 0.48623117721895537, -0.43694048705602617, 0.5970007674709362, -0.14448369323875743, -0.14611074986157468]], "inverted": false, "swapped": true, "error_lsq": 0.04321219354522665, "error_max": 0.22249095234343558, "target": "795.xyz", "model": "2.xyz", "model_rescale": 3.795458400668931, "target_rescale": 4.20378434330476},
{"mapping": [11, 6, 8, 9, 1, 4, 7, 12, 10, 14, 2, 15], "R": [[-0.37908906810346815, -0.8830819583409639, -0.2765099153685677], [-0.6102960162045227, 0.013981549946148919, 0.7920500545205413], [-0.6955790760577357, 0.46901041684997974, -0.5442416538973062]], "T": [0.0563671262718696, -0.03257357254081363, 0.09590746094923638], "aligned_model": [[0.05169697887895189, -0.3126098626181316, -0.7311036068228856, 0.21093600995723036, 0.042913595129422805, 0.22202122761768114, -0.2741659135260852, 0.6525457052645816, 0.42783675276121014, 0.7265198396520427, -0.500822210625193, 0.07753531007473989], [-0.19117689189410567, -0.4048596649102384, -0.0394784724068044, 0.1312456195849699, 0.5209684724773088, 0.6844663160857954, -0.46151220148740635, -0.2348287385159738, -0.4928539022154841, 0.12577966202412508, 0.5349645324486144, -0.08694568590109145], [-0.6531543054161666, -0.26821740680085027, 0.06813229943876566, 0.7597916151729583, -0.3804668747936618, 0.22126537371857358, 0.3592566824056994, -0.23025891527269318, 0.5261128691163788, 0.3338026200136548, -0.01098508006156576, -0.03650744688199248]], "inverted": true, "swapped": true, "error_lsq": 0.047995756188703935, "error_max": 0.26755752173110503, "target": "795.xyz", "model": "3.xyz", "model_rescale": 3.7530521520055578, "target_rescale": 4.20378434330476},
{"mapping": [2, 7, 9, 10, 4, 13, 1, 6, 11, 12, 15], "R": [[-0.7818278894263684, -0.5141844342039562, -0.3526464503400937], [0.5834169297121844, -0.40380630081038205, -0.704673795135766], [0.21993143804449303, -0.7566735353163827, 0.6156909318087189]], "T": [-0.038031213923631055, -0.11596768864770285, -0.06116091783422746], "aligned_model": [[-0.45517571312709704, -0.2698344127213756, 0.45261862530684155, 0.40198584646021596, 0.30113671304741596, -0.04001799933116383, -0.17952001126547196, -0.6019753857641005, -0.4427066090418519, 0.2676268081287631, -0.0959382592469708], [-0.79941029819277, 0.11367170460572901, -0.3561417138584466, 0.3390342978482868, -0.7473547780692311, 0.7724090871559053, -0.5287377942791043, 0.18169276913089694, 0.1869477551430802, 0.33602423578351953, -0.03093190695351923], [-0.007475358015559111, -0.5672501158376163, -0.5005350302020477, -0.4276067356049755, 0.14768723296966746, 0.01209202479127662, 0.5246070063314224, -0.034834217732476046, 0.5139481253184223, 0.3916050581347408, 0.04059278709246139]], "inverted": true, "swapped": true, "error_lsq": 0.04805857157627163, "error_max": 0.24761902016996573, "target": "795.xyz", "model": "4.xyz", "model_rescale": 3.7855080009869324, "target_rescale": 4.20378434330476},
{"mapping": [4, 7, 5, 3, 10, 8, 1, 2, 0, 9, 14, 6, 13, 12, 15, 16], "R": [[0.7601776149584079, 0.50085432586348, -0.4138537640036465], [0.1892528253733605, 0.43865952460403634, 0.8784993964496285], [0.6215411183536833, -0.7461385700645692, 0.23867105492215193]], "T": [-0.0869202213445138, 0.08613575887353486, -0.04768428945828244], "aligned_model": [[-0.5860505521113354, -0.04699172263510544, 0.07535814169691207, 0.24929722907322796, 0.5503574689654374, 0.2407529815063463, -0.741238020154219, -0.04535080766880309, -0.4060819226756689, 0.5021665958984636, 0.11218000961665889, -0.4592740883535209, -0.22146763000427733, -0.4733157123892998, 0.5617270308889062, -0.06335083299457292], [-0.13193351438743972, 0.12217135674236268, -0.48972837514584877, -0.5195303867354173, 0.0607850525914046, 0.6624744773091716, -0.26362996840066755, -0.459179002641117, -0.6087275797195619, -0.18157008070030234, 0.12019224576286133, 0.4642106928286748, 0.7646464348887599, 0.2405573841503812, 0.5296054183545933, 0.07590567796667676], [-0.5479996788212139, -0.7949972242807418, -0.5927984762650506, 0.0027433963604155606, -0.40010273562490367, -0.2838491211522649, 0.10276867054762906, 0.44899416014424226, -0.20187453689038007, 0.24934150817156717, 0.5979910564120972, -0.4278013899749757, 0.16769420582781472, 0.4907558178491774, 0.20113192780989328, -0.000497622133348731]], "inverted": false, "swapped": false, "error_lsq": 0.03411054908490632, "error_max": 0.2444410499436944, "target": "795.xyz", "model": "5.xyz", "model_rescale": 4.2253639853439635, "target_rescale": 4.20378434330476},
{"mapping": [11, 13, 14, 5, 12, 9, 4, 1, 7, 6, 10, 3, 2, 15], "R": [[0.47917944607317337, 0.10659847549097495, 0.8712197331810195], [0.4228078502464623, 0.841808094162353, -0.3355482891816204], [-0.7691687592661133, 0.5291463858194131, 0.3583064639987408]], "T": [0.03152480757810427, 0.05047213972300091, 0.07137304787422585], "aligned_model": [[0.5380278528929255, -0.26118904737290194, -0.43173369832307484, 0.12897322851999443, -0.1101733908569347, -0.48582833401563985, 0.13714878589472146, 0.6202311263580362, -0.16835962047653685, 0.349403809658984, -0.6699720491883854, 0.0014572668282056243, 0.6268888787733085, 0.09918734406508145], [-0.07676882187914519, 0.12398535195173571, -0.5066224977122783, -0.7100838892487614, -0.42181344484306665, 0.029357531501012696, -0.4154879226831592, -0.35702964529750303, 0.6127471232498792, 0.43712402298423086, 0.10682891229092845, 0.41783310132434237, 0.18139991021636473, 0.02362941478040986], [-0.4885686953405346, -0.7673746158806721, 0.14760712493516967, 0.04998372995381263, -0.43812523707137263, 0.54399376043827, 0.6449816992344116, 0.21590493463703506, -0.009164574163563755, -0.3245829262222061, -0.12775111599915526, 0.4850603407529641, 0.5932782257887914, -0.053684442131502]], "inverted": true, "swapped": true, "error_lsq": 0.03491477131150297, "error_max": 0.2501979080950474, "target": "795.xyz", "model": "6.xyz", "model_rescale": 3.89814844738969, "target_rescale": 4.20378434330476},
{"mapping": [3, 2, 6, 9, 7, 1, 4, 10, 14, 5, 11, 12, 15], "R": [[0.7475644082242338, 0.40527897165269783, -0.526209474156902], [0.6590183343376972, -0.35393408931545267, 0.6636456098153657], [0.08271813926291265, -0.8428995287438316, -0.5316748008701451]], "T": [0.03426615973191087, 0.04535930791709228, -0.05589220782253551], "aligned_model": [[0.11513684123638519, -0.17709082584403946, 0.5559518862778063, -0.21335159545741933, 0.5587188868679166, -0.4184461545118456, -0.675245991920728, 0.23059777645067125, -0.44568870933009347, -0.59370667814524, 0.20674958364773238, -0.07168768508647923, 0.07669446671955554], [-0.2580870552083335, 0.28525793758640783, 0.4046842711708243, -0.6082094929133605, -0.22509900637087624, 0.5820824118032336, -0.013232436653689644, -0.47805005123226796, -0.2512816225751219, 0.3226086395704827, 0.7653911312838372, 0.27085104131994037, 0.16686549768940948], [-0.5123739128050049, -0.7919372779246032, -0.13372180191778532, -0.11069829907041129, -0.17587090374185704, -0.25714371997690977, -0.28052881123709084, 0.41572299288378706, 0.40500039883834327, 0.28642649434947637, 0.13923337950636183, 0.6079208804231946, 0.01024561150879462]], "inverted": true, "swapped": true, "error_lsq": 0.0581322067181886, "error_max": 0.452392417686915, "target": "795.xyz", "model": "7.xyz", "model_rescale": 3.7474275329858107, "target_rescale": 4.20378434330476},
{"mapping": [3, 9, 14, 4, 12, 1, 2, 0, 5, 11, 8, 6, 7, 13, 15], "R": [[-0.0006219346729825007, -0.7824845950228095, -0.6226696329107855], [0.3713935218747225, 0.577952885145923, -0.7266617606981899], [0.928475344372026, -0.231707404075686, 0.29025026061961473]], "T": [0.043772169050730295, 0.001701548309787651, -0.07985136474007616], "aligned_model": [[-0.366108122202457, 0.07632985473975189, 0.5360331315873009, -0.17787658987684662, 0.6694305453611512, -0.23350335360617974, -0.7202462725593947, -0.5401097875497667, 0.3386412007700745, 0.1403683454995609, -0.6318893792130045, -0.07718954568528645, -0.03282549409119516, 0.7279954981578517, 0.0931036910071862], [0.24015158274923204, 0.07301959659138278, -0.32867091059490106, -0.591134429769546, -0.23925072995843505, -0.6262881493029512, -0.2417633860753608, -0.04329780439371465, -0.7064123174158156, -0.17601978834048654, 0.3503990422060022, 0.31483451263980405, 0.5986574475051336, 0.3835972740485358, -0.018703977909287118], [-0.36644347440602315, -0.7765034808164635, -0.5032987593643794, -0.47572940180303014, 0.15083056116898746, 0.1696872596953637, -0.04844882192907103, 0.5721111059311821, -0.07473490400015152, 0.6586299540566267, 0.1270805628792137, 0.462959728029835, -0.09907901824892103, 0.3450925459996913, 0.0546407985034013]], "inverted": true, "swapped": true, "error_lsq": 0.038935842343168804, "error_max": 0.24416785033442173, "target": "795.xyz", "model": "8.xyz", "model_rescale": 4.019505241142653, "target_rescale": 4.20378434330476},
{"mapping": [14, 10, 12, 5, 4, 1, 11, 9, 3, 7, 13, 6, 15], "R": [[0.2095723418226314, 0.09359024702342555, 0.9733038062214042], [0.9631538268107909, -0.1913608029262942, -0.1889861079633458], [0.16856494132146083, 0.9770475468294767, -0.13024573617510207]], "T": [0.07553117073307247, -0.09825225514818108, 0.145151803968852], "aligned_model": [[-0.26167745463012426, -0.6529336013443044, -0.1058660650012897, 0.2849291170991287, 0.3869202580237461, 0.7388609374213366, 0.44845618582537305, -0.30487543130561756, 0.08630482072550479, -0.22463533290923576, -0.4155371717793508, 0.22475201034305242, 0.11500249927295705], [-0.4681408885828136, -0.09359077212852702, 0.17991558126074447, -0.2872831371697419, -0.7351590036656765, -0.193127866681167, 0.5118312733927972, -0.6778148914267297, -0.3692201731383761, 0.09381202407378499, 0.6066687702123232, 0.46956436157583087, 0.025922950391609814], [-0.3842320404113815, 0.0800234313181861, -0.48129711880671133, -0.5681636918464945, -0.08870439004230993, -0.14556204127947578, -0.12870102938952008, 0.2494034490257336, 0.6283242631287752, 0.6305430203917319, -0.09259063585534474, 0.3954422412896478, 0.08221803652104208]], "inverted": true, "swapped": true, "error_lsq": 0.05269701939148146, "error_max": 0.289536959946696, "target": "795.xyz", "model": "9.xyz", "model_rescale": 3.877068213659057, "target_rescale": 4.20378434330476},
{"mapping": [13, 3, 6, 10, 12, 5, 2, 9, 14, 11, 8, 4, 1, 7, 0, 15], "R": [[0.6832647553449012, 0.5071503633095087, -0.5253073225251154], [-0.01262811065315611, -0.7111156424910325, -0.7029616446335444], [-0.7300615076312432, 0.48694255513314827, -0.4794759045829069]], "T": [-0.07419304423297471, -0.011268375238556089, -0.11102441306400851], "aligned_model": [[-0.5844704110383862, -0.1345437535782472, 0.12936403460524298, 0.2608765798512904, 0.6051791239467015, 0.20571864915972718, -0.6710771705001815, -0.20353190940756463, -0.3235147498778003, 0.5485528879521632, -0.009519131451486834, -0.5729955445445357, -0.020006931172838166, -0.5342287020033716, 0.5534408009134425, -0.000525604195005816], [-0.3932492233266902, 0.28208726671442164, -0.28309112501596523, -0.6357289608533429, 0.10784118177513251, 0.6785407074393299, -0.17072840728989747, -0.4463942739410003, -0.7509022685574598, -0.19539212811753262, 0.07993805702540599, 0.426109908868224, 0.8086482240182051, 0.46001899493515486, 0.38670787190301104, 0.03184400728753571], [-0.5484557066218385, -0.6705434940113018, -0.6257879349681421, -0.07959029959559986, -0.3981856678397504, -0.3493693639223244, 0.13116806398249922, 0.3681229694117725, -0.09364806169610868, 0.23960534014631046, 0.6524031260825103, -0.24513996779094802, 0.16773578068340617, 0.37120165187992854, 0.17438178653864128, -0.08239826429909752]], "inverted": false, "swapped": false, "error_lsq": 0.03462500262358369, "error_max": 0.21421224533501074, "target": "795.xyz", "model": "10.xyz", "model_rescale": 4.260839863003843, "target_rescale": 4.20378434330476},
{"mapping": [11, 12, 14, 5, 4, 1, 0, 6, 10, 9, 3, 15], "R": [[-0.8355682842880116, -0.2708272781418114, 0.4779939619977294], [-0.08565481549115914, -0.7951907081035964, -0.6002790936963212], [0.542668310181426, -0.5425166570346012, 0.6412384751126813]], "T": [0.09082556814225515, 0.06298888562689425, 0.07410229743164815], "aligned_model": [[0.3784762512399791, 0.08043113522807442, -0.3794142262577366, -0.45765398249457057, -0.6380970977009405, -0.30078617764163496, 0.37887519404642256, 0.6472140281566946, 0.2571739402383416, -0.24843131417382822, 0.08545580068417576, 0.15565509776915326], [0.008295035312355009, -0.5574652315700934, -0.4749970047984006, -0.2694447779765821, 0.22352487481473649, 0.32185340749728136, 0.687399314396641, 0.23848613252060838, -0.47721270633084006, -0.013926814369047025, 0.4644922124045165, 0.02207406363175899], [-0.6333834057936503, -0.26889799325168856, 0.216300153675081, -0.34667937125992027, 0.05988847093197386, -0.4854972922201341, -0.46916299099674114, -0.18466491477177854, 0.5382518613150182, 0.6827558775879923, 0.45588961203062245, -0.04862192985127009]], "inverted": false, "swapped": true, "error_lsq": 0.0467971995268866, "error_max": 0.2336760780087332, "target": "795.xyz", "model": "11.xyz", "model_rescale": 3.890672605050136, "target_rescale": 4.20378434330476},
{"mapping": [2, 8, 6, 1, 11, 14, 3, 5, 4, 10, 13, 7, 12, 15], "R": [[-0.6333784061955355, 0.2016457723386387, -0.7471082766662124], [-0.7737029114891152, -0.1466953392610556, 0.6163313087880177], [0.01468330066675122, 0.9684107909028267, 0.24892758132535675]], "T": [0.002721943314422992, -0.009446613361757682, 0.05130714267208871], "aligned_model": [[0.3679178326014794, 0.2390120204891923, 0.36940664189039074, 0.5669851095133208, 0.6773044313943818, -0.3692838398385493, -0.2163393800756602, 0.21670030753127223, -0.014717202208190283, -0.5953578106615094, -0.007988777215676535, -0.24330680745992622, 0.10881013001548985, 0.11073317881767845], [-0.39835439039256465, 0.1996674696920924, 0.48922447179071776, -0.4727070455994961, 0.2440490220451481, -0.36222277531854546, -0.06884015425706658, -0.508337461456839, -0.7551925909936916, 0.28025257267716, 0.7022241389702935, 0.4497686775516295, 0.07757044117065132, 0.05505014394827612], [-0.5481661065253363, -0.6707507444929033, -0.10424784078762092, 0.07409205109043673, 0.3100517708723918, 0.568931707110499, -0.4541430065011516, 0.5932668756823158, 0.021966002314809725, 0.3567565623773619, 0.5879571752329968, -0.25066043940607197, 0.7469319582545532, 0.12280447013458015]], "inverted": false, "swapped": true, "error_lsq": 0.041837283160148966, "error_max": 0.2652585192427965, "target": "795.xyz", "model": "12.xyz", "model_rescale": 4.124412569039231, "target_rescale": 4.20378434330476},
{"mapping": [4, 9, 10, 2, 14, 5, 3, 11, 7, 6, 12, 13, 15], "R": [[-0.04794920364806249, 0.829733433921892, 0.556096486683473], [-0.05022179205776783, -0.5580353683563084, 0.8282960215200517], [0.9975864100277345, 0.011787972498472243, 0.06842805150194109]], "T": [0.01021851439102947, 0.1198928258880023, -0.019675228220692814], "aligned_model": [[-0.2060928147395033, -0.013987000404833194, 0.5027499341188977, -0.7339516118619037, 0.48738840196012967, 0.3449618252167782, -0.4331577153712205, 0.1722813455355308, -0.10189408058912819, -0.08733739612157099, 0.6643296915386708, 0.701367604404758, 0.07064012382315225], [-0.32881145347122404, 0.41480184004745696, 0.6188268841293988, -0.18026571887273585, -0.015936591652716173, -0.5262398294236259, 0.4049502268656976, -0.2786632404494621, 0.6830144172088977, 0.23025823251969962, -0.13239918002968598, 0.39685232304946183, 0.06109746658731485], [0.5363607131021076, 0.615866433799033, 0.1886561535090706, -0.009618176449170894, 0.5138355782135474, 0.22293284762969068, 0.15107343629649186, -0.6530464098859521, -0.2011086586502084, -0.6406665273216734, -0.12554244161421763, -0.5097666574581685, -0.1372782102027111]], "inverted": false, "swapped": true, "error_lsq": 0.04730432687232963, "error_max": 0.23910496855325444, "target": "795.xyz", "model": "13.xyz", "model_rescale": 3.9028299243045295, "target_rescale": 4.20378434330476},
{"mapping": [2, 1, 8, 5, 12, 11, 3, 4, 0, 13, 10, 6, 9, 9, 14, 15], "R": [[0.8471389838940494, 0.40847124100232174, 0.3398628947693182], [-0.4922651966963723, 0.8441058727380587, 0.21250941562811243], [-0.2000762806742451, -0.34732768516653434, 0.9161511671271382]], "T": [-0.08791220220432266, -0.04340160034340935, -0.08964281970178105], "aligned_model": [[-0.3761883743637608, -0.18965906520561032, 0.16575570646211651, 0.251771151997239, 0.5019946088987437, 0.21279878465405871, -0.6849480514247333, -0.2511772707193394, -0.47382373262495187, 0.6753078420358929, 0.130666944498592, -0.5972551783553062, -0.23184218658609412, -0.23184218658609412, 0.4706453995219451, -0.12348622354354835], [-0.2442104079132999, 0.3974753964832398, -0.6353177115044761, -0.41073350144238363, 0.01869937528600448, 0.6055496330022608, -0.1953498838077491, -0.4987024581698636, -0.7697877762244392, -0.10169034354970055, -0.009379520541810023, 0.3785943943065045, 0.6427996540402959, 0.6427996540402959, 0.5250607868165166, 0.040442542043135625], [-0.7367304806282161, -0.5559836878243571, -0.5160171493915248, 0.018912820264746485, -0.45350228708029, -0.27482350838102176, 0.006009462738601937, 0.3851296733388228, -0.19285049103521373, 0.12657220817701398, 0.6219878828129247, -0.17269325855869166, 0.24089833438005853, 0.24089833438005853, 0.2949538166865145, -0.021261711899468724]], "inverted": false, "swapped": false, "error_lsq": 0.05180002094534156, "error_max": 0.5102602527808735, "target": "795.xyz", "model": "14.xyz", "model_rescale": 3.942246331269136, "target_rescale": 4.20378434330476},
{"mapping": [3, 4, 2, 5, 12, 1, 6, 8, 7, 0, 11, 13, 14, 10, 15], "R": [[-0.5467709118915322, 0.7367039820574859, -0.3978804000324047], [-0.7869679592102594, -0.6144289526128771, -0.056200474797663186], [-0.2858723510340628, 0.2823903415694078, 0.9157143080145528]], "T": [-0.17954598009993794, -0.04707232841088829, 0.0009673956384872034], "aligned_model": [[-0.6636971836058234, -0.2631603941057139, -0.28088447408255296, 0.2837814973152771, 0.3323571357520657, 0.24892906321721686, 0.05136994261923547, -0.41561788082576656, -0.5255067057621299, 0.1693153116116075, 0.5293797803112508, 0.1870057156473084, -0.18495739326241373, -0.44788410382608357, -0.04613627447126753], [0.1358849695490545, -0.531583438752534, 0.2186774415308919, -0.6257137163583795, -0.3767507041650434, -0.1339527471567872, 0.5335028977988268, 0.6383656697255914, 0.3429286856053525, 0.6212639290336561, 0.24176622583180943, 0.0882564993350679, -0.7576226576967154, -0.2932782868072336, -0.0036000775919064407], [-0.19681922845866323, -0.5607796143172484, -0.7494278618783443, -0.19626587664770462, 0.36426881833356356, -0.5841678288613142, 0.13111391139030093, -0.30785958038244443, 0.3023038116389065, -0.4458218055308142, 0.017304740141733457, 0.802159756705721, 0.16178859764139347, 0.6352399205921384, 0.03632471999329216]], "inverted": false, "swapped": true, "error_lsq": 0.042789854018338486, "error_max": 0.3555283122756573, "target": "795.xyz", "model": "15.xyz", "model_rescale": 4.355366556412066, "target_rescale": 4.20378434330476},
{"mapping": [12, 10, 13, 1, 11, 5, 0, 4, 7, 14, 3, 15], "R": [[0.2679694234355209, -0.5578440020959573, 0.7854950397228492], [0.3423222133500998, -0.7069796674843811, -0.6188661018433333], [0.9005597650076999, 0.4347295930681966, 0.0015134596251399346]], "T": [0.08732242681669813, 0.10476932746596622, -0.07592835446538648], "aligned_model": [[-0.21070637365966502, 0.606902223582819, 0.168990127239566, -0.5769606767405715, -0.49618987965313543, -0.462231301182201, -0.3743233462491097, -0.15497025373071457, 0.5687223361688349, 0.10771911411235074, 0.42863540741638095, -0.007778822672773855], [-0.5114423255202766, -0.3686490818163712, -0.7298567593582119, 0.3952345274229207, -0.17900946553454034, -0.05432822593400073, 0.4633097067777321, 0.5320549548369602, 0.08201811561918483, -0.17366358160127215, 0.5358156407602305, 0.02129292208862532], [0.10895698297849124, 0.1261513403356225, -0.378108629478441, 0.01284228707685836, -0.4824419924388771, 0.4350294122973092, -0.7288679540950753, 0.48623117721895537, -0.43694048705602617, 0.5970007674709362, -0.14448369323875743, -0.14611074986157468]], "inverted": false, "swapped": true, "error_lsq": 0.04321219354522665, "error_max": 0.22249095234343558, "target": "795.xyz", "model": "16.xyz", "model_rescale": 3.795458400668931, "target_rescale": 4.20378434330476},
{"mapping": [3, 2, 6, 9, 7, 1, 4, 10, 14, 5, 11, 12, 15], "R": [[0.7475644082242338, 0.40527897165269783, -0.526209474156902], [0.6590183343376972, -0.35393408931545267, 0.6636456098153657], [0.08271813926291265, -0.8428995287438316, -0.5316748008701451]], "T": [0.03426615973191087, 0.04535930791709228, -0.05589220782253551], "aligned_model": [[0.11513684123638519, -0.17709082584403946, 0.5559518862778063, -0.21335159545741933, 0.5587188868679166, -0.4184461545118456, -0.675245991920728, 0.23059777645067125, -0.44568870933009347, -0.59370667814524, 0.20674958364773238, -0.07168768508647923, 0.07669446671955554], [-0.2580870552083335, 0.28525793758640783, 0.4046842711708243, -0.6082094929133605, -0.22509900637087624, 0.5820824118032336, -0.013232436653689644, -0.47805005123226796, -0.2512816225751219, 0.3226086395704827, 0.7653911312838372, 0.27085104131994037, 0.16686549768940948], [-0.5123739128050049, -0.7919372779246032, -0.13372180191778532, -0.11069829907041129, -0.17587090374185704, -0.25714371997690977, -0.28052881123709084, 0.41572299288378706, 0.40500039883834327, 0.28642649434947637, 0.13923337950636183, 0.6079208804231946, 0.01024561150879462]], "inverted": true, "swapped": true, "error_lsq": 0.0581322067181886, "error_max": 0.452392417686915, "target": "795.xyz", "model": "17.xyz", "model_rescale": 3.7474275329858107, "target_rescale": 4.20378434330476},
{"mapping": [6, 10, 7, 12, 0, 1, 8, 9, 11, 2, 5, 14, 4, 15], "R": [[0.3113699178834437, 0.9042646174328025, -0.29215454111884814], [-0.8659426343474571, 0.14336644989677963, -0.47915489673317596], [-0.39139766000404747, 0.40218349382228674, 0.8276812846985575]], "T": [0.08583166932353624, 0.03743100843927333, -0.044332154705371045], "aligned_model": [[0.4129427429752659, 0.12119910076980343, 0.6339582601280638, -0.4493209092618444, 0.3511864239418898, -0.3038094892838682, 0.7366364547236753, 0.1330104278017128, -0.11998372234848777, 0.2803458271449132, -0.6715460271226592, -0.4518142195757763, -0.29978920970039424, 0.04183198769058266], [-0.4808322212273745, 0.49231154508738423, 0.10723041840733019, -0.09733518830494706, -0.7130223452925966, -0.3266895907148749, -0.25259017923010724, 0.731456412176122, -0.6849621858734658, -0.16252260292389642, 0.009997377191748397, 0.5065987078836451, 0.3176641717477482, -0.08689607741548223], [-0.22245975640132978, -0.6159589566289958, -0.28366149486971715, -0.48949543378358734, 0.3222803958505976, 0.4547853240992053, 0.29222413289449484, 0.042692792626939875, -0.19285302993353493, 0.7081093837548552, 0.0740975361364681, -0.1912779977973598, 0.5301832944438836, -0.1038714717302648]], "inverted": true, "swapped": true, "error_lsq": 0.038189144775380435, "error_max": 0.261975955061516, "target": "795.xyz", "model": "18.xyz", "model_rescale": 3.922800546911778, "target_rescale": 4.20378434330476},
{"mapping": [8, 3, 7, 6, 14, 2, 9, 11, 4, 13, 10, 12, 1, 5, 15], "R": [[0.364544808201784, -0.48287953077053536, -0.796200000989671], [0.9310596219623524, 0.17493619249982756, 0.3201957353010574], [-0.015331769775409232, -0.8580353648402208, 0.5133617141149727]], "T": [0.06907540468232147, 0.03693186795355828, -0.0555492476364305], "aligned_model": [[-0.3240275491687859, -0.24805146433623876, 0.2575618414335525, 0.21861980837819756, 0.26249422892102475, -0.6972013553442826, -0.024222772589849353, 0.23807434113559567, -0.46912063975604285, 0.9259189498890018, 0.6336030797278162, 0.5613133469507293, -0.39147763712777306, 0.019790736705630183, 0.1327759220690426], [0.5289493076433089, -0.03669051601233132, 0.17298392372752203, 0.6424426385283668, -0.5878995785888578, 0.27092076994231895, -0.5974956668153819, 0.6434133397300649, -0.37837371485541527, 0.27788567733384745, -0.35905550920645324, -0.013926792799248987, 0.22459535792237006, -0.20939315176294787, 0.1392554202474165], [-0.5291716704951457, -0.5038857316865378, -0.6110273763893875, -0.19090452184912, 0.26530793974777195, -0.10087687585311152, -0.338864603708997, 0.3802143773788707, 0.25294448018770205, -0.0071381178258210914, -0.2993254969788841, 0.45222605701017055, 0.4794232853685157, 0.6692225626835864, 0.024514859573716644]], "inverted": true, "swapped": true, "error_lsq": 0.042171116922798665, "error_max": 0.2950551489948449, "target": "795.xyz", "model": "19.xyz", "model_rescale": 3.9282355846067225, "target_rescale": 4.20378434330476},
{"mapping": [8, 2, 4, 0, 6, 1, 11, 5, 13, 10, 9, 7, 14, 15], "R": [[0.6936079823258479, 0.6897834685850177, -0.20762161091921078], [-0.5593475464462134, 0.6973419628831363, 0.4481567907405797], [0.4539144072823282, -0.19471248873432984, 0.8695106425987069]], "T": [-0.02169013769345693, -0.1126381956855257, 0.12933473348175015], "aligned_model": [[-0.6684830401680665, -0.15242557454852476, 0.5335492935686844, -0.5016566844536332, -0.5542351595322159, 0.2654691016797689, -0.15160201497647624, 0.6688448117638627, -0.22892331510835487, 0.034607913210317365, 0.22944067459487774, -0.5268368357848731, 0.6267358944831363, -0.04196224564382675], [-0.5101849977413381, -0.7569099517870974, -0.5907094274377699, -0.2407081066024227, 0.1274701639979764, -0.285626373320257, 0.3506101440267053, 0.040946171712630694, 0.735274704635365, 0.20522245360556546, -0.46024665005993337, -0.10855148687406742, 0.016842691801301532, -0.0005472485318221421], [-0.08172159597451131, -0.330890888285049, -0.0137007894166499, -0.5926267309053596, -0.12770932410546507, -0.5196159291257691, -0.46631132997512725, -0.16726684530593863, 0.3101146005983777, 0.7856269668675285, 0.6839265791742973, 0.4570592556963904, 0.4351989082809822, 0.04010027971997704]], "inverted": false, "swapped": true, "error_lsq": 0.044023030582473255, "error_max": 0.22987451849618706, "target": "795.xyz", "model": "20.xyz", "model_rescale": 4.067790424073018, "target_rescale": 4.20378434330476},
{"mapping": [3, 13, 2, 4, 0, 11, 1, 7, 6, 10, 12, 5, 14, 12, 15], "R": [[-0.7215473325694882, -0.010656727572699531, -0.6922830931196412], [0.6919657396440839, -0.04505589642663671, -0.7205229915526695], [-0.023513018110666972, -0.9989276251834431, 0.03988405226019537]], "T": [0.14730514367619355, 0.01209824839797946, -0.11989739270074061], "aligned_model": [[0.2704824937113201, 0.16666115191243866, -0.2717530065634983, 0.2578839982265567, -0.6859846657469474, -0.492191510140489, -0.3351139007701023, 0.2669652496774795, -0.30559793160199744, 0.7491352705113766, 0.16701790415710155, 0.11046005689056401, 0.6559221421702651, 0.16701790415710155, 0.04753879731634536], [-0.13333470021374413, 0.8196347239887105, -0.5270492591499031, -0.7180573521159128, -0.014817655658115103, 0.25242810412026706, -0.48505224723591955, 0.416952371502919, 0.4307733006263223, 0.41333389643035023, 0.2351541835257758, -0.37736163374703874, -0.18709999947954067, 0.2351541835257758, 0.08023722380790062], [-0.6401587763351323, 0.2570554189911526, -0.5414370763760965, -0.010594119955775957, -0.38990067373917375, 0.22587123401773712, 0.11169611131874775, -0.5492781657671131, -0.2839640781100516, -0.011570056873619172, 0.5528417930686336, 0.5399227423738208, 0.36218488216495015, 0.5528417930686336, -0.04026145422557219]], "inverted": true, "swapped": true, "error_lsq": 0.04317149364155328, "error_max": 0.31167083064848605, "target": "795.xyz", "model": "21.xyz", "model_rescale": 4.186013935880536, "target_rescale": 4.20378434330476},
{"mapping": [14, 4, 9, 13, 11, 10, 12, 1, 3, 2, 0, 6, 15], "R": [[0.039676061853157134, 0.25195456774819325, -0.9669253879729529], [-0.17928972992302103, 0.9537774314121248, 0.2411717314965002], [0.9829959322702992, 0.1637910471292949, 0.08301499876729784]], "T": [0.08026272061867121, 0.01584049862386514, -0.023360705953416595], "aligned_model": [[0.12243629190240723, -0.40145790162300077, 0.3655140276483141, 0.5584588077414528, -0.25715866987355507, 0.7187297699754649, 0.05594425725195207, -0.6493578093958211, 0.20668590687233526, -0.4486834247796774, -0.39200231083214887, 0.1374800607030237, 0.0419850298324784], [-0.393198523977282, 0.15677351134962217, 0.2298839170410553, -0.6142252652459004, -0.3601737351493989, -0.25135523845030716, -0.6927679284345954, -0.009136707412408455, 0.5480060850275147, 0.6153900233241274, 0.3183207007307963, 0.04882867144280736, -0.07738885069993745], [-0.624761554580142, -0.5759774062976704, -0.6269230843468959, 0.38764887077982046, 0.5519917549392167, -0.2597726842473059, -0.025167535322788516, 0.00014083053946272947, -0.11174778662632538, 0.045500137712952374, 0.6500408173246618, 0.6114351893261489, 0.08047201213421146]], "inverted": true, "swapped": true, "error_lsq": 0.04835862213249576, "error_max": 0.2946917756346931, "target": "795.xyz", "model": "22.xyz", "model_rescale": 4.166573947596378, "target_rescale": 4.20378434330476},
{"mapping": [4, 3, 8, 7, 9, 11, 1, 5, 0, 10, 13, 2, 12, 6, 14, 15], "R": [[0.109747369180863, -0.16911440415786239, 0.9794671169897492], [0.9847214013397055, 0.15253834976787914, -0.08399889043112008], [-0.13520087537233808, 0.973720889247234, 0.18327125563527455]], "T": [-0.01320403951799095, 0.0892687767447009, -0.12066205198073181], "aligned_model": [[-0.4138833118348511, -0.13298199789993245, 0.22631901450771277, 0.11851116385568375, 0.47119486401037614, 0.05158957288185135, -0.6611151209127897, -0.250911637309213, -0.3912118368934964, 0.5534201773677178, 0.29572484705811136, -0.6217587861742909, 0.04106492142426333, -0.5594405420555784, 0.5891283797014425, -0.06693153906785751], [-0.26430898543930176, 0.25614237064485956, -0.4515074192472126, -0.5549899550179882, 0.23411527237679142, 0.7991103528785117, -0.14529480437778275, -0.31829228323919456, -0.6343236066826633, -0.25159886435938766, -0.10971202311666406, 0.31138695863296356, 0.685549550660967, 0.39042701279834463, 0.37710721099937716, 0.06243904535291151], [-0.6249361839656853, -0.6856692168563318, -0.6722678466021279, 0.1603565228465894, -0.4444310456254488, -0.4583306054624713, 0.06179401912669992, 0.5637727962981063, -0.13739317887762104, 0.2310302584141221, 0.6420847757551336, -0.30268917299798864, 0.14558120852605333, 0.31527031905797215, 0.303981864428449, -0.08665455608549419]], "inverted": false, "swapped": false, "error_lsq": 0.04519009196705814, "error_max": 0.28908962294551926, "target": "795.xyz", "model": "23.xyz", "model_rescale": 4.274766983524099, "target_rescale": 4.20378434330476},
{"mapping": [6, 1, 2, 3, 4, 9, 10, 14, 12, 5, 15], "R": [[0.6810562249035164, -0.7282453064158603, -0.07629673782961544], [-0.17181488609756268, -0.26022554435637085, 0.950138048380188], [-0.7117879343143245, -0.6339885170471944, -0.30235161123573806]], "T": [-0.02220415747654883, -0.03867982521135695, -0.09740439548594543], "aligned_model": [[0.29075757679621206, 0.07176787768641313, -0.441693283856029, -0.5251350767010183, -0.4006096719369898, -0.5527917041613208, 0.019558425782825233, -0.01118556770366198, 0.570576545377647, 0.24336294379964782, 0.11528663887434962], [-0.17919936157870003, 0.6810322810144599, 0.4834691039703489, -0.14599848835415047, 0.513706574315371, -0.2388183532531455, -0.6432438727432558, -0.005515645108538289, -0.022667134407093684, 0.488432640408349, -0.015611213020161462], [-0.6355838125915598, -0.17929481993754526, -0.5394166596758705, -0.3036530425942887, 0.23271773602307716, 0.3147750104019892, 0.3120862119486611, 0.630299693201068, 0.2912795214028896, 0.3925198172026473, -0.13616322135949116]], "inverted": true, "swapped": true, "error_lsq": 0.0443365505045556, "error_max": 0.1996247857694111, "target": "795.xyz", "model": "24.xyz", "model_rescale": 3.7841303162186577, "target_rescale": 4.20378434330476},
{"mapping": [1, 6, 4, 2, 3, 11, 0, 9, 8, 12, 14, 7, 11, 10, 13, 15], "R": [[-0.1420000450550829, -0.22027712455242232, 0.9650461002476882], [0.799943763018057, 0.5486946235914354, 0.24294893712540383], [-0.583031700006839, 0.8064813689359287, 0.09829465064979637]], "T": [-0.10247010777787174, -0.03909868660157972, -0.04201782431293796], "aligned_model": [[-0.5095403407098225, -0.00846259015836981, 0.15197422789951248, 0.1533621483680176, 0.5522447692737507, 0.03191415780943185, -0.8143527193513158, -0.019541353912028867, -0.4142788211365806, 0.5545008772732478, 0.17564680034654723, -0.5506546201616707, 0.03191415780943185, -0.5061960756460051, 0.500380203644855, -0.08019265268985089], [-0.4414904734312149, 0.2681382368987099, -0.38028925151279774, -0.7474913787365922, 0.16793102128388887, 0.713173715515348, -0.06798503995098149, -0.31889525202634833, -0.5405535527229259, -0.21360914367172276, 0.09869701159853145, 0.41247700969540757, 0.713173715515348, 0.3236583202830326, 0.40755812997391166, -0.008243235847063053], [-0.5167925805458115, -0.689161171425558, -0.654840328236883, -0.002996312652893726, -0.46331227888513826, -0.11587357113384678, -0.2256442801441705, 0.4649115714463582, -0.06987688308512413, 0.29429621286402396, 0.6880248410727356, -0.17624000382678187, -0.11587357113384678, 0.5153579933381822, 0.17949783539357067, -0.09997751506485958]], "inverted": false, "swapped": false, "error_lsq": 0.047102632475784625, "error_max": 0.3215434377360927, "target": "795.xyz", "model": "25.xyz", "model_rescale": 4.19342608120988, "target_rescale": 4.20378434330476},
{"mapping": [12, 10, 13, 1, 11, 5, 0, 4, 7, 14, 3, 15], "R": [[0.2679694234355209, -0.5578440020959573, 0.7854950397228492], [0.3423222133500998, -0.7069796674843811, -0.6188661018433333], [0.9005597650076999, 0.4347295930681966, 0.0015134596251399346]], "T": [0.08732242681669813, 0.10476932746596622, -0.07592835446538648], "aligned_model": [[-0.21070637365966502, 0.606902223582819, 0.168990127239566, -0.5769606767405715, -0.49618987965313543, -0.462231301182201, -0.3743233462491097, -0.15497025373071457, 0.5687223361688349, 0.10771911411235074, 0.42863540741638095, -0.007778822672773855], [-0.5114423255202766, -0.3686490818163712, -0.7298567593582119, 0.3952345274229207, -0.17900946553454034, -0.05432822593400073, 0.4633097067777321, 0.5320549548369602, 0.08201811561918483, -0.17366358160127215, 0.5358156407602305, 0.02129292208862532], [0.10895698297849124, 0.1261513403356225, -0.378108629478441, 0.01284228707685836, -0.4824419924388771, 0.4350294122973092, -0.7288679540950753, 0.48623117721895537, -0.43694048705602617, 0.5970007674709362, -0.14448369323875743, -0.14611074986157468]], "inverted": false, "swapped": true, "error_lsq": 0.04321219354522665, "error_max": 0.22249095234343558, "target": "795.xyz", "model": "26.xyz", "model_rescale": 3.795458400668931, "target_rescale": 4.20378434330476},
