[{"mapping": [12, 11, 3, 6, 0, 5, 2, 13, 1, 8, 9, 4, 10, 14], "R": [[0.17967438893774443, -0.30923380855142685, -0.9338584291040198], [-0.983196990060292, -0.02531761811314376, -0.18078356382552874], [0.03226131888547232, 0.9506489729978446, -0.3085866773564818]], "T": [0.024448073656158385, 0.11243502341010278, -0.001600752134059913], "aligned_model": [[0.016676075361550267, 0.5726581579609964, -0.532478662743655, -0.32644460418319776, -0.5494293193979026, -0.41701976465000684, -0.7632606049421059, 0.027127427573463335, -0.3046129835660741, 0.1803743145581944, 0.6421204849354315, 0.3040433104339575, 0.4960258811469312, 0.0257123886407216], [-0.6073581577593292, -0.3334477264577014, -0.342978432172649, -0.4194254491297843, 0.2173868333095887, 0.4224944094703953, 0.04122252198894068, 0.5213982692986207, 0.7786664407264412, 0.0025249885526823362, 0.34877427079124923, 0.7007049917076917, -0.2174415872024609, 0.12275195868634982], [0.20039670081688055, -0.2807584049795976, 0.3433268116124882, -0.3414868027723838, 0.5489320233624617, -0.5373400837395155, -0.019558649249425936, 0.5361895532292338, 0.03999098137193515, 0.7213930404585158, 0.43418982971097114, -0.09630976727164958, 0.27427065167839937, 0.07435220295152023]], "inverted": true, "swapped": true, "error_lsq": 0.05385231535082606, "error_max": 0.3877134718665655, "target": "796.xyz", "model": "0.xyz", "model_rescale": 3.8414455957264533, "target_rescale": 4.24582018766817},
{"mapping": [2, 6, 9, 7, 10, 8, 13, 12, 4, 3, 1, 11, 0, 5, 14], "R": [[-0.901408616198782, 0.35207970528162974, 0.2519968011134224], [-0.27733900426025676, -0.9164676907469016, 0.28839217834915554], [0.3324839595507223, 0.1900706525106981, 0.9237573077901096]], "T": [-0.0007018942928060769, -0.1306116966924583, -0.06762072153870502], "aligned_model": [[0.3108463350102244, 0.735975327493682, 0.03177990742494384, -0.3178038032912556, 0.5063721271420444, 0.3200840812705506, -0.4044911190150432, 0.06814742810765842, -0.19247546245596914, 0.011553171700499038, -0.398616838740078, -0.483104493627373, -0.7124306223249872, 0.49462714222191434, -0.00814791388423907], [-0.7935879054985092, -0.2974125452344456, -0.18465364846551047, -0.5286916024537367, 0.18954387770974862, 0.4769430809961156, 0.33265664034194686, 0.612197740085543, -0.5938409617973331, -0.3957553919032287, -0.012732944605890598, 0.5086160755530912, -0.26769719877620335, -0.38020983919583556, -0.10122783412232371], [-0.15709124737672878, -0.2663952712432814, -0.7469837172922044, -0.4599646651312529, 0.262163519102766, -0.45784623004657315, -0.511674446372673, 0.09295155286014109, 0.1432317893606369, 0.6692140742517312, 0.6915012633627862, 0.22382565341768246, -0.05469198148764226, 0.28829035980993184, 0.016908234920557513]], "inverted": true, "swapped": false, "error_lsq": 0.04151255791656095, "error_max": 0.25265309435831096, "target": "796.xyz", "model": "1.xyz", "model_rescale": 4.316132596720782, "target_rescale": 4.24582018766817},
{"mapping": [0, 13, 8, 6, 12, 2, 11, 5, 9, 1, 4, 14], "R": [[-0.675714917609551, 0.08326182464456951, -0.7324457786599461], [-0.08329406687004355, -0.9958613380233369, -0.03636335868175579], [-0.7324421127598866, 0.036437123750733505, 0.6798535779626429]], "T": [-0.05415099037535867, 0.12253278372148109, -0.10394710608610634], "aligned_model": [[-0.12282428842373702, 0.42467405774516465, 0.1470946147356141, -0.7614934862901298, -0.573077967326879, -0.5387072336523927, -0.19328234577016815, -0.19657249506838362, 0.5887468684255409, 0.3104126097107278, 0.5365886726730789, -0.023750452126655455], [-0.5696624297693241, -0.3346441447063672, -0.5172810651458626, 0.2662215995077989, -0.15134527207188447, -0.12625351777982197, 0.5129798761152992, 0.5160645707936469, -0.057504325563812395, 0.05166489265854174, 0.36967483540740737, 0.05286140829535897], [0.29553536675992964, 0.030931941113553144, -0.43447952161092274, -0.08062589854595369, -0.5672733429440808, 0.4698030939600806, -0.740710996623752, 0.5307939073490004, -0.5300431764299699, 0.5409920201918297, 0.048211713467350745, -0.11387664547764395]], "inverted": true, "swapped": true, "error_lsq": 0.04799783173909158, "error_max": 0.2895897099122893, "target": "796.xyz", "model": "2.xyz", "model_rescale": 3.795458400668931, "target_rescale": 4.24582018766817},
{"mapping": [12, 8, 0, 4, 6, 5, 13, 11, 9, 7, 2, 14], "R": [[0.21791323021353443, -0.8627453988624099, -0.4562720688795718], [-0.2041554315664844, -0.4974597355841015, 0.8431218009484149], [-0.9543764371880761, -0.09057697397427997, -0.28453721711905616]], "T": [0.10082203410918802, 0.030294663571081838, 0.06188265718108625], "aligned_model": [[0.03844345769379996, -0.25904907943759037, -0.7009583215687357, 0.3045084995973888, 0.13093747406236092, 0.10376686223140014, -0.3037478964123943, 0.7388330361036247, 0.23400335696539323, 0.7129272439680138, -0.4559082171768728, 0.04954740971717613], [-0.1577415659928579, -0.6156796183099494, 0.01408857101308485, -0.05121443875184152, 0.4844807722223586, 0.7413223784870847, -0.3443849136105935, -0.15778709344179107, -0.6916232059265117, 0.3232443588543546, 0.5671684987365669, -0.026104697990195474], [-0.6590312684646433, -0.049127438190837217, 0.0798299513668576, 0.6824251130964306, -0.4987703549527834, 0.3311004559621515, 0.45228618396914505, -0.3053256383657705, 0.3591808301916109, 0.33068108608660635, -0.10454024143611775, 0.07006275137645052]], "inverted": true, "swapped": true, "error_lsq": 0.04407503501450772, "error_max": 0.21355173746971798, "target": "796.xyz", "model": "3.xyz", "model_rescale": 3.7530521520055578, "target_rescale": 4.24582018766817},
{"mapping": [0, 6, 5, 7, 1, 11, 13, 10, 9, 4, 14], "R": [[0.7292755360007404, 0.6740001036807501, -0.11781787992139026], [-0.5066966326244602, 0.6477100546491197, 0.5689729410028808], [0.45979964667001005, -0.355240123500672, 0.8138726802008786]], "T": [-0.13662153938703464, -0.04283510323545263, -0.08581171315188216], "aligned_model": [[-0.42880092182753865, -0.2661417076632098, 0.4741419339989444, 0.4545538130773424, 0.319857334684299, -0.2767467166063007, -0.22199335792112831, -0.5804238870352745, -0.29364361583110854, 0.33992006431355026, -0.18252333674437055], [-0.7880452354923992, 0.014079473028208903, -0.29645065928185976, 0.3785637399278044, -0.5836231823554007, 0.6954314218402033, -0.42352319606672556, 0.3531977743366797, 0.19105669806243747, 0.004411270442619117, -0.07789474612722147], [-0.03356662903981836, -0.7939847273571558, -0.46090428290051166, -0.1611749993345045, 0.14451554121439708, -0.1980711936753888, 0.4657902779109687, 0.14550338426361664, 0.6544095858715171, 0.36571982472200626, -0.035406004429810484]], "inverted": false, "swapped": true, "error_lsq": 0.05136783281848878, "error_max": 0.2541202241055222, "target": "796.xyz", "model": "4.xyz", "model_rescale": 3.7855080009869324, "target_rescale": 4.24582018766817},
{"mapping": [8, 6, 13, 15, 4, 11, 14, 1, 10, 5, 3, 2, 9, 7, 16], "R": [[0.8491896627797855, -0.32662512611792716, -0.41496137605372685], [0.32546544655995646, 0.9425086565819896, -0.07582661382088443], [0.41587156638015366, -0.07066441294217035, 0.9066738007795616]], "T": [0.006843687936341939, -0.04795717323975029, -0.04214205478328979], "aligned_model": [[0.15151856483697415, 0.6370950493909003, 0.1854747804345444, -0.4305521865008105, 0.5938691500444853, 0.49233516474081657, -0.5456824674241145, 0.21197335311304616, -0.1815368797119979, 0.06745394168897617, -0.4570773312088316, -0.5436165849393765, -0.6708940528430926, 0.49580062697950167, -0.0438458615684489], [-0.6519619896920685, -0.12008817513282885, -0.11225854953151523, -0.5869702344977408, 0.15619177044735255, 0.3775658129362271, 0.12377603767060627, 0.6642833566305817, -0.6990273773189019, -0.21754990641264163, -0.026864933482365468, 0.40134960857079227, -0.22676625642663795, -0.4805477278649882, -0.03698389326244342], [-0.37313636841995707, -0.1959517034323221, -0.7413014820066391, -0.4865156312980331, 0.3587632950107842, -0.5065389136081845, -0.39274147070676363, 0.11193320949976081, 0.22541097765533824, 0.7469510617842628, 0.47433544793736193, 0.16010183605975808, 0.08280947878911242, 0.3254936285861044, -0.0561744777147066]], "inverted": true, "swapped": false, "error_lsq": 0.03139889528722288, "error_max": 0.1870934535631575, "target": "796.xyz", "model": "5.xyz", "model_rescale": 4.2253639853439635, "target_rescale": 4.24582018766817},
{"mapping": [12, 2, 13, 8, 0, 4, 9, 10, 5, 6, 1, 7, 11, 14], "R": [[0.9725762183310781, -0.1508718127358305, -0.17701185174621464], [-0.037444420962803114, -0.8527055879837456, 0.5210480741352521], [-0.22955046259064643, -0.5001308592189642, -0.8349704837785111]], "T": [0.05608707974229013, 0.024334386034665825, 0.04775002913886367], "aligned_model": [[0.7039890230550235, -0.18194817032684443, -0.3501752450935718, 0.17602865086292105, -0.2940485642050258, -0.3718046791287509, 0.05238897614555835, 0.5262295820375626, -0.3692484983684078, 0.4294447265512805, -0.6867595250145464, 0.0027369463929378876, 0.694510456070739, 0.04271847377890752], [-0.1445840410760676, 0.22522913188082028, -0.5139846852808525, -0.7107349016772144, -0.383103414292348, 0.031191447974010675, -0.5498182720331702, -0.34046362164688093, 0.6356804313628294, 0.4545260395428407, 0.03559634632811598, 0.569839078312916, 0.18592419673896982, -0.05019858949897804], [-0.28489878785616046, -0.6794770259013228, 0.0882472987355892, -0.018585438534614696, -0.5479310526976251, 0.5478164976906144, 0.5932992276503226, 0.27839625025598536, -0.10519756131851388, -0.39616772208460227, 0.0038473737843923994, 0.5297493043032289, 0.42666828409546126, 0.03579156080869401]], "inverted": true, "swapped": true, "error_lsq": 0.04537176340307452, "error_max": 0.3099817534427038, "target": "796.xyz", "model": "6.xyz", "model_rescale": 3.89814844738969, "target_rescale": 4.24582018766817},
{"mapping": [4, 9, 13, 7, 1, 10, 11, 5, 6, 12, 0, 2, 14], "R": [[0.9153242415974299, -0.3673720825889292, -0.16498268296510046], [-0.34363992371853463, -0.9261079020098735, 0.15567837570321202], [-0.20998365548492, -0.08580155458465598, -0.9739327274817532]], "T": [-0.10881847199847033, 0.06815768416990843, -0.03364289142062223], "aligned_model": [[0.251293597617864, -0.055150426300847794, 0.3866246589057881, -0.21578813476260603, 0.6180633710595722, -0.5224124752473001, -0.8045802750053996, 0.20485224368654315, -0.5063817298792579, -0.670772963315158, 0.3775018198335321, 0.1654497281983508, -0.08006761388685853], [-0.23897774660407467, 0.3498991434691922, 0.4369618191240826, -0.624358567547926, -0.08865189286451876, 0.3998748649790281, -0.08901583498767561, -0.5034972422465888, -0.046164921757965036, 0.49836877704429594, 0.59591810612312, 0.1374444770660398, 0.13598028367347567], [-0.491017982629066, -0.7719046131128531, -0.3074971264587542, -0.23790654369327577, -0.003165098219483624, -0.3889075119799331, -0.29534256023506594, 0.3573412947010992, 0.5583009900303292, 0.20737819452622497, 0.32468376447844793, 0.7051770889923697, -0.05486486556374338]], "inverted": false, "swapped": true, "error_lsq": 0.05279003626662685, "error_max": 0.30500942333601405, "target": "796.xyz", "model": "7.xyz", "model_rescale": 3.7474275329858107, "target_rescale": 4.24582018766817},
{"mapping": [7, 10, 6, 5, 12, 0, 3, 1, 9, 13, 4, 2, 8, 11, 14], "R": [[0.4683460690808398, -0.8784734904233644, -0.09453193217065098], [-0.17134785879354847, -0.19526642101558106, 0.9656660582782395], [-0.8667709448657076, -0.4360680582743445, -0.24197681229706997]], "T": [0.04927229559399293, -0.06763484561529529, 0.01987466114426503], "aligned_model": [[0.22574311803764366, 0.7164890340058626, 0.1344365604824163, -0.3176702887629125, 0.5339462369966558, 0.2410451125078183, -0.3849197234203889, 0.10452731029781166, -0.1490414858084782, 0.11030982009282606, -0.49580353603357874, -0.5460804621839338, -0.6108477317167766, 0.3729643451637692, 0.027216957373837555], [-0.616062215487829, -0.2192342758478163, -0.14808787489229677, -0.4630215625659426, 0.02139785556440091, 0.3520706483569296, 0.12835464476973837, 0.6798319027265842, -0.8009383754766692, -0.032595784232957836, -0.020689843167162277, 0.5041751332431347, -0.22926432098456342, -0.5571408289919099, -0.034647560380212626], [-0.3433925968418819, -0.30739097473042315, -0.7883409390911628, -0.45134073319928963, 0.3910982695600157, -0.4505333773174822, -0.5160357299356633, 0.07503047247136618, 0.0771286329462342, 0.9160657755127728, 0.5792621389860395, 0.18473198653196282, 0.07756155819730946, 0.22502656796864243, 0.06456783707743682]], "inverted": true, "swapped": false, "error_lsq": 0.041938691073336, "error_max": 0.31502323671482224, "target": "796.xyz", "model": "8.xyz", "model_rescale": 4.019505241142653, "target_rescale": 4.24582018766817},
{"mapping": [6, 10, 7, 5, 2, 1, 4, 3, 0, 8, 9, 13, 14], "R": [[0.921819935909298, -0.05297421980154546, -0.38398142897358367], [0.3875352135539585, 0.10543514665771547, 0.9158055951483121], [-0.008028948615202869, -0.9930141801030253, 0.11772159571824893]], "T": [-0.0832761375998328, -0.0567447059872031, -0.10659733573983408], "aligned_model": [[-0.3047286950959618, -0.6408432395487882, 0.006623224775138867, 0.4668884859393676, 0.28480816663163555, 0.647225633089447, 0.26638767960124954, -0.19649436887239294, 0.26077174999883557, -0.33016650427823435, -0.26235835232638816, 0.20435964441392238, -0.08277265258665527], [-0.693711555348917, 0.19477951970728974, 0.18738776778777202, -0.33866154553164796, -0.7434176329504059, 0.04701177661776332, 0.47904413533029316, -0.7039709640778016, -0.37513004241850656, 0.13328233107660156, 0.6524778998884215, 0.26142792112937246, -0.03714138309617619], [-0.3649686937166397, 0.07551177688642453, -0.7885521342258042, -0.5491909294113939, 0.030781356642619037, -0.00924689438050487, -0.2610977630467994, 0.34597711384879937, 0.544323788621656, 0.5731438683354753, 0.19708298040971384, 0.41542600112060113, -0.032486977040268594]], "inverted": false, "swapped": true, "error_lsq": 0.045010666837335046, "error_max": 0.2450605612124443, "target": "796.xyz", "model": "9.xyz", "model_rescale": 3.877068213659057, "target_rescale": 4.24582018766817},
{"mapping": [0, 8, 1, 5, 9, 7, 4, 2, 12, 10, 6, 13, 3, 11, 15], "R": [[-0.6013867847590569, 0.6819622211062383, -0.4162468787883102], [-0.7271767281850742, -0.2513769611251286, 0.6387672732705915], [0.3309802729819628, 0.6868312401160434, 0.6470818391034039]], "T": [-0.043303172280047764, -0.034395155515815665, 0.06518989804510847], "aligned_model": [[0.25662456541189205, 0.690844318807842, 0.08413160326940738, -0.359114261761047, 0.4823318356256726, 0.2670589766628586, -0.33091768145098954, 0.12956893946443465, -0.23970097202521876, 0.15405127751467051, -0.4614988197285385, -0.47573085744863886, -0.6499007889887681, 0.42673196582234385, -0.012164834143348756], [-0.7115912684886976, -0.042262438463984184, -0.2719877265234742, -0.5075400436027075, 0.2523327749190172, 0.3334261633648572, 0.31649866313618796, 0.6049336646930871, -0.7469643327102281, -0.1897730733477268, -0.21142870475193187, 0.5104379418691422, -0.1102419103182281, -0.5482540125244943, -0.1134381546173903], [-0.22672586441249645, -0.17206208402557555, -0.7595626456830484, -0.4709003116030408, 0.3429312098303092, -0.5941047123509056, -0.4370471992417645, 0.02360563923482309, 0.1741315690496591, 0.7286050797046194, 0.48241417589198676, 0.4025349573794914, -0.10524467567005105, 0.30946703632559525, 0.03539671370627537]], "inverted": false, "swapped": false, "error_lsq": 0.031012846739546775, "error_max": 0.21912781585410362, "target": "796.xyz", "model": "10.xyz", "model_rescale": 4.260839863003843, "target_rescale": 4.24582018766817},
{"mapping": [10, 13, 1, 4, 5, 7, 11, 12, 0, 2, 6, 14], "R": [[-0.7897255826200507, -0.5756920876740701, 0.2119248082337044], [-0.6134090718273728, 0.7455067609011545, -0.260670251564212], [-0.007925576023381078, -0.33585456620409304, -0.941880510258365]], "T": [0.033442320689621705, 0.01856695806988713, -0.1104491936260831], "aligned_model": [[0.5340862890868291, 0.06923563278170977, -0.49473511341242515, -0.42456615332173214, -0.6132499726473466, -0.4899204765403613, 0.2796086078706804, 0.7028924459112498, 0.21292826375743706, -0.051848408977913665, 0.16011660046902682, 0.07435093411697606], [0.06048375800440295, -0.6531293653980308, -0.4660835227690846, -0.25276247353873615, 0.1920254779474362, 0.3984742485934913, 0.5682024684143446, 0.3168439161167064, -0.5271055272662631, 0.0006829758108484012, 0.5817057311705879, -0.04625918155276895], [-0.5040325227690233, -0.1738480565259147, 0.08959545794829779, -0.49750658840719864, 0.24975703368311655, -0.4488376395984255, -0.5736744985580376, 0.03731069522489, 0.4494283077469693, 0.675861383294911, 0.323546324902795, -0.1114218195468751]], "inverted": false, "swapped": true, "error_lsq": 0.05047904476515105, "error_max": 0.3068317805292937, "target": "796.xyz", "model": "11.xyz", "model_rescale": 3.890672605050136, "target_rescale": 4.24582018766817},
{"mapping": [3, 12, 10, 0, 8, 5, 6, 1, 2, 7, 9, 11, 4, 14], "R": [[-0.0050046699268163075, 0.971375039682633, -0.23749839064820505], [0.38545715438352246, -0.21727422988466188, -0.8967801799563732], [-0.9227121628186556, -0.0960335426275159, -0.37333607283107295]], "T": [0.030276031981930768, 0.0306607787888127, 0.14457150447968892], "aligned_model": [[0.40769479830761757, 0.21545234758146742, 0.26003913016936775, 0.6269770404116355, 0.7358339898329734, -0.4613166043130402, -0.29292218863368724, 0.1133812243984004, 0.07333920488343362, -0.6211574080312485, 0.42096773165534374, -0.30187319203367846, -0.07264776287206685, 0.10610752343717533], [-0.3869844934561557, 0.19191306553621368, 0.5824491371302664, -0.5049429292841848, 0.26548172992937874, -0.509084485177886, -0.22674618838877122, -0.4271914116255544, -0.7229298416152189, 0.20938240088220786, 0.6182712216436573, 0.6357452613545315, 0.17080239323431723, 0.035986659664963214], [-0.42082334062550175, -0.5615963443876214, -0.07914207244099827, 0.1219207651311432, 0.06608378881601434, 0.3568426436812858, -0.44771923871108577, 0.7253815007967048, -0.09233651299800505, 0.42104566658865866, 0.5042419675251025, -0.17295704581056037, 0.7793721581745887, 0.15447649961713567]], "inverted": true, "swapped": true, "error_lsq": 0.04483226704191373, "error_max": 0.2692532098815499, "target": "796.xyz", "model": "12.xyz", "model_rescale": 4.124412569039231, "target_rescale": 4.24582018766817},
{"mapping": [4, 11, 6, 9, 5, 1, 10, 13, 12, 8, 2, 3, 14], "R": [[0.11062179591664895, 0.031803202018374055, -0.9933535999882188], [-0.9869116346982796, 0.12151739391227939, -0.10601390604037664], [0.11733815903339018, 0.9920796738761191, 0.04482942244228039]], "T": [0.11001047957128382, 0.0857803408543777, 0.10965063216534028], "aligned_model": [[-0.16111791797119482, -0.2778162761820896, 0.5919538294482024, -0.6340397423540126, 0.6845958496581094, 0.35776804842581067, -0.40297834002373856, -0.10416557500475199, 0.09894624317177292, -0.2745676179071871, 0.8597369393606938, 0.5467299444034437, 0.08225292248469934], [-0.4510712290361284, 0.6216361854325051, 0.6093103950642325, -0.12648601150558614, -0.20887514890445225, -0.6143806860894917, 0.43372110998465635, -0.3799141959187465, 0.7713845821996476, 0.12811564363125522, 0.06682192740511265, 0.43031334267098886, 0.06690946157448441], [0.37701673609431424, 0.4834468863716891, 0.2328198283086299, -0.05952720811459121, 0.510994750608646, 0.062047307493792475, -0.042299788485706605, -0.33050132345196653, -0.1883258862659657, -0.5302092287184517, -0.1422014728836628, -0.46229075396688085, 0.04072823397799255]], "inverted": false, "swapped": true, "error_lsq": 0.04395796763255136, "error_max": 0.28110904537491904, "target": "796.xyz", "model": "13.xyz", "model_rescale": 3.9028299243045295, "target_rescale": 4.24582018766817},
{"mapping": [9, 6, 11, 14, 3, 1, 12, 2, 10, 4, 5, 8, 13, 7, 15], "R": [[-0.9653004352841246, -0.07535809788788272, -0.2500324513398217], [0.2565071520312904, -0.09402852097178793, -0.9619577528148805], [0.048981124906197486, -0.9927133495257221, 0.11009566329490528]], "T": [0.013545049523077347, 0.009698460965306785, 0.05075156731207883], "aligned_model": [[0.3906394748098792, 0.6410882633792548, -0.032752266973268176, -0.3078639064270847, 0.5154814128847371, 0.27110502746598936, -0.511323491480361, 0.21698913169940792, -0.1852495759045067, -0.0018781314307725703, -0.43627573316083135, -0.4312591251606186, -0.7219255916510186, 0.4794006591148121, 0.07613911986695347], [-0.5478545257196318, -0.013199603870519314, -0.13427670385551227, -0.6522212174889734, 0.07431162116745384, 0.2636620483601477, 0.22435992848558428, 0.7170744144232003, -0.6770521117137173, -0.20670498962965322, 0.012344198298454026, 0.5985884700402647, -0.273974998437682, -0.7399521365368996, -0.0809568508890877], [-0.3336699694415006, -0.1730194219136723, -0.6724250354192189, -0.4407860966496585, 0.4148593424310876, -0.4890299716297376, -0.3525767827798145, 0.031269897651831004, 0.26100605567109936, 0.6928535420346054, 0.29520217008235744, 0.27849037154463807, -0.055378806269376094, 0.2547870752847562, 0.021856517538480176]], "inverted": false, "swapped": false, "error_lsq": 0.04327960412712468, "error_max": 0.25836044127798213, "target": "796.xyz", "model": "14.xyz", "model_rescale": 3.942246331269136, "target_rescale": 4.24582018766817},
{"mapping": [9, 10, 6, 7, 4, 11, 8, 13, 5, 3, 1, 12, 0, 5, 14], "R": [[0.9482972637031901, 0.09132832161767301, 0.30395959817637147], [-0.24171408133706207, -0.4128383212192782, 0.8781451038502852], [0.20568568870104326, -0.9062139141523633, -0.36941810900418853]], "T": [0.048788239847375264, -0.08244912450211485, -0.037526042920818306], "aligned_model": [[0.3149730957512964, 0.7379579336118839, 0.11617896154541166, -0.3439915958154819, 0.5172330233507328, 0.32378309902110025, -0.4061677777452438, 0.08063274935201173, -0.0351927447404434, 0.1613403338371328, -0.4080623593464322, -0.3540119547403592, -0.6628876610984948, -0.0351927447404434, -0.04427709121009872], [-0.7554477063099617, -0.20629709223776316, -0.13212025986888903, -0.5423540114783317, 0.19069620257656988, 0.40564986184181284, 0.21364810366283538, 0.7170560782193646, -0.5811422092491725, -0.059478230122384027, -0.17975376634093787, 0.41741730184485504, -0.2424126902484201, -0.5811422092491725, -0.1001718304069768], [-0.39020271850965993, -0.1743007852069765, -0.5905004169010365, -0.6418363967631888, 0.18521841161436292, -0.4850170837413059, -0.589053358488315, 0.1063739381111868, 0.34592142367954754, 0.6719472086190567, 0.6246376622711047, 0.4684006486204967, -0.13051288346758094, 0.34592142367954754, -0.013558185381362386]], "inverted": false, "swapped": false, "error_lsq": 0.04566236068255818, "error_max": 0.4395821707833938, "target": "796.xyz", "model": "15.xyz", "model_rescale": 4.355366556412066, "target_rescale": 4.24582018766817},
{"mapping": [0, 13, 8, 6, 12, 2, 11, 5, 9, 1, 4, 14], "R": [[-0.675714917609551, 0.08326182464456951, -0.7324457786599461], [-0.08329406687004355, -0.9958613380233369, -0.03636335868175579], [-0.7324421127598866, 0.036437123750733505, 0.6798535779626429]], "T": [-0.05415099037535867, 0.12253278372148109, -0.10394710608610634], "aligned_model": [[-0.12282428842373702, 0.42467405774516465, 0.1470946147356141, -0.7614934862901298, -0.573077967326879, -0.5387072336523927, -0.19328234577016815, -0.19657249506838362, 0.5887468684255409, 0.3104126097107278, 0.5365886726730789, -0.023750452126655455], [-0.5696624297693241, -0.3346441447063672, -0.5172810651458626, 0.2662215995077989, -0.15134527207188447, -0.12625351777982197, 0.5129798761152992, 0.5160645707936469, -0.057504325563812395, 0.05166489265854174, 0.36967483540740737, 0.05286140829535897], [0.29553536675992964, 0.030931941113553144, -0.43447952161092274, -0.08062589854595369, -0.5672733429440808, 0.4698030939600806, -0.740710996623752, 0.5307939073490004, -0.5300431764299699, 0.5409920201918297, 0.048211713467350745, -0.11387664547764395]], "inverted": true, "swapped": true, "error_lsq": 0.04799783173909158, "error_max": 0.2895897099122893, "target": "796.xyz", "model": "16.xyz", "model_rescale": 3.795458400668931, "target_rescale": 4.24582018766817},
{"mapping": [4, 9, 13, 7, 1, 10, 11, 5, 6, 12, 0, 2, 14], "R": [[0.9153242415974299, -0.3673720825889292, -0.16498268296510046], [-0.34363992371853463, -0.9261079020098735, 0.15567837570321202], [-0.20998365548492, -0.08580155458465598, -0.9739327274817532]], "T": [-0.10881847199847033, 0.06815768416990843, -0.03364289142062223], "aligned_model": [[0.251293597617864, -0.055150426300847794, 0.3866246589057881, -0.21578813476260603, 0.6180633710595722, -0.5224124752473001, -0.8045802750053996, 0.20485224368654315, -0.5063817298792579, -0.670772963315158, 0.3775018198335321, 0.1654497281983508, -0.08006761388685853], [-0.23897774660407467, 0.3498991434691922, 0.4369618191240826, -0.624358567547926, -0.08865189286451876, 0.3998748649790281, -0.08901583498767561, -0.5034972422465888, -0.046164921757965036, 0.49836877704429594, 0.59591810612312, 0.1374444770660398, 0.13598028367347567], [-0.491017982629066, -0.7719046131128531, -0.3074971264587542, -0.23790654369327577, -0.003165098219483624, -0.3889075119799331, -0.29534256023506594, 0.3573412947010992, 0.5583009900303292, 0.20737819452622497, 0.32468376447844793, 0.7051770889923697, -0.05486486556374338]], "inverted": false, "swapped": true, "error_lsq": 0.05279003626662685, "error_max": 0.30500942333601405, "target": "796.xyz", "model": "17.xyz", "model_rescale": 3.7474275329858107, "target_rescale": 4.24582018766817},
{"mapping": [12, 6, 11, 2, 8, 13, 10, 7, 0, 9, 1, 5, 4, 14], "R": [[0.8344105282194322, -0.18878158752589713, -0.517803613938499], [-0.2097464893417405, -0.9775823913573655, 0.01841407930985512], [-0.5096719342924262, 0.09324258854845538, -0.8553013147864326]], "T": [0.052748972816784416, 0.014339547764766543, -0.008662795558413601], "aligned_model": [[0.568525335617998, 0.19152408697264262, 0.7519367801110115, -0.44094592269909955, 0.24521791985072716, -0.23677439489490298, 0.6191811300861696, 0.08821498070842437, -0.41607959048866877, 0.31260760749278965, -0.6556315277349449, -0.48042523406709475, -0.1792284012121219, 0.04672487813994638], [-0.3416779478188465, 0.12654767080810242, 0.3113821018434735, -0.17985332368704482, -0.6530075253924855, -0.3983835969677892, -0.20388919583564552, 0.7332282708611159, -0.6222416988458782, -0.18945713364801842, 0.045416004600979415, 0.48024698960033657, 0.30662816753437433, -0.05453054154144047], [-0.4163291849359197, -0.7084303039812208, -0.021961273024319723, -0.595547066590914, 0.26831521957580257, 0.441128659805941, 0.18841603350810573, 0.11252331492494905, -0.14431151928329244, 0.7112186400700703, 0.21740505568136895, -0.285615548438477, 0.5335167967076938, 0.024465894641867124]], "inverted": true, "swapped": true, "error_lsq": 0.04110443878648794, "error_max": 0.24968145419982277, "target": "796.xyz", "model": "18.xyz", "model_rescale": 3.922800546911778, "target_rescale": 4.24582018766817},
{"mapping": [11, 10, 9, 7, 6, 2, 3, 1, 13, 8, 8, 5, 12, 4, 14], "R": [[-0.5828037446553573, 0.6945760259199208, 0.42178660414122027], [0.4250549202663644, -0.18181308307217187, 0.8867199769832335], [0.692580760614275, 0.6960661944392077, -0.189271611674523]], "T": [-0.031362057400265, -0.029952027497109332, 0.004467419181365503], "aligned_model": [[0.21305781468657348, 0.7184874629152611, 0.19316303581615824, -0.3809402572768562, 0.5153352014404687, 0.31761453388361804, -0.448376975573818, 0.23451602821470685, -0.1840365833276238, -0.11544769330814429, -0.11544769330814429, -0.5914551649568481, -0.7933043227667719, 0.4662094704150029, -0.06705958982101026], [-0.6448412351213046, -0.17760842159348667, -0.10563940055376113, -0.5170744261701211, 0.09017116997045437, 0.3180011101442003, 0.10596219832394961, 0.6363619290794946, -0.6671698947047809, -0.04980627002451686, -0.04980627002451686, 0.4114482210783506, -0.22469641736386614, -0.4819761216360867, -0.07917862877058084], [-0.25899757136794344, -0.25345492073578213, -0.7743798636609921, -0.5234699539423303, 0.4075310574809621, -0.5154103698510528, -0.4611237371191727, 0.1869984543419507, 0.21051990197239567, 0.6102116464829959, 0.6102116464829959, 0.2764881015032194, 0.015984859439225698, 0.27272835953158125, -0.0703987224221766]], "inverted": true, "swapped": false, "error_lsq": 0.04151453269363222, "error_max": 0.3434657652925192, "target": "796.xyz", "model": "19.xyz", "model_rescale": 3.9282355846067225, "target_rescale": 4.24582018766817},
{"mapping": [13, 8, 3, 9, 4, 10, 11, 6, 7, 5, 0, 1, 2, 14], "R": [[-0.7364180755665753, -0.025569565567273567, -0.6760433531183653], [0.017847245969223022, 0.9982034593394655, -0.05719553806057216], [0.6762912788067993, -0.05418534007852312, -0.734638724224662]], "T": [-0.009360145018832013, -0.01993723357436425, -0.01795529918519215], "aligned_model": [[-0.44341654899795985, -0.11139697209105764, 0.6032720635709784, -0.5925958957085546, -0.6340979620166262, -0.01332889514203437, 0.13518257059964106, 0.6735213985535925, -0.2354825976447646, 0.03785107340438661, 0.10427592706680341, -0.41346740583216224, 0.4531390545289414, -0.03093299120650738], [-0.5261118131021509, -0.683459921884852, -0.5087096743264014, -0.2780532668271607, 0.1612433735196663, -0.178599631329741, 0.37375400045938323, 0.20306900057271585, 0.6740207430681208, 0.3970065938652645, -0.6936363722607534, -0.12146733221992763, -0.2034309840846926, -0.09274262802463559], [0.09094309920710753, -0.3472566209405897, 0.131467281553352, -0.4875306938006958, 0.08244936805633185, -0.6361136371128371, -0.6515082440225155, 0.055968837670262755, -0.011966112457722642, 0.6160606723698252, 0.40234553975017384, 0.5987004507454751, 0.5971082769659333, -0.02848506074041817]], "inverted": false, "swapped": true, "error_lsq": 0.047188860914512736, "error_max": 0.3202124823916507, "target": "796.xyz", "model": "20.xyz", "model_rescale": 4.067790424073018, "target_rescale": 4.24582018766817},
{"mapping": [10, 12, 11, 13, 0, 3, 6, 2, 1, 7, 8, 4, 5, 9, 14], "R": [[0.9289721674578169, -0.3096164758684533, -0.20285056065864238], [-0.3684258096477324, -0.7206049121517804, -0.587359330706628], [0.035681015598479214, 0.6203758525712657, -0.7834926079245015]], "T": [-0.03917359514059116, -0.05037243792419785, -0.030768908649347733], "aligned_model": [[0.12053866269521399, 0.6751599948055882, 0.1607740359578361, -0.36021506469948283, 0.3690833770199443, 0.47949137086603355, -0.3720487534662794, -0.003602398705847616, -0.2011397365518806, 0.1959308778958087, -0.2777337681554852, -0.6249259922893616, -0.6016657325142416, 0.41060032923230133, -0.007931935057574724], [-0.8045930243331607, -0.22566790223451136, -0.1612036737323286, -0.5467316220314358, 0.3298598755748352, 0.4672116507723292, 0.39275784594950236, 0.6905713001838207, -0.7468642037124318, -0.28268062872860467, -0.03728236697629825, 0.4498344215519151, -0.1899490634023114, -0.6539834045780522, -0.1171316616698407], [-0.3081317094853256, -0.24527506092597312, -0.6355578271709406, -0.40584682089300705, 0.4087850265786784, -0.46301696337759357, -0.5210612532551284, 0.028044342252544145, 0.3716876610626465, 0.638127756353735, 0.4870009153252987, 0.19095100859714603, 0.0814232562769549, 0.16264028802520974, -0.05633173122836865]], "inverted": false, "swapped": false, "error_lsq": 0.04212459923394253, "error_max": 0.22457977480004196, "target": "796.xyz", "model": "21.xyz", "model_rescale": 4.186013935880536, "target_rescale": 4.24582018766817},
{"mapping": [2, 1, 5, 12, 8, 6, 3, 13, 7, 4, 9, 11, 14], "R": [[0.6528658388326192, -0.6430746804700116, 0.40027634432198644], [-0.48975228427749107, -0.7614903414602207, -0.42458822393912], [0.5778485065571776, 0.08116289300652908, -0.8120983242615704]], "T": [0.032587550796833294, 0.004261518207352585, 0.03668462891979515], "aligned_model": [[0.14051232719817125, -0.44314899207681213, 0.2240266775200894, 0.3912503532989494, -0.415754917407405, 0.6666483905945576, 0.13634822861484597, -0.6368867515313201, 0.31857512895665163, -0.32652426838866205, -0.479038820011049, 0.5114679032329289, -0.028901224577720507], [-0.4544412647877048, 0.1847289624170555, 0.26928445107902926, -0.5386439682985771, -0.41447370354990737, -0.2869170528999186, -0.7716819892501383, -0.08542625700946485, 0.6716990312464923, 0.553767762352677, 0.2115076850707146, 0.21487669376025853, -0.03532369058442312], [-0.5987858017674238, -0.5064374535355533, -0.6497272098354788, 0.4048968305607205, 0.4641926145247726, -0.14960990184553868, -0.11722841291946137, 0.052072593915898156, -0.037363859325173214, -0.011132089334339713, 0.6046426922902064, 0.5876742605671809, 0.05968529803953615]], "inverted": true, "swapped": true, "error_lsq": 0.05093096743415047, "error_max": 0.33056006508546715, "target": "796.xyz", "model": "22.xyz", "model_rescale": 4.166573947596378, "target_rescale": 4.24582018766817},
{"mapping": [6, 12, 2, 1, 14, 11, 4, 9, 5, 10, 7, 8, 0, 13, 15], "R": [[-0.8303003876085431, -0.4386125373742058, -0.3438318024779909], [-0.314951714010811, 0.8782627753543295, -0.3598053852689852], [0.4597898260931352, -0.19045613533060976, -0.8673636932314917]], "T": [0.03839441735788965, 0.014617941317484923, -0.07715706068689354], "aligned_model": [[0.267576562693543, 0.6683893207346958, -0.055588191717102275, -0.32254615953067334, 0.6581856213770161, 0.5410950127308262, -0.5964049638261258, 0.21133802255575343, -0.13580310948536065, 0.08004565459412749, -0.3600867953876745, -0.5480110018865271, -0.7207694274253946, 0.26561181024873914, 0.009282911356728894], [-0.596561962200413, -0.09076186689789692, -0.12743703524891534, -0.518349721585937, 0.025953662936249122, 0.4337955999036447, 0.16791311399513437, 0.5644765490860866, -0.741487697941319, -0.024243824471964215, -0.24263297411962584, 0.522797941804484, -0.2794981493365032, -0.4834585054773304, -0.04635758781226586], [-0.4683632745461116, -0.22338589836590594, -0.7281539055435091, -0.3833701092686894, 0.41448114781215034, -0.5172428811586781, -0.41388224395466544, 0.09075716493450697, 0.2212075905774209, 0.6696335195298733, 0.4580292033799346, 0.15079230124904056, -0.01453322472732449, 0.5686797982890254, -0.09121030007119127]], "inverted": true, "swapped": false, "error_lsq": 0.04645030949949021, "error_max": 0.347588463813101, "target": "796.xyz", "model": "23.xyz", "model_rescale": 4.274766983524099, "target_rescale": 4.24582018766817},
{"mapping": [12, 13, 9, 11, 4, 7, 6, 5, 2, 1, 14], "R": [[0.04870193388100975, 0.7104151354758933, 0.7020957605077941], [-0.7525272098848003, 0.48830149989159677, -0.4418873652715302], [-0.6567578853879469, -0.5068253944805695, 0.5583879471213249]], "T": [-0.03352094212486598, 0.06823513224312365, -0.044886552840190226], "aligned_model": [[0.20496137395985103, 0.13283858832907822, -0.4137753784993904, -0.5511181993279164, -0.43282423982612184, -0.6147929418387823, 0.21666183446207957, 0.042688690337257834, 0.6545651319806413, 0.14233669910688243, -0.0016468547255045207], [-0.3975044800903475, 0.7086944618287141, 0.5883023031656549, -0.3833262087195556, 0.5239833299757535, -0.08693465671757698, -0.6014345509139538, -0.04598444548920842, -0.09921773049425285, 0.5885128973445612, 0.12049561135369449], [-0.5789075234326442, -0.18131558839256223, -0.5055660293520013, -0.3696328430257569, 0.21212571590660317, 0.36838104355158074, 0.057460185210855406, 0.7029057221630355, 0.3077829271968788, 0.45736885057229976, -0.09103602637671143]], "inverted": true, "swapped": true, "error_lsq": 0.0505828055096428, "error_max": 0.26484877840528065, "target": "796.xyz", "model": "24.xyz", "model_rescale": 3.7841303162186577, "target_rescale": 4.24582018766817},
{"mapping": [2, 8, 1, 4, 10, 0, 6, 7, 12, 14, 13, 11, 3, 9, 15], "R": [[0.5661378500157124, -0.3473598964948903, 0.7475486854290134], [-0.8074188960472244, -0.4163280690311339, 0.4180259145587616], [0.16602006229811045, -0.840245226849797, -0.5161640220614617]], "T": [0.049902586660138894, -0.081294747961374, -0.02920477427352504], "aligned_model": [[0.20173181261468523, 0.48128159266798554, 0.2657861507436763, -0.31014121696122965, 0.47772879416771874, 0.4749726227859189, -0.501279175566366, 0.09899783835574869, -0.16352529045816414, 0.1810141428939904, -0.46204397381902496, -0.4200986682109513, -0.7379075700787943, 0.3866864129476203, -0.010888205050241115], [-0.7915888605084013, -0.2737642060829667, -0.060430550495739296, -0.39220409260381334, 0.34707174179707595, 0.36280416736946003, 0.21275336676045442, 0.5645940455668137, -0.6759735811601336, -0.2729452008392852, -0.14274044067709996, 0.4310973745130901, -0.2463564646449724, -0.4373403866347163, -0.06082936972633814], [-0.23223971647386688, -0.384627683643371, -0.7405382866472273, -0.6040162057414644, 0.4593870716458515, -0.43345910899561324, -0.3921935116476369, -0.08597521337616106, 0.39029198738533727, 0.7293325194992932, 0.5591277365834555, 0.2963420002587999, -0.06254655373402042, 0.2900895508545283, -0.055535697832027366]], "inverted": true, "swapped": false, "error_lsq": 0.0436404888073942, "error_max": 0.34679532572659016, "target": "796.xyz", "model": "25.xyz", "model_rescale": 4.19342608120988, "target_rescale": 4.24582018766817},
{"mapping": [0, 13, 8, 6, 12, 2, 11, 5, 9, 1, 4, 14], "R": [[-0.675714917609551, 0.08326182464456951, -0.7324457786599461], [-0.08329406687004355, -0.9958613380233369, -0.03636335868175579], [-0.7324421127598866, 0.036437123750733505, 0.6798535779626429]], "T": [-0.05415099037535867, 0.12253278372148109, -0.10394710608610634], "aligned_model": [[-0.12282428842373702, 0.42467405774516465, 0.1470946147356141, -0.7614934862901298, -0.573077967326879, -0.5387072336523927, -0.19328234577016815, -0.19657249506838362, 0.5887468684255409, 0.3104126097107278, 0.5365886726730789, -0.023750452126655455], [-0.5696624297693241, -0.3346441447063672, -0.5172810651458626, 0.2662215995077989, -0.15134527207188447, -0.12625351777982197, 0.5129798761152992, 0.5160645707936469, -0.057504325563812395, 0.05166489265854174, 0.36967483540740737, 0.05286140829535897], [0.29553536675992964, 0.030931941113553144, -0.43447952161092274, -0.08062589854595369, -0.5672733429440808, 0.4698030939600806, -0.740710996623752, 0.5307939073490004, -0.5300431764299699, 0.5409920201918297, 0.048211713467350745, -0.11387664547764395]], "inverted": true, "swapped": true, "error_lsq": 0.04799783173909158, "error_max": 0.2895897099122893, "target": "796.xyz", "model": "26.xyz", "model_rescale": 3.795458400668931, "target_rescale": 4.24582018766817},
