[{"mapping": [1, 6, 12, 5, 9, 3, 0, 2, 4, 8, 10, 7, 11, 13], "R": [[0.45771836526668375, 0.8460228445922895, 0.2733847920524576], [-0.8769142331412207, 0.48030326635603704, -0.018171407267095666], [-0.14668103426121462, -0.2314176284462628, 0.9617330998943355]], "T": [-0.16003075649368514, 0.003255487316225422, -0.026983936039381845], "aligned_model": [[-0.4534249243724907, -0.3649792711737804, 0.024876033570314177, -0.11633914223173789, 0.08459469462830488, -0.6264056683746255, -0.6017061428397117, -0.6716990767152633, -0.0968662890122125, 0.3243885246749135, 0.754984809321069, 0.3260169489995671, 0.47870006058213355, -0.02640957335502339], [-0.41194704619639955, 0.7378801082737056, -0.5436570758101285, 0.23225961810557738, -0.2632352983283228, 0.22843032488882498, -0.4703908907131896, 0.2263409253641907, 0.7524145697375735, 0.6158601114772821, -0.38100221302471093, 0.27977122400383025, 0.10723187036292312, 0.045592086601804076], [-0.3000605403876353, -0.08054751322719267, 0.015629855817199292, -0.7467404305333156, 0.6101064983528957, -0.09763122820214518, 0.39253292447558163, 0.5018701674922819, 0.5630797434770464, -0.0018310811062197535, 0.14771998116634594, 0.4816329707031338, -0.2882762932361892, 0.05603927778034315]], "inverted": false, "swapped": false, "error_lsq": 0.044723661801956395, "error_max": 0.2621930266488346, "target": "797.xyz", "model": "0.xyz", "model_rescale": 3.8414455957264533, "target_rescale": 3.8477875336515828},
{"mapping": [6, 12, 2, 8, 4, 10, 5, 3, 1, 13, 7, 0, 9, 14], "R": [[-0.43474385864056697, 0.18998291080094132, 0.8802864709728945], [-0.25947917018058864, 0.9096131767334382, -0.324460211667465], [-0.8623620687487966, -0.3694730874048943, -0.34615213428027786]], "T": [-0.025433831247357437, 0.09803487478034285, 0.08173528240913225], "aligned_model": [[-0.3533185180148798, -0.33425776278396985, -0.041609232436828104, -0.09046396191096337, 0.04928884779710172, -0.6670948533055403, -0.563377272723549, -0.49993338360304634, -0.3132074480919386, 0.4695211770016724, 0.5466304360902993, 0.4773194368644539, 0.4420565252277402, -0.0858230064090956], [-0.43497854726990953, 0.735009521340198, -0.635207234687838, 0.38294461886002445, -0.1626114005450815, 0.2025861531451949, -0.273573588931825, 0.022507150552357066, 0.5485927303213064, 0.5903563701171026, -0.17623304902604509, 0.3197628037417247, -0.10830323575376725, 0.14469602287951902], [-0.38561415632091056, -0.20318685224749694, 0.16358326905170267, -0.6523627473763289, 0.5532194022303545, -0.13209049567647058, 0.16448060525415673, 0.7002194129470534, 0.761942497474702, -0.21404518631371877, 0.18408068846863862, 0.5545917579157669, -0.37035655642169746, 0.12906269358637834]], "inverted": false, "swapped": false, "error_lsq": 0.03938615543125098, "error_max": 0.2421197576945411, "target": "797.xyz", "model": "1.xyz", "model_rescale": 4.316132596720782, "target_rescale": 3.8477875336515828},
{"mapping": [6, 0, 5, 11, 8, 4, 9, 10, 3, 2, 12, 13], "R": [[-0.10841611607815364, -0.32736621051235804, -0.9386571844871308], [0.9748819961683937, 0.1497792024150439, -0.1648371440866464], [0.1945534356449581, -0.932950992677907, 0.3029049453872475]], "T": [0.03611265884566562, 0.012539021247664943, -0.03968828542376436], "aligned_model": [[-0.06302613171909449, 0.3917602388265179, 0.11154690247487184, -0.5636434049812179, -0.6781170644367506, -0.4585210471328277, -0.08454391641036427, -0.16929380302197936, 0.5501955096433501, 0.22325478267305396, 0.36866477983287294, -0.03046829111665158], [-0.6177515201234084, -0.36686797286595746, -0.593646556234682, 0.3540871675764236, -0.2684647927829365, -0.0999902132481695, 0.5742020189397987, 0.5962232617441228, 0.083273680431661, -0.238855547811726, 0.5961011215397567, -0.005534219423902675], [0.284517570283931, 0.030469800644229425, -0.4019577201939493, -0.1272372742096634, -0.4861433267958941, 0.45900395328358645, -0.6851059783548324, 0.3629045966902345, -0.5008546228309071, 0.6540512137728891, -0.056312396150855065, -0.08407735492934787]], "inverted": false, "swapped": true, "error_lsq": 0.043100307702218295, "error_max": 0.2211801057121955, "target": "797.xyz", "model": "2.xyz", "model_rescale": 3.795458400668931, "target_rescale": 3.8477875336515828},
{"mapping": [9, 3, 12, 6, 11, 4, 0, 8, 5, 7, 10, 13], "R": [[0.598513893991314, -0.4327416639435149, -0.6741778481875184], [-0.5335187926782428, 0.4124672088351561, -0.738395896179608], [0.5976109240622235, 0.8016267547450835, 0.01599154521493988]], "T": [-0.09249764793184495, -0.013401835931773073, 0.11147315239881314], "aligned_model": [[-0.15668726559557372, -0.35612911693399885, -0.6907476244976338, 0.272369043434513, 0.14564498085236957, 0.1717981196773561, -0.12808322640661035, 0.7323541561708067, 0.35020842995165646, 0.713965701466023, -0.44154495556142587, -0.019844416813916993], [-0.2097323768004531, -0.634698617740213, -0.03362564435045434, 0.06641162557301261, 0.408611229067898, 0.6085755815316638, -0.3101961333692172, 0.013912229863995044, -0.5219542611281893, 0.11221085219854354, 0.5963492375057233, -0.010094677062599668], [-0.7275270515248131, -0.051154390526458676, -0.19364971177224796, 0.7219698453510633, -0.3877465979321294, 0.33353422517511755, 0.5427547738279267, -0.2160673613772954, 0.3345789171384915, 0.37364872453362175, -0.11508752686422433, 0.07351758461004851]], "inverted": true, "swapped": true, "error_lsq": 0.04771625201720178, "error_max": 0.28773832019519185, "target": "797.xyz", "model": "3.xyz", "model_rescale": 3.7530521520055578, "target_rescale": 3.8477875336515828},
{"mapping": [8, 4, 6, 2, 5, 10, 1, 11, 9, 12, 13], "R": [[0.41160318077610736, 0.63228575177122, 0.6563516966399146], [-0.8860806952353629, 0.4460980530261475, 0.12592667953018033], [-0.21317556873668084, -0.6334123895168011, 0.7438715760804476]], "T": [0.092093571939345, 0.0043644178404415035, 0.04910912251784052], "aligned_model": [[-0.5575265308758177, -0.1383715920748212, 0.35131075994684746, 0.5677156533902151, 0.27994665208438413, -0.18727063504664596, -0.13520312760602674, -0.5879885363912571, -0.4311255618152988, 0.14918806324338035, 0.027524457590245396], [-0.5912895764112106, 0.10365448295391702, -0.3492840039074664, 0.21211280315263378, -0.6780723959014696, 0.6687378636214095, -0.6037067612926229, 0.13461734660702876, 0.08812188482203742, 0.52835739600651, -0.04604568133642076], [-0.058591324263414936, -0.6165083140017203, -0.5165262250766499, -0.5077751927984779, 0.10726097853324071, -0.11065226301063738, 0.5719388179996137, -0.018343069970549943, 0.7316146208659179, 0.46574274696894225, 0.04467000199905238]], "inverted": true, "swapped": true, "error_lsq": 0.04716748777756701, "error_max": 0.33196453339052123, "target": "797.xyz", "model": "4.xyz", "model_rescale": 3.7855080009869324, "target_rescale": 3.8477875336515828},
{"mapping": [9, 0, 15, 2, 8, 3, 10, 7, 4, 1, 13, 6, 12, 16], "R": [[0.08876370427088956, 0.3619873285085788, -0.927947293117089], [0.863582181008995, 0.4362604586563197, 0.25278969294005127], [0.4963333773260246, -0.8237972967983085, -0.27388171231380576]], "T": [-0.025578087699027724, 0.07296648867865403, 0.08744038933925721], "aligned_model": [[-0.43996736446039986, -0.33534006432898145, -0.043819300027905184, -0.18392550381945882, 0.03263816809948325, -0.6037266276696126, -0.5988649130225, -0.3539213463191969, -0.06753753652674, 0.2304254936983197, 0.5875401388239402, 0.2859924006800546, 0.5526817497313755, -0.026444311156920884], [-0.3070732427674359, 0.761563616206072, -0.7501272339681624, 0.22063935619908248, -0.44780244359931193, 0.14966000779249927, -0.30763501658687836, 0.2243701526202317, 0.7191498892602567, 0.7379411899875641, -0.27329456049735795, 0.2449393328661872, 0.13532087810638507, 0.04789638912382829], [-0.3493265382967685, -0.10840495044651963, 0.04868360157202175, -0.6188913369657196, 0.5572493512572798, -0.289758464390517, 0.3271255665497602, 0.7436698514481017, 0.44477384891478977, -0.1682444790441254, 0.25790142595541976, 0.6346389270750896, -0.26581978892063596, 0.03992731786395391]], "inverted": true, "swapped": false, "error_lsq": 0.046183333905740295, "error_max": 0.2810463601665605, "target": "797.xyz", "model": "5.xyz", "model_rescale": 4.2253639853439635, "target_rescale": 3.8477875336515828},
{"mapping": [2, 7, 10, 3, 8, 6, 5, 11, 12, 0, 1, 9, 4, 13], "R": [[-0.12339005843710305, -0.18659534560132007, 0.9746574118523965], [-0.9867341268371295, 0.12748782699178085, -0.10051177495140257], [-0.1055019261144362, -0.9741298840343815, -0.19985072583632618]], "T": [-0.03194821051596044, 0.047736297606764136, 0.11859745061283428], "aligned_model": [[-0.31987163162147036, -0.24012870759892138, 0.05597392959935605, -0.19520241229294025, 0.09778650927568108, -0.6079683255093584, -0.47326133731694386, -0.6435554109375242, -0.37658124668008974, 0.47912325983073856, 0.6539691907645775, 0.3487210088917628, 0.3046880562548737, -0.04796189895828455], [-0.3461919972496494, 0.771836343251363, -0.7266210529624832, 0.3364535893826582, -0.3297951771809334, 0.2322059402835689, -0.3935057471142329, 0.16356180825213457, 0.8144259483901293, 0.6444141795478242, -0.21143088778218277, 0.26106483746575665, -0.12836124268074917, 0.06749177313975659], [-0.34193725397266184, -0.12986023302502908, 0.08464358064109889, -0.5082995614474373, 0.7402917192239429, -0.10023980895873288, 0.22484926722910484, 0.5855823243394087, 0.5245023831216755, -0.0421635730421335, 0.08610944365040055, 0.5454209585906962, -0.478543229969061, 0.06316831619085829]], "inverted": true, "swapped": false, "error_lsq": 0.04083976902103522, "error_max": 0.2642401692569896, "target": "797.xyz", "model": "6.xyz", "model_rescale": 3.89814844738969, "target_rescale": 3.8477875336515828},
{"mapping": [8, 7, 5, 11, 3, 6, 4, 9, 10, 2, 0, 12, 13], "R": [[0.32823360296534276, -0.6697303814270368, 0.6661260526942224], [0.6552174463636928, 0.6693897947692576, 0.35015339587017114], [-0.680406349077543, 0.3215253004856189, 0.6585352543961497]], "T": [-0.029908796477135645, 0.10159912770734131, 0.08429442886748865], "aligned_model": [[0.08310994641300243, -0.2049364730061907, 0.39259335633038966, -0.25433166777599375, 0.599988628423337, -0.2931270905968265, -0.6800404651485743, 0.4298132011665381, -0.5432410144393933, -0.5373898619829603, 0.10636070567455519, 0.06763128432400564, -0.01779874847766673], [-0.3235008771405156, 0.19697470469988976, 0.4196403447981476, -0.5364838306871047, 0.19124329127036974, 0.5964204867407132, 0.06713721218806165, -0.6080697185862203, -0.2657793812218145, 0.6599181179319542, 0.607610585311726, -0.09668400835249638, 0.05535433851777487], [-0.6870200949944031, -0.7494720394722648, -0.38976478466245773, -0.07853004975820536, 0.3620571302773566, -0.36075843933664936, -0.20234204896186786, 0.26209528364711493, 0.46702566758299596, 0.18548123589512167, 0.05709051507348854, 0.7187877146628995, 0.01762494088316681]], "inverted": true, "swapped": true, "error_lsq": 0.0453770149192968, "error_max": 0.23754328476080905, "target": "797.xyz", "model": "7.xyz", "model_rescale": 3.7474275329858107, "target_rescale": 3.8477875336515828},
{"mapping": [5, 2, 7, 8, 10, 3, 6, 0, 1, 4, 11, 12, 9, 14], "R": [[0.47096185978188077, 0.5356138488317153, 0.7009370382355813], [0.804562856346005, 0.06504818580572636, -0.5902942856844725], [-0.36176447700009207, 0.8419540002061042, -0.40029979355201994]], "T": [0.018689135342559574, 0.1443836567920277, 0.15309758180200042], "aligned_model": [[-0.285315343553454, -0.3168973212681516, 0.04933826778721202, -0.06378635904338159, 0.03865377046893209, -0.6497851378840427, -0.5706100939429424, -0.5086760936167827, -0.2865294877381673, 0.27713480364811993, 0.5281362520039317, 0.4293882503747345, 0.3629169101008002, 0.031762566364649136], [-0.2774221214411936, 0.8760574428945643, -0.5288153443274628, 0.3093977572774179, -0.4061417110848, 0.13625668977944633, -0.4166753039553779, 0.10061275675187586, 0.6944035453445151, 0.7089393868231371, -0.21030343746904295, 0.2429440505511249, -0.27619213408722576, 0.20248673768598213], [-0.33953070228460935, -0.09312324737313832, 0.05439921557374093, -0.5035442195808515, 0.6744291388332401, -0.10615255884589667, 0.22293567546369292, 0.5457593462014606, 0.5643414685301406, -0.3230415891014857, 0.1868711821419056, 0.6028249486512902, -0.38072231600968587, 0.1480779903723273]], "inverted": false, "swapped": false, "error_lsq": 0.04600857600252052, "error_max": 0.3191945886515061, "target": "797.xyz", "model": "8.xyz", "model_rescale": 4.019505241142653, "target_rescale": 3.8477875336515828},
{"mapping": [4, 11, 8, 7, 6, 5, 1, 2, 0, 12, 9, 3, 13], "R": [[-0.925063590731185, 0.10681606716595428, -0.36448275802666597], [0.24854048383707902, 0.8958910293991555, -0.3682484098216206], [0.2872019864094909, -0.43124191730085787, -0.8553042895748406]], "T": [-0.07396505022861903, -0.10635233745798232, 0.16344471783612388], "aligned_model": [[-0.3770877612552569, -0.5662206020102303, 0.04119367181303664, 0.23433427783453026, 0.2796519492392589, 0.5986241622571897, 0.37398026304834986, -0.0607062513025885, 0.3568738467273707, -0.41385900988754126, -0.33518524468456395, 0.2569576910724927, -0.06885622111087111], [-0.6164567506578634, 0.10642377641165433, 0.15400373292797032, -0.40347734967807386, -0.6758916191225504, -0.04376440563332057, 0.5392330517746594, -0.835179685244148, -0.3262524962572311, 0.17217364060514917, 0.716368307400178, 0.35223845667905485, -0.07604043109142027], [-0.22889364422786376, -0.27976865617449664, -0.677603753084149, -0.5792301527462776, -0.08712289287999711, -0.05586539334404336, -0.11463753711121075, 0.38283204194312104, 0.3668624909020637, 0.671684203570191, 0.12494691257320517, 0.5661152817890752, 0.08738459283426143]], "inverted": false, "swapped": true, "error_lsq": 0.05142718204448601, "error_max": 0.3053103655514345, "target": "797.xyz", "model": "9.xyz", "model_rescale": 3.877068213659057, "target_rescale": 3.8477875336515828},
{"mapping": [2, 8, 13, 7, 6, 9, 14, 10, 11, 1, 3, 12, 4, 15], "R": [[0.5118888153055842, -0.7965062345288396, -0.3217882209182539], [-0.09121427584627378, 0.32207264190732665, -0.9423105481828562], [0.8541954089357338, 0.5117099097061972, 0.09221264371869065]], "T": [-0.003602358869474853, 0.08306940450099005, 0.12210659476883061], "aligned_model": [[-0.3445877735908969, -0.3880823195816967, -0.09685842669186498, 0.021223763895421924, 0.11868424013957483, -0.6515033549557026, -0.6242500461985416, -0.47512926751161094, -0.28975994375390784, 0.47791329883754535, 0.5598688644958973, 0.3424432561560982, 0.36440188212010677, 0.02136681034103379], [-0.17843695133401688, 0.6767434668362932, -0.6824173795931455, 0.3392852065580267, -0.26130968723009274, 0.14044475132155881, -0.3751902238734711, 0.03265625014355959, 0.6109888665907766, 0.6598724876986507, -0.20323775874177663, 0.34584206035600734, -0.11473238059311129, 0.1650396066037023], [-0.38356002540167206, -0.18619391338697, 0.06759251259555044, -0.6525053699086717, 0.6188495906994448, 0.009956370750568433, 0.24175653356433197, 0.6496780759483981, 0.5511405729379765, -0.3118835949821394, 0.1794627752835371, 0.7298879529643607, -0.4103762802349013, 0.14971913174231646]], "inverted": false, "swapped": false, "error_lsq": 0.03675189946425821, "error_max": 0.25324308548824515, "target": "797.xyz", "model": "10.xyz", "model_rescale": 4.260839863003843, "target_rescale": 3.8477875336515828},
{"mapping": [9, 10, 4, 11, 7, 8, 1, 3, 2, 6, 5, 13], "R": [[-0.1919853872700214, 0.040985974681164106, 0.9805415651333782], [0.7571579064810183, -0.6294766414146559, 0.17455962467479874], [0.6243825075449035, 0.7759376958189106, 0.08981746199475082]], "T": [0.17557853287189895, -0.10049087039007149, 0.007380742035202066], "aligned_model": [[0.4007850487932709, 0.09890230554781773, -0.42499961424198995, -0.23557800705237797, -0.557825260773461, -0.47394227329235905, 0.24089879767817798, 0.771283542625751, 0.10668822744035351, -0.2026924312687271, 0.1169520578184475, 0.11842625581922651], [0.05746545960054683, -0.7847180457095522, -0.443694215077692, -0.2655431402697978, 0.27726749442750165, 0.39543582647632286, 0.6504009127404988, 0.23964515749802973, -0.48468846719874836, 0.027940509370169453, 0.5606416171714796, -0.05707460349582467], [-0.8117158050701694, -0.25891620617757355, 0.17332240063142235, -0.5290289387874018, 0.24043696967675976, -0.33987820857850265, -0.34851254537928106, -0.09939933165992412, 0.6609419320035108, 0.6011993688840447, 0.26008055038833205, -0.03235210853571237]], "inverted": true, "swapped": true, "error_lsq": 0.04234831381356403, "error_max": 0.2397036558125596, "target": "797.xyz", "model": "11.xyz", "model_rescale": 3.890672605050136, "target_rescale": 3.8477875336515828},
{"mapping": [10, 9, 4, 12, 0, 11, 2, 1, 6, 5, 3, 8, 7, 13], "R": [[0.2449688818628673, -0.9092301244931691, 0.33658702831956133], [-0.9624850062968087, -0.2698413799183675, -0.028429603190758768], [0.11667415983279802, -0.31699559996613186, -0.9412231032169915]], "T": [-0.1270246290154955, 0.16716026871592118, 0.16900112793839053], "aligned_model": [[-0.5613560000026785, -0.35420722476498107, -0.07387355718940863, 0.008631136221422697, 0.06041861411229599, -0.6709295150906153, -0.6054317489643526, -0.4193115611922555, -0.26443919680066097, 0.29280823205125744, 0.6008705483535904, 0.4806849546039529, 0.5752728769690745, -0.03340657460518452], [-0.2025016564168182, 0.803796627146642, -0.5186131828424367, 0.10004460333243746, -0.1627149087941722, 0.18076706490546995, -0.3491180741785809, -0.06514489517672048, 0.5746298826241218, 0.6414946693754231, -0.3643484755076898, 0.3884247742545386, 0.04858634909586233, 0.08024553692488348], [-0.519654682845279, -0.21687790924035819, 0.03503553337539694, -0.5605364979337721, 0.6214853128726663, 0.08687626022879084, 0.06826665565092019, 0.851570502066581, 0.5525947856589993, -0.2823517572352344, 0.3708184254594473, 0.486683558053688, -0.2997019859302825, 0.05931613239056685]], "inverted": false, "swapped": false, "error_lsq": 0.05224259999135641, "error_max": 0.3189811533563873, "target": "797.xyz", "model": "12.xyz", "model_rescale": 4.124412569039231, "target_rescale": 3.8477875336515828},
{"mapping": [11, 8, 6, 9, 4, 10, 1, 12, 5, 3, 2, 0, 13], "R": [[0.1981893562279411, 0.9571302890581379, -0.21124059469107753], [0.9796894343129283, -0.20014220993884208, 0.01231698406313246], [-0.030489200933597027, -0.20939127385897033, -0.9773564871929531]], "T": [0.16777802345394982, 0.05825471847910353, -0.06671478316178238], "aligned_model": [[-0.1213615767279198, -0.23539523760559994, 0.6860705625556291, -0.6500325553334196, 0.6000251562206106, 0.29269267764797663, -0.5146900019066007, -0.018812742496168045, 0.07050654952858598, -0.21182836207223305, 0.9238137246906204, 0.42167677470629383, 0.12463333830198159], [-0.25499921139334353, 0.4504437007389641, 0.5113385674560538, -0.22056679122449602, -0.05374942709562265, -0.6446730975093109, 0.5366091005597253, -0.4567039004535331, 0.7597956618320248, 0.19555522763784705, 0.03573641373887512, 0.40032600232268745, 0.0883731298986058], [0.4831011540583915, 0.620343051992577, 0.12896856543847424, -0.07234980113549756, 0.48703314526979447, 0.12103225566203428, -0.08012069599140655, -0.4558336672794953, -0.11933595749404677, -0.631521407152831, -0.1527312991108022, -0.3731127045832528, -0.003774558706100259]], "inverted": true, "swapped": true, "error_lsq": 0.04213719627768785, "error_max": 0.31046031663595713, "target": "797.xyz", "model": "13.xyz", "model_rescale": 3.9028299243045295, "target_rescale": 3.8477875336515828},
{"mapping": [9, 3, 14, 7, 12, 6, 11, 1, 2, 4, 13, 5, 10, 15], "R": [[0.7314510257005562, -0.48871482780979403, 0.47553886705552056], [-0.2263595116906763, -0.831856890761809, -0.5067301893110915], [0.6432268406003929, 0.2630055709884098, -0.7190878257628185]], "T": [-0.04068002198316767, 0.2233472966181908, 0.19753416974462934], "aligned_model": [[-0.43346550435574094, -0.2419860166234527, 0.07900536203509811, -0.12303297185191259, 0.09369123616578878, -0.658442551105631, -0.3865821009342615, -0.6100053389005072, -0.3705544877681589, 0.388062508472398, 0.5416333435811436, 0.45340238656634896, 0.39028943882758016, -0.08628432040723608], [-0.19760279546464582, 0.7372092673831561, -0.616786007162379, 0.18768313359210748, -0.1878715886700153, 0.29786920123153865, -0.41745266094936423, 0.04766715505077487, 0.6506153358224753, 0.5945116749758139, -0.30118405781810415, 0.2267306911152676, -0.0467734784707004, 0.18093244410703596], [-0.3214706869537052, -0.09248516885468316, -0.05326872799400889, -0.703894704299649, 0.7425880040827413, -0.04168164410189257, 0.32236947923940773, 0.4567713721647868, 0.6983081996756723, -0.17365327710623923, 0.33328892764881823, 0.3315974378635977, -0.347124156881196, 0.10217927808848057]], "inverted": false, "swapped": false, "error_lsq": 0.04386246650559967, "error_max": 0.27797816333344877, "target": "797.xyz", "model": "14.xyz", "model_rescale": 3.942246331269136, "target_rescale": 3.8477875336515828},
{"mapping": [2, 3, 7, 1, 6, 5, 9, 10, 4, 12, 8, 11, 0, 14], "R": [[-0.7840123720023733, -0.038494100288010896, 0.6195504860705289], [0.30196096044842863, -0.8956778708414548, 0.3264670428235916], [0.5423506051552579, 0.44303426044487215, 0.7138462475630103]], "T": [-0.06203187308044611, 0.1664673571281075, 0.17021460783159129], "aligned_model": [[-0.2660279305028005, -0.35973613347878886, 0.02740742102030161, -0.11495989339442719, 0.05953626910613888, -0.5250808338215267, -0.5898356805383584, -0.49128230828426306, -0.19815983299074402, 0.35789883660789945, 0.6099812293633384, 0.3091142418395192, 0.2487112025073297, -0.03183560373216183], [-0.3249135109039019, 0.7484237420153557, -0.6763467607884894, 0.4696405964026828, -0.2585324456271167, 0.1387901204437745, -0.4109732184317442, 0.20054635295711445, 0.6359103718823469, 0.7168150019157074, -0.2143768940285164, 0.1977531635275766, -0.21309563958409494, 0.14590743496226577], [-0.3771229203242358, -0.12852753839201622, 0.0577669158131795, -0.5794026594682103, 0.5128306375233493, -0.26291261218031103, 0.3603404310708336, 0.7390583490855335, 0.49387555906252967, -0.26435636117132355, 0.2170864841821384, 0.7828995059270974, -0.3775884182365018, 0.07957695968006703]], "inverted": false, "swapped": false, "error_lsq": 0.05120168606006401, "error_max": 0.3508522157230263, "target": "797.xyz", "model": "15.xyz", "model_rescale": 4.355366556412066, "target_rescale": 3.8477875336515828},
{"mapping": [6, 0, 5, 11, 8, 4, 9, 10, 3, 2, 12, 13], "R": [[-0.10841611607815364, -0.32736621051235804, -0.9386571844871308], [0.9748819961683937, 0.1497792024150439, -0.1648371440866464], [0.1945534356449581, -0.932950992677907, 0.3029049453872475]], "T": [0.03611265884566562, 0.012539021247664943, -0.03968828542376436], "aligned_model": [[-0.06302613171909449, 0.3917602388265179, 0.11154690247487184, -0.5636434049812179, -0.6781170644367506, -0.4585210471328277, -0.08454391641036427, -0.16929380302197936, 0.5501955096433501, 0.22325478267305396, 0.36866477983287294, -0.03046829111665158], [-0.6177515201234084, -0.36686797286595746, -0.593646556234682, 0.3540871675764236, -0.2684647927829365, -0.0999902132481695, 0.5742020189397987, 0.5962232617441228, 0.083273680431661, -0.238855547811726, 0.5961011215397567, -0.005534219423902675], [0.284517570283931, 0.030469800644229425, -0.4019577201939493, -0.1272372742096634, -0.4861433267958941, 0.45900395328358645, -0.6851059783548324, 0.3629045966902345, -0.5008546228309071, 0.6540512137728891, -0.056312396150855065, -0.08407735492934787]], "inverted": false, "swapped": true, "error_lsq": 0.043100307702218295, "error_max": 0.2211801057121955, "target": "797.xyz", "model": "16.xyz", "model_rescale": 3.795458400668931, "target_rescale": 3.8477875336515828},
{"mapping": [8, 7, 5, 11, 3, 6, 4, 9, 10, 2, 0, 12, 13], "R": [[0.32823360296534276, -0.6697303814270368, 0.6661260526942224], [0.6552174463636928, 0.6693897947692576, 0.35015339587017114], [-0.680406349077543, 0.3215253004856189, 0.6585352543961497]], "T": [-0.029908796477135645, 0.10159912770734131, 0.08429442886748865], "aligned_model": [[0.08310994641300243, -0.2049364730061907, 0.39259335633038966, -0.25433166777599375, 0.599988628423337, -0.2931270905968265, -0.6800404651485743, 0.4298132011665381, -0.5432410144393933, -0.5373898619829603, 0.10636070567455519, 0.06763128432400564, -0.01779874847766673], [-0.3235008771405156, 0.19697470469988976, 0.4196403447981476, -0.5364838306871047, 0.19124329127036974, 0.5964204867407132, 0.06713721218806165, -0.6080697185862203, -0.2657793812218145, 0.6599181179319542, 0.607610585311726, -0.09668400835249638, 0.05535433851777487], [-0.6870200949944031, -0.7494720394722648, -0.38976478466245773, -0.07853004975820536, 0.3620571302773566, -0.36075843933664936, -0.20234204896186786, 0.26209528364711493, 0.46702566758299596, 0.18548123589512167, 0.05709051507348854, 0.7187877146628995, 0.01762494088316681]], "inverted": true, "swapped": true, "error_lsq": 0.0453770149192968, "error_max": 0.23754328476080905, "target": "797.xyz", "model": "17.xyz", "model_rescale": 3.7474275329858107, "target_rescale": 3.8477875336515828},
{"mapping": [7, 6, 11, 2, 10, 9, 12, 5, 4, 0, 3, 8, 1, 13], "R": [[-0.18424498972035447, -0.2634942587562645, -0.9469026134536928], [0.6779502072999339, -0.731605671566017, 0.07167048035568346], [-0.7116440825194316, -0.6287478961673943, 0.3134306667831856]], "T": [-0.053486800289413196, 0.027363936740152917, 0.07462897203867772], "aligned_model": [[-0.39779479080466024, -0.3891925322848426, 0.1114176168907538, -0.07150623570002618, 0.02019118765082375, -0.6728546321315831, -0.6749185755464742, -0.4207970884770853, -0.19553386478170898, 0.42225238420528, 0.5594339798619413, 0.3516569679660676, 0.42979942130815596, -0.036422854455185075], [-0.41400046458635914, 0.6831187402073704, -0.6730326614890013, 0.3578482186996126, -0.3359176714733473, 0.27214868635630024, -0.3501342588770931, 0.09211785826804136, 0.7535195933571498, 0.6833190931386144, -0.21182848450353978, 0.31352510747132856, -0.12395817637431403, 0.10882273454819806], [-0.4294233614995566, -0.1540325916212781, 0.011479940458196003, -0.5532947200887223, 0.6568981517917778, 0.009913586769294547, 0.24942766860155532, 0.6943950718767884, 0.45112122408759514, -0.13161712346730628, 0.24107501190586442, 0.5950372373729365, -0.39659757953306307, 0.009141815918048343]], "inverted": false, "swapped": false, "error_lsq": 0.04016572725799789, "error_max": 0.26071537550064083, "target": "797.xyz", "model": "18.xyz", "model_rescale": 3.922800546911778, "target_rescale": 3.8477875336515828},
{"mapping": [13, 5, 11, 12, 10, 8, 4, 6, 1, 0, 9, 2, 7, 14], "R": [[-0.5648728563031244, -0.7755594371395499, 0.2818265702089398], [0.7371162131907526, -0.32073024704093345, 0.594803998712506], [-0.3709155489640124, 0.5437275679022047, 0.7528492461574754]], "T": [-0.11710712608686884, 0.13624908189924748, 0.06282471016143397], "aligned_model": [[-0.40220909712408265, -0.2675722758989307, 0.027373936710143085, -0.08877832004600365, 0.04658520146987759, -0.7087789073214363, -0.4944339987268154, -0.5453018102286697, -0.22039662157941214, 0.3426812440202096, 0.617835064865075, 0.41551657378202606, 0.36080802177943866, -0.047598027999962725], [-0.33935263624582845, 0.8054777035460616, -0.5607225148174773, 0.2690841713997353, -0.34261007439799485, 0.25797175147859225, -0.4230511481944379, 0.09516380831016091, 0.6604392819188457, 0.8333119571957325, -0.15799313155826403, 0.2181541509181969, -0.25357094469585606, 0.09324593988549393], [-0.3425561214381038, -0.2718796531899482, 0.03834147851220364, -0.7118793380480805, 0.6909165645845384, -0.03463681569780193, 0.32488352587476443, 0.6020177040698534, 0.5752102469012557, 0.029051373421465118, 0.2526264006000719, 0.534770169716621, -0.44496311695140023, 0.011621914216691488]], "inverted": true, "swapped": false, "error_lsq": 0.03972447504166259, "error_max": 0.30134531375853735, "target": "797.xyz", "model": "19.xyz", "model_rescale": 3.9282355846067225, "target_rescale": 3.8477875336515828},
{"mapping": [5, 12, 3, 2, 4, 7, 6, 8, 9, 10, 0, 11, 1, 13], "R": [[-0.5854321002349421, -0.7480464699435208, 0.3125631693266856], [0.4866693131086544, -0.0159164814269645, 0.8734412660833787], [-0.6483997499173293, 0.6634554577543413, 0.3733692808509052]], "T": [-0.17655223416407645, 0.07139477248077754, 0.1268941183728814], "aligned_model": [[-0.330434766262317, -0.3661269334261752, 0.0958212942201015, -0.02878495397746439, 0.06047662671613524, -0.6278867898799874, -0.6567714938280156, -0.4719329340166325, -0.24165297099814226, 0.36391805106522507, 0.5889313379223171, 0.35963213344098227, 0.32861444844707705, -0.03807206572164748], [-0.3888053249396234, 0.897509527522782, -0.6288838216024585, 0.2019598049700458, -0.24408033009470131, 0.3289311451377308, -0.3715855264945076, 0.07083703988934982, 0.6209517236345953, 0.6580571613918565, -0.14324070170980008, 0.3114088232154647, -0.21856318287752013, 0.06105197669974646], [-0.37532713655155864, 0.06063560820898642, 0.08473227726131957, -0.6730020083568367, 0.6205140366345255, -0.2167189080900901, 0.1254900440695091, 0.8278730839753852, 0.5418325195120948, -0.19861081432825056, 0.21724622007328195, 0.5370925468338457, -0.3445205644814928, 0.04628742781141029]], "inverted": false, "swapped": false, "error_lsq": 0.04738431905219, "error_max": 0.30057790258205896, "target": "797.xyz", "model": "20.xyz", "model_rescale": 4.067790424073018, "target_rescale": 3.8477875336515828},
{"mapping": [5, 7, 6, 8, 11, 1, 13, 10, 9, 0, 3, 12, 2, 14], "R": [[0.21630750493660672, -0.854471719977296, -0.4723231341646741], [0.6823777250760654, 0.47830842669491985, -0.5527944367236736], [0.6982633483350769, -0.20272920044155285, 0.6865341707884722]], "T": [-0.04610966024302801, 0.0125912300757368, -0.0014721401946475726], "aligned_model": [[-0.49247326698514693, -0.20499962230139834, 0.2021931543273363, -0.24823181872640845, 0.06808380595387703, -0.7648959315333362, -0.5729565469449986, -0.5277481578463108, -0.31412191941336753, 0.4254065093119783, 0.7318985923937897, 0.24493045074405692, 0.5676318690068591, -0.07898613428547344], [-0.20125874767338015, 0.7206928663690017, -0.6764857440023953, 0.2568875648158309, -0.2938966565672807, 0.4082911233243268, -0.32755010600431533, 0.10359392147632156, 0.5912145451893684, 0.4850258501970044, -0.14373476524234463, 0.3255235628312968, -0.12286580106453716, 0.030110701094063278], [-0.3231767227712015, -0.17470611447416456, -0.10671252582265507, -0.47542765562582, 0.5562529548102131, 0.007071393409673804, 0.3097508257627435, 0.6550563735334087, 0.44284124876658043, -0.24423964436274392, 0.3051389467993426, 0.6344389194752371, -0.3998371230026304, 0.06707345607414618]], "inverted": false, "swapped": false, "error_lsq": 0.04868229125536304, "error_max": 0.38577537411871066, "target": "797.xyz", "model": "21.xyz", "model_rescale": 4.186013935880536, "target_rescale": 3.8477875336515828},
{"mapping": [9, 1, 3, 10, 4, 12, 11, 8, 0, 5, 7, 2, 13], "R": [[-0.5157876244742063, 0.5898013756312389, 0.6213674144519918], [0.8479276416504594, 0.24782498261012398, 0.4686165730310677], [0.12240033073625806, 0.7685812353276589, -0.6279339485470306]], "T": [0.13608122816250162, -0.0011124066197832974, 0.04749632853464217], "aligned_model": [[0.04105773096657561, -0.3747774529599635, 0.3297586347413828, 0.47597433249094884, -0.04783752555505061, 0.6696219667722352, -0.15992023037183273, -0.7301499878899724, 0.22861270114693896, -0.29043166935054937, -0.6033106625956874, 0.4617280716371508, 0.058248126391049315], [-0.467954623832895, 0.1734633110203635, 0.29326336169760214, -0.616559636772216, -0.2535365702733506, -0.2549964307741246, -0.6307209579639886, -0.18407521680227282, 0.509967684854313, 0.5493157845083327, 0.1663411444812593, 0.25879547145514314, -0.024346662052072733], [-0.6733477667354045, -0.5875721447234004, -0.5506599465808971, 0.2725685845713134, 0.6866169856002433, -0.27233047092227014, 0.049368870913104795, -0.020160419190843187, 0.12227661989175537, -0.09216747312734172, 0.4476920957164636, 0.6845975174037201, 0.0359971085189024]], "inverted": true, "swapped": true, "error_lsq": 0.039161691568255025, "error_max": 0.252006761376877, "target": "797.xyz", "model": "22.xyz", "model_rescale": 4.166573947596378, "target_rescale": 3.8477875336515828},
{"mapping": [4, 6, 8, 1, 9, 2, 3, 11, 12, 5, 10, 14, 7, 15], "R": [[0.5213216765369988, -0.39821338175764986, -0.7547514903342617], [-0.32597152554648334, -0.9103031565596953, 0.255128845273037], [-0.788648384329513, 0.11302329736205295, -0.6043669912791878]], "T": [-0.060957674973205166, 0.06312332621740338, 0.12053503275733826], "aligned_model": [[-0.42563141217614175, -0.29207077517455265, 0.03625967789238777, -0.22934372704065017, -0.03108804614169821, -0.6582394848095218, -0.5577520782765493, -0.5888543030617562, -0.1764577581841827, 0.4115343954019015, 0.673040523548014, 0.41409003751574225, 0.5200958956572558, -0.05985196144879158], [-0.3607475080189161, 0.7559193266448919, -0.7241303696008657, 0.3338572423305345, -0.3030286961070645, 0.2491972541595681, -0.2619709541883183, 0.11227349991119172, 0.5419360386794583, 0.4989675272191023, -0.029691639087781843, 0.31778462658223694, -0.07185853579346746, 0.0970405020123906], [-0.3561200780333087, -0.09330619028878281, -0.037134066762728984, -0.5169979820758774, 0.5953925567613961, -0.12733624869317559, 0.21506376759508278, 0.7044894298681161, 0.5527149401942802, -0.4065826553230196, 0.2370393669560317, 0.6997198531521378, -0.2738585430471948, 0.06044018226917294]], "inverted": true, "swapped": false, "error_lsq": 0.04430065752131828, "error_max": 0.3251188183590071, "target": "797.xyz", "model": "23.xyz", "model_rescale": 4.274766983524099, "target_rescale": 3.8477875336515828},
{"mapping": [0, 4, 10, 12, 11, 9, 3, 1, 5, 8, 13], "R": [[-0.9649976533301423, -0.24230189677524488, 0.10034600084924754], [0.12245900133868243, -0.07795900393462163, 0.9894069873902522], [-0.23191231545230884, 0.9670636920723684, 0.10490230415443019]], "T": [0.013829668334056938, 0.07306751349338736, -0.15357057109809333], "aligned_model": [[0.4275457426450302, 0.1155071435279407, -0.5568885053831121, -0.5372874968447592, -0.38537435399493647, -0.5994080670690287, -0.04199716246557894, 0.13877167169644358, 0.5980101991346325, 0.19825410028209528, 0.022761432429348347], [-0.20405894556938914, 0.7302248407660951, 0.38851777888579386, -0.27061401506151866, 0.5691175180035435, -0.10321061265003265, -0.5847298322922428, -0.18740740440278436, -0.10604268094689756, 0.5662912941262755, 0.11749859038464065], [-0.3190908445190235, -0.4062071062690278, -0.4995937381874759, -0.3255149699696556, 0.12678249090941898, 0.4290552372888593, 0.06124324850371379, 0.6282910227513769, 0.20842814231032095, 0.5613610873177693, -0.08518813611469926]], "inverted": false, "swapped": true, "error_lsq": 0.05449558382777626, "error_max": 0.32672161941204025, "target": "797.xyz", "model": "24.xyz", "model_rescale": 3.7841303162186577, "target_rescale": 3.8477875336515828},
{"mapping": [6, 7, 5, 11, 2, 6, 4, 1, 0, 10, 12, 9, 13, 15], "R": [[-0.6096014124861523, 0.6694127342752277, 0.42458533781214325], [0.2516188294731758, 0.6713167467203103, -0.6971526305102836], [-0.7517140962822483, -0.31815156256574106, -0.5776724856590805]], "T": [-0.0018052789721584583, 0.16513499741232768, 0.14876995996954118], "aligned_model": [[-0.5806788214783916, -0.29168713854501505, 0.08918326083362896, -0.03706186341024867, 0.1361842126633926, -0.5806788214783916, -0.4814036663955976, -0.5817683809945057, -0.42171175488957713, 0.3733905584090582, 0.5455131764074904, 0.5069377031284725, 0.4083861213587662, -0.048873601907624034], [-0.0034814218217872617, 0.6859216739805658, -0.7047435877951287, 0.32706143328109094, -0.32476795095736233, -0.0034814218217872617, -0.3892204630536393, 0.19782575260877816, 0.703327625109814, 0.8378804685209629, -0.35763964429984935, 0.14747366266500736, -0.10010962879668917, 0.13950181712298576], [-0.24935109849632114, -0.1111440740875897, 0.21488408905832224, -0.6008728695054597, 0.7053191754968555, -0.24935109849632114, 0.2879811415993151, 0.6131087464396207, 0.4232826123669902, 0.03969787375209016, 0.10059228036916856, 0.43688341669175673, -0.4622851117161742, 0.10477924909987693]], "inverted": false, "swapped": false, "error_lsq": 0.0525685693975076, "error_max": 0.29981412280056435, "target": "797.xyz", "model": "25.xyz", "model_rescale": 4.19342608120988, "target_rescale": 3.8477875336515828},
{"mapping": [6, 0, 5, 11, 8, 4, 9, 10, 3, 2, 12, 13], "R": [[-0.10841611607815364, -0.32736621051235804, -0.9386571844871308], [0.9748819961683937, 0.1497792024150439, -0.1648371440866464], [0.1945534356449581, -0.932950992677907, 0.3029049453872475]], "T": [0.03611265884566562, 0.012539021247664943, -0.03968828542376436], "aligned_model": [[-0.06302613171909449, 0.3917602388265179, 0.11154690247487184, -0.5636434049812179, -0.6781170644367506, -0.4585210471328277, -0.08454391641036427, -0.16929380302197936, 0.5501955096433501, 0.22325478267305396, 0.36866477983287294, -0.03046829111665158], [-0.6177515201234084, -0.36686797286595746, -0.593646556234682, 0.3540871675764236, -0.2684647927829365, -0.0999902132481695, 0.5742020189397987, 0.5962232617441228, 0.083273680431661, -0.238855547811726, 0.5961011215397567, -0.005534219423902675], [0.284517570283931, 0.030469800644229425, -0.4019577201939493, -0.1272372742096634, -0.4861433267958941, 0.45900395328358645, -0.6851059783548324, 0.3629045966902345, -0.5008546228309071, 0.6540512137728891, -0.056312396150855065, -0.08407735492934787]], "inverted": false, "swapped": true, "error_lsq": 0.043100307702218295, "error_max": 0.2211801057121955, "target": "797.xyz", "model": "26.xyz", "model_rescale": 3.795458400668931, "target_rescale": 3.8477875336515828},
{"mapping": [2, 4, 10, 12, 9, 5, 6, 3, 7, 11, 1, 8, 13], "R": [[0.6341091318145363, -0.3033081354540913, 0.7112733538638839], [0.2163410443007679, 0.9527117110666158, 0.21339388029504128], [-0.7423625539453537, 0.018562611989798555, 0.6697411947430499]], "T": [-0.12198188112215078, -0.18493013877987907, -0.1664235625124577], "aligned_model": [[0.07563710830959794, 0.4519704530280516, 0.5250821676469996, -0.07836915919938461, -0.19058290521000865, -0.6714179705407366, -0.1443360137396258, -0.7040298129037253, -0.06159154480057491, 0.36126172890219743, -0.6760028139972227, -0.07254837886916363, -0.11539647580514772], [-0.9078002313162884, -0.34584483405621924, -0.20391392938211853, -0.1642353386333427, 0.5633328142849194, -0.13502973059168122, -0.5860924193589984, -0.07709104339023334, -0.09093338463638033, 0.31355678471930415, 0.41889913567262627, 0.4573382190458163, -0.12030453910048916], [-0.03262722122771533, 0.22178316027946304, -0.521258550069508, -0.836559112130038, -0.5930191356755352, 0.2808127908123687, 0.42583754595839496, -0.5291216392457143, 0.6835266298253164, -0.12154931303554217, -0.0140547591291737, 0.44468774525176613, -0.11632147951465671]], "inverted": false, "swapped": true, "error_lsq": 0.060372512259617116, "error_max": 0.4788299238881615, "target": "797.xyz", "model": "27.xyz", "model_rescale": 3.6321398670334006, "target_rescale": 3.8477875336515828},
