[{"mapping": [10, 9, 11, 12, 14, 7, 13, 4, 5, 2, 3, 1, 8, 15], "R": [[0.8825609327167001, 0.38571144993069684, 0.26891053797608533], [-0.4294220112024054, 0.42823718790785104, 0.7951161218260241], [0.19152789963112213, -0.8172145301480727, 0.5435783985569657]], "T": [-0.08520716782244896, 0.09975772405322571, 0.08618280601789091], "aligned_model": [[0.07429318608943329, 0.27749061805282943, -0.4220988593057399, -0.294297301590999, -0.6596953232642335, -0.24741548228263766, -0.8092022454677315, -0.12564631374720175, -0.33023353128052896, 0.4706316302188377, 0.7196214930134582, 0.27432366673403685, 0.5150868679120153, -0.0713663039532352], [-0.6114049062725693, -0.34956260124032634, -0.45922270588240033, -0.2915256954552224, 0.24221398198929978, 0.3786226748831514, 0.09674964446642358, 0.5397484584148045, 0.8276455535287275, -0.06935849951421506, 0.3867069655395133, 0.6536926188612718, -0.20388600104026022, 0.0948538435318364], [0.5841201778829918, -0.4321281287687752, 0.20688521034397572, -0.38152430951477645, 0.4490816299560371, -0.4457354025381261, -0.12661499840671883, 0.6060867741625322, 0.09127259449876235, 0.6879275924521144, 0.35698100259062954, 0.004651000848576503, 0.13098057683441094, 0.16560436683819957]], "inverted": true, "swapped": true, "error_lsq": 0.04809324391836661, "error_max": 0.3150483794592675, "target": "799.xyz", "model": "0.xyz", "model_rescale": 3.8414455957264533, "target_rescale": 4.249347843269853},
{"mapping": [1, 5, 2, 14, 4, 6, 10, 3, 9, 8, 11, 7, 12, 0, 15], "R": [[0.45197776826554337, -0.41581828294414236, -0.7891839155501615], [-0.19847730547385972, 0.815650513351298, -0.5434344480078537], [0.8696682449104, 0.4022553860909132, 0.286125406343644]], "T": [-0.02399627895590632, 0.09493302846087207, -0.16593353320673818], "aligned_model": [[-0.5680726238850922, -0.7580855405990561, 0.15810803546333893, -0.18245242402630832, -0.46625060097448323, 0.21440450889736618, 0.6898149569657263, -0.29038987345482564, 0.43605310956190485, 0.29520781972407745, 0.5256170627055272, -0.3056434508474037, 0.3628711308153565, -0.22020092064368627, -0.018937036197897637], [0.17540015106600385, 0.09325249021576618, -0.5109301644486308, -0.2637627504997869, -0.4236181898411403, -0.5523449694728111, -0.4057873643286012, -0.18055192005615764, 0.6097101615710563, 0.045378206332561094, -0.024867587289608944, 0.6286015185771957, 0.5630783279334343, 0.5780777496520155, 0.015408868631718753], [0.20857907940490664, -0.39175348087799833, 0.3812608240648476, -0.7388689316845919, -0.19822990441306776, -0.34872048277389156, -0.028503974207844174, 0.6443523420928615, 0.1882468263156504, 0.42585388165342875, -0.5182078444829737, -0.3172180066246002, -0.3821392921033998, 0.3932842255286382, -0.15275347455243113]], "inverted": true, "swapped": true, "error_lsq": 0.04506721914772113, "error_max": 0.30258243332405677, "target": "799.xyz", "model": "1.xyz", "model_rescale": 4.316132596720782, "target_rescale": 4.249347843269853},
{"mapping": [5, 0, 7, 6, 14, 4, 11, 2, 9, 3, 8, 15], "R": [[-0.5383756891058997, -0.7688115851307925, 0.34508022827804236], [-0.7106447870920561, 0.6342814401463359, 0.30441918675532975], [-0.45291898167181494, -0.0813375759078693, -0.8878336526550443]], "T": [-0.038706779023588295, -0.05404171566560477, -0.1847110659127044], "aligned_model": [[-0.33703369075369893, 0.6443472549015998, 0.18112106704331768, -0.5741622048017018, -0.7124983851923695, -0.5143072396875672, -0.2548825339071945, -0.060422982149531054, 0.6561825461620397, 0.26407555630741675, 0.39044232467852724, -0.08505315796905757], [-0.7212487472848801, -0.2998999920061399, -0.5912546831634135, 0.4113605322564259, -0.16597618250420038, -0.1722610599851203, 0.3613980562172471, 0.5458036976112122, 0.16949150687052184, 0.08540013410737816, 0.3969924930935111, -0.007029327471561597], [0.0513405126251201, 0.055373251386664685, -0.4085237651069591, -0.10787978436629925, -0.3092162030508816, 0.29000537090466993, -0.6550322776287133, 0.39784171382061906, -0.4478581500421651, 0.6473343244975275, 0.07405228295621394, -0.1381788147863758]], "inverted": false, "swapped": true, "error_lsq": 0.04806165259788991, "error_max": 0.24895124857731654, "target": "799.xyz", "model": "2.xyz", "model_rescale": 3.795458400668931, "target_rescale": 4.249347843269853},
{"mapping": [11, 12, 13, 1, 6, 4, 7, 8, 0, 3, 14, 15], "R": [[-0.9465379916322448, -0.08009956359649797, -0.3124898243278444], [0.1877404153858403, 0.6509618015293622, -0.7355285646257387], [0.2623344560433278, -0.7548726997721523, -0.6011221509070793]], "T": [0.03860772723197864, -0.02384941471403695, 0.03186997675934099], "aligned_model": [[-0.1779140347954666, -0.24531149625250692, -0.7098307827418568, 0.28845843909847146, 0.0904001573066553, 0.09428544385762702, -0.30199942646396627, 0.6594280897777491, 0.3966944128617313, 0.8453103930811539, -0.4212748826832856, 0.07505751269725916], [-0.05809494234609197, -0.5483537161723947, -0.05710076521448554, 0.03857787156616044, 0.49958970822726007, 0.6208920514520111, -0.3570067261632843, -0.2325873160479796, -0.49811197253128064, 0.1534550722184106, 0.48213774037768536, 0.042372039923698854], [-0.594604103835635, -0.2127858153836391, -0.05865610259558944, 0.6454098529243287, -0.4503580190596166, 0.24805448271922237, 0.43187891585182075, -0.1280357685795543, 0.5130129249016364, 0.3800288939006068, -0.08859149659813273, 0.003417666393652246]], "inverted": false, "swapped": true, "error_lsq": 0.04053355059775297, "error_max": 0.19465505376180076, "target": "799.xyz", "model": "3.xyz", "model_rescale": 3.7530521520055578, "target_rescale": 4.249347843269853},
{"mapping": [3, 5, 4, 14, 2, 7, 8, 0, 9, 11, 15], "R": [[-0.2471383701762494, -0.965752296327486, -0.07902612305317508], [-0.750526461063854, 0.2423689738329306, -0.6147904616746587], [0.6128887804729297, -0.09262711623148284, -0.7847213264013188]], "T": [0.01537349791419388, 0.08587030139283726, 0.02823745080890814], "aligned_model": [[-0.39405563914138075, -0.100667257061997, 0.24057702548698404, 0.5677784930711501, 0.15847523832129362, -0.3604112571321574, -0.2081830479954618, -0.7399521725416368, -0.4024415853547159, 0.5128486840632642, 0.06423112072986265], [-0.7061193241652186, 0.21666203636245146, -0.26350147799057355, 0.2534150590938652, -0.7184089032394898, 0.5470472579433417, -0.36611123917513233, -0.0029502560599787148, 0.19814039939865957, 0.28670316382071204, 0.02232664232570944], [-0.06417963904930904, -0.7196345852260159, -0.5128263512319882, -0.35751306192735555, 0.20798924459944354, -0.15374005136211052, 0.4757801182316887, 0.10725406199881249, 0.6723730304867568, 0.419017189007503, 0.01831082171789102]], "inverted": true, "swapped": true, "error_lsq": 0.04636330101419362, "error_max": 0.210841513971302, "target": "799.xyz", "model": "4.xyz", "model_rescale": 3.7855080009869324, "target_rescale": 4.249347843269853},
{"mapping": [5, 3, 1, 0, 2, 9, 12, 10, 4, 7, 11, 13, 8, 15, 14, 16], "R": [[-0.9849616415717553, -0.17243796123578026, 0.010757051506856422], [-0.11715639566864254, 0.6208401224185316, -0.7751334861488539], [0.1269840288627121, -0.7647370083369776, -0.6317059161457994]], "T": [-0.07810838660156497, 0.05046042559082149, 0.026715252740094203], "aligned_model": [[-0.3495079873667777, 0.07543135146633273, -0.6434377492495749, -0.5957462955336839, 0.057930759809249915, 0.49170439039899894, -0.1045350833034048, 0.2810227971150483, -0.7928778976893847, -0.3949140597357621, -0.4848840194256049, 0.0839104152839687, 0.22898956004464724, 0.698163800586021, 0.4081982901966339, -0.0382093834952244], [-0.6787369822319907, -0.35655231580154595, 0.3633565716005155, -0.18685477227713498, 0.15111688949596058, -0.1703804371043779, 0.7149171461982265, -0.5604120578944017, -0.13336554658409516, -0.4945359788110906, 0.6870231588782291, 0.5710710825113863, -0.049368919814341536, 0.06890213539976497, 0.42264896768204707, 0.06728676996733966], [-0.19625703645360332, -0.5147483033535284, -0.36774976792668823, -0.506394844160902, -0.6924143006066041, -0.3386020501350754, -0.11772905885172621, 0.196491210629262, 0.07481246511850642, 0.43166285001026494, 0.2752262171473149, 0.5037709000305469, 0.6520430283308456, 0.30308366885195803, -0.2608241424223243, -0.005091914405506791]], "inverted": true, "swapped": false, "error_lsq": 0.031335595307374786, "error_max": 0.18564928019609953, "target": "799.xyz", "model": "5.xyz", "model_rescale": 4.2253639853439635, "target_rescale": 4.249347843269853},
{"mapping": [11, 2, 0, 9, 8, 1, 7, 12, 4, 6, 3, 5, 13, 15], "R": [[-0.5019548359412831, -0.4662017913206403, -0.7284896927510958], [-0.421554829177034, -0.6035886120884146, 0.6767365169360252], [-0.7552038590160153, 0.6467895153190161, 0.10644460625466712]], "T": [0.12113908609621618, -0.010486740909986202, 0.052633764334520286], "aligned_model": [[0.698434631091834, -0.3055508782902202, -0.3950502765200843, 0.13491122131729535, -0.2042636559361041, -0.4762028952742555, 0.15596917262262708, 0.5647294315855151, -0.15139525046706062, 0.3278962830420239, -0.7295370813116474, -0.08885760552347746, 0.739236447569464, 0.10374260885187375], [-0.031312134327563815, 0.14615199590306052, -0.5251893425499937, -0.7753139146254651, -0.3692455044990763, 0.02900894881621584, -0.22853796551474037, -0.4672939864550441, 0.6150102596670644, 0.4551539958766744, -0.007327254317820119, 0.4323882495402011, 0.12822530620462916, 0.0433804929168487], [-0.27420007719478595, -0.6495441582064689, 0.28345698350126813, -0.0774984236821485, -0.416369952519646, 0.3431098764719939, 0.6342304520793567, 0.15326224016360082, 0.05021620299361498, -0.4470110864805877, -0.22978574562940912, 0.6439438770311985, 0.4627257616844023, -0.0049777412809409866]], "inverted": true, "swapped": true, "error_lsq": 0.04334778907441923, "error_max": 0.23177933484530566, "target": "799.xyz", "model": "6.xyz", "model_rescale": 3.89814844738969, "target_rescale": 4.249347843269853},
{"mapping": [8, 2, 6, 0, 11, 4, 1, 12, 7, 5, 14, 13, 15], "R": [[0.16569821413748326, -0.7061391260816734, -0.6884124028867141], [-0.4328320601561737, -0.6793077846104352, 0.5926190525697139], [-0.8861154041842471, 0.1997710399038694, -0.4181997394584499]], "T": [-0.037415569091365314, 0.0038828644831668258, -0.035778252190504234], "aligned_model": [[0.06588397212792244, 0.08648992523333404, 0.39348686343547634, -0.5181406876965471, 0.610532624707537, -0.3080561755480278, -0.678574342133295, 0.2782804675453352, -0.3685263750374973, -0.6302819165756648, 0.09533752007253316, 0.1407753240921488, -0.018575399319032654], [-0.3626502671948278, 0.1505794898295103, 0.5123388295667781, -0.5716709928335542, 0.05836412863510115, 0.5975896562808629, -0.03230191513869107, -0.4095893148740862, -0.2379345779455286, 0.39320566969194676, 0.6227522846420994, 0.18462853312919958, 0.058469741681675264], [-0.5921431949783789, -0.8498921158917748, -0.29074969451985067, -0.18507896347344788, 0.09733498254119058, -0.23526061845320548, -0.2100189288769096, 0.34494226694512764, 0.4320936719487654, 0.25887707934079696, 0.24953427941883788, 0.674883295536326, -0.09224702870118136]], "inverted": true, "swapped": true, "error_lsq": 0.04506141913918528, "error_max": 0.2314922016050816, "target": "799.xyz", "model": "7.xyz", "model_rescale": 3.7474275329858107, "target_rescale": 4.249347843269853},
{"mapping": [12, 9, 0, 7, 3, 5, 13, 14, 1, 4, 11, 6, 10, 2, 15], "R": [[-0.8160020529618328, -0.2728024073580024, -0.5096268204301583], [-0.5411429875619862, 0.6704870109288079, 0.5075543667315264], [0.20323611040994238, 0.6899463853919602, -0.6947438871339615]], "T": [-0.0477547489067592, -0.0827601251031751, -0.03209118604422247], "aligned_model": [[-0.4145382180725282, 0.11516621918674794, 0.4162594753273069, -0.267909693231506, 0.8330598863767015, -0.1575813348821478, -0.7898383324443093, -0.49987144922370436, 0.37619005135244626, 0.09821234175507518, -0.4425363508706028, -0.11911345329045739, 0.08845123618338896, 0.5847707431379584, -0.018567398965622442], [0.08546599222067658, 0.16719434736848685, -0.41575541201996097, -0.5533839579322581, -0.17951044649561854, -0.772952353121305, -0.21965002029726702, -0.1253132422324475, -0.5950533016332495, -0.29692100112890807, 0.45077356561207393, 0.37230160196301826, 0.7739157851275614, 0.34526106048323707, -0.04725465593444633], [-0.534824917295993, -0.7483761737181568, -0.5404754140837836, -0.3742303202242603, 0.1029112485280708, 0.2864324809433172, -0.037916836493080794, 0.4930808849009517, -0.00800319005119933, 0.599063339062997, -0.02841819350211912, 0.5129240165495917, 0.13127524387883255, 0.3090293514278777, 0.03432313577321562]], "inverted": false, "swapped": true, "error_lsq": 0.03744476687973801, "error_max": 0.24249378818961345, "target": "799.xyz", "model": "8.xyz", "model_rescale": 4.019505241142653, "target_rescale": 4.249347843269853},
{"mapping": [8, 12, 6, 2, 3, 4, 14, 0, 1, 7, 13, 5, 15], "R": [[0.05865561580449538, 0.2807089092361938, -0.9579989702551993], [0.8714116453573852, 0.45379056152783637, 0.18632195416478955], [0.48703312317554986, -0.8457402878801965, -0.21799564763130547]], "T": [-0.10208194093415492, -0.023772578102603012, -0.03263098088799126], "aligned_model": [[-0.2128446709875062, -0.7289469685608237, 0.19669014572994747, 0.28404208650965634, 0.3678550554219527, 0.5714769734310765, 0.20498761129787757, -0.2663554431780257, 0.24206236166267914, -0.32503193746210374, -0.3319711408064, 0.3630519053185847, -0.045315206635738965], [-0.6256251360372166, 0.12367647895257815, 0.20609502709323974, -0.519980892673221, -0.7870363920421506, 0.0837668913299176, 0.5891654871935164, -0.6144037712954915, -0.37201811647980926, 0.09173490075157663, 0.6740884782164989, 0.24345042034427528, -0.029535147239654683], [-0.31558751029814525, -0.0031291664757174473, -0.6385277835714758, -0.5843006270205495, -0.03550735808494956, -0.04939279263411036, -0.1423633862512763, 0.4243357518265392, 0.41797246775345026, 0.5365486920201108, 0.13942054749993127, 0.5170297246440863, -0.08979506536401435]], "inverted": false, "swapped": true, "error_lsq": 0.043343923176468735, "error_max": 0.26362294439797473, "target": "799.xyz", "model": "9.xyz", "model_rescale": 3.877068213659057, "target_rescale": 4.249347843269853},
{"mapping": [12, 5, 13, 3, 4, 1, 2, 0, 6, 10, 14, 9, 11, 8, 7, 15], "R": [[-0.5813855445341101, -0.005017014253404839, -0.8136127323086564], [-0.8124614706039779, -0.04995338072232197, 0.5808709138340742], [-0.04355694423163675, 0.9987389495370609, 0.024966042674204436]], "T": [-0.12880368247064428, 0.04867074800590729, -0.046973212242466325], "aligned_model": [[-0.27382909998657734, 0.08741635193514691, -0.7207734542705173, -0.4138804456749545, 0.003431564960645561, 0.5769637516460544, -0.04153847199885441, 0.35226804464289924, -0.6996599846894906, -0.4579893083158534, -0.5526705870683377, 0.0031340270620723865, 0.06582606981846267, 0.5461301854930714, 0.5248042125086689, -0.07839396696095209], [-0.6795267775446272, -0.5185000926852533, 0.5120663338121861, -0.16667158210444333, 0.2929028748602728, -0.21564841552862693, 0.7053913321644059, -0.5685885709979123, -0.18249029927654503, -0.012543322318864014, 0.5426659490284231, 0.46006722730789285, -0.3342859894634561, 0.17995887476556785, 0.4252068673937329, -0.023888698198262823], [0.03604008651103402, -0.5394786197597546, -0.2271809154466664, -0.5714922897523538, -0.6641888854831492, -0.47701311612601305, -0.08515979801992998, 0.09906432440042305, -0.015473568416657597, 0.5784070247262517, 0.38410350389061304, 0.45201644849294864, 0.5531256737874995, 0.30309911950566665, -0.3589088463625145, -0.029681220144657964]], "inverted": false, "swapped": false, "error_lsq": 0.04280121839551849, "error_max": 0.36310793213771386, "target": "799.xyz", "model": "10.xyz", "model_rescale": 4.260839863003843, "target_rescale": 4.249347843269853},
{"mapping": [2, 1, 5, 4, 14, 6, 10, 8, 7, 13, 11, 15], "R": [[0.7546296073732135, 0.49276257449895433, -0.4332657392973881], [0.17223060662261683, -0.7859165581550751, -0.5938617530705996], [-0.6331435649346483, 0.37352404044564924, -0.677944700835549]], "T": [0.12160053927920347, -0.049711632027803994, 0.0689221564238823], "aligned_model": [[0.31298756922549414, 0.17430280221432867, -0.39515599887813546, -0.36627954163147325, -0.5476005231269171, -0.2135606083447418, 0.319121625076881, 0.6823658181033695, 0.13664217671865042, -0.30740898608332456, 0.06861229131449384, 0.09487202450550489], [0.1388761729633569, -0.6791615286738774, -0.6142685151232737, -0.2422906241726014, 0.13100827305458912, 0.44811296852377686, 0.7039521099646346, 0.04751678967173347, -0.43291748822862747, 0.1029838259314598, 0.5909603462345228, -0.021693824612759847], [-0.723201255084336, -0.14028831900891242, 0.13313059088540272, -0.3674419866662608, 0.1081170102349825, -0.3171510016682364, -0.3459400624405312, -0.2925307692472494, 0.5587600883884954, 0.6706660810564148, 0.2340156605318726, -0.001957959586137259]], "inverted": true, "swapped": true, "error_lsq": 0.04429613643459534, "error_max": 0.2243753119224376, "target": "799.xyz", "model": "11.xyz", "model_rescale": 3.890672605050136, "target_rescale": 4.249347843269853},
{"mapping": [14, 13, 12, 6, 11, 3, 5, 2, 4, 1, 9, 7, 8, 15], "R": [[0.028080580312434822, -0.7790802497866188, -0.626295014670991], [-0.06481198969645452, 0.6238047211534123, -0.7788883590465969], [0.997502324308522, 0.06246306315842559, -0.03297694255025713]], "T": [0.09407477612666637, 0.05945443751082969, 0.08387145108607172], "aligned_model": [[0.33849444569473774, 0.35398122942020266, 0.3759850251317086, 0.5723628810318178, 0.7516987713424873, -0.423790711426546, -0.409660178619479, 0.1713795715372453, -0.10236033764738428, -0.5575329165838226, 0.15573519893066368, -0.22958569049875577, 0.09714912386128735, 0.11601942261953119], [-0.3149388889820632, 0.2805030925400736, 0.6340637866027078, -0.4692962149593931, 0.13539303474820324, -0.3106366201938683, -0.175059239901735, -0.4691697816570022, -0.5738104641918591, -0.052476325471451084, 0.6858462970463515, 0.47620472292164817, 0.0999442622042453, -0.014415140878092432], [-0.44727320415350047, -0.589216176352935, 0.00691658260079854, 0.11350331583866169, 0.03603617521574829, 0.7149567460881143, -0.44635392317299094, 0.7274817819526553, -0.07711338449718766, 0.1589223873611711, 0.5376510168307449, -0.24563921737346453, 0.756857635104326, 0.10806069991471963]], "inverted": true, "swapped": true, "error_lsq": 0.04158250736156999, "error_max": 0.2832992866425195, "target": "799.xyz", "model": "12.xyz", "model_rescale": 4.124412569039231, "target_rescale": 4.249347843269853},
{"mapping": [13, 7, 0, 14, 9, 11, 5, 6, 1, 4, 8, 3, 15], "R": [[-0.9186490308960406, -0.21753237687420154, 0.32979330351786385], [-0.017848975020646127, -0.8110574656190283, -0.584694109389133], [0.3946712202890881, -0.5430151493974172, 0.7411944248309096]], "T": [0.12789044082416745, 0.026441716474193425, 0.0388180903903583], "aligned_model": [[-0.41540645422731126, -0.06367674310027144, 0.5402630023945381, -0.4811379002076446, 0.7672984259620255, 0.1495201329738552, -0.48072452051276415, 0.009748035144485911, 0.12025748044765713, -0.2468131052860203, 0.7747254843717144, 0.5658175317361022, 0.12742693781339093], [-0.255024142349857, 0.35368486474329125, 0.6306376038191843, -0.26199255845798625, 0.018176931837397894, -0.6281867666989915, 0.491294561218173, -0.47533220421785055, 0.6746300538758554, 0.18321500972046656, 0.058474178577553694, 0.5558148712437073, 0.0020929731975332447], [0.48048117545542923, 0.5319997147733279, 0.2614069151300681, -0.12826312174353083, 0.4783334889795462, 0.14613961054113106, -0.019355603020867945, -0.45461895289248555, -0.1113396303881998, -0.509403301017235, -0.14863224758636587, -0.5368594493958538, -0.03819051786712453]], "inverted": false, "swapped": true, "error_lsq": 0.0453765409673129, "error_max": 0.2709577023131426, "target": "799.xyz", "model": "13.xyz", "model_rescale": 3.9028299243045295, "target_rescale": 4.249347843269853},
{"mapping": [2, 8, 4, 0, 5, 12, 10, 1, 3, 6, 7, 9, 6, 11, 14, 15], "R": [[-0.4377718540604, -0.8942861553878355, -0.09277971801080204], [0.045307042507811646, 0.08111968601516195, -0.9956740774169011], [0.8979438043061021, -0.44008166153845313, 0.0050055455086491785]], "T": [-0.05588318813868413, -0.005884455620488185, -0.12724191081328995], "aligned_model": [[-0.18678944236703682, -0.0585425890404969, -0.5844692781471201, -0.725928305853646, -0.03448696080396518, 0.5456541815863839, -0.09194503140386581, 0.2585545715627765, -0.6291240683038366, -0.18494914883059965, -0.42386025773608504, 0.11374792478248658, -0.18494914883059965, 0.5957851020089945, 0.570274342981394, -0.05773300250330018], [-0.73039934007548, -0.4409127406635066, 0.3259905645130138, -0.32702183206532476, 0.12707082987637902, -0.1836379644125094, 0.733719122516831, -0.40286563604696346, -0.0995394194653711, -0.15086000257741866, 0.6607132504857635, 0.38304019052868005, -0.15086000257741866, 0.005901694145842282, 0.6023629155763215, 0.06341408145565161], [-0.1368077020955663, -0.7654037071917612, -0.39147474439702473, -0.49483779615641915, -0.6211719940937479, -0.4285669378144631, -0.2111388280139005, 0.2798619990229272, 0.09928200909991913, 0.5105137875732073, 0.36354147348324795, 0.5214555237511852, 0.5105137875732073, 0.22067505432007734, 0.017715098112568134, -0.03687810137071658]], "inverted": true, "swapped": false, "error_lsq": 0.04741593611619564, "error_max": 0.3190713254158134, "target": "799.xyz", "model": "14.xyz", "model_rescale": 3.942246331269136, "target_rescale": 4.249347843269853},
{"mapping": [13, 11, 14, 10, 8, 6, 1, 5, 7, 4, 3, 0, 12, 9, 15], "R": [[-0.821162417845471, 0.2531851787784836, -0.5114582571091091], [0.3975054356726057, -0.38930304663798243, -0.8309227199259369], [-0.40948957511628087, -0.8856299470576253, 0.219038546255666]], "T": [-0.0989381453170064, 0.006652032486400919, -0.04316640898589259], "aligned_model": [[-0.7890042226357241, -0.24861522842305803, -0.3128884147488722, 0.3814649429995881, 0.4053314631277388, 0.198818415057139, 0.09347868702775575, -0.32260051186126776, -0.5797259722307799, 0.18009743979114884, 0.6747409414398171, -0.0017836868203860434, -0.5378931931247015, -0.13004246584138388, -0.03708415722480429], [-0.025056083621137485, -0.55200837797532, 0.15657801205942873, -0.6709413969003066, -0.28016656375678267, -0.20431747988449578, 0.5630404137541279, 0.7278613010514615, 0.2507607582963626, 0.47472137677052706, 0.3269297110751227, 0.20289994762513844, -0.41549136672717524, -0.46329669674708435, 0.006631134861783604], [-0.3469166861416545, -0.36877279686425346, -0.6864186654474173, -0.3418540270045887, 0.30035438550145915, -0.656393697023784, 0.2669326973619614, -0.1835831236693639, 0.2671047210758702, -0.4537483595444709, 0.27662036852761, 0.6894298998484083, 0.16822129369809463, 0.5734902027979345, -0.09510373275528951]], "inverted": false, "swapped": true, "error_lsq": 0.03931573225370101, "error_max": 0.3205136427143139, "target": "799.xyz", "model": "15.xyz", "model_rescale": 4.355366556412066, "target_rescale": 4.249347843269853},
{"mapping": [5, 0, 7, 6, 14, 4, 11, 2, 9, 3, 8, 15], "R": [[-0.5383756891058997, -0.7688115851307925, 0.34508022827804236], [-0.7106447870920561, 0.6342814401463359, 0.30441918675532975], [-0.45291898167181494, -0.0813375759078693, -0.8878336526550443]], "T": [-0.038706779023588295, -0.05404171566560477, -0.1847110659127044], "aligned_model": [[-0.33703369075369893, 0.6443472549015998, 0.18112106704331768, -0.5741622048017018, -0.7124983851923695, -0.5143072396875672, -0.2548825339071945, -0.060422982149531054, 0.6561825461620397, 0.26407555630741675, 0.39044232467852724, -0.08505315796905757], [-0.7212487472848801, -0.2998999920061399, -0.5912546831634135, 0.4113605322564259, -0.16597618250420038, -0.1722610599851203, 0.3613980562172471, 0.5458036976112122, 0.16949150687052184, 0.08540013410737816, 0.3969924930935111, -0.007029327471561597], [0.0513405126251201, 0.055373251386664685, -0.4085237651069591, -0.10787978436629925, -0.3092162030508816, 0.29000537090466993, -0.6550322776287133, 0.39784171382061906, -0.4478581500421651, 0.6473343244975275, 0.07405228295621394, -0.1381788147863758]], "inverted": false, "swapped": true, "error_lsq": 0.04806165259788991, "error_max": 0.24895124857731654, "target": "799.xyz", "model": "16.xyz", "model_rescale": 3.795458400668931, "target_rescale": 4.249347843269853},
{"mapping": [8, 2, 6, 0, 11, 4, 1, 12, 7, 5, 14, 13, 15], "R": [[0.16569821413748326, -0.7061391260816734, -0.6884124028867141], [-0.4328320601561737, -0.6793077846104352, 0.5926190525697139], [-0.8861154041842471, 0.1997710399038694, -0.4181997394584499]], "T": [-0.037415569091365314, 0.0038828644831668258, -0.035778252190504234], "aligned_model": [[0.06588397212792244, 0.08648992523333404, 0.39348686343547634, -0.5181406876965471, 0.610532624707537, -0.3080561755480278, -0.678574342133295, 0.2782804675453352, -0.3685263750374973, -0.6302819165756648, 0.09533752007253316, 0.1407753240921488, -0.018575399319032654], [-0.3626502671948278, 0.1505794898295103, 0.5123388295667781, -0.5716709928335542, 0.05836412863510115, 0.5975896562808629, -0.03230191513869107, -0.4095893148740862, -0.2379345779455286, 0.39320566969194676, 0.6227522846420994, 0.18462853312919958, 0.058469741681675264], [-0.5921431949783789, -0.8498921158917748, -0.29074969451985067, -0.18507896347344788, 0.09733498254119058, -0.23526061845320548, -0.2100189288769096, 0.34494226694512764, 0.4320936719487654, 0.25887707934079696, 0.24953427941883788, 0.674883295536326, -0.09224702870118136]], "inverted": true, "swapped": true, "error_lsq": 0.04506141913918528, "error_max": 0.2314922016050816, "target": "799.xyz", "model": "17.xyz", "model_rescale": 3.7474275329858107, "target_rescale": 4.249347843269853},
{"mapping": [5, 1, 4, 0, 13, 11, 14, 2, 7, 6, 9, 8, 10, 15], "R": [[0.5231830728011524, 0.43332648252955963, -0.7338307923989722], [-0.8522189425473999, 0.26756893896147055, -0.4495884082874295], [0.001531762950192861, 0.8606015468505692, 0.5092765763911318]], "T": [-0.0046148289367738855, -0.11250898080820122, -0.0020364998493967792], "aligned_model": [[0.5576165401720355, 0.1318756027878028, 0.6261652268213086, -0.42771180330670433, 0.1670321519143767, -0.12844532128679229, 0.5688975889926017, 0.043052882663430506, -0.10824086031863177, 0.34024202256167996, -0.7792324911522331, -0.42346695642655713, -0.19114336654513575, 0.0382064310056949], [-0.38753081647932613, 0.04503500787159399, 0.12781132292000652, -0.01929551419308402, -0.8027609602137855, -0.2274723017716181, -0.34502592946520727, 0.7130609442247575, -0.6048267611174749, 0.19083756015416642, -0.10259911958591371, 0.41504012080704583, 0.4096455831955302, -0.05151089483545763], [-0.4471695075324341, -0.6339415382970665, -0.10148487748081705, -0.6320760102297523, 0.25005543865061053, 0.6398152332237502, 0.31267822438793463, 0.1237249514556, -0.36795866026911084, 0.5441039942095066, -0.046239845362743816, -0.030569324444527576, 0.6847647755699214, 0.029091864780783464]], "inverted": false, "swapped": true, "error_lsq": 0.04355517731081414, "error_max": 0.24860975780957806, "target": "799.xyz", "model": "18.xyz", "model_rescale": 3.922800546911778, "target_rescale": 4.249347843269853},
{"mapping": [0, 9, 8, 1, 11, 7, 11, 4, 13, 2, 10, 6, 5, 14, 15], "R": [[0.6639552287572041, -0.6820369533055892, 0.3065763339391976], [0.18072735930747919, 0.5441949616098725, 0.8192615366024302], [-0.725603938663314, -0.488546249687846, 0.48458382774523834]], "T": [-0.008027607231288827, 0.07958053240123805, -0.023108720811393698], "aligned_model": [[-0.2694837471212662, -0.1523698583785989, 0.37467756684452214, -0.11638603428446913, 0.14453139894514078, -0.6195209519638458, 0.14453139894514078, 0.2714098808603239, -0.4816285172815098, 0.7858672216095778, 0.7175837159725856, 0.5552361333890511, -0.3457147538588244, 0.020497048434972923, 0.06682033477481729], [0.558225503123602, -0.08731988430804707, 0.19016656631820406, 0.7356679961030944, -0.5658475781132316, 0.19018888806837056, -0.5658475781132316, 0.4290497060159242, -0.3572913842668418, 0.29211091238896014, -0.38261856180604437, -0.19653297114148746, 0.5225566554235073, -0.13148024881022843, 0.08658348415202893], [-0.559009144057854, -0.7670134386053827, -0.5670450775989019, -0.04680292256788893, 0.0028240199571691084, -0.0523638003573184, 0.0028240199571691084, 0.4919769942708899, 0.36970921792319955, -0.17872264308208968, -0.2205789234297461, 0.31705315661449734, 0.5056861945097934, 0.6376981142298835, 0.006423399399908918]], "inverted": true, "swapped": true, "error_lsq": 0.040052211469977186, "error_max": 0.31488423805824756, "target": "799.xyz", "model": "19.xyz", "model_rescale": 3.9282355846067225, "target_rescale": 4.249347843269853},
{"mapping": [13, 14, 4, 11, 12, 6, 10, 2, 9, 0, 5, 7, 1, 15], "R": [[0.5021538461937556, -0.13003057814365496, 0.8549465266906726], [0.8391776641975848, 0.31204239151646623, -0.445432816268144], [-0.2088596721837506, 0.9411278311920817, 0.26581204391634505]], "T": [-0.033239542152162335, -0.07549149084862822, 0.07210878759474941], "aligned_model": [[-0.6274396325170665, -0.0908030489176951, 0.46815334627544886, -0.39089311345488764, -0.6353527599340585, 0.19182168565138658, 0.10784413480996412, 0.6453982141766341, -0.3366354235081697, 0.07189536146215493, 0.11483610345286378, -0.3752582221979241, 0.3625891903776261, 0.026366983408399366], [-0.5387840714360937, -0.7061385819107844, -0.5359569477520121, -0.04108753488369313, 0.15416864618229176, -0.27886040748801455, 0.2883379803735674, 0.2323063868718016, 0.6287164571417694, 0.3730676672636455, -0.6816507688265192, -0.17877324808518774, -0.1033615686996375, -0.08910192132629785], [0.030310893529613026, -0.21249035472201533, 0.026238956848558107, -0.48594541586577206, 0.055160667559410695, -0.5738040073510114, -0.7196347238626334, -0.30784531047274216, 0.19096487235074983, 0.6823471987385676, 0.5199134882565504, 0.5813928731469273, 0.6062404166914462, 0.01933360239603331]], "inverted": true, "swapped": true, "error_lsq": 0.042389082259525375, "error_max": 0.29419539087165675, "target": "799.xyz", "model": "20.xyz", "model_rescale": 4.067790424073018, "target_rescale": 4.249347843269853},
{"mapping": [4, 13, 2, 3, 10, 11, 8, 14, 6, 7, 7, 0, 1, 12, 15], "R": [[0.5401405125412857, -0.5752610865037147, -0.6142661549086059], [0.840188917024359, 0.3267345974883322, 0.4328129925424749], [-0.0482784674681393, -0.7498794470837987, 0.6598105822281304]], "T": [0.08099896022917867, 0.07847272907713902, 0.05278589000378487], "aligned_model": [[0.3853658916990172, 0.1939890898584094, -0.27652766467014595, 0.22135103930582783, -0.7401227333881837, -0.4581016091817978, -0.2770826303802621, 0.18323656150204354, -0.29539077377639406, 0.49260110176183086, 0.49260110176183086, 0.3531604271550838, 0.6038049030232895, -0.16642407512942076, 0.05598332436638637], [-0.0031302533459521414, 0.8186930158832292, -0.5253194461635062, -0.7837732859249127, -0.055127244453873306, 0.4632596309834626, -0.4805346468425295, 0.5792927346694323, 0.19429853006662723, 0.2724120209790393, 0.2724120209790393, -0.4266089943679317, -0.3330274822126207, 0.3928491034204659, 0.055199436257877765], [-0.5523827073531836, 0.1464234047743779, -0.40247620603401657, -0.14784762482229608, -0.24224713749197002, 0.0099627720219947, 0.17046175639603928, -0.4170574641774242, -0.5423023077875349, 0.4770327601362105, 0.4770327601362105, 0.5582264634466099, 0.06254530723513901, 0.5582764251972187, -0.02039862805623422]], "inverted": false, "swapped": true, "error_lsq": 0.05008067113284802, "error_max": 0.42169258263795456, "target": "799.xyz", "model": "21.xyz", "model_rescale": 4.186013935880536, "target_rescale": 4.249347843269853},
{"mapping": [12, 9, 11, 5, 1, 13, 7, 0, 6, 2, 3, 4, 15], "R": [[-0.7878395860943616, -0.6155841154775717, 0.019104537533291173], [0.6146867391084606, -0.7840036902797084, 0.08659345467185557], [-0.03832752727313394, 0.07996505736566949, 0.9960605354362919]], "T": [0.05535339673231888, -0.021363716141081956, -0.049578914984089825], "aligned_model": [[0.04456653099760069, -0.5093972354596165, 0.36137443757008514, 0.3499191363080133, -0.25792010883143557, 0.6495219625258704, 0.03803767810030237, -0.6126715550699986, 0.42789820394657574, -0.2572878181526546, -0.5672459199235435, 0.32091040478476585, 0.07086831862726051], [-0.24546076537054248, -0.10481287108766492, 0.2838631656012107, -0.46819779171419945, -0.2863974858339968, -0.38186492908678865, -0.64058149302911, -0.3806291748080161, 0.5850461350101159, 0.6995158952331304, 0.256417622615425, 0.1531993722324493, 0.04885897978408045], [-0.6539260837502985, -0.5751049616246643, -0.5532771147803911, 0.501288447463324, 0.4742249944812852, -0.34362553960821685, -0.10688239959838067, 0.04696422924720199, 0.0023081762297895853, 0.23719959038665273, 0.5323388820438234, 0.5541880190156421, -0.012816678170421952]], "inverted": true, "swapped": true, "error_lsq": 0.04656074219881354, "error_max": 0.3126656556214598, "target": "799.xyz", "model": "22.xyz", "model_rescale": 4.166573947596378, "target_rescale": 4.249347843269853},
{"mapping": [14, 12, 3, 11, 2, 6, 4, 13, 9, 10, 8, 0, 7, 5, 1, 15], "R": [[-0.36601311830231475, 0.7909350006334253, -0.49036335711757617], [-0.44565029928918026, -0.6115480841847944, -0.6537619991046985], [-0.8169640187756618, -0.02075489105997086, 0.576315041034857]], "T": [-0.14540581212419204, 0.013724446664097306, -0.08631210633078577], "aligned_model": [[-0.286734352343459, -0.10502582692344559, -0.5125055323610499, -0.575176677546103, 0.07577819132975824, 0.4702778458315723, -0.18105993477479318, 0.24862673406209526, -0.7273499298642964, -0.19176046064688926, -0.5972611370056851, 0.23337868593193353, 0.10143975755737919, 0.5905195982307438, 0.45820257883710847, -0.08011065121338624], [-0.7546559638426219, -0.47701938678394995, 0.37436224446266486, -0.14179065484231332, 0.38346947828008715, -0.09554547444458025, 0.7475037857167142, -0.5719284436350831, -0.12708934653324938, -0.3859256861243284, 0.492794031004097, 0.5914366959787065, 0.059930831821400715, -0.10086047472269304, 0.38570753388589407, 0.03572654099374562], [0.03857004487290967, -0.5186560688850462, -0.3971252756416832, -0.7291226412976267, -0.6032023145960085, -0.5200186311075945, -0.07405737328129046, 0.38119423964316096, -0.04202118451648475, 0.54540954995987, 0.3831538018646085, 0.34903444971650677, 0.5832563235921692, 0.28293857733283023, -0.1596916269696696, -0.08238294888391248]], "inverted": false, "swapped": false, "error_lsq": 0.04426515604708941, "error_max": 0.30486693383060365, "target": "799.xyz", "model": "23.xyz", "model_rescale": 4.274766983524099, "target_rescale": 4.249347843269853},
{"mapping": [12, 8, 0, 7, 1, 5, 13, 4, 6, 2, 15], "R": [[0.3617055901466111, -0.8155202732908626, -0.45176957612071267], [0.9146423702698341, 0.2165660121682443, 0.34136270575551064], [-0.18055027156964154, -0.5366803948581879, 0.8242425330028706]], "T": [0.030010876056010938, 0.0370098046090133, -0.017865580086755706], "aligned_model": [[0.16316317033715214, 0.2441245098963993, -0.45582643121836225, -0.45264083004330313, -0.5304231008060399, -0.5675993038222464, 0.01287696575179742, -0.09048005224906139, 0.5790310329103423, 0.40610961247340815, 0.07155913072798864], [-0.2431850282083826, 0.6437490653502114, 0.48259133215206357, -0.22808843177902186, 0.3594427186925557, -0.22362669521908737, -0.7133724847368748, 0.08022654904001483, -0.006057984823015776, 0.6985638108325063, 0.0653436799425137], [-0.5829608521706426, -0.21931558052367986, -0.4052527222230212, -0.3073209900175595, 0.13931106395183107, 0.3881088093740351, -0.09592757800536406, 0.652314661442847, 0.4359370687279539, 0.32933737467795815, 0.04533517878721903]], "inverted": true, "swapped": true, "error_lsq": 0.04558416519855355, "error_max": 0.2160991625814966, "target": "799.xyz", "model": "24.xyz", "model_rescale": 3.7841303162186577, "target_rescale": 4.249347843269853},
{"mapping": [1, 8, 10, 0, 9, 2, 14, 4, 7, 6, 11, 13, 3, 5, 12, 15], "R": [[0.6687489485236775, 0.47928538747180804, -0.5683839909818668], [0.13059965870954637, -0.8283230774363535, -0.5448161235970528], [-0.7319279834747582, 0.2901144545560732, -0.6165346951017487]], "T": [-0.14251450491971446, 0.018073843039638486, -0.09818024202965567], "aligned_model": [[-0.21003618558704137, -0.04683927548454653, -0.651277398462698, -0.6675700928623258, 0.13425729082791438, 0.5188655077357383, 0.018130119697952807, 0.23691310730885046, -0.7841543429273161, -0.3131637360672147, -0.5426186571815182, 0.02744658109974929, 0.18633739203791183, 0.6799032545323891, 0.48466621868390575, -0.1496208942502674], [-0.7020747580366565, -0.35887528497684257, 0.4916035091530318, -0.3999435156872347, 0.3175015461392613, -0.1999421351508282, 0.7675553433513771, -0.543302214401729, -0.033343088361353475, -0.3159432831028893, 0.37067137937335665, 0.6283890281044844, 0.018779046647492685, -0.059651021051724214, 0.43990760498966347, -0.0052164457749192365], [-0.2709899894715132, -0.543391864742951, -0.44773006500416046, -0.39968988818519857, -0.5175620873940451, -0.3877290980811846, -0.3025567269355166, 0.2142232663828965, -0.006201018575966638, 0.5193453457764551, 0.4541052039825867, 0.3607626753243306, 0.6372501218991077, 0.19665296485763553, -0.035950637762355214, -0.033259280267381466]], "inverted": true, "swapped": false, "error_lsq": 0.047438319962056934, "error_max": 0.3447954538391621, "target": "799.xyz", "model": "25.xyz", "model_rescale": 4.19342608120988, "target_rescale": 4.249347843269853},
{"mapping": [5, 0, 7, 6, 14, 4, 11, 2, 9, 3, 8, 15], "R": [[-0.5383756891058997, -0.7688115851307925, 0.34508022827804236], [-0.7106447870920561, 0.6342814401463359, 0.30441918675532975], [-0.45291898167181494, -0.0813375759078693, -0.8878336526550443]], "T": [-0.038706779023588295, -0.05404171566560477, -0.1847110659127044], "aligned_model": [[-0.33703369075369893, 0.6443472549015998, 0.18112106704331768, -0.5741622048017018, -0.7124983851923695, -0.5143072396875672, -0.2548825339071945, -0.060422982149531054, 0.6561825461620397, 0.26407555630741675, 0.39044232467852724, -0.08505315796905757], [-0.7212487472848801, -0.2998999920061399, -0.5912546831634135, 0.4113605322564259, -0.16597618250420038, -0.1722610599851203, 0.3613980562172471, 0.5458036976112122, 0.16949150687052184, 0.08540013410737816, 0.3969924930935111, -0.007029327471561597], [0.0513405126251201, 0.055373251386664685, -0.4085237651069591, -0.10787978436629925, -0.3092162030508816, 0.29000537090466993, -0.6550322776287133, 0.39784171382061906, -0.4478581500421651, 0.6473343244975275, 0.07405228295621394, -0.1381788147863758]], "inverted": false, "swapped": true, "error_lsq": 0.04806165259788991, "error_max": 0.24895124857731654, "target": "799.xyz", "model": "26.xyz", "model_rescale": 3.795458400668931, "target_rescale": 4.249347843269853},
