[{"mapping": [10, 1, 6, 0, 5, 2, 3, 9, 8, 11, 13, 4, 12, 14], "R": [[-0.535423277231588, -0.8354699626657894, -0.12374108324162442], [-0.7817530500826443, 0.5456961482889232, -0.30179112384083845], [0.3196624514782254, -0.06485102332159547, -0.9453096116559238]], "T": [-7.852665914439422e-05, 0.042379280105281615, 0.16408031785943267], "aligned_model": [[0.028673841261803973, 0.17580858351280945, -0.6625604012364508, -0.25212784046568926, -0.6396691958603843, -0.07577872350801801, -0.6484136602263808, -0.14835655746153018, -0.29912095825716406, 0.26992621825803625, 0.8041200519025858, 0.21668667747394235, 0.5704684627859615, 0.03183560294878142], [-0.6304753500008186, -0.17184304694275765, -0.42030120217624817, -0.46627456202412204, 0.2049837240604938, 0.46231121866306063, 0.0706149666967717, 0.4273671719774052, 0.6539350447198858, 0.01234950238428454, 0.44270851575825887, 0.762080462659137, -0.18678414025215614, 0.07460102628683993], [0.512940329571844, -0.5344712830401248, 0.28232851264486564, -0.1705174255932198, 0.44247757843973, -0.5615340032685298, -0.14087678989454833, 0.8045007959686383, 0.12184897017652008, 0.723254356743663, 0.13071899274540177, -0.05333380300958776, 0.21509873026673917, 0.12515312542844245]], "inverted": true, "swapped": true, "error_lsq": 0.05192006469717763, "error_max": 0.3216960269692943, "target": "8.xyz", "model": "0.xyz", "model_rescale": 3.8414455957264533, "target_rescale": 4.019505241142653},
{"mapping": [5, 3, 1, 4, 11, 7, 2, 9, 0, 13, 6, 8, 10, 12, 14], "R": [[0.42969241940480074, -0.7539739102389822, 0.4968780206297999], [-0.83622303302995, -0.12462739862069294, 0.5340403079761208], [-0.3407278440870951, -0.6449739174509136, -0.6840417984829452]], "T": [-0.06195288505646318, -0.09286401627325863, 0.039173910548251506], "aligned_model": [[-0.338564747564396, 0.07984984843563359, 0.5803716594163644, -0.19535450773145083, 0.7833176661679422, -0.35924191988655674, -0.7414512832297913, -0.42925928054272083, 0.22143408248163082, 0.27874619389398186, -0.6610366790896542, 0.024342811637696707, 0.050699498848720825, 0.5065510555480757, 0.0017493239532707927], [0.26878808948396204, -0.073944661856159, -0.22448554697999357, -0.44609474686894185, -0.12469099803923961, -0.6349226718125232, -0.17849766167856754, -0.22263210596280103, -0.7599878057078278, -0.2872349096147766, 0.4077312847234689, 0.40712991005203014, 0.5586612013905858, 0.36755816829626414, -0.06825958344588792], [-0.4372884876572669, -0.7308331834727487, -0.5252663815916102, -0.35229676891409445, 0.14295319843572593, 0.2145211256954502, -0.23569611923475256, 0.5993131206796803, 0.026722175440617973, 0.6880121754982068, 0.06219837862973675, 0.6448648580375318, -0.13747724727118943, 0.25620898914250034, -0.01914117772152677]], "inverted": true, "swapped": false, "error_lsq": 0.04986876053692877, "error_max": 0.3020511920854764, "target": "8.xyz", "model": "1.xyz", "model_rescale": 4.316132596720782, "target_rescale": 4.019505241142653},
{"mapping": [11, 12, 10, 8, 7, 9, 3, 4, 0, 13, 1, 14], "R": [[-0.061610624004267756, -0.7411656121683889, 0.6684890921689464], [-0.49078760348210415, 0.6056929554228572, 0.6263094858130585], [-0.8690981873632562, -0.28949884125879, -0.4010720155180616]], "T": [-0.013514569600645197, 0.03208565094430988, -0.09752647765295047], "aligned_model": [[-0.180486272133829, 0.40849382419844177, 0.1677759564635629, -0.4995941754484506, -0.432095380073585, -0.6993237461329942, -0.21443177652311293, -0.1604624442343799, 0.3287398136964252, 0.24120770594285126, 0.6278107456196528, 0.010174303257198387], [-0.5110456617926845, -0.3114895575335687, -0.6054890083778334, 0.482473548128141, -0.42930497299094045, -0.22295701910056037, 0.49524823665073897, 0.5119027082475762, 0.10953326946136097, 0.010674223461056946, 0.4137761183600315, 0.06945454322766195], [0.15468133996503297, 0.19317544955402982, -0.46616676117860895, 0.06399031622834653, -0.372819828775847, 0.11450995772739475, -0.6066897443452965, 0.5028132257708593, -0.6552692867746288, 0.7643145412174912, -0.18593488896887658, -0.05734585921047568]], "inverted": true, "swapped": true, "error_lsq": 0.05888970910715329, "error_max": 0.3915040106387901, "target": "8.xyz", "model": "2.xyz", "model_rescale": 3.795458400668931, "target_rescale": 4.019505241142653},
{"mapping": [13, 8, 9, 6, 12, 10, 5, 1, 3, 0, 11, 14], "R": [[0.15523447016232966, -0.2540679585754147, 0.9546474384288383], [0.47539638774045995, -0.8278948204483634, -0.2976381037402547], [0.865967975041077, 0.5000396371289917, -0.007734824055093736]], "T": [0.06529516582882405, -0.014981149855438015, -0.027049388779373955], "aligned_model": [[-0.11736217385766567, -0.2378764388393529, -0.6829601385015434, 0.212695126460818, 0.15451962444720646, 0.14264076311019525, -0.2637119489627447, 0.7688748985070284, 0.29772114791491744, 0.6211489549941731, -0.3829283382184981, 0.08054234868903111], [0.05625942380973108, -0.6259220594673707, -0.055791668503059236, 0.06803015641238747, 0.44840314357508393, 0.662151404167894, -0.3018319936292659, -0.11466859537146834, -0.49150723124675266, 0.07574665869979307, 0.40735047782786277, -0.04245067098512589], [-0.9043594283976839, -0.020085270601793194, 0.11002336999340423, 0.7719002172879553, -0.4244869453659502, 0.30577567420610735, 0.5408347330841082, -0.27167112334277677, 0.4556882144687732, 0.31501532359571266, -0.11197077753262641, -0.07789255675613005]], "inverted": true, "swapped": true, "error_lsq": 0.03713586432806241, "error_max": 0.20955050349767668, "target": "8.xyz", "model": "3.xyz", "model_rescale": 3.7530521520055578, "target_rescale": 4.019505241142653},
{"mapping": [5, 2, 4, 13, 9, 1, 7, 0, 10, 12, 14], "R": [[0.6963306647700154, 0.4062705585033566, 0.5916653096086666], [0.12493449463128578, 0.7431687863275909, -0.6573366923271521], [-0.706763735170512, 0.5316431023927107, 0.4667340081096298]], "T": [-0.0989619621414316, -0.06517741552038757, 0.03287025937950552], "aligned_model": [[-0.4187663750515723, -0.2113888758363214, 0.3530928847574031, 0.7212531655898693, 0.21004567119683548, -0.3217979931630318, -0.214878188735792, -0.6733660166009686, -0.28696619359241615, 0.2528487592410661, -0.0718772353598667], [-0.706068725529097, 0.12121643309201004, -0.16476991474119818, 0.24031376546464, -0.7426622921162523, 0.5782418949664992, -0.5099906125301956, 0.24462745775306588, 0.07899935397657477, 0.3655641883302595, -0.03826819035196027], [0.03509067835079126, -0.7802761100561248, -0.5979653732061543, -0.17215196203482672, 0.1937085776092349, -0.28518243157117984, 0.5354459055284766, 0.12394254025259119, 0.7533775999265722, 0.29995359062998683, -0.013112238184050704]], "inverted": false, "swapped": true, "error_lsq": 0.04978895311746001, "error_max": 0.24698245402113278, "target": "8.xyz", "model": "4.xyz", "model_rescale": 3.7855080009869324, "target_rescale": 4.019505241142653},
{"mapping": [6, 13, 12, 1, 14, 0, 4, 5, 2, 3, 7, 10, 8, 15, 16], "R": [[-0.9118145803132469, 0.34042028705409483, -0.22958266330493032], [-0.2490199561696575, -0.9030436318337123, -0.35000180061514097], [-0.32647087551179693, -0.2619660801832685, 0.9081797951264794]], "T": [0.026736229276545696, -0.04798510495379718, -0.026696643559619652], "aligned_model": [[-0.3802566154260384, 0.31038234611724, 0.3676544556061085, -0.20001230658375582, 0.6848421944314514, -0.4010340940315545, -0.6737928824142239, -0.5106558901000107, 0.3567132589719814, 0.0784341090370857, -0.6023757290749527, -0.01500036513061425, 0.08972146602384556, 0.621706494592137, 0.0758272803200476], [0.21641892299980112, 0.30076566495512713, -0.3584772205505592, -0.7011134790824424, -0.20469754826096057, -0.6610357620885723, -0.24175695983757872, -0.162305890391842, -0.6530170953965462, -0.3576252903977457, 0.3243452157723651, 0.403019291841929, 0.6503067494799544, 0.4987976431364761, -0.0645062801998122], [-0.4631876542686302, -0.5948387206534801, -0.5271311269025492, -0.33509957380291633, -0.03262515712529604, 0.19613810598366205, -0.16348924494576106, 0.5676464498368669, 0.23945582776641244, 0.5928732800048979, 0.1374915046210699, 0.5441074952064723, -0.0877803561758243, 0.13565210594895985, -0.012418279797622668]], "inverted": true, "swapped": false, "error_lsq": 0.03575199411565618, "error_max": 0.2103092474480289, "target": "8.xyz", "model": "5.xyz", "model_rescale": 4.2253639853439635, "target_rescale": 4.019505241142653},
{"mapping": [4, 11, 5, 8, 9, 6, 3, 2, 10, 12, 7, 0, 1, 14], "R": [[-0.8112885221611532, -0.21123307184144058, 0.5451527521438384], [0.3579866629273582, -0.9166892954227772, 0.1775564271532483], [0.46222990272775144, 0.3392069059110111, 0.8193181262529057]], "T": [0.10426216727624826, 0.03185919711148742, -0.03270876406383959], "aligned_model": [[0.6425885290501847, -0.18517895082619695, -0.39751518014681575, 0.1906558242257023, -0.3272049922164477, -0.5097078956336999, -0.005972271119187994, 0.7641418470204127, -0.38407232010514253, 0.294251961521934, -0.5677001637965047, 0.04163389480639379, 0.6554941622922874, 0.16264770768486414], [-0.44974867478061914, 0.20937249967910582, -0.4552148071268385, -0.6433725898449902, -0.3671117465175127, 0.05246231266247192, -0.3515455901811195, -0.3644119676337155, 0.6107857564885277, 0.5382832447136272, 0.025148344480606516, 0.31470467392639706, 0.3033623535211321, 0.02238533724791754], [-0.333515066850731, -0.553470535081078, 0.12221015676316847, -0.0752350592115083, -0.5174754259822191, 0.5053938022538578, 0.5630963002460955, 0.30805136873057276, 0.007748954236615591, -0.3294935023710905, -0.14361062157874288, 0.5591437288427542, 0.3999933780386582, -0.04127926910490462]], "inverted": true, "swapped": true, "error_lsq": 0.04461813608469693, "error_max": 0.3411483759004382, "target": "8.xyz", "model": "6.xyz", "model_rescale": 3.89814844738969, "target_rescale": 4.019505241142653},
{"mapping": [5, 6, 10, 8, 11, 0, 3, 9, 4, 1, 12, 13, 14], "R": [[0.31470099331341356, -0.4553836728813546, -0.8328199056702705], [0.30861590430653163, -0.7806390832421191, 0.5434692680584301], [-0.8976187990548175, -0.42805178680621264, -0.1051292509028584]], "T": [-0.07097865449925639, 0.11528861087171743, 0.0010025121183081416], "aligned_model": [[-0.05659944548894488, -0.05867374163154955, 0.421750029225257, -0.3526440251946911, 0.5343674947771402, -0.3336435187490163, -0.5618489917391317, 0.3762129909488275, -0.3771689758312567, -0.6043297768736049, 0.2112851462680801, 0.05439749785091824, -0.10447288265780519], [-0.38978937609051295, 0.17875118956286973, 0.5595298822142496, -0.5031971059003155, 0.04977395884433461, 0.554278467357066, -0.06914883169871075, -0.5003862958374221, -0.3127561667816711, 0.6217864742796915, 0.5266548616303227, 0.13219803746504372, 0.1160861704255399], [-0.506649858560985, -0.8130977204224595, -0.36659985016917934, 0.0588847456318171, 0.12647691395325036, -0.41433868812384195, -0.4880411247697545, -0.0351150954786274, 0.5800111487480163, 0.15526953605742683, 0.3639729975748273, 0.8910062876196929, 0.050495738776112326]], "inverted": true, "swapped": true, "error_lsq": 0.05266559954928634, "error_max": 0.2905212371894297, "target": "8.xyz", "model": "7.xyz", "model_rescale": 3.7474275329858107, "target_rescale": 4.019505241142653},
{"mapping": [0, 1, 2, 3, 4, 5, 6, 7, 8, 9, 10, 11, 12, 13, 14], "R": [[1.0, 0.0, 0.0], [0.0, 1.0, 0.0], [0.0, 0.0, 1.0]], "T": [0.0, 0.0, 0.0], "aligned_model": [[-0.4256364272120331, 0.15000581261304588, 0.5197030790302337, -0.22757705118452712, 0.7481888614592481, -0.304328362973413, -0.7542096024579881, -0.49149077597381, 0.3314710816551249, 0.016855569513014316, -0.6221289188539825, -0.05765598900777105, 0.11002626529087005, 0.7542096024579881, 0.05472057798274624], [0.04529180560248453, 0.21854690995508583, -0.33945731331155515, -0.5768494157606475, -0.2257368744572308, -0.6050370640414073, -0.29333223351260546, -0.1104737581767068, -0.5863033404902481, -0.2924363272296288, 0.41381984851626835, 0.27823099682837543, 0.6050370640414073, 0.451262118390562, 0.006555545625438874], [-0.5009945327070984, -0.7032334778586952, -0.5685656848031205, -0.359983297244979, 0.0384985317138207, 0.233100541929795, -0.10982793242347022, 0.45837757123466866, 0.10763656819539592, 0.7032334778586952, 0.13027701634520872, 0.5529405527950462, 0.04966881196135613, 0.1887914318987874, -0.023124923199149695]], "inverted": false, "swapped": false, "error_lsq": 0.0, "error_max": 0.0, "target": "8.xyz", "model": "8.xyz", "model_rescale": 4.019505241142653, "target_rescale": 4.019505241142653},
{"mapping": [3, 4, 1, 0, 6, 10, 12, 5, 7, 9, 13, 11, 14], "R": [[0.7810667234321912, -0.6233796014925977, -0.03650542411520756], [-0.6177710179476493, -0.7628681430888206, -0.19076468657521523], [0.09106998918867973, 0.1715519417061347, -0.980956771915067]], "T": [-0.03620013350288711, -0.026853955753946675, -0.04451016255150651], "aligned_model": [[-0.23118477366425755, -0.759899913644631, -0.04279883278234615, 0.30619528590448414, 0.36602124338523245, 0.7124467326907488, 0.25684295689122366, -0.16715770591351284, 0.29555313677935713, -0.20599246272312158, -0.3370886456540468, 0.20246189823369642, -0.07569814776165035], [-0.6761766058401835, 0.27049212889895696, 0.09838564918440246, -0.35082019403898373, -0.7375078970041347, -0.07064493764709134, 0.5121556390473239, -0.6319553480618038, -0.3273173697897851, -0.10537931735027353, 0.8193431107396104, 0.25526294037483166, 0.007540429601189072], [-0.27795313882352823, -0.03615671955441955, -0.7855049793839579, -0.5049713344729341, -0.03323904204180779, 0.06895163424170869, -0.10960257903603088, 0.3156618564578776, 0.4688504674221814, 0.693964463019699, -0.005414681921020778, 0.45542027972611376, -0.07330273159000245]], "inverted": true, "swapped": true, "error_lsq": 0.04747461564061351, "error_max": 0.2051817908037462, "target": "8.xyz", "model": "9.xyz", "model_rescale": 3.877068213659057, "target_rescale": 4.019505241142653},
{"mapping": [12, 6, 10, 11, 14, 8, 0, 1, 9, 7, 5, 4, 3, 13, 15], "R": [[0.27178606711012615, -0.19073570761303896, -0.943266782817122], [-0.5182467251634473, 0.7968903385472255, -0.3104611411875101], [0.8108962113502398, 0.573223933704309, 0.11773553518961707]], "T": [0.07139726019696148, -0.03596998817700765, 0.0293537759538501], "aligned_model": [[-0.37417869214734145, 0.2514638050939467, 0.3671203931010901, -0.20259458585300616, 0.8025409530744888, -0.16183136105999735, -0.6578864841083437, -0.6572128593239734, 0.4159098575071588, -0.11215709204723083, -0.6024300752477385, 0.03668458924667703, -0.0365610758671875, 0.7438405530359876, -0.010554203065783141], [0.1227820921844693, 0.29884853989455984, -0.34965340126006034, -0.55256138194642, -0.25161222465245553, -0.7172984240787567, -0.29489051181614484, -0.022329197874811788, -0.5957108399135265, -0.2181492115189243, 0.35835935560949533, 0.3426268155099143, 0.5892893655704552, 0.34254800225051685, -0.06313101597871762], [-0.5489671240548741, -0.4562151355239122, -0.5339945394619432, -0.4208873554915244, -0.1393141606905061, 0.30633555959016157, -0.15738512830624088, 0.5003610293747027, 0.08974047226612986, 0.8035663435162474, 0.0675183259830526, 0.5893092835243308, 0.016820581876098847, 0.07607256020801817, 0.0038339428865202356]], "inverted": true, "swapped": false, "error_lsq": 0.03994994203107576, "error_max": 0.27885504739741546, "target": "8.xyz", "model": "10.xyz", "model_rescale": 4.260839863003843, "target_rescale": 4.019505241142653},
{"mapping": [4, 11, 10, 12, 0, 1, 2, 8, 7, 6, 3, 14], "R": [[-0.45953480482492726, 0.7148636510267047, -0.527065198619], [-0.18555417782107578, 0.5030662292327194, 0.8440936062420552], [0.8685605391955478, 0.4856895401862624, -0.09853050444403724]], "T": [0.029160496557417787, -0.06427251734823397, -0.10365319577922094], "aligned_model": [[0.5546416414904156, 0.0952040589636323, -0.4838896810262694, -0.32661890746206323, -0.4628685043507269, -0.428787746275062, 0.21097665831939985, 0.657341431157499, 0.12387191848517828, -0.16561899550925113, 0.14721493214003425, 0.03743184316134396], [0.15562128545735945, -0.6816730306613894, -0.4978559246969161, -0.39015552511302876, 0.25685036931044175, 0.44721300033388295, 0.6828527300563663, 0.201327398355151, -0.4868086443595197, 0.03605133613394733, 0.4875526700085024, -0.037897159291863186], [-0.6400691982000344, -0.13422785219945715, 0.24855172162187966, -0.4881839484181603, 0.19467680867271764, -0.40937822278544045, -0.44619697964137484, -0.09618901197603202, 0.42205641974130725, 0.6830704992309655, 0.3387116421346721, -0.15664380078553836]], "inverted": true, "swapped": true, "error_lsq": 0.04466552926930068, "error_max": 0.25175898383321593, "target": "8.xyz", "model": "11.xyz", "model_rescale": 3.890672605050136, "target_rescale": 4.019505241142653},
{"mapping": [4, 13, 9, 2, 8, 0, 12, 3, 1, 10, 7, 11, 6, 14], "R": [[0.5718675210849947, -0.813459534863018, 0.10607131312728124], [-0.23768198245390965, -0.040543832440057964, 0.9704965084264094], [-0.7851591007846006, -0.5802066724810351, -0.2165303758450587]], "T": [0.05876390984956125, -0.0016970272740062502, 0.08536146604451303], "aligned_model": [[0.6743402220654338, 0.14301376774710753, 0.38088107976024443, 0.5717915007609087, 0.7366726503998702, -0.27462793773599176, -0.36522037514810507, 0.3596797421208295, -0.10782460409242664, -0.6198184600678412, -0.08381705901277331, -0.14188620440820526, -0.1455797566633053, 0.08227126906794835], [-0.13301311049423117, -0.016033531007973084, 0.6886388318697593, -0.663249196866356, 0.047750166920577625, -0.38858066555986537, -0.0041754008886754745, -0.2735809095997863, -0.7286970703634205, 0.2558273543937374, 0.5644543366820229, 0.5373530874336228, 0.082870194204117, -0.03741156689576374], [-0.37944788839226185, -0.8095174390580141, 0.08952926130936942, -0.0026209965329810625, 0.14197445332041703, 0.5017557071395952, -0.36282800565088424, 0.6766848576032806, -0.006947929037691092, 0.30552167991657075, 0.43610486560182893, -0.15052931603885764, 0.8715104019372566, 0.04360078323923288]], "inverted": false, "swapped": true, "error_lsq": 0.04833164026602886, "error_max": 0.3030346770244399, "target": "8.xyz", "model": "12.xyz", "model_rescale": 4.124412569039231, "target_rescale": 4.019505241142653},
{"mapping": [1, 0, 10, 2, 12, 13, 3, 4, 5, 8, 11, 7, 14], "R": [[0.22353216962291123, -0.632990244177218, -0.7411860224802812], [0.9279744355237086, 0.3708199759150571, -0.03682380312801614], [0.2981556911382516, -0.6795703762222294, 0.6702889582881768]], "T": [0.15776544447692611, 0.13116145639194365, 0.010431231860084203], "aligned_model": [[-0.2586544427049309, -0.08975199537182141, 0.6553347020167087, -0.5946910184172352, 0.552967422763748, 0.4147494246844483, -0.4233184042955729, -0.12383350070294216, 0.01558092833726718, -0.20767458037736483, 0.7566027284058602, 0.5374436816341474, 0.13254336153744484], [-0.11497739392047657, 0.49089754936907676, 0.5598258176304691, -0.24616891310722566, -0.1934709399964174, -0.7291107630680371, 0.5429984743949102, -0.47801327528391035, 0.646513875216659, 0.04494134489670988, 0.10185250276089183, 0.6450974135791254, 0.07709968403670235], [0.5855937862533462, 0.5039272277984814, 0.3898189742075913, 0.005896967611714257, 0.3554990836989477, -0.03432109807554024, -0.07243232033734422, -0.39185476865045116, -0.4662415194101492, -0.5589807424298574, -0.15393071082597948, -0.22534811427374773, 0.014071315400827534]], "inverted": true, "swapped": true, "error_lsq": 0.05422000279273286, "error_max": 0.28919735354581205, "target": "8.xyz", "model": "13.xyz", "model_rescale": 3.9028299243045295, "target_rescale": 4.019505241142653},
{"mapping": [4, 10, 7, 3, 9, 2, 0, 8, 6, 1, 8, 12, 13, 14, 15], "R": [[-0.4579739438384488, 0.687687239100534, 0.5633348275611432], [0.8404397733608944, 0.12843557173273296, 0.5264649003179365], [0.2896909631282035, 0.7145562014929068, -0.6367798526884175]], "T": [-0.015364609501576698, -0.08046803808011352, 0.047567004192901774], "aligned_model": [[-0.2754543469856535, 0.29707738253547444, 0.5123877309942028, -0.17111357381808742, 0.7295931004467078, -0.4642642399778215, -0.7583740790493588, -0.6991381787606115, 0.3016329524943708, 0.21211984401243858, -0.6991381787606115, -0.04231887050867432, 0.07484547753327386, 0.6998317392593376, 0.08446696292375976], [-0.01843800504909686, 0.3109766941104515, -0.30293065453012225, -0.5885112492854678, -0.25987478036773276, -0.48800264161303375, -0.3318383138023988, 0.15839066602055588, -0.6649731389138934, -0.38743624436112356, 0.15839066602055588, 0.3659308965815181, 0.7090788383694248, 0.440167207415358, -0.11181197861540183], [-0.5752241946372869, -0.5042514671372544, -0.6542989425666015, -0.27850630182989594, -0.06946584450358143, 0.46536412988591186, -0.2206983903147663, 0.3157225281258103, 0.09525971891072149, 0.5731334600144804, 0.3157225281258103, 0.5807102756569689, 0.08117090100824625, 0.06956192746805129, 0.0025943274896468096]], "inverted": false, "swapped": false, "error_lsq": 0.051983503137354274, "error_max": 0.36845078885438687, "target": "8.xyz", "model": "14.xyz", "model_rescale": 3.942246331269136, "target_rescale": 4.019505241142653},
{"mapping": [5, 3, 1, 2, 12, 7, 9, 6, 0, 8, 10, 11, 4, 13, 14], "R": [[-0.5616231679759192, -0.769910283017663, 0.30301414702345975], [0.7561837189508616, -0.32898957049140276, 0.5656430373491104], [-0.3358058968903572, 0.5468125991704513, 0.7669617858812252]], "T": [-0.0346248253399169, 0.008741246129076105, 0.01677907990602427], "aligned_model": [[-0.17031773315391427, 0.258043352594956, 0.44008373682149043, -0.23789986945729885, 0.7687837544164344, -0.44915871786507244, -0.8207871622824832, -0.3648299747307143, 0.1700454669300535, 0.15150967439963708, -0.5401002764152079, -0.034241846400781734, 0.02742041773025536, 0.5921743699700168, 0.011428529781375693], [-0.19385204215155522, 0.2893686509035255, -0.26540504495991635, -0.6578275669306843, 0.01137091886028642, -0.6833733579688324, -0.15160242905401372, -0.09103143423422759, -0.6972690896375255, -0.3838479707834125, 0.5115479420175327, 0.35497338432485454, 0.5884799459871312, 0.43089112605467794, -0.07330507044824748], [-0.5691585895621004, -0.5766360596164568, -0.5799930942722106, -0.294690328759843, -0.1335671769744098, 0.2998312568476217, -0.04956089246466917, 0.45700556809970855, 0.036194540784225696, 0.6571450542195697, 0.04286568514944697, 0.6446597886907914, -0.0441914426590649, 0.316515787939818, -0.009625441726166441]], "inverted": false, "swapped": false, "error_lsq": 0.048221426757833294, "error_max": 0.3564039198733405, "target": "8.xyz", "model": "15.xyz", "model_rescale": 4.355366556412066, "target_rescale": 4.019505241142653},
{"mapping": [11, 12, 10, 8, 7, 9, 3, 4, 0, 13, 1, 14], "R": [[-0.061610624004267756, -0.7411656121683889, 0.6684890921689464], [-0.49078760348210415, 0.6056929554228572, 0.6263094858130585], [-0.8690981873632562, -0.28949884125879, -0.4010720155180616]], "T": [-0.013514569600645197, 0.03208565094430988, -0.09752647765295047], "aligned_model": [[-0.180486272133829, 0.40849382419844177, 0.1677759564635629, -0.4995941754484506, -0.432095380073585, -0.6993237461329942, -0.21443177652311293, -0.1604624442343799, 0.3287398136964252, 0.24120770594285126, 0.6278107456196528, 0.010174303257198387], [-0.5110456617926845, -0.3114895575335687, -0.6054890083778334, 0.482473548128141, -0.42930497299094045, -0.22295701910056037, 0.49524823665073897, 0.5119027082475762, 0.10953326946136097, 0.010674223461056946, 0.4137761183600315, 0.06945454322766195], [0.15468133996503297, 0.19317544955402982, -0.46616676117860895, 0.06399031622834653, -0.372819828775847, 0.11450995772739475, -0.6066897443452965, 0.5028132257708593, -0.6552692867746288, 0.7643145412174912, -0.18593488896887658, -0.05734585921047568]], "inverted": true, "swapped": true, "error_lsq": 0.05888970910715329, "error_max": 0.3915040106387901, "target": "8.xyz", "model": "16.xyz", "model_rescale": 3.795458400668931, "target_rescale": 4.019505241142653},
{"mapping": [5, 6, 10, 8, 11, 0, 3, 9, 4, 1, 12, 13, 14], "R": [[0.31470099331341356, -0.4553836728813546, -0.8328199056702705], [0.30861590430653163, -0.7806390832421191, 0.5434692680584301], [-0.8976187990548175, -0.42805178680621264, -0.1051292509028584]], "T": [-0.07097865449925639, 0.11528861087171743, 0.0010025121183081416], "aligned_model": [[-0.05659944548894488, -0.05867374163154955, 0.421750029225257, -0.3526440251946911, 0.5343674947771402, -0.3336435187490163, -0.5618489917391317, 0.3762129909488275, -0.3771689758312567, -0.6043297768736049, 0.2112851462680801, 0.05439749785091824, -0.10447288265780519], [-0.38978937609051295, 0.17875118956286973, 0.5595298822142496, -0.5031971059003155, 0.04977395884433461, 0.554278467357066, -0.06914883169871075, -0.5003862958374221, -0.3127561667816711, 0.6217864742796915, 0.5266548616303227, 0.13219803746504372, 0.1160861704255399], [-0.506649858560985, -0.8130977204224595, -0.36659985016917934, 0.0588847456318171, 0.12647691395325036, -0.41433868812384195, -0.4880411247697545, -0.0351150954786274, 0.5800111487480163, 0.15526953605742683, 0.3639729975748273, 0.8910062876196929, 0.050495738776112326]], "inverted": true, "swapped": true, "error_lsq": 0.05266559954928634, "error_max": 0.2905212371894297, "target": "8.xyz", "model": "17.xyz", "model_rescale": 3.7474275329858107, "target_rescale": 4.019505241142653},
{"mapping": [4, 11, 12, 9, 2, 3, 1, 10, 8, 0, 5, 7, 6, 14], "R": [[-0.4349698244143028, -0.7797857563683521, 0.45026150847482843], [0.7290884424435349, -0.5984491550039227, -0.33209735315167965], [0.5284234049928629, 0.18382813451734836, 0.8288401064231997]], "T": [0.1409089969597967, -0.03295454369899046, -0.0314602665042054], "aligned_model": [[0.2729877683050726, 0.08382310245318586, 0.6382024326708711, -0.39643598809771935, 0.3582634190842071, -0.24581248857095367, 0.6932157329651667, 0.13433378803912158, -0.2205666822424469, 0.2166664538744091, -0.5682201438970664, -0.3654102993206087, -0.3664344284441174, 0.1802349810637548], [-0.7007571766436859, 0.3592189705055287, 0.2654053786203993, 0.013289959099768205, -0.8038311534494433, -0.3317952915353089, -0.24507481102769632, 0.711547251720494, -0.5897531976303441, 0.13809794060018057, -0.09574409827584152, 0.41149875155129007, 0.30491296769207366, -0.07660724971618083], [-0.4172331108538051, -0.5104394842106994, -0.24199105843640467, -0.5694772300683966, 0.22756831024449564, 0.49320652017676236, 0.43196619109327095, 0.11323666827008745, -0.1880517994235617, 0.6003744373257395, 0.047373720110297904, -0.13135856718694622, 0.5120342521834966, -0.04241413056268189]], "inverted": true, "swapped": true, "error_lsq": 0.040039817281743564, "error_max": 0.32646649015766743, "target": "8.xyz", "model": "18.xyz", "model_rescale": 3.922800546911778, "target_rescale": 4.019505241142653},
{"mapping": [8, 5, 12, 13, 3, 11, 4, 10, 7, 9, 6, 2, 1, 0, 14], "R": [[0.2280279456221531, -0.96781163937155, 0.10650768381808523], [0.46801915161677143, 0.20487450729751946, 0.8596420824852145], [-0.8537923223684187, -0.1461747822182453, 0.4996714953929138]], "T": [-0.04323573756275753, -0.026678769642504888, -0.05817022792801191], "aligned_model": [[-0.3112211576392835, 0.3989066970914241, 0.45827863844694705, -0.27166364181953895, 0.5732068352817983, -0.313718515728835, -0.7312849173785977, -0.5292841821339862, 0.3264942908788032, 0.17565837401379922, -0.6307039895361873, 0.09788668976028256, -0.0984151655636467, 0.6520746914080178, 0.005939075257749886], [0.1196300913632254, 0.3338465692705412, -0.37997486066720737, -0.588224964121985, -0.1394590661259408, -0.6181724465357045, -0.24726468024779497, -0.06746708744299858, -0.7184139639732751, -0.2812942555768651, 0.33375779428562774, 0.2177525593279313, 0.7061733176188, 0.42143911630913305, -0.1032101615038944], [-0.5884231730770535, -0.565186270736739, -0.5503889265658988, -0.38112581441422494, 0.07000310274181928, 0.2320329934182171, -0.015775401718321896, 0.5842423108071852, 0.09353061600975174, 0.683449289179314, -0.03107210585146096, 0.6002116891322806, 0.03052065580920732, 0.06089447436275611, -0.02611878340057089]], "inverted": true, "swapped": false, "error_lsq": 0.04221275778971613, "error_max": 0.30708743563772084, "target": "8.xyz", "model": "19.xyz", "model_rescale": 3.9282355846067225, "target_rescale": 4.019505241142653},
{"mapping": [11, 9, 8, 7, 10, 5, 6, 3, 0, 1, 4, 12, 2, 14], "R": [[0.33828954418350765, -0.8335888008881609, -0.4366805415059772], [-0.6109930073895351, 0.15836546620580147, -0.7756338853057617], [0.7157148379188509, 0.5291975908365966, -0.45574354700372427]], "T": [-0.0971956266542239, -0.1300754775294995, 0.13364244712873805], "aligned_model": [[-0.5900886679263504, -0.15481029229169532, 0.45667067813948115, -0.3715366956416226, -0.7095003643885213, 0.20241491998531772, -0.059858663489779584, 0.4638703503849345, -0.06016415769184438, 0.07845989062871375, 0.3272690130710708, -0.5860164159311755, 0.6098638769393188, -0.07405065270317099], [-0.4796653191935302, -0.732137642643375, -0.5089387620177568, -0.20280645494397082, 0.21452844646671182, -0.22075063152503221, 0.36947388570567435, 0.19683472621639975, 0.5257463970174088, 0.35833401788764213, -0.6528233311828555, -0.1400085931328081, -0.060369929259960986, -0.14453472196971134], [-0.012382715294383256, -0.32954449108333395, 0.011556231946755896, -0.48548986079518586, -0.152004893840523, -0.5105881022960229, -0.5113338960581529, -0.17044508152135598, 0.0813014803891996, 0.6771524507940705, 0.5321274493172916, 0.5099377938770405, 0.5850818016032264, 0.18681499020505593]], "inverted": false, "swapped": true, "error_lsq": 0.04366424226349625, "error_max": 0.28725869721907077, "target": "8.xyz", "model": "20.xyz", "model_rescale": 4.067790424073018, "target_rescale": 4.019505241142653},
{"mapping": [7, 0, 2, 8, 6, 5, 1, 10, 4, 13, 9, 11, 12, 3, 14], "R": [[-0.3691666527148926, -0.9201691216638558, -0.13040233916479488], [0.9244108909743914, -0.37803276015732534, 0.05055429651143315], [-0.09581485882269866, -0.10188238210899087, 0.9901714462882598]], "T": [0.033944837268419306, -0.10409364256513008, 0.012094812389791761], "aligned_model": [[-0.49922141968242667, 0.1422083245323113, 0.6533126775383115, -0.19654468552109544, 0.6687519970803496, -0.12456881528070275, -0.7647684707389495, -0.49791014903776404, 0.38363656052329903, -0.20983233470755064, -0.6020314031166286, 0.2219945758615655, -0.03876619672256526, 0.6790775749864608, -0.013184513375867707], [-0.015659802576309167, 0.14688958985422274, -0.15643816372927705, -0.4605733683987766, -0.3506298213097061, -0.6605996783599759, -0.2893727746782076, 0.1908071948661823, -0.7720787719506309, -0.27505089682516276, 0.3426101600009006, 0.24565323792392146, 0.6545072596578703, 0.4502849599297477, -0.0612311624252062], [-0.5022758279102183, -0.6434541666276065, -0.39700842773724215, -0.3686474648514984, 0.30157138331895084, 0.12888768433550535, 0.044247512030251124, 0.5611399755387159, -0.2599052985350879, 0.6457112679182657, 0.018406223296917042, 0.5223365878084401, 0.0911621481239552, -0.0025042448082246323, 0.057127303795137335]], "inverted": false, "swapped": false, "error_lsq": 0.05908784261612017, "error_max": 0.41511537181796343, "target": "8.xyz", "model": "21.xyz", "model_rescale": 4.186013935880536, "target_rescale": 4.019505241142653},
{"mapping": [8, 3, 2, 13, 11, 4, 9, 7, 1, 0, 10, 12, 14], "R": [[0.9199208039453934, 0.2713679504469653, -0.28302853202225897], [-0.35257984164638084, 0.25665970597017074, -0.8998962443503801], [-0.1715609796342821, 0.9276234315720574, 0.3317854720529616]], "T": [-0.052450228104266076, -0.006349315488020799, 0.025424352158297064], "aligned_model": [[0.062908760079261, -0.3164559914891756, 0.4944379219205904, 0.7103875900855305, -0.18648414945758754, 0.5636703349545764, -0.3153374247106932, -0.664295786302902, 0.3438850055694925, -0.2899155408119482, -0.5493342318403909, 0.198895199393874, 0.006212348032598167], [-0.3705615234216956, 0.24978338096240066, 0.2349389654012251, -0.3263403156004894, -0.41219941698522217, -0.36272786970999793, -0.720186036906028, -0.2739059926640985, 0.6296910101310925, 0.6061891885493125, 0.20197588311573011, 0.0654494989313349, -0.0031501122574709335], [-0.5395996183897455, -0.5900685687540396, -0.5672668091708971, 0.37727098306304513, 0.47686710448823544, -0.29956122246346095, -0.015415543825933676, 0.15934996335762355, -0.030904208847220605, -0.025762012816277036, 0.5592504082347394, 0.5842740860967752, 0.014445000362501422]], "inverted": false, "swapped": true, "error_lsq": 0.05169793503988371, "error_max": 0.38793302506766963, "target": "8.xyz", "model": "22.xyz", "model_rescale": 4.166573947596378, "target_rescale": 4.019505241142653},
{"mapping": [6, 12, 11, 2, 9, 4, 1, 0, 3, 8, 5, 7, 13, 14, 15], "R": [[0.5801671135047116, -0.3795026345846836, 0.7206829197024831], [-0.1641742222077246, 0.8121712474919193, 0.5598434508948986], [-0.7977800105104791, -0.44312031672075713, 0.40889049847018477]], "T": [0.08192344449302458, -0.07840294159237249, 0.01003567565570818], "aligned_model": [[-0.3748118869747141, 0.3131085931877543, 0.564081197993624, -0.26735819187178, 0.6536570203282257, -0.2529706444701685, -0.622127956867532, -0.5556491036207903, 0.23611267257865864, 0.21096285810300106, -0.5170422955973722, -0.18880168457887536, 0.008431950149636658, 0.5803254779371224, 0.01423571604195642], [0.08054878388303821, 0.13613595532978656, -0.4223170228111398, -0.5030590073433072, -0.19677910018303632, -0.6676044843038245, -0.14606551437576543, -0.18090806349220723, -0.6569613347947199, -0.44348017700863457, 0.489433296378152, 0.2853032737439719, 0.7582668995883876, 0.5227077692940617, -0.0661033119251697], [-0.5775311868580899, -0.5643403718598858, -0.5108677058893825, -0.377880299148571, 0.1498819112936635, 0.29383314676592076, -0.07846551842499444, 0.5097853216925733, -0.04402465743185989, 0.7200684792198806, 0.10935350007202703, 0.5630414089577525, 0.1167863946859885, -0.11739701064039204, 0.004551243261630731]], "inverted": false, "swapped": false, "error_lsq": 0.04588067780234985, "error_max": 0.35929310059891356, "target": "8.xyz", "model": "23.xyz", "model_rescale": 4.274766983524099, "target_rescale": 4.019505241142653},
{"mapping": [4, 8, 9, 11, 7, 10, 12, 0, 1, 3, 14], "R": [[0.5885106649182659, -0.2307883614838797, -0.774849617332968], [-0.2612620209921187, -0.9612594169669236, 0.08787769728164375], [-0.7651126411611395, 0.15072181493067477, -0.6260076523808867]], "T": [-0.0070412499243252755, 0.05019687193738252, 0.034634757068096], "aligned_model": [[0.45554274523363864, 0.23994285034874224, -0.47453085791749755, -0.5336306659649774, -0.6259664413224965, -0.5696206546749071, -0.12041099196829536, 0.12020977363404653, 0.5757008785568261, 0.27109027996579566, 0.041567788067200094], [0.07509839655317527, 0.5366445282454466, 0.3886988638797247, -0.1536008311322502, 0.3250798511880262, -0.17360425151413295, -0.5557816070966686, 0.07383608458684664, -0.26087276375539936, 0.6325215421113273, 0.02756671817738783], [-0.595937845683587, -0.3747279766305389, -0.46256772478196, -0.22546145345288376, 0.10708189017248244, 0.49145072677644913, 0.01055149865447377, 0.6807474424842096, 0.3930327390560948, 0.3471653436870694, 0.008231793739767929]], "inverted": false, "swapped": true, "error_lsq": 0.049325502287956006, "error_max": 0.2787907424500771, "target": "8.xyz", "model": "24.xyz", "model_rescale": 3.7841303162186577, "target_rescale": 4.019505241142653},
{"mapping": [12, 13, 11, 3, 7, 4, 5, 2, 6, 1, 2, 8, 9, 10, 15], "R": [[-0.6435927355163862, -0.6241092076812037, 0.4430305719451819], [0.7332574569746885, -0.6686977866526895, 0.12319404172608028], [0.21936702710650907, 0.40414226086037364, 0.8880017682443644]], "T": [0.13654322927057655, 4.13469317531584e-05, 0.06349654177427469], "aligned_model": [[-0.3970868305885353, 0.09439020828740152, 0.606027942643345, -0.1736402363470832, 0.7579120100986447, -0.3380645775346251, -0.6804456800282834, -0.5591351601348282, 0.25043964454547857, 0.061954053708437345, -0.5591351601348282, -0.037052655999913475, -0.08478072621871363, 0.7206205657656191, 0.140150324276631], [0.25820230300201186, 0.002342616480392287, -0.28000220087587513, -0.5599435639774293, -0.16817123129720923, -0.5410981385444846, -0.20094656131928312, 0.17263703809355635, -0.7096999672585761, -0.2868219650265199, 0.17263703809355635, 0.14913241793028897, 0.5403973610008581, 0.5070567100045391, -0.06660389432623202], [-0.40954022889348896, -0.7176678610574834, -0.47556494303361985, -0.4255893452073518, 0.15520764708908671, 0.2600158279434039, -0.1844383857031083, 0.29809264965738336, -0.0094508760137485, 0.7455392742657914, 0.29809264965738336, 0.6085599369903976, 0.029265075079907728, -0.02043314235611271, 0.04470637727782]], "inverted": true, "swapped": false, "error_lsq": 0.04909338569483679, "error_max": 0.3322931563519513, "target": "8.xyz", "model": "25.xyz", "model_rescale": 4.19342608120988, "target_rescale": 4.019505241142653},
{"mapping": [11, 12, 10, 8, 7, 9, 3, 4, 0, 13, 1, 14], "R": [[-0.061610624004267756, -0.7411656121683889, 0.6684890921689464], [-0.49078760348210415, 0.6056929554228572, 0.6263094858130585], [-0.8690981873632562, -0.28949884125879, -0.4010720155180616]], "T": [-0.013514569600645197, 0.03208565094430988, -0.09752647765295047], "aligned_model": [[-0.180486272133829, 0.40849382419844177, 0.1677759564635629, -0.4995941754484506, -0.432095380073585, -0.6993237461329942, -0.21443177652311293, -0.1604624442343799, 0.3287398136964252, 0.24120770594285126, 0.6278107456196528, 0.010174303257198387], [-0.5110456617926845, -0.3114895575335687, -0.6054890083778334, 0.482473548128141, -0.42930497299094045, -0.22295701910056037, 0.49524823665073897, 0.5119027082475762, 0.10953326946136097, 0.010674223461056946, 0.4137761183600315, 0.06945454322766195], [0.15468133996503297, 0.19317544955402982, -0.46616676117860895, 0.06399031622834653, -0.372819828775847, 0.11450995772739475, -0.6066897443452965, 0.5028132257708593, -0.6552692867746288, 0.7643145412174912, -0.18593488896887658, -0.05734585921047568]], "inverted": true, "swapped": true, "error_lsq": 0.05888970910715329, "error_max": 0.3915040106387901, "target": "8.xyz", "model": "26.xyz", "model_rescale": 3.795458400668931, "target_rescale": 4.019505241142653},
{"mapping": [4, 11, 13, 2, 1, 5, 9, 8, 7, 12, 3, 0, 14], "R": [[0.23346504354687614, 0.9475741522700277, 0.21816805309530085], [-0.5577738434407294, 0.31429126911321126, -0.7681857442914208], [-0.7964812697201438, 0.05765608475213885, 0.6019081016866631]], "T": [-0.04168282233538616, 0.020789185373406127, 0.014605398225445522], "aligned_model": [[-0.07251015495237931, 0.32913498451580364, 0.6031913337698863, -0.36605416476149844, 0.047004615434658795, -0.6351952484922236, -0.16142966219672994, -0.4963789421353254, -0.16110747320455643, 0.5681580955381957, -0.7199585597340717, -0.20743770686312474, -0.02774073409737819], [-0.497052143499783, -0.2843672890383012, -0.40308834608681765, 0.0609879854833284, 0.5460211850238585, -0.17868679395806625, -0.6207365274365828, -0.4310516120509786, -0.09191016888247625, 0.1114224059361884, 0.2429610140514931, 0.6572897283446107, 0.010092065370441102], [-0.5711555423638847, 0.4093884219695749, -0.4464553242431556, -0.7611244416880716, -0.5155527904077439, 0.362418275630901, 0.4076014468509453, -0.21842174242194787, 0.6756002849220835, -0.008248332692743714, -0.05406948497588495, 0.054675520255698974, -0.04251962873634559]], "inverted": false, "swapped": true, "error_lsq": 0.057397826166437634, "error_max": 0.30127776434397757, "target": "8.xyz", "model": "27.xyz", "model_rescale": 3.6321398670334006, "target_rescale": 4.019505241142653},
