[{"mapping": [8, 3, 4, 9, 14, 12, 11, 13, 10, 5, 2, 7, 0, 15], "R": [[0.3556447602201334, -0.4787622552137494, -0.8026851858048764], [0.8457808295617961, -0.20059575137025437, 0.49438460016263], [-0.39770792407710986, -0.8547210349083776, 0.3335871094803096]], "T": [-0.05348484563011738, 0.15032592457802185, 0.0980402613919158], "aligned_model": [[0.15300599250177863, 0.2976133977399573, -0.39943074437490766, -0.42492401870010754, -0.6627714456042028, -0.0204350180740015, -0.7036605499306532, -0.16561781968739184, -0.3963272412651949, 0.253832783277516, 0.70405401597988, 0.13985004076196356, 0.6235178209848824, -0.027215112481214384], [-0.5933067269865563, -0.4068813253553544, -0.3434788586801399, -0.3164083272987867, 0.31644904446440486, 0.29687878442986, 0.14319740113793492, 0.4499675248137159, 0.6890560332440235, 0.017426020198512027, 0.27160164720569413, 0.7223732758333664, -0.13953225809342468, 0.12793109689678464], [0.23156801787200376, -0.4086520617504966, 0.4370805579395483, -0.4425121024772639, 0.563070310018491, -0.5511588558627458, -0.02520059264134375, 0.6796692896811234, 0.13793050598213122, 0.8152386103790906, 0.40913119963451056, -0.21107667569490784, 0.14718079753809005, 0.11531908656160247]], "inverted": false, "swapped": true, "error_lsq": 0.03962885659479579, "error_max": 0.2792172736830159, "target": "80.xyz", "model": "0.xyz", "model_rescale": 3.8414455957264533, "target_rescale": 4.398738085324718},
{"mapping": [2, 6, 3, 7, 1, 12, 9, 0, 4, 8, 11, 13, 14, 5, 15], "R": [[0.6714836734370853, -0.7020080153377617, -0.23726445732341633], [0.45893439183737406, 0.6453640672435357, -0.6106426489361362], [0.5817979892508207, 0.30114774963864244, 0.7555270561609848]], "T": [0.03737597467585184, 0.033640916413527774, -0.13570188170989164], "aligned_model": [[-0.693097702176343, -0.5528156819276712, 0.2268286480958609, -0.3704702153736739, -0.41621010374611567, 0.09018139317874664, 0.7349092400115601, -0.3218069585459107, 0.5081519979654545, 0.28526576179577556, 0.5704869982652817, -0.20165317538695826, 0.2874091541187114, -0.3012652449739124, 0.02613004220373943], [0.06973667622697581, 0.19885135775702928, -0.5865340223107963, -0.29813436694697937, -0.5238004285058154, -0.5802502271249969, -0.3655427135571721, -0.1659497001289516, 0.44941721201254736, 0.05563406571679323, 0.14167154189806763, 0.6306705372979483, 0.6867710089593979, 0.5946725069232548, 0.03983107982571253], [0.2521844459099637, -0.5644832547966532, 0.3838919366902269, -0.5643701424682257, -0.006589266989067838, -0.3894316145717899, -0.08982647910675134, 0.4774183146860119, 0.1540739962090125, 0.6069451429804029, -0.5126496113712207, -0.30023733751878534, -0.49064481991703435, 0.30819637264088673, -0.09929589503744152]], "inverted": true, "swapped": true, "error_lsq": 0.038394720393142845, "error_max": 0.24189832013981505, "target": "80.xyz", "model": "1.xyz", "model_rescale": 4.316132596720782, "target_rescale": 4.398738085324718},
{"mapping": [4, 11, 14, 0, 5, 8, 6, 3, 10, 9, 12, 15], "R": [[0.3436877743771366, 0.7294181613028674, 0.5914624753145672], [0.7716520405705585, 0.1395879768558146, -0.62053873771151], [-0.5351932753940245, 0.6696748036762658, -0.5148823315032002]], "T": [-0.017040932274010167, 0.072189274191383, -0.12542760630334257], "aligned_model": [[-0.18078002041174254, 0.50546715249035, 0.22134785453026795, -0.6463854216957087, -0.6944094401931059, -0.5618997270082902, 0.061500891327920595, -0.22161466148677336, 0.4364001300814567, 0.3439965499880811, 0.3891674487150559, -0.054982201705730746], [-0.5435895035031224, -0.31087010566425743, -0.59944017445044, 0.4267000832847158, -0.20731339597397602, -0.10301343344802776, 0.2805629201215863, 0.4636843234423186, -0.023771567319765805, 0.003986715401669297, 0.5531722118549617, 0.07266835399531847], [0.14378617392897028, 0.009547885073697054, -0.45278775665378923, 0.026271994318016023, -0.42464348700039845, 0.4092597355072811, -0.8394904557686622, 0.5783963929573488, -0.5665001510258247, 0.5908161557126811, 0.09292919017258419, -0.11832721601248349]], "inverted": false, "swapped": true, "error_lsq": 0.04605137167078512, "error_max": 0.2900281019606508, "target": "80.xyz", "model": "2.xyz", "model_rescale": 3.795458400668931, "target_rescale": 4.398738085324718},
{"mapping": [13, 5, 2, 3, 10, 12, 0, 4, 8, 9, 7, 15], "R": [[-0.6755816809743604, 0.6664679922615768, 0.31529320897012736], [0.737158797751245, 0.618503352106031, 0.27212223417343606], [-0.013649147584986532, 0.41626195925693954, -0.9091422782192992]], "T": [0.09878139600761354, 0.10165065400744139, -0.03971478231884449], "aligned_model": [[-0.0885570271479793, -0.21831700467044768, -0.6441761382994367, 0.21876373021661177, 0.07363115686565369, 0.11854438306050794, -0.30166276738515546, 0.5846612690633343, 0.3132895202543808, 0.7627140019906464, -0.3119429713796354, 0.08635567317508452], [-0.10529220283193441, -0.5844643547312882, -0.24007558123067618, 0.03022101275567335, 0.5005367700219665, 0.6608090661090391, -0.28888611341056397, -0.37193600232497925, -0.5194953977332812, 0.29468103017843517, 0.6414786145986329, 0.06819220388868516], [-0.6419856418364857, -0.2746079079787729, 0.08907878107336778, 0.7794244317563498, -0.5393342392693291, 0.3221979422367314, 0.44183549985063736, -0.1742751011848521, 0.38645595282732764, 0.37252003891578106, -0.04753131394949117, -0.025007011802163595]], "inverted": false, "swapped": true, "error_lsq": 0.040893661532790386, "error_max": 0.216930312252208, "target": "80.xyz", "model": "3.xyz", "model_rescale": 3.7530521520055578, "target_rescale": 4.398738085324718},
{"mapping": [6, 11, 12, 9, 1, 4, 2, 13, 5, 8, 15], "R": [[0.07860546064038759, -0.6411663014807671, 0.7633655450719445], [0.9751306807897602, -0.10971898861235924, -0.19256660904835113], [0.20722291605904014, 0.7595179506656544, 0.6165964204215211]], "T": [-0.056697893210127526, -0.06833285852444462, -0.07887196849879777], "aligned_model": [[-0.5701299106624987, -0.13818027042334197, 0.36937891606567386, 0.5242963956347033, 0.3231922898990763, -0.13164569196989762, -0.15564501071684095, -0.7080655210121806, -0.4484848924395676, 0.32339098678362627, -0.04990768871354716], [-0.6122507984139155, 0.25300258258189734, -0.42937388344104055, 0.2945163956464911, -0.646340199203505, 0.6158774160084185, -0.46762237700660414, -0.023035669566804612, 0.11828024913568788, 0.4240117926806517, -0.05986215010693043], [-0.07500086004306183, -0.6516474279108235, -0.4423791301902832, -0.5017086205617018, 0.1550985718308117, -0.01024850899101376, 0.6395484153798132, 0.040792550617967244, 0.5830634337087294, 0.39713941391848206, -0.04182706051360291]], "inverted": true, "swapped": true, "error_lsq": 0.045287291781474504, "error_max": 0.2279762689163583, "target": "80.xyz", "model": "4.xyz", "model_rescale": 3.7855080009869324, "target_rescale": 4.398738085324718},
{"mapping": [1, 4, 0, 11, 14, 2, 5, 7, 12, 13, 10, 15, 6, 3, 9, 16], "R": [[-0.6779798645112204, 0.643240141159116, -0.35578845416756855], [0.09423068126030959, 0.5560719067887038, 0.8257751589806958], [0.7290156939507991, 0.5263327419817011, -0.4376185127385025]], "T": [0.006091366110036692, 0.029501661883180215, -0.01594870032614998], "aligned_model": [[-0.0567039384292409, 0.5570844549017294, 0.28311356945967847, -0.16148654155719086, -0.6452670367136073, -0.39912645762075905, 0.6276460364236227, 0.7355778924273338, -0.5316925339415058, -0.3078252726153401, 0.32839278219914503, -0.3395052782848048, 0.33809848834935247, 0.037023445897193, -0.27144624740935624, -0.03990665729881876], [-0.3452392299032156, -0.11029092092192569, -0.6345931877300783, 0.3834168888827808, -0.03803033920498985, -0.5875815782288554, -0.45082160311418507, 0.1844206706636195, 0.09295761935914598, 0.6639009592048516, 0.065946572590251, 0.4331161834426382, 0.46014668180964924, -0.5736223109593719, -0.2771353995824345, 0.012085846359110555], [-0.6707234346740217, -0.4890929000811668, -0.3171307264979761, -0.7081176719364319, 0.15396027069341747, 0.012202279806007073, 0.17914767978620305, 0.056293811506689884, -0.4280495148319137, -0.17042042707421698, 0.636552517867957, 0.6141119190234575, -0.37704869431931193, 0.32712750873227153, 0.563586117322225, 0.00567590158683599]], "inverted": false, "swapped": false, "error_lsq": 0.035968947267732435, "error_max": 0.219476900381995, "target": "80.xyz", "model": "5.xyz", "model_rescale": 4.2253639853439635, "target_rescale": 4.398738085324718},
{"mapping": [2, 5, 10, 7, 6, 11, 12, 1, 4, 8, 14, 9, 3, 15], "R": [[0.19312964273683034, -0.034389834978131084, -0.9805703852077734], [-0.9782417595548234, 0.07044705690719158, -0.19514167170596255], [0.07578918761556344, 0.9969225403326437, -0.020036157747459843]], "T": [-0.0019378228916758916, -0.03162710667710933, 0.025664825667784573], "aligned_model": [[0.5041618404781071, 0.03931248716233918, -0.48536773999835753, 0.10253833931207536, -0.15766490875168943, -0.5206482308117616, 0.22393229896914846, 0.626666541007057, -0.27534428972245184, 0.3620612279624292, -0.7597967379527133, 0.023330862676288075, 0.669332114091092, 0.02154834833622141], [-0.2337768096677703, 0.21304312399339848, -0.44928838306826396, -0.6932264763475784, -0.6723537155495842, 0.08884249302944995, -0.3477506563771348, -0.39972019507296785, 0.5988110468456664, 0.6546463880001233, 0.07228882936394584, 0.3471668899448511, 0.2783911103974682, -0.011974498856613426], [-0.5975118169646816, -0.7259433645187713, 0.060548106635697554, 0.1330931122186123, -0.32745361731108363, 0.41859504679349585, 0.5670317207141155, 0.07581742087901072, -0.05349760221307263, -0.07429031395390864, -0.14734194036643683, 0.7355108518617118, 0.404838114537628, 0.0021624906191314228]], "inverted": false, "swapped": true, "error_lsq": 0.04081662286741529, "error_max": 0.27871162298980906, "target": "80.xyz", "model": "6.xyz", "model_rescale": 3.89814844738969, "target_rescale": 4.398738085324718},
{"mapping": [0, 8, 9, 2, 12, 4, 5, 1, 6, 14, 11, 10, 15], "R": [[0.3069804885239459, 0.8686009467052216, -0.38896706164968886], [-0.6259126526454293, 0.4921373728245414, 0.6050075681573917], [0.7169353743008935, 0.05773388651521433, 0.6947448937731653]], "T": [-0.023730814038743428, 0.09744801683254271, 0.010383090222781891], "aligned_model": [[-0.03785242379724106, -0.07585385062039875, 0.561551056577385, -0.3418012609078557, 0.6062551107356026, -0.3099528199356351, -0.7208988713947623, 0.3395775562271127, -0.2998790476027222, -0.5072232826062185, 0.09596152395844441, -0.12288106019144195, -0.03837082953804667], [-0.4446980591421796, 0.1512270860180291, 0.5853084022430345, -0.6480867471780303, -0.0015111521326336835, 0.5966399171562449, -0.12729277764643604, -0.5351650362504624, -0.27980384308534473, 0.6318722278974321, 0.7097504617521964, 0.2449992591926743, 0.08054152664596068], [-0.4902598777705645, -0.7692633996885329, -0.24931318531018049, -0.1580200157018869, 0.2036558072327292, -0.37348467542270447, -0.2894973134564425, -0.020584699616335075, 0.5942472307961546, 0.31974661984545955, 0.2311250902639213, 0.6250050304489582, -0.021081580784280064]], "inverted": false, "swapped": true, "error_lsq": 0.04705664939964198, "error_max": 0.2951975015564214, "target": "80.xyz", "model": "7.xyz", "model_rescale": 3.7474275329858107, "target_rescale": 4.398738085324718},
{"mapping": [12, 9, 3, 1, 8, 2, 7, 6, 0, 5, 10, 13, 11, 4, 15], "R": [[0.934382564473662, -0.022927425859831513, 0.35553277816688744], [0.3116432326190279, -0.4309968274015388, -0.8468295166871376], [0.1726491203869448, 0.9020621197640717, -0.395570743756871]], "T": [-0.018161180874079055, 0.03351275674806155, 0.018174992542335986], "aligned_model": [[-0.313858652552073, 0.3302108977837821, 0.3840941653196771, -0.2775825304842471, 0.7228578142116925, -0.10712947362447678, -0.6567670536248619, -0.6609523405396592, 0.23545902929009802, 0.2604472817030494, -0.5119176767046325, -0.16675576329420094, -0.002360087935527052, 0.5603197239767088, 0.006088388813417396], [-0.014082044524450166, 0.3512094385034292, -0.37402018945034843, -0.5786688258987319, -0.21828955012791856, -0.7015306078261128, -0.13173393398684918, -0.07179329177959907, -0.6594231593715609, -0.25468606309116226, 0.41378446991507845, 0.18799419446351667, 0.6765050692124115, 0.35740770382593234, 0.006444752115958248], [-0.5770789581472378, -0.6342899432693212, -0.5839832428316464, -0.2836287915264845, -0.012551146655286168, 0.38850780864894274, -0.14008397768622813, 0.3858763775801985, 0.03496112091922984, 0.7006694952565407, 0.16295142996121606, 0.6464315917819621, -0.13764150846341727, 0.21546147837074833, 0.031192921757044693]], "inverted": true, "swapped": true, "error_lsq": 0.04620272341931489, "error_max": 0.2689792268962441, "target": "80.xyz", "model": "8.xyz", "model_rescale": 4.019505241142653, "target_rescale": 4.398738085324718},
{"mapping": [4, 5, 8, 9, 11, 12, 1, 14, 10, 6, 2, 7, 15], "R": [[-0.4577384433876739, -0.8829106644137009, 0.10461489430089166], [-0.5303031656284384, 0.36556879896206224, 0.7649431388998091], [-0.7136203962678523, 0.2946662720604325, -0.6355452132936892]], "T": [0.03489949591037867, -0.0732533409658158, -0.028833282877473672], "aligned_model": [[-0.31182042846012586, -0.7370305842288016, -0.24889477085124456, 0.5515511306961554, 0.26790148609799824, 0.6830399624512978, 0.31627112290414333, -0.2834197947909047, 0.14175290408864918, -0.07994532100435417, -0.3814329376615455, 0.39178376968952516, 0.009944232810383515], [-0.5344916055422525, 0.09791752230002294, 0.0012633272921441369, -0.42040075111352887, -0.6909754496735975, 0.0798442063206286, 0.6005270039500983, -0.7164801588448084, -0.3371514581457936, 0.15436376117921802, 0.6369724093745619, 0.24543271238129943, -0.05344329136393369], [-0.4102970542177096, -0.06495070743361228, -0.755032793178155, -0.5392885141675452, 0.016960159821246316, -0.006369927752562739, -0.0299757239598717, 0.287413595246404, 0.544143507883809, 0.6743560729850939, 0.05832856608421099, 0.45204367196607503, -0.050627359233503755]], "inverted": true, "swapped": true, "error_lsq": 0.04248535034815309, "error_max": 0.2955298536037659, "target": "80.xyz", "model": "9.xyz", "model_rescale": 3.877068213659057, "target_rescale": 4.398738085324718},
{"mapping": [3, 4, 5, 13, 10, 12, 1, 7, 6, 14, 8, 9, 2, 0, 11, 15], "R": [[-0.6655190685287209, -0.6170906483024657, -0.41986128804916834], [-0.6722485142903077, 0.2511728590486705, 0.6964151993687323], [-0.32429354674297484, 0.7457287218921903, -0.5819985986975421]], "T": [-0.020802645581404787, -0.016465773427895826, -0.08997452336705478], "aligned_model": [[0.013632783968746148, 0.5249419374737174, 0.2459790532075575, -0.1943411500407485, -0.6555558949857929, -0.41512588035987963, 0.6660302838482981, 0.7672412943472104, -0.5330250152655491, -0.4267571461299847, 0.3067357424233186, -0.0877795877955389, 0.28104478642467423, 0.041614065758147335, -0.3626255483828149, -0.018033018703929683], [-0.324078454679652, 0.005615213839546811, -0.7333717982814457, 0.4694561220450249, 0.17044942962716217, -0.649255668675021, -0.5173324972746881, 0.12826300613257546, -0.12289649776566311, 0.6502746955025263, 0.09136976367161839, 0.49459200769086226, 0.5728302755694993, -0.637269320364018, -0.23165194567806016, -0.08831747869327683], [-0.6440051924216003, -0.4896818660720105, -0.25081207794460536, -0.6656504694805689, 0.1656850133166671, -0.042211036261292995, 0.08409345817299971, 0.06599630251243493, -0.416479224768039, -0.10337740415364724, 0.6002522778583284, 0.3223109814342532, -0.1344003309219022, 0.40446773402087854, 0.5276882411383381, -0.03580176952020835]], "inverted": false, "swapped": false, "error_lsq": 0.03922436857607232, "error_max": 0.2554870204712325, "target": "80.xyz", "model": "10.xyz", "model_rescale": 4.260839863003843, "target_rescale": 4.398738085324718},
{"mapping": [2, 1, 12, 7, 11, 13, 5, 0, 3, 9, 4, 15], "R": [[-0.3104334387120694, -0.44165463576129854, -0.8417673448405771], [-0.7138837392142969, -0.4764075010316979, 0.513230844597387], [-0.6276950589377093, 0.7602480356247481, -0.16739724404511025]], "T": [-0.12385956201132789, 0.08885042234920061, -0.04735742967771716], "aligned_model": [[0.4614537545669414, 0.18364832725448146, -0.3275947389681194, -0.37932260725838485, -0.6517874082798081, -0.2597341711101689, 0.35115822099098626, 0.5838502478154299, 0.3661159748335133, -0.2559360034414906, -0.026517163985485828, -0.0864357833237645], [-0.005377838608063637, -0.5387561942084995, -0.5227313003074592, -0.40792326728417677, 0.2690162569555718, 0.5632327918187764, 0.6065934326662572, -0.09137724568921667, -0.3599753797450228, -0.0958958540160889, 0.6583235297100465, 0.09794957424080897], [-0.6251808074308239, -0.2587813728252144, 0.1214303064264527, -0.43222671264217355, 0.30873249096999594, -0.4913739576922188, -0.4117476909510131, -0.1542685222105121, 0.4516078786107548, 0.7249309919879099, 0.3330303843350986, -0.049974911182751325]], "inverted": false, "swapped": true, "error_lsq": 0.04627355774674832, "error_max": 0.2264060104827385, "target": "80.xyz", "model": "11.xyz", "model_rescale": 3.890672605050136, "target_rescale": 4.398738085324718},
{"mapping": [9, 3, 8, 11, 4, 6, 1, 10, 12, 2, 5, 0, 13, 15], "R": [[-0.7891408527609062, 0.4504826508726256, 0.4175189765346744], [-0.6121074368032833, -0.633025045180008, -0.4739238103165564], [0.05080551460131527, -0.6295591103602749, 0.7752897047223539]], "T": [0.13294744512970494, -0.09126255364998553, 0.1444414893490216], "aligned_model": [[0.6623325401873442, 0.1137599825147341, 0.38038127306454533, 0.6690844515901274, 0.715953263140299, -0.37441345613066446, -0.47669291294939364, 0.12367424971203464, -0.01954376496809926, -0.5426072026084938, -0.00046276861463845353, -0.2667851281723229, 0.10056541094005977, 0.12462989708816141], [-0.3111572542646268, 0.10314969472754182, 0.5533513640401493, -0.46684930751380194, 0.26861818409677957, -0.3270815481605862, -0.13130466883122516, -0.5626877377021184, -0.5741294166826936, 0.3806577070506492, 0.5842047385564586, 0.43602783452730337, 0.03355845669018953, -0.05420552670625398], [-0.4207155870668112, -0.6632234938999222, -0.2252976705592459, 0.24170027320774964, 0.23962616392812275, 0.640877250611009, -0.25541662755840566, 0.576916429119763, -0.28870461660638524, 0.2236102020103732, 0.534858744909537, -0.1825812703105014, 0.7956114658150615, 0.13752917175651705]], "inverted": false, "swapped": true, "error_lsq": 0.05025311391091767, "error_max": 0.2849352367125802, "target": "80.xyz", "model": "12.xyz", "model_rescale": 4.124412569039231, "target_rescale": 4.398738085324718},
{"mapping": [11, 3, 1, 4, 12, 10, 8, 13, 0, 5, 6, 2, 15], "R": [[0.9946500916463732, -0.10166504082339026, -0.018314329423701058], [-0.03357101018750124, -0.15045481697578517, -0.9880467272977395], [0.09769433178466466, 0.983375598397256, -0.15306289561479774]], "T": [0.0887445454791963, -0.007092176603446174, 0.08501193509805059], "aligned_model": [[-0.14973643522204924, -0.08037505776694426, 0.58117812246103, -0.5832986551805732, 0.4318446764626724, 0.39250095284157477, -0.501176240817751, 0.11435151431833901, 0.10853239983080953, -0.1221481657088119, 0.6902604891794945, 0.4101956331958952, 0.07516907391607179], [-0.535215492957649, 0.6587266168107653, 0.5152917875075418, -0.1255397947692365, 0.07160288984194631, -0.5692785966375261, 0.5059429226476023, -0.35773762180129776, 0.7023644014743541, 0.18520367765113394, -0.24868021089668046, 0.5218271745972415, 0.022977623040281916], [0.40466824268291807, 0.5525276036500621, 0.21833641576202883, -0.02811697238324297, 0.650802454913247, 0.05275137160151821, 0.03761888405423627, -0.47805402366722227, -0.11758365616801005, -0.6532471997697101, -0.28820105840587945, -0.4647734937158524, 0.06496951241374603]], "inverted": false, "swapped": true, "error_lsq": 0.04391482327963175, "error_max": 0.24907629580050133, "target": "80.xyz", "model": "13.xyz", "model_rescale": 3.9028299243045295, "target_rescale": 4.398738085324718},
{"mapping": [0, 2, 8, 3, 10, 5, 12, 1, 4, 7, 11, 9, 6, 13, 14, 15], "R": [[-0.001111491361055511, 0.5637821636324334, -0.8259227788097907], [-0.9852056926187787, 0.1409231946926253, 0.09752126142117318], [0.17137242432347935, 0.8138122173865152, 0.5552847620941319]], "T": [0.0498468626271272, -0.06629927874621903, -0.09716930761322506], "aligned_model": [[-0.05064029620171337, 0.6204217411514339, 0.2647205384112522, -0.05630436496526245, -0.6288008149068324, -0.18150919782853606, 0.38473138790359784, 0.631821793538046, -0.5308884389849089, -0.561645918711, 0.40602953399759545, -0.05103111675245342, 0.2820774581232195, -0.2127813813137779, -0.1740115942027323, 0.011787376529502985], [-0.2574781957877116, -0.13098060760254732, -0.7260192682108545, 0.3056378478668671, -0.03862563588304286, -0.5226638016574752, -0.5527601630289606, 0.1740262154077588, -0.1164899951582158, 0.5939379819181011, 0.07139341881044957, 0.5479212643900231, 0.5564792603102194, -0.6191146719125851, -0.03536661930560059, 0.028779822510564892], [-0.8975250796509348, -0.5580493389121917, -0.4364420570544726, -0.5861316128736416, 0.20946418911767406, -0.11470866830766344, 0.27086391337924465, 0.0632912557463858, -0.44298815517699874, 0.00671184485923304, 0.5353109798210087, 0.3647854673695374, -0.14839531717375337, 0.41083945053772086, 0.7583896995093914, -0.04734193428051418]], "inverted": false, "swapped": false, "error_lsq": 0.04537667541739689, "error_max": 0.31011143798431773, "target": "80.xyz", "model": "14.xyz", "model_rescale": 3.942246331269136, "target_rescale": 4.398738085324718},
{"mapping": [12, 11, 9, 14, 13, 4, 0, 3, 1, 8, 5, 2, 10, 6, 15], "R": [[-0.686468318384096, -0.7089420548593232, 0.16174798517060962], [-0.19238717107338354, -0.037440466165168496, -0.9806046032421607], [0.7012477623930732, -0.704272230281143, -0.11068966254141688]], "T": [-0.12216684486892175, -0.04369463847830753, -0.05622862338068546], "aligned_model": [[-0.7814871357525924, -0.21211744881081068, -0.4463330841788294, 0.27318066347068576, 0.31692154997571753, 0.3830770808386396, 0.004174676148258075, -0.4072852484726561, -0.5452818377172101, 0.26180473870724574, 0.5839355955504739, 0.09840922479337404, -0.26619941398344893, -0.18957728908952415, -0.09892803494711333], [0.028772522412896108, -0.4911243414380581, 0.09957275039249561, -0.7004833253317183, -0.4452108030009582, -0.05660388198389706, 0.6297671519757454, 0.6823096365315685, 0.39783454912573185, 0.5551482641330486, 0.11095710837503567, 0.36870202364390914, -0.6497481983064547, -0.41796051565178105, -0.013788250995912806], [-0.12006270752006587, -0.5354812917841275, -0.7789979391573681, -0.22178515893708606, 0.2381136436336907, -0.5284912393877254, 0.21809273164592197, -0.3427810527913697, 0.34274121277796804, -0.38396426296539615, 0.2662340290930626, 0.6268714352986277, 0.08977127900095128, 0.5878637865676427, -0.04876198511420964]], "inverted": false, "swapped": true, "error_lsq": 0.0415558649481087, "error_max": 0.2894602499278207, "target": "80.xyz", "model": "15.xyz", "model_rescale": 4.355366556412066, "target_rescale": 4.398738085324718},
{"mapping": [4, 11, 14, 0, 5, 8, 6, 3, 10, 9, 12, 15], "R": [[0.3436877743771366, 0.7294181613028674, 0.5914624753145672], [0.7716520405705585, 0.1395879768558146, -0.62053873771151], [-0.5351932753940245, 0.6696748036762658, -0.5148823315032002]], "T": [-0.017040932274010167, 0.072189274191383, -0.12542760630334257], "aligned_model": [[-0.18078002041174254, 0.50546715249035, 0.22134785453026795, -0.6463854216957087, -0.6944094401931059, -0.5618997270082902, 0.061500891327920595, -0.22161466148677336, 0.4364001300814567, 0.3439965499880811, 0.3891674487150559, -0.054982201705730746], [-0.5435895035031224, -0.31087010566425743, -0.59944017445044, 0.4267000832847158, -0.20731339597397602, -0.10301343344802776, 0.2805629201215863, 0.4636843234423186, -0.023771567319765805, 0.003986715401669297, 0.5531722118549617, 0.07266835399531847], [0.14378617392897028, 0.009547885073697054, -0.45278775665378923, 0.026271994318016023, -0.42464348700039845, 0.4092597355072811, -0.8394904557686622, 0.5783963929573488, -0.5665001510258247, 0.5908161557126811, 0.09292919017258419, -0.11832721601248349]], "inverted": false, "swapped": true, "error_lsq": 0.04605137167078512, "error_max": 0.2900281019606508, "target": "80.xyz", "model": "16.xyz", "model_rescale": 3.795458400668931, "target_rescale": 4.398738085324718},
{"mapping": [0, 8, 9, 2, 12, 4, 5, 1, 6, 14, 11, 10, 15], "R": [[0.3069804885239459, 0.8686009467052216, -0.38896706164968886], [-0.6259126526454293, 0.4921373728245414, 0.6050075681573917], [0.7169353743008935, 0.05773388651521433, 0.6947448937731653]], "T": [-0.023730814038743428, 0.09744801683254271, 0.010383090222781891], "aligned_model": [[-0.03785242379724106, -0.07585385062039875, 0.561551056577385, -0.3418012609078557, 0.6062551107356026, -0.3099528199356351, -0.7208988713947623, 0.3395775562271127, -0.2998790476027222, -0.5072232826062185, 0.09596152395844441, -0.12288106019144195, -0.03837082953804667], [-0.4446980591421796, 0.1512270860180291, 0.5853084022430345, -0.6480867471780303, -0.0015111521326336835, 0.5966399171562449, -0.12729277764643604, -0.5351650362504624, -0.27980384308534473, 0.6318722278974321, 0.7097504617521964, 0.2449992591926743, 0.08054152664596068], [-0.4902598777705645, -0.7692633996885329, -0.24931318531018049, -0.1580200157018869, 0.2036558072327292, -0.37348467542270447, -0.2894973134564425, -0.020584699616335075, 0.5942472307961546, 0.31974661984545955, 0.2311250902639213, 0.6250050304489582, -0.021081580784280064]], "inverted": false, "swapped": true, "error_lsq": 0.04705664939964198, "error_max": 0.2951975015564214, "target": "80.xyz", "model": "17.xyz", "model_rescale": 3.7474275329858107, "target_rescale": 4.398738085324718},
{"mapping": [5, 4, 8, 14, 2, 7, 0, 9, 13, 1, 10, 11, 12, 15], "R": [[-0.45058366223176466, -0.25482018691788355, -0.8555939665921831], [-0.39243510316915464, 0.9173689895935891, -0.06654943074626685], [0.8018535110170847, 0.3057790203254176, -0.513351865291636]], "T": [-0.002362226179792936, -0.007814414090488081, 0.04790288696728979], "aligned_model": [[0.3770393529885882, 0.1829369142062585, 0.7063859720693891, -0.47069397886838793, 0.43231541173314253, -0.3422085598833796, 0.660428069737815, 0.047870586733065976, -0.2358031800355881, 0.24513354650484426, -0.6259007839638994, -0.43240058241596585, -0.16372016655139912, 0.03346504562839274], [-0.5626605788309407, 0.2244953293930025, 0.20501495534584843, -0.08127127124912617, -0.6746261101952473, -0.22234888733896277, -0.23634609299486062, 0.7949597646096684, -0.49154603869705715, -0.15970391054148106, -0.14931345946351154, 0.417802033283284, 0.316511713956097, -0.020559205765479843], [-0.3700446654944648, -0.5767301758503234, -0.20868491367773828, -0.5768766401896149, 0.2754287374573334, 0.5943910025056457, 0.2786570079115226, 0.0800752628452226, -0.3421743559343826, 0.7178481639973254, 0.02466591305527239, -0.2202113094166394, 0.6071932439571245, 0.041257447495372]], "inverted": false, "swapped": true, "error_lsq": 0.0362497061549389, "error_max": 0.24204711765261727, "target": "80.xyz", "model": "18.xyz", "model_rescale": 3.922800546911778, "target_rescale": 4.398738085324718},
{"mapping": [14, 10, 13, 4, 1, 11, 7, 8, 12, 5, 2, 0, 9, 3, 15], "R": [[-0.10937679969429637, -0.8671126616241587, -0.48595508819200683], [-0.9454478822069323, -0.06017342510673107, 0.32016786369239414], [-0.3068631905573893, 0.4944641452744496, -0.8132282529025584]], "T": [0.021937252407776733, 0.03944070961501527, -0.050087065546377194], "aligned_model": [[-0.18185319385215193, -0.30151380187117455, 0.2505021387618873, 0.04632369740581577, 0.23185430902553517, -0.551888325864035, -0.11319474776454279, 0.3814010714474763, -0.38015824809969306, 0.7250231970768448, 0.776850187168438, 0.6173578131549506, -0.525085149129575, 0.06405054862357858, 0.0563813408042637], [0.5272419544806286, -0.08475272833501879, 0.22490563989225526, 0.7265779614713764, -0.5941929417471654, 0.3450633743799804, -0.5948088911708059, 0.4621851434728908, -0.41827008831596957, 0.332775121790163, -0.2982535132197112, -0.13402246501899584, 0.25401185691434186, -0.07878613479351287, 0.04793721523412234], [-0.6293964798623699, -0.5879696505940195, -0.6450762010560733, 0.02552873916224506, 0.24587657419019648, -0.1737259061870245, -0.24917653689252417, 0.5026611184393885, 0.219819510152515, -0.26480795054382394, -0.08776427881896896, 0.35010045530298517, 0.5001224347473192, 0.771336022606351, -0.034868683482867535]], "inverted": false, "swapped": true, "error_lsq": 0.037110468969134905, "error_max": 0.2793256711675476, "target": "80.xyz", "model": "19.xyz", "model_rescale": 3.9282355846067225, "target_rescale": 4.398738085324718},
{"mapping": [1, 0, 8, 2, 7, 5, 13, 4, 10, 11, 3, 12, 9, 15], "R": [[-0.9890670995812872, 0.0896347281421426, 0.11709777127146562], [0.12024794985607784, 0.030572194811821274, 0.9922730327182123], [0.08536218765513498, 0.9955053773914395, -0.04101634434536161]], "T": [-0.029535623288540883, 0.01127412406196275, 0.039170802975061356], "aligned_model": [[-0.5731821416911035, -0.11196934863061457, 0.5094652768770698, -0.3856386991041265, -0.6897040137107754, 0.1813467177589042, -0.006492689841711419, 0.6535252917416171, -0.27697273436034436, 0.2500096096095174, 0.062493889750360784, -0.3934244031377126, 0.331450527133611, -0.018384463310015413], [-0.47164601919490917, -0.6661679370585096, -0.5489292756076048, -0.4197324525919333, 0.1185614666367762, -0.11839237572398038, 0.4225732507498793, 0.07479876652483629, 0.6007212034386356, 0.4749813219791318, -0.7153403907947433, -0.09510007777371825, -0.11585027360055618, -0.017595119558468226], [0.10541164467629248, -0.24197347263662733, -0.056264143848960016, -0.5713817581371341, 0.1524710835527565, -0.7126238621290701, -0.4813609161500144, -0.04949969757734739, 0.06542506968160891, 0.4196936902969131, 0.4316614674967788, 0.5871662507300369, 0.7473608664275343, 0.016096934860915083]], "inverted": false, "swapped": true, "error_lsq": 0.046857239918744804, "error_max": 0.33026663777678855, "target": "80.xyz", "model": "20.xyz", "model_rescale": 4.067790424073018, "target_rescale": 4.398738085324718},
{"mapping": [6, 12, 13, 5, 14, 11, 4, 7, 10, 1, 3, 8, 0, 9, 15], "R": [[-0.45957025872218826, 0.3236636660070925, 0.8270652988760139], [-0.6243124654251072, -0.780064266001297, -0.04163756023930898], [0.6316875199122152, -0.5354825601405773, 0.5605615978395664]], "T": [0.043401377924176816, 0.037340607928622836, 0.0012253548334208685], "aligned_model": [[0.19659249058503744, 0.20059543505424454, -0.15921463054235951, 0.20877445826888333, -0.63230414459026, -0.57313504332228, -0.3802176944872051, 0.31516754656788176, -0.27652634011331917, 0.7168502993060775, 0.4555844785630167, 0.18866107515416441, 0.6864927120196807, -0.24393509598368562, 0.06505840742763842], [0.09938485908452631, 0.6737206323067699, -0.3485601770443927, -0.717880689256856, -0.20394507838599524, 0.2657900961703459, -0.397873386817062, 0.5044820875153417, 0.27602657778304235, 0.31950626686758127, 0.21053767892339126, -0.41276470249118324, -0.24575310731057218, 0.4100920839764835, 0.008131998606426157], [-0.7282656603680855, 0.12097517175157413, -0.4994527416334443, -0.16839928366643828, -0.31544997167241373, 0.07646658695176797, 0.33229288839252796, -0.4087646679704101, -0.4988121766254923, 0.0018102042593070265, 0.701650134773357, 0.6255349561920143, 0.2271825484818685, 0.6542941621706091, 0.014187422584399381]], "inverted": true, "swapped": true, "error_lsq": 0.04212934531950643, "error_max": 0.24700090018751497, "target": "80.xyz", "model": "21.xyz", "model_rescale": 4.186013935880536, "target_rescale": 4.398738085324718},
{"mapping": [12, 9, 10, 2, 0, 6, 1, 3, 14, 4, 8, 5, 15], "R": [[0.5290180399480093, -0.6265130477417586, 0.5723821401990978], [-0.7254358205124243, 0.016102355787345035, 0.6881014347140717], [-0.4403212278859976, -0.7792445797998411, -0.44597657015311554]], "T": [0.05202467471099208, 0.02807041231581924, -0.09732799168834076], "aligned_model": [[-0.15657831269097527, -0.6371278315876321, 0.5239862781804817, 0.3380860052214682, -0.1513639211819559, 0.762033062182782, -0.005056223278449526, -0.6764062698064035, 0.41675733912974305, -0.2056684458400831, -0.5097673347539335, 0.31715773184359936, 0.042521958004583894], [-0.3668873139846988, 0.18842561270388153, 0.17962954320116797, -0.46828833369456585, -0.4207850408409888, -0.195721546280015, -0.6993391815830746, -0.36053523167955, 0.7150484619324837, 0.6186290654380673, 0.13218137461355933, 0.17511038979109864, 0.021488859928727625], [-0.5918203715679229, -0.4812027264929508, -0.5018577737036259, 0.5002901222025177, 0.4521508797801072, -0.16998744631774831, -0.06960968307618655, -0.0031950073961043574, -0.19788265764315333, 0.15427642868851305, 0.43840355870493525, 0.6338106329588661, -0.06049639480190101]], "inverted": false, "swapped": true, "error_lsq": 0.04942821106435603, "error_max": 0.31917964786635056, "target": "80.xyz", "model": "22.xyz", "model_rescale": 4.166573947596378, "target_rescale": 4.398738085324718},
{"mapping": [1, 4, 2, 0, 13, 6, 11, 3, 5, 7, 9, 10, 8, 12, 14, 15], "R": [[-0.37013966812153476, 0.8992430893536867, 0.23314907748588232], [0.708842177612218, 0.4356090760311606, -0.5547859948820333], [-0.6004493261890207, -0.04008240423073861, -0.7986576284931076]], "T": [0.08151918587135762, -0.06635938833948495, 0.018553258027287772], "aligned_model": [[-0.1299743407460198, 0.49684245848188435, 0.3343364639247203, -0.06745169965948877, -0.7172592817034423, -0.24679355743008544, 0.5814609599304817, 0.674136292761759, -0.6734257564608439, -0.3543797392182567, 0.4135385086200636, -0.36342298079814983, 0.4736256358923363, -0.03102064860089611, -0.2801144046734141, 0.043878795466783097], [-0.2668659101519342, 0.1186330942698164, -0.5334289900572613, 0.32046212478820824, 0.08874581924621246, -0.7039890273954761, -0.530610394425872, -0.13823805096321495, -0.019117631987877602, 0.4635107162703884, 0.15076456755423429, 0.43595690035752865, 0.6264312151231654, -0.5810574817467701, -0.07123990688971747, -0.08128019132444013], [-0.6319593735001561, -0.5586277135671707, -0.39465207864925866, -0.684961173298589, 0.2524516830206943, -0.23590070234682617, 0.41430893180189954, -0.052616078743114844, -0.32624861508999947, -0.18298940990349183, 0.4691856174741511, 0.3511882645031267, -0.124180241288705, 0.40817103679139943, 0.7222400420076487, -0.037335552301582614]], "inverted": true, "swapped": false, "error_lsq": 0.04106477561772466, "error_max": 0.28213244621943206, "target": "80.xyz", "model": "23.xyz", "model_rescale": 4.274766983524099, "target_rescale": 4.398738085324718},
{"mapping": [9, 10, 14, 4, 13, 5, 8, 2, 1, 6, 15], "R": [[0.6714458910707745, 0.6023812586350908, -0.4316216336206723], [0.6176868094782416, -0.1331482301328729, 0.7750706769121603], [0.40941839328584706, -0.7870250110750534, -0.46148478976186014]], "T": [0.09269574424722443, 0.06114641945690592, -0.052657516141289155], "aligned_model": [[0.37386094781892887, 0.07987436631856257, -0.47992245337338885, -0.4393035809815575, -0.4090979997781982, -0.5111779642823133, -0.1434060128782612, 0.057877773984364944, 0.6554932383213377, 0.11643372960610983, 0.07926265920248987], [-0.31667489440627095, 0.684594774122739, 0.4813193208379685, -0.2391044971245302, 0.45218116896809246, -0.07598316835752199, -0.6851804448085416, -0.042960121953423455, -0.06227597521530835, 0.6861118082876823, 0.03355856089259781], [-0.7054989688246074, -0.19587075286898936, -0.38528813814284485, -0.377151208773697, 0.13693700419898036, 0.4403049588038636, -0.026015061037708752, 0.7678911031295297, 0.39587023550962913, 0.3576215573857333, -0.029234295358311013]], "inverted": false, "swapped": true, "error_lsq": 0.045893520353327395, "error_max": 0.20339773478874365, "target": "80.xyz", "model": "24.xyz", "model_rescale": 3.7841303162186577, "target_rescale": 4.398738085324718},
{"mapping": [1, 8, 4, 0, 11, 6, 5, 2, 7, 10, 12, 14, 9, 3, 13, 15], "R": [[0.8639892847333954, 0.499741848888439, -0.061486586630260874], [0.49266590477164884, -0.8138466052897932, 0.30811363055504737], [0.10393662560141417, -0.2964992201133828, -0.9493605165219099]], "T": [-0.023928900387443695, 0.01765933183571041, -0.10614003944760435], "aligned_model": [[0.18892137166227604, 0.3586041487081666, 0.3092513757951657, -0.2240210166101108, -0.7075257124017016, -0.35754890924999266, 0.5652603660938542, 0.7282302506725192, -0.5983558221173192, -0.4271307751995445, 0.3697322192171652, 0.004276147633107633, 0.32032852174908744, -0.07441704956395973, -0.24869466276972532, -0.0529337478315572], [-0.24140068462890665, 0.13025112210167356, -0.6378614759492048, 0.14009154998880397, -0.12129852853975928, -0.6184938733362575, -0.4524883235300385, -0.03486467221020222, 0.06721205782097198, 0.6827635236313508, 0.06156544786952108, 0.5682258269882359, 0.45318702910244496, -0.6379949180435606, -0.035190942258982984, -0.045026286339098866], [-0.7699314700648702, -0.5425450563220484, -0.23258258364158796, -0.8034946453227224, 0.21450568531182662, -0.18381398281997122, 0.3423640696316799, -0.08908517495202074, -0.40677902401153, -0.12402208298501309, 0.5406018583096132, 0.4642808332351754, 0.07809665815515178, 0.3592311447066486, 0.6413137704027893, -0.10006536272309449]], "inverted": true, "swapped": false, "error_lsq": 0.04472396020243062, "error_max": 0.2654649470670072, "target": "80.xyz", "model": "25.xyz", "model_rescale": 4.19342608120988, "target_rescale": 4.398738085324718},
{"mapping": [4, 11, 14, 0, 5, 8, 6, 3, 10, 9, 12, 15], "R": [[0.3436877743771366, 0.7294181613028674, 0.5914624753145672], [0.7716520405705585, 0.1395879768558146, -0.62053873771151], [-0.5351932753940245, 0.6696748036762658, -0.5148823315032002]], "T": [-0.017040932274010167, 0.072189274191383, -0.12542760630334257], "aligned_model": [[-0.18078002041174254, 0.50546715249035, 0.22134785453026795, -0.6463854216957087, -0.6944094401931059, -0.5618997270082902, 0.061500891327920595, -0.22161466148677336, 0.4364001300814567, 0.3439965499880811, 0.3891674487150559, -0.054982201705730746], [-0.5435895035031224, -0.31087010566425743, -0.59944017445044, 0.4267000832847158, -0.20731339597397602, -0.10301343344802776, 0.2805629201215863, 0.4636843234423186, -0.023771567319765805, 0.003986715401669297, 0.5531722118549617, 0.07266835399531847], [0.14378617392897028, 0.009547885073697054, -0.45278775665378923, 0.026271994318016023, -0.42464348700039845, 0.4092597355072811, -0.8394904557686622, 0.5783963929573488, -0.5665001510258247, 0.5908161557126811, 0.09292919017258419, -0.11832721601248349]], "inverted": false, "swapped": true, "error_lsq": 0.04605137167078512, "error_max": 0.2900281019606508, "target": "80.xyz", "model": "26.xyz", "model_rescale": 3.795458400668931, "target_rescale": 4.398738085324718},
