[{"mapping": [8, 7, 2, 1, 6, 5, 12, 11, 3, 0, 13], "R": [[0.19439178291174286, 0.86461326212023, 0.46330955278540203], [0.7776819652537188, -0.4237078696348124, 0.46441619494656217], [0.5978483048863719, 0.27002879138222313, -0.7547594690821363]], "T": [0.08270958632746242, -0.10501958956783994, -0.1214445631209235], "aligned_model": [[-0.5263670117779415, -0.5533623089337641, 0.3998350052388068, 0.517992316828583, 0.11478297919692133, 0.14336605778739928, 0.02762026099941331, -0.49012990602874174, 0.48652243555472885, 0.5219694885071099, -0.07186826986989886], [0.37147152138140094, -0.1373561403112907, -0.06965972712480359, -0.3220632871680702, 0.6002402607479788, 0.4041976123262142, -0.6352725709285457, 0.020950582795278838, 0.1847322257771031, -0.6541012813943904, -0.11955669366439992], [-0.009368470891550282, 0.28569346509589255, 0.5781548895789896, -0.432032861809848, 0.17202796572974055, -0.6776998050798806, -0.3470919649818567, -0.4996617923889377, 0.040355851282129346, 0.19631709066796083, -0.07210673551052987]], "inverted": true, "swapped": false, "error_lsq": 0.04822308570095157, "error_max": 0.2198700252940385, "target": "801.xyz", "model": "0.xyz", "model_rescale": 3.8414455957264533, "target_rescale": 3.7624366344725817},
{"mapping": [13, 11, 10, 2, 8, 9, 4, 7, 6, 5, 14], "R": [[-0.7588392109313006, 0.6383067661450363, 0.1293349304968574], [-0.5999571372315744, -0.6078519592469488, -0.5201609646297382], [-0.2534057723061081, -0.4723139506018338, 0.8442186012099198]], "T": [-0.032820117636956164, -0.12025739951827125, -0.048245030088237634], "aligned_model": [[-0.5640481606798429, -0.7058516908040086, 0.3327536689332572, 0.48506265284346617, 0.06875410729417299, 0.023797030376358094, -0.05955607246414511, -0.19256511764035958, 0.719189229006437, 0.5135364885040632, -0.050711087866781926], [0.4196304385444333, -0.07995029423435135, -0.09976732696928609, -0.3682965470346222, 0.6013620093499905, 0.3955513954243361, -0.5911688803660906, -0.09848625878300737, 0.08639617041250464, -0.4495799903679421, -0.17210821353948974], [-0.08237550380504202, 0.472973965070119, 0.5299567200907491, -0.5117951837472723, 0.2571244233199773, -0.4912410409101582, -0.3190674825795019, -0.6703081736195995, -0.09071170383937459, 0.1171752681360759, 0.022856343576136542]], "inverted": true, "swapped": false, "error_lsq": 0.04784175066635281, "error_max": 0.23918789262660867, "target": "801.xyz", "model": "1.xyz", "model_rescale": 4.316132596720782, "target_rescale": 3.7624366344725817},
{"mapping": [2, 6, 10, 5, 1, 0, 3, 4, 9, 7, 11], "R": [[0.1860340320209961, 0.10753425468001404, 0.9766410410178477], [0.6334344783505537, -0.7729793205842541, -0.0355490026001723], [0.751100592841447, 0.6252514326409169, -0.21191636419518928]], "T": [0.07186105324137534, 0.02285365357669355, -0.0034650056260683154], "aligned_model": [[-0.5058912859991727, -0.6022977693481095, 0.10213107897284175, 0.37968779842122335, 0.20989104611569595, 0.08603189457348373, -0.0037394846364181, -0.5072501830369314, 0.7967893546090535, 0.6547012229975401, -0.039692625166590445], [0.6150909012271686, -0.36285355227787947, -0.10279664380732978, -0.19356910783829961, 0.5313342707447936, 0.39815599908817334, -0.6167911061745575, -0.13230038827876436, 0.1791347958250908, -0.6406042478944474, -0.031218418177473096], [-0.1306761637155472, 0.26641607239928655, 0.6134073692610005, -0.5270715040678736, 0.12689007266499935, -0.60584478225869, -0.13057184586082532, -0.48811656133271114, -0.0008828193969952353, 0.13999951707509273, -0.02896172307562668]], "inverted": false, "swapped": false, "error_lsq": 0.04701443109045338, "error_max": 0.2665587103074199, "target": "801.xyz", "model": "2.xyz", "model_rescale": 3.795458400668931, "target_rescale": 3.7624366344725817},
{"mapping": [0, 10, 6, 9, 1, 7, 5, 4, 8, 3, 11], "R": [[-0.4553467411608831, 0.5574300925191954, -0.6942125303307375], [0.006746339225533582, 0.7818767343105097, 0.623396550560706], [0.8902886229876342, 0.2791781945245259, -0.35978563545645925]], "T": [-0.03303913327963377, 0.016325952275614133, 0.02439478641555115], "aligned_model": [[-0.556409692017469, -0.652518010860438, 0.35737584275943407, 0.471933663840802, 0.12135232274040562, 0.16861725340439498, -0.05639145339096392, -0.4915790775592586, 0.7384151508792507, 0.5691627016867479, -0.09959765398028954], [0.5766758884666662, -0.3349085514955578, -0.10113513611704185, -0.37624172698512065, 0.5659823415445324, 0.3915774960140372, -0.6725295419432202, -0.1284947601463065, 0.1303146847862075, -0.5018639510040932, 0.09420575931637219], [-0.13148706446155065, 0.20297524165074365, 0.4499242634426198, -0.5633532328711813, 0.2895550662530846, -0.6095005340021372, -0.11256284491314666, -0.39954248969642553, 0.0736674293816714, 0.10122056098411272, -0.06630876407568097]], "inverted": true, "swapped": false, "error_lsq": 0.048195173646675055, "error_max": 0.22152783071139573, "target": "801.xyz", "model": "3.xyz", "model_rescale": 3.7530521520055578, "target_rescale": 3.7624366344725817},
{"mapping": [2, 4, 6, 5, 0, 1, 9, 3, 7, 8, 10], "R": [[-0.8970066519548924, 0.3727012416045815, 0.23764017096248283], [-0.4121609035950323, -0.5110161392078995, -0.7543115371096876], [-0.1596948837514877, -0.7745684540280842, 0.6119977566365278]], "T": [0.013930485157582759, -0.0755845549055815, -0.12187256403135115], "aligned_model": [[-0.5254563665190702, -0.44803580871001586, 0.1381052242177579, 0.4405980751895411, 0.14658046751606296, 0.050564330964730106, -0.08203272252856572, -0.4664800689249309, 0.5971736022123156, 0.6952550835004616, 0.024089230584329872], [0.3230740065083837, 0.03617192206682414, -0.1804399687305027, -0.266191687061092, 0.5335425804481886, 0.5506467082637089, -0.6119520359227267, -0.22497630332849358, 0.04786845731118683, -0.567511623533982, 0.0033504464149800572], [-0.22906005712968824, 0.4383135993076963, 0.5991832722329847, -0.6688491912997229, 0.4181167885728767, -0.6029320584606007, -0.14343078569069395, -0.6936746190501999, -0.06073533530537262, 0.2459372277057424, -0.06828120919091228]], "inverted": false, "swapped": false, "error_lsq": 0.05422884447615439, "error_max": 0.365083513381382, "target": "801.xyz", "model": "4.xyz", "model_rescale": 3.7855080009869324, "target_rescale": 3.7624366344725817},
{"mapping": [0, 3, 14, 8, 12, 6, 10, 7, 13, 15, 16], "R": [[0.4492857596753623, 0.13607186100522006, 0.8829647528613522], [-0.6417477618898246, -0.6384294666590871, 0.4249324960635449], [0.6215320717890056, -0.7575567732810325, -0.19951345567078094]], "T": [-0.028511982481087453, 0.06149497890162342, -0.04113231530095009], "aligned_model": [[-0.7420916564462741, -0.5514944652478243, 0.26246656400491364, 0.42471719010889875, 0.3056739317014416, 0.15532444522288735, -0.16053218158877086, -0.2838776969861946, 0.673699713799473, 0.505029436278735, -0.018554233344669456], [0.3673904445413438, -0.2430590644412513, -0.019759632029790808, -0.3192643192796522, 0.5334739964047549, 0.349024008404865, -0.6275775071810648, -0.11248626259945396, 0.21321331484122183, -0.5444182170745937, 0.047045740850096544], [0.03440506832669449, 0.2996796017469818, 0.5641994715896343, -0.42181006343645516, 0.31750516853045163, -0.597556877221906, -0.23789117793660247, -0.723692460150434, -0.13466262601301537, 0.12476180784841893, 0.00964971840834155]], "inverted": false, "swapped": false, "error_lsq": 0.04643711681453073, "error_max": 0.19856823078965166, "target": "801.xyz", "model": "5.xyz", "model_rescale": 4.2253639853439635, "target_rescale": 3.7624366344725817},
{"mapping": [4, 0, 6, 8, 2, 10, 9, 1, 5, 11, 13], "R": [[-0.4414655750747705, 0.3422743532608604, 0.8294313793941981], [-0.7156337672528942, -0.691935302145733, -0.09536167370555115], [0.5412729969168357, -0.6356679988361482, 0.5504087009344185]], "T": [0.01722795837874643, -0.09949366607478666, 0.022401226334685012], "aligned_model": [[-0.45230700561528253, -0.7000996532196062, 0.30540332682844856, 0.3444068283234264, 0.19478990326165443, 0.23815944641892203, -0.17820202708276903, -0.44293764892675375, 0.5926127035420002, 0.6714203457806628, -0.002885171808086496], [0.42806740747303323, -0.4139688039632857, 0.024643044586741367, -0.35656642317433884, 0.5375026498641076, 0.40157793524115565, -0.6087952529980887, 0.0027314266188723374, 0.15065631279550168, -0.454971023559619, -0.0672947704476043], [-0.023724075514990825, 0.19447427656397548, 0.5838840864543183, -0.5881169635807736, 0.13588717809484002, -0.5331426534229543, -0.2514882437537089, -0.5401851459097906, -0.061852257600976415, 0.24872391055827392, 0.0701275198038965]], "inverted": false, "swapped": false, "error_lsq": 0.04476597280873211, "error_max": 0.2392963210593008, "target": "801.xyz", "model": "6.xyz", "model_rescale": 3.89814844738969, "target_rescale": 3.7624366344725817},
{"mapping": [5, 6, 0, 11, 2, 10, 8, 9, 4, 7, 12], "R": [[-0.900595966042336, 0.28499569656143664, -0.3281834226309014], [-0.4202740128941612, -0.7635884295201125, 0.49020655278040337], [-0.11089030631263364, 0.5794050079559803, 0.8074609443938577]], "T": [0.10498304655724208, -0.09039729796323226, 0.04998674522553255], "aligned_model": [[-0.5418488806803211, -0.5129842039049746, 0.08779462804686622, 0.3889840104159481, 0.2666115987198155, 0.09452103574139112, -0.11829436778052313, -0.5086531892326729, 0.6928168488565691, 0.5663752848106621, 0.1550382825098559], [0.33207265964764265, -0.2927379114747789, -0.034660208409705545, -0.39852045487996157, 0.5941399521193108, 0.4450147684067488, -0.6640358178483272, -0.029308582213277284, 0.15408634031550988, -0.5054114595694239, 0.0429432163427379], [-0.02553938831268797, 0.2358646742749954, 0.6395699222120568, -0.6426487591503292, 0.13264755151379942, -0.45213687358485793, -0.23067820995308103, -0.596283026594424, -0.05088426087918804, 0.26482419003384555, -0.040148187868018784]], "inverted": true, "swapped": false, "error_lsq": 0.041832119546378076, "error_max": 0.2089762537481203, "target": "801.xyz", "model": "7.xyz", "model_rescale": 3.7474275329858107, "target_rescale": 3.7624366344725817},
{"mapping": [2, 1, 0, 11, 3, 8, 12, 4, 7, 10, 14], "R": [[0.7643000960226491, 0.10312023899857485, -0.6365623139399994], [-0.005332063838379399, 0.9881082938020911, 0.1536670713417281], [0.6448386870489338, -0.11405356648696745, 0.7557611075310835]], "T": [0.10290092588201989, -0.06825310757506037, -0.11775120245135796], "aligned_model": [[-0.6212307559907072, -0.4819370705948594, 0.10463014724118964, 0.4702572746856633, 0.10717113690031711, -0.021465330143684472, -0.011966432018979942, -0.42115513789849696, 0.7817253409026397, 0.6186503555971392, 0.04568151882239526], [0.3573083927433534, -0.17533745230551503, -0.03828947433466422, -0.4284516439221467, 0.5558407080674348, 0.49630531461132626, -0.6731410424127371, 0.15287280444613643, -0.032151270007002686, -0.5004884507098482, -0.0708853837398618], [-0.061892339190793635, 0.34192181289804396, 0.5405135072995807, -0.4667301172828124, 0.23526892666207178, -0.47971409855687164, -0.15723151622936168, -0.6550541141252018, -0.15984280280273816, 0.23216092020509377, -0.13481254718490088]], "inverted": true, "swapped": false, "error_lsq": 0.04613490999184009, "error_max": 0.22955337394431943, "target": "801.xyz", "model": "8.xyz", "model_rescale": 4.019505241142653, "target_rescale": 3.7624366344725817},
{"mapping": [6, 10, 9, 4, 11, 5, 0, 2, 8, 7, 12], "R": [[0.2951975956814293, -0.7530293444042736, 0.5880520265843607], [0.7849541036298561, 0.5420394739792938, 0.3000670989010631], [-0.5447067419250042, 0.37301476527655153, 0.7511022235269487]], "T": [-0.05452099398846193, -0.0625358966893941, -0.0801235599294461], "aligned_model": [[-0.5846505680709143, -0.7264146349754664, 0.18163586153523864, 0.5799505639056933, 0.15418650977253634, 0.09429073845002862, 0.12501889193847954, -0.439913155650243, 0.5657738962585532, 0.6578653762932474, -0.03738243195453682], [0.43156999613229763, 0.06358450433699309, -0.0447468560606431, -0.2501709422070745, 0.47670815014009393, 0.4119374086102865, -0.631217279286839, -0.22010863421128948, 0.04959817803810719, -0.6137953992071803, -0.029776623848276534], [-0.13382495031120367, 0.5288364862673123, 0.5611669756728732, -0.5799571353923823, 0.14989070011935923, -0.5309615241567379, -0.3389922380646916, -0.5003804769887299, 0.16235763481470866, 0.010444703807861985, -0.09399254407626018]], "inverted": false, "swapped": false, "error_lsq": 0.05800150932346087, "error_max": 0.3527725506982771, "target": "801.xyz", "model": "9.xyz", "model_rescale": 3.877068213659057, "target_rescale": 3.7624366344725817},
{"mapping": [0, 1, 3, 14, 12, 11, 2, 8, 6, 13, 15], "R": [[-0.48191619756843435, -0.16958423592133365, -0.8596499086536097], [-0.7586933343752209, -0.4100435228093017, 0.5062101675951867], [-0.43833914141426045, 0.8961615347297134, 0.0689441859411935]], "T": [0.06706749610488548, -0.11283745845647095, -0.050461013217310766], "aligned_model": [[-0.44111305879448126, -0.7241987023018982, 0.23609516470263875, 0.6049349365676323, 0.15102086128235692, -0.05987724239582638, 0.040258453594917296, -0.5221742898633913, 0.6091520577233819, 0.6628905420578018, 0.01337232492948412], [0.49987193713485456, -0.045324617890360214, -0.09428935980017761, -0.40260759662803636, 0.5998088377984017, 0.4559212720055875, -0.7408261291439873, -0.1288068293559232, 0.1316822740016175, -0.5912721076835789, -0.04057517800192231], [-0.06074477760952213, 0.2991765560183278, 0.5609692428322811, -0.5365200941454124, 0.15758298362739626, -0.5032896962243365, -0.2632211191519757, -0.5483184553331126, 0.11281483808457417, 0.06672977265766557, -0.050591619063775614]], "inverted": true, "swapped": false, "error_lsq": 0.04441086376987272, "error_max": 0.22244268594360161, "target": "801.xyz", "model": "10.xyz", "model_rescale": 4.260839863003843, "target_rescale": 3.7624366344725817},
{"mapping": [0, 6, 4, 8, 3, 1, 10, 7, 2, 9, 11], "R": [[0.5714708197011683, 0.5768769893610716, -0.5836386222447765], [0.20295078292638125, 0.5897680624823715, 0.7816550467983678], [0.7951302295471125, -0.5651429656480702, 0.21995760145732754]], "T": [0.06271513936725447, -0.049268256428081, -0.034377354287236615], "aligned_model": [[-0.6639642195783054, -0.7344570315971508, 0.4438105722172745, 0.44090466309041293, 0.1009247804344403, 0.1670911274553588, -0.12673322320274022, -0.37033566272726026, 0.6702069870028549, 0.6062098282053462, 0.0367032262023852], [0.41174684770651937, -0.12114961355371104, -0.24389066771015522, -0.3471413409733124, 0.6055575700403528, 0.4985703973972925, -0.638571729810153, -0.1463257563642414, 0.269017532633254, -0.625109690900215, -0.019121046029155427], [-0.20594790099401106, 0.21583242767962077, 0.5597533103723382, -0.5671603464222176, 0.23687203600187776, -0.49507151056309623, 0.06644192076259739, -0.5167179743822945, -0.036599443245148175, 0.05918239510892127, -0.08199728262647818]], "inverted": true, "swapped": false, "error_lsq": 0.045812208961105945, "error_max": 0.2680465686064414, "target": "801.xyz", "model": "11.xyz", "model_rescale": 3.890672605050136, "target_rescale": 3.7624366344725817},
{"mapping": [5, 9, 6, 4, 8, 7, 11, 12, 0, 1, 13], "R": [[0.7294324467392305, -0.21458925849333654, -0.6495227138317029], [-0.00654274862056084, -0.9516664455705807, 0.3070637862326746], [-0.6840215625874001, -0.2197326250567665, -0.6955803874471695]], "T": [0.08747918100734414, -0.12503342568080514, -0.036094309076514584], "aligned_model": [[-0.48920973442999055, -0.641111226212767, 0.10445085001039817, 0.4224000860043093, 0.2861984520406509, -0.0876601709244883, -0.06821926723690258, -0.4071895868343651, 0.668881339708058, 0.70928283485278, 0.0725374705249331], [0.396245425223568, -0.18737796743818502, -0.14970851603229607, -0.24966588770288206, 0.5227040250194487, 0.5183760962040179, -0.6485241094990144, -0.01959955217843326, -0.022296144297951057, -0.4586564243651525, -0.05791444249664507], [-0.06198709275434274, 0.23053200740649274, 0.5393719769115995, -0.6388809882852301, 0.20913597477615423, -0.5674271283425962, 0.030821018503416946, -0.5831945331537159, -0.02555293253328602, 0.29155520061878154, -0.18978587145516407]], "inverted": false, "swapped": false, "error_lsq": 0.045957333556596584, "error_max": 0.2008663590713236, "target": "801.xyz", "model": "12.xyz", "model_rescale": 4.124412569039231, "target_rescale": 3.7624366344725817},
{"mapping": [0, 5, 9, 2, 6, 1, 10, 4, 8, 11, 12], "R": [[-0.006585266754708399, -0.9188668816948489, 0.3945127222107722], [0.8846668838128304, -0.18927413082602762, -0.42607488553650746], [0.4661771540376743, 0.3462065238039809, 0.8141375215090496]], "T": [-0.09696067516376032, 0.07092986973905413, 0.10390292914713371], "aligned_model": [[-0.558919348260532, -0.7792221372019148, 0.2612038747152972, 0.32489594903516655, 0.3268852753792393, 0.18694740440416485, 0.014818586524243824, -0.40760361257166927, 0.610691205157486, 0.6587425553002836, -0.06807870497914889], [0.3724884555063648, -0.2580873774390994, 0.05276019667818335, -0.2653521179970159, 0.5816335327400627, 0.5297891909989504, -0.6519103931793333, -0.18445765246707424, 0.06603154990461503, -0.5664332897754454, -0.032879592533732724], [-0.07616371711117505, 0.10748448594301607, 0.6330808672654809, -0.5679206540893316, 0.18845583323524223, -0.5057761869112177, 0.0058365064629545965, -0.571785190246368, -0.014844465093946227, -0.011134854630186944, 0.047355006867641186]], "inverted": true, "swapped": false, "error_lsq": 0.04715804925301479, "error_max": 0.21533112975188953, "target": "801.xyz", "model": "13.xyz", "model_rescale": 3.9028299243045295, "target_rescale": 3.7624366344725817},
{"mapping": [11, 12, 2, 4, 6, 7, 5, 10, 3, 0, 15], "R": [[-0.5214762219064475, -0.7876680735123986, -0.32808772600547575], [-0.8463585511729581, 0.5263150408687804, 0.08166811257587263], [0.10835014002108592, 0.3202678312359214, -0.9411103885479379]], "T": [-0.042391586927475106, -0.04901954880815628, -0.0015908267795156361], "aligned_model": [[-0.62996592123079, -0.6163814519308153, 0.2557740366148187, 0.35476837870128597, 0.19519584500671808, 0.21309709206350327, -0.15567667169137758, -0.19487418760495462, 0.5600315130053721, 0.6344366239992754, -0.04604420943042006], [0.36695290538054287, -0.29656200169093866, -0.12836838519005891, -0.34233330365086867, 0.558056865008271, 0.44910178342737567, -0.5260623482727734, -0.07913856569649812, 0.10653979899047097, -0.510287224507039, 0.04568297863799172], [0.16448146880940276, 0.30418467559944995, 0.66695295836717, -0.4659121345013766, 0.13776017689084935, -0.7137906787287517, -0.14889490243307366, -0.7304217422607996, -0.041304089273492356, 0.12628455589351142, -0.06475265667077937]], "inverted": false, "swapped": false, "error_lsq": 0.04581331313414228, "error_max": 0.25002691197648014, "target": "801.xyz", "model": "14.xyz", "model_rescale": 3.942246331269136, "target_rescale": 3.7624366344725817},
{"mapping": [13, 12, 0, 9, 8, 11, 5, 4, 7, 2, 14], "R": [[0.16416492803696756, -0.903290678913368, 0.3963783871389106], [0.3545757101412984, -0.32093727707260644, -0.878222824779119], [0.9205030918907395, 0.2847195349347281, 0.2675982889447182]], "T": [-0.028465577238738396, -0.08165499893855327, -0.19596396991134823], "aligned_model": [[-0.6809240912449995, -0.6481610251826785, 0.28398575848114466, 0.6274630284863146, 0.24723868792001347, -0.09837971279890674, 0.05688298444947669, -0.46252101186857514, 0.7875291791378777, 0.4725339455537993, -0.01528669543085038], [0.3972153788018562, -0.05161452692955232, -0.10508319673916211, -0.3371191993616561, 0.530597317901164, 0.5688995435287543, -0.7034475938785134, -0.05580877000600304, 0.01677491250339297, -0.5095645520228336, -0.10726681136097178], [-0.11908162259536631, 0.3361557346681613, 0.4692749084045046, -0.5866787157632732, 0.18871145819065865, -0.48922464845618263, -0.10178780474893592, -0.5891456442565222, 0.039500715823979404, 0.18944595624565586, -0.10258270582056994]], "inverted": true, "swapped": false, "error_lsq": 0.04827403282210272, "error_max": 0.236797674185791, "target": "801.xyz", "model": "15.xyz", "model_rescale": 4.355366556412066, "target_rescale": 3.7624366344725817},
{"mapping": [2, 6, 10, 5, 1, 0, 3, 4, 9, 7, 11], "R": [[0.1860340320209961, 0.10753425468001404, 0.9766410410178477], [0.6334344783505537, -0.7729793205842541, -0.0355490026001723], [0.751100592841447, 0.6252514326409169, -0.21191636419518928]], "T": [0.07186105324137534, 0.02285365357669355, -0.0034650056260683154], "aligned_model": [[-0.5058912859991727, -0.6022977693481095, 0.10213107897284175, 0.37968779842122335, 0.20989104611569595, 0.08603189457348373, -0.0037394846364181, -0.5072501830369314, 0.7967893546090535, 0.6547012229975401, -0.039692625166590445], [0.6150909012271686, -0.36285355227787947, -0.10279664380732978, -0.19356910783829961, 0.5313342707447936, 0.39815599908817334, -0.6167911061745575, -0.13230038827876436, 0.1791347958250908, -0.6406042478944474, -0.031218418177473096], [-0.1306761637155472, 0.26641607239928655, 0.6134073692610005, -0.5270715040678736, 0.12689007266499935, -0.60584478225869, -0.13057184586082532, -0.48811656133271114, -0.0008828193969952353, 0.13999951707509273, -0.02896172307562668]], "inverted": false, "swapped": false, "error_lsq": 0.04701443109045338, "error_max": 0.2665587103074199, "target": "801.xyz", "model": "16.xyz", "model_rescale": 3.795458400668931, "target_rescale": 3.7624366344725817},
{"mapping": [5, 6, 0, 11, 2, 10, 8, 9, 4, 7, 12], "R": [[-0.900595966042336, 0.28499569656143664, -0.3281834226309014], [-0.4202740128941612, -0.7635884295201125, 0.49020655278040337], [-0.11089030631263364, 0.5794050079559803, 0.8074609443938577]], "T": [0.10498304655724208, -0.09039729796323226, 0.04998674522553255], "aligned_model": [[-0.5418488806803211, -0.5129842039049746, 0.08779462804686622, 0.3889840104159481, 0.2666115987198155, 0.09452103574139112, -0.11829436778052313, -0.5086531892326729, 0.6928168488565691, 0.5663752848106621, 0.1550382825098559], [0.33207265964764265, -0.2927379114747789, -0.034660208409705545, -0.39852045487996157, 0.5941399521193108, 0.4450147684067488, -0.6640358178483272, -0.029308582213277284, 0.15408634031550988, -0.5054114595694239, 0.0429432163427379], [-0.02553938831268797, 0.2358646742749954, 0.6395699222120568, -0.6426487591503292, 0.13264755151379942, -0.45213687358485793, -0.23067820995308103, -0.596283026594424, -0.05088426087918804, 0.26482419003384555, -0.040148187868018784]], "inverted": true, "swapped": false, "error_lsq": 0.041832119546378076, "error_max": 0.2089762537481203, "target": "801.xyz", "model": "17.xyz", "model_rescale": 3.7474275329858107, "target_rescale": 3.7624366344725817},
{"mapping": [0, 4, 10, 7, 3, 1, 9, 2, 11, 12, 13], "R": [[-0.6725853936295364, 0.7394493597786639, 0.029043632677851483], [-0.20008359991172336, -0.14392556414377655, -0.969150135444587], [-0.7124573259659608, -0.6576473799148143, 0.2447539220699292]], "T": [0.03286276870645179, -0.04649156740137374, -0.006081720477316074], "aligned_model": [[-0.6712650157608032, -0.6670062167639844, 0.4003198610626773, 0.4943550145601099, 0.214304460574648, 0.12509261830517654, -0.15118688297327335, -0.3084845377485428, 0.7120045038589601, 0.4735801669770689, -0.05135292458942083], [0.3748177244982405, -0.28663326641770265, 0.021619858120442037, -0.3084302972734465, 0.5738952188341808, 0.4816637294685078, -0.6810457683555434, -0.05285358047805651, 0.19155475206097022, -0.6379612900317935, -0.03304457798932349], [-0.1668453185993713, 0.3704035907776373, 0.5742418870503729, -0.5407145766003282, 0.20077167984658773, -0.44319046443122134, -0.11186857043543756, -0.6283953592280787, -0.06802617277553635, 0.11707941538368664, -0.06886847929620128]], "inverted": false, "swapped": false, "error_lsq": 0.0407594425381, "error_max": 0.22485715420022645, "target": "801.xyz", "model": "18.xyz", "model_rescale": 3.922800546911778, "target_rescale": 3.7624366344725817},
{"mapping": [1, 2, 3, 13, 5, 8, 11, 6, 12, 7, 14], "R": [[0.3107048813464125, -0.4332947887606791, -0.8460012427534314], [0.9422195622439629, 0.023128547679424655, 0.33419659903571086], [-0.12523886470384044, -0.9009554352547517, 0.41544497885112786]], "T": [-0.03412679632996858, -0.03870151285228517, -0.10198628873444364], "aligned_model": [[-0.6030660605248491, -0.5528509308646526, 0.20807344183436255, 0.4528001215451558, 0.21771183192706373, 0.0917674134485116, 0.0730396581088328, -0.5278086791269775, 0.7109209636223012, 0.48292403877157003, 0.01684924876129762], [0.4290604019257873, -0.24927286886277847, -0.06292252162508363, -0.29544665665013986, 0.6513238169443883, 0.3472397873209218, -0.7199335799293209, 0.07415463147112158, 0.13214696934990183, -0.5586428040667943, -0.10412467344152831], [-0.02789223582609633, 0.34490736647553044, 0.4895385467139715, -0.5128364495048102, 0.10532041579371047, -0.5597969644361854, -0.2799802060399799, -0.5702911693406214, 0.08329370502048696, 0.21507917243981584, -0.052754549603711884]], "inverted": true, "swapped": false, "error_lsq": 0.045279018963526575, "error_max": 0.23432363545938212, "target": "801.xyz", "model": "19.xyz", "model_rescale": 3.9282355846067225, "target_rescale": 3.7624366344725817},
{"mapping": [8, 9, 7, 1, 6, 4, 10, 11, 5, 2, 13], "R": [[0.24303843231461847, -0.5029121104830941, -0.82946472471558], [-0.38798429507613513, 0.7333248848595013, -0.5583035017085901], [0.8890447160814394, 0.4575084943203124, -0.016895870277483318]], "T": [0.02991839582860615, 0.03694444793331993, -0.039524424988357974], "aligned_model": [[-0.523706564108993, -0.6295212790787691, 0.16251044605551712, 0.5681472554780892, 0.30820514484051204, -0.1827306033711026, -0.07401117284526335, -0.45579195285627555, 0.7113621736661253, 0.5887399956167411, 0.09715760410603475], [0.5550849895408279, -0.08917132828974723, -0.09843917108673199, -0.2637327644837642, 0.5791861175213987, 0.39792824996355464, -0.8071957595470282, -0.1768677688114868, 0.16394148198895298, -0.5498442535308858, -0.0673072908286144], [0.02090207586148323, 0.12678538044563714, 0.553930207058002, -0.4654395631087601, 0.19579346881443263, -0.5126406292669377, -0.1768572464905884, -0.5209109271641428, 0.045306484686088645, 0.10918216465735447, -0.14146378380045932]], "inverted": false, "swapped": false, "error_lsq": 0.05498318367578448, "error_max": 0.29469475658453315, "target": "801.xyz", "model": "20.xyz", "model_rescale": 4.067790424073018, "target_rescale": 3.7624366344725817},
{"mapping": [9, 10, 5, 3, 8, 0, 11, 12, 2, 6, 14], "R": [[0.7074054740818227, 0.5162100687163912, 0.48280913433249223], [-0.11183941405731224, -0.5927285719569702, 0.797599389072715], [0.6979036041620568, -0.6182232646396201, -0.3615668048313362]], "T": [0.08386211007021005, 0.022766750638254903, 0.05913140091314999], "aligned_model": [[-0.642456702653246, -0.6800326243584756, 0.18431849986165622, 0.33674229527565874, 0.20811361589966798, 0.28358630472423946, -0.11737100706521808, -0.36907747185669526, 0.7504307942205979, 0.6067255422588708, 0.009381801195560063], [0.25238968734427936, -0.24064740057173623, 0.08833825596757491, -0.3653229827792313, 0.5191849282460744, 0.4944379297842455, -0.5635637048707232, -0.13234299806926975, 0.08441500956699016, -0.4931537443815009, -0.0001524778002279098], [-0.09508983203283757, 0.19464760366439504, 0.6371236260311024, -0.6544391894261817, 0.3107232389458991, -0.43289966960352894, -0.12459144331080953, -0.539032930920048, -0.26584184878597245, 0.14855609992765967, 0.05543197720243184]], "inverted": true, "swapped": false, "error_lsq": 0.0472432636885451, "error_max": 0.24134712337323688, "target": "801.xyz", "model": "21.xyz", "model_rescale": 4.186013935880536, "target_rescale": 3.7624366344725817},
{"mapping": [2, 5, 11, 7, 8, 1, 6, 0, 9, 4, 12], "R": [[0.6884849251411451, -0.3780321108607017, -0.6189347550522544], [-0.08141328264235836, -0.8882988913643883, 0.4519922090149281], [-0.7206666256063115, -0.26080031203777554, -0.6423572308133627]], "T": [0.10442923830236121, -0.06378046184001665, -0.03494360513066794], "aligned_model": [[-0.42387892934008925, -0.6170183713236714, 0.25099164617501696, 0.49596492648708584, 0.09544352232711868, 0.08268598083642463, -0.04353098027535142, -0.4126664901663151, 0.5321978368970252, 0.5090348582132981, 0.1011370476720739], [0.45578918651091205, -0.10377034394479197, -0.10054889480761836, -0.3391457681818123, 0.5654280766884258, 0.2314402731467922, -0.570974542958603, -0.1309827328041734, 0.38607716386817437, -0.648132937112224, -0.10159697796860614], [-0.009703490634882489, 0.2415576281558869, 0.5783536487744312, -0.5909989016811608, 0.40287371140093076, -0.7038944137264602, -0.21019995113246906, -0.534827895124943, -0.04458221949573581, 0.11486502528893305, -0.008855510132420759]], "inverted": true, "swapped": false, "error_lsq": 0.05326973553585363, "error_max": 0.290046800960114, "target": "801.xyz", "model": "22.xyz", "model_rescale": 4.166573947596378, "target_rescale": 3.7624366344725817},
{"mapping": [10, 13, 12, 4, 9, 8, 1, 7, 3, 2, 15], "R": [[-0.512806826599843, 0.6499206313696566, 0.5609209672606882], [-0.18106466869986065, 0.5567961403725558, -0.8106748076848294], [-0.839192912470791, -0.5172825446371572, -0.16785119800733986]], "T": [0.08190387828288787, -0.035337240858830304, 0.03863082393926161], "aligned_model": [[-0.5727335712475485, -0.740601651389152, 0.11687423819994272, 0.4812237872666099, 0.22250960547150275, 0.18919868982048701, 0.077074018780731, -0.4866012809852102, 0.6582059635346531, 0.5622459613081385, 0.06296528674246181], [0.3235473176750483, -0.07872068985669764, -0.08229828751420296, -0.19729178100740533, 0.5435460218991502, 0.3991097567573296, -0.705888177368443, -0.049497419967669654, 0.09632664744785716, -0.5062301752772822, -0.09902071035120946], [-0.021310117180369417, 0.234629979314256, 0.6912816411865249, -0.5564892064572033, 0.11328578936373775, -0.6350328680470302, -0.20310699865044446, -0.39494848929348025, -0.07076377860810291, 0.057085275403192234, 0.01995640466102975]], "inverted": true, "swapped": false, "error_lsq": 0.04644902498377035, "error_max": 0.21544725907421106, "target": "801.xyz", "model": "23.xyz", "model_rescale": 4.274766983524099, "target_rescale": 3.7624366344725817},
{"mapping": [7, 9, 4, 0, 5, 6, 1, 8, 3, 2, 10], "R": [[-0.6212917504263646, -0.28713545025127685, -0.7290746148791222], [-0.374641923527267, -0.708352400236226, 0.5982309806549365], [-0.6882150753855464, 0.644817889243602, 0.3325205252664755]], "T": [0.06588403138854501, -0.01520412922547823, -0.17352530780736658], "aligned_model": [[-0.4163020515901009, -0.6304796800371069, 0.13907307276931574, 0.366516308400778, 0.19732200132002573, 0.17191696728446879, -0.0275511827846249, -0.5312596466446339, 0.6105957892991339, 0.6677760991274203, 0.022753370357940395], [0.34793766321544795, -0.31667202448065623, -0.04776023064519254, -0.3962587606600857, 0.6351037626571451, 0.5232327459607523, -0.6387289954239054, 0.02700834850872713, 0.10938753836831774, -0.5212708586804335, -0.07839668638364158], [0.017935122690163674, 0.21616706520137202, 0.5202066803498981, -0.7308285861405586, 0.30193726109557056, -0.5657724289716739, -0.007784599203666032, -0.6055538510923014, -0.11204115576741042, 0.3833354691391874, -0.18301334560847213]], "inverted": false, "swapped": false, "error_lsq": 0.047755844448928914, "error_max": 0.22935203119056122, "target": "801.xyz", "model": "24.xyz", "model_rescale": 3.7841303162186577, "target_rescale": 3.7624366344725817},
{"mapping": [4, 1, 9, 11, 12, 3, 7, 6, 13, 10, 15], "R": [[0.07009913755718694, -0.8482546711386426, -0.5249286844945813], [0.3911873358471224, 0.5074485413438756, -0.7677684847405524], [0.917637498790546, -0.15152554497326892, 0.3673981900254607]], "T": [0.0046491852852360155, -0.09270104365860914, 0.09625659962439985], "aligned_model": [[-0.5705451014387565, -0.7142900247593714, 0.2754357206707708, 0.3954855695005633, 0.3887201220298059, 0.004485273918538438, -0.004896916671206938, -0.30195784751879823, 0.6152259684386081, 0.4991483778979166, -0.016450094565454015], [0.34130475211700795, -0.2493385220646388, 0.04230557749116941, -0.26738339265526273, 0.5390967707372603, 0.46267084459669156, -0.6683940487137878, -0.06329091706079316, 0.2506065738090036, -0.6651631539792234, -0.07883198184095176], [-0.09737925607284902, 0.20408751551701323, 0.5968448266391212, -0.5410506786058008, 0.26505512953768695, -0.4873219525020099, -0.2058890539406225, -0.557313307984293, -0.25207638608587096, 0.2779508098510174, 0.03167998533871713]], "inverted": true, "swapped": false, "error_lsq": 0.04756519741124144, "error_max": 0.24544597497622908, "target": "801.xyz", "model": "25.xyz", "model_rescale": 4.19342608120988, "target_rescale": 3.7624366344725817},
{"mapping": [2, 6, 10, 5, 1, 0, 3, 4, 9, 7, 11], "R": [[0.1860340320209961, 0.10753425468001404, 0.9766410410178477], [0.6334344783505537, -0.7729793205842541, -0.0355490026001723], [0.751100592841447, 0.6252514326409169, -0.21191636419518928]], "T": [0.07186105324137534, 0.02285365357669355, -0.0034650056260683154], "aligned_model": [[-0.5058912859991727, -0.6022977693481095, 0.10213107897284175, 0.37968779842122335, 0.20989104611569595, 0.08603189457348373, -0.0037394846364181, -0.5072501830369314, 0.7967893546090535, 0.6547012229975401, -0.039692625166590445], [0.6150909012271686, -0.36285355227787947, -0.10279664380732978, -0.19356910783829961, 0.5313342707447936, 0.39815599908817334, -0.6167911061745575, -0.13230038827876436, 0.1791347958250908, -0.6406042478944474, -0.031218418177473096], [-0.1306761637155472, 0.26641607239928655, 0.6134073692610005, -0.5270715040678736, 0.12689007266499935, -0.60584478225869, -0.13057184586082532, -0.48811656133271114, -0.0008828193969952353, 0.13999951707509273, -0.02896172307562668]], "inverted": false, "swapped": false, "error_lsq": 0.04701443109045338, "error_max": 0.2665587103074199, "target": "801.xyz", "model": "26.xyz", "model_rescale": 3.795458400668931, "target_rescale": 3.7624366344725817},
{"mapping": [8, 11, 10, 0, 5, 6, 9, 1, 7, 3, 12], "R": [[-0.5189732387221493, -0.4973083056722856, -0.6952346557814875], [-0.6286270157802583, -0.32908446348614606, 0.7046499066367939], [-0.5792191748565045, 0.8027377311434887, -0.14183540628895924]], "T": [-0.07644504909765852, -0.1818182118025271, -0.07168873906111246], "aligned_model": [[-0.5413377661423834, -0.5519754305623179, 0.19028816921131608, 0.5601694075632568, 0.12701953833375473, 0.010376123908778137, -0.19402404598753775, -0.2874471360339034, 0.6614768810940994, 0.5297457124865355, 0.06606959363101748], [0.3764714252618687, -0.18303637466811434, 0.0024353602677671393, -0.3096586222944634, 0.5232966996499062, 0.5104828729638002, -0.5909970034475431, -0.09028860023000645, 0.0963266571593181, -0.5931009708582912, -0.0983489413677667], [-0.12590269382785857, 0.4625808222248013, 0.562811410615076, -0.5909690632680813, 0.09646473604132567, -0.51256088790363, -0.12756526430832643, -0.6170818267191447, 0.12405281360894309, 0.020266747568616073, -0.05750916233961134]], "inverted": false, "swapped": false, "error_lsq": 0.044566966736882915, "error_max": 0.21908487095058912, "target": "801.xyz", "model": "27.xyz", "model_rescale": 3.6321398670334006, "target_rescale": 3.7624366344725817},
{"mapping": [11, 9, 8, 4, 0, 2, 6, 13, 3, 7, 14], "R": [[0.1207186413235555, 0.18915255154181387, -0.9744990107138212], [0.9926269731137971, -0.012226858319959455, 0.1205910286155858], [0.010895039418751445, -0.9818715884375335, -0.18923393441774333]], "T": [0.07428273827265311, -0.011309243508749709, 0.03550447922002391], "aligned_model": [[-0.4114151786340068, -0.5503812018850184, 0.23256887418907327, 0.44051107219747687, 0.1774161856168112, -0.04402799597205517, -0.21346443852240463, -0.5140237679482746, 0.7283780790594828, 0.6669894577338638, 0.05780996166766754], [0.39299496092119945, -0.1986856483561751, -0.11496639250512013, -0.5083950109635211, 0.5772258053428322, 0.5332660944358535, -0.6563718290821043, -0.09616795799769445, 0.19556412075277507, -0.47421759044229045, -0.006664049669279358], [-0.07921901537245396, 0.1813029908495183, 0.5163686080892461, -0.5169896832682145, 0.21550915285941125, -0.5327242909046634, -0.2885375860749911, -0.524113055554807, 0.06588171218045756, 0.2233927200671907, -0.026283921178584448]], "inverted": true, "swapped": false, "error_lsq": 0.04411372912735794, "error_max": 0.21577923212095312, "target": "801.xyz", "model": "28.xyz", "model_rescale": 4.156811204709835, "target_rescale": 3.7624366344725817},
{"mapping": [1, 7, 6, 3, 5, 0, 2, 4, 8, 10], "R": [[-0.6050054352289468, 0.41903143965699197, 0.6770384597069958], [-0.6793108356459333, 0.1719061496569259, -0.7134318918328184], [-0.4153374675098027, -0.89154973405252, 0.18064844254358878]], "T": [-0.1815203932269146, 0.07093097897621173, -0.05806291725987486], "aligned_model": [[-0.7147487851255957, -0.007478640993011404, 0.1266203352228104, 0.6756084476638259, 0.06304932392468554, -0.6903780477605601, -0.4056824200089504, -0.4619864307492544, 0.19646071763188716, -0.138539125695249], [-0.15447613663790113, -0.5982462700642112, 0.013829266131917317, 0.04289912902915585, -0.36084003986368285, -0.4558718630587494, 0.659884012048155, 0.24320447689038563, 0.46606761120003926, 0.062270144951095334], [-0.5722149463966014, -0.1555839016237605, -0.5709793853020525, -0.12063651627277673, 0.5141494649450271, 0.039843151232177576, -0.15250044784509584, 0.5196401835364836, 0.3375631819453475, -0.08049405724364922]], "inverted": true, "swapped": true, "error_lsq": 0.0574567989809877, "error_max": 0.2841360093476198, "target": "801.xyz", "model": "29.xyz", "model_rescale": 4.117894457231895, "target_rescale": 3.7624366344725817},
{"mapping": [7, 8, 0, 11, 4, 13, 9, 10, 3, 2, 14], "R": [[-0.07567734292544681, 0.686216126626302, -0.7234503212562283], [0.9677039140743853, -0.12442118605015023, -0.21924530359163683], [-0.24046221003072277, -0.7166776095427214, -0.6546381668733284]], "T": [0.01523899863658669, -0.0761543243834056, -0.0654275965538314], "aligned_model": [[-0.4547852816323155, -0.5035085845460587, 0.3481011749351328, 0.4216060905093319, 0.140934012926843, -0.0355019377589427, -0.034800783576618935, -0.4092204058155358, 0.5194598709818609, 0.6006607767969389, -0.022583885318019636], [0.36259678379080773, -0.13965990323641958, -0.13440257547905077, -0.3671600750860987, 0.6658365708037345, 0.5814663377429812, -0.6531948478712933, -0.05925179775463764, 0.023976233859823323, -0.5776147116969726, -0.059009512636399045], [-0.1819535674259979, 0.41275403531198357, 0.627459381283634, -0.5904848029701522, 0.1167217020961192, -0.49903655004542263, -0.2985461652248869, -0.6432419986405797, 0.12296397507050244, 0.26860784266461213, -0.1006562204277019]], "inverted": false, "swapped": false, "error_lsq": 0.04851302699372897, "error_max": 0.24293236629902049, "target": "801.xyz", "model": "30.xyz", "model_rescale": 4.100398675895297, "target_rescale": 3.7624366344725817},
