[{"mapping": [12, 10, 13, 5, 2, 4, 9, 3, 1, 11, 7, 0, 8, 14], "R": [[0.26070107746687193, -0.7808815408115388, 0.5676785775660462], [-0.16236507731298733, -0.6151007974384305, -0.7715494738898829], [0.9516682877330527, 0.10897260302665276, -0.287145332389081]], "T": [-0.06105614751797629, 0.06014452047370487, 0.021205570775275615], "aligned_model": [[0.22133162845800536, 0.26178559911526394, -0.6531265253910605, -0.3139198772130455, -0.45368452887417865, -0.12799332404744385, -0.6999019680322076, 0.02613457644854654, -0.3559353890378137, 0.04865690973552628, 0.629271004318845, 0.2974979005702074, 0.5207879750740717, -0.029411879996412586], [-0.6260526913870031, -0.40073886481512166, -0.36367727139280126, -0.48322685479757377, 0.24751012311382645, 0.41269929950006373, 0.09877268325741193, 0.5420449528748278, 0.6596097365728751, -0.11426321102706069, 0.42071864718330915, 0.8359097297204533, -0.10046365103699814, 0.10643070404382587], [0.25908062969391377, -0.43047705808064207, 0.3823180533498609, -0.11952269786864884, 0.6557068800070567, -0.6574340036308083, -0.2301696368536265, 0.5548659818235393, 0.15580478139513965, 0.7185209182204718, 0.3667594275143414, -0.02668978814891132, 0.2489423644872777, 0.01988223527086938]], "inverted": false, "swapped": true, "error_lsq": 0.0453809572646298, "error_max": 0.2758170129673431, "target": "802.xyz", "model": "0.xyz", "model_rescale": 3.8414455957264533, "target_rescale": 4.090931499925712},
{"mapping": [6, 10, 3, 5, 8, 11, 9, 2, 7, 12, 13, 4, 0, 1, 14], "R": [[0.6090815613985363, 0.7894768407204409, 0.07580217365216621], [0.6027313962389493, -0.5228810862616184, 0.6027522157717191], [0.5154944379449387, -0.32143691075534864, -0.7943197069517351]], "T": [0.08987222834311609, -0.10090814876619489, 0.015713148215047136], "aligned_model": [[-0.0345334108794587, -0.17725702616072492, 0.6289944235079283, 0.33276593238818886, -0.6847933837560212, -0.22192057365840046, -0.15835513430260909, 0.5507432868160826, 0.35053728187951183, -0.5063031602707655, -0.39935436046900746, 0.6305808916062581, 0.39401600049648333, 0.4083075409215908, 0.10188808133657173], [-0.7366742218717203, -0.020244840440182182, 0.24791108351649768, -0.2731261643768159, -0.24702507629112982, 0.6790193870704452, -0.5927516622159988, -0.6611838076380797, -0.36991627105614966, 0.32600457449043074, 0.06446276620606131, -0.07690917476784, 0.2505985900743589, 0.6847291583737378, -0.02674201929943258], [-0.4205802289994656, -0.6092001997689074, -0.4326720476940544, -0.57222085200683, -0.037629427859915375, 0.15980926056303354, 0.41818403499413054, -0.11954135690812209, 0.5378657716327816, -0.19549759156816607, 0.570831879586834, 0.06933614297851978, 0.5720016955689958, -0.15711874844094106, -0.03347021873098025]], "inverted": true, "swapped": false, "error_lsq": 0.04308228345769216, "error_max": 0.25110625421098753, "target": "802.xyz", "model": "1.xyz", "model_rescale": 4.316132596720782, "target_rescale": 4.090931499925712},
{"mapping": [10, 8, 6, 9, 4, 5, 1, 13, 7, 12, 3, 14], "R": [[0.8266596405431623, -0.5430519190475576, 0.14740573908710303], [0.4043137868383691, 0.3910358456798333, -0.826813962851303], [0.39136198137972983, 0.7430919058987407, 0.5428169294691438]], "T": [-0.06466303432286197, 0.056114398460932045, -0.05865036866775774], "aligned_model": [[-0.18033431849368844, 0.4983756765941912, 0.017130409197402385, -0.6956253167553013, -0.547731913450552, -0.3907472430817876, -0.13410464697199595, -0.28192554121633345, 0.7024278127595567, 0.2434980113156881, 0.4055443902827794, -0.03869876554817791], [-0.6131467519981866, -0.23520398544818907, -0.5830583642342031, 0.3294024084037679, -0.23328190724299666, -0.04846321273964716, 0.5418378768898526, 0.5518571265858385, -0.056583328218901614, -0.20240105298762842, 0.5124071972182017, 0.049410421513072234], [0.1850033854980503, 0.061026797770061904, -0.3457465065185551, -0.06107402874100578, -0.5803987429147387, 0.45294475922994226, -0.5315983835988151, 0.5476586443747107, -0.4119825070961059, 0.6087329878485093, -0.3673987177522268, -0.10790922689040622]], "inverted": false, "swapped": true, "error_lsq": 0.05066984857599465, "error_max": 0.27246054487351484, "target": "802.xyz", "model": "2.xyz", "model_rescale": 3.795458400668931, "target_rescale": 4.090931499925712},
{"mapping": [6, 4, 0, 2, 8, 11, 1, 5, 9, 13, 7, 14], "R": [[0.06592430042848907, 0.9084721947963951, 0.4127132877614139], [0.9435867036479199, -0.19126713581422528, 0.2702980123054473], [0.3244967169508305, 0.3716115633820401, -0.8698314357672348]], "T": [0.13222796754039984, -0.028261956365246994, -0.016294790540905747], "aligned_model": [[-0.19021833034019903, -0.17950096284610584, -0.7228652798200967, 0.1730857173939459, 0.018235811148185954, 0.266992768439673, -0.2592041570262858, 0.7244176951156485, 0.37961156470156876, 0.7952933482187288, -0.4891250222341981, 0.07658067299269966], [-0.11324127677980274, -0.6936456387281292, -0.05915168974007777, 0.21782816857933288, 0.5123365759891562, 0.632041945128218, -0.22880707562936908, -0.14690771406497652, -0.5892661617400117, 0.038988873351576, 0.5388455676383687, -0.02325252871457506], [-0.637956338674659, -0.23859359614144998, 0.0066833158881286145, 0.711458684887139, -0.34940232581812364, 0.2567270247648601, 0.5042739435261527, -0.13559053057058226, 0.294962739113316, 0.44888914677335096, -0.15150671175878846, -0.021173921350244054]], "inverted": false, "swapped": true, "error_lsq": 0.04454931021826419, "error_max": 0.21557440335417968, "target": "802.xyz", "model": "3.xyz", "model_rescale": 3.7530521520055578, "target_rescale": 4.090931499925712},
{"mapping": [7, 12, 11, 13, 3, 5, 0, 6, 4, 9, 14], "R": [[-0.33645038168240105, -0.631212500129523, 0.6988361183754054], [0.5998689828044819, -0.715711280071249, -0.3576514602904489], [0.7259189652673933, 0.29887814115289724, 0.6194461337405425]], "T": [-0.055231538028219826, 0.02595245162687526, 0.03275108249268671], "aligned_model": [[-0.37033126658891663, -0.2074987379798064, 0.25115990064678984, 0.5916648590598086, 0.23592505814987946, 0.01223512714470211, -0.29629255145183686, -0.7465347987185973, -0.3677576156938176, 0.3125597706354437, -0.0769301427584438], [-0.7565839352567105, 0.16423476955627805, -0.3376346115371238, 0.37641696397356417, -0.6347399966405562, 0.5755235383195232, -0.6092181179571554, -0.017963498148534734, 0.24627071372883322, 0.47900750765757216, -0.018109975381343985], [-0.08692226285594176, -0.718838375661558, -0.5173693037212799, -0.3126098094841235, 0.09051793041403011, -0.23635267559501655, 0.5534377118831755, 0.16627026260271313, 0.6984195013991734, 0.39644914660014274, 0.059828651664000906]], "inverted": true, "swapped": true, "error_lsq": 0.048736108335577996, "error_max": 0.29144640637896835, "target": "802.xyz", "model": "4.xyz", "model_rescale": 3.7855080009869324, "target_rescale": 4.090931499925712},
{"mapping": [12, 2, 0, 1, 14, 10, 13, 11, 6, 9, 8, 4, 7, 5, 16], "R": [[0.996862796358254, 0.013441024192068489, 0.0779993852890561], [-0.06348553488412738, -0.45272880900371326, 0.8893853002824793], [0.04726681814210302, -0.8915469501752266, -0.4504551959251595]], "T": [0.007019419954505571, -0.036101213306509096, 0.006562680843978954], "aligned_model": [[-0.08890601675458329, -0.19196222873503477, 0.5203857488966124, 0.48364417722292885, -0.5533295141226274, -0.23157271598616846, -0.20825606255150442, 0.31616305336213146, 0.41899184982640136, -0.5404939641981968, -0.23618555617994863, 0.7441613523847777, 0.4377477951553638, 0.38211795222337547, -0.03718948108789833], [-0.6476509132552084, 0.048242274078455015, 0.23395067263456445, -0.33409039231835685, -0.2571873777009249, 0.5681401947898015, -0.6198381059426195, -0.7657971235123461, -0.29723883913193233, 0.3438524057274888, -0.03371634754787121, 0.022836268846396016, 0.35059571600067513, 0.6752534561241338, -0.03919956701807242], [-0.27605108048936333, -0.699891965399661, -0.5149743499876653, -0.5005223504279287, -0.3013778629706597, 0.3366087192739826, 0.37774369555612874, 0.07297292743851017, 0.4403401877189548, -0.24399342226601392, 0.666983399751535, 0.018766308001022834, 0.48228110968306853, -0.08497348680719541, -0.023813715727802543]], "inverted": true, "swapped": false, "error_lsq": 0.03737859093192868, "error_max": 0.2509735884161739, "target": "802.xyz", "model": "5.xyz", "model_rescale": 4.2253639853439635, "target_rescale": 4.090931499925712},
{"mapping": [4, 9, 12, 10, 5, 11, 8, 6, 2, 1, 13, 7, 0, 14], "R": [[-0.6464460058929914, -0.7541852467732815, -0.11537839925446627], [0.2893767947295631, -0.10244005281752694, -0.9517179762150059], [0.7059522874366531, -0.6486221158180367, 0.28446567233093417]], "T": [0.039808717781992894, -0.04332615320441535, -0.03001475856119927], "aligned_model": [[0.698782726136019, 0.005471384741163578, -0.469417113978038, 0.15121337683255887, -0.3139267719861822, -0.49919010900913263, -0.010630244841145248, 0.5743032815213525, -0.39774400080214933, 0.24012326243386317, -0.6890140723134013, 0.29248537758239423, 0.7092359088974276, 0.0823691475430533], [-0.11781095130922148, 0.09639161843244845, -0.5390091133493413, -0.7561623347000557, -0.4293623726226441, 0.15840332697123358, -0.2653380063243583, -0.4451673194001656, 0.5894061825028946, 0.5922951355903932, 0.060621175903042, 0.1472970650169974, 0.37502041183439705, -0.021485671910629243], [-0.41670895418772574, -0.7024026705640041, 0.2896436036505288, -0.019475986942819504, -0.3538113049151844, 0.41438279663866956, 0.573614484505184, 0.19469709877300823, -0.022787302167011927, -0.17245393969957246, -0.3743790454666266, 0.7610541635876851, 0.3009233293043063, -0.0007380635849886831]], "inverted": false, "swapped": true, "error_lsq": 0.04473447686693703, "error_max": 0.2780548308571275, "target": "802.xyz", "model": "6.xyz", "model_rescale": 3.89814844738969, "target_rescale": 4.090931499925712},
{"mapping": [8, 7, 0, 12, 4, 3, 11, 10, 5, 2, 1, 9, 14], "R": [[0.8194852805977382, 0.5686254179758554, -0.07147733147950036], [-0.06139817505385886, 0.2111114009981141, 0.9755317731722886], [0.5698018418570638, -0.7950453511595408, 0.2079152486372763]], "T": [-0.02719692798643933, 0.0126828416616733, 0.07786026980723985], "aligned_model": [[-0.13461773072289607, 0.016069504264993643, 0.4430329640227848, -0.4492810619471078, 0.6906788363833131, -0.2576884401356483, -0.6733992696618903, 0.25269225094499126, -0.20673793364088183, -0.6006278284225173, 0.033200271465238254, 0.03299630441926632, 0.002313933934576854], [-0.27258228253954153, 0.1788990212856687, 0.5407538230643428, -0.6163136162433855, 0.13112861220934807, 0.5690461769822466, 0.03962118497783205, -0.6523872344794029, -0.4115454655488918, 0.5228060159347016, 0.6881914209182846, 0.2053120726404975, 0.04085153626878585], [-0.49072234953234667, -0.7566892750336941, -0.4045208222205948, -0.10490311012205024, 0.3227114820485591, -0.32457877570466814, -0.2544055346239601, 0.07901211765979287, 0.48626244108558664, 0.1308336198108976, 0.14471531853759972, 0.7351854302142327, 0.039374488716941075]], "inverted": true, "swapped": true, "error_lsq": 0.04789249514096051, "error_max": 0.33709655988218834, "target": "802.xyz", "model": "7.xyz", "model_rescale": 3.7474275329858107, "target_rescale": 4.090931499925712},
{"mapping": [3, 2, 4, 8, 0, 12, 6, 5, 7, 1, 10, 9, 11, 13, 14], "R": [[0.38994493440900135, -0.3756251719812015, 0.8407429323537916], [0.6172115142104201, 0.7841829229101294, 0.06408658316844773], [-0.6833687839335654, 0.49392597986967524, 0.5376283396129162]], "T": [0.04981993919570389, 0.010024657107545867, 0.0005596440233978511], "aligned_model": [[-0.1248968310232219, -0.09803334712388327, 0.45873221643786505, 0.4898003854680907, -0.5543751842857298, -0.09278432462281562, -0.22643436206467532, 0.35439342004810626, 0.28504002857554683, -0.5650163509860467, -0.23868775228853967, 0.7574777051573375, 0.38770757408385653, 0.3331398043856245, 0.04925340769411309], [-0.6058640797019259, 0.028157321253878577, 0.29726367453825137, -0.23825858204512373, -0.2492730139211437, 0.5555769727082345, -0.6925468188427348, -0.6373314287024126, -0.35058489120209885, 0.22892289572673652, -0.04110100772175354, -0.16382763439685294, 0.22805878388974177, 0.8415025526726793, 0.04745757751870715], [-0.3223794385604735, -0.8279330282829421, -0.6015286736108164, -0.45767932846839493, 0.04444823237292027, 0.2509180145302778, 0.31203192306910704, 0.035006079951494865, 0.5283000111965654, -0.3720818961392769, 0.7001401169058653, 0.22267742156778497, 0.47466197616054595, -0.19045394677032146, -0.046029350575423074]], "inverted": false, "swapped": false, "error_lsq": 0.046960956342114064, "error_max": 0.3475776240543462, "target": "802.xyz", "model": "8.xyz", "model_rescale": 4.019505241142653, "target_rescale": 4.090931499925712},
{"mapping": [13, 9, 5, 12, 11, 8, 6, 2, 3, 1, 4, 0, 14], "R": [[0.5337385487453619, -0.6531586191982051, 0.5371284574012899], [-0.8354823315108155, -0.5054871587697798, 0.21552727449700512], [0.13073804081615636, -0.563796550615512, -0.8155004685452998]], "T": [0.020064461934144823, 0.009573254238348441, -0.055817426212607546], "aligned_model": [[-0.40070998612481845, -0.6643177878548877, -0.20698410597264333, 0.4248538327950837, 0.33907837293866305, 0.6554981294397626, 0.3964870857223678, -0.19388609674235627, 0.2061653696746323, -0.28279273595919596, -0.27055454671619894, 0.2715780987228412, 0.04528514181792617], [-0.6157662553668678, 0.058489090583560985, -0.09004622304819526, -0.3152110661353405, -0.6424811879628993, -0.06903081919593511, 0.6024119017010632, -0.6341221857990889, -0.31600012690980805, -0.03341475791965355, 0.7073279337938478, 0.37799818256429957, 0.0332237418090755], [-0.35991252692005915, -0.10091498143869654, -0.6193082162097915, -0.6370701455344377, -0.013878965189474686, -0.1348558270127377, -0.12293319722097168, 0.3071373440177266, 0.5638535421571563, 0.5531643537993459, 0.07836949094262782, 0.6747101868054718, -0.011657564152279913]], "inverted": false, "swapped": true, "error_lsq": 0.0439910607215696, "error_max": 0.2822845737234395, "target": "802.xyz", "model": "9.xyz", "model_rescale": 3.877068213659057, "target_rescale": 4.090931499925712},
{"mapping": [8, 9, 2, 7, 11, 6, 0, 1, 5, 10, 12, 4, 3, 13, 15], "R": [[0.38937783770945167, 0.9147921220827118, -0.10742566209300836], [-0.2863074530846573, 0.009355235813437252, -0.9580921259832229], [-0.8754501366776345, 0.40381660805158126, 0.2655545240677083]], "T": [0.07736729906500112, 0.05709780001774525, -0.04490616314229016], "aligned_model": [[-0.08297354561740206, -0.17516798257892935, 0.40278051953223176, 0.6098935114656228, -0.5937235931297524, -0.1308651613596624, -0.2461214224249363, 0.4509543674555957, 0.30797032476310593, -0.5549624504498594, -0.3267517259599932, 0.7518050810706818, 0.4139558906814242, 0.3501751650627194, 0.03834741094478224], [-0.5380138082891227, 0.06679481477341609, 0.18749907514296596, -0.43968112963344363, -0.2499676027201824, 0.522166478031004, -0.5978794453201367, -0.6971503116546043, -0.3324466433646087, 0.34994252213848437, -0.041758108022543296, 0.009938019014149355, 0.2558012596158029, 0.766993687186279, -0.01408648512327703], [-0.509078461963584, -0.6546415183001669, -0.60833947893074, -0.41357009896687774, -0.046675094556501644, 0.3024480397707287, 0.27152059108717747, 0.1659233854827803, 0.5923322643017406, -0.17761575610519145, 0.5756665874453489, -0.01327843790126454, 0.4550802345383477, -0.18369446810579437, -0.005979674449089721]], "inverted": true, "swapped": false, "error_lsq": 0.04292479556709972, "error_max": 0.25827568728444117, "target": "802.xyz", "model": "10.xyz", "model_rescale": 4.260839863003843, "target_rescale": 4.090931499925712},
{"mapping": [13, 10, 6, 12, 7, 11, 2, 9, 4, 0, 1, 14], "R": [[-0.6061175513448226, 0.6781134330883387, -0.41567257044085004], [0.5919694114323606, 0.03555990394611641, -0.805175576604114], [-0.5312190978119865, -0.7340964957663876, -0.42297589177555855]], "T": [0.03988572943094755, -0.03954835820020317, -0.07456682995519402], "aligned_model": [[0.4473028344025732, -0.08593983808602897, -0.2805400070999155, -0.31352715005989, -0.7294550617635968, -0.32925532063033053, 0.15948499744331107, 0.7263638688802274, 0.3627185511995935, -0.2713073561967177, 0.2617902941419084, 0.011262836862996034], [0.23118301391908871, -0.7388314241500045, -0.5468146071936311, -0.28828082210798817, 0.18964302901044847, 0.3931809647222787, 0.6911233568868396, -0.009663393061010779, -0.3818530799393598, 0.1941000223006957, 0.4670622496311262, -0.027770804485549132], [-0.7236356209271813, -0.20037861656344141, 0.29646481336363334, -0.7229691057454423, 0.21101818427941793, -0.5275391511454353, -0.2835397616439596, -0.04887120239127478, 0.5320084550920162, 0.687820163920876, 0.3235955942950605, -0.027795675138764735]], "inverted": false, "swapped": true, "error_lsq": 0.049803111781794196, "error_max": 0.3042289849951916, "target": "802.xyz", "model": "11.xyz", "model_rescale": 3.890672605050136, "target_rescale": 4.090931499925712},
{"mapping": [4, 4, 10, 0, 6, 2, 9, 3, 1, 13, 12, 5, 11, 14], "R": [[0.1407888652438964, 0.9226515897967635, -0.35901607104535155], [0.030979855740468965, -0.36655603045041857, -0.9298800595123716], [-0.9895548210996881, 0.11979449230217867, -0.08019062072603966]], "T": [0.10679156239548618, 0.043747693451930095, 0.1264534953835178], "aligned_model": [[0.38698516963584506, 0.38698516963584506, 0.4014030861553145, 0.6843211616205299, 0.7560123361060589, -0.39720044354168416, -0.36326324777047414, 0.1550273523455182, -0.012518521301984581, -0.673457440548377, 0.062080028934936415, -0.2404177814163346, -0.08591167095739871, 0.1498306358958989], [-0.12843869126486807, -0.12843869126486807, 0.6672857845454805, -0.5878014106871519, 0.22475916135701196, -0.38646277278278074, -0.07719980717457021, -0.5247662648581204, -0.6218862887380566, 0.21031808246055517, 0.6922512233365363, 0.5304137073417468, 0.05405169458079564, 0.008066792976055018], [-0.5672110641450244, -0.5672110641450244, -0.08582411633756351, 0.10996344490952986, -0.08188136922769174, 0.5173062029467013, -0.36060480696956304, 0.5726472550764696, 0.04203924555783456, 0.2815027378760736, 0.5561488103968744, -0.020511892886577232, 0.8274977143439538, 0.13092933796086811]], "inverted": true, "swapped": true, "error_lsq": 0.043122710130048585, "error_max": 0.3314731909905419, "target": "802.xyz", "model": "12.xyz", "model_rescale": 4.124412569039231, "target_rescale": 4.090931499925712},
{"mapping": [9, 1, 0, 13, 4, 10, 2, 12, 3, 11, 8, 7, 14], "R": [[0.28222861538496, 0.8577091547240674, -0.42974645380784016], [-0.3843441416976951, 0.5115264328990323, 0.7685182425865076], [0.8789918028062325, -0.05172730756687033, 0.47402288578857865]], "T": [0.12181787305903927, -0.03066784534498057, 0.07486444371968327], "aligned_model": [[-0.2835355979946915, -0.046297379946005746, 0.6339120827969403, -0.6534068688768829, 0.4802879370315408, 0.5008687782438818, -0.470759492649651, 0.07764462378680756, 0.0525417546354523, -0.16669880197742312, 0.46125820561073416, 0.6212434153197591, 0.1602396515292956], [-0.17190834163541097, 0.5287376730095563, 0.6223012125774232, -0.23475193516265203, -0.09709070785437757, -0.6394508318961399, 0.4395416694834086, -0.4664967032611418, 0.6653676500744912, 0.19894436917802458, -0.00868026296833685, 0.5012160185971719, 0.009755566366460439], [0.6120285695428291, 0.4259085828719719, 0.2847633728103157, -0.059115974478529884, 0.7504488916888032, -0.004892511958710086, -0.06517092370773313, -0.5695701486928003, -0.1131756901526602, -0.5518253237805637, -0.4733129197490844, -0.3651883125929272, 0.08080046916692776]], "inverted": true, "swapped": true, "error_lsq": 0.04625337842239585, "error_max": 0.3016242019987993, "target": "802.xyz", "model": "13.xyz", "model_rescale": 3.9028299243045295, "target_rescale": 4.090931499925712},
{"mapping": [3, 6, 1, 2, 7, 14, 4, 0, 5, 9, 10, 12, 13, 11, 15], "R": [[0.7119320869382307, 0.17120924778416108, -0.6810580717243994], [0.06884174370237836, 0.9481387188813681, 0.3103123975641545], [0.6988658797736454, -0.2678065780207416, 0.6632240336847188]], "T": [0.17821731798300036, -0.12228720760059744, -0.03570988639592522], "aligned_model": [[-0.11112892290495555, -0.12608906825261343, 0.36381706912616774, 0.6557432187314663, -0.7274380756316576, -0.092104888526898, -0.12630986310007705, 0.3477673319587322, 0.3673737258140828, -0.39895004672138235, -0.3249009195781465, 0.7174237001066058, 0.35711195556574193, 0.2363672965150569, 0.07663387635350483], [-0.5833989494800784, -0.04682436073311519, 0.21604143301682052, -0.4102520019536605, -0.1296890423770689, 0.636084180754585, -0.6191578169820577, -0.9335164131603148, -0.2472423090369945, 0.35014695458622047, -0.01535598872270387, 0.2758776916721386, 0.23706901415466927, 0.5944907533630066, -0.07612082332726375], [-0.33959170490935797, -0.6240220860723498, -0.558476774268876, -0.516537361571116, -0.016697345908369035, 0.3315085700776097, 0.3103335608721879, -0.05511035166116275, 0.4233194260195387, -0.24672943995127583, 0.5035399216815813, 0.15127000403400892, 0.6509568204751397, -0.20513427369452403, -0.058530851776121794]], "inverted": false, "swapped": false, "error_lsq": 0.04325931230154774, "error_max": 0.2440948120645514, "target": "802.xyz", "model": "14.xyz", "model_rescale": 3.942246331269136, "target_rescale": 4.090931499925712},
{"mapping": [0, 2, 9, 7, 1, 4, 12, 8, 8, 5, 13, 6, 11, 10, 14], "R": [[0.022180226614729126, -0.9187238099427171, -0.3942773117891233], [-0.9994699897436057, -0.010977233120287033, -0.03064702195874114], [0.023828074811783423, 0.3947480986621229, -0.9184803544188644]], "T": [0.013816567894801818, 0.07509051473114389, 0.012181205868828416], "aligned_model": [[-0.020403649774804966, -0.05820499644910851, 0.4276905785925721, 0.5486856948889102, -0.717721489667895, -0.1270622086923007, -0.5708355871024053, 0.46451717640384427, 0.46451717640384427, -0.3645619381335957, -0.14392495607584346, 0.5709551160059885, 0.49033026631961385, 0.277587480780489, -0.026252274043680503], [-0.5888484717166896, -0.22855787731024532, 0.4126495041494658, -0.31180210417106025, -0.21925246974956572, 0.5050919411288881, -0.32716476896862345, -0.5273652271200266, -0.5273652271200266, 0.17461561962444166, -0.04313277487528752, 0.04862932964799612, 0.14909679677425783, 0.7373322437050467, -0.005774192224387742], [-0.3020344554937551, -0.6844237517072865, -0.5902509795796125, -0.531149841059831, -0.17451564360915198, 0.3848954671009836, 0.41770408137092613, 0.19317006433234155, 0.19317006433234155, -0.48752272433465726, 0.8008958005831448, -0.028877693665562264, 0.5428117648156463, 0.041529356820275545, -0.02530339655888886]], "inverted": true, "swapped": false, "error_lsq": 0.050229879294071085, "error_max": 0.3245404358579892, "target": "802.xyz", "model": "15.xyz", "model_rescale": 4.355366556412066, "target_rescale": 4.090931499925712},
{"mapping": [10, 8, 6, 9, 4, 5, 1, 13, 7, 12, 3, 14], "R": [[0.8266596405431623, -0.5430519190475576, 0.14740573908710303], [0.4043137868383691, 0.3910358456798333, -0.826813962851303], [0.39136198137972983, 0.7430919058987407, 0.5428169294691438]], "T": [-0.06466303432286197, 0.056114398460932045, -0.05865036866775774], "aligned_model": [[-0.18033431849368844, 0.4983756765941912, 0.017130409197402385, -0.6956253167553013, -0.547731913450552, -0.3907472430817876, -0.13410464697199595, -0.28192554121633345, 0.7024278127595567, 0.2434980113156881, 0.4055443902827794, -0.03869876554817791], [-0.6131467519981866, -0.23520398544818907, -0.5830583642342031, 0.3294024084037679, -0.23328190724299666, -0.04846321273964716, 0.5418378768898526, 0.5518571265858385, -0.056583328218901614, -0.20240105298762842, 0.5124071972182017, 0.049410421513072234], [0.1850033854980503, 0.061026797770061904, -0.3457465065185551, -0.06107402874100578, -0.5803987429147387, 0.45294475922994226, -0.5315983835988151, 0.5476586443747107, -0.4119825070961059, 0.6087329878485093, -0.3673987177522268, -0.10790922689040622]], "inverted": false, "swapped": true, "error_lsq": 0.05066984857599465, "error_max": 0.27246054487351484, "target": "802.xyz", "model": "16.xyz", "model_rescale": 3.795458400668931, "target_rescale": 4.090931499925712},
{"mapping": [8, 7, 0, 12, 4, 3, 11, 10, 5, 2, 1, 9, 14], "R": [[0.8194852805977382, 0.5686254179758554, -0.07147733147950036], [-0.06139817505385886, 0.2111114009981141, 0.9755317731722886], [0.5698018418570638, -0.7950453511595408, 0.2079152486372763]], "T": [-0.02719692798643933, 0.0126828416616733, 0.07786026980723985], "aligned_model": [[-0.13461773072289607, 0.016069504264993643, 0.4430329640227848, -0.4492810619471078, 0.6906788363833131, -0.2576884401356483, -0.6733992696618903, 0.25269225094499126, -0.20673793364088183, -0.6006278284225173, 0.033200271465238254, 0.03299630441926632, 0.002313933934576854], [-0.27258228253954153, 0.1788990212856687, 0.5407538230643428, -0.6163136162433855, 0.13112861220934807, 0.5690461769822466, 0.03962118497783205, -0.6523872344794029, -0.4115454655488918, 0.5228060159347016, 0.6881914209182846, 0.2053120726404975, 0.04085153626878585], [-0.49072234953234667, -0.7566892750336941, -0.4045208222205948, -0.10490311012205024, 0.3227114820485591, -0.32457877570466814, -0.2544055346239601, 0.07901211765979287, 0.48626244108558664, 0.1308336198108976, 0.14471531853759972, 0.7351854302142327, 0.039374488716941075]], "inverted": true, "swapped": true, "error_lsq": 0.04789249514096051, "error_max": 0.33709655988218834, "target": "802.xyz", "model": "17.xyz", "model_rescale": 3.7474275329858107, "target_rescale": 4.090931499925712},
{"mapping": [4, 9, 1, 5, 6, 8, 0, 2, 10, 7, 12, 13, 11, 14], "R": [[-0.37938493833746495, -0.5844807169120013, -0.7172512531328971], [0.520645874879809, 0.5059646517444554, -0.6876973492429287], [0.7648496202086502, -0.634335922633383, 0.11235210600401982]], "T": [0.04326899519458076, -0.0468742158963593, -0.04047890175062887], "aligned_model": [[0.5386375054356403, 0.16763740500304825, 0.6126493078454518, -0.4429033333736918, 0.1791040460905653, -0.19196725924849928, 0.7919301673236248, 0.1065380465112135, -0.32307760930597845, 0.2847648012790146, -0.6915040113560492, -0.41935046420642935, -0.28470416186686365, 0.08709320775182976], [-0.4635251751170341, 0.18537795856014566, 0.3262485266491503, -0.0611188238331382, -0.7261470531788501, -0.27622037418605705, -0.21107392186491325, 0.708165284005702, -0.6566857588699784, -0.18829498822461438, -0.14493200499743353, 0.5508236295017201, 0.37997503814649003, -0.062184095079955995], [-0.4532005355526107, -0.675614350659724, -0.07233386137301098, -0.4178785850232162, 0.09291312132930751, 0.5147380461485612, 0.3405874134633477, 0.0928147854557426, -0.16121635593004927, 0.764289814167481, 0.19970292954135996, -0.3393350378377158, 0.44833295171855614, -0.009005616786374106]], "inverted": false, "swapped": true, "error_lsq": 0.04030220363666923, "error_max": 0.28234597605496853, "target": "802.xyz", "model": "18.xyz", "model_rescale": 3.922800546911778, "target_rescale": 4.090931499925712},
{"mapping": [11, 10, 6, 4, 9, 0, 7, 13, 12, 2, 3, 8, 5, 1, 14], "R": [[0.7162079280138959, 0.6172137787010972, -0.3257197495264227], [0.40213113355342167, 0.016469832023591646, 0.9154339386652404], [0.5703829899962678, -0.7866230965428285, -0.23640505220550947]], "T": [0.16412756258078512, -0.023450954417328362, -0.011711150316401], "aligned_model": [[-0.06740564884327682, -0.17080381870847713, 0.4815345440437111, 0.4099140709847432, -0.6258289611208592, -0.18330813425911505, -0.2659660244276012, 0.4483775971309677, 0.29038747849692015, -0.4267685977135851, -0.2561010982786137, 0.7747012436087096, 0.46067250975727625, 0.24644221084342702, 0.09946901794140182], [-0.6166979169408939, -0.07583552734983007, 0.23048760688189085, -0.3537755789504111, -0.15185498453335006, 0.5488079912336314, -0.6193315002847689, -0.6485800618601647, -0.3372356813766415, 0.3137048140317875, -0.012692143662840726, 0.014070670175824473, 0.3493172035802341, 0.6940070571461047, -0.08623962631638903], [-0.330606158482143, -0.7436110571408604, -0.5689685299149023, -0.6069772872718254, -0.16078925610716113, 0.488539558189547, 0.30158886648799715, 0.0034303062227859157, 0.698367453308883, -0.23598035983621513, 0.47041058137443537, 0.0018003908806551935, 0.5846433708142026, -0.1743805213137963, 0.02263075613531068]], "inverted": true, "swapped": false, "error_lsq": 0.04068084862385576, "error_max": 0.3266458722371302, "target": "802.xyz", "model": "19.xyz", "model_rescale": 3.9282355846067225, "target_rescale": 4.090931499925712},
{"mapping": [10, 5, 9, 12, 8, 13, 11, 1, 7, 0, 4, 6, 0, 14], "R": [[-0.165464626783085, 0.21095491478308692, -0.9633895791487446], [0.7794221405110989, -0.5705463051987018, -0.258801160169747], [-0.6042537415396214, -0.7937096053047177, -0.07001769977939876]], "T": [0.018377727489622388, -0.16997051526649198, -0.042605012237925066], "aligned_model": [[-0.5846539702670132, -0.15875545764394156, 0.4895590066488211, -0.6003908284504142, -0.49125825444264815, 0.24516449472102247, -0.07699613657743232, 0.6439789482502001, -0.22261884150348377, 0.2377535053991879, 0.19820788603147524, -0.4091688478436046, 0.2377535053991879, 0.02394780936331959], [-0.5439319703443902, -0.6333814242415379, -0.6636777851018962, -0.13992977946828206, 0.22558386316092938, -0.37456785436381723, 0.3368231012470644, 0.03774492343915711, 0.5898608973951146, 0.3028264980225046, -0.5656723977797691, -0.21616231007025122, 0.3028264980225046, -0.13546017249249473], [0.08840295328880779, -0.4071199324022148, -0.12655110351436263, -0.5152751314692976, -0.04568958481305145, -0.795786371360625, -0.5552137927282688, 0.13033043524992993, 0.2583096324522138, 0.6363676550883295, 0.5901731985282115, 0.5166144655672698, 0.6363676550883295, 0.0012530782684111452]], "inverted": false, "swapped": true, "error_lsq": 0.045784304785337814, "error_max": 0.38581598143606266, "target": "802.xyz", "model": "20.xyz", "model_rescale": 4.067790424073018, "target_rescale": 4.090931499925712},
{"mapping": [2, 8, 5, 4, 0, 9, 3, 6, 11, 7, 12, 13, 10, 1, 14], "R": [[0.6084690234419262, -0.11854431240693755, -0.7846736222835551], [-0.36260208193794013, -0.9210579007327011, -0.14202842557791434], [-0.7058931772484418, 0.37094418649418964, -0.6034196158729543]], "T": [0.10163322317384484, -0.09705241945279952, -0.047360399171059345], "aligned_model": [[-0.19723276945658663, -0.012490263066609816, 0.5115635237018954, 0.2615127715458159, -0.5790360489923313, -0.1551386354967409, -0.21653090498251026, 0.488258393338166, 0.32561919717639615, -0.37903514634490865, -0.2648385569956737, 0.7170317967482388, 0.3791744118156207, 0.2227081418059641, 0.11375047865889228], [-0.7209901407231311, 0.13090192858111127, 0.06609139850888415, -0.4461051042416997, -0.21466561338739137, 0.5363446422301262, -0.7455279225789665, -0.7268804806557353, -0.2809711189378961, 0.42935342622762473, -0.027807591415358365, 0.15533255587119216, 0.4396557647568533, 0.7030545266397585, -0.04963394910118868], [-0.3214092451163488, -0.5574393556335004, -0.43954321907493155, -0.7509748162990159, -0.2126314131518267, 0.32267510495682705, 0.40207939218100935, -0.08470332101887644, 0.5305984656359328, -0.26763014604167834, 0.6219059566448718, 0.17106561793886993, 0.5059948530524613, -0.183282583421773, 0.013392822694892247]], "inverted": true, "swapped": false, "error_lsq": 0.048992326280345104, "error_max": 0.3630569024277125, "target": "802.xyz", "model": "21.xyz", "model_rescale": 4.186013935880536, "target_rescale": 4.090931499925712},
{"mapping": [0, 7, 6, 9, 2, 4, 1, 3, 10, 8, 11, 5, 14], "R": [[-0.9232868243722546, 0.2849138916935738, 0.2576150505320298], [0.25488352571764, -0.047304200357193626, 0.9658140094999202], [0.28736010206419216, 0.9573851821229474, -0.028944512313529736]], "T": [0.09647244588750731, 0.00231251603011106, 0.12242953369671014], "aligned_model": [[-0.14688115293964432, -0.5215865010808418, 0.3308378796603119, 0.5219579984712589, -0.40582474364346605, 0.6641048560157365, -0.06845509892078186, -0.5309728777969067, 0.5137009761700388, -0.26182571620239575, -0.5418523240176656, 0.42808108113772086, 0.07728965856986036], [-0.3497320509516366, 0.16525566815927575, 0.3205977943343731, -0.4332219058165503, -0.420798324282747, -0.28126327882481317, -0.6492926862794772, -0.3271927770574027, 0.5798272063983784, 0.4940399325660549, 0.17807871482631196, 0.25473170375424736, -0.012073337279920911], [-0.6188600719777919, -0.4409756602528675, -0.4618850266304665, 0.44192511158193426, 0.5230909574886247, -0.30966460571106746, 0.01000700402307117, -0.027110798749991227, 0.008172711835580895, -0.09211228001574179, 0.4230146913609074, 0.5755489766156785, 0.07172855176747508]], "inverted": false, "swapped": true, "error_lsq": 0.04433981679570314, "error_max": 0.2550852360194282, "target": "802.xyz", "model": "22.xyz", "model_rescale": 4.166573947596378, "target_rescale": 4.090931499925712},
{"mapping": [7, 10, 14, 13, 8, 3, 0, 5, 1, 9, 4, 6, 2, 11, 15], "R": [[0.37682680362856513, 0.8809024330083659, -0.28637818280557], [0.9217000667728212, -0.3873106594523759, 0.02143455120927329], [-0.09203557452450711, -0.27203190363357627, -0.957876869136862]], "T": [0.08948984101956547, 0.07222376682197237, -0.03876763922160336], "aligned_model": [[-0.09078529049876277, -0.045625115851226195, 0.3284424189491142, 0.4395860155590926, -0.7058995389124817, -0.20186023644856754, -0.15955956125809645, 0.4822293042772113, 0.35438409432107154, -0.2660429457659145, -0.32260292419165426, 0.7897877835885408, 0.3059832907079966, 0.18549045367144051, 0.12178864130786397], [-0.5884744899284271, -0.28515458440756936, 0.21757837903675692, -0.41800044882078446, -0.06612590401807886, 0.47231695375749294, -0.6030725840055083, -0.6582034822297061, -0.33879957518880255, 0.4469457111270051, -0.051313494421880046, 0.007710022307677755, 0.23672177120510346, 0.8535294726561947, 0.022494574704709842], [-0.2446033458743815, -0.6829461048709428, -0.778869973651754, -0.6336844618665654, 0.009130618481041138, 0.3025053103995992, 0.3468552291643912, -0.09615865806810209, 0.4798747305837113, -0.34475631263763123, 0.5568594348016757, 0.2519700438696469, 0.576764839194493, 0.010614582556648024, -0.0034578187349160114]], "inverted": false, "swapped": false, "error_lsq": 0.046241615954304684, "error_max": 0.27943059493379, "target": "802.xyz", "model": "23.xyz", "model_rescale": 4.274766983524099, "target_rescale": 4.090931499925712},
{"mapping": [11, 1, 0, 8, 4, 10, 12, 5, 13, 9, 14], "R": [[0.4522786570590349, 0.7448909756124806, -0.4904910303155026], [-0.596599943269468, -0.156115526049986, -0.7872080094974926], [-0.6629574074250504, 0.6486643022220534, 0.373794193324392]], "T": [-0.08109979194126338, 0.12545640673075037, -0.0005020841688011327], "aligned_model": [[0.31913881017410695, 0.1337520880728277, -0.4972994602355196, -0.33976133987312385, -0.528190504102453, -0.5448094477234633, -0.030379985012981114, 0.09799376890629122, 0.6588596195099067, 0.22313089659633134, -0.112539742353848], [-0.3169847748528586, 0.6985930156001203, 0.5911669046932564, -0.3643500640357998, 0.6832084240692462, -0.23646564232169526, -0.6447057804102247, -0.13739695124641055, -0.05876194204115506, 0.5535163684744382, 0.1477669733145664], [-0.41614443973113113, -0.30013912647125024, -0.5857868002547566, -0.33123678113580396, 0.2794081014625385, 0.4174013388355048, 0.10660403108613406, 0.5265942746860974, 0.28074182788527985, 0.4433604730073514, -0.041236465348386826]], "inverted": false, "swapped": true, "error_lsq": 0.05082630032451251, "error_max": 0.264122341503628, "target": "802.xyz", "model": "24.xyz", "model_rescale": 3.7841303162186577, "target_rescale": 4.090931499925712},
{"mapping": [6, 3, 5, 4, 11, 14, 7, 1, 8, 13, 10, 2, 9, 12, 15], "R": [[-0.7299534122200937, -0.6395724136038207, -0.24107082723802445], [-0.5870917650415955, 0.40609959256965333, 0.700290211508847], [-0.3499875360760524, 0.6527099268984233, -0.6719214804719887]], "T": [0.06930128334825814, -0.13748456242853888, 0.10343244735368617], "aligned_model": [[-0.1610777373011854, -0.08058910581674236, 0.5075219294526014, 0.4810811275625153, -0.6680095478083615, -0.14744176963196126, -0.36934301615485443, 0.5182873357479828, 0.5669217847046524, -0.3924807105561723, -0.35936225058135146, 0.7716297388615432, 0.29049688930351225, 0.21216554366644183, 0.04551617800700787], [-0.5760903416667262, -0.026065703914741806, 0.25679507089479636, -0.3935690182907743, -0.15972182798960757, 0.5774494170916901, -0.5714139957309567, -0.7299413171744132, -0.32843639531896907, 0.39562949941568004, -0.023986595818050044, 0.11699575549330962, 0.3139481145685621, 0.5643018066834926, -0.16774214646910948], [-0.4224733707416213, -0.6802260221574897, -0.5460634968353376, -0.4636323233938715, -0.10941917101504348, 0.37024851925105895, 0.30862013101799735, 0.12447792928454865, 0.35910610220388584, -0.23501516224142888, 0.7426670611939112, -0.0003342924714634099, 0.4024671452926422, -0.14608228503786108, 0.04575734899698622]], "inverted": false, "swapped": false, "error_lsq": 0.036581331251203504, "error_max": 0.2646553870089528, "target": "802.xyz", "model": "25.xyz", "model_rescale": 4.19342608120988, "target_rescale": 4.090931499925712},
{"mapping": [10, 8, 6, 9, 4, 5, 1, 13, 7, 12, 3, 14], "R": [[0.8266596405431623, -0.5430519190475576, 0.14740573908710303], [0.4043137868383691, 0.3910358456798333, -0.826813962851303], [0.39136198137972983, 0.7430919058987407, 0.5428169294691438]], "T": [-0.06466303432286197, 0.056114398460932045, -0.05865036866775774], "aligned_model": [[-0.18033431849368844, 0.4983756765941912, 0.017130409197402385, -0.6956253167553013, -0.547731913450552, -0.3907472430817876, -0.13410464697199595, -0.28192554121633345, 0.7024278127595567, 0.2434980113156881, 0.4055443902827794, -0.03869876554817791], [-0.6131467519981866, -0.23520398544818907, -0.5830583642342031, 0.3294024084037679, -0.23328190724299666, -0.04846321273964716, 0.5418378768898526, 0.5518571265858385, -0.056583328218901614, -0.20240105298762842, 0.5124071972182017, 0.049410421513072234], [0.1850033854980503, 0.061026797770061904, -0.3457465065185551, -0.06107402874100578, -0.5803987429147387, 0.45294475922994226, -0.5315983835988151, 0.5476586443747107, -0.4119825070961059, 0.6087329878485093, -0.3673987177522268, -0.10790922689040622]], "inverted": false, "swapped": true, "error_lsq": 0.05066984857599465, "error_max": 0.27246054487351484, "target": "802.xyz", "model": "26.xyz", "model_rescale": 3.795458400668931, "target_rescale": 4.090931499925712},
