[{"mapping": [9, 2, 7, 11, 12, 0, 5, 3, 6, 1, 4, 8, 13], "R": [[0.8278461212408017, 0.5598205857936321, -0.0356610609521685], [-0.5301157129421533, 0.8015395672480876, 0.27660739872169127], [0.1834342673504388, -0.21008387338732765, 0.9603211107250454]], "T": [0.05496134930758881, 0.11889794803546513, -0.006947112384551951], "aligned_model": [[-0.09109041296245826, 0.7388821994200859, -0.08337172968957787, -0.5104402473783715, -0.3383408124180416, 0.33069997461999245, -0.08267067305282608, 0.5306382898526297, 0.5477060191256246, 0.034822819208703885, 0.5119890492135674, -0.0665238674386896, -0.014645632994061367], [0.11816267755829951, 0.10823050918527996, -0.44363523248888903, -0.25403721050491745, 0.479690864084065, 0.6783784871918158, 0.017029886170038033, 0.17821109007014982, -0.3885016813986042, 0.6628483576979426, -0.6396923187434872, -0.6502106105208243, 0.0016958901189228631], [-0.7248687751579812, -0.35822580792340797, -0.49255483734348093, 0.1612855920242729, -0.2311383015171756, -0.46121814535580763, 0.7299935805035265, 0.20141244514381096, 0.28338819480996935, 0.18477274797542986, -0.3662112426257559, 0.058570052467693395, -0.09615702153361701]], "inverted": true, "swapped": false, "error_lsq": 0.04721223735005802, "error_max": 0.2705103177513457, "target": "803.xyz", "model": "0.xyz", "model_rescale": 3.8414455957264533, "target_rescale": 3.794675401829061},
{"mapping": [8, 7, 6, 10, 12, 13, 1, 0, 4, 11, 2, 5, 14], "R": [[-0.6217619796416971, -0.31972380094157526, 0.7149746371610043], [-0.318893177195509, 0.9371308281729063, 0.14174961173180106], [-0.7153454984901991, -0.13986601445467234, -0.6846300576153328]], "T": [0.17689442483383086, -0.05025131296867046, -0.12705002237076646], "aligned_model": [[-0.2792973847153938, 0.7976029327863966, -0.09564312418255991, -0.48620719416263125, -0.4283538400983211, 0.2938451792602078, 0.049327730557693045, 0.7108987899136854, 0.525609767112598, -0.06399072841549991, 0.46166791852592615, -0.1064233566049311, 0.12861828552940852], [0.262696418694037, -0.05389703780168082, -0.6127162531805892, -0.21482601238670512, 0.4140810372634549, 0.6415976349078645, 0.1415007570706408, 0.3119588373284176, -0.3057504818140533, 0.6719756755222824, -0.7192238278896569, -0.6281117828152983, -0.041114256478922515], [-0.6911910930684607, -0.2933709740902153, -0.5954341053541483, -0.0871412312825332, -0.10808821360675039, -0.4143034905840546, 0.7068898875243286, 0.203344460943633, 0.20300303340498543, 0.2558702332560534, -0.2534800788807563, 0.014834075017720716, -0.05188402181232499]], "inverted": false, "swapped": false, "error_lsq": 0.041110191198147024, "error_max": 0.2129888178292655, "target": "803.xyz", "model": "1.xyz", "model_rescale": 4.316132596720782, "target_rescale": 3.794675401829061},
{"mapping": [2, 11, 10, 5, 1, 0, 7, 4, 8, 3, 6, 12], "R": [[-0.21516925420317745, -0.5746636895835182, 0.7895972618492966], [-0.10468980168486175, 0.8174498081316092, 0.5664060880753138], [-0.9709491425758783, 0.039210394793391834, -0.2360514932621982]], "T": [0.04139615378682925, 0.1353938947773593, 0.04452241488446528], "aligned_model": [[-0.13148163317368555, 0.4460562327859447, 0.15874979521380217, -0.6980632788977224, -0.4204110469375958, -0.6229945911251269, -0.16638622265063469, -0.16422012758623927, 0.37041342116175446, 0.31134386883047255, 0.5698274725874385, -0.05502533557662726], [-0.5402884626501535, -0.34801189537815536, -0.6234098452951368, 0.2819364787895412, -0.2352537205008397, 0.010003883411088321, 0.3544752828722604, 0.5305854308451834, -0.007830158302493756, -0.07496193350135955, 0.5548863212473228, 0.11064504620372212], [0.19261177113338365, 0.0326579273865821, -0.5698249980394754, -0.16641873890698541, -0.48547485244755617, 0.3935132080027321, -0.6142563851352294, 0.589229766709162, -0.5136892415514308, 0.6885841241263508, -0.053556142798482205, -0.044117977269629745]], "inverted": false, "swapped": true, "error_lsq": 0.04543251291367587, "error_max": 0.2635433270252923, "target": "803.xyz", "model": "2.xyz", "model_rescale": 3.795458400668931, "target_rescale": 3.794675401829061},
{"mapping": [3, 2, 11, 7, 4, 9, 8, 0, 1, 5, 6, 12], "R": [[0.08240005674511383, 0.7228875190612031, -0.6860348864554489], [-0.26550611530453416, 0.679420629370296, 0.684027858439966], [0.9605814558819556, 0.12578252331548156, 0.24791535540198578]], "T": [-0.04391072715581796, 0.045646606179196296, 0.001702333186221032], "aligned_model": [[-0.27679116169524276, 0.010052643339616633, -0.5333443702343589, 0.12843592044748925, 0.2931590445647207, 0.30277287313802753, -0.4539537325975321, 0.6179579242448678, 0.27602649671242313, 0.6820693203779914, -0.48859626095912523, 0.03551512840468748], [-0.0235071389560988, -0.6277283961713458, -0.34133591547255293, 0.13431547926602463, 0.45369010692990075, 0.6797860089892467, -0.09397245563806031, -0.17053957995298272, -0.47478618941838296, 0.00902775752290174, 0.5500341803337441, -0.009214812142684978], [-0.685990397182641, -0.22637198726999586, -0.08924237811661365, 0.699981748555449, -0.4620270868041251, 0.24299986975960042, 0.5044318790237277, -0.3050968059505671, 0.5099665624820927, 0.29219016835989864, 0.1143118758401806, 0.09361798194209395]], "inverted": false, "swapped": true, "error_lsq": 0.06361089299215107, "error_max": 0.36763221048115396, "target": "803.xyz", "model": "3.xyz", "model_rescale": 3.7530521520055578, "target_rescale": 3.794675401829061},
{"mapping": [7, 6, 4, 3, 5, 11, 1, 8, 10, 2, 12], "R": [[0.7335405072521497, -0.21031666556235018, 0.6462857142216542], [0.4124248552243114, 0.8935681748442204, -0.1773179508644701], [-0.5402074259147728, 0.3966141917434416, 0.7422082725854191]], "T": [0.027697484207120572, -0.06973585531454556, -0.1575109490375569], "aligned_model": [[-0.4747963579113643, -0.3572759068919747, 0.5541972616921947, 0.4868941201186747, 0.17635240844740632, -0.11747483437907286, -0.17292743732648733, -0.5985681001233824, -0.4751557281960599, 0.3180993388749512, -0.0011451618596804228], [-0.5656757469094509, 0.044586598296985344, -0.2780275962533452, 0.4624641944614241, -0.7728477677838768, 0.5104653380174284, -0.3664844134618298, 0.07791749261477578, 0.2638916072442464, 0.24637465246928542, -0.15546100038129684], [0.0059003127555462, -0.7084726743670742, -0.5753303351867165, -0.35203186114125784, 0.15282194306514763, 0.04214695019885498, 0.5518779307941589, 0.004833289298229987, 0.6188968689762114, 0.41179103099722025, -0.05960267814500454]], "inverted": true, "swapped": true, "error_lsq": 0.04590013045478766, "error_max": 0.23662924557012463, "target": "803.xyz", "model": "4.xyz", "model_rescale": 3.7855080009869324, "target_rescale": 3.794675401829061},
{"mapping": [0, 6, 1, 2, 3, 7, 15, 8, 13, 10, 11, 12, 16], "R": [[0.36173012888722944, -0.6091752437186564, -0.7057314193767658], [-0.01324280760396307, -0.7602739061438003, 0.6494676402128228], [-0.9321887909120089, -0.22558614779539085, -0.2830811686086576]], "T": [0.08009352743954855, 0.02338861976922152, -0.07640246376949855], "aligned_model": [[-0.32644296724603533, 0.6813858118487391, -0.11175322042233189, -0.6310336189801932, -0.5296272586258741, 0.48095699967194216, 0.14615014790589448, 0.5867997258889922, 0.5608238137184265, 0.0724669668694553, 0.5038556347293109, 0.03263772872040842, 0.04143521142784385], [0.08593636414254496, -0.039485544254437094, -0.4336175643190452, -0.17593960503769726, 0.3512212121254484, 0.5748920538160938, 0.16957880150582302, 0.27298746182938083, -0.37829872113448026, 0.7013508219390518, -0.615912358684745, -0.6521840165703943, 0.007641803062247373], [-0.7391918281101472, -0.32251523522857156, -0.6486297892523624, -0.09516753768167203, -0.13282018995550712, -0.387082219692225, 0.7320423768611042, 0.3434297889919597, 0.287483934557424, 0.1905682501247215, -0.28653614425285423, -0.00995832778126593, -0.04257459711312641]], "inverted": true, "swapped": false, "error_lsq": 0.045219296847884095, "error_max": 0.25933692132575215, "target": "803.xyz", "model": "5.xyz", "model_rescale": 4.2253639853439635, "target_rescale": 3.794675401829061},
{"mapping": [8, 11, 9, 1, 10, 5, 3, 6, 7, 2, 12, 0, 13], "R": [[0.38698440923680766, -0.07198978578219828, 0.9192717431481685], [-0.9071932034995877, -0.20818159044939752, 0.36559665879506476], [0.16505622839443157, -0.975437284575996, -0.14587167417704067]], "T": [0.03246592939777229, 0.0023072644024767913, -0.08656264584470796], "aligned_model": [[-0.16582925608908466, 0.6875657733197902, -0.12650318425837145, -0.6888651643933557, -0.4228805624023576, 0.21582605815236663, 0.2159049480905813, 0.5841834302230998, 0.5235290570383277, 0.01900764653052109, 0.7627383260506022, -0.1442774435217156, 0.047255346766174045], [0.11041839621295409, 0.11083316098427674, -0.4644218235931992, -0.1226144615880297, 0.6095406816829676, 0.5692070465206603, -0.01375073904325444, 0.19029627990773734, -0.43846627267443505, 0.5798391198959841, -0.5522187655668247, -0.7169820071705153, 0.006490092851469082], [-0.7900225794515067, -0.49229668814046196, -0.4464087335092643, -0.1393053938193295, -0.26667267813694484, -0.3004433758512687, 0.5983473771836443, 0.18544084210264672, 0.3538540996492564, 0.2546813175447184, -0.2613392839930855, 0.22076026780742558, -0.02754668991835285]], "inverted": false, "swapped": false, "error_lsq": 0.054055511669505577, "error_max": 0.2936125479998046, "target": "803.xyz", "model": "6.xyz", "model_rescale": 3.89814844738969, "target_rescale": 3.794675401829061},
{"mapping": [9, 6, 8, 11, 10, 5, 4, 1, 0, 2, 3, 7, 12], "R": [[-0.3072775246977109, -0.3403691795606609, -0.8886671730298413], [0.07955033040269249, 0.9213906465743549, -0.38040901847631603], [0.9482891266636299, -0.18758490880263878, -0.2560461564660472]], "T": [0.09389576748431647, -0.0848784521953064, -0.017281033956828548], "aligned_model": [[-0.18317626255562228, 0.5394664550561571, -0.07476342998524996, -0.6643351026503809, -0.3184501070382364, 0.35196209631717057, -0.2606416897555026, 0.7469330388985908, 0.6238414370959063, 0.12239865864124452, 0.5810087363467611, 0.046280104288264165, -0.0028689591525241226], [0.3061216626514357, -0.11708239977699729, -0.4829608883415508, -0.30820263751922417, 0.5222635919193934, 0.5259824400785403, -0.022761109505620186, 0.44553939132091536, -0.15643205349807418, 0.47822399782664304, -0.703964794854641, -0.660645409733617, 0.0420889178525877], [-0.7711350512532779, -0.52502655994863, -0.5376378552396158, -0.1920741260606007, -0.03318955634518733, -0.42079973765959455, 0.5174529331103189, 0.06636013686974752, 0.2377641715829676, 0.4112642501100251, -0.19570466627221128, 0.29496860779065714, 0.036805934782878774]], "inverted": false, "swapped": false, "error_lsq": 0.05090533969478257, "error_max": 0.2822620048209001, "target": "803.xyz", "model": "7.xyz", "model_rescale": 3.7474275329858107, "target_rescale": 3.794675401829061},
{"mapping": [0, 7, 3, 2, 1, 10, 13, 11, 9, 12, 5, 8, 14], "R": [[0.4857878176133089, -0.02472911158940188, -0.8737268836990755], [0.22602477777133706, -0.9620473755738961, 0.15289750483509182], [-0.8443476748898622, -0.271759669913286, -0.46176150306917707]], "T": [0.09172025902067954, 0.026073555535689727, -0.07224142464864601], "aligned_model": [[-0.13812311560487917, 0.728245379436834, -0.12651764000371657, -0.665910767290316, -0.5901802615164653, 0.518002837505664, -0.098554117036624, 0.6097282675257609, 0.6907343332458071, 0.09662984508931993, 0.4282634513238462, 0.010241848230717374, 0.04509491460062974], [0.24245161110948688, -0.039203127086004264, -0.4224043106472711, -0.33103396025869347, 0.3099436503185904, 0.5448853746537036, 0.2608732955691027, 0.2222334070959065, -0.3665964660325304, 0.5756849755432671, -0.5228555046764745, -0.6293560747479745, 0.02354783757868191], [-0.6506580546255161, -0.30559171436160926, -0.587386413907018, 0.011776109140190075, -0.2109182771834896, -0.4249180744454714, 0.7743851592647191, 0.21001549971343308, 0.1872442842646304, 0.20801881470264788, -0.38598818652974, 0.0980042336745136, -0.03493489823981273]], "inverted": true, "swapped": false, "error_lsq": 0.049377188290171264, "error_max": 0.35037899374520554, "target": "803.xyz", "model": "8.xyz", "model_rescale": 4.019505241142653, "target_rescale": 3.794675401829061},
{"mapping": [7, 4, 0, 1, 9, 8, 6, 5, 2, 11, 3, 2, 12], "R": [[-0.9088727160832107, 0.3271963546997889, 0.25863667843269583], [-0.3124190582296045, -0.12327881795626033, -0.9419111768623593], [-0.2763054795230359, -0.9368803971236016, 0.21426713110290163]], "T": [0.011340185758963076, 0.025217788551102467, 0.012110038757747438], "aligned_model": [[-0.05656972110078891, 0.5609274248633529, 0.025762658713066336, -0.6088796231770774, -0.4152060358813527, 0.09091979020593362, 0.08921944320164481, 0.6486274490040783, 0.14034673869596492, 0.14760978961465615, 0.7007239050042309, 0.14034673869596492, 0.04382641766690444], [0.14436725007315576, -0.026866279920229663, -0.36462914100930205, -0.23541358119455824, 0.5405106954959442, 0.5765377059242934, -0.005576783286350383, 0.1267546003450714, -0.5268488600137047, 0.5955400173797643, -0.47544858245032806, -0.5268488600137047, 0.04609252708973951], [-0.8827506433850099, -0.6066272137721199, -0.5079451908643603, -0.048750292151627864, -0.12885663208024917, -0.3697935703503409, 0.7339468302642637, 0.19671756595592219, 0.18108307524106498, 0.22046712253919581, -0.09989031985590593, 0.18108307524106498, 0.020364674685579526]], "inverted": true, "swapped": false, "error_lsq": 0.060323190856367774, "error_max": 0.419365670959066, "target": "803.xyz", "model": "9.xyz", "model_rescale": 3.877068213659057, "target_rescale": 3.794675401829061},
{"mapping": [8, 1, 0, 10, 9, 7, 13, 4, 3, 2, 5, 12, 15], "R": [[0.04208942710335978, 0.9533645679903275, 0.2988720137897275], [0.9564737655153082, 0.048009432896210014, -0.2878420230507555], [-0.28876706184583845, 0.2979783462830821, -0.9098475087284249]], "T": [0.012534823652682686, -0.03658245819857012, 0.025273906643811878], "aligned_model": [[-0.15094662601649156, 0.6409485756208319, 0.06037056660967002, -0.6705064559072844, -0.4672109851576963, 0.45479844407154, -0.01866124662750024, 0.6173045360642981, 0.4570193628843593, 0.01260439565595041, 0.5952129080461608, -0.03964375257279101, 0.01636525283553116], [0.30543766848240694, -0.05985043882187738, -0.46584066110403155, -0.20001187629441222, 0.39583396403900595, 0.5301483076847087, 0.21125948893290875, 0.2366732243804409, -0.3327487839806459, 0.6132082227219944, -0.5043122334531785, -0.7726059887659747, -0.0890201854015537], [-0.6467521228872557, -0.5726068236180534, -0.6434675774648957, 0.12505474236798914, -0.11076028246974409, -0.3613857608574229, 0.7568746655313504, 0.15822354610485606, 0.3680279650953121, 0.1599120293952475, -0.20431387515293328, -0.09195226086031291, -0.04780576371666036]], "inverted": true, "swapped": false, "error_lsq": 0.04160164053655612, "error_max": 0.2151334950832167, "target": "803.xyz", "model": "10.xyz", "model_rescale": 4.260839863003843, "target_rescale": 3.794675401829061},
{"mapping": [10, 11, 6, 8, 9, 7, 1, 2, 3, 4, 0, 12], "R": [[0.20710536098058174, 0.6466963555653382, 0.73409208765087], [-0.4271891914986983, -0.6152665664502496, 0.6625378833509892], [0.8801231528143044, -0.450811352903884, 0.14883668893514956]], "T": [-0.059803187655787765, -0.029006608421839428, 0.061613819001468666], "aligned_model": [[0.4067891970994145, 0.31598241693055373, -0.5674900890415878, -0.1762419478894116, -0.7269262359049296, -0.45792494347443735, 0.17271487488803428, 0.6436263805347738, 0.3149701391983083, -0.20075053186464273, 0.2862930347895457, -0.052143646171490955], [-0.061712521874974266, -0.4582962378986679, -0.48308188948311126, -0.22881660566047546, 0.27879593956463966, 0.34475869625936445, 0.5117206919658805, 0.04770023335610531, -0.4588154367179868, 0.07534099069220244, 0.5223829666098028, 0.08310167872015413], [-0.8033715025989425, -0.20683970949901526, 0.03157039505232625, -0.5603859600267423, 0.2634831629177154, -0.4147875270119737, -0.47232623937402984, -0.025946090872163118, 0.5163072907569961, 0.7430871707892073, 0.45546560827239413, -0.010078521010267467]], "inverted": true, "swapped": true, "error_lsq": 0.044066108598871466, "error_max": 0.2288666018380766, "target": "803.xyz", "model": "11.xyz", "model_rescale": 3.890672605050136, "target_rescale": 3.794675401829061},
{"mapping": [12, 4, 7, 5, 9, 10, 6, 2, 0, 11, 3, 8, 13], "R": [[-0.8791919311248784, -0.31010942544354847, 0.3617370488296439], [0.31076567422438683, -0.9487149448219939, -0.05800559624091599], [0.3611734264432673, 0.06141740569638328, 0.9304738891063824]], "T": [0.1122350301836945, 0.01705328470308827, 0.09039159860129264], "aligned_model": [[-0.10310351511639872, 0.686680625526343, -0.07258182184203095, -0.5586419843791021, -0.5634632737927887, 0.2965663038521458, -0.1043509879336764, 0.6423832951450775, 0.5362808881085824, 0.1738497474192688, 0.533496669269605, -0.09617702398509685, 0.13671605323464978], [0.17525743425150325, -0.007772617211773844, -0.4498762356983896, -0.1724483617107444, 0.40338019816233495, 0.6706407093595536, 0.010044671215367965, 0.474851362636574, -0.34611016621975027, 0.5497365399251063, -0.7530953106089466, -0.656785458848253, -0.029652056832790985], [-0.6051174989084205, -0.3101742217212675, -0.5986539183722588, -0.2545509171499786, 0.08845925242176703, -0.4913179202491885, 0.6243388994040958, -0.03178806691441331, 0.28272453399660347, 0.21373802182185858, -0.1967894045580167, 0.23768996656383182, -0.06951024486713497]], "inverted": true, "swapped": false, "error_lsq": 0.04469100588935311, "error_max": 0.2567543023995646, "target": "803.xyz", "model": "12.xyz", "model_rescale": 4.124412569039231, "target_rescale": 3.794675401829061},
{"mapping": [1, 8, 2, 4, 0, 6, 7, 9, 10, 3, 11, 10, 12], "R": [[0.18013500476776712, -0.515696556487289, 0.8376207027554112], [0.9817894627577363, 0.14649845148812424, -0.12094484085506685], [-0.06033929793420101, 0.8441535792370569, 0.5326949443969538]], "T": [0.030864871307708625, 0.150525103942415, 0.020355627868306747], "aligned_model": [[-0.14508293971313727, 0.5299359660749929, 0.008656290680308931, -0.5899834661019737, -0.47604344337210014, 0.3698989656695728, 0.17378373355743018, 0.6311566333465217, 0.13526284184446136, 0.06968604824412894, 0.6339029438983941, 0.13526284184446136, 0.031218559533517008], [0.2564607458680178, -0.03612451690462512, -0.5046105688751982, -0.29571762634891285, 0.4330213963165449, 0.5608994074393387, 0.010829117520391979, 0.28362417432627895, -0.5558129814264693, 0.8502205468247872, -0.6080617247001684, -0.5558129814264693, 0.02925571980627488], [-0.7674795747442167, -0.46025448678168984, -0.5388398145284015, -0.16319551853863123, 0.0230386666998246, -0.38493640101176496, 0.6146088606797633, 0.19521474227667934, 0.20689582515226207, 0.1532938811923186, -0.20645699910072596, 0.20689582515226207, 0.010263475019797255]], "inverted": true, "swapped": false, "error_lsq": 0.0503514939913618, "error_max": 0.43099177951621054, "target": "803.xyz", "model": "13.xyz", "model_rescale": 3.9028299243045295, "target_rescale": 3.794675401829061},
{"mapping": [6, 2, 3, 7, 9, 1, 13, 12, 5, 11, 0, 4, 15], "R": [[0.6487611029642916, -0.04071156404659423, -0.7599023620396482], [-0.0660281686631412, 0.9917906634949863, -0.10950598498331866], [0.7581222277598435, 0.12121818492724222, 0.6407470947412849]], "T": [0.1691193192694608, -0.03316591630647981, -0.04099767706436343], "aligned_model": [[-0.1207904499508893, 0.7187258014144958, 0.005745189216024321, -0.7106313649255541, -0.49230721733098204, 0.2926210639738377, 0.23327254078984014, 0.5945688529866061, 0.363553797568158, 0.06771397951685476, 0.5211429239648686, -0.02659467542346655, 0.06063453370678469], [0.20096121218504884, -0.013788180428306436, -0.3893136280022567, -0.22590386715282423, 0.36008134182286133, 0.5095225558114486, 0.0622804371540308, 0.3604657049881646, -0.2849606840746692, 0.6898456719352472, -0.7238333219559585, -0.6743765590584295, -0.0028099748045654384], [-0.5937589959572032, -0.5305964798531159, -0.5259277197728923, -0.13856187028670391, -0.13436248370027343, -0.376311406321144, 0.7460383510657866, 0.3440830027128744, 0.3601213354848173, 0.07226259256166313, -0.3347225921726983, 0.058542354006944644, -0.05775760630057774]], "inverted": false, "swapped": false, "error_lsq": 0.04438801526252133, "error_max": 0.30457765865797803, "target": "803.xyz", "model": "14.xyz", "model_rescale": 3.942246331269136, "target_rescale": 3.794675401829061},
{"mapping": [3, 10, 5, 1, 12, 4, 8, 11, 6, 13, 9, 2, 14], "R": [[-0.5881950861273696, -0.6897090020517348, -0.4222890398109056], [-0.090553789973151, 0.5750557560289622, -0.8130872576663942], [0.8036333441172754, -0.44001405653315107, -0.40070073405987927]], "T": [0.15079414146635567, -0.042705397709538816, -0.06218255732150123], "aligned_model": [[-0.23445968329675299, 0.7642963253630619, -0.13724225586453598, -0.6230461767382298, -0.5129230188956566, 0.33938211666463824, 0.15739704662982731, 0.6247908296466211, 0.5690505985008034, 0.03483181616932074, 0.6207265339118722, -0.16139917009843557, 0.0662500135140443], [0.18005105121770135, 0.0027448295452048785, -0.4380202547082715, -0.10278980904571824, 0.4300569934683668, 0.3959088774910464, -0.027114646333334512, 0.38101036983609654, -0.20234397473004306, 0.7438342121916113, -0.6780339850906476, -0.737586570406656, -0.07954638501556559], [-0.6265467885298305, -0.4234994033716489, -0.4665842831311551, -0.2949967777119861, 0.0014689209919229035, -0.4023532058546778, 0.7114803255950304, 0.26933382626142693, 0.27302849591851436, 0.10763507331079604, -0.2160768025651738, -0.01398078676506935, -0.029860112680671638]], "inverted": true, "swapped": false, "error_lsq": 0.046892173625692396, "error_max": 0.3118384278903218, "target": "803.xyz", "model": "15.xyz", "model_rescale": 4.355366556412066, "target_rescale": 3.794675401829061},
{"mapping": [2, 11, 10, 5, 1, 0, 7, 4, 8, 3, 6, 12], "R": [[-0.21516925420317745, -0.5746636895835182, 0.7895972618492966], [-0.10468980168486175, 0.8174498081316092, 0.5664060880753138], [-0.9709491425758783, 0.039210394793391834, -0.2360514932621982]], "T": [0.04139615378682925, 0.1353938947773593, 0.04452241488446528], "aligned_model": [[-0.13148163317368555, 0.4460562327859447, 0.15874979521380217, -0.6980632788977224, -0.4204110469375958, -0.6229945911251269, -0.16638622265063469, -0.16422012758623927, 0.37041342116175446, 0.31134386883047255, 0.5698274725874385, -0.05502533557662726], [-0.5402884626501535, -0.34801189537815536, -0.6234098452951368, 0.2819364787895412, -0.2352537205008397, 0.010003883411088321, 0.3544752828722604, 0.5305854308451834, -0.007830158302493756, -0.07496193350135955, 0.5548863212473228, 0.11064504620372212], [0.19261177113338365, 0.0326579273865821, -0.5698249980394754, -0.16641873890698541, -0.48547485244755617, 0.3935132080027321, -0.6142563851352294, 0.589229766709162, -0.5136892415514308, 0.6885841241263508, -0.053556142798482205, -0.044117977269629745]], "inverted": false, "swapped": true, "error_lsq": 0.04543251291367587, "error_max": 0.2635433270252923, "target": "803.xyz", "model": "16.xyz", "model_rescale": 3.795458400668931, "target_rescale": 3.794675401829061},
{"mapping": [9, 6, 8, 11, 10, 5, 4, 1, 0, 2, 3, 7, 12], "R": [[-0.3072775246977109, -0.3403691795606609, -0.8886671730298413], [0.07955033040269249, 0.9213906465743549, -0.38040901847631603], [0.9482891266636299, -0.18758490880263878, -0.2560461564660472]], "T": [0.09389576748431647, -0.0848784521953064, -0.017281033956828548], "aligned_model": [[-0.18317626255562228, 0.5394664550561571, -0.07476342998524996, -0.6643351026503809, -0.3184501070382364, 0.35196209631717057, -0.2606416897555026, 0.7469330388985908, 0.6238414370959063, 0.12239865864124452, 0.5810087363467611, 0.046280104288264165, -0.0028689591525241226], [0.3061216626514357, -0.11708239977699729, -0.4829608883415508, -0.30820263751922417, 0.5222635919193934, 0.5259824400785403, -0.022761109505620186, 0.44553939132091536, -0.15643205349807418, 0.47822399782664304, -0.703964794854641, -0.660645409733617, 0.0420889178525877], [-0.7711350512532779, -0.52502655994863, -0.5376378552396158, -0.1920741260606007, -0.03318955634518733, -0.42079973765959455, 0.5174529331103189, 0.06636013686974752, 0.2377641715829676, 0.4112642501100251, -0.19570466627221128, 0.29496860779065714, 0.036805934782878774]], "inverted": false, "swapped": false, "error_lsq": 0.05090533969478257, "error_max": 0.2822620048209001, "target": "803.xyz", "model": "17.xyz", "model_rescale": 3.7474275329858107, "target_rescale": 3.794675401829061},
{"mapping": [10, 12, 11, 3, 8, 5, 0, 9, 2, 4, 7, 1, 13], "R": [[0.4700231367844777, 0.4460532353759363, 0.7616526518682515], [-0.11113110923606355, -0.8261388127620878, 0.55239889446668], [0.875630131646486, -0.3442835651882148, -0.3387339653681781]], "T": [0.1367697072441845, -0.03857211879309289, -0.07788937803737454], "aligned_model": [[-0.16750816966473278, 0.6283378904400606, -0.02491779596834892, -0.5042316215901408, -0.42049212886002674, 0.24652718837702806, -0.1950907009549778, 0.7457260811967916, 0.40518207102481074, 0.16062891124996215, 0.6243043445113582, -0.14024915244842792, 0.1494380581932213], [0.1831660411222228, 0.058697549994348196, -0.5325699803292293, -0.2207783757452839, 0.4103030538021148, 0.5811481694059623, 0.0397473803255148, 0.22715231566608082, -0.3300480302172906, 0.7053552075222126, -0.5804162509650317, -0.625941037297268, -0.04764533486456125], [-0.6564103651455591, -0.6329895997244018, -0.579446878139482, -0.20637034032103552, -0.008428765687025067, -0.43442829092087354, 0.6855745152205615, 0.0014001257441463716, 0.5110327898581908, 0.2898451642158351, -0.26797934603121937, 0.16038928605053132, 0.026860186347808568]], "inverted": false, "swapped": false, "error_lsq": 0.04292206043717931, "error_max": 0.23082651803592563, "target": "803.xyz", "model": "18.xyz", "model_rescale": 3.922800546911778, "target_rescale": 3.794675401829061},
{"mapping": [13, 6, 11, 7, 12, 8, 0, 1, 2, 5, 10, 9, 14], "R": [[-0.04749101618312612, -0.7103724914839865, -0.7022218500764039], [-0.9864264240585836, -0.07727550841366582, 0.1448841113386991], [-0.15718623763195416, 0.6995708821429341, -0.6970603041035028]], "T": [0.14233591255620234, 0.05598999590136547, -0.12765900027617033], "aligned_model": [[-0.22005497770601387, 0.7795693097029562, -0.09123119076499653, -0.5824945645045868, -0.533699484955381, 0.30700434143722977, 0.09411345781089178, 0.7592009931237195, 0.38190848392574417, 0.04963859238293364, 0.5360708286671921, -0.032689455146873575, 0.060318641533762526], [0.12604258300133536, 0.07897618395708637, -0.45791248189846945, -0.2788090174339516, 0.4545970165175568, 0.5624862052785289, 0.19757948310921586, 0.2250982446076206, -0.4483184820087087, 0.7122426890222122, -0.6186890546112711, -0.691049201886365, 0.005926540765000661], [-0.7069510030828245, -0.3906666135359125, -0.5619334115947965, -0.1548880151717244, -0.07567218470383819, -0.4288840862800378, 0.6945755451227884, 0.24498412193565794, 0.32112480618658074, 0.2508556358874067, -0.32861084002327223, 0.14444712524115566, -0.11933259851370616]], "inverted": false, "swapped": false, "error_lsq": 0.03900756304161969, "error_max": 0.22598817626684525, "target": "803.xyz", "model": "19.xyz", "model_rescale": 3.9282355846067225, "target_rescale": 3.794675401829061},
{"mapping": [6, 3, 4, 9, 7, 5, 10, 1, 0, 2, 0, 11, 13], "R": [[-0.5019854232026837, -0.6893828725563229, -0.52226611025225], [0.8166600740468133, -0.1790126617080235, -0.5486536160512046], [0.2847401593556419, -0.7019299979158902, 0.6528532144945925]], "T": [-0.09487627061957529, 0.023843792799050585, -0.18919041469821873], "aligned_model": [[-0.09936264424108213, 0.5777884537973085, 0.11448390638536701, -0.6515080559322864, -0.45183466909457204, 0.2871407977558381, -0.04365449188164219, 0.5856508346147677, 0.5183326604341462, 0.17208022259501696, 0.5183326604341462, -0.04790249586683751, 0.028107796506407934], [0.30764204518004623, -0.025374520511861835, -0.4946148954765567, -0.3399587946617386, 0.5294111963580418, 0.5679833127361571, -0.02346557689033401, 0.18840753053996362, -0.43104240199510574, 0.6197617118972926, -0.43104240199510574, -0.6215541419047849, 0.022017645143777347], [-0.7776481263940426, -0.52303887628153, -0.4837014497644928, 0.0011607297012919404, -0.11791574460842943, -0.4028848099477481, 0.6695135517034632, 0.077834736867543, 0.050080028228783546, 0.31313644581002276, 0.050080028228783546, 0.11841020573590438, -0.08597823781207238]], "inverted": false, "swapped": false, "error_lsq": 0.04659675813347765, "error_max": 0.3937080304304387, "target": "803.xyz", "model": "20.xyz", "model_rescale": 4.067790424073018, "target_rescale": 3.794675401829061},
{"mapping": [0, 1, 12, 3, 2, 8, 6, 5, 13, 4, 10, 11, 14], "R": [[-0.18185824023091135, 0.9044657951243156, 0.38583572399436517], [-0.6356872755416365, 0.19122500951386756, -0.7478868119246875], [-0.7502194800020643, -0.381280239701143, 0.5401815534048449]], "T": [0.13316730238833496, 0.01327992275913313, -0.1306473252244541], "aligned_model": [[-0.27969098164642847, 0.8852345468053632, -0.15535414011099496, -0.6693217967121969, -0.4719386353758105, 0.3789699430075868, -0.17458591266556334, 0.5712977053744608, 0.6105338520865151, 0.0920866631131847, 0.5909389974828521, -0.03492797579919937, 0.16441270994680895], [0.31337658115951217, -0.004714801482965216, -0.5826593254635196, -0.26252634300291844, 0.4325816922097279, 0.4921769688557508, 0.08210379374445813, 0.29515585905458286, -0.348493209305999, 0.7241505687325818, -0.6594234605679986, -0.5580846739149323, -0.05547294159848927], [-0.6245583115790357, -0.4583303291371498, -0.5161673072534181, -0.06992528439882609, -0.022227946158226708, -0.31881368201968596, 0.5387614707305707, 0.14693838653799313, 0.23179561265989368, 0.23738501099930154, -0.22657466639573287, 0.12098480527100935, -0.15021927778921573]], "inverted": false, "swapped": false, "error_lsq": 0.0371293252477677, "error_max": 0.23874356838186556, "target": "803.xyz", "model": "21.xyz", "model_rescale": 4.186013935880536, "target_rescale": 3.794675401829061},
{"mapping": [8, 5, 11, 10, 9, 2, 7, 0, 6, 1, 3, 4, 12], "R": [[-0.5440424245277424, 0.6750033535468936, 0.49838570707276836], [0.1485942064004358, -0.5070839857013141, 0.8489909264942084], [0.8257951332735016, 0.5359443106757615, 0.1755736133822005]], "T": [0.09248892693632449, 0.016011358399771566, -0.10017929771705734], "aligned_model": [[-0.15232933133704582, 0.7537676242453512, -0.09673164538240239, -0.6394228848069221, -0.4563164542019986, 0.41404130032253117, -0.12607840608003518, 0.6518538967959326, 0.41694934982774257, 0.08509631861958222, 0.661330237500243, -0.10984788091364467, 0.10534285091724419], [0.3076019922904152, 0.006296194028547961, -0.3671742359290131, -0.22658161708529218, 0.2918290550295212, 0.5522984483759579, -0.011733654949469804, 0.3404954513766754, -0.27552777490857894, 0.6117245666622098, -0.6972135776880953, -0.6359583829566811, -0.027885755826405983], [-0.7655416451239887, -0.5016202973438679, -0.5652925678159966, 0.2188084461131518, -0.1906669327718619, -0.4985502695003472, 0.5996651671844087, 0.2217047573482519, 0.24562876572874004, 0.3243137632112621, -0.2418423086795879, 0.14803718302737406, -0.10559557991006092]], "inverted": true, "swapped": false, "error_lsq": 0.03882545985995478, "error_max": 0.287723351822593, "target": "803.xyz", "model": "22.xyz", "model_rescale": 4.166573947596378, "target_rescale": 3.794675401829061},
{"mapping": [10, 12, 9, 8, 7, 13, 1, 6, 2, 5, 11, 3, 15], "R": [[-0.7732440600397844, -0.5702341929294871, 0.27735642921563447], [0.539596814888656, -0.8214525665340217, -0.18452901749233547], [0.3330599059857077, 0.0069746791127214686, 0.9428798719222223]], "T": [0.09305382153391217, -0.09124557420286768, -0.10638953938845926], "aligned_model": [[-0.22393899560590924, 0.7039308023568264, -0.04734751763734327, -0.6667604986721397, -0.3934873302867842, 0.13710359988912274, 0.14505281147081003, 0.6846078328652747, 0.38625244465575037, 0.07879360522287475, 0.5584532031672887, 0.04651272772803561, 0.09848229035277112], [0.36144631153777945, -0.1021654409879375, -0.45427486887172236, -0.36755586063931556, 0.4328320755780208, 0.6787952995900202, 0.18432911737066116, 0.18653805178963667, -0.33932415209608924, 0.7052323686495184, -0.6977496939762716, -0.6717642796996834, -0.04816821982482608], [-0.6118861700106776, -0.34322582469815244, -0.5634960493544037, -0.1267356604047457, -0.10954742402005778, -0.45554539085150836, 0.5489376729847477, 0.28349216161210655, 0.4461507992104767, 0.13126885827873708, -0.3004243190017113, 0.04280366143422694, -0.05274383371156113]], "inverted": true, "swapped": false, "error_lsq": 0.04335740921888587, "error_max": 0.286130248709127, "target": "803.xyz", "model": "23.xyz", "model_rescale": 4.274766983524099, "target_rescale": 3.794675401829061},
{"mapping": [5, 4, 9, 7, 6, 8, 1, 11, 2, 3, 12], "R": [[0.45998485407576617, 0.11752724169912093, 0.8801143570465673], [0.8710318563017212, -0.25216363373334855, -0.4215649500729053], [0.17238746859465592, 0.9605211342188102, -0.21836142376925566]], "T": [-0.029097941649600497, 0.16821707219046622, 0.08064183996579383], "aligned_model": [[0.14451314257735937, 0.21754645630624903, -0.3801590001586418, -0.4670632787742093, -0.601279767578692, -0.48740467969771945, 0.07308619176046272, 0.013503489416254715, 0.5276837102614972, 0.36168734658577306, -0.022218906740258382], [-0.19029116891319264, 0.7147496625961115, 0.3754050389315074, -0.2904361572642878, 0.5173084935463007, -0.20712552925442201, -0.6045703655895608, 0.05199416089798689, -0.1469369885465382, 0.643755798118621, 0.051733586720957514], [-0.5932292043537366, -0.28763682227069887, -0.5630786597090232, -0.2700478469527548, 0.20544606923864328, 0.379704726985676, -0.07395643822762743, 0.6989047747410209, 0.3953416094183801, 0.4719046765617475, 0.01621354858995082]], "inverted": true, "swapped": true, "error_lsq": 0.04735172052230677, "error_max": 0.2526776727603858, "target": "803.xyz", "model": "24.xyz", "model_rescale": 3.7841303162186577, "target_rescale": 3.794675401829061},
{"mapping": [1, 2, 4, 6, 7, 8, 13, 9, 12, 10, 5, 3, 15], "R": [[0.9779186084815964, -0.042434184059233826, -0.20463268362762985], [0.1300289378931545, -0.6430141417318785, 0.7547352442036837], [-0.1636082837016413, -0.7646778102940108, -0.6232978228328417]], "T": [0.05884644193085793, 0.14938954682851055, -0.047156868582743844], "aligned_model": [[-0.08534954460980361, 0.6693211885219957, 0.0013449568566461095, -0.5324680191495099, -0.49182375292104213, 0.2951605548587661, 0.07750676561039772, 0.6009928319586796, 0.6074772601233456, 0.01761044725094952, 0.47683373465649775, -0.1370018715368967, 0.00805042388655252], [0.22271049490995007, -0.09451807949104277, -0.4083978788779863, -0.24720131776390827, 0.49076124173083346, 0.3675966807387554, -0.21949384481159231, 0.3241695271235934, -0.24651024659888068, 0.8068627422488142, -0.6163650462266383, -0.6137315181209545, 0.10228795355884769], [-0.7730135692070531, -0.4167819239089071, -0.5393673010162049, -0.16999556965899604, 0.007918194027707715, -0.5431398021405784, 0.642463920665456, 0.0857715286616953, 0.2955375803389252, 0.366707475525048, -0.13796034747268968, 0.12104410042570687, -0.05013580477263258]], "inverted": true, "swapped": false, "error_lsq": 0.04393079011260295, "error_max": 0.29292287270578765, "target": "803.xyz", "model": "25.xyz", "model_rescale": 4.19342608120988, "target_rescale": 3.794675401829061},
{"mapping": [2, 11, 10, 5, 1, 0, 7, 4, 8, 3, 6, 12], "R": [[-0.21516925420317745, -0.5746636895835182, 0.7895972618492966], [-0.10468980168486175, 0.8174498081316092, 0.5664060880753138], [-0.9709491425758783, 0.039210394793391834, -0.2360514932621982]], "T": [0.04139615378682925, 0.1353938947773593, 0.04452241488446528], "aligned_model": [[-0.13148163317368555, 0.4460562327859447, 0.15874979521380217, -0.6980632788977224, -0.4204110469375958, -0.6229945911251269, -0.16638622265063469, -0.16422012758623927, 0.37041342116175446, 0.31134386883047255, 0.5698274725874385, -0.05502533557662726], [-0.5402884626501535, -0.34801189537815536, -0.6234098452951368, 0.2819364787895412, -0.2352537205008397, 0.010003883411088321, 0.3544752828722604, 0.5305854308451834, -0.007830158302493756, -0.07496193350135955, 0.5548863212473228, 0.11064504620372212], [0.19261177113338365, 0.0326579273865821, -0.5698249980394754, -0.16641873890698541, -0.48547485244755617, 0.3935132080027321, -0.6142563851352294, 0.589229766709162, -0.5136892415514308, 0.6885841241263508, -0.053556142798482205, -0.044117977269629745]], "inverted": false, "swapped": true, "error_lsq": 0.04543251291367587, "error_max": 0.2635433270252923, "target": "803.xyz", "model": "26.xyz", "model_rescale": 3.795458400668931, "target_rescale": 3.794675401829061},
{"mapping": [8, 9, 1, 6, 5, 11, 7, 4, 3, 10, 2, 0, 12], "R": [[-0.4767993838305235, -0.6179937241861818, 0.6250968760482863], [0.5649211374010562, -0.7602631157596352, -0.32072434165954533], [0.6734437289754284, 0.20020926972032355, 0.7116107027172404]], "T": [0.17137207952661157, 0.002170809152836557, -0.20509053034094105], "aligned_model": [[-0.31626982806232584, 0.5543528915991153, -0.05792801204716144, -0.6283441300063303, -0.46652343965207477, 0.3945387323249956, -0.11936861838527921, 0.7748597439542378, 0.5149653501374102, 0.16124788155870623, 0.5610188260757893, 0.055246488620204565, 0.07985908938929087], [0.2817006573792304, -0.14688156518071566, -0.3890735357199306, -0.18871989631620362, 0.32286784574209343, 0.6247527475517997, 0.041627313079816194, 0.4990272748173624, -0.23854723760214724, 0.5470067743348426, -0.7848079391223067, -0.6993455063537022, -0.001436224190347602], [-0.6685774708470611, -0.3295227504658931, -0.5854883499463741, -0.2772132206101069, 0.03387219732774252, -0.47741931470184873, 0.5526172824107706, 0.09121922995667359, 0.4024249387668809, 0.2539712303938542, -0.26571046572635587, 0.22579564756185783, -0.06692047265266302]], "inverted": true, "swapped": false, "error_lsq": 0.0459756841994552, "error_max": 0.2543664599604359, "target": "803.xyz", "model": "27.xyz", "model_rescale": 3.6321398670334006, "target_rescale": 3.794675401829061},
{"mapping": [4, 3, 1, 13, 6, 7, 9, 8, 0, 12, 5, 2, 14], "R": [[-0.5302972085276987, 0.5100119115015603, 0.6772538082242547], [0.8369694742228537, 0.44227347014504886, 0.32229842820742527], [-0.13515535448827318, 0.7377547205761421, -0.6614007880406312]], "T": [0.17432440246437148, 0.004232332416203957, 0.051810449085475385], "aligned_model": [[-0.1706882324415785, 0.697359339156346, 0.003920680155500067, -0.5883137957892359, -0.5028086233966247, 0.4567692035381528, -0.20962993820419562, 0.532115248020604, 0.6186945730794524, 0.07366696512224916, 0.48470302600216675, -0.014998177721822353, 0.12686470798556437], [0.21264435998652226, -0.07516245276351409, -0.3435938495310719, -0.2705907218594747, 0.36697674582749346, 0.5723287614852255, 0.15622843884439916, 0.34805945311654246, -0.4035643400818878, 0.8198016342999456, -0.7250471156391527, -0.7579595796634919, -0.03195062560174449], [-0.6720665852776226, -0.38601486202403734, -0.49339292097157617, 0.14841582842394108, -0.06572589834797832, -0.393586863018308, 0.5772135411325853, 0.19602639030430966, 0.21196262542677444, 0.14249961598281058, -0.3273806877619734, -0.0772791071317307, 0.02837740473028269]], "inverted": false, "swapped": false, "error_lsq": 0.04416417304106769, "error_max": 0.22122112506393699, "target": "803.xyz", "model": "28.xyz", "model_rescale": 4.156811204709835, "target_rescale": 3.794675401829061},
