[{"mapping": [7, 0, 3, 1, 9, 11, 8, 5, 13, 4, 6, 12, 10, 15], "R": [[-0.95291174879588, -0.0079853047753278, 0.30314259666767807], [-0.26931676999453336, -0.4371903623743916, -0.8580985167488985], [0.1393831998717529, -0.8993335432166384, 0.4144532562773728]], "T": [-0.017149889652620386, 0.1200184801178941, 0.09035374884162065], "aligned_model": [[0.1317773062990792, 0.28075889516386837, -0.4918145328641665, -0.35899329156753496, -0.5949832215646133, 0.05562236223540186, -0.7592787951932969, 0.023493075303896983, -0.38333622862395694, 0.1916238472721008, 0.5213918168500908, 0.1528038019856193, 0.6095522797972303, -0.007125213965414863], [-0.5662506884489016, -0.44263393346352264, -0.3719238535680355, -0.24492147116907223, 0.2003292592167502, 0.2794623660203057, 0.1751972344174836, 0.552964093811265, 0.7158150790997124, -0.1078935757914321, 0.4182248461110861, 0.6997667601027994, -0.15670961732277663, 0.0838468327943726], [0.2799262178292605, -0.2999196646745159, 0.29725760272048984, -0.3205514914341162, 0.6521598036014469, -0.7973506807434092, -0.018160136864981108, 0.6890745893811769, 0.26806483998319725, 0.7600627948394258, 0.3527151277423356, -0.1773547624726566, 0.19441668578822718, 0.017247161483952403]], "inverted": false, "swapped": true, "error_lsq": 0.038785445843864154, "error_max": 0.2568392233055759, "target": "804.xyz", "model": "0.xyz", "model_rescale": 3.8414455957264533, "target_rescale": 4.164734287376665},
{"mapping": [3, 9, 10, 5, 4, 6, 2, 7, 11, 0, 12, 8, 14, 1, 15], "R": [[0.7718111774088054, -0.4437786867251774, 0.45537674911583975], [-0.6356883825229038, -0.5547656764582585, 0.5367823809973884], [0.014414810170376602, -0.7037723505738827, -0.7102793054957073]], "T": [-0.020750338898729577, 0.023174627475065677, -0.0919993239760416], "aligned_model": [[-0.6455701328449106, -0.7221083411803952, 0.16710340520148512, -0.23780116562379375, -0.4547035822132208, 0.23728436195853797, 0.6233213829886702, -0.3418042424112334, 0.7043022256165231, 0.1999222967418206, 0.500918780655291, -0.36369823257413436, 0.2691409412449303, -0.08567087983033303, 0.02140733577530759], [0.23606156730089145, 0.11804695114508318, -0.5400280726575478, -0.366807726882132, -0.5726534542914825, -0.5451087963436191, -0.2574385880907739, -0.2440581275437966, 0.5361292077496547, 0.013505783302270528, 0.08839279602190264, 0.6680233493770084, 0.6226905447226316, 0.530297208935552, 0.05999188529737262], [0.18076864313534524, -0.4857802512816997, 0.26531962786264934, -0.6822222495060167, -0.0652773415486721, -0.33336987492792625, 0.02686881002399391, 0.5034781719059434, 0.08095640725762959, 0.6213384790381989, -0.49233429955544056, -0.27125372096879846, -0.4563381514601621, 0.30485481384055824, -0.03182727647606807]], "inverted": true, "swapped": true, "error_lsq": 0.0331698965124886, "error_max": 0.20763905503218474, "target": "804.xyz", "model": "1.xyz", "model_rescale": 4.316132596720782, "target_rescale": 4.164734287376665},
{"mapping": [10, 7, 4, 12, 6, 2, 13, 11, 3, 0, 1, 15], "R": [[0.7673441040438349, 0.31691943047627946, 0.5574451547692879], [0.42934228441316313, 0.39177956477367104, -0.8137407298646417], [-0.4762858687847574, 0.8637539274656549, 0.16456282685833162]], "T": [-0.018924014158736104, 0.07601624115847193, -0.18431976732575495], "aligned_model": [[-0.13944459875569595, 0.47219153540996495, 0.0863447801727027, -0.6065428984264118, -0.5547602751433841, -0.5032723987853608, -0.29337553088510876, -0.23835839256885538, 0.6652482528659546, 0.255531434331339, 0.4529155147286416, 0.0013311316879946744], [-0.5163072328247889, -0.42380361071066097, -0.5770578062189525, 0.37110316343076977, -0.32140047733900423, -0.08357804253086172, 0.4504800981583884, 0.6526889757445535, 0.05612524403763096, -0.10596096195796324, 0.4099167080720338, 0.10057036987983575], [0.15448819422332782, 0.010790547795762134, -0.5105916697808914, -0.11883749771860375, -0.2365419156260007, 0.3133127274825308, -0.7366787437981229, 0.4775219195285667, -0.38836791165759055, 0.48590349712975434, 0.10681445110004129, -0.1085551374693529]], "inverted": false, "swapped": true, "error_lsq": 0.0470515787168152, "error_max": 0.23404145175789798, "target": "804.xyz", "model": "2.xyz", "model_rescale": 3.795458400668931, "target_rescale": 4.164734287376665},
{"mapping": [4, 3, 9, 14, 6, 12, 8, 0, 1, 11, 5, 15], "R": [[0.5658737797041868, -0.8218844150752557, -0.06552002518087136], [0.7195574535160948, 0.4534959270100962, 0.5259073257473094], [-0.4025219702484953, -0.3447425886682092, 0.8480145110937733]], "T": [0.09263283155426916, 0.03290120066042787, -0.035902849353720755], "aligned_model": [[-0.2616910524445297, -0.2038140636332822, -0.6920823535037879, 0.12226708900101568, 0.10422765950169421, 0.24570161812911206, -0.24611311117875478, 0.7139477701836432, 0.3247579294324894, 0.7929405800943312, -0.47234585157856646, 0.16550761174020015], [0.0113150387117055, -0.6149455524918098, -0.15521737096862334, 0.19776405389249238, 0.5932501225344052, 0.5878928480762724, -0.32351872428386763, -0.3187119960127526, -0.4928090479640026, 0.12639966690284446, 0.47319108977956514, 0.0011589171134806925], [-0.6824546319589104, -0.0862696112229924, 0.0333842722514251, 0.7044626826362461, -0.40150146152278177, 0.28846482837046444, 0.5331237705339784, -0.2549385241617584, 0.2618014828123101, 0.529397426470078, -0.22165618326222367, -0.015042620306735387]], "inverted": true, "swapped": true, "error_lsq": 0.0438490199339572, "error_max": 0.22476889306905862, "target": "804.xyz", "model": "3.xyz", "model_rescale": 3.7530521520055578, "target_rescale": 4.164734287376665},
{"mapping": [5, 2, 12, 11, 13, 0, 9, 7, 3, 1, 15], "R": [[0.18761093901647666, 0.45790480247421483, -0.8689794746899416], [-0.03480846750159294, 0.8872322497255101, 0.46000794084146107], [0.981626459582028, -0.05605467793200619, 0.18239343993245108]], "T": [-0.11025352745501063, -0.08709762184837017, -0.01420218829523297], "aligned_model": [[-0.3606197774695028, -0.08879288875011479, 0.3005785291218631, 0.5982768766032662, 0.21536521504906322, -0.23049415917436347, -0.23187300609644765, -0.6577091314488358, -0.29641934416265875, 0.1679899379671869, -0.07810264919425103], [-0.781631384654573, 0.09938120467875786, -0.34338427202319305, 0.34503859643828777, -0.7171914290370884, 0.6361785323332203, -0.5887393357196287, 0.3521696140168274, 0.08807335652112899, 0.39002723640324743, -0.012718760642640367], [-0.06420211918635832, -0.7015644517410045, -0.4638624452760041, -0.37472994460717035, 0.11846839169428251, -0.15581615354367676, 0.6099224123992703, 0.17663559509309953, 0.6527164011623398, 0.32316058314283885, -0.027897491892300466]], "inverted": false, "swapped": true, "error_lsq": 0.046278427071117, "error_max": 0.2727406247483301, "target": "804.xyz", "model": "4.xyz", "model_rescale": 3.7855080009869324, "target_rescale": 4.164734287376665},
{"mapping": [10, 9, 7, 14, 13, 11, 6, 15, 2, 12, 8, 5, 4, 1, 0, 16], "R": [[0.5676953947927538, -0.8093039608582548, -0.15082784116415698], [0.30740728149167684, 0.37835630608540083, -0.873125001893376], [0.7636901871943864, 0.44930346602775195, 0.463577063063362]], "T": [0.013934981973852104, 0.018928860781864648, 0.0013066975889584574], "aligned_model": [[-0.2444220411464478, 0.4413633959074085, -0.6842739871739876, 0.6131103430906746, -0.057574026061655466, -0.06505110445168485, -0.5127356689140777, 0.13195676439019174, 0.682170802138532, 0.4167407317465546, -0.3935124199044603, -0.2546993779059806, -0.4080597075220376, 0.22740370145748245, 0.10778455831551821, 0.06335683276257174], [0.638251061533096, 0.537423841192214, 0.254607674353056, -0.03682319539163238, -0.5195199644576316, -0.7668808775401681, -0.3645542086996192, 0.21250406329982172, 0.19876908814864197, -0.5293775630510607, 0.03387085932536357, 0.6222060430092657, -0.10435716587024364, -0.34959910310661424, 0.19197247973238993, 0.028835100940262447], [0.28530658198216235, 0.23664034478068177, -0.13407869346596807, 0.3104636049933088, 0.4807094126870091, -0.09196967460559119, -0.0391386851055642, 0.7937192205410242, -0.2573515109569818, 0.01445418950766569, 0.5749557412957873, -0.46666281713932295, -0.5934384760231958, -0.6245704346211913, -0.7534926441446634, 0.019910440930738824]], "inverted": false, "swapped": false, "error_lsq": 0.03035431974522523, "error_max": 0.21111559431942484, "target": "804.xyz", "model": "5.xyz", "model_rescale": 4.2253639853439635, "target_rescale": 4.164734287376665},
{"mapping": [0, 3, 5, 6, 4, 13, 12, 2, 8, 1, 9, 14, 11, 15], "R": [[-0.5431874517338626, 0.8297331612003537, 0.1284144597907132], [0.7712302874535703, 0.5535356476931221, -0.314328061819557], [-0.331890397560936, -0.07170193817062252, -0.9405889623365884]], "T": [0.06543557772060704, -0.09527734542174973, -0.05085801152072138], "aligned_model": [[0.713053614222562, -0.19393940776762986, -0.5138723164548354, 0.062499534146851374, -0.2601116961049035, -0.4671599183429376, 0.17530451791563317, 0.6032049934678055, -0.27728010422056326, 0.3125222778333736, -0.7104139314508645, 0.05554794696071408, 0.7357459973082444, 0.1389606452443336], [-0.03947852365975593, 0.28171576028061174, -0.5188095365619784, -0.7350099511159616, -0.5771487934244689, 0.010602380726109945, -0.20210143184230786, -0.4808974054506501, 0.5706790607618741, 0.4696281481544464, 0.08006879423361352, 0.3675065737783887, 0.27741937476927825, -0.05907530401420987], [-0.41844213817024606, -0.5992409097709279, 0.12965028947164392, 0.14541035669033242, -0.5045753958627365, 0.4243038296302103, 0.5919309141911826, 0.2133445958776063, 0.01713682042107699, -0.24760948399036803, -0.20343092621769532, 0.5507501245917649, 0.4292653099837589, -0.05693517791415374]], "inverted": false, "swapped": true, "error_lsq": 0.03363427883039845, "error_max": 0.18426369064252562, "target": "804.xyz", "model": "6.xyz", "model_rescale": 3.89814844738969, "target_rescale": 4.164734287376665},
{"mapping": [1, 0, 2, 8, 12, 7, 3, 14, 9, 4, 6, 13, 15], "R": [[0.6702736650306984, -0.3100802693597675, 0.6742280330274684], [0.7396486725274007, 0.3531260764310511, -0.572906463022425], [-0.060440509550869825, 0.8826959842993427, 0.46604156907624206]], "T": [-0.027028235094888955, 0.13021075173214314, -0.03734250482682558], "aligned_model": [[-0.1343971269192495, 0.005157589182138031, 0.5324422220946929, -0.2423897102455943, 0.5823151859317519, -0.5141565535359761, -0.6735850395251204, 0.4079434186371039, -0.5926342303081776, -0.5154412779639932, 0.22048567380992506, 0.0704984824297664, 0.002393167316955158], [-0.30638733086220515, 0.29404774303337133, 0.5222337924099427, -0.5804928794351812, 0.07898746877811136, 0.44185863439546935, -0.12671024122287033, -0.47065163662021126, -0.13623077685017693, 0.6483228525596344, 0.6822415646686149, -0.19443740929538733, 0.11099948391137372], [-0.5028908173653888, -0.7651901763037202, -0.2398580254065165, 0.08138008958002804, 0.2131309329105713, -0.4785499401922001, -0.19883210189551817, 0.12378825344788597, 0.47750309717272854, 0.15514940482416517, 0.24864096666717558, 0.5996342333925311, -0.11163088599544609]], "inverted": true, "swapped": true, "error_lsq": 0.05237992430080955, "error_max": 0.34663191293164386, "target": "804.xyz", "model": "7.xyz", "model_rescale": 3.7474275329858107, "target_rescale": 4.164734287376665},
{"mapping": [5, 6, 10, 4, 0, 3, 9, 8, 7, 1, 13, 14, 12, 11, 15], "R": [[0.6214719998928866, -0.737625402936431, -0.2639721922703294], [0.41099680707374964, 0.020111582627099712, 0.9114149158420748], [-0.6669738959841824, -0.6749105786599445, 0.3156604708996359]], "T": [0.028966112514814416, -0.05863890628045549, -0.016248121559448898], "aligned_model": [[-0.49270886126184876, 0.10594870447181291, 0.4855066506381404, -0.17395192506612434, 0.6922012462089665, -0.23212496150974438, -0.7466025863181326, -0.4170879776633677, 0.268660715186431, 0.20367411204633867, -0.5562483631519599, -0.10911663193052325, 0.09245837840113284, 0.585263966627477, 0.09628125566014796], [0.0867550615656773, 0.16303499276528693, -0.27912110001003243, -0.5192268388332008, -0.36877357371967767, -0.6432539845295666, -0.28722054719909385, -0.049375601167767576, -0.7391915048318041, -0.25582216136818897, 0.3621155566982844, 0.5198828890615711, 0.5952918130991486, 0.4636340333822256, -0.05961107293326922], [-0.5205062060382748, -0.6429235259897192, -0.48860548971463436, -0.5554360397852819, 0.13064083433387638, 0.30026356745996075, 0.030771562598292685, 0.5891651344648191, -0.10831907502779119, 0.5749177390726203, 0.017470619161354044, 0.45539237558822576, -0.08698367769158775, 0.4700655444084595, 0.030881292855942034]], "inverted": true, "swapped": true, "error_lsq": 0.04776044579560547, "error_max": 0.32834557788226765, "target": "804.xyz", "model": "8.xyz", "model_rescale": 4.019505241142653, "target_rescale": 4.164734287376665},
{"mapping": [5, 12, 8, 9, 4, 3, 1, 6, 10, 2, 11, 0, 15], "R": [[0.5562789252733404, 0.1369031675189996, 0.8196409457927305], [0.21895437208141966, 0.9273355833199273, -0.3034925021398737], [-0.8016312994408143, 0.34829045153715427, 0.4858816945768555]], "T": [0.020367207781716787, -0.06790341122405348, -0.024829350834932207], "aligned_model": [[-0.21030850548821722, -0.6357286162732481, 0.14788032295733816, 0.2756394039940399, 0.3664016141600297, 0.6645572376199146, 0.3293458324945356, -0.3269814599262607, 0.12645196603173697, -0.3748066357875652, -0.40686772706812135, 0.33506137130549063, 0.029055967721503352], [-0.7250894159097467, 0.010262401636403296, 0.2502918988195374, -0.42833956114594196, -0.7080568982376084, -0.013609358909475969, 0.493669484398287, -0.5384239143748428, -0.301217343268184, -0.00023350616399683832, 0.702056617444028, 0.31774742220234914, 0.004320401623250536], [-0.27474067604017854, -0.015419364940726654, -0.69420773477086, -0.7037174944515405, 0.09560439616487645, -0.3284645748748236, -0.11454717702945796, 0.3003583774953719, 0.6189670277921752, 0.5642039336861501, 0.18342331397082653, 0.5318408729052652, 0.013402594136800665]], "inverted": false, "swapped": true, "error_lsq": 0.048914057249074834, "error_max": 0.2762644657919567, "target": "804.xyz", "model": "9.xyz", "model_rescale": 3.877068213659057, "target_rescale": 4.164734287376665},
{"mapping": [8, 9, 0, 2, 4, 3, 5, 7, 14, 13, 1, 11, 12, 6, 10, 15], "R": [[-0.4200679869682095, 0.1852690216390333, 0.8883795787530193], [-0.4328159282243877, 0.8195248386915921, -0.37556545507112654], [-0.7976297753969184, -0.542267856680106, -0.2640687656877013]], "T": [0.0499634330911923, -0.03866607327270508, -0.03921831459938774], "aligned_model": [[-0.08338407710072951, 0.44811882534076547, -0.6712576349311548, 0.5564515894815735, 0.0544921621117387, -0.1142509304155199, -0.6457803228072073, -0.014461636109791544, 0.7693640896530416, 0.6861679734982152, -0.6095951972862966, -0.2328066411235056, -0.4793367869756892, 0.1347550969048142, 0.2969263698875298, -0.03184408339918208], [0.63663004823198, 0.48552994318469733, 0.2911930240342857, 0.038763450335629245, -0.45395841489048055, -0.6505532688386988, -0.37934951278062945, 0.09941259143686818, 0.1295371738150081, -0.47239370050629265, -0.028838335714396014, 0.530399245355148, -0.11754234309518116, -0.3497128321448969, 0.29139462704077734, -0.0031835620466767398], [0.3093738907271845, 0.009115150540539414, -0.10849444756242596, 0.3824803624907406, 0.4951995381638358, -0.07648821463539593, 0.06504511338937713, 0.7626983034023085, -0.2915908757983333, -0.10823008246170507, 0.5245125066907833, -0.41453288203222594, -0.5605771419050861, -0.5649224734831371, -0.6165224124692886, -0.051609734401271784]], "inverted": false, "swapped": false, "error_lsq": 0.03198220035848732, "error_max": 0.20909418102683955, "target": "804.xyz", "model": "10.xyz", "model_rescale": 4.260839863003843, "target_rescale": 4.164734287376665},
{"mapping": [4, 3, 1, 0, 11, 2, 6, 5, 8, 14, 12, 15], "R": [[0.2796045395090013, -0.9597083954936829, 0.027948114514224687], [-0.8617030073697578, -0.26367617894253076, -0.43352370148376174], [0.4234255880032224, 0.09713222059238315, -0.9007086671876308]], "T": [0.07396555346829264, -0.021107088303094684, -0.10111104743507641], "aligned_model": [[0.5605926865377993, 0.2242491299829691, -0.3327820025175153, -0.5373888052874207, -0.7042352109950096, -0.322201855274262, 0.27438726098375466, 0.7494843047638537, 0.1782515428107418, -0.0970562201207254, -0.02747900971583045, -0.0069231720742245345], [-0.08258098609496545, -0.7163292266273694, -0.49437675590901986, -0.1953056885727726, 0.1995484133322626, 0.531307833311118, 0.5495421400128444, 0.2809418123501787, -0.48803010209784703, 0.0936880987435866, 0.5302849830144211, -0.03561201592950325], [-0.6519790697420955, -0.16594940761801186, 0.07050900788453222, -0.49295465855033205, 0.30441580431234994, -0.3146313780690087, -0.3874295709004863, -0.10224161163680316, 0.47913252415524693, 0.6294864399260616, 0.2486545265792779, -0.10083452894522622]], "inverted": false, "swapped": true, "error_lsq": 0.04797730783720266, "error_max": 0.2673914125501518, "target": "804.xyz", "model": "11.xyz", "model_rescale": 3.890672605050136, "target_rescale": 4.164734287376665},
{"mapping": [12, 2, 0, 14, 1, 9, 6, 8, 13, 4, 7, 10, 3, 15], "R": [[0.13854678939266982, 0.90013318985852, -0.4129951908486455], [-0.2946651736382685, 0.4355977266855162, 0.8505451522118855], [0.9455036872449056, 0.003854999550729543, 0.3255885691862533]], "T": [0.09000127638058689, -0.019714120858089445, 0.06355073369854454], "aligned_model": [[0.25810996888239623, 0.21268412097266395, 0.42944747607480893, 0.5912036681175459, 0.6033219571204459, -0.3034622859533229, -0.32741941088912097, 0.38632958412676643, -0.02957345722053084, -0.5916179200260725, -0.07915994473173171, -0.15459045959935724, 0.05420353946156338, 0.16039899845763886], [-0.39479376482428297, 0.22343264073746588, 0.6442058097394899, -0.5845091327719758, 0.13723779575947676, -0.44159381910715684, -0.003355668825362767, -0.4545500027039506, -0.7309742510091636, 0.229886485327483, 0.62186578960106, 0.5400168393345756, 0.12334429437704324, 0.021939504193063012], [-0.45386099854624556, -0.5948794941420681, 0.023210640170843247, -0.013920729327326783, 0.4251432814079747, 0.6320321926693424, -0.459211229710023, 0.6008426102831624, 0.08495551036079792, 0.1944529614540494, 0.3616146566823333, -0.2636178449338646, 0.7623896277215664, 0.05563925126631975]], "inverted": false, "swapped": true, "error_lsq": 0.048689651285792016, "error_max": 0.30441869602282934, "target": "804.xyz", "model": "12.xyz", "model_rescale": 4.124412569039231, "target_rescale": 4.164734287376665},
{"mapping": [1, 8, 9, 11, 3, 0, 14, 10, 13, 12, 4, 5, 15], "R": [[0.17308886248068278, -0.6480355590750149, 0.7416806319835222], [0.40650541682290353, -0.6389085883164588, -0.6531073126746537], [0.8971028880673505, 0.4145427962826075, 0.15284200427701744]], "T": [0.1448034816655802, 0.022998491995709497, -0.0801404516659362], "aligned_model": [[-0.10725908815091423, -0.024760942916078055, 0.5887692370989838, -0.725840487579104, 0.4997392843454478, 0.03226725714341977, -0.4883074458982307, 0.3913485742447025, 0.04529836989326247, -0.32065423690929024, 0.8618201628229675, 0.5218053675828027, 0.09307225583178816], [-0.19331497006282453, 0.45478517541930796, 0.6195034830151058, -0.22286839499124153, 0.013770373903347705, -0.7014745035480128, 0.4236424481415201, -0.5052093514459391, 0.7346502285721718, 0.2512323925850373, -0.0231038834488915, 0.5314659746144151, -0.0355935962455192], [0.4753360491816806, 0.5117915010875395, 0.24086332956440837, -0.06383522542997266, 0.539584007872255, 0.06168760189037581, 0.0417367174517817, -0.45480715075208566, -0.1456980041000105, -0.4899191374438648, -0.24688047286669706, -0.4634038037457214, -0.05475733174185026]], "inverted": false, "swapped": true, "error_lsq": 0.041952334442119016, "error_max": 0.2629302043211149, "target": "804.xyz", "model": "13.xyz", "model_rescale": 3.9028299243045295, "target_rescale": 4.164734287376665},
{"mapping": [3, 6, 0, 9, 10, 13, 5, 7, 11, 14, 4, 2, 8, 12, 1, 15], "R": [[-0.4144125369754735, 0.8774546426089669, 0.24152763684829537], [-0.735604920419602, -0.16668791989992932, -0.6565824688597051], [-0.5358615961720178, -0.44976492473669505, 0.7145375163170737]], "T": [-0.04171489824193971, 0.044408606122334944, -0.05693260815807185], "aligned_model": [[-0.24650581785518721, 0.3330838702450131, -0.7996452010207467, 0.6286739212695497, 0.011311012873848066, -0.031634683303628154, -0.3772570155990946, 0.22497384358627162, 0.6316364084620405, 0.5742037174535907, -0.5100655834738471, -0.2671296305260674, -0.6083268432628696, 0.0731052359828446, 0.3885632144564685, 0.0385723474404154], [0.5399715520298447, 0.5776283128849445, 0.37872460132560243, 0.10115879231766578, -0.43480381876626983, -0.7439684037260612, -0.33931099350617483, 0.12541252114153473, -0.10400746030782684, -0.5722633916208559, -0.03180949393783524, 0.5481065525363747, -0.0669715855539364, -0.34565987909591556, 0.3584284459491725, 0.05669238174687872], [0.2611357667640225, 0.08310627826244044, -0.025454350175716033, 0.32803973306198136, 0.5113070478249456, -0.16186797590666682, -0.10460429782359634, 0.8050090584127108, -0.32231417745663143, 0.09607248594691584, 0.42701130465489995, -0.5444019372479526, -0.5698190636424992, -0.6216477598735435, -0.42902270701939493, 0.022907194873983454]], "inverted": false, "swapped": false, "error_lsq": 0.045263429722654194, "error_max": 0.39378000247160655, "target": "804.xyz", "model": "14.xyz", "model_rescale": 3.942246331269136, "target_rescale": 4.164734287376665},
{"mapping": [0, 2, 10, 12, 13, 6, 3, 7, 1, 4, 9, 8, 11, 14, 15], "R": [[-0.12162091734035557, 0.9522699224271253, 0.2799827625157081], [-0.5582284939549808, 0.16761637822810466, -0.8125796565792469], [-0.820724863155762, -0.25512103909777784, 0.5111985469537503]], "T": [-0.022745420449504998, 0.01739888461207698, -0.06452348226420752], "aligned_model": [[-0.7268475191745607, -0.2924031564873797, -0.2376219963195339, 0.10334385491844944, 0.5542437459294622, 0.257946586479641, -0.08124872035516664, -0.33605521354630785, -0.49555770855754794, 0.3019348044898398, 0.5644382782562016, 0.07284947545104001, -0.6096146179656157, 0.0014978180783807096, -0.10261159466469263], [0.14775889139072437, -0.4437923291626095, 0.11235157881435834, -0.6311762783768745, -0.23938328552095742, -0.21828706415489543, 0.6502306218005046, 0.6136339712281492, 0.16486631661439038, 0.5131339366296936, 0.4370801355951872, 0.12429612157728184, -0.6285945612428924, -0.5052022587511272, 0.0012288934407179604], [-0.27638953211885303, -0.5359989988054272, -0.7164246917724704, -0.07510294671510233, 0.284466020594168, -0.6243911722591767, 0.2613972814877455, -0.339156141383676, 0.35210956092468354, -0.503693260919395, 0.3029682529085972, 0.6737243537388322, 0.17425323481812693, 0.4854759549083913, -0.05387543504592761]], "inverted": true, "swapped": true, "error_lsq": 0.043638056938715836, "error_max": 0.2662850432852185, "target": "804.xyz", "model": "15.xyz", "model_rescale": 4.355366556412066, "target_rescale": 4.164734287376665},
{"mapping": [10, 7, 4, 12, 6, 2, 13, 11, 3, 0, 1, 15], "R": [[0.7673441040438349, 0.31691943047627946, 0.5574451547692879], [0.42934228441316313, 0.39177956477367104, -0.8137407298646417], [-0.4762858687847574, 0.8637539274656549, 0.16456282685833162]], "T": [-0.018924014158736104, 0.07601624115847193, -0.18431976732575495], "aligned_model": [[-0.13944459875569595, 0.47219153540996495, 0.0863447801727027, -0.6065428984264118, -0.5547602751433841, -0.5032723987853608, -0.29337553088510876, -0.23835839256885538, 0.6652482528659546, 0.255531434331339, 0.4529155147286416, 0.0013311316879946744], [-0.5163072328247889, -0.42380361071066097, -0.5770578062189525, 0.37110316343076977, -0.32140047733900423, -0.08357804253086172, 0.4504800981583884, 0.6526889757445535, 0.05612524403763096, -0.10596096195796324, 0.4099167080720338, 0.10057036987983575], [0.15448819422332782, 0.010790547795762134, -0.5105916697808914, -0.11883749771860375, -0.2365419156260007, 0.3133127274825308, -0.7366787437981229, 0.4775219195285667, -0.38836791165759055, 0.48590349712975434, 0.10681445110004129, -0.1085551374693529]], "inverted": false, "swapped": true, "error_lsq": 0.0470515787168152, "error_max": 0.23404145175789798, "target": "804.xyz", "model": "16.xyz", "model_rescale": 3.795458400668931, "target_rescale": 4.164734287376665},
{"mapping": [1, 0, 2, 8, 12, 7, 3, 14, 9, 4, 6, 13, 15], "R": [[0.6702736650306984, -0.3100802693597675, 0.6742280330274684], [0.7396486725274007, 0.3531260764310511, -0.572906463022425], [-0.060440509550869825, 0.8826959842993427, 0.46604156907624206]], "T": [-0.027028235094888955, 0.13021075173214314, -0.03734250482682558], "aligned_model": [[-0.1343971269192495, 0.005157589182138031, 0.5324422220946929, -0.2423897102455943, 0.5823151859317519, -0.5141565535359761, -0.6735850395251204, 0.4079434186371039, -0.5926342303081776, -0.5154412779639932, 0.22048567380992506, 0.0704984824297664, 0.002393167316955158], [-0.30638733086220515, 0.29404774303337133, 0.5222337924099427, -0.5804928794351812, 0.07898746877811136, 0.44185863439546935, -0.12671024122287033, -0.47065163662021126, -0.13623077685017693, 0.6483228525596344, 0.6822415646686149, -0.19443740929538733, 0.11099948391137372], [-0.5028908173653888, -0.7651901763037202, -0.2398580254065165, 0.08138008958002804, 0.2131309329105713, -0.4785499401922001, -0.19883210189551817, 0.12378825344788597, 0.47750309717272854, 0.15514940482416517, 0.24864096666717558, 0.5996342333925311, -0.11163088599544609]], "inverted": true, "swapped": true, "error_lsq": 0.05237992430080955, "error_max": 0.34663191293164386, "target": "804.xyz", "model": "17.xyz", "model_rescale": 3.7474275329858107, "target_rescale": 4.164734287376665},
{"mapping": [1, 3, 8, 7, 11, 2, 14, 5, 0, 12, 10, 4, 6, 15], "R": [[0.6377502114764045, 0.1116270045415102, -0.7621115926285933], [0.21631500399913833, -0.9755790365420874, 0.03812299180894777], [-0.7392445378943655, -0.18916911829551356, -0.6463223328004719]], "T": [0.07330287176681098, 0.0348682950312571, 0.011302020177390853], "aligned_model": [[0.3366733692611325, 0.19090684485603526, 0.7558614135965774, -0.4112347060674977, 0.37190166419295906, -0.29033007812166345, 0.7429573549615527, 0.03082343344320297, -0.2929319618059709, 0.2695069205554493, -0.6069029684956609, -0.42000519281086685, -0.3355191483028142, 0.07314070262044116], [-0.40313237357797743, 0.14949809251001195, 0.09180631516954935, -0.04818520328146095, -0.7448608220814953, -0.32242539163135575, -0.156946727650575, 0.7253608983881805, -0.5699178955375119, -0.04952652613066509, -0.07895911204865724, 0.537755732726555, 0.27658344823119585, -0.04664219357456101], [-0.38577806155879163, -0.683789558667469, -0.29925742597447996, -0.5248023115547332, 0.3600118892513991, 0.5091113131725051, 0.3129125981745417, 0.2739345808820152, -0.2290028492127264, 0.6366352576412422, 0.07858114192050164, -0.20731171036235033, 0.4827105904432736, 0.0008392645067269531]], "inverted": false, "swapped": true, "error_lsq": 0.03326500271681727, "error_max": 0.19991749115789054, "target": "804.xyz", "model": "18.xyz", "model_rescale": 3.922800546911778, "target_rescale": 4.164734287376665},
{"mapping": [13, 9, 5, 12, 7, 14, 3, 2, 1, 6, 4, 10, 11, 0, 15], "R": [[0.6471149466061705, 0.5138247037906785, -0.5632285678597232], [0.5995120506987488, 0.11343406229723577, 0.7922865735185267], [0.4709857184096714, -0.8503627974489292, -0.2346392247024301]], "T": [0.042767021231618796, 0.026915290388299887, -0.022410638980045496], "aligned_model": [[-0.18976706844681854, -0.08127591887280443, 0.4008266623046953, -0.03369393597251841, 0.3333080023657172, -0.5690668233498611, -0.16616308030304158, 0.3383315808047661, -0.4457357802081381, 0.6026663082660293, 0.6326393984501345, 0.6251377208587424, -0.4504482393962467, 0.08979213195220603, 0.009499878434756415], [0.3810637596182183, -0.26749338236170445, 0.24057406205453863, 0.6828122484912985, -0.5937946356711962, 0.47077551712296883, -0.633077981613259, 0.4547913155911442, -0.2843651006762375, 0.390083831815124, -0.31436990692739564, -0.04380250631672021, 0.4682376351357308, -0.2544978941426123, 0.02067454291468092], [-0.6064945481932579, -0.7666579811268703, -0.6337236706077648, 0.0023497093957147754, 0.22128492599871477, -0.09202756434103469, -0.19813793203045474, 0.4646884178316027, 0.26629462091033895, -0.071493206116196, -0.3045729636043353, 0.3463799593237053, 0.5946068667779474, 0.6676878890659542, 0.052474643879264954]], "inverted": true, "swapped": true, "error_lsq": 0.03654205335143059, "error_max": 0.24676289794742892, "target": "804.xyz", "model": "19.xyz", "model_rescale": 3.9282355846067225, "target_rescale": 4.164734287376665},
{"mapping": [1, 0, 2, 7, 3, 10, 4, 6, 9, 13, 11, 8, 12, 15], "R": [[0.8965231603298194, 0.2949212473447375, 0.33055662276961995], [-0.3186525520494649, 0.9476868123467654, 0.018715148313315912], [-0.3077446572478485, -0.12211127535428692, 0.9436005841280269]], "T": [-0.009439182557523015, -0.06549365809454863, 0.06409435958064254], "aligned_model": [[-0.5080571277514137, -0.1533557827116298, 0.553878916924411, -0.3450063853015141, -0.6895732311147608, 0.283984340965419, 0.001617822489961094, 0.5938403312119626, -0.3921807181572492, 0.10381037034576307, 0.14698725186468573, -0.5350937538965251, 0.4974234859589222, -0.02575270174335481], [-0.4533571672139798, -0.6961880124566616, -0.48281644665261203, -0.17837476026007415, 0.09216028869446799, -0.2574466301857221, 0.38831300404883806, 0.1079743884873045, 0.6359560938191952, 0.40826769747966385, -0.8216351115070158, 0.08099594003769611, -0.1549975157257757, -0.1459696811404887], [0.2048893843092856, -0.30893829777419063, -0.06324849224871808, -0.5713070187889169, -0.08652402240647751, -0.5335843470008976, -0.517264256751202, -0.16774688908216917, 0.19617155799010283, 0.5964212993967225, 0.5358126873427026, 0.5815915480035997, 0.47850896744400656, 0.0674010368098357]], "inverted": true, "swapped": true, "error_lsq": 0.042384683155822625, "error_max": 0.2935750993137883, "target": "804.xyz", "model": "20.xyz", "model_rescale": 4.067790424073018, "target_rescale": 4.164734287376665},
{"mapping": [2, 4, 11, 14, 0, 7, 1, 6, 10, 5, 9, 8, 13, 3, 15], "R": [[0.08156733205123343, 0.7531168703796713, 0.6528106539354067], [0.2541107237222697, 0.617632166515295, -0.7442837140331418], [-0.9637294799015897, 0.2265954245680009, -0.14099646496795337]], "T": [0.07018447274967077, 0.02351862905006044, -0.019909828758891766], "aligned_model": [[0.0024182072587900505, 0.10341925258351214, -0.14378166659333452, 0.3678557445906017, -0.6309280345536521, -0.497328927782305, -0.38585993217745285, 0.38422352232236756, -0.2124221177479469, 0.6968500285203195, 0.43146569181124117, 0.16228794587674866, 0.7252569777185041, -0.24218156504182498, 0.007168827121946511], [0.02020266257532069, 0.7454878341732132, -0.7254198696217354, -0.6746892517214076, 0.009908961067161909, 0.4570038764354033, -0.3689514970736797, 0.4059323594766665, 0.4890550405332753, 0.4088019840695143, 0.1917276443770899, -0.4337565399422981, -0.18120666223139822, 0.11825170802016335, -0.021453110209442294], [-0.7292042179892091, 0.12738749305266842, -0.48039535961006274, -0.010079279524891925, -0.2766134495311969, 0.11829828581246082, 0.21856846542998742, -0.47038392748720625, -0.448363453487262, 0.060136516996531976, 0.6851779897352859, 0.5699983342776458, 0.2028340206867035, 0.6153665600048633, -0.04747840474517778]], "inverted": true, "swapped": true, "error_lsq": 0.04013610456430313, "error_max": 0.30297215900533864, "target": "804.xyz", "model": "21.xyz", "model_rescale": 4.186013935880536, "target_rescale": 4.164734287376665},
{"mapping": [6, 5, 10, 11, 14, 2, 12, 13, 7, 3, 8, 1, 15], "R": [[-0.5691167282174031, 0.7148079915660526, 0.4063935098601168], [0.5415376797874492, -0.046073682060795096, 0.8394129836926442], [0.6187431543326722, 0.6978013693126913, -0.36087415805483813]], "T": [0.0006383269049270697, 0.054036345551918503, -0.03643805350365166], "aligned_model": [[0.05921271374271006, -0.5240030247903766, 0.4970822186559828, 0.4592245894897313, -0.2350939059744107, 0.5152064052729995, -0.03347211230205421, -0.6420208991509019, 0.3425238567678985, -0.17723276361096194, -0.4569618012001296, 0.18799993523289582, 0.06610882328984244], [-0.2169686229067045, -0.044558432713112876, 0.1728190614614593, -0.5124797847607551, -0.46550525675065935, -0.3714279329532425, -0.6052594097587993, -0.2717549065270306, 0.6838359563336034, 0.690378185959454, 0.1507661574431502, 0.2610735524366556, 0.048038092282074424], [-0.6454643647396453, -0.5488743146165566, -0.5050501240870456, 0.4997479418053021, 0.464267357299563, -0.2852384421820515, -0.06517404910856704, 0.002245707384037496, -0.16113423286380846, 0.23477021562336198, 0.5524768274476836, 0.5474390043212639, 0.012868035051808058]], "inverted": false, "swapped": true, "error_lsq": 0.0478654381087336, "error_max": 0.2392021927185065, "target": "804.xyz", "model": "22.xyz", "model_rescale": 4.166573947596378, "target_rescale": 4.164734287376665},
{"mapping": [9, 10, 3, 13, 12, 6, 2, 14, 7, 5, 11, 8, 4, 1, 0, 15], "R": [[-0.6069325997438134, 0.6587354189210345, 0.44463520691365105], [-0.233463620017158, -0.6825566032371347, 0.6925396894805876], [0.7596891189800603, 0.3165187691690873, 0.5680566092098446]], "T": [-0.06954689010132108, 0.03314233655696696, 0.03503082433093612], "aligned_model": [[-0.2828656586281327, 0.5416605760186347, -0.6444017888151428, 0.7303502138041742, -0.15998234900270514, -0.02026380681581945, -0.4915009981045967, 0.27351945762233376, 0.5349539291703422, 0.6380469229487788, -0.704105068308324, -0.16283879014471175, -0.38964927418351264, 0.0358716579033911, 0.2064289677036344, -0.0416651944397422], [0.5122860493690977, 0.4240626014177601, 0.16166067207789855, -0.0375743780893485, -0.29377904986681647, -0.725186575062015, -0.429287225439191, 0.1679986438615934, 0.24475260123573897, -0.3360228210116154, -0.02457223441226565, 0.708396773870853, 0.1192668913762408, -0.4648908738394461, 0.03503439223724355, -0.014817334308585887], [0.32720469679201875, 0.2209017822142726, -0.08518371254258575, 0.30331594939190026, 0.5956779415992445, 0.07523121576570274, -0.21179476210672063, 0.7351001213722779, -0.28307215118592943, -0.1975418812299908, 0.4998945400529214, -0.40017855803045926, -0.6206905632466485, -0.4639169805003526, -0.7334673922396271, -0.0060236454501244666]], "inverted": false, "swapped": false, "error_lsq": 0.048849559476104386, "error_max": 0.2748536117855325, "target": "804.xyz", "model": "23.xyz", "model_rescale": 4.274766983524099, "target_rescale": 4.164734287376665},
{"mapping": [0, 2, 11, 1, 14, 8, 3, 9, 4, 5, 15], "R": [[-0.5035608593151265, -0.4763647483364571, 0.7207656259202124], [-0.7163032508901517, -0.23624443509610732, -0.6565807030748939], [0.48304876951505854, -0.8469151040266464, -0.2222581670974607]], "T": [0.05104923659168137, 0.1562841780112998, 0.02870038552108748], "aligned_model": [[0.15834555953462187, 0.24823392022330737, -0.52481287813376, -0.35870251324373076, -0.642028803299072, -0.5564752708358314, -0.011219176926571428, -0.007652610150133458, 0.7001888577790049, 0.3540236580677444, 0.019993960942495677], [-0.12051555182747437, 0.6290900799077823, 0.4702575412023603, -0.2578199442339039, 0.4592932165398266, -0.13922199982037226, -0.5300071651728439, -0.14478163217289336, -0.04510581957648943, 0.4526803233411844, 0.14171748305630688], [-0.6565077058799658, -0.46655164389302833, -0.5946300723676922, -0.2532614477303361, 0.09216237209756595, 0.3591021750054619, 0.21644975272602754, 0.7782874018174061, 0.31523206932933184, 0.6352613675154869, -0.04597783459868054]], "inverted": false, "swapped": true, "error_lsq": 0.05225785499057201, "error_max": 0.2875018864027908, "target": "804.xyz", "model": "24.xyz", "model_rescale": 3.7841303162186577, "target_rescale": 4.164734287376665},
{"mapping": [13, 12, 11, 9, 10, 0, 7, 14, 2, 8, 11, 3, 6, 1, 4, 15], "R": [[-0.964493803322381, -0.24611458000565045, -0.09580875148633881], [-0.057930281395506045, -0.15678681019657442, 0.9859320355104714], [-0.257673797368235, 0.9564755666806267, 0.1369624200020142]], "T": [0.06430076544393748, -0.05892983454301797, -0.01673413852983895], "aligned_model": [[-0.21300784755365743, 0.4106201378647949, -0.6481177431654522, 0.51232724512952, -0.11531608540172131, -0.04419216392978932, -0.4474139544658795, 0.2223697782699469, 0.762090100381534, 0.4899300265249134, -0.6481177431654522, -0.21289745414835937, -0.4414711917005065, 0.2300132743451297, 0.18947626086911917, 0.017266156874461633], [0.5892477620509533, 0.5769776155857308, 0.15498120577093372, -0.00431286912502362, -0.41908946883103054, -0.7705810289871814, -0.4567069424375101, 0.23544591293252554, 0.11967957527593223, -0.4227953104696087, 0.15498120577093372, 0.6124078460932196, 0.06471485803175087, -0.5087871494729215, 0.15488508075133461, -0.033720159522896795], [0.32233183396232085, 0.20877974925739315, 0.17334348925749982, 0.35532764278503587, 0.6490570674792313, -0.1687598306798719, 0.03548633602727848, 0.7027490570994874, -0.2403001258774116, -0.20620559067828595, 0.17334348925749982, -0.3652578152663978, -0.5176664389531583, -0.5852446084430446, -0.7205228995946094, -0.06100475497706778]], "inverted": false, "swapped": false, "error_lsq": 0.043112313654586946, "error_max": 0.3542761088759784, "target": "804.xyz", "model": "25.xyz", "model_rescale": 4.19342608120988, "target_rescale": 4.164734287376665},
{"mapping": [10, 7, 4, 12, 6, 2, 13, 11, 3, 0, 1, 15], "R": [[0.7673441040438349, 0.31691943047627946, 0.5574451547692879], [0.42934228441316313, 0.39177956477367104, -0.8137407298646417], [-0.4762858687847574, 0.8637539274656549, 0.16456282685833162]], "T": [-0.018924014158736104, 0.07601624115847193, -0.18431976732575495], "aligned_model": [[-0.13944459875569595, 0.47219153540996495, 0.0863447801727027, -0.6065428984264118, -0.5547602751433841, -0.5032723987853608, -0.29337553088510876, -0.23835839256885538, 0.6652482528659546, 0.255531434331339, 0.4529155147286416, 0.0013311316879946744], [-0.5163072328247889, -0.42380361071066097, -0.5770578062189525, 0.37110316343076977, -0.32140047733900423, -0.08357804253086172, 0.4504800981583884, 0.6526889757445535, 0.05612524403763096, -0.10596096195796324, 0.4099167080720338, 0.10057036987983575], [0.15448819422332782, 0.010790547795762134, -0.5105916697808914, -0.11883749771860375, -0.2365419156260007, 0.3133127274825308, -0.7366787437981229, 0.4775219195285667, -0.38836791165759055, 0.48590349712975434, 0.10681445110004129, -0.1085551374693529]], "inverted": false, "swapped": true, "error_lsq": 0.0470515787168152, "error_max": 0.23404145175789798, "target": "804.xyz", "model": "26.xyz", "model_rescale": 3.795458400668931, "target_rescale": 4.164734287376665},
