[{"mapping": [10, 12, 2, 1, 7, 6, 0, 4, 5, 9, 13, 11, 8, 14], "R": [[0.2989912620258594, 0.02932683936821856, 0.9538050962984289], [0.4480956412161555, 0.8781601721320146, -0.16746643963538954], [-0.8425049089205753, 0.4774669083546439, 0.24942098923505185]], "T": [-0.07452793633495164, 0.11122028891668212, -0.004226743104697506], "aligned_model": [[0.08159670974748973, 0.30456607293756627, -0.4867214568231056, -0.21274707424307904, -0.6671232655466848, -0.22298312709363527, -0.7035958413000583, -0.08407425988688011, -0.22072362223054687, 0.3091097653450057, 0.47236341818054967, 0.4684389200437214, 0.4654677656196859, -0.13208190362172506], [-0.6727923643277443, -0.17744024291531968, -0.40540094515812264, -0.5592182789124058, 0.468429139899665, 0.44109249196330674, 0.06709148352185894, 0.4307147688309061, 0.8104551237671341, -0.0643692097087776, 0.6246093300649382, 0.2819010982865551, -0.13675974661061607, 0.12696068310865632], [0.3516077984956022, -0.4283063231411658, 0.2860459703298728, -0.27843355330012726, 0.49820192985044687, -0.5988791882885648, 0.0005580305723144607, 0.7384226128080708, 0.23448703782299246, 0.6233002850450445, 0.45370227423614584, -0.19288804507014887, 0.13547950502521114, 0.07428975279413945]], "inverted": false, "swapped": true, "error_lsq": 0.058707822442174054, "error_max": 0.44895203988423643, "target": "805.xyz", "model": "0.xyz", "model_rescale": 3.8414455957264533, "target_rescale": 4.213723120087565},
{"mapping": [11, 3, 10, 1, 8, 13, 0, 12, 2, 6, 5, 7, 4, 9, 14], "R": [[0.8495842342575387, 0.07680210426959426, -0.5218314533264491], [-0.3388936178287671, -0.6786275045273553, -0.6516255258151755], [-0.4041753885331975, 0.7304561224869957, -0.5505234858071926]], "T": [-0.07347871008700431, 0.03716823932013716, 0.07443365329925056], "aligned_model": [[0.000628864695270806, -0.09940131848987606, -0.7219293362435405, 0.07858930925937445, -0.5578208502643757, 0.14858771084949723, 0.606114212734675, -0.5021925324870946, -0.02541402675490071, -0.6016824847168848, -0.4564472068093099, 0.456787158856694, 0.26588089331807735, 0.04858814260106535, -0.09604806919507128], [0.17592716359527819, -0.7256252331860293, -0.12151585005778326, -0.5021332216490684, 0.6558304207156, 0.6958161343808066, 0.02338485441621846, 0.28719163951150395, -0.26783325156361015, 0.04484270814460553, -0.4432424272971446, 0.18893166153700128, -0.3665678726811451, 0.578577610733245, -0.017899061297863596], [-0.7631339143774527, -0.10121092736190007, -0.07627283503448462, -0.5847530750693443, -0.009066011729909215, -0.22841359477134304, -0.17752040413671188, -0.5052061501191519, 0.7447086747593274, 0.6497327483608119, 0.31289435635342255, 0.40419261685525787, 0.2072848719275511, 0.4712777738482816, 0.007186233278209525]], "inverted": true, "swapped": false, "error_lsq": 0.048453862104612534, "error_max": 0.3576833404272392, "target": "805.xyz", "model": "1.xyz", "model_rescale": 4.316132596720782, "target_rescale": 4.213723120087565},
{"mapping": [12, 8, 11, 0, 6, 1, 5, 2, 13, 10, 4, 14], "R": [[-0.3779297219577035, 0.4017149741470476, 0.8341427964125866], [-0.7023543584498028, 0.46261045205004175, -0.541008248385015], [-0.6032142906360384, -0.7903269255188595, 0.10731202342872886]], "T": [-0.1172695072083696, -0.0009493826258945503, -0.09270546038969377], "aligned_model": [[-0.17125448589853115, 0.3472016783412091, 0.13171783928504763, -0.5525828894234448, -0.6330488915737337, -0.43951994763708485, -0.016748888389441136, -0.21759289535826684, 0.6138536130985301, 0.21244092760376665, 0.4234930107730639, -0.10015051618933438], [-0.6109961433797908, -0.33615517399707184, -0.48455132465785095, 0.442433961039304, -0.23808863535912816, -0.21040336152142924, 0.3923268033366875, 0.39533904529144703, 0.013249286950387247, -0.013826449789352761, 0.5673179053240295, 0.09613051450374888], [0.08564596931372723, 0.1182705741297011, -0.3450395556310618, 0.015044919686865499, -0.49544948088657503, 0.5366318596880723, -0.7271471431270431, 0.5022314654125188, -0.5801629732794238, 0.7177229305708448, -0.288521980170549, -0.08996812449765614]], "inverted": false, "swapped": true, "error_lsq": 0.04335532726421922, "error_max": 0.27683494721080176, "target": "805.xyz", "model": "2.xyz", "model_rescale": 3.795458400668931, "target_rescale": 4.213723120087565},
{"mapping": [3, 12, 10, 13, 0, 4, 8, 6, 11, 5, 2, 14], "R": [[0.6270116402348466, 0.689913270973967, -0.36176799408461946], [-0.7573735407741857, 0.43118724396810426, -0.49037014629192444], [-0.18232312729102781, 0.5814612963673441, 0.7928814779534376]], "T": [0.06905063175927194, -0.011515276195520101, 0.014071369998234155], "aligned_model": [[0.09847708542500593, -0.13390177022481442, -0.7980320714802304, 0.34793934358650913, 0.11226367679651374, 0.15836408328010393, -0.2804417095276128, 0.5738654612633413, 0.21071448727390968, 0.6825777918515875, -0.447693071092401, 0.06917051859165246], [-0.08303523811098389, -0.6109590737715097, 0.04369797973721888, 0.00855971499435056, 0.41530315286568514, 0.5697164642556195, -0.3088167201393198, -0.2994316759127797, -0.4969874889902633, 0.3452746915487435, 0.4161652848071196, 0.08628195400582843], [-0.7557702893361625, -0.06566643022423801, 0.11793690167169713, 0.8472433374105722, -0.44815729195841775, 0.5689485564965104, 0.41665582912064075, -0.36898512616886064, 0.3362298951331372, 0.266206541669544, -0.2526204545815037, 0.02674996140618087]], "inverted": false, "swapped": true, "error_lsq": 0.04781912887012189, "error_max": 0.21031396635853347, "target": "805.xyz", "model": "3.xyz", "model_rescale": 3.7530521520055578, "target_rescale": 4.213723120087565},
{"mapping": [6, 1, 12, 10, 11, 2, 5, 0, 7, 9, 14], "R": [[0.12312313644751899, 0.04567288657091645, -0.9913398411763779], [0.9601271552619577, 0.24716517465132015, 0.13063392426228113], [0.25099111338831614, -0.9678963600881361, -0.013420027132266671]], "T": [-0.04550426033095188, -0.16211002227859228, 0.029067451809827484], "aligned_model": [[-0.46215643129881084, -0.08600584063842545, 0.23430767384721002, 0.4181564455181436, 0.3404773153190357, -0.18898147217018496, -0.28228676373540446, -0.6032102304398257, -0.511165717267054, 0.5550593357884653, -0.07599471247794413], [-0.697691584306065, 0.1345717451146251, -0.419568380896372, 0.49706169139327927, -0.6205112840462033, 0.524752441743773, -0.38102032371809524, 0.13216569763851305, 0.19349592561199636, 0.20010252082681512, -0.0961550910479205], [-0.12591481625063566, -0.6448177972967031, -0.48308597810846166, -0.31178496244601256, 0.008463104190751383, -0.14032408042843214, 0.709728254304581, 0.02116010370240595, 0.651888273700518, 0.31177785110474915, 0.09574082477255624]], "inverted": true, "swapped": true, "error_lsq": 0.05005736916428771, "error_max": 0.2569208864704657, "target": "805.xyz", "model": "4.xyz", "model_rescale": 3.7855080009869324, "target_rescale": 4.213723120087565},
{"mapping": [6, 1, 4, 11, 10, 8, 13, 7, 2, 3, 0, 14, 12, 9, 16], "R": [[-0.5841480153355999, 0.2648562263447525, -0.7672172283948642], [-0.5725427832991435, -0.8044650802963126, 0.15821092211322685], [-0.5752963214479558, 0.5316832834971068, 0.6215682010674176]], "T": [-0.08675396548784017, 0.07916114612628117, 0.0181609638620055], "aligned_model": [[-0.11451618082746082, -0.2046188906267843, -0.6015898543891354, 0.2796084497034842, -0.36972410226124364, 0.12078974328948475, 0.5277640917649609, -0.6187673288195498, -0.08204863076342225, -0.45611022152948266, -0.6639156626089168, 0.41504699424392344, 0.4193130717300806, -0.04835310024640546, -0.058637911305932364], [-0.02822539467621485, -0.6672627675000535, -0.3009807251277389, -0.4506662475260211, 0.7462878853449668, 0.6276161369340543, 0.11546469099009016, 0.3377041318339845, -0.1991398171061226, 0.17357154606505953, -0.38966124922411827, 0.08787558135802964, -0.37215219425033724, 0.4414046500444509, 0.08384904814158564], [-0.6250920643631812, 0.06358276015087094, -0.3525639329065461, -0.44820556792509425, 0.09454217613419785, -0.37098246209893604, -0.36383019940746475, -0.4417159519032211, 0.702494304616158, 0.5987462185021324, 0.2538807558073273, 0.47183182909774196, 0.075412039395371, 0.6298954133307587, 0.06370504435244997]], "inverted": true, "swapped": false, "error_lsq": 0.0445109065584051, "error_max": 0.2730845990347625, "target": "805.xyz", "model": "5.xyz", "model_rescale": 4.2253639853439635, "target_rescale": 4.213723120087565},
{"mapping": [4, 0, 1, 10, 2, 12, 8, 9, 6, 5, 3, 11, 13, 14], "R": [[0.40488280071240756, -0.7937800369479129, -0.45385368857182035], [-0.7658966810443668, -0.565547299360926, 0.3058733825470705], [-0.4994719127763845, 0.22376216196786533, -0.8369338702782715]], "T": [-0.011507067352641155, 0.047864140680777545, 0.013725044281179523], "aligned_model": [[0.7446192884286508, -0.2377276900012337, -0.5810757552297332, -0.007343011229228848, -0.13487193976258582, -0.36476781542940734, 0.1768506518620104, 0.5627896613910104, -0.41176858833758767, 0.44583397726350826, -0.7273678388052454, 0.08826880861246811, 0.7790670221565472, 0.041555381838610274], [-0.002337130956168866, 0.03542095596667949, -0.4193428087894572, -0.8186157850366345, -0.5245163778014899, -0.03536327711902118, -0.26110980049275284, -0.4096549031547911, 0.6171579481507878, 0.5698855523780897, 0.13109837444171268, 0.2600735442426425, 0.27330908543884846, 0.02909376936654471], [-0.26814139083588856, -0.5748036904672239, 0.0467546405702955, 0.1356437283414049, -0.4084371239803893, 0.5382826688586652, 0.5053181333335862, 0.1944439451144759, 0.02643016782637856, -0.27888325479212056, -0.26779337394395236, 0.5655855124137548, 0.32440917972652766, -0.06725093323406559]], "inverted": true, "swapped": true, "error_lsq": 0.04548246819087646, "error_max": 0.26668589366478906, "target": "805.xyz", "model": "6.xyz", "model_rescale": 3.89814844738969, "target_rescale": 4.213723120087565},
{"mapping": [1, 3, 6, 10, 11, 0, 2, 8, 9, 7, 5, 13, 14], "R": [[0.9395958737887947, -0.022826838182414433, 0.341523834333221], [0.2773351858993029, 0.6355581675148022, -0.7205213462260683], [-0.20061103813417303, 0.7717154599746078, 0.6034985171604891]], "T": [0.031312952401962774, 0.09719296866549648, -0.04828029678174796], "aligned_model": [[-0.0862419627229711, 0.04176290491069182, 0.48131641684342363, -0.3988601922841113, 0.5543662503356632, -0.3685109429003339, -0.6043101357245299, 0.17308664882816358, -0.24670902988398088, -0.5654074969558786, 0.011870078396893455, 0.2107453698086035, -0.05447610774741091], [-0.330117629437996, 0.2872677063323655, 0.5144052940850365, -0.6629633561783244, -0.0630077835398414, 0.42965983372632316, -0.10817561927895028, -0.43356780235670117, -0.3374757741563374, 0.6758992308025105, 0.7181050037019288, 0.1388405593140925, 0.134911602456379], [-0.6376598627260905, -0.7982133565730232, -0.37675693533902116, -0.10102869911260066, 0.19725788596324995, -0.40507619216708846, -0.3218973264423764, 0.21780336461389482, 0.5045004831082082, 0.15228322510893383, 0.37760351536066566, 0.8110374162408869, -0.017578487199343233]], "inverted": false, "swapped": true, "error_lsq": 0.047592072118062295, "error_max": 0.28075533381269363, "target": "805.xyz", "model": "7.xyz", "model_rescale": 3.7474275329858107, "target_rescale": 4.213723120087565},
{"mapping": [8, 2, 4, 2, 11, 7, 3, 9, 12, 12, 13, 0, 1, 10, 14], "R": [[-0.6352664145515865, -0.28682672214032795, -0.7170544010108351], [-0.7481082694106505, -0.0019886150243825784, 0.66357370551408], [-0.19175661600626448, 0.957980415706146, -0.21331414238466734]], "T": [-0.052293291876397245, 0.10776833264886854, 0.026390567267393892], "aligned_model": [[-0.17187954704845362, 0.12261475151217885, -0.49045072113412763, 0.12261475151217885, -0.49195892015917564, -0.0370605376764666, 0.5158622001349138, -0.4833791761488571, -0.3313453209965045, -0.3313453209965045, -0.7962250832104891, 0.5643486695603525, 0.29398461980343427, 0.1308140171654064, -0.07235391496428509], [-0.06761719656984089, -0.6576360267913953, -0.42596242460344025, -0.6576360267913953, 0.5172647720133023, 0.7798436397379768, 0.040292287507064845, 0.5623873297288087, 0.05721250553821671, 0.05721250553821671, -0.33208246441305034, 0.09365359713274818, -0.47153410663953266, 0.6588135955944017, 0.051473288319533655], [-0.6217987257413087, -0.27717629317304626, -0.341543383047958, -0.27717629317304626, 0.18603629080682182, -0.08297294001260719, -0.4057909423023918, -0.40699952025591285, 0.5743109010646206, 0.5743109010646206, 0.2737942755237836, 0.25826705004154205, 0.3569992661351277, 0.5143292839614271, 0.027110491890892027]], "inverted": false, "swapped": false, "error_lsq": 0.05393380409078299, "error_max": 0.3785554698661556, "target": "805.xyz", "model": "8.xyz", "model_rescale": 4.019505241142653, "target_rescale": 4.213723120087565},
{"mapping": [8, 11, 12, 10, 9, 2, 3, 13, 4, 5, 6, 0, 14], "R": [[0.8375860229785618, 0.3471667806120836, 0.42181142771432606], [-0.5271847445832646, 0.31115302752938684, 0.7907338607508693], [0.1432686259780372, -0.8846801794426834, 0.44363845743085356]], "T": [0.007288974403680232, 0.031186568723323344, 0.008921065538006857], "aligned_model": [[-0.1388087006587769, -0.5387137563540323, -0.2524224458108394, 0.5363625484931113, 0.13277772038529587, 0.7216347635235888, 0.23513074278407095, -0.4691388777307245, 0.14170102197197007, -0.21823999669106178, -0.35386322704094886, 0.45330059954324775, 0.0699803793262753], [-0.4299127240533033, -0.13237578399048458, 0.10902609177567363, -0.4192709686571138, -0.713651230630285, 0.002265326836114634, 0.7493706109917594, -0.6128274910644104, -0.5192020594493506, -0.0021198976581124074, 0.6223232558919871, 0.40422773639150367, 0.005525361730080589], [-0.36343656290322274, -0.1772681056080012, -0.5684623837995136, -0.5229042128899892, -0.026701350470772194, -0.09074287642907233, -0.16696813704911623, 0.3703347324682915, 0.5857240477367553, 0.7267749256946162, 0.07669015173620128, 0.25307387024650335, 0.08058939531119869]], "inverted": true, "swapped": true, "error_lsq": 0.05573314900589581, "error_max": 0.2947089764754517, "target": "805.xyz", "model": "9.xyz", "model_rescale": 3.877068213659057, "target_rescale": 4.213723120087565},
{"mapping": [11, 1, 8, 0, 14, 6, 12, 10, 4, 2, 7, 3, 5, 13, 15], "R": [[0.8826929027610645, -0.45270998344949176, -0.1261226002761095], [0.30135464011000856, 0.33932751919320425, 0.8910904643201796], [-0.36060868028849996, -0.8245668593894293, 0.43594824703998974]], "T": [-0.12373696027666153, 0.08522624049474613, 0.04526566037980973], "aligned_model": [[-0.20545963904873837, 0.003369388901559467, -0.6729577274946457, 0.08167023261917938, -0.5428002198742541, 0.27127600806826774, 0.45360057894600475, -0.25110299256477886, -0.06050884079787816, -0.6447435790030198, -0.5256952102702763, 0.41697303744727804, 0.46662205111424854, -0.14885695436180302, -0.09714566632754199], [0.020567215275677994, -0.7685917504448503, -0.3680837962642055, -0.45573885552447824, 0.7439121478489497, 0.5519133629143933, 0.05862946396948883, 0.5841068924114315, -0.18636233086477916, 0.16123288151938386, -0.5165030047783226, 0.10470725612333558, -0.42627941414735016, 0.6749580145874441, 0.02721719267549543], [-0.6853477055639978, 0.13327375404107683, -0.25170150150544784, -0.5014798797294375, 0.051622274808566744, -0.03518593831061486, -0.42819943125452814, -0.442696191020731, 0.6619767212170868, 0.44915976990975065, 0.42294018965333935, 0.3769500451790962, 0.07413857469821039, 0.5444889736238058, -0.01823929296361091]], "inverted": false, "swapped": false, "error_lsq": 0.04484796050961188, "error_max": 0.31116730042656243, "target": "805.xyz", "model": "10.xyz", "model_rescale": 4.260839863003843, "target_rescale": 4.213723120087565},
{"mapping": [5, 11, 12, 6, 1, 0, 7, 4, 8, 10, 2, 14], "R": [[-0.38682969807185674, 0.8231597111883545, 0.4156571598877392], [-0.7324466100114383, -0.00041618522903527633, -0.6808243461221166], [-0.5602541817535936, -0.5678097539371445, 0.6030815327643944]], "T": [-0.023670588965639856, -0.06714710207018038, -0.09578329593594734], "aligned_model": [[0.46369470835999754, 0.06861896643237732, -0.3954571933617385, -0.3997953668370156, -0.6131417751727798, -0.23273955034951932, 0.38035996441218267, 0.7376619801648355, 0.13690770236838398, -0.0596127771223912, -0.15851971527969846, 0.03092170547949614], [0.016505150967996263, -0.6596164568486733, -0.5240083935004054, -0.2748643903145629, 0.0741344742902745, 0.4907308499621774, 0.595435470385971, 0.20461629545955046, -0.42040368277654394, 0.12457837448473214, 0.531413244158496, 0.014557569263921835], [-0.6639066712444675, -0.0949263916324947, 0.14902916676168398, -0.6433687451626332, 0.3241512404944221, -0.30256587403176005, -0.4548732643926171, -0.11038794488603941, 0.37541909418535835, 0.7572222534644798, 0.28448039027271854, -0.10409517643314606]], "inverted": false, "swapped": true, "error_lsq": 0.05199444763264947, "error_max": 0.30978027392213625, "target": "805.xyz", "model": "11.xyz", "model_rescale": 3.890672605050136, "target_rescale": 4.213723120087565},
{"mapping": [0, 3, 1, 7, 2, 13, 6, 4, 5, 11, 10, 12, 9, 14], "R": [[-0.8020409987416869, -0.18732885909279798, -0.5671314969990895], [-0.03934016560097427, -0.9309101420400813, 0.3631234759932269], [-0.5959719688944485, 0.31355096236163327, 0.7392585517220401]], "T": [0.0017311404214281206, 0.02013850362329897, 0.04269096896178144], "aligned_model": [[0.517379284370901, 0.24906312438423195, 0.2759936700134023, 0.5379263455334448, 0.6765201176625114, -0.4447556316194137, -0.2875544983672539, 0.20254855042266257, -0.07705545733258817, -0.5822955052197109, 0.3735445651278893, -0.3611530190886976, 0.05455772086395659, 0.0751565680423585], [-0.1351638375139583, 0.22549639179608683, 0.6662855977894961, -0.6431519056886027, 0.2632232995179012, -0.4186558193702943, -0.13027820124633382, -0.5072538898726293, -0.7278197667375349, 0.0945827445676829, 0.6563929400744953, 0.5312770709787873, 0.09405242690901303, -0.03683453137634454], [-0.2854627283519214, -0.6610790425112169, -0.18326428244151638, 0.1038668936490701, 0.12410880603003492, 0.6595106757147505, -0.5722519378645098, 0.6216776285228632, 0.08316194449724305, 0.15630859454675206, 0.514500290469794, -0.07534763678295621, 0.7933878542487325, 0.07567337562974169]], "inverted": false, "swapped": true, "error_lsq": 0.04163258709167805, "error_max": 0.21218494911599867, "target": "805.xyz", "model": "12.xyz", "model_rescale": 4.124412569039231, "target_rescale": 4.213723120087565},
{"mapping": [5, 13, 9, 6, 4, 7, 11, 0, 8, 12, 2, 10, 14], "R": [[-0.9965438653414243, -0.08202095670536497, 0.013148654361193439], [0.03258683000982969, -0.24040642483511415, 0.9701251720308618], [-0.07640957374756091, 0.9672007617651753, 0.24224835083149854]], "T": [-0.0065386601610522566, 0.05668167878722785, -0.13522134493726828], "aligned_model": [[-0.1367486180246469, -0.06326469461993825, 0.47883479100950366, -0.613527985988197, 0.42669875722109696, 0.38180452158372047, -0.40333209421196853, 0.20134778145104335, 0.07946418224059659, -0.30615982356178856, 0.6144390944877416, 0.6428084599367467, 0.06493393598584742], [-0.3061907557797713, 0.42557261312787864, 0.5383138024803101, -0.25880569003888265, 0.0071951796717988625, -0.5713716614089711, 0.4804712066239933, -0.5107769236467344, 0.660751206703165, 0.46981153857505614, -0.11143162105414667, 0.5184951367506152, 0.005451344504166428], [0.5118147940474063, 0.6604287551152148, 0.18764525222314193, -0.2636651965311413, 0.5456254420948892, 0.2959868807407171, 0.01476345249955574, -0.31541745060955434, -0.11759158434923789, -0.5178850851868924, -0.462610704327348, -0.49680897501083865, -0.09058749973807262]], "inverted": false, "swapped": true, "error_lsq": 0.05088146979688617, "error_max": 0.34215239099156214, "target": "805.xyz", "model": "13.xyz", "model_rescale": 3.9028299243045295, "target_rescale": 4.213723120087565},
{"mapping": [4, 8, 5, 0, 14, 7, 3, 10, 1, 11, 12, 6, 2, 9, 15], "R": [[-0.7920468034751651, -0.3567490908565695, -0.49537051514778746], [-0.5850639291306243, 0.21198824348246714, 0.7827906383289557], [-0.1742471231757043, 0.9098302428465593, -0.3766256354349256]], "T": [-0.11197716854033059, -0.05495446944963833, 0.01419037046178774], "aligned_model": [[-0.02503874162594376, -0.27897809557308284, -0.45913208208372264, 0.29785294103380633, -0.7375116519402265, 0.13756781234861176, 0.46224331001771024, -0.4498640707412481, 0.0609277987254732, -0.38715608283118563, -0.6317063390386073, 0.3970261572695156, 0.2862520506905123, -0.038199272940451515, -0.09004326595756033], [0.0411548772288334, -0.7903803309524049, -0.253593315183556, -0.5382864587770674, 0.5176963036798422, 0.770262340484799, 0.006943375202378879, 0.47658919677318634, -0.11588932281662467, 0.17217849496116405, -0.37672666768604957, 0.22196278699834227, -0.6330669158877549, 0.651600604860485, 0.05524030641604091], [-0.6510674572181258, -0.15244291601104937, -0.30538420397011146, -0.520268120558768, 0.26683311208478777, -0.26396871163322166, -0.22060516627211263, -0.3841140034389265, 0.6375599010636299, 0.6611400361588907, 0.3467328951652712, 0.34379727215693695, 0.23633729882208088, 0.3243229317176668, 0.03282749471561591]], "inverted": false, "swapped": false, "error_lsq": 0.04670564008062044, "error_max": 0.31321027561456755, "target": "805.xyz", "model": "14.xyz", "model_rescale": 3.942246331269136, "target_rescale": 4.213723120087565},
{"mapping": [11, 4, 11, 13, 7, 0, 12, 8, 5, 9, 10, 5, 3, 2, 14], "R": [[-0.3098704423987782, -0.8959314047361481, -0.31825654264303604], [-0.790407860318964, 0.42878220784678894, -0.43749426576817063], [0.5284275951098534, 0.11598593122248156, -0.8410181570482715]], "T": [-0.09813242109272713, -0.02886477083874194, 0.027737863295063347], "aligned_model": [[-0.5347709340319925, -0.08144117551480712, -0.5347709340319925, 0.14356153885513617, -0.5117764231686187, 0.13112637742943756, 0.6127828247916961, -0.3117406730333311, 0.19107292443675888, -0.6404532531226601, -0.5625865792335791, 0.19107292443675888, 0.46671277278480017, 0.021798110339177834, -0.03634703358318367], [-0.2671448860390103, -0.6118024188118097, -0.2671448860390103, -0.4077095890886009, 0.7080183998640108, 0.6667668370161848, -0.07125452982229774, 0.4600620723756157, 0.07718946284458263, 0.1331309895007517, -0.510965052607033, 0.07718946284458263, -0.40864765076371334, 0.581150113167543, 0.04684695085981859], [-0.4886732329982717, -0.032003896130735746, -0.4886732329982717, -0.6497504981660531, 0.15766607582312445, -0.03748906612523571, -0.37335923176441843, -0.5327645746792188, 0.5826183241369709, 0.6002828789145799, 0.274440456203547, 0.5826183241369709, 0.2585252147032377, 0.47062207791638644, 0.027640743809951938]], "inverted": false, "swapped": false, "error_lsq": 0.05086084333525168, "error_max": 0.39981293773846827, "target": "805.xyz", "model": "15.xyz", "model_rescale": 4.355366556412066, "target_rescale": 4.213723120087565},
{"mapping": [12, 8, 11, 0, 6, 1, 5, 2, 13, 10, 4, 14], "R": [[-0.3779297219577035, 0.4017149741470476, 0.8341427964125866], [-0.7023543584498028, 0.46261045205004175, -0.541008248385015], [-0.6032142906360384, -0.7903269255188595, 0.10731202342872886]], "T": [-0.1172695072083696, -0.0009493826258945503, -0.09270546038969377], "aligned_model": [[-0.17125448589853115, 0.3472016783412091, 0.13171783928504763, -0.5525828894234448, -0.6330488915737337, -0.43951994763708485, -0.016748888389441136, -0.21759289535826684, 0.6138536130985301, 0.21244092760376665, 0.4234930107730639, -0.10015051618933438], [-0.6109961433797908, -0.33615517399707184, -0.48455132465785095, 0.442433961039304, -0.23808863535912816, -0.21040336152142924, 0.3923268033366875, 0.39533904529144703, 0.013249286950387247, -0.013826449789352761, 0.5673179053240295, 0.09613051450374888], [0.08564596931372723, 0.1182705741297011, -0.3450395556310618, 0.015044919686865499, -0.49544948088657503, 0.5366318596880723, -0.7271471431270431, 0.5022314654125188, -0.5801629732794238, 0.7177229305708448, -0.288521980170549, -0.08996812449765614]], "inverted": false, "swapped": true, "error_lsq": 0.04335532726421922, "error_max": 0.27683494721080176, "target": "805.xyz", "model": "16.xyz", "model_rescale": 3.795458400668931, "target_rescale": 4.213723120087565},
{"mapping": [1, 3, 6, 10, 11, 0, 2, 8, 9, 7, 5, 13, 14], "R": [[0.9395958737887947, -0.022826838182414433, 0.341523834333221], [0.2773351858993029, 0.6355581675148022, -0.7205213462260683], [-0.20061103813417303, 0.7717154599746078, 0.6034985171604891]], "T": [0.031312952401962774, 0.09719296866549648, -0.04828029678174796], "aligned_model": [[-0.0862419627229711, 0.04176290491069182, 0.48131641684342363, -0.3988601922841113, 0.5543662503356632, -0.3685109429003339, -0.6043101357245299, 0.17308664882816358, -0.24670902988398088, -0.5654074969558786, 0.011870078396893455, 0.2107453698086035, -0.05447610774741091], [-0.330117629437996, 0.2872677063323655, 0.5144052940850365, -0.6629633561783244, -0.0630077835398414, 0.42965983372632316, -0.10817561927895028, -0.43356780235670117, -0.3374757741563374, 0.6758992308025105, 0.7181050037019288, 0.1388405593140925, 0.134911602456379], [-0.6376598627260905, -0.7982133565730232, -0.37675693533902116, -0.10102869911260066, 0.19725788596324995, -0.40507619216708846, -0.3218973264423764, 0.21780336461389482, 0.5045004831082082, 0.15228322510893383, 0.37760351536066566, 0.8110374162408869, -0.017578487199343233]], "inverted": false, "swapped": true, "error_lsq": 0.047592072118062295, "error_max": 0.28075533381269363, "target": "805.xyz", "model": "17.xyz", "model_rescale": 3.7474275329858107, "target_rescale": 4.213723120087565},
{"mapping": [5, 6, 0, 11, 4, 9, 7, 1, 13, 2, 8, 12, 10, 14], "R": [[-0.21621603813269513, 0.25002094560783483, -0.9437903112511621], [0.21432417710665996, -0.9309238147371831, -0.29571269547100026], [-0.9525312446118261, -0.2662149092604236, 0.1476951255990206]], "T": [0.05521599705814327, 0.04380985289489034, -0.08760648103618035], "aligned_model": [[0.40728103797837156, 0.25063702016872474, 0.6454808841365931, -0.42924147806915547, 0.20316498065162375, -0.31990830787553015, 0.7561376599305677, -0.018783628948110573, -0.29402740323697973, 0.32406308041155846, -0.5222078375015007, -0.416851573829525, -0.29083279319769023, 0.11993600726392921], [-0.5569925493553473, 0.27411722175259035, 0.22441104634083445, -0.07221354045588899, -0.6875018564521196, -0.3708232026781889, -0.4019689548837224, 0.7198248812550744, -0.7553003760131493, 0.2892023503783133, -0.019636606878545515, 0.44114297796216384, 0.28366543974238984, -0.007518589203170681], [-0.3746142900933508, -0.7146912314052511, 0.04149520985153943, -0.4213392478734294, 0.22382602024183118, 0.4214720141985207, 0.11535173112397512, 0.19754175209257518, -0.19627724777000194, 0.5357417474407045, 0.09991299512774277, -0.24934471692443289, 0.6794583785279533, -0.03373839587672102]], "inverted": false, "swapped": true, "error_lsq": 0.042610286645265116, "error_max": 0.26872823070327617, "target": "805.xyz", "model": "18.xyz", "model_rescale": 3.922800546911778, "target_rescale": 4.213723120087565},
{"mapping": [1, 2, 2, 0, 4, 8, 5, 6, 7, 11, 9, 12, 3, 13, 14], "R": [[-0.810268076475875, 0.5266572264924281, 0.2570949436052546], [-0.33984614574451744, -0.7796322396362543, 0.5260020609677823], [0.4774622932407144, 0.338829952488061, 0.8106935437205951]], "T": [-0.09011434998135898, 0.11175085825742645, -0.011335914400550963], "aligned_model": [[-0.1559741433219955, -0.4730374243583523, -0.4730374243583523, 0.30776527240788304, -0.5917119296986881, 0.13260371197603116, 0.5998264773391906, -0.48401324187516653, 0.008968216749848573, -0.5160114732424244, -0.5081342206224538, 0.5925198260891875, 0.22016305296568633, -0.030702031798526264, -0.08498420089826662], [-0.004708036341147942, -0.4634134906029632, -0.4634134906029632, -0.537143085447072, 0.6172855840958594, 0.6423369787092443, 0.07769375465984987, 0.47625136052793915, -0.1681902550285476, 0.19538254590544535, -0.5093715205601199, 0.11951936494661261, -0.41058327076674583, 0.5695043414189087, 0.06453449438731523], [-0.7394037940833814, -0.20024026505839523, -0.20024026505839523, -0.35640270733765095, 0.1178989419089721, -0.21933997129236263, -0.3359210167643141, -0.44463814001505914, 0.7303018928347738, 0.5533418645033985, 0.3083663911842202, 0.3792588583893824, 0.1887746411983516, 0.49733458004733594, 0.07260935232568935]], "inverted": false, "swapped": false, "error_lsq": 0.04828146818702598, "error_max": 0.4600469690873196, "target": "805.xyz", "model": "19.xyz", "model_rescale": 3.9282355846067225, "target_rescale": 4.213723120087565},
{"mapping": [9, 8, 12, 13, 4, 11, 5, 6, 7, 0, 1, 2, 3, 14], "R": [[-0.8564332344869052, 0.39202596744928203, 0.33591331577023265], [-0.004393679186358301, -0.6561809713103322, 0.7545907688763734], [0.5162391020152435, 0.644780717558833, 0.5636976280017608]], "T": [0.038426817321320327, -0.1399037818833498, 0.030500534271521076], "aligned_model": [[-0.6303054008157554, -0.164925175172444, 0.40294449695327555, -0.4083819879497364, -0.6673443477639404, 0.20084796330482818, -0.12045769331234663, 0.6714710871125243, -0.38110026611585057, 0.07715236383381355, 0.25686226145225566, -0.2678871105107422, 0.5972770393672081, -0.03363041129841348], [-0.4556718101128588, -0.6752152452276758, -0.6598182332972298, -0.10496938012036366, 0.1820286677058422, -0.422178245235898, 0.4839500810577712, 0.12412407572817286, 0.5870935036601466, 0.2694138835491087, -0.5489214808338279, -0.18046698963490204, 0.0025552465892546006, -0.07904198640270413], [-0.12725719774114944, -0.18091587066695455, -0.030298192314587778, -0.7254749449891414, -0.19740839767798363, -0.4729659803534611, -0.3604583791986241, -0.08786494827627914, 0.1938220941057989, 0.5086804746643958, 0.6038871898250959, 0.6828697930407083, 0.5462805805125245, 0.0592869363133406]], "inverted": true, "swapped": true, "error_lsq": 0.04859661304260308, "error_max": 0.2834850549850613, "target": "805.xyz", "model": "20.xyz", "model_rescale": 4.067790424073018, "target_rescale": 4.213723120087565},
{"mapping": [8, 2, 0, 4, 9, 1, 5, 7, 11, 12, 3, 13, 6, 10, 14], "R": [[0.7942119896850249, -0.22315563030133753, -0.565180396073118], [-0.4595442415915481, -0.829120945846299, -0.3183984095107688], [-0.3975505068046105, 0.5126012308059269, -0.761047680973831]], "T": [-0.0680187180991597, -0.037071157551094594, 0.01128513976546601], "aligned_model": [[-0.023064504323176485, -0.2686763240698278, -0.6665976174475269, 0.2978841020112553, -0.42603287114175614, 0.08674905961967706, 0.4409509601459658, -0.46072792439475974, -0.02887340867902076, -0.619849628513179, -0.5057762951963835, 0.451979848219498, 0.31316749747851047, 0.02804896375806938, -0.07494139011374484], [0.07089910144176235, -0.7234757411706711, -0.23297158417821184, -0.5136534538014643, 0.6405529110693496, 0.7233429271475251, 0.0682123880830942, 0.3974921317551862, -0.08037308422421226, 0.14522193209357698, -0.5975552078023358, 0.2969377435483831, -0.6327983608913454, 0.6211418968407016, 0.02271167539027659], [-0.5468272490612397, -0.1944020117318691, -0.317020135280747, -0.5192400112615599, 0.14051898717533745, -0.2554027978146797, -0.26859226643880935, -0.45088169600574296, 0.6551988310905886, 0.5105503425155893, 0.47815873053576424, 0.34016665352088765, 0.2289157234373132, 0.489629573290587, 0.06092768881114485]], "inverted": true, "swapped": false, "error_lsq": 0.04051956220207194, "error_max": 0.24958329344375663, "target": "805.xyz", "model": "21.xyz", "model_rescale": 4.186013935880536, "target_rescale": 4.213723120087565},
{"mapping": [6, 12, 11, 7, 2, 5, 0, 1, 13, 8, 10, 4, 14], "R": [[-0.0829581890500169, -0.9888635051909562, 0.12355932571440159], [-0.00893780106218739, -0.12324343019966236, -0.9923362195469809], [0.9965129475233698, -0.08342676437497087, 0.0013857864946221765]], "T": [-0.02290133713150398, -0.07045459010243378, -0.08545101693783133], "aligned_model": [[0.07127269623522021, -0.4720715008717538, 0.030339278741558857, 0.5325375240385891, -0.3672011164498082, 0.7227929721881057, -0.02170798104772041, -0.736890649182006, 0.587688603337989, -0.2352848780453446, -0.6269184545329614, 0.5494891569394529, 0.024528384071903515], [-0.4073932345215015, 0.17958760000679236, 0.38128961291626234, -0.5042026268931012, -0.34857270625011366, -0.17613790779524255, -0.6660085932347537, -0.24791634285471753, 0.5597562113246508, 0.4991698388765455, 0.22692798016381915, 0.12513439203482868, -0.1026775642273754], [-0.6871733332147555, -0.4630827527317023, -0.4761307381067865, 0.39885495134453897, 0.4847833396436474, -0.09305597962061746, 0.12193914636850461, -0.03536742020122504, -0.03675074486705136, -0.030418904717709506, 0.4734728556472453, 0.45102824006134035, -0.005219098270083031]], "inverted": true, "swapped": true, "error_lsq": 0.05253076133222166, "error_max": 0.41559132928923886, "target": "805.xyz", "model": "22.xyz", "model_rescale": 4.166573947596378, "target_rescale": 4.213723120087565},
{"mapping": [0, 2, 1, 4, 13, 10, 8, 7, 12, 12, 6, 9, 3, 14, 15], "R": [[-0.15172790119029161, 0.9232170643561495, -0.3530565055086827], [0.2881575915987497, -0.3003602178923403, -0.909257357359111], [-0.945486037128205, -0.23969562279958156, -0.22045898032587247]], "T": [-0.03819010828086191, -0.013715668781004112, 0.06821542877265918], "aligned_model": [[-0.2046713406794118, -0.20286978741745978, -0.5252032746418683, 0.19250870220391733, -0.5257589725749083, -0.03777650442514826, 0.568912311366882, -0.19651257537683778, -0.2501873323413578, -0.2501873323413578, -0.7004276200340963, 0.4867073880928422, 0.37912597462881903, -0.094863586802868, -0.09455558230354563], [-0.1001066437572756, -0.6660068699133789, -0.3727344014841589, -0.4775592268562589, 0.6783923725246775, 0.7265179900189701, 0.07509670647082607, 0.43519863642905915, -0.024670330773046537, -0.024670330773046537, -0.3327015703780883, 0.17097391338109533, -0.4443786370285711, 0.594099178619143, -0.03176551117833169], [-0.7265023585831566, 0.08256922248173251, -0.3086436778260653, -0.4528226944367557, 0.07694472581026596, -0.04578102913517376, -0.4586793940156926, -0.4654507502574772, 0.6881497217428908, 0.6881497217428908, 0.2651852350274345, 0.293651767510451, 0.11068125905042193, 0.5715314242788594, 0.032717189391939405]], "inverted": true, "swapped": false, "error_lsq": 0.04946137058092845, "error_max": 0.3320637744098916, "target": "805.xyz", "model": "23.xyz", "model_rescale": 4.274766983524099, "target_rescale": 4.213723120087565},
{"mapping": [2, 0, 7, 4, 5, 13, 9, 11, 12, 6, 14], "R": [[0.19053441695619366, -0.9786444332331187, -0.07714732177458539], [0.48906555667182594, 0.1627693465074299, -0.8569253299528619], [0.8511824230048695, 0.12554367024813434, 0.5096344470580727]], "T": [0.14064602344474947, 0.09757939543858749, 0.07681313704925295], "aligned_model": [[0.36471252859105474, 0.19964373331331478, -0.4294657412551777, -0.5826144622422442, -0.5393801915104979, -0.5711798436310598, -0.1491303263675941, 0.10820537637219332, 0.6175651403695976, 0.28106772567781835, 0.0804707646406704], [-0.04804551700820159, 0.49181894244020985, 0.39769101321065614, -0.1415408333881085, 0.4176938354473172, -0.25824258811224887, -0.5907517582827039, -0.07452885307266655, -0.06855016717564347, 0.6891859588571357, 0.10085649832773753], [-0.5937439687519206, -0.411849450419977, -0.4854212904457015, -0.19413281113294523, 0.12557679481969158, 0.44971003583147134, -0.04163355620310068, 0.6502801264079212, 0.46646655361964645, 0.4155601875622358, -0.0012461872657437006]], "inverted": false, "swapped": true, "error_lsq": 0.04549863952992443, "error_max": 0.22970588007064174, "target": "805.xyz", "model": "24.xyz", "model_rescale": 3.7841303162186577, "target_rescale": 4.213723120087565},
{"mapping": [9, 0, 10, 8, 13, 12, 2, 14, 6, 11, 7, 4, 1, 3, 15], "R": [[0.4230012261954265, 0.9050251627011068, 0.04471484669548534], [0.17434771930154042, -0.032865196118709195, -0.9841355352076411], [-0.8891978606651709, 0.4240864696756005, -0.17169109128481072]], "T": [-0.10116306267209532, -0.03330130543191323, -0.005862896042529025], "aligned_model": [[-0.09377781566986607, -0.14114271344247264, -0.7671141770209111, 0.26912964801769923, -0.456600763438482, 0.024519200997717178, 0.5343116638130522, -0.5135764924658568, -0.02511541518979496, -0.6723726859188569, -0.5145908279963105, 0.5413004451192426, 0.38267957337566905, 0.07076967287939107, -0.09417884570661944], [0.12799490568900493, -0.7665673001787656, -0.2557765531972167, -0.4001656148116063, 0.6521782461840181, 0.6572576870536591, 0.1395800999963905, 0.4161011405835377, -0.051759381276921534, 0.16858477705233202, -0.44386286021485466, 0.034848721638653546, -0.5811591926642043, 0.5295881094303895, -0.021157509982801498], [-0.568063659943536, 0.03944226728110341, -0.34092853544253654, -0.28470276147110785, 0.11976282768221937, -0.29309825759169267, -0.3733910168482478, -0.5130626266730147, 0.7124006398490937, 0.465718640038076, 0.2827930456830806, 0.3673670033828595, 0.1311934162634882, 0.5442248503351815, 0.06204453023759787]], "inverted": true, "swapped": false, "error_lsq": 0.04598218155582313, "error_max": 0.3118941217940077, "target": "805.xyz", "model": "25.xyz", "model_rescale": 4.19342608120988, "target_rescale": 4.213723120087565},
{"mapping": [12, 8, 11, 0, 6, 1, 5, 2, 13, 10, 4, 14], "R": [[-0.3779297219577035, 0.4017149741470476, 0.8341427964125866], [-0.7023543584498028, 0.46261045205004175, -0.541008248385015], [-0.6032142906360384, -0.7903269255188595, 0.10731202342872886]], "T": [-0.1172695072083696, -0.0009493826258945503, -0.09270546038969377], "aligned_model": [[-0.17125448589853115, 0.3472016783412091, 0.13171783928504763, -0.5525828894234448, -0.6330488915737337, -0.43951994763708485, -0.016748888389441136, -0.21759289535826684, 0.6138536130985301, 0.21244092760376665, 0.4234930107730639, -0.10015051618933438], [-0.6109961433797908, -0.33615517399707184, -0.48455132465785095, 0.442433961039304, -0.23808863535912816, -0.21040336152142924, 0.3923268033366875, 0.39533904529144703, 0.013249286950387247, -0.013826449789352761, 0.5673179053240295, 0.09613051450374888], [0.08564596931372723, 0.1182705741297011, -0.3450395556310618, 0.015044919686865499, -0.49544948088657503, 0.5366318596880723, -0.7271471431270431, 0.5022314654125188, -0.5801629732794238, 0.7177229305708448, -0.288521980170549, -0.08996812449765614]], "inverted": false, "swapped": true, "error_lsq": 0.04335532726421922, "error_max": 0.27683494721080176, "target": "805.xyz", "model": "26.xyz", "model_rescale": 3.795458400668931, "target_rescale": 4.213723120087565},
