[{"mapping": [11, 5, 3, 7, 12, 10, 0, 2, 9, 8, 6, 13], "R": [[0.07251750121596956, -0.9938727226342634, -0.08341596502437759], [-0.15733071877864624, -0.09398828804530365, 0.9830631956486355], [-0.9848798185291374, -0.058165392750925055, -0.16318250561915104]], "T": [0.024011011882129313, -0.0636715015881225, 0.057833238439785675], "aligned_model": [[-0.5988682266932445, -0.23595192328064782, 0.28001533571271797, -0.4580220605198314, 0.17140861144885228, -0.5042740673500974, 0.704673887360364, 0.4021703176143805, 0.0532603232867002, -0.7052368555001297, -0.20952512731230385, -0.09824098508884851], [-0.23975283903768024, -0.754138807288518, -0.1714235381041368, 0.5177021347237731, -0.04079254906714193, 0.1877922006838264, 0.2644849401135392, 0.41677999911863245, 0.5759219290700937, 0.06394303326370858, -0.08567240550550291, 0.03738136567392382], [-0.20308563323686835, 0.22539048997485872, 0.5006103726782499, 0.025533167423168773, -0.5015148724420843, -0.7625994560220513, -0.09844802817919111, 0.5241165647194549, -0.29826772056684, 0.3078156578929903, 0.7855166284554091, 0.020649512024504407]], "inverted": false, "swapped": false, "error_lsq": 0.04719127525438186, "error_max": 0.23542436615590806, "target": "807.xyz", "model": "0.xyz", "model_rescale": 3.8414455957264533, "target_rescale": 3.7584924826256145},
{"mapping": [4, 2, 9, 10, 0, 1, 13, 8, 12, 5, 6, 14], "R": [[0.014024031752482069, -0.6719253205933413, -0.7404861174113536], [-0.37136381993401524, -0.6910889424934782, 0.6200685339599668], [-0.9283815162838077, 0.2662938923610184, -0.25922060703924876]], "T": [-0.08292664169267774, 0.0039594818445935764, -0.00356540348287835], "aligned_model": [[-0.35405520752611275, -0.4105953702740808, 0.4296896018857549, -0.44254169726960424, 0.16221019923670418, -0.47522443101620426, 0.6359833992866408, 0.33423825015318254, 0.053377380244418654, -0.6854755018751308, -0.30999949110352953, -0.13619790206412646], [-0.40043368487348074, -0.5540631537083476, -0.25346653311282863, 0.5274141697327381, -0.2936734413267651, 0.25465482014949214, 0.18672525034957949, 0.5153565676528453, 0.7518712092851187, 0.011386841132891817, -0.029430437023483386, 0.05588385538675749], [-0.24599622320063458, 0.3511861576677764, 0.36584779827921277, 0.25149047655269213, -0.6174383070800333, -0.7327788036702366, -0.16044761242075037, 0.43088697726630165, -0.0694350127710325, 0.26327254436060693, 0.7429935078979065, -0.053864820160207764]], "inverted": true, "swapped": false, "error_lsq": 0.043660078787294686, "error_max": 0.21522326163884187, "target": "807.xyz", "model": "1.xyz", "model_rescale": 4.316132596720782, "target_rescale": 3.7584924826256145},
{"mapping": [0, 5, 3, 1, 4, 2, 6, 10, 8, 9, 7, 11], "R": [[0.3392710034466342, -0.6735616249896059, 0.6566657624405856], [-0.9353572676874493, -0.1673359066787341, 0.3116175157469099], [-0.10000983953883508, -0.7199398805993231, -0.6867929821409424]], "T": [-0.14210845745651748, 0.08122162415122484, 0.07791557904910956], "aligned_model": [[-0.6023723148882305, -0.3424695388949836, 0.32240601631147325, -0.5516702273701973, 0.18634923686638236, -0.23762035897707243, 0.6411153264432342, 0.11669038376714622, 0.014774842860850346, -0.7107880582585365, 0.00587706121919554, -0.04088313940134941], [-0.26839993313963234, -0.5132090187392133, -0.3246079353015204, 0.4206741145494177, -0.350503478373485, 0.31589128236887815, 0.20970769693599367, 0.5568954846280122, 0.7773788684695662, 0.07615233335765521, -0.17360107747502246, 0.04584712636386763], [-0.3341960645695107, 0.22713866625302412, 0.30273924589392526, -0.029919604413645787, -0.4698605705109606, -0.71991462213717, -0.13690480274370892, 0.40039555800856086, -0.20099092334464097, 0.553866542021682, 0.922679922980562, 0.010683335283483739]], "inverted": true, "swapped": false, "error_lsq": 0.051300916817379326, "error_max": 0.2803933934970688, "target": "807.xyz", "model": "2.xyz", "model_rescale": 3.795458400668931, "target_rescale": 3.7584924826256145},
{"mapping": [1, 0, 4, 6, 7, 8, 9, 5, 3, 2, 10, 11], "R": [[-0.7959340924001106, -0.6028841425248479, 0.05495117148243217], [0.06397489868662437, -0.17402705598190532, -0.9826605701483637], [0.6019934658227188, -0.778617553410113, 0.1770835187938205]], "T": [-0.14039012605918483, 0.009868946217248292, 0.07817254112060663], "aligned_model": [[-0.6231974572338874, -0.24239425622154964, 0.30923922252601, -0.47458594788598624, 0.2595961609220758, -0.24410553463289972, 0.5543964729649749, 0.2875088695519069, 0.012918293846473416, -0.8074322822651718, -0.13780068617968808, -0.09273362571434611], [-0.21958301172370592, -0.7568276902925285, -0.2901686492967237, 0.46884817293658376, -0.3881932624363794, 0.371369428618043, 0.3716635837528146, 0.46273441513773206, 0.7602416636864147, 0.11753016837844146, -0.007150526786641326, -0.11823882832953309], [-0.2542695168694666, 0.19640692347259203, 0.4227964281230082, -0.07977529436482693, -0.43647272008823085, -0.6067533324450775, -0.29723505719650667, 0.4031955128682562, -0.14656583744419976, 0.4403729476662154, 0.8121441807225354, 0.07187244827730248]], "inverted": true, "swapped": false, "error_lsq": 0.055200755018448594, "error_max": 0.2717913573538115, "target": "807.xyz", "model": "3.xyz", "model_rescale": 3.7530521520055578, "target_rescale": 3.7584924826256145},
{"mapping": [1, 10, 9, 3, 0, 7, 4, 2, 6, 8, 11], "R": [[-0.7158164583017177, 0.5530684024967498, -0.4262887990366139], [0.4400323417812475, 0.8312837573421795, 0.33961574310620524], [0.5421976910785371, 0.05552167989859305, -0.8384145793402816]], "T": [-0.08629768475146132, -0.08717621442953527, 0.1449048002010299], "aligned_model": [[-0.4200181376243178, -0.30717261441816457, 0.31038403486049265, 0.5658459804730234, 0.1672899076842621, -0.20361821334450356, -0.058074241215276046, -0.6037083369080414, -0.4125568128825264, 0.30945496337704653, -0.009626927556789802], [-0.6171909650070222, 0.03324374022368923, -0.17189262866631308, 0.21429996000895413, -0.7687338648012383, 0.640610465092655, -0.432856126497428, 0.005810748818330463, 0.3025881013257947, 0.4139922943161709, -0.1526683664992466], [-0.2797923478732115, -0.5945507567835935, -0.5410459814141911, -0.1870026517336242, 0.08726970848527693, -0.22067365425004562, 0.6081575637507949, 0.06628011160416705, 0.6762601384537971, 0.3835730878886542, 0.09435555911729193]], "inverted": false, "swapped": true, "error_lsq": 0.04841777719929318, "error_max": 0.20785656746399844, "target": "807.xyz", "model": "4.xyz", "model_rescale": 3.7855080009869324, "target_rescale": 3.7584924826256145},
{"mapping": [2, 3, 10, 4, 14, 12, 8, 7, 6, 0, 5, 16], "R": [[-0.48918489341800164, -0.8176613098289502, -0.30352614790232496], [0.7654221445912652, -0.23563615755539633, -0.5988359890836865], [0.4181232839975872, -0.5252671545616898, 0.7411257219377421]], "T": [-0.0429105355791977, 0.08788032109391963, -0.10105114144050992], "aligned_model": [[-0.523155399191269, -0.2690142161024818, 0.43912881489812405, -0.40991091519309775, -0.038723088763037886, -0.3112199229731295, 0.6408935927051296, 0.1837140685263874, 0.07312188564092346, -0.7150361961100888, -0.22256834910088913, -0.045821044658658404], [-0.4585808685628068, -0.47053946952177295, -0.1986823693092289, 0.5919000367084886, -0.3657220071016059, 0.1638268515403805, 0.2540910449428869, 0.4570352963795751, 0.729421615766991, 0.05672500824560167, -0.0293983664757147, 0.04214869103172267], [-0.22962301531605867, 0.24458026410851008, 0.36422744514455496, 0.29678755891481046, -0.6029722424889017, -0.7217825327520746, -0.11083803995505592, 0.510287852008904, -0.06882828430526489, 0.293601017121622, 0.679379524347203, -0.1291028641066475]], "inverted": true, "swapped": false, "error_lsq": 0.0425303438085663, "error_max": 0.22032881364869833, "target": "807.xyz", "model": "5.xyz", "model_rescale": 4.2253639853439635, "target_rescale": 3.7584924826256145},
{"mapping": [5, 6, 7, 1, 11, 8, 12, 0, 9, 4, 3, 13], "R": [[-0.911088433824496, -0.1923465360470319, -0.364582879222181], [-0.24869839406331326, -0.44885349787511536, 0.8583004405425896], [-0.3287354172302651, 0.8726587806903578, 0.36110895577714747]], "T": [-0.23365365153629333, 0.0732820541147503, 0.0012679207133937179], "aligned_model": [[-0.506450598149351, -0.024307042918491423, 0.3806533810252174, -0.6233722756417641, 0.1649129038452448, -0.3829480461351792, 0.6808929388297057, 0.14689790555617546, 0.0340045413380963, -0.676589031913548, -0.16019446130109913, -0.23209098485709465], [-0.36034767814830937, -0.5195975762068104, -0.12344161610008625, 0.6896868530836939, -0.3602115533947784, 0.33968779451486397, -0.05782669983084088, 0.5731773419156039, 0.5816443432906856, 0.20114030189190568, -0.23557004585490726, 0.04388399848349665], [-0.37060349209854165, 0.13686183478443062, 0.4631314106642526, 0.08415519230355933, -0.5074380670564169, -0.671490610129516, -0.13199420127853612, 0.49961304505554965, -0.2049438689990327, 0.5382705552431867, 0.6354789269350332, 0.054675957297632714]], "inverted": true, "swapped": false, "error_lsq": 0.04996126491879957, "error_max": 0.2995523368283969, "target": "807.xyz", "model": "6.xyz", "model_rescale": 3.89814844738969, "target_rescale": 3.7584924826256145},
{"mapping": [9, 5, 6, 4, 8, 11, 3, 0, 7, 2, 1, 12], "R": [[0.522584842800184, 0.8209741184334385, 0.23001430159437058], [-0.828603538804207, 0.5525919091087717, -0.08976835449460172], [-0.20080153773478, -0.14367908285468098, 0.969038215754872]], "T": [-0.13636276470516046, 0.15022121330837773, 0.014220016756144954], "aligned_model": [[-0.37963474048905527, -0.29002221054190824, 0.31717452823791775, -0.5601189680615415, 0.18487825808418518, -0.4168991893013693, 0.6678433294100428, 0.18389154121957557, 0.15377905594180913, -0.6392196751330197, -0.1160428113270214, -0.3042198883617028], [-0.6490619104099742, -0.5287706096720017, -0.3395174839212943, 0.6357450581486087, -0.08591705433130956, 0.21631660353576193, 0.21990829412492024, 0.32782726393075023, 0.7025925695849584, 0.2485379667974884, -0.12606320322636433, 0.1506279690829738], [-0.30186717528403884, 0.3576373766198431, 0.12301240331617233, 0.00032524821475751753, -0.5323416871237706, -0.7422659930870481, -0.013676320371680734, 0.4799491846072662, -0.19066602040302488, 0.5031132445055952, 0.8130007330410388, 0.029495688686491217]], "inverted": true, "swapped": false, "error_lsq": 0.054112680098835936, "error_max": 0.2577609206494122, "target": "807.xyz", "model": "7.xyz", "model_rescale": 3.7474275329858107, "target_rescale": 3.7584924826256145},
{"mapping": [11, 10, 0, 8, 12, 13, 1, 3, 2, 5, 6, 14], "R": [[-0.07230128136418196, 0.33652758093330626, -0.938893876848856], [0.6365070223909528, -0.7091728117718701, -0.30320411192888397], [-0.7678745569167538, -0.6195345917015104, -0.16292806549254307]], "T": [-0.17050393191884278, 0.04141624126245522, -0.01971127871733918], "aligned_model": [[-0.5918554250126365, -0.10857771428927442, 0.3458927680328138, -0.492836275529661, -0.021481055767117868, -0.2504272229362098, 0.5524591249014472, -0.010189444406668774, 0.21150696110753003, -0.5709689323652805, -0.11157122493835467, -0.1505423291186754], [-0.3602499082264441, -0.6875434970055809, -0.10972044840205636, 0.6355544509114188, -0.3326868921862036, 0.14421078578783386, 0.19513174988602447, 0.4147961881428126, 0.7853362515150475, 0.20610789424361178, -0.19731994151784207, 0.07860883049589551], [-0.23790197332244584, 0.18040419605298924, 0.3606903339806795, 0.07145869415754011, -0.48713148231012177, -0.9091815580754199, -0.15571782610205992, 0.57106889812168, -0.11583719512297111, 0.5508374982313603, 0.7590506036813753, -0.06202350657100492]], "inverted": false, "swapped": false, "error_lsq": 0.051110198212094886, "error_max": 0.2765359838231144, "target": "807.xyz", "model": "8.xyz", "model_rescale": 4.019505241142653, "target_rescale": 3.7584924826256145},
{"mapping": [11, 8, 4, 1, 5, 6, 3, 0, 2, 9, 7, 12], "R": [[-0.4531886142426312, 0.609195979623145, 0.6507690360887195], [0.6768732846051047, -0.23987506202093745, 0.69591846591993], [0.5800539944770151, 0.7558705001727801, -0.30363983674710865]], "T": [-0.21231881563792604, 0.14588350920173337, -0.03131932933163822], "aligned_model": [[-0.4815392128045825, -0.3346753013560865, 0.43395143323730073, -0.5347397792916314, 0.17247179769247106, -0.35572563343886465, 0.632964034280197, 0.17115066269367374, 0.13822020772033394, -0.7832751623206888, -0.05646467860173249, -0.20092913813247842], [-0.36277277887815934, -0.42801368267169676, -0.20841239699677422, 0.6713628936797738, -0.23202022059729044, 0.26652058761108893, 0.19008422893032895, 0.3677705472118279, 0.5734775213504691, -0.09284179224856273, -0.08618702790587301, 0.11325758415938485], [-0.2680442379052874, 0.3030574565680336, 0.3486857331515503, 0.244762978786344, -0.43088118191363933, -0.7334183379393707, -0.1796568085859966, 0.4444572775147762, -0.24169498404064307, 0.2591271236688782, 0.8297478828248734, -0.05042621940791747]], "inverted": true, "swapped": false, "error_lsq": 0.04576146173533271, "error_max": 0.2521447888937634, "target": "807.xyz", "model": "9.xyz", "model_rescale": 3.877068213659057, "target_rescale": 3.7584924826256145},
{"mapping": [11, 8, 2, 5, 10, 12, 13, 4, 3, 1, 7, 15], "R": [[0.23688080918957782, 0.08301413979591304, -0.967985606727515], [-0.5345338523008865, 0.8431197860010002, -0.05850288196321307], [0.8112712511743929, 0.5312792853552378, 0.24409276509221434]], "T": [-0.0032471279111791485, 0.025935119839071714, -0.052037661981165044], "aligned_model": [[-0.44932267896796474, -0.35888986359575886, 0.4403002574142307, -0.5502308599416099, 0.13379786695293727, -0.46569632070248557, 0.7415829896818544, 0.12610635062002268, 0.043871438333028354, -0.6413549496616198, -0.12686916460734934, -0.09188583584737312], [-0.4242326439594534, -0.5625312407966654, -0.207210311733091, 0.5779823503503659, -0.3758138458074925, 0.2664130970201745, 0.22526915598830136, 0.42482367553551714, 0.6571459721913582, 0.2421738138578527, -0.07092943472290661, 0.019134875720556555], [-0.4302186549590308, 0.29803164938876436, 0.38300748815560787, 0.03191526781524726, -0.6203924960808567, -0.5873004967558989, -0.10800670630458026, 0.47923089296186244, -0.09801638875796095, 0.4947400307179742, 0.7489750841904603, -0.06624898764998732]], "inverted": true, "swapped": false, "error_lsq": 0.04018302676171209, "error_max": 0.20916471251604377, "target": "807.xyz", "model": "10.xyz", "model_rescale": 4.260839863003843, "target_rescale": 3.7584924826256145},
{"mapping": [5, 4, 2, 7, 3, 0, 1, 8, 7, 10, 9, 11], "R": [[-0.12897847112137775, -0.9915901898606863, -0.010651260922561072], [0.9844594697914033, -0.12932709098181414, 0.11880259204331803], [-0.11918098139057845, 0.004837242006569542, 0.9928607630300177]], "T": [-0.1323636235060376, 0.032786402560940925, 0.05483401531219195], "aligned_model": [[-0.5084037805096052, -0.27980061998432393, 0.454267197102862, -0.24971281452435246, 0.17406021219866719, -0.23342661744995608, 0.48351139698325063, 0.16769777581023437, -0.24971281452435246, -0.6644030280818555, -0.18403000876414224, -0.10863766857851417], [-0.43898489944306984, -0.6086633888820739, -0.2884506583507682, 0.6605046317137476, -0.3641455232859788, 0.38857463586708785, 0.2768740743770662, 0.40882551838588366, 0.6605046317137476, 0.1506936268864774, -0.15266038764921994, 0.07915320231161765], [-0.24952850073416777, 0.3756257791222934, 0.2065843271734373, -0.09282986462754436, -0.447542885598109, -0.7409267990981498, -0.23564801639716187, 0.5879110707823176, -0.09282986462754436, 0.36526234918759315, 0.8285738512986305, 0.021065236240006655]], "inverted": false, "swapped": false, "error_lsq": 0.05308756958410921, "error_max": 0.3357088513694107, "target": "807.xyz", "model": "11.xyz", "model_rescale": 3.890672605050136, "target_rescale": 3.7584924826256145},
{"mapping": [3, 7, 12, 6, 4, 1, 10, 9, 11, 8, 5, 13], "R": [[-0.00637125241122974, 0.8119518874655599, 0.5836895918070046], [-0.6718708483784824, 0.42884611455557076, -0.6038878812575802], [-0.740640918557631, -0.3960115433566369, 0.5427945166325869]], "T": [-0.15485617085316844, 0.19279826971076403, -0.024339012152360735], "aligned_model": [[-0.5913141209600676, -0.13074659232621377, 0.37595182175345604, -0.48348674328062685, 0.08186905096461347, -0.4938962690150905, 0.722094095536624, 0.13403855163301787, 0.20386742267588776, -0.792380327549173, -0.127388116685274, -0.09719954306924125], [-0.5786489538291779, -0.5703217891040264, -0.20508510916684203, 0.6560817590724795, -0.2707915740585572, 0.5286255313909038, 0.07547792004748516, 0.5772742721962743, 0.5833328947361814, -0.03394766240204125, -0.02515501359077843, 0.035383188352616335], [-0.2840249668804403, 0.3551747218997349, 0.31487159874142917, 0.07276247749837464, -0.4934900218863269, -0.638806385200769, -0.15370156576166638, 0.5876564607506608, -0.1711799260595867, 0.22333068267822684, 0.7217937200966453, -0.008670113154681351]], "inverted": false, "swapped": false, "error_lsq": 0.03939532504100903, "error_max": 0.2538912107564901, "target": "807.xyz", "model": "12.xyz", "model_rescale": 4.124412569039231, "target_rescale": 3.7584924826256145},
{"mapping": [7, 9, 8, 0, 10, 5, 2, 1, 4, 3, 6, 12], "R": [[-0.6221655185248569, -0.7724414511465033, -0.12745301922426466], [-0.01014266666493685, 0.17073826887177374, -0.985264213221811], [0.7828200264886052, -0.6117047066137016, -0.1140620797418026]], "T": [-0.19028493624921894, 0.03904491287460253, 0.050922541725227075], "aligned_model": [[-0.4711682555980516, -0.29616152299931087, 0.35953607501117046, -0.48328503112808036, 0.20165739315263026, -0.5302687889655893, 0.6515473573781771, 0.2406938079066303, 0.13972103218827597, -0.7698263723241338, -0.14363135666312632, -0.09740510828068023], [-0.33637549011821805, -0.5589148353197074, -0.26005179609453266, 0.5398401558065901, -0.2222029292863414, 0.28401745978278825, 0.1839908680646316, 0.5137419260315714, 0.6170915910832024, 0.04689861717247655, -0.06209092439230762, 0.026280820914364053], [-0.3653006633514891, 0.250611199184633, 0.40182727973666793, 0.06198881714631151, -0.517179955793323, -0.5800650256845143, -0.0617920231233704, 0.5527037357674436, -0.3676874848593751, 0.4666429032267467, 0.7106253541462482, -0.026657453674377732]], "inverted": true, "swapped": false, "error_lsq": 0.03747594962971056, "error_max": 0.24669095812490588, "target": "807.xyz", "model": "13.xyz", "model_rescale": 3.9028299243045295, "target_rescale": 3.7584924826256145},
{"mapping": [6, 9, 10, 12, 3, 2, 4, 13, 8, 11, 14, 15], "R": [[0.17050880638159233, -0.843162907256467, 0.5099049507242968], [0.928637969975463, -0.0355301699566683, -0.3692819082255474], [0.3294818168976491, 0.5364829157109041, 0.7769348836834085]], "T": [-0.07265021734680965, 0.08724662045153736, -0.07820665795018647], "aligned_model": [[-0.409389419040489, -0.3004985525459031, 0.4147030414034705, -0.39518358237431517, 0.11713616177235353, -0.3966622551662231, 0.5892613397649951, 0.10400790823455175, 0.017905980818232192, -0.661110174105361, -0.19907105931965685, -0.07969015976374282], [-0.43830785291303404, -0.5631088269384001, -0.15484384616527924, 0.6198099613289556, -0.26184693936996817, 0.3455698556240585, -0.003788993230896723, 0.5031106244443848, 0.8042831016268595, 0.00942861354377389, -0.06990398227597724, -0.018176252029959553], [-0.3123166060908594, 0.2767135931780046, 0.43094126673154, 0.23258073780196267, -0.5586275796741861, -0.6868404354173082, -0.19199981014309092, 0.5763927528686372, -0.3505399449263281, 0.36169779239165034, 0.7834035274354136, -0.035688611433834366]], "inverted": false, "swapped": false, "error_lsq": 0.037499461284547606, "error_max": 0.22283065152651854, "target": "807.xyz", "model": "14.xyz", "model_rescale": 3.942246331269136, "target_rescale": 3.7584924826256145},
{"mapping": [8, 0, 5, 13, 6, 11, 9, 3, 4, 12, 1, 14], "R": [[0.6739754966745127, 0.37928104125322276, -0.6339581387033493], [0.7245712007406935, -0.506723746995056, 0.46714839107983663], [-0.14406111529324447, -0.7741943786783534, -0.6163355085367912]], "T": [0.0023928629709235316, 0.07196172779672588, -0.023761771497596722], "aligned_model": [[-0.49196958652554956, -0.20252077140878452, 0.4101094388626546, -0.6786234655956878, 0.062235593494083405, -0.3060145288268463, 0.7098593417507214, 0.05706617830663921, -0.005096875011814356, -0.6146355601610823, -0.1128487886504457, -0.026151746555975568], [-0.39291801542837634, -0.5967352325211173, -0.04828694505947301, 0.5147861711695305, -0.13826037652248918, 0.309132785896407, -0.17230940393498523, 0.4793656165124182, 0.6570660329490627, 0.1991328681348068, -0.04042392357376989, 0.0016758860225030425], [-0.3956939147100396, 0.2033334961220384, 0.4474993117763772, -0.05621356778894492, -0.5385577541912794, -0.6260455871035987, -0.32038459890267745, 0.5657980902214484, -0.05926997955933443, 0.4969873852708909, 0.7704235109637613, 0.03784029062295965]], "inverted": false, "swapped": false, "error_lsq": 0.05288506131069592, "error_max": 0.3754682128682092, "target": "807.xyz", "model": "15.xyz", "model_rescale": 4.355366556412066, "target_rescale": 3.7584924826256145},
{"mapping": [0, 5, 3, 1, 4, 2, 6, 10, 8, 9, 7, 11], "R": [[0.3392710034466342, -0.6735616249896059, 0.6566657624405856], [-0.9353572676874493, -0.1673359066787341, 0.3116175157469099], [-0.10000983953883508, -0.7199398805993231, -0.6867929821409424]], "T": [-0.14210845745651748, 0.08122162415122484, 0.07791557904910956], "aligned_model": [[-0.6023723148882305, -0.3424695388949836, 0.32240601631147325, -0.5516702273701973, 0.18634923686638236, -0.23762035897707243, 0.6411153264432342, 0.11669038376714622, 0.014774842860850346, -0.7107880582585365, 0.00587706121919554, -0.04088313940134941], [-0.26839993313963234, -0.5132090187392133, -0.3246079353015204, 0.4206741145494177, -0.350503478373485, 0.31589128236887815, 0.20970769693599367, 0.5568954846280122, 0.7773788684695662, 0.07615233335765521, -0.17360107747502246, 0.04584712636386763], [-0.3341960645695107, 0.22713866625302412, 0.30273924589392526, -0.029919604413645787, -0.4698605705109606, -0.71991462213717, -0.13690480274370892, 0.40039555800856086, -0.20099092334464097, 0.553866542021682, 0.922679922980562, 0.010683335283483739]], "inverted": true, "swapped": false, "error_lsq": 0.051300916817379326, "error_max": 0.2803933934970688, "target": "807.xyz", "model": "16.xyz", "model_rescale": 3.795458400668931, "target_rescale": 3.7584924826256145},
{"mapping": [9, 5, 6, 4, 8, 11, 3, 0, 7, 2, 1, 12], "R": [[0.522584842800184, 0.8209741184334385, 0.23001430159437058], [-0.828603538804207, 0.5525919091087717, -0.08976835449460172], [-0.20080153773478, -0.14367908285468098, 0.969038215754872]], "T": [-0.13636276470516046, 0.15022121330837773, 0.014220016756144954], "aligned_model": [[-0.37963474048905527, -0.29002221054190824, 0.31717452823791775, -0.5601189680615415, 0.18487825808418518, -0.4168991893013693, 0.6678433294100428, 0.18389154121957557, 0.15377905594180913, -0.6392196751330197, -0.1160428113270214, -0.3042198883617028], [-0.6490619104099742, -0.5287706096720017, -0.3395174839212943, 0.6357450581486087, -0.08591705433130956, 0.21631660353576193, 0.21990829412492024, 0.32782726393075023, 0.7025925695849584, 0.2485379667974884, -0.12606320322636433, 0.1506279690829738], [-0.30186717528403884, 0.3576373766198431, 0.12301240331617233, 0.00032524821475751753, -0.5323416871237706, -0.7422659930870481, -0.013676320371680734, 0.4799491846072662, -0.19066602040302488, 0.5031132445055952, 0.8130007330410388, 0.029495688686491217]], "inverted": true, "swapped": false, "error_lsq": 0.054112680098835936, "error_max": 0.2577609206494122, "target": "807.xyz", "model": "17.xyz", "model_rescale": 3.7474275329858107, "target_rescale": 3.7584924826256145},
{"mapping": [2, 7, 11, 4, 1, 0, 3, 5, 8, 9, 12, 13], "R": [[-0.8595879366905305, 0.11941429034443088, -0.496838813256022], [-0.23641607262515765, -0.9549255450915103, 0.17951223895929252], [-0.45300774794766213, 0.2717672360554486, 0.8490739365368422]], "T": [-0.0693738018517513, 0.05177858266264367, 0.06972950201195455], "aligned_model": [[-0.5525562671649016, -0.1555688268019598, 0.4993717479060947, -0.5232870358911055, 0.14662135881938265, -0.3266723833620582, 0.5289724771835109, -0.09841395895251637, 0.16892444938615592, -0.636767321227854, -0.10760166958429995, -0.14161334063253683], [-0.2862934319891737, -0.6504153406513821, -0.3657388766383531, 0.7448383769125747, -0.35984989300463815, 0.3027763439528758, 0.1339706200288853, 0.5527415687778302, 0.6895305720896533, 0.0557812494468621, -0.08991064038051771, 0.04479491509990069], [-0.3253334574424215, 0.3284057354988871, 0.22446906584596632, 0.016281213182627097, -0.4425463078758027, -0.6852141744043359, -0.23981109414221152, 0.5907023347858065, -0.1612267593397276, 0.4243740264088353, 0.8030096105077107, -0.007393510303732434]], "inverted": false, "swapped": false, "error_lsq": 0.04580357046928915, "error_max": 0.30647861484917416, "target": "807.xyz", "model": "18.xyz", "model_rescale": 3.922800546911778, "target_rescale": 3.7584924826256145},
{"mapping": [12, 13, 11, 1, 3, 0, 9, 10, 2, 8, 4, 14], "R": [[-0.9617526042092935, -0.27198993967920393, -0.03245613978811289], [-0.10224172181143984, 0.24652509467905287, 0.9637281816023212], [-0.25412311704698304, 0.9301864600212085, -0.2649048715587132]], "T": [-0.2274831435032687, 0.04962402194767742, 0.06006924438473121], "aligned_model": [[-0.43438277022399824, -0.20979997232226316, 0.32240379841420763, -0.5459558925996395, -0.034073792008154025, -0.33795126645972406, 0.5437045726326208, 0.3172476329311843, 0.20388528022148245, -0.764313135754333, -0.10178351315362077, -0.15757171199985046], [-0.5861337593800892, -0.5527795741910043, -0.24427775502297241, 0.7147525772348754, -0.0739924619725088, 0.37476594302088295, 0.1982863915211652, 0.4354125079486341, 0.5810891097795534, -0.06861841068090752, -0.001542210053967187, -0.0047368945591442085], [-0.3541995482011115, 0.38963101346050355, 0.40429258666550283, -0.004445381557071956, -0.5369743312800228, -0.7018508043396616, -0.15420206090109195, 0.5128785558365981, -0.15110628974947277, 0.3288125058210245, 0.771018439985149, 0.021861996981256092]], "inverted": true, "swapped": false, "error_lsq": 0.04298498670764816, "error_max": 0.20668139898278273, "target": "807.xyz", "model": "19.xyz", "model_rescale": 3.9282355846067225, "target_rescale": 3.7584924826256145},
{"mapping": [6, 5, 1, 12, 4, 8, 0, 10, 11, 7, 2, 13], "R": [[0.7236603680531852, 0.6869873514512176, -0.06606096165792819], [-0.06108064540125496, -0.031591465937935784, -0.9976327651181365], [-0.6874480536495067, 0.7259823401612013, 0.019100138941152853]], "T": [-0.19361059105352246, 0.04039354530341618, -0.048960077311503], "aligned_model": [[-0.5282041156426436, -0.22970693725187213, 0.35469633025501984, -0.6120293058372361, 0.14177044883776901, -0.4497785601607684, 0.6041783575784729, 0.14551916292484474, 0.26773491796902965, -0.71219566999337, -0.11951810433776801, -0.06105729466356635], [-0.48027304037898827, -0.5906123350487725, -0.26002654641062195, 0.7130901102125303, -0.009225874918156893, 0.21336207064003188, 0.07229688535021875, 0.5899955319938874, 0.537044701066129, 0.036814220032054305, -0.08775415758642743, 0.03751389869263268], [-0.25823868088559254, 0.24805639529680248, 0.36408723819398464, 0.25958401345315435, -0.5822754775749147, -0.744000680423675, -0.10103654542669274, 0.5212705910885093, -0.28104006806951404, 0.29622752488645654, 0.7614747936165749, 0.04160757856650805]], "inverted": true, "swapped": false, "error_lsq": 0.0439364160308954, "error_max": 0.25335023263002393, "target": "807.xyz", "model": "20.xyz", "model_rescale": 4.067790424073018, "target_rescale": 3.7584924826256145},
{"mapping": [2, 3, 11, 7, 6, 4, 13, 9, 5, 0, 12, 14], "R": [[0.06830716912837137, -0.1139410998471269, -0.9911364973661778], [0.040152784814272466, -0.9923379745720382, 0.11684647232126424], [-0.9968559998903188, -0.047778342247218025, -0.06320874539793442]], "T": [-0.06622992529206485, 0.1517009615845304, 0.01288866246589726], "aligned_model": [[-0.5920834937870554, -0.2463422805334738, 0.37303153092638175, -0.4620231781477402, 0.0976332799784823, -0.36735254877871554, 0.612901192431678, 0.04770649302628713, 0.11213432533971061, -0.7429593988256932, -0.016412471901921286, -0.014824220050028356], [-0.2862291385555698, -0.6466996951231835, -0.26926579355437724, 0.6950749926263142, -0.36742394201057194, 0.18015113228618435, 0.30352791176187577, 0.5251671237949913, 0.4995156055953594, 0.09074738347421454, -0.11814585533310556, 0.16580573868238546], [-0.2793735202250871, 0.24496827705732113, 0.23167764328489723, 0.3365494734889686, -0.48832495179573676, -0.7293971639836196, -0.06361628650045069, 0.6848941815901569, -0.42946559417245755, 0.21972171226066972, 0.7282310865082773, 0.06985182520866229]], "inverted": true, "swapped": false, "error_lsq": 0.05332248561832961, "error_max": 0.2786307205312238, "target": "807.xyz", "model": "21.xyz", "model_rescale": 4.186013935880536, "target_rescale": 3.7584924826256145},
{"mapping": [7, 4, 11, 0, 9, 1, 8, 5, 2, 6, 3, 12], "R": [[-0.5798795001392605, -0.7640011277908916, -0.2829170232638669], [-0.4848081234578384, 0.044510259802609586, 0.8734872181100269], [-0.6547525095389334, 0.6436778025585085, -0.3962045402893801]], "T": [-0.07986817979367433, 0.004207523996035155, -0.016455264530805654], "aligned_model": [[-0.663432847974208, -0.28345584080085584, 0.3975791751619916, -0.5528537986182116, 0.20911483717160473, -0.4391491376646429, 0.6455799369855815, 0.0704434045240111, 0.21682174820433797, -0.5327483385608908, -0.1846360812519563, -0.08185382749884947], [-0.32926807774334377, -0.6205157437403639, -0.2778868185162605, 0.5501681561187081, -0.19730777703288527, 0.28950782064941566, 0.16281948531224638, 0.5696589462880152, 0.6745162958690064, -0.02499726301790784, -0.010857657965035052, -0.013611902577077659], [-0.3106831370662882, 0.29320430952245397, 0.28592327948356927, -0.016638468658931767, -0.5276608587834517, -0.586230808032945, -0.20681126336580943, 0.48971653709660684, -0.12763277952225885, 0.3058791754963899, 0.900679066880409, 0.0259716296718574]], "inverted": true, "swapped": false, "error_lsq": 0.04239395983443082, "error_max": 0.22200137405787804, "target": "807.xyz", "model": "22.xyz", "model_rescale": 4.166573947596378, "target_rescale": 3.7584924826256145},
{"mapping": [6, 2, 3, 7, 12, 13, 9, 8, 10, 0, 4, 15], "R": [[0.6388310718810091, -0.616947258645339, 0.45964218871787904], [-0.6433460997851438, -0.10075306604950904, 0.7589167382347467], [-0.42190124139495594, -0.7805286027632968, -0.46127480180232117]], "T": [-0.025928546666279778, -3.9312469432006836e-05, -0.0245131300293975], "aligned_model": [[-0.48046256966197665, -0.18607476523545005, 0.32270395007127406, -0.4328490414246, 0.1434273650975923, -0.3915550661466548, 0.5437350376923434, 0.18781762826167434, -0.053201187680606804, -0.6111214628655224, -0.14770230280013993, -0.09330835563002125], [-0.5356475119697751, -0.6013820844357398, -0.27387807796818, 0.5858939430867501, -0.3534666982382733, 0.4524536419846009, 0.1894301909158142, 0.47996585016543747, 0.6787169044810321, 0.25273852684112874, -0.08897191457452402, -0.013627306643753695], [-0.3171397018478357, 0.23151284222920807, 0.38155874137359136, 0.025362501587588952, -0.5496693100067898, -0.6396395506275308, -0.018692973267937195, 0.5902931457752064, -0.3399294170332184, 0.4857891114135783, 0.6945944126681203, -0.01832311954238012]], "inverted": false, "swapped": false, "error_lsq": 0.038964676712166475, "error_max": 0.21616461418652233, "target": "807.xyz", "model": "23.xyz", "model_rescale": 4.274766983524099, "target_rescale": 3.7584924826256145},
{"mapping": [3, 0, 5, 8, 4, 6, 7, 2, 10, 1, 11], "R": [[-0.6066193342443054, -0.22400276319939044, 0.7627815843346205], [-0.38085438237574615, -0.7603287344762426, -0.5261655204923109], [0.6978272871894483, -0.609690886932709, 0.3759176766860291]], "T": [-0.08107535064531055, 0.11854984159857328, 0.09815231160221699], "aligned_model": [[0.17630132163790366, 0.10398068005558433, -0.511397273232346, -0.418317242804671, -0.4687925798553668, -0.6730788121714125, 0.1379940003775231, -0.014331262588397314, 0.6241382216621372, 0.44331606659209744, -0.01991841571497719], [-0.1904352395478356, 0.7936239214019167, 0.3950855954078606, -0.29559354836775553, 0.5480403018078376, -0.18544745822322062, -0.6727795753931689, -0.027085637532784243, -0.15843177203022424, 0.5298562162788214, 0.178753727442036], [-0.5834834186009554, -0.10722186859949423, -0.6500916294552648, -0.3255288691538272, 0.10852448937314896, 0.4109098522898038, 0.15192532457403296, 0.6049833819636758, 0.28798440565996875, 0.4566120049471011, 0.02495276102338756]], "inverted": false, "swapped": true, "error_lsq": 0.04607067131940023, "error_max": 0.2708722116914594, "target": "807.xyz", "model": "24.xyz", "model_rescale": 3.7841303162186577, "target_rescale": 3.7584924826256145},
{"mapping": [9, 10, 11, 1, 12, 2, 3, 6, 4, 0, 7, 15], "R": [[0.5126789926407058, -0.07688230473491756, 0.8551311956206246], [0.19688664706922412, -0.9589141406631845, -0.20425307596710945], [0.8357008428323801, 0.27308017514062477, -0.47647803646591713]], "T": [-0.14709717068996697, -0.017533195651018588, 0.01280557366351965], "aligned_model": [[-0.3847149809672739, -0.4031949536933861, 0.409812555330774, -0.5604922977004154, 0.1647868513483688, -0.3688787652697656, 0.5924466561539983, 0.28126737280945435, 0.021913161397211167, -0.6605935903813999, -0.19479486715906813, -0.0961479121905853], [-0.3620498142953858, -0.6698930455790665, -0.266974225585782, 0.5876106697944167, -0.25908054473386405, 0.23978853982206033, 0.26943269173874923, 0.44040050251367696, 0.6782301774772234, 0.1711772832952836, -0.07830889375557715, 0.0218921229527827], [-0.39583459108169133, 0.35058606010373344, 0.4787007322681932, 0.13906627570883562, -0.6349251893672143, -0.6605379320495649, -0.12764867256897322, 0.37173035436383167, -0.1970829184444276, 0.504780909886313, 0.6584345726805282, 0.038447081222037466]], "inverted": false, "swapped": false, "error_lsq": 0.042881995891365966, "error_max": 0.25646282922342023, "target": "807.xyz", "model": "25.xyz", "model_rescale": 4.19342608120988, "target_rescale": 3.7584924826256145},
{"mapping": [0, 5, 3, 1, 4, 2, 6, 10, 8, 9, 7, 11], "R": [[0.3392710034466342, -0.6735616249896059, 0.6566657624405856], [-0.9353572676874493, -0.1673359066787341, 0.3116175157469099], [-0.10000983953883508, -0.7199398805993231, -0.6867929821409424]], "T": [-0.14210845745651748, 0.08122162415122484, 0.07791557904910956], "aligned_model": [[-0.6023723148882305, -0.3424695388949836, 0.32240601631147325, -0.5516702273701973, 0.18634923686638236, -0.23762035897707243, 0.6411153264432342, 0.11669038376714622, 0.014774842860850346, -0.7107880582585365, 0.00587706121919554, -0.04088313940134941], [-0.26839993313963234, -0.5132090187392133, -0.3246079353015204, 0.4206741145494177, -0.350503478373485, 0.31589128236887815, 0.20970769693599367, 0.5568954846280122, 0.7773788684695662, 0.07615233335765521, -0.17360107747502246, 0.04584712636386763], [-0.3341960645695107, 0.22713866625302412, 0.30273924589392526, -0.029919604413645787, -0.4698605705109606, -0.71991462213717, -0.13690480274370892, 0.40039555800856086, -0.20099092334464097, 0.553866542021682, 0.922679922980562, 0.010683335283483739]], "inverted": true, "swapped": false, "error_lsq": 0.051300916817379326, "error_max": 0.2803933934970688, "target": "807.xyz", "model": "26.xyz", "model_rescale": 3.795458400668931, "target_rescale": 3.7584924826256145},
{"mapping": [7, 3, 9, 6, 10, 5, 11, 1, 8, 0, 2, 12], "R": [[0.39716446556815255, 0.8895932467968388, 0.22557535890123837], [0.1899216248615579, -0.32014082928956134, 0.9281377192161395], [0.8978809295780312, -0.3257816825348697, -0.29610155626885826]], "T": [0.0583808383261146, 0.061602783513049986, 0.07720503913186022], "aligned_model": [[-0.5540735741922775, -0.23052936169291674, 0.28471965582231484, -0.47632085142202585, 0.05975114577604275, -0.2998506963347206, 0.6833425951993901, -0.05334377422233297, 0.19418638367702648, -0.6400435821007205, -0.08443808942602812, -0.08199062140583924], [-0.28940607724095596, -0.6018574209547831, -0.10365942056627234, 0.6737361281707606, -0.29280539071533773, 0.31006011958676327, 0.07242487537393494, 0.5154912642088181, 0.7177175023548028, -0.13346229105690038, -0.12064623199679486, 0.024632406480482136], [-0.3251635367887025, 0.22358814013850362, 0.4025255483418921, -0.0662307688608221, -0.5409206736538361, -0.5366349950838392, -0.2704733704752906, 0.44032489344144715, -0.20884048115699377, 0.48393116040681966, 0.9264535093221942, -0.002842742909771087]], "inverted": false, "swapped": false, "error_lsq": 0.05319478207131171, "error_max": 0.30654867066881003, "target": "807.xyz", "model": "27.xyz", "model_rescale": 3.6321398670334006, "target_rescale": 3.7584924826256145},
{"mapping": [6, 12, 8, 1, 9, 13, 10, 3, 2, 4, 7, 14], "R": [[-0.585326866723942, 0.808841030899696, -0.056290725916886344], [-0.8101193273751354, -0.5805873553731435, 0.0813940918868023], [0.03315319749874622, 0.09324435379118867, 0.9950911294859748]], "T": [0.031305648304854106, 0.12342187549378855, 0.04533972283822938], "aligned_model": [[-0.5707270117732477, -0.09554801559140877, 0.3274717319079323, -0.42186892865413816, 0.12017701062739106, -0.38074746446684926, 0.752453646748658, 0.08921147937382098, -0.0758223072367463, -0.7524566405713908, -0.17826934878180958, -0.012464921904299757], [-0.29008373968799595, -0.6703801484579132, -0.17523431633924394, 0.6104941853247413, -0.28290621733349675, 0.19327086212242506, -0.020005450566770833, 0.4573808773239938, 0.8283399013095136, 0.13875332389094386, -0.1734821007052297, 0.15607828676355023], [-0.22013573657974597, 0.23846203016243536, 0.34553923282711746, 0.1136080459484633, -0.47770092869710434, -0.6559524297174316, -0.2077329929495851, 0.6425652914360902, -0.30829545888716536, 0.31357259476959076, 0.7300394625177435, 0.011747571891193041]], "inverted": false, "swapped": false, "error_lsq": 0.04468343020036511, "error_max": 0.25413722941291417, "target": "807.xyz", "model": "28.xyz", "model_rescale": 4.156811204709835, "target_rescale": 3.7584924826256145},
{"mapping": [3, 7, 8, 6, 1, 9, 5, 0, 4, 11], "R": [[-0.9879121448112712, 0.15117104472112222, 0.03430611275441226], [0.03836242245471075, 0.023997519810692924, 0.9989756971950527], [0.1501929381755357, 0.9882162892205633, -0.029506728746844346]], "T": [0.01434226656683707, -0.06557698015522279, 0.06042716478539152], "aligned_model": [[-0.5867043290492278, 0.11857496998156028, -0.011071717033345922, 0.678922487583363, -0.12040313794126781, -0.700133228828463, -0.3735006376713582, -0.4172177180656349, 0.14720739772612132, -0.09274871259115901], [-0.16263694745346505, -0.6890225932214733, 0.11469771386553212, 0.07754609715516828, -0.35939829565106207, -0.41849971814141523, 0.6945147366820423, 0.25534679850153724, 0.4545989035165659, -0.04842636462722636], [-0.44520526410208444, -0.4663899522157822, -0.5965414405072488, -0.21983815698953857, 0.744653263821387, 0.06608753632239239, -0.24511569497501356, 0.5532894270568236, 0.276432244070812, 0.09141476449335259]], "inverted": true, "swapped": true, "error_lsq": 0.05105278627415475, "error_max": 0.2864616608167762, "target": "807.xyz", "model": "29.xyz", "model_rescale": 4.117894457231895, "target_rescale": 3.7584924826256145},
