[{"mapping": [10, 11, 9, 13, 3, 7, 8, 2, 1, 12, 0, 4, 5, 14], "R": [[0.16506964984775208, 0.9658806851883285, -0.1995658103966358], [0.0015410167762905935, -0.20259388076208718, -0.9792616324277454], [-0.9862807085036369, 0.16133884051239078, -0.034930539298465235]], "T": [-0.01522537675120541, 0.10963367004505004, 0.03106343043289246], "aligned_model": [[0.15998699421039453, 0.19327670612480577, -0.49516924218168334, -0.4114048877348682, -0.4657912605151759, -0.13321818517652365, -0.7302199245427867, 0.05303809237483773, -0.5034066073298619, 0.14352304673341537, 0.6470234180439456, 0.3116592830539848, 0.6130441782492219, -0.010849510181402362], [-0.5867529367801974, -0.28794960219707766, -0.4430921702550143, -0.25899669030898964, 0.24576468685104774, 0.29361647215422004, 0.03401337215688813, 0.5768832712545733, 0.6965886348006189, 0.04756405841940176, 0.3283369606328783, 0.6949231185551541, -0.17600197314461902, 0.07037612967115005], [0.37848129543722475, -0.37179379588101846, 0.2990081172078706, -0.4150048570969557, 0.5586145374172143, -0.6744722192064891, -0.015965992027659276, 0.580518487801516, 0.13115762735363504, 0.7436106593512067, 0.5149675524787019, -0.0703867530066311, 0.14365519594215734, 0.09519823140906113]], "inverted": false, "swapped": true, "error_lsq": 0.044117533224547825, "error_max": 0.25244610048327615, "target": "808.xyz", "model": "0.xyz", "model_rescale": 3.8414455957264533, "target_rescale": 4.190566355084404},
{"mapping": [2, 13, 7, 0, 9, 5, 6, 8, 11, 1, 3, 10, 4, 12, 14], "R": [[0.919548263858824, 0.35607207193870477, -0.1662638566240445], [0.34616141896886204, -0.9342061653678668, -0.08620390133938358], [-0.1860195216951354, 0.02171451528227284, -0.9823060711277161]], "T": [-0.06775883246726946, 0.04050809891754452, -0.050690673648282183], "aligned_model": [[-0.2330700803814664, 0.020399754666040826, -0.4683990744834474, -0.6874069095595093, 0.07178690062707518, 0.06615793869377459, 0.4201031972375413, 0.6394804986036603, -0.08915063676593774, -0.45706644088183523, -0.38745550379694926, 0.4392047566381073, -0.548574013007341, 0.4157180677625544, -0.07339955908460413], [0.7217378405886802, -0.6308165312075602, 0.06733060268540575, -0.3284970078462327, 0.005230287767268575, 0.6028553288937865, 0.6230857077371745, -0.24910692707336823, -0.7077780517552762, -0.2019815397639374, 0.3482975396079354, 0.18798281819904317, 0.2840030751492217, -0.43724118280865615, 0.025979595286991303], [-0.281348337718131, -0.39186263196458326, -0.552410667174515, -0.12409953718198609, -0.7176180643056527, 0.26578156261003766, -0.23130391640181708, -0.2512849477619715, 0.356587645870538, 0.6828870334362486, 0.5946283021925614, 0.38476360283161204, 0.02241331776357025, 0.2961453893863065, 0.037746331348913184]], "inverted": false, "swapped": false, "error_lsq": 0.04112534664318905, "error_max": 0.30235218794985513, "target": "808.xyz", "model": "1.xyz", "model_rescale": 4.316132596720782, "target_rescale": 4.190566355084404},
{"mapping": [9, 3, 8, 11, 13, 10, 7, 5, 1, 12, 4, 14], "R": [[0.5217895184634025, 0.24314963092028746, 0.8176881773665673], [-0.5318224683816585, -0.6567373666838973, 0.534659605099862], [0.6670086660202929, -0.713844722740477, -0.21336623741679725]], "T": [0.003127764025985545, 0.12665545058623953, -0.05114953382771892], "aligned_model": [[-0.25546917520000384, 0.4556955544068499, 0.028038807854079244, -0.5704224570534736, -0.47219253083892077, -0.4407977779108932, -0.17758121884185402, -0.28183073277050813, 0.6290424925132597, 0.2844661099222478, 0.39743762767863783, 0.0014218548723592267], [-0.5945834722226601, -0.4044719010723036, -0.4767310415422259, 0.30497509940633283, -0.16758532392455214, -0.13957954845681872, 0.38299962029984513, 0.49057085196996597, -0.08828557112186006, -0.05100410146078521, 0.6671996858708128, 0.08927212999522927], [0.09233692169721947, 0.06259391107786762, -0.4441528167830337, -0.10666321203509997, -0.47460726317345, 0.5558116614132346, -0.7198680526297729, 0.47358992133122757, -0.4447063945829226, 0.6015855355382416, -0.1608815719932984, 0.014219821349207781]], "inverted": true, "swapped": true, "error_lsq": 0.04288068698387625, "error_max": 0.2210428883593994, "target": "808.xyz", "model": "2.xyz", "model_rescale": 3.795458400668931, "target_rescale": 4.190566355084404},
{"mapping": [6, 4, 0, 3, 11, 9, 2, 7, 1, 8, 5, 14], "R": [[0.4307795651272962, -0.8690154492407136, 0.24339497786457706], [-0.12303291410987283, 0.21063204633493393, 0.9697922680153677], [-0.8940312457148071, -0.44771228488586123, -0.016181521804549917]], "T": [0.08209537469497785, 0.08488448430314, 0.038740282690135824], "aligned_model": [[-0.060346175589008844, -0.16279349054822023, -0.7498836200788882, 0.13915040551273222, 0.1673560412248611, 0.3545033131874304, -0.3176141632135172, 0.5718165794810499, 0.38727276791935145, 0.6977595308288843, -0.4780714215812901, 0.044154058600179985], [-0.13340498832197792, -0.5117616128969218, -0.0803044063338175, 0.018527484331695557, 0.4284061264667597, 0.6710229869077947, -0.31285788125133757, -0.18218831540539066, -0.48045912569176097, 0.16166563345332424, 0.3755300389207141, 0.13159310511062738], [-0.7156960629582432, -0.1704303114404984, 0.07177628607580087, 0.7403048997014274, -0.4496888542702018, 0.4744946796632096, 0.4936207582698682, -0.44540617083691914, 0.46313308906227457, 0.4050867053401418, -0.2624665930479997, 0.08404300508024011]], "inverted": false, "swapped": true, "error_lsq": 0.04369441612772517, "error_max": 0.27517255567203874, "target": "808.xyz", "model": "3.xyz", "model_rescale": 3.7530521520055578, "target_rescale": 4.190566355084404},
{"mapping": [10, 8, 3, 1, 12, 7, 5, 11, 6, 4, 14], "R": [[0.5789615641706363, 0.17107323274404032, 0.7972060312438647], [-0.7636543132360235, 0.45639540796115474, 0.4566566778970704], [-0.285719437716631, -0.8731764888214035, 0.39487621133770223]], "T": [-0.06627515452479522, -0.04289302258019304, -0.017560286464917405], "aligned_model": [[-0.45279323110562814, -0.082007288074417, 0.39179381257930995, 0.5185974565385342, 0.27407964189078565, -0.3074788313586632, -0.2984898491436866, -0.6414275793432179, -0.32122461337811153, 0.3192052516840127, -0.06205516784371296], [-0.7404080047061813, 0.1142411562433944, -0.29627821756420236, 0.3025591639255823, -0.6897399244322215, 0.6550879462608161, -0.4291710727794033, 0.02211639143191437, 0.363097309835746, 0.2828061089651275, -0.11710749886622598], [-0.03828419086951855, -0.7205601081012878, -0.49276572011242914, -0.38011057051397595, 0.03268859617659371, -0.003564549910906857, 0.5170918093868202, 0.15218359719226043, 0.6206298984774202, 0.435246947590421, -0.029724932070080614]], "inverted": true, "swapped": true, "error_lsq": 0.03715028228021347, "error_max": 0.24604593149650408, "target": "808.xyz", "model": "4.xyz", "model_rescale": 3.7855080009869324, "target_rescale": 4.190566355084404},
{"mapping": [11, 2, 12, 14, 1, 6, 4, 5, 9, 15, 8, 7, 13, 10, 16], "R": [[-0.6163161833312596, 0.3252052365179916, -0.7172139961721788], [-0.6803155045707265, 0.23884753199567121, 0.6929088473242744], [0.39664237847797723, 0.9149827378704223, 0.07403656525311697]], "T": [-0.029206317354186627, -0.008519656608724804, -0.01570581123030153], "aligned_model": [[-0.36793711315209293, -0.09597030244496144, -0.5481613473146346, -0.5660656553025064, 0.06794038823846493, 0.04860668503442365, 0.5056136065546334, 0.751616580056356, -0.10938265691378199, -0.5010801297089298, -0.19203600278247618, 0.5442023228424905, -0.6095140335359798, 0.26133359626700775, -0.06083704157035013], [0.622736519144705, -0.5722263235776993, 0.11159814683778504, -0.4061567854274325, 0.16915545346357297, 0.6329659328015828, 0.42349650206610445, -0.21880206550302875, -0.6975761017453297, -0.30147554086280526, 0.20715623989516313, 0.3108183344613204, 0.38646752116604544, -0.30588794648595835, -0.05118833077354862], [-0.360978626336866, -0.4885303574292271, -0.43917086667654365, -0.12230864222167563, -0.7451562974476056, 0.07658960200970158, -0.28834196345402346, 0.01893745663398908, 0.14456579960446794, 0.5932523661354073, 0.6341251476922389, 0.3456738377305302, 0.1634469805670682, 0.5827279218118482, -0.02380727568817954]], "inverted": false, "swapped": false, "error_lsq": 0.035424250577747673, "error_max": 0.202523782257945, "target": "808.xyz", "model": "5.xyz", "model_rescale": 4.2253639853439635, "target_rescale": 4.190566355084404},
{"mapping": [4, 7, 3, 2, 1, 9, 12, 0, 13, 11, 8, 10, 5, 14], "R": [[-0.21540132279472746, -0.9019234969023355, 0.3743478006797219], [-0.6801287380321177, -0.13651982242895083, -0.720268864929484], [0.70073330864254, -0.4097515635350656, -0.5840175394108027]], "T": [0.06540370187527636, 0.018090514207988635, -0.052486103851641416], "aligned_model": [[0.49948211221470495, 0.021488551856577193, -0.38012468184307213, 0.1888713954506237, -0.31098208064834565, -0.5218576644411282, 0.17139482350746776, 0.729566684651387, -0.3672882668124484, 0.21849453123677284, -0.6476976757941576, 0.09038046359643961, 0.6233206158229123, 0.05901334396005026], [-0.3091209957033095, 0.3470631524317562, -0.48231469568291613, -0.6873509535288698, -0.5279911216044437, 0.1938959816726683, -0.4007493560153653, -0.4016228797516978, 0.5487535676782959, 0.601527766049539, 0.03335686234786781, 0.311258582696009, 0.21435165074060067, 0.004041585304855825], [-0.45772433074033575, -0.712335321569621, 0.17323612598933297, 0.05701739086879788, -0.44361841208021213, 0.42903528602882635, 0.5392201554796369, 0.2689108377879462, -0.20413651945451905, -0.05440778351254781, -0.1544702358613939, 0.6889864168938433, 0.3206057661741979, 0.02123883292749662]], "inverted": true, "swapped": true, "error_lsq": 0.04418626343184717, "error_max": 0.2931409910978318, "target": "808.xyz", "model": "6.xyz", "model_rescale": 3.89814844738969, "target_rescale": 4.190566355084404},
{"mapping": [5, 10, 12, 6, 2, 9, 11, 4, 7, 8, 3, 1, 14], "R": [[0.7096704501268203, -0.36782169252435915, 0.6008952111019958], [0.6829693724893803, 0.5685650732930876, -0.4585701622136883], [-0.17297597653506297, 0.7358267186911209, 0.6547047820216374]], "T": [-0.11398403241174238, 0.02882673114406825, -0.01798340027878709], "aligned_model": [[0.052336316979803454, -0.13729324088158007, 0.4670020571487381, -0.2746012905350971, 0.5787951256968874, -0.36020664548008724, -0.5575567172155649, 0.22404612419365583, -0.612387154261508, -0.4454594883081876, 0.20613518812371812, 0.09032859542043331, -0.0825070699769891], [-0.28514665692192237, 0.32664198426149055, 0.3332060872591902, -0.751922997062938, 0.1318113061148434, 0.7271633511506501, -0.22305875309514794, -0.47088773945670365, -0.34312291162186276, 0.5662323517042593, 0.621212409550882, 0.25668397287756384, 0.07496886071018093], [-0.6202669821784941, -0.7576560372195158, -0.3444579374077106, -0.0597691279756932, 0.16731140948102474, -0.26159520960313204, -0.3399096307248858, 0.2914200906043151, 0.38051417637733764, 0.32909961649085395, 0.19754927123830363, 0.6885527419642159, -0.06851735021032396]], "inverted": true, "swapped": true, "error_lsq": 0.04357052853954439, "error_max": 0.21054652881148928, "target": "808.xyz", "model": "7.xyz", "model_rescale": 3.7474275329858107, "target_rescale": 4.190566355084404},
{"mapping": [6, 9, 5, 8, 7, 0, 10, 12, 4, 2, 1, 12, 3, 13, 14], "R": [[0.020699774442303365, -0.9413416304824817, -0.33681961649912984], [0.8173726040444759, -0.17806898452372705, 0.5478991357067844], [-0.5757373928238381, -0.28664851555741877, 0.7657408719881276]], "T": [-0.008341253879783544, 0.016021366168942657, 0.004653264682794529], "aligned_model": [[-0.3058473302742736, -0.04710981913173182, -0.49307546663837765, -0.5308602653777511, 0.05222950443082208, -0.12564040008329383, 0.4379623800268896, 0.5756572338098298, -0.223357051326194, -0.5301483670945342, -0.04258186613359444, 0.5756572338098298, -0.6678922659511602, 0.46442725345833824, -0.011091877257135365], [0.6404328892269934, -0.43513076912304605, 0.029317111647925314, -0.4182904381576151, 0.14693583654859996, 0.6464844583503532, 0.5268423161670527, 0.006613747642716675, -0.6568177600952164, -0.1576998646423071, 0.31762816553696543, 0.006613747642716675, 0.29655216085820135, -0.6235317757778506, -0.0148682703650127], [-0.4295569180380001, -0.6079634093134191, -0.5224875420807796, -0.05499114077422384, -0.6609819331597695, 0.1562132769681706, -0.33466720786931786, 0.20339903668628914, 0.3412265299046376, 0.6419348087539838, 0.6921579840100976, 0.20339903668628914, -0.016070458227144594, 0.423668235522546, 0.055744783861770716]], "inverted": true, "swapped": false, "error_lsq": 0.05571488873416925, "error_max": 0.4432726458915875, "target": "808.xyz", "model": "8.xyz", "model_rescale": 4.019505241142653, "target_rescale": 4.190566355084404},
{"mapping": [7, 8, 11, 6, 4, 5, 10, 1, 2, 3, 9, 12, 14], "R": [[0.1130624257719856, -0.9702820429372285, 0.21393841411049358], [0.4195592979413556, -0.1485579411989117, -0.8954889913436668], [0.9006591382923461, 0.19100600844030924, 0.3902945315402069]], "T": [0.015618852616087822, -0.10049231008593015, -0.047022004516548616], "aligned_model": [[-0.289845399058815, -0.6855622667419495, 0.09996328278230213, 0.39658123966797787, 0.3093356144581607, 0.6468959330628342, 0.27087605986052027, -0.41856003258631524, 0.23858418394175074, -0.27037722672353587, -0.3789303911992498, 0.36374454015444296, 0.03699523412305264], [-0.5419532089286946, 0.02372820861366977, 0.07483716397837775, -0.51695222645088, -0.7071273215392705, 0.13889651321038152, 0.6545078707235129, -0.5415579451930939, -0.3083798827244125, 0.03746527861383245, 0.5602556189988266, 0.22890483437378703, -0.03924667556197798], [-0.5543250628216708, 0.06280376655366687, -0.6179730657713643, -0.6114180414042678, 0.026692890621017457, -0.229146958997651, -0.08124683695173485, 0.41102351065593257, 0.6102086774246214, 0.5846625577069846, 0.07703198407572684, 0.5071289487291457, -0.008738875776527343]], "inverted": true, "swapped": true, "error_lsq": 0.04801335627580061, "error_max": 0.3116331467998731, "target": "808.xyz", "model": "9.xyz", "model_rescale": 3.877068213659057, "target_rescale": 4.190566355084404},
{"mapping": [1, 13, 4, 2, 3, 0, 12, 6, 14, 9, 8, 11, 7, 10, 15], "R": [[0.9261118990723042, 0.37431102546078193, 0.04698943088811164], [0.1233167315961475, -0.18265833689499678, -0.9754121773236164], [-0.356524521043272, 0.9091354069561102, -0.2153208715234402]], "T": [-0.03363063297412227, 0.0024372830414741108, -0.056557538026060256], "aligned_model": [[-0.3892568591843975, -0.09615403207566092, -0.4983674421020144, -0.5853876415023478, 0.11593307151258903, 0.1960645650161975, 0.6197120647500656, 0.4791184081270635, -0.011588095104736077, -0.24897337169148556, -0.40460154620736055, 0.3394620993885757, -0.796243907812037, 0.41164678938735993, -0.0030352062341485464], [0.7776510993315651, -0.6919787389454093, 0.0683437539352694, -0.3582785852582745, 0.04927365689122577, 0.7251313057001193, 0.35889942513751844, -0.2648531999166757, -0.7202778704138468, -0.2786122737102356, 0.32968890399947526, 0.2676626915604683, 0.2934314418195616, -0.32792547908693137, 0.08292542441664616], [-0.2161825250043714, -0.3904972166154329, -0.5441708223825485, 0.019623981033664223, -0.67153590765628, 0.18576353259604614, -0.12192783935862382, -0.27091423536640813, 0.23792247849274242, 0.5004738393944815, 0.5355656703717833, 0.5223315463396524, -0.051083781104809475, 0.38593454325210563, -0.030278181060870872]], "inverted": false, "swapped": false, "error_lsq": 0.038739047051151575, "error_max": 0.2415115697321496, "target": "808.xyz", "model": "10.xyz", "model_rescale": 4.260839863003843, "target_rescale": 4.190566355084404},
{"mapping": [12, 2, 1, 3, 13, 9, 10, 5, 4, 7, 11, 14], "R": [[-0.07224544077190764, 0.9748776598262213, -0.2106991804906304], [0.3025483007279749, 0.2227179067537728, 0.9267476785715908], [0.9503920885688641, 0.0032066155005296415, -0.3110379327393109]], "T": [0.006093603057816805, 0.006922092948361389, 0.05681465723107192], "aligned_model": [[0.3279043673521848, 0.2061157772801212, -0.43956386092885946, -0.30610310738123286, -0.4873288707548915, -0.40189463688052796, 0.2522416238078599, 0.6406785362515591, 0.3049081195888159, -0.27339698144624475, 0.11020459018400759, 0.02513309202133853], [-0.13134317309694063, -0.5945157497879637, -0.6205879576476331, -0.3143371576328657, 0.4577037081981154, 0.41576880274795863, 0.5816153739841097, 0.296036255917779, -0.49428185085030424, 0.030301430209480208, 0.5209750506718148, 0.02574377281938367], [-0.5866896553225242, -0.2941078445547147, 0.03498683114400555, -0.49015622657907243, 0.2693085685019229, -0.46667009672911497, -0.43865647072790215, 0.004831742775543747, 0.4020883899477945, 0.7401088449620292, 0.3547240070996351, -0.013590013122098253]], "inverted": false, "swapped": true, "error_lsq": 0.04822246136864924, "error_max": 0.2808286153913309, "target": "808.xyz", "model": "11.xyz", "model_rescale": 3.890672605050136, "target_rescale": 4.190566355084404},
{"mapping": [8, 1, 2, 9, 3, 11, 7, 10, 13, 6, 0, 4, 5, 14], "R": [[0.9258421669606121, 0.3215295651904908, -0.19858252840089483], [0.31737865998941783, -0.3762848023695391, 0.8704484669921814], [0.20515132965935126, -0.8689237516687703, -0.4504269593672978]], "T": [0.07298597460433631, -0.0046815259162360885, 0.08924488541524792], "aligned_model": [[0.40234990672259197, 0.3273182168046927, 0.446969938838905, 0.6155886072080955, 0.7325313417641528, -0.32408226921364325, -0.4944766652243088, 0.3727132753826591, -0.06061865401703459, -0.6996589665416649, 0.1246803397025762, -0.2546418672281633, -0.10950735614250712, 0.13070998673734208], [-0.4289514608795033, 0.2544017339383186, 0.6129003798378125, -0.557791685764516, 0.09569575773398918, -0.37481192463938773, -0.20430440318939844, -0.31950845897703894, -0.66294768406488, 0.15239715474964818, 0.6815629136711052, 0.5667760643890255, 0.12382608133599303, -0.007091948313402568], [-0.39102776830055663, -0.5897594355122313, 0.029148834828439496, 0.17467238587489017, -0.144797310382969, 0.352265453843036, -0.33934511270882095, 0.7581248458082955, -0.11239571784953253, 0.21358382438167184, 0.5861996686773121, -0.07139657502324545, 0.7519433380862451, 0.1375740036343269]], "inverted": true, "swapped": true, "error_lsq": 0.04527335495562634, "error_max": 0.3280914529376182, "target": "808.xyz", "model": "12.xyz", "model_rescale": 4.124412569039231, "target_rescale": 4.190566355084404},
{"mapping": [7, 1, 2, 13, 4, 6, 8, 11, 3, 9, 5, 12, 14], "R": [[0.3042630553243215, -0.8428720081062044, 0.4438364238272063], [0.8880480924399383, 0.41956074313465985, 0.18798768133598284], [-0.34466589427806155, 0.33695038324849336, 0.8761677125700293]], "T": [0.14182848051876704, 0.06459471650142412, -0.02975628009277094], "aligned_model": [[-0.2289005470975887, -0.0745224297395922, 0.5712183147419423, -0.4944339352211903, 0.5288395572902073, 0.4013089752650896, -0.5088345934148117, 0.03292221151348307, 0.03182626838156652, -0.2918970672341137, 0.6530126170218756, 0.5825787104021313, 0.164180225600759], [-0.40029116261289366, 0.5543667705564225, 0.6022409315660401, -0.1937621253181051, -0.029489619627179914, -0.6340837771677597, 0.37376846138216546, -0.47730718973907393, 0.7625915408310598, 0.3817680425719049, -0.2432742515232827, 0.5468705301734607, 0.10408722541571865], [0.40841450248730854, 0.5235713909077292, 0.1970561287565354, -0.17204241869947767, 0.5189513134619198, 0.2559574298896215, -0.015736326559340083, -0.2712542517364137, -0.05323789800320574, -0.5944947630444414, -0.39430358453524994, -0.36130797514214974, -0.08987546681499704]], "inverted": true, "swapped": true, "error_lsq": 0.04724148984509154, "error_max": 0.27402513988366145, "target": "808.xyz", "model": "13.xyz", "model_rescale": 3.9028299243045295, "target_rescale": 4.190566355084404},
{"mapping": [13, 9, 11, 1, 14, 5, 10, 7, 6, 2, 8, 4, 12, 3, 15], "R": [[0.39195357975876016, 0.6657732620274267, -0.6349160219144364], [-0.9164860992935809, 0.222436633681993, -0.33252845562125943], [-0.08015997203049852, 0.7122274268557641, 0.6973567747706244]], "T": [-0.07340451864193584, 0.01944847047252934, 0.1318911936805337], "aligned_model": [[-0.16332211646523484, 0.11644639979923868, -0.5071284114588329, -0.5527895520485885, -0.08051608191946494, -0.0225138966343523, 0.468082926424517, 0.6837664216389739, -0.04849630406036501, -0.49125859300515073, -0.4133495100716644, 0.5197514629080989, -0.6412702220325479, 0.279198971038757, -0.018272597845721078], [0.7049642756612184, -0.4197944999568783, -0.14595103094139816, -0.40491514758547914, 0.2188113275005233, 0.5209896358527544, 0.3159464682251694, -0.31404125372649355, -0.6435728113060175, -0.22511523618238527, 0.4737183320349309, 0.2420581497742698, 0.38298772901744077, -0.35197723687264915, -0.043027146034529895], [-0.26134443318130707, -0.47791836524672326, -0.4428985749042136, 0.020966601469313673, -0.7302309146593106, 0.22115729965519662, -0.2855209362498925, -0.23703254760613535, 0.06715617221356791, 0.6866310745986575, 0.6558983074066188, 0.37266948613087025, -0.04017867401915309, 0.48742342601155964, 0.05424716131208218]], "inverted": true, "swapped": false, "error_lsq": 0.04665181439813161, "error_max": 0.33288415427843226, "target": "808.xyz", "model": "14.xyz", "model_rescale": 3.942246331269136, "target_rescale": 4.190566355084404},
{"mapping": [3, 0, 1, 2, 12, 4, 13, 8, 7, 9, 10, 11, 5, 6, 14], "R": [[-0.35203561775858555, 0.13098606449310823, 0.9267759031923191], [0.6512427620655857, -0.6769068372068825, 0.343045184487062], [0.672275084088737, 0.7243202224508044, 0.1529915901685423]], "T": [-0.04654820681171505, 0.08320768724550189, 0.053323735700477604], "aligned_model": [[-0.410150447490679, -0.10350105807387343, -0.4636553187155872, -0.5471097441314593, 0.12204823104041725, 0.04657493724214894, 0.5508748282096445, 0.5161152500290818, -0.09693939690720742, -0.4376847712045009, -0.1058994796402055, 0.5935071556470217, -0.6690611477789004, 0.20377922133782872, -0.07056936329606611], [0.6075499722116096, -0.511936325130228, 0.15145821213831046, -0.4740986661494734, 0.3429364966983798, 0.6462550301494651, 0.5319529754712975, -0.4340446102424962, -0.7457685999934665, -0.24485998615584215, 0.400764032599231, 0.1935802871335664, 0.05467588935729621, -0.23653946304631385, 0.02915631041914002], [-0.2774428122913118, -0.37478543277724286, -0.638055291195541, -0.09329036478503427, -0.7031102963515654, 0.18737501921881977, -0.2670560858025808, -0.0679232080430404, 0.2563965090732139, 0.6758557395335327, 0.6894337183154207, 0.357063833215301, -0.06685585086382438, 0.43788495050862614, -0.024465344823642654]], "inverted": false, "swapped": false, "error_lsq": 0.04246340982917636, "error_max": 0.24172339453933003, "target": "808.xyz", "model": "15.xyz", "model_rescale": 4.355366556412066, "target_rescale": 4.190566355084404},
{"mapping": [9, 3, 8, 11, 13, 10, 7, 5, 1, 12, 4, 14], "R": [[0.5217895184634025, 0.24314963092028746, 0.8176881773665673], [-0.5318224683816585, -0.6567373666838973, 0.534659605099862], [0.6670086660202929, -0.713844722740477, -0.21336623741679725]], "T": [0.003127764025985545, 0.12665545058623953, -0.05114953382771892], "aligned_model": [[-0.25546917520000384, 0.4556955544068499, 0.028038807854079244, -0.5704224570534736, -0.47219253083892077, -0.4407977779108932, -0.17758121884185402, -0.28183073277050813, 0.6290424925132597, 0.2844661099222478, 0.39743762767863783, 0.0014218548723592267], [-0.5945834722226601, -0.4044719010723036, -0.4767310415422259, 0.30497509940633283, -0.16758532392455214, -0.13957954845681872, 0.38299962029984513, 0.49057085196996597, -0.08828557112186006, -0.05100410146078521, 0.6671996858708128, 0.08927212999522927], [0.09233692169721947, 0.06259391107786762, -0.4441528167830337, -0.10666321203509997, -0.47460726317345, 0.5558116614132346, -0.7198680526297729, 0.47358992133122757, -0.4447063945829226, 0.6015855355382416, -0.1608815719932984, 0.014219821349207781]], "inverted": true, "swapped": true, "error_lsq": 0.04288068698387625, "error_max": 0.2210428883593994, "target": "808.xyz", "model": "16.xyz", "model_rescale": 3.795458400668931, "target_rescale": 4.190566355084404},
{"mapping": [5, 10, 12, 6, 2, 9, 11, 4, 7, 8, 3, 1, 14], "R": [[0.7096704501268203, -0.36782169252435915, 0.6008952111019958], [0.6829693724893803, 0.5685650732930876, -0.4585701622136883], [-0.17297597653506297, 0.7358267186911209, 0.6547047820216374]], "T": [-0.11398403241174238, 0.02882673114406825, -0.01798340027878709], "aligned_model": [[0.052336316979803454, -0.13729324088158007, 0.4670020571487381, -0.2746012905350971, 0.5787951256968874, -0.36020664548008724, -0.5575567172155649, 0.22404612419365583, -0.612387154261508, -0.4454594883081876, 0.20613518812371812, 0.09032859542043331, -0.0825070699769891], [-0.28514665692192237, 0.32664198426149055, 0.3332060872591902, -0.751922997062938, 0.1318113061148434, 0.7271633511506501, -0.22305875309514794, -0.47088773945670365, -0.34312291162186276, 0.5662323517042593, 0.621212409550882, 0.25668397287756384, 0.07496886071018093], [-0.6202669821784941, -0.7576560372195158, -0.3444579374077106, -0.0597691279756932, 0.16731140948102474, -0.26159520960313204, -0.3399096307248858, 0.2914200906043151, 0.38051417637733764, 0.32909961649085395, 0.19754927123830363, 0.6885527419642159, -0.06851735021032396]], "inverted": true, "swapped": true, "error_lsq": 0.04357052853954439, "error_max": 0.21054652881148928, "target": "808.xyz", "model": "17.xyz", "model_rescale": 3.7474275329858107, "target_rescale": 4.190566355084404},
{"mapping": [7, 13, 11, 8, 4, 2, 6, 10, 1, 5, 3, 9, 12, 14], "R": [[-0.8387113001970669, -0.5403024812610828, -0.06809246408276753], [0.2523784051153384, -0.274842575127601, -0.9277751341400928], [0.4825644988529346, -0.7953205565307278, 0.36687425203531226]], "T": [0.0716034389717984, -0.07776210783117338, 0.038313027851780646], "aligned_model": [[0.4869230086900067, 0.21100560047512135, 0.5750500756678874, -0.342663730499262, 0.25598779814139105, -0.3738691747410468, 0.8169587283632826, 0.04875365708859999, -0.4210554327021619, 0.4442747313405823, -0.6352510937678623, -0.34106924807552985, -0.3438804522553834, 0.03368318015725108], [-0.4438333079807297, 0.14614968028807157, 0.20872216391018683, -0.04472269885202276, -0.6561635377045554, -0.3825088686999964, -0.3423078890958139, 0.69137263502475, -0.6367017192491891, 0.2514175784322254, -0.08887818752410345, 0.5067423849213903, 0.17411532853127787, -0.022995320490257723], [-0.45061852017334514, -0.6114977239423538, -0.12993609627060276, -0.5502772448796835, 0.34024622093789253, 0.5216002233032478, 0.14590071735553523, 0.24869955029934215, -0.15592816177217247, 0.5299878208369557, 0.04750770819871333, -0.27104449183686047, 0.5866816495539879, 0.07347306705099856]], "inverted": true, "swapped": true, "error_lsq": 0.03853048552589141, "error_max": 0.2611579181664021, "target": "808.xyz", "model": "18.xyz", "model_rescale": 3.922800546911778, "target_rescale": 4.190566355084404},
{"mapping": [3, 13, 7, 11, 12, 0, 5, 8, 4, 10, 2, 1, 9, 6, 14], "R": [[-0.9122845114099459, -0.37060818129685597, -0.17431737204694447], [-0.2232948943176068, 0.8068861104155886, -0.5468767639880959], [0.3433312692039643, -0.459983022267387, -0.8188646156798789]], "T": [0.025613085996375975, -0.003637667596193824, -0.00014324747689825872], "aligned_model": [[-0.225041341394615, -0.06984499340880758, -0.5879149843587843, -0.5412385157016133, 0.09593965992135868, 0.1374597585347715, 0.5807639276551687, 0.552067475225198, -0.05911681758360256, -0.41603373741945965, -0.32461142591310255, 0.4451062604603969, -0.7227275485889277, 0.3182684600869098, -0.05474728124722718], [0.5245877657214782, -0.5015763139386296, 0.07273857929849015, -0.4282926544433801, 0.19942182587217727, 0.8225430657935997, 0.435785684994177, -0.2886255492213568, -0.6978413157275256, -0.3241130864021781, 0.3540650228336675, 0.265002729846503, 0.2357148786777445, -0.37356360010723727, 0.015234522262946911], [-0.2595647061320322, -0.46356379770651596, -0.5060691262923736, -0.07491634803481817, -0.7567376300088173, 0.0578080535824404, -0.28518426275274894, -0.12670681810497805, 0.18632197033232895, 0.593863685623328, 0.5122243347380507, 0.5474339958192179, 0.21302297671359244, 0.5031215023167628, -0.05002874716230688]], "inverted": false, "swapped": false, "error_lsq": 0.035974006272704966, "error_max": 0.2307025315086149, "target": "808.xyz", "model": "19.xyz", "model_rescale": 3.9282355846067225, "target_rescale": 4.190566355084404},
{"mapping": [9, 8, 7, 3, 12, 1, 2, 4, 0, 5, 11, 10, 6, 14], "R": [[0.7980812090837932, -0.0007890670813735512, -0.6025493847648442], [-0.4274678861578331, 0.7040323361301067, -0.5671064062298525], [0.42466173598654366, 0.7101674781742162, 0.5615376772154914]], "T": [0.02196488917803195, -0.1930623281058717, 0.04679700380338388], "aligned_model": [[-0.6308174439023964, -0.16635028811377617, 0.6417274177541085, -0.4149308091137356, -0.5208264336246534, 0.16977866290267146, -0.10553308604047835, 0.5279843416125164, -0.05308417737897907, -0.07540445813800033, 0.14787197233567534, -0.6120862450808879, 0.6734886111305656, -0.049295245257953535], [-0.6189250040018117, -0.7669957783900148, -0.5940885037186967, -0.16976774893351396, 0.2915411133272078, -0.24842439266122246, 0.3537464485805814, 0.22801853509552578, 0.6441793452059092, 0.20573164639288544, -0.42980542923025067, -0.1605815503440174, -0.04126498193834305, -0.17048161195940348], [0.034048256118832124, -0.3459945287528174, 0.0717958411851444, -0.5085685976019942, -0.03872689067474849, -0.7068222786616821, -0.41105382252478023, -0.11551343787120517, 0.16495711946645247, 0.6128975568573787, 0.5871113865514992, 0.5297845939635222, 0.48221461273893407, 0.05605334644914729]], "inverted": false, "swapped": true, "error_lsq": 0.045775645003722464, "error_max": 0.260663037456235, "target": "808.xyz", "model": "20.xyz", "model_rescale": 4.067790424073018, "target_rescale": 4.190566355084404},
{"mapping": [5, 11, 13, 10, 6, 8, 2, 3, 12, 9, 7, 0, 1, 12, 14], "R": [[0.0002771033177267346, -0.8206270416349392, -0.5714640686440745], [-0.7068502494346337, 0.40407192699679434, -0.5805933195338143], [0.7073631656284823, 0.4041004037990874, -0.5799484594008912]], "T": [-0.020986029066453332, 0.14161493417777862, -0.08139538680033404], "aligned_model": [[-0.36551031394124334, -0.012579713759033911, -0.5769192592714031, -0.6439225622070075, 0.2965808466777261, -0.12894674652506036, 0.675357511877391, 0.67732142700702, 0.09418069841496186, -0.4258061149641654, -0.1902995327922523, 0.4556458887584228, -0.7512245088781797, 0.09418069841496186, -0.06972942254447444], [0.5481213348099666, -0.436998312571685, -0.054405034588315415, -0.3871395265472335, 0.1665550161494725, 0.6563375445932869, 0.3878969055903104, -0.33625834483894523, -0.5330127524143308, -0.21271772175089385, 0.36851534314123824, 0.2875619183629845, 0.30687122375214526, -0.5330127524143308, 0.08276671418680656], [-0.3354065759918016, -0.36978453106229264, -0.4590697445161151, -0.02093368407953977, -0.7492922159863227, 0.13899747728088196, -0.171798899353097, -0.16942289752748452, 0.2630287358483088, 0.4795136668484659, 0.6089038954512811, 0.4245488020572739, 0.2543831453264101, 0.2630287358483088, -0.0656708272131464]], "inverted": false, "swapped": false, "error_lsq": 0.04684859177570204, "error_max": 0.37257733084698574, "target": "808.xyz", "model": "21.xyz", "model_rescale": 4.186013935880536, "target_rescale": 4.190566355084404},
{"mapping": [13, 9, 8, 6, 5, 7, 11, 10, 1, 3, 12, 4, 14], "R": [[0.6946608693442627, -0.3450074204914709, -0.6312021517768256], [-0.6970113508949742, -0.5397487281332815, -0.472066189429055], [-0.17782422030037578, 0.7678809740346004, -0.6154164089380759]], "T": [0.03778283914824811, -0.01884583630373256, 0.07792814556555741], "aligned_model": [[0.14106408945082916, -0.49122905986720833, 0.08568674437253203, 0.48677954818165536, -0.2981466337727003, 0.6825884645779974, 0.0340606421888391, -0.7080125684438616, 0.41550554414258206, -0.20586372382442203, -0.531828576811023, 0.483740083050733, -0.035770517822727735], [-0.2895278807854398, 0.0912945815803181, 0.2966542312815352, -0.5786917749824839, -0.45299812104782583, -0.2851145966773979, -0.6072383006926665, -0.2968604734518391, 0.6424682963319938, 0.628534840730569, 0.29920899175296173, 0.07528174399002323, -0.004054878483654652], [-0.560732702435127, -0.483909751624628, -0.568069008158288, 0.4273398925970735, 0.5111145291648594, -0.16472217874356368, -0.054812107650424796, 0.0245434513764832, -0.035407942710556445, -0.06831155897202715, 0.41133662362824974, 0.5798958679462616, 0.08461444691703324]], "inverted": false, "swapped": true, "error_lsq": 0.04515606364156091, "error_max": 0.34045335242768976, "target": "808.xyz", "model": "22.xyz", "model_rescale": 4.166573947596378, "target_rescale": 4.190566355084404},
{"mapping": [11, 8, 3, 4, 9, 12, 14, 10, 0, 1, 6, 13, 2, 5, 15], "R": [[-0.21108528897798282, 0.45214574739630653, 0.8666067296579905], [0.9439133589938127, 0.3245917663557798, 0.060562000685684514], [-0.2539105580516483, 0.8307854165339392, -0.4953029579806991]], "T": [-0.057835688652918556, 0.04260958907157848, -0.05852749657000529], "aligned_model": [[-0.3714858401529198, -0.11011779068301114, -0.5375094279950651, -0.5996665079835029, 0.07119956673640693, 0.02369958019034906, 0.5990080656946656, 0.6595571468497412, -0.19835998113602313, -0.3790714322959176, -0.25721419517214705, 0.6944499033930831, -0.6750182856326249, 0.2799220220561945, -0.07106392760156544], [0.6735559251177579, -0.5682581783682215, 0.07944925403345374, -0.44565064873559385, 0.1713956920246063, 0.682326719974775, 0.4727375377462934, -0.15798424452215132, -0.706279489150419, -0.21941370750669537, 0.363897081461657, 0.03438933954995067, 0.15687757806547503, -0.24342341583089505, 0.017462111600483343], [-0.41296173718500556, -0.5859611821946682, -0.41905848675959184, -0.14726766089611615, -0.6305530281985139, 0.05764198131836147, -0.1561184457594586, -0.13631481300207882, 0.23502630527889629, 0.5213435666186357, 0.6018740406319619, 0.3298176519686929, 0.1840373563369399, 0.6451534184506782, 0.00436611632239696]], "inverted": false, "swapped": false, "error_lsq": 0.03845823089995118, "error_max": 0.32199721212053795, "target": "808.xyz", "model": "23.xyz", "model_rescale": 4.274766983524099, "target_rescale": 4.190566355084404},
{"mapping": [10, 8, 13, 11, 7, 6, 5, 4, 2, 1, 14], "R": [[0.9846169152641637, 0.08296109529632485, 0.15377576806154156], [-0.09865435733296497, 0.9903443353391101, 0.09739309647483173], [-0.14421112285431584, -0.11106553979056837, 0.9832942580510309]], "T": [0.04181497702724793, 0.0760962449887728, 0.009149661243116218], "aligned_model": [[0.22375689445288474, 0.13553669205718738, -0.36495935587316697, -0.4563214739740714, -0.582153374706066, -0.5867945385949173, -0.03030462287878137, -0.02809583076325335, 0.6340284504482381, 0.33905844077119107, 0.09614342301883019], [-0.3796220531705159, 0.7240215097658972, 0.4448953955489977, -0.13145210817063527, 0.4182170746825604, -0.24952402110465463, -0.6155922702966012, -0.025833050099083293, 0.0122333327099719, 0.674072263095274, 0.04417045828227259], [-0.6197945536392688, -0.29177639412048173, -0.4271361318756759, -0.26033740525239923, 0.20706217006695465, 0.37784412542728446, -0.06401468248395703, 0.6758072621373848, 0.421566539473693, 0.3924601070030865, -0.032114602715043225]], "inverted": true, "swapped": true, "error_lsq": 0.04665905976939233, "error_max": 0.26026319860144687, "target": "808.xyz", "model": "24.xyz", "model_rescale": 3.7841303162186577, "target_rescale": 4.190566355084404},
{"mapping": [5, 11, 3, 6, 13, 2, 14, 14, 7, 0, 8, 9, 4, 10, 15], "R": [[0.47346626446156337, -0.8695254267377696, -0.1405532947792853], [0.8193246491000054, 0.4933459710757827, -0.2920905205590321], [0.3233215362359369, 0.023136228728830865, 0.9460062891578688]], "T": [-0.09305569684192778, -0.0020905090539312284, 0.11080041083288976], "aligned_model": [[-0.3274329425058646, -0.06505231636279551, -0.47575368515064204, -0.692674767148751, 0.19251049539469445, -0.14534610035543002, 0.6519137385848628, 0.6519137385848628, -0.17133035347786044, -0.2869486355711113, -0.19064717103548123, 0.37323661084153503, -0.7427598176175565, 0.5028596299407744, -0.14615952785357392], [0.7090940502128149, -0.5852902711039879, 0.10701961154475793, -0.28740471145762936, -0.054423348564330384, 0.7376050294606148, 0.10028146677743956, 0.10028146677743956, -0.6300047557237171, -0.35816892251980087, 0.26564837861408963, 0.33422950404539403, 0.3521458778290762, -0.4564574644753403, -0.023474355956344315], [-0.3459517920290493, -0.38771881386078677, -0.5896559539469257, -0.17394373515461187, -0.6156383140650166, 0.2483113265061292, -0.1418643495806502, -0.1418643495806502, 0.2604745136626762, 0.7247577718329705, 0.6287285678526476, 0.21850854010001686, 0.015377769318442175, 0.3198236114679945, 0.0716802904079439]], "inverted": true, "swapped": false, "error_lsq": 0.04966088100933689, "error_max": 0.3663233272529172, "target": "808.xyz", "model": "25.xyz", "model_rescale": 4.19342608120988, "target_rescale": 4.190566355084404},
{"mapping": [9, 3, 8, 11, 13, 10, 7, 5, 1, 12, 4, 14], "R": [[0.5217895184634025, 0.24314963092028746, 0.8176881773665673], [-0.5318224683816585, -0.6567373666838973, 0.534659605099862], [0.6670086660202929, -0.713844722740477, -0.21336623741679725]], "T": [0.003127764025985545, 0.12665545058623953, -0.05114953382771892], "aligned_model": [[-0.25546917520000384, 0.4556955544068499, 0.028038807854079244, -0.5704224570534736, -0.47219253083892077, -0.4407977779108932, -0.17758121884185402, -0.28183073277050813, 0.6290424925132597, 0.2844661099222478, 0.39743762767863783, 0.0014218548723592267], [-0.5945834722226601, -0.4044719010723036, -0.4767310415422259, 0.30497509940633283, -0.16758532392455214, -0.13957954845681872, 0.38299962029984513, 0.49057085196996597, -0.08828557112186006, -0.05100410146078521, 0.6671996858708128, 0.08927212999522927], [0.09233692169721947, 0.06259391107786762, -0.4441528167830337, -0.10666321203509997, -0.47460726317345, 0.5558116614132346, -0.7198680526297729, 0.47358992133122757, -0.4447063945829226, 0.6015855355382416, -0.1608815719932984, 0.014219821349207781]], "inverted": true, "swapped": true, "error_lsq": 0.04288068698387625, "error_max": 0.2210428883593994, "target": "808.xyz", "model": "26.xyz", "model_rescale": 3.795458400668931, "target_rescale": 4.190566355084404},
{"mapping": [7, 4, 6, 11, 10, 3, 1, 8, 2, 5, 9, 12, 14], "R": [[-0.38966555119581514, -0.7947405935652649, 0.4653473403284821], [0.6082398251381878, -0.6014900806149482, -0.5179324261307547], [0.6915237330179841, 0.08122236059949033, 0.7177728434619953]], "T": [-0.07483199520818931, -0.10938935557123307, -0.10112353742416105], "aligned_model": [[0.039591727898858065, 0.4246363166755398, 0.6137874714172092, 0.09721438028441734, -0.20175302933950381, -0.5778528498926849, -0.3769950530401033, -0.7471190381110605, -0.00551046819727069, 0.39485150842255834, -0.7461683823319485, -0.1172465642239719, -0.0977596367407824], [-0.7487544196305113, -0.42368096475298483, -0.36996701043602775, -0.053747794922550454, 0.6312595556838976, -0.006978789960036785, -0.5953585732786387, -0.36337423868420143, -0.005005148772472143, 0.3839758203089376, 0.23967738346739575, 0.47330497609395816, -0.039469291859851416], [-0.45279391387759027, 0.23273518852903677, -0.4093711727942544, -0.6765743025919262, -0.368860526611988, 0.38501793954802666, 0.4140340100506189, -0.1527879400274999, 0.6124459506983384, -0.2591598297977098, -0.2884899983803787, 0.3409687292644127, -0.08502747190965988]], "inverted": true, "swapped": true, "error_lsq": 0.046615915725335084, "error_max": 0.24733362592991928, "target": "808.xyz", "model": "27.xyz", "model_rescale": 3.6321398670334006, "target_rescale": 4.190566355084404},
