[{"mapping": [9, 6, 4, 2, 3, 0, 12, 5, 8, 11, 1, 13], "R": [[-0.4924689511752196, -0.6488382515984131, -0.5800717674487302], [0.5287051300283182, -0.752451854318489, 0.39279395669282713], [-0.691335821153597, -0.11324809135425606, 0.713603287684761]], "T": [0.0015354386380260696, 0.05290207701475442, 0.13833045488072512], "aligned_model": [[0.47833276100003785, -0.3036919181783649, 0.16046521388010676, -0.3275601178564963, -0.4867020570844961, -0.20784201203987138, 0.2598476160662639, -0.22911487965830662, 0.38180073929973996, 0.4961693218788037, -0.30950352350747967, 0.1485116297882514], [-0.40080437685947434, 0.6307802583186203, 0.41458022722738275, -0.15926654122415748, 0.1398499214695471, -0.6671011358766727, -0.3693296563456874, 0.5974326307599708, 0.6898931006900615, 0.4468199403272367, -0.24735148639794147, 0.08712923093943276], [-0.18347373848150353, -0.25845582564251735, -0.7319192040168543, -0.5234390197400487, -0.02678927717149715, -0.04379283070976006, 0.4385220442188097, 0.6102289261108468, -0.10706691367167165, 0.4336741180203937, 0.5206218033420742, 0.07695974994271712]], "inverted": true, "swapped": false, "error_lsq": 0.05033512130675896, "error_max": 0.24265441748131877, "target": "810.xyz", "model": "0.xyz", "model_rescale": 3.8414455957264533, "target_rescale": 3.892307763814336},
{"mapping": [13, 2, 7, 9, 6, 8, 12, 3, 4, 1, 10, 14], "R": [[0.8402439017729754, -0.5421963158889291, 0.003652474476196821], [0.5381494521605334, 0.8347573450796787, 0.11651326952259278], [-0.066221995384045, -0.09593398705359399, 0.9931824190224857]], "T": [0.05079696985501619, 0.12257108752856974, -0.013624800283125026], "aligned_model": [[0.47628014552035364, -0.4360737449125007, 0.1752520869000271, -0.11636477098855341, -0.7270225048433578, -0.16226972647232077, 0.2112129473120798, 0.1013421338728537, 0.1476448324258734, 0.5954060207838584, -0.2855190488055412, 0.08082440279541614], [-0.4177741510527089, 0.616186659654213, 0.34978848958553943, -0.13755724097318492, 0.06175366242063077, -0.6381368209525978, -0.47125579658134653, 0.6821464444544788, 0.6554365259727862, 0.4211282741777074, -0.09461622864709601, 0.13553229496989658], [-0.33274560970740963, -0.2664197798125288, -0.6017048783157988, -0.6218187538065646, -0.050029186925785965, -0.028739640372696256, 0.43795674246621713, 0.5319918126931545, -0.06354624733046121, 0.588672866253347, 0.5414450202756159, 0.07000748678389915]], "inverted": true, "swapped": false, "error_lsq": 0.04324291165645772, "error_max": 0.278778719750835, "target": "810.xyz", "model": "1.xyz", "model_rescale": 4.316132596720782, "target_rescale": 3.892307763814336},
{"mapping": [6, 5, 3, 4, 0, 2, 8, 9, 7, 10, 1, 11], "R": [[0.21397549887441217, 0.9078630249092706, -0.3605540373980511], [-0.25276677225893585, 0.40799043838066407, 0.877298558662758], [0.9435695229940639, -0.09658431649363342, 0.31677756404804297]], "T": [-0.005283286913028821, 0.128243631447845, 0.06335516567317634], "aligned_model": [[0.5701005429127548, -0.3729856768955181, 0.26263769550430904, -0.1851177915500443, -0.7007944388224433, -0.3113615242980023, 0.32051407485548156, -0.24533282696481132, 0.35219646369946955, 0.5541915515596376, -0.2114071507096801, 0.028071854297035206], [-0.28439756548000616, 0.5638596822991138, 0.4031314124077637, -0.22902332725196062, 0.022877062786090654, -0.6496739307776613, -0.4558684161825928, 0.6675886602285199, 0.944628260917937, 0.14330824377266718, -0.027286398089599928, 0.0634884283980468], [-0.3546838922777212, -0.23796441643012545, -0.4692535686699355, -0.5956968825749824, -0.03191383434536041, 0.10678074253100073, 0.4371269017508883, 0.5121698974751894, -0.015292685198688677, 0.3531771130146014, 0.540765498710102, -0.040145041783979485]], "inverted": false, "swapped": false, "error_lsq": 0.04112491086478953, "error_max": 0.26631108697303624, "target": "810.xyz", "model": "2.xyz", "model_rescale": 3.795458400668931, "target_rescale": 3.892307763814336},
{"mapping": [9, 0, 4, 7, 1, 8, 3, 2, 10, 5, 6, 11], "R": [[0.30248049152620604, 0.8879906572336712, 0.34637861497468037], [-0.6732888417157702, 0.4562862772037166, -0.5817946105427669], [-0.6746759873206558, -0.05723133670714159, 0.7358918984685268]], "T": [-0.03612398869359318, 0.1603071022096533, 0.008617086501815469], "aligned_model": [[0.4937623504699858, -0.42498979558898287, 0.315978208918299, -0.15315340619693704, -0.6596891323965057, -0.24956105577977025, 0.33610891273341187, -0.3276696968796789, 0.2865443026303564, 0.648793395846861, -0.1416222283158726, -0.06378908185297857], [-0.48541994594684656, 0.6301788999796097, 0.489822995591771, -0.19685867852919228, 0.08676484993976177, -0.5698665933594315, -0.40595016059157885, 0.5773871270954178, 0.8012284999402289, 0.1396437471027207, -0.10580883811279576, 0.201510209918653], [-0.22973494234247016, -0.4814970043625134, -0.41375484884552444, -0.6562430620437347, 0.05363808881728185, 0.1870937788848036, 0.4303580081066073, 0.5820023533988141, 0.1639092984936959, 0.16445616266441532, 0.5237371932379075, -0.11889519380829397]], "inverted": false, "swapped": false, "error_lsq": 0.05495008582389169, "error_max": 0.27780153201994207, "target": "810.xyz", "model": "3.xyz", "model_rescale": 3.7530521520055578, "target_rescale": 3.892307763814336},
{"mapping": [1, 7, 8, 9, 2, 10, 3, 4, 5, 0, 11], "R": [[0.9917010017440889, 0.09010843071909297, -0.09170383772292937], [0.12618723406383842, -0.5456349228488563, 0.8284680518445121], [0.024615139631718543, -0.8331644505624717, -0.5524772332140447]], "T": [-0.059423679469570806, 0.05894960438868978, 0.12091806451509052], "aligned_model": [[-0.36081495440864986, -0.18687353442022706, 0.20254366873482862, 0.5472725979165685, 0.31933004283258093, -0.3618639925167534, -0.25116821095993336, -0.6727817887023143, -0.29586121388758024, 0.42047636735675364, -0.022059379500068386], [-0.6895068069986408, 0.11028612660829383, -0.32957645662977986, 0.3079351506457566, -0.582513781429053, 0.5381359330070431, -0.35596335337994106, -0.044008322412892556, 0.4112675781345862, 0.024072524568690398, 0.0770747662002833], [-0.2534203795827448, -0.7371112561850917, -0.4710697198522282, -0.27668627099899473, 0.09611435462486828, -0.1753454438285253, 0.5955908813265613, 0.03831890506077999, 0.7393794320356832, 0.5192559880663941, 0.017804286578614326]], "inverted": false, "swapped": true, "error_lsq": 0.054045987329857034, "error_max": 0.2968399364167309, "target": "810.xyz", "model": "4.xyz", "model_rescale": 3.7855080009869324, "target_rescale": 3.892307763814336},
{"mapping": [5, 15, 10, 9, 14, 2, 1, 13, 8, 6, 12, 16], "R": [[0.8361794771205702, -0.502221515328739, 0.22040288469817004], [-0.27672744270648975, -0.7332923875680204, -0.6210508809976188], [0.4735248720980728, 0.4583184742902005, -0.7521425208222219]], "T": [0.12568996470127652, 0.05167698348240517, 0.061834590512924725], "aligned_model": [[0.6701766615586877, -0.3582810220135144, 0.27613080937545126, -0.29292468129851784, -0.5485925806455805, -0.2851184752778476, 0.22086518178695236, -0.12814758555097255, 0.1775493809659851, 0.5449961070823548, -0.2913855368205316, 0.07544451442572161], [-0.30218309163392276, 0.6110083143699606, 0.31265004774253063, -0.07304508002221884, 0.0003175840562888166, -0.5491862098408624, -0.5138989585887064, 0.5836461678981617, 0.7403397445279893, 0.36623914550443476, -0.0523739509999392, 0.03911840001460198], [-0.4213015484823646, -0.3018117390323128, -0.6016598601486356, -0.5004110891313547, 0.04176820907477034, -0.06459932950055619, 0.5559696639416776, 0.48307433672566047, -0.07367952852039358, 0.4508205455967653, 0.5893634447700504, 0.047536726907682306]], "inverted": true, "swapped": false, "error_lsq": 0.0382998757618829, "error_max": 0.2306402400412187, "target": "810.xyz", "model": "5.xyz", "model_rescale": 4.2253639853439635, "target_rescale": 3.892307763814336},
{"mapping": [9, 10, 8, 1, 4, 0, 7, 2, 5, 11, 3, 13], "R": [[0.366297683701319, 0.6847613585975741, 0.6300221334894934], [-0.8931231581314195, 0.06876635286782873, 0.4445247047382371], [0.2610690164006598, -0.72551572724846, 0.6367651829291]], "T": [0.07410097297654325, 0.08510256662817947, 0.030128399271717426], "aligned_model": [[0.3331315563273042, -0.25423425207366335, 0.40647572589043557, -0.34292365344910003, -0.6303942432551489, -0.08365665575727754, 0.20366629239716932, -0.31481866149181037, 0.20821333046553964, 0.7713042457022486, -0.2777870709569037, 0.04173615978939454], [-0.2709396980645835, 0.6909691454514779, 0.37370835295441673, -0.06177717505745686, 0.018555616076520065, -0.7003991057981875, -0.43186213948749375, 0.5425266676753241, 0.6988310422689155, 0.3404915571452001, -0.11095711746183351, 0.07348496732601935], [-0.39264043842424634, -0.3354316410025462, -0.5632505684404306, -0.5557236165097255, 0.04314015877849278, -0.003964158835026571, 0.6177945771831896, 0.329588449601384, 0.10818286876019115, 0.26301860695862556, 0.6138619665004307, 0.0804936276306496]], "inverted": false, "swapped": false, "error_lsq": 0.04468110033720452, "error_max": 0.2955036180967306, "target": "810.xyz", "model": "6.xyz", "model_rescale": 3.89814844738969, "target_rescale": 3.892307763814336},
{"mapping": [6, 11, 8, 9, 10, 5, 1, 4, 7, 0, 2, 12], "R": [[0.330348484436381, 0.8250459253167001, 0.45844203553873275], [-0.5337079662737577, 0.5638869403785238, -0.6302279946229594], [-0.7784765157450263, -0.036479303568704546, 0.6266127790307398]], "T": [0.09693712521338554, 0.20961129177402765, 0.030525124247083542], "aligned_model": [[0.48940657633279544, -0.3579836537841799, 0.22879308758533612, -0.3301995949837602, -0.5996667061592347, -0.05655992331004392, 0.28456728708290796, -0.24305942753566412, 0.3989063225327085, 0.5487610510858529, -0.24283397070979135, -0.05941827454873849], [-0.23315359999826918, 0.6944303489673194, 0.35029394804431585, -0.26286340402802516, -0.01336283739276331, -0.5474005318539299, -0.48043622574213957, 0.5946501437648659, 0.7883606427183907, 0.09380716502118566, -0.016147104025724, 0.19445356755309215], [-0.2970459849485747, -0.43136007343894983, -0.6179416580374347, -0.5957877074277889, 0.09320927608328303, -0.04660048114372172, 0.4815527929775423, 0.41993906205698517, 0.1022082617185866, 0.395839963398892, 0.6094349562779902, 0.09162142468417966]], "inverted": true, "swapped": false, "error_lsq": 0.04071572699291216, "error_max": 0.24349719085622268, "target": "810.xyz", "model": "7.xyz", "model_rescale": 3.7474275329858107, "target_rescale": 3.892307763814336},
{"mapping": [4, 7, 9, 8, 3, 2, 1, 10, 11, 12, 0, 14], "R": [[-0.6793376393081426, -0.6727099248482892, -0.29319230690768344], [0.6174816215548494, -0.3081426211968261, -0.723715808894585], [0.39650576144771726, -0.6726882502411935, 0.6247188960854375]], "T": [0.03345237709737048, 0.12379401526879408, 0.04621036270501745], "aligned_model": [[0.4011572694718653, -0.24035982241013176, 0.054360825854086775, -0.10422070317478177, -0.6147459401076489, -0.0085491485360496, 0.07619300142402416, -0.07260627582680998, 0.3435711628565254, 0.5297743118640001, -0.3721179642178445, 0.06825605639095324], [-0.3798960123098475, 0.7249739579235522, 0.5322150997382147, -0.18365004786710454, -0.1739588322996466, -0.7131943254930916, -0.4104293847283933, 0.7297462579886387, 0.6453021769512484, 0.2782386298237607, 0.03799535874369725, 0.07528923455728968], [-0.4263521348413012, -0.11958224230046137, -0.5965146909686423, -0.5468617972109506, -0.026705481403641, -0.03301012153344894, 0.5730693741848114, 0.4898732993708619, -0.08919839479508497, 0.3785565931693221, 0.5584256752552282, 0.04336975327429557]], "inverted": true, "swapped": false, "error_lsq": 0.05524366493104033, "error_max": 0.31320438717043453, "target": "810.xyz", "model": "8.xyz", "model_rescale": 4.019505241142653, "target_rescale": 3.892307763814336},
{"mapping": [11, 7, 8, 9, 1, 10, 6, 3, 4, 5, 2, 12], "R": [[0.939750136103306, 0.15410848555936088, 0.30515611803209514], [0.2072401612171483, -0.9667217810923008, -0.1500017117916326], [0.27188452929967916, 0.20420473216928617, -0.9404143927477726]], "T": [-0.04574087608092374, 0.06050752188594047, 0.045061038224181074], "aligned_model": [[0.4657906970725369, -0.32651555787270164, 0.21340754284850938, -0.09343744063551639, -0.6722501887192385, -0.2967499801124535, 0.23667900408051173, 0.11555897219834473, 0.11179090311141911, 0.5395852899758402, -0.22627129031859144, -0.006875178040472309], [-0.14714039887395627, 0.7307568610719636, 0.3076002288247318, -0.1570840792692478, -0.17586554355257872, -0.8186395670462154, -0.4803770868830679, 0.6245749158445714, 0.8744549560387317, 0.23627892736931116, 0.10073429592231832, 0.06733860358175621], [-0.2421101905997154, -0.4948606148525604, -0.5275856438845494, -0.6012508015767417, -0.04392860883220598, -0.002631560081982537, 0.4397060549839197, 0.6729711765079727, 0.02869081453287977, 0.32259015649044037, 0.6069887367784171, 0.04649031273511414]], "inverted": false, "swapped": false, "error_lsq": 0.047225965748608656, "error_max": 0.29893678726167294, "target": "810.xyz", "model": "9.xyz", "model_rescale": 3.877068213659057, "target_rescale": 3.892307763814336},
{"mapping": [2, 3, 13, 4, 5, 7, 8, 12, 6, 10, 0, 15], "R": [[-0.3154963804696949, 0.7029822318970493, 0.6373994160238656], [0.9138268544637402, 0.044080802867426494, 0.4037045489952641], [0.2557000468741216, 0.7098400273692703, -0.6563113754712513]], "T": [0.10176872031819262, 0.09835882289576296, 0.02464888670110083], "aligned_model": [[0.4326924429943514, -0.312859926806095, 0.4444801102004651, -0.2502140657038084, -0.6673143416584341, -0.12516058497644092, 0.2069872727130485, -0.2190654179711603, 0.1814442713626267, 0.6346803516623492, -0.3193898732352234, 0.054432535006509186], [-0.31225896009592935, 0.4458712885089087, 0.3684539827365336, -0.14878079309614217, 0.19471650144029284, -0.6602728675149526, -0.5440318838121052, 0.5957534953341199, 0.7076533281634029, 0.42161901405435454, 0.00163727741763868, 0.09227172989219642], [-0.3781387546319535, -0.3071334424781071, -0.6135015687866477, -0.49796072696529053, 0.1257522190333979, -0.17351169999535546, 0.438878499326025, 0.4805646807372344, -0.027472006818442998, 0.36335055698056495, 0.6932567069890646, 0.10098536881049935]], "inverted": false, "swapped": false, "error_lsq": 0.04194266963000056, "error_max": 0.27446713619271673, "target": "810.xyz", "model": "10.xyz", "model_rescale": 4.260839863003843, "target_rescale": 3.892307763814336},
{"mapping": [7, 2, 8, 1, 3, 0, 6, 4, 9, 10, 5, 11], "R": [[-0.6526825422592339, -0.46035020874586474, -0.6017334828125007], [0.6093588708131428, 0.15298760380572812, -0.7779952182649411], [0.45020802479670996, -0.8744555325397744, 0.1806661451939035]], "T": [0.024916169348837898, 0.12837305403010255, -0.004349502020922234], "aligned_model": [[0.4228880889981021, -0.4270637771874757, 0.3850765797750496, -0.3038532160021201, -0.6646865544830592, -0.10222431679426719, 0.21896582553330002, -0.14683489836423944, 0.33560505353748926, 0.5551536176214243, -0.23697355528348496, 0.024659926237469425], [-0.3284787596653018, 0.5433962239627204, 0.46169428546263014, -0.09919428522916116, -0.03419344575616043, -0.7394537647335592, -0.496433107947563, 0.6793127995284204, 0.8606283814595438, 0.21485761811344908, 0.017979536218372644, 0.08251663161492755], [-0.254370302707874, -0.31066147124439497, -0.528558279605454, -0.6071632713557841, 0.03870032775386225, -0.03166577689260768, 0.5202620929173319, 0.4462831933873094, 0.050494037708236385, 0.3192280940312309, 0.6087067316192349, -0.04618554341010244]], "inverted": true, "swapped": false, "error_lsq": 0.03297806510264086, "error_max": 0.2040003880987816, "target": "810.xyz", "model": "11.xyz", "model_rescale": 3.890672605050136, "target_rescale": 3.892307763814336},
{"mapping": [0, 10, 2, 4, 12, 3, 8, 9, 11, 6, 5, 13], "R": [[0.1100973953358953, 0.0352798426210455, 0.9932944660295285], [0.5591201610830532, -0.8284474908614652, -0.03254843092690368], [0.8217440045480785, 0.5589544593166575, -0.1109355822056689]], "T": [0.12928370176517054, 0.10866462893311665, 0.06816124708695208], "aligned_model": [[0.4424421783044188, -0.4235423227113, 0.11857326449319505, -0.11180169715143337, -0.6058643549995987, 0.001598189755613294, 0.257490256360526, -0.06454286659182484, 0.23366232499839593, 0.5910763994634749, -0.3619856844806073, -0.016392913852671165], [-0.3218274022673915, 0.6214758133407499, 0.4034800895101692, -0.10515103262023351, 0.22986349516456664, -0.7704119826398612, -0.4701509136345363, 0.6464428036989415, 0.6206075540178686, 0.21978656134797903, 0.050109393032781696, 0.038407734077284275], [-0.18738311186407924, -0.4124098509313777, -0.5787802219849195, -0.5541069725168348, 0.06872356751831409, -0.18478909786292996, 0.4777057414694728, 0.5964095903554287, -0.10441252949239004, 0.39443990779044746, 0.6683261047064335, 0.02134670501342352]], "inverted": true, "swapped": false, "error_lsq": 0.04019394064712469, "error_max": 0.23956053034978617, "target": "810.xyz", "model": "12.xyz", "model_rescale": 4.124412569039231, "target_rescale": 3.892307763814336},
{"mapping": [8, 3, 9, 6, 0, 1, 2, 5, 7, 10, 4, 12], "R": [[-0.5584646300007474, -0.37907094796187896, 0.7378498989966799], [0.10995568281695872, 0.8478048905187849, 0.5187837848552008], [-0.8222086139504893, 0.370853183920151, -0.4317880395771772]], "T": [-0.02648728138442489, 0.17405365803366085, -0.026655526165006712], "aligned_model": [[0.40736747307999777, -0.46955516520901086, 0.32789566566734246, -0.11246418104678324, -0.5833773189414194, -0.30944849265957186, 0.35203734098377226, -0.2221076231587286, 0.2356596582332173, 0.5573939168342289, -0.17942383723836028, 0.056735337043503344], [-0.3226038499200104, 0.4242522128752056, 0.379197178861045, -0.1499863030616237, 0.21586671811553862, -0.5873455098058247, -0.4883435108148096, 0.6626720843311333, 0.738412327994638, 0.23999757188981197, -0.09305736371013767, 0.14357055627335222], [-0.3094938063187135, -0.526500411348733, -0.5175426157302558, -0.6056364335547881, 0.13111819620467022, -0.08205010203460839, 0.3737750103971608, 0.5180743100280354, 0.04986864129224272, 0.41982383381660826, 0.6969039860356463, 0.05672922341372377]], "inverted": true, "swapped": false, "error_lsq": 0.043440038511353786, "error_max": 0.3108412915006265, "target": "810.xyz", "model": "13.xyz", "model_rescale": 3.9028299243045295, "target_rescale": 3.892307763814336},
{"mapping": [10, 8, 4, 13, 12, 14, 9, 2, 0, 3, 1, 15], "R": [[0.6867721643893494, 0.6109480928831421, -0.3938101344841448], [-0.1567921158558967, 0.6535479267410691, 0.7404669741844545], [0.7097606826426776, -0.44678578228822596, 0.5446303683414087]], "T": [0.025203071187930314, 0.10917362833366148, 0.07818203802514052], "aligned_model": [[0.3750862955410657, -0.39901989051934006, 0.5191296221178168, -0.3480725345701629, -0.6505778217322712, -0.14458050562781044, 0.2959464615450027, -0.21454669458295292, 0.28929843434196434, 0.5238637708474219, -0.27653159686983725, 0.09071723309729178], [-0.34544298613872815, 0.682512130923965, 0.30091962259498306, -0.24381960244635323, 0.008425532812129655, -0.7389040122490427, -0.5343638092103131, 0.6906483124959295, 0.8789647873261172, 0.41278855790820645, 0.026935752935949825, 0.023967826075474832], [-0.3974838796217837, -0.21817079183387084, -0.34446830191788164, -0.529034935522742, -0.0537660387840556, -0.10887010810069282, 0.4149357158386949, 0.4610096899090943, -0.07958874489210209, 0.2969168692539633, 0.6477361422899991, 0.11585421558236625]], "inverted": true, "swapped": false, "error_lsq": 0.04658154142934765, "error_max": 0.323590177924942, "target": "810.xyz", "model": "14.xyz", "model_rescale": 3.942246331269136, "target_rescale": 3.892307763814336},
{"mapping": [0, 10, 7, 5, 4, 1, 12, 11, 6, 8, 13, 14], "R": [[0.8998483814583571, -0.42898409164984164, 0.07902872577825927], [-0.3446711096906798, -0.8103009264193963, -0.4739348423448771], [0.26734755755639594, 0.3992305821893262, -0.8770064000413003]], "T": [-0.08713004197891686, 0.11432592349027118, -0.0647232315923252], "aligned_model": [[0.5646556822180917, -0.5866850955305468, 0.5845525655064183, -0.21112282700840973, -0.6090005864802635, -0.0620343576008849, -0.039558497705409076, -0.08805074005421437, 0.15899886282503398, 0.5859993639379635, -0.2153757647633512, -0.021665831756239887], [-0.19524127206640754, 0.6047512604957563, 0.4077648845994388, -0.252130321587133, 0.18236610234366415, -0.6896754346236044, -0.5302055259564412, 0.6385852889886827, 0.6147945982418368, 0.32837763307874035, 0.009698902079832344, 0.04354599743395239], [-0.20636010545083588, -0.20230322046151472, -0.5048545290865076, -0.5678287552089056, 0.1935124084074063, -0.16266943395495165, 0.43566903154960457, 0.4244212201382521, -0.10644920852325095, 0.2513773770752834, 0.7312265579569865, -0.08067151024057795]], "inverted": true, "swapped": false, "error_lsq": 0.05655497963541741, "error_max": 0.2953846456734025, "target": "810.xyz", "model": "15.xyz", "model_rescale": 4.355366556412066, "target_rescale": 3.892307763814336},
{"mapping": [6, 5, 3, 4, 0, 2, 8, 9, 7, 10, 1, 11], "R": [[0.21397549887441217, 0.9078630249092706, -0.3605540373980511], [-0.25276677225893585, 0.40799043838066407, 0.877298558662758], [0.9435695229940639, -0.09658431649363342, 0.31677756404804297]], "T": [-0.005283286913028821, 0.128243631447845, 0.06335516567317634], "aligned_model": [[0.5701005429127548, -0.3729856768955181, 0.26263769550430904, -0.1851177915500443, -0.7007944388224433, -0.3113615242980023, 0.32051407485548156, -0.24533282696481132, 0.35219646369946955, 0.5541915515596376, -0.2114071507096801, 0.028071854297035206], [-0.28439756548000616, 0.5638596822991138, 0.4031314124077637, -0.22902332725196062, 0.022877062786090654, -0.6496739307776613, -0.4558684161825928, 0.6675886602285199, 0.944628260917937, 0.14330824377266718, -0.027286398089599928, 0.0634884283980468], [-0.3546838922777212, -0.23796441643012545, -0.4692535686699355, -0.5956968825749824, -0.03191383434536041, 0.10678074253100073, 0.4371269017508883, 0.5121698974751894, -0.015292685198688677, 0.3531771130146014, 0.540765498710102, -0.040145041783979485]], "inverted": false, "swapped": false, "error_lsq": 0.04112491086478953, "error_max": 0.26631108697303624, "target": "810.xyz", "model": "16.xyz", "model_rescale": 3.795458400668931, "target_rescale": 3.892307763814336},
{"mapping": [6, 11, 8, 9, 10, 5, 1, 4, 7, 0, 2, 12], "R": [[0.330348484436381, 0.8250459253167001, 0.45844203553873275], [-0.5337079662737577, 0.5638869403785238, -0.6302279946229594], [-0.7784765157450263, -0.036479303568704546, 0.6266127790307398]], "T": [0.09693712521338554, 0.20961129177402765, 0.030525124247083542], "aligned_model": [[0.48940657633279544, -0.3579836537841799, 0.22879308758533612, -0.3301995949837602, -0.5996667061592347, -0.05655992331004392, 0.28456728708290796, -0.24305942753566412, 0.3989063225327085, 0.5487610510858529, -0.24283397070979135, -0.05941827454873849], [-0.23315359999826918, 0.6944303489673194, 0.35029394804431585, -0.26286340402802516, -0.01336283739276331, -0.5474005318539299, -0.48043622574213957, 0.5946501437648659, 0.7883606427183907, 0.09380716502118566, -0.016147104025724, 0.19445356755309215], [-0.2970459849485747, -0.43136007343894983, -0.6179416580374347, -0.5957877074277889, 0.09320927608328303, -0.04660048114372172, 0.4815527929775423, 0.41993906205698517, 0.1022082617185866, 0.395839963398892, 0.6094349562779902, 0.09162142468417966]], "inverted": true, "swapped": false, "error_lsq": 0.04071572699291216, "error_max": 0.24349719085622268, "target": "810.xyz", "model": "17.xyz", "model_rescale": 3.7474275329858107, "target_rescale": 3.892307763814336},
{"mapping": [1, 10, 3, 11, 12, 7, 2, 4, 8, 0, 9, 13], "R": [[-0.4284919874967304, 0.26584689299152514, 0.8635508358735199], [0.45247217084671193, 0.8903983052509556, -0.04959629638884555], [-0.7820892220586894, 0.36948110573205073, -0.5018168602654313]], "T": [-0.03584168135340658, 0.09800627981277278, 0.032135757841067925], "aligned_model": [[0.48348667899426434, -0.3677812075739943, 0.2907020936816214, -0.17301192118861747, -0.7695712816388153, -0.29518104523852956, 0.3458853580931562, 0.0027303338077129397, 0.20035462659323366, 0.7107115065303236, -0.40678523989851234, 0.039172871426345166], [-0.24657757852653267, 0.5139887106473272, 0.3301921178680333, -0.15786350457368586, -0.045004811015396426, -0.6013264158087616, -0.3552818853830131, 0.6502286711324459, 0.7744589457659755, 0.2702765085770518, -0.04268837918518366, 0.07222973353005778], [-0.2679949395563724, -0.4074255446332098, -0.5156306895630093, -0.6292655126049694, 0.011505079746265412, -0.07320254103771315, 0.42283644949451604, 0.6508347575106956, -0.026834964181649407, 0.36698452478371657, 0.5709585999324344, 0.10230461231028401]], "inverted": true, "swapped": false, "error_lsq": 0.039848747879537995, "error_max": 0.1998648148108633, "target": "810.xyz", "model": "18.xyz", "model_rescale": 3.922800546911778, "target_rescale": 3.892307763814336},
{"mapping": [3, 11, 9, 7, 13, 12, 5, 6, 10, 1, 8, 14], "R": [[-0.02565182025862678, 0.39973649663082567, -0.9162710938247116], [0.6783833127416794, -0.6662637022604304, -0.30965910295654153], [-0.7342602162115583, -0.6295263396487386, -0.25408369207294074]], "T": [0.04718758938360468, 0.11064842974284982, 0.10219367428798025], "aligned_model": [[0.33184834706554295, -0.3665256386499284, 0.33838715407824693, -0.19304513720269964, -0.6275342273691915, -0.20383803973577497, 0.2720992042741186, 0.03125536724108707, 0.09718291837784479, 0.5900011064129995, -0.24132950423548005, 0.03221122333142274], [-0.28989350781844336, 0.45231010294406854, 0.39323394924959526, -0.13513256930276252, 0.03232818213564302, -0.6171913481325074, -0.520282552221183, 0.6089168628086652, 0.8886608240761154, 0.27183887823759295, -0.00899271256034126, 0.08683600361187543], [-0.307298270535963, -0.36615691958825514, -0.6035622492448921, -0.6189796451323283, 6.554088323558471e-05, -0.058583923138041075, 0.4680824301564242, 0.5788932702819881, -0.1046826863864171, 0.5790103570708798, 0.6283443540172787, 0.00993757381707877]], "inverted": false, "swapped": false, "error_lsq": 0.04087568374384316, "error_max": 0.2442578688335471, "target": "810.xyz", "model": "19.xyz", "model_rescale": 3.9282355846067225, "target_rescale": 3.892307763814336},
{"mapping": [7, 3, 5, 6, 4, 8, 9, 0, 1, 10, 11, 13], "R": [[-0.8863279234439984, 0.39070426696767335, -0.2485417226477339], [0.2761657402024316, 0.8768428170990261, 0.39354689433444523], [0.37169247512142756, 0.2801728928270846, -0.8850694063535413]], "T": [0.08916066665369174, -0.008043055413696806, -0.0449971954683665], "aligned_model": [[0.5796329810209686, -0.37859868070544433, 0.18300950161314894, -0.12827611064562128, -0.5184957495209495, -0.3867157751622047, 0.1511102421409811, -0.232319487062679, 0.17347264099905335, 0.633962130936683, -0.13757268086685048, 0.12150376084110201], [-0.25222270529535623, 0.5293760306864106, 0.37472038016596354, -0.13520058554312536, 0.031730315898487085, -0.598222948477421, -0.5364153120125121, 0.5736234503576547, 0.7365317717334705, 0.27394425672168027, 0.027520046227307013, 0.1372474125657595], [-0.34149506022037457, -0.2873543451360364, -0.6215166667862047, -0.6478207720362845, 0.12393949017470707, 0.017058304498345084, 0.3970546496713239, 0.4005491826193511, -0.04421357096280465, 0.5599068211336389, 0.6337446009827987, 0.015217198262528535]], "inverted": true, "swapped": false, "error_lsq": 0.045453728828394095, "error_max": 0.2529981649773026, "target": "810.xyz", "model": "20.xyz", "model_rescale": 4.067790424073018, "target_rescale": 3.892307763814336},
{"mapping": [11, 0, 3, 12, 7, 10, 13, 4, 2, 6, 5, 14], "R": [[0.3309057075782552, 0.7735726109915295, -0.5404505788838438], [0.37496475265038093, 0.41777619378464337, 0.8275653969183672], [0.8659693106351822, -0.4764960308654877, -0.15181793572389063]], "T": [-0.07589286574953791, 0.08100644620894525, 0.07499074990183652], "aligned_model": [[0.4019741482667733, -0.41301402913974394, 0.4149270909472386, -0.06983932732469703, -0.8138471109596428, -0.12338053397811843, 0.1447121273002334, 0.006216452798163574, 0.1321286048301975, 0.592267592097599, -0.12922594218202446, -0.08220629906779031], [-0.25906251217582466, 0.5771600514379766, 0.37095273099055764, -0.19831813949059457, 0.10543519946985501, -0.7292613110496672, -0.5028218710940665, 0.6571033999506506, 0.7868702941667021, 0.3237689941131974, 0.02277369077358464, 0.008031585935947536], [-0.19709099229594512, -0.3053235289960605, -0.5564931681042631, -0.6384200696082174, -0.032204050341870016, -0.03680327707178521, 0.39216804737730504, 0.6262101748438809, -0.035486521349063646, 0.28038025937082445, 0.6599955789507408, 0.048137379425442176]], "inverted": true, "swapped": false, "error_lsq": 0.040957458805525794, "error_max": 0.19991546612588595, "target": "810.xyz", "model": "21.xyz", "model_rescale": 4.186013935880536, "target_rescale": 3.892307763814336},
{"mapping": [5, 7, 6, 0, 1, 2, 8, 10, 4, 11, 9, 12], "R": [[-0.7670194339020968, 0.22632977480045166, -0.6003798972777854], [0.6352856382609716, 0.39908832658690424, -0.661166140543672], [0.08996302482607571, -0.8885400050762158, -0.4498925577771894]], "T": [0.051114815427550905, 0.09151830871570513, 0.008714965577762869], "aligned_model": [[0.4852867361088106, -0.41975628638150736, 0.14074234869549704, -0.23577034974550487, -0.6529271635810494, -0.011822568184527996, 0.18034831664254236, -0.16495234354119664, 0.32449013242303415, 0.5700456750250922, -0.2453288210518194, 0.09035709717881792], [-0.4201601580825257, 0.6343703819040722, 0.37023205583857577, -0.15227341217946735, -0.03997670598027525, -0.6458415254310748, -0.4184423675137985, 0.7494043517648344, 0.7644726656165683, 0.13526285205116986, 0.07327223943779303, 0.11231173560244609], [-0.37627680838866095, -0.1393247993405473, -0.4647176077230466, -0.60776775099503, -0.14013794449155204, -0.036435489526153345, 0.566305264602843, 0.4743332317725061, 0.012525261397039368, 0.3661546900035575, 0.5539112711275388, -0.003499486237505964]], "inverted": true, "swapped": false, "error_lsq": 0.04442026047511088, "error_max": 0.253787143706834, "target": "810.xyz", "model": "22.xyz", "model_rescale": 4.166573947596378, "target_rescale": 3.892307763814336},
{"mapping": [10, 11, 9, 14, 12, 13, 5, 2, 3, 0, 6, 15], "R": [[0.852160714783022, 0.5060625924402153, -0.1331268895196529], [-0.3898674330534202, 0.7837021665435814, 0.4835434818082385], [0.34903509970320523, -0.36015492039896624, 0.8651375222978069]], "T": [0.10532826977334972, 0.19737284593176624, 0.010484749633688815], "aligned_model": [[0.36667301258686036, -0.42587941149804265, 0.14463679924878645, -0.23785323364063052, -0.5351115500186723, 0.05834987775447687, 0.21253021738372166, -0.11092651571879161, 0.13541658509064197, 0.736093031001162, -0.3948403976486693, 0.11162435904734545], [-0.39368956107604464, 0.6999352056050714, 0.38988467935527504, -0.27857635915655904, 0.12224016959332873, -0.6453208134831421, -0.47504837097814295, 0.6112747127227862, 0.7950088960386374, 0.10457847973650636, 0.057885972705729455, 0.17445910196487205], [-0.3680458165428774, -0.2850534059812408, -0.5568275098711557, -0.5202473608613873, -0.10601964255906468, -0.05639997179786202, 0.4873698832657678, 0.4949724704355154, -0.04741600088034989, 0.5206619584872947, 0.5667961267362691, 0.07527910177007938]], "inverted": true, "swapped": false, "error_lsq": 0.04485132679284664, "error_max": 0.24925532328761263, "target": "810.xyz", "model": "23.xyz", "model_rescale": 4.274766983524099, "target_rescale": 3.892307763814336},
{"mapping": [4, 8, 7, 10, 9, 6, 5, 0, 3, 2, 11], "R": [[-0.4094403028357787, 0.09994775574043435, -0.9068456784570329], [0.47353924746391374, 0.8728867964033598, -0.11759771161034557], [0.7798199917449258, -0.47757626279698007, -0.40472421929977664]], "T": [0.005300926808995458, 0.03234898776821299, 0.04378210701376373], "aligned_model": [[0.25243208989907506, 0.014904729851861042, -0.3485009425030417, -0.4314447806786395, -0.5607169058586048, -0.6003994586689406, 0.029524391255513528, 0.04696571724368725, 0.6147752648470511, 0.42635899292344615, -0.06400439435333277], [-0.20389085460634035, 0.7636499964715018, 0.4929753529000992, -0.19024841554969965, 0.5022495569637806, -0.355724226901715, -0.6832950844661907, 0.05938978668123819, -0.17043866433954322, 0.5899079476841922, 0.1110111364061603], [-0.482286378166631, -0.14366263175626928, -0.602546608299472, -0.36678497629191176, 0.26053231123669085, 0.27982134009563486, 0.2669231186353189, 0.6664589151670958, 0.19092560950777637, 0.3033644498342766, 0.006821284059068143]], "inverted": false, "swapped": true, "error_lsq": 0.054027875676893, "error_max": 0.2705031954169421, "target": "810.xyz", "model": "24.xyz", "model_rescale": 3.7841303162186577, "target_rescale": 3.892307763814336},
{"mapping": [4, 11, 6, 3, 13, 5, 2, 10, 7, 8, 9, 15], "R": [[0.0077703486464612, 0.6206800647897184, 0.78402543253044], [-0.5980571812764885, -0.6254837377618335, 0.5010964994081553], [0.8014157657580326, -0.47278573473415725, 0.3663419433075462]], "T": [0.0662283054460682, 0.18526817803119355, 0.13485367559939565], "aligned_model": [[0.4432963797964581, -0.37876543405698204, 0.21387060773108615, -0.20869003796111715, -0.6737337999969106, -0.06935623205065225, 0.2661466036655179, -0.19827506972429657, 0.17787338477631462, 0.5445508121087664, -0.12528703946772768, 0.06908259876773096], [-0.2984967304207108, 0.6089824622612234, 0.26497772710497375, -0.17712083554307373, 0.09567736311592501, -0.6529520457335876, -0.4870499354762089, 0.7836571577257011, 0.8035642783690125, 0.05157343169161385, -0.015136849552622761, 0.18495608948607284], [-0.28999397181619796, -0.3254444303115573, -0.5679084396326812, -0.5300493210340003, -0.10269540493398063, -0.08501545617494874, 0.4120071641470025, 0.5558331273317222, -0.03263025995457919, 0.4554641527519232, 0.6499268802099667, 0.06557579161831917]], "inverted": true, "swapped": false, "error_lsq": 0.03689933910888237, "error_max": 0.22990878165143994, "target": "810.xyz", "model": "25.xyz", "model_rescale": 4.19342608120988, "target_rescale": 3.892307763814336},
{"mapping": [6, 5, 3, 4, 0, 2, 8, 9, 7, 10, 1, 11], "R": [[0.21397549887441217, 0.9078630249092706, -0.3605540373980511], [-0.25276677225893585, 0.40799043838066407, 0.877298558662758], [0.9435695229940639, -0.09658431649363342, 0.31677756404804297]], "T": [-0.005283286913028821, 0.128243631447845, 0.06335516567317634], "aligned_model": [[0.5701005429127548, -0.3729856768955181, 0.26263769550430904, -0.1851177915500443, -0.7007944388224433, -0.3113615242980023, 0.32051407485548156, -0.24533282696481132, 0.35219646369946955, 0.5541915515596376, -0.2114071507096801, 0.028071854297035206], [-0.28439756548000616, 0.5638596822991138, 0.4031314124077637, -0.22902332725196062, 0.022877062786090654, -0.6496739307776613, -0.4558684161825928, 0.6675886602285199, 0.944628260917937, 0.14330824377266718, -0.027286398089599928, 0.0634884283980468], [-0.3546838922777212, -0.23796441643012545, -0.4692535686699355, -0.5956968825749824, -0.03191383434536041, 0.10678074253100073, 0.4371269017508883, 0.5121698974751894, -0.015292685198688677, 0.3531771130146014, 0.540765498710102, -0.040145041783979485]], "inverted": false, "swapped": false, "error_lsq": 0.04112491086478953, "error_max": 0.26631108697303624, "target": "810.xyz", "model": "26.xyz", "model_rescale": 3.795458400668931, "target_rescale": 3.892307763814336},
{"mapping": [9, 6, 1, 0, 7, 3, 4, 5, 8, 11, 10, 12], "R": [[-0.7065320790991872, -0.6435290777935676, -0.2944193391031585], [0.1773676841264516, 0.24172786421461862, -0.9539959875648631], [0.6850935161212661, -0.7262492448852527, -0.056647228283484286]], "T": [0.15596426740976532, 0.07728909422460932, -0.0620207409086056], "aligned_model": [[0.4406081140308275, -0.26081197428126834, 0.2672312816277876, -0.3882381692602962, -0.6137127971327877, -0.19391629284760514, 0.33865026590063974, -0.3305882752356807, 0.3164415999068376, 0.615437787309723, -0.1228138804761501, -0.007574885953839122], [-0.21025732569430078, 0.7356938580080289, 0.3750611845580001, -0.20249977273042802, -0.05974731160800491, -0.5719872825561513, -0.4647102551572098, 0.5561336993320231, 0.7811967968630734, 0.169620294983648, -0.027732367037225994, 0.0818605940668658], [-0.20578870357063736, -0.334027525870052, -0.5613248609764442, -0.6249018028953259, 0.15939817974420128, -0.09519209837696277, 0.5476723899873086, 0.25552442955539456, 0.035512238267855795, 0.47828808338586376, 0.585234746086259, -0.03532524313647199]], "inverted": true, "swapped": false, "error_lsq": 0.04830984093386679, "error_max": 0.3528965042254589, "target": "810.xyz", "model": "27.xyz", "model_rescale": 3.6321398670334006, "target_rescale": 3.892307763814336},
{"mapping": [8, 2, 0, 3, 1, 7, 12, 13, 11, 9, 6, 14], "R": [[0.030795176414203804, -0.9507417405098031, 0.3084506442885282], [0.5466559600247689, 0.274374011077409, 0.791129675473428], [-0.8367908451214174, 0.14425340515108787, 0.5281780349686078]], "T": [0.052526028539438434, 0.06746770428540362, -0.041622862498653726], "aligned_model": [[0.38982469744793485, -0.34531026225091743, 0.20767445434503426, -0.2162649505851671, -0.5959088900975972, -0.1022776449873779, 0.34642901497586925, -0.1636933880526695, 0.21571952908855682, 0.46307184813260904, -0.1452050101552128, 0.0066533757271259875], [-0.30036226627654694, 0.725125334235564, 0.29927324018245954, -0.24095237630861088, 0.20805461988187346, -0.6910306740071234, -0.5379708649039022, 0.6290200166359178, 0.6886596450819381, 0.2962538781675623, -0.02014017047780152, 0.10670173081698758], [-0.17563904250507706, -0.24815709992897506, -0.5998404309407178, -0.5931557657690482, -0.12549581166318818, -0.0816655496470678, 0.43855929498088286, 0.5100885623390132, -0.03784258649384793, 0.4334362684262906, 0.7047917232088973, -0.0200097298061733]], "inverted": true, "swapped": false, "error_lsq": 0.03772466565452586, "error_max": 0.20017745504787232, "target": "810.xyz", "model": "28.xyz", "model_rescale": 4.156811204709835, "target_rescale": 3.892307763814336},
{"mapping": [8, 7, 1, 4, 6, 9, 2, 0, 3, 11], "R": [[-0.951027048903488, -0.30322686234889357, 0.06000851776179794], [-0.0220333730222618, -0.12714080858394272, -0.991639927224536], [0.30832139518234014, -0.9443985836195787, 0.11423323741428709]], "T": [-0.029087626583064546, -0.017709399806082278, 0.14765075012258447], "aligned_model": [[-0.43780308117094824, -0.06805440320552371, 0.12043785032651438, 0.5435328623070944, -0.08000396589342855, -0.6754664338540175, -0.4646406971725229, -0.42266607118246, 0.21163628021223324, -0.08404696625635294], [-0.09600772562822643, -0.6243145095441394, 0.28543358277962955, -0.029286798946519962, -0.45329062808871795, -0.4304501457268709, 0.4721880448530282, 0.2964901759956532, 0.5945566046892767, -0.09659826975690916], [-0.4823095484759611, -0.4733203042600642, -0.6750882333647633, -0.10847981331673476, 0.7647932105199164, 0.1459486847720476, -0.20708703746619803, 0.5172021017539553, 0.18527190556743717, 0.09185576124546435]], "inverted": false, "swapped": true, "error_lsq": 0.053449752315499165, "error_max": 0.2508716077067801, "target": "810.xyz", "model": "29.xyz", "model_rescale": 4.117894457231895, "target_rescale": 3.892307763814336},
