[{"mapping": [4, 8, 3, 6, 7, 0, 9, 5, 11, 1, 10, 11, 12, 13], "R": [[0.1399759040105007, 0.23937866165173463, 0.9607833276250517], [-0.9188956131326735, 0.39285533240683596, 0.035993610058489], [-0.3688327513412701, -0.8878978230322107, 0.2749542823683421]], "T": [0.16453460760227265, 0.11700283390534305, -0.08190076583174738], "aligned_model": [[-0.35041955943490966, -0.09772075459092214, 0.47696152136853165, 0.3369664092384939, -0.5170830446454907, 0.030554296662281627, -0.5119673414660716, 0.7576062403769174, 0.050707065073411245, 0.5409314571373924, -0.47759980979884753, 0.050707065073411245, 0.016732556364584344, 0.024472350958066602], [-0.6688935661564641, -0.4558211765441471, -0.13779684292967642, -0.6249499005660721, -0.15962459831095954, 0.52017607157502, 0.3510218606191572, -0.05067129246535343, 0.08424681720040894, 0.5280764863210978, 0.5569057089664193, 0.08424681720040894, 0.6716903480973668, 0.07888592700147912], [-0.25681011615932126, 0.3803479871965098, -0.41456704611424394, -0.14762517364596667, 0.09207946972715433, -0.7260382133443106, -0.23786031124938734, 0.35690749091080537, 0.605872579664243, -0.23152689113271008, 0.5580818707636124, 0.605872579664243, -0.007093525386647426, -0.007944508982080184]], "inverted": true, "swapped": false, "error_lsq": 0.0611128352330327, "error_max": 0.5873207808067725, "target": "811.xyz", "model": "0.xyz", "model_rescale": 3.8414455957264533, "target_rescale": 4.019332992757886},
{"mapping": [13, 0, 12, 11, 7, 8, 9, 1, 4, 10, 2, 5, 6, 14], "R": [[0.044523749439220606, 0.21785200269089344, -0.9749657125558009], [0.8369707232455226, -0.5409695783946965, -0.08265545161289323], [-0.5454334461377854, -0.8123376269600168, -0.20642174221536885]], "T": [-0.004212758847635934, 0.07183752142958005, 0.08694482301803352], "aligned_model": [[-0.2351495271198209, -0.2097400673434353, 0.5121107136924005, 0.45626127887255974, -0.5981519607201787, 0.032986547707772235, -0.5977406466170982, 0.6117282394193744, -0.0947214473182132, 0.5381965558766185, -0.34157553092326237, 0.2768142071805634, -0.1002694435286668, 0.08009953313823587], [-0.385213785029744, -0.5839171366131373, -0.05572483037441053, -0.5762233089991349, -0.100052516489601, 0.27460454106086696, 0.18349412375803273, -0.4159483343378672, -0.023171876929505078, 0.4520799908803572, 0.5405752940706632, 0.5747860159262965, 0.842981843392969, 0.049222639692900916], [-0.4721788779311875, 0.3177298386167904, -0.4602548315629119, -0.22005065378851163, 0.262002075019403, -0.6758160470075684, -0.23049356405862065, 0.4491319800733324, 0.6147692506291205, -0.08507000232190465, 0.546374891837387, 0.4069283245161034, 0.008607591669479137, 0.10801621622098945]], "inverted": false, "swapped": false, "error_lsq": 0.05561879674806547, "error_max": 0.33867331493259917, "target": "811.xyz", "model": "1.xyz", "model_rescale": 4.316132596720782, "target_rescale": 4.019332992757886},
{"mapping": [2, 0, 5, 8, 12, 7, 10, 1, 6, 3, 4, 13], "R": [[0.6476056320438615, 0.38119620844102897, 0.6597699568904714], [0.6023907567872159, 0.27411217284505573, -0.7496585174834525], [-0.46661796095135066, 0.8829224016686552, -0.05211248554097021]], "T": [-0.0546634760603691, -0.05110133050738953, -0.048903177619955926], "aligned_model": [[-0.13178216403588067, 0.4634416713631658, 0.23514103292525668, -0.4776092068438441, -0.44723290379505143, -0.6599722064426762, -0.18037261229498064, 0.11277652795002509, 0.37748466933028585, 0.12873802231636766, 0.28148302622357696, -0.1042873020644644], [-0.597608267808966, -0.06826721601701033, -0.6191354935837623, 0.39062266746531976, -0.3652638898579703, -0.028365956056166437, 0.6313697438392449, 0.48446990010503843, 0.008687059567004711, -0.17743057997928002, 0.44781499535098535, -0.09411653528345754], [0.28978438254753813, 0.18313437910785196, -0.5123738183148386, -0.07756105999109111, -0.565321723119422, 0.4169012692657019, -0.6188644406387706, 0.49597502720902936, -0.5173316774093017, 0.6641161147224068, -0.17372374784102554, -0.1354762443286574]], "inverted": true, "swapped": true, "error_lsq": 0.058770588092930794, "error_max": 0.3707775093732903, "target": "811.xyz", "model": "2.xyz", "model_rescale": 3.795458400668931, "target_rescale": 4.019332992757886},
{"mapping": [5, 6, 0, 8, 9, 7, 4, 12, 10, 11, 2, 13], "R": [[-0.23959711505133863, -0.820125228030635, -0.5196035342516203], [-0.9550915242336915, 0.295208233827762, -0.02553975366478138], [0.1743370379352589, 0.4901496802283895, -0.8540256952668156]], "T": [-0.11931954749847398, 0.041412800503018994, 0.11720656739348284], "aligned_model": [[-0.09458313949469435, -0.19426716604653474, -0.6754467627040738, 0.2493024890510516, 0.21425286568814347, 0.09921224755078792, -0.30858348539228364, 0.4947197998425985, 0.3300536061565582, 0.7741072100363057, -0.2661580184279875, -0.02930582051630609], [-0.16810830475049926, -0.5444262437409919, -0.05711621791525771, 0.032327541342586454, 0.3445470209415651, 0.6767091331489781, -0.4597872693847025, 0.0305384798843307, -0.6205480137724921, 0.24395153468899816, 0.581141845946225, 0.02653953890096955], [-0.642361411926877, -0.12962819369256448, 0.05734345536697516, 0.6059393246658267, -0.5341688748982287, 0.48125568955431697, 0.4179885444358836, -0.2600657646074988, 0.5250019140228152, 0.3183575102715897, -0.20907154852309517, 0.05818078596995742]], "inverted": true, "swapped": true, "error_lsq": 0.051456133670866884, "error_max": 0.3104349062666434, "target": "811.xyz", "model": "3.xyz", "model_rescale": 3.7530521520055578, "target_rescale": 4.019332992757886},
{"mapping": [1, 7, 2, 9, 0, 11, 4, 8, 10, 12, 13], "R": [[-0.1784803282580929, -0.34919796393420066, 0.9198943169783645], [-0.3481847044892761, -0.8519988111952197, -0.3909800983191445], [0.9202783187626441, -0.3900753872088587, 0.03047963761694117]], "T": [0.0438500104234946, -0.1859043685125194, 0.03952979628584752], "aligned_model": [[-0.5230851116034537, -0.3204341565208212, 0.41171651614238924, 0.6509934234691738, 0.18143304929029483, -0.27894575965182516, -0.2471158831558746, -0.4942244632939315, -0.4549370804400538, 0.32468771244234346, 0.08811135576696422], [-0.7119239810842628, 0.034673741983057754, -0.23434851320465883, 0.2644224746423816, -0.7341935621597471, 0.683798763930527, -0.46144167263524055, 0.1059073250654351, 0.13773824718275068, 0.4726124916826368, -0.09004195708853341], [-0.07731578857952431, -0.5949240491204343, -0.49118084689105446, -0.19718413991169903, 0.09447437463669368, -0.09872491063494354, 0.5052659756475181, 0.05162326641812756, 0.7125025229906566, 0.12309242781999913, 0.06520194486997688]], "inverted": true, "swapped": true, "error_lsq": 0.04748190368525737, "error_max": 0.32834728262148144, "target": "811.xyz", "model": "4.xyz", "model_rescale": 3.7855080009869324, "target_rescale": 4.019332992757886},
{"mapping": [10, 15, 6, 8, 9, 5, 3, 13, 14, 4, 2, 12, 1, 16], "R": [[-0.557156608580768, 0.13779750728616813, 0.8188945966975819], [-0.5916502712653333, -0.7578342494819901, -0.2750221933294229], [0.5826889994039998, -0.6377296427937056, 0.5037602928732854]], "T": [0.09742747727217596, 0.07978764072957781, 0.006498334525537837], "aligned_model": [[-0.2721764417628, -0.11639977804407733, 0.7070233262480413, 0.31880129484790815, -0.566945799864781, -0.2651871038346969, -0.5569675033280433, 0.5936802064532488, -0.18145114656455255, 0.4233829928640891, -0.42514875856218903, 0.3329219557516153, 0.27710011327072887, 0.06221509484235824], [-0.40534234276343606, -0.6556847570469887, 0.03664184742963297, -0.5812293535847922, -0.11882854764649667, 0.28672924844828995, 0.2613753735459728, -0.26096180082964393, -0.0007553375311780824, 0.5204364971295574, 0.4897342295171204, 0.32143503315391586, 0.8077688508816252, 0.07617371930510677], [-0.3922573754327517, 0.31092626307113236, -0.2228668971441178, -0.09024896560817514, 0.16797210202447974, -0.6868912249450279, -0.13913720390887158, 0.4095996688483278, 0.6175932046993015, -0.4900722758351117, 0.3299849025022236, 0.5974417762781032, 0.11073383964860975, 0.04691837771377764]], "inverted": false, "swapped": false, "error_lsq": 0.04781382269245663, "error_max": 0.3162722508005214, "target": "811.xyz", "model": "5.xyz", "model_rescale": 4.2253639853439635, "target_rescale": 4.019332992757886},
{"mapping": [6, 12, 3, 7, 11, 2, 5, 0, 9, 4, 8, 1, 4, 13], "R": [[0.44042131279757635, -0.5896654199725246, -0.6769961297690597], [-0.8244626366844579, 0.032843271386936435, -0.564962547640032], [0.35537364554081785, 0.8069795610876587, -0.47169223021139434]], "T": [-0.044993355852382275, 0.12042674585301708, 0.08822593012864566], "aligned_model": [[-0.16637417019116946, -0.18376583793485768, 0.3996900543830426, 0.3138621622733746, -0.6730620288783628, -0.08749798962895945, -0.5769853805831634, 0.6339535633743276, -0.0038695586165184287, 0.47665288078473234, -0.5457069310099958, 0.2764777332049592, 0.47665288078473234, -0.009178925645292872], [-0.2662632943911216, -0.7750147639100811, -0.10108948095119916, -0.565812997728543, -0.33757524261863137, 0.4112211069492465, 0.28763626182165153, -0.1418161222462848, 0.03542981502837325, 0.527865707994737, 0.40523151589250117, 0.6646443538889856, 0.527865707994737, 0.10517009228431479], [-0.41122925185423087, 0.31243669097406856, -0.41793283806781434, -0.0840788796321987, 0.05192566384052694, -0.514935414537429, -0.2113850340283152, 0.4248598683021622, 0.6912854483660061, -0.16235341486558819, 0.5508672968635372, 0.4613067738638369, -0.16235341486558819, 0.041282697552926094]], "inverted": false, "swapped": false, "error_lsq": 0.04491006041942729, "error_max": 0.35673881087424064, "target": "811.xyz", "model": "6.xyz", "model_rescale": 3.89814844738969, "target_rescale": 4.019332992757886},
{"mapping": [12, 9, 5, 11, 6, 2, 7, 10, 8, 3, 0, 4, 13], "R": [[-0.7323631759093727, 0.49342921556853936, -0.46922466665271667], [0.09608613286721171, -0.6073235910018084, -0.7886225401821157], [-0.6741006109198846, -0.6226440917860573, 0.3973697287430867]], "T": [-0.08362267415199687, 0.15420493047814507, 0.058448472236571514], "aligned_model": [[0.1109871656415263, -0.01292175960851985, 0.48670728140536157, -0.37384914938355623, 0.5467045618032236, -0.3760886062238322, -0.818792874270399, 0.267217318055174, -0.33287221491665775, -0.540297818699935, 0.03977715242699609, 0.1938575085944239, -0.041796763919583174], [-0.24373636434849724, 0.19082558878069303, 0.3779330705442484, -0.6644729473319354, 0.17042539886418662, 0.5476480451450448, -0.02266905817040471, -0.5696017899858542, -0.3661073966371836, 0.7266448442718915, 0.6450614801619532, 0.07783221037926086, 0.09399818379708284], [-0.5101170205192427, -0.7296576026854249, -0.4376603462427048, -0.29543023184798883, 0.1687952102289424, -0.36462667719268166, -0.05168648163527009, 0.4577485184097797, 0.26332454325365345, 0.20593425995625275, 0.31613310425230623, 0.6012781893337238, -0.02176043447504955]], "inverted": false, "swapped": true, "error_lsq": 0.05223510207654422, "error_max": 0.28977532833862707, "target": "811.xyz", "model": "7.xyz", "model_rescale": 3.7474275329858107, "target_rescale": 4.019332992757886},
{"mapping": [4, 1, 8, 2, 12, 9, 11, 3, 0, 5, 10, 6, 7, 14], "R": [[-0.14698404821969058, -0.9515925129807173, -0.2699395836256606], [-0.7217454161289367, -0.08343235504378504, 0.6871117787003187], [-0.6763721193735145, 0.29582212792637935, -0.6745443089696104]], "T": [-0.08559240145100497, -0.0026527533634051123, 0.025977518804588665], "aligned_model": [[0.00885301287497442, -0.12577791408888403, 0.39455313584410945, 0.31452295816431186, -0.6909208259716184, 0.0003797660174162387, -0.491140966834814, 0.5939571213396319, 0.06910827613736947, 0.47196469031309196, -0.42310416756242186, 0.33404404269979915, -0.03195934709636891, -0.09363132951974756], [-0.4973680808609216, -0.6123526502077613, -0.11901546483421577, -0.7400925243081886, -0.09841534739992983, 0.4927804738985563, 0.39567869185030446, -0.037620918264693014, -0.043469659578732354, 0.4276406427338207, 0.5013548499598602, 0.4907039030648166, 0.6762521753679519, -0.058583431412181586], [-0.5728234951368916, 0.4635309217302942, -0.4442674155129128, -0.04243139200867328, 0.09703835788029404, -0.5462943954407096, -0.22570159526521028, 0.2520841540523548, 0.6652074603339796, -0.10440325708114527, 0.48130762237446295, 0.5234135073460081, 0.016531612343012217, 0.0065041062970364535]], "inverted": false, "swapped": false, "error_lsq": 0.055028708048629894, "error_max": 0.3375074452269376, "target": "811.xyz", "model": "8.xyz", "model_rescale": 4.019505241142653, "target_rescale": 4.019332992757886},
{"mapping": [9, 2, 7, 11, 12, 8, 1, 5, 6, 0, 3, 4, 13], "R": [[0.5433492889547091, -0.26169037580408006, -0.7976776901756318], [0.05656221161554024, 0.9594267277510165, -0.27622648369433345], [0.8375991084102054, 0.10496904919306616, 0.5361056167416387]], "T": [0.05469777389506026, -0.03760860370260912, 0.0768257553551783], "aligned_model": [[-0.3753261125441486, -0.5406819704179364, 0.03369651576546446, 0.5140943411270279, 0.12295229184103623, 0.5603886910089625, 0.22454325741520226, -0.30428157222032665, 0.1947749265145904, -0.2047969304295426, -0.4192956993834424, 0.4436927910314097, 0.06994024203287919], [-0.6515072545299928, -0.04726035360540735, 0.22961018849755374, -0.43259516032681455, -0.7136618518855437, 0.06805306069102252, 0.724277890953295, -0.6472314836631198, -0.30353037990975473, 0.2615544110375898, 0.5345164666796881, 0.1836670951830107, -0.1425144010074683], [-0.1794139388078995, -0.1776466237975071, -0.6387456270512114, -0.6391598770754993, -0.16357039649982327, -0.25171155579992877, 0.1262872261088563, 0.4246019361491222, 0.6419946954253217, 0.48392897099384813, -0.0006002820017705079, 0.4977914162847079, 0.05294755011566268]], "inverted": true, "swapped": true, "error_lsq": 0.05718412002821111, "error_max": 0.3409398866758933, "target": "811.xyz", "model": "9.xyz", "model_rescale": 3.877068213659057, "target_rescale": 4.019332992757886},
{"mapping": [4, 1, 2, 7, 5, 13, 3, 8, 0, 14, 12, 11, 10, 15], "R": [[-0.7621128330412422, 0.6368994681738709, 0.11637481322731288], [0.591077173687067, 0.6110777807274509, 0.526508993890249], [0.26421923559794147, 0.47004575664615217, -0.8421669562497603]], "T": [0.030393673068677726, 0.14084705876005033, -0.030565108965001135], "aligned_model": [[-0.17888408947160056, -0.1881668562859431, 0.4649816808699313, 0.29295838651526107, -0.5975077319519269, 0.008419994763554317, -0.5616385010444367, 0.5846896763853533, -0.10966021093532254, 0.4973948694469375, -0.4408161993250813, 0.25013947475126186, 0.2970434408768061, 0.011894517722054507], [-0.38060800388764193, -0.609055552224142, -0.0841897462295495, -0.6293593093361447, -0.2048911830964365, 0.3970034065714434, 0.09242475932791745, -0.1999462659073632, -0.01824811445171473, 0.6258078083667583, 0.45209307872225196, 0.427150815423909, 0.7823313179193362, 0.12697964881006193], [-0.4078953562155986, 0.34730256529512066, -0.47872474327504844, -0.09481844517091753, 0.2812045751507986, -0.7596327182450615, -0.25398070479669066, 0.38408991195888503, 0.7367937842980552, -0.42584286012329636, 0.4585998805118379, 0.6131718076606841, 0.1129849730224759, 0.05644352184065566]], "inverted": false, "swapped": false, "error_lsq": 0.03794256745206754, "error_max": 0.20739686020513778, "target": "811.xyz", "model": "10.xyz", "model_rescale": 4.260839863003843, "target_rescale": 4.019332992757886},
{"mapping": [12, 5, 0, 6, 1, 8, 11, 9, 2, 3, 7, 13], "R": [[0.7521389795408333, 0.5960820166335011, -0.2810216804828642], [0.35435307325294607, -0.0062776899758547056, 0.9350906320163622], [0.5556265426808431, -0.8028990098727896, -0.21594518983720792]], "T": [-0.12914875426503955, -0.018682779648117175, -0.07443449697831037], "aligned_model": [[0.43644865812773936, 0.27546814239272155, -0.4330598293549084, -0.3181765054751464, -0.7642181287573765, -0.265376610311158, 0.3131398249456805, 0.6396233402998092, 0.299337253921521, -0.2571154179489151, 0.08370369456159474, -0.05087577330743144], [0.04553545056173992, -0.6429913849518637, -0.41341894946771107, -0.45705418352196403, 0.2216924060232676, 0.5481214826834436, 0.7092554848105932, -0.2015576019868958, -0.14659370183429016, -0.07869416684603053, 0.6056411417169862, -0.01685747165434112], [-0.516557296015788, -0.33516123308171364, 0.1983116373997588, -0.500874354525996, 0.31372992152978574, -0.26151564310162523, -0.46709428302995537, -0.12918066792831548, 0.39392959722603127, 0.6590604699598187, 0.3113151826155123, -0.14978525365200832]], "inverted": false, "swapped": true, "error_lsq": 0.05234877817878792, "error_max": 0.26656683877326937, "target": "811.xyz", "model": "11.xyz", "model_rescale": 3.890672605050136, "target_rescale": 4.019332992757886},
{"mapping": [8, 9, 7, 5, 6, 3, 0, 12, 11, 3, 1, 2, 4, 13], "R": [[0.28923709220759347, 0.1880267278552823, 0.938609532288764], [0.9072801540821114, 0.2588331049077455, -0.33143347117114896], [-0.3052615706243367, 0.9474446545397003, -0.09572878398951642]], "T": [-0.05547608860066096, -0.011346861407136762, 0.17743499996872517], "aligned_model": [[-0.2919169618471826, 0.019852489239112855, 0.5644729950378339, 0.2767738659159725, -0.5789146336191248, 0.10722002277192837, -0.3090931811448106, 0.6610484013516724, -0.1030261439372836, 0.10722002277192837, -0.6565599675157974, 0.11656855171779572, 0.3218132668794748, 0.0953897246953291], [-0.18701341616587358, -0.7069986842057754, -0.14554444902004215, -0.6580903292560918, -0.2458642151678777, 0.46194177623322275, 0.4252092586189301, -0.21054098680097938, 0.0161668213373791, 0.46194177623322275, 0.47115837741310346, 0.49648999867388904, 0.5773307189521737, 0.02130601316340494], [-0.48015759490727483, 0.5183375708287442, -0.3923178512317481, -0.09879866263136908, 0.2328610255845911, -0.5988323488401798, -0.1288192476499068, 0.22267328521699103, 0.7249239527290255, -0.5988323488401798, 0.28319489505942164, 0.6444109082845887, 0.13086792523954646, 0.11018468306965018]], "inverted": false, "swapped": false, "error_lsq": 0.06465411225980038, "error_max": 0.4392361837761954, "target": "811.xyz", "model": "12.xyz", "model_rescale": 4.124412569039231, "target_rescale": 4.019332992757886},
{"mapping": [4, 0, 5, 1, 6, 10, 3, 8, 2, 7, 12, 9, 13], "R": [[-0.06748323889295293, 0.9604722458334416, -0.27007235595703116], [0.5488540147677851, -0.19031382555176224, -0.8139655510383332], [-0.8331898240748027, -0.20315932857616487, -0.5143160548443741]], "T": [0.0884659943140079, 0.10390636383791335, -0.006034621442054126], "aligned_model": [[-0.060565293858395236, -0.18631399418812236, 0.7022796160615504, -0.6502456982313493, 0.4192984399791829, 0.3257972322781119, -0.5214305416887979, -0.012691475106014913, 0.029256804790942226, -0.25012476729571487, 0.7401011206684692, 0.6406674382878014, 0.19126942581209416], [-0.30167690752680215, 0.33940335326485793, 0.5054257579200683, -0.12148758133305854, -0.018208798397123194, -0.7520865795379188, 0.5349517263292587, -0.4070581980776266, 0.6992467285615387, 0.10767851074942536, 0.08619485540341361, 0.5786283804221387, 0.0964741287303055], [0.430753692379222, 0.4316937932558239, 0.28287628622580063, 0.11752735036726647, 0.5281841639021879, 0.1257810072667942, -0.02079304201641243, -0.32775940855358066, -0.2538057052528692, -0.6910392974313186, -0.31353250435412683, -0.31774514340789217, -0.04044311141305666]], "inverted": false, "swapped": true, "error_lsq": 0.04033478077913122, "error_max": 0.272959362020289, "target": "811.xyz", "model": "13.xyz", "model_rescale": 3.9028299243045295, "target_rescale": 4.019332992757886},
{"mapping": [11, 13, 9, 14, 12, 6, 1, 10, 5, 6, 8, 4, 3, 15], "R": [[-0.5649638218972317, -0.3203713937589873, 0.760380200957519], [-0.46539175964930896, -0.6372406853210413, -0.6142758492909269], [0.6813416103525404, -0.7009183112406848, 0.21091972636458994]], "T": [-0.024749439905419657, 0.1835843588183205, 0.10881615834432926], "aligned_model": [[-0.19100046150955916, -0.10341763062571606, 0.44633709861357107, 0.22958711035359958, -0.5564087098863859, 0.14899898063378036, -0.3438724458259503, 0.5596436064454182, -0.10619877235198343, 0.14899898063378036, -0.6066544539965084, 0.39272684701552313, 0.24720289553840435, 0.06490540727887499], [-0.3151506712419939, -0.5033981572587996, -0.07571698538331031, -0.6438811341515862, -0.2626197632111168, 0.45853102710360527, 0.19353209184659426, -0.19678097664182523, 0.024757696785529026, 0.45853102710360527, 0.33052154785618315, 0.4066687788285761, 0.742019147351073, 0.16047903102215255], [-0.4102991043327021, 0.5019035407014567, -0.4494720670241491, -0.07466253232399653, 0.1586216910503567, -0.473097991860142, -0.457099299513688, 0.3717982509020783, 0.5886514752257392, -0.473097991860142, 0.5949264098417903, 0.5939039496667856, 0.055132273973124424, 0.04248758746538771]], "inverted": false, "swapped": false, "error_lsq": 0.04909251360464474, "error_max": 0.3509231208473342, "target": "811.xyz", "model": "14.xyz", "model_rescale": 3.942246331269136, "target_rescale": 4.019332992757886},
{"mapping": [0, 7, 5, 2, 8, 12, 13, 9, 6, 3, 11, 10, 4, 14], "R": [[-0.6749573215110425, 0.07202613378791162, 0.7343329287116335], [-0.5907720567001453, 0.5435059513159056, -0.5963133890048695], [-0.4420644649379993, -0.8363094624215119, -0.3242922939314503]], "T": [0.05711226421193405, 0.1196263015927218, 0.025462061448053422], "aligned_model": [[-0.15458037606933972, -0.033383302484287614, 0.5930528122143734, 0.3472782582138966, -0.622168845994533, -0.25666825673148536, -0.48364098378572784, 0.5224366117791365, -0.13945261766538858, 0.42267872382126187, -0.4226599316829262, 0.3712278774980989, 0.1426119010303385, 0.044116582173431694], [-0.5061725337551414, -0.6684170921961144, -0.08931533275523318, -0.5646111272079665, -0.23309313984655428, 0.3426981926395146, 0.6822054118557769, -0.24240407754410992, -0.08154986002288539, 0.4907577395540076, 0.42909047693816393, 0.46761230516349284, 0.6967410328280438, 0.053950664357691455], [-0.2974613452543082, 0.34448818897233924, -0.24266231385558168, -0.14852286776296286, 0.13951071437839555, -0.6955490163198493, -0.20261800339963248, 0.5737043092505744, 0.5088664351855964, -0.469684936792001, 0.4592380276800926, 0.563270241798503, 0.08284129129394548, -0.04572453326321195]], "inverted": true, "swapped": false, "error_lsq": 0.05077425129138955, "error_max": 0.4568419262507919, "target": "811.xyz", "model": "15.xyz", "model_rescale": 4.355366556412066, "target_rescale": 4.019332992757886},
{"mapping": [2, 0, 5, 8, 12, 7, 10, 1, 6, 3, 4, 13], "R": [[0.6476056320438615, 0.38119620844102897, 0.6597699568904714], [0.6023907567872159, 0.27411217284505573, -0.7496585174834525], [-0.46661796095135066, 0.8829224016686552, -0.05211248554097021]], "T": [-0.0546634760603691, -0.05110133050738953, -0.048903177619955926], "aligned_model": [[-0.13178216403588067, 0.4634416713631658, 0.23514103292525668, -0.4776092068438441, -0.44723290379505143, -0.6599722064426762, -0.18037261229498064, 0.11277652795002509, 0.37748466933028585, 0.12873802231636766, 0.28148302622357696, -0.1042873020644644], [-0.597608267808966, -0.06826721601701033, -0.6191354935837623, 0.39062266746531976, -0.3652638898579703, -0.028365956056166437, 0.6313697438392449, 0.48446990010503843, 0.008687059567004711, -0.17743057997928002, 0.44781499535098535, -0.09411653528345754], [0.28978438254753813, 0.18313437910785196, -0.5123738183148386, -0.07756105999109111, -0.565321723119422, 0.4169012692657019, -0.6188644406387706, 0.49597502720902936, -0.5173316774093017, 0.6641161147224068, -0.17372374784102554, -0.1354762443286574]], "inverted": true, "swapped": true, "error_lsq": 0.058770588092930794, "error_max": 0.3707775093732903, "target": "811.xyz", "model": "16.xyz", "model_rescale": 3.795458400668931, "target_rescale": 4.019332992757886},
{"mapping": [12, 9, 5, 11, 6, 2, 7, 10, 8, 3, 0, 4, 13], "R": [[-0.7323631759093727, 0.49342921556853936, -0.46922466665271667], [0.09608613286721171, -0.6073235910018084, -0.7886225401821157], [-0.6741006109198846, -0.6226440917860573, 0.3973697287430867]], "T": [-0.08362267415199687, 0.15420493047814507, 0.058448472236571514], "aligned_model": [[0.1109871656415263, -0.01292175960851985, 0.48670728140536157, -0.37384914938355623, 0.5467045618032236, -0.3760886062238322, -0.818792874270399, 0.267217318055174, -0.33287221491665775, -0.540297818699935, 0.03977715242699609, 0.1938575085944239, -0.041796763919583174], [-0.24373636434849724, 0.19082558878069303, 0.3779330705442484, -0.6644729473319354, 0.17042539886418662, 0.5476480451450448, -0.02266905817040471, -0.5696017899858542, -0.3661073966371836, 0.7266448442718915, 0.6450614801619532, 0.07783221037926086, 0.09399818379708284], [-0.5101170205192427, -0.7296576026854249, -0.4376603462427048, -0.29543023184798883, 0.1687952102289424, -0.36462667719268166, -0.05168648163527009, 0.4577485184097797, 0.26332454325365345, 0.20593425995625275, 0.31613310425230623, 0.6012781893337238, -0.02176043447504955]], "inverted": false, "swapped": true, "error_lsq": 0.05223510207654422, "error_max": 0.28977532833862707, "target": "811.xyz", "model": "17.xyz", "model_rescale": 3.7474275329858107, "target_rescale": 4.019332992757886},
{"mapping": [12, 7, 11, 7, 9, 10, 5, 1, 2, 3, 6, 0, 8, 13], "R": [[0.22442057750632707, -0.28251229683890194, 0.9326425931333691], [0.12894082826485948, 0.9572485918780624, 0.2589389815262252], [-0.965924255414522, 0.0621444726606873, 0.251253651355809]], "T": [0.02209430696396903, 0.11724841091668327, 0.02733339684880853], "aligned_model": [[-0.3996786328127681, 0.07367805808055247, 0.4800017157170488, 0.07367805808055247, -0.5885085542384899, 0.05871991367453535, -0.5099709487363796, 0.6435096547798956, 0.06090504128007957, 0.5932755185442194, -0.4714649446567559, 0.2112478749991047, 0.08321487706894479, 0.022240820536310008], [-0.3239361807898181, -0.6332399793211021, -0.2517681786602322, -0.6332399793211021, -0.09969852812587544, 0.2963510617168332, 0.34388910327805494, -0.00942479179028309, -0.08030152857642857, 0.3964659583735829, 0.1919895296879297, 0.6287431653966792, 0.8172146774043284, 0.13444833073611906], [-0.40475532856109653, 0.06639200377912866, -0.39205213393654953, 0.06639200377912866, 0.19413368877754003, -0.6382642112244921, -0.40713236349689963, 0.30358560412405816, 0.707995186666479, -0.21010873513097647, 0.6153910825946409, 0.6611602143785617, -0.12487025917853406, 0.13182943934091076]], "inverted": true, "swapped": false, "error_lsq": 0.05811990310379635, "error_max": 0.3608125556955617, "target": "811.xyz", "model": "18.xyz", "model_rescale": 3.922800546911778, "target_rescale": 4.019332992757886},
{"mapping": [8, 12, 4, 13, 5, 6, 1, 7, 3, 10, 0, 9, 2, 14], "R": [[0.8605327440183186, -0.1376742528990797, 0.49043776012964524], [0.4940805703579107, -0.008720132929826138, -0.8693723881493408], [0.12396687649168589, 0.9904391749978222, 0.06051821347766877]], "T": [0.016071167070743145, 0.010132538055170191, -0.01959102365152205], "aligned_model": [[-0.24709204792749823, -0.12519867128492917, 0.4742253031864779, 0.39869414561831357, -0.677786403047383, -0.03392482246894951, -0.5046767058044677, 0.496891176280195, -0.06925648290676469, 0.5357053895744994, -0.550191368098218, 0.48344382350490595, 0.07673514849500747, 0.07327996719566021], [-0.35980405493818335, -0.6079671226463303, -0.048246451743212966, -0.5502947784474407, -0.24924017134822826, 0.23671739281003412, 0.4670750130770538, -0.2289558319423789, 0.04373410772665436, 0.552107313441489, 0.3241852736306833, 0.5060887314893573, 0.6955949876534422, -0.0035017487542533914], [-0.4298137600495406, 0.44582243423099926, -0.5768645832273647, -0.12605522432598895, 0.16431436015282733, -0.6691504716920966, -0.2803749406262165, 0.5718985275109588, 0.6134487620255186, -0.31428453377886145, 0.5087651594469971, 0.42575540344420426, 0.17938152303841548, 0.056853535762047706]], "inverted": false, "swapped": false, "error_lsq": 0.04701687303490839, "error_max": 0.2542528565852977, "target": "811.xyz", "model": "19.xyz", "model_rescale": 3.9282355846067225, "target_rescale": 4.019332992757886},
{"mapping": [4, 9, 6, 8, 11, 3, 0, 7, 12, 5, 10, 2, 1, 13], "R": [[-0.6539179252980952, -0.3938250769439431, 0.6459823184452748], [-0.13070197709332265, 0.8998026276013327, 0.4162598041435591], [-0.7451901369165669, 0.1877685813224218, -0.6398707836043412]], "T": [0.10603780483576848, -0.022781889064733406, 0.02692537726138275], "aligned_model": [[-0.2221853419396254, -0.14294050136126385, 0.6406217885123947, 0.08278811909801947, -0.5916731334767785, 0.060207964104223036, -0.5494291030539459, 0.5767340804829375, 0.091108602114109, 0.5602889325574397, -0.3857312634030146, 0.2662472659368081, -0.07462284268550128, 0.01943388543104803], [-0.23533156519127343, -0.5574928220979299, -0.11907763765157517, -0.7472295175429874, -0.1846232202755794, 0.339600924018088, 0.31996534103407914, -0.019226682255737766, -0.291722911715701, 0.45732377363786336, 0.33424675307033297, 0.6784802053505782, 0.6903312593620118, 0.11224876026651681], [-0.4695220479904494, 0.3881992987888162, -0.3361051273213488, -0.20384867854540714, 0.04616079763321343, -0.6310513636818357, -0.27817207785407216, 0.4350064390322672, 0.8333013382802569, -0.19856213426216549, 0.6376037551414376, 0.42852295428326037, -0.11566552106211783, 0.03382855947004481]], "inverted": true, "swapped": false, "error_lsq": 0.05706897418933281, "error_max": 0.4328537494920637, "target": "811.xyz", "model": "20.xyz", "model_rescale": 4.067790424073018, "target_rescale": 4.019332992757886},
{"mapping": [6, 4, 3, 2, 5, 11, 13, 0, 7, 12, 1, 9, 12, 14], "R": [[-0.6227526679630204, 0.5346692503738313, 0.5712336713199124], [-0.7739186930528337, -0.31361315053167194, -0.5501787421892932], [-0.11501726430555542, -0.7847136958905996, 0.6090939536667408]], "T": [-0.05228667480806724, -0.004113096484563004, 0.05782884709173071], "aligned_model": [[-0.18849956752017666, -0.27959661972587274, 0.5883705885225344, 0.3504983478937651, -0.5890862643225627, -0.018313408443156418, -0.6240480141083395, 0.5463166467410971, 0.12810250437757154, 0.4462417283072024, -0.47822820212980344, 0.0646028015989897, 0.4462417283072024, -0.061753817181602264], [-0.44123715020243676, -0.7666154453621283, -0.08098278550504726, -0.6163996405664904, -0.19811226491536124, 0.3167065694106271, 0.324526899044924, -0.20483833497642379, 0.16993182594620745, 0.5514247073695103, 0.41024178867816524, 0.6885586123324821, 0.5514247073695103, 0.07286317138514703], [-0.523484762086331, 0.15474557234562358, -0.4966026982792539, -0.07097854773568789, 0.20841650994335298, -0.5024860760778609, -0.17713546785233802, 0.3831617098394899, 0.7605607064930138, -0.11497464440661752, 0.6236812533987357, 0.39038358480967245, -0.11497464440661752, 0.049383695926718214]], "inverted": true, "swapped": false, "error_lsq": 0.05606509750879375, "error_max": 0.4131730389954879, "target": "811.xyz", "model": "21.xyz", "model_rescale": 4.186013935880536, "target_rescale": 4.019332992757886},
{"mapping": [3, 1, 7, 5, 6, 2, 0, 4, 11, 8, 10, 12, 13], "R": [[-0.8343146017813572, -0.38281869767905075, 0.396697605187794], [-0.2751722197362968, -0.3343511850830036, -0.9013820136429339], [0.47770220298823685, -0.8611963363489806, 0.17361300504074834]], "T": [0.03503239399362294, -0.10635131045712332, -0.003218530717899133], "aligned_model": [[0.09333606208031159, -0.5039970092205776, 0.2856861140314641, 0.41182819481413036, -0.21687016471088227, 0.5726828045112143, -0.16226494119731566, -0.5629603946697815, 0.31127123135211243, -0.18602108973250442, -0.5466359194138544, 0.4701484579810015, 0.09237068959790665], [-0.4097676355000756, -0.0983630072519529, 0.39233727404515994, -0.5493599586897233, -0.41429720881309307, -0.3061160053138986, -0.6078195688683776, -0.18534145849653186, 0.7661191061284768, 0.46266778604421255, 0.36062204158594635, 0.17756698432699464, -0.06929168965104407], [-0.6833147857556942, -0.5699181386080175, -0.525110997980296, 0.5289682416764896, 0.49824568053852336, -0.30380544115324787, -0.18258515659027455, 0.11364603694630432, 0.20216522877466447, -0.04987773071431915, 0.49680472599529024, 0.49634267291228396, 0.08131922529363961]], "inverted": true, "swapped": true, "error_lsq": 0.04993324193956223, "error_max": 0.24936619642661664, "target": "811.xyz", "model": "22.xyz", "model_rescale": 4.166573947596378, "target_rescale": 4.019332992757886},
{"mapping": [2, 0, 6, 1, 4, 11, 3, 5, 7, 12, 8, 10, 14, 15], "R": [[-0.07289820131264724, -0.9872732054978368, -0.14134167804086414], [-0.5103430994621223, 0.15868512754603648, -0.845203496873441], [0.8568755878637081, 0.010518935389318418, -0.5154159280828449]], "T": [0.0014084072581127018, 0.1734788126751533, 0.010085384863480554], "aligned_model": [[-0.11725388354765144, -0.15950928538820486, 0.502084934882026, 0.14365552978722745, -0.5576657262975407, -0.180522643380686, -0.5132298385921609, 0.5894420046698469, 0.13774407710689926, 0.3860370070704477, -0.6564718833924424, 0.2617601576691964, 0.4646767571496089, 0.030101244580283255], [-0.2777603851217062, -0.46437362842284025, -0.2312107054652357, -0.5246366016532454, -0.3008456740195981, 0.5448039277287048, 0.17113920566648735, -0.25597827584289173, 0.011714724556612321, 0.44752506665965197, 0.20917597489466275, 0.5265191245350263, 0.8101326594382726, 0.1112872470547847], [-0.4747977828186599, 0.49382655782349494, -0.3956941618865061, -0.012268256370481054, 0.058105254452536545, -0.661563391782717, -0.300669589615228, 0.4111403419927552, 0.6931919743297771, -0.4441621755181722, 0.47912522965729026, 0.6171444737204443, 0.0877518423002598, 0.018565875627105235]], "inverted": true, "swapped": false, "error_lsq": 0.04857944381703997, "error_max": 0.3017720086069691, "target": "811.xyz", "model": "23.xyz", "model_rescale": 4.274766983524099, "target_rescale": 4.019332992757886},
{"mapping": [12, 6, 10, 8, 4, 1, 7, 3, 2, 0, 13], "R": [[-0.495176404444112, -0.3324565423787045, 0.8026661671650293], [0.8597283001628695, -0.05440190407696821, 0.5078461211153076], [-0.12517019765449228, 0.9415482357598031, 0.31276083731301507]], "T": [0.05621968276464785, 0.09441895532706111, 0.0020456842564268995], "aligned_model": [[0.3892096732036881, 0.08132704911782342, -0.5710881202820174, -0.41335524246211197, -0.3976403313880094, -0.5176847152638212, -0.06463475901684039, 0.12212871158234796, 0.5562247021115154, 0.09160113347444938, 0.10380660288105092], [-0.040315265727597374, 0.7009824365066424, 0.3394693644561209, -0.20636366848773113, 0.5076068280135619, 0.046579701306918894, -0.65164449473582, -0.1004247240453243, -0.20068006675966144, 0.4332640881364903, 0.08711233257988305], [-0.6228233735225847, -0.20093779788259616, -0.5919750332418361, -0.2506471304501491, 0.02995653114823338, 0.5312999745543386, 0.1146195331241252, 0.7201568460275735, 0.28881725843598605, 0.4564696801692012, -0.09537005434071436]], "inverted": true, "swapped": true, "error_lsq": 0.054027049639194226, "error_max": 0.29684653482548257, "target": "811.xyz", "model": "24.xyz", "model_rescale": 3.7841303162186577, "target_rescale": 4.019332992757886},
{"mapping": [8, 1, 7, 0, 2, 14, 9, 6, 4, 11, 5, 3, 13, 15], "R": [[0.9802013427824733, 0.1854412415712003, -0.06940369969942944], [0.0033211562813156154, 0.33507043566289746, 0.9421872282437455], [0.19797549729295272, -0.9237636868102189, 0.32782061161922116]], "T": [0.026149684523121754, 0.02510490330580313, -0.08825577027978201], "aligned_model": [[-0.3206459762219664, -0.019412052457396703, 0.5868234543617967, 0.25562404116494464, -0.6693650896513769, -0.23581540576290952, -0.45482556684366504, 0.5473820917305195, -0.07044369046479296, 0.6783417970413239, -0.43449441061184707, 0.2249654985248423, 0.17040316720277446, 0.07231059430460231], [-0.4536118537055602, -0.6532943447188128, -0.2099691363579026, -0.6475698657344652, -0.041473217516764055, 0.5780423378112252, 0.1610702555524947, -0.0023279281163966076, -0.125345029274257, 0.42316006508183485, 0.4135133202866745, 0.5057306965168982, 0.7939615156822586, 0.035605844501458206], [-0.08369288919824486, 0.21296670930326225, -0.31888681717359124, -0.278466506286025, 0.195680103924155, -0.5931651159098222, -0.3920927974624694, 0.41133473171157053, 0.6361328550819465, -0.16325647504439228, 0.5491488615510377, 0.5269458280895577, -0.0953578552435777, -0.03759444143150774]], "inverted": false, "swapped": false, "error_lsq": 0.05080829705667668, "error_max": 0.29919687468153217, "target": "811.xyz", "model": "25.xyz", "model_rescale": 4.19342608120988, "target_rescale": 4.019332992757886},
{"mapping": [2, 0, 5, 8, 12, 7, 10, 1, 6, 3, 4, 13], "R": [[0.6476056320438615, 0.38119620844102897, 0.6597699568904714], [0.6023907567872159, 0.27411217284505573, -0.7496585174834525], [-0.46661796095135066, 0.8829224016686552, -0.05211248554097021]], "T": [-0.0546634760603691, -0.05110133050738953, -0.048903177619955926], "aligned_model": [[-0.13178216403588067, 0.4634416713631658, 0.23514103292525668, -0.4776092068438441, -0.44723290379505143, -0.6599722064426762, -0.18037261229498064, 0.11277652795002509, 0.37748466933028585, 0.12873802231636766, 0.28148302622357696, -0.1042873020644644], [-0.597608267808966, -0.06826721601701033, -0.6191354935837623, 0.39062266746531976, -0.3652638898579703, -0.028365956056166437, 0.6313697438392449, 0.48446990010503843, 0.008687059567004711, -0.17743057997928002, 0.44781499535098535, -0.09411653528345754], [0.28978438254753813, 0.18313437910785196, -0.5123738183148386, -0.07756105999109111, -0.565321723119422, 0.4169012692657019, -0.6188644406387706, 0.49597502720902936, -0.5173316774093017, 0.6641161147224068, -0.17372374784102554, -0.1354762443286574]], "inverted": true, "swapped": true, "error_lsq": 0.058770588092930794, "error_max": 0.3707775093732903, "target": "811.xyz", "model": "26.xyz", "model_rescale": 3.795458400668931, "target_rescale": 4.019332992757886},
{"mapping": [11, 12, 10, 8, 1, 2, 9, 7, 5, 4, 3, 0, 13], "R": [[0.8424774589832591, -0.5240807345797174, -0.12478427283714424], [0.5360623313862865, 0.792476575805865, 0.2908918246835248], [-0.053562187910971136, -0.3119619535158016, 0.94858359230212]], "T": [-0.0739295990003623, 0.020029370847901212, -0.01021049945655126], "aligned_model": [[-0.00669072648303394, 0.11755130322069227, 0.6891907035462203, 0.04100982815409135, -0.24763091874581888, -0.631874949280149, -0.26387199930673194, -0.6186454284714905, 0.13625905777398342, 0.3488539814671219, -0.6889795839319623, -0.1423449039244126, -0.03314998119725351], [-0.8212851666639964, -0.6357040524165879, -0.11349603000959388, -0.20591880260626358, 0.5700646860062728, -0.07373181421436321, -0.5286376002918615, -0.27946885320765846, -0.1204787347965584, 0.40925236008098476, 0.4433485757120371, 0.5511110642961722, -0.07317412863166906], [-0.41931170299824233, 0.21967148140291615, -0.46435118994988456, -0.5674903275439245, -0.5384660812516577, 0.30480095151453573, 0.5286190808440526, -0.45459188743097806, 0.7364706235457659, -0.22758495677760152, -0.032706431537736926, 0.17910569129471235, 0.027971410987468866]], "inverted": true, "swapped": true, "error_lsq": 0.057376916411029995, "error_max": 0.3765271864751195, "target": "811.xyz", "model": "27.xyz", "model_rescale": 3.6321398670334006, "target_rescale": 4.019332992757886},
