[{"mapping": [9, 0, 1, 12, 4, 2, 3, 6, 11, 7, 8, 5, 13], "R": [[0.7738916184265563, -0.5518874545767474, -0.31066380608291744], [0.2667498467873254, -0.16085195240827801, 0.950247951139798], [-0.5744008027223363, -0.8182584474890827, 0.022733916175880678]], "T": [-0.2720864754766678, 0.09500526837751833, 0.07802350718562602], "aligned_model": [[-0.2924306096221429, -0.6842956860823006, -0.7972632446870385, -0.7364585699372483, 0.6110725445638179, -0.013433272951141773, -0.17312534158650533, 0.3612950896276816, -0.12268374679803468, 0.22809321566991486, 0.4054630491356574, -0.2534559020380134, -0.1823400736917084], [-0.6336640539580731, -0.33459001976216696, 0.279791161840185, -0.1689358817241397, -0.21259240166522342, -0.18826381037896678, 0.3480238596441717, 0.4355110685880054, 0.21045233842952416, -0.3974929390917292, 0.1542033463060826, 0.8158853884986114, 0.0003512744599532547], [0.15130588335539447, -0.4128368494135688, -0.0739226940894727, 0.3012127433573413, -0.11899944913288656, -0.5883963268930464, -0.3685059904406158, -0.18164912748471068, 0.7498959947329781, 0.3584878982935817, 0.4627329571473809, 0.30690342021676786, 0.17562508021344875]], "inverted": true, "swapped": false, "error_lsq": 0.05060319263860022, "error_max": 0.2813323574298901, "target": "812.xyz", "model": "0.xyz", "model_rescale": 3.8414455957264533, "target_rescale": 3.98893552499359},
{"mapping": [10, 12, 11, 1, 6, 8, 13, 7, 4, 5, 2, 0, 14], "R": [[0.49322179373590985, -0.6519350715109494, 0.5759452445484254], [-0.6958503475290932, 0.10164241621592501, 0.710957884174182], [-0.5220388453243423, -0.7514316214798274, -0.40351699123162776]], "T": [-0.05296503702795395, 0.062458599394414796, 0.06790703991021517], "aligned_model": [[-0.17406865936145577, -0.5739915532270214, -0.8755495516550593, -0.7716431911784307, 0.5549996501764498, -0.04082763831898841, -0.30288921587193235, 0.25326493946503414, 0.015303557197618278, 0.16188455873715102, 0.5785721701283394, -0.3509365962554386, -0.12368101823332854], [-0.6088592955041453, -0.2933938774700058, 0.14424292192295385, 0.02405013816009867, -0.4187142120027211, -0.2193908769678784, 0.45876629736785834, 0.6253615395573611, 0.2714240624926077, -0.43688638618119224, 0.04198520267477203, 0.6979135819559447, 0.022180235180580793], [0.01270290005584633, -0.36126650073971034, -0.13929200211028164, 0.5480365974477801, -0.026320548768848373, -0.6701417076176511, -0.5281844916480541, 0.11605767425843923, 0.5653907774562911, 0.44048860354771135, 0.4491501691891834, 0.2493658080544815, 0.10586626073740431]], "inverted": false, "swapped": false, "error_lsq": 0.04563705235528914, "error_max": 0.25110041385608906, "target": "812.xyz", "model": "1.xyz", "model_rescale": 4.316132596720782, "target_rescale": 3.98893552499359},
{"mapping": [0, 5, 1, 8, 3, 9, 11, 10, 6, 4, 7, 12], "R": [[0.294458110100401, 0.2393520749137188, -0.9252053856472076], [0.4571454742330434, 0.8149002887751468, 0.35630820190170875], [0.8392332433741805, -0.5278712945299077, 0.13053528115790577]], "T": [0.05692054863213885, 0.008201179469476535, 0.013426245614941525], "aligned_model": [[-0.19771773120617803, 0.5256638161851852, 0.10562530802732584, -0.45382910171966445, -0.6302405603985478, -0.50436658374462, -0.21650310371036824, -0.23523248764068472, 0.6104642631521, 0.3578746374240869, 0.2806090610990741, -0.044538962835928585], [-0.7040814900306136, -0.3500380837898094, -0.714707769144939, 0.3986445210885544, -0.1949202707513913, -0.08285622748590142, 0.5102990067260587, 0.5900309011436318, -0.04300354354372663, 0.03311733471856251, 0.6207047998157862, -0.050412751005232265], [0.09926464173214256, -0.023260764149676372, -0.4641826488574503, -0.11716347111768446, -0.3982002387795227, 0.26528049768551365, -0.6363231092444112, 0.48228491982854654, -0.4786525058855065, 0.7485611194542067, 0.047792680586154435, -0.07614266004289161]], "inverted": false, "swapped": true, "error_lsq": 0.038989766389824404, "error_max": 0.22545560907509707, "target": "812.xyz", "model": "2.xyz", "model_rescale": 3.795458400668931, "target_rescale": 3.98893552499359},
{"mapping": [1, 3, 11, 10, 5, 7, 8, 0, 9, 4, 6, 12], "R": [[0.5599717403516319, -0.8184785824844936, -0.1285475010326482], [0.45394465605909073, 0.43288853004352523, -0.7788079158509815], [0.6930843377562058, 0.3777569728951803, 0.613949322164388]], "T": [0.10664532244704458, 0.09880217313320795, 0.06610969237241737], "aligned_model": [[0.018358483128740388, -0.22536243087062277, -0.7219176073810726, 0.23022710404943741, 0.27902056355845517, -0.12305397563311668, -0.23220996565861016, 0.48560944971435493, 0.3218392314087154, 0.7724774631907566, -0.2568962133381114, 0.04521172357463892], [-0.08323343354376815, -0.6377343778858403, -0.05411148132657988, 0.0073144148051901975, 0.444614314986864, 0.4880113587476356, -0.2866351382408966, -0.3421620975231894, -0.4517766941565182, 0.43145376644806016, 0.5895326474323132, -0.019504234453561073], [-0.777779061882912, -0.10758497279890356, 0.2639425297140496, 0.853551887929835, -0.381218259024208, 0.5374192824450913, 0.47474162356356125, -0.42530885360052617, 0.2592929034932279, 0.344727600815856, -0.3560220626221576, 0.0030088126061863507]], "inverted": false, "swapped": true, "error_lsq": 0.05570197923915002, "error_max": 0.3123883257467454, "target": "812.xyz", "model": "3.xyz", "model_rescale": 3.7530521520055578, "target_rescale": 3.98893552499359},
{"mapping": [4, 7, 8, 11, 9, 6, 0, 5, 1, 2, 12], "R": [[-0.48482091079942946, 0.305693817936592, 0.8194510199682237], [-0.5218067045924095, 0.650813654348019, -0.5515064372757473], [-0.7019020212921616, -0.6949768895362834, -0.1560149849099465]], "T": [-0.11590885114624344, -0.15352819429673303, -0.07987220334960574], "aligned_model": [[-0.6961657093520839, -0.12125344382836459, 0.49183149928779385, 0.5705296406577558, 0.20343410129901668, -0.36347813313104277, -0.172268089872003, -0.6014296543951967, -0.1668497613175141, 0.2031830369014207, -0.009333883804576698], [-0.6243548988666121, -0.009872999477073041, -0.26656437919216774, 0.3087565495025451, -0.6647444892962984, 0.5451835528773492, -0.4251397622804337, 0.08381687978709407, 0.21015107310834918, 0.44462881356160266, -0.1346569814100097], [-0.3505041561131619, -0.716828173358542, -0.29950683136638157, -0.3331150878627317, 0.07323964815004644, -0.03881845565067822, 0.6290750989408067, 0.15958222388648827, 0.7063988515572299, 0.24299070214946353, 0.0203169569127767]], "inverted": false, "swapped": true, "error_lsq": 0.06019570874807734, "error_max": 0.3530936045473181, "target": "812.xyz", "model": "4.xyz", "model_rescale": 3.7855080009869324, "target_rescale": 3.98893552499359},
{"mapping": [0, 1, 12, 2, 7, 4, 11, 8, 9, 3, 10, 14, 16], "R": [[-0.07125697502469058, 0.9882036389330955, -0.13555814807571923], [0.6308909538872731, 0.14991748323401816, 0.7612498620847064], [0.7725924202408002, -0.031278046936563664, -0.634131402759946]], "T": [-0.05481788461107165, 0.11724415485844074, 0.020654515657501107], "aligned_model": [[-0.29698744160723595, -0.6076491291690151, -0.6386219388458406, -0.6025406633722264, 0.5841629222142348, 0.03880160016515062, -0.39014896677875344, 0.4736565760917707, -0.08444159558182956, -0.11105746145840065, 0.5410654195519579, -0.47120778368983185, -0.08459408591704248], [-0.6238217216295389, -0.26871894046801, 0.40525011387870685, -0.10900627840540335, -0.1876403521624619, -0.4196982768510711, 0.3487942812794603, 0.5788133178884136, 0.16702026104417095, -0.29608216661890685, 0.08550647611784688, 0.49230812614383274, 0.13595449096919518], [-0.004824018246498182, -0.3236041706176749, -0.17756419394887385, 0.46178509343779195, -0.22453609950427456, -0.47927448026637887, -0.6622611691726257, -0.03392135894172256, 0.7302732824966753, 0.5760058165196471, 0.43884117450997306, 0.3996582991764519, 0.06127536442010152]], "inverted": false, "swapped": false, "error_lsq": 0.04469206324975934, "error_max": 0.2896234294313755, "target": "812.xyz", "model": "5.xyz", "model_rescale": 4.2253639853439635, "target_rescale": 3.98893552499359},
{"mapping": [4, 10, 5, 2, 0, 1, 8, 12, 6, 3, 7, 11, 13], "R": [[0.962135734112179, -0.012601549473670648, -0.2722793236646531], [0.21480351223287136, 0.6499881377048535, 0.7289546432909244], [0.1677923725228324, -0.7598398658887535, 0.6280836711213882]], "T": [-0.11775740105576082, 0.032026105256007714, -0.03716858774224179], "aligned_model": [[-0.17268396268258443, -0.8005809573903607, -0.6900636588935531, -0.6075417551479352, 0.6228433024175638, -0.09641230376435236, -0.39527896009389285, 0.47293591047168604, -0.17489143373603355, 0.06475730601239091, 0.46290727327770564, -0.22799929153968362, -0.10755401732801333], [-0.6716493774352935, -0.20135811754195523, 0.276223604420593, -0.2548023680893433, -0.26366038268947734, -0.43241786568568374, 0.38092798797765537, 0.7064329603476768, 0.21807470948044022, -0.32015689574398165, 0.09655108199515067, 0.7739068657979434, 0.0006071283525093812], [0.015130552724353603, -0.3334729411572722, 0.07934061829809436, 0.3206195135161976, -0.12168336862629939, -0.6050963706828195, -0.626332517477443, 0.22283250839224472, 0.5758889848387836, 0.5507642215215465, 0.4995401595173254, 0.17022825778207637, 0.014093921215804217]], "inverted": false, "swapped": false, "error_lsq": 0.05089444448845484, "error_max": 0.28648683442437944, "target": "812.xyz", "model": "6.xyz", "model_rescale": 3.89814844738969, "target_rescale": 3.98893552499359},
{"mapping": [5, 1, 0, 2, 9, 6, 3, 8, 4, 10, 11, 7, 12], "R": [[-0.49569110419536705, 0.20464725843165496, 0.8440437363300468], [0.23492963278029172, -0.9040166777660964, 0.35715810779326784], [0.8361210419929015, 0.3753309818508961, 0.40003531994006136]], "T": [-0.14870123967579302, 0.1170781526671616, 0.09777442094147623], "aligned_model": [[-0.1336045493760804, -0.7363587311807775, -0.6748868115729096, -0.5750596679163495, 0.5152001500539687, -0.07265133090724493, -0.23807431511631383, 0.4093468021501307, -0.31020659281111423, 0.03363061248141755, 0.5224031474350816, -0.24416033967445847, -0.14514092196241252], [-0.6058742205425959, -0.4151922979482078, 0.21841557027441466, -0.291321795829142, -0.45857886307138673, -0.04159575691515713, 0.6117140954179773, 0.35253697827016484, 0.24799744642276925, -0.430808278015533, 0.33875466105032015, 0.7619902443120818, 0.020641547760528553], [-0.18451720138763641, -0.19572762694511256, -0.15495044761780594, 0.48889565183725014, -0.06284881517489002, -0.5552300605300801, -0.534467363659341, -0.20360291193981492, 0.7079153454953386, 0.551072576480217, 0.49251331749791993, 0.17683537099632207, 0.23596570481022539]], "inverted": false, "swapped": false, "error_lsq": 0.059908815267476975, "error_max": 0.2871311168749341, "target": "812.xyz", "model": "7.xyz", "model_rescale": 3.7474275329858107, "target_rescale": 3.98893552499359},
{"mapping": [0, 6, 7, 10, 2, 3, 5, 4, 12, 12, 13, 11, 14], "R": [[-0.9251208297229429, 0.10014212473325096, 0.3662280782062508], [-0.3413805035820571, 0.20275603143303988, -0.9177959160355776], [-0.1661649848397515, -0.974095245123101, -0.15338725905945055]], "T": [-0.0793067267102063, 0.03330278035020106, 0.045399870214656225], "aligned_model": [[-0.2941292041537902, -0.7074447541796351, -0.6908027413153093, -0.7440030485328013, 0.6437001116625394, -0.10024007984615274, -0.3856255007367049, 0.6213649005479125, -0.05629894755986963, -0.05629894755986963, 0.5040972158673805, -0.36301048230104793, -0.020871070289714584], [-0.5809951203494343, -0.26549442182981675, 0.30861369540921413, -0.14341665991957978, -0.24228096663961474, -0.257819089765259, 0.2660246499278138, 0.36982317864300246, -0.006225479000010768, -0.006225479000010768, 0.3725511231620111, 0.4646937182153746, 0.029430182332544012], [-0.05805364595556931, -0.3825030963723411, -0.07357137040870512, 0.365106609077807, -0.28611816234337156, -0.6095385913613725, -0.5587779215992197, -0.0442613707640395, 0.6606646730521558, 0.6606646730521558, 0.6392535814743711, 0.3916569905476897, 0.05733117146303138]], "inverted": true, "swapped": false, "error_lsq": 0.056839082829085646, "error_max": 0.3687246316004789, "target": "812.xyz", "model": "8.xyz", "model_rescale": 4.019505241142653, "target_rescale": 3.98893552499359},
{"mapping": [1, 1, 0, 7, 6, 2, 3, 5, 8, 9, 11, 4, 12], "R": [[-0.635089630266327, -0.7559181120842283, -0.15889924276470258], [-0.7721994841699807, 0.6161979864605726, 0.1549451455501322], [-0.019212448459152473, 0.22110596849689956, -0.9750605276182871]], "T": [-0.036833845319771547, -0.058468242416716276, 0.03050617442695484], "aligned_model": [[-0.3826623449522929, -0.3826623449522929, -0.6465553181382964, -0.7641743972969074, 0.5853667710249993, -0.09962444146535555, -0.15383984837295456, 0.3488597011114313, -0.09504987939966902, -0.05240016441553061, 0.43121367475695715, -0.4268065160106088, -0.01122744028654199], [-0.6285719486823502, -0.6285719486823502, 0.11960332127468237, 0.17572897098985213, -0.22432412812237587, -0.003311487006492621, 0.6193410325549489, 0.4837336407133542, 0.15359136997176243, -0.4043347049757075, 0.012223691762034736, 0.6637146555279141, -0.03014313413903828], [-0.07761281148515671, -0.07761281148515671, -0.10797242269042899, 0.5160073348353408, -0.3062727681509258, -0.5551449466211971, -0.4846103073067118, -0.05771131427842763, 0.6690815776142042, 0.619975547013166, 0.43446618901389483, 0.14869183038262468, 0.040568443021366085]], "inverted": true, "swapped": false, "error_lsq": 0.0659888726915998, "error_max": 0.535065672916928, "target": "812.xyz", "model": "9.xyz", "model_rescale": 3.877068213659057, "target_rescale": 3.98893552499359},
{"mapping": [5, 3, 6, 12, 7, 4, 13, 9, 11, 0, 8, 10, 15], "R": [[-0.9471081554034839, 0.09114687343571955, -0.3076985366086482], [-0.1562651335679791, 0.7064810525771836, 0.6902649711381976], [0.28029867998118063, 0.7018381364761594, -0.6548708881821514]], "T": [-0.11047813200088072, 0.08075313731516347, -0.03215311265656307], "aligned_model": [[-0.33123328988410083, -0.5302801775507222, -0.6990452294337499, -0.6431022424512456, 0.5946097697354367, 0.06164207364025842, -0.33517552914735593, 0.29847866970763626, -0.10438822360967626, -0.06901044584104282, 0.5504049367806132, -0.33195906820084314, -0.11050379214227024], [-0.6605486428145461, -0.27282158104257404, 0.260619510859223, -0.14861891326562338, -0.27136184574140115, -0.31199090153932285, 0.4583203624344788, 0.5849158783712624, 0.2376364190884177, -0.34494327137446706, 0.08072907238917358, 0.663027270128694, 0.03371597369291894], [0.08069312470653311, -0.35076338213738284, -0.07141422079686263, 0.43890445823350627, -0.24464466295671286, -0.5558108582302239, -0.6682290249461033, 0.08709272067439625, 0.6889611814602189, 0.6392849219133372, 0.3660384299795566, 0.30713114665429486, 0.044609705308034646]], "inverted": false, "swapped": false, "error_lsq": 0.036341492944080414, "error_max": 0.19444176491174056, "target": "812.xyz", "model": "10.xyz", "model_rescale": 4.260839863003843, "target_rescale": 3.98893552499359},
{"mapping": [4, 5, 1, 0, 3, 9, 10, 7, 6, 2, 11, 12], "R": [[-0.7035084016560054, -0.5958549352743863, 0.38734070907738327], [-0.18890190666302428, -0.36863765218365385, -0.9101770987294714], [0.6851218858411159, -0.713486634423996, 0.14678155211004018]], "T": [0.09172574115658562, 0.025076838559788452, -0.13040457530667543], "aligned_model": [[0.4871511141513912, 0.17567908375257002, -0.46513342694601467, -0.545881879804948, -0.6235462037495806, -0.3099315221868082, 0.37981337284253724, 0.6677323334923879, 0.3385787998682985, -0.1937266512160235, 0.08768840016546033, -0.03952477127514008], [-0.10651304676863893, -0.5599860253442444, -0.5624861169380263, -0.29649793666108876, 0.3263882198087257, 0.37308497660591583, 0.6815856407338685, 0.3072598828227793, -0.4385602456174599, -0.11727622711328559, 0.5192491167833342, 0.04683026722105449], [-0.8071174668336736, -0.12299924954041978, 0.1822572194179689, -0.39422586085918865, 0.15328992996099083, -0.45340154011649036, -0.4905564698591381, -0.008063157480148839, 0.39426511774024103, 0.5493780599506488, 0.5800983488599416, -0.06674685384522705]], "inverted": true, "swapped": true, "error_lsq": 0.0566325757923495, "error_max": 0.2880820522135084, "target": "812.xyz", "model": "11.xyz", "model_rescale": 3.890672605050136, "target_rescale": 3.98893552499359},
{"mapping": [5, 9, 11, 6, 7, 12, 10, 4, 0, 8, 3, 1, 13], "R": [[-0.7642287353735036, 0.44669948524186043, -0.4652031920721017], [-0.6382831896068073, -0.6272575730538419, 0.44625385926842676], [-0.09246085601364687, 0.6379713997753044, 0.764489034044284]], "T": [-0.24987023420926746, 0.06320744139896445, 0.10223758964567062], "aligned_model": [[-0.1395451711301446, -0.7402967202230873, -0.6493106388035103, -0.6883543848202098, 0.4483736515456057, 0.04511121463915413, -0.20074126663557193, 0.24856806877900917, 0.004238891318495419, 0.0010810540259397206, 0.5881355467266516, -0.46447985849670814, -0.10234293532268562], [-0.6727633324544773, -0.41350226736349266, 0.3352891803838713, -0.05997851809199892, -0.3801701087827444, -0.17727802470508242, 0.38961222725700967, 0.5222839488700335, 0.3455433971879066, -0.3562912041331646, 0.12196919519992658, 0.6089991184355503, 0.044965719382896015], [-0.12392072288166764, -0.2693133912562121, -0.1607853264353978, 0.4552463898034691, -0.10473099318081305, -0.5382972120420113, -0.7287779124700651, -0.07627028756840068, 0.5543542782775722, 0.6316102213220087, 0.48610804098342464, 0.613464002139228, 0.023166453171457185]], "inverted": true, "swapped": false, "error_lsq": 0.04551600251207077, "error_max": 0.28985081705777427, "target": "812.xyz", "model": "12.xyz", "model_rescale": 4.124412569039231, "target_rescale": 3.98893552499359},
{"mapping": [4, 4, 10, 2, 3, 5, 7, 9, 8, 1, 6, 11, 12], "R": [[0.9885635497609919, 0.07390904669697008, 0.13145174361830425], [-0.11416928464596733, -0.20270096191645645, 0.9725624373178166], [0.0985265574724672, -0.9764475269334696, -0.19194463946184134]], "T": [0.041613479279589916, -0.014484125427073852, -0.04302478865824525], "aligned_model": [[-0.5578393673927724, -0.5578393673927724, -0.6006690932556913, -0.6371572494814324, 0.7365438816553357, -0.20557857964749832, -0.014281515510126727, 0.3329561236647445, -0.04876536282566127, 0.0425677369969609, 0.4931160777292804, -0.5564989726173903, -0.07611686032003837], [-0.5215715713097347, -0.5215715713097347, 0.3285695517933599, -0.062366173498349206, -0.1140674529001708, -0.24450575413121842, 0.36046306645239856, 0.5522885649723748, 0.31233530144867144, -0.4788538316417085, 0.040301982942307746, 0.643935967402078, 0.013721250965959695], [-0.08539060735832299, -0.08539060735832299, -0.16301205406799948, 0.48553279656653586, -0.1691527891545548, -0.7210601973235244, -0.5423924161384414, 0.007268878740627031, 0.5893650025423767, 0.625723418256043, 0.447644856527796, 0.4034025151451045, -0.030685256514724812]], "inverted": true, "swapped": false, "error_lsq": 0.05503021515535899, "error_max": 0.37683497231137847, "target": "812.xyz", "model": "13.xyz", "model_rescale": 3.9028299243045295, "target_rescale": 3.98893552499359},
{"mapping": [12, 13, 10, 14, 2, 5, 4, 3, 9, 11, 6, 7, 15], "R": [[-0.4003953292041565, -0.14008413122724006, -0.9055716517922834], [-0.6907123668048589, -0.6032750455611366, 0.3987175011785145], [-0.6021627742515516, 0.7851341640646636, 0.14479066863633433]], "T": [0.02251692435352301, -0.034183338812290784, -0.05159555906524894], "aligned_model": [[-0.14491786548295707, -0.6598471591734459, -0.634031605955239, -0.7049335378340498, 0.7018530341824595, -0.2510413053398971, -0.1435549146990764, 0.3931573234040727, -0.18574260419887065, -0.1331622310188225, 0.391461097158475, -0.26891993039112183, -0.009882849048588965], [-0.709466093076629, -0.4063265444107237, 0.3182056264774899, -0.19676449390279727, -0.2779495375296774, -0.162181618390616, 0.4564408262732211, 0.46241640707880755, 0.24370607746988232, -0.4303523921355568, 0.22547231706109883, 0.7532278061428652, 0.03225095012886965], [-0.06570519784408844, -0.22053354719863488, -0.06248805833661176, 0.42530468821448986, -0.19730163238117865, -0.4649769435604188, -0.4887126449707767, -0.12018004864341048, 0.6414058100164793, 0.552284205548061, 0.4391868774333145, 0.2885164876695434, 0.03505354391582397]], "inverted": false, "swapped": false, "error_lsq": 0.04492176883520348, "error_max": 0.21924110005985384, "target": "812.xyz", "model": "14.xyz", "model_rescale": 3.942246331269136, "target_rescale": 3.98893552499359},
{"mapping": [12, 1, 5, 3, 8, 0, 2, 6, 4, 13, 11, 10, 14], "R": [[0.40303966540941244, -0.6206293682376902, -0.6725906744726352], [-0.6599088735855989, -0.7062861500597173, 0.256281393778028], [-0.6340972375508783, 0.3405569871764606, -0.6942201609112466]], "T": [-0.10347452347175445, 0.14195086300350562, 0.06967609349910389], "aligned_model": [[-0.29103670587766045, -0.6820134714341324, -0.6513796013973504, -0.7413025778826797, 0.5724254907503527, -0.003271687647861621, -0.3166563353243984, 0.361158938597557, -0.24132733272010565, 0.10930614947080938, 0.47396919964552364, -0.11815296811262428, -0.12128164646449209], [-0.6499497706770432, -0.3432771475196502, 0.27063498353411986, -0.0952813484124087, -0.11093963500259607, -0.14762633085945592, 0.27244982857169986, 0.4433244480956625, 0.15289395137788353, -0.43807481928630493, 0.16364037507527757, 0.7037616734922381, 0.08712312279681193], [0.14576861790345838, -0.22441215732867695, -0.2236155376391253, 0.3008560696513112, -0.2096919309428005, -0.5987713040989123, -0.6515530335613203, -0.008292473709784864, 0.6393609438521503, 0.5980930118615514, 0.49417501735533076, 0.5091686105276426, -0.00923229400823232]], "inverted": true, "swapped": false, "error_lsq": 0.04834249939215861, "error_max": 0.3223667859883624, "target": "812.xyz", "model": "15.xyz", "model_rescale": 4.355366556412066, "target_rescale": 3.98893552499359},
{"mapping": [0, 5, 1, 8, 3, 9, 11, 10, 6, 4, 7, 12], "R": [[0.294458110100401, 0.2393520749137188, -0.9252053856472076], [0.4571454742330434, 0.8149002887751468, 0.35630820190170875], [0.8392332433741805, -0.5278712945299077, 0.13053528115790577]], "T": [0.05692054863213885, 0.008201179469476535, 0.013426245614941525], "aligned_model": [[-0.19771773120617803, 0.5256638161851852, 0.10562530802732584, -0.45382910171966445, -0.6302405603985478, -0.50436658374462, -0.21650310371036824, -0.23523248764068472, 0.6104642631521, 0.3578746374240869, 0.2806090610990741, -0.044538962835928585], [-0.7040814900306136, -0.3500380837898094, -0.714707769144939, 0.3986445210885544, -0.1949202707513913, -0.08285622748590142, 0.5102990067260587, 0.5900309011436318, -0.04300354354372663, 0.03311733471856251, 0.6207047998157862, -0.050412751005232265], [0.09926464173214256, -0.023260764149676372, -0.4641826488574503, -0.11716347111768446, -0.3982002387795227, 0.26528049768551365, -0.6363231092444112, 0.48228491982854654, -0.4786525058855065, 0.7485611194542067, 0.047792680586154435, -0.07614266004289161]], "inverted": false, "swapped": true, "error_lsq": 0.038989766389824404, "error_max": 0.22545560907509707, "target": "812.xyz", "model": "16.xyz", "model_rescale": 3.795458400668931, "target_rescale": 3.98893552499359},
{"mapping": [5, 1, 0, 2, 9, 6, 3, 8, 4, 10, 11, 7, 12], "R": [[-0.49569110419536705, 0.20464725843165496, 0.8440437363300468], [0.23492963278029172, -0.9040166777660964, 0.35715810779326784], [0.8361210419929015, 0.3753309818508961, 0.40003531994006136]], "T": [-0.14870123967579302, 0.1170781526671616, 0.09777442094147623], "aligned_model": [[-0.1336045493760804, -0.7363587311807775, -0.6748868115729096, -0.5750596679163495, 0.5152001500539687, -0.07265133090724493, -0.23807431511631383, 0.4093468021501307, -0.31020659281111423, 0.03363061248141755, 0.5224031474350816, -0.24416033967445847, -0.14514092196241252], [-0.6058742205425959, -0.4151922979482078, 0.21841557027441466, -0.291321795829142, -0.45857886307138673, -0.04159575691515713, 0.6117140954179773, 0.35253697827016484, 0.24799744642276925, -0.430808278015533, 0.33875466105032015, 0.7619902443120818, 0.020641547760528553], [-0.18451720138763641, -0.19572762694511256, -0.15495044761780594, 0.48889565183725014, -0.06284881517489002, -0.5552300605300801, -0.534467363659341, -0.20360291193981492, 0.7079153454953386, 0.551072576480217, 0.49251331749791993, 0.17683537099632207, 0.23596570481022539]], "inverted": false, "swapped": false, "error_lsq": 0.059908815267476975, "error_max": 0.2871311168749341, "target": "812.xyz", "model": "17.xyz", "model_rescale": 3.7474275329858107, "target_rescale": 3.98893552499359},
{"mapping": [1, 0, 4, 8, 7, 2, 6, 12, 10, 3, 11, 5, 13], "R": [[0.18982468701226696, -0.9651347367533599, -0.18022632469402877], [0.19804682968228512, 0.21743034878812606, -0.9557727222926325], [0.961636127364967, 0.1457360056331188, 0.23241552273592386]], "T": [-0.07267847300629568, 0.03302195265066339, 0.05308970924192074], "aligned_model": [[0.058889266369671484, -0.7116799459954354, -0.770427685228502, -0.6819682992009106, 0.6336515197899434, -0.07652158321938012, -0.38575185324931993, 0.4073439869297527, -0.0446283572309899, -0.18424247069287492, 0.4648700442925875, -0.24000872284594346, -0.11908844811566134], [-0.645159744942831, -0.41076076016013907, 0.4333302448032566, 0.031441180984099495, -0.019790674735828975, -0.2839707893340243, 0.2345609041373901, 0.6028270810263024, 0.2754493087814486, -0.39044891345661176, -0.20255889018672307, 0.6947809208802515, -0.01102053661035643], [0.017341537059551375, -0.2533028691748282, -0.15215436521035208, 0.43468879214880357, -0.20328511343241568, -0.5819957620472609, -0.6224588982447423, 0.11741293169902384, 0.6987533511390667, 0.5715635092432104, 0.47413592979716235, 0.29245468605892655, -0.031300189173554004]], "inverted": true, "swapped": false, "error_lsq": 0.06026661704879556, "error_max": 0.3904275489941331, "target": "812.xyz", "model": "18.xyz", "model_rescale": 3.922800546911778, "target_rescale": 3.98893552499359},
{"mapping": [7, 11, 4, 13, 0, 9, 10, 1, 8, 12, 5, 6, 14], "R": [[-0.48794411254688674, 0.5546159568143558, -0.674026470902833], [-0.18328339923782172, -0.820076555006905, -0.5421085126539114], [-0.8534153376842135, -0.14098079434768154, 0.5018034246898245]], "T": [-0.07028556501791258, 0.048582106323241434, 0.0802928460768956], "aligned_model": [[-0.2841325651794985, -0.6752107224630077, -0.7186244811871411, -0.6249228990084779, 0.7414275839940547, -0.08853186920307841, -0.4476562502508563, 0.39882513380864515, -0.16229213177392549, 0.04484854049300166, 0.4976006655492524, -0.24292007705009797, -0.08797347612593319], [-0.7068163620152474, -0.19101897039242666, 0.3671765633143958, -0.19529193211141582, -0.11215792425593675, -0.29070522292313705, 0.3530881493766702, 0.6139142249986391, 0.3428263998437817, -0.5511500474005666, 0.003961353498964919, 0.7156695605675226, -0.04081646131500975], [-0.06753689928042744, -0.20936296811561103, 0.03533329929107171, 0.40389233300725946, -0.03686961364189972, -0.6595006159862842, -0.5642752906891625, -0.010908972853925475, 0.6088245304875732, 0.5759535426269826, 0.5882770365152657, 0.049318250705773226, 0.04870890779597636]], "inverted": false, "swapped": false, "error_lsq": 0.0504825909750563, "error_max": 0.33616316878297936, "target": "812.xyz", "model": "19.xyz", "model_rescale": 3.9282355846067225, "target_rescale": 3.98893552499359},
{"mapping": [6, 3, 1, 5, 9, 4, 0, 10, 2, 7, 12, 2, 13], "R": [[0.18921114048275028, 0.3791653698913081, 0.9057774376702064], [0.0534474383272065, -0.925049349182046, 0.37606790997655315], [0.9804807574111165, -0.02274475440757437, -0.19529506008463893]], "T": [-0.030509705422246985, -0.15737811002775387, -0.010777646851974972], "aligned_model": [[-0.3663000806198392, -0.6947932490597826, -0.5612598674283628, -0.6516373108299918, 0.6526051290383083, -0.10306873298036995, -0.2617772847508944, 0.271924467354264, -0.30602726717782713, 0.0851391011579348, 0.6843022312665117, -0.30602726717782713, -0.0926424171891857], [-0.6939401962079799, -0.18253890019085578, 0.3681710306283585, -0.19193003482259954, -0.21591811411736941, -0.34013504172842096, 0.3132065396134754, 0.6451826784834644, 0.4121501644713636, -0.23899214145943987, 0.03375386350839227, 0.4121501644713636, -0.012480681463518634], [0.15105561813284915, -0.3635514801110245, -0.07080399600562759, 0.30654996704571935, -0.10216701220101787, -0.6113631414944859, -0.6151470557984802, 0.07085629751373865, 0.5169001223123092, 0.5959037190969638, 0.40791891287476745, 0.5169001223123092, -0.04119853381542872]], "inverted": false, "swapped": false, "error_lsq": 0.0530679848600718, "error_max": 0.3352119080150942, "target": "812.xyz", "model": "20.xyz", "model_rescale": 4.067790424073018, "target_rescale": 3.98893552499359},
{"mapping": [13, 10, 9, 1, 6, 11, 12, 0, 8, 5, 4, 7, 14], "R": [[0.6074906376783498, 0.720631053638572, 0.3341347178383494], [-0.52104797338889, 0.0440143092516931, 0.8523917819925455], [0.5995532791674838, -0.6919202447629769, 0.4022216308537615]], "T": [0.022162844518122726, 0.04591574601496433, 0.020579618559877784], "aligned_model": [[-0.27869097928680564, -0.6725969452415568, -0.7078596305926599, -0.6710937013581444, 0.6309093354612743, -0.011463615027372587, -0.29344168342978955, 0.1767398853384791, -0.0074585121015289385, 0.02164173454812815, 0.6063244859923711, -0.3987719467516863, -0.04380097594777091], [-0.5855566730075403, -0.28654702684208405, 0.2695293462440111, -0.03451649380959419, -0.34962189066068, -0.2563662155125049, 0.32387038262462686, 0.7388399722540144, 0.23167628469894042, -0.3048414405092162, -0.030457804983953743, 0.5653799528175143, 0.027290937872700254], [-0.008627671506428285, -0.25882002487396244, -0.12472710218841063, 0.4521246540721988, -0.12271933619142866, -0.549970231087538, -0.6198490416542427, 0.04107314590864256, 0.5588950411746343, 0.495379834865564, 0.5640819203712005, 0.35169107495851415, -0.01667872398615145]], "inverted": true, "swapped": false, "error_lsq": 0.03640409927084817, "error_max": 0.2856155868382944, "target": "812.xyz", "model": "21.xyz", "model_rescale": 4.186013935880536, "target_rescale": 3.98893552499359},
{"mapping": [1, 1, 2, 0, 10, 9, 8, 11, 6, 6, 4, 5, 12], "R": [[0.3060359157646224, -0.004901534988013212, -0.9520073493502401], [-0.9484647164290424, -0.08791044879160637, -0.30444446896344524], [-0.0821991481177558, 0.996116322498542, -0.03155268769369107]], "T": [-0.07473866205146801, 0.06404131309691073, 0.059147614691940104], "aligned_model": [[-0.48767647112725215, -0.48767647112725215, -0.7226811666103481, -0.6551223347010791, 0.607710963868388, 0.061635369922189404, -0.19389200840458679, 0.2999205630643616, -0.03344227831257556, -0.03344227831257556, 0.5718932662589764, -0.5266946603468614, -0.05009504256844686], [-0.5247583717372355, -0.5247583717372355, 0.3238857871648002, -0.16500816824413772, -0.3549877618889479, -0.12120301941647059, 0.4739736075672488, 0.5533762626424775, -0.039199922224750314, -0.039199922224750314, 0.014304625285543507, 0.6239307633946308, 0.08832382260506116], [-0.07471997999492566, -0.07471997999492566, -0.19055333233737928, 0.423125043422785, -0.17532322578979137, -0.5175129621756411, -0.5775831955463846, -0.07922778377434408, 0.6045728662494216, 0.6045728662494216, 0.38627077184156244, 0.34339812949356185, 0.0895543222192314]], "inverted": true, "swapped": false, "error_lsq": 0.05972002340245001, "error_max": 0.4202352095504506, "target": "812.xyz", "model": "22.xyz", "model_rescale": 4.166573947596378, "target_rescale": 3.98893552499359},
{"mapping": [14, 10, 7, 5, 11, 9, 8, 4, 1, 6, 2, 0, 15], "R": [[0.7191013053341938, -0.4405044662191805, -0.5374468605430801], [-0.6892856224502303, -0.550316517281957, -0.4712080872502674], [-0.0881966175658494, 0.7093007444290552, -0.6993667211144171]], "T": [-0.04162733163826582, -0.07290880825545085, -0.0017192413550764299], "aligned_model": [[-0.3340729785195623, -0.7065183066176508, -0.7082986337547947, -0.6601091483480639, 0.6321274345939041, 0.07931014350466584, -0.15741588481422972, 0.18024194959736303, -0.07485602617225456, 0.09642601786720695, 0.4514522902968917, -0.3866124983222078, -0.06123690770832989], [-0.7731997263803797, -0.26411974864266574, 0.185804689688621, -0.034705787871704454, -0.43634961217568036, -0.2214972659292801, 0.503571943607242, 0.6274885670540874, 0.2879312393529482, -0.27870819890022214, 0.13303734718320293, 0.6270632205070196, -0.047637336306954436], [-0.22542873340261932, -0.2885983112979323, 0.0008003947317526891, 0.5524312371561777, -0.19161032711650633, -0.5707049737194823, -0.5570048380586347, 0.006709997524482834, 0.6121124739942335, 0.7177913669526983, 0.40726475182975636, 0.23865579178318055, 0.059434709485485036]], "inverted": false, "swapped": false, "error_lsq": 0.04446310577503021, "error_max": 0.23500268549925424, "target": "812.xyz", "model": "23.xyz", "model_rescale": 4.274766983524099, "target_rescale": 3.98893552499359},
{"mapping": [10, 9, 4, 7, 5, 6, 11, 2, 3, 0, 12], "R": [[0.3790170534099457, 0.2926029199267919, -0.8779120710383005], [-0.16841145445210248, 0.9546618702726455, 0.24547565145419592], [0.9099360720587847, 0.05481099066656146, 0.411110812395369]], "T": [-0.11835601321128753, 0.14017990840582178, -0.014168152938223363], "aligned_model": [[0.09148068599450632, 0.43615855858099817, -0.4559777039524244, -0.40293957895417226, -0.5470057851222228, -0.6393267877167362, 0.13559502259557787, -0.036600507812776586, 0.6048760020353139, 0.2009629456793906, -0.007328147369379506], [-0.04511672403825259, 0.3393604463666686, 0.5858509257604894, -0.3108791968408907, 0.4227249634437925, -0.09452338919182021, -0.6673168747234421, -0.1979984073329108, 0.014779872128437954, 0.7421293694025914, 0.12657554626882], [-0.7660600305931802, -0.21318062387116576, -0.5789746678783506, -0.3909123169046173, 0.27879809463412936, 0.4598338295783482, 0.1660948842733806, 0.6512665613022562, 0.3654307919799996, 0.3253134135360647, 0.08195649796471251]], "inverted": true, "swapped": true, "error_lsq": 0.05909942762887598, "error_max": 0.3519997967334574, "target": "812.xyz", "model": "24.xyz", "model_rescale": 3.7841303162186577, "target_rescale": 3.98893552499359},
{"mapping": [8, 2, 5, 4, 10, 9, 12, 11, 6, 1, 7, 3, 15], "R": [[0.4303264391168029, 0.8307522909583425, -0.3530860898768442], [0.5139623598549443, 0.09606346533002186, 0.8524168600403943], [0.7420659326834711, -0.5482904720093664, -0.3856367589511621]], "T": [0.00753413073750156, -0.027463595267960546, 0.021803554104720888], "aligned_model": [[-0.17899565237658283, -0.6330829737497071, -0.7981942034546152, -0.6205441045463254, 0.7170108520377931, -0.04596430284984492, -0.37206876755591056, 0.43788729169956764, -0.07674402158487531, -0.22431113556191232, 0.5406136160698292, -0.38943507005167877, -0.0057340764728000294], [-0.5872021901307132, -0.3217877382254392, 0.2710363585467569, 0.01378526257842239, -0.15531746233812596, -0.22493615840300768, 0.28749456463132145, 0.5853865391298263, 0.33671905449473255, -0.5282814665183115, -0.032398497010083904, 0.6466924016899107, 0.017488662740945755], [0.05864278687831494, -0.2461069761810306, -0.15437355705416916, 0.4224537817940086, -0.2706879430116772, -0.526177479270248, -0.5542822932724176, 0.1910325078368147, 0.6401033542793441, 0.5202668186829891, 0.3941037947209148, 0.213978039985885, 0.07290070447386379]], "inverted": false, "swapped": false, "error_lsq": 0.04686445188618348, "error_max": 0.2953421191379024, "target": "812.xyz", "model": "25.xyz", "model_rescale": 4.19342608120988, "target_rescale": 3.98893552499359},
{"mapping": [0, 5, 1, 8, 3, 9, 11, 10, 6, 4, 7, 12], "R": [[0.294458110100401, 0.2393520749137188, -0.9252053856472076], [0.4571454742330434, 0.8149002887751468, 0.35630820190170875], [0.8392332433741805, -0.5278712945299077, 0.13053528115790577]], "T": [0.05692054863213885, 0.008201179469476535, 0.013426245614941525], "aligned_model": [[-0.19771773120617803, 0.5256638161851852, 0.10562530802732584, -0.45382910171966445, -0.6302405603985478, -0.50436658374462, -0.21650310371036824, -0.23523248764068472, 0.6104642631521, 0.3578746374240869, 0.2806090610990741, -0.044538962835928585], [-0.7040814900306136, -0.3500380837898094, -0.714707769144939, 0.3986445210885544, -0.1949202707513913, -0.08285622748590142, 0.5102990067260587, 0.5900309011436318, -0.04300354354372663, 0.03311733471856251, 0.6207047998157862, -0.050412751005232265], [0.09926464173214256, -0.023260764149676372, -0.4641826488574503, -0.11716347111768446, -0.3982002387795227, 0.26528049768551365, -0.6363231092444112, 0.48228491982854654, -0.4786525058855065, 0.7485611194542067, 0.047792680586154435, -0.07614266004289161]], "inverted": false, "swapped": true, "error_lsq": 0.038989766389824404, "error_max": 0.22545560907509707, "target": "812.xyz", "model": "26.xyz", "model_rescale": 3.795458400668931, "target_rescale": 3.98893552499359},
{"mapping": [8, 11, 10, 5, 2, 9, 4, 3, 7, 6, 0, 7, 12], "R": [[-0.6782506102848906, 0.5500068422661871, 0.4873074831239008], [0.5242048713061142, -0.10258586580853918, 0.8453906747979022], [0.5149615155981209, 0.8288356975883034, -0.21873733987638339]], "T": [-0.0896568403324541, -0.15136302535739857, -0.06355467244801524], "aligned_model": [[-0.4978840209190695, -0.6215802586551662, -0.6142503695269765, -0.580505667234995, 0.7762043178902291, 0.16339788811401562, -0.3915422792990049, 0.23992148395172114, -0.21110813245819127, -0.13726981337519173, 0.5487129385340275, -0.21110813245819127, -0.11255050296026901], [-0.722233667353543, -0.2653162379040891, 0.33008485017060807, -0.11322759464590273, -0.15581353678512835, -0.15199841095953914, 0.38292000588726716, 0.5087865897420809, 0.4610483511147053, -0.5118198894414087, 0.13916314291221019, 0.4610483511147053, -0.05396262266573193], [0.13191652554131728, -0.5279324649009962, -0.03717284563415476, 0.5060711573148938, -0.22198308381575935, -0.41045118556313476, -0.631242973279175, -0.08919005217800902, 0.45645493153824535, 0.6773844705378435, 0.38293358391876986, 0.45645493153824535, 0.06861054484450554]], "inverted": true, "swapped": false, "error_lsq": 0.05578418405744704, "error_max": 0.3117227709544065, "target": "812.xyz", "model": "27.xyz", "model_rescale": 3.6321398670334006, "target_rescale": 3.98893552499359},
{"mapping": [7, 4, 1, 3, 9, 6, 13, 11, 0, 8, 10, 5, 14], "R": [[0.05647584102084666, 0.7167844011012628, -0.695004030001907], [-0.7588826520512998, -0.4215246206434596, -0.4964011629790698], [-0.6487739204041524, 0.5554611746371577, 0.5201492897948964]], "T": [-0.07448199514033038, -0.033970692697676566, 0.08653118836832346], "aligned_model": [[-0.46980778563283404, -0.7086604700265026, -0.6350244977974828, -0.5857113826691174, 0.5140470333262093, -0.04741715764360663, 0.08473336138884485, 0.27281594754646277, -0.034626719577539294, 0.06687804002902031, 0.5799869388498509, -0.5906441441310399, -0.09613171205932754], [-0.6870188768249033, -0.2740237841346465, 0.26742138080938166, -0.08633156046857617, -0.06305946904325678, -0.303410671164693, 0.360807543826078, 0.501746708996228, 0.319422422525411, -0.40738966009060845, 0.08447708671154612, 0.5902430819904242, 0.0057951280538490885], [0.22118991472300595, -0.38955643764356224, -0.11894902208581395, 0.5420121789875505, -0.22868236934006042, -0.6418759983862663, -0.6100877505979752, 0.016410999074756988, 0.5993045860232542, 0.4145635511660806, 0.4894110352102647, 0.42697666272174684, 0.04113619000961023]], "inverted": false, "swapped": false, "error_lsq": 0.0508201927303411, "error_max": 0.35859628538246274, "target": "812.xyz", "model": "28.xyz", "model_rescale": 4.156811204709835, "target_rescale": 3.98893552499359},
