[{"mapping": [1, 0, 12, 11, 2, 8, 5, 3, 10, 9, 4, 7, 6, 13], "R": [[0.8064227221381437, 0.44993931581597635, 0.3837147447028296], [0.45313583901027754, -0.8870990008465531, 0.08788216031424763], [0.3799346057201929, 0.10300473183353483, -0.9192604204446875]], "T": [0.09051278609009483, -0.10331118297368903, -0.14860342496418127], "aligned_model": [[0.17452524616995513, 0.17060249989431947, -0.34614876187817256, -0.3653005849332402, 0.5613852226442797, -0.022101490460225526, 0.2727522749031115, 0.6116137628424929, -0.9085149133775969, -0.3446930587798525, 0.32311518761691305, -0.26176091005332625, 0.6393949859889756, -0.01477797080653602], [-0.5371705626076257, -0.8170433301088122, -0.4680706564071798, 0.3723779321633133, -0.3029664405702031, 0.6479395855913888, 0.2690569121254693, -0.14383758560086368, 0.015602702000860849, -0.3384869255515386, 0.41577134204594024, 0.2635214830059226, 0.4083597277904708, -0.017565693495846038], [-0.5197530695523949, 0.13350381434256003, -0.25536028441632586, -0.3788551945117791, 0.4255700436124316, 0.03447972300451663, -0.7814794245968046, -0.15202227206944702, -0.09175214267278115, 0.3917958852298817, 0.6194158987733687, 0.4106206094363552, -0.0020855287890256813, -0.058595481971693536]], "inverted": true, "swapped": false, "error_lsq": 0.04632762322954127, "error_max": 0.251446359665342, "target": "813.xyz", "model": "0.xyz", "model_rescale": 3.8414455957264533, "target_rescale": 4.104346927018684},
{"mapping": [7, 4, 0, 13, 5, 8, 9, 2, 11, 1, 10, 12, 6, 14], "R": [[-0.5513132991065531, 0.8206057009931967, -0.15053215512212975], [-0.8244125020285406, -0.5635331494528627, -0.05267272507455178], [-0.12805339795292514, 0.09506141680619976, 0.9872009189154496]], "T": [0.07343073405166785, -0.05588464347015254, -0.028737012640757842], "aligned_model": [[0.157330827640236, 0.19256958089387927, -0.37296626290538015, -0.4523793973379268, 0.5450749808968839, -0.012108425627643457, 0.2454868126547461, 0.7473465438995531, -0.7466202023021583, -0.4262390288907269, 0.1920999046568145, -0.37909789659682663, 0.7646780621427827, 0.03491599064686431], [-0.3463140260610377, -0.5865586392550053, -0.5397512490903529, 0.2585523140019711, -0.1278223899253714, 0.7258052939690348, 0.2139710351871812, -0.3357650949637665, 0.029037166874236145, -0.5076409266143407, 0.3055203389031648, 0.45386484242386704, 0.29932066744415914, -0.07473084251244339], [-0.5958053949006299, -0.02585947566670556, -0.3322501072190343, -0.4753913601434561, 0.4259050993938041, -0.1058492125072375, -0.6313017797036542, -0.1387785581007822, 0.1870641691053541, 0.5141665513644724, 0.540196522206696, 0.31428316743798645, 0.04893854521887098, 0.050164409333177215]], "inverted": true, "swapped": false, "error_lsq": 0.04272160555642995, "error_max": 0.25167708585075355, "target": "813.xyz", "model": "1.xyz", "model_rescale": 4.316132596720782, "target_rescale": 4.104346927018684},
{"mapping": [0, 1, 2, 5, 3, 6, 11, 12, 9, 7, 10, 13], "R": [[-0.17967200811845346, 0.6956935062501566, -0.695505941642518], [-0.26620377977743004, -0.7150172635219573, -0.6464409180256006], [-0.9470235040012955, 0.06899897265130267, 0.31366482850675625]], "T": [-0.008465419015551132, 0.014720597426559321, -0.11871057828799328], "aligned_model": [[-0.11845823108128427, 0.5042770970144532, 0.07912922779896457, -0.5412354999367726, -0.595103887535939, -0.46713486436373225, -0.0734332027244987, -0.14467566446718483, 0.5943830171071424, 0.07440249671697714, 0.31246807832382567, -0.026810012220170654], [-0.7185065553080655, -0.3958420058666977, -0.5656906080884634, 0.4454995018873075, -0.13911273050238246, -0.24568057720270117, 0.45296882438002367, 0.5887685327312675, -0.02338771299127931, 0.04931302435344126, 0.6415705017535324, -0.07712376740500254], [0.10030223334495403, 0.1752275459012065, -0.4384738169896937, -0.0012215450961385321, -0.43790061588023055, 0.4026809313379238, -0.5731497297465996, 0.45897020709966885, -0.6465778029407908, 0.6769192456721335, -0.19028664737216935, -0.07723154412084318]], "inverted": true, "swapped": true, "error_lsq": 0.040922751963300925, "error_max": 0.19710611810888812, "target": "813.xyz", "model": "2.xyz", "model_rescale": 3.795458400668931, "target_rescale": 4.104346927018684},
{"mapping": [7, 5, 6, 8, 1, 2, 3, 10, 11, 9, 0, 13], "R": [[0.16327177204762833, 0.19619852377469216, -0.9668756216396498], [0.13142110624887343, 0.9669672911155377, 0.21840959398570775], [0.9777887406207694, -0.16272798524319948, 0.1320938360936627]], "T": [0.08847566636473295, -0.05089552054762776, -0.0029489450630390338], "aligned_model": [[-0.18519914238473642, -0.18899962364660358, -0.6157100504474117, 0.20544408457095953, 0.1764363674387518, 0.04273330960419297, -0.2949314528721305, 0.647105152412591, 0.4331492291440001, 0.7762186904435785, -0.4181558731985351, 0.015213134678908197], [-0.031137862638396387, -0.6882527021635633, -0.047412417619001515, 0.08397060612752001, 0.5633953223205028, 0.49276130997939144, -0.21254487438573427, -0.435937166552908, -0.4683025970775925, 0.2762151886205971, 0.5329023420721304, 0.020111896606763574], [-0.7551472422182844, -0.004124976219236097, -0.23564162304422212, 0.7546338498205948, -0.36733313140282825, 0.3832419479966886, 0.5416244044042167, -0.204786191611372, 0.32836469985681765, 0.24910343818193734, 0.010893980681779485, -0.012057725806991526]], "inverted": true, "swapped": true, "error_lsq": 0.050309652237977, "error_max": 0.34802198852126537, "target": "813.xyz", "model": "3.xyz", "model_rescale": 3.7530521520055578, "target_rescale": 4.104346927018684},
{"mapping": [5, 4, 7, 1, 6, 9, 3, 11, 8, 2, 13], "R": [[0.3105787806100735, -0.7249830569533543, -0.6147685647179184], [-0.41007933219774795, -0.6856626672047716, 0.6014163683388472], [-0.8575405310182191, 0.0653167201580741, -0.5102528429404221]], "T": [-0.10099494373198264, -0.07067407216075602, -0.031179031267888457], "aligned_model": [[-0.4674334506440206, 0.0015294914010394178, 0.30841060363991923, 0.46687370822516755, 0.3351080786890457, -0.272766999672034, -0.22201772636811368, -0.7187427093084942, -0.31058324410554217, 0.22245932690787656, -0.0046374763196387475], [-0.6613826098292584, 0.09843503538894238, -0.4313103645600119, 0.28139296218105214, -0.6688485672427122, 0.712270444545054, -0.35119258884925075, 0.02434315541648502, 0.2589356478601993, 0.2929309708905128, -0.08837072748666627], [-0.03326247821464344, -0.7020672117150789, -0.6171987464814632, -0.29846194743297816, 0.013953722060382312, 0.0006726826508375305, 0.5822983631857851, 0.0790783417966297, 0.6420463031484209, 0.4270427773963043, -0.00127102914887961]], "inverted": false, "swapped": true, "error_lsq": 0.043663701679449905, "error_max": 0.2251411828267961, "target": "813.xyz", "model": "4.xyz", "model_rescale": 3.7855080009869324, "target_rescale": 4.104346927018684},
{"mapping": [12, 2, 1, 6, 9, 8, 13, 14, 4, 5, 10, 7, 15, 16], "R": [[-0.9916184787289524, 0.10401702486925327, -0.07663713969497744], [-0.05935327518512176, -0.8936147157207652, -0.44489316534657547], [-0.11476053924619538, -0.43661561857616277, 0.8922986160738329]], "T": [0.006802040995732013, -0.05238525568754687, -0.03754106698239422], "aligned_model": [[0.16374569463019367, 0.27423502376832964, -0.39765653626143016, -0.434249052542971, 0.5569894277857594, 0.17880066113633572, 0.21211203517047722, 0.6071996881002965, -0.729608853864363, -0.3932868336206468, 0.17746126448790933, -0.49116317127397574, 0.7114526660105731, 0.05405947624460951], [-0.3309683228486504, -0.7326768475969005, -0.6108140353567475, 0.3319957457125267, -0.23873524708352936, 0.6300506651228941, 0.3320874354722202, -0.30203769682407344, -0.11755381019829482, -0.17411490793988754, 0.3086857635390269, 0.37990791566451654, 0.3696086736317715, -0.07794684091357564], [-0.6382285292164008, 0.06955065670099962, -0.3500702597142884, -0.3270272440581803, 0.3741402896187037, -0.03479104499084089, -0.616243231242846, -0.22433968185612713, -0.016261092835752694, 0.6554337008050247, 0.5719402063853893, 0.31815927494528656, 0.031064522947958736, -0.03784499167006549]], "inverted": true, "swapped": false, "error_lsq": 0.045786209928411835, "error_max": 0.2791430115636369, "target": "813.xyz", "model": "5.xyz", "model_rescale": 4.2253639853439635, "target_rescale": 4.104346927018684},
{"mapping": [4, 2, 3, 0, 5, 9, 1, 10, 7, 6, 11, 12, 8, 13], "R": [[0.8607546049262903, -0.4960319088193341, 0.1142534705434981], [-0.5089882476492531, -0.8362260404428522, 0.204100399412182], [-0.005698583431769676, -0.2338340324211114, -0.9722598271185302]], "T": [0.08151377869427273, 0.009811643783856322, -0.03966938908021815], "aligned_model": [[0.056453609653848505, 0.24720153119505708, -0.43290138346558144, -0.47932594864549977, 0.48539353716690836, 0.0793143931623786, 0.37601185316626784, 0.7931074942220262, -0.6997558151184391, -0.2261001586062127, 0.08730261350579509, -0.510620682112547, 0.6728006038359349, 0.04120984181116063], [-0.4097443296383976, -0.639334707459709, -0.468847920386412, 0.3141123820780416, -0.2521468007302121, 0.6020628152097687, 0.17226507737046495, -0.27202567586911697, -0.011139527809259031, -0.3427225034214977, 0.18418051446567013, 0.4893175250351065, 0.43684721088636724, -0.035335569349518384], [-0.6091042714854816, -0.0032249742044487273, -0.13595820082240223, -0.5253879395162325, 0.3714269262700173, -0.18741965179842723, -0.6920385698409859, -0.19038297062273762, 0.096602714519557, 0.40170495176414495, 0.7186944913504512, 0.49958440519434294, 0.07816689752972829, -0.04718123251866438]], "inverted": true, "swapped": false, "error_lsq": 0.034986691278131574, "error_max": 0.2460306584549903, "target": "813.xyz", "model": "6.xyz", "model_rescale": 3.89814844738969, "target_rescale": 4.104346927018684},
{"mapping": [6, 0, 3, 7, 5, 2, 1, 12, 4, 9, 8, 10, 13], "R": [[-0.1814628596243205, 0.9287922789319621, -0.3231348529226409], [-0.9822459309675949, -0.15528661319728157, 0.10525682333853972], [0.047583207905382646, 0.33649809859505964, 0.9404811895871936]], "T": [-0.024680438832462834, 0.1332164880533555, 0.026313194917649423], "aligned_model": [[0.21359973197630994, -0.2531330311353327, 0.4857080885816929, -0.19255097953657352, 0.6161538852819397, -0.2969632073496389, -0.6945632171215514, 0.25422693474782265, -0.4628172583542432, -0.513821084306508, 0.09379321013630403, -0.04994068665225661, -0.05106058536374236], [-0.2863124056200153, 0.14732536055554427, 0.48129536291184466, -0.6347675747760723, -0.11238555255881821, 0.6149276152022227, -0.019320729358380223, -0.5924577002578795, -0.3185874147599016, 0.6504859097207194, 0.8999303924229285, 0.012064337515497306, 0.12158366447279606], [-0.5369395065644113, -0.7121293828496659, -0.27039594479501833, -0.12570820172467287, 0.13689847087036072, -0.34867347472882243, -0.18782605995066723, 0.3045343339079794, 0.3314516249807772, 0.39603749960192647, -0.03626441635117501, 0.7232682309385514, -0.07197814249886669]], "inverted": false, "swapped": true, "error_lsq": 0.046783336808176694, "error_max": 0.27232940327272404, "target": "813.xyz", "model": "7.xyz", "model_rescale": 3.7474275329858107, "target_rescale": 4.104346927018684},
{"mapping": [5, 9, 8, 3, 11, 0, 6, 7, 2, 4, 12, 1, 10, 14], "R": [[0.6398260560365042, -0.4395675355775434, -0.6303990796971847], [0.44395716973001703, -0.45815643548051754, 0.7700614988902506], [-0.6273154305945973, -0.7725756029632773, -0.09799126616103795]], "T": [0.037043372103155614, 0.00149072755657801, 0.1072538983879382], "aligned_model": [[0.1127523042601842, 0.3410309611200904, -0.3649063837104358, -0.29784431616787715, 0.5448077053632636, 0.013458963650364753, 0.3214315729533172, 0.5919120983052408, -0.8031138983562076, -0.5166245189268144, 0.26391152524551725, -0.406185866000928, 0.6991259467948368, -0.00966460475945461], [-0.32010389105457265, -0.681507034696819, -0.49717366133166013, 0.1154471964139697, -0.27123739188102425, 0.5970024041191883, 0.28650969979138824, -0.18390160141669765, 0.05307081028277747, -0.46374212059485015, 0.19159736302982822, 0.5765562708258132, 0.3669622338277477, -0.001991786933792577], [-0.5282510369932739, -0.03919077570068105, -0.12722539048986162, -0.5164437017634894, 0.3402232318350976, -0.17385614480241535, -0.6032569284691653, -0.24149818112522714, 0.11530074932958297, 0.4059780341534654, 0.6485790567153248, 0.30128813115109127, 0.04945595654067825, 0.14437957543773516]], "inverted": true, "swapped": false, "error_lsq": 0.04782597299068748, "error_max": 0.2766687732307579, "target": "813.xyz", "model": "8.xyz", "model_rescale": 4.019505241142653, "target_rescale": 4.104346927018684},
{"mapping": [3, 5, 6, 0, 2, 1, 7, 8, 9, 10, 12, 4, 13], "R": [[0.2409369228619865, -0.970540652996121, -0.0004899833268177112], [0.9567648845699047, 0.23743226529240227, 0.16800855648464957], [-0.1629427962683056, -0.04094826345501965, 0.9857854152219356]], "T": [-0.03701196127013949, -0.1128748789697343, 0.06774334737363608], "aligned_model": [[-0.4556243040685946, -0.6563733338118063, -0.04835407967030061, 0.41069959906182113, 0.29720563413391193, 0.6767192588715804, 0.2356455123024762, -0.19515701886859071, 0.2640600332223051, -0.2226682524104629, -0.3259718093061382, 0.3195831047758028, 0.019936427509171593], [-0.5345339174723776, 0.1492616700992923, 0.12803664633013195, -0.3340155000545836, -0.6790914645624821, -0.022345964367356197, 0.581746166343496, -0.8667371352290099, -0.5005161955202991, 0.20103037981070865, 0.6598184160703804, 0.41010856451038896, -0.12938343784423084], [-0.27381049513671946, -0.10802359041344811, -0.633590048011318, -0.5224585437823903, -0.052655554552364814, 0.0516678742699123, -0.22251524379348375, 0.17947522926317777, 0.702260605575817, 0.6744207542421998, 0.03243568782557055, 0.3652805340187769, -0.01578371546185059]], "inverted": false, "swapped": true, "error_lsq": 0.04372184534118035, "error_max": 0.2540424821863066, "target": "813.xyz", "model": "9.xyz", "model_rescale": 3.877068213659057, "target_rescale": 4.104346927018684},
{"mapping": [1, 0, 5, 4, 11, 2, 7, 8, 3, 12, 10, 6, 9, 15], "R": [[-0.6191318730894725, 0.7323492074997628, -0.2834437545602142], [-0.4321299165622062, -0.01635097661426471, 0.9016631193387588], [0.6556976886772306, 0.6807329019800861, 0.32659341270930203]], "T": [-0.016965608045250706, 0.13489224538177588, 0.044147168144659396], "aligned_model": [[-0.005621143571890079, 0.18880804183378708, -0.4312633261685973, -0.32937443150139095, 0.4325519016096624, 0.2037533957770159, 0.24590626170206042, 0.6817857929877421, -0.6433441281305482, -0.25947590516776503, 0.24122209167293107, -0.39809412990465876, 0.5595237270999287, 0.003713341532820248], [-0.4476960305820945, -0.6339783109796434, -0.4783485376952997, 0.2695477750083518, -0.2793094534506173, 0.6669115064463068, 0.1415813593726614, -0.0669045899904934, 0.07070129303894548, -0.4307383196203335, 0.25568853208415315, 0.20857978202060615, 0.4439779983711093, 0.04747548635764531], [-0.5987904758292274, 0.06031219860336405, -0.207425058007857, -0.5409676027445292, 0.45770035391610137, -0.28538884681813925, -0.7286013066298809, -0.2134328244717409, -0.035167483347345666, 0.4677578802831446, 0.6937302254152667, 0.5233295675441069, 0.13230241564892942, 0.05012353225666856]], "inverted": false, "swapped": false, "error_lsq": 0.03874811826240857, "error_max": 0.24191648947580202, "target": "813.xyz", "model": "10.xyz", "model_rescale": 4.260839863003843, "target_rescale": 4.104346927018684},
{"mapping": [8, 3, 6, 0, 7, 1, 9, 11, 5, 12, 10, 13], "R": [[-0.717302270100896, 0.5264294700082353, 0.4564531371509566], [0.20208097909457134, -0.4697677964568479, 0.8593494605224681], [0.666813865479926, 0.7086538157090005, 0.23058412409529216]], "T": [0.015031064390740779, 0.053659508243594174, -0.08157933305424372], "aligned_model": [[0.5494528517466815, 0.31944430055184886, -0.4763879487696757, -0.5058527950934638, -0.6663532405519439, -0.5257762890159507, 0.3429564335858274, 0.6274344005889079, 0.21577771701885373, -0.18103714829510245, 0.3207063255429773, -0.06146595821482979], [-0.10346613826182868, -0.5374414384851531, -0.482090010472974, -0.26252384559012504, 0.10633071031566982, 0.4205984607067701, 0.6466144457674864, 0.13185908545920774, -0.34582086891119873, 0.05331094041227672, 0.5366834740416905, 0.00902369055111251], [-0.6251849423844418, -0.24778377960749778, 0.06510176611571605, -0.557389357707069, 0.33559175616866077, -0.3828256964946315, -0.5109878581506023, 0.06554049451152, 0.45071222831080016, 0.7205157281912081, 0.33592842629754804, -0.13304068785570602]], "inverted": false, "swapped": true, "error_lsq": 0.0428783686134823, "error_max": 0.21627106143959315, "target": "813.xyz", "model": "11.xyz", "model_rescale": 3.890672605050136, "target_rescale": 4.104346927018684},
{"mapping": [3, 8, 0, 2, 5, 10, 4, 7, 1, 6, 9, 11, 12, 13], "R": [[-0.07775650214309249, -0.37766870731572777, 0.9226701869514038], [-0.01371096031663352, 0.9257897297583279, 0.3777901346530877], [-0.9968780948248723, 0.016724945096160515, -0.07716437176484667]], "T": [-0.049391529406418375, -0.047495493623324336, 0.07766125651291282], "aligned_model": [[0.17981059328456672, 0.12900997611298848, -0.3229251387315616, -0.3545055381471683, 0.6305874275692441, 0.14106835363035647, -0.017349926431858828, 0.7338277581529898, -0.7871756128458934, -0.36598790627952327, 0.1946121887715907, -0.33043441657503975, 0.5794712578399479, 0.08008247342045845], [-0.5699312542193544, -0.7452378237584145, -0.3948848458871879, 0.4892296726802971, -0.17257285663891372, 0.8038526046871333, 0.17114295999123663, -0.217418924693851, -0.2243011697243567, -0.299217163430546, 0.2092074074135123, 0.3930732030818472, 0.3463893398379085, -0.021842658958014523], [-0.6486929401476624, 0.10045576032845355, -0.31373948729127177, -0.27503644860180376, 0.4339707472178563, -0.1184814285389318, -0.5873407029616406, -0.2132987844627411, -0.09471243496020211, 0.48810160423940563, 0.7707602553117714, 0.24992931202723118, 0.010441620014185679, -0.026874496355788632]], "inverted": false, "swapped": false, "error_lsq": 0.0500840605626469, "error_max": 0.3724338969521106, "target": "813.xyz", "model": "12.xyz", "model_rescale": 4.124412569039231, "target_rescale": 4.104346927018684},
{"mapping": [10, 9, 1, 11, 4, 12, 8, 5, 2, 3, 6, 0, 13], "R": [[-0.7900000635392629, 0.4278324651594396, 0.439157467616751], [0.5506836013205637, 0.8100327715069858, 0.20148071947788423], [-0.26953194772526545, 0.4010065970034762, -0.8755262636352587]], "T": [0.11602869904076579, 0.08160689938818005, 0.0014825685036514453], "aligned_model": [[-0.1443287685096472, -0.27185909492966503, 0.6096930735156068, -0.47500107287175836, 0.47373404379895756, 0.4087267134910993, -0.47817134192321914, -0.01136690329329898, 0.05532607893570317, -0.19647847034332316, 0.6306124794342891, 0.5800185253921605, 0.1863930448128527], [-0.32205927775103377, 0.5222545910222891, 0.4811374877405468, -0.13174879693410704, -0.10168974682395854, -0.6864596210260716, 0.537483404185616, -0.5072946720295677, 0.7355551225703374, 0.15139993597192375, -0.05412222035404107, 0.5854451882230787, 0.13758398171346492], [0.5214151145702645, 0.5481954348854575, 0.3399156551910451, 0.0907037503283046, 0.5738891779502474, 0.08022928497662908, -0.2104256611095316, -0.34519220165018066, -0.12287752064170933, -0.6044546120322007, -0.5150604376093068, -0.35705265657074126, -0.047587247320438376]], "inverted": true, "swapped": true, "error_lsq": 0.044054701175263125, "error_max": 0.25481856773911715, "target": "813.xyz", "model": "13.xyz", "model_rescale": 3.9028299243045295, "target_rescale": 4.104346927018684},
{"mapping": [13, 5, 12, 11, 4, 9, 14, 10, 1, 2, 3, 6, 7, 15], "R": [[-0.04503127769067833, -0.6172815801812223, 0.7854525032097857], [-0.8934476697288393, 0.3766209576479228, 0.24476093584652917], [-0.4469042911918079, -0.6907388110055313, -0.5684685123074213]], "T": [-0.010847739389739638, -0.14041913451324065, 0.10583770629159638], "aligned_model": [[0.19457729622539144, 0.2055333820630872, -0.38835383045413796, -0.40792388516019235, 0.5918199233530473, 0.07641640705826604, 0.15007789921088688, 0.6438247642486545, -0.5945898393693821, -0.5476612755337141, 0.14373127956991194, -0.21736369091048197, 0.6133704076850018, 0.026632651784758626], [-0.5255273466240584, -0.5848980068048314, -0.4958340828950406, 0.17833140808249962, -0.29499297719018236, 0.5800124852690516, 0.13419984138837884, -0.03280363513094611, 0.14253670934444315, -0.32928805144242523, 0.07294739894032101, 0.4434629204739805, 0.5147639443200297, -0.03542211734992343], [-0.5591010664556134, -0.027277191523657054, -0.3582847502184575, -0.4294989302212894, 0.3746534225861222, -0.166575043825255, -0.7198365694967915, -0.23353733598686932, 0.06869060841102108, 0.5730737592523913, 0.6708770806166366, 0.3524977352395779, 0.14724777644733744, 0.08255308099370852]], "inverted": false, "swapped": false, "error_lsq": 0.043518772875818214, "error_max": 0.26557002981041034, "target": "813.xyz", "model": "14.xyz", "model_rescale": 3.942246331269136, "target_rescale": 4.104346927018684},
{"mapping": [1, 0, 12, 4, 7, 10, 5, 2, 13, 8, 6, 11, 9, 14], "R": [[-0.04188727110699514, -0.5646199968157802, 0.8242873987359978], [-0.9269718846678157, -0.28586020213146446, -0.2429137086966418], [0.37278489984789853, -0.7742662358860208, -0.5114129587840786]], "T": [-0.013586821929431059, 0.05919665247228802, -0.07688181840737252], "aligned_model": [[0.021803630829946463, 0.2729138293193415, -0.5332881426538855, -0.3965666249156252, 0.6137087912094089, 0.02357908453732986, 0.4059258038915875, 0.6489540348513498, -0.8204028348605246, -0.11797216073947364, 0.13350544088729577, -0.440560163952849, 0.6648754509933608, 0.013615350373834646], [-0.48022827706618276, -0.6022248626645692, -0.4795023848869996, 0.44740665323839723, -0.170556502015625, 0.7714596509024624, -0.01943826512300019, -0.31110007107355386, -0.03532822477090437, -0.33711730439886023, 0.21900476580374184, 0.3363227050835075, 0.46221162655141157, -0.03342101919852876], [-0.6805453811859461, 0.06857071342466942, -0.4051959097104773, -0.2920176888066118, 0.45668468154240816, -0.05954306104349269, -0.5465681655590122, -0.15792420402681046, -0.04458916652727185, 0.5795325895076563, 0.43849631701487957, 0.42809931076680474, 0.08258661427071057, -0.09210407384864494]], "inverted": true, "swapped": false, "error_lsq": 0.04421752638094066, "error_max": 0.29366164810137435, "target": "813.xyz", "model": "15.xyz", "model_rescale": 4.355366556412066, "target_rescale": 4.104346927018684},
{"mapping": [0, 1, 2, 5, 3, 6, 11, 12, 9, 7, 10, 13], "R": [[-0.17967200811845346, 0.6956935062501566, -0.695505941642518], [-0.26620377977743004, -0.7150172635219573, -0.6464409180256006], [-0.9470235040012955, 0.06899897265130267, 0.31366482850675625]], "T": [-0.008465419015551132, 0.014720597426559321, -0.11871057828799328], "aligned_model": [[-0.11845823108128427, 0.5042770970144532, 0.07912922779896457, -0.5412354999367726, -0.595103887535939, -0.46713486436373225, -0.0734332027244987, -0.14467566446718483, 0.5943830171071424, 0.07440249671697714, 0.31246807832382567, -0.026810012220170654], [-0.7185065553080655, -0.3958420058666977, -0.5656906080884634, 0.4454995018873075, -0.13911273050238246, -0.24568057720270117, 0.45296882438002367, 0.5887685327312675, -0.02338771299127931, 0.04931302435344126, 0.6415705017535324, -0.07712376740500254], [0.10030223334495403, 0.1752275459012065, -0.4384738169896937, -0.0012215450961385321, -0.43790061588023055, 0.4026809313379238, -0.5731497297465996, 0.45897020709966885, -0.6465778029407908, 0.6769192456721335, -0.19028664737216935, -0.07723154412084318]], "inverted": true, "swapped": true, "error_lsq": 0.040922751963300925, "error_max": 0.19710611810888812, "target": "813.xyz", "model": "16.xyz", "model_rescale": 3.795458400668931, "target_rescale": 4.104346927018684},
{"mapping": [6, 0, 3, 7, 5, 2, 1, 12, 4, 9, 8, 10, 13], "R": [[-0.1814628596243205, 0.9287922789319621, -0.3231348529226409], [-0.9822459309675949, -0.15528661319728157, 0.10525682333853972], [0.047583207905382646, 0.33649809859505964, 0.9404811895871936]], "T": [-0.024680438832462834, 0.1332164880533555, 0.026313194917649423], "aligned_model": [[0.21359973197630994, -0.2531330311353327, 0.4857080885816929, -0.19255097953657352, 0.6161538852819397, -0.2969632073496389, -0.6945632171215514, 0.25422693474782265, -0.4628172583542432, -0.513821084306508, 0.09379321013630403, -0.04994068665225661, -0.05106058536374236], [-0.2863124056200153, 0.14732536055554427, 0.48129536291184466, -0.6347675747760723, -0.11238555255881821, 0.6149276152022227, -0.019320729358380223, -0.5924577002578795, -0.3185874147599016, 0.6504859097207194, 0.8999303924229285, 0.012064337515497306, 0.12158366447279606], [-0.5369395065644113, -0.7121293828496659, -0.27039594479501833, -0.12570820172467287, 0.13689847087036072, -0.34867347472882243, -0.18782605995066723, 0.3045343339079794, 0.3314516249807772, 0.39603749960192647, -0.03626441635117501, 0.7232682309385514, -0.07197814249886669]], "inverted": false, "swapped": true, "error_lsq": 0.046783336808176694, "error_max": 0.27232940327272404, "target": "813.xyz", "model": "17.xyz", "model_rescale": 3.7474275329858107, "target_rescale": 4.104346927018684},
{"mapping": [9, 2, 6, 5, 1, 10, 12, 7, 4, 0, 3, 8, 11, 13], "R": [[0.16834109164660813, -0.9514314505416582, 0.2577585532691874], [0.9857231812002346, 0.16159963051491602, -0.04727969397036911], [0.0033297008450339782, 0.2620376964057631, 0.9650518943324466]], "T": [0.08944098050056334, 0.004121389058011071, -0.0055206784384518506], "aligned_model": [[-0.09232399903481028, 0.1662735574770905, -0.33428604878313317, -0.31975195028467285, 0.4901360154406952, 0.06667431564033757, 0.28935834140707495, 0.7286562125289963, -0.7263043476931368, -0.327194448998802, 0.20952660849877555, -0.42882386962516894, 0.709176145624874, 0.05897495757297754], [-0.29375340067926725, -0.6933568683779769, -0.6016090676432884, 0.40973023761856664, -0.2118636570160227, 0.6921738590321524, 0.24195123074023164, -0.22865074498284693, -0.11038631418309913, -0.43779058469055093, 0.38098869126151347, 0.3460293843167328, 0.3649350153531742, -0.09090929036802235], [-0.5764464772157996, 0.10150062471604136, -0.2258495915188286, -0.4428564122117884, 0.5153558574665557, -0.055569134928955675, -0.6857463310913675, -0.329002212367668, -0.10883266926819009, 0.5691715149350084, 0.5459679069260714, 0.3569085134335799, 0.08095772345550138, 0.029923263488701432]], "inverted": true, "swapped": false, "error_lsq": 0.04055611691245465, "error_max": 0.21828609355010392, "target": "813.xyz", "model": "18.xyz", "model_rescale": 3.922800546911778, "target_rescale": 4.104346927018684},
{"mapping": [9, 10, 2, 3, 4, 12, 7, 11, 0, 1, 8, 5, 13, 14], "R": [[0.4030063328860492, -0.5217756142654255, 0.7518883587419595], [-0.6611577856450295, 0.4020836317929753, 0.6334028224796076], [-0.6328161487625777, -0.752382191045289, -0.1829337597689123]], "T": [0.04273337567990965, -0.0124508077321368, 0.10956516232618732], "aligned_model": [[-7.963534922427601e-05, 0.3321591161441686, -0.301792919038521, -0.30628880977576656, 0.6645430263613672, 0.013555777454988822, 0.2797075452963458, 0.6251803121740324, -0.7670701687915701, -0.4630491042805004, 0.17483106045097438, -0.46436815794990316, 0.6410569540634053, 0.061706493011300455], [-0.4379777404079567, -0.7573304950177917, -0.564699862607206, 0.20919794663540453, -0.30234797894986043, 0.7413436092110182, 0.25708070615022893, -0.19108126806800466, 0.07589500967799728, -0.344080371322927, 0.2504766489296321, 0.498863542597089, 0.3234260906622169, 0.008722652891455875], [-0.5831375600368128, 7.708311549431413e-05, -0.18951940167698642, -0.3784969109105747, 0.3401720302454472, -0.11304815559003248, -0.604162394250926, -0.2593390767082977, -0.07713211024211217, 0.5364011254941538, 0.646044433345224, 0.3624275555826957, 0.07779486966868247, 0.01740108778290564]], "inverted": false, "swapped": false, "error_lsq": 0.038474563092108824, "error_max": 0.20481373755366886, "target": "813.xyz", "model": "19.xyz", "model_rescale": 3.9282355846067225, "target_rescale": 4.104346927018684},
{"mapping": [2, 7, 5, 1, 9, 11, 10, 12, 3, 6, 8, 4, 9, 13], "R": [[-0.4705733356612779, -0.257083151091021, -0.8440787813881653], [0.8415239524350173, 0.1568945047019366, -0.5169347655869949], [0.2653265407809132, -0.9535682292418544, 0.14251125898605027]], "T": [-0.015815731844757708, -0.047843104772194, 0.04141086900121424], "aligned_model": [[-0.06478813530113352, 0.26198308714439866, -0.5179206759114239, -0.48298126977927514, 0.6011693716647349, 0.17983422518639525, 0.3796308010320947, 0.8057528811770093, -0.752776848839845, -0.3443430901493203, 0.17049118086334447, -0.27855886732262886, 0.6011693716647349, -0.06857054165798865], [-0.43560233861584563, -0.6026815164583068, -0.5057300059939939, 0.029907086127197918, 0.1896647358249751, 0.6368411193934506, 0.18871482938479073, -0.19942920113070906, 0.10442635418333157, -0.4389658404426129, 0.1690305237724463, 0.43425020252096797, 0.1896647358249751, 0.007397805990629995], [-0.6838206048252932, -0.014086243225318713, -0.11958715298011294, -0.5392887644480189, 0.24474368224107293, -0.037909864847837815, -0.6865291920027956, -0.11619945666256529, 0.03383504902566303, 0.448764320618084, 0.7463059978304911, 0.35433247701544235, 0.24474368224107293, -0.09982135416102281]], "inverted": true, "swapped": false, "error_lsq": 0.052713284410764075, "error_max": 0.4496188861443208, "target": "813.xyz", "model": "20.xyz", "model_rescale": 4.067790424073018, "target_rescale": 4.104346927018684},
{"mapping": [11, 12, 3, 6, 9, 5, 13, 10, 2, 0, 7, 8, 1, 14], "R": [[-0.45785121820830554, -0.6818080571166418, -0.5705348676776912], [0.8112078699678233, -0.5829709824249784, 0.04567959448947244], [-0.3637499878865119, -0.4419079167669275, 0.8200020362238601]], "T": [-0.056905266968666296, 0.05115794350099487, -0.04160616749658025], "aligned_model": [[0.07773275798249243, 0.1895443286517768, -0.5175426208327306, -0.5268819846557491, 0.586566159505624, 0.02572028607366153, 0.4082898677215887, 0.7114912700535501, -0.791172787468368, -0.39844728391835404, 0.19227599629102957, -0.09741392034730789, 0.6171280940586492, 0.012801326655234826], [-0.3461646223563851, -0.6719730423407647, -0.6366557684820634, 0.13650440602553682, -0.23655414797241028, 0.6258807207688223, 0.2566973979286583, -0.12756512780652907, -0.030004794178657535, -0.20031903128166587, 0.10214880076316737, 0.4613490668746799, 0.414998177491789, 0.0191464549471188], [-0.533581405569501, 0.016342439317840005, -0.2377452571345693, -0.6067563854581366, 0.28583264388660196, -0.14806211205530678, -0.5227200047651541, -0.26276594509716483, 0.047756855563833245, 0.5281011357153931, 0.6598014085423138, 0.35243721594227, 0.2526801108627132, -0.055838123932271576]], "inverted": true, "swapped": false, "error_lsq": 0.04522386726398438, "error_max": 0.2821653046127014, "target": "813.xyz", "model": "21.xyz", "model_rescale": 4.186013935880536, "target_rescale": 4.104346927018684},
{"mapping": [11, 5, 3, 9, 4, 8, 10, 12, 0, 6, 7, 1, 13], "R": [[-0.824453727756626, -0.5649654763778206, -0.033016076226371094], [0.1506977332366507, -0.16293141861093235, -0.9750607909390903], [0.5454963281137084, -0.8088679517267396, 0.21946843208956057]], "T": [0.07318630847941368, -0.04581941222526238, -0.017229271975971343], "aligned_model": [[0.10858951910027376, -0.40875314678762076, 0.2756387228173997, 0.6176617309141513, -0.2505315349084015, 0.731800133545262, -0.20740698672313182, -0.7497158191049473, 0.36134608677805136, -0.24208052142551215, -0.5126803374013204, 0.23671180769832287, 0.0979943809206977], [-0.5295452901576876, -0.009741650351581366, 0.23158719803223887, -0.585773003319788, -0.29812768300311576, -0.14207330462785206, -0.6943027427112117, -0.11263829446689376, 0.632202119880327, 0.6245838465568669, 0.2510026959203026, 0.10375909684225824, 0.0480236709522293], [-0.42656184021671795, -0.5168800031158987, -0.6103146436906484, 0.21839526186922592, 0.5491163778605695, -0.4206709551412142, 0.025185568634246237, -0.0043188810907144395, 0.21715893601429936, -0.05189676006350676, 0.44075266390561846, 0.6674252690517832, 0.015488567318303566]], "inverted": false, "swapped": true, "error_lsq": 0.048120555409083415, "error_max": 0.2620423773061517, "target": "813.xyz", "model": "22.xyz", "model_rescale": 4.166573947596378, "target_rescale": 4.104346927018684},
{"mapping": [11, 9, 3, 1, 10, 5, 12, 14, 4, 8, 7, 0, 13, 15], "R": [[0.2521868523621275, 0.551496766686788, 0.7951434511015615], [-0.5020929042418816, 0.7770118932598615, -0.3796778018829629], [-0.8272269984748052, -0.3034861348838597, 0.47285479687491866]], "T": [0.0015064929440755381, -0.06765828342888006, -0.13056869997361276], "aligned_model": [[0.01727695799972369, 0.1754662338108942, -0.40607305773521085, -0.4045700319050366, 0.5432011974557389, 0.16763970539984985, 0.3713194503705547, 0.7830147139950084, -0.705292841062909, -0.3291162576412866, 0.10656959259027719, -0.47118615724809887, 0.663724753296465, -0.021882769554872276], [-0.6029307080091773, -0.6323799694897049, -0.48470035239580667, 0.5125539564871383, -0.001305212093749314, 0.721952564663605, -0.10210012425109595, -0.18245173159425165, -0.1029633365367042, -0.43177850163339226, 0.2925602935972287, 0.379706392621037, 0.4040810956500357, -0.002755876633866089], [-0.709643868964878, -0.02437740027225971, -0.2767927561200641, -0.21152963799465166, 0.38236925936698374, 0.06937240509269568, -0.6704145032818123, -0.17579179040711146, 0.06702119864706743, 0.5114470348111774, 0.4781955971958529, 0.36256644166107743, 0.10552889166560372, -0.1324682955808199]], "inverted": false, "swapped": false, "error_lsq": 0.0430020981129624, "error_max": 0.2780300605863147, "target": "813.xyz", "model": "23.xyz", "model_rescale": 4.274766983524099, "target_rescale": 4.104346927018684},
{"mapping": [4, 6, 5, 11, 3, 8, 9, 2, 1, 0, 13], "R": [[-0.6809379820813225, 0.7304513046289374, 0.05257714451070766], [-0.266163281538641, -0.31372644021095003, 0.9114454609427529], [0.6822613664275581, 0.6066437276346377, 0.40804756536702047]], "T": [-0.046666559672326566, 0.06791312726858113, -0.11097358187356882], "aligned_model": [[0.4705142264455465, 0.14966306479132496, -0.4410249951659962, -0.5730492546699061, -0.5645965437652354, -0.5533126201472871, -0.05002792743285286, -0.004576251229081757, 0.621051185224146, 0.31885105150169313, 0.006402768405723451], [-0.20964537494077345, 0.7826048728622637, 0.4304488959376044, -0.24331361349801822, 0.4202075822881677, -0.133507663345788, -0.6783241871864885, 0.0030148390305354406, -0.07203580941141575, 0.48504828069446615, 0.13108870881292956], [-0.4913489399623136, -0.13754284028467423, -0.5539942781893388, -0.280845409924047, 0.1671070074665451, 0.4444916362987364, 0.18337461133099442, 0.5529655242061127, 0.11800997232211677, 0.4276192398116288, -0.050270089054182406]], "inverted": true, "swapped": true, "error_lsq": 0.04719514037794168, "error_max": 0.23731838117637677, "target": "813.xyz", "model": "24.xyz", "model_rescale": 3.7841303162186577, "target_rescale": 4.104346927018684},
{"mapping": [1, 6, 4, 2, 11, 9, 0, 7, 5, 3, 13, 12, 10, 15], "R": [[0.5487032132688544, 0.6939236155704833, -0.46625615224039896], [-0.7788404950392214, 0.6270023535504808, 0.016599154473002725], [0.30386225009944046, 0.35403116302911214, 0.8844940183906047]], "T": [0.11481552048771695, 0.0667621551808002, -0.09064604609824858], "aligned_model": [[0.015611647211304841, 0.14237861404363208, -0.41823492224583114, -0.5521849895718576, 0.5404266965661683, -0.04099606910622891, 0.5434056985688215, 0.7128796619502861, -0.7235054407577971, -0.2663079790623699, 0.06290958011262757, -0.39047038183324156, 0.7539703388911156, 0.11020903500446719], [-0.2743555110473551, -0.6409522892234327, -0.4315081378690542, 0.29611663565940827, -0.21263423697171874, 0.6300970259816151, -0.09364446565039575, -0.1812896980273083, -0.011931371628877668, -0.40271914269463727, 0.14997735998826528, 0.4305185660623133, 0.5075135347901356, 0.002300221012338635], [-0.7439711742826909, 0.05220700181555976, -0.2464930333130663, -0.3576664007378846, 0.4840019783584264, -0.11338984556449089, -0.6667624619358093, -0.1506053732869552, 0.15504489842013444, 0.4416452995659852, 0.6854860304928879, 0.34241207573579613, -0.040902254913975866, -0.06552416453505518]], "inverted": false, "swapped": false, "error_lsq": 0.04206466702663159, "error_max": 0.2777004211008502, "target": "813.xyz", "model": "25.xyz", "model_rescale": 4.19342608120988, "target_rescale": 4.104346927018684},
{"mapping": [0, 1, 2, 5, 3, 6, 11, 12, 9, 7, 10, 13], "R": [[-0.17967200811845346, 0.6956935062501566, -0.695505941642518], [-0.26620377977743004, -0.7150172635219573, -0.6464409180256006], [-0.9470235040012955, 0.06899897265130267, 0.31366482850675625]], "T": [-0.008465419015551132, 0.014720597426559321, -0.11871057828799328], "aligned_model": [[-0.11845823108128427, 0.5042770970144532, 0.07912922779896457, -0.5412354999367726, -0.595103887535939, -0.46713486436373225, -0.0734332027244987, -0.14467566446718483, 0.5943830171071424, 0.07440249671697714, 0.31246807832382567, -0.026810012220170654], [-0.7185065553080655, -0.3958420058666977, -0.5656906080884634, 0.4454995018873075, -0.13911273050238246, -0.24568057720270117, 0.45296882438002367, 0.5887685327312675, -0.02338771299127931, 0.04931302435344126, 0.6415705017535324, -0.07712376740500254], [0.10030223334495403, 0.1752275459012065, -0.4384738169896937, -0.0012215450961385321, -0.43790061588023055, 0.4026809313379238, -0.5731497297465996, 0.45897020709966885, -0.6465778029407908, 0.6769192456721335, -0.19028664737216935, -0.07723154412084318]], "inverted": true, "swapped": true, "error_lsq": 0.040922751963300925, "error_max": 0.19710611810888812, "target": "813.xyz", "model": "26.xyz", "model_rescale": 3.795458400668931, "target_rescale": 4.104346927018684},
{"mapping": [6, 12, 5, 3, 8, 1, 7, 0, 4, 11, 2, 9, 13], "R": [[0.11872472202710185, 0.8994962210130948, 0.4204889876830897], [-0.7637410718919397, -0.1878914878901328, 0.6175729623969812], [0.634510847413138, -0.39446588846387487, 0.6646748433282754]], "T": [-0.04276058349879385, -0.013060413420227013, -0.03999324958932958], "aligned_model": [[-0.1886562358320636, 0.4960252090554028, 0.5216475887810567, 0.02066966403425325, -0.1690457426090653, -0.6153242761188327, -0.1007311461536578, -0.7203576142055493, -0.029276246165454316, 0.4293930950585727, -0.5934280777642337, -0.22388294309859783, -0.12735689216057455], [-0.6944702541848313, -0.5575759867943411, -0.31812266321720717, 0.017866463137013455, 0.5763102346199094, -0.08716689997385017, -0.6951471508670282, -0.30272622626268547, -0.14452610400381743, 0.39726455916127945, 0.27733361458980665, 0.7168152737007882, -0.06397335664812182], [-0.29382513429593193, 0.2682469374312878, -0.30757227602093845, -0.7216909814559415, -0.5324325574263102, 0.38959400157574486, 0.37532306443893537, -0.27375181888792843, 0.6468364567902087, -0.14723868971178483, -0.28337594765657553, 0.23928879301948563, -0.0672651857008255]], "inverted": false, "swapped": true, "error_lsq": 0.05146247961916218, "error_max": 0.2908935326802128, "target": "813.xyz", "model": "27.xyz", "model_rescale": 3.6321398670334006, "target_rescale": 4.104346927018684},
