[{"mapping": [5, 1, 3, 6, 8, 4, 7, 2, 11, 11, 10, 9, 12, 13], "R": [[0.2906396674274673, 0.4742183483829816, -0.8310508659369584], [0.08728996982862111, -0.8780627695054818, -0.47051698585245727], [-0.9528426128616256, 0.06420849527344596, -0.29659437663204313]], "T": [-0.01800302950879635, -0.13915646023286626, 0.01903723741605039], "aligned_model": [[-0.7136074797427502, -0.19276780571092506, 0.0606615564652215, 0.002763416850735216, -0.13545133461180392, 0.533108432646556, 0.3200924174502253, 0.6450423877925394, -0.4615196001420526, -0.4615196001420526, -0.13730124943613564, 0.5099616667478145, -0.04078424380836084, 0.020485391675265474], [-0.17933439596139333, -0.6580411128008408, -0.43520787132502803, 0.03615033052338601, 0.5702623584304436, 0.4349199808299425, 0.5337467078269214, -0.3167552481251074, 0.37440480132211956, 0.37440480132211956, 0.4793241379148668, 0.1007418467790902, -0.24207019325687362, 0.014450121898057416], [-0.275787189551782, 0.20141076551539905, -0.4044787017191946, -0.7248596425397629, -0.28675675692897346, -0.5102232114262274, 0.0845145436843261, -0.32749947138203334, 0.18216210690886547, 0.18216210690886547, 0.8055984931861371, 0.46674836477797804, 0.5882556382111288, 0.05729323846442545]], "inverted": true, "swapped": false, "error_lsq": 0.04893575700035378, "error_max": 0.4036720822112538, "target": "815.xyz", "model": "0.xyz", "model_rescale": 3.8414455957264533, "target_rescale": 4.131204626024737},
{"mapping": [6, 10, 5, 2, 7, 4, 0, 3, 8, 9, 13, 11, 12, 14], "R": [[-0.881271800552011, -0.04494605266695931, -0.4704677097330648], [-0.47228788010395495, 0.12048879582277688, 0.8731704349026537], [0.017440523464870225, 0.9916966786426362, -0.1274108539742011]], "T": [0.01878741500198686, 0.10320937241979604, -0.01685434796905305], "aligned_model": [[-0.5887437243600903, -0.12111226918053658, -0.008707817491231892, -0.15330400912594427, -0.0010660725402952785, 0.3700268643328021, 0.5186017826536921, 0.5928709405052863, -0.5712840204390699, -0.49466141289466403, -0.11105443677235599, 0.4558884826345461, -0.01981280854366951, 0.08152245725580759], [-0.2246562532779126, -0.5547226747917351, -0.4090226917568019, 0.12955208387679445, 0.6937002331649517, 0.21956456941995417, 0.6216529029762904, -0.3285056476979503, -0.02061746219615257, 0.5524274512447039, 0.553520243864288, 0.06509121827143687, -0.2544746043740635, 0.043486896653900424], [-0.3821449445834593, 0.10937876982522371, -0.43059957102548774, -0.7339982184114798, -0.2696020176793299, -0.4154889578726976, 0.06632781971254845, -0.32898753939619396, 0.49381679240026144, -0.025970201294744654, 0.5791391194666577, 0.7137310783356142, 0.6560956794135363, 0.006842475218703528]], "inverted": false, "swapped": false, "error_lsq": 0.04084592549635307, "error_max": 0.2605730653153863, "target": "815.xyz", "model": "1.xyz", "model_rescale": 4.316132596720782, "target_rescale": 4.131204626024737},
{"mapping": [0, 1, 8, 4, 9, 3, 10, 5, 12, 2, 11, 13], "R": [[-0.302436224771554, 0.7918707597071619, -0.5305403187946538], [-0.9030399643900942, -0.4161733536631019, -0.10638873255728143], [-0.30504287020067866, 0.4469233039589785, 0.8409568405798974]], "T": [0.03061428739969433, 0.065590504014371, 0.01960592342475275], "aligned_model": [[-0.19170650401078812, 0.5415010094552757, -0.04074266656071259, -0.6782050652005588, -0.48987046412696916, -0.42209656594706996, -0.021839898822987945, -0.3433822521185012, 0.5300906537163286, 0.21825380545034065, 0.4809499702718572, 0.014856532525566402], [-0.6279299870941106, -0.34412303698185126, -0.41670498631848824, 0.20462289288481686, -0.09161421346921728, -0.08365256706381372, 0.3396855272146961, 0.5217512920723211, 0.00752750664133367, -0.10249362800595221, 0.47871302405033306, 0.12699460381091315], [0.24818253532284934, 0.11377895312055941, -0.6237647423508994, 0.024077961632400495, -0.5047736357979182, 0.5496814957779204, -0.8133717336749509, 0.41756371691779626, -0.47662363327116075, 0.7306224600353729, -0.23112887417810007, 0.015013957675551744]], "inverted": true, "swapped": true, "error_lsq": 0.05278227872809552, "error_max": 0.2880692423459853, "target": "815.xyz", "model": "2.xyz", "model_rescale": 3.795458400668931, "target_rescale": 4.131204626024737},
{"mapping": [3, 6, 7, 12, 0, 1, 11, 9, 10, 8, 2, 13], "R": [[-0.8623785278782099, 0.3678831696987738, 0.3478005866973124], [-0.45693888933006693, -0.8613834531705333, -0.22186797430411714], [0.21796817674242375, -0.35025779085752057, 0.9109387212492358]], "T": [-0.008822950244183496, 0.020568269865055368, 0.0016661702066842615], "aligned_model": [[-0.13618468533014705, -0.17849500724006256, -0.686619664709616, 0.19901168739222475, 0.31658294995176456, -0.023249459225325918, -0.2370376744947102, 0.652585194309925, 0.44882498796568504, 0.7645183317255334, -0.49076265530563495, -0.035870179296070906], [0.1753115990280508, -0.7122461913281266, -0.11594483296010044, 0.06513447680158788, 0.5757554903909435, 0.6046153756404152, -0.22417638625330663, -0.3029478363137244, -0.5796034531977422, 0.09540329504727288, 0.5413989478209995, -0.03693143938656044], [-0.6824640907259741, -0.06088378308864366, 0.03136402043980287, 0.6753948557391214, -0.40884890097822274, 0.31218161594890426, 0.5711909506109308, -0.16705910134989616, 0.45120322998137113, 0.22068568774322295, -0.254214475974886, 0.00022142229336956452]], "inverted": false, "swapped": true, "error_lsq": 0.04653913471400605, "error_max": 0.29309426431261165, "target": "815.xyz", "model": "3.xyz", "model_rescale": 3.7530521520055578, "target_rescale": 4.131204626024737},
{"mapping": [5, 0, 2, 1, 7, 8, 6, 9, 10, 12, 13], "R": [[-0.38363776953596335, 0.8889670260573108, -0.2501193482485744], [0.7610519893561811, 0.15092895367662862, -0.6308885166486049], [-0.5230888368933809, -0.43238649091397224, -0.7344521707998631]], "T": [-0.02505906544845036, -0.09668916915579866, -0.03777769624854288], "aligned_model": [[-0.25897348062418696, -0.1695135337242291, 0.36932047263773815, 0.48901114026334536, 0.3073543525373166, -0.29010300223389396, -0.3591722422041781, -0.6807993595769054, -0.32739882025439027, 0.2997515217151887, -0.04127744609059964], [-0.768702922650133, 0.16822242991234654, -0.43418744554463834, 0.23212078682730825, -0.6850291627748754, 0.6640114698320371, -0.5122705502950495, 0.2586302048624078, 0.2834914417042849, 0.3998805157795176, -0.1389634093388597], [-0.04061371855731982, -0.7389190690556723, -0.5851030774237194, -0.29342359278565994, 0.11149905057720938, 0.014307021964178046, 0.49643072645265574, 0.08199054246718203, 0.6941954428847994, 0.34563899037462076, 0.006828460347042306]], "inverted": true, "swapped": true, "error_lsq": 0.04553409275925833, "error_max": 0.22363979585242763, "target": "815.xyz", "model": "4.xyz", "model_rescale": 3.7855080009869324, "target_rescale": 4.131204626024737},
{"mapping": [0, 5, 4, 1, 12, 11, 13, 6, 9, 14, 15, 8, 10, 16], "R": [[-0.33996307666610615, 0.5515951707853097, 0.761687517338994], [0.6259580426199822, -0.47173462044181735, 0.6210015915889224], [0.7018558508576213, 0.6879020391327093, -0.1849030804880894]], "T": [-0.04062253874314287, 0.05318171543059122, 0.02512800685152833], "aligned_model": [[-0.4660837083345522, -0.3360684417947691, 0.14383711637911123, -0.20856503920745298, -0.032445497629133076, 0.42784581974693364, 0.4789320595698448, 0.5579129096551545, -0.5735061436573894, -0.3557863037837573, 0.03224405687207143, 0.4541205759336149, -0.09616626617993282, -0.07710718153546788], [-0.3959781004266735, -0.6976097896120809, -0.48269879982964503, 0.03850848139934744, 0.6093115369063457, 0.36580579472334673, 0.5571892143121336, -0.10553506067340951, 0.18467840797754284, 0.6394459098901651, 0.46583566449799296, 0.10089306081247867, -0.2829057379698736, 0.0900556833700337], [-0.4499637067254307, 0.08937035227159706, -0.45006405206986233, -0.7128990602200183, -0.36694089101480104, -0.5363342006391538, 0.05524609640582087, -0.1813698625340032, 0.4786229932756918, 0.1462209217266788, 0.7348640734624783, 0.5233877302543044, 0.6692742573905675, 0.03912563252528357]], "inverted": false, "swapped": false, "error_lsq": 0.03385085279445874, "error_max": 0.2491550442678679, "target": "815.xyz", "model": "5.xyz", "model_rescale": 4.2253639853439635, "target_rescale": 4.131204626024737},
{"mapping": [0, 9, 12, 7, 3, 6, 2, 11, 1, 4, 10, 5, 8, 13], "R": [[0.31833011627895835, -0.08504981332473655, -0.9441570135963895], [0.5193465365567818, 0.848852103224063, 0.09863712190935336], [0.7930605979597654, -0.5217438414639054, 0.3143855147079569]], "T": [-0.023556540833709182, 0.061196324067960314, 0.055211529410378046], "aligned_model": [[-0.6813436502193407, -0.3302821011739053, 0.22186200531859177, -0.05281132027153189, -0.08509697067662678, 0.42548722387286403, 0.22917591927489855, 0.6380554361198487, -0.6189236156512323, -0.4428010118908887, 0.06353899575975629, 0.5196749526088188, 0.08880794215350955, -0.026179849190485535], [-0.10557707017750619, -0.4599841818223856, -0.5786720568836428, 0.011568065933202684, 0.5273312900972574, 0.2548293908021561, 0.6758427070059103, -0.3304434811830408, 0.11115923292969684, 0.6298589163126966, 0.40139674151737403, 0.2039169241291729, -0.3592315202522681, 0.10500130696908053], [-0.37206519944873157, 0.13819790419117592, -0.5785723112891912, -0.7360358465103678, -0.475769112080399, -0.36262085440921954, 0.14744893823119548, -0.06496186077127317, 0.48153011441408894, 0.09726199761239115, 0.7517677136926513, 0.3472246135368486, 0.6522705937264237, 0.012863593213559586]], "inverted": true, "swapped": false, "error_lsq": 0.047402779015199584, "error_max": 0.3247863704674667, "target": "815.xyz", "model": "6.xyz", "model_rescale": 3.89814844738969, "target_rescale": 4.131204626024737},
{"mapping": [1, 2, 7, 8, 11, 3, 0, 12, 9, 4, 5, 6, 13], "R": [[0.8163116803672623, -0.351866237386971, 0.4580670163667241], [0.552331069296266, 0.24346302199609327, -0.7972804693522683], [0.16901369881172437, 0.9038340046201324, 0.393088363738122]], "T": [-0.025201854650589092, 0.024193465403645267, -0.04904136833765685], "aligned_model": [[0.10742195714429954, 0.026492298652441335, 0.4764546349859363, -0.40199471093293154, 0.5797939657114628, -0.45740241394443887, -0.6347287892392384, 0.31108881934689603, -0.5367794714579432, -0.4809568344848595, -0.012558647406907888, 0.1699446151454701, 0.0018563773840354486], [-0.34741533118474716, 0.37253425706907206, 0.4926908154506984, -0.6620620163565427, -0.1480902041009059, 0.5374760184926688, -0.06650314428956537, -0.5921819443143295, -0.2061283160851783, 0.4171716895638093, 0.7176391965541384, 0.389098358931289, 0.059551885740078477], [-0.5801315817793731, -0.7161184155228014, -0.13722966175579143, 0.147699897448687, 0.1525492493116746, -0.2897578419094482, -0.4994806143949556, 0.02894364297059568, 0.4567568531449345, 0.3504963552800049, 0.1100172648604126, 0.582211680860546, -0.003681797678189977]], "inverted": false, "swapped": true, "error_lsq": 0.05895540471306668, "error_max": 0.3948547292656544, "target": "815.xyz", "model": "7.xyz", "model_rescale": 3.7474275329858107, "target_rescale": 4.131204626024737},
{"mapping": [11, 12, 10, 7, 5, 6, 3, 0, 4, 8, 2, 1, 1, 14], "R": [[0.6557710071955496, 0.03516686316418595, 0.7541403568679546], [-0.08145682135987528, 0.9963789176334195, 0.024368806897357154], [-0.7505525780221396, -0.07741023337289933, 0.6562609872554312]], "T": [-0.11970985015017523, 0.012279009695213866, -0.013639684249100774], "aligned_model": [[-0.5086800213728124, -0.25059639617608326, 0.17546435598651544, -0.1392004585766532, -0.07465340328157162, 0.4680201911597429, 0.321292498640922, 0.5356376033763188, -0.6314452520722024, -0.3976336058265469, -0.019800084400851972, 0.3045718237038838, 0.3045718237038838, -0.13838511883026894], [-0.2831154649304235, -0.5828151451532803, -0.4538937027250326, 0.07114734243619476, 0.5846551815014681, 0.2457899218513378, 0.5772742664611699, -0.05531114194014809, 0.29720539548302916, 0.6208369034366439, 0.4066957483655035, -0.17612056639130372, -0.17612056639130372, 0.010768093373848561], [-0.39824892211208146, 0.08318116956824484, -0.5340419804725003, -0.6918964700665963, -0.4418649737473759, -0.530344775034552, 0.007140719436078892, -0.0008129861077228392, 0.5051759660035877, 0.11912323170358269, 0.7232748093079563, 0.5773700288790937, 0.5773700288790937, 0.04311443787234286]], "inverted": true, "swapped": false, "error_lsq": 0.044512548514570704, "error_max": 0.3713515088760383, "target": "815.xyz", "model": "8.xyz", "model_rescale": 4.019505241142653, "target_rescale": 4.131204626024737},
{"mapping": [3, 0, 9, 4, 5, 6, 10, 2, 7, 1, 8, 11, 13], "R": [[0.7887747650408723, 0.5546408583865378, 0.2649677116989192], [-0.3918385034343198, 0.12157557635645813, 0.9119659897495891], [0.4735999971083926, -0.8231603109005194, 0.31322539056898135]], "T": [-0.01734820424801054, -0.03927949090078118, 0.11024531615803705], "aligned_model": [[-0.25708310952932495, -0.7302120300987687, -0.018116669929377882, 0.15924798523127937, 0.3566239976479313, 0.6914207860069218, 0.44370122659013467, -0.35548609660327046, 0.37189425837182105, -0.4676675955583103, -0.3334822182445463, 0.4145627054913289, 0.04429753236535792], [-0.6289943547419402, -0.17111588843425168, 0.3464297363702177, -0.26287127540282185, -0.6083713978324783, -0.10816702746859189, 0.6737359072449676, -0.6230452718703132, -0.4752701499014008, 0.0940748971850936, 0.6462579892295977, 0.2325773671556128, -0.051862303419633174], [-0.21063515685785744, -0.12868731758286173, -0.5392309523537042, -0.5535282737549567, -0.09616610602841207, -0.1399928980997704, -0.11508503011974093, 0.4477148084497707, 0.48082408814775845, 0.5762582354624382, -0.17562916151608982, 0.5296343924745124, 0.10122686582279272]], "inverted": false, "swapped": true, "error_lsq": 0.06380734405309728, "error_max": 0.33113603845433287, "target": "815.xyz", "model": "9.xyz", "model_rescale": 3.877068213659057, "target_rescale": 4.131204626024737},
{"mapping": [8, 11, 0, 1, 4, 5, 3, 12, 9, 2, 13, 6, 10, 15], "R": [[-0.9374987929295077, 0.3479023689313166, -0.007743058032460615], [0.305148977758451, 0.811187684269124, -0.4988573365833847], [-0.16727257584161354, -0.470040937134282, -0.8666495270807212]], "T": [-0.037326644007633664, 0.14453779909803788, 0.07389241486670099], "aligned_model": [[-0.641264506501056, -0.09388368105546359, 0.09824871637074165, -0.06277305949209036, -0.05114320797032705, 0.4545778598856668, 0.48223207655746203, 0.5488860359325496, -0.6078534862921895, -0.5563126269781326, 0.015138630158085496, 0.43520644062869007, -0.053832013418350366, -0.018063221791309633], [-0.20560640732403224, -0.5912969330911123, -0.4348768501642033, 0.17066328275832726, 0.7402388359173516, 0.15440232743729243, 0.49543686852271634, -0.30909080907255226, -0.03860999288640693, 0.534635701965254, 0.6866751129782237, 0.11426694387089739, -0.30754865807327625, 0.0777068425392248], [-0.25471225455239366, 0.07584810609896518, -0.45494028222414423, -0.7930427322152148, -0.24710611634120083, -0.5335020964458886, -0.024544984986609703, -0.019761177910572872, 0.35066183590827665, 0.21112409345531935, 0.6225024985045831, 0.46898826953078915, 0.6202953682653657, 0.01672975702187804]], "inverted": true, "swapped": false, "error_lsq": 0.04260376837753831, "error_max": 0.2528781050729037, "target": "815.xyz", "model": "10.xyz", "model_rescale": 4.260839863003843, "target_rescale": 4.131204626024737},
{"mapping": [10, 11, 7, 6, 3, 4, 9, 12, 1, 2, 0, 13], "R": [[-0.46086730557587946, -0.2892157740445061, 0.839020597300845], [-0.8625572808272282, 0.3684040002141534, -0.3468045990441145], [-0.2087971837529615, -0.8835342260886376, -0.41925053057424366]], "T": [0.013914605530570617, 0.010075348874697713, 0.012134617201584368], "aligned_model": [[0.4604330654666496, 0.24971269931009674, -0.3957652203246597, -0.3333096667976604, -0.5414438898239518, -0.4305355874014913, 0.18181998208500777, 0.6627420879720726, 0.40286757878085383, -0.3202925051958421, 0.04135532478663118, -0.018685219763576524], [-0.019492395809739133, -0.5612019489631477, -0.5439965182368621, -0.19173902525648961, 0.37025888403886487, 0.43946746186583024, 0.56898498248035, -0.25182202484214167, -0.10762252027653374, -0.11356431962541191, 0.6021787257065314, -0.018372795548316584], [-0.7438272297413484, -0.22106463344638888, 0.07611103515612286, -0.6269462862969336, 0.2767956948887765, -0.3618457542152309, -0.46746878967574224, -0.0854583578543969, 0.5342474250960769, 0.6769836369182054, 0.49307647591071746, -0.034425139344354]], "inverted": false, "swapped": true, "error_lsq": 0.04794286079081889, "error_max": 0.28691777443257444, "target": "815.xyz", "model": "11.xyz", "model_rescale": 3.890672605050136, "target_rescale": 4.131204626024737},
{"mapping": [4, 12, 10, 2, 1, 11, 6, 9, 3, 0, 8, 5, 7, 13], "R": [[-0.9884833075555555, 0.14807454032562423, 0.03121988455110555], [-0.07595724552819566, -0.3070442617978437, -0.9486592212953959], [-0.13088639171357222, -0.9401051812453607, 0.3147554616838746]], "T": [0.07948972188561838, 0.17452124008425157, -0.020951063575947195], "aligned_model": [[-0.5387382486141483, 0.10850909129603595, 0.03395961119313277, -0.19607676222726783, -0.1557976480746578, 0.3068368830741431, 0.42732759147124755, 0.8163491722068351, -0.7097665430054547, -0.3762561479990913, -0.002509508337312727, 0.44412800050563706, -0.1958823244754334, -0.012919210979389265], [-0.08551976946139278, -0.5616705746089048, -0.5434146413561891, 0.009321686731262518, 0.819046969941313, 0.12836429819061745, 0.6335788142740773, -0.07436351271459918, 0.2325928425296933, 0.5472206413558941, 0.4910645348384952, -0.20631306373643588, -0.3483932135324828, 0.04548125292635577], [-0.22400251929927614, 0.09000674337287397, -0.5520212883139093, -0.6552509564281559, -0.38772719077023016, -0.5198949170402412, -0.0026944482642050037, 0.009297015998969971, 0.4552478374324927, 0.02471509590790039, 0.6211295502313127, 0.5508673871874936, 0.5936177938827107, 0.035250180211416154]], "inverted": false, "swapped": false, "error_lsq": 0.04780218119558098, "error_max": 0.30602347031561267, "target": "815.xyz", "model": "12.xyz", "model_rescale": 4.124412569039231, "target_rescale": 4.131204626024737},
{"mapping": [7, 11, 10, 2, 6, 5, 1, 3, 12, 0, 9, 8, 13], "R": [[-0.18307095390274264, 0.9512380774777524, 0.24825620997987013], [-0.2972643686622508, -0.29426503840237006, 0.9083182164296195], [0.9370799970978856, 0.09248895680285901, 0.3366405678294664]], "T": [0.06360652174442132, 0.08692782833563042, -0.020148490090474598], "aligned_model": [[-0.23552423501547165, 0.03787190216624868, 0.7440925105299183, -0.5970242915659956, 0.55150021354726, 0.1595000965377364, -0.45246057155781044, -0.033916307312340896, 0.05285617011485029, -0.1217762039124697, 0.7372229596089844, 0.43173649822241505, 0.0932195661464329], [-0.22750365997972224, 0.42811083263219385, 0.5757448764074747, -0.2604118553302288, -0.1835593478087499, -0.568793086856559, 0.45871827816809474, -0.5353612568977576, 0.7749791033214596, -0.013208149018541976, 0.1870149640431564, 0.6494251183934855, 0.06232955943417191], [0.5189060574347284, 0.5448933397700078, 0.2439121340164418, -0.12936136552548577, 0.48829479205292203, 0.2390058755450733, -0.20231765486433617, -0.3539842515368785, 0.13973145875129844, -0.7538040662669883, -0.3469742568316394, -0.4670306754037935, 0.030426693826488785]], "inverted": false, "swapped": true, "error_lsq": 0.05495907995701718, "error_max": 0.3353582709442985, "target": "815.xyz", "model": "13.xyz", "model_rescale": 3.9028299243045295, "target_rescale": 4.131204626024737},
{"mapping": [13, 4, 10, 14, 11, 9, 6, 7, 8, 12, 2, 3, 0, 15], "R": [[-0.9894726506538418, -0.09795189474567084, 0.10653309309221123], [-0.1424179025698761, 0.789836386113776, -0.596553119343389], [-0.02571020489334933, -0.6054452159249947, -0.7954716059532727]], "T": [-0.04140537425774228, 0.1201856065431038, 0.08426817028702752], "aligned_model": [[-0.6376844806849694, 0.05811709799389657, 0.02362204647443855, -0.14220834371478813, -0.07851707133108242, 0.4817666002952631, 0.5403106336004562, 0.6671118674742827, -0.6483016566066043, -0.6315269832508307, -0.09769799761678293, 0.42795172816708715, -0.06067101266888648, 0.046891527902796326], [-0.08728183441848393, -0.5336362220554426, -0.4231026974692042, 0.16179796161459242, 0.6625722403564166, 0.2769952341336436, 0.44381812182120317, -0.29595040170613446, 0.09674469746367582, 0.44592776555649044, 0.510638945800158, -0.04784205876758428, -0.2408635267229995, 0.11717803977137242], [-0.39952914261831696, 0.23250975638109062, -0.4216585589192128, -0.7938877532464866, -0.4160278917991399, -0.4657748118524486, 0.11999971804987113, -0.2971267649756262, 0.5613788343999607, -0.08861566759723574, 0.7059812069640441, 0.45864773614467247, 0.8302499179116832, 0.01239370526629692]], "inverted": false, "swapped": false, "error_lsq": 0.044024593791233295, "error_max": 0.3224311959005166, "target": "815.xyz", "model": "14.xyz", "model_rescale": 3.942246331269136, "target_rescale": 4.131204626024737},
{"mapping": [8, 0, 12, 13, 11, 4, 10, 3, 7, 6, 9, 5, 2, 14], "R": [[-0.6998928580483723, 0.6511015959137855, 0.29362680233827887], [-0.7055311506654868, -0.5661992692648166, -0.4261973520854186], [-0.11124649519654731, -0.5054553385636653, 0.8556512829558403]], "T": [0.06396395513436803, 0.09095441112943554, -0.023972823614599053], "aligned_model": [[-0.6818267085331006, -0.3555719383378161, 0.2036618976828678, 0.07509582530254466, -0.248639697964679, 0.449646487753274, 0.32324794353814046, 0.7160002011320483, -0.5746588501997971, -0.35933364051208605, 0.010411393037262295, 0.4226598399939918, -0.07056109224953866, 0.03903229539116373], [-0.015002586079952654, -0.4605306595508721, -0.5323844035704134, 0.01842036197776216, 0.5452543662498333, 0.3640417243805488, 0.7525454285548517, -0.18680604714029875, 0.08829701288442308, 0.44029523817940386, 0.5228042881973555, -0.16695636720689977, -0.28274088214480625, -0.0002412093532315751], [-0.20120241204891723, 0.22213961770743137, -0.5338840561826335, -0.8336299977849623, -0.4822320641142156, -0.37086802435476446, 0.039821024541763936, -0.1433285617577078, 0.5444753788372405, 0.08358888618213138, 0.6533750286013948, 0.4316573452634412, 0.6278728314683527, 0.0007552877505971646]], "inverted": true, "swapped": false, "error_lsq": 0.04467286359190648, "error_max": 0.2768735107435719, "target": "815.xyz", "model": "15.xyz", "model_rescale": 4.355366556412066, "target_rescale": 4.131204626024737},
{"mapping": [0, 1, 8, 4, 9, 3, 10, 5, 12, 2, 11, 13], "R": [[-0.302436224771554, 0.7918707597071619, -0.5305403187946538], [-0.9030399643900942, -0.4161733536631019, -0.10638873255728143], [-0.30504287020067866, 0.4469233039589785, 0.8409568405798974]], "T": [0.03061428739969433, 0.065590504014371, 0.01960592342475275], "aligned_model": [[-0.19170650401078812, 0.5415010094552757, -0.04074266656071259, -0.6782050652005588, -0.48987046412696916, -0.42209656594706996, -0.021839898822987945, -0.3433822521185012, 0.5300906537163286, 0.21825380545034065, 0.4809499702718572, 0.014856532525566402], [-0.6279299870941106, -0.34412303698185126, -0.41670498631848824, 0.20462289288481686, -0.09161421346921728, -0.08365256706381372, 0.3396855272146961, 0.5217512920723211, 0.00752750664133367, -0.10249362800595221, 0.47871302405033306, 0.12699460381091315], [0.24818253532284934, 0.11377895312055941, -0.6237647423508994, 0.024077961632400495, -0.5047736357979182, 0.5496814957779204, -0.8133717336749509, 0.41756371691779626, -0.47662363327116075, 0.7306224600353729, -0.23112887417810007, 0.015013957675551744]], "inverted": true, "swapped": true, "error_lsq": 0.05278227872809552, "error_max": 0.2880692423459853, "target": "815.xyz", "model": "16.xyz", "model_rescale": 3.795458400668931, "target_rescale": 4.131204626024737},
{"mapping": [1, 2, 7, 8, 11, 3, 0, 12, 9, 4, 5, 6, 13], "R": [[0.8163116803672623, -0.351866237386971, 0.4580670163667241], [0.552331069296266, 0.24346302199609327, -0.7972804693522683], [0.16901369881172437, 0.9038340046201324, 0.393088363738122]], "T": [-0.025201854650589092, 0.024193465403645267, -0.04904136833765685], "aligned_model": [[0.10742195714429954, 0.026492298652441335, 0.4764546349859363, -0.40199471093293154, 0.5797939657114628, -0.45740241394443887, -0.6347287892392384, 0.31108881934689603, -0.5367794714579432, -0.4809568344848595, -0.012558647406907888, 0.1699446151454701, 0.0018563773840354486], [-0.34741533118474716, 0.37253425706907206, 0.4926908154506984, -0.6620620163565427, -0.1480902041009059, 0.5374760184926688, -0.06650314428956537, -0.5921819443143295, -0.2061283160851783, 0.4171716895638093, 0.7176391965541384, 0.389098358931289, 0.059551885740078477], [-0.5801315817793731, -0.7161184155228014, -0.13722966175579143, 0.147699897448687, 0.1525492493116746, -0.2897578419094482, -0.4994806143949556, 0.02894364297059568, 0.4567568531449345, 0.3504963552800049, 0.1100172648604126, 0.582211680860546, -0.003681797678189977]], "inverted": false, "swapped": true, "error_lsq": 0.05895540471306668, "error_max": 0.3948547292656544, "target": "815.xyz", "model": "17.xyz", "model_rescale": 3.7474275329858107, "target_rescale": 4.131204626024737},
{"mapping": [5, 9, 12, 10, 3, 11, 1, 7, 4, 8, 0, 2, 6, 13], "R": [[-0.2801753913807387, -0.8886156673112188, 0.3631307558906124], [0.24028127276897748, 0.30132103439253893, 0.9227516156524088], [-0.9293904776901744, 0.34578581526957974, 0.12909496480181532]], "T": [0.037087718778460656, 0.09240419909713228, -0.037589111742904295], "aligned_model": [[-0.5561145019434153, -0.06147448342780109, 0.03212144065271131, -0.28969658911265556, 0.04385582336205999, 0.4422573894415604, 0.5496013047720127, 0.6711708534688211, -0.652487485393794, -0.532263522517861, -0.07437376874374327, 0.4228577613247852, -0.10186343499497261, 0.05557316914656779], [-0.2303687858315574, -0.532078587294348, -0.5117343122693724, 0.21048659312685947, 0.7176549227013818, 0.25839810210033803, 0.5421780194038173, -0.28313171391998115, -0.02869261927590956, 0.5311165198746324, 0.5465951075146693, 0.026866453032528895, -0.26435359157423155, 0.10406015778887728], [-0.29671970083101734, 0.18157043665291622, -0.47830321235569534, -0.6340016659365506, -0.3014165301473268, -0.6120629788130886, 0.07882287882695263, -0.1935719260909808, 0.4085581962074248, -0.02258528386274317, 0.6555409960226287, 0.5546262223411275, 0.6320490495954794, 0.06603380250002616]], "inverted": true, "swapped": false, "error_lsq": 0.03858092714882084, "error_max": 0.24433334842806634, "target": "815.xyz", "model": "18.xyz", "model_rescale": 3.922800546911778, "target_rescale": 4.131204626024737},
{"mapping": [13, 12, 7, 11, 10, 9, 2, 3, 8, 6, 1, 0, 5, 14], "R": [[0.3080606467113831, 0.789755348309604, -0.5304574702689563], [0.3964364170391971, -0.6134219377496346, -0.6830458941627623], [-0.8648333973621095, 0.00012690098423401297, -0.5020589394715047]], "T": [-0.10770657328462585, 0.09877404427499188, 0.0414177868955709], "aligned_model": [[-0.5712343050934297, -0.10103100747044108, 0.16365228341499455, -0.21271507630604283, -0.06524373406160153, 0.4956381380825098, 0.45856831068776105, 0.42054830963041434, -0.6281292751532527, -0.47713946575619104, 0.017896389722012518, 0.5580323412375692, -0.04802634448836585, -0.06165260841166122], [-0.24826888445555634, -0.6845723624869647, -0.4024905407972003, 0.12347751084827503, 0.753491508778092, 0.268331420385416, 0.529908458174698, -0.26190750295495535, 0.026845028538304325, 0.6639610204950575, 0.5712836841704416, -0.019729479225123178, -0.2806038166694125, 0.04727022057663156], [-0.3280642752975681, 0.1116878971893869, -0.5183225151211174, -0.6625755126473072, -0.4277757725477121, -0.47816727965930955, -0.039729213795784375, 0.039216934939200886, 0.35506899779157336, 0.18231062484137905, 0.5972429031197941, 0.5325300431931971, 0.70099676556438, -0.025879313460960694]], "inverted": false, "swapped": false, "error_lsq": 0.03915823585782348, "error_max": 0.34044133994703113, "target": "815.xyz", "model": "19.xyz", "model_rescale": 3.9282355846067225, "target_rescale": 4.131204626024737},
{"mapping": [10, 12, 9, 11, 0, 4, 3, 8, 2, 1, 5, 6, 7, 13], "R": [[0.40563264681607086, -0.8517469582190416, 0.33164631009797085], [0.5795112631879438, 0.5202406087067013, 0.6273088592478149], [-0.7068442909688829, -0.06226418085136559, 0.7046235307649087]], "T": [0.0824549758546167, 0.02187124271113909, 0.0536699535016871], "aligned_model": [[-0.7125368212887245, -0.2823753976033263, 0.13232624425046519, -0.018691328357494097, -0.13175243632686062, 0.4687364733326698, 0.2662526821292398, 0.7250967224284993, -0.6206398895747651, -0.3586581672990423, 0.03659867139801967, 0.5449512922424489, -0.06130515298353856, -0.03883893631331517], [-0.10616894364083375, -0.7443498372809426, -0.5488279834452413, 0.026575607440149515, 0.5873417833039917, 0.3067597701734817, 0.7508517069347987, -0.2776507754046999, 0.15612920953463255, 0.6250374110629545, 0.42034449712607486, 0.13049248195234936, -0.36004193703110504, 0.12050327465209341], [-0.25264377806322036, 0.00269544569757732, -0.33393819281477344, -0.6556328488491019, -0.47031023742634825, -0.35741759990544675, 0.08774274455264044, -0.2218653896985466, 0.46152853059813503, 0.10944238934146097, 0.6253398032455283, 0.5021592373986988, 0.5243854991077654, 0.0170546809247833]], "inverted": true, "swapped": false, "error_lsq": 0.04560923861380629, "error_max": 0.2604808609854181, "target": "815.xyz", "model": "20.xyz", "model_rescale": 4.067790424073018, "target_rescale": 4.131204626024737},
{"mapping": [12, 11, 10, 9, 7, 1, 8, 13, 2, 0, 4, 5, 6, 14], "R": [[-0.5373859460820333, 0.7176765564752288, 0.4428958175907466], [-0.1310040459012658, 0.44775674463608595, -0.884506550337754], [-0.8330992047235534, -0.5333425333861463, -0.14659964928413113]], "T": [-0.054928030406741234, 0.05551391389595915, 0.08156748492826989], "aligned_model": [[-0.5498457695444059, -0.20074011201649353, 0.23050816304991353, -0.05484411140448688, -0.058204583784088125, 0.511769913113184, 0.17195294958270232, 0.46341889051311513, -0.5083751095077975, -0.5716590140968466, 0.14802129802916175, 0.49112818239703837, -0.08034730856113967, -0.043619431735580916], [-0.2524889876073653, -0.5721231639182491, -0.4102547252123308, 0.05801226672073545, 0.6257714833143851, 0.28670184619498085, 0.5782457509440333, -0.4025502906481885, 0.29108535947813163, 0.5403458397451971, 0.4397290893480497, 0.17519966186593044, -0.28260273219131027, 0.011924867343704106], [-0.4156291673634398, 0.028249670000985064, -0.5290654455969803, -0.6956349665987787, -0.39953492197460605, -0.46497682439020543, 0.10264695789200326, -0.026215441203094603, 0.6225053482915013, 0.03272975675696847, 0.7551124082823205, 0.2712093976193934, 0.7392816300036037, 0.017861882389481984]], "inverted": false, "swapped": false, "error_lsq": 0.05343705961200424, "error_max": 0.3564300884737286, "target": "815.xyz", "model": "21.xyz", "model_rescale": 4.186013935880536, "target_rescale": 4.131204626024737},
{"mapping": [4, 3, 5, 10, 12, 6, 9, 0, 7, 2, 1, 11, 13], "R": [[-0.7717292419459278, -0.5405711877958443, -0.33498771328297033], [-0.6359508925501638, 0.6554357894298557, 0.4073946344751142], [-0.0006628651549405451, 0.5274340876919615, -0.8495956942866028]], "T": [-0.059852052959611095, -0.03185383491703674, 0.07318270951013679], "aligned_model": [[0.08399253637824677, -0.34769098260566916, 0.2686933393144622, 0.4432948210085838, 0.018952488012453368, 0.63589891732882, -0.050595477636523944, -0.7859464651460487, 0.3077621900376921, -0.4286702666265238, -0.4879237230852706, 0.4002745924176942, 0.0005320660253088638], [-0.3432684145325875, 0.1451361883743781, 0.23082030600639736, -0.678040547892411, -0.21112940184315632, -0.1406864887846008, -0.7651768963046035, -0.1313885529781959, 0.5495125663356617, 0.6074782535091986, 0.1934874700055176, 0.0898258257100748, -0.027613648059580012], [-0.5625094900821564, -0.5545306053429557, -0.5007394998882257, 0.39101482842340257, 0.7519623796070933, -0.19848653591739335, -0.10776818259013683, -0.14018134060061366, -0.0029687942935403694, -0.08248676560030764, 0.5245306124653581, 0.531241562673399, 0.053801392481422725]], "inverted": true, "swapped": true, "error_lsq": 0.04715214539959944, "error_max": 0.2993363656411165, "target": "815.xyz", "model": "22.xyz", "model_rescale": 4.166573947596378, "target_rescale": 4.131204626024737},
{"mapping": [13, 10, 7, 5, 6, 1, 2, 0, 14, 12, 11, 3, 9, 15], "R": [[-0.3670181189654605, -0.6445318076718423, -0.6707282976364745], [0.6766195743262624, 0.30983331062012814, -0.667974004934862], [0.6383444618617781, -0.6989864580443882, 0.3223883984900175]], "T": [0.07622149206149614, 0.056119699217823546, 0.12263095961561053], "aligned_model": [[-0.5598433527559756, -0.3660865101232912, 0.061661418535100265, -0.0992650357483813, -0.02948974272177518, 0.4240826382517244, 0.47217839323681077, 0.6021931160091589, -0.6918342211425588, -0.38284217220291417, -0.011561324636411574, 0.47537719334300077, -0.0402193312331377, 0.09481288722292604], [-0.22543009929565871, -0.5336867671100606, -0.49836108735377205, -0.047147315415618785, 0.6716170624520647, 0.3013434095880374, 0.5959422852975211, -0.26321208398528567, -0.06597899344490606, 0.504102767472049, 0.5318311995826573, 0.2106991215227655, -0.1671561234336123, 0.07243288950152303], [-0.3600328602840045, -0.009403871338935235, -0.32873220816845505, -0.6833481861737054, -0.31222046634405787, -0.4491705931198011, 0.05466812301382186, -0.4141528198302623, 0.2680960546896836, 0.2566200559588573, 0.7455965067686005, 0.544776172013436, 0.6676434438505009, 0.058200933073473696]], "inverted": false, "swapped": false, "error_lsq": 0.045232681624040295, "error_max": 0.29101343476883174, "target": "815.xyz", "model": "23.xyz", "model_rescale": 4.274766983524099, "target_rescale": 4.131204626024737},
{"mapping": [4, 3, 0, 8, 1, 12, 10, 11, 6, 7, 13], "R": [[-0.6411491188102969, -0.6354673516697713, 0.4302430155279539], [-0.18144387496167272, 0.670268443618262, 0.7195959517176607], [-0.7456580501058596, 0.383303350430648, -0.5450436806907932]], "T": [-0.05613584396235362, 0.18847121247316098, 0.024979084858814015], "aligned_model": [[0.43702414715822524, 0.21309374020029004, -0.427338120174337, -0.5783822080284373, -0.6318417721243613, -0.5066145385292022, -0.037026332045574165, -0.0372300412433738, 0.5989638615216172, 0.3491859172948971, 6.0049928331334934e-05], [0.021614015460371422, 0.6336837872556687, 0.4955095347786086, -0.351314161876079, 0.4615583951143988, -0.17498239913109817, -0.6744588666996044, -0.03961629702506267, -0.15617081930073443, 0.5306814752654041, 0.169081867401611], [-0.47574716556588786, -0.46236259987119316, -0.5671195658392298, -0.2708537282517885, 0.203094392810263, 0.4300249378984432, 0.1884349065231673, 0.6446233708747453, 0.17257442328753966, 0.4694254613571938, 0.04747200079832439]], "inverted": true, "swapped": true, "error_lsq": 0.05069321121304257, "error_max": 0.27022396233072266, "target": "815.xyz", "model": "24.xyz", "model_rescale": 3.7841303162186577, "target_rescale": 4.131204626024737},
{"mapping": [10, 11, 7, 0, 8, 1, 4, 6, 14, 9, 12, 3, 13, 15], "R": [[-0.4654434921618552, 0.8761021519748673, -0.12572738329092734], [0.8693602118805621, 0.4791936619754048, 0.12077357459968535], [0.16605775381824625, -0.05308911025444132, -0.984685923921547]], "T": [-0.026486199483448148, 0.1441133014149469, -0.03609197775173149], "aligned_model": [[-0.6931229585481263, 0.01962840839981111, -0.04328589289079633, -0.023640573428485915, -0.03795250206259854, 0.36221868801154306, 0.6549540863059613, 0.5977961573395887, -0.6730837847788462, -0.4735980801542813, -0.17456069749097733, 0.5267047973198664, -0.12549970994807533, 0.03260601795969312], [-0.19909284114398992, -0.59181912725804, -0.3668804030996009, 0.07266228403142724, 0.6013190411953006, 0.4442560074154044, 0.44321315021446517, -0.21901295987563948, 0.11851906100046003, 0.48481556254757374, 0.42685840432966393, -0.03247220143534793, -0.2052213640095906, 0.10985165146561779], [-0.24360120754827733, 0.1776940660629622, -0.43784907395312694, -0.7683601006949663, -0.4106440022502329, -0.5945355830293215, 0.017599364285031997, -0.057003925619498304, 0.4227712479030678, 0.1256289050934648, 0.6518768124166162, 0.5222978223628614, 0.6568449699926056, -0.024179010912034275]], "inverted": true, "swapped": false, "error_lsq": 0.041263896207825605, "error_max": 0.24925053005517026, "target": "815.xyz", "model": "25.xyz", "model_rescale": 4.19342608120988, "target_rescale": 4.131204626024737},
{"mapping": [0, 1, 8, 4, 9, 3, 10, 5, 12, 2, 11, 13], "R": [[-0.302436224771554, 0.7918707597071619, -0.5305403187946538], [-0.9030399643900942, -0.4161733536631019, -0.10638873255728143], [-0.30504287020067866, 0.4469233039589785, 0.8409568405798974]], "T": [0.03061428739969433, 0.065590504014371, 0.01960592342475275], "aligned_model": [[-0.19170650401078812, 0.5415010094552757, -0.04074266656071259, -0.6782050652005588, -0.48987046412696916, -0.42209656594706996, -0.021839898822987945, -0.3433822521185012, 0.5300906537163286, 0.21825380545034065, 0.4809499702718572, 0.014856532525566402], [-0.6279299870941106, -0.34412303698185126, -0.41670498631848824, 0.20462289288481686, -0.09161421346921728, -0.08365256706381372, 0.3396855272146961, 0.5217512920723211, 0.00752750664133367, -0.10249362800595221, 0.47871302405033306, 0.12699460381091315], [0.24818253532284934, 0.11377895312055941, -0.6237647423508994, 0.024077961632400495, -0.5047736357979182, 0.5496814957779204, -0.8133717336749509, 0.41756371691779626, -0.47662363327116075, 0.7306224600353729, -0.23112887417810007, 0.015013957675551744]], "inverted": true, "swapped": true, "error_lsq": 0.05278227872809552, "error_max": 0.2880692423459853, "target": "815.xyz", "model": "26.xyz", "model_rescale": 3.795458400668931, "target_rescale": 4.131204626024737},
{"mapping": [10, 11, 12, 8, 0, 5, 6, 4, 7, 1, 3, 2, 13], "R": [[0.10817204459103763, -0.6592513266192757, 0.7441011336637784], [-0.3275116535758693, -0.7303406262527354, -0.5994486520268125], [0.9386346070441867, -0.17885820639682123, -0.2949149308928216]], "T": [-0.07149657340276651, -0.0338871207498945, -0.0794710728915644], "aligned_model": [[0.10029954161263492, 0.3905764656821801, 0.5563730257368832, 0.09958371029944428, -0.28311306051951296, -0.5897422841736802, -0.3756843142005422, -0.7594346840165264, -0.03984563150229008, 0.42548499848079036, -0.6448356477269526, -0.08890780893883156, -0.09107792791234044], [-0.8327849073662674, -0.4185573151267926, -0.277372886662996, -0.19545473300723115, 0.5574001423785936, -0.1060954562857497, -0.6463733015289942, -0.23716363313682504, -0.03710643603403929, 0.38913478697252035, 0.3794112075145806, 0.6273674050906968, -0.08052336955058122], [-0.4019299416296672, 0.1941303354867288, -0.29298026094996793, -0.8516459311020351, -0.513340071818586, 0.402746534710832, 0.2399794472509008, -0.16429261719707705, 0.6118421915388741, -0.18810242548134393, 0.013628449745329507, 0.283081930733434, -0.040980979187995946]], "inverted": false, "swapped": true, "error_lsq": 0.05141739751992856, "error_max": 0.29275997831516587, "target": "815.xyz", "model": "27.xyz", "model_rescale": 3.6321398670334006, "target_rescale": 4.131204626024737},
