[{"mapping": [7, 13, 9, 10, 2, 11, 12, 6, 5, 0, 3, 1, 8, 14], "R": [[-0.5476914556004386, -0.2226604193404691, 0.8065087768408966], [-0.7948541637659132, 0.4394298108445223, -0.4184594361286864], [-0.26122964572625273, -0.8702435170687994, -0.417654514154298]], "T": [-0.04194032497144631, 0.15954847916920173, 0.10221922800384015], "aligned_model": [[0.15469317418603215, 0.4041992702515401, -0.5941521984180128, -0.29263188932127115, -0.6883517667223886, -0.2957249719112395, -0.6856667612131534, -0.21861559657373325, -0.3177963765444578, 0.27096005665893685, 0.7339938725283066, 0.3229922161312082, 0.572937253755567, 0.004655818320969729], [-0.5333145266670765, -0.2702316443499196, -0.3473767568871928, -0.30530125160174254, 0.3041416631357764, 0.29639512041598537, 0.10899582388708434, 0.16600722755337388, 0.7697641599335112, 0.01024872296568724, 0.3198501657751206, 0.7169474659339714, -0.16701972790338465, 0.16616688961884046], [0.32496134748808253, -0.44333690608620174, 0.39276794853932145, -0.21977123138890736, 0.546778402566416, -0.573908498010562, -0.07634539410699187, 0.8165757943422609, -0.13940623116164755, 0.7569334026844092, 0.39730222550599276, -0.12049644290459421, 0.08118912192460767, 0.15434454778764742]], "inverted": false, "swapped": true, "error_lsq": 0.04906575402010365, "error_max": 0.35066390775187645, "target": "816.xyz", "model": "0.xyz", "model_rescale": 3.8414455957264533, "target_rescale": 4.187150904417164},
{"mapping": [10, 9, 11, 6, 8, 13, 12, 3, 5, 1, 4, 7, 0, 2, 14], "R": [[0.866390981271592, 0.34925885701438786, 0.3569102385309949], [0.3574416342106673, 0.06536558621699924, -0.9316452212464333], [-0.34871499208387324, 0.9347435963597245, -0.06820750222983377]], "T": [-0.011525032704989523, -0.02666804812081873, 0.02820941309933005], "aligned_model": [[-0.22040781269858434, -0.4700376618928289, 0.16949486715070675, -0.48969484586699813, -0.738641412662501, -0.29785959578092525, -0.2805709900697935, 0.6069008514768512, 0.06476580871018253, 0.6799425976461676, 0.4535670235748404, 0.08228698928569472, 0.46433649752765493, 0.053555363054683884, 0.037093413587905265], [-0.6748876030827872, 0.47459363097417134, -0.25505903174697814, -0.20370416687379495, -0.17320653783757434, 0.31465988598817907, -0.49825588593236775, -0.45721304128875717, -0.44397834759287974, -0.41827955097584996, 0.12007769755766885, 0.5990715134344272, 0.40256998004549255, 0.15579936756004892, -0.09691105261667954], [0.09574231765292597, 0.09155432559881563, -0.772624375264075, 0.6198503652156744, -0.2440600095863385, -0.5852681822734157, -0.5079889904053402, 0.2416510132432204, 0.5325452203282014, -0.3138590569135041, 0.2689837891422451, 0.14047832139450173, -0.31065322681205054, 0.7403013396937411, 0.0005297081361653293]], "inverted": true, "swapped": false, "error_lsq": 0.05188835468082371, "error_max": 0.30797537560355986, "target": "816.xyz", "model": "1.xyz", "model_rescale": 4.316132596720782, "target_rescale": 4.187150904417164},
{"mapping": [12, 10, 11, 4, 5, 2, 1, 0, 13, 9, 8, 14], "R": [[0.6215808671832111, -0.058833897115874834, 0.7811375026856195], [-0.61965799389095, -0.6469706476979037, 0.4443567841548037], [0.47922979473193345, -0.7602417731008434, -0.4386014708977562]], "T": [-0.03265328905226251, 0.05506994419675603, -0.056189314967329956], "aligned_model": [[-0.10656772209202892, 0.42594981076713584, 0.07040798692377631, -0.524467942129782, -0.5271786129095014, -0.545196184247391, -0.29678441681200324, -0.09791065304092145, 0.7049481450645367, 0.1023834595434806, 0.4391803437622799, -0.04695566019780047], [-0.5842561093210119, -0.3399809998971049, -0.520159285697161, 0.5352609362178496, -0.29385558475997436, -0.24611045690413424, 0.2545897699376366, 0.6682374944444379, 0.1268323007855386, -0.2643960635473331, 0.5540600812897399, 0.12255434519249722], [0.12988452474129625, 0.07119725018191445, -0.5020279164792786, -0.006888635984329983, -0.43107367055341406, 0.47576740051014677, -0.6757845429629327, 0.35443794706362153, -0.41975124505184636, 0.669094252718956, -0.1725738589689232, -0.04302304400578903]], "inverted": false, "swapped": true, "error_lsq": 0.04649385512368068, "error_max": 0.26206108697089914, "target": "816.xyz", "model": "2.xyz", "model_rescale": 3.795458400668931, "target_rescale": 4.187150904417164},
{"mapping": [3, 13, 7, 12, 4, 2, 10, 1, 11, 5, 0, 14], "R": [[0.5483560859579292, -0.7475137757091246, 0.3748716555275805], [0.2573166722046786, 0.5773583033116834, 0.7748841976725066], [-0.7956718753345566, -0.3284517388021305, 0.508945696591932]], "T": [0.03588443725299638, 0.011528080014305175, 0.08592485287726295], "aligned_model": [[-0.05063636695764863, -0.2438563357160506, -0.7136285313754333, 0.1603734278801177, 0.18724462408904347, 0.1220634875023393, -0.23718797266331065, 0.5660018368040538, 0.4418205143570207, 0.729229189210615, -0.383971737242958, 0.015851689855776382], [0.04340159448335375, -0.7526251014750411, -0.04998565335332365, 0.06693407379974588, 0.4940826545921574, 0.6782022423539549, -0.3148621743914475, -0.16381537366469956, -0.46459805474956317, 0.06159984657138863, 0.44408638573484044, 0.04334860538834352], [-0.7545171228160492, -0.052632007651197604, 0.033158385260944306, 0.7418648554745992, -0.3821849367480903, 0.5154670896022794, 0.5348237828663895, -0.34034017737430466, 0.47167367948403593, 0.23957534550164725, -0.3447279323736048, 0.02661046941245078]], "inverted": true, "swapped": true, "error_lsq": 0.043356188990467164, "error_max": 0.24089220849180057, "target": "816.xyz", "model": "3.xyz", "model_rescale": 3.7530521520055578, "target_rescale": 4.187150904417164},
{"mapping": [4, 1, 5, 11, 2, 13, 6, 8, 7, 10, 14], "R": [[0.5390773992166364, 0.6156887035364235, -0.574737312162231], [0.4618626729083347, 0.3545409547535236, 0.8130089684477221], [0.704328353133534, -0.7037244714659981, -0.09323861449048707]], "T": [-0.0388220322610735, -0.06578384603518211, 0.016507602557182997], "aligned_model": [[-0.4372323152746999, -0.22249671674542254, 0.36418208489806225, 0.49501893657500673, 0.35813043421481516, -0.2358114075098337, -0.1918850971797113, -0.6074541996277913, -0.36943313030168123, 0.2879574778218506, -0.10277646442538964], [-0.6031090139274069, -0.08382912075580837, -0.3059085431843332, 0.29633674136648896, -0.6965912595673402, 0.7351057129267238, -0.6757119936657687, 0.3295911329709085, 0.2087875954776534, 0.35694957493390084, -0.09441746826067185], [-0.14916227728445355, -0.6612900356874916, -0.5190018858077281, -0.33586273146699674, 0.30093430129599724, -0.01746428031704677, 0.39876474609132934, 0.09066675752313849, 0.6358982345477517, 0.3281500180908757, 0.021197930259940472]], "inverted": false, "swapped": true, "error_lsq": 0.045834998260837784, "error_max": 0.2646314371229859, "target": "816.xyz", "model": "4.xyz", "model_rescale": 3.7855080009869324, "target_rescale": 4.187150904417164},
{"mapping": [6, 12, 15, 11, 13, 14, 8, 7, 4, 10, 3, 2, 9, 0, 16], "R": [[0.07925885877948258, 0.3934956486870912, -0.9159034926067808], [0.4038622506338986, -0.8526882518871167, -0.3313880317793862], [-0.9113798965403486, -0.3436334086756097, -0.2265011360326593]], "T": [0.011230115952882171, -0.08153778109676363, 0.04163211394603146], "aligned_model": [[-0.28303517476515344, -0.5792109297710221, 0.03520738541134261, -0.7251635945248344, -0.5927489260166359, -0.18198718485853854, -0.02652042356696935, 0.3603662050448085, 0.05975769688510292, 0.5955740134238178, 0.5755509946180482, 0.1442170022878351, 0.4137883713918803, 0.3082388376257529, 0.010696819857621425], [-0.6176734270258553, 0.25608861770592584, -0.13046293817541768, -0.2082148313242694, -0.3092391705141936, 0.4236139811510656, -0.6061060299993879, -0.7060104312410032, -0.36600770413759376, -0.34053411999031746, 0.3215330531970501, 0.6416060909941705, 0.326171930477077, 0.19749045824090417, -0.036978621745835424], [0.269762725460112, 0.0629170702800837, -0.7807726077330219, 0.3138699812879186, -0.2873496986125863, -0.3647989014771654, -0.42603542071167255, 0.26413463615945104, 0.7226040081086019, -0.30826412782071966, 0.0802644041124735, 0.11348693910730029, -0.3810186417794594, 0.7067658931385198, 0.011616299630932064]], "inverted": false, "swapped": false, "error_lsq": 0.03777814787298394, "error_max": 0.251603335190003, "target": "816.xyz", "model": "5.xyz", "model_rescale": 4.2253639853439635, "target_rescale": 4.187150904417164},
{"mapping": [7, 10, 2, 6, 9, 5, 4, 0, 11, 13, 12, 1, 3, 14], "R": [[-0.27011785539897953, -0.6310429764759737, 0.7272008704855901], [-0.04020556504055278, 0.7620104598032809, 0.6463153809791028], [-0.9619874514433264, 0.14534380272559466, -0.2312040706277412]], "T": [0.02354121137463299, 0.039221774332641623, 0.04512151631531303], "aligned_model": [[0.5201826957342572, -0.12699752224687477, -0.4546003229964107, 0.09233097345127983, -0.18180775776232894, -0.5180595466814093, 0.24161831327789732, 0.5589822860596939, -0.46237469851852886, 0.39917541766705483, -0.5775626222152919, 0.06794819073698855, 0.7368729649886778, 0.0783537812627786], [-0.15956684025115067, 0.19783047707760137, -0.5984883366910625, -0.6852062478761347, -0.48398368725297836, 0.21787010104799728, -0.30508403567728287, -0.46227932523438753, 0.5813646810645503, 0.6678069556388951, -0.0414134002273015, 0.43474042939938184, 0.07232930855433872, 0.009179067062523714], [-0.4860736007223482, -0.5334895427451999, 0.07820154006563099, 0.15481736933341775, -0.5296980666603969, 0.4712623322341343, 0.6008116148117957, 0.14830687975264945, -0.056116566051282936, -0.3358805851833006, -0.2394777981766391, 0.6239692283677448, 0.4977871605349889, 0.07713824337025393]], "inverted": false, "swapped": true, "error_lsq": 0.04444002782735932, "error_max": 0.24045050044319813, "target": "816.xyz", "model": "6.xyz", "model_rescale": 3.89814844738969, "target_rescale": 4.187150904417164},
{"mapping": [8, 13, 1, 7, 4, 11, 10, 0, 9, 12, 5, 2, 14], "R": [[-0.9800023909661902, -0.19831728192722803, 0.016296299872888734], [-0.19288415810032328, 0.9266362137320846, -0.32270889196642266], [0.04889800869647215, -0.3193987837942767, -0.9463579669745782]], "T": [-0.005531435514533806, 0.10212314356132345, -0.038677937274656134], "aligned_model": [[0.12716297458505496, -0.26501006958141227, 0.49912950186754423, -0.26938075372583625, 0.6226777449900849, -0.3477302317332258, -0.6086813346259962, 0.3542222527696075, -0.5582586332276361, -0.4978742188957185, 0.1466790258314533, -0.1029721495203322, 0.048667692170634276], [-0.3338969538074188, -0.01892744273142423, 0.496455197270333, -0.5891451724026554, -0.019774764195237424, 0.7089421064609908, 0.06931644197275846, -0.5213927057895203, -0.2316432553911803, 0.41024551429200246, 0.7762328065926943, 0.15984377301474678, 0.05752572018439607], [-0.5654057268134052, -0.8128875874741884, -0.3272801371424044, -0.18314101997568635, 0.21703620852575878, -0.27309867496682, -0.17188194662364745, 0.13640200426286025, 0.44030258734978284, 0.2952139737532684, 0.13235053527189977, 0.7509811263429428, -0.036316311674065564]], "inverted": false, "swapped": true, "error_lsq": 0.04500656286780426, "error_max": 0.3276600309629521, "target": "816.xyz", "model": "7.xyz", "model_rescale": 3.7474275329858107, "target_rescale": 4.187150904417164},
{"mapping": [11, 4, 5, 13, 9, 8, 7, 10, 12, 6, 0, 2, 3, 1, 14], "R": [[0.7591766766152649, 0.0007139807242770302, 0.6508842169809674], [-0.5591081053602256, 0.5126951963014458, 0.6515686933930459], [-0.33324000390694497, -0.8585703966017856, 0.3896254276547567]], "T": [0.006126639905114688, -0.0956103208782437, 0.06718016317854714], "aligned_model": [[-0.3102012082846582, -0.5867778083104224, 0.08587615619641933, -0.689655255338546, -0.46418449303037207, -0.3151588083845796, 0.08098312339513114, 0.3933416917772972, -0.11016336510183844, 0.6503996807291164, 0.6553169848189785, -0.018107019926032593, 0.4136171352144746, 0.3498132589223714, -0.02036897963428316], [-0.6307727006998163, 0.4133579090598607, -0.10744419452373535, -0.028296125981219625, -0.39446045346702385, 0.32018013571211335, -0.6124319074704735, -0.7404955157761743, -0.37665598338200923, -0.2953445532835113, -0.030375635360248093, 0.7394576172277465, 0.3074512762895192, 0.3344161122229977, -0.05330912295570694], [0.07140807911975972, 0.10769561758088995, -0.6445230320564701, 0.6323953276151303, -0.45227770477323015, -0.3676810477637454, -0.3700492805187141, 0.16439615308423822, 0.6039599961852071, -0.3932072646152811, 0.15942749106910545, 0.1704456672369905, -0.36366479977879873, 0.5788036524678517, 0.10005370429783404]], "inverted": true, "swapped": false, "error_lsq": 0.05386580114211141, "error_max": 0.3896735850472898, "target": "816.xyz", "model": "8.xyz", "model_rescale": 4.019505241142653, "target_rescale": 4.187150904417164},
{"mapping": [10, 8, 7, 9, 12, 2, 0, 11, 5, 1, 3, 4, 14], "R": [[0.006530282201408, -0.2956056914559458, -0.9552877213663026], [-0.6537115080727394, -0.7241739965418607, 0.21962077985895287], [-0.7567156795175024, 0.6230483913079641, -0.19796990291689093]], "T": [-0.016728558605421093, -0.11047612955690672, 0.043376827669157916], "aligned_model": [[-0.17296523150784465, -0.5523822529144772, -0.19356898183037397, 0.4303583205254451, 0.308907614631036, 0.7703055809857563, 0.15068577820645312, -0.24332046009655678, 0.18198458383779992, -0.2734265897003805, -0.3306846760123145, 0.25766639094310295, -0.013859305326469857], [-0.5643219842191844, 0.26705849533810566, 0.10858597655314767, -0.3444640924775486, -0.690950861416175, -0.22950514170049297, 0.5554401053672191, -0.7517749184229505, -0.4071502694939556, 0.04672639522084407, 0.6567245204191681, 0.4573419191947909, -0.04033191624890918], [-0.3467813848808054, -0.192644829879349, -0.6559637102806852, -0.5824767197748701, -0.03300895827909492, -0.009511336885679747, -0.23478809544093593, 0.3220779681509738, 0.6592827802869153, 0.6780934156875417, 0.209747510219362, 0.32119992592095076, 0.04147692919955565]], "inverted": false, "swapped": true, "error_lsq": 0.0461067481296019, "error_max": 0.29121647605934436, "target": "816.xyz", "model": "9.xyz", "model_rescale": 3.877068213659057, "target_rescale": 4.187150904417164},
{"mapping": [2, 3, 1, 13, 4, 5, 7, 9, 14, 8, 11, 12, 0, 10, 15], "R": [[0.12745453764595582, -0.8440120592170239, 0.5209596766830373], [-0.962360633273448, 0.02188041301865551, 0.27089344593707226], [-0.24003614802563406, -0.5358776832658476, -0.8094552218737266]], "T": [-0.054345099720585203, -0.04936744910167612, 0.07918210515149515], "aligned_model": [[-0.20157861447029543, -0.5813818723431013, -0.0014262328173951719, -0.608957911072212, -0.563650157838005, -0.22226383951119, -0.08309033410464581, 0.32846129182906025, -0.02261869301861851, 0.5397004644117589, 0.6355036069015765, 0.1190647907336495, 0.45408057594252493, 0.3203944659970527, 0.0024935524028968648], [-0.6923532893170262, 0.28628868044998135, -0.01031473424278015, -0.2707155800204293, -0.2797840139810531, 0.44416095218154034, -0.6021767450074692, -0.5152368703364608, -0.399523626092253, -0.42602229259753155, 0.20159570677730054, 0.677092290876934, 0.3563302366110681, 0.07554059812825811, 0.00039554418224060917], [0.1516173132102299, -0.03185187940399259, -0.7860237022673333, 0.5701486318995932, -0.3024030677131885, -0.5032511152235941, -0.5207030199159258, 0.3476411389848889, 0.7762514227029927, -0.23793606275109552, 0.15521849529923493, 0.05967641889361955, -0.3798154501444167, 0.6684010942233332, 0.03021234135642184]], "inverted": true, "swapped": false, "error_lsq": 0.036630152328768296, "error_max": 0.21073490840681475, "target": "816.xyz", "model": "10.xyz", "model_rescale": 4.260839863003843, "target_rescale": 4.187150904417164},
{"mapping": [2, 5, 1, 4, 8, 0, 9, 12, 11, 13, 10, 14], "R": [[-0.6237263260010271, -0.45818741654534356, 0.6332691067569652], [-0.700077914473897, 0.6878015378396576, -0.19188527356543333], [-0.34764404772574453, -0.5630216122538334, -0.7497668172278327]], "T": [-0.057969878584463085, 0.012201204672336553, -0.046892063412342144], "aligned_model": [[0.422572691565037, 0.2591445430858374, -0.3564679813745785, -0.4439057423941248, -0.6289270624724589, -0.5467670733419864, 0.3976170190178879, 0.6109355385045987, 0.38113948532140846, -0.3089712228409064, 0.2906536918429168, -0.11812523781950063], [0.07441168236597322, -0.6210287055958791, -0.6134836786113287, -0.21095195953015686, 0.26535373271031604, 0.3484394123473483, 0.6273955309077597, 0.04837221426128818, -0.3239931208415652, 0.1990177716859989, 0.3595884714487403, 0.019957154384439152], [-0.6806084789351885, -0.11969951541729179, 0.06663753418773097, -0.572393512582611, 0.26146679857831195, -0.490591158127667, -0.2924653250509256, -0.055937559326318054, 0.4372966334308632, 0.7169671408339646, 0.3277985844533603, -0.08229306464872452]], "inverted": true, "swapped": true, "error_lsq": 0.043933640417564424, "error_max": 0.23145102816664906, "target": "816.xyz", "model": "11.xyz", "model_rescale": 3.890672605050136, "target_rescale": 4.187150904417164},
{"mapping": [8, 3, 1, 13, 11, 9, 0, 10, 7, 2, 5, 4, 12, 14], "R": [[0.04419282113160711, -0.6999795691637488, -0.7127942180698174], [0.7446305093946152, -0.4525791606333413, 0.4906093230250894], [-0.6660123114771573, -0.552449731752811, 0.5012253932584634]], "T": [0.09340337890824525, 0.040348327899292706, 0.12527236480329212], "aligned_model": [[0.37024478633652913, 0.18024736469162977, 0.4793213595133161, 0.7604828414426447, 0.5923464532302627, -0.4340091338003246, -0.36072004771055866, 0.24991340633773879, -0.049660839135077114, -0.5846918472295641, 0.21458781584499403, -0.2415821311115245, -0.03428579283943829, 0.06768159922306556], [-0.3395401061347267, 0.13289384147095826, 0.5619627161585891, -0.4303119489830068, 0.19537938678922862, -0.4140163052119657, -0.13244503634364457, -0.4022413421853405, -0.6659632528004251, 0.24413464074291638, 0.671254938694287, 0.4218930414432868, 0.046050536360865944, 0.04310140982674218], [-0.3887384413805947, -0.7106330933940779, -0.14390676194469848, 0.0033425371522737835, 0.6422864182813837, 0.5274147882643189, -0.4339789948053642, 0.5280482129152775, -0.09607467069718129, 0.4927581516721129, 0.43205206011660874, -0.3406717717534132, 0.7829102440188653, 0.05998175691135062]], "inverted": true, "swapped": true, "error_lsq": 0.05149080023222559, "error_max": 0.48348380096248, "target": "816.xyz", "model": "12.xyz", "model_rescale": 4.124412569039231, "target_rescale": 4.187150904417164},
{"mapping": [1, 13, 10, 3, 11, 5, 8, 4, 7, 0, 2, 9, 14], "R": [[-0.6023594042176244, -0.33763895579616987, 0.723300133885969], [-0.7909737660251206, 0.3743362411457719, -0.483976115138849], [-0.1073482631933394, -0.8636389952368563, -0.49254851161651775]], "T": [0.18602186625951406, 0.06092912953083737, 0.022024018267280385], "aligned_model": [[-0.15695095302451917, -0.16169385883897996, 0.4947187257220671, -0.6293804342674607, 0.5338797422447372, 0.4777799543359897, -0.40954705439783295, -0.13172429956923576, -0.022321346680550302, -0.2167298557060216, 0.7546641906624656, 0.7025939833772181, 0.1320095136518803], [-0.46083446329091005, 0.5522084061430399, 0.5403712761489665, -0.09177562760438263, -0.029487327763706814, -0.5377895845084841, 0.41273244263940245, -0.37117744670045805, 0.7403030930089265, 0.16791524591686013, -0.14610444171963508, 0.5192252446748223, 0.05189855956403615], [0.34389986158008673, 0.5869323606837582, 0.2617131201849344, -0.14120842469898104, 0.6631964712732098, 0.2735309172941167, 0.10385057683099767, -0.41066164087448476, -0.22973390714840902, -0.590505767056633, -0.4977555579347539, -0.3896161471581406, -0.021943782007861574]], "inverted": true, "swapped": true, "error_lsq": 0.048549592409069725, "error_max": 0.2867823685998727, "target": "816.xyz", "model": "13.xyz", "model_rescale": 3.9028299243045295, "target_rescale": 4.187150904417164},
{"mapping": [12, 10, 0, 13, 5, 4, 8, 1, 11, 2, 6, 7, 3, 9, 15], "R": [[-0.7458240071120046, 0.14590459219846752, -0.6499679995128926], [-0.638430416368984, -0.43506424245963427, 0.6349218128147357], [-0.19013982715443484, 0.8884992711918358, 0.41763128620980755]], "T": [0.01291300613157418, -0.11080310067921578, -0.008447123513230802], "aligned_model": [[-0.25227208697773446, -0.502090737147709, 0.11445595849059512, -0.7203815625290697, -0.4398062773659618, -0.2538710842980927, -0.18485987265035306, 0.4806133929817644, 0.09498041942252938, 0.4923832013471441, 0.6067698550268644, 0.052268388295056624, 0.3853886198693218, 0.2044776128107089, 0.03667526576799263], [-0.7154087033737877, 0.3944705685500491, -0.06513107490012929, -0.31324104202986935, -0.2182763062069913, 0.34251809985046405, -0.6537613173423298, -0.42481237469922173, -0.36815274456040525, -0.5391648944151322, 0.10839731629809712, 0.7635749878685969, 0.25922245261256377, 0.3022435489893165, -0.02720165902890123], [0.2114829120522344, 0.17816012618756688, -0.8299211061396904, 0.22382277825999408, -0.22198071360672128, -0.43586894341326077, -0.5208819222280955, 0.315363437945807, 0.6792248831933695, -0.36728451722112737, 0.20058273671340196, 0.22509530946075781, -0.34465011624225406, 0.6188812778278301, 0.06515641636095501]], "inverted": false, "swapped": false, "error_lsq": 0.04491871012067498, "error_max": 0.2630656581566141, "target": "816.xyz", "model": "14.xyz", "model_rescale": 3.942246331269136, "target_rescale": 4.187150904417164},
{"mapping": [11, 12, 7, 13, 8, 0, 6, 10, 4, 9, 5, 1, 2, 3, 14], "R": [[-0.6589813789089229, -0.2344000500818184, 0.7147028464844224], [0.47691242953412494, 0.6045655374864615, 0.6380086562418761], [-0.5816339715036881, 0.761286494957941, -0.28660913416620193]], "T": [0.02303445243025368, -0.13075946789694826, 0.05585108848974912], "aligned_model": [[-0.3740369266604645, -0.4968288426734977, 0.1478075389268519, -0.6428673650230191, -0.5370467179969917, -0.15837716205135233, -0.007646498332226161, 0.40258409639353876, 0.02435044230668879, 0.6659513182928913, 0.4994413181404138, 0.036919726962415494, 0.3674236311822012, 0.18380768309298767, 0.003248850482619293], [-0.725753504241611, 0.4008840811158426, -0.17963202244565085, -0.2106801731103511, -0.2475636914794383, 0.335926046422797, -0.5473652212470925, -0.6836956361401054, -0.36001485470342487, -0.42770403799131196, 0.28842844980709903, 0.6625768585222304, 0.3133357853909975, 0.27212634045167106, -0.04559156273933204], [0.10512015868425734, 0.3952233757491873, -0.7885556016939772, 0.5153261116367498, -0.4652120383710277, -0.4826764778646107, -0.3160194734996209, 0.2991701745867513, 0.5953918308933814, -0.3270903326352039, 0.06572763364889175, 0.22036889334839488, -0.46069844273176, 0.6288981408634555, 0.012208606535898593]], "inverted": true, "swapped": false, "error_lsq": 0.046931204660571185, "error_max": 0.2852394925384979, "target": "816.xyz", "model": "15.xyz", "model_rescale": 4.355366556412066, "target_rescale": 4.187150904417164},
{"mapping": [12, 10, 11, 4, 5, 2, 1, 0, 13, 9, 8, 14], "R": [[0.6215808671832111, -0.058833897115874834, 0.7811375026856195], [-0.61965799389095, -0.6469706476979037, 0.4443567841548037], [0.47922979473193345, -0.7602417731008434, -0.4386014708977562]], "T": [-0.03265328905226251, 0.05506994419675603, -0.056189314967329956], "aligned_model": [[-0.10656772209202892, 0.42594981076713584, 0.07040798692377631, -0.524467942129782, -0.5271786129095014, -0.545196184247391, -0.29678441681200324, -0.09791065304092145, 0.7049481450645367, 0.1023834595434806, 0.4391803437622799, -0.04695566019780047], [-0.5842561093210119, -0.3399809998971049, -0.520159285697161, 0.5352609362178496, -0.29385558475997436, -0.24611045690413424, 0.2545897699376366, 0.6682374944444379, 0.1268323007855386, -0.2643960635473331, 0.5540600812897399, 0.12255434519249722], [0.12988452474129625, 0.07119725018191445, -0.5020279164792786, -0.006888635984329983, -0.43107367055341406, 0.47576740051014677, -0.6757845429629327, 0.35443794706362153, -0.41975124505184636, 0.669094252718956, -0.1725738589689232, -0.04302304400578903]], "inverted": false, "swapped": true, "error_lsq": 0.04649385512368068, "error_max": 0.26206108697089914, "target": "816.xyz", "model": "16.xyz", "model_rescale": 3.795458400668931, "target_rescale": 4.187150904417164},
{"mapping": [8, 13, 1, 7, 4, 11, 10, 0, 9, 12, 5, 2, 14], "R": [[-0.9800023909661902, -0.19831728192722803, 0.016296299872888734], [-0.19288415810032328, 0.9266362137320846, -0.32270889196642266], [0.04889800869647215, -0.3193987837942767, -0.9463579669745782]], "T": [-0.005531435514533806, 0.10212314356132345, -0.038677937274656134], "aligned_model": [[0.12716297458505496, -0.26501006958141227, 0.49912950186754423, -0.26938075372583625, 0.6226777449900849, -0.3477302317332258, -0.6086813346259962, 0.3542222527696075, -0.5582586332276361, -0.4978742188957185, 0.1466790258314533, -0.1029721495203322, 0.048667692170634276], [-0.3338969538074188, -0.01892744273142423, 0.496455197270333, -0.5891451724026554, -0.019774764195237424, 0.7089421064609908, 0.06931644197275846, -0.5213927057895203, -0.2316432553911803, 0.41024551429200246, 0.7762328065926943, 0.15984377301474678, 0.05752572018439607], [-0.5654057268134052, -0.8128875874741884, -0.3272801371424044, -0.18314101997568635, 0.21703620852575878, -0.27309867496682, -0.17188194662364745, 0.13640200426286025, 0.44030258734978284, 0.2952139737532684, 0.13235053527189977, 0.7509811263429428, -0.036316311674065564]], "inverted": false, "swapped": true, "error_lsq": 0.04500656286780426, "error_max": 0.3276600309629521, "target": "816.xyz", "model": "17.xyz", "model_rescale": 3.7474275329858107, "target_rescale": 4.187150904417164},
{"mapping": [9, 12, 2, 10, 0, 3, 6, 5, 7, 4, 13, 11, 1, 14], "R": [[0.09310078737049643, 0.4285341702700486, 0.8987161444538286], [0.24211043823810807, -0.8852874311232196, 0.397049996840955], [0.9657715977844582, 0.18062289225403327, -0.18617355265086133]], "T": [-0.037801996366479004, -0.00428585038227558, 0.03310997625000119], "aligned_model": [[0.3733876277539889, 0.183346096719172, 0.7174089851691163, -0.2632514414509313, 0.2479640548752931, -0.21666986701959967, 0.6179939622785424, 0.09481103523706856, -0.16081523567804223, 0.32588923285766164, -0.8298559440088915, -0.37756541899720214, -0.27504620635185767, -0.02274923350144212], [-0.32809697142422295, 0.302252312348938, 0.11185748245974197, -0.08105631540028832, -0.5907126002380463, -0.342715896136469, -0.3181924159325512, 0.6888541553847258, -0.7185116532877942, -0.0701467053646326, -0.20191236214739838, 0.5616785393454098, 0.39259344875230523, -0.04548277684848465], [-0.5771351859891019, -0.5200197514414852, -0.19613857918334013, -0.5377562357348782, 0.38423552013111756, 0.7869772550013584, 0.14693220442419663, 0.1269892445219281, -0.17446452858566608, 0.6147341128834236, -0.089271780203865, -0.2901971197604535, 0.5619517926914436, 0.08795776990697665]], "inverted": true, "swapped": true, "error_lsq": 0.042203711197387396, "error_max": 0.26545051397008196, "target": "816.xyz", "model": "18.xyz", "model_rescale": 3.922800546911778, "target_rescale": 4.187150904417164},
{"mapping": [0, 8, 7, 5, 12, 13, 3, 2, 1, 9, 10, 4, 11, 6, 14], "R": [[0.9210126706890371, -0.16281010885811487, -0.3538764316592112], [0.07745306148420665, -0.8137830345226127, 0.5759845449227714], [-0.3817547428611349, -0.5578978770140439, -0.7368943446154623]], "T": [-0.053213518500657066, -0.041507208904310075, 0.05158033095308624], "aligned_model": [[-0.21264077169654952, -0.4765918636457416, 0.03198795880396662, -0.7090585555290172, -0.6480104670569656, -0.22873482927533217, -0.12562845104306214, 0.4958478961063207, -0.020209414628054735, 0.5950381449329755, 0.7144123937766574, 0.2342179088172264, 0.3639257907787313, 0.13234820992455776, -0.0321728572226562], [-0.8480316186483028, 0.31799358717106163, -0.16133502195281413, -0.38343380307224956, -0.17961886193818238, 0.47123286430257777, -0.5782467640266824, -0.4772032651588045, -0.29114628531707365, -0.39096735019908896, 0.1757508193860322, 0.6207535330332765, 0.30973879661772485, 0.32692137513655434, -0.06713114772170842], [0.20172680311408914, 0.3082914692096929, -0.7336540433223768, 0.23996082832926735, -0.4441573071690042, -0.3704429309791448, -0.28873712539763047, 0.19932833378849207, 0.7476938882059202, -0.29539312108142546, 0.17053433553939573, 0.10316543898289328, -0.4065295390863337, 0.604386802802505, -0.03899127378557228]], "inverted": false, "swapped": false, "error_lsq": 0.043248730648793976, "error_max": 0.2958604440205748, "target": "816.xyz", "model": "19.xyz", "model_rescale": 3.9282355846067225, "target_rescale": 4.187150904417164},
{"mapping": [9, 2, 4, 12, 10, 5, 11, 1, 13, 8, 0, 7, 3, 14], "R": [[0.9908110559555383, -0.12375359022186644, -0.054575638369785545], [-0.11811080578740688, -0.5950540269463809, -0.7949594597029117], [0.06590363383396018, 0.7941005943343038, -0.6042027450495282]], "T": [-0.015182671562441956, -0.10785379376983284, -0.021220082197529164], "aligned_model": [[-0.7018653637237006, -0.20111393889202994, 0.5091160440453705, -0.4394269328224277, -0.5774288095373926, 0.29939447492435683, -0.13176242364795188, 0.6168369028253533, -0.1877840117553713, 0.058418412695926465, 0.1215013621063232, -0.4441740670985852, 0.5878301856456197, 0.022980984319186055], [-0.5252330122317648, -0.8102290926874293, -0.5192320710333005, -0.22803325276228972, 0.14115679197091818, -0.11823837794768222, 0.3523645689202684, 0.15830869949242088, 0.6416300219991941, 0.237549473555818, -0.5209125551938305, -0.10236858120043774, -0.04971356940653898, -0.13416695605051004], [0.003094016866106799, -0.35059267344263056, 0.15420616599779438, -0.5255992296316344, -0.08817078865560328, -0.6597934766297674, -0.5823711956908657, -0.1734713378288624, 0.2785561271737566, 0.5791489371316326, 0.5784028419018054, 0.598678477761074, 0.5685592776870797, 0.0315360146037966]], "inverted": true, "swapped": true, "error_lsq": 0.03996520119737457, "error_max": 0.3181370743734805, "target": "816.xyz", "model": "20.xyz", "model_rescale": 4.067790424073018, "target_rescale": 4.187150904417164},
{"mapping": [1, 0, 4, 7, 8, 2, 5, 10, 9, 13, 11, 3, 6, 12, 14], "R": [[-0.047701829770665116, -0.3735970369452414, 0.9263637457404443], [0.14795551528823464, -0.9198316971510393, -0.3633439340515151], [0.9878429535772999, 0.11972845485503743, 0.09915339714655164]], "T": [0.012720939464784857, -0.05424848177162823, -0.055207835631977745], "aligned_model": [[-0.17524645099668984, -0.5543558478904796, -0.2604083861259526, -0.5965583544681884, -0.4595239022242239, -0.23850108262356312, 0.006575160643529095, 0.45424643043434504, -0.06991463657864863, 0.5376637980372575, 0.5980917938615805, 0.23372748524606823, 0.4078175314860264, 0.18033795472799585, 0.05077959951399957], [-0.8198722290288328, 0.33730019945845985, 0.004055471151817876, -0.31629499386606763, -0.30713502854280406, 0.5557465937421859, -0.4794003476449501, -0.5169600213929747, -0.38148198875329054, -0.5160662866942362, 0.12359563383638525, 0.7496254375540679, 0.28241804239624385, 0.21618417395064926, -0.0864377985543345], [0.1723743232420395, 0.11675604717708753, -0.8065223605229371, 0.28651474877306654, -0.25065885426663836, -0.39946854353468003, -0.4646882884071975, 0.4568859970578921, 0.6448917950987795, -0.09102424761618838, 0.1539444709427213, 0.11416703027376886, -0.5825703648026572, 0.6417746475129977, 0.004806158222713672]], "inverted": false, "swapped": false, "error_lsq": 0.04652394290148031, "error_max": 0.42680182034122455, "target": "816.xyz", "model": "21.xyz", "model_rescale": 4.186013935880536, "target_rescale": 4.187150904417164},
{"mapping": [12, 2, 5, 13, 7, 11, 10, 9, 1, 4, 0, 8, 14], "R": [[-0.22057524223836578, 0.8122005207738436, 0.5400711773147903], [-0.970104393186497, -0.12522605652807672, -0.20788434545844273], [-0.10121278986246986, -0.5697795616035418, 0.8155410611043021]], "T": [0.032028239422894865, 0.023621835248446355, 0.004645678558070012], "aligned_model": [[-0.06899382302930937, -0.5553225722065244, 0.32666559055001093, 0.5451841587433045, -0.3011509057934309, 0.5700760911135458, 0.0771955249016767, -0.5847420813039036, 0.5345881507118889, -0.20330748539930904, -0.4689015640323391, 0.18132634864515654, 0.005956602522458474], [-0.3492344841073177, 0.08634730732611429, 0.29710637979688803, -0.3919087676578262, -0.3557346346859589, -0.2695805257288289, -0.59247860448242, -0.4691593838874068, 0.5140808734435891, 0.6658993628157159, 0.3203504352436426, -0.007328132900768267, 0.07059683437067016], [-0.5427091679140159, -0.5315187922853257, -0.5829235820154921, 0.5000125213684137, 0.5644833832114401, -0.40133367675044157, -0.026811483739976112, -0.1473107252837809, -0.014199148003099469, 0.08826549052049017, 0.4627604966001398, 0.6842894603347607, 0.04987478529223293]], "inverted": false, "swapped": true, "error_lsq": 0.054984030556930914, "error_max": 0.3174629442110287, "target": "816.xyz", "model": "22.xyz", "model_rescale": 4.166573947596378, "target_rescale": 4.187150904417164},
{"mapping": [7, 6, 4, 5, 1, 2, 0, 10, 13, 8, 9, 11, 3, 14, 15], "R": [[0.18151981406442858, -0.7308023288671228, 0.6580110281936048], [0.9553571267969139, -0.02756862155752011, -0.29416446315584077], [0.23311653176117964, 0.6820322039521359, 0.693172962103854]], "T": [0.06791390698221128, 0.030391621224049814, 0.019004620325114126], "aligned_model": [[-0.00900295364023812, -0.6272485641652874, 0.058335056238669414, -0.5455926832172113, -0.5577713006609999, -0.2969227545863984, -0.22834381158858025, 0.29384750867736387, -0.16053908243228382, 0.5897099125059233, 0.6506576772605301, 0.33533932426985175, 0.3233170127618599, 0.28462474616004196, 0.0043210054598152026], [-0.6714295896406032, 0.325938630127106, -0.13206541502978741, -0.46260188133197205, -0.11766134437685044, 0.39081390098052016, -0.5941424932006277, -0.47230725931608, -0.3761774132954208, -0.4164260172022457, 0.15107288275217312, 0.772048070291385, 0.33080234139225806, 0.11035369774174245, 0.007058747720721216], [0.13267269932126372, 0.11124743144567673, -0.6974934399337022, 0.28664066315337183, -0.2887248081999974, -0.4166549139671036, -0.41567257823150233, 0.5261427437518932, 0.7256332290675215, -0.4077998628189041, 0.0983450110468928, -0.0038576886520324018, -0.43481175749987405, 0.7757213716409977, 0.005794459026266109]], "inverted": false, "swapped": false, "error_lsq": 0.03890760550950576, "error_max": 0.23573489408964052, "target": "816.xyz", "model": "23.xyz", "model_rescale": 4.274766983524099, "target_rescale": 4.187150904417164},
{"mapping": [2, 10, 7, 0, 8, 3, 4, 1, 5, 11, 14], "R": [[-0.17510723457352884, -0.6705191970187301, 0.72093096953132], [-0.7573773353857065, -0.3761160577406563, -0.5337754986449592], [0.6290604329029594, -0.6394847281514902, -0.4419754000133451]], "T": [0.0324901551757016, 0.16044776119934945, -0.0066082564092721716], "aligned_model": [[0.4870535798832559, 0.13288337329051197, -0.5198862144196711, -0.5092667316255065, -0.6181790022743664, -0.6324813527400591, -0.1443237525822897, 0.05871864498528516, 0.6187702297006125, 0.5267138039284354, -0.020107874188132945], [-0.22357458979798117, 0.7252329415754803, 0.4377851874300913, -0.25208583572428633, 0.349896175383427, -0.21892688769026025, -0.5013230892493311, -0.06571136707722691, -0.04281640115122168, 0.5931974831206931, 0.11391291442409955], [-0.5379148791954982, -0.2380132917001837, -0.43823567440316313, -0.29843564300490627, 0.15433409960634856, 0.35218451725439587, 0.06883564505351225, 0.6579485696708716, 0.34239311217833157, 0.32316896433046055, -0.006698985768591558]], "inverted": true, "swapped": true, "error_lsq": 0.048870524708473445, "error_max": 0.2918500789367794, "target": "816.xyz", "model": "24.xyz", "model_rescale": 3.7841303162186577, "target_rescale": 4.187150904417164},
{"mapping": [2, 14, 0, 12, 9, 10, 8, 4, 5, 1, 6, 11, 7, 3, 15], "R": [[0.7571823679093854, -0.5945880377656065, -0.2704439444195079], [0.6517105865601533, 0.7156375141969618, 0.2512692970488328], [0.044138113830989145, -0.3665078629716409, 0.9293674264183159]], "T": [-0.010865484523202382, -0.028009500206271146, -0.06627123923953698], "aligned_model": [[-0.2600309307191322, -0.7392399150505689, 0.32605689907016594, -0.5229027870873332, -0.570721598765057, -0.3655776099831191, -0.017588084677915578, 0.4364559150858761, -0.0968429479028208, 0.4496982707381956, 0.6456895598917318, 0.18799643771762506, 0.31930470411312223, 0.2770741753202092, 0.045359005292077176], [-0.71203405766162, 0.26618823290503535, -0.09143981027714478, -0.12859931822981024, -0.1889846756508506, 0.45247108079630954, -0.5207319516041914, -0.49861556929637213, -0.476073059834338, -0.5225691867251855, 0.1272491889870636, 0.6880679850144984, 0.3859643648661679, 0.07533916985319185, -0.010955535530434525], [0.1307567109279945, 0.04426086060781326, -0.7172626773934265, 0.4840662896652033, -0.11908063956487658, -0.5648420211836152, -0.3928247205782713, 0.30133974542454134, 0.6828520268308178, -0.37663898500741794, 0.19229531955393936, 0.12638010439779107, -0.4436554541626034, 0.6789882406192247, -0.029452240986346814]], "inverted": false, "swapped": false, "error_lsq": 0.04496166675508747, "error_max": 0.25857175906397045, "target": "816.xyz", "model": "25.xyz", "model_rescale": 4.19342608120988, "target_rescale": 4.187150904417164},
{"mapping": [12, 10, 11, 4, 5, 2, 1, 0, 13, 9, 8, 14], "R": [[0.6215808671832111, -0.058833897115874834, 0.7811375026856195], [-0.61965799389095, -0.6469706476979037, 0.4443567841548037], [0.47922979473193345, -0.7602417731008434, -0.4386014708977562]], "T": [-0.03265328905226251, 0.05506994419675603, -0.056189314967329956], "aligned_model": [[-0.10656772209202892, 0.42594981076713584, 0.07040798692377631, -0.524467942129782, -0.5271786129095014, -0.545196184247391, -0.29678441681200324, -0.09791065304092145, 0.7049481450645367, 0.1023834595434806, 0.4391803437622799, -0.04695566019780047], [-0.5842561093210119, -0.3399809998971049, -0.520159285697161, 0.5352609362178496, -0.29385558475997436, -0.24611045690413424, 0.2545897699376366, 0.6682374944444379, 0.1268323007855386, -0.2643960635473331, 0.5540600812897399, 0.12255434519249722], [0.12988452474129625, 0.07119725018191445, -0.5020279164792786, -0.006888635984329983, -0.43107367055341406, 0.47576740051014677, -0.6757845429629327, 0.35443794706362153, -0.41975124505184636, 0.669094252718956, -0.1725738589689232, -0.04302304400578903]], "inverted": false, "swapped": true, "error_lsq": 0.04649385512368068, "error_max": 0.26206108697089914, "target": "816.xyz", "model": "26.xyz", "model_rescale": 3.795458400668931, "target_rescale": 4.187150904417164},
