[{"mapping": [5, 12, 8, 11, 10, 1, 0, 7, 3, 2, 4, 9, 13], "R": [[-0.31441009463316894, 0.7474269527079116, 0.5852343485805724], [-0.9290017884051607, -0.369030248519561, -0.027791236345369286], [0.19519725800526733, -0.5524216017168013, 0.8103878111274064]], "T": [-0.12382489081415707, 0.02078021631588449, -0.05757281277370812], "aligned_model": [[-0.2663863922881834, -0.326658378157183, 0.5835569731618916, 0.24131056470471093, 0.3058586305625607, -0.6922415077278019, -0.5228999479730888, 0.5856558767159532, -0.316510309346124, -0.08580723644817737, 0.6419199960669957, 0.14625233249733335, 0.025436334409932454], [-0.005995218064332789, -0.45755610112666234, 0.055566837137378304, -0.4396996391044699, -0.8719974974964063, -0.07872988281885196, 0.12947518133725994, -0.06579586687058395, 0.49811219903073833, 0.6473905307901155, 0.5666462518030709, -0.20727642467769342, -0.03557958625082749], [-0.8001093807976805, 0.19771673225580427, -0.38769388321952614, -0.4339984265652764, 0.12613605968221991, -0.06423638611039278, 0.5938386838344067, 0.18846804724845223, -0.14827459644084212, 0.3864681956486196, 0.11292430194660813, 0.5841371167982974, -0.024640737912805563]], "inverted": false, "swapped": false, "error_lsq": 0.04640485271265916, "error_max": 0.2720517289307254, "target": "818.xyz", "model": "0.xyz", "model_rescale": 3.8414455957264533, "target_rescale": 3.8629131906327108},
{"mapping": [1, 6, 4, 5, 2, 10, 8, 7, 11, 13, 0, 9, 14], "R": [[0.6541908116614292, 0.5057465310713278, -0.5623653867789862], [0.5797606815136584, -0.8128213240936768, -0.05656012083986503], [-0.4857076632178851, -0.2890362285387774, -0.8249521952716419]], "T": [0.02043266243203828, -0.02942759376812562, 0.014676330801966396], "aligned_model": [[-0.010793005068005904, -0.2116576837883859, 0.4570239244612646, -0.12546613336633028, 0.4015549034472785, -0.5864434867583591, -0.5671095682869254, 0.5979608216200125, -0.2885580099183555, -0.03863347301229028, 0.5222460895623583, 0.1859264216373616, -0.01656386435080379], [0.3543907680826618, -0.7276710313186866, -0.13757164834526006, -0.5838025084850967, -0.6610439487146125, -0.2695846366522004, 0.05699407731293682, 0.01100368451734205, 0.7264988377767548, 0.5721661582805279, 0.4783270102500333, -0.07734979406221187, -0.007796184953454046], [-0.7600535020843737, 0.2766254611546018, -0.29111799260436494, -0.3104463849526091, 0.0349579773343629, -0.19125383869099796, 0.5358555892053604, 0.2935697499001489, -0.22897382130602684, 0.4723259235899696, -0.11136301209243346, 0.6748467318171174, -0.06423715490287026]], "inverted": true, "swapped": false, "error_lsq": 0.04224802592422698, "error_max": 0.27955309106700044, "target": "818.xyz", "model": "1.xyz", "model_rescale": 4.316132596720782, "target_rescale": 3.8629131906327108},
{"mapping": [4, 7, 2, 5, 3, 1, 0, 6, 10, 11, 9, 12], "R": [[0.6386033883351769, 0.6589745111990047, 0.39741452665556176], [-0.7432454844415847, 0.6620068143019553, 0.09660811391892121], [-0.199428840100989, -0.35707082127752976, 0.9125396245249655]], "T": [-0.038224273129840225, 0.08769956217397257, -0.11001078250254032], "aligned_model": [[-0.19831625194006847, 0.42481956176037733, 0.14927487466056877, -0.6358039331067246, -0.5821642481804828, -0.43911369585132926, -0.3166116172756164, -0.17724042054491373, 0.7416228191779635, 0.2105420383222966, 0.491194593197802, -0.07039516558809239], [-0.6294375308820377, -0.4625974901985982, -0.33216275651739313, 0.45555338504775283, -0.3202081244777962, -0.15025300155551335, 0.2856832373843329, 0.6810425437352865, -0.060672772626493954, -0.06314713057476584, 0.5405565824225427, 0.06841948598366367], [0.114154891883637, 0.033649255984050414, -0.5619339622806976, -0.004533972407243056, -0.3106110509577896, 0.3863601726449289, -0.7379178698096782, 0.40243016390090064, -0.3580441022563988, 0.525806113345024, 0.048694781947099225, -0.08879596078441156]], "inverted": false, "swapped": true, "error_lsq": 0.04885465898677748, "error_max": 0.26828937413233694, "target": "818.xyz", "model": "2.xyz", "model_rescale": 3.795458400668931, "target_rescale": 3.8629131906327108},
{"mapping": [8, 0, 5, 4, 9, 11, 3, 10, 2, 7, 6, 12], "R": [[0.9359634785387079, 0.29945121897482435, 0.1852061940006697], [-0.19016707195186, -0.01276236443843541, 0.9816687867092428], [0.29632558375371165, -0.9540262520017113, 0.04500065449068088]], "T": [0.001378722469136423, 0.010472880638667878, 0.07139810547879238], "aligned_model": [[-0.16957360003611294, -0.2571559588614579, -0.7072380287936162, 0.17827147791074505, 0.22433057379629015, 0.21059480930084787, -0.2505218300832872, 0.7808343403223992, 0.4218793641653594, 0.6495805164105275, -0.4677338410976769, -0.019963997290453034], [-0.2220882891778425, -0.6060597200737748, 0.03767529702745808, 0.0158245913392003, 0.4003101570928869, 0.6374519676322498, -0.4122171746918561, -0.05306683209927749, -0.4603767243011561, 0.14046958542109375, 0.5902315895011371, 0.01761459761959068], [-0.6712576094988554, -0.18160728997536296, 0.045599445411734774, 0.8189578781753051, -0.4843632127828243, 0.2994954113714452, 0.5816716338343906, -0.21163547826236934, 0.20237412374510125, 0.38890391111802913, -0.2075111069236461, 0.10814372442615207]], "inverted": false, "swapped": true, "error_lsq": 0.05102368647970091, "error_max": 0.31121520406716513, "target": "818.xyz", "model": "3.xyz", "model_rescale": 3.7530521520055578, "target_rescale": 3.8629131906327108},
{"mapping": [3, 1, 5, 6, 0, 11, 2, 7, 10, 9, 12], "R": [[-0.8104618355925359, 0.584506146002644, -0.03878373799820506], [0.11681040629309017, 0.22613423561343304, 0.9670670279071516], [0.5740269523546961, 0.7792405743855131, -0.251549568080955]], "T": [-0.02427212095214383, -0.09440817787821387, 0.025825160105342984], "aligned_model": [[-0.3293551302962136, -0.2404760929891821, 0.4178991241566233, 0.5387950053366308, 0.2637863410395782, -0.2621479626344026, -0.42851844360681385, -0.6469165624034856, -0.2653110538271875, 0.3307131137505028, -0.040268736080844865], [-0.6450068531690153, 0.011079058884230525, -0.31809273943491323, 0.3127314797524097, -0.7214953275690289, 0.5281965432539135, -0.3978465658784451, 0.21290862943131772, 0.16341848855111973, 0.42177583769502147, -0.10046519320226409], [-0.3001584302325605, -0.6112354039739651, -0.48210500183522553, -0.36298046876128337, 0.21223435646777233, -0.18555358206119765, 0.4260562343709696, 0.26192879203964925, 0.7789001947065404, 0.36946860644054547, -0.013724519915928539]], "inverted": false, "swapped": true, "error_lsq": 0.05263011261321966, "error_max": 0.2813433723241222, "target": "818.xyz", "model": "4.xyz", "model_rescale": 3.7855080009869324, "target_rescale": 3.8629131906327108},
{"mapping": [5, 8, 9, 10, 15, 7, 6, 14, 0, 1, 2, 13, 16], "R": [[-0.8406350970027148, 0.5347923697984391, 0.08561398771582643], [0.5356217842936961, 0.7974748937242064, 0.2777464636491394], [0.08026168374307507, 0.2793401422727048, -0.9568318279811721]], "T": [0.005426316737348575, 0.030306459287818784, 0.10681447323862234], "aligned_model": [[-0.3329946721781403, -0.16100346329709223, 0.5529469395661861, -0.04918814373143578, 0.42654192100664245, -0.6571617052799028, -0.5454745548703156, 0.6630582011431569, -0.1585631403228324, -0.07234177715574418, 0.5520632897739399, 0.04253318201651124, 0.05907085950784642], [0.2116546744477071, -0.6432363601501382, -0.13285836757211075, -0.46184940388613693, -0.6778940953150323, -0.16870433623102243, -0.04942858413817993, -0.0046350160996263615, 0.7039176916705755, 0.755474337241991, 0.477914105637004, -0.3061509839542524, 0.030357122037956964], [-0.6057073185257339, 0.22492913221402291, -0.3180530662391934, -0.42775464401889973, 0.12759256234655225, -0.18083338130253848, 0.44773619530797404, 0.2617234673076668, -0.25071769161008584, 0.3097617849849169, -0.10910472974672378, 0.7473510516723296, 0.10381236397759737]], "inverted": true, "swapped": false, "error_lsq": 0.04172209032430615, "error_max": 0.20898252802098027, "target": "818.xyz", "model": "5.xyz", "model_rescale": 4.2253639853439635, "target_rescale": 3.8629131906327108},
{"mapping": [3, 10, 6, 2, 5, 4, 1, 11, 0, 9, 12, 8, 13], "R": [[0.2045154000464514, 0.293538482741944, 0.9338140126884997], [0.9541517577293959, 0.15322109376714665, -0.2571336610533588], [-0.21855862912670432, 0.9435880751548087, -0.24874418598210302]], "T": [0.015581422241455124, 0.007756875545841532, 0.03847759721144589], "aligned_model": [[-0.08411443727619439, -0.2741537524855235, 0.43325911850912663, -0.07470012628634098, 0.32049125237695025, -0.6044232466850771, -0.636807372475286, 0.7839702408357149, -0.33403348391895954, -0.03442520839892168, 0.700240329789978, 0.11759696851949969, 0.006586653673853212], [0.07721846063626084, -0.6579977452036425, -0.0990292952147824, -0.550968424645064, -0.5417273225661899, -0.13497486491937094, 0.04133156177572464, -0.03850946865398869, 0.713397496757265, 0.4347657144306252, 0.6385862617408593, -0.1556306164268007, 0.008099025977838641], [-0.660267919046158, 0.3236736488422092, -0.4388692618940927, -0.32186514651907283, 0.1148868765079169, -0.2715759029777928, 0.37309287320892554, 0.15245933990249788, -0.11286103108087178, 0.47178951245455214, -0.029641638664419587, 0.7517533022394336, -0.021838926605242497]], "inverted": false, "swapped": false, "error_lsq": 0.041131378610495234, "error_max": 0.1882854817987219, "target": "818.xyz", "model": "6.xyz", "model_rescale": 3.89814844738969, "target_rescale": 3.8629131906327108},
{"mapping": [4, 0, 10, 2, 1, 7, 3, 5, 11, 8, 9, 6, 12], "R": [[0.3814111636417082, -0.9029934195086218, 0.19780902045560184], [0.3477874348220842, -0.05808919977391565, -0.9357721651393042], [0.8564866749864548, 0.4257094422182256, 0.2918938957513408]], "T": [-0.07339970203479954, -0.01887228502368249, -0.008019422877524877], "aligned_model": [[-0.27073584403324774, -0.26629006571108144, 0.47257978015138435, 0.2140996943259885, 0.3421676752234296, -0.727628693491004, -0.5375648562371356, 0.6524286712303057, -0.17436845029645928, -0.1700680520141029, 0.6356275259474468, 0.13589424453677376, 0.013345306546521926], [-0.08573368924958186, -0.5377955369930922, 0.0969189920782655, -0.47466894407037385, -0.7286934728137433, 0.025450819381338335, -0.07361314338974108, -0.178496474807177, 0.7207827344301241, 0.5400718668885605, 0.49579130406506783, -0.04532103709708524, -0.02013263473382699], [-0.6180061342658822, 0.20298378476310144, -0.4848867505808736, -0.4675206167987412, 0.18756751011357436, -0.04399953821996226, 0.6507188291767946, 0.21619006537870894, -0.3211585825083076, 0.3606585361464943, 0.16618637232088937, 0.6345320213431177, -0.15252977050102923]], "inverted": true, "swapped": false, "error_lsq": 0.05039966225738476, "error_max": 0.2801391301214347, "target": "818.xyz", "model": "7.xyz", "model_rescale": 3.7474275329858107, "target_rescale": 3.8629131906327108},
{"mapping": [4, 3, 9, 8, 5, 2, 1, 7, 13, 12, 11, 0, 14], "R": [[-0.5712834550385979, -0.023449764403465745, 0.8204177731793628], [0.33286725683465435, 0.907074119577007, 0.25771288466231157], [-0.7502230357210679, 0.42031732077445916, -0.5103907782576462]], "T": [0.0631948202881423, 0.024851454559793783, 0.13695439768908868], "aligned_model": [[-0.3273547413251672, -0.0886038878352915, 0.6373683192066633, -0.02411349569018202, 0.44248038309791493, -0.6922041493046334, -0.6045711360968727, 0.7226270587757828, -0.22336679143406554, 0.02689983480644538, 0.5432505385914801, -0.10573303205326168, 0.01280803544000711], [0.07906051947685117, -0.6669190040793735, -0.05356697413809825, -0.368893931665112, -0.5651899418998885, -0.2565960535115587, 0.09178939567726233, -0.1208278125852528, 0.7338853092600784, 0.6230893506520554, 0.4005357050534043, -0.2048586969082452, 0.04305291835661189], [-0.5388845350826152, 0.24896029820698445, -0.35753097445918364, -0.41309300449017194, -0.008011378719930795, -0.10542793002571199, 0.475199515291713, 0.2252963802980326, -0.33555514112319257, 0.28336721306856055, 0.014938796862032283, 0.7310165700606451, 0.11045991648072287]], "inverted": false, "swapped": false, "error_lsq": 0.041281630696922575, "error_max": 0.26198459148985354, "target": "818.xyz", "model": "8.xyz", "model_rescale": 4.019505241142653, "target_rescale": 3.8629131906327108},
{"mapping": [11, 4, 6, 5, 3, 8, 7, 2, 9, 1, 10, 0, 12], "R": [[0.02823105116361782, -0.6205358390818785, 0.7836697519779277], [0.7322406761104931, -0.5208438122035117, -0.43879985817974154], [0.6804605793133394, 0.5862226502825206, 0.43967761404953576]], "T": [0.08063053734565315, 0.02915037531362328, 0.0059156286109191755], "aligned_model": [[-0.15080371624088887, -0.357525996978001, 0.6344807888865195, 0.13286082305943026, 0.3153344968978333, -0.5742565368969225, -0.6610122910176249, 0.5727087799352377, -0.358286923721289, 0.22638052363141328, 0.5116728419357731, -0.043976246532341584, 0.07191039321968032], [0.08156937159461505, -0.6241617245880464, 0.08587246982834529, -0.5152706390266314, -0.7713700601998557, 0.017555970918882426, -0.048214093682797686, -0.19828016018788022, 0.5352906161961013, 0.541505007013899, 0.8061567825059529, -0.1811744719420369, 0.0050817152581870174], [-0.569358183663482, 0.2682071130222062, -0.4610900895862776, -0.38318908164191606, 0.21217248652746384, -0.15878234090550294, 0.5193011018665571, 0.24278377106174268, -0.1301489897158866, 0.42131299865980637, -0.21463670770292406, 0.6083130772356257, -0.02414942878952779]], "inverted": true, "swapped": false, "error_lsq": 0.059453215995714966, "error_max": 0.4394128943590482, "target": "818.xyz", "model": "9.xyz", "model_rescale": 3.877068213659057, "target_rescale": 3.8629131906327108},
{"mapping": [5, 6, 4, 3, 13, 12, 11, 2, 0, 8, 7, 9, 15], "R": [[0.7794259725111469, 0.5042621510370988, -0.37177256005048515], [0.48249194685770075, -0.10463373455757805, 0.8696282555264637], [0.3996206633703006, -0.8571881150739159, -0.3248566772955552]], "T": [0.032669700176567694, -0.09995559029928738, 0.07721135636661179], "aligned_model": [[-0.20339009274892453, -0.2714126968684008, 0.5506463359044617, 0.0421882848441771, 0.4301386706589655, -0.6644991258810212, -0.5486514981639301, 0.6378526942832503, -0.500594534368705, 0.08969429946394877, 0.605656086218236, 0.18287291425322003, -0.03101440141645826], [0.129574551545069, -0.633062382226406, -0.06234828318679311, -0.4104373436565433, -0.7580985779583075, -0.14836390749434478, 0.1998688888532902, -0.09547369286184407, 0.46333690882432577, 0.587361718899597, 0.4685528176238948, 0.033441258845719635, -0.03979117351892285], [-0.6317224419470341, 0.01691525920095842, -0.3568123469454656, -0.47620694845023726, 0.15786320856228753, -0.18699969282201756, 0.4190098676631905, 0.3494039613156376, -0.10194458749155051, 0.4231391629387591, -0.04432613146477958, 0.7059319453557754, 0.056484470452361]], "inverted": true, "swapped": false, "error_lsq": 0.04487358913143242, "error_max": 0.3202797015977357, "target": "818.xyz", "model": "10.xyz", "model_rescale": 4.260839863003843, "target_rescale": 3.8629131906327108},
{"mapping": [8, 9, 11, 6, 1, 5, 0, 2, 7, 4, 3, 12], "R": [[-0.5999719098060999, -0.5558805392941275, 0.5753525297395425], [0.3381317680972304, 0.47558330306628377, 0.8120883136999351], [-0.7250521462950523, 0.681775144661811, -0.09737575301020623]], "T": [0.061678989343849175, -0.00791642255100264, -0.06573095682155553], "aligned_model": [[0.3960184298592353, 0.14312261364429674, -0.3247262821131873, -0.5220161849738365, -0.5338613512752596, -0.3875901034736432, 0.4196948226814209, 0.5964352857849256, 0.2551748951503456, -0.11496007020047234, 0.0019958648104192317, 0.029610729199885916], [0.029871817099165338, -0.6032697020777495, -0.518797047431295, -0.23188195855755508, 0.11737371616542314, 0.3958923350323836, 0.5175257358804185, 0.11961825240369175, -0.3967071217164564, 0.11737312618584059, 0.6145350145058717, 0.011544338043195502], [-0.7879747471896856, -0.45234792698310045, 0.2146161151875918, -0.5587993990489986, 0.23980457431207433, -0.4380735571599157, -0.39237994356942096, 0.27108571081923116, 0.5252646203330528, 0.6713351685090179, 0.2681731883215803, -0.044525726135922025]], "inverted": true, "swapped": true, "error_lsq": 0.05042278742301836, "error_max": 0.35646995155235184, "target": "818.xyz", "model": "11.xyz", "model_rescale": 3.890672605050136, "target_rescale": 3.8629131906327108},
{"mapping": [5, 4, 8, 7, 3, 12, 10, 0, 9, 11, 6, 4, 13], "R": [[0.12301932561376794, -0.5549106262867494, -0.8227639043854448], [-0.8307026475710677, 0.39600859238347164, -0.39129312040576414], [0.5429542861456683, 0.7316087694885218, -0.41224901644944983]], "T": [0.1324921394286339, 0.14842859310726558, 0.07971595076643015], "aligned_model": [[-0.1687429426944436, -0.02056846229180967, 0.6076913571318077, -0.14512257414910598, 0.4857029131403403, -0.5399731153133499, -0.6640044032429612, 0.5992468026362995, -0.26346639459140964, -0.08617510815069043, 0.4894108204267398, -0.02056846229180967, 0.04605650556921245], [0.12454731027333935, -0.39071274904907055, -0.07203220835081134, -0.49166141555145154, -0.7022951400317088, -0.09951963243031847, 0.08980060569205298, -0.14807107438391548, 0.6981708855730933, 0.5241852233694826, 0.5866896661880348, -0.39071274904907055, 0.0061720614390782524], [-0.63698432931135, 0.5003774645800683, -0.4150302309802174, -0.410364677188638, 0.012081379650026008, -0.1238627941030547, 0.48183101022876795, 0.2868935830019914, -0.30345590001663003, 0.4169899544271305, -0.032509852497446035, 0.5003774645800683, 0.05439265399716855]], "inverted": false, "swapped": false, "error_lsq": 0.048087794640810796, "error_max": 0.34779787554812513, "target": "818.xyz", "model": "12.xyz", "model_rescale": 4.124412569039231, "target_rescale": 3.8629131906327108},
{"mapping": [7, 2, 9, 11, 8, 10, 4, 6, 5, 0, 3, 1, 12], "R": [[-0.8913791544476625, 0.36046490625838423, -0.2747876532384685], [-0.4251097162433315, -0.8751832356885755, 0.23094595282271058], [-0.15724163625352156, 0.32267530944559375, 0.9333572266300324]], "T": [0.07994416803839641, 0.11586648644492083, 0.012001125679836182], "aligned_model": [[-0.07368016588332796, -0.33145386212322614, 0.49410090886520985, -0.12291738662399068, 0.3221785867039587, -0.456721654597947, -0.5913292041946363, 0.685067026332936, -0.45752931912026373, 0.009998424806113612, 0.6263202940529595, 0.22886298879156092, -0.01340970083052706], [0.3052204152097178, -0.5772327958005025, -0.045696523769681044, -0.7956826975354133, -0.5583651592205257, -0.23846608655730017, 0.10438844178282931, -0.08058537691509197, 0.6281077204944728, 0.5674888277063685, 0.573541600335874, -0.18831801593904585, 0.04016043389703293], [-0.5655993661867192, 0.31656730794394866, -0.44736023507931627, -0.3322054055790011, 0.05237804105809773, -0.35000425386747613, 0.4213134391657051, 0.21899341185472004, -0.13792234750936788, 0.3696493428866852, 0.03956912909227765, 0.7523789158948305, -0.007022253306499259]], "inverted": false, "swapped": false, "error_lsq": 0.0464483874067301, "error_max": 0.3321863093549954, "target": "818.xyz", "model": "13.xyz", "model_rescale": 3.9028299243045295, "target_rescale": 3.8629131906327108},
{"mapping": [11, 10, 6, 9, 7, 14, 13, 3, 12, 8, 2, 4, 15], "R": [[-0.680677897034461, -0.4516655151787894, -0.5767806020377441], [0.5877153969763395, 0.13334640521607594, -0.7980033511037995], [0.43734221457079514, -0.8821660833506516, 0.17468482687424142]], "T": [0.10726889230346212, 0.09545228274398482, 0.07941369876584464], "aligned_model": [[-0.24648373976738505, -0.275170528690901, 0.543119401806226, 0.05143967356456294, 0.25124332239720915, -0.6137982397734614, -0.6642962198268152, 0.6818494210622585, -0.38220244845724605, 0.06470683762070867, 0.5693735231633761, 0.2286300413252468, 0.11107589175503976], [0.12097223538141894, -0.4917865542869369, -0.11956383190305284, -0.47850030752345857, -0.7987086572051936, -0.28860990159115857, 0.1366949352982268, -0.10537725582904692, 0.5654389802496729, 0.7533716044907406, 0.6630956578221847, -0.2176783608136506, -0.00478776040101167], [-0.5687101286454432, 0.332876200136444, -0.3768873707677584, -0.4385698713635163, 0.060035030453680846, -0.2605996574203964, 0.26819312865405176, 0.2143735359247422, -0.0747634710826694, 0.4817043861190255, -0.000524267329354039, 0.6681275048346353, 0.025480706854443105]], "inverted": false, "swapped": false, "error_lsq": 0.045484324416975815, "error_max": 0.24277210144612593, "target": "818.xyz", "model": "14.xyz", "model_rescale": 3.942246331269136, "target_rescale": 3.8629131906327108},
{"mapping": [5, 0, 9, 2, 7, 1, 12, 6, 3, 4, 10, 8, 14], "R": [[-0.4079700429098217, -0.8864116193959151, -0.2187118768793082], [-0.7949086175512627, 0.46269393979977114, -0.39247242936963905], [0.4490887816800802, 0.01373896184131923, -0.8933815014296099]], "T": [0.06431764949172517, 0.10703597806178351, 0.12562009338264904], "aligned_model": [[-0.15148216142930016, -0.19794468074720414, 0.6721307139941437, -0.01811244951681837, 0.4633189623725247, -0.683105113319567, -0.6919373572048306, 0.5563290037801081, -0.4494968907711149, 0.061950362360722364, 0.5757384562948461, 0.1818550445961386, 0.00024304576917111298], [0.033825904746939764, -0.5799212501646962, -0.0574035505559347, -0.48072798390013444, -0.6418691891126093, -0.016059235373990607, 0.165588757624894, -0.09613607269866471, 0.5190585171742758, 0.6875955620198154, 0.5772046517437913, -0.41071341395839317, 0.0341180861434415], [-0.4667060709565596, 0.1306915422186962, -0.37606230234249793, -0.3543660756219976, 0.021128414154433367, -0.16221357011304857, 0.4301298551548698, 0.2971873815803882, -0.16209500176953065, 0.20691549515126753, -0.036832030949747546, 0.6886133918353017, 0.11434469802630927]], "inverted": true, "swapped": false, "error_lsq": 0.048321737789598834, "error_max": 0.25175686106177886, "target": "818.xyz", "model": "15.xyz", "model_rescale": 4.355366556412066, "target_rescale": 3.8629131906327108},
{"mapping": [4, 7, 2, 5, 3, 1, 0, 6, 10, 11, 9, 12], "R": [[0.6386033883351769, 0.6589745111990047, 0.39741452665556176], [-0.7432454844415847, 0.6620068143019553, 0.09660811391892121], [-0.199428840100989, -0.35707082127752976, 0.9125396245249655]], "T": [-0.038224273129840225, 0.08769956217397257, -0.11001078250254032], "aligned_model": [[-0.19831625194006847, 0.42481956176037733, 0.14927487466056877, -0.6358039331067246, -0.5821642481804828, -0.43911369585132926, -0.3166116172756164, -0.17724042054491373, 0.7416228191779635, 0.2105420383222966, 0.491194593197802, -0.07039516558809239], [-0.6294375308820377, -0.4625974901985982, -0.33216275651739313, 0.45555338504775283, -0.3202081244777962, -0.15025300155551335, 0.2856832373843329, 0.6810425437352865, -0.060672772626493954, -0.06314713057476584, 0.5405565824225427, 0.06841948598366367], [0.114154891883637, 0.033649255984050414, -0.5619339622806976, -0.004533972407243056, -0.3106110509577896, 0.3863601726449289, -0.7379178698096782, 0.40243016390090064, -0.3580441022563988, 0.525806113345024, 0.048694781947099225, -0.08879596078441156]], "inverted": false, "swapped": true, "error_lsq": 0.04885465898677748, "error_max": 0.26828937413233694, "target": "818.xyz", "model": "16.xyz", "model_rescale": 3.795458400668931, "target_rescale": 3.8629131906327108},
{"mapping": [4, 0, 10, 2, 1, 7, 3, 5, 11, 8, 9, 6, 12], "R": [[0.3814111636417082, -0.9029934195086218, 0.19780902045560184], [0.3477874348220842, -0.05808919977391565, -0.9357721651393042], [0.8564866749864548, 0.4257094422182256, 0.2918938957513408]], "T": [-0.07339970203479954, -0.01887228502368249, -0.008019422877524877], "aligned_model": [[-0.27073584403324774, -0.26629006571108144, 0.47257978015138435, 0.2140996943259885, 0.3421676752234296, -0.727628693491004, -0.5375648562371356, 0.6524286712303057, -0.17436845029645928, -0.1700680520141029, 0.6356275259474468, 0.13589424453677376, 0.013345306546521926], [-0.08573368924958186, -0.5377955369930922, 0.0969189920782655, -0.47466894407037385, -0.7286934728137433, 0.025450819381338335, -0.07361314338974108, -0.178496474807177, 0.7207827344301241, 0.5400718668885605, 0.49579130406506783, -0.04532103709708524, -0.02013263473382699], [-0.6180061342658822, 0.20298378476310144, -0.4848867505808736, -0.4675206167987412, 0.18756751011357436, -0.04399953821996226, 0.6507188291767946, 0.21619006537870894, -0.3211585825083076, 0.3606585361464943, 0.16618637232088937, 0.6345320213431177, -0.15252977050102923]], "inverted": true, "swapped": false, "error_lsq": 0.05039966225738476, "error_max": 0.2801391301214347, "target": "818.xyz", "model": "17.xyz", "model_rescale": 3.7474275329858107, "target_rescale": 3.8629131906327108},
{"mapping": [3, 12, 8, 10, 5, 11, 7, 4, 1, 2, 0, 9, 13], "R": [[0.2580885253695554, -0.9555377958708919, 0.14261077706388908], [0.673753176438745, 0.07222038897157382, -0.7354188416511342], [0.6924210932021568, 0.2858876284119207, 0.6624358788665796]], "T": [0.0004601123520157832, -0.003273905337909489, 0.0459985434257839], "aligned_model": [[-0.09177440936770256, -0.2956196995820811, 0.5218718585973204, -0.046775113074663525, 0.3185290164166527, -0.6366331086234713, -0.6464303367943991, 0.8066220971089177, -0.3175350409090464, 0.001460280062183173, 0.5181673525254836, 0.14417533104554006, 0.04342870877408619], [0.1260554351854662, -0.6116803275631374, -0.071747011765818, -0.5299456453886403, -0.6518896081560074, -0.11034405704137625, 0.03198735833071502, -0.11120605615111968, 0.5668908404189347, 0.5771557948358933, 0.6460909871518673, -0.21105128963164949, 0.08424436346360668], [-0.6138165033806358, 0.3644562229903806, -0.4442010850851264, -0.39765118572355607, 0.08273788195003316, -0.27708793448273206, 0.4303274027688452, 0.21236959611901252, -0.18271451262520644, 0.454573000080117, -0.051196315772535264, 0.665594105343394, 0.08734505418589444]], "inverted": false, "swapped": false, "error_lsq": 0.03703604444840743, "error_max": 0.23262195893034665, "target": "818.xyz", "model": "18.xyz", "model_rescale": 3.922800546911778, "target_rescale": 3.8629131906327108},
{"mapping": [2, 11, 3, 9, 7, 10, 4, 12, 1, 8, 5, 13, 14], "R": [[-0.5337192687176618, 0.7877344863941553, 0.3076005870358844], [-0.7972646444098983, -0.3474210131294916, -0.4936271127177238], [-0.2819801925196927, -0.5086973742623547, 0.8134581442490715]], "T": [0.01800511641018744, 0.11153210437341095, 0.039699034595842404], "aligned_model": [[-0.23027713612207734, -0.2515755141818838, 0.49929856245246235, -0.11736437323848865, 0.3795480951649217, -0.7061023631297411, -0.5498697832238192, 0.7504152214179433, -0.2018028978080877, 0.026181250924736936, 0.581535645933547, 0.08200142845743132, 0.05749879953187431], [-0.009720747844692998, -0.5154191311989142, -0.11137110347473807, -0.49149884733112287, -0.6005590902573725, -0.18584951595739657, -0.030547671696158088, -0.0078039442901557815, 0.7107487885670889, 0.5230054564227636, 0.6254830475492617, -0.1964104449872392, 0.024503988187411077], [-0.6211962912268371, 0.24341954066413402, -0.3178202268613019, -0.49018015774290674, 0.06028602323218508, -0.1548084902638957, 0.4653732934955944, 0.30036815462813177, -0.3352767328948027, 0.49248318339004266, 0.011037379209411537, 0.6503459089494256, 0.026704141788703853]], "inverted": false, "swapped": false, "error_lsq": 0.03589851612519351, "error_max": 0.18912429944005035, "target": "818.xyz", "model": "19.xyz", "model_rescale": 3.9282355846067225, "target_rescale": 3.8629131906327108},
{"mapping": [7, 1, 6, 5, 3, 2, 10, 4, 12, 9, 8, 0, 13], "R": [[0.6352873897472294, -0.6970322082903333, 0.33249967373525857], [-0.24859296458925914, -0.592201915432037, -0.7664844612354185], [0.7311713003016975, 0.40428083304125106, -0.5494957121312203]], "T": [0.09341850083990805, 0.04787596068862955, -0.011618168929814501], "aligned_model": [[-0.20726482226543153, -0.21119498192084074, 0.48458605970969854, 0.03667558761624562, 0.42041400858850436, -0.6238654392311545, -0.6460181967342056, 0.5963329931615167, -0.4127463409392436, 0.08560565911084109, 0.6945069050469141, 0.09828784433072515, 0.004167659705249807], [0.22856111300301657, -0.5990142911829025, -0.1312602900029904, -0.5179561687799514, -0.6159479962280563, -0.31597323188199106, 0.14890412617313814, -0.025590956037684742, 0.7249392776837557, 0.7147108597752667, 0.5135472507723863, -0.34008786095621435, -0.05027104864903806], [-0.526438711759138, 0.21253451220642644, -0.5032910262577966, -0.4169629546475228, 0.1253736603056128, -0.19003824835395783, 0.4188014275699137, 0.3639447026369042, -0.10204362438240884, 0.1719438154297354, 0.009935462963448091, 0.6881370388289664, 0.07883967182770162]], "inverted": true, "swapped": false, "error_lsq": 0.0419906022565653, "error_max": 0.2828411393496844, "target": "818.xyz", "model": "20.xyz", "model_rescale": 4.067790424073018, "target_rescale": 3.8629131906327108},
{"mapping": [13, 8, 6, 5, 4, 1, 7, 2, 10, 12, 3, 0, 14], "R": [[0.35881798652802305, 0.9231008311641714, 0.13832753900793288], [-0.7890830649742829, 0.37914928561572797, -0.48331535852678514], [-0.49859559676632437, 0.06427032535392123, 0.8644488163935062]], "T": [0.044369434954699284, 0.013470139525082012, -0.001038097973332628], "aligned_model": [[-0.20655359746318805, -0.1865104020698231, 0.6741148338697425, -0.12084507201187411, 0.38948996448761064, -0.7564507449588983, -0.4834478493975944, 0.6666380193573294, -0.48909719868899076, -0.021216455467876018, 0.6952649864613155, 0.1608003755338205, -0.002699923472754301], [0.1412122314941815, -0.47323964658907924, -0.0833510469324098, -0.43339015366559763, -0.7078638750397342, -0.1342136301023058, -0.1314224628829354, -0.21752223478457905, 0.5234043575700477, 0.7293992449637937, 0.5008985567343506, -0.05141949785417742, 0.07206894077717976], [-0.6420085300673315, 0.18598056869203228, -0.37734022804127176, -0.3495867544263705, -0.05618838594181938, -0.1019422352057398, 0.5059914922037971, 0.33533411166245775, -0.3569415478152902, 0.26383521865348697, 0.24894897324553017, 0.6965944704734165, -0.0219414270650132]], "inverted": true, "swapped": false, "error_lsq": 0.04665524528781624, "error_max": 0.29273443978417335, "target": "818.xyz", "model": "21.xyz", "model_rescale": 4.186013935880536, "target_rescale": 3.8629131906327108},
{"mapping": [3, 7, 11, 4, 10, 6, 0, 9, 5, 2, 8, 1, 12], "R": [[-0.024139707075164774, 0.9108469035780504, 0.4120378535821715], [0.8635836951085969, 0.2266336979793948, -0.4504002314417327], [-0.5036273186443595, 0.3449566424675169, -0.7920634057527407]], "T": [0.05512826613425676, -0.012358860683690971, 0.04674318785447872], "aligned_model": [[-0.4247966962373513, -0.1442618106259252, 0.41992096421525377, 0.014161025315188543, 0.4645480201501977, -0.43589788703297777, -0.5474729785442423, 0.5932665197614948, -0.28003875364229486, 0.06454278375569741, 0.6525356568913208, -0.0992881925476023, 0.04226828472006014], [0.13942812355690826, -0.6696633510600948, 0.09522861638238825, -0.5499891544765921, -0.7390750473441726, -0.2055627629076502, 0.16697420437732485, -0.13930019067406396, 0.6453200992802318, 0.6605660826023128, 0.46540816019746856, -0.11726802823930854, -0.017505968006017565], [-0.7271892359683915, 0.3046543045234546, -0.4575555340526879, -0.43997182233556764, 0.023110970331789264, -0.130509225636613, 0.40241133753071356, 0.32913277505916605, -0.18490359194125564, 0.3578421920741574, 0.09685520169142564, 0.7540428837283615, 0.002815471363332052]], "inverted": false, "swapped": false, "error_lsq": 0.041628316477295035, "error_max": 0.2634054360903826, "target": "818.xyz", "model": "22.xyz", "model_rescale": 4.166573947596378, "target_rescale": 3.8629131906327108},
{"mapping": [10, 3, 7, 8, 4, 9, 11, 1, 14, 12, 5, 2, 15], "R": [[-0.7400138127931909, 0.4304284209775592, -0.516827757855603], [0.2802618729219152, 0.8958583586475578, 0.3448058639692839], [0.6114187104281196, 0.11031398667471476, -0.7835802351274223]], "T": [0.01618191434777995, 0.007300439937919546, 0.04956841592928492], "aligned_model": [[0.002573649567864114, -0.24795535547890762, 0.44770536661168303, -0.04099916168528672, 0.28577113772378937, -0.5308043414767785, -0.6097635513947318, 0.6667346061740167, -0.37960747760474545, -0.27611924307355823, 0.7161688695421655, 0.20306932059554433, 0.08271311667776456], [0.3151520549268268, -0.46182511374635826, 0.040945042186766874, -0.6433376609418797, -0.6679416784417538, -0.12264149188501378, -0.009393272422753566, -0.05950336212627943, 0.6295979260586679, 0.4868350012925398, 0.41371422383225254, -0.2029154277331192, 0.015874542688838443], [-0.633061374940173, 0.317111626616807, -0.519681264383296, -0.4273797221826224, 0.15550823644190098, -0.16107416422783605, 0.5291587841711973, 0.33314822489767104, -0.23691781272035412, 0.3871894950487544, -0.13992585844260502, 0.6608716349248888, 0.06578792116355206]], "inverted": false, "swapped": false, "error_lsq": 0.04559829236408563, "error_max": 0.26777093114244754, "target": "818.xyz", "model": "23.xyz", "model_rescale": 4.274766983524099, "target_rescale": 3.8629131906327108},
{"mapping": [8, 2, 10, 9, 7, 11, 6, 1, 5, 3, 12], "R": [[-0.633091370891173, -0.15486417391528434, -0.7584275863526274], [0.7594801247624235, -0.3136465186831896, -0.5699261368008749], [-0.1496170317643989, -0.9368259971603331, 0.3161831666147941]], "T": [0.018107375193156527, 0.12825485391571614, 0.028763743233262393], "aligned_model": [[0.35098149337574513, -0.026375637512361216, -0.5289204593813694, -0.35707957078385355, -0.5914639547589242, -0.5519079372358583, 0.04366473170119689, 0.018373711089357314, 0.5553809219336888, 0.43966165731509105, 0.027579748215362736], [-0.16670746290824925, 0.7381447619944754, 0.4301867647361529, -0.30770403931515944, 0.5270595692496054, -0.08984652884748398, -0.6564840672790493, 0.026563948141942628, -0.2660136283043385, 0.5497223105601697, 0.13066490321541788], [-0.6323254779489669, -0.17551650325215643, -0.5201388294080238, -0.3951771394151235, 0.11392381759710164, 0.36996289022105716, 0.16108439034266103, 0.7020963250214264, 0.27255205794413195, 0.41237424257644445, 0.07073066034302539]], "inverted": false, "swapped": true, "error_lsq": 0.045292897008302746, "error_max": 0.27130760896651424, "target": "818.xyz", "model": "24.xyz", "model_rescale": 3.7841303162186577, "target_rescale": 3.8629131906327108},
{"mapping": [13, 4, 9, 5, 2, 3, 6, 8, 11, 7, 10, 1, 15], "R": [[-0.7593740475117556, 0.3944127001872729, -0.5174839880581795], [0.5579842981926504, 0.8038408697460098, -0.20613922260558243], [0.33467085163794763, -0.44528471572350514, -0.8304919885266612]], "T": [0.1402113761690584, 0.06059237488275103, 0.03399774440262907], "aligned_model": [[-0.2217693736987469, -0.2402896198478632, 0.6050235139918038, -0.14236397341498433, 0.4115871281155117, -0.5791217184253232, -0.5229815288167915, 0.5287509609777515, -0.3652679336584215, 0.025991373701900328, 0.541625669474681, 0.20584370766533422, 0.07245873011396745], [0.22720855446100624, -0.5264314963870791, -0.0579976065773017, -0.6826815821473288, -0.6372238627357969, -0.1916280831884991, 0.07916910349712665, -0.22578130789231, 0.6069661364206645, 0.6021145313354851, 0.7168493416785218, -0.23474600324192674, 0.05874305846617296], [-0.6392102343817347, 0.2934708826036142, -0.3007063060002262, -0.3361829439807416, -0.056560124933022086, -0.22666799401488943, 0.32010354331877494, 0.37529657019814805, -0.15413505231801625, 0.3753379049572321, -0.08196976802719214, 0.713338625898989, 0.04862062304694942]], "inverted": false, "swapped": false, "error_lsq": 0.044878795665745964, "error_max": 0.28557858455555407, "target": "818.xyz", "model": "25.xyz", "model_rescale": 4.19342608120988, "target_rescale": 3.8629131906327108},
{"mapping": [4, 7, 2, 5, 3, 1, 0, 6, 10, 11, 9, 12], "R": [[0.6386033883351769, 0.6589745111990047, 0.39741452665556176], [-0.7432454844415847, 0.6620068143019553, 0.09660811391892121], [-0.199428840100989, -0.35707082127752976, 0.9125396245249655]], "T": [-0.038224273129840225, 0.08769956217397257, -0.11001078250254032], "aligned_model": [[-0.19831625194006847, 0.42481956176037733, 0.14927487466056877, -0.6358039331067246, -0.5821642481804828, -0.43911369585132926, -0.3166116172756164, -0.17724042054491373, 0.7416228191779635, 0.2105420383222966, 0.491194593197802, -0.07039516558809239], [-0.6294375308820377, -0.4625974901985982, -0.33216275651739313, 0.45555338504775283, -0.3202081244777962, -0.15025300155551335, 0.2856832373843329, 0.6810425437352865, -0.060672772626493954, -0.06314713057476584, 0.5405565824225427, 0.06841948598366367], [0.114154891883637, 0.033649255984050414, -0.5619339622806976, -0.004533972407243056, -0.3106110509577896, 0.3863601726449289, -0.7379178698096782, 0.40243016390090064, -0.3580441022563988, 0.525806113345024, 0.048694781947099225, -0.08879596078441156]], "inverted": false, "swapped": true, "error_lsq": 0.04885465898677748, "error_max": 0.26828937413233694, "target": "818.xyz", "model": "26.xyz", "model_rescale": 3.795458400668931, "target_rescale": 3.8629131906327108},
{"mapping": [4, 5, 9, 11, 8, 10, 7, 1, 3, 0, 2, 6, 12], "R": [[-0.9180716355136347, 0.15231232225713695, -0.36598555784888304], [-0.29664945909137347, 0.34843693321387226, 0.8891517317046103], [0.262951650472317, 0.9248744023169577, -0.2747066971384841]], "T": [0.12604589671119554, -0.06269736517996079, -0.048375464244310516], "aligned_model": [[-0.3128910774657914, -0.3157142691295315, 0.3526376511276743, 0.06075655207173196, 0.31865326568398283, -0.5462096956446285, -0.5704402219768459, 0.6246688230412552, -0.22533771549858678, 0.10994966626282848, 0.6291196503713243, 0.19408979456000727, 0.00020451277539915158], [0.020518190873980033, -0.4801313052112804, 0.16628253194435483, -0.538855135179548, -0.7313084970274256, -0.22780677496181723, 0.14978349767272758, -0.08365157377467818, 0.5810457729217914, 0.6014022247950433, 0.6593884296304479, -0.3473561740230722, -0.03475040397178906], [-0.7549677700102094, 0.39598624592718545, -0.33227451964747357, -0.5780788447120059, 0.16752559155024768, -0.2171881706885796, 0.3121339919779368, 0.26988428663764774, -0.13323351079954743, 0.4516103736084215, -0.029833155581940655, 0.7233280735144765, 0.05584313459172598]], "inverted": true, "swapped": false, "error_lsq": 0.048622787146484894, "error_max": 0.23700017355965197, "target": "818.xyz", "model": "27.xyz", "model_rescale": 3.6321398670334006, "target_rescale": 3.8629131906327108},
{"mapping": [10, 1, 8, 0, 3, 11, 13, 7, 9, 6, 12, 4, 14], "R": [[-0.38227673648648436, -0.35753837323776283, -0.8520744148275652], [-0.7619879596642198, -0.3996548022871055, 0.5095590135947105], [-0.5227225325811033, 0.8440630016007984, -0.11966120198564145]], "T": [0.009811407100700787, -0.08473599482551922, -0.028217999338894774], "aligned_model": [[-0.13956839165775992, -0.15524923563847576, 0.41710875300347655, -0.10604515228862788, 0.3950989794745338, -0.589711599127435, -0.6555619312185476, 0.7511943392100524, -0.2741822101547991, -0.05279952407810269, 0.535786298753896, 0.22902547067784187, -0.035608860777233416], [0.08768958502367874, -0.5063418100963829, 0.02000179565440563, -0.5075574332715811, -0.6531620993225297, -0.07414930335799538, 0.20354941193696544, -0.10490513374078511, 0.501372340737494, 0.45826505319365685, 0.5484760993604251, -0.1439013127105922, -0.0947764097180248], [-0.7716066783844909, 0.463992033974756, -0.3284986731434225, -0.4723024316901275, -0.025909263129354453, -0.25840471352036826, 0.34681156858307305, 0.19724139349319383, -0.17787362256074432, 0.524174225703933, 0.04861030265334169, 0.7685955998476318, 0.01590598454046284]], "inverted": true, "swapped": false, "error_lsq": 0.042001454845833286, "error_max": 0.21559155279327777, "target": "818.xyz", "model": "28.xyz", "model_rescale": 4.156811204709835, "target_rescale": 3.8629131906327108},
