[{"mapping": [7, 3, 1, 0, 11, 2, 5, 10, 12, 9, 8, 13, 4, 14], "R": [[0.6429722645183404, -0.6755911644288167, 0.36078143744637536], [0.6164029307639934, 0.7360507210711482, 0.2797798473017714], [-0.45457023000381025, 0.04249605342097665, 0.8896965726796551]], "T": [-0.024972189478728986, 0.04678381817347961, 0.12128036852725824], "aligned_model": [[0.4263903276585117, 0.1501876287497707, -0.524800989109998, -0.35302403386128894, -0.5389737116000038, -0.11344871303300297, -0.7646757876064638, -0.15133448684572634, -0.36989673921992017, 0.046739550019738486, 0.6351554544559145, 0.26958522124186873, 0.6513312723922555, 0.008257107886648123], [-0.47778711650982014, -0.5071985478108969, -0.3938666857701537, -0.24427179166344076, 0.22366698383677908, -0.01964707858506924, 0.2592269405623954, 0.6074544250031891, 0.6729631589622846, 0.032820694554092714, 0.22637266249596572, 0.7671802245333158, -0.10922228813078523, 0.19758175033217823], [0.16451710142101475, -0.37184590117938043, 0.34681299188568543, -0.22528146052785522, 0.6492222183249842, -0.6309705085876861, -0.06528139937296296, 0.6095460785057136, 0.010263453323868188, 0.6854262186490699, 0.6061362330902776, 0.18198727273529383, -0.09437749933501072, 0.03143328824682154]], "inverted": false, "swapped": true, "error_lsq": 0.06150610938839508, "error_max": 0.3820406719424194, "target": "819.xyz", "model": "0.xyz", "model_rescale": 3.8414455957264533, "target_rescale": 4.091934379001708},
{"mapping": [4, 2, 0, 7, 9, 3, 11, 9, 8, 6, 10, 5, 1, 12, 14], "R": [[0.1901254745768077, -0.9813133351089982, -0.0296047674234885], [0.24172249487457506, 0.017563666105531978, 0.9701864527525339], [-0.9515369353779993, -0.19161329799935234, 0.24054480796985972]], "T": [0.07132044021516926, 0.0426437123516356, -0.015205849766866932], "aligned_model": [[-0.24811108664080606, -0.6341820251939035, 0.32767371040783555, -0.03692293743074776, 0.11134562255140237, -0.26832193196758786, 0.8160777514266819, 0.11134562255140237, 0.4710840476286416, -0.4247957126436597, 0.024071908049864282, -0.45120212126684445, 0.26439114949346904, 0.6335592126763265, 0.08711605226505062], [0.1518793905580049, -0.1651989599223569, 0.005025556271296298, -0.4305030021115273, -0.6326435610950165, 0.7129447262819758, 0.43813695026211635, -0.6326435610950165, -0.2097523904747814, -0.16079702494897546, 0.4453888905309538, 0.35855928974640955, 0.7966650038734534, 0.34832885730831964, 0.1310101975097127], [-0.44164259901046315, -0.07580636545903216, -0.6922473881541418, -0.4363596933010786, 0.07364662962104507, -0.23592397721018202, -0.13844159252868038, 0.07364662962104507, 0.6178720782691491, 0.5526918549853018, 0.5361064012052327, 0.23276653918822499, -0.39292728723009335, 0.40040658840270343, -0.017627008201468272]], "inverted": true, "swapped": false, "error_lsq": 0.050462090390028795, "error_max": 0.36466310032896726, "target": "819.xyz", "model": "1.xyz", "model_rescale": 4.316132596720782, "target_rescale": 4.091934379001708},
{"mapping": [13, 9, 10, 2, 6, 4, 5, 3, 11, 7, 1, 14], "R": [[-0.8126402842288237, -0.07590996810106787, 0.5778005237029398], [-0.5627464871154935, -0.15542281060309426, -0.8118867785494517], [0.15143368082321831, -0.9849271174493723, 0.08358476909821605]], "T": [0.009462627726982434, 0.02655188422191421, 0.011725093102751348], "aligned_model": [[-0.29914941852940574, 0.4927224441566878, 0.25092034614458647, -0.6032041216279123, -0.7020135318862197, -0.2964324215808891, -0.0443343640080376, -0.25173839678993853, 0.5393477355143048, 0.13619482144245743, 0.5134363664077398, -0.13794090461159247], [-0.6600413778669744, -0.2701727534900279, -0.5209755113245937, 0.4768363759483395, -0.2988393031575625, -0.13580734445385306, 0.375214191398007, 0.5449485528842617, -0.062436282644346475, 0.11909136317081265, 0.4979782229789797, -0.05301970570206191], [-0.19508079676670143, 0.05658623231936088, -0.4472240156686332, 0.00930184524515143, -0.42260498545973246, 0.6507088905393849, -0.6972454745588629, 0.5054759010305606, -0.522606914649828, 0.6871120920701821, -0.12478255361271859, -0.05038175927874233]], "inverted": false, "swapped": true, "error_lsq": 0.050538978269828026, "error_max": 0.3347941900105086, "target": "819.xyz", "model": "2.xyz", "model_rescale": 3.795458400668931, "target_rescale": 4.091934379001708},
{"mapping": [4, 7, 8, 11, 6, 12, 9, 2, 1, 5, 13, 14], "R": [[0.29828509608449877, -0.3342203884812416, 0.8940485072843133], [-0.5897896770769833, -0.8010045226843341, -0.10266397348958098], [0.7504492909366286, -0.496677447205618, -0.43604744600791023]], "T": [0.08147141424701149, -0.1251944921725197, 0.049283283321166514], "aligned_model": [[-0.25052332720957704, -0.1818979863105457, -0.7539197220283618, 0.08779272975902924, 0.21573900190278789, 0.2907209576291425, -0.3332140035886238, 0.6451266371058457, 0.38864431944574507, 0.7094692224284247, -0.3111700442926268, 0.08653604090232545], [-0.3320564706532938, -0.7027884191717371, -0.1005102327502966, 0.03732548779490938, 0.6926300804698677, 0.5485440212049881, -0.22837631328386565, -0.07200719513974539, -0.5276105656677428, 0.20240393322276162, 0.5366750836647625, 0.031539635599101584], [-0.5632689244276817, -0.22963250469714883, -0.018674096427168864, 0.7893880819054521, -0.28814159862096894, 0.20956213873378002, 0.4247664369238261, -0.45824646217450704, 0.5377223991483124, 0.4033974050014494, -0.0817958086117343, -0.0363056361145099]], "inverted": true, "swapped": true, "error_lsq": 0.05151465709785564, "error_max": 0.3411976355626819, "target": "819.xyz", "model": "3.xyz", "model_rescale": 3.7530521520055578, "target_rescale": 4.091934379001708},
{"mapping": [6, 2, 5, 1, 12, 7, 13, 4, 8, 9, 14], "R": [[-0.8421099893322115, 0.5143806049144776, 0.16205973946270136], [-0.500413470659235, -0.8573131668822251, 0.12083249675956012], [0.201089841239386, 0.020657375878515877, 0.9793549655626055]], "T": [0.014513739052052214, 0.06863179821066186, -0.03835432658860432], "aligned_model": [[-0.3270396216368593, -0.3185537463091317, 0.5062327308646511, 0.5953193896262209, 0.18047454258830525, -0.286709739037903, -0.2653263465918006, -0.6506751454500017, -0.2846947516998885, 0.2659122181851036, -0.07673992809349112], [-0.7579547012860347, -0.12241856790844453, -0.40214678645471974, 0.3845837804632185, -0.6354616944778883, 0.6925071777606278, -0.4770178716538462, 0.34913044084708855, 0.24945552141155447, 0.2712884949488965, -0.08476243533610613], [-0.06692753638690682, -0.6946228304690898, -0.4429266240668013, -0.27857464408349103, -0.027979715782301802, -0.009786346242089718, 0.4447360821018469, 0.04576970759801167, 0.7238024347687003, 0.42996944023249545, -0.03062919042505741]], "inverted": false, "swapped": true, "error_lsq": 0.049573111975060265, "error_max": 0.2539827695468318, "target": "819.xyz", "model": "4.xyz", "model_rescale": 3.7855080009869324, "target_rescale": 4.091934379001708},
{"mapping": [0, 5, 1, 2, 14, 4, 11, 9, 15, 10, 8, 7, 6, 13, 16], "R": [[-0.2967277713368422, 0.4318439093171244, -0.8517414324213506], [0.768252002526576, -0.4218235826343453, -0.4815119165165403], [-0.5672226109133667, -0.7972300189526416, -0.2065981765393743]], "T": [0.0906690377334527, 0.051698907608767455, 0.001170116990168106], "aligned_model": [[-0.33657806898447284, -0.706165298596746, 0.20695763179077437, 0.09365158913116728, 0.5016618236647397, -0.22731548934318507, 0.6611408092324328, -0.06528403043832326, 0.3174057376092726, -0.39384089577939024, 0.1649799704346725, -0.431413986676646, 0.18112031477707446, 0.707021689440303, 0.10978746564545191], [0.017219335513188008, 0.061664342413055864, 0.1622524261477965, -0.560777995362986, -0.483758717122799, 0.5751888105182578, 0.5256118482034781, -0.610300152698126, -0.28269021689584084, -0.08586099354383382, 0.2908680490424273, 0.5516983392587045, 0.6970657138601462, 0.296695869344095, 0.0015237040170054533], [-0.6505544814636424, -0.14045959448901485, -0.7386669065631155, -0.41192652459867474, 0.04663945349442763, -0.4133717336799509, -0.2858920904841522, 0.21176428578323273, 0.7195658916355372, 0.5277550313169571, 0.6588827297858945, 0.1981456379272958, 0.038550859853785445, 0.2926380163372335, 0.0030902353417494436]], "inverted": true, "swapped": false, "error_lsq": 0.03829266585335397, "error_max": 0.28247663979044313, "target": "819.xyz", "model": "5.xyz", "model_rescale": 4.2253639853439635, "target_rescale": 4.091934379001708},
{"mapping": [2, 5, 10, 13, 12, 9, 8, 4, 1, 0, 11, 7, 4, 14], "R": [[-0.5949322926536674, 0.5499022494960482, 0.5862278423591267], [0.8027561072875291, 0.4432323694121651, 0.39890813343156006], [-0.040474675667932336, 0.7079213110964129, -0.7051306389067998]], "T": [0.060013486915299195, 0.0315621119781488, 0.022792125691370103], "aligned_model": [[0.6387988776355716, -0.23210826436560852, -0.5199455747548822, 0.024764143870990983, -0.16312090519215974, -0.3582479529547239, -0.013469205291934884, 0.6342939260679691, -0.3060189942966206, 0.22341963312815694, -0.685058548911575, 0.3756299073903028, 0.6342939260679691, 0.12083118436432788], [0.1320722124713148, 0.10182638858091637, -0.45010195862444263, -0.7470903601171828, -0.4270870501629751, 0.01374051317922638, -0.3782763129617019, -0.06492244892409345, 0.6208015518556098, 0.4243857600589933, 0.04728654307896303, 0.3576588428759043, -0.06492244892409345, -0.12027208575144867], [-0.4599373353654761, -0.7098923906167001, 0.04201640660405479, 0.06613021794156365, -0.49028706549866663, 0.40793864475505487, 0.7506235815118384, 0.45767751338324675, -0.09418550018763744, -0.3397330387685411, -0.1144238336619613, 0.5470243258533262, 0.45767751338324675, -0.04907083040189999]], "inverted": true, "swapped": true, "error_lsq": 0.056148778707382906, "error_max": 0.3866389507925304, "target": "819.xyz", "model": "6.xyz", "model_rescale": 3.89814844738969, "target_rescale": 4.091934379001708},
{"mapping": [4, 8, 13, 3, 6, 9, 7, 2, 0, 11, 10, 5, 14], "R": [[-0.8778420473050044, -0.46371092858254687, 0.11985622510521082], [0.18517150979583813, -0.5593803859737538, -0.807963548526655], [0.44170674880885485, -0.6870704174252933, 0.5769136759999238]], "T": [-0.16477884767284626, 0.060150558308877305, -0.0019352620749949825], "aligned_model": [[-0.05179847793437936, -0.11070886620779019, 0.4784942722337523, -0.3589847436163546, 0.7145959374291112, -0.43588088491258536, -0.5372499488289707, 0.12600584900577907, -0.31163728422211767, -0.3780540885097867, 0.04761204547295628, -0.047565040817408866, 0.01380303181201703], [-0.33880729965746237, 0.41942456359316826, 0.42704951782183564, -0.6736403725134137, 0.08112535039414115, 0.5045325625217774, -0.27153369414021267, -0.5784074089412916, -0.3113856509877322, 0.694884113715295, 0.7833984587167283, 0.16913832945170307, 0.058002795495948896], [-0.5988445159272578, -0.7576498212336066, -0.24892762114517414, -0.06965439852850061, 0.16232189329467603, -0.23133971353345542, -0.4836229595960499, 0.290999071903544, 0.38899942143898586, 0.35279675098976276, 0.020976441567224467, 0.7736170416410735, 0.002603439965073619]], "inverted": true, "swapped": true, "error_lsq": 0.048261800776329654, "error_max": 0.3070188574294044, "target": "819.xyz", "model": "7.xyz", "model_rescale": 3.7474275329858107, "target_rescale": 4.091934379001708},
{"mapping": [7, 6, 9, 11, 12, 5, 4, 12, 1, 0, 3, 3, 8, 2, 14], "R": [[0.9876833682528922, 0.15621977037974621, 0.008771967802107993], [0.1563591825081832, -0.9833878127250545, -0.09219661506370976], [-0.005776687804833005, 0.09243264102216588, -0.9957021827593192]], "T": [0.10116996260216016, -0.042039753817933415, -0.01375722485713421], "aligned_model": [[-0.39750461431615397, -0.6905380191735283, 0.07830233380722686, 0.09253966034166777, 0.30479551933601134, -0.2918841007616315, 0.8052168025641987, 0.30479551933601134, 0.27730081552657115, -0.31654328991638225, -0.21687715101538318, -0.21687715101538318, 0.33791044829599803, 0.5564546667704072, 0.15603782212749487], [-0.0525111628315636, 0.13861775642651952, 0.18333834318947234, -0.37564301582841675, -0.6244015082849657, 0.4838707062233148, 0.29338390183651225, -0.6244015082849657, -0.16866558908678114, -0.10694132718728687, 0.52283241122328, 0.52283241122328, 0.5764286258881735, 0.42545861119742123, -0.0377982930094257], [-0.47753696552357044, 0.07284204755716431, -0.7410963651699707, -0.5382706537116528, -0.007922982981391193, -0.30002310706160257, -0.07727780587148883, -0.007922982981391193, 0.7057882153622022, 0.4917293348766774, 0.2926738565719757, 0.2926738565719757, -0.177039561910696, 0.517985770120936, 0.009558154348395038]], "inverted": false, "swapped": false, "error_lsq": 0.05867257567120609, "error_max": 0.36873873805327806, "target": "819.xyz", "model": "8.xyz", "model_rescale": 4.019505241142653, "target_rescale": 4.091934379001708},
{"mapping": [7, 1, 9, 8, 4, 13, 10, 3, 2, 0, 11, 12, 14], "R": [[-0.9287414617589517, -0.2847094442151754, -0.23744437155791234], [0.350336607331452, -0.8835071642396343, -0.3109330350746411], [-0.12125823177555448, -0.3719618570659172, 0.9202938759519919]], "T": [-0.010895160765698582, -0.07569988346482798, 0.054423005195178495], "aligned_model": [[-0.24319404939455366, -0.6747690354795853, -0.09973650074189055, 0.3688540699226521, 0.23132522606107164, 0.732743263968588, 0.30576084951789634, -0.29697610061664154, 0.038911571226151596, -0.3498428769601189, -0.21788727592204343, 0.37329701559183054, 0.15121461456781934], [-0.6491680986918296, 0.15620387092723284, 0.13319338124366847, -0.22119298233381596, -0.7392870084676597, 0.11949359068686399, 0.537480761558579, -0.7223394202452671, -0.40365950476431456, -0.15860991726136112, 0.6313883256583721, 0.443084958162921, -0.06320972835933093], [-0.2585364728981663, 0.07336467715899547, -0.46717924066216887, -0.6788764893267033, -0.11649804514608718, -0.08093496328992474, -0.24965072076512118, 0.3386165078384539, 0.7385898836904673, 0.4910886140548769, -0.1227445555713186, 0.38100672651190154, 0.1284575724486739]], "inverted": true, "swapped": true, "error_lsq": 0.05404648407205787, "error_max": 0.3521882029449199, "target": "819.xyz", "model": "9.xyz", "model_rescale": 3.877068213659057, "target_rescale": 4.091934379001708},
{"mapping": [6, 3, 10, 14, 2, 12, 11, 13, 7, 4, 1, 5, 0, 8, 15], "R": [[-0.6384484690189991, 0.7337816015810154, -0.2322673321595097], [0.48602080151175653, 0.15036759940072225, -0.8609142614385787], [-0.5967975644263017, -0.6625361471132454, -0.45263508576243877]], "T": [0.054189304098018344, 0.009106516655738833, -0.03719895520633741], "aligned_model": [[-0.3199480468979678, -0.5751462051696905, 0.32183290093369676, 0.3152083482425457, 0.30190046433834844, -0.21663870989475378, 0.4825505286201933, -0.25039782122104554, 0.31315036535396273, -0.25335652448644713, 0.030554963418971327, -0.3941536888116667, 0.2178574383991951, 0.7396093282298449, 0.07010592085193826], [-0.017013970250656457, 0.028137457393100473, -0.005725845851758615, -0.5671675483372276, -0.5512651648143465, 0.614709571884788, 0.5004170033900757, -0.6753954927327129, -0.09160161534661762, -0.22250472301490956, 0.49580699405484685, 0.5581985798974751, 0.7825322949265858, 0.2097973766806445, 0.09747544481528138], [-0.5267329559441073, 0.04239993170566268, -0.6939772172972695, -0.4946908209798668, 0.21770910203839478, -0.3808446187138257, -0.38328556750799203, -0.22778273782362096, 0.7303188688984839, 0.5194539678287357, 0.6807639083483046, 0.29216696445786916, 0.056563206427749216, 0.2547693736063741, -0.030670594847329338]], "inverted": false, "swapped": false, "error_lsq": 0.05178878899139064, "error_max": 0.3448918438745795, "target": "819.xyz", "model": "10.xyz", "model_rescale": 4.260839863003843, "target_rescale": 4.091934379001708},
{"mapping": [10, 13, 4, 8, 7, 9, 11, 12, 2, 3, 0, 14], "R": [[-0.10334568437167742, -0.9326886211494443, 0.3455598435873275], [0.9946248199165011, -0.09914651101619702, 0.029856941561107353], [0.006413823182617545, 0.34678798325729765, 0.9379216158829684]], "T": [0.011861920020455228, 0.10304091339023612, 0.014821979203927416], "aligned_model": [[0.3115569620144448, 0.2607960430108616, -0.4877327244057324, -0.4777892655359976, -0.655260783091308, -0.22421042883862177, 0.31507896453658607, 0.6934593544796748, 0.2661471550453798, -0.31552138868835783, 0.15655262203623915, 0.11582213853096189], [0.09601315839054672, -0.47725908023942276, -0.389172239376309, -0.26056790214645603, 0.08558343255632926, 0.3017191554428347, 0.6016016427945087, -0.040705526527256605, -0.12036217305837123, 0.0693104173293697, 0.34903283356881787, -0.04211521320165727], [-0.6771721360624601, -0.4442031819033127, 0.20551544321904422, -0.5606223833891097, 0.2030100176603888, -0.4630847950228199, -0.4686078903911202, -0.18052429195526123, 0.6956689675927672, 0.7021598614951854, 0.49543518952528404, 0.008603276626919065]], "inverted": true, "swapped": true, "error_lsq": 0.050878193695916264, "error_max": 0.25581123807180417, "target": "819.xyz", "model": "11.xyz", "model_rescale": 3.890672605050136, "target_rescale": 4.091934379001708},
{"mapping": [7, 3, 0, 9, 1, 13, 4, 10, 8, 6, 5, 2, 12, 14], "R": [[0.9757659472427977, 0.1285212283994505, -0.17709632986615553], [0.2073510777763497, -0.2845344467929199, 0.9359731188091], [0.06990240873068732, -0.9500118117365403, -0.3042880392238653]], "T": [0.18270178568193463, -0.018314639124269547, 0.06446860024403406], "aligned_model": [[0.33244822088228543, 0.16363353918267198, 0.3208148623929764, 0.4935823693037522, 0.8401817114186344, -0.38729161603939644, -0.16726876124206258, 0.17129047577820794, 0.040738699279708995, -0.5968244922989778, 0.2868219246531955, -0.18025719010680263, -0.12384533384170199, 0.01585142543120266], [-0.25452702121152204, 0.3235666273504958, 0.5034587393787772, -0.4731463361279788, 0.22878985775759797, -0.38761991093041365, -0.2820903631139386, -0.39023486185580086, -0.8406944124635141, 0.1604290212645177, 0.5695037450627692, 0.5987633732641745, 0.17822465554900485, -0.0022705940964043506], [-0.5700011926978803, -0.6163430794643323, -0.08083728919370659, 0.2061706564762992, 0.1035348854471394, 0.44936016540940366, -0.5153378997481961, 0.7204163824866716, -0.017041271517550277, 0.4658535195849493, 0.5847832458651907, -0.19165256230548328, 0.6896081338421225, 0.12627674117223356]], "inverted": true, "swapped": true, "error_lsq": 0.05159864505237007, "error_max": 0.2929455258582497, "target": "819.xyz", "model": "12.xyz", "model_rescale": 4.124412569039231, "target_rescale": 4.091934379001708},
{"mapping": [0, 5, 6, 1, 2, 3, 11, 7, 10, 9, 4, 13, 14], "R": [[-0.9622131560873132, 0.20149486842712713, 0.18315474400087714], [-0.2621670376060271, -0.86729169637862, -0.4231708375887634], [0.07358183638216756, -0.45519768385859605, 0.8873447931691478]], "T": [0.08950975865809381, 0.06784648533366588, -0.07092331321578431], "aligned_model": [[-0.039950722610529774, -0.22273550115591328, 0.6850308969837695, -0.5654852101958419, 0.4604811551669287, 0.292391576118544, -0.5163507843164266, 0.16759865668704665, -0.07417210933103295, -0.21010893005551373, 0.6252158209176827, 0.5389315270274873, 0.2264519322735573], [-0.2145653956334026, 0.4038616572856536, 0.63437234003254, -0.13818261141164218, -0.19103672260696997, -0.632342474284343, 0.5216524830376204, -0.5206563039286295, 0.7598313105627256, 0.20200001149454155, -0.31788075608418886, 0.6693242740510181, 0.17110756399355395], [0.3937486089580278, 0.574596236075548, 0.28280454465135, 0.0820481280269905, 0.5402086275328959, 0.15116975419350737, -0.10557781826837452, -0.42916735503284614, -0.32209578552061896, -0.5354979093840525, -0.3750057096156636, -0.2846168379668262, -0.020916402682098982]], "inverted": true, "swapped": true, "error_lsq": 0.04853514381691705, "error_max": 0.33940605355983294, "target": "819.xyz", "model": "13.xyz", "model_rescale": 3.9028299243045295, "target_rescale": 4.091934379001708},
{"mapping": [5, 4, 13, 10, 9, 8, 12, 7, 6, 3, 2, 0, 8, 1, 15], "R": [[0.016965665671945573, 0.995266374563283, -0.09569226641671286], [0.6209283366003, -0.08550167759329474, -0.7791902617047504], [-0.783683716173236, -0.04619855833672376, -0.6194396873082286]], "T": [0.12467300702492545, 0.053184852060060565, 0.014500625237514353], "aligned_model": [[-0.0888710359797519, -0.5155340235855967, 0.2793702935247588, -0.07362950833975829, 0.4812091855623066, -0.07088235733830503, 0.5630901076368132, -0.11243421669236817, 0.3055397345344235, -0.2722785340698215, 0.1323825015235472, -0.5695412005556486, -0.07088235733830503, 0.6465663215260984, 0.14902435149873275], [0.24190460184049484, -0.12014017906462227, 0.08276719294460638, -0.49112211203089856, -0.6194838754945081, 0.7769183746248398, 0.4470571515821747, -0.8135842403148285, -0.2242474561787694, -0.07665924336773616, 0.6201805090595367, 0.44402915099911816, 0.7769183746248398, 0.16756783957148308, -0.0557057261011619], [-0.4108058894024328, -0.12498652623241299, -0.7651435156707678, -0.4542835930240406, 0.16025450281111644, -0.1711739485262734, -0.35549308622406484, 0.12904084001756103, 0.5930564163886505, 0.477382284134466, 0.48418803000167526, 0.24368129027023763, -0.1711739485262734, 0.3842879373369803, 0.037330016843141]], "inverted": false, "swapped": false, "error_lsq": 0.05176295968048107, "error_max": 0.3231062819967307, "target": "819.xyz", "model": "14.xyz", "model_rescale": 3.942246331269136, "target_rescale": 4.091934379001708},
{"mapping": [6, 8, 9, 7, 2, 11, 10, 0, 1, 12, 13, 13, 4, 3, 14], "R": [[0.7202280382628806, -0.19999739451497583, -0.6642835351619246], [0.6291939754410675, -0.21501093492574944, 0.7469171568059076], [-0.2922097092306625, -0.9559138768997846, -0.02901974813390723]], "T": [0.14062221859869697, 0.09421255487553416, -0.033260079205096195], "aligned_model": [[-0.11250592581078087, -0.5867664563504029, 0.5152836388060711, -0.0781337410378197, 0.34411714960308715, -0.3187146604406854, 0.4645412338066397, -0.1342420526106036, 0.37545248441941925, -0.09234115984636668, -0.301483181135352, -0.301483181135352, 0.30111697734802245, 0.5850008606796891, 0.12328727561155908], [0.0922351521125604, -0.12279660035041963, -0.10761299733039557, -0.5233474335271505, -0.6355235055902164, 0.5829324564372452, 0.5683443051390608, -0.5773030074869853, -0.2987759323330741, 0.09100413387962117, 0.600545041182389, 0.600545041182389, 0.6434974975564509, 0.2326172735447412, 0.010038938278352574], [-0.5319700367200313, -0.18377143555969855, -0.7166761843835788, -0.5825732858337207, -0.12665715491376714, -0.2867822952502021, -0.45667012989109884, 0.08604610163138474, 0.6353625579802425, 0.7501900012090444, 0.4240145377830235, 0.4240145377830235, 0.09398559294379294, 0.5143891578189298, 0.01325884560021795]], "inverted": false, "swapped": false, "error_lsq": 0.055704008285387144, "error_max": 0.37382010235440727, "target": "819.xyz", "model": "15.xyz", "model_rescale": 4.355366556412066, "target_rescale": 4.091934379001708},
{"mapping": [13, 9, 10, 2, 6, 4, 5, 3, 11, 7, 1, 14], "R": [[-0.8126402842288237, -0.07590996810106787, 0.5778005237029398], [-0.5627464871154935, -0.15542281060309426, -0.8118867785494517], [0.15143368082321831, -0.9849271174493723, 0.08358476909821605]], "T": [0.009462627726982434, 0.02655188422191421, 0.011725093102751348], "aligned_model": [[-0.29914941852940574, 0.4927224441566878, 0.25092034614458647, -0.6032041216279123, -0.7020135318862197, -0.2964324215808891, -0.0443343640080376, -0.25173839678993853, 0.5393477355143048, 0.13619482144245743, 0.5134363664077398, -0.13794090461159247], [-0.6600413778669744, -0.2701727534900279, -0.5209755113245937, 0.4768363759483395, -0.2988393031575625, -0.13580734445385306, 0.375214191398007, 0.5449485528842617, -0.062436282644346475, 0.11909136317081265, 0.4979782229789797, -0.05301970570206191], [-0.19508079676670143, 0.05658623231936088, -0.4472240156686332, 0.00930184524515143, -0.42260498545973246, 0.6507088905393849, -0.6972454745588629, 0.5054759010305606, -0.522606914649828, 0.6871120920701821, -0.12478255361271859, -0.05038175927874233]], "inverted": false, "swapped": true, "error_lsq": 0.050538978269828026, "error_max": 0.3347941900105086, "target": "819.xyz", "model": "16.xyz", "model_rescale": 3.795458400668931, "target_rescale": 4.091934379001708},
{"mapping": [4, 8, 13, 3, 6, 9, 7, 2, 0, 11, 10, 5, 14], "R": [[-0.8778420473050044, -0.46371092858254687, 0.11985622510521082], [0.18517150979583813, -0.5593803859737538, -0.807963548526655], [0.44170674880885485, -0.6870704174252933, 0.5769136759999238]], "T": [-0.16477884767284626, 0.060150558308877305, -0.0019352620749949825], "aligned_model": [[-0.05179847793437936, -0.11070886620779019, 0.4784942722337523, -0.3589847436163546, 0.7145959374291112, -0.43588088491258536, -0.5372499488289707, 0.12600584900577907, -0.31163728422211767, -0.3780540885097867, 0.04761204547295628, -0.047565040817408866, 0.01380303181201703], [-0.33880729965746237, 0.41942456359316826, 0.42704951782183564, -0.6736403725134137, 0.08112535039414115, 0.5045325625217774, -0.27153369414021267, -0.5784074089412916, -0.3113856509877322, 0.694884113715295, 0.7833984587167283, 0.16913832945170307, 0.058002795495948896], [-0.5988445159272578, -0.7576498212336066, -0.24892762114517414, -0.06965439852850061, 0.16232189329467603, -0.23133971353345542, -0.4836229595960499, 0.290999071903544, 0.38899942143898586, 0.35279675098976276, 0.020976441567224467, 0.7736170416410735, 0.002603439965073619]], "inverted": true, "swapped": true, "error_lsq": 0.048261800776329654, "error_max": 0.3070188574294044, "target": "819.xyz", "model": "17.xyz", "model_rescale": 3.7474275329858107, "target_rescale": 4.091934379001708},
{"mapping": [1, 7, 9, 3, 5, 6, 11, 8, 0, 10, 2, 4, 13, 14], "R": [[-0.7185506539799431, 0.2184255988777692, 0.6602841929199003], [0.4761353081140676, -0.5375190228468765, 0.6959658529302003], [0.5069320724042997, 0.8144713364094694, 0.2822345055716167]], "T": [0.04660574909623838, -0.052260021596906604, -0.026663865645583325], "aligned_model": [[0.48339343806033874, -0.029988637987156952, 0.5422487006940437, -0.41981371459429007, 0.12834029303605057, -0.45784793849563066, 0.7077370525567184, 0.23166911207741692, -0.12322195709961728, 0.48976436655372857, -0.6086701863419569, -0.3884784535277067, -0.07689922368525956, -0.06338520336380218], [-0.46739630430340684, 0.33103183428181854, 0.2267790100802198, -0.1296756886786898, -0.784278917295245, -0.13476771633866708, -0.3083861803419469, 0.7561359358147381, -0.5127988512829762, 0.06884022716660151, -0.4256354967535774, 0.4738201890054741, 0.3085924414065982, -0.04185224124970764], [-0.3896308632026291, -0.5993704707643511, -0.018098473367637792, -0.6243348788285848, 0.26413948241468477, 0.7078014671303317, 0.24075454470991065, 0.09724495734757416, -0.29405686955183025, 0.5713892529166458, -0.1232389368168045, -0.2760108976179657, 0.6544766487621697, 0.11372975553014145]], "inverted": false, "swapped": true, "error_lsq": 0.05162978300453213, "error_max": 0.37675820521919157, "target": "819.xyz", "model": "18.xyz", "model_rescale": 3.922800546911778, "target_rescale": 4.091934379001708},
{"mapping": [2, 2, 3, 0, 5, 9, 7, 1, 8, 6, 4, 10, 11, 13, 14], "R": [[0.47979024650564644, -0.31371492632659703, -0.8193804149221222], [-0.8501439154136805, 0.06466997231161725, -0.522563984375418], [0.2169254306049623, 0.9473123770336334, -0.23567481383410332]], "T": [0.16420876694239206, 0.01087067931465821, 0.07452892228025573], "aligned_model": [[-0.43187839078069756, -0.43187839078069756, 0.3272752446787336, 0.054827535951258055, 0.5041049654061505, -0.19937492099099974, 0.5437229865478703, -0.32108348979597323, 0.40730024854065316, -0.24422448326115287, 0.027315020231529596, -0.4686464987664355, 0.17354058424525792, 0.6450432659551566, 0.19708558472647222], [0.06275646696113171, 0.06275646696113171, -0.029125035405703395, -0.525593147902599, -0.658583512754792, 0.4925118075138549, 0.541349047512468, -0.5426187375460465, -0.26890562829035025, -0.0939928842913027, 0.4288499356475276, 0.48905825297411165, 0.7206318808126821, 0.4033739695097004, 0.07393148099275529], [-0.3193199424200248, -0.3193199424200248, -0.5426897668630463, -0.5568861108565514, -0.06271312366864512, -0.47188841951147653, -0.3867439655530629, 0.152784368792479, 0.5613783890550371, 0.6203802619956941, 0.6493511404303974, 0.22092395063026604, 0.1328004144759464, 0.3687280020976401, 0.009375554012934148]], "inverted": true, "swapped": false, "error_lsq": 0.05106035467557286, "error_max": 0.3433702149578226, "target": "819.xyz", "model": "19.xyz", "model_rescale": 3.9282355846067225, "target_rescale": 4.091934379001708},
{"mapping": [3, 7, 9, 4, 2, 8, 13, 10, 6, 5, 1, 0, 11, 14], "R": [[-0.34427060333452314, 0.4188719151121785, 0.8402523849474863], [0.6145501934399051, 0.7771341639080913, -0.1356117658237902], [-0.7097927947103, 0.46969012126840315, -0.5249622639392417]], "T": [-0.0396431829071794, -0.1553862783698458, 0.046495048827301044], "aligned_model": [[-0.7129523513023722, -0.264327897088215, 0.4613708025338805, -0.42618688506004143, -0.7373171350532887, 0.33399163841688195, 0.19564298393159096, 0.6215824399527055, -0.21004168379409915, 0.007555239277043477, 0.12289280465736989, -0.3895179525308647, 0.6090441190796739, -0.07921330393558863], [-0.5114563953719117, -0.7308326524048441, -0.3879886089990985, -0.33958942304490836, 0.07585538291152805, -0.2874169337586593, 0.42729964142953086, 0.19984754025000306, 0.7106072803129055, 0.23928211799843513, -0.5510383288476797, -0.2352423651984033, -0.09574986031399349, 0.00930469246193072], [0.07139037271316251, -0.26838659923377833, -0.08944326362019445, -0.5407747031024002, 0.24117656302229712, -0.6924709822084154, -0.41668733132870706, -0.02638823376714919, -0.10094943184845642, 0.7314096073139302, 0.604982441222733, 0.47503575045967744, 0.4336075617849505, -0.010318594163967472]], "inverted": false, "swapped": true, "error_lsq": 0.051200134427169246, "error_max": 0.29773974696681393, "target": "819.xyz", "model": "20.xyz", "model_rescale": 4.067790424073018, "target_rescale": 4.091934379001708},
{"mapping": [5, 13, 8, 4, 2, 1, 7, 6, 3, 11, 12, 10, 9, 12, 14], "R": [[0.38006661663424474, -0.20295043389669232, -0.9024192419830941], [0.7209400672498463, 0.6762223561409368, 0.15155442748064704], [0.579478029224564, -0.7081909674913567, 0.40332464245279015]], "T": [0.08040987333521052, -0.006793465258906492, -0.05236720419949904], "aligned_model": [[-0.2646328847351559, -0.6011193679423982, 0.25245540607439476, 0.1296641404019969, 0.5340339250805956, -0.15076761593419646, 0.49443941368508537, -0.17290930102780358, 0.41157847277763093, -0.21892814027522875, 0.28669978214432, -0.39333645804209316, 0.14113230252340817, 0.28669978214432, 0.04811980503224908], [-0.09430947906134993, 0.15071393833287866, 0.048744152914766845, -0.6071882659589833, -0.5961237608117684, 0.6414118613473737, 0.5081878054773233, -0.6829609158139593, -0.36085454145674156, -0.02504091386044255, 0.3776486662400802, 0.6062575464599907, 0.757777255016206, 0.3776486662400802, 0.05448834762911446], [-0.5232733129825671, -0.023508649583248845, -0.5931849224347089, -0.5811134526063383, -0.027129257361287476, -0.49923622784418753, -0.39883190329214135, 0.10944712583740522, 0.6467129984352172, 0.5204294771861725, 0.5774443453530096, 0.21412799667783528, 0.07330817031902091, 0.5774443453530096, -0.016475922859628775]], "inverted": false, "swapped": false, "error_lsq": 0.04931224185203326, "error_max": 0.387641208752061, "target": "819.xyz", "model": "21.xyz", "model_rescale": 4.186013935880536, "target_rescale": 4.091934379001708},
{"mapping": [1, 11, 9, 3, 2, 7, 0, 5, 8, 13, 6, 4, 14], "R": [[0.036160664486515726, 0.9700171539509214, -0.24033128673738818], [-0.5540193278897739, -0.18069111120532916, -0.8126581733151688], [-0.8317180956721197, 0.1625344374966069, 0.5308743410254492]], "T": [0.010280043756863515, -0.031105897236478205, -0.044417369576248075], "aligned_model": [[-0.011549573488756619, -0.3777195869408254, 0.17781239038254917, 0.4135957447371915, -0.15107547828867512, 0.6938435658303757, -0.09630876087245191, -0.6988111527637627, 0.4562797530254894, -0.24848652262775864, -0.5753052626727921, 0.5600069733197853, -0.08370805421714299], [-0.49596256338520905, 0.07479807409913132, 0.2670554960250751, -0.5636939200370559, -0.484608967381082, -0.14055777772343026, -0.574334594997698, -0.36141012263437505, 0.6752276619082583, 0.6589143812553415, 0.3015260463399941, 0.11277030912067317, 0.049232636956470316], [-0.5719573277913057, -0.6866388666002157, -0.4989839532745975, 0.3222396703539726, 0.5441587956389504, -0.00525872288579287, 0.03289945029310286, -0.16765527071371267, -0.11710183319243793, 0.21313312667001683, 0.5447907487253372, 0.4087189607608732, 0.08453478335115504]], "inverted": true, "swapped": true, "error_lsq": 0.0497894588577515, "error_max": 0.2635305949502605, "target": "819.xyz", "model": "22.xyz", "model_rescale": 4.166573947596378, "target_rescale": 4.091934379001708},
{"mapping": [7, 8, 13, 10, 14, 0, 6, 9, 11, 3, 2, 4, 1, 6, 15], "R": [[-0.5322378119539853, -0.842328011831943, 0.08489070626211509], [0.4265131120957791, -0.18017104053204286, 0.8863548732668955], [-0.7313066912977124, 0.5079585776781876, 0.4551577821221395]], "T": [0.06215814710017886, -0.0015346639899759262, 0.04839446878329642], "aligned_model": [[-0.17900033647598157, -0.7387976994576492, 0.4380830143245536, 0.0002243626559116363, 0.46247679803834624, -0.36427408946836426, 0.67155932637626, -0.16048529433779654, 0.2722236910265401, -0.22169298176857088, 0.17706974862920452, -0.47358694583349026, 0.1494134867157212, 0.67155932637626, 0.07835685510618011], [0.0987069545276594, -0.09496342551383259, -0.17642437132731115, -0.403973814556187, -0.6325456838002391, 0.5848107972459492, 0.4499111503834894, -0.5284485125807622, -0.31242442938861303, 0.018709296841012107, 0.49030474820534636, 0.4541092815510961, 0.6985197153927579, 0.4499111503834894, 0.06019750533071411], [-0.6173260817230157, -0.013411183111473969, -0.689783845288271, -0.5802136520201466, -0.2115051922578509, -0.3272520546149574, 0.11112015210730725, 0.23071523125974822, 0.7421619719511128, 0.5779653995431656, 0.4930275260726595, 0.2610427785669687, -0.05363215755891446, 0.11112015210730725, 0.02213176516392301]], "inverted": true, "swapped": false, "error_lsq": 0.04705872390939202, "error_max": 0.3066023283823484, "target": "819.xyz", "model": "23.xyz", "model_rescale": 4.274766983524099, "target_rescale": 4.091934379001708},
{"mapping": [2, 12, 6, 4, 13, 8, 7, 9, 1, 11, 14], "R": [[0.8370406999525328, -0.17945083226031183, 0.5168754834813266], [-0.11666522391061931, -0.9814973321700886, -0.15182955072344714], [0.5345578473400786, 0.0667861193967742, -0.8424888854477908]], "T": [0.07231536124348584, 0.00884861235125027, 0.027315538185276683], "aligned_model": [[0.236234291607237, 0.04113084906182175, -0.31962670894152034, -0.4018573534560519, -0.5619241551992977, -0.6157862544505458, -0.03537226204726385, -0.02144025746790884, 0.7118197753604774, 0.3757583042578587, -0.029041524766731205], [-0.09265584888620804, 0.7030594329344659, 0.5846883626892977, -0.5090640631346611, 0.4621184719212904, -0.1329085567805578, -0.6654858386577364, 0.028738374372384287, -0.06542700128362144, 0.49632398727491595, 0.10619921079391352], [-0.7081774733395745, -0.17392344931792128, -0.5343875535063897, -0.1601925707574875, -0.014000910269214045, 0.48505666608612596, 0.14751797757275625, 0.5880403940099083, 0.31083607943333824, 0.5217828828944189, -0.08298560878438338]], "inverted": true, "swapped": true, "error_lsq": 0.054071254138130055, "error_max": 0.33653068411463083, "target": "819.xyz", "model": "24.xyz", "model_rescale": 3.7841303162186577, "target_rescale": 4.091934379001708},
{"mapping": [7, 10, 6, 0, 1, 11, 3, 8, 2, 9, 12, 14, 13, 5, 15], "R": [[0.10646122694253188, -0.93915878604052, 0.32656818853156444], [0.2554544481996207, 0.3432446936556689, 0.9038396457183394], [-0.960941742278333, -0.01280058124159722, 0.27645454068790265]], "T": [0.023849415245737124, 0.0033046841910299996, -0.028059471662935924], "aligned_model": [[-0.25607262756819155, -0.7469311984323793, 0.47327198490272426, -0.18229354600433556, 0.33249391922755944, -0.11378076995994087, 0.6148244347518828, 0.06364079455587841, 0.37131920670077506, -0.23510624484502207, 0.15328667133663793, -0.4583342451068134, -0.001668304207391877, 0.6985248945802512, 0.06995429197549075], [-0.09008030946447595, 0.03922967652267145, 0.12264516070466036, -0.5954675868932751, -0.6554856603015738, 0.5500749508726068, 0.5365795028548559, -0.5468480833873036, -0.22744231659465491, 0.004913186561565627, 0.4688810882221295, 0.45736164413254454, 0.7831737242104018, 0.28229110677979985, 0.026574278474616582], [-0.6074802626318977, -0.1273657946295846, -0.5810546405310184, -0.4026349597280089, -0.1822354943394039, -0.5491427440445141, -0.15202874903408725, 0.18455840645967048, 0.6002824683520732, 0.49642130715856364, 0.5564544419210478, 0.4085526641375334, 0.028093210233972828, 0.45806635468200035, -0.07432539780878405]], "inverted": false, "swapped": false, "error_lsq": 0.046088375390395356, "error_max": 0.30400351087345523, "target": "819.xyz", "model": "25.xyz", "model_rescale": 4.19342608120988, "target_rescale": 4.091934379001708},
{"mapping": [13, 9, 10, 2, 6, 4, 5, 3, 11, 7, 1, 14], "R": [[-0.8126402842288237, -0.07590996810106787, 0.5778005237029398], [-0.5627464871154935, -0.15542281060309426, -0.8118867785494517], [0.15143368082321831, -0.9849271174493723, 0.08358476909821605]], "T": [0.009462627726982434, 0.02655188422191421, 0.011725093102751348], "aligned_model": [[-0.29914941852940574, 0.4927224441566878, 0.25092034614458647, -0.6032041216279123, -0.7020135318862197, -0.2964324215808891, -0.0443343640080376, -0.25173839678993853, 0.5393477355143048, 0.13619482144245743, 0.5134363664077398, -0.13794090461159247], [-0.6600413778669744, -0.2701727534900279, -0.5209755113245937, 0.4768363759483395, -0.2988393031575625, -0.13580734445385306, 0.375214191398007, 0.5449485528842617, -0.062436282644346475, 0.11909136317081265, 0.4979782229789797, -0.05301970570206191], [-0.19508079676670143, 0.05658623231936088, -0.4472240156686332, 0.00930184524515143, -0.42260498545973246, 0.6507088905393849, -0.6972454745588629, 0.5054759010305606, -0.522606914649828, 0.6871120920701821, -0.12478255361271859, -0.05038175927874233]], "inverted": false, "swapped": true, "error_lsq": 0.050538978269828026, "error_max": 0.3347941900105086, "target": "819.xyz", "model": "26.xyz", "model_rescale": 3.795458400668931, "target_rescale": 4.091934379001708},
{"mapping": [2, 0, 3, 4, 8, 12, 5, 6, 11, 7, 13, 9, 14], "R": [[-0.6391292836620853, -0.7207913927907552, -0.26827882295170696], [-0.05778335134250295, -0.30283373615574644, 0.9512900780275073], [-0.7669255785754046, 0.6234993956089415, 0.1519001665636549]], "T": [-0.003310127439381652, -0.018557538737752614, 0.005315165959431149], "aligned_model": [[0.04897288210349894, 0.2870803849557973, 0.5363295987185963, 0.13400450028092864, -0.18624749092237247, -0.6244034769192301, -0.20425166267571082, -0.7824055369662621, -0.15823992316328317, 0.5125709358961852, -0.7282198728956584, 0.02112367576351508, -0.15663763135474779], [-0.7109976948946143, -0.4862566023146573, -0.3573100240526467, 0.14019033571445205, 0.7367632962307629, -0.28535999918824234, -0.5550607858655038, -0.3942542782786805, 0.17422115967711782, 0.245098194657354, 0.1895491204152791, 0.5029835032787793, -0.07768472212248567], [-0.30438736622136675, 0.1021005895443835, -0.4127597809859682, -0.6905126856567106, -0.30953436317678934, 0.26310920319770825, 0.5520194295368901, -0.2239939494693468, 0.7215839336998102, -0.37563704259428754, -0.1962235600556772, 0.2311381350438896, -0.0647658807631093]], "inverted": false, "swapped": true, "error_lsq": 0.051951594446052636, "error_max": 0.33822814811682805, "target": "819.xyz", "model": "27.xyz", "model_rescale": 3.6321398670334006, "target_rescale": 4.091934379001708},
