[{"mapping": [6, 8, 4, 5, 13, 7, 12, 10, 11, 2, 1, 0, 3, 14], "R": [[0.3579227488747524, 0.4518479121648646, 0.8171442774138443], [0.6004633163516642, 0.5587968982154835, -0.5720050981072772], [-0.7150769969408205, 0.6953987998386303, -0.07131197395311893]], "T": [0.03808396495606416, 0.1508590649885732, 0.1433747686696663], "aligned_model": [[0.22318696384987363, 0.1780885364404932, -0.41319163465294817, -0.3876342863188381, -0.6956269840341106, -0.17930122714185365, -0.8023278721410531, 0.03922472825637765, -0.3493848731919589, 0.022284031889703453, 0.725913291376236, 0.25863663640058115, 0.6663790185848376, 0.08524577181096354], [-0.455914318704048, -0.5631355426117619, -0.38522658548867145, -0.32134908014195096, 0.2124870573200045, 0.27410508970578706, 0.20665229301861848, 0.5616278403223558, 0.5943807338425567, -0.026294850041618134, 0.4227207507799594, 0.749039734935895, -0.15463042371333402, 0.12081063258624254], [0.256211910181425, -0.38528980241943717, 0.38885501281480916, -0.2747131580863254, 0.5739160951946276, -0.5396623847168707, -0.12892309573127864, 0.6030529231425334, 0.009180751860988573, 0.7007343305798397, 0.5521423428250825, 0.0946670158568632, -0.012060326502384977, 0.05947647217996166]], "inverted": true, "swapped": true, "error_lsq": 0.04526454575182194, "error_max": 0.2550971816935206, "target": "82.xyz", "model": "0.xyz", "model_rescale": 3.8414455957264533, "target_rescale": 3.8746720129824053},
{"mapping": [8, 13, 7, 11, 4, 3, 0, 10, 1, 12, 9, 6, 5, 2, 14], "R": [[-0.6569459660646613, -0.6024570021980776, 0.45328529446020516], [-0.23874462559085144, -0.4040501428366413, -0.8830314183680976], [0.7151384491291554, -0.6883233561170183, 0.1216057400000149]], "T": [0.0472205457448914, 0.042608667327145, 0.03571562735365475], "aligned_model": [[-0.6034296597585056, -0.11584568859518168, 0.5819812398689009, -0.2923022855330717, 0.5246407489805702, 0.20731166103073526, 0.5164982092780545, -0.5086657077186443, 0.07680792059457672, -0.6431564277530951, 0.13619831500992727, -0.15556697875162634, -0.012234563668431758, 0.4744107400287402, 0.01823051500941813], [-0.39914983618172284, -0.5336022230090128, -0.31374175823624645, 0.13746112731171592, 0.30308821958096005, 0.8087764198085884, -0.02635176283845938, 0.3807437006387227, 0.6994331416210099, 0.07388225083317015, -0.6029669974505388, -0.010057214439729505, 0.5079904976763309, 0.122816819898843, 0.11830371463589712], [0.1119136073568279, -0.42929772053594156, 0.036329105893690226, -0.7401662322137958, 0.0418464713612975, 0.008610426669573755, -0.5124999352559789, 0.24793361167176592, -0.5266046447216407, -0.28784447727224804, 0.23776685258357316, 0.7881321998651423, 0.49854132556842, 0.6321046931380582, -0.0029345602043708355]], "inverted": false, "swapped": false, "error_lsq": 0.042055795016944744, "error_max": 0.2465655836299207, "target": "82.xyz", "model": "1.xyz", "model_rescale": 4.316132596720782, "target_rescale": 3.8746720129824053},
{"mapping": [2, 10, 1, 5, 6, 4, 9, 12, 0, 13, 11, 14], "R": [[0.42645731897316586, 0.6970621275812473, -0.5764013752465592], [0.5818110676182898, -0.6993254462617834, -0.4152587167148012], [-0.6925532735400833, -0.15826658049841955, -0.7037909155468348]], "T": [-0.0558087591416153, -0.002152364491524046, -0.16358243009587878], "aligned_model": [[-0.10541645360320312, 0.44634574868167476, 0.29729147811414014, -0.6072549227215605, -0.6232947374200474, -0.5228913180923118, -0.0908831881830675, -0.058686167568744105, 0.5160838757257749, 0.1018924579733879, 0.3484291743049698, -0.10380739257923233], [-0.5162577437200437, -0.3232864587786888, -0.6130943125275985, 0.46045235273396834, -0.30237534054762305, -0.11976881449594863, 0.3644250865108088, 0.622157648332319, 0.05906031828878079, -0.03779473501748114, 0.375167020187499, 0.04409140677498852], [0.11122216310924174, -0.006260983405302789, -0.628533015368853, 0.08323345385200945, -0.21831001881682852, 0.4014824294804967, -0.8287121650610064, 0.46393633105227683, -0.442917106810541, 0.67388729920571, 0.07946773043549593, -0.23923765646327788]], "inverted": true, "swapped": true, "error_lsq": 0.04583047073532271, "error_max": 0.2514595935510298, "target": "82.xyz", "model": "2.xyz", "model_rescale": 3.795458400668931, "target_rescale": 3.8746720129824053},
{"mapping": [8, 6, 4, 10, 7, 11, 2, 9, 1, 0, 12, 14], "R": [[0.8947047779168291, 0.39848579670113904, 0.20177321477405347], [0.33980079308250266, -0.31405624220806894, -0.8865123223907547], [-0.28989443146307603, 0.8617295089281818, -0.41639341018932413]], "T": [0.045117402107178906, -0.02212856262840904, 0.09969774588064564], "aligned_model": [[-0.12258082750919691, -0.2653671964883473, -0.6931230889775672, 0.13728591468070186, 0.23750061876844603, 0.12383278541880699, -0.2897278131464295, 0.632558488560405, 0.5237208884519581, 0.5957122568057809, -0.375265191708905, 0.08875699088791225], [-0.29833584603702196, -0.5299087140508546, -0.07095317739832455, 0.014018520854633617, 0.4777285966432055, 0.557412042769976, -0.32716990604996027, -0.04104594752997645, -0.5514855726089128, 0.15342693109908803, 0.7420217708944131, -0.039939653296556146], [-0.7396249863381884, -0.1471380532210905, 0.037126378377885266, 0.7081668473766528, -0.3923562913250298, 0.2506552914046313, 0.46998316197675116, -0.38254898556071115, 0.5522778459833666, 0.37330625189888567, -0.05164230095990738, 0.01056627102585489]], "inverted": true, "swapped": true, "error_lsq": 0.04463701118915541, "error_max": 0.22885723274649897, "target": "82.xyz", "model": "3.xyz", "model_rescale": 3.7530521520055578, "target_rescale": 3.8746720129824053},
{"mapping": [13, 7, 5, 8, 4, 9, 2, 0, 1, 3, 14], "R": [[-0.4242507354725362, -0.6203523008271707, 0.6596774486894695], [0.8163650902252853, 0.05323159644622008, 0.5750777656989088], [-0.39186649883917646, 0.7825148049706296, 0.48385041809355034]], "T": [-0.17302308027338348, -0.09972363258714034, 0.04803164572397081], "aligned_model": [[-0.3871446739946978, -0.19731182067749886, 0.31682789305384484, 0.6333056140830335, 0.2604487647363504, -0.12197062504125089, -0.09889815146910809, -0.7263809960831322, -0.4371368589074383, 0.22034503351372287, -0.12388457676862089], [-0.9178278223249677, 0.15437377134363894, -0.2788661229959441, 0.18470005896064867, -0.701175452565145, 0.6221695461541153, -0.47357245006322246, 0.2165463383600098, 0.25269547214235355, 0.42723380238032893, -0.01907378307746979], [-0.06311275489250948, -0.6330191773895825, -0.5060153453839977, -0.23091818630237274, 0.00733877724992095, -0.1849290651101722, 0.4919070621975825, 0.09906460029053496, 0.7692483778670687, 0.33054883054811635, 0.012717658170728036]], "inverted": true, "swapped": true, "error_lsq": 0.04704520523902122, "error_max": 0.2499560822951949, "target": "82.xyz", "model": "4.xyz", "model_rescale": 3.7855080009869324, "target_rescale": 3.8746720129824053},
{"mapping": [13, 15, 10, 14, 5, 0, 3, 1, 2, 12, 8, 6, 4, 7, 16], "R": [[0.018906587010704246, 0.5583063209266668, -0.8294194312776476], [-0.5700685761801345, -0.6754921630242646, -0.46768809707405906], [-0.8213795465067052, 0.4816683399457869, 0.3055016380877671]], "T": [-0.03266337087561182, 0.04835657414639215, -0.0034796492548395067], "aligned_model": [[-0.5740249057793256, 0.017776051656951043, 0.5980523160913015, -0.31133802450823, 0.6758416889907016, 0.190535885551742, 0.4420146261681944, -0.3723811886874468, -0.043722864026070056, -0.6776066763955274, 0.04177084825500494, -0.22235896670348546, 0.05554918721088046, 0.4259447370862248, -0.04117467688854839], [-0.418688165270657, -0.6786244646916523, -0.31282051534161426, -0.06992747365232783, 0.40315440767941346, 0.7933581890988305, 0.34955681431923735, 0.7174399931151584, 0.4876962525928954, 0.16637346058946306, -0.6198201184988694, -0.05900147275375471, 0.49560973259669905, -0.03254549121768374, 0.044864951284390914], [0.1134157688972593, -0.3885413852276508, -0.05556713640013917, -0.6084975993951303, 0.16157283356020138, 0.05675795502229431, -0.4113715710203248, 0.09663589255361883, -0.5973180297359848, -0.18564828044440743, 0.20462928469965241, 0.6117982544246737, 0.5789153547737063, 0.5834640712221749, -0.056414689025570355]], "inverted": false, "swapped": false, "error_lsq": 0.03864020837890047, "error_max": 0.2618690752342106, "target": "82.xyz", "model": "5.xyz", "model_rescale": 4.2253639853439635, "target_rescale": 3.8746720129824053},
{"mapping": [4, 2, 11, 12, 13, 0, 7, 5, 1, 6, 10, 9, 8, 14], "R": [[0.33991696297865953, 0.8305504317993371, -0.44118299889875556], [-0.04313553304785206, -0.4548537599961255, -0.8895208726084312], [-0.9394656907349211, 0.3213938973523327, -0.11878627309851894]], "T": [-0.032098654578549074, 0.053807844359908485, 0.03528996832396737], "aligned_model": [[0.4331434921190722, -0.07082992529024418, -0.33841959848430936, 0.13085191359115175, -0.14628735394390047, -0.5950355574376147, 0.13406662277965284, 0.6136909494882039, -0.5258048071195196, 0.45993361867018945, -0.5786211817290325, 0.03798706631866677, 0.7995549952397482, 0.019831918555718746], [-0.1967987421294673, 0.20310240379255906, -0.4446920132094708, -0.815979645555073, -0.5601312875924457, 0.11521324136374306, -0.33207965815397267, -0.33451534670399163, 0.734325532973973, 0.3930992633984348, 0.06299106544950173, 0.3013603559604093, 0.23244909891501875, 0.08675487812577184], [-0.4862885257303554, -0.5290626270815949, 0.18534654683368107, 0.05692100863291355, -0.5456878997119663, 0.33222002840926346, 0.628978096268682, 0.1410016652006638, -0.04990861495315384, -0.20544817761539397, -0.2497803556264092, 0.7507007267119958, 0.3273778272955486, 0.11518851029757399]], "inverted": false, "swapped": true, "error_lsq": 0.0444297157378367, "error_max": 0.24174766717276613, "target": "82.xyz", "model": "6.xyz", "model_rescale": 3.89814844738969, "target_rescale": 3.8746720129824053},
{"mapping": [5, 12, 13, 8, 2, 11, 7, 6, 3, 0, 10, 1, 14], "R": [[0.9703416987217094, -0.23084923778264782, 0.07173295711901345], [-0.20383491988728225, -0.6218236496196251, 0.7561657716455271], [-0.12995504282794462, -0.7483608609413647, -0.6504365523667061]], "T": [-0.06930446275326463, 0.0926636416999492, 0.03313558034274229], "aligned_model": [[-0.10541015449467887, -0.07289007510184156, 0.4966218305284017, -0.2713158320657051, 0.48761905757042423, -0.2507883204278742, -0.6416741404469247, 0.22222109648994304, -0.2663539699568704, -0.4245159226888359, 0.155959007050516, -0.037598363162641854, -0.14324241238968982], [-0.3634728905400515, 0.27211503667329906, 0.4885885035495138, -0.7686548128265268, 0.12679711157123336, 0.5494732659903687, 0.028634079348815178, -0.46531951193101173, -0.40179896609610044, 0.5576532267957515, 0.6195977706894233, 0.29564397978157775, 0.024524472464193883], [-0.5748528400035957, -0.8336604783760801, -0.4673307365004756, -0.12872156347351643, 0.20907286318223006, -0.3179202300140117, -0.41102522889238885, 0.17038327042822954, 0.5115880776036795, 0.29090591309437386, 0.26036473055848725, 0.8528322277476726, 0.04063902548169089]], "inverted": false, "swapped": true, "error_lsq": 0.05110025212050163, "error_max": 0.29132095730083163, "target": "82.xyz", "model": "7.xyz", "model_rescale": 3.7474275329858107, "target_rescale": 3.8746720129824053},
{"mapping": [1, 13, 11, 4, 7, 5, 9, 3, 8, 2, 12, 0, 6, 10, 14], "R": [[0.36632304973605473, -0.2093691451993963, -0.9066267061313327], [0.39280621243331304, 0.9180754051153857, -0.053299437107865166], [0.8435109381068338, -0.33660379017577097, 0.41855368321570735]], "T": [0.011042040262011738, 0.016690391461565507, 0.0239720718686999], "aligned_model": [[-0.6357218184415789, 0.0004013965859002884, 0.5917264160318307, -0.27539532469278655, 0.5835339914904238, 0.20718361792255022, 0.5812105644479583, -0.35273618042822374, -0.13555109921292394, -0.765885898157644, 0.1424440475078747, -0.2777698419974315, 0.12633874637037001, 0.4436959333096662, -0.028596512713618818], [-0.28035731505295225, -0.6837980009644405, -0.18662759278297578, -0.06790741885640549, 0.33560552844012526, 0.7041262384112172, 0.3160299671598237, 0.616488424927741, 0.43049413668356784, 0.09389097287680084, -0.579350937035806, 0.11559900494405718, 0.5763959509225169, -0.11190763771023846, -0.012055222113503267], [0.2653452086904249, -0.5393347871976141, -0.06517616765075962, -0.6992310063138268, 0.20950841092024214, -0.02054648452453102, -0.38302192383247124, 0.17243843905725498, -0.49803101984211606, -0.29069051660024914, 0.11403241838259114, 0.6079395542439516, 0.6073882652219615, 0.6335100242655122, -0.01029969091599714]], "inverted": true, "swapped": false, "error_lsq": 0.045638830182740446, "error_max": 0.3112653757855909, "target": "82.xyz", "model": "8.xyz", "model_rescale": 4.019505241142653, "target_rescale": 3.8746720129824053},
{"mapping": [2, 6, 3, 1, 10, 0, 9, 13, 11, 5, 8, 7, 14], "R": [[0.8397615745788467, 0.44336682646634973, -0.3134108406708573], [0.540455711309367, -0.6272513146491268, 0.5607703740249016], [0.05203961927168538, -0.6402980910951551, -0.7663616852152502]], "T": [0.02034874485962731, -0.1421655158172946, 0.03177570840561074], "aligned_model": [[-0.29888827814408375, -0.5298544111100463, -0.0683959264344993, 0.3316110039198424, 0.2791311027731827, 0.6445513169458684, 0.39055038774644335, -0.21804490403021587, 0.37474342894549906, -0.41081001309003984, -0.4676517942408024, 0.2662099526963026, 0.02654890576372502], [-0.567360960706846, 0.03905606638863257, 0.32921661494201127, -0.33576168235077386, -0.680717702155738, -0.2263461318961688, 0.5125566912541019, -0.805128591993469, -0.32287793258769215, 0.22546238403022775, 0.6130165634548336, 0.32426734143965685, -0.042004431704717404], [-0.21231318019243745, -0.25036699514280747, -0.4994133737963812, -0.7296343115929036, -0.11997911903815407, -0.07831885477311748, -0.07911334724098563, 0.5125501126210902, 0.4863073747862122, 0.53967917265083, 0.05254369886294037, 0.5327530665872313, 0.02200925031236199]], "inverted": true, "swapped": true, "error_lsq": 0.05460617613411992, "error_max": 0.3012838488023654, "target": "82.xyz", "model": "9.xyz", "model_rescale": 3.877068213659057, "target_rescale": 3.8746720129824053},
{"mapping": [7, 1, 3, 0, 6, 10, 12, 9, 11, 8, 4, 2, 14, 13, 15], "R": [[0.8583847377549239, -0.3128650033615507, 0.4065601205984027], [0.19532245633095124, 0.9321323579886311, 0.30492360558572473], [-0.4743677687641252, -0.1823314478145004, 0.8612377506215192]], "T": [0.07745624087629167, 0.06128248630588983, 0.022725686812396513], "aligned_model": [[-0.5257280688943311, -0.2432329838267578, 0.5877194121800099, -0.09554784370059695, 0.6425852824811513, 0.1649400816929794, 0.49387254312877577, -0.3846596381128197, -0.11695575678618124, -0.6589949663998581, 0.06877005217387148, -0.2744959836231337, 0.06195729198863954, 0.422485520927499, 0.0621630947931191], [-0.47886260279729953, -0.5897844343476609, -0.3160639173273664, 0.03824427356727277, 0.3062008723765894, 0.7652356189441197, 0.21210329724724092, 0.46546768197137334, 0.5588881718535003, 0.1359333994698879, -0.5680784728503241, -0.02467683522313944, 0.6035851268007308, 0.09749371445531971, 0.060940205709283865], [0.12615943653198025, -0.4528549017249142, 0.02431641128420379, -0.7540013328716836, 0.05352707678337743, 0.020015685952347075, -0.5789766996868522, 0.2650654191936736, -0.4864381700542153, -0.1949662888628238, 0.2715630090949825, 0.5786897006313487, 0.5841428003156159, 0.7135817056954391, -0.06599312837810611]], "inverted": false, "swapped": false, "error_lsq": 0.032848250763543786, "error_max": 0.21517659778487408, "target": "82.xyz", "model": "10.xyz", "model_rescale": 4.260839863003843, "target_rescale": 3.8746720129824053},
{"mapping": [8, 7, 0, 9, 1, 3, 6, 5, 11, 10, 2, 14], "R": [[-0.5016784550239995, -0.7737026270309117, -0.38691468399402884], [-0.796152489049242, 0.23803471964170464, 0.5563098834514737], [-0.338319289939888, 0.5871317715560633, -0.7354021626865188]], "T": [0.05844066540619981, 0.030513886466702757, 0.09120813708554337], "aligned_model": [[0.38604519154859424, 0.28268454853080666, -0.4270355782224364, -0.2663742905679312, -0.7242732733378343, -0.2926003996763544, 0.19567999398795516, 0.7236304232265086, 0.17913387335166792, -0.22267996865223066, 0.07799417443528951, 0.04669395447009509], [0.17537335505413373, -0.5863104478863023, -0.3389623685021, -0.3489236379113852, 0.325013563005683, 0.29922990348498396, 0.5627096020913849, -0.06493142267215074, -0.46434194026179765, 0.07793730226664389, 0.5310919002938214, 0.0051926965700187025], [-0.73375659989132, -0.22220545338174763, 0.282613868061579, -0.48196654567712355, 0.21260714358931154, -0.47164214829807244, -0.24509881619223384, -0.26576084665063865, 0.4158655961631591, 0.6377961927272267, 0.39340367164168544, -0.005677984696321359]], "inverted": true, "swapped": true, "error_lsq": 0.050618129219857276, "error_max": 0.2675363349989759, "target": "82.xyz", "model": "11.xyz", "model_rescale": 3.890672605050136, "target_rescale": 3.8746720129824053},
{"mapping": [11, 13, 10, 7, 0, 8, 4, 9, 5, 6, 1, 2, 3, 14], "R": [[0.7598767387527482, 0.3274633393063075, -0.5615648700843475], [-0.3189010905756026, 0.9405462951125408, 0.11693913450921735], [0.5664710375051661, 0.09022432133541201, 0.8191276674044075]], "T": [0.13452741413721372, 0.03612311224642479, 0.07198327818140474], "aligned_model": [[0.6125940845770885, 0.10362975979442915, 0.4023285632645447, 0.44961710611723915, 0.7139050574293082, -0.41099947618852384, -0.4304568215578153, 0.3890279821058301, -0.1872151481010161, -0.4865735600686958, 0.2562033728307361, -0.18862232565991252, -0.14051570055456727, 0.12695294080504818], [-0.12008880439309588, 0.13059855730441966, 0.5479883853738855, -0.616097689408687, 0.24302825776801673, -0.5596789364870572, -0.07602499711108593, -0.29981757735931963, -0.6283663501971183, 0.04781304582654899, 0.745458504566656, 0.4693625943205196, 0.07402328495853498, -0.026045755334451914], [-0.26253383818245024, -0.7751385106954647, -0.1432207657442038, 0.13765038680303193, 0.2461896132384298, 0.46732634325304256, -0.3965395672586901, 0.7047392512560184, -0.11227076991839863, 0.24305696159057796, 0.5148683089103532, -0.1519824013084353, 0.7316448830227937, 0.15100054039025623]], "inverted": true, "swapped": true, "error_lsq": 0.04606940465753129, "error_max": 0.27438790888561665, "target": "82.xyz", "model": "12.xyz", "model_rescale": 4.124412569039231, "target_rescale": 3.8746720129824053},
{"mapping": [3, 9, 7, 1, 8, 6, 0, 2, 11, 10, 4, 12, 14], "R": [[-0.4185857550737246, -0.8884679493444761, -0.18817722666938536], [0.7011815284207324, -0.18448219898950954, -0.6887022451375928], [0.5771745228706182, -0.42022734471190276, 0.7001989352358786]], "T": [0.09331813048705051, 0.10343113969016816, -0.0740931236240657], "aligned_model": [[-0.1066646351956071, -0.0897998592734428, 0.3760781881509522, -0.6903853550739439, 0.6129894186717921, 0.31683057654811386, -0.4302634181493167, 0.047818206565312264, 0.12350851888526322, -0.3106996310997083, 0.6797818302611589, 0.7332036616948991, 0.10490080552428482], [-0.27207705839244933, 0.3663884977338374, 0.6736240406935396, -0.21215560684781082, -0.15324691047422134, -0.4671782439118375, 0.47039342388808886, -0.3400278357016336, 0.6501895445234933, 0.12852373165843894, -0.24239560526163656, 0.6333344840828652, 0.11211291451780316], [0.5014405917528372, 0.6153472560807366, 0.2779188970424097, -0.056128149508117176, 0.6136088025357637, 0.12494556021141104, -0.08018277614297449, -0.45298192369038526, -0.32903506332511245, -0.53904075936431, -0.370340035909995, -0.3795436429173935, 0.025689324202968156]], "inverted": true, "swapped": true, "error_lsq": 0.044796024237188016, "error_max": 0.26778336461926616, "target": "82.xyz", "model": "13.xyz", "model_rescale": 3.9028299243045295, "target_rescale": 3.8746720129824053},
{"mapping": [1, 11, 13, 9, 5, 4, 10, 3, 7, 6, 12, 2, 0, 8, 15], "R": [[0.8198090187197693, -0.2347930366370164, 0.522288620182843], [-0.39115017842325744, -0.895744662874871, 0.2112889889479292], [0.4182280606860129, -0.3775099056686499, -0.8261788912680257]], "T": [0.012712653239578146, 0.06363306055939726, 0.03531096131168481], "aligned_model": [[-0.4672989968481051, -0.1457241192869434, 0.7192736421973183, -0.30485081309946277, 0.49960135932091704, 0.2974683211056133, 0.4474743142803341, -0.33819156625753255, -0.13861104288671539, -0.6225740952505763, 0.2959620508154722, -0.3687272879604753, 0.028820200814659157, 0.3312193374421113, -0.028963266364247432], [-0.37324611369441246, -0.5689735406980314, -0.25743757765549874, -0.009559485983229962, 0.10498330360781252, 0.6786562153515519, 0.3241250428841727, 0.5716091526424388, 0.5930761646674799, 0.11491047610553368, -0.5496359513962366, -0.02913821227180284, 0.6215730974459034, -0.036575506085412005, 0.08225903492925944], [0.06571093871653022, -0.31191139611195556, -0.13886299183451253, -0.6679967611263676, 0.18805708710683994, 0.030411719494576932, -0.5110211970705271, 0.12200562002441051, -0.6840075316663881, -0.1601107265762088, 0.20237737537728923, 0.6582450121953745, 0.6482219429353865, 0.7317439407482739, -0.06903230830834906]], "inverted": false, "swapped": false, "error_lsq": 0.04838493390513385, "error_max": 0.29839193331793273, "target": "82.xyz", "model": "14.xyz", "model_rescale": 3.942246331269136, "target_rescale": 3.8746720129824053},
{"mapping": [11, 13, 0, 12, 2, 5, 1, 10, 3, 4, 8, 6, 9, 7, 14], "R": [[0.7075058994916121, -0.05948882341491568, 0.704199177841947], [-0.6983386282770249, 0.094044232522079, 0.7095624303650078], [-0.1084369053446673, -0.9937890934288031, 0.02499350598114542]], "T": [-0.0628386633422023, 0.10487012956860499, 0.006850525307617067], "aligned_model": [[-0.5622259142943334, -0.4594248147064519, 0.6329564641755621, 0.08625162188298367, 0.6283397561836506, 0.2696556550185381, 0.42510183716627414, -0.6188472320426199, -0.12960112486152825, -0.5902387463684794, 0.16409190535214851, -0.13224140444036847, -0.0007592910444588902, 0.4629841644144809, 0.028835161586969568], [-0.3619778944102221, -0.41261493634232127, -0.13201059983879454, -0.19957405763797653, 0.3670587941881936, 0.6319091348145188, 0.3031769872593459, 0.4328143325392537, 0.48520793011129176, 0.21369941956782584, -0.5881605013953279, -0.09971272211718189, 0.5551063702220183, -0.01752128782774255, 0.08922513071664735], [0.22312886622525893, -0.4788021052943112, 0.028625360007656225, -0.7368981431889021, 0.19705414032643662, -0.11338662950044709, -0.608965919696071, 0.31067216264245345, -0.5993127049454877, -0.22481586194946057, 0.26579451119179, 0.5227172771559924, 0.6713772631216509, 0.6698061821103308, -0.023163674302515872]], "inverted": true, "swapped": false, "error_lsq": 0.054654116161673254, "error_max": 0.4891189192839453, "target": "82.xyz", "model": "15.xyz", "model_rescale": 4.355366556412066, "target_rescale": 3.8746720129824053},
{"mapping": [2, 10, 1, 5, 6, 4, 9, 12, 0, 13, 11, 14], "R": [[0.42645731897316586, 0.6970621275812473, -0.5764013752465592], [0.5818110676182898, -0.6993254462617834, -0.4152587167148012], [-0.6925532735400833, -0.15826658049841955, -0.7037909155468348]], "T": [-0.0558087591416153, -0.002152364491524046, -0.16358243009587878], "aligned_model": [[-0.10541645360320312, 0.44634574868167476, 0.29729147811414014, -0.6072549227215605, -0.6232947374200474, -0.5228913180923118, -0.0908831881830675, -0.058686167568744105, 0.5160838757257749, 0.1018924579733879, 0.3484291743049698, -0.10380739257923233], [-0.5162577437200437, -0.3232864587786888, -0.6130943125275985, 0.46045235273396834, -0.30237534054762305, -0.11976881449594863, 0.3644250865108088, 0.622157648332319, 0.05906031828878079, -0.03779473501748114, 0.375167020187499, 0.04409140677498852], [0.11122216310924174, -0.006260983405302789, -0.628533015368853, 0.08323345385200945, -0.21831001881682852, 0.4014824294804967, -0.8287121650610064, 0.46393633105227683, -0.442917106810541, 0.67388729920571, 0.07946773043549593, -0.23923765646327788]], "inverted": true, "swapped": true, "error_lsq": 0.04583047073532271, "error_max": 0.2514595935510298, "target": "82.xyz", "model": "16.xyz", "model_rescale": 3.795458400668931, "target_rescale": 3.8746720129824053},
{"mapping": [5, 12, 13, 8, 2, 11, 7, 6, 3, 0, 10, 1, 14], "R": [[0.9703416987217094, -0.23084923778264782, 0.07173295711901345], [-0.20383491988728225, -0.6218236496196251, 0.7561657716455271], [-0.12995504282794462, -0.7483608609413647, -0.6504365523667061]], "T": [-0.06930446275326463, 0.0926636416999492, 0.03313558034274229], "aligned_model": [[-0.10541015449467887, -0.07289007510184156, 0.4966218305284017, -0.2713158320657051, 0.48761905757042423, -0.2507883204278742, -0.6416741404469247, 0.22222109648994304, -0.2663539699568704, -0.4245159226888359, 0.155959007050516, -0.037598363162641854, -0.14324241238968982], [-0.3634728905400515, 0.27211503667329906, 0.4885885035495138, -0.7686548128265268, 0.12679711157123336, 0.5494732659903687, 0.028634079348815178, -0.46531951193101173, -0.40179896609610044, 0.5576532267957515, 0.6195977706894233, 0.29564397978157775, 0.024524472464193883], [-0.5748528400035957, -0.8336604783760801, -0.4673307365004756, -0.12872156347351643, 0.20907286318223006, -0.3179202300140117, -0.41102522889238885, 0.17038327042822954, 0.5115880776036795, 0.29090591309437386, 0.26036473055848725, 0.8528322277476726, 0.04063902548169089]], "inverted": false, "swapped": true, "error_lsq": 0.05110025212050163, "error_max": 0.29132095730083163, "target": "82.xyz", "model": "17.xyz", "model_rescale": 3.7474275329858107, "target_rescale": 3.8746720129824053},
{"mapping": [1, 2, 10, 6, 9, 7, 0, 13, 3, 11, 5, 4, 12, 14], "R": [[-0.30735725945327247, -0.9084724040776869, 0.2832126517136581], [0.7225876521943139, -0.029156339757461486, 0.6906641678473388], [-0.6191918926776119, 0.4169266109056312, 0.6654123542293616]], "T": [0.05722930753830741, -0.08783067325903773, -0.016115230447637165], "aligned_model": [[0.6649446722244601, 0.14220590375294703, 0.6070966778524055, -0.3588081549265077, 0.005104381497337267, -0.19551721214478462, 0.6109064419168521, 0.08383824656609618, -0.08927039811035081, 0.2660872058311484, -0.6498813975044477, -0.42506445994479636, -0.2557315791426981, 0.008937320015215522], [-0.4113466455071144, 0.2556990722137502, 0.1714691084714057, -0.1579119360128198, -0.8012397453186721, -0.3149822523303535, -0.3084725575763036, 0.7573587096241321, -0.6808801399739742, 0.13729041623259833, 0.022470451413400455, 0.4336128132398671, 0.4318715748505484, -0.17453062781523102], [-0.5061441473399197, -0.4820005391012818, -0.11831988830679188, -0.5031170028247942, 0.24144504498117839, 0.6269298800787713, 0.21539034122462844, 0.09543059591140432, -0.38903444047424157, 0.5040294405938389, 0.24242333341707425, -0.232419307964598, 0.628490171253249, 0.0016912372131375544]], "inverted": false, "swapped": true, "error_lsq": 0.04259507217694884, "error_max": 0.263094080040923, "target": "82.xyz", "model": "18.xyz", "model_rescale": 3.922800546911778, "target_rescale": 3.8746720129824053},
{"mapping": [10, 6, 8, 1, 12, 3, 5, 9, 0, 2, 4, 11, 7, 13, 14], "R": [[0.8020627368454729, -0.02278133346612681, -0.5968051415742452], [-0.005567269297061231, -0.9995140114402281, 0.030671590230011442], [-0.5972138408279934, -0.021277964662271266, -0.8017997733494987]], "T": [0.07345684858946491, 0.03610017340642136, -0.03466929677395122], "aligned_model": [[-0.6188069634875639, -0.08744385028369048, 0.5342202409191322, -0.12553562191198597, 0.6768547830646902, 0.051091042119227305, 0.5813626002169543, -0.5859019126836122, -0.00866550145777642, -0.586378534838879, -0.03395510633344134, -0.164902276677798, 0.07556246305062822, 0.4374751926934115, 0.05990148363307066], [-0.3209041874103923, -0.5940962584686867, -0.33827126618394454, -0.13530492205798672, 0.5043906553136366, 0.6753567327968407, 0.31516845051280024, 0.4176160025669144, 0.648762300307673, 0.2380618264401125, -0.5838780148072726, -0.07079384230531452, 0.5449175238678929, -0.13734576249481198, 0.10294686177206766], [0.17490013828198606, -0.2643020345687267, -0.1827698556166274, -0.7267713946384297, 0.15302460774255963, -0.034413245286177105, -0.5313446075780092, 0.2524454571963009, -0.5971136705216412, -0.22691320504585302, 0.32304128060819726, 0.6279031215892411, 0.5812133944228094, 0.5214070462719935, 0.03352369104674965]], "inverted": true, "swapped": false, "error_lsq": 0.04159082977491961, "error_max": 0.24865175931960548, "target": "82.xyz", "model": "19.xyz", "model_rescale": 3.9282355846067225, "target_rescale": 3.8746720129824053},
{"mapping": [7, 11, 10, 12, 5, 13, 4, 2, 8, 3, 0, 9, 1, 14], "R": [[-0.4843593902475168, 0.8694098059463653, 0.09758365848520584], [-0.5571530639918381, -0.3925327878884245, 0.7317776121999414], [0.6745194173361952, 0.300074323721382, 0.6745212790413619]], "T": [0.044435584308096, -0.09808547761170874, 0.07304352255216584], "aligned_model": [[-0.6482330813752908, -0.1364559300313932, 0.5358694638939955, -0.45631029140140056, -0.5433291840194245, 0.2398959796305233, 0.0665304351387423, 0.5411916654213308, -0.5120854990701537, 0.043191183011352614, 0.14769548436745156, -0.39455361234141895, 0.6739491421989993, -0.024832936338637014], [-0.31605827215121984, -0.624932741489791, -0.46362199740810117, -0.358177041796818, 0.23633594941236266, -0.28876338570397475, 0.34141277934080405, 0.11152778640907887, 0.5884966335468599, 0.32657879797226985, -0.6345873753418314, -0.15036800555024976, -0.1803823905713883, -0.06457864924316498], [0.11407567676640534, -0.1605412072787754, 0.0029572291703836018, -0.6089806803790441, -0.27582459372585444, -0.7349990315120969, -0.524995892050348, -0.15406549129734817, 0.2396721420515277, 0.6491487867539678, 0.40521689104476777, 0.6915593509576331, 0.6307610018503395, 0.1381989748921253]], "inverted": true, "swapped": true, "error_lsq": 0.04962971765610735, "error_max": 0.290225156135369, "target": "82.xyz", "model": "20.xyz", "model_rescale": 4.067790424073018, "target_rescale": 3.8746720129824053},
{"mapping": [10, 1, 5, 7, 4, 2, 8, 3, 0, 12, 13, 11, 6, 6, 14], "R": [[-0.9307268726445245, 0.23984708056448645, -0.2760812678941407], [0.007433380770888912, -0.7423454785909952, -0.6699760706665736], [-0.36563948554232834, -0.6256169501861337, 0.6891380110341777]], "T": [0.0026572692106916172, 0.06971329684804459, -0.032590739913722855], "aligned_model": [[-0.48097692001575715, 0.04783232655042785, 0.4901331336935575, -0.06008763851958958, 0.7595744578610641, 0.2369340876803623, 0.38946991595592567, -0.42676457587680494, -0.08557441638758811, -0.7574424852094508, -0.0032929637438881033, -0.4114186761526742, 0.28104023110054926, 0.28104023110054926, -0.05558867001431632], [-0.586895854299048, -0.6093771522783906, -0.2618556802289763, -0.014479342111089893, 0.32881536102294473, 0.7726748343268907, 0.026406400839274896, 0.7141847775655967, 0.6022571062469685, 0.15976939705061413, -0.5336613051252622, 0.0025245019072641928, 0.32418012903844284, 0.32418012903844284, 0.01790279685585605], [0.04646123789100265, -0.49095792610665595, -0.0026672400404376823, -0.7712643033419815, 0.016551752922939672, 0.03582987607325905, -0.44932613054077997, 0.31954333420321906, -0.4941861149429014, -0.06653376636145629, 0.3224123438736405, 0.4594042105532395, 0.6040460957624618, 0.6040460957624618, -0.029528741803637876]], "inverted": false, "swapped": false, "error_lsq": 0.054578366500043475, "error_max": 0.41724884059401307, "target": "82.xyz", "model": "21.xyz", "model_rescale": 4.186013935880536, "target_rescale": 3.8746720129824053},
{"mapping": [10, 1, 2, 12, 7, 13, 11, 0, 6, 3, 9, 5, 14], "R": [[0.851409988804339, 0.417424430639646, 0.31758128986034834], [0.2972555060476582, 0.11484294612320987, -0.9478661624143423], [-0.4321344641295645, 0.9014255057579128, -0.026303278893424136]], "T": [0.012596830168102518, 0.013990374403252716, -0.022000352928880782], "aligned_model": [[-0.06261850712781258, -0.5187878612453777, 0.31436898138555625, 0.5210011061702332, -0.1261584280479646, 0.6771910682773489, 0.008889998394248182, -0.5067462252935324, 0.2532544189376903, -0.34151464701589374, -0.5819139606156227, 0.4562308022042539, -0.034622710599901574], [-0.2777709430714014, 0.251112533071389, 0.17957939401625736, -0.5654367491983469, -0.26117333479080906, -0.45850280275615113, -0.5816244326122628, -0.3227451358775408, 0.6116332863019135, 0.6308254418065469, 0.1568528544360789, 0.09503105080113447, 0.06117549741928519], [-0.5598240047801357, -0.634790920550339, -0.4950718846038699, 0.41313223348795564, 0.6367997447626624, -0.2721209161829678, 0.0784031653766042, -0.1823999377903131, -0.013273687659893264, 0.05773754446641299, 0.42983373048151496, 0.5908906519975217, 0.0535638423301924]], "inverted": false, "swapped": true, "error_lsq": 0.0438553519326506, "error_max": 0.2793482690932113, "target": "82.xyz", "model": "22.xyz", "model_rescale": 4.166573947596378, "target_rescale": 3.8746720129824053},
{"mapping": [9, 11, 2, 12, 1, 5, 6, 7, 13, 14, 3, 8, 0, 4, 15], "R": [[0.0388148895846675, -0.1796454532278051, 0.9829653684037429], [0.7416570848028642, -0.654061825852875, -0.14882169372682247], [0.6696552642279808, 0.7347997272023035, 0.10784798558699793]], "T": [-0.056574380241468505, 0.02088263952322296, -0.00739043097063812], "aligned_model": [[-0.5293397257971505, -0.07027838030190922, 0.5663445077814654, -0.06791481000847013, 0.572841362480596, 0.15129426256247253, 0.5098721554378175, -0.23416854174028773, -0.3789661643337903, -0.6366925262225568, 0.07485486736012086, -0.33429296011837334, 0.2685417928605012, 0.31769177151499123, -0.004909573453060007], [-0.34215647154294326, -0.696702954039548, -0.2329576566912634, -0.16154730245498855, 0.34115320929540777, 0.817155698245818, 0.18571474450906722, 0.6439036771716052, 0.7176134417808062, 0.1325409065040543, -0.5127914157842699, -0.06410217367385397, 0.4908832932306958, -0.11869700065660067, 0.06661610395554197], [0.06433612031965028, -0.33446296683984333, -0.02600231295781675, -0.6366535445819024, 0.08936516741298524, -0.12487159751555968, -0.48809442653311985, 0.29542097584766497, -0.36438183931405765, -0.5336727994179837, 0.2362178767337571, 0.7474135913677427, 0.5758373310058409, 0.6092909171024775, -0.005911768725461882]], "inverted": true, "swapped": false, "error_lsq": 0.052525997091800836, "error_max": 0.4274654142304145, "target": "82.xyz", "model": "23.xyz", "model_rescale": 4.274766983524099, "target_rescale": 3.8746720129824053},
{"mapping": [6, 2, 1, 3, 0, 9, 8, 7, 5, 11, 14], "R": [[-0.7489901736225285, -0.5106887543572701, -0.42215011073066744], [-0.09891676136521321, 0.7161732051816044, -0.6908772789004755], [0.6551558548451754, -0.4757025713120834, -0.5869223709394287]], "T": [0.03904588284591992, 0.2561733949917972, 0.011267893690243037], "aligned_model": [[0.20614406689214287, 0.25718438884021183, -0.5894716433774704, -0.37303043746299097, -0.45259659177783423, -0.5067490899395088, 0.16205338249404455, 0.01781581077768074, 0.5433328635943022, 0.11879312611599158, -0.0035811721984943257], [-0.171819346281473, 0.4746203188182847, 0.5188074620379135, -0.23835438918902657, 0.6053729326263453, -0.16693154885154665, -0.6347349267046272, -0.015180432971138358, -0.2321071430090509, 0.6067399511754874, 0.16917365359231482], [-0.44047283965983436, -0.48570228893789935, -0.488830050939318, -0.30158022896155323, 0.22383176650418643, 0.3292252204940245, 0.016495302809318692, 0.6857321561595511, 0.3050209082323542, 0.49664926158808576, 0.03919722673266152]], "inverted": true, "swapped": true, "error_lsq": 0.05110790302794848, "error_max": 0.268603990455664, "target": "82.xyz", "model": "24.xyz", "model_rescale": 3.7841303162186577, "target_rescale": 3.8746720129824053},
{"mapping": [11, 10, 8, 14, 2, 5, 9, 3, 12, 13, 7, 6, 4, 1, 15], "R": [[0.6960131499388398, 0.29712119113099766, 0.6536701713349874], [0.38458648447821764, 0.6145086414379353, -0.6888195449860501], [-0.6063488526161324, 0.7308201744471758, 0.31343730083080334]], "T": [0.07717437783150607, -0.04916003039876535, 0.024469019875526257], "aligned_model": [[-0.6540017376039448, 0.0036160947409306365, 0.660388399507821, -0.09923853326378554, 0.5841957935142617, 0.06767523246853765, 0.33598420224070735, -0.4531131924132247, -0.04172372843399266, -0.5739378326628338, -0.12416869713877124, -0.3025834354638003, 0.19577861585907494, 0.5722430560385771, 0.033763800632808774], [-0.278451337809134, -0.6809524511286132, -0.07056103508374365, -0.025921176548733965, 0.49979827917253195, 0.8278399975464242, 0.05207757738514454, 0.4973826678336515, 0.5271959138719291, 0.20772433190698172, -0.6205124360251706, 0.016285965050976667, 0.45603356213856383, -0.10826571540767208, -0.033048043053606924], [0.07174008634809946, -0.4235071194157137, 0.11860289028079309, -0.7486010951730269, -0.07734986991855812, 0.03539891764235552, -0.49022421894308627, 0.28731509552802775, -0.45391259793440814, -0.32490658176114345, 0.26073783890734925, 0.6356377994804637, 0.5605817054552298, 0.5762388230191338, 0.07607905038885744]], "inverted": true, "swapped": false, "error_lsq": 0.04625256995873851, "error_max": 0.30805771138186516, "target": "82.xyz", "model": "25.xyz", "model_rescale": 4.19342608120988, "target_rescale": 3.8746720129824053},
{"mapping": [2, 10, 1, 5, 6, 4, 9, 12, 0, 13, 11, 14], "R": [[0.42645731897316586, 0.6970621275812473, -0.5764013752465592], [0.5818110676182898, -0.6993254462617834, -0.4152587167148012], [-0.6925532735400833, -0.15826658049841955, -0.7037909155468348]], "T": [-0.0558087591416153, -0.002152364491524046, -0.16358243009587878], "aligned_model": [[-0.10541645360320312, 0.44634574868167476, 0.29729147811414014, -0.6072549227215605, -0.6232947374200474, -0.5228913180923118, -0.0908831881830675, -0.058686167568744105, 0.5160838757257749, 0.1018924579733879, 0.3484291743049698, -0.10380739257923233], [-0.5162577437200437, -0.3232864587786888, -0.6130943125275985, 0.46045235273396834, -0.30237534054762305, -0.11976881449594863, 0.3644250865108088, 0.622157648332319, 0.05906031828878079, -0.03779473501748114, 0.375167020187499, 0.04409140677498852], [0.11122216310924174, -0.006260983405302789, -0.628533015368853, 0.08323345385200945, -0.21831001881682852, 0.4014824294804967, -0.8287121650610064, 0.46393633105227683, -0.442917106810541, 0.67388729920571, 0.07946773043549593, -0.23923765646327788]], "inverted": true, "swapped": true, "error_lsq": 0.04583047073532271, "error_max": 0.2514595935510298, "target": "82.xyz", "model": "26.xyz", "model_rescale": 3.795458400668931, "target_rescale": 3.8746720129824053},
{"mapping": [0, 3, 1, 10, 13, 7, 9, 11, 8, 2, 12, 4, 14], "R": [[-0.39664557368668696, 0.5498978566237059, 0.7350405676936567], [-0.9146449649004588, -0.30485300794655545, -0.2654980823436882], [0.0780825016056566, -0.7776097934225055, 0.6238799019975008]], "T": [-0.04516311152500288, -0.06486739892061322, -0.05060639743453996], "aligned_model": [[-0.12925303135275892, 0.41107957065216416, 0.5965358778671215, 0.09338995711197723, -0.32146280282149675, -0.6613055009092083, -0.1560136806432471, -0.5573249766158458, -0.019703813644472462, 0.34790809453697746, -0.8261362996760673, -0.025299723731377843, -0.05273728795250937], [-0.5773374238064317, -0.39163594624265846, -0.49991573387694926, -0.08693442917370843, 0.5990597524940082, -0.30142846094825454, -0.7033026075196231, -0.11423267439093612, 0.0012672087214367356, 0.30341052688122755, 0.3511545042433052, 0.6604289331245845, -0.11865214624908572], [-0.42362033677314315, 0.3935821913131963, -0.3868566635024068, -0.650899981588818, -0.5092509418877229, 0.25499641209885615, 0.34703595850611235, -0.36699997978168164, 0.845972570792567, -0.27896844568293006, -0.07422254998555902, 0.10702836479379993, 0.03434006379715604]], "inverted": true, "swapped": true, "error_lsq": 0.04878895574113855, "error_max": 0.22018510746900083, "target": "82.xyz", "model": "27.xyz", "model_rescale": 3.6321398670334006, "target_rescale": 3.8746720129824053},
