[{"mapping": [8, 7, 5, 11, 12, 1, 3, 6, 0, 9, 2, 13], "R": [[0.9082087683551714, 0.3806613954271545, 0.17393600867627923], [0.2026653992205113, -0.03639367402077583, -0.9785715285302657], [-0.3661742331753751, 0.9239980533111104, -0.11019994753040958]], "T": [0.01545140077096505, 0.020986518146973124, 0.0029783368164510854], "aligned_model": [[0.014217463222026178, -0.16822285675118145, 0.08349074025476966, -0.4361361366085776, -0.4647619313304489, -0.02497483419665866, 0.5167566243058715, 0.6265831806472818, 0.0928457040725611, -0.3065905457170648, 0.5834273690128905, -0.05888509309404384], [0.2534552811380711, 0.6594618830908228, -0.6221180593903909, -0.0807488052270416, 0.002975183680178642, -0.37580295840896444, -0.10292108669203262, 0.05764334862347116, 0.24992092074919675, 0.6371443881587378, 0.4643759557541654, 0.1358680084070258], [-0.7430349896424093, -0.35758713290988764, -0.3896899851484025, -0.5193055523709771, 0.32576395526372387, 0.4200729834421055, 0.0838503598986685, -0.45497418101948783, 0.7357890870802899, 0.23402299849248503, 0.2714319669422683, -0.08543088855560019]], "inverted": true, "swapped": false, "error_lsq": 0.053841332039748425, "error_max": 0.29170805626156004, "target": "820.xyz", "model": "0.xyz", "model_rescale": 3.8414455957264533, "target_rescale": 3.9202556843616416},
{"mapping": [9, 13, 6, 8, 10, 3, 4, 7, 1, 12, 11, 14], "R": [[-0.8333066328850226, -0.39245110785542114, 0.3893355667452933], [-0.3590749815808816, 0.9197408867065421, 0.15856184573520005], [-0.4203156114070898, -0.007670023684214308, -0.9073455557526955]], "T": [0.12336874559025952, 0.016035862932060496, -0.09775324797244365], "aligned_model": [[0.14369891117373906, 0.08834438989019942, -0.28161250094451423, -0.5287639131633555, -0.4649304183435709, 0.2951733590874721, 0.5837275278110289, 0.6318668634849204, 0.317374503496401, -0.44911172513766445, 0.014653730133144235, 0.10732895632962523], [0.09317111268590679, 0.7064526532780635, -0.5666219350910289, 0.2981277601725629, -0.17579712498491262, -0.3261212011025838, -0.21784883205721076, 0.035543007780426836, 0.21854755541450185, 0.45446875731441516, 0.7347460403279618, 0.024586266145136856], [-0.7753567585936633, -0.4091130892420729, -0.424138379591009, -0.44336799649855313, 0.19462578491465043, 0.5854660435821213, 0.07308286041854208, -0.4901868570486466, 0.7206895853860642, 0.15191102986024602, 0.3471086726857366, -0.00981227440063974]], "inverted": false, "swapped": false, "error_lsq": 0.06443247180073951, "error_max": 0.5219983971825465, "target": "820.xyz", "model": "1.xyz", "model_rescale": 4.316132596720782, "target_rescale": 3.9202556843616416},
{"mapping": [2, 0, 6, 4, 3, 7, 10, 1, 7, 5, 9, 11], "R": [[-0.9738332301525572, -0.07451949286187476, -0.21469905690115654], [0.08531548479513035, 0.7557451474982113, -0.6492846371870191], [0.2106421323116744, -0.6506121096448452, -0.7296120715001057]], "T": [0.12016784830530867, 0.11128759036190905, -0.12798261912960684], "aligned_model": [[0.12322904381184686, -0.10842211912097426, -0.16379606374806144, -0.5514328903870113, -0.35594168255766384, 0.09175516683560275, 0.5148144437420504, 0.5512042324878702, 0.09175516683560275, -0.25999926004699525, 0.4974154105198014, 0.027168235445357097], [0.18710894682503076, 0.7153225222566951, -0.628249760779632, 0.048401072456293937, -0.167945397441143, -0.00887240542396478, -0.3520679470520272, 0.35534677520006275, -0.00887240542396478, 0.5198644013364839, 0.5780598731650218, 0.04115838476438281], [-0.9616295184407989, -0.42260523609808953, -0.34831184078985117, -0.5012485629155088, 0.22749686267367852, 0.7581411954269125, 0.03569850149009213, -0.3498835276716102, 0.7581411954269125, 0.19496914379775743, 0.3076312213782516, -0.1774908128049697]], "inverted": true, "swapped": false, "error_lsq": 0.04956428158537065, "error_max": 0.3392771300361998, "target": "820.xyz", "model": "2.xyz", "model_rescale": 3.795458400668931, "target_rescale": 3.9202556843616416},
{"mapping": [9, 4, 8, 7, 1, 2, 6, 5, 2, 0, 10, 11], "R": [[-0.30104348135135817, 0.6484160235925596, 0.699234926676484], [-0.0007014401595038522, 0.7330993287620612, -0.6801212260695281], [-0.9536101563624192, -0.20523653309542333, -0.22023994906786115]], "T": [0.03235302162280248, 0.1103778647442646, -0.07059389637616083], "aligned_model": [[0.19608962897280616, 0.03108732214845008, -0.06832364797750726, -0.5379619618778796, -0.39704115209139734, 0.24890608191788263, 0.2818188993568806, 0.6344002912024284, 0.24890608191788263, -0.5407688241080505, 0.431393985313722, -0.0707570209577926], [-0.012245914715730763, 0.7262512460785129, -0.6084837476377944, 0.16115903021994638, -0.22665774603067224, -0.016686375601817502, -0.40705042353510734, 0.29519179279438124, -0.016686375601817502, 0.557874108429667, 0.6284823106744762, 0.19810615480919574], [-0.9148144688166401, -0.2485071041274594, -0.35984314438381193, -0.5760287482052767, 0.2429288023388067, 0.6537573736006971, 0.06105350753120474, -0.38237509006755027, 0.6537573736006971, 0.21834624622997845, 0.2630898278360543, -0.09045595406392334]], "inverted": false, "swapped": false, "error_lsq": 0.06189120528284391, "error_max": 0.34500150243020095, "target": "820.xyz", "model": "3.xyz", "model_rescale": 3.7530521520055578, "target_rescale": 3.9202556843616416},
{"mapping": [6, 2, 0, 3, 7, 4, 10, 5, 8, 9, 11], "R": [[-0.3197787958156608, 0.6741011351495723, -0.6658296939433871], [-0.9314714799420294, -0.09498198504216229, 0.35119695979899423], [0.17350044323082237, 0.7325067113054385, 0.6582792067893377]], "T": [-0.0851326041999447, 0.006024647490676133, -0.040252540070219577], "aligned_model": [[-0.45473980273808867, -0.2671750319900128, 0.5313318431124883, 0.561586162391408, 0.18825415669277187, -0.19395367552358878, -0.13465887108425637, -0.7306777288502927, -0.5425524093953179, 0.31516323420631076, 0.06562172562378349], [-0.4513053745765764, 0.0023250352496423793, -0.3292293848055048, 0.35238401984298495, -0.7219985692695163, 0.50519652087437, -0.3753610397475874, 0.1759161208530208, 0.12123474026937331, 0.29025599094317145, -0.10221470131903182], [-0.11682848973553941, -0.7535639376809503, -0.48243607581250414, -0.35788958044048746, -0.07580623078795476, -0.10478287882174356, 0.7557181719806276, 0.14597008289641286, 0.6801949998752104, 0.3259328038083437, 0.0763219119639014]], "inverted": false, "swapped": true, "error_lsq": 0.05163818105280331, "error_max": 0.24918989886147666, "target": "820.xyz", "model": "4.xyz", "model_rescale": 3.7855080009869324, "target_rescale": 3.9202556843616416},
{"mapping": [8, 13, 10, 15, 9, 3, 5, 6, 2, 14, 1, 16], "R": [[0.9967304819554097, -0.02362242745265209, 0.07726789282866045], [0.07617615278178966, 0.5935436833198924, -0.8011885481822748], [-0.026935851356558377, 0.8044550185761165, 0.5934025471797352]], "T": [0.17479647488701078, 0.18830671061550644, -0.06412811794869483], "aligned_model": [[-0.04616660669272424, -0.03736592999031463, -0.04286809893720789, -0.560540678004782, -0.37456951179885145, 0.05080301982916524, 0.5580624703451247, 0.5967455948951335, -0.04625966714593305, -0.3990102797886004, 0.6293649908806558, 0.1295543802257592], [0.07199208461126808, 0.6982039508519476, -0.4670058664912228, 0.07910794284591863, -0.15684124192339058, -0.27287571455308857, -0.49006222168099434, 0.38321325901786374, 0.21720476578688172, 0.44502817278648543, 0.57587182155177, 0.1954171070798004], [-0.7221221136051155, -0.5330199575357464, -0.29683358342370947, -0.42003963417211204, 0.22910203530966128, 0.4402060958596405, 0.15502026338164998, -0.5224374518938077, 0.6402047380615263, 0.18594646629030182, 0.4009145554068447, -0.03603279220635705]], "inverted": true, "swapped": false, "error_lsq": 0.04849560986785504, "error_max": 0.27628917945267134, "target": "820.xyz", "model": "5.xyz", "model_rescale": 4.2253639853439635, "target_rescale": 3.9202556843616416},
{"mapping": [10, 8, 3, 1, 0, 7, 6, 5, 12, 9, 11, 13], "R": [[0.3411870094206425, 0.1435099496499942, -0.9289759517630447], [0.16213799644531363, -0.9824491872731794, -0.09222182244441225], [-0.9259064179015599, -0.11915741176160786, -0.35846731581969477]], "T": [0.011502706630218334, 0.0824026710489809, -0.14777121428445827], "aligned_model": [[0.09972859518451758, -0.023825668603825827, 0.09942064170181851, -0.5988038133724443, -0.6222731078901832, 0.04896780352248166, 0.529062586135587, 0.5418027508216584, 0.1787868202732489, -0.4031747173320664, 0.5859443188399257, 0.022113474536707492], [0.27001666685493037, 0.7919212254338759, -0.6100534187725619, 0.17315599512909402, -0.1988001883266946, -0.3708237585507475, -0.22052635128416026, 0.2735932066280429, 0.23451676759314283, 0.4605328379034058, 0.453067109252535, 0.02265396802237714], [-0.8997882723061954, -0.35074954437312167, -0.022134941416519338, -0.5452577772886888, 0.2551131588730834, 0.5022852340752573, 0.08478791083813234, -0.4358151496245953, 0.7578893686185688, 0.09234675350644111, 0.22395246968838778, -0.14172058911797325]], "inverted": true, "swapped": false, "error_lsq": 0.05136670468765536, "error_max": 0.36683246444019385, "target": "820.xyz", "model": "6.xyz", "model_rescale": 3.89814844738969, "target_rescale": 3.9202556843616416},
{"mapping": [10, 5, 11, 9, 8, 7, 4, 2, 3, 6, 0, 12], "R": [[-0.8999491148713757, 0.06281339144006148, 0.43144648393285734], [0.4144244788417907, -0.18416431650911186, 0.8912552136517589], [0.1354398094318577, 0.9808863249023965, 0.13970710662143415]], "T": [0.11438103865180171, 0.09913222328550354, 0.014367275824158539], "aligned_model": [[0.15394820046475122, -0.1375824442247765, -0.1931239465152254, -0.5871285113314701, -0.4857404508600791, 0.3105296233755396, 0.601677077468324, 0.636296506533288, -0.10732392995525666, -0.32958773893466325, 0.41846424524956816, 0.1773210525474253], [0.03790596404841112, 0.6912753378405078, -0.6218416524750687, 0.19806232625706105, -0.13102139173220723, -0.2778304364772315, -0.2816359040028844, 0.30602717719220257, 0.2574657975156058, 0.5667392976216246, 0.4682480221203817, 0.06585952197483702], [-0.7161047961526055, -0.41974968906736876, -0.18806227683852833, -0.5297311206473976, 0.22548402938733475, 0.5150663525173708, -0.16744029326825993, -0.41731150168865905, 0.774735162334613, 0.21835550976663837, 0.36407761022109736, -0.13841036509145888]], "inverted": true, "swapped": false, "error_lsq": 0.05039169238043814, "error_max": 0.27924988777352155, "target": "820.xyz", "model": "7.xyz", "model_rescale": 3.7474275329858107, "target_rescale": 3.9202556843616416},
{"mapping": [7, 5, 10, 6, 0, 1, 12, 11, 2, 3, 4, 14], "R": [[0.7017593220724267, 0.45132723612659753, 0.5512146404212923], [0.3393961225249228, -0.8920803822001162, 0.2983334773516748], [0.6263737908784943, -0.022278187179864822, -0.7792044381781222]], "T": [0.17301362746413773, 0.11997310004055112, -0.0252633690317942], "aligned_model": [[0.030910005874797863, -0.18513291268961518, -0.00499237366742708, -0.5491875823543976, -0.3813947989029326, -0.010714810965665927, 0.550673466998211, 0.5629151544911998, 0.07111204737884477, -0.4454666059194159, 0.6174018903386632, 0.20162620323516292], [0.18846388360208807, 0.6259686242547879, -0.42146961605023253, 0.09290786738854669, -0.21435362528965823, -0.23387500860346483, -0.3676082380907661, 0.01716114482450104, 0.42955934187712147, 0.4499353097209227, 0.5867663366177405, 0.12579803963165329], [-0.6878289923645607, -0.3840405272692487, -0.5256802037222815, -0.4055671740559898, 0.0974972725848456, 0.6117901585238195, -0.008527087828142647, -0.4984297844465878, 0.7508564172715028, 0.12554007284299762, 0.41841330598130516, 0.026885163955116823]], "inverted": false, "swapped": false, "error_lsq": 0.049329949663220095, "error_max": 0.2900963935817696, "target": "820.xyz", "model": "8.xyz", "model_rescale": 4.019505241142653, "target_rescale": 3.9202556843616416},
{"mapping": [4, 7, 5, 8, 11, 6, 2, 0, 10, 9, 1, 12], "R": [[-0.41383550939336866, -0.08696614657270862, -0.9061882036946989], [-0.8537671398091118, -0.30839543480262716, 0.4194924633114006], [-0.3159459481419242, 0.9472745880383324, 0.05337614363653309]], "T": [0.09068741791113624, 0.05605493217288433, -0.003665308900446751], "aligned_model": [[0.0811947687876223, -0.018519359492322335, -0.08270276739795765, -0.4654657226653889, -0.4917455750004738, 0.11126528203711256, 0.6243031687158493, 0.47725070519768675, 0.1086351539095959, -0.3727279376738918, 0.4200090573568086, 0.06625291004278407], [0.0010618198800636733, 0.6701170758358814, -0.5475998717635001, 0.2782855859440084, -0.1272581947871487, -0.4514737259485338, -0.19879080358016504, 0.3292075588382562, 0.21890228375360266, 0.5235003973184275, 0.5558895087426996, 0.027412425649648204], [-0.8309985660925456, -0.6598554898425666, -0.24043828131275666, -0.31582576785934224, 0.11640812798360613, 0.516000978884688, 0.013069196717205793, -0.449313764007287, 0.8970779270294511, 0.18094510996401303, 0.3094128858507121, -0.015573735842401482]], "inverted": false, "swapped": false, "error_lsq": 0.04671530695040624, "error_max": 0.2583010313673802, "target": "820.xyz", "model": "9.xyz", "model_rescale": 3.877068213659057, "target_rescale": 3.9202556843616416},
{"mapping": [14, 6, 2, 13, 4, 7, 8, 10, 1, 3, 0, 15], "R": [[-0.0786742739738005, 0.8405359292242611, -0.5360127893043255], [0.9909770352340348, 0.007413898279689468, -0.13382656593913317], [-0.10851209266002623, -0.541705072705994, -0.833535086214813]], "T": [0.07131338548220378, 0.19428777361325605, -0.07159531901992182], "aligned_model": [[0.08347581141161003, -0.10831196713157001, -0.10875210674113289, -0.4950320045418316, -0.4482064157110418, 0.015761178123155445, 0.6460765612836638, 0.4505670064463148, 0.1281818424484803, -0.43762240860472934, 0.6008772449652876, 0.13073494186921888], [-0.06081193840812821, 0.6639837840567, -0.42503751184835964, 0.06866974870342671, -0.05908635411946467, -0.4315130029630851, -0.2507512509505412, 0.37772806396188496, 0.11475817496227231, 0.5382096782119392, 0.5089619885635974, 0.23414267971299796], [-0.809360701076239, -0.42856165580357086, -0.22769774452241298, -0.5825860302661714, 0.28052881720022477, 0.44953221787560055, 0.18707530970707859, -0.6423204107429852, 0.7905807834928553, 0.08797730946799333, 0.4326945706353806, -0.01695384449497725]], "inverted": false, "swapped": false, "error_lsq": 0.04864924972078965, "error_max": 0.27089651158807615, "target": "820.xyz", "model": "10.xyz", "model_rescale": 4.260839863003843, "target_rescale": 3.9202556843616416},
{"mapping": [2, 1, 4, 8, 10, 6, 5, 3, 6, 7, 0, 11], "R": [[0.49448975987623955, 0.02305696320142414, 0.8688775827615001], [-0.6834111281974085, 0.6279819842415925, 0.37227390094383184], [-0.5370559628506928, -0.7778862409863803, 0.3262880458285209]], "T": [-0.06261122572356494, 0.06426722442543378, -0.15612709968678662], "aligned_model": [[0.06024125683197361, 0.08666227913143014, 0.04194286179797686, -0.6831047062924032, -0.4323875225771706, 0.1916967117964834, 0.42294289096019416, 0.6036286026819282, 0.1916967117964834, -0.3236654564279017, 0.35850648602501006, -0.060410431906579534], [0.08326251652081806, 0.7010857196975888, -0.6160905844573686, 0.25068883905614603, -0.2795255388766238, 0.018172118633966228, -0.33487923377949336, 0.17568011160038138, 0.018172118633966228, 0.5136678673122664, 0.6237313060867943, 0.12528881945479803], [-0.8305924972792809, -0.4650611832206461, -0.4056958342589506, -0.46572075147698433, 0.21590222473344006, 0.641656109456274, 0.0919257312219024, -0.3741746427372146, 0.641656109456274, 0.24324162728931736, 0.37273401973634024, -0.14496229144769554]], "inverted": true, "swapped": false, "error_lsq": 0.05256704527803799, "error_max": 0.3523802624551201, "target": "820.xyz", "model": "11.xyz", "model_rescale": 3.890672605050136, "target_rescale": 3.9202556843616416},
{"mapping": [3, 4, 8, 7, 5, 9, 6, 0, 9, 12, 11, 13], "R": [[0.013319321102139736, -0.3223803314188697, 0.94651651734116], [-0.5450460898669747, -0.7959466301112219, -0.2634268815730698], [0.8383002777084715, -0.5123864595486985, -0.18631360783649176]], "T": [0.22350050001638855, 0.1663451052563254, -0.031084807948038418], "aligned_model": [[-0.04015194950357409, 0.1177768398725238, 0.08938153109114053, -0.5717175032732275, -0.4123769032909047, 0.029381523856046615, 0.5906880078840575, 0.47998673825226007, 0.029381523856046615, -0.43099645825085453, 0.49269692396081355, 0.08369940936309744], [0.11013645267356559, 0.710368518534176, -0.44240441929075736, 0.10735752210319296, -0.20138265159462193, -0.02670378452393457, -0.23656620691232855, 0.12113000486210296, -0.02670378452393457, 0.4669999695388533, 0.4648189735899176, 0.2322034654270084], [-0.9144823001558156, -0.4599415174868344, -0.39250860956639094, -0.3329340460690415, 0.22466586485577705, 0.6975237050892931, 0.15571495793517012, -0.5610517352549864, 0.6975237050892931, 0.15963103027011916, 0.3446927847218375, -0.09792521795564485]], "inverted": true, "swapped": false, "error_lsq": 0.05602178050801606, "error_max": 0.304901784493365, "target": "820.xyz", "model": "12.xyz", "model_rescale": 4.124412569039231, "target_rescale": 3.9202556843616416},
{"mapping": [10, 2, 7, 11, 9, 3, 0, 4, 6, 8, 1, 12], "R": [[-0.03780411718377929, -0.44031479632135784, 0.8970472277781346], [0.2692014764489743, 0.8600139315375858, 0.4334819519183669], [-0.9623416305042859, 0.2578738406697085, 0.08602132582450929]], "T": [0.12936659567686543, -0.057431108402386924, 0.004334459651773689], "aligned_model": [[-0.1407113409929372, 0.07393134155669936, -0.10329282572193621, -0.5913662708403562, -0.4448992256342786, 0.22424641380611793, 0.6809667511514896, 0.6587526850984411, -0.06987843752304784, -0.34265325956020104, 0.40801695831337664, 0.10463689416405803], [0.009076632979995433, 0.6892152113238743, -0.5646577969671788, 0.43146820306024475, -0.24772081786542183, -0.41764167247922446, -0.1715804094732909, 0.24617811952815266, 0.19598042481204836, 0.47364907528929595, 0.6422413093511169, -0.006954219676372914], [-0.679218245527503, -0.4220945725315231, -0.2814422968523457, -0.4774066115781228, 0.21085289695629883, 0.6126103390068023, 0.1438858800652541, -0.4914962178903485, 0.5905910812460669, 0.10457025989514881, 0.31365109700941707, -0.10359498832636857]], "inverted": false, "swapped": false, "error_lsq": 0.05579063645014679, "error_max": 0.32731164664962675, "target": "820.xyz", "model": "13.xyz", "model_rescale": 3.9028299243045295, "target_rescale": 3.9202556843616416},
{"mapping": [10, 4, 14, 7, 6, 1, 12, 5, 2, 3, 8, 15], "R": [[0.9863007318552722, 0.0709255120024068, -0.1489309843147181], [0.03667419081163767, -0.9745326758962551, -0.22122628085016488], [-0.16082869790577162, 0.21273371937161462, -0.9637834272139427]], "T": [0.07065741128826739, 0.10628429613431704, 0.0029366177604380622], "aligned_model": [[-0.022059602337099124, -0.02417680595090936, 0.12745762492044993, -0.6579257407892165, -0.5071043894261467, -0.04662453458783018, 0.652788989876326, 0.4761957568220119, 0.15978765661738098, -0.38006008588725004, 0.7006174846607546, -0.02114667010104665], [0.07085253609657931, 0.643630104835672, -0.5959041060313973, 0.10728094365170339, -0.05375538223651828, -0.29998978008458305, -0.25643455942647575, 0.29609791708308447, 0.3288792654148111, 0.5174547211578948, 0.4647692963194628, 0.05637310310300641], [-0.7356436065984301, -0.39909475787388726, -0.5325592611949952, -0.5353881476365612, 0.29446168569016906, 0.49627734779070987, 0.12040212755854664, -0.2452795647483248, 0.6991097633028184, 0.13131911097473448, 0.26966863712896133, -0.042364712920964956]], "inverted": false, "swapped": false, "error_lsq": 0.05151051233682603, "error_max": 0.27354735557633675, "target": "820.xyz", "model": "14.xyz", "model_rescale": 3.942246331269136, "target_rescale": 3.9202556843616416},
{"mapping": [12, 3, 8, 1, 2, 7, 6, 4, 9, 5, 10, 14], "R": [[0.46754568395804963, 0.2819127601264292, 0.8378103777646215], [0.8230792849422719, -0.48451106664777394, -0.29629295805799116], [0.3223996341671586, 0.8281148603748967, -0.45856761106204136]], "T": [0.15569535753316371, 0.09646433135614366, -0.11015281604637886], "aligned_model": [[-0.11993215539208174, -0.08381790905964975, 0.23488868242731653, -0.5346589465416893, -0.48739682558854963, -0.0781451002196335, 0.4385606557045646, 0.5286212121782674, 0.1729379721940409, -0.33735107956718136, 0.6559163193570725, 0.06812685832494905], [0.06981294350208188, 0.6725206209547169, -0.6701555713152096, 0.30177025361374976, -0.037166939094118195, -0.4719751209915898, -0.24405377216358434, 0.4882948547671667, 0.1897002146330395, 0.4466598749520755, 0.47572556003644173, 0.058121140988469856], [-0.8791752057118842, -0.46700079045650633, -0.17988995398711413, -0.4815041980444772, 0.27872125895102173, 0.4841322480950734, 0.2316424934652543, -0.3361154784117958, 0.6893295592700475, 0.0823253653075591, 0.22887583438752765, -0.1304325113919294]], "inverted": false, "swapped": false, "error_lsq": 0.05977758235670513, "error_max": 0.3430157209716665, "target": "820.xyz", "model": "15.xyz", "model_rescale": 4.355366556412066, "target_rescale": 3.9202556843616416},
{"mapping": [2, 0, 6, 4, 3, 7, 10, 1, 7, 5, 9, 11], "R": [[-0.9738332301525572, -0.07451949286187476, -0.21469905690115654], [0.08531548479513035, 0.7557451474982113, -0.6492846371870191], [0.2106421323116744, -0.6506121096448452, -0.7296120715001057]], "T": [0.12016784830530867, 0.11128759036190905, -0.12798261912960684], "aligned_model": [[0.12322904381184686, -0.10842211912097426, -0.16379606374806144, -0.5514328903870113, -0.35594168255766384, 0.09175516683560275, 0.5148144437420504, 0.5512042324878702, 0.09175516683560275, -0.25999926004699525, 0.4974154105198014, 0.027168235445357097], [0.18710894682503076, 0.7153225222566951, -0.628249760779632, 0.048401072456293937, -0.167945397441143, -0.00887240542396478, -0.3520679470520272, 0.35534677520006275, -0.00887240542396478, 0.5198644013364839, 0.5780598731650218, 0.04115838476438281], [-0.9616295184407989, -0.42260523609808953, -0.34831184078985117, -0.5012485629155088, 0.22749686267367852, 0.7581411954269125, 0.03569850149009213, -0.3498835276716102, 0.7581411954269125, 0.19496914379775743, 0.3076312213782516, -0.1774908128049697]], "inverted": true, "swapped": false, "error_lsq": 0.04956428158537065, "error_max": 0.3392771300361998, "target": "820.xyz", "model": "16.xyz", "model_rescale": 3.795458400668931, "target_rescale": 3.9202556843616416},
{"mapping": [10, 5, 11, 9, 8, 7, 4, 2, 3, 6, 0, 12], "R": [[-0.8999491148713757, 0.06281339144006148, 0.43144648393285734], [0.4144244788417907, -0.18416431650911186, 0.8912552136517589], [0.1354398094318577, 0.9808863249023965, 0.13970710662143415]], "T": [0.11438103865180171, 0.09913222328550354, 0.014367275824158539], "aligned_model": [[0.15394820046475122, -0.1375824442247765, -0.1931239465152254, -0.5871285113314701, -0.4857404508600791, 0.3105296233755396, 0.601677077468324, 0.636296506533288, -0.10732392995525666, -0.32958773893466325, 0.41846424524956816, 0.1773210525474253], [0.03790596404841112, 0.6912753378405078, -0.6218416524750687, 0.19806232625706105, -0.13102139173220723, -0.2778304364772315, -0.2816359040028844, 0.30602717719220257, 0.2574657975156058, 0.5667392976216246, 0.4682480221203817, 0.06585952197483702], [-0.7161047961526055, -0.41974968906736876, -0.18806227683852833, -0.5297311206473976, 0.22548402938733475, 0.5150663525173708, -0.16744029326825993, -0.41731150168865905, 0.774735162334613, 0.21835550976663837, 0.36407761022109736, -0.13841036509145888]], "inverted": true, "swapped": false, "error_lsq": 0.05039169238043814, "error_max": 0.27924988777352155, "target": "820.xyz", "model": "17.xyz", "model_rescale": 3.7474275329858107, "target_rescale": 3.9202556843616416},
{"mapping": [4, 5, 0, 8, 3, 1, 2, 9, 11, 10, 7, 13], "R": [[-0.7208152051785708, -0.5509473472960426, -0.4205739655409363], [0.6106953683324413, -0.2178211211337175, -0.7613180191518879], [0.3278362504066302, -0.8056121769781687, 0.4934697693109651]], "T": [0.09109439957846886, 0.15738582153495922, -0.01517224658802559], "aligned_model": [[-0.0027197228617453634, -0.10393884332521468, -0.004633443993557543, -0.5283740019663926, -0.4721580452991023, 0.08961266931302396, 0.5983768062263467, 0.5853396025709272, -0.05553953776313654, -0.4244055973201475, 0.6395608908998746, 0.13662890733654917], [0.07711442237098079, 0.7006929963459623, -0.6102699936239004, 0.018263774293955287, -0.0373232537247406, -0.33856544462660504, -0.33881056795924225, 0.40804021265002705, 0.37710979949817147, 0.6090592879558, 0.34529820723162824, 0.06864461947120298], [-0.836135848051352, -0.45106132035754837, -0.33247828214156716, -0.3524531483266592, 0.30951874598827833, 0.46706064619080423, -0.032096394074332416, -0.3901632083321099, 0.6571048716703413, 0.066621416934063, 0.46575677648676217, -0.050765634513903674]], "inverted": true, "swapped": false, "error_lsq": 0.05192495634371718, "error_max": 0.3208239952537655, "target": "820.xyz", "model": "18.xyz", "model_rescale": 3.922800546911778, "target_rescale": 3.9202556843616416},
{"mapping": [5, 12, 1, 0, 2, 10, 6, 8, 11, 3, 13, 14], "R": [[0.2763816967677347, 0.827709317592357, -0.48837530984129707], [0.11741423771682707, -0.5334443242617722, -0.8376461363214647], [-0.9538485490229383, 0.17416784572272848, -0.24461910604680803]], "T": [0.08666116070459354, 0.12660490946945774, 0.0003302766456277986], "aligned_model": [[-0.0015335032850636587, 0.028966719055409068, -0.011647586716954095, -0.5884095046445506, -0.4500665681235094, 0.08951620325370624, 0.4909338400714236, 0.5993736973701383, 0.19746075007000716, -0.46376107469015315, 0.5291165789657144, 0.03780013249125712], [0.2715700345743154, 0.8447844688120618, -0.5050640103836153, 0.042644482163542996, -0.2888674138897726, -0.3455799945266839, -0.4310788456950288, 0.12542684733143297, 0.3339844687728069, 0.43720328677139564, 0.6001707361913136, 0.19405999976147065], [-0.7438071662591085, -0.3151115032627492, -0.37291600907990263, -0.4851312348138806, 0.22931729902308862, 0.6542675155558333, 0.03666485874468247, -0.3336085215452985, 0.6726105620537374, -0.09822556734932997, 0.22788764838472803, 0.04896074002097574]], "inverted": true, "swapped": false, "error_lsq": 0.050106921408575235, "error_max": 0.2705772673010309, "target": "820.xyz", "model": "19.xyz", "model_rescale": 3.9282355846067225, "target_rescale": 3.9202556843616416},
{"mapping": [3, 6, 1, 5, 2, 10, 11, 4, 12, 7, 9, 13], "R": [[0.7458609668142074, -0.3093155676621288, -0.5899282140945886], [-0.27901310736518464, -0.9492813493297144, 0.14497105136260993], [-0.6048496541301812, 0.05646945560753674, -0.7943350026795928]], "T": [0.099473137130114, 0.22944989854996867, -0.07959924924693354], "aligned_model": [[0.06408587113983348, -0.15420090407282566, -0.17497208353907773, -0.484868535845742, -0.5508894228783564, 0.10060593061055716, 0.7166785890506621, 0.5940930424051446, 0.0871021551439392, -0.3508200389437911, 0.5323051466060524, 0.07862993414102937], [-0.03327700891902258, 0.6727368909781357, -0.41905277266890606, 0.17530770224418635, -0.22286133159067678, -0.39910037815315125, -0.10267077066599217, 0.2084168675056138, 0.37255547607544703, 0.5069410764269493, 0.4497980771936596, 0.07046023145699687], [-0.7839268595527273, -0.48701817028622885, -0.33577282825233223, -0.45815384775493706, 0.14658497210319163, 0.5096015785077693, 0.0691167973823684, -0.4723798570302342, 0.7583518816392074, 0.24953974595318493, 0.41287202603642126, -0.08790681727290689]], "inverted": true, "swapped": false, "error_lsq": 0.046488036478650234, "error_max": 0.2528349172810627, "target": "820.xyz", "model": "20.xyz", "model_rescale": 4.067790424073018, "target_rescale": 3.9202556843616416},
{"mapping": [2, 0, 6, 4, 5, 13, 11, 3, 10, 8, 9, 14], "R": [[0.7749333087374538, -0.5422602910579946, 0.32470316252066533], [0.5818739706407001, 0.41149112568161994, -0.7014967824417296], [0.2467813795650884, 0.7325495411417392, 0.634405328219254]], "T": [0.026373555346483512, 0.16663219005743368, -0.00927099745271922], "aligned_model": [[-0.04083751144534102, 0.0818918077471933, -0.00898401181287849, -0.622681459349633, -0.4872014261624536, 0.01615421443775465, 0.5407778700146265, 0.6518606828250588, 0.37830411877109776, -0.46240797581399273, 0.33872010720341544, 0.07215326740257769], [0.16169295429061453, 0.7187223493005266, -0.46688577833648803, -0.025107838260014365, -0.039365798011599396, -0.2722984960247652, -0.21070038176146966, 0.04665665216354721, 0.10090489844632483, 0.46033337258639107, 0.6358228192184879, 0.16947930627168428], [-0.7503379363925675, -0.4526356433574941, -0.3900093969634344, -0.4387309422379425, 0.19632980054546803, 0.5360352678367961, 0.09580319193020378, -0.5732893839584192, 0.727690075616117, -0.009627231316978145, 0.525845517447942, 0.05383530232308532]], "inverted": false, "swapped": false, "error_lsq": 0.05078989377145335, "error_max": 0.25670650639582643, "target": "820.xyz", "model": "21.xyz", "model_rescale": 4.186013935880536, "target_rescale": 3.9202556843616416},
{"mapping": [10, 1, 4, 7, 6, 3, 11, 9, 5, 0, 2, 12], "R": [[-0.49537634425427945, -0.832728870230985, -0.24731539830162785], [0.13110586833404286, -0.35311270536652384, 0.9263491073008658], [-0.8587278549352186, 0.42646693423120363, 0.28409932271266686]], "T": [0.12867840943519146, 0.14564746106328108, -0.055682924937910674], "aligned_model": [[0.11269265972869463, -0.1671643724964679, -0.10069509881531799, -0.4132973456648741, -0.3574912199552631, -0.07945995226881891, 0.5722660102820138, 0.47647957924410245, 0.21315423522919588, -0.34823972847654594, 0.42739150396009107, 0.12211341305061525], [-0.17850871852985328, 0.7659663370515852, -0.5070293284098975, 0.1422459182046958, -0.06396228994010622, -0.4819845820864551, -0.29853363764298635, 0.32652074369584666, 0.20381040757474175, 0.5765732124325655, 0.6902357557057773, 0.10392024182732623], [-0.8244264840496408, -0.30629173644279245, -0.2770806461644471, -0.5502276147999574, 0.11623476687954164, 0.5885958156204333, 0.01431115080362906, -0.5371078538184216, 0.7111414895302136, 0.27392370051732784, 0.3491544243305669, -0.03731839093367714]], "inverted": true, "swapped": false, "error_lsq": 0.052281807447946, "error_max": 0.3110482052220901, "target": "820.xyz", "model": "22.xyz", "model_rescale": 4.166573947596378, "target_rescale": 3.9202556843616416},
{"mapping": [4, 1, 8, 0, 7, 10, 9, 3, 14, 5, 12, 15], "R": [[0.9174934247710937, -0.3949165158294938, 0.047400010832302636], [0.32801111198272864, 0.6838272749675771, -0.6517583665947614], [0.22497672305743796, 0.6135317461513387, 0.756944033959464]], "T": [0.19001365774212253, 0.19342310789563177, -0.02518137600895443], "aligned_model": [[0.059649984381883125, -0.23664567673465137, 0.06314660954619233, -0.489758138259351, -0.46298887650343934, -0.15066696767822563, 0.5770434010105961, 0.5868874037952243, 0.3481469510138262, -0.5450276327752771, 0.56895877980908, 0.13900384621156797], [0.05749909410443188, 0.6371690750244772, -0.5161842148752884, 0.10762883634219739, -0.07063199335221315, -0.20117233591646866, -0.24711382048790043, 0.07620084654869758, 0.11288632391289288, 0.5112631036561144, 0.5755680886214755, 0.2361410563048234], [-0.7353809877432247, -0.3845563748998946, -0.3918438090084704, -0.46937211338149465, 0.09831858927071604, 0.5125661300661648, 0.10359889747280188, -0.46127405326294524, 0.7458474504333575, 0.19787471453967248, 0.34864634286288115, -0.04351616487678779]], "inverted": false, "swapped": false, "error_lsq": 0.0482063764697262, "error_max": 0.2761671930557276, "target": "820.xyz", "model": "23.xyz", "model_rescale": 4.274766983524099, "target_rescale": 3.9202556843616416},
{"mapping": [10, 9, 5, 6, 4, 2, 7, 0, 1, 3, 11], "R": [[0.07044857272072275, -0.9728990990858769, 0.2202370123287682], [0.9156621918789042, -0.02451648289292447, -0.40120031459369776], [0.395726861566326, 0.22992669498005203, 0.8891197703180467]], "T": [-0.17519537308503186, 0.15265971716734164, -0.03748834394009882], "aligned_model": [[0.2657862597438557, 0.3288503431620182, -0.6220237075338642, -0.47503261564662874, -0.352797093776, -0.7212074979745874, 0.10641211781021198, 0.12268646299229369, 0.5561728100848808, 0.1458473761735548, 0.025200248922339852], [-0.12951105546010552, 0.49647653275260883, 0.3168006440846406, -0.32580890860814704, 0.6350386710199184, 0.053433905888755864, -0.5620060250893446, -0.20819550883911206, 0.0890585942680383, 0.4842339810881714, 0.06606570013805924], [-0.749802967239964, -0.09081595565713899, -0.5411476351579282, -0.21856707953312088, -0.0067162291525284315, 0.4462381081560304, 0.0888931737486301, 0.6473473136096909, 0.24572876560670454, 0.6152699022328292, -0.05686096259162717]], "inverted": true, "swapped": true, "error_lsq": 0.0659227431249004, "error_max": 0.2940872952922598, "target": "820.xyz", "model": "24.xyz", "model_rescale": 3.7841303162186577, "target_rescale": 3.9202556843616416},
{"mapping": [13, 3, 10, 11, 7, 0, 9, 12, 1, 6, 4, 15], "R": [[0.9603913072128034, 0.24375625825784297, -0.13502378897889875], [-0.27811546999382064, 0.8083511172615145, -0.5188643913125832], [-0.017329811891612763, 0.5358650555710802, 0.8441257725230313]], "T": [0.15127296368630155, 0.026275897665251666, 0.0018453442693312644], "aligned_model": [[0.03960347460083177, 0.02240521461363834, -0.08345754756732715, -0.4873671826408887, -0.43537601618601546, -0.12084587598321178, 0.6119638377656742, 0.6400987428976439, 0.19180603934346466, -0.32939161136540596, 0.2985492963657701, 0.10976131197325142], [0.20021056448024005, 0.7466411151448286, -0.691604112026173, 0.09707574419926666, -0.20072766468139186, -0.2859645534146576, -0.2809482518380904, 0.20622384219578038, 0.16655157002149246, 0.5510007964831918, 0.6889813597711515, 0.08181364954760117], [-0.7526588996938088, -0.3350061724671949, -0.18471559496835788, -0.4183376092076403, 0.16652053121916388, 0.6099466410595336, -0.18661671830044751, -0.5493714926159342, 0.7310340710924897, 0.126952494720026, 0.3114184296398902, 0.0017429409950564488]], "inverted": true, "swapped": false, "error_lsq": 0.04673677113746979, "error_max": 0.25970718952344907, "target": "820.xyz", "model": "25.xyz", "model_rescale": 4.19342608120988, "target_rescale": 3.9202556843616416},
{"mapping": [2, 0, 6, 4, 3, 7, 10, 1, 7, 5, 9, 11], "R": [[-0.9738332301525572, -0.07451949286187476, -0.21469905690115654], [0.08531548479513035, 0.7557451474982113, -0.6492846371870191], [0.2106421323116744, -0.6506121096448452, -0.7296120715001057]], "T": [0.12016784830530867, 0.11128759036190905, -0.12798261912960684], "aligned_model": [[0.12322904381184686, -0.10842211912097426, -0.16379606374806144, -0.5514328903870113, -0.35594168255766384, 0.09175516683560275, 0.5148144437420504, 0.5512042324878702, 0.09175516683560275, -0.25999926004699525, 0.4974154105198014, 0.027168235445357097], [0.18710894682503076, 0.7153225222566951, -0.628249760779632, 0.048401072456293937, -0.167945397441143, -0.00887240542396478, -0.3520679470520272, 0.35534677520006275, -0.00887240542396478, 0.5198644013364839, 0.5780598731650218, 0.04115838476438281], [-0.9616295184407989, -0.42260523609808953, -0.34831184078985117, -0.5012485629155088, 0.22749686267367852, 0.7581411954269125, 0.03569850149009213, -0.3498835276716102, 0.7581411954269125, 0.19496914379775743, 0.3076312213782516, -0.1774908128049697]], "inverted": true, "swapped": false, "error_lsq": 0.04956428158537065, "error_max": 0.3392771300361998, "target": "820.xyz", "model": "26.xyz", "model_rescale": 3.795458400668931, "target_rescale": 3.9202556843616416},
{"mapping": [8, 6, 11, 5, 10, 4, 9, 1, 3, 7, 0, 12], "R": [[0.9752002601249867, -0.1755716414565235, -0.1347555244449007], [-0.18816173884157933, -0.9782667380461392, -0.087116871320541], [-0.11653159523610566, 0.11031222937112803, -0.987041842761947]], "T": [0.1877056010932015, 0.030409016207715925, -0.07514940747630555], "aligned_model": [[0.01306299910277034, 0.012073273092186337, -0.02377802027554471, -0.45238502936919595, -0.4545128261843307, -0.06362037111792701, 0.5303542462551922, 0.5712993707751399, 0.1949094141111698, -0.3674605861172699, 0.4204433152212588, 0.07736389832397676], [-0.021823968894638765, 0.6413643161231455, -0.6313627983575872, 0.31705900943643345, -0.14909814808126887, -0.5723646541857306, -0.16330592566950797, 0.2911592110733736, 0.2043714006291732, 0.4815674302575653, 0.7371913763224813, 0.14449681122980096], [-0.7805027848294457, -0.6015274717438595, -0.24517097985181568, -0.34896729231303625, 0.17588664201326937, 0.4467340475298182, 0.09643356772101477, -0.442869853317913, 0.642319583304662, 0.3101487739879058, 0.29574821174760196, -0.027323822775425638]], "inverted": false, "swapped": false, "error_lsq": 0.05393067036529136, "error_max": 0.33822961024072434, "target": "820.xyz", "model": "27.xyz", "model_rescale": 3.6321398670334006, "target_rescale": 3.9202556843616416},
{"mapping": [11, 2, 9, 13, 6, 12, 8, 0, 7, 1, 3, 14], "R": [[-0.5387989526193776, 0.7077414730099673, 0.45694386530288805], [-0.5676364429429351, -0.7057906845798548, 0.42384947587957705], [0.6224825759002046, -0.03100833665293884, 0.7820191338827103]], "T": [0.1185003146517455, 0.0994703575410381, -0.03231668827830754], "aligned_model": [[0.042789378228349786, -0.10742007493471888, -0.09339298651237056, -0.5849778383818625, -0.5599617120598788, 0.05641385579325435, 0.5060261766018922, 0.5864617772126142, 0.2634742564565432, -0.20727751016777307, 0.48968980506651333, 0.06592455651486219], [0.07397700597622302, 0.645699139420659, -0.4675652881718541, 0.0343447700472317, -0.20587204157457045, -0.5198207029284135, -0.14708051323591992, 0.35016320573820603, 0.11687980061357149, 0.6818091726889339, 0.5875600594106167, 0.12915945189855618], [-0.6696107958539218, -0.5652686177689709, -0.31541378581370394, -0.4414065047881545, 0.19209974328018192, 0.5118648851960105, 0.20446589181043706, -0.3603058034033844, 0.7289761932681706, 0.01260000543697698, 0.2767899035257883, -0.0538824934166532]], "inverted": false, "swapped": false, "error_lsq": 0.04828535817435786, "error_max": 0.22938705177451332, "target": "820.xyz", "model": "28.xyz", "model_rescale": 4.156811204709835, "target_rescale": 3.9202556843616416},
{"mapping": [0, 1, 3, 4, 10, 7, 2, 6, 5, 11], "R": [[-0.7121695977043536, 0.19608873430651821, 0.6740650357225829], [-0.12007664268289478, -0.9800718024892036, 0.15824304675899048], [0.6916618133073588, 0.03175642051036817, 0.7215230181835817]], "T": [-0.009783642930623504, 0.07593340443803724, 0.030053929436703205], "aligned_model": [[-0.5651826309248916, -0.10380907123417041, 0.09071437508924485, 0.40996589336423706, 0.027607954864234535, -0.6923061822461501, -0.32769469311168115, -0.4155670674931767, 0.2837241444968014, -0.06452734869386], [-0.17936535259950842, -0.6128073952074766, -0.10284519162757057, 0.3261045199190012, -0.492487725191525, -0.2900887175799854, 0.6600787576195398, 0.27432496124062755, 0.47173958686467515, -0.13593311281157416], [-0.5305747079362438, -0.33866246979629816, -0.7426307599779359, -0.1324375753260327, 0.7060543405234353, 0.10887638573331138, -0.2856564649709634, 0.4142475120251236, 0.5173537659418497, 0.04221670075885331]], "inverted": false, "swapped": true, "error_lsq": 0.055313679755037, "error_max": 0.33794092233128514, "target": "820.xyz", "model": "29.xyz", "model_rescale": 4.117894457231895, "target_rescale": 3.9202556843616416},
