[{"mapping": [10, 7, 9, 11, 12, 0, 5, 1, 6, 8, 4, 2, 3, 13], "R": [[-0.2839975251651176, -0.2788021195920731, 0.9173956528189219], [-0.7916097103858108, 0.6080474871852719, -0.06026872945872941], [-0.5410170719330226, -0.7433354770483137, -0.393386446688717]], "T": [-0.011163328079873261, -0.09440579764996594, 0.16979389621323565], "aligned_model": [[0.018407684985194947, 0.46288809359010963, 0.5641931076262252, -0.33269794030743005, -0.04416658297188765, 0.4076990795684215, -0.7050976796506111, -0.2882134241433091, 0.03180488482498199, 0.01827925121925683, 0.6385904091874592, 0.5924300836023095, -0.005162804122892703, 0.059696170135788706], [-0.36412704419921393, 0.20252415439820648, -0.3769414663678901, 0.11644343860953736, -0.6128242353933842, -0.6565764838467607, 0.19704272542276696, -0.5215839817185451, 0.6075299377342751, 0.5740446960052855, 0.605100528096606, 0.012799272809589757, 0.07050002428121134, -0.04134015478646799], [-0.8006724499254909, -0.3386373534801788, -0.1850042711409885, -0.41263200770222347, -0.08569175220524633, 0.4921769565944, 0.2466973067385168, 0.44146678177615634, 0.4697709624333072, -0.2337977336293135, 0.12603080949914094, 0.6339493784078645, 0.6657478954945975, 0.03303560097851321]], "inverted": false, "swapped": false, "error_lsq": 0.04615301562232924, "error_max": 0.36089728587942677, "target": "821.xyz", "model": "0.xyz", "model_rescale": 3.8414455957264533, "target_rescale": 4.09058092948427},
{"mapping": [12, 8, 9, 11, 13, 7, 1, 0, 5, 10, 6, 2, 4, 14], "R": [[-0.7254026521130655, 0.27875907756730317, -0.6293523408879621], [-0.49599528767183826, 0.42227460001724554, 0.7587310701346073], [0.4772626812507571, 0.8625413258818977, -0.16805592590336293]], "T": [0.11688228412071153, -0.009926321438244763, 0.12927226233427952], "aligned_model": [[-0.14097985309751218, 0.4642972942646705, 0.671717894531114, -0.5444050044834892, 0.1097552100656145, 0.3245028262041262, -0.7312463584511839, -0.2831083038079033, 0.1957825525031566, 0.0885157579611682, 0.7463533001402382, 0.526943833959872, -0.049962987516229296, 0.0404841712699745], [0.12045371763676596, -0.016558521410428795, -0.40135611003512894, -0.22954119927544328, -0.6155262836030968, -0.4890577267297182, 0.14111475576256846, -0.5578669385943286, 0.60685110123524, 0.5825421371052393, 0.45243131521539043, 0.2004238672927013, -0.016722276899732987, 0.03540357334518807], [-0.5769838579699071, -0.5803482152104242, 0.06256509620532179, -0.36137407617547745, -0.326847120372346, 0.5038143949489278, 0.20903622547499917, 0.38478347372489147, 0.34763696532431265, -0.21213331207120384, 0.1336115713867362, 0.7056463171483314, 0.6468953927776087, 0.11613726864728353]], "inverted": true, "swapped": false, "error_lsq": 0.04223983573703001, "error_max": 0.25815028435221515, "target": "821.xyz", "model": "1.xyz", "model_rescale": 4.316132596720782, "target_rescale": 4.09058092948427},
{"mapping": [10, 9, 1, 5, 2, 11, 4, 12, 0, 8, 3, 13], "R": [[-0.6516478523830949, 0.5219577071109667, -0.550377350980182], [-0.7457746694100025, -0.57334261322065, 0.3392615367702583], [-0.13847461482488957, 0.6315365388105254, 0.7628803190516322]], "T": [0.11878519316053815, 0.143885733021006, -0.051644895742349234], "aligned_model": [[-0.19864938002253485, 0.5133179197195702, 0.10536748123118855, -0.6742095982541277, -0.42785648161051015, -0.584997570725859, -0.145792290913634, -0.20292020953380596, 0.5177508159566403, 0.20117397967479286, 0.483718975381321, 0.01090491372873939], [-0.5559230722530892, -0.23781694475236403, -0.5591249487214409, 0.3227790176508366, -0.13798578986760063, -0.0887453305139689, 0.43736625450745803, 0.40817915954994544, 0.0009249930853195143, -0.1796509345765162, 0.5176110191349066, 0.08516300449749392], [0.28295654204406206, 0.07823336638231862, -0.3837047341973827, -0.10622895362011917, -0.5294876738938932, 0.4534204545359587, -0.6669684267464048, 0.5416630732099539, -0.6431717706911402, 0.6869689291723262, -0.26275617930859363, -0.0016661656776644496]], "inverted": false, "swapped": true, "error_lsq": 0.04880788923277102, "error_max": 0.25787515103894104, "target": "821.xyz", "model": "2.xyz", "model_rescale": 3.795458400668931, "target_rescale": 4.09058092948427},
{"mapping": [8, 9, 6, 4, 11, 5, 3, 1, 0, 2, 12, 13], "R": [[0.8818703639062693, -0.17900283039676285, -0.436191068195776], [0.3120067619147192, -0.4720432592927181, 0.8245161865456613], [-0.353491784605125, -0.8632109522395183, -0.3604308673663071]], "T": [-0.01733869385015748, -0.06324031402462413, 0.08674078726333785], "aligned_model": [[-0.2446251524500179, 0.008376123544858081, -0.7261200976236833, 0.23904091088203763, 0.16060947492387642, 0.2273201812632247, -0.31638622439150615, 0.6712268457199974, 0.24834014695567516, 0.6861838541063034, -0.40239929917073103, 0.04173706198353066], [-0.027968996884007363, -0.5035963073918245, -0.18447931419627325, 0.0920169165960888, 0.6440267930444242, 0.6943586129135583, -0.3349666257991729, -0.36998169113819424, -0.6392980645556676, 0.2036345262968571, 0.48207047494639665, 0.02995272145752402], [-0.6905050359501342, -0.26489356371778633, 0.14201995240094434, 0.7537638753162389, -0.43539529366278146, 0.2599714618022662, 0.4793609789274853, -0.10419117767473711, 0.4432342748951688, 0.28782843174667666, -0.19561395612412763, 0.013191482679886804]], "inverted": false, "swapped": true, "error_lsq": 0.04679213658943133, "error_max": 0.26014009441013847, "target": "821.xyz", "model": "3.xyz", "model_rescale": 3.7530521520055578, "target_rescale": 4.09058092948427},
{"mapping": [8, 6, 7, 4, 11, 0, 10, 9, 1, 2, 13], "R": [[0.2313913162582588, -0.9116526770130519, 0.33962840760926744], [-0.16319239387647289, -0.38052881528014293, -0.9102560427277355], [0.959075753703083, 0.15520057099259366, -0.23682584618752295]], "T": [-0.05840602251917725, 0.0005004306962876071, -0.13386564940344373], "aligned_model": [[-0.5335360950370327, -0.2763657944311795, 0.3508390344734489, 0.5079679549334861, 0.22979472278049856, -0.24325389231128444, -0.24248099533543266, -0.602290489327797, -0.25884821423995635, 0.42176639847641306, -0.015393027535958788], [-0.6495931513261762, -0.11232239751003109, -0.14173159643738864, 0.4627407827385862, -0.7550561567165796, 0.6986732929050989, -0.45617818495183704, 0.031425635824638504, 0.2760625074140023, 0.20418529757403672, -0.09100267120000419], [-0.04089243508411754, -0.8120177760385351, -0.630582487706505, -0.1514578063644191, 0.2541974538961015, -0.04497636640937598, 0.5443793216447886, 0.012608539346867814, 0.5651023467203937, 0.4445367345507132, -0.048066747310595376]], "inverted": false, "swapped": true, "error_lsq": 0.05033289904351197, "error_max": 0.2893420925409754, "target": "821.xyz", "model": "4.xyz", "model_rescale": 3.7855080009869324, "target_rescale": 4.09058092948427},
{"mapping": [8, 10, 9, 13, 14, 2, 11, 12, 4, 6, 5, 0, 1, 16], "R": [[-0.17502717173551752, -0.2023241328862827, 0.9635509506020322], [0.8364436657754157, -0.5467941236419276, 0.0371238512932211], [0.519352946596484, 0.8124537719787328, 0.26493656836888213]], "T": [0.13179106531244153, -0.013890604727979051, -0.006737571583248905], "aligned_model": [[-0.01408602826631175, 0.649565974434179, 0.6179206429910061, -0.5036639812052521, 0.057456509237520104, 0.41807822899095215, -0.6174219081258564, -0.3712867385994879, 0.1099367795930979, -0.27447352335746045, 0.8001626932703952, 0.47517453174963986, -0.069998048245479, 0.14128520107667442], [0.1219626708455847, 0.09409737999450381, -0.5094136676603723, -0.13579639054381268, -0.6860580452212034, -0.5202420604133744, 0.11041195741703476, -0.37677340428275463, 0.6171034430907545, 0.48974487697322316, 0.412299945103395, 0.2071616403192896, 0.05485504268401652, -0.06676197726106826], [-0.6816995223986777, -0.5079481188723478, -0.16500616308896204, -0.3326263595389231, -0.0257823673763639, 0.4487111640795989, 0.229196787458136, 0.27307318590936763, 0.3784502860633479, -0.09262967617637231, 0.15679905059835686, 0.6578657561677106, 0.7196639211195016, -0.005627820105317603]], "inverted": true, "swapped": false, "error_lsq": 0.03952832934654112, "error_max": 0.3240084718669121, "target": "821.xyz", "model": "5.xyz", "model_rescale": 4.2253639853439635, "target_rescale": 4.09058092948427},
{"mapping": [1, 9, 8, 4, 10, 5, 3, 2, 7, 0, 12, 11, 6, 13], "R": [[-0.17501393452006375, -0.931356003027442, -0.3192900223128724], [-0.9844388028786114, 0.17074583682240935, 0.04154639087504447], [0.01582296150325993, 0.3215926846689192, -0.9467458893793539]], "T": [0.12281647530353171, -0.045057525407894865, 0.03096150312959292], "aligned_model": [[-0.011073124672277057, 0.5194425109784028, 0.6904942564771163, -0.5222169032390735, 0.012403073099836778, 0.24109991808598058, -0.45376978307034943, -0.33344979012714293, -0.036623241618362695, -0.0441100373602501, 0.63036060101339, 0.6657158870640766, -0.011144937589366993, 0.07152190450163612], [-0.20982728713975307, 0.18523761027504512, -0.4455447402074137, -0.13315500757483592, -0.797032950065509, -0.5463691207579606, 0.26360221378877846, -0.4395083611652561, 0.6615555671842306, 0.6229091536536456, 0.6396123465448699, -0.04313060417635424, 0.07792314101025291, -0.023680550324523562], [-0.6716267707516407, -0.371839149539932, -0.22046801610522374, -0.24667510542245605, -0.14469246270649447, 0.3989791358345871, 0.30534613234885466, 0.3249023904479399, 0.3544860463595779, -0.3801573414397177, 0.41171062179782014, 0.5884651394386401, 0.6479283285474559, 0.056081175029644006]], "inverted": true, "swapped": false, "error_lsq": 0.04342724140547175, "error_max": 0.2964728573310798, "target": "821.xyz", "model": "6.xyz", "model_rescale": 3.89814844738969, "target_rescale": 4.09058092948427},
{"mapping": [10, 1, 2, 8, 5, 0, 9, 12, 6, 3, 4, 7, 13], "R": [[-0.6451282606252375, 0.5862405205403505, -0.4900322228376767], [0.06442990923321518, 0.6807954863555304, 0.7296343553822946], [0.7613529497800973, 0.439135010941414, -0.4769718314813036]], "T": [-0.1337988590345358, 0.0842491355608359, -0.0027969978179413213], "aligned_model": [[0.13884191427650988, -0.10690178245920282, 0.44568355241529856, -0.2860608903004671, 0.6645769542116257, -0.4835307727831374, -0.5460336275711852, 0.14139985277370082, -0.5612519383953958, -0.47126783808314415, 0.18873158241628463, 0.05631726711779522, -0.0318724727144592], [-0.40442878757015943, 0.2735392504226578, 0.44939750769278664, -0.6923326531981582, 0.10180085213213184, 0.6704659374803694, -0.08076820072915476, -0.47373814637144496, -0.10273620262251458, 0.394156541473617, 0.71848882252477, 0.0952721346802423, 0.014664209555342658], [-0.6267489915903326, -0.7565301002086224, -0.37356538615936397, -0.17815739523178575, 0.15879187537502945, -0.2548938735933034, -0.35072392096600746, 0.3690572608269712, 0.5471540071320251, 0.32505558624411957, 0.16593131396081015, 0.6282128560959946, -0.05130820104923875]], "inverted": true, "swapped": true, "error_lsq": 0.04281308275769739, "error_max": 0.24557355133752581, "target": "821.xyz", "model": "7.xyz", "model_rescale": 3.7474275329858107, "target_rescale": 4.09058092948427},
{"mapping": [2, 3, 0, 4, 1, 10, 13, 12, 9, 8, 5, 7, 11, 14], "R": [[-0.8920828201116175, -0.4183930419640617, -0.17069125489538936], [0.22535858091238203, -0.7393519189346911, 0.6344858154259618], [-0.39166535725139284, 0.5275471565686325, 0.7538516070988307]], "T": [0.11907803187226111, -0.07413281043199234, 0.10126727088891055], "aligned_model": [[-0.10546438832685047, 0.6248913920490544, 0.5653465853632401, -0.460493022736647, 0.013857721875475737, 0.47869205962669387, -0.7747693741045981, -0.2406958387229034, 0.10635898759675638, 0.05031099180740968, 0.6039192098600324, 0.5255089182526329, -0.04028008082821598, 0.07146717183153596], [-0.06678170819815872, 0.07267117485162138, -0.5214141396459385, 0.28580373323233343, -0.6481024572594568, -0.43763448087619533, -0.11802123227242707, -0.4651586050900389, 0.5920707631313792, 0.5023454177536912, 0.45251848330511674, 0.1876185779207002, 0.057996233814192125, -0.0813203496216027], [-0.7099763168681328, -0.3852879382663531, -0.08580765615540589, -0.2818370530752321, -0.37232469582377437, 0.6614526387045742, 0.18625226926724062, 0.4148022908601614, 0.47052526277603257, -0.2567191289716686, 0.07699978329033022, 0.5810357329781984, 0.6874642200220487, 0.06586071510103572]], "inverted": false, "swapped": false, "error_lsq": 0.050368491526888985, "error_max": 0.4461838725985084, "target": "821.xyz", "model": "8.xyz", "model_rescale": 4.019505241142653, "target_rescale": 4.09058092948427},
{"mapping": [12, 5, 10, 8, 6, 9, 1, 7, 3, 4, 2, 0, 13], "R": [[-0.33507546291381424, 0.7451856436195332, -0.5765611768896998], [0.7895255329020239, -0.11187351422581338, -0.6034349589728312], [-0.5141729933095173, -0.6574060186506581, -0.5508570228226398]], "T": [0.078192356774552, -0.1097577246733922, 0.04889222079478893], "aligned_model": [[-0.27205597906200624, -0.7259687861249051, 0.07150253675056185, 0.33203283536002587, 0.2993588279707775, 0.5953723993085562, 0.3023582697291628, -0.31943176778730337, 0.2599469370782567, -0.3233824000131044, -0.3589957787986892, 0.4547631129641823, 0.004200564365661297], [-0.6049866194854577, -0.01436011968803888, 0.2628478193479278, -0.36656711149109833, -0.7780208160159324, -0.009504340484204676, 0.618868706425075, -0.5814630055073412, -0.33503247724249907, 0.13389316102699392, 0.5334275880571832, 0.27723014797481227, -0.07295470480336105], [-0.3478875322652518, -0.04081351527900161, -0.7018244695967552, -0.6767993252854306, 0.20584951550906055, -0.15283886773925448, -0.10447321640055508, 0.28090141731299995, 0.5322469428462261, 0.6093626214286046, 0.09110103794583309, 0.5366936528639358, -0.05481476729653227]], "inverted": false, "swapped": true, "error_lsq": 0.0478193776214922, "error_max": 0.27770320614752214, "target": "821.xyz", "model": "9.xyz", "model_rescale": 3.877068213659057, "target_rescale": 4.09058092948427},
{"mapping": [12, 6, 10, 0, 11, 9, 1, 8, 4, 3, 13, 2, 7, 15], "R": [[-0.03742267154685777, -0.2733808100998468, -0.961177650761527], [-0.16540820886802762, 0.9502779754436037, -0.26384065991783173], [0.985514925352918, 0.14911305125963153, -0.080781370690745]], "T": [0.17510668169603255, 0.030972727210646693, 0.05154141921073071], "aligned_model": [[-0.05808542122250637, 0.5251627988615961, 0.5934113055269312, -0.4865220729817192, -0.001268591842379485, 0.4278438439160931, -0.6561090654285997, -0.19739113709710343, 0.011908211161992532, 0.1389514035916267, 0.8368057134273967, 0.4312889522234084, -0.24965838622822673, 0.10231277963510707], [-0.051785948218028864, 0.16044028018802622, -0.46625867505854185, -0.29590520486666516, -0.6239134320177009, -0.45600586566010975, 0.2058367787915103, -0.49935240669769176, 0.5928706569569314, 0.6020727278235292, 0.41403651381564677, 0.08409610967375247, 0.15215136326684112, -0.005691486952282561], [-0.653417913298068, -0.4393795955012764, -0.2330511909164212, -0.24706240551061812, -0.2394416689560868, 0.4184488745972654, 0.22876883074799662, 0.4702579858134351, 0.39172909609976847, -0.22286508197570973, 0.16579999771267723, 0.6613806672528866, 0.7379647176583202, 0.013307810114885833]], "inverted": true, "swapped": false, "error_lsq": 0.03509543862785154, "error_max": 0.2090546740200389, "target": "821.xyz", "model": "10.xyz", "model_rescale": 4.260839863003843, "target_rescale": 4.09058092948427},
{"mapping": [0, 3, 7, 4, 5, 2, 1, 9, 12, 11, 10, 13], "R": [[0.29831958845099593, -0.8906815970916859, 0.34306226220415564], [-0.9469022414854646, -0.23101746609747936, 0.22362261832762653], [-0.1199231763098018, -0.3915574325180208, -0.9123054361471624]], "T": [0.13530418099020164, -0.11654913169112796, -0.061797545430715826], "aligned_model": [[0.3291528809563041, 0.22138939576418426, -0.24296834038298626, -0.41831901287006396, -0.6282919535038658, -0.3777370199337548, 0.2947494755163369, 0.6687692384249035, -0.04149806013468865, -0.1946863366263079, 0.2636736235977435, 0.08466475828632516], [-0.04260792669852706, -0.5616849026696356, -0.6338320832465016, -0.19026349255936834, 0.024454670785627186, 0.4197896073589336, 0.5831028751601135, 0.06496374505050964, -0.33057402559724625, 0.2802742441618357, 0.589809895161195, -0.030354101374001574], [-0.7592721075822093, -0.3962503973075642, 0.09236902446488277, -0.5338384987388198, 0.1849043737828517, -0.2978735497012039, -0.3613506414165306, -0.08805545073853777, 0.6077500927348864, 0.6717935294717707, 0.37067604422381906, 0.025325658202159755]], "inverted": true, "swapped": true, "error_lsq": 0.04815558214492837, "error_max": 0.3119350754525392, "target": "821.xyz", "model": "11.xyz", "model_rescale": 3.890672605050136, "target_rescale": 4.09058092948427},
{"mapping": [7, 3, 8, 12, 5, 6, 10, 9, 2, 4, 0, 1, 11, 13], "R": [[-0.24456190293024688, 0.6353894035920388, 0.7324409747126999], [-0.8743367137714414, -0.4710761699492105, 0.11671569327789288], [0.41919540382319687, -0.6118558228119889, 0.6707515676497304]], "T": [0.14799680386567957, -0.07536862960075753, 0.1792753712243074], "aligned_model": [[-0.0031239283494937375, 0.6411250154034586, 0.6681885680091352, -0.46674871605452295, -0.12320387173964611, 0.4293417215461528, -0.6390408976904053, -0.3230525278094053, -0.10945845980072458, 0.07518754929466687, 0.6515126353173895, 0.6712128179629027, -0.14080900581547498, 0.08751943326958456], [-0.1681910975522723, 0.26587554425328175, -0.4230987212704675, -0.09058151478053662, -0.6678792217852864, -0.40990011871852866, 0.3484773299636587, -0.6564958039853483, 0.5379485801029376, 0.5647841367904721, 0.22386767384511047, 0.2656408082166609, 0.04419465923071253, -0.022050843265177984], [-0.6546974604761869, -0.5231775715400182, -0.178041515730154, -0.24142483154200858, -0.24540518346993964, 0.5547644709669918, 0.2008800774892913, 0.3942733952655495, 0.4305181246689075, -0.09633357630027964, 0.10428215869969701, 0.6432321109122884, 0.6321086608060997, 0.031461264088817414]], "inverted": true, "swapped": false, "error_lsq": 0.04653596613851861, "error_max": 0.2629651716406701, "target": "821.xyz", "model": "12.xyz", "model_rescale": 4.124412569039231, "target_rescale": 4.09058092948427},
{"mapping": [2, 4, 7, 1, 5, 11, 0, 10, 3, 9, 12, 6, 13], "R": [[-0.365789625576095, -0.11427321287898012, 0.9236555541105221], [-0.8737878755639488, -0.29954770395993763, -0.38310040664265943], [0.32045701480595123, -0.9472131786829431, 0.009720894558293669]], "T": [0.08917561963352882, 0.19192063834600975, -0.10135631992668694], "aligned_model": [[-0.24074434490094232, -0.052697371737390586, 0.6221813863349138, -0.5913738502447999, 0.42987016995450783, 0.5145919001612471, -0.5395888291715417, -0.033659503858274015, 0.06821166222458339, -0.20090094983872103, 0.7727583007605577, 0.4980390830124443, 0.12061065481317287], [-0.1723525376322098, 0.4521419478835112, 0.4758830180063465, -0.18424625111106557, -0.15910671928941245, -0.5905256630626492, 0.5549120672299508, -0.6119921062209894, 0.7548444746931349, 0.1265761190646783, -0.03937542593101029, 0.6748461741245965, 0.06588027875359534], [0.5028458539422418, 0.5671584770376978, 0.16266887445814793, -0.0970342513598815, 0.5502033346283832, 0.005025878728029287, -0.052286210915458445, -0.30406553510774054, -0.11097379869511975, -0.5807382628084479, -0.1690067165595852, -0.44739006799595366, -0.07470949438447416]], "inverted": false, "swapped": true, "error_lsq": 0.04387860223970197, "error_max": 0.31111333194932944, "target": "821.xyz", "model": "13.xyz", "model_rescale": 3.9028299243045295, "target_rescale": 4.09058092948427},
{"mapping": [14, 11, 12, 10, 13, 8, 7, 4, 6, 9, 1, 2, 3, 15], "R": [[-0.3589580367065348, -0.5485207039714095, 0.7551649920371704], [0.9048588375492317, -0.40290982629386596, 0.13745601472798485], [0.22886592580120613, 0.7326586580328907, 0.640961526783473]], "T": [0.1356318903498503, -0.08382127996184134, 0.19823871182235753], "aligned_model": [[-0.008172049511678325, 0.4756234711464677, 0.6507872072842449, -0.47976949595074286, 0.12919576129479876, 0.5368590551195747, -0.6564957384941235, -0.41900093921228426, 0.12969426350916344, -0.1324967415962846, 0.6084564954262874, 0.6495391976583154, -0.13684601322638978, 0.07127586009626727], [-0.04883394320276524, 0.2276363017954277, -0.38864738890999456, -0.26024640022451423, -0.6413337794820387, -0.6598777400769492, 0.33448430513989513, -0.3625424763478632, 0.5727880934258873, 0.5004895998089756, 0.35518364273668196, 0.00619578458846122, 0.180428526916053, -0.0031331151220401615], [-0.674198658955489, -0.37904509021201216, -0.15663638127187196, -0.18321628254602662, -0.3690264298149216, 0.5202369673581961, 0.06339727556521862, 0.47037873633134697, 0.31329147196357254, -0.23481242716218598, 0.1213600644384393, 0.7178019679716873, 0.6928266988032826, 0.15008221136981892]], "inverted": true, "swapped": false, "error_lsq": 0.03847369070760315, "error_max": 0.23613654098071332, "target": "821.xyz", "model": "14.xyz", "model_rescale": 3.942246331269136, "target_rescale": 4.09058092948427},
{"mapping": [10, 9, 6, 4, 11, 8, 3, 13, 1, 5, 2, 0, 12, 14], "R": [[-0.46768389891514284, 0.8110987934204716, -0.3512698649292101], [0.12791744544324873, -0.3311183631540147, -0.9348784716386829], [-0.8745907030416022, -0.48216115241074853, 0.05110504142582167]], "T": [0.10762011116551276, -0.04121823396254999, 0.015463522119658804], "aligned_model": [[-0.05894660785219047, 0.585124394341758, 0.4897570732099068, -0.4165405248723574, 0.03173906307363647, 0.5541314164361576, -0.45582462977171867, -0.43244006729968054, -0.08771111116402475, 0.14308229137804127, 0.6457051930851444, 0.5965702290572638, -0.3205194957457108, 0.144523109667391], [-0.17760119165804827, 0.15179051515028485, -0.3901604472069534, -0.17739850504675492, -0.7439947446878935, -0.5356088391696756, 0.39719805368149047, -0.5224948621829928, 0.5613899994373768, 0.5892294348344461, 0.48764825845441695, 0.1481479625193654, 0.018917912915002957, 0.005527864005151505], [-0.6647244908657709, -0.6033252855090835, -0.19666866165734248, -0.20897920625088245, -0.10477901265792912, 0.4092229791949503, 0.09834363517002061, 0.38645901706565056, 0.5207856633350292, -0.04823678299830288, 0.13127628675984715, 0.5310076120982686, 0.7091178877769166, 0.0929404823776835]], "inverted": false, "swapped": false, "error_lsq": 0.04951650966695153, "error_max": 0.35726405168017294, "target": "821.xyz", "model": "15.xyz", "model_rescale": 4.355366556412066, "target_rescale": 4.09058092948427},
{"mapping": [10, 9, 1, 5, 2, 11, 4, 12, 0, 8, 3, 13], "R": [[-0.6516478523830949, 0.5219577071109667, -0.550377350980182], [-0.7457746694100025, -0.57334261322065, 0.3392615367702583], [-0.13847461482488957, 0.6315365388105254, 0.7628803190516322]], "T": [0.11878519316053815, 0.143885733021006, -0.051644895742349234], "aligned_model": [[-0.19864938002253485, 0.5133179197195702, 0.10536748123118855, -0.6742095982541277, -0.42785648161051015, -0.584997570725859, -0.145792290913634, -0.20292020953380596, 0.5177508159566403, 0.20117397967479286, 0.483718975381321, 0.01090491372873939], [-0.5559230722530892, -0.23781694475236403, -0.5591249487214409, 0.3227790176508366, -0.13798578986760063, -0.0887453305139689, 0.43736625450745803, 0.40817915954994544, 0.0009249930853195143, -0.1796509345765162, 0.5176110191349066, 0.08516300449749392], [0.28295654204406206, 0.07823336638231862, -0.3837047341973827, -0.10622895362011917, -0.5294876738938932, 0.4534204545359587, -0.6669684267464048, 0.5416630732099539, -0.6431717706911402, 0.6869689291723262, -0.26275617930859363, -0.0016661656776644496]], "inverted": false, "swapped": true, "error_lsq": 0.04880788923277102, "error_max": 0.25787515103894104, "target": "821.xyz", "model": "16.xyz", "model_rescale": 3.795458400668931, "target_rescale": 4.09058092948427},
{"mapping": [10, 1, 2, 8, 5, 0, 9, 12, 6, 3, 4, 7, 13], "R": [[-0.6451282606252375, 0.5862405205403505, -0.4900322228376767], [0.06442990923321518, 0.6807954863555304, 0.7296343553822946], [0.7613529497800973, 0.439135010941414, -0.4769718314813036]], "T": [-0.1337988590345358, 0.0842491355608359, -0.0027969978179413213], "aligned_model": [[0.13884191427650988, -0.10690178245920282, 0.44568355241529856, -0.2860608903004671, 0.6645769542116257, -0.4835307727831374, -0.5460336275711852, 0.14139985277370082, -0.5612519383953958, -0.47126783808314415, 0.18873158241628463, 0.05631726711779522, -0.0318724727144592], [-0.40442878757015943, 0.2735392504226578, 0.44939750769278664, -0.6923326531981582, 0.10180085213213184, 0.6704659374803694, -0.08076820072915476, -0.47373814637144496, -0.10273620262251458, 0.394156541473617, 0.71848882252477, 0.0952721346802423, 0.014664209555342658], [-0.6267489915903326, -0.7565301002086224, -0.37356538615936397, -0.17815739523178575, 0.15879187537502945, -0.2548938735933034, -0.35072392096600746, 0.3690572608269712, 0.5471540071320251, 0.32505558624411957, 0.16593131396081015, 0.6282128560959946, -0.05130820104923875]], "inverted": true, "swapped": true, "error_lsq": 0.04281308275769739, "error_max": 0.24557355133752581, "target": "821.xyz", "model": "17.xyz", "model_rescale": 3.7474275329858107, "target_rescale": 4.09058092948427},
{"mapping": [6, 4, 8, 2, 0, 3, 7, 1, 12, 9, 5, 10, 11, 13], "R": [[-0.5671927497787477, -0.8064356443055846, 0.16719430669690807], [-0.13316138751364087, 0.2901338259692001, 0.9476763202190482], [-0.8127486877712353, 0.5152513121011054, -0.2719478918914879]], "T": [0.07741824943076198, -0.018171425743933767, 0.12910605264919736], "aligned_model": [[-0.05347952608904677, 0.5753744201878985, 0.7051290811006128, -0.4583237994113543, 0.09690963668736434, 0.28296500379843703, -0.5586356825393721, -0.332632593648062, 0.06507193691711516, -0.02995990320328934, 0.6301044077541407, 0.5708910224977051, -0.10953268479702497, 0.03476901428849242], [0.09877567582552871, 0.025126638642249816, -0.3609423593581888, -0.21007474426218753, -0.6668596336223882, -0.5090309665443205, 0.30668810600005064, -0.5401003205001484, 0.6969028037390999, 0.4987957286183426, 0.44507566333847337, 0.11903288742923318, -0.02360520649456002, -0.06719286176596793], [-0.6220184105783022, -0.5337595081139976, 0.0560194595403633, -0.2951418669141348, -0.398118838230512, 0.5502908390356271, 0.3685240183424767, 0.3239571540537789, 0.34763142465451163, -0.2819159169625788, 0.07289145023385277, 0.5918143507720615, 0.8267854088180366, 0.045480559187872166]], "inverted": false, "swapped": false, "error_lsq": 0.042856727960824514, "error_max": 0.27650560803073, "target": "821.xyz", "model": "18.xyz", "model_rescale": 3.922800546911778, "target_rescale": 4.09058092948427},
{"mapping": [6, 1, 2, 4, 10, 9, 13, 11, 12, 8, 0, 3, 7, 14], "R": [[-0.11615145122025336, 0.542351723651209, -0.8320837988039378], [-0.9523815278401511, 0.1769724959251094, 0.24829450480205362], [0.28191889934569647, 0.8213010066587038, 0.49597015096990593]], "T": [0.10205180516101511, 0.10260572882112069, 0.011640590239382784], "aligned_model": [[-0.025839973103078784, 0.5844608815953656, 0.613977343864353, -0.4667837908891219, 0.01843501242584067, 0.3680604345369697, -0.5417950436574923, -0.3456961944767929, -0.0044956570750789016, -0.18302454895218004, 0.889292022647941, 0.47304760255334155, -0.05680097084562827, 0.09581321491917792], [-0.06409657926706484, 0.14546574423681963, -0.398396764790976, -0.22834585504882304, -0.6667913954293644, -0.5439293060895534, 0.20415416872642883, -0.3757320907006603, 0.6634720981489342, 0.5175129188684859, 0.3336458967688067, 0.18684114733813165, -0.0374035247820516, 0.07619495306610338], [-0.6453387134252238, -0.5482053939278423, 0.0040440775167844695, -0.28963047191632135, -0.21559704843667982, 0.4287437473187354, 0.2283498342495574, 0.29085067602479003, 0.5526494613446525, -0.3361727936234965, 0.17075035248771464, 0.5258543163976809, 0.7819484660391316, 0.10419361378957143]], "inverted": false, "swapped": false, "error_lsq": 0.03803811346198684, "error_max": 0.2368273954395193, "target": "821.xyz", "model": "19.xyz", "model_rescale": 3.9282355846067225, "target_rescale": 4.09058092948427},
{"mapping": [6, 8, 4, 5, 3, 0, 2, 1, 12, 7, 9, 11, 10, 13], "R": [[0.6350085608344983, -0.567706817749887, -0.5239018006718399], [-0.767999572555258, -0.39080074052553276, -0.5073967262011418], [0.08331136910314581, 0.7245576238540261, -0.6841604091827935]], "T": [0.12460176664074583, 0.038552291118909315, -0.024197320180946683], "aligned_model": [[0.008189050090976077, 0.7815460081319718, 0.592577426365289, -0.4508460418254384, 0.01559884866248594, 0.26840438362224356, -0.6278985194008534, -0.32373370162361076, 0.153653475671717, -0.22760412465803143, 0.6023596716751314, 0.6211512628017577, -0.05393797585060946, 0.05919056988058785], [-0.040374436390227614, 0.17589193160250316, -0.3797911693608882, -0.22004215394505425, -0.685993825106739, -0.5864558483311754, 0.09759482348330778, -0.46799981607944896, 0.8221547509081252, 0.5275526721991105, 0.5016336964338269, -0.09984918158971742, 0.21491642568962352, -0.0466464584680296], [-0.6622119792345343, -0.3822247854005034, -0.09737775417104287, -0.3236616502139549, -0.19597146979639607, 0.4542194658615738, 0.3059140386651071, 0.29813956398792385, 0.304310713940345, -0.18208149867098605, 0.16482072516526047, 0.473443917600131, 0.7999711100441554, 0.09514972606197611]], "inverted": true, "swapped": false, "error_lsq": 0.042887622841478686, "error_max": 0.29355210238176205, "target": "821.xyz", "model": "20.xyz", "model_rescale": 4.067790424073018, "target_rescale": 4.09058092948427},
{"mapping": [3, 12, 7, 2, 0, 8, 6, 4, 13, 11, 10, 1, 5, 14], "R": [[-0.7488139296430683, -0.6615706201145571, -0.04002515925947536], [-0.08537232740618417, 0.15616492953867178, -0.9840345931396075], [0.6572589021730761, -0.7334417695928028, -0.1734182981430179]], "T": [0.09358462378523544, -0.01549577953641387, 0.07925920418200705], "aligned_model": [[-0.2331756986585027, 0.487383741615953, 0.6587891740711868, -0.44044387817750263, 0.17389602088844144, 0.17837948703343726, -0.6099608547683348, -0.48739541978906853, 0.17166183010966596, 0.03070083988641495, 0.6434926744304205, 0.7192800080649816, -0.02406220413391355, 0.1501046129704379], [0.06381269104066842, 0.2057199230078815, -0.4954519345234711, -0.4370944648992345, -0.6139434146145343, -0.45261230843023803, 0.21227692207336823, -0.41365092172993495, 0.5786201226308905, 0.5482225252722492, 0.5876548392939289, -0.005805698824054375, -0.0026931830389154664, 0.03753631378661243], [-0.702202806936901, -0.5396105192988477, 0.1620231023193079, -0.22205465067818214, -0.29473081852674754, 0.43549910657867397, 0.052796802484873666, 0.4618910983695347, 0.44127267039797535, -0.2310624942623034, 0.150654500902838, 0.6100289185644571, 0.6575856157018081, 0.07034959822256798]], "inverted": true, "swapped": false, "error_lsq": 0.04981337266858889, "error_max": 0.3298982183309709, "target": "821.xyz", "model": "21.xyz", "model_rescale": 4.186013935880536, "target_rescale": 4.09058092948427},
{"mapping": [5, 2, 11, 6, 3, 12, 7, 4, 10, 1, 0, 9, 13], "R": [[-0.15413212927032038, 0.6765764963920388, 0.7200607830290932], [0.7460258223267885, 0.5575218669720241, -0.3641632055406857], [-0.6478338978073287, 0.48105468751265923, -0.5906755695590105]], "T": [0.03056169529517008, -0.05763495981201672, 0.1362742697699486], "aligned_model": [[-0.07446172193605097, -0.46952867305676904, 0.5009481408091059, 0.3643109901885735, -0.16992894944837603, 0.5966460662231364, 0.09586394172059787, -0.6070680068496233, 0.3663595135246078, -0.28142708139523165, -0.5327988651213185, 0.1937163938509016, 0.0759422869136719], [-0.23905628196144876, 0.23509399325459235, 0.15651755759557512, -0.5596280560585818, -0.4231422060879344, -0.34073288172384886, -0.6864834646897408, -0.3345271219122763, 0.630480792850372, 0.6546362783249123, 0.10453962426479305, 0.32221678246973934, -0.0009583567800599893], [-0.6510499020763575, -0.3841311300500124, -0.5967971385399757, 0.5321784236696576, 0.5152507640621182, -0.21694489597808353, -0.050070191360737926, -0.09069313513318586, -0.20459481150618314, 0.13696455543169683, 0.5673655227193176, 0.5200900690053264, 0.025311431091765604]], "inverted": false, "swapped": true, "error_lsq": 0.05009829730262963, "error_max": 0.273343725296886, "target": "821.xyz", "model": "22.xyz", "model_rescale": 4.166573947596378, "target_rescale": 4.09058092948427},
{"mapping": [0, 5, 6, 4, 2, 12, 8, 3, 10, 7, 13, 14, 9, 15], "R": [[0.23993600151218744, 0.9672879791826952, 0.08236917206699251], [-0.6637490273043798, 0.10154079606154051, 0.7410308330209199], [0.7084263856822621, -0.2324724329116183, 0.6663997479031036]], "T": [0.0698916651055836, -0.11667747096912308, 0.1541776439179301], "aligned_model": [[-0.19691374501884035, 0.5625066650384156, 0.61733016932182, -0.5069183956300984, 0.019746559200269347, 0.5377081184726306, -0.657450312859036, -0.382800803954782, 0.23451191679907235, 0.07942798973349284, 0.6825975075067215, 0.5368965388168607, -0.2022516731983448, 0.09425979931543536], [0.1443363751244684, 0.2396751546973488, -0.5334686701556539, -0.28739275457742475, -0.7182129958570675, -0.4134123540926339, 0.23539877660082675, -0.4930049868428197, 0.5964096538758834, 0.5094514602399167, 0.4665496957793335, 0.20245635972083387, -0.01518032425040479, -0.12101397921738968], [-0.5720746594269773, -0.4127484969709275, -0.17094358324050563, -0.26772276985436017, -0.1432273322351627, 0.5041455429114963, 0.12108530026015656, 0.2761357566797589, 0.31338869321016105, -0.19116460323094153, 0.11881153655757215, 0.7073844852162948, 0.6796160312735235, 0.08975422268896671]], "inverted": false, "swapped": false, "error_lsq": 0.04079998763423254, "error_max": 0.29878940846625146, "target": "821.xyz", "model": "23.xyz", "model_rescale": 4.274766983524099, "target_rescale": 4.09058092948427},
{"mapping": [6, 12, 8, 9, 10, 1, 0, 2, 4, 5, 13], "R": [[0.5241640894536855, 0.8213738956261473, -0.22493761559844982], [-0.3628705774761455, -0.0235400084177605, -0.9315421686675385], [-0.7704394533831439, 0.5699041950956485, 0.28571359275166375]], "T": [0.04145826376951614, 0.008888136802952099, -0.06477767598645132], "aligned_model": [[0.3297102413094799, 0.1943806565987594, -0.4822294645772216, -0.43552093196858144, -0.6399661899957275, -0.5240755056215151, -0.014423145699134193, 0.023524817035403142, 0.541533432409781, 0.3915569584317793, -0.004596163964947914], [-0.05921314857140465, 0.6550266208528411, 0.43661651143392244, -0.20631455540355853, 0.4464075724544091, -0.22789605252389217, -0.6891059047094434, 0.08002379387087637, -0.2022944084549937, 0.5620786534804783, 0.12025744881424826], [-0.7223480311354364, -0.35543129914043003, -0.5117831239320773, -0.27549079284939526, 0.15130714901933243, 0.4135241046033592, 0.13320457375254105, 0.7106064265236363, 0.4252038212826438, 0.4202317281746165, -0.00945812227721296]], "inverted": true, "swapped": true, "error_lsq": 0.03772088420159802, "error_max": 0.1682110850634164, "target": "821.xyz", "model": "24.xyz", "model_rescale": 3.7841303162186577, "target_rescale": 4.09058092948427},
{"mapping": [10, 14, 13, 7, 11, 3, 0, 6, 2, 9, 12, 5, 4, 15], "R": [[-0.3600126771083405, 0.14037864918572907, 0.9223257055802334], [-0.9326621946397049, -0.07859754571363925, -0.3520847291457573], [0.02306735813080224, -0.986973282647804, 0.15922197187663178]], "T": [-0.04606647661284037, 0.06162777509813691, 0.04677106745948728], "aligned_model": [[-0.17818976747247478, 0.5109771774292915, 0.6002138810348138, -0.5036584521776469, 0.05556698443471124, 0.37830687666438156, -0.7704417022180803, -0.22423317267688886, 0.19367086614741752, 0.2355062353269049, 0.688833995973011, 0.5539541348812254, -0.07249167122145421, -0.049365052581594245], [0.06949253367609715, 0.21367805147036492, -0.3448929383350793, -0.308050465773667, -0.6548761900134653, -0.43168610178831157, 0.1403162801380215, -0.5134702445805412, 0.6500684960565702, 0.5165959181237638, 0.2393581482413882, 0.19294243477229234, 0.0385486287156354, 0.004566860342147275], [-0.7198688003155518, -0.4971793376852098, -0.12370651505390223, -0.23027250713643282, -0.2095885953924002, 0.5216927068197705, -0.055300481247970004, 0.44620234868106673, 0.45304259283554826, -0.18957931914657153, 0.1059750899882691, 0.6729263767723057, 0.792071949620851, 0.08602461509928183]], "inverted": false, "swapped": false, "error_lsq": 0.0428103539157222, "error_max": 0.25996308451411154, "target": "821.xyz", "model": "25.xyz", "model_rescale": 4.19342608120988, "target_rescale": 4.09058092948427},
{"mapping": [10, 9, 1, 5, 2, 11, 4, 12, 0, 8, 3, 13], "R": [[-0.6516478523830949, 0.5219577071109667, -0.550377350980182], [-0.7457746694100025, -0.57334261322065, 0.3392615367702583], [-0.13847461482488957, 0.6315365388105254, 0.7628803190516322]], "T": [0.11878519316053815, 0.143885733021006, -0.051644895742349234], "aligned_model": [[-0.19864938002253485, 0.5133179197195702, 0.10536748123118855, -0.6742095982541277, -0.42785648161051015, -0.584997570725859, -0.145792290913634, -0.20292020953380596, 0.5177508159566403, 0.20117397967479286, 0.483718975381321, 0.01090491372873939], [-0.5559230722530892, -0.23781694475236403, -0.5591249487214409, 0.3227790176508366, -0.13798578986760063, -0.0887453305139689, 0.43736625450745803, 0.40817915954994544, 0.0009249930853195143, -0.1796509345765162, 0.5176110191349066, 0.08516300449749392], [0.28295654204406206, 0.07823336638231862, -0.3837047341973827, -0.10622895362011917, -0.5294876738938932, 0.4534204545359587, -0.6669684267464048, 0.5416630732099539, -0.6431717706911402, 0.6869689291723262, -0.26275617930859363, -0.0016661656776644496]], "inverted": false, "swapped": true, "error_lsq": 0.04880788923277102, "error_max": 0.25787515103894104, "target": "821.xyz", "model": "26.xyz", "model_rescale": 3.795458400668931, "target_rescale": 4.09058092948427},
{"mapping": [5, 12, 7, 4, 0, 10, 11, 2, 8, 3, 1, 9, 13], "R": [[0.9181185158854456, 0.11420219233804474, -0.37949472994165656], [0.3875607113219074, -0.4587887357636112, 0.7995683779240425], [-0.08279544569578576, -0.8811757799676586, -0.4654827160813005]], "T": [0.020320388777892634, 0.059606642685055555, -0.07679154641165818], "aligned_model": [[-0.10279188358032668, 0.35092125733465185, 0.5412007339465504, -0.020984018084748764, -0.17754171904289495, -0.5841830221213231, -0.24225956675028612, -0.5723448483958261, 0.017594932828905285, 0.39642886054065196, -0.7164073384405178, -0.14030211502935927, -0.049654890384219746], [-0.7088599435983264, -0.46323002982360195, -0.2918748281492963, -0.09496088316667384, 0.6242220582868352, -0.1538187189680755, -0.6739542830978975, -0.25339825973707153, 0.01886566342703716, 0.3643665598111523, 0.3080455004613145, 0.48634521871599734, -0.039866550904479464], [-0.3178837280177898, 0.30097108678680445, -0.2757476354020252, -0.7903445824952263, -0.4910081610908231, 0.46309773443604885, 0.36757151870066185, -0.47350081571243813, 0.7327435141493132, -0.3650258943257233, -0.0901399488106349, 0.25534693150946813, -0.023943357628209413]], "inverted": true, "swapped": true, "error_lsq": 0.04497390453819144, "error_max": 0.2765402513170067, "target": "821.xyz", "model": "27.xyz", "model_rescale": 3.6321398670334006, "target_rescale": 4.09058092948427},
