[{"mapping": [1, 2, 3, 9, 0, 12, 11, 6, 7, 4, 8, 13], "R": [[0.22905110268791692, 0.9185575223789171, -0.32216093872248774], [-0.925565358583534, 0.30800647129666414, 0.22013809445325785], [0.30143715654773495, 0.2477581314921518, 0.92073424446576]], "T": [0.02175684571863025, -0.12231715100468966, -0.1301484602418096], "aligned_model": [[-0.16154981862815926, -0.6235739128562894, -0.25377847059624725, -0.203866022937495, -0.67873872278533, 0.010218667231669275, 0.6997132074661491, 0.06968358801168567, 0.19290599109642437, -0.07174390552955577, 0.5431586297693689, 0.09209860126386608], [-0.5643129299492685, 0.2895703920485127, 0.12132535235870175, -0.22617454074551085, -0.41361108429391513, -0.6521889361981258, -0.16084432330020412, 0.5859657783020027, 0.23238734795606153, 0.7500387968699355, 0.42018173115643076, -0.07267798487920622], [-0.45276667365233636, -0.05834937024465975, -0.501522834446348, 0.5590910739549967, 0.010799180802062935, 0.10270894175935047, 0.03094986192282298, -0.4140227345492208, 0.5150547410280865, 0.2488725633635695, 0.08059848295154148, 0.008155020801077245]], "inverted": false, "swapped": false, "error_lsq": 0.05357422574083328, "error_max": 0.34216161658789856, "target": "822.xyz", "model": "0.xyz", "model_rescale": 3.8414455957264533, "target_rescale": 3.8612660566789225},
{"mapping": [0, 13, 7, 12, 11, 1, 5, 9, 10, 8, 6, 14], "R": [[-0.3326088992327682, 0.9007107036681523, 0.27944865082656684], [-0.7881763548190257, -0.10278952123529932, -0.6068050329623278], [-0.5178313952005613, -0.4220835730300816, 0.7441075886743799]], "T": [0.08406180269057231, 0.0029823910399581384, -0.09736517957622133], "aligned_model": [[-0.31156306750999474, -0.6373758499680472, 0.000839040529617488, -0.3022151237508981, -0.5718050956362992, -0.02440701624588265, 0.7008754240989261, -0.07489168790661166, 0.32877859346027705, -0.21634137227247793, 0.6359232707840566, 0.08671071592342033], [-0.397866484614018, 0.23025033758294652, 0.11320796258940975, 0.006012013940186512, -0.4058787586991527, -0.8275158255172824, -0.07288869542754355, 0.5845850253989616, 0.033747671593959486, 0.5825709047301364, 0.5314708305017428, -0.06803538275393232], [-0.5537844062449657, -0.14955707971297116, -0.7249632176308504, 0.560715743526011, 0.261712213255847, 0.11944145958069073, 0.12196862918532457, -0.4167111417036291, 0.541030066519957, 0.34776118986407617, 0.064425002983149, -0.04247020593169617]], "inverted": true, "swapped": false, "error_lsq": 0.05132476055570658, "error_max": 0.2439853769219937, "target": "822.xyz", "model": "1.xyz", "model_rescale": 4.316132596720782, "target_rescale": 3.8612660566789225},
{"mapping": [8, 0, 1, 4, 2, 6, 10, 9, 3, 5, 7, 11], "R": [[-0.10459379185575636, -0.9744528731527544, -0.19875043826260338], [0.28173617478975244, 0.16262708489862776, -0.9456094114761193], [0.9537740122901613, -0.15490006217467028, 0.25752884152694544]], "T": [-0.02053294539064025, 0.05993432462869626, -0.03315353289863634], "aligned_model": [[-0.04175176135946307, -0.6654666483776063, -0.24532572375765926, -0.41016018289599493, -0.697643574318934, 0.2068120242129475, 0.4746372953064068, 0.10345146650145194, 0.3172655679374558, -0.11043170256008916, 0.7181227989035104, -0.03498172808593948], [-0.5878249758402356, 0.3490497034027024, 0.06688086583381922, -0.17204799874028598, -0.41905165055231186, -0.6208619977858615, -0.22025237674491166, 0.6639235999649284, 0.11593885401684484, 0.6103627339022741, 0.5410655568573954, -0.017522714988944144], [-0.4418022406144111, 0.03307995632190753, -0.5271345201482764, 0.5903082129807866, -0.14637470369823183, 0.36800303900598474, -0.3043317836686684, -0.4451927617574888, 0.527000611886932, 0.2904305545360604, 0.11969131842159911, 0.06589057042474944]], "inverted": true, "swapped": false, "error_lsq": 0.06163339849880633, "error_max": 0.3212341784473637, "target": "822.xyz", "model": "2.xyz", "model_rescale": 3.795458400668931, "target_rescale": 3.8612660566789225},
{"mapping": [6, 5, 2, 9, 3, 8, 1, 10, 7, 4, 0, 11], "R": [[-0.14036693273714757, -0.6855784999804923, -0.7143383263961575], [-0.14431329627472933, 0.7279430298184189, -0.670278015346694], [0.9795258019635252, 0.009003649442244854, -0.2011172234902667]], "T": [0.02071877617946878, 0.06620954991452752, -0.0261530490579817], "aligned_model": [[-0.13876483364736458, -0.6599252973241985, 0.14039187975218198, -0.48949927938567056, -0.5907243439852481, -0.001438917493184519, 0.5489572581778119, -0.203644956630063, 0.31587708982987783, -0.06523993221233919, 0.6548783425842876, 0.10366082183999557], [-0.416299786134935, 0.23491321714976313, 0.048988197344604, -0.16216275802408223, -0.44430151932680984, -0.6891952208262628, -0.24482464615626617, 0.6429310821022997, 0.02113041272885241, 0.6514669584314743, 0.5215067080261142, 0.1455069540106621], [-0.3245588389525699, 0.01953429508611705, -0.7831914131531676, 0.6387366166380603, 0.02469756078370007, 0.17243095327981506, -0.16929869855642982, -0.42120231827756194, 0.6768062227989401, 0.22090888558844712, 0.026326340501214046, 0.04837864795437845]], "inverted": false, "swapped": false, "error_lsq": 0.05192938995561311, "error_max": 0.2637642787811384, "target": "822.xyz", "model": "3.xyz", "model_rescale": 3.7530521520055578, "target_rescale": 3.8612660566789225},
{"mapping": [6, 5, 0, 4, 2, 3, 7, 8, 9, 1, 11], "R": [[-0.798370267411198, -0.21236227825021453, -0.5634777536781296], [-0.5723121007970873, -0.023389386829851255, 0.8197022604976446], [-0.18725323867692403, 0.976911049871022, -0.10286411057750361]], "T": [-0.14513257593132528, -0.09652816050125212, 0.0023498835851195905], "aligned_model": [[-0.5955060721176352, -0.15955794507120968, 0.4457360802898393, 0.46457007609924944, 0.1667188912857543, -0.18364187495753886, 0.11340488788938835, -0.747630013133693, -0.40497509160784284, 0.3447706386987696, -0.1056899749298763], [-0.47385361476626076, -0.12349972297709116, -0.34109924786559065, 0.3384327001283753, -0.6412131597655699, 0.6404650213214887, -0.35938647440870686, 0.06897195282322244, 0.13303229760031957, 0.24574324467134534, -0.02038963844718586], [-0.2682357559414073, -0.7194378511794368, -0.4205390758845355, -0.3162970728747693, 0.08170023656147193, -0.04187431103192712, 0.6753826969707477, 0.040870379645642024, 0.6693673065282261, 0.4367018427630378, -0.04480761831173278]], "inverted": false, "swapped": true, "error_lsq": 0.054774938264639375, "error_max": 0.3371130895012743, "target": "822.xyz", "model": "4.xyz", "model_rescale": 3.7855080009869324, "target_rescale": 3.8612660566789225},
{"mapping": [12, 6, 1, 8, 13, 14, 3, 4, 10, 7, 5, 16], "R": [[0.22896391372570882, -0.2087242607877408, -0.9507942517548251], [-0.8120784249966908, 0.497619973527307, -0.3047999238870909], [0.5367533491896443, 0.8419076819374518, -0.05556345227221134]], "T": [-0.0078100542416832675, -0.06750279999389872, 0.002462315477640727], "aligned_model": [[-0.2848493054705812, -0.5412738483647905, 0.008957100589024273, -0.38208739038372597, -0.654251493389891, 0.10020583777685539, 0.6865513698723357, -0.08182744945178966, 0.2845842535184725, -0.07430984631935536, 0.5373317576929736, 0.015496845436558965], [-0.5162510637994474, 0.3064213866154524, 0.019121555905573878, -0.03980760299189681, -0.3771487913254904, -0.7351977326986143, -0.07364156413830636, 0.5722542439840848, 0.11782855867479478, 0.6245512853860559, 0.5274260013839657, -0.11589667767075862], [-0.42758362627764457, -0.03845407604552155, -0.7494146840862869, 0.5978271831655627, 0.10782105825520236, -0.012147354085835822, 0.017990795003058384, -0.36117642524206195, 0.6436503770927647, 0.2817621408238973, 0.0655762663205435, 0.00371659876726484]], "inverted": false, "swapped": false, "error_lsq": 0.03711049193886413, "error_max": 0.22657790045194168, "target": "822.xyz", "model": "5.xyz", "model_rescale": 4.2253639853439635, "target_rescale": 3.8612660566789225},
{"mapping": [4, 5, 3, 8, 10, 1, 0, 6, 9, 11, 12, 13], "R": [[-0.9603100198286174, -0.002328905733147396, 0.27892515486209996], [-0.27809842479978664, -0.06938873896422643, -0.9580430413237351], [0.021585456692823468, -0.9975869782144515, 0.06598703627472347]], "T": [-0.04467890598211833, 0.012263629470265864, -0.010820399452766622], "aligned_model": [[-0.10356966659232664, -0.6176605084577605, 0.12693341674372416, -0.31128041192668776, -0.7237637989757336, -0.016424212177262122, 0.695838018188318, -0.11067573929454727, 0.3205994021592499, -0.15487331605357996, 0.5448331690292741, -0.0354285211365815], [-0.5221020476648125, 0.27446455274688736, 0.08066670524506855, -0.06006292678719197, -0.3556788393213316, -0.6989543409492794, -0.27125294538686134, 0.5265456157443705, -0.12491013169344407, 0.7310447496471048, 0.7122764656015075, 0.01762274214339618], [-0.47114258403791803, 0.049875774298278386, -0.695568311177607, 0.6744221721134748, 0.09860776034412168, 0.16827860330426483, -0.13046857589118335, -0.39144675785402366, 0.45859577446432803, 0.2662440011466601, 0.1730309185634206, -0.07086052158287333]], "inverted": true, "swapped": false, "error_lsq": 0.04990992439917292, "error_max": 0.2941919244608201, "target": "822.xyz", "model": "6.xyz", "model_rescale": 3.89814844738969, "target_rescale": 3.8612660566789225},
{"mapping": [9, 2, 5, 4, 10, 11, 8, 1, 7, 0, 3, 12], "R": [[-0.6184436860549851, -0.7432135134335738, 0.2552666853086134], [0.10852667204974334, -0.402502856053847, -0.9089628222992974], [0.7782990226336732, -0.5344390744680068, 0.32958383918094325]], "T": [0.024089563032841044, 0.05219432904490282, 0.07645387140863562], "aligned_model": [[0.02552261797836669, -0.6573299708056918, -0.22104459005412608, -0.37817219078574904, -0.5614804507593338, 0.13536370478973903, 0.585111745001624, -0.31843903405558205, 0.33231405981199036, 0.06741982192175455, 0.7353249041305336, -0.13006278566743912], [-0.5167168887531414, 0.2451068902909106, 0.11144235524054977, -0.05210080707811341, -0.34015397116887874, -0.7070632997988416, -0.3089226370027177, 0.6730470622139243, 0.14665162056852862, 0.6412360726456533, 0.4329825919515743, -0.01584938978403392], [-0.6122288216014935, 0.07653835660577857, -0.6576956517861177, 0.5692051214122734, -0.1286661747080593, 0.3343032220804005, -0.03550782063949938, -0.383994449173635, 0.6485990970368996, 0.12295871447595895, 0.11552464150701153, 0.08053201848142512]], "inverted": false, "swapped": false, "error_lsq": 0.057206847729298814, "error_max": 0.3042352999847136, "target": "822.xyz", "model": "7.xyz", "model_rescale": 3.7474275329858107, "target_rescale": 3.8612660566789225},
{"mapping": [4, 11, 8, 12, 13, 2, 3, 9, 0, 10, 6, 14], "R": [[-0.5007637218644408, -0.640396998385814, -0.5823464426979121], [-0.7856765697484407, 0.053950195049690564, 0.616280540178273], [-0.3632465039237083, 0.7661468925164027, -0.5301612174373596]], "T": [-0.030734148714995007, 0.04673478978256905, 0.06638271881317363], "aligned_model": [[-0.28325825380207686, -0.5020433802420851, 0.11606228554568339, -0.5022196865079055, -0.8073438811884012, 0.25750705167544785, 0.6622758094021108, -0.26142497447874297, 0.44515678031056244, -0.060069901726394606, 0.5987536465047213, -0.048867663986833454], [-0.5295523208989357, 0.44781086856241303, -0.17899112981037468, 0.023541520969490026, -0.4051358586106364, -0.7302934982591068, -0.027435092665184832, 0.4511038744589762, 0.07483767837781573, 0.638139756237997, 0.5557894543801308, -0.010155653417170549], [-0.39875230272128065, 0.007344232232002909, -0.560282209173701, 0.46363085126095477, 0.03806189183271423, -0.08104029781023188, -0.10205291718118963, -0.5366163080142361, 0.5213017104487794, 0.540347842989384, 0.17383765131340423, 0.06378810851434255]], "inverted": false, "swapped": false, "error_lsq": 0.05191310301368943, "error_max": 0.28180213339251775, "target": "822.xyz", "model": "8.xyz", "model_rescale": 4.019505241142653, "target_rescale": 3.8612660566789225},
{"mapping": [3, 5, 2, 8, 4, 0, 1, 6, 9, 11, 10, 12], "R": [[0.912794329062676, -0.40508635530783116, 0.052072618279065674], [-0.37099043355389266, -0.8756949286187058, -0.30907036448513614], [0.17079991522982224, 0.26279923275172956, -0.9496125274145177]], "T": [0.016800782163970907, 0.021112584378949882, 0.027716722714844648], "aligned_model": [[-0.5103866914685726, -0.5910900698057291, 0.0747540127886677, -0.2683069040693458, -0.575453160235325, 0.04193605205439136, 0.6708625352164437, 0.051621013855686945, 0.2554521552758767, -0.24575976043497916, 0.7297085570407511, -0.018809908711779823], [-0.35285356669987916, 0.21289717556272966, -0.1222055625823728, -0.02447938658086194, -0.5518752715324532, -0.6256051155835576, -0.1470868015573552, 0.6213747831133835, 0.17819769555986562, 0.4893255558654817, 0.5939868706429031, 0.037983223117530426], [-0.5385725083623407, -0.18255001697068063, -0.5433117301913057, 0.638267220889063, 0.11999269972763812, -0.03368777902427706, 0.04246433049145793, -0.3803698884381508, 0.6487721561404963, 0.3424993442092445, -0.014203616925869071, 0.030268042145667022]], "inverted": true, "swapped": false, "error_lsq": 0.06065343158271431, "error_max": 0.3181909115685056, "target": "822.xyz", "model": "9.xyz", "model_rescale": 3.877068213659057, "target_rescale": 3.8612660566789225},
{"mapping": [14, 11, 6, 8, 9, 2, 4, 12, 1, 0, 5, 15], "R": [[-0.08378700138948411, 0.9963734221248279, -0.014823699990832051], [-0.7311406518248698, -0.05136192708597845, 0.680290599446383], [0.6770620988116696, 0.06783771907482028, 0.7327925751694422]], "T": [0.02252955870022224, -0.0672345909636788, -0.10324337009773851], "aligned_model": [[-0.38900213400925987, -0.5837511895679909, 0.025159787110891008, -0.3658977623819701, -0.48700543526255446, 0.04942356530751085, 0.6290132758076701, -0.045205058243994296, 0.4150774933971794, -0.14412355614795727, 0.5076819631047178, 0.0031568823918439563], [-0.6104142650996988, 0.3389870747083242, 0.08893575357626736, -0.11007602980361082, -0.4570970655635182, -0.7074476660381795, -0.29402701937518166, 0.6365737458538708, 0.2842949524694711, 0.6069473203250656, 0.5217533297638827, 0.011229468508721308], [-0.4841883190598437, 0.006587813460043945, -0.6998240272679405, 0.5620473657186665, 0.051761935378866725, 0.06926543797235302, 0.09381848578441193, -0.3446166544667111, 0.5861329489488827, 0.2859500592356009, 0.06621404632329078, -0.06358083833667866]], "inverted": true, "swapped": false, "error_lsq": 0.04482536399839792, "error_max": 0.24381224668144824, "target": "822.xyz", "model": "10.xyz", "model_rescale": 4.260839863003843, "target_rescale": 3.8612660566789225},
{"mapping": [4, 2, 5, 8, 9, 10, 6, 3, 7, 1, 0, 11], "R": [[-0.5430024973787797, -0.5807816746109195, 0.6064989153135762], [-0.03719969184097055, 0.7381816476027617, 0.6735755622566847], [-0.8389067115998925, 0.3431916397271476, -0.4224393774898909]], "T": [-0.06309269398779273, 0.009421775811820968, 0.03565274839483968], "aligned_model": [[-0.43033787982531274, -0.6634479938079082, 0.19673047777391944, -0.46329974353529985, -0.6157168357596308, 0.11666162771815732, 0.739481879647652, -0.07919769080894735, 0.35318659823626897, -0.16946683498729154, 0.6678115472456921, -0.03787732039121274], [-0.34934886285327876, 0.320788482450421, -0.08530286533152145, -0.11142035135054901, -0.5618195924780517, -0.5852313845642647, -0.14302064329342362, 0.5537716476460873, 0.0558637590839029, 0.6709881629369079, 0.4922784506002296, 0.05211279647895467], [-0.4863793013034743, -0.07828326047145504, -0.5808941387304191, 0.6194719882748695, 0.09908080403636554, 0.12173291292167898, -0.1537956542520361, -0.41960203469280144, 0.5397959049857382, 0.30818733462963305, 0.08725401983472375, 0.07299967845811993]], "inverted": true, "swapped": false, "error_lsq": 0.042752470294185385, "error_max": 0.2555334052029796, "target": "822.xyz", "model": "11.xyz", "model_rescale": 3.890672605050136, "target_rescale": 3.8612660566789225},
{"mapping": [10, 9, 12, 6, 11, 2, 4, 5, 0, 8, 3, 13], "R": [[0.9556698469643468, -0.2822918176469268, 0.08370467903729244], [-0.29362840738347007, -0.9348103648494162, 0.1997797290706649], [0.021851818702086048, -0.21550153470380576, -0.9762589751493789]], "T": [-0.09487554528402631, 0.042296118898828734, 0.12898742294016874], "aligned_model": [[-0.09168519736589478, -0.7985370330102537, -0.05684664078437725, -0.4640398525140644, -0.398683337319505, 0.08132800780747795, 0.4965168657021768, -0.3334571690993264, 0.3367752673627921, 0.07212284643223277, 0.7571982535160223, 0.013835820778805907], [-0.5714351537640902, 0.15859445278724607, 0.06743445890802438, 0.17016907651999635, -0.4163305977532692, -0.6427516098041717, -0.2855951054837617, 0.614763077300918, 0.059671389981033184, 0.6965846124723111, 0.39124059117665955, 0.06731440698451802], [-0.5212927098320672, -0.18271054665073477, -0.614688590542323, 0.5525727920431849, 0.1178283832549767, 0.056695992303628456, -0.054858722045123126, -0.3404085422646621, 0.5315668755248439, 0.380401722811236, 0.20159012720960706, 0.0028714718783764415]], "inverted": false, "swapped": false, "error_lsq": 0.05274996710228511, "error_max": 0.2886432842541152, "target": "822.xyz", "model": "12.xyz", "model_rescale": 4.124412569039231, "target_rescale": 3.8612660566789225},
{"mapping": [3, 5, 9, 4, 0, 1, 8, 7, 2, 10, 11, 12], "R": [[-0.08736367263769435, -0.9238339367202297, 0.37269081832969364], [-0.6945932214856012, 0.32466872765131866, 0.6419738888393582], [-0.7140783187924898, -0.20278331945521744, -0.6700530426624558]], "T": [-0.11512672832300005, -0.0591096696212637, -0.11301427341201672], "aligned_model": [[-0.3479539956039204, -0.7750522811629911, 0.21265334900893304, -0.37043186125940575, -0.5836356883057338, 0.17452945348296858, 0.5971246070211057, -0.3098088692204045, 0.3642262820131076, 0.04611886283794864, 0.683517253351559, -0.07675928065708087], [-0.4603238906254428, 0.28201742946583486, 0.10834972402919278, -0.01436221891034574, -0.38277209781785343, -0.6960395194706349, -0.12006976177695151, 0.46639157973227036, 0.03399074786138982, 0.5921520085364473, 0.47964201662508305, 0.020683581676423937], [-0.6548371118384119, 0.034892609624120635, -0.6356602763460157, 0.6293422517837446, -0.0011689320525749836, 0.3032596287499827, -0.05074049591818955, -0.3941280857007803, 0.5968790406818603, 0.19434180378814084, 0.13692026289343115, -0.02953244197436504]], "inverted": true, "swapped": false, "error_lsq": 0.04488316430669234, "error_max": 0.24337068733903103, "target": "822.xyz", "model": "13.xyz", "model_rescale": 3.9028299243045295, "target_rescale": 3.8612660566789225},
{"mapping": [0, 13, 4, 12, 8, 2, 6, 10, 11, 14, 9, 15], "R": [[-0.9691972154328056, 0.23611727300161695, -0.07003849646855265], [0.0074718863956339115, 0.3124376327390204, 0.949908888558333], [0.24617255840362529, 0.9201257300166737, -0.30457792508699116]], "T": [0.012549754483090377, -0.06039914810146309, -0.038526441130629904], "aligned_model": [[-0.18408398060364287, -0.5868829522290757, -0.14379149822409942, -0.4052254645666221, -0.5892176304345283, 0.06456535677693703, 0.6689393934028048, -0.0945571848714653, 0.2079555012751326, -0.011062951799698018, 0.5899864143427643, 0.09790282843757978], [-0.6506731401679207, 0.42568462513334826, 0.01565614336817052, -0.03887300154865639, -0.5420919317139072, -0.776784304016781, -0.16127385040725584, 0.5961761293720934, 0.23594118456244334, 0.7497153340434599, 0.44211587384570783, 0.014066536854712333], [-0.5863660141449354, 0.15396861677156248, -0.6936113815956998, 0.5175677777958374, 0.01000433490611878, 0.12345027033734025, 0.01965601844956715, -0.37436808625760926, 0.6094362813273951, 0.3167306752006526, 0.08350229741566327, -0.050402536514949664]], "inverted": false, "swapped": false, "error_lsq": 0.04719294103511876, "error_max": 0.23913475459251587, "target": "822.xyz", "model": "14.xyz", "model_rescale": 3.942246331269136, "target_rescale": 3.8612660566789225},
{"mapping": [2, 6, 0, 10, 9, 5, 3, 8, 4, 11, 13, 14], "R": [[0.11305722806536839, 0.9879323656491997, -0.10586644456555167], [0.3590197816026815, -0.13996976844223824, -0.9227747614343323], [-0.9264571547568392, 0.06631820884947051, -0.37051185618662696]], "T": [0.02536031049432004, 0.01486155022021391, 0.010679623047239179], "aligned_model": [[-0.21711477493100323, -0.47259096865379485, -0.01896375140533882, -0.2678631540926382, -0.6678229235959925, 0.09523326261084918, 0.6098229333417396, -0.20244567379116446, 0.2777344725867907, -0.13501750741716284, 0.5622127908438059, 0.05134312600999622], [-0.4791506188229286, 0.26946974350344666, -0.035457770974509605, -0.04753363007095653, -0.37156223702274555, -0.607407837833616, -0.35540424900325296, 0.5835467281439064, 0.10138099109103005, 0.6539100328443183, 0.6064708971127731, -0.00860244964205134], [-0.518287037929384, 0.0077503148993919805, -0.7215913830150483, 0.6580800843810373, 0.14608998735242956, -0.09265545058580885, 0.20524223744262848, -0.4621232198179566, 0.5326811992729524, 0.2935347397312597, 0.16140334884142366, -0.08055656688198276]], "inverted": true, "swapped": false, "error_lsq": 0.047593721067551276, "error_max": 0.30455940345944127, "target": "822.xyz", "model": "15.xyz", "model_rescale": 4.355366556412066, "target_rescale": 3.8612660566789225},
{"mapping": [8, 0, 1, 4, 2, 6, 10, 9, 3, 5, 7, 11], "R": [[-0.10459379185575636, -0.9744528731527544, -0.19875043826260338], [0.28173617478975244, 0.16262708489862776, -0.9456094114761193], [0.9537740122901613, -0.15490006217467028, 0.25752884152694544]], "T": [-0.02053294539064025, 0.05993432462869626, -0.03315353289863634], "aligned_model": [[-0.04175176135946307, -0.6654666483776063, -0.24532572375765926, -0.41016018289599493, -0.697643574318934, 0.2068120242129475, 0.4746372953064068, 0.10345146650145194, 0.3172655679374558, -0.11043170256008916, 0.7181227989035104, -0.03498172808593948], [-0.5878249758402356, 0.3490497034027024, 0.06688086583381922, -0.17204799874028598, -0.41905165055231186, -0.6208619977858615, -0.22025237674491166, 0.6639235999649284, 0.11593885401684484, 0.6103627339022741, 0.5410655568573954, -0.017522714988944144], [-0.4418022406144111, 0.03307995632190753, -0.5271345201482764, 0.5903082129807866, -0.14637470369823183, 0.36800303900598474, -0.3043317836686684, -0.4451927617574888, 0.527000611886932, 0.2904305545360604, 0.11969131842159911, 0.06589057042474944]], "inverted": true, "swapped": false, "error_lsq": 0.06163339849880633, "error_max": 0.3212341784473637, "target": "822.xyz", "model": "16.xyz", "model_rescale": 3.795458400668931, "target_rescale": 3.8612660566789225},
{"mapping": [9, 2, 5, 4, 10, 11, 8, 1, 7, 0, 3, 12], "R": [[-0.6184436860549851, -0.7432135134335738, 0.2552666853086134], [0.10852667204974334, -0.402502856053847, -0.9089628222992974], [0.7782990226336732, -0.5344390744680068, 0.32958383918094325]], "T": [0.024089563032841044, 0.05219432904490282, 0.07645387140863562], "aligned_model": [[0.02552261797836669, -0.6573299708056918, -0.22104459005412608, -0.37817219078574904, -0.5614804507593338, 0.13536370478973903, 0.585111745001624, -0.31843903405558205, 0.33231405981199036, 0.06741982192175455, 0.7353249041305336, -0.13006278566743912], [-0.5167168887531414, 0.2451068902909106, 0.11144235524054977, -0.05210080707811341, -0.34015397116887874, -0.7070632997988416, -0.3089226370027177, 0.6730470622139243, 0.14665162056852862, 0.6412360726456533, 0.4329825919515743, -0.01584938978403392], [-0.6122288216014935, 0.07653835660577857, -0.6576956517861177, 0.5692051214122734, -0.1286661747080593, 0.3343032220804005, -0.03550782063949938, -0.383994449173635, 0.6485990970368996, 0.12295871447595895, 0.11552464150701153, 0.08053201848142512]], "inverted": false, "swapped": false, "error_lsq": 0.057206847729298814, "error_max": 0.3042352999847136, "target": "822.xyz", "model": "17.xyz", "model_rescale": 3.7474275329858107, "target_rescale": 3.8612660566789225},
{"mapping": [8, 1, 10, 2, 0, 4, 5, 11, 9, 7, 12, 13], "R": [[0.35050190679555493, 0.07171390358210204, -0.933812363039651], [0.2483376485509459, -0.9684903951717326, 0.018835253443679804], [-0.9030375549471167, -0.23850255867205644, -0.3572669924048613]], "T": [-0.07474975562829292, 0.053877410085396496, -0.01087693662927766], "aligned_model": [[-0.12741549882134812, -0.7205608135896467, 0.2511160526643098, -0.46811550019107806, -0.6543630399748686, 0.17422118824004282, 0.5756515486474117, -0.16107167748774662, 0.3542698636754612, -0.04284458731879963, 0.5701395268374302, -0.13649923117508134], [-0.5030707036218391, 0.3006296481110033, 0.10371857805021033, 0.04217845595688934, -0.5230176064916929, -0.7216079122988612, -0.20414324028863262, 0.6650806155995554, -0.014083708642946002, 0.7283129094106419, 0.42790622777994575, 0.007756335761139772], [-0.4624182629224254, -0.03453760555193497, -0.6173146526605023, 0.57985079192809, 0.16343018094876083, 0.14993912567949538, -0.19424384762283384, -0.38599802265585825, 0.49809027100764763, 0.32309626517192463, 0.047920854216654374, 0.06175315615192492]], "inverted": true, "swapped": false, "error_lsq": 0.041096979460837575, "error_max": 0.2186723318084923, "target": "822.xyz", "model": "18.xyz", "model_rescale": 3.922800546911778, "target_rescale": 3.8612660566789225},
{"mapping": [5, 1, 8, 2, 0, 12, 13, 6, 11, 10, 11, 14], "R": [[0.2594500257988499, -0.17168997943172032, 0.9503726822019412], [0.49837341661557594, -0.8191150177505071, -0.2840326131036793], [0.8272300899531484, 0.5473327494845546, -0.12695369083955005]], "T": [-0.02859225664470728, -0.010971403056291882, 0.002334780581307495], "aligned_model": [[-0.3574302481521426, -0.6972061414023646, 0.0744179812887149, -0.47878324136421363, -0.6935530490285681, 0.26380870687689145, 0.6431357745480669, -0.16985982377742065, 0.5131814447853191, -0.01191566662853603, 0.5131814447853191, 0.015550649575020493], [-0.5609014662305117, 0.20806560804951277, 0.012579459866167982, 0.20382892497381228, -0.4867623146121305, -0.733878973888751, -0.05578986392427834, 0.5802872550874107, 0.2502124973758492, 0.6951908555983888, 0.2502124973758492, -0.05338488034590545], [-0.4123653775381097, -0.22779840870471385, -0.6003466458440686, 0.5164533069380487, 0.17523009211395235, -0.10023405060666617, -0.13399755049056078, -0.3235861385994412, 0.38378967878379067, 0.39176693521219896, 0.38378967878379067, 0.07686673364272191]], "inverted": false, "swapped": false, "error_lsq": 0.05238684774878446, "error_max": 0.30381468385581506, "target": "822.xyz", "model": "19.xyz", "model_rescale": 3.9282355846067225, "target_rescale": 3.8612660566789225},
{"mapping": [4, 1, 11, 5, 3, 8, 9, 10, 7, 2, 12, 13], "R": [[0.4379910293136604, 0.5847573629017978, 0.6828050122640397], [0.5701725230418245, -0.7679159400132435, 0.2919047842048785], [0.6950303246685574, 0.2614649796927148, -0.6697528739657694]], "T": [-0.019148284611886272, -0.08420296501860854, 0.0836058047499781], "aligned_model": [[-0.20831439776902572, -0.6630696648943132, 0.06254928734495219, -0.4937404004244982, -0.7255247473783162, 0.3738974694569072, 0.6008283574609168, 0.0738439092244298, 0.28044801754508153, -0.27274253657207576, 0.7092363711365581, -0.12288383362453009], [-0.5575488358763175, 0.28859815835124836, -0.0914571976430051, 0.0008752597329752393, -0.34275603798460647, -0.7224237719814067, -0.1260626590503658, 0.6654050194123821, 0.17092832200002506, 0.6520241556135253, 0.35387258687864176, 0.018204599872317956], [-0.2899282808630881, -0.005193827771554985, -0.6281779083057104, 0.5887930685742151, 0.06041808276219708, -0.046050725731266604, -0.22020590426974318, -0.33073061719996594, 0.5665632133252158, 0.3526332988436989, 0.06516808884737442, 0.01627976547957087]], "inverted": false, "swapped": false, "error_lsq": 0.05205032035515662, "error_max": 0.2803501467553987, "target": "822.xyz", "model": "20.xyz", "model_rescale": 4.067790424073018, "target_rescale": 3.8612660566789225},
{"mapping": [9, 13, 12, 5, 1, 7, 0, 11, 2, 6, 2, 14], "R": [[0.18388438425218023, -0.5636448983473383, -0.8052893652564991], [-0.37496085190704725, -0.7975326299982175, 0.4725950313167371], [-0.9086203237685905, 0.21504914009394419, -0.3579985678456232]], "T": [-0.05389478266572255, 0.062053318280713754, 0.061780676112171015], "aligned_model": [[-0.25920750129950604, -0.7279150785430014, 0.105502389447849, -0.4209913519486081, -0.5855888698205076, 0.06973009190230363, 0.5888225033004685, -0.21618810617404255, 0.5823384943461771, -0.00478388215104332, 0.5823384943461771, -0.09952935190017999], [-0.4592991972694484, 0.23881161185471939, 0.03326698011225524, 0.013707892128430384, -0.5626844306170253, -0.6730156070856144, -0.23909313803373244, 0.5056302342281924, 0.32588257141903454, 0.7512828534340492, 0.32588257141903454, 0.04928725773551887], [-0.4768176357730531, -0.005870277136906452, -0.6870702804571153, 0.5215294656144116, 0.07936601277781424, 0.029307263023652483, 0.03564006230025589, -0.37973110262345366, 0.34342455399718225, 0.32655920624315815, 0.34342455399718225, -0.0001935682721857651]], "inverted": false, "swapped": false, "error_lsq": 0.041129938205141776, "error_max": 0.2908432989174936, "target": "822.xyz", "model": "21.xyz", "model_rescale": 4.186013935880536, "target_rescale": 3.8612660566789225},
{"mapping": [10, 11, 9, 3, 4, 7, 1, 8, 0, 5, 0, 12], "R": [[-0.390054082053887, -0.015301662535363303, -0.9206647990429273], [0.8652462922734532, 0.33592710090039735, -0.37215834880826804], [0.31497089830671954, -0.9417636869216759, -0.1177900302043852]], "T": [-0.041961595214753844, 0.06483711399062278, -0.026690418067051115], "aligned_model": [[-0.2749118377091051, -0.6381456948478337, 0.001932360894895048, -0.5587648172259714, -0.5141780482219291, 0.22308260126632662, 0.6605041712074944, -0.18964154322331464, 0.5300464194444957, -0.07760389583782148, 0.5300464194444957, -0.07783830368564551], [-0.6007797187870271, 0.232175404570985, 0.002850990233200325, 0.1714557458708692, -0.4611125266397037, -0.6192737415452508, -0.07722743258393977, 0.6157366261187466, 0.1542281574965625, 0.678232751055177, 0.1542281574965625, 0.05914518603923203], [-0.4727709590938242, -0.15130339717515037, -0.6428736710988955, 0.7308619245412976, 0.14065576742463667, -0.01846538733599557, -0.17326035885885646, -0.5389096008363028, 0.4052870275396315, 0.4434310502273893, 0.4052870275396315, 0.0016288308173811154]], "inverted": false, "swapped": false, "error_lsq": 0.05465123181648946, "error_max": 0.3778002657870599, "target": "822.xyz", "model": "22.xyz", "model_rescale": 4.166573947596378, "target_rescale": 3.8612660566789225},
{"mapping": [11, 4, 9, 1, 2, 12, 14, 8, 13, 7, 10, 15], "R": [[-0.14211891603127313, -0.43771720111662826, -0.8878095885676848], [0.8832825119250235, 0.3487543258429401, -0.31334074796179606], [0.44678206973144896, -0.8287183309499448, 0.33706336216506994]], "T": [-0.09724166126996092, -0.015323470817021057, 0.006804646273986725], "aligned_model": [[-0.14325788425551778, -0.7562660075626005, 0.1303658866323317, -0.5498453063970681, -0.6652244554066232, 0.17725340673454454, 0.6713012956615263, -0.28866577878191757, 0.5615977449472456, 0.08456546342350119, 0.5176972705383324, -0.12499380402766819], [-0.6168011041565707, 0.29463473318256167, 0.030142172707841097, 0.003401113829304591, -0.36022785627611337, -0.6101098443022047, -0.19568143531562002, 0.6522275733427769, 0.1325248155882057, 0.5859660722760994, 0.4034215962289014, -0.00983823777976776], [-0.5013296777396562, -0.09049045191449409, -0.5468891731595248, 0.5571667009385682, 0.11285062519298066, 0.023021390298687022, -0.04602045394526993, -0.40769692295961524, 0.5175733413974657, 0.34854534099408957, 0.0930827551734058, 0.06975477941430616]], "inverted": true, "swapped": false, "error_lsq": 0.041410288783976984, "error_max": 0.2152784713149407, "target": "822.xyz", "model": "23.xyz", "model_rescale": 4.274766983524099, "target_rescale": 3.8612660566789225},
{"mapping": [7, 6, 10, 9, 8, 3, 1, 4, 0, 5, 11], "R": [[-0.07164310722376813, -0.41561897455505087, -0.9067128173667405], [0.8803328914126968, -0.45371301684101095, 0.13841422848099844], [-0.4689149874809773, -0.7882926907810555, 0.39838846391038774]], "T": [0.014236207660642583, 0.12013674030555926, 0.008978390796485821], "aligned_model": [[0.16450023097961175, 0.060922647504695136, -0.43141439351930466, -0.5149547838767937, -0.5073676367292312, -0.5081782594906729, -0.03125037959444813, 0.2085961889323893, 0.6980213170882271, 0.23950524193000505, 0.0015145307335973114], [-0.37584559875900025, 0.7400874542583875, 0.5405584040071729, -0.20428309868167266, 0.4457086955278643, -0.10585963555532463, -0.6154741825336199, -0.2640664514656469, 0.07175224379256692, 0.5894362584790118, 0.09357244217374425], [-0.5569999868072308, -0.1696521257045342, -0.5753393498477593, -0.41509358650653183, -0.10853590387873094, 0.48079027933150104, 0.0602037704924689, 0.6996854648494425, 0.35230436176692936, 0.509902451862905, 0.10230105846311761]], "inverted": false, "swapped": true, "error_lsq": 0.061095578555571566, "error_max": 0.32865263940623446, "target": "822.xyz", "model": "24.xyz", "model_rescale": 3.7841303162186577, "target_rescale": 3.8612660566789225},
{"mapping": [0, 6, 8, 11, 7, 10, 9, 4, 13, 3, 12, 15], "R": [[-0.8968706551624002, 0.28782824488823117, 0.3358242536701712], [-0.010892494392411273, -0.7734236694282115, 0.6337958513071158], [0.4421587740557439, 0.5647749366010861, 0.6967961606616104]], "T": [0.031933798852763394, -0.011291269009337492, -0.08819867417337504], "aligned_model": [[-0.3752045662340008, -0.5884007836585504, 0.12864495833459913, -0.3336533506264967, -0.4635729573042626, 0.14113584511357605, 0.5973176750255552, -0.18919694900766246, 0.22695733816250555, -0.1449539041795398, 0.6352975435153837, -0.01984301763502059], [-0.4590976532342429, 0.3358478329092928, -0.10018693608138252, -0.07496042097277827, -0.4139999344148112, -0.7382819424988778, -0.14961649991807985, 0.6234880595882654, 0.21344719990324973, 0.6777929806245918, 0.3655009412810365, 0.02972597213915006], [-0.5065737968485722, 0.04105263878966539, -0.6645686036859738, 0.5839023929188975, 0.034701063459961656, 0.1663884013604678, -0.14605981470824345, -0.4120207537081412, 0.63530560154099, 0.28979011541641053, 0.17476848788175772, -0.06711747872627723]], "inverted": false, "swapped": false, "error_lsq": 0.04045474303165199, "error_max": 0.2296802468147558, "target": "822.xyz", "model": "25.xyz", "model_rescale": 4.19342608120988, "target_rescale": 3.8612660566789225},
{"mapping": [8, 0, 1, 4, 2, 6, 10, 9, 3, 5, 7, 11], "R": [[-0.10459379185575636, -0.9744528731527544, -0.19875043826260338], [0.28173617478975244, 0.16262708489862776, -0.9456094114761193], [0.9537740122901613, -0.15490006217467028, 0.25752884152694544]], "T": [-0.02053294539064025, 0.05993432462869626, -0.03315353289863634], "aligned_model": [[-0.04175176135946307, -0.6654666483776063, -0.24532572375765926, -0.41016018289599493, -0.697643574318934, 0.2068120242129475, 0.4746372953064068, 0.10345146650145194, 0.3172655679374558, -0.11043170256008916, 0.7181227989035104, -0.03498172808593948], [-0.5878249758402356, 0.3490497034027024, 0.06688086583381922, -0.17204799874028598, -0.41905165055231186, -0.6208619977858615, -0.22025237674491166, 0.6639235999649284, 0.11593885401684484, 0.6103627339022741, 0.5410655568573954, -0.017522714988944144], [-0.4418022406144111, 0.03307995632190753, -0.5271345201482764, 0.5903082129807866, -0.14637470369823183, 0.36800303900598474, -0.3043317836686684, -0.4451927617574888, 0.527000611886932, 0.2904305545360604, 0.11969131842159911, 0.06589057042474944]], "inverted": true, "swapped": false, "error_lsq": 0.06163339849880633, "error_max": 0.3212341784473637, "target": "822.xyz", "model": "26.xyz", "model_rescale": 3.795458400668931, "target_rescale": 3.8612660566789225},
{"mapping": [9, 3, 1, 10, 4, 11, 8, 0, 5, 7, 6, 12], "R": [[0.0009666922529952965, 0.3274320411686442, -0.9448742370930764], [0.317802282806235, 0.8957889069840577, 0.31074739446607275], [0.9481565137408664, -0.3005835866118483, -0.10319269795059968]], "T": [-0.026736929310152938, -0.072780610374881, -0.1294402001032183], "aligned_model": [[-0.2633316399166749, -0.6807792789754663, 0.364405708048234, -0.26719799070380473, -0.6580340889895243, -0.004701413017239989, 0.6564153363259895, -0.23413216762562405, 0.35207545279416164, -0.25319705972145823, 0.6410835506290797, -0.0380785773415855], [-0.255293158148445, 0.2697158323859088, 0.04581160273298221, -0.11305274836939117, -0.49769743520961407, -0.7284112143385295, -0.2765135979936962, 0.6730515913248477, 0.20715270914999256, 0.5176411495508433, 0.40621029472192066, 0.06104457351859503], [-0.43780103246301527, -0.12827813799734267, -0.5575715990705605, 0.5400693676880279, 0.21664182888660363, 0.15558179712033024, 0.020718255597049956, -0.43274653720272216, 0.4579259409574272, 0.38078137271561185, -0.05347653060163529, -0.032276471938832305]], "inverted": true, "swapped": false, "error_lsq": 0.05949655621665013, "error_max": 0.3254994652615298, "target": "822.xyz", "model": "27.xyz", "model_rescale": 3.6321398670334006, "target_rescale": 3.8612660566789225},
{"mapping": [6, 9, 13, 8, 12, 4, 1, 11, 3, 0, 5, 14], "R": [[0.47383614660444184, 0.8107177274004268, -0.34382564280422956], [0.8584066125004582, -0.3380985107686336, 0.3857816540888391], [0.19651308807950302, -0.47793949773451433, -0.85612875358718]], "T": [-0.1024724092339716, 0.07334425833949916, 0.09142064932127349], "aligned_model": [[-0.2945419195830316, -0.6276184705207355, -0.05284269288758736, -0.4085479026379424, -0.7041385030901764, 0.29007915132139245, 0.5247619952046401, -0.11481692246623437, 0.31903282203538286, 0.06972875697726441, 0.6780997204291973, -0.0646682032760828], [-0.49916088881700243, 0.1533697831362505, 0.04441365587676556, 0.05556741375225285, -0.47265704989284035, -0.6467878466373699, -0.08630907383646623, 0.5708664562562372, 0.04829362892191584, 0.6182523154205024, 0.45731325365800546, 0.06649795148716335], [-0.3977159336638384, -0.3140293363936507, -0.7229363015366234, 0.5073910712608628, 0.2443592440981967, -0.025968771182293612, -0.0769688146007778, -0.3145905721885143, 0.6329609395496221, 0.34208708485571626, 0.2148883884113067, 0.040091255080936444]], "inverted": true, "swapped": false, "error_lsq": 0.04926934703408679, "error_max": 0.3192353643676012, "target": "822.xyz", "model": "28.xyz", "model_rescale": 4.156811204709835, "target_rescale": 3.8612660566789225},
{"mapping": [4, 1, 0, 2, 9, 3, 5, 8, 6, 11], "R": [[-0.27536404654965535, -0.3984457727401421, 0.8748803392769268], [-0.7575795745129863, 0.6501901482692711, 0.05767113120362921], [-0.5918173959495633, -0.6469109191218637, -0.48089336923312176]], "T": [-0.052528381717122485, 0.011372660163847994, 0.060825326087691964], "aligned_model": [[-0.4583955841403536, -0.07699703544932104, 0.09421554610618255, 0.5217291293436137, -0.019189463892622632, -0.7302442475347781, -0.340095537655528, -0.2959470329237698, 0.08042115076995338, -0.13257155051278835], [-0.21021872329021452, -0.6956764551437394, 0.19475718560863886, 0.06838740917099234, -0.4970213367675159, -0.28097463564915, 0.5867699910605177, 0.16624482488357625, 0.591297202416032, -0.00484513166293328], [-0.6089755620947492, -0.15201107228606553, -0.6689775193403625, -0.19841817707577702, 0.613593306192375, 0.10362672097240531, -0.2680152628551036, 0.6163784295821696, 0.31467433618309815, 0.006911527697109225]], "inverted": true, "swapped": true, "error_lsq": 0.05633615804867605, "error_max": 0.27558592984977903, "target": "822.xyz", "model": "29.xyz", "model_rescale": 4.117894457231895, "target_rescale": 3.8612660566789225},
