[{"mapping": [10, 12, 13, 2, 3, 14, 4, 0, 5, 1, 6, 7, 11, 15], "R": [[0.5690340139106568, 0.41614140127898913, -0.7092436994110599], [-0.6849705583456611, 0.7170932346759459, -0.12881237122894001], [0.4549896979189308, 0.5591096734304893, 0.693095049660645]], "T": [0.08527809435044897, 0.15616902149610618, 0.18479048231802028], "aligned_model": [[0.1870242672117521, 0.2560707761350173, -0.43315312821820107, -0.4683027414153559, -0.5073431473512497, -0.17499865012249283, -0.719157882447026, -0.04816991586615682, -0.27315329374926367, -0.023269147266904155, 0.5363665023746573, 0.2926954953432357, 0.6796152547720241, 0.06726771172826747], [-0.7061074749662828, -0.34139914200397237, -0.4916720308105161, -0.2386813097594045, 0.1585443405848007, 0.3133261099663315, 0.3119812675471131, 0.47493790526556195, 0.7946496521663071, -0.137751047414362, 0.7374535607647728, 0.6495947001947685, -0.32240052560029797, 0.032797325875214986], [0.3256184519203287, -0.345591875293518, 0.3559332899380887, -0.1840150958821887, 0.44005330239866414, -0.5513155945773207, -0.1407731258538836, 0.7022877861151683, 0.2120267927648711, 0.758910360614511, 0.39076688566431383, -0.24995051168301444, 0.09794309829665307, 0.08569432275716096]], "inverted": true, "swapped": true, "error_lsq": 0.046449216056764116, "error_max": 0.2936591433742341, "target": "824.xyz", "model": "0.xyz", "model_rescale": 3.8414455957264533, "target_rescale": 4.093284764796732},
{"mapping": [12, 10, 4, 13, 2, 3, 5, 14, 6, 7, 0, 11, 9, 8, 15], "R": [[-0.4102222708549965, 0.8664866792522611, 0.2844618132069039], [0.6343136108989459, 0.4951971116107868, -0.5936548354731687], [-0.6552586752748191, -0.06309243481371996, -0.7527651779581505]], "T": [0.055863619584938316, 0.08369482581501914, -0.09405591674013053], "aligned_model": [[-0.6501475855368577, -0.628493305407524, 0.0896176466508348, -0.38158497513738004, -0.42720875062444996, 0.22847904512110193, 0.6488171310423205, -0.15302113656369884, 0.6273821038840453, 0.2523631314657155, 0.597924588195144, -0.4457598876756326, 0.2611443398878805, -0.0488226356212717, -0.09864555617568235], [0.1722110256541159, 0.20842867261462417, -0.7617355085573703, -0.40030206836939114, -0.5189301603468952, -0.4625451372603116, -0.26812373636572956, -0.28730556733453466, 0.559429179423651, 0.2202416102977342, 0.030613984194155647, 0.6589563916137218, 0.5443125108972081, 0.6007969014688057, 0.05099643011323059], [0.1334583099668908, -0.6323891070071965, 0.15392508078044734, -0.6345598996886102, -0.050924819780045594, -0.3910247756778819, 0.15394050435963563, 0.5790119531984976, 0.08156353856908147, 0.5526538543140056, -0.395017314081883, -0.1792376498512998, -0.3842840255096792, 0.25156171580894165, -0.07349557806136894]], "inverted": true, "swapped": true, "error_lsq": 0.03345403838651263, "error_max": 0.2084320588963552, "target": "824.xyz", "model": "1.xyz", "model_rescale": 4.316132596720782, "target_rescale": 4.093284764796732},
{"mapping": [14, 3, 2, 8, 12, 7, 10, 6, 13, 5, 1, 15], "R": [[-0.0950351466671932, 0.029585302804124358, 0.9950341857222461], [0.7534612642243501, 0.6553948507446927, 0.05247583187321736], [-0.6505877682614308, 0.7547067638992846, -0.08457692541870085]], "T": [-0.034754683634562994, 0.11382267680138164, 0.032380223439069204], "aligned_model": [[-0.33478459269702254, 0.5773510031993803, 0.15106795766989656, -0.6382024488346904, -0.49321097335273123, -0.4986656400250049, 0.018649575245132666, -0.2597181249816815, 0.4933457936825184, 0.22449757358555486, 0.4393023635125445, -0.08182393237211624], [-0.6162395132294565, -0.08962934908528913, -0.5080125633081898, 0.28544234868958956, -0.14188154242151446, -0.09864329786002887, 0.3320103115762826, 0.5363078491352097, -0.0686867623669522, -0.13772454115624705, 0.4853392913142377, 0.03449419645333873], [0.13861460096098885, 0.049659890117432444, -0.38853183443983, 0.09720922543150601, -0.4991109292954231, 0.49620717894179556, -0.818059485317835, 0.6279442211734799, -0.60445493000316, 0.6698632872038351, -0.22263049480100522, -0.09745226876236315]], "inverted": true, "swapped": true, "error_lsq": 0.04678888112072461, "error_max": 0.2485379127850721, "target": "824.xyz", "model": "2.xyz", "model_rescale": 3.795458400668931, "target_rescale": 4.093284764796732},
{"mapping": [12, 10, 13, 0, 14, 5, 1, 8, 9, 6, 4, 15], "R": [[-0.018156516013106708, 0.6900731004754163, -0.7235118913511454], [-0.9985212523057719, 0.024570844579631948, 0.048493115906861006], [0.05124109307946584, 0.7233224658455517, 0.6886065355361739]], "T": [0.10725697509423411, 0.011964180704986383, 0.05839373857382294], "aligned_model": [[0.009112908657518418, -0.3475938898429855, -0.7125147865584488, 0.1291335812907295, 0.08721401498373767, 0.20412323616253902, -0.2261185115698982, 0.6355800564305291, 0.3903383063030132, 0.7871392492384924, -0.39433481858457115, 0.031224479232909524], [-0.21933214318513725, -0.7051862194524326, -0.20105092503785724, 0.10205815582847709, 0.5749903073098105, 0.657155850887808, -0.3617571662591407, -0.1577224462289452, -0.37499610704630065, 0.06511602467786078, 0.7293159755722229, -0.022822261776656406], [-0.6451113541751633, -0.17076025175931464, 0.039482215364993446, 0.6737228552873787, -0.5045399618940903, 0.3918859101704128, 0.47908160973368763, -0.24141701335226592, 0.38804184896280264, 0.4029713364654885, -0.0474289181037952, -0.07715684606103393]], "inverted": true, "swapped": true, "error_lsq": 0.044645233295494406, "error_max": 0.21440518995139377, "target": "824.xyz", "model": "3.xyz", "model_rescale": 3.7530521520055578, "target_rescale": 4.093284764796732},
{"mapping": [9, 5, 7, 14, 8, 2, 11, 1, 10, 12, 15], "R": [[0.4223714629011076, 0.3023399049178776, 0.8545132703598155], [0.350457960513657, 0.814945595181892, -0.4615656993389346], [-0.8359315553556921, 0.49442315761691474, 0.23825233676237725]], "T": [-0.17354646481918692, -0.07245443814072892, -0.13055021615774576], "aligned_model": [[-0.47290899693767197, -0.16893015518622476, 0.380815842866413, 0.494565575949767, 0.23211062395034196, -0.026793728079431256, -0.03553548855349939, -0.8006589039418109, -0.4408463620300752, 0.2822875902723202, -0.10590639586492348], [-0.5561727852550139, -0.027936871262541435, -0.32297202048103046, 0.3067557344825717, -0.5155977906057162, 0.6752068205054296, -0.3682215280905564, -0.02925266230229316, 0.1460528108425354, 0.1371316564939563, 0.022209993987004864], [-0.008321675762503117, -0.8618977862278735, -0.45522541270763955, -0.34059886902338804, 0.06146960599742157, 0.003025069394551938, 0.5646351826461963, 0.05013940858126986, 0.6784682658057366, 0.4229284608481467, -0.021791472306602222]], "inverted": false, "swapped": true, "error_lsq": 0.047630991787850456, "error_max": 0.2581461423947268, "target": "824.xyz", "model": "4.xyz", "model_rescale": 3.7855080009869324, "target_rescale": 4.093284764796732},
{"mapping": [7, 8, 12, 6, 11, 4, 5, 0, 3, 10, 15, 9, 14, 13, 1, 16], "R": [[0.8653638236265601, 0.4843995777466936, -0.1284620638057986], [-0.43991696347276965, 0.6114757928733189, -0.6577008590376359], [-0.24003857608167484, 0.6256631712101739, 0.7422446215257548]], "T": [-0.0014448026833883496, 0.11113122196596861, -0.007873547512662376], "aligned_model": [[0.059922752002951364, -0.43130160866692246, 0.24786138799570176, 0.3094576490630031, 0.5255128819461395, 0.6049015035644378, 0.07495199314328686, 0.5084173520806126, -0.16987979477217938, -0.5511086440849609, -0.7730823365661088, -0.5359851920197601, -0.294399074071187, -0.08325818947328541, 0.6927167157250728, -0.028104503290734155], [-0.5470597301668982, 0.04816695069943616, 0.7434912805831234, 0.013483760747830392, 0.5527916741389793, -0.2963262075156222, -0.6380026736410606, -0.2206468481662124, -0.16412198025067978, -0.36681693951254235, 0.3476509407584019, 0.12556988210611406, 0.6484069363616407, 0.6014599653939198, 0.26681424321034997, 0.14319876206118043], [-0.3605606122572572, -0.5615598313026161, 0.024258096779882516, -0.5734544054655262, -0.40748319691637563, -0.12330051110964782, 0.2888842336142317, 0.4804273624181804, 0.6071727381510835, -0.027860805185057774, -0.1750622002723444, 0.46220316591879435, 0.28058788860858686, -0.5348953041657739, 0.25098263310980484, 0.02600395876442105]], "inverted": true, "swapped": false, "error_lsq": 0.03640430377900198, "error_max": 0.25231569493595973, "target": "824.xyz", "model": "5.xyz", "model_rescale": 4.2253639853439635, "target_rescale": 4.093284764796732},
{"mapping": [12, 14, 6, 8, 7, 0, 9, 11, 3, 2, 5, 1, 10, 15], "R": [[-0.6660251361557152, 0.6877786319340975, 0.288740491555345], [0.18833237245206189, 0.5295964128953898, -0.8270783257557374], [-0.7217627279759873, -0.4964757727253134, -0.4822555044802126]], "T": [-0.013498210096488154, -0.012810533263334978, 0.045197945086512446], "aligned_model": [[0.6405867707805283, -0.026996371334182888, -0.4675367754634136, 0.1563546124034053, -0.27945092884476497, -0.48973834791721943, -0.04112586993588953, 0.6243736160818987, -0.2638990689376651, 0.2858321592549024, -0.7102576030761637, 0.06062888835115999, 0.7636981308643397, 0.12159294053084885], [-0.09270029290178383, 0.028040440556132473, -0.5934367951617583, -0.6097521768500092, -0.46195804882578956, 0.09435957047999144, -0.3096619248687551, -0.4017580327186731, 0.5769588016847138, 0.5637216393501656, 0.09193279311962532, 0.30135424356601986, 0.22923593687340327, 0.028762992331707607], [-0.30671131429948806, -0.7500652114807483, 0.2464959116323356, -0.06712306561157211, -0.4053864212127638, 0.43111935174834715, 0.5448549722283733, 0.22309486977236276, 0.12159314793915604, -0.3747878454550969, -0.15586815398463402, 0.6140483749024194, 0.37849197587183714, -0.028198383119079483]], "inverted": false, "swapped": true, "error_lsq": 0.03609845328314432, "error_max": 0.192586310983039, "target": "824.xyz", "model": "6.xyz", "model_rescale": 3.89814844738969, "target_rescale": 4.093284764796732},
{"mapping": [3, 13, 2, 0, 14, 10, 1, 5, 9, 11, 12, 7, 15], "R": [[0.8739720586043809, 0.46584609472220184, 0.13842057943417996], [-0.4674740443816534, 0.7280297920582004, 0.5014385702208732], [0.13281889401843677, -0.502951327573322, 0.8540486540496111]], "T": [-0.08687551716464507, -0.005019943541091185, 0.09750975511496819], "aligned_model": [[0.07274204268239388, -0.0914568830882011, 0.4079825905991201, -0.3079302842592305, 0.666911738170791, -0.4969265526840538, -0.5384283726022532, 0.28545812058455644, -0.632961566011023, -0.508990532866003, 0.07125309093549119, 0.2572933183385737, -0.03631490889593909], [-0.33405433924660716, 0.24083356415702534, 0.32548260164870607, -0.5758785877922388, 0.18870908238355422, 0.6216659301834884, -0.12215087740112741, -0.6305402342115588, -0.12950396892149463, 0.6036240245197343, 0.7237709243186726, -0.0870608246342112, 0.1388839704665426], [-0.4341135011516687, -0.7132268766136487, -0.39671651000544783, -0.01420698649618872, 0.26653143662440987, -0.363823661200395, -0.36092836317960153, 0.1809628586093353, 0.25510079464120733, 0.3004367701721277, 0.14120045172311496, 0.6893777446165703, 0.05168087309648035]], "inverted": false, "swapped": true, "error_lsq": 0.04314418470610697, "error_max": 0.29301844502019314, "target": "824.xyz", "model": "7.xyz", "model_rescale": 3.7474275329858107, "target_rescale": 4.093284764796732},
{"mapping": [8, 7, 14, 12, 4, 10, 11, 1, 2, 13, 9, 1, 0, 5, 15], "R": [[0.9304151769989207, 0.20504092518958128, -0.30378580843658237], [0.16472376904738778, -0.9743768802149623, -0.15315278389040238], [-0.3274044567822653, 0.09245493118248459, -0.9403501514750515]], "T": [-0.01637764564382759, 0.05064536311311171, -0.04134107388169081], "aligned_model": [[-0.3615770126283921, 0.17636668138772865, 0.5116238663759697, -0.2089911516520208, 0.8283714721347208, -0.5359683619119333, -0.6972770480536978, -0.24683581723865197, 0.3858370525157073, 0.0657318713222825, -0.47276888902243996, -0.24683581723865197, 0.06878638307652488, 0.5603279049984143, -0.024637411726813507], [0.0752988391201276, 0.23307737564202222, -0.3017685738000534, -0.614140706897803, -0.17689797487863854, -0.5303423766919987, -0.2575961261581463, 0.12654923612519592, -0.5868771551362523, -0.4690587398795337, 0.3989954448090487, 0.12654923612519592, 0.5740181650982957, 0.49909063217075467, -0.10777931366862145], [-0.5686312404480769, -0.6777833695382962, -0.5222914985475732, -0.322426792423659, 0.0682459559138677, 0.36631600115789376, -0.2178945441594285, 0.566040831045665, 0.1323381005773316, 0.6226803826572214, 0.053001040830015, 0.566040831045665, 0.28431738291317, -0.09773203806132119, -0.055426387266213774]], "inverted": false, "swapped": true, "error_lsq": 0.050755586441684736, "error_max": 0.3572496692436143, "target": "824.xyz", "model": "8.xyz", "model_rescale": 4.019505241142653, "target_rescale": 4.093284764796732},
{"mapping": [7, 12, 9, 6, 5, 0, 1, 14, 4, 2, 10, 3, 15], "R": [[0.23466192969996125, -0.6405269906358215, -0.7312037698319864], [-0.8420422693433411, 0.24189645810531268, -0.48213164197677433], [0.4856939318013005, 0.7288424231774128, -0.4825869111240698]], "T": [-0.007588156583391625, -0.039134212976677435, -0.09659830844518363], "aligned_model": [[-0.15768768229578287, -0.737206272697655, 0.17324773829861034, 0.2803187915046158, 0.4870211634797015, 0.6038372465405571, 0.3149720545655414, -0.3826651007478201, 0.13769864864459488, -0.2813853141114535, -0.39349288970144924, 0.4156927684513162, -0.14065038018960035], [-0.6854206795243782, 0.06259921674127988, 0.19513333917963654, -0.37496739658029643, -0.5550422941127352, -0.0017567081663117379, 0.5298219202986709, -0.6047504861345897, -0.38459001242747337, 0.04673327853579104, 0.7470130956671223, 0.0858549856291051, 0.0027499690082377487], [-0.28441349962270357, 0.02732657469486155, -0.597555666098939, -0.719594623213885, 0.06487263212338112, -0.20608497738976955, -0.09121557510911793, 0.3201630238630679, 0.701485894257722, 0.6217595207473807, -0.01440644063045407, 0.3741199133244922, -0.019753282902157776]], "inverted": false, "swapped": true, "error_lsq": 0.04989926865587768, "error_max": 0.30043551830185333, "target": "824.xyz", "model": "9.xyz", "model_rescale": 3.877068213659057, "target_rescale": 4.093284764796732},
{"mapping": [11, 0, 3, 12, 6, 10, 9, 14, 2, 8, 1, 7, 4, 5, 13, 15], "R": [[-0.5358187982705288, -0.2766553592917056, -0.7977217732988763], [-0.34397034998348697, 0.934363294859859, -0.09300339537278052], [0.7710918322431927, 0.22455967000734017, -0.5958106585602768]], "T": [0.06593541327268315, 0.10237310809414601, 0.005061387355521963], "aligned_model": [[0.03702400172886067, -0.36575462562940353, 0.19396746244425542, 0.21773845021547453, 0.6203743120253742, 0.5523784458009751, 0.08103582848153747, 0.5983298879805298, -0.019089677833834168, -0.4859155708366918, -0.7340817479776908, -0.6425647158333967, -0.22622205624770858, -0.2845183944929671, 0.5927902864526663, 0.021131006298086792], [-0.4495053210783718, -0.05576280644246051, 0.7142272672351054, 0.19332780241581582, 0.26858230377129294, -0.38900068920427605, -0.47888718378436446, -0.278816753143124, -0.00255241439324104, -0.43509129030912197, 0.3651403627686002, 0.1530026065403045, 0.6066730098854529, 0.6110103465604432, 0.3503831611412197, 0.08532961484468585], [-0.48407009390521444, -0.6448638225572619, -0.10449966893302721, -0.720802440968584, -0.20772156766462735, -0.15348118387721177, 0.31739735141583025, 0.4302342458837357, 0.6547664947408512, 0.04882721414567252, -0.20430079112755187, 0.40724392098989926, 0.3491780852963375, -0.47396442667798677, 0.5135429033988911, -0.07114300946936587]], "inverted": true, "swapped": false, "error_lsq": 0.03753825684799853, "error_max": 0.2517459015413611, "target": "824.xyz", "model": "10.xyz", "model_rescale": 4.260839863003843, "target_rescale": 4.093284764796732},
{"mapping": [11, 8, 5, 9, 3, 1, 10, 12, 14, 4, 2, 15], "R": [[0.20720699273623885, -0.6161821855429374, -0.7598583923210518], [0.42840256873396376, -0.6411320475183706, 0.6367267363218254], [-0.8795092388732173, -0.45745951937240403, 0.13112698758159325]], "T": [-0.10330378196048512, -0.10694957642558411, -0.10959915797972122], "aligned_model": [[0.4346903521481204, 0.2917601851334223, -0.5782293929123288, -0.2848395537146923, -0.5400628834217751, -0.44997666915257983, 0.24701902769124146, 0.6189070858033434, 0.2879871857669774, -0.24819467247887206, 0.15341876992976394, 0.026419214301509647], [-0.013450060456750568, -0.5171699568539001, -0.4625326121246723, -0.20622769174519795, 0.24324043168820164, 0.3495269853201134, 0.6040615249555881, 0.0802409481231321, -0.3191431001813169, 0.05428465980781291, 0.3831329491012055, -0.02288557210128178], [-0.6496251684234026, -0.38061395091296923, 0.32037614492487665, -0.6534096033103605, 0.21129510977891727, -0.42461059124678724, -0.49096866359879376, -0.0719052228100748, 0.5508247798535104, 0.7450332253655966, 0.43103817874017814, -0.07125616096518606]], "inverted": true, "swapped": true, "error_lsq": 0.039241642397277794, "error_max": 0.28295368141590493, "target": "824.xyz", "model": "11.xyz", "model_rescale": 3.890672605050136, "target_rescale": 4.093284764796732},
{"mapping": [3, 1, 0, 4, 5, 12, 13, 14, 2, 11, 6, 9, 7, 15], "R": [[-0.8368320064773078, 0.3467399609864762, 0.42365503937786475], [0.35628042504531154, 0.9324863346934944, -0.05944320263431775], [-0.4156638686062276, 0.10119602297022053, -0.9038710711546838]], "T": [0.023892896220733886, 0.08460115170026321, 0.12512285864270273], "aligned_model": [[0.4277189864053179, -0.07169709845310655, 0.4081077937906148, 0.6173899809131236, 0.7433530135981925, -0.5225018125829802, -0.12707292526520142, 0.23048816117351784, 0.031629893365394596, -0.7284135465817201, 0.20663385328716538, -0.16071916904497452, 0.2249154406282723, -0.06995673643992241], [-0.12551992943738022, 0.25757472563402667, 0.47030963248749563, -0.5663014741016351, 0.1512400132036421, -0.36304001490826865, -0.4136747539922771, -0.48497668542889133, -0.6733463985310252, 0.19811944947674676, 0.7536918855378772, 0.621883276479885, 0.1499702562366272, -0.04377746282905791], [-0.33219355886287905, -0.498357566763808, -0.17626279539856843, 0.08673872211073747, 0.2468142468491347, 0.36826863979926816, -0.5432253026753426, 0.6420309496632286, -0.02925243181829007, 0.2297964081441946, 0.44562571149297514, -0.0005253996386722637, 0.7814820798858257, 0.13385073256905738]], "inverted": true, "swapped": true, "error_lsq": 0.05449285695500054, "error_max": 0.4174632553805681, "target": "824.xyz", "model": "12.xyz", "model_rescale": 4.124412569039231, "target_rescale": 4.093284764796732},
{"mapping": [2, 4, 7, 13, 14, 12, 3, 11, 0, 1, 8, 6, 15], "R": [[0.17076027960587226, -0.36444962717352036, 0.9154329009610733], [0.5458421038799368, -0.7384967340845148, -0.39582694625104764], [0.8203031906196931, 0.5672733406388737, 0.07282604245435775]], "T": [0.1400011606586672, 0.1621760187884233, -0.10977814367066227], "aligned_model": [[-0.25801868002168316, -0.18329003649394088, 0.751851473194496, -0.6333377496848475, 0.4090578051049216, 0.2829413177244336, -0.4056606621462929, 0.3649451908534432, -0.0588318901360029, -0.3741293186437624, 0.7140950324049313, 0.6411889095543721, 0.11648691579968984], [-0.17905947138230405, 0.3805903802767323, 0.3330901725674653, -0.16772954095883336, 0.04699937970308235, -0.5432759281958004, 0.4445513122477602, -0.45271113235780897, 0.6989451980633374, 0.19442557637211624, -0.04695492462986628, 0.6199862868172921, 0.018628067985305113], [0.45900531864524907, 0.6808951948774159, 0.15839746593365714, -0.005528090508032629, 0.6309224398990065, 0.090110136975706, 0.08740718628387845, -0.5111780868849028, -0.35384718763145007, -0.5127855400223391, -0.26625750822631095, -0.46051928044573, -0.044923967928308564]], "inverted": false, "swapped": true, "error_lsq": 0.04617070471804005, "error_max": 0.2744297951539524, "target": "824.xyz", "model": "13.xyz", "model_rescale": 3.9028299243045295, "target_rescale": 4.093284764796732},
{"mapping": [4, 10, 12, 5, 8, 0, 3, 2, 6, 7, 14, 9, 11, 13, 2, 15], "R": [[-0.38137640193501343, 0.4140913490726501, 0.8264867782791785], [-0.6173818538776045, -0.7795328300257183, 0.10567976823757247], [0.6880346550499876, -0.46995416961155634, 0.5529479106705777]], "T": [0.04394395118812248, 0.08756826239641394, 0.007461302080951502], "aligned_model": [[0.06182657975928386, -0.498848467426176, 0.1757196276047113, 0.18782652732307478, 0.7277784315520991, 0.6819662759236714, 0.16209986498049897, 0.6699759951832859, -0.13495974184123363, -0.6461626542113298, -0.6974757996840486, -0.6549467097699038, -0.3291656498626869, -0.1605141674351281, 0.6699759951832859, -0.05847321470333749], [-0.4280952809054779, -0.07456010244749708, 0.7620276864609619, 0.18605485685301698, 0.3049904512626689, -0.41349673698109246, -0.4907148199546062, 0.1065460325043911, -0.14197755171724444, -0.49919443665999463, 0.5371392678619386, 0.036872347842842365, 0.6359496082504464, 0.5768355944534798, 0.1065460325043911, 0.053137067479736504], [-0.4320095110425509, -0.47673223944645676, -0.10199163463778095, -0.47389098954365777, -0.2782048576432279, -0.16306080435277168, 0.20825299000812317, 0.39459628330681656, 0.6072199619538979, 0.016967301094929808, -0.16926819982610894, 0.3388632102481986, 0.33292069042449274, -0.5853841308153773, 0.39459628330681656, 0.0434688576550433]], "inverted": true, "swapped": false, "error_lsq": 0.04593684806238196, "error_max": 0.41180447938837644, "target": "824.xyz", "model": "14.xyz", "model_rescale": 3.942246331269136, "target_rescale": 4.093284764796732},
{"mapping": [12, 14, 11, 7, 5, 8, 1, 10, 13, 9, 0, 3, 14, 4, 15], "R": [[0.17219033073173873, -0.9814987182006479, -0.08373025840745892], [-0.8570415138615382, -0.1073659010207928, -0.5039369075746651], [0.48562365420191145, 0.1585333702047576, -0.8596725173059238]], "T": [0.03464294594290726, 0.044215424403626476, -0.07630158518471744], "aligned_model": [[-0.6062785406471553, -0.29225176572174827, -0.2501418602260297, 0.25714107163799316, 0.476841726033322, 0.10068027616878555, 0.07242015405072012, -0.5646841727951705, -0.5304710655174311, 0.3828045102622949, 0.5331278946106494, 0.02267151791170037, -0.29225176572174827, -0.21301450245444503, -0.12229944105952759], [-0.06372575786774828, -0.6800140976468964, 0.35394574539220336, -0.5506686899419758, -0.36383120713623757, -0.11736031075679615, 0.6530858604067472, 0.6703561079851706, 0.4627905662602549, 0.43271464949533145, 0.2511959603013679, 0.14318890225522454, -0.6800140976468964, -0.44631581200177206, 0.03279687078367301], [-0.4445650940240016, -0.02220964966495606, -0.7187754618622267, -0.3448124509988738, 0.3418258806655674, -0.6823854650457369, 0.1595687604189558, -0.22616954765446567, 0.3961387040146317, -0.3339700898420389, 0.23337121930239937, 0.561213607704999, -0.02220964966495606, 0.6132136460577694, -0.10087192904655047]], "inverted": false, "swapped": true, "error_lsq": 0.049313151488837206, "error_max": 0.45393178078437957, "target": "824.xyz", "model": "15.xyz", "model_rescale": 4.355366556412066, "target_rescale": 4.093284764796732},
{"mapping": [14, 3, 2, 8, 12, 7, 10, 6, 13, 5, 1, 15], "R": [[-0.0950351466671932, 0.029585302804124358, 0.9950341857222461], [0.7534612642243501, 0.6553948507446927, 0.05247583187321736], [-0.6505877682614308, 0.7547067638992846, -0.08457692541870085]], "T": [-0.034754683634562994, 0.11382267680138164, 0.032380223439069204], "aligned_model": [[-0.33478459269702254, 0.5773510031993803, 0.15106795766989656, -0.6382024488346904, -0.49321097335273123, -0.4986656400250049, 0.018649575245132666, -0.2597181249816815, 0.4933457936825184, 0.22449757358555486, 0.4393023635125445, -0.08182393237211624], [-0.6162395132294565, -0.08962934908528913, -0.5080125633081898, 0.28544234868958956, -0.14188154242151446, -0.09864329786002887, 0.3320103115762826, 0.5363078491352097, -0.0686867623669522, -0.13772454115624705, 0.4853392913142377, 0.03449419645333873], [0.13861460096098885, 0.049659890117432444, -0.38853183443983, 0.09720922543150601, -0.4991109292954231, 0.49620717894179556, -0.818059485317835, 0.6279442211734799, -0.60445493000316, 0.6698632872038351, -0.22263049480100522, -0.09745226876236315]], "inverted": true, "swapped": true, "error_lsq": 0.04678888112072461, "error_max": 0.2485379127850721, "target": "824.xyz", "model": "16.xyz", "model_rescale": 3.795458400668931, "target_rescale": 4.093284764796732},
{"mapping": [3, 13, 2, 0, 14, 10, 1, 5, 9, 11, 12, 7, 15], "R": [[0.8739720586043809, 0.46584609472220184, 0.13842057943417996], [-0.4674740443816534, 0.7280297920582004, 0.5014385702208732], [0.13281889401843677, -0.502951327573322, 0.8540486540496111]], "T": [-0.08687551716464507, -0.005019943541091185, 0.09750975511496819], "aligned_model": [[0.07274204268239388, -0.0914568830882011, 0.4079825905991201, -0.3079302842592305, 0.666911738170791, -0.4969265526840538, -0.5384283726022532, 0.28545812058455644, -0.632961566011023, -0.508990532866003, 0.07125309093549119, 0.2572933183385737, -0.03631490889593909], [-0.33405433924660716, 0.24083356415702534, 0.32548260164870607, -0.5758785877922388, 0.18870908238355422, 0.6216659301834884, -0.12215087740112741, -0.6305402342115588, -0.12950396892149463, 0.6036240245197343, 0.7237709243186726, -0.0870608246342112, 0.1388839704665426], [-0.4341135011516687, -0.7132268766136487, -0.39671651000544783, -0.01420698649618872, 0.26653143662440987, -0.363823661200395, -0.36092836317960153, 0.1809628586093353, 0.25510079464120733, 0.3004367701721277, 0.14120045172311496, 0.6893777446165703, 0.05168087309648035]], "inverted": false, "swapped": true, "error_lsq": 0.04314418470610697, "error_max": 0.29301844502019314, "target": "824.xyz", "model": "17.xyz", "model_rescale": 3.7474275329858107, "target_rescale": 4.093284764796732},
{"mapping": [14, 12, 2, 8, 5, 0, 4, 10, 7, 3, 9, 11, 1, 15], "R": [[-0.5751640680985618, -0.7634766594314908, 0.2937510600349287], [0.8178529049914103, -0.5443203853394908, 0.18663318006447688], [0.01740461333739357, 0.3475898568819285, 0.9374851309900206]], "T": [-0.06066942828271983, -0.08059911113407672, 0.05646870757567636], "aligned_model": [[0.48834819455441625, 0.14601267157561693, 0.6661377947176516, -0.4287166509160887, 0.1098122472236268, -0.2587569236532466, 0.7538620281640608, -0.05079170365097866, -0.12125227282059388, 0.3207922355437118, -0.6125889115597188, -0.43414985594375854, -0.19022628992620916, 0.026365084574386577], [-0.40659256430010837, 0.3179514401338013, 0.17254933050607787, -0.15198035972631502, -0.7356508899168475, -0.30345923164269184, -0.38230472224213263, 0.7983517480509551, -0.6250908182124383, -0.09570917309002974, 0.014714368594812482, 0.43198082709521357, 0.30746594361799107, 0.018182342642945604], [-0.41955903207745293, -0.5405988182769682, -0.021269361740414536, -0.4507307362969051, 0.337031637687511, 0.6026556197151295, 0.20779150967792726, 0.024012972186116685, -0.36227836449699746, 0.5766834426907219, 0.2140802732037717, -0.37663880431528346, 0.5667683039968492, -0.03315392329235081]], "inverted": true, "swapped": true, "error_lsq": 0.03901187732359932, "error_max": 0.21772784501112338, "target": "824.xyz", "model": "18.xyz", "model_rescale": 3.922800546911778, "target_rescale": 4.093284764796732},
{"mapping": [4, 14, 5, 3, 8, 2, 7, 1, 12, 0, 6, 9, 13, 11, 15], "R": [[0.13415062363202, 0.9784994340944669, 0.156660357640178], [-0.07424293104996513, -0.1477208351391078, 0.9862385827247457], [0.988175893942091, -0.1439354450530268, 0.052829823860551184]], "T": [0.12831042949878826, 0.022426692767830284, 0.04541068720824024], "aligned_model": [[-0.31274319839925224, -0.4035327976424896, 0.390796041032321, 0.0919553547059529, 0.19464347918655794, -0.5749856352616693, 0.18490216115754857, 0.3260633963147435, -0.4815805900816871, 0.6374533723352757, 0.7866583723835907, 0.5974154280177407, -0.32407580055563245, 0.005241809728465649, -0.02216055603384806], [0.4555214761336127, -0.21464736991165945, 0.20949091682053567, 0.6427705601264634, -0.5982193698241021, 0.32979164949358675, -0.4806105060417367, 0.4887717291495467, -0.3249648212552095, 0.3650766951449742, -0.32892281777881327, -0.0664343259384521, 0.6538835230399378, -0.4170505001717561, 0.0031546660476507137], [-0.5833078234869669, -0.49794293720289173, -0.6126019814694139, -0.12841819514363373, 0.1359850108967495, -0.05090913941521353, -0.42282169422274635, 0.4591753744205143, 0.30114833200354196, -0.05749641535741556, -0.11869371163608933, 0.3779545200747269, 0.38359376269799395, 0.6630852386438348, 0.09390882636033893]], "inverted": true, "swapped": true, "error_lsq": 0.04349870993930636, "error_max": 0.29961276720984625, "target": "824.xyz", "model": "19.xyz", "model_rescale": 3.9282355846067225, "target_rescale": 4.093284764796732},
{"mapping": [8, 9, 1, 6, 7, 0, 5, 3, 14, 2, 10, 12, 13, 15], "R": [[0.09138317640770482, -0.15394418431745632, 0.9838446539898826], [-0.9450203921189948, -0.32491870569250536, 0.03693633942838476], [0.31398339693190797, -0.9331286207195344, -0.1751724968285826]], "T": [-0.07156703550151719, -0.12787117124354266, -0.010714874151593435], "aligned_model": [[-0.6677477169018933, -0.09713433901653874, 0.45952492752127483, -0.434702671841936, -0.6437965659622997, 0.2574749984508825, 0.008860885101071747, 0.5110977521153545, -0.4031103689351314, 0.2046568096927144, 0.20441323846621676, -0.38174165493243295, 0.5996974948902987, -0.08496996956290509], [-0.3330994430591955, -0.6418518525991314, -0.5088131727016656, -0.3258946629721449, 0.1839722596824275, -0.207289941655934, 0.36826111159695485, 0.13784332807813052, 0.5498551213090886, 0.3135902978289481, -0.6346892821180528, -0.1402394368330453, -0.13102976120804988, -0.10773247792349427], [0.0052622399784201905, -0.28221322265989285, -0.03540624033340935, -0.6531461564887219, -0.23609821327806502, -0.5328733088496892, -0.5438719802975043, -0.0898491631417522, 0.24435488307319742, 0.5612888312575723, 0.6531193279922632, 0.6687616848353768, 0.5061533641211291, 0.14670111103475802]], "inverted": true, "swapped": true, "error_lsq": 0.04384532817896308, "error_max": 0.2563609573811043, "target": "824.xyz", "model": "20.xyz", "model_rescale": 4.067790424073018, "target_rescale": 4.093284764796732},
{"mapping": [13, 0, 2, 12, 4, 5, 14, 1, 3, 9, 6, 8, 11, 7, 15], "R": [[-0.9718850779576881, -0.18200158868950442, 0.14938144783631985], [0.053961115686007484, -0.7897177608246132, -0.6110925103714498], [0.22918899021789857, -0.5858509024936768, 0.7773359163259115]], "T": [0.11884305318673691, 0.05788205834654399, 0.036184583985912705], "aligned_model": [[0.14757417903775072, 0.08424108203016425, -0.24658830477665458, 0.2674611109233118, -0.6959713724239863, -0.46193832963844317, -0.47767106915214086, 0.44359599181225406, -0.20537121774606468, 0.5824980662666508, 0.24106529810577165, 0.3745583302591755, 0.7641881442971828, -0.1748190152836763, 0.12562106019621935], [-0.06785017729116798, 0.6781446334569312, -0.38422651768839516, -0.6720590456104371, -0.025044872475792138, 0.46425007001843105, -0.4431390334522863, 0.40098004799847475, 0.3539759344257328, 0.3735501097930781, 0.4748071002646937, -0.20132685167742292, -0.3466718294773105, -0.0768088780401882, -0.08768555031649412], [-0.801147339158507, 9.47843574201912e-05, -0.482829876260364, -0.019925311881493962, -0.2902919629704206, 0.22173893391166918, 0.20184465170021543, -0.416147643007856, -0.4366559902505559, 0.1908419187629337, 0.664701869707297, 0.5511853166449378, 0.1345400871550175, 0.6453738416848558, -0.02807370677400782]], "inverted": false, "swapped": true, "error_lsq": 0.04378455835382689, "error_max": 0.3047446924566358, "target": "824.xyz", "model": "21.xyz", "model_rescale": 4.186013935880536, "target_rescale": 4.093284764796732},
{"mapping": [4, 2, 14, 0, 1, 5, 3, 13, 8, 12, 10, 9, 15], "R": [[0.4503642194012988, -0.8233643908683511, 0.34531601430146275], [-0.29661715582263304, 0.2268177040401614, 0.9276701957083895], [-0.8421343911483193, -0.5202161175741664, -0.14207342559856292]], "T": [0.16268468246054044, 0.04383718188638764, 0.09304249543750454], "aligned_model": [[0.037943924590064806, -0.39914295671878175, 0.21286889193575464, 0.42753514624768885, -0.1413124657255451, 0.6467235446828948, -0.027285514085583717, -0.6174743648214728, 0.4219406031131575, -0.25868042071620034, -0.6148098234948207, 0.3315333560104984, 0.03873411440557112], [-0.37699050994453226, -0.030184348400351273, 0.28180979924747723, -0.46093261482440373, -0.3277195192821963, -0.39322281205537585, -0.5527953235682292, -0.28489515170033297, 0.6078849824567101, 0.6281790159604483, 0.24135232917580207, 0.06252505947051917, 0.1239457530105573], [-0.6716340092791212, -0.43349961801548653, -0.6653406986786237, 0.3426163648389154, 0.5372457112494731, -0.2409595013783467, -0.06286024165050477, 0.06070465403602898, 0.20458514594270438, -0.10455743756196986, 0.45386879279698583, 0.6495333486690186, 0.03317705036627202]], "inverted": false, "swapped": true, "error_lsq": 0.04612057261384188, "error_max": 0.24327718013402413, "target": "824.xyz", "model": "22.xyz", "model_rescale": 4.166573947596378, "target_rescale": 4.093284764796732},
{"mapping": [2, 6, 7, 1, 0, 4, 11, 3, 9, 12, 13, 14, 10, 5, 8, 15], "R": [[0.4690860102522221, 0.7791850035807568, 0.415727128271067], [0.8321690875857821, -0.2323471925330628, -0.503497161649051], [-0.2957244065888018, 0.5821387397492627, -0.7574044910289621]], "T": [0.008630498641564387, 0.011669714418933483, 0.044573752300690675], "aligned_model": [[0.22675335807388247, -0.3135054344851949, 0.10044408510691916, 0.20770951714627653, 0.5400849869109361, 0.7216513884642527, -0.13951634381863073, 0.3925883622577685, 0.020996050991692702, -0.5399933157224462, -0.5721870093554298, -0.6729938341989846, -0.2618584580286333, -0.21922081854868358, 0.6510672498374964, 0.014603107944846065], [-0.4709504325697794, -0.24731126265983056, 0.7129031137667775, 0.04924274553995904, 0.465324979051017, -0.05878421686802364, -0.6969311323243119, -0.4131767527290731, -0.071958613961268, -0.346607914917275, 0.616852128785365, 0.17522839401681506, 0.6503423017802973, 0.5572725071257634, 0.3075949326065077, 0.02901924016502081], [-0.370527983545781, -0.5943823698757421, -0.06140564489353563, -0.6388403773386665, -0.37792925432523733, -0.11818670852216472, 0.35767226793152723, 0.2276269968368157, 0.6389663515896652, 0.05008790310808822, -0.07039757734945566, 0.4114723628569582, 0.32719414005905373, -0.5397749030811133, 0.4367247770024485, -0.021956769762474335]], "inverted": true, "swapped": false, "error_lsq": 0.0473391273363975, "error_max": 0.3580383016388502, "target": "824.xyz", "model": "23.xyz", "model_rescale": 4.274766983524099, "target_rescale": 4.093284764796732},
{"mapping": [9, 8, 7, 5, 14, 4, 3, 2, 10, 12, 15], "R": [[-0.9963030718631568, 0.08149859281731142, -0.02716925403532083], [-0.00910203871306086, 0.214338475902214, 0.9767170371398168], [0.0854244806089195, 0.9733534800455148, -0.2128042786129598]], "T": [0.049749783784510185, 0.007171958876426465, -0.1235232410578628], "aligned_model": [[0.41193235979398357, 0.16577880418299595, -0.396434930693906, -0.5980468577974777, -0.5149530394133196, -0.6183856086309297, -0.14758708035535073, -0.09805338451155406, 0.8039561608993785, 0.28162745278970097, 0.09006082769455434], [-0.08348443819979287, 0.5607482831828448, 0.4611929469903254, -0.2543857585831853, 0.4268534190220376, -0.22975698637934164, -0.555981712426078, -0.023992072609579224, -0.013099013815491917, 0.5485243137657758, 0.0789675502959685], [-0.5697814402686103, -0.4026214965094913, -0.3886170988077904, -0.3444745115119542, 0.24966931526470035, 0.40073445516922335, 0.12199822464792107, 0.635132877954255, 0.3286574589405693, 0.33606357034783296, 0.012805078794921876]], "inverted": false, "swapped": true, "error_lsq": 0.047611437266889295, "error_max": 0.2538211451065457, "target": "824.xyz", "model": "24.xyz", "model_rescale": 3.7841303162186577, "target_rescale": 4.093284764796732},
{"mapping": [9, 8, 4, 2, 5, 12, 14, 13, 11, 10, 0, 7, 6, 1, 3, 15], "R": [[-0.29535764865781955, -0.3415358702060328, 0.8922539485717798], [0.4731560667866931, -0.8636336931140114, -0.173954535960406], [0.8299922866161291, 0.37079656616649204, 0.41668058591308027]], "T": [-0.08461979623895309, 0.05479789246157942, -0.03530251344977549], "aligned_model": [[0.04651777136281414, -0.28546146302390263, 0.24439936059707212, 0.31160300158788856, 0.7384045032566372, 0.5889358946642234, 0.14759405358792504, 0.40925919668329075, -0.10765474142979058, -0.5632727627077575, -0.7721822738224031, -0.614395695651461, -0.046170300293748495, -0.3922026999835382, 0.5195595922853772, -0.06831054453655977], [-0.412000026068966, 0.16535766589713116, 0.6967209678602285, 0.10221964709032398, 0.2657995391878931, -0.2834032243266587, -0.6989878659396627, -0.2528823409604807, 0.01831322224499169, -0.5285394056389682, 0.27237534602163754, 0.14554309963295725, 0.6486253957877796, 0.5982019843919285, 0.4138141892464151, 0.10690182238141041], [-0.36247731404597944, -0.5801850191514963, -0.22605235634356774, -0.6752647776477693, -0.25312825334811767, -0.11965085239766966, 0.04944841982299662, 0.48758983836128084, 0.7312259134868436, 0.1540755201564618, -0.18106890351697102, 0.33063240409342826, 0.37447423649824235, -0.43920985926141815, 0.35849496338117165, 0.0074392506029504896]], "inverted": false, "swapped": false, "error_lsq": 0.041397957203215936, "error_max": 0.26633445477589723, "target": "824.xyz", "model": "25.xyz", "model_rescale": 4.19342608120988, "target_rescale": 4.093284764796732},
{"mapping": [14, 3, 2, 8, 12, 7, 10, 6, 13, 5, 1, 15], "R": [[-0.0950351466671932, 0.029585302804124358, 0.9950341857222461], [0.7534612642243501, 0.6553948507446927, 0.05247583187321736], [-0.6505877682614308, 0.7547067638992846, -0.08457692541870085]], "T": [-0.034754683634562994, 0.11382267680138164, 0.032380223439069204], "aligned_model": [[-0.33478459269702254, 0.5773510031993803, 0.15106795766989656, -0.6382024488346904, -0.49321097335273123, -0.4986656400250049, 0.018649575245132666, -0.2597181249816815, 0.4933457936825184, 0.22449757358555486, 0.4393023635125445, -0.08182393237211624], [-0.6162395132294565, -0.08962934908528913, -0.5080125633081898, 0.28544234868958956, -0.14188154242151446, -0.09864329786002887, 0.3320103115762826, 0.5363078491352097, -0.0686867623669522, -0.13772454115624705, 0.4853392913142377, 0.03449419645333873], [0.13861460096098885, 0.049659890117432444, -0.38853183443983, 0.09720922543150601, -0.4991109292954231, 0.49620717894179556, -0.818059485317835, 0.6279442211734799, -0.60445493000316, 0.6698632872038351, -0.22263049480100522, -0.09745226876236315]], "inverted": true, "swapped": true, "error_lsq": 0.04678888112072461, "error_max": 0.2485379127850721, "target": "824.xyz", "model": "26.xyz", "model_rescale": 3.795458400668931, "target_rescale": 4.093284764796732},
