[{"mapping": [4, 7, 3, 6, 9, 5, 11, 2, 0, 12, 1, 13], "R": [[0.5481204032427116, 0.5362942877477592, -0.6418352284489932], [0.6298917654321463, 0.24018602227041594, 0.7386115613410675], [0.5502730116858554, -0.8091347920062759, -0.20615649632048824]], "T": [0.11178394998675031, -0.06723753161460908, 0.08775262563407024], "aligned_model": [[-0.4980746556034156, -0.10746093203859464, -0.12453795153860847, -0.1079490020168529, -0.2259870354883811, 0.6779716614153158, 0.6425018385508816, -0.640721377705597, -0.36654004119389505, 0.2902267072689938, 0.2687252713107553, 0.10531028121015151], [-0.029038788109352204, 0.43129079976521223, -0.5317943845710269, -0.5703698494877146, 0.5807097359470861, -0.5448581215443354, 0.18190837058750756, -0.2251195469036276, 0.07575067927139842, 0.3312898272344844, -0.23724363653812527, 0.05304143490229231], [-0.64710624775137, -0.4364569383694997, 0.12698520174627873, -0.44433908140811995, 0.1408400214518936, -0.06623213966451805, -0.2908324810687748, 0.09595301907675598, 0.6761172792199766, 0.46782358558218584, 0.6164410588088294, -0.021932943524302806]], "inverted": false, "swapped": false, "error_lsq": 0.04914234228950468, "error_max": 0.2940543913026228, "target": "826.xyz", "model": "0.xyz", "model_rescale": 3.8414455957264533, "target_rescale": 3.8805868705627975},
{"mapping": [6, 10, 7, 2, 8, 4, 1, 9, 13, 11, 0, 14], "R": [[0.7466984696587176, 0.11188735322214848, 0.6556848447221206], [-0.4026075112426075, -0.7086484721061136, 0.5794174098805664], [0.5294795437978344, -0.6966337367445055, -0.48410004082733177]], "T": [0.009065349201826431, -0.0389231974189764, -0.050037230207859204], "aligned_model": [[-0.4899031583854154, 0.021568617343295057, -0.13779282958463385, -0.13527629604763602, -0.555976117087133, 0.3392819517914534, 0.8456655732531323, -0.5942327731692283, -0.24626422499975326, 0.41308179282889324, 0.37031864371569156, 0.0829935845120875], [-0.05564822876262396, 0.47774559510717796, -0.5953227225520122, -0.5973428489366683, 0.5041677851361491, -0.4624170748762554, 0.16971251432557694, -0.2618364410460646, 0.16791159588881152, 0.5069934583738911, -0.34735947331282013, 0.008962361208636811], [-0.6506851100395931, -0.4986777628458924, 0.23598242976392997, -0.5104041598020345, 0.050375535623492756, -0.13621823727179605, 0.021160354518661564, 0.17767034839384566, 0.6332439545577498, 0.4647550777541406, 0.49757621961124643, -0.06751831616441653]], "inverted": true, "swapped": false, "error_lsq": 0.04175301926337596, "error_max": 0.22098618939939013, "target": "826.xyz", "model": "1.xyz", "model_rescale": 4.316132596720782, "target_rescale": 3.8805868705627975},
{"mapping": [7, 10, 4, 3, 9, 6, 8, 5, 0, 1, 2, 11], "R": [[0.5515443703938612, 0.045799971403687356, -0.8328872493358634], [0.8341134976270217, -0.039036058275114305, 0.5502098320011726], [-0.007313040629993106, -0.9981876320480851, -0.05973249252275317]], "T": [-0.026999964473274945, 0.012880165389785682, 0.016181266585278815], "aligned_model": [[-0.5775110506583055, 0.29055570234109995, 0.02829312643823891, -0.27212873485021166, -0.48343400513131113, 0.4835361382213364, 0.7144055787561959, -0.6429762283354669, -0.2811759689942142, 0.13100730608515374, 0.5055175202419392, 0.0173753800562987], [0.12613559252132497, 0.265484064705851, -0.7046619227882787, -0.4456181460957833, 0.5973570786756748, -0.5280242127437591, 0.20608566556717825, -0.14608756440745607, -0.06754229826859873, 0.4452341033004901, -0.12736803373834382, -0.1054278061745004], [-0.6799307014144008, -0.4660898885895732, 0.29259717952673214, -0.3847029974330093, 0.013689360409293663, -0.33434876716485584, 0.021238042505598867, 0.12135914048699163, 0.67408767683778, 0.30375914860785297, 0.6466421875462055, 0.008959952780718825]], "inverted": false, "swapped": false, "error_lsq": 0.046215000024366105, "error_max": 0.255742921728477, "target": "826.xyz", "model": "2.xyz", "model_rescale": 3.795458400668931, "target_rescale": 3.8805868705627975},
{"mapping": [3, 5, 1, 6, 9, 2, 10, 8, 7, 4, 0, 11], "R": [[-0.6909591659925861, 0.5054135221756286, -0.5168487230639693], [0.5906190874302881, 0.8069503451217631, -0.0004838087241897937], [0.4168267319808604, -0.30559501322811733, -0.8560766107050602]], "T": [0.053004606660165605, -0.07531068088716195, 0.04881726198039755], "aligned_model": [[-0.46466562585658666, 0.08290692367310662, -0.05561794190626223, -0.18928710246020614, -0.5718394947100256, 0.48354526634709954, 0.7201477769364543, -0.6774498670457568, -0.3478663890260947, 0.37874130098215464, 0.4697224796228601, 0.08512743761401043], [0.08669503824286034, 0.46897501171834866, -0.651320542469263, -0.3912089599821933, 0.5238724462323483, -0.6035916941146723, 0.12568621904047214, -0.3244687718226371, 0.12623588065642438, 0.41818578102364423, -0.21896444424421513, -0.044529443727318416], [-0.5367095972422904, -0.3946729316106462, 0.27834421739686804, -0.3856931539790255, -0.022625526077156004, -0.30229414887751416, -0.18255035021574934, -0.0733279163760518, 0.6668655812592674, 0.29642901730977583, 0.6952828486921301, 0.17821229381972672]], "inverted": false, "swapped": false, "error_lsq": 0.04706093836073716, "error_max": 0.22973579315925, "target": "826.xyz", "model": "3.xyz", "model_rescale": 3.7530521520055578, "target_rescale": 3.8805868705627975},
{"mapping": [10, 8, 9, 4, 6, 7, 5, 2, 3, 1, 11], "R": [[-0.14256980957633492, -0.9192817265463185, 0.3668718531522789], [0.9558335006316154, -0.03162490886404857, 0.2922023001443564], [-0.25701394605678407, 0.39232763397109865, 0.8831890279860592]], "T": [0.005617585795341558, 0.013066856313307625, 0.05113922147437812], "aligned_model": [[-0.4864460469400529, -0.25170304522235276, 0.3319030568628958, 0.44347373243142796, 0.3531255340221438, -0.28844626745880353, -0.33656664470383735, -0.6296826342722528, -0.3639784405049252, 0.5609478406722264, 0.005572517558735585], [-0.5780074485694568, 0.02769922988589999, -0.3335438979188835, 0.4992974156318518, -0.625286099712264, 0.6547210565500748, -0.49544663529331023, 0.026627494921442195, 0.3043289450273576, 0.0632786086878658, -0.07646531089623163], [-0.22115391828335812, -0.5949246115149629, -0.3865817160834695, -0.3807212750906759, 0.23268204995110087, -0.1477726046808519, 0.5089846290743928, 0.0606464008444053, 0.5990119864402197, 0.40738349252981587, 0.015276344058699938]], "inverted": true, "swapped": true, "error_lsq": 0.05151844182648216, "error_max": 0.3177258064948636, "target": "826.xyz", "model": "4.xyz", "model_rescale": 3.7855080009869324, "target_rescale": 3.8805868705627975},
{"mapping": [5, 3, 6, 4, 10, 12, 14, 7, 8, 15, 13, 16], "R": [[0.5000358100320769, -0.7772534036125345, 0.3818917847483704], [0.8008912866770994, 0.24728615839520088, -0.5453647428930879], [0.32945005025081575, 0.5785557038340168, 0.7461474130162622]], "T": [0.08313623917164445, -0.08751767308078004, -0.07506729118615656], "aligned_model": [[-0.5305887976465654, 0.022416655693462656, -0.19411169027354633, -0.3440932630559972, -0.3717232461647251, 0.6902032145349725, 0.6868537523518745, -0.6540973874408265, -0.15214784794554445, 0.25852183536047724, 0.377617337378677, 0.12461420137849452], [0.09433486285912893, 0.37661438147099, -0.5967973353552289, -0.6097170894020262, 0.4642538566855501, -0.3930606024544536, 0.21406715452046324, -0.19398876749102684, 0.057019873316897285, 0.482546365151697, -0.3256583524117924, -0.054047826336399825], [-0.5704201744663636, -0.5882058431572874, 0.2246740627824616, -0.37802521876921097, 0.0649873467703976, -0.04073845865244212, -0.02743164725142673, 0.005678963976648313, 0.5722812779745319, 0.4937780231563493, 0.5425390061602536, -0.08185700442457652]], "inverted": false, "swapped": false, "error_lsq": 0.03929382788862735, "error_max": 0.2001098943240867, "target": "826.xyz", "model": "5.xyz", "model_rescale": 4.2253639853439635, "target_rescale": 3.8805868705627975},
{"mapping": [8, 9, 6, 11, 10, 7, 0, 5, 2, 4, 3, 13], "R": [[-0.8362324838952587, 0.3704770272466187, 0.40430434719512276], [0.3725970982888225, -0.15709213237836794, 0.9146001663522522], [0.40235138278017113, 0.9154609954702199, -0.006673121275593774]], "T": [0.0018313806636788945, 0.016894818214883485, -0.059259318984607526], "aligned_model": [[-0.4763828153388392, 0.19136380822694388, -0.01398785771011506, -0.32873365021853235, -0.5925851111278198, 0.6027869615567043, 0.7737278627833032, -0.59165228604862, -0.2862904099442887, 0.21055395088731557, 0.3936648077439032, 0.030999503360798333], [0.2685119162546065, 0.2180958813400251, -0.5603437891737295, -0.6059179058315441, 0.46753988231118027, -0.49533874527906663, 0.18889002823165202, -0.1648624547093987, -0.014230297416946279, 0.4370703175625744, -0.22108830135892024, -0.00276001137663388], [-0.5631093902502816, -0.6034945793129619, 0.22404848175592462, -0.38847787851140536, 0.1689960969009111, 0.017293814528838936, -0.19213564475122458, 0.06517016922272174, 0.545875932831874, 0.4706451541364292, 0.4818876785297734, -0.009439500981265003]], "inverted": true, "swapped": false, "error_lsq": 0.04529510031050917, "error_max": 0.2709853217578242, "target": "826.xyz", "model": "6.xyz", "model_rescale": 3.89814844738969, "target_rescale": 3.8805868705627975},
{"mapping": [7, 4, 6, 3, 11, 1, 2, 8, 9, 10, 5, 12], "R": [[-0.40187643884069746, -0.5235106984639943, 0.7512868137392404], [-0.6517568077560669, -0.41277275478892633, -0.6362638732849621], [0.6432016724545581, -0.7453557549906635, -0.17531801691200383]], "T": [-0.024153472832203943, -0.03931807697003328, -0.11121851510502918], "aligned_model": [[-0.35386539142424733, 0.1499339740696137, -0.1281646983656329, -0.4260275607163332, -0.5634012714117782, 0.6789890123691817, 0.6404981527802003, -0.6516956483113763, -0.1709789520273728, 0.3031685607814906, 0.3672802276700471, 0.06772835875696083], [0.012299328196686346, 0.495746396455195, -0.6409948270843061, -0.6658366736308508, 0.5393024595469375, -0.49865378202085664, 0.2037828533538609, -0.1587131217866767, 0.0013650415247933312, 0.44377477335485405, -0.3094450804734511, 0.09293915311761272], [-0.6768158752192402, -0.42569483932302776, 0.17954359446693618, -0.4248322938128062, 0.061264688920480634, -0.014275399804753022, -0.13744824570624092, 0.11154237370365101, 0.768970692715232, 0.3341860732504321, 0.5022858973601187, -0.06146633245144817]], "inverted": true, "swapped": false, "error_lsq": 0.03941556104070971, "error_max": 0.2648235255692757, "target": "826.xyz", "model": "7.xyz", "model_rescale": 3.7474275329858107, "target_rescale": 3.8805868705627975},
{"mapping": [13, 12, 8, 4, 11, 2, 1, 9, 5, 0, 3, 14], "R": [[0.07341176125227639, -0.023318878759645723, 0.9970290583544852], [0.6300973411194619, -0.7738333041441077, -0.06449308576581803], [0.7730381970019483, 0.6329599097026649, -0.04211530226854748]], "T": [-0.018443899362219338, 0.11466756153005356, 0.07282605717516717], "aligned_model": [[-0.2515193715759119, -0.061933584159175624, -0.16376649801635051, -0.11701784706098863, -0.5590210354594541, 0.5023645276766812, 0.6767843908651204, -0.7276447958994683, -0.2426194180009763, 0.5133650817218958, 0.34372525907264545, 0.0007480550067356685], [0.0008194944930470932, 0.5167414296634941, -0.5409507224569653, -0.5289640730513413, 0.4019617009892832, -0.5121478965877654, 0.14391447829020265, -0.07689636035408684, -0.14674040328723578, 0.38559756681388135, -0.21153846667391055, 0.08376977271519508], [-0.7878865955591062, -0.39310083696148757, 0.1922259059139803, -0.361048742331197, -0.0354254691473712, -0.13800671930814173, -0.21108248862338236, 0.2745134198718112, 0.7008648113894391, 0.35209184008123984, 0.598713559238668, 0.025401649534881887]], "inverted": true, "swapped": false, "error_lsq": 0.05448348739986442, "error_max": 0.28794858311948657, "target": "826.xyz", "model": "8.xyz", "model_rescale": 4.019505241142653, "target_rescale": 3.8805868705627975},
{"mapping": [4, 0, 11, 8, 3, 9, 1, 5, 6, 2, 10, 12], "R": [[0.9601481051558762, -0.24628418745160902, -0.132135215506244], [0.19802954049713545, 0.2658469154115173, 0.9434562621853094], [-0.19723061946887002, -0.9320244184448617, 0.30402395656665526]], "T": [0.04448080933060756, -0.04498976526048196, 0.015211861666338474], "aligned_model": [[-0.4517291394677996, 0.11951975522910419, -0.185952901082983, -0.0901101872134818, -0.5565124958013822, 0.3997259771827297, 0.6985485797245885, -0.6111270895931372, -0.07332839358498439, -0.013393583799352772, 0.6689695479516028, 0.008854694625849278], [0.15210226344645628, 0.39337628371911243, -0.6063811297593388, -0.536267977369988, 0.5628008391469306, -0.601761216971892, 0.12381152131381346, -0.06735364584154402, -0.07631042359668183, 0.5001624065357839, -0.2671635469010411, -0.06144885316781187], [-0.6192367888774125, -0.45897211293798346, 0.1530144921351602, -0.4282607004407868, -0.07343595907600303, -0.16127179963784402, 0.012608104138088608, 0.1573486227667181, 0.7315929376563993, 0.23754455476906597, 0.6467436378303573, 0.019585345773575475]], "inverted": true, "swapped": false, "error_lsq": 0.050812196179459174, "error_max": 0.31032124443550224, "target": "826.xyz", "model": "9.xyz", "model_rescale": 3.877068213659057, "target_rescale": 3.8805868705627975},
{"mapping": [0, 1, 6, 12, 8, 3, 4, 11, 14, 2, 13, 15], "R": [[0.11024487065566596, 0.9245612953896741, -0.3647361780266439], [0.9396521239060179, 0.0226297575226449, 0.3413821613871707], [0.3238826246235284, -0.3803607565743796, -0.8662711702031534]], "T": [0.003861767621705714, -0.036880055071141775, 0.06853571121023043], "aligned_model": [[-0.45322309978297287, 0.14216563362711843, 0.025024240226302185, -0.29170450940613385, -0.42278521342948333, 0.471051521877549, 0.6199590942124303, -0.7194233912943077, -0.11982439301858096, 0.24698246985162997, 0.46382501563436135, -0.04858260432715937], [0.01150408594778874, 0.390899615260872, -0.6379497645187692, -0.567942309713611, 0.5971536092395573, -0.39891358938853416, 0.20435203520581385, -0.08744331666906638, -0.10225961544797144, 0.40654293820745435, -0.2641249473078702, -0.036252220261864754], [-0.581463084574268, -0.6736119860185796, 0.20481457700626093, -0.36598548883815585, -0.03774976234449463, -0.16260666109793664, -0.07401898893446458, -0.06914947946807444, 0.8366169526095913, 0.4982143482502672, 0.6468367274583756, -0.004636819949187451]], "inverted": true, "swapped": false, "error_lsq": 0.04254760983485609, "error_max": 0.2337536572551029, "target": "826.xyz", "model": "10.xyz", "model_rescale": 4.260839863003843, "target_rescale": 3.8805868705627975},
{"mapping": [9, 4, 7, 10, 2, 6, 5, 8, 1, 3, 0, 11], "R": [[0.2011348449593745, -0.595550262750248, 0.7777304537442771], [0.8887554709709655, 0.44479905434874056, 0.11075881034772606], [-0.4118962089681644, 0.6689347395587829, 0.6187631430919892]], "T": [-0.04784684520970841, -0.04146374290889759, 0.004216406351271858], "aligned_model": [[-0.5276542371087715, 0.030765841605889084, -0.10314609836272037, -0.02655730632475741, -0.3692713936261985, 0.6418942059623952, 0.5615406868059867, -0.7502585066058725, -0.26364840338865564, 0.3019623734092475, 0.47075121257295105, -0.05291361076873992], [0.07899801933734349, 0.4072191579585743, -0.6272654430323197, -0.43759448858538313, 0.5510843593232916, -0.5173925675007153, 0.14286015958456935, -0.1900021339029101, 0.10056394994907947, 0.4619699770925833, -0.3883209990161863, -0.06655347065412774], [-0.6210891922745202, -0.5690257401644955, 0.2929792675635002, -0.48154174325206556, 0.13043103449609406, -0.02747540497089806, -0.22223985220939765, -0.008730075577556833, 0.6798779082072456, 0.36201672992216083, 0.6212904438903698, 0.060766958468897785]], "inverted": true, "swapped": false, "error_lsq": 0.037294893607063354, "error_max": 0.20701805579084004, "target": "826.xyz", "model": "11.xyz", "model_rescale": 3.890672605050136, "target_rescale": 3.8805868705627975},
{"mapping": [10, 12, 0, 4, 9, 3, 7, 11, 6, 5, 8, 13], "R": [[0.3121774648607656, -0.8553965013086597, 0.41333044405416075], [-0.7643951405319829, 0.03218943872472513, 0.643944026422854], [-0.5641323422426653, -0.5169725965498475, -0.6438121114520237]], "T": [-0.1528561389614948, -0.11425189173893946, 0.1277699473834137], "aligned_model": [[-0.49811408015791536, 0.04678547885186385, 0.023332916689803862, -0.03332739076086029, -0.39891459425733633, 0.5970200521850424, 0.592599635543354, -0.6875607593356352, -0.3537688869051622, 0.2623406321379641, 0.406923623413813, -0.04385186323417886], [0.10949821441626184, 0.3528888726324196, -0.6672215852470981, -0.5057547702159029, 0.6091296330539471, -0.6331626986248376, 0.132530611761829, -0.04679167953536574, -0.09611748423609984, 0.5404368235848661, -0.18142067095629666, -0.09844874607992384], [-0.666127620618219, -0.417257462426845, 0.2367491861282881, -0.44099662892270386, 0.2760764616946333, -0.01879208197829757, -0.2044321815978292, 0.016854427210412748, 0.667550972355395, 0.19075017548166792, 0.5764636274944966, 0.00042145927833545094]], "inverted": false, "swapped": false, "error_lsq": 0.04906558890701252, "error_max": 0.22917865781673896, "target": "826.xyz", "model": "12.xyz", "model_rescale": 4.124412569039231, "target_rescale": 3.8805868705627975},
{"mapping": [2, 10, 6, 8, 4, 9, 7, 1, 0, 5, 3, 12], "R": [[-0.1688559986512982, -0.5363397311975105, -0.8269385372918929], [0.7142634151103736, -0.6447277330859794, 0.27231218119041356], [-0.6792020506111118, -0.5446703984326638, 0.4919539932929342]], "T": [0.0655477088090823, -0.054979648476058914, 0.07603869020596205], "aligned_model": [[-0.5327394442468849, 0.17493554257772673, -0.08174520891761268, -0.16297604845771707, -0.43815362432071586, 0.5071959119674754, 0.6339631664979624, -0.6934342989226772, -0.11763652430365186, 0.283496928273345, 0.30126884561046124, 0.03928951841304204], [0.0889646351598884, 0.36091556789059237, -0.7034134923012699, -0.5044159342520218, 0.5478379271892084, -0.46776942105845437, 0.18951309549826295, -0.3429523989023175, 0.13347341988660488, 0.6279813393659107, -0.42447400658477774, 0.009905788662172295], [-0.5270600076417788, -0.5236905346315899, 0.14987067076790195, -0.4345296580991543, 0.04180138274990497, -0.13178994184152384, -0.024980318501765672, 0.1383468426431544, 0.5934325161815164, 0.32059605749031156, 0.6387667246567243, -0.023503399674366543]], "inverted": false, "swapped": false, "error_lsq": 0.03646005384181545, "error_max": 0.17658008382122112, "target": "826.xyz", "model": "13.xyz", "model_rescale": 3.9028299243045295, "target_rescale": 3.8805868705627975},
{"mapping": [9, 11, 3, 6, 10, 2, 12, 7, 4, 5, 0, 15], "R": [[0.6493878215891775, 0.1433747932975466, -0.7468193394781288], [0.685117834619136, 0.3158802302565076, 0.6563788790172046], [0.33001365101833124, -0.9379036990970778, 0.10690014668637984]], "T": [0.11832478154611785, 0.005989125461793365, 0.003663653962791287], "aligned_model": [[-0.46353080311217126, 0.15311514409576277, -0.121882431361592, -0.1414782796611494, -0.4310611740369496, 0.6468188809755303, 0.6198201468551612, -0.7843904222569199, -0.18707728112816463, 0.2763517433589038, 0.3301167417270045, 0.016662498715337537], [0.03622320206991156, 0.265433872985912, -0.5272948356038332, -0.4693572596636993, 0.46446680875322444, -0.5060824157323212, 0.4313445637494551, -0.06817517411944679, -0.009276819293950272, 0.33593573617634825, -0.44048610567799107, 0.0028349469101897895], [-0.5075852440089083, -0.687230507246968, 0.2195297165465529, -0.3848674847953484, 0.21181236950237006, -0.02136619068640501, -0.22396639381989142, 0.0189238416298761, 0.6085271137020262, 0.36180405530471055, 0.6692614625725725, -0.04758240460125255]], "inverted": false, "swapped": false, "error_lsq": 0.04397331103755248, "error_max": 0.25271967621916996, "target": "826.xyz", "model": "14.xyz", "model_rescale": 3.942246331269136, "target_rescale": 3.8805868705627975},
{"mapping": [2, 5, 8, 0, 9, 12, 3, 7, 11, 4, 13, 14], "R": [[0.16766914256214108, -0.9670690656368873, 0.19147971412312598], [0.948440617057975, 0.1052428735417421, -0.2989721282717908], [0.2689748214000033, 0.23173553861433188, 0.9348535637178487]], "T": [0.013851411932999085, 0.05715314788760768, 0.0854584260603722], "aligned_model": [[-0.3624301426678107, 0.06242815545650869, -0.3521320898318326, -0.2402695258896386, -0.6027113815231644, 0.6503390255129696, 0.6365042390266911, -0.7867718494717248, -0.06949325649430661, 0.40526783939097555, 0.5600782236429526, 0.012655527019133668], [0.010756597290711392, 0.33594872200888454, -0.5894533478612433, -0.4590198026977182, 0.5610294351724021, -0.4336201469917617, 0.28604006094834106, -0.14503402629888829, -0.07315497355533422, 0.34101860748844276, -0.31448014654784284, -0.004464458402194255], [-0.5770424949951337, -0.4826022098123776, 0.30178466667656206, -0.372477723323403, -0.03337471313061789, -0.06320679837113351, -0.19105950905850538, -0.1361318445319566, 0.785590188221827, 0.41693626556739855, 0.5592250470263801, 0.009619459830294538]], "inverted": false, "swapped": false, "error_lsq": 0.04915078089256017, "error_max": 0.2638135346952848, "target": "826.xyz", "model": "15.xyz", "model_rescale": 4.355366556412066, "target_rescale": 3.8805868705627975},
{"mapping": [7, 10, 4, 3, 9, 6, 8, 5, 0, 1, 2, 11], "R": [[0.5515443703938612, 0.045799971403687356, -0.8328872493358634], [0.8341134976270217, -0.039036058275114305, 0.5502098320011726], [-0.007313040629993106, -0.9981876320480851, -0.05973249252275317]], "T": [-0.026999964473274945, 0.012880165389785682, 0.016181266585278815], "aligned_model": [[-0.5775110506583055, 0.29055570234109995, 0.02829312643823891, -0.27212873485021166, -0.48343400513131113, 0.4835361382213364, 0.7144055787561959, -0.6429762283354669, -0.2811759689942142, 0.13100730608515374, 0.5055175202419392, 0.0173753800562987], [0.12613559252132497, 0.265484064705851, -0.7046619227882787, -0.4456181460957833, 0.5973570786756748, -0.5280242127437591, 0.20608566556717825, -0.14608756440745607, -0.06754229826859873, 0.4452341033004901, -0.12736803373834382, -0.1054278061745004], [-0.6799307014144008, -0.4660898885895732, 0.29259717952673214, -0.3847029974330093, 0.013689360409293663, -0.33434876716485584, 0.021238042505598867, 0.12135914048699163, 0.67408767683778, 0.30375914860785297, 0.6466421875462055, 0.008959952780718825]], "inverted": false, "swapped": false, "error_lsq": 0.046215000024366105, "error_max": 0.255742921728477, "target": "826.xyz", "model": "16.xyz", "model_rescale": 3.795458400668931, "target_rescale": 3.8805868705627975},
{"mapping": [7, 4, 6, 3, 11, 1, 2, 8, 9, 10, 5, 12], "R": [[-0.40187643884069746, -0.5235106984639943, 0.7512868137392404], [-0.6517568077560669, -0.41277275478892633, -0.6362638732849621], [0.6432016724545581, -0.7453557549906635, -0.17531801691200383]], "T": [-0.024153472832203943, -0.03931807697003328, -0.11121851510502918], "aligned_model": [[-0.35386539142424733, 0.1499339740696137, -0.1281646983656329, -0.4260275607163332, -0.5634012714117782, 0.6789890123691817, 0.6404981527802003, -0.6516956483113763, -0.1709789520273728, 0.3031685607814906, 0.3672802276700471, 0.06772835875696083], [0.012299328196686346, 0.495746396455195, -0.6409948270843061, -0.6658366736308508, 0.5393024595469375, -0.49865378202085664, 0.2037828533538609, -0.1587131217866767, 0.0013650415247933312, 0.44377477335485405, -0.3094450804734511, 0.09293915311761272], [-0.6768158752192402, -0.42569483932302776, 0.17954359446693618, -0.4248322938128062, 0.061264688920480634, -0.014275399804753022, -0.13744824570624092, 0.11154237370365101, 0.768970692715232, 0.3341860732504321, 0.5022858973601187, -0.06146633245144817]], "inverted": true, "swapped": false, "error_lsq": 0.03941556104070971, "error_max": 0.2648235255692757, "target": "826.xyz", "model": "17.xyz", "model_rescale": 3.7474275329858107, "target_rescale": 3.8805868705627975},
{"mapping": [11, 1, 5, 10, 7, 8, 0, 12, 9, 2, 4, 13], "R": [[0.3944445253141718, -0.7411973826239584, -0.5431758062000474], [0.6823221991251791, 0.6321707809912354, -0.36714645612059454], [0.6155078659372744, -0.22580200099274, 0.755091731723383]], "T": [-0.00425921186930821, -0.014782997351537153, -0.03100223181204145], "aligned_model": [[-0.44000286070895256, 0.1798408295586677, -0.17897022462177584, -0.22855059483903434, -0.5713491729173074, 0.4822047215563956, 0.8012356052995345, -0.6884084083250886, -0.2110807325489174, 0.22951783214530902, 0.47062084583942365, 0.06840692373249892], [0.07575057540965824, 0.4862847064442864, -0.6554193941742521, -0.5823494044760893, 0.4808384269809125, -0.5192900928474655, 0.200207009023402, -0.21375552898925115, 0.00909867545461493, 0.6022940160330139, -0.41748145030688216, 0.04938898200185146], [-0.5999203335675231, -0.47095307880369713, 0.2558444271528312, -0.35349427743907946, -0.017303258947262905, -0.19125167265023826, 0.0330273508346178, 0.19612489548914344, 0.6049055367706588, 0.23052592547484255, 0.5181322770275772, 0.011622542757464303]], "inverted": false, "swapped": false, "error_lsq": 0.03572672373250577, "error_max": 0.2006755516967649, "target": "826.xyz", "model": "18.xyz", "model_rescale": 3.922800546911778, "target_rescale": 3.8805868705627975},
{"mapping": [5, 0, 13, 12, 1, 7, 9, 8, 4, 10, 11, 14], "R": [[-0.850481205820418, -0.525272094054375, -0.0277659099253017], [-0.13021751288763206, 0.15910769536469282, 0.9786358570035618], [-0.5096323359870403, 0.8359270114570221, -0.20371773028611068]], "T": [-0.07997003513151736, 0.02390274473659719, 0.013473271861374498], "aligned_model": [[-0.5332184834950636, -0.006741750009395572, -0.1085920411352304, -0.12506359693767183, -0.41523971399752135, 0.5211806258833063, 0.7082039748106246, -0.6593065116713549, -0.14402217073317347, 0.2971275942762149, 0.3779749828437659, 0.0011618543362524048], [-0.010649113055008888, 0.4016409504734514, -0.600765453795868, -0.5871156206689617, 0.6752109315515906, -0.4802842750327367, 0.2273811619594001, -0.14178004000450273, -0.0762960709727201, 0.39997906030141256, -0.2680273758583062, -0.023727634343951448], [-0.5996382460249734, -0.7284122326887909, 0.2976988325252837, -0.4797175354204186, -0.09317996136058602, -0.1369406600605499, 0.024493693414614413, 0.1198175985199209, 0.7274233123736519, 0.6192493278668658, 0.47424086834561885, -0.007774663391302471]], "inverted": true, "swapped": false, "error_lsq": 0.043048309084245784, "error_max": 0.26027619286995357, "target": "826.xyz", "model": "19.xyz", "model_rescale": 3.9282355846067225, "target_rescale": 3.8805868705627975},
{"mapping": [12, 9, 5, 7, 10, 6, 4, 2, 1, 0, 3, 13], "R": [[0.7514061698439228, -0.609692975098673, 0.25231576255916877], [0.500784062841283, 0.27794425315892013, -0.8197330751775898], [0.42965578120707737, 0.7423082030068502, 0.5141735518519764]], "T": [0.10728439923291717, -0.05620589703226435, -0.1098612207363321], "aligned_model": [[-0.41971629670347227, 0.1169775063064248, -0.004440508296544202, -0.27728579535644626, -0.5531960706386077, 0.41572347643745905, 0.6663736609881165, -0.6224716347422473, -0.1439377444321676, 0.23445896491909274, 0.4649793700136818, 0.035999835675463915], [0.1644577706906895, 0.341679678729736, -0.6162935639597806, -0.42861659398414265, 0.48746183367097223, -0.6316739235946276, 0.19324830495909462, -0.2391084393473053, -0.022285022685249026, 0.46151575332819467, -0.20257500737726647, 0.007755730123483753], [-0.739442158739684, -0.6755625001352633, 0.2920212280491515, -0.4284735472539013, -0.007756879488039006, -0.13322658216503597, 0.046853945851630316, 0.22587528495140324, 0.5952895469172713, 0.4867860040015475, 0.5358828931017403, 0.019013099008514042]], "inverted": true, "swapped": false, "error_lsq": 0.04251155631347109, "error_max": 0.18897097455221792, "target": "826.xyz", "model": "20.xyz", "model_rescale": 4.067790424073018, "target_rescale": 3.8805868705627975},
{"mapping": [3, 2, 9, 12, 6, 7, 8, 11, 13, 5, 1, 14], "R": [[-0.17077534313816628, 0.6956499073720223, -0.697787208645543], [-0.9413880805874032, -0.3242822450778042, -0.0928951411822162], [-0.29090249896487047, 0.6410243613940083, 0.7102559427385298]], "T": [0.017177411292732165, 0.03549257635260729, -0.0074474390373964715], "aligned_model": [[-0.5383884606009579, 0.04495400035817078, 0.1178555692275583, -0.3524333058054591, -0.3947255535081977, 0.6194339788128215, 0.5756319936937168, -0.6141113224843467, -0.2586741092689547, 0.2609994376775519, 0.46595612176963636, -0.013033585700786023], [0.04247854195583205, 0.4696537015407933, -0.7188777699334872, -0.5806057292812764, 0.647745248826998, -0.39795962945424007, 0.14011422377483645, -0.08794309834471692, 0.023499445623449147, 0.3535148025033422, -0.3496934324100084, -0.02635978424772309], [-0.6516855742967229, -0.6111481181940047, 0.15015709334647404, -0.27357647258861517, -0.06257923867736767, -0.08535873070224326, 0.04103644499693149, 0.05790103299750715, 0.6358919803178273, 0.42600244731812786, 0.5613535006199076, 0.029265968961512876]], "inverted": false, "swapped": false, "error_lsq": 0.04529703053324214, "error_max": 0.26499808591348756, "target": "826.xyz", "model": "21.xyz", "model_rescale": 4.186013935880536, "target_rescale": 3.8805868705627975},
{"mapping": [8, 11, 1, 9, 5, 10, 4, 2, 0, 6, 7, 12], "R": [[0.572309049712578, 0.3685925349156969, -0.7325311562121487], [-0.7601848125838926, 0.5734795319431691, -0.3053527094345754], [0.30754089538446516, 0.7316151786606568, 0.6084059730307199]], "T": [-0.009120406703480903, 0.004874894290716102, 0.005091779984090482], "aligned_model": [[-0.4757942480780112, 0.09726120863813603, -0.20724224717085168, -0.023061626371208545, -0.5022766500124656, 0.6522046914461059, 0.6837082720717014, -0.7505171141789067, -0.3088691923190971, 0.2504057514685012, 0.4834245908672168, 0.014221327809632617], [-0.09835679579819576, 0.3101801268981126, -0.5536458687471806, -0.5000440614715125, 0.5902939184821929, -0.4282291235108409, 0.21308255290427144, 0.006835419807198005, 0.03209383965155998, 0.2792379049819213, -0.3802216218485918, 0.04434022920486449], [-0.5942636026076928, -0.5375293084115885, 0.43395717788619864, -0.3558974868154765, 0.11743171907489146, -0.26205884599206875, -0.06013200041663787, 0.010218313831529146, 0.661748642844579, 0.41402204372858725, 0.38904990075548757, 0.0007137802215258331]], "inverted": true, "swapped": false, "error_lsq": 0.04519960758302105, "error_max": 0.24057029001726668, "target": "826.xyz", "model": "22.xyz", "model_rescale": 4.166573947596378, "target_rescale": 3.8805868705627975},
{"mapping": [0, 5, 3, 4, 10, 2, 6, 8, 9, 14, 11, 15], "R": [[0.6429648627662863, 0.602310412627233, -0.47309444309645304], [-0.21367002801625898, 0.7342387872376646, 0.6443900390627518], [0.7354871204687828, -0.3132340501231885, 0.6007854238144947]], "T": [0.03149192512526354, 0.007632326321516225, 0.05713683672812807], "aligned_model": [[-0.34179575510245297, 0.11996308611185168, -0.014901374265310727, -0.24889103214463892, -0.3642886112903955, 0.42724608815123666, 0.711988572752741, -0.7282857686751248, -0.23102384861174768, 0.12897214316799993, 0.40288989545195464, 0.05159136862464005], [-0.07919777831844116, 0.5447934333249818, -0.5627355788710615, -0.5668281335532641, 0.6367452056944833, -0.4774027198618307, 0.07331222106783292, -0.2695079619290793, -0.059302296176019675, 0.6209916926490106, -0.3603590921309574, 0.01505752865814438], [-0.6638850794134262, -0.571108959117608, 0.24140502854090812, -0.30512562431032086, 0.1494189319886184, -0.18970093511933767, -0.2771057338112054, 0.053934204540981426, 0.5929114079168555, 0.5473058464063421, 0.6476782755865323, -0.008467029109005222]], "inverted": false, "swapped": false, "error_lsq": 0.046413581729575076, "error_max": 0.2763512317163586, "target": "826.xyz", "model": "23.xyz", "model_rescale": 4.274766983524099, "target_rescale": 3.8805868705627975},
{"mapping": [10, 9, 6, 5, 1, 3, 2, 7, 8, 4, 11], "R": [[-0.2935092278089334, 0.21567197036332203, 0.9313097950685402], [0.08758675607015187, 0.9761873627026539, -0.19846106182509765], [-0.951935340951323, 0.02332025083998595, -0.30541000728307643]], "T": [-0.10957829447717596, 0.14028612863220125, 0.09653410589304985], "aligned_model": [[0.24012062589287034, 0.2547879038752787, -0.36206015974697137, -0.5038013558802192, -0.5617260853764281, -0.5749965026709062, -0.0010215277071956852, 0.15011945809880264, 0.5731188545324234, 0.2410496413109097, -0.07569614837048888], [-0.2958721417859544, 0.5402039621477271, 0.44487330043670825, -0.2833811731851953, 0.6202860428348616, -0.32287684160554175, -0.4857068353413775, -0.1085485163145829, 0.0071436487857782505, 0.6530421732493339, 0.1464229120217262], [-0.4977012302746923, -0.25773110929203313, -0.5396212458888341, -0.40385837130607044, 0.15117246483926167, 0.39730868602345953, 0.11166303318450295, 0.7355943329747882, 0.10145066923560665, 0.5748467022243828, 0.006442502301205799]], "inverted": false, "swapped": true, "error_lsq": 0.05514155311118443, "error_max": 0.2711635393184302, "target": "826.xyz", "model": "24.xyz", "model_rescale": 3.7841303162186577, "target_rescale": 3.8805868705627975},
{"mapping": [2, 9, 3, 5, 1, 13, 10, 4, 6, 7, 11, 15], "R": [[-0.13358155654347642, -0.9772535793378465, -0.16471614803287837], [0.13386250000616695, -0.18247485056362192, 0.9740553167063372], [-0.9819555992220427, 0.10806650999801437, 0.15519288183846605]], "T": [0.05702891001751277, 0.10964927596353419, -0.04293675111098251], "aligned_model": [[-0.41777760881804094, 0.227916775264161, -0.15688335433142347, -0.41800807993290634, -0.5320955768855372, 0.47767384996720885, 0.7401183730505667, -0.6403703305084932, -0.21029164886588336, 0.3017280667664455, 0.5071298760627562, 0.03432442240189973], [0.04136466928183394, 0.16372770521130484, -0.6246353581491602, -0.5373890665475969, 0.537481473293193, -0.5499369058143009, 0.48149932329201023, -0.1311440965237854, -0.13933668839790858, 0.4130587556123309, -0.21233933713507352, 0.07321604643095056], [-0.6249066902734879, -0.5997253730562058, 0.21018279949751684, -0.3965184063802809, 0.10848432953004848, -0.044911738071403626, -0.06220935011118517, 0.06822616508991623, 0.580418814030053, 0.47751552378640594, 0.48919107428688147, 0.01151318577107574]], "inverted": true, "swapped": false, "error_lsq": 0.0467350371593561, "error_max": 0.2586625106193241, "target": "826.xyz", "model": "25.xyz", "model_rescale": 4.19342608120988, "target_rescale": 3.8805868705627975},
{"mapping": [7, 10, 4, 3, 9, 6, 8, 5, 0, 1, 2, 11], "R": [[0.5515443703938612, 0.045799971403687356, -0.8328872493358634], [0.8341134976270217, -0.039036058275114305, 0.5502098320011726], [-0.007313040629993106, -0.9981876320480851, -0.05973249252275317]], "T": [-0.026999964473274945, 0.012880165389785682, 0.016181266585278815], "aligned_model": [[-0.5775110506583055, 0.29055570234109995, 0.02829312643823891, -0.27212873485021166, -0.48343400513131113, 0.4835361382213364, 0.7144055787561959, -0.6429762283354669, -0.2811759689942142, 0.13100730608515374, 0.5055175202419392, 0.0173753800562987], [0.12613559252132497, 0.265484064705851, -0.7046619227882787, -0.4456181460957833, 0.5973570786756748, -0.5280242127437591, 0.20608566556717825, -0.14608756440745607, -0.06754229826859873, 0.4452341033004901, -0.12736803373834382, -0.1054278061745004], [-0.6799307014144008, -0.4660898885895732, 0.29259717952673214, -0.3847029974330093, 0.013689360409293663, -0.33434876716485584, 0.021238042505598867, 0.12135914048699163, 0.67408767683778, 0.30375914860785297, 0.6466421875462055, 0.008959952780718825]], "inverted": false, "swapped": false, "error_lsq": 0.046215000024366105, "error_max": 0.255742921728477, "target": "826.xyz", "model": "26.xyz", "model_rescale": 3.795458400668931, "target_rescale": 3.8805868705627975},
{"mapping": [2, 9, 6, 1, 3, 8, 11, 0, 7, 10, 5, 12], "R": [[-0.19825561005080938, 0.7251140064030982, 0.6594728127841428], [-0.07935180007808151, 0.6587454552983573, -0.7481695776681435], [-0.9769329582462399, -0.20065917083903162, -0.07306088043845868]], "T": [0.08466344962523539, 0.02106003311594002, -0.10002864343607072], "aligned_model": [[-0.5974703227312188, -0.008340415933160525, -0.0007369472618970196, -0.0611918876608358, -0.43824735665955106, 0.5807039153913911, 0.7471770510789297, -0.7294363100246621, -0.22818802456525364, 0.34108659292039334, 0.2876861462389131, 0.020422323377704915], [0.07908125010762768, 0.239542639801483, -0.7393519996754743, -0.4631357261672174, 0.5108292263451518, -0.5120225647261317, 0.27453016991203866, -0.09497393955458261, 0.13375496493116534, 0.3875327288509277, -0.30630969843183586, 0.00608946916064633], [-0.6533476914443233, -0.45778543468187555, 0.20927262114817785, -0.4076548091447148, 0.0782043077319401, -0.07725782204957812, -0.19169766423784895, 0.022653427858758443, 0.6413429948597407, 0.4546166156012655, 0.5468649424080633, 0.05204884604972919]], "inverted": false, "swapped": false, "error_lsq": 0.03804749441233069, "error_max": 0.20118855781610206, "target": "826.xyz", "model": "27.xyz", "model_rescale": 3.6321398670334006, "target_rescale": 3.8805868705627975},
{"mapping": [7, 3, 9, 12, 4, 10, 0, 6, 13, 2, 11, 14], "R": [[0.9145492844546305, -0.3924612935096637, 0.0978454873780354], [0.3870353547018382, 0.7788597505801979, -0.49353938357234917], [0.11748719298011162, 0.4892357530096034, 0.8642020235238869]], "T": [0.04856224973988414, -0.018887184385906558, -0.05871177866488987], "aligned_model": [[-0.3436345135097338, 0.2125320067108855, -0.03274412110117601, -0.47882953588400706, -0.6407971211156663, 0.6181038948551539, 0.6543276732169896, -0.6528041720551577, -0.20592526688255963, 0.344866107929788, 0.4078201877420033, 0.030549624264233254], [0.1099617408318807, 0.4675557463810913, -0.5968515878596815, -0.5255787156882737, 0.4402488739973357, -0.5481072719253152, 0.11611375918630315, -0.2002249553330914, -0.06939911408449542, 0.45195382063686296, -0.14278421475860012, 0.012678439169782674], [-0.7148116471076453, -0.5148337731662925, 0.26673957499351575, -0.4442391154684625, -0.07980656629052972, -0.0735457404006893, -0.12378628345795346, 0.22255178518064694, 0.7153437624660527, 0.5104599312288304, 0.45908074374732744, -0.005892337625465677]], "inverted": true, "swapped": false, "error_lsq": 0.05033972362051678, "error_max": 0.28943932406114414, "target": "826.xyz", "model": "28.xyz", "model_rescale": 4.156811204709835, "target_rescale": 3.8805868705627975},
{"mapping": [2, 8, 7, 4, 9, 10, 3, 6, 1, 11], "R": [[0.5863026354596235, -0.80674741018174, 0.07353798894554411], [0.024171584338882224, 0.10815880843829602, 0.9938397288636412], [-0.8097314086557641, -0.5809133225553217, 0.08291415750092827]], "T": [-0.1366850911392544, 0.0918398511711617, -0.005522081339921287], "aligned_model": [[-0.5674646531917369, -0.04418781760729672, 0.13163451287342273, 0.632310698349872, 0.052364827270711345, -0.7232517080246181, -0.43333129786410984, -0.35940264919009257, 0.1309262500992874, -0.1766727886048516], [-0.061547659506176605, -0.5614559599329983, 0.03204084479120327, -0.03749107307964311, -0.33030176719024174, -0.4691029124537477, 0.5861580720614514, 0.15077610194626917, 0.5783568579853107, 0.031287826004776836], [-0.4468630917650221, -0.22569321337930368, -0.6853663620358899, -0.08651984819845246, 0.4464263948740226, 0.0776754330762567, -0.44055072189356104, 0.7073155416845379, 0.3543504861601316, 0.05801210845238006]], "inverted": true, "swapped": true, "error_lsq": 0.05383309584606277, "error_max": 0.2960277409655126, "target": "826.xyz", "model": "29.xyz", "model_rescale": 4.117894457231895, "target_rescale": 3.8805868705627975},
