[{"mapping": [3, 1, 2, 9, 5, 8, 10, 12, 11, 6, 4, 13, 0, 14], "R": [[-0.8358469863586819, -0.23079543393413485, -0.4980896335703683], [-0.5221180822124403, 0.6144831838057808, 0.591441565200413], [0.16956569116986142, 0.7544162541296848, -0.6341163867012284]], "T": [-0.00839328302481309, 0.14069703946009077, 0.09358140628648706], "aligned_model": [[0.11168102177077899, 0.2911798889238455, -0.4515432316413199, -0.360233862485092, -0.5010148382499021, -0.0526756044000399, -0.6434302927911538, 0.05920812312945297, -0.49147509024300884, 0.05499377373121903, 0.6117627179247139, 0.1399177217669655, 0.6255397782017897, -0.02241800450994539], [-0.6457200337772866, -0.3739850418514445, -0.3224941455136346, -0.42494177971423125, 0.19507933120734766, 0.33153636598964187, 0.23613848778747437, 0.5740311694026363, 0.7409360641710803, -0.15980095038125297, 0.47953965676398813, 0.7273411038493909, -0.23585780405753892, 0.1134709079338643], [0.26960246553695144, -0.27804316004145335, 0.42204829651723486, -0.3165595367416003, 0.7037915400771658, -0.6644857220097866, -0.3224178703420957, 0.6437932757095459, 0.26829800018373595, 0.6638725921218185, 0.2547497669096248, -0.04535391194398955, 0.22317205877072674, 0.07512029243195492]], "inverted": false, "swapped": true, "error_lsq": 0.04700905033543221, "error_max": 0.2643368066699406, "target": "828.xyz", "model": "0.xyz", "model_rescale": 3.8414455957264533, "target_rescale": 4.149981070667011},
{"mapping": [9, 6, 12, 8, 7, 11, 13, 2, 5, 10, 3, 1, 0, 4, 14], "R": [[-0.2763313760244467, -0.6585003722974307, 0.7000130215278724], [0.9036897383018996, -0.4259277916934954, -0.04393601200549768], [0.3270868806789425, 0.6204536855779389, 0.7127772418788859]], "T": [-0.025680389516908368, -0.03802947083923855, -0.05834171041867131], "aligned_model": [[-0.35891363487329675, -0.11554186061060967, 0.7117998811385774, 0.4046645381158386, -0.6067485667610033, 0.5699173755053607, 0.11396801153111602, -0.5885396285825175, 0.002990095790858023, 0.496568736960839, 0.05938108579442087, 0.32735849864243394, -0.27885886590695336, -0.3808057962279956, 0.03510864198790588], [-0.19813704423460812, -0.8135076251217672, 0.01790271768877591, -0.3436259159901299, 0.15056931716087538, 0.5659743431485552, 0.33532597421342736, -0.4422230875889971, -0.489317229884737, -0.4330634287391616, 0.048162005475765185, 0.5009850859616113, 0.6412480837930905, 0.12794227852049106, -0.011907825123279345], [-0.6317794569301274, -0.08254340513373912, -0.24618202703747172, -0.6463182860341251, -0.2577038750694268, -0.1402446842270175, -0.7032843717255396, 0.19547264062488845, 0.42107475445336756, 0.14061889475115086, 0.7154234069577561, 0.5190011185596931, -0.05816178625231361, 0.3186948379038314, 0.0023736281802781006]], "inverted": true, "swapped": false, "error_lsq": 0.045776281647413236, "error_max": 0.3924722842609097, "target": "828.xyz", "model": "1.xyz", "model_rescale": 4.316132596720782, "target_rescale": 4.149981070667011},
{"mapping": [6, 2, 3, 13, 0, 12, 7, 11, 9, 5, 10, 14], "R": [[-0.913791384617319, 0.32053062512668784, -0.24949032797897686], [0.26972805128400745, 0.01959742596568559, -0.9627370976783076], [-0.3036973555197584, -0.9470354054898973, -0.1043640599003855]], "T": [-0.10341166142413702, 0.08253454641226105, -0.11888736188850449], "aligned_model": [[-0.13656132331574783, 0.4207246806069296, 0.16975575905554788, -0.4989729814847653, -0.45298431647004855, -0.5214402937126966, -0.40663094920298437, -0.0689929786665998, 0.5813429184669121, 0.11944432506992678, 0.46525901843397144, -0.07313530414866479], [-0.525759099631794, -0.3506748936299663, -0.6146110459592955, 0.5483388082212017, -0.4255300120572186, -0.000982920099456705, 0.326254874383923, 0.5049347734223708, 0.0506226642513202, -0.1660163476586647, 0.5867865965000845, 0.07941302999847623], [0.10117839556424182, 0.11866079069245589, -0.4401670663150826, -0.009306036700910625, -0.5433019902595989, 0.44089689558533207, -0.6952922586634903, 0.5478766217918515, -0.49577919962847716, 0.5928341426687264, -0.030683054514929572, -0.137658779010697]], "inverted": true, "swapped": true, "error_lsq": 0.04651326029313913, "error_max": 0.24918944220721367, "target": "828.xyz", "model": "2.xyz", "model_rescale": 3.795458400668931, "target_rescale": 4.149981070667011},
{"mapping": [9, 7, 0, 12, 2, 5, 4, 10, 13, 11, 3, 14], "R": [[0.3404669712162051, 0.4336591847224954, 0.8342793015631422], [0.744794043125693, 0.4171881599523272, -0.520803103408644], [-0.5739024959305781, 0.7986825093248331, -0.18094798828182854]], "T": [0.03744348249852078, -0.05017479628278975, 0.037976484593629414], "aligned_model": [[0.04882658981782133, -0.2530679158741408, -0.7077231837750305, 0.1563020879586848, 0.07506988439127818, 0.37534747585191175, -0.2847889019369174, 0.6611289402949139, 0.28029828171043014, 0.7482502365176033, -0.54181743900595, 0.03547776979296054], [0.044320213182208475, -0.6765320977633364, -0.07557402180614364, 0.15223185968461753, 0.6108062208278314, 0.6228237757265004, -0.3600507269858484, -0.12132648960113113, -0.48390815326302977, 0.042084205061700304, 0.3768703205225433, -0.04597606029620272], [-0.7384871515889043, -0.0448715574561168, 0.10535550448546999, 0.7012906613374037, -0.24576071366216518, 0.263550532432017, 0.60852553881507, -0.3995053530391398, 0.4099272294776032, 0.370275811324857, -0.34404749120050004, 0.0025184197135058733]], "inverted": false, "swapped": true, "error_lsq": 0.052640396648904464, "error_max": 0.2947122951459301, "target": "828.xyz", "model": "3.xyz", "model_rescale": 3.7530521520055578, "target_rescale": 4.149981070667011},
{"mapping": [11, 2, 6, 3, 4, 9, 13, 10, 8, 1, 14], "R": [[-0.41571108183045347, -0.25044964162831007, -0.8743336167914425], [0.5000567930967442, -0.8659315267784167, 0.010285650635734667], [-0.7596890812175426, -0.4329406055562951, 0.48521637641303345]], "T": [-0.021196131215678753, -0.16028190334995585, 0.024082128291893976], "aligned_model": [[-0.6483031322495048, -0.08661485500702135, 0.33674651564139413, 0.48868927981731414, 0.3939340243790941, -0.1812232350938985, -0.2038013263195432, -0.7211611649499545, -0.3686880847668724, 0.3546955403930693, -0.026073959398871846], [-0.6253522481011005, 0.1143584665287718, -0.2658277595135321, 0.33069335912608955, -0.6581033960370695, 0.5993130350067204, -0.5752537230680785, 0.1455626313130341, 0.13528361216029144, 0.3916353576367325, -0.12510597673751325], [-0.09686079676644262, -0.6385727642309202, -0.5053384335604012, -0.3794190790214636, 0.3484642187587521, -0.07267279875113455, 0.4482332412672788, 0.06817911405579473, 0.6604285055097794, 0.24050610273353695, 0.019883467250536527]], "inverted": false, "swapped": true, "error_lsq": 0.0463801957815696, "error_max": 0.23054609408396035, "target": "828.xyz", "model": "4.xyz", "model_rescale": 3.7855080009869324, "target_rescale": 4.149981070667011},
{"mapping": [6, 8, 5, 7, 11, 0, 4, 13, 15, 10, 9, 2, 1, 12, 16], "R": [[0.005703511375094105, -0.30401355897127585, 0.9526506316166556], [0.3991934076488071, 0.8741573969642287, 0.27657452634408924], [-0.9168490024250053, 0.37871440597677636, 0.12634597523439334]], "T": [0.02155183067234727, -0.030943675260558266, 0.03392358080945537], "aligned_model": [[-0.27273584095213027, -0.09878471045621838, 0.7648317739497237, 0.3598925699854098, -0.6838829302988501, 0.40870406193985703, 0.13360579507674297, -0.6280829566050419, -0.05313415369302199, 0.5462594353802315, 0.39361614268005796, 0.2009769289847702, -0.15562872969847857, -0.5432283645792331, 0.01993949079115514], [-0.19146789190819039, -0.7207640526943678, 0.08726734044695286, -0.3339471612586491, 0.17138385670080253, 0.6047572771497424, 0.2658365134081716, -0.3500817992887068, -0.6647063046990307, -0.5317664526592712, -0.11184354061339644, 0.49373332770710027, 0.6755951548840804, 0.2849129729556988, -0.022581590851025214], [-0.5261690992591831, -0.03662312506622409, -0.2638419751339446, -0.5619655896492831, -0.2724448185470614, -0.19946736213764923, -0.6341828572229583, 0.06543770187055865, 0.5555412951870108, 0.10336959779126995, 0.6355358968113505, 0.5220899092582173, -0.17226533623968027, 0.24445427177714127, 0.08697287958164009]], "inverted": true, "swapped": false, "error_lsq": 0.033946632089147846, "error_max": 0.26682327328293093, "target": "828.xyz", "model": "5.xyz", "model_rescale": 4.2253639853439635, "target_rescale": 4.149981070667011},
{"mapping": [8, 7, 3, 9, 1, 6, 2, 10, 4, 13, 0, 5, 11, 14], "R": [[-0.18769476450318884, -0.15827770146958667, -0.9693909658108009], [0.6917307922052963, -0.7219770221689997, -0.016052743535520442], [-0.6973372114645296, -0.673570596654492, 0.24499686697871442]], "T": [0.05299241730944354, 0.0415425947488927, 0.04754183054860062], "aligned_model": [[0.5435564549463406, -0.02017464746496668, -0.5600907588706645, 0.15713261383791133, -0.2720643528831, -0.42625265256131867, -0.06478207125435576, 0.7298949069296152, -0.24706916959212377, 0.3530001125432522, -0.6513859448325046, 0.1344548076982252, 0.6423995252965362, 0.05544332896493691], [-0.13719109726832762, 0.0739672960895291, -0.47694611982808416, -0.7321558441484263, -0.4117105205227768, 0.060351075931864166, -0.37743522248892813, -0.31056657401793614, 0.6349699175481565, 0.5211364254573537, 0.044805885958570824, 0.14160413226787244, 0.4082592017662634, 0.006010589889859551], [-0.5359369915651666, -0.6432398709672806, 0.18593090884695512, -0.002460223156211666, -0.37865795607910624, 0.4828800916106254, 0.6214801611035493, 0.10462619621604685, -0.24088507856777636, -0.2082619525044075, -0.20603042223296275, 0.8230038898206138, 0.4247672255397297, 0.04434223086683977]], "inverted": true, "swapped": true, "error_lsq": 0.040411884109746124, "error_max": 0.22588294464974404, "target": "828.xyz", "model": "6.xyz", "model_rescale": 3.89814844738969, "target_rescale": 4.149981070667011},
{"mapping": [1, 9, 2, 7, 6, 10, 8, 0, 13, 11, 5, 12, 14], "R": [[-0.3434754995187204, -0.06197205402094075, 0.9371147452424335], [-0.7829789115090607, -0.5321186957141875, -0.322170324213014], [0.5186218327090097, -0.8443986962281844, 0.1342469234123836]], "T": [-0.05541478875064977, 0.027232770228283604, 0.012087951322937367], "aligned_model": [[0.09223613630971979, -0.0069804347457226995, 0.42312687809984656, -0.35400963595268037, 0.56283184587892, -0.5176923891778608, -0.7255335244397889, 0.4019286406996173, -0.5360491991902789, -0.43060264264467085, 0.2519765090169352, 0.03910648944740304, -0.051706872397216774], [-0.43224348541643487, 0.16036047549630716, 0.500797220466318, -0.5877027948042614, 0.12326982727910799, 0.4958594122985217, -0.16059049115827687, -0.5654096435270759, -0.09390216057330725, 0.6031298153301945, 0.6964069522419536, 0.1924723960537617, 0.03133374178367753], [-0.49764464847867484, -0.7572531873808438, -0.24394531474366501, -0.11550322335779374, 0.1797094891591514, -0.3779440505340143, -0.34667331484231645, 0.02047666164689801, 0.3859426384921529, 0.40164856941406385, 0.28723580592479164, 0.6894675447312247, -0.02324193919467826]], "inverted": true, "swapped": true, "error_lsq": 0.04261297273748333, "error_max": 0.21146468304434746, "target": "828.xyz", "model": "7.xyz", "model_rescale": 3.7474275329858107, "target_rescale": 4.149981070667011},
{"mapping": [6, 10, 1, 0, 5, 2, 3, 7, 11, 12, 13, 4, 8, 9, 14], "R": [[-0.44558162932194667, -0.5322909140560709, 0.7198078871644517], [-0.6217470761033538, 0.762494256879161, 0.1789778801506674], [-0.6441176794404341, -0.3677891937505082, -0.670703752779587]], "T": [0.07734952324021901, -0.06374879094250911, -0.005754783339183556], "aligned_model": [[-0.33579549098242434, -0.07336157253130379, 0.7667128959770017, 0.27242198317654376, -0.5480969450221317, 0.5374876886648611, -0.07198751620641106, -0.5303977063079874, -0.19825206569647022, 0.4126789350572636, 0.5177206305208806, 0.2628595011569042, -0.16451464388082468, -0.5769941484380586, 0.12186696701713101], [-0.2893554921024539, -0.7894075892933915, -0.011260642133149756, -0.27325479726925983, 0.166653384877487, 0.6199700117346147, 0.29902925692743487, -0.36713558369859034, -0.41070989868393376, -0.4655671874083866, 0.02730456026303621, 0.5666681307873135, 0.5701307499999575, 0.04384889301556079, -0.03058614773632673], [-0.6731009543871965, -0.16690326665678196, -0.30041552828731344, -0.5992758076629795, -0.2679627480112193, -0.17719271215090016, -0.6059423153802953, -0.05552817865912718, 0.430297632638853, 0.3209542318890182, 0.7726374081679077, 0.4189644165277066, 0.06430781791095606, 0.36920859864610867, 0.016392794436467663]], "inverted": true, "swapped": false, "error_lsq": 0.04614486046265096, "error_max": 0.2831467166344488, "target": "828.xyz", "model": "8.xyz", "model_rescale": 4.019505241142653, "target_rescale": 4.149981070667011},
{"mapping": [1, 10, 2, 3, 0, 6, 5, 7, 4, 13, 11, 12, 14], "R": [[0.06626630313649773, -0.41674867415666167, 0.9066031765095942], [-0.4660974669851356, -0.8163055530783624, -0.341172090422809], [0.8822482237662269, -0.3999572309661292, -0.24833905262613082]], "T": [-0.07836330611529584, -0.08610614580084633, 0.019448079408246506], "aligned_model": [[-0.1552498226490538, -0.7279242091571515, 0.14173700543051365, 0.3185970115193658, 0.38827956323954627, 0.5222008201495727, 0.24172799909921966, -0.3226270104685789, 0.23470373168630965, -0.2834663357052599, -0.270759799627907, 0.32613150909918776, -0.09364969087458809], [-0.7247647138694497, 0.23369056622236026, 0.18943184113837044, -0.4534581645210277, -0.6714520334366797, 0.0011457476438613001, 0.5993540643712113, -0.663927995732219, -0.3169318063280595, 0.00635972272231497, 0.6349356081116313, 0.3259711585939943, -0.0969757668022495], [-0.26153278378504863, -0.2280133685102195, -0.6086069495382276, -0.589918858993107, 0.027994295653316716, -0.20695606109801218, -0.19427064767446386, 0.3195168919353173, 0.6310783350082446, 0.5980958526594913, 0.2787995510314551, 0.421514938535428, -0.010997701180295565]], "inverted": true, "swapped": true, "error_lsq": 0.04668225673712491, "error_max": 0.29214580714324484, "target": "828.xyz", "model": "9.xyz", "model_rescale": 3.877068213659057, "target_rescale": 4.149981070667011},
{"mapping": [7, 2, 3, 4, 8, 5, 1, 9, 10, 13, 6, 12, 0, 11, 15], "R": [[0.5532004256099021, -0.7475296699246782, 0.36765293645954344], [0.5362530876868133, -0.018183451013964264, -0.8438613559439618], [0.6374966000312333, 0.6639794836375028, 0.39080600079463124]], "T": [0.06035256372384063, -0.11188327529215307, 0.026527029295071853], "aligned_model": [[-0.18014553272518619, -0.09480496252201473, 0.6784250618152242, 0.4002824710754804, -0.6487304331330465, 0.4146034497446646, 0.0048529779471711346, -0.48271970644015333, -0.20061528639610604, 0.4708176509534851, 0.43448133588049737, 0.23120438841382562, -0.22511759117732189, -0.4406741196585952, 0.03048880872704926], [-0.19560186414764497, -0.6842122673124615, 0.013250741208021458, -0.24958233881638514, -0.0021967822386704666, 0.5246063808398646, 0.4241041385959276, -0.47417151343895725, -0.21781422218801544, -0.7511512438475467, -0.1140547889753331, 0.5020987014861478, 0.6302642742125679, 0.27774151034204764, -0.026953076439650378], [-0.748997588561285, -0.2713337181890324, -0.0448116540810307, -0.5423115292937656, -0.2571860522119008, -0.2569913468870319, -0.6535787700741293, 0.12381549612985987, 0.6775916921000787, 0.16968209385197808, 0.5167591391142106, 0.41643856016463066, -0.012071429982914255, 0.4031170785820965, 0.02631941835943995]], "inverted": false, "swapped": false, "error_lsq": 0.04425743572512349, "error_max": 0.28715790273043423, "target": "828.xyz", "model": "10.xyz", "model_rescale": 4.260839863003843, "target_rescale": 4.149981070667011},
{"mapping": [12, 4, 8, 13, 10, 11, 5, 6, 1, 9, 2, 14], "R": [[-0.039571947955559544, 0.1411498889420595, -0.9891970328436328], [0.8789400444240192, 0.4758077189203084, 0.032732444512386605], [0.47528776466779177, -0.8681495974009881, -0.14289092794714706]], "T": [0.04854783774268961, -0.08250599774275254, -0.01128412002430268], "aligned_model": [[0.27493142995379843, 0.3097394777789861, -0.6155947309358784, -0.25953026300569065, -0.6126946858977143, -0.3493940142126692, 0.22325506898562725, 0.6379712668079925, 0.1719545630746244, -0.15299117947550506, 0.2900382396380944, 0.04121347638246466], [0.0636128217831382, -0.5876639869827966, -0.4418354680440123, -0.3642029779547546, 0.24738177612278767, 0.3301082325359564, 0.6308458961877238, 0.1850258408876893, -0.44569326430105466, 0.10376181813637868, 0.527159612168185, -0.0754217950063067], [-0.6612697193256019, -0.4607030319128887, 0.1957021688502038, -0.47083295339901393, 0.18713174015581688, -0.5549499979935772, -0.29163443032578407, -0.03485813309515125, 0.5766039118539976, 0.7212737176691983, 0.2867237299702157, 0.022991074948089316]], "inverted": false, "swapped": true, "error_lsq": 0.04995453772307163, "error_max": 0.24453064664043392, "target": "828.xyz", "model": "11.xyz", "model_rescale": 3.890672605050136, "target_rescale": 4.149981070667011},
{"mapping": [12, 4, 0, 5, 6, 10, 13, 2, 11, 8, 1, 7, 9, 14], "R": [[-0.2607893728849998, -0.3682206705087289, 0.8924138282211628], [0.4777108970714374, 0.7540725074586585, 0.4507404489439731], [-0.8389166834730678, 0.5438641294524892, -0.020751069500991856]], "T": [0.09620338026541296, 0.004686018648704102, 0.09470754804869859], "aligned_model": [[0.4046346031806976, 0.17876761742044522, 0.4658147791359988, 0.5444846781094137, 0.743070912714251, -0.40482283953803544, -0.2629453722571544, 0.5278711499770029, -0.07976866215700103, -0.666689156678878, 0.033917004792735975, -0.2940247278914515, -0.07017784394290173, 0.08974369192857082], [-0.3499224598656645, 0.27797059645922984, 0.6442287933777808, -0.6366357009353952, -0.007966669472899927, -0.3963824545163357, -0.1083041507681281, -0.2458825968049292, -0.7327766589269575, 0.15363832784950987, 0.6263132022037434, 0.5494729523902325, 0.1450987500489862, 0.013300588788592818], [-0.4289378732411481, -0.5715369352717604, -0.02707449751127651, 0.1704714424965142, 0.12555073937512531, 0.5113048102694661, -0.39894803052201655, 0.6140309100457358, -0.12747131436371506, 0.1888060613124164, 0.41478035315542816, -0.09107016913699172, 0.8460771064894769, 0.1288078322596068]], "inverted": true, "swapped": true, "error_lsq": 0.04623988109915961, "error_max": 0.3705453537728251, "target": "828.xyz", "model": "12.xyz", "model_rescale": 4.124412569039231, "target_rescale": 4.149981070667011},
{"mapping": [10, 2, 3, 11, 9, 8, 5, 13, 6, 12, 1, 0, 14], "R": [[-0.26749072103483157, -0.9003451123117826, -0.34325994945019345], [0.36006250187763456, 0.23703637012912465, -0.9023130022213062], [0.8937581937537045, -0.3649553917567078, 0.2607754841349615]], "T": [0.1233020874258284, 0.037626846307963854, -0.10751903691102016], "aligned_model": [[-0.10718202777471392, -0.02453274103153233, 0.5913068485180147, -0.6263604696978959, 0.46805624271509005, 0.36323994844000784, -0.5162924053616895, -0.07865948590195268, 0.05767629718212172, -0.3820898410825807, 0.8094909870664666, 0.6716445391317942, 0.14100041530662724], [-0.4147066844226974, 0.5296054907652435, 0.6448046333931677, -0.21153361998426073, -0.0026084711188462117, -0.6920382458426517, 0.4556308777785534, -0.39919894449721294, 0.6797639626391275, 0.24116225243658534, 0.060399583629804146, 0.4192017120919145, 0.03700282963975032], [0.4649387533270595, 0.39737731449884595, 0.16845151136615233, -0.09722729662990233, 0.5935375598785589, 0.04435268425116501, 0.07736295837007673, -0.4997500740100077, -0.1613908940271062, -0.5527536453948199, 0.03867516583937866, -0.4454237438374846, -0.07645221266407722]], "inverted": false, "swapped": true, "error_lsq": 0.04695463981544144, "error_max": 0.34000762300371423, "target": "828.xyz", "model": "13.xyz", "model_rescale": 3.9028299243045295, "target_rescale": 4.149981070667011},
{"mapping": [10, 9, 3, 7, 13, 0, 4, 14, 11, 6, 1, 8, 5, 12, 15], "R": [[0.6964562424096088, 0.4218770638380842, 0.5804898323106487], [-0.6883895458520135, 0.6212275112137782, 0.37442784681804], [-0.2026537331764371, -0.6603757432844517, 0.7230735385223008]], "T": [0.10387472903601394, 0.051050330968581525, 0.03702367663935929], "aligned_model": [[-0.28554387796344927, 0.06694299534597642, 0.6740297345752252, 0.2505151327986561, -0.6737290695865171, 0.5988253991950829, 0.2059848048349108, -0.6043770911737109, -0.22781024239324546, 0.5554131912550754, 0.2559689127279863, 0.04618872526120393, -0.19859861965492817, -0.3812000684558744, 0.1097385857385815], [-0.12541723550444303, -0.7126021690833604, 0.04827007174653569, -0.5149649006819785, 0.20299857032043916, 0.6852386237859625, 0.32150148787600247, -0.4739091701011811, -0.45093324419422814, -0.4277744018195088, -0.2616092252551511, 0.7733878873504791, 0.43728051656176337, 0.20817253412481426, -0.05331169584623385], [-0.5733573097573832, -0.0907118418147076, -0.2151766109405544, -0.6548948918071469, -0.03294357799389391, -0.16308992261664607, -0.5759958809854278, -0.03944549485576054, 0.4658059737700375, 0.1430809944278833, 0.5859408989341759, 0.30424631633582117, -0.10939336718920806, 0.5105797378131351, -0.00820363429911991]], "inverted": true, "swapped": false, "error_lsq": 0.04357247603608227, "error_max": 0.2531067467013181, "target": "828.xyz", "model": "14.xyz", "model_rescale": 3.942246331269136, "target_rescale": 4.149981070667011},
{"mapping": [12, 3, 2, 1, 13, 7, 0, 4, 10, 5, 9, 6, 8, 11, 14], "R": [[-0.10173827700290328, 0.38032186734282003, -0.9192413177253028], [-0.6574972678494357, 0.667736407004191, 0.34903500330434034], [0.7465565388924057, 0.639908874748588, 0.18212623714058399]], "T": [-0.01948466856712111, -0.05849685555240756, 0.023797054262019255], "aligned_model": [[-0.3649163457496018, -0.09790958209587808, 0.7104945023256259, 0.21059203241719926, -0.7853420238283564, 0.5623717699913144, 0.376034441889374, -0.44174790248859847, -0.13467037402983562, 0.4677938934282967, 0.5312536243371757, 0.0185723044961206, -0.1281637363629185, -0.5603092901348439, 0.028295198309899836], [-0.21958885083415716, -0.7222474192617095, 0.02981107691282594, -0.44405470670499747, -0.04640617034052561, 0.5588265093120922, 0.3168086986197153, -0.41410443366385774, -0.277657401277827, -0.44812584671799766, -0.0011225731811792053, 0.3820133744004728, 0.6847825423855826, 0.29761028472879986, -0.04021743509732579], [-0.6992538316497483, -0.24046163076883734, -0.1810932524045963, -0.650777842142663, -0.2486844556220271, 0.13026045750230772, -0.46958703257045664, 0.2210303896556318, 0.6929019970755925, -0.09251464098861562, 0.6082265458036503, 0.3662759491541646, -0.16212100056796935, 0.33170525162516196, -0.05946551508039061]], "inverted": false, "swapped": false, "error_lsq": 0.046231667537858144, "error_max": 0.2780357232380953, "target": "828.xyz", "model": "15.xyz", "model_rescale": 4.355366556412066, "target_rescale": 4.149981070667011},
{"mapping": [6, 2, 3, 13, 0, 12, 7, 11, 9, 5, 10, 14], "R": [[-0.913791384617319, 0.32053062512668784, -0.24949032797897686], [0.26972805128400745, 0.01959742596568559, -0.9627370976783076], [-0.3036973555197584, -0.9470354054898973, -0.1043640599003855]], "T": [-0.10341166142413702, 0.08253454641226105, -0.11888736188850449], "aligned_model": [[-0.13656132331574783, 0.4207246806069296, 0.16975575905554788, -0.4989729814847653, -0.45298431647004855, -0.5214402937126966, -0.40663094920298437, -0.0689929786665998, 0.5813429184669121, 0.11944432506992678, 0.46525901843397144, -0.07313530414866479], [-0.525759099631794, -0.3506748936299663, -0.6146110459592955, 0.5483388082212017, -0.4255300120572186, -0.000982920099456705, 0.326254874383923, 0.5049347734223708, 0.0506226642513202, -0.1660163476586647, 0.5867865965000845, 0.07941302999847623], [0.10117839556424182, 0.11866079069245589, -0.4401670663150826, -0.009306036700910625, -0.5433019902595989, 0.44089689558533207, -0.6952922586634903, 0.5478766217918515, -0.49577919962847716, 0.5928341426687264, -0.030683054514929572, -0.137658779010697]], "inverted": true, "swapped": true, "error_lsq": 0.04651326029313913, "error_max": 0.24918944220721367, "target": "828.xyz", "model": "16.xyz", "model_rescale": 3.795458400668931, "target_rescale": 4.149981070667011},
{"mapping": [1, 9, 2, 7, 6, 10, 8, 0, 13, 11, 5, 12, 14], "R": [[-0.3434754995187204, -0.06197205402094075, 0.9371147452424335], [-0.7829789115090607, -0.5321186957141875, -0.322170324213014], [0.5186218327090097, -0.8443986962281844, 0.1342469234123836]], "T": [-0.05541478875064977, 0.027232770228283604, 0.012087951322937367], "aligned_model": [[0.09223613630971979, -0.0069804347457226995, 0.42312687809984656, -0.35400963595268037, 0.56283184587892, -0.5176923891778608, -0.7255335244397889, 0.4019286406996173, -0.5360491991902789, -0.43060264264467085, 0.2519765090169352, 0.03910648944740304, -0.051706872397216774], [-0.43224348541643487, 0.16036047549630716, 0.500797220466318, -0.5877027948042614, 0.12326982727910799, 0.4958594122985217, -0.16059049115827687, -0.5654096435270759, -0.09390216057330725, 0.6031298153301945, 0.6964069522419536, 0.1924723960537617, 0.03133374178367753], [-0.49764464847867484, -0.7572531873808438, -0.24394531474366501, -0.11550322335779374, 0.1797094891591514, -0.3779440505340143, -0.34667331484231645, 0.02047666164689801, 0.3859426384921529, 0.40164856941406385, 0.28723580592479164, 0.6894675447312247, -0.02324193919467826]], "inverted": true, "swapped": true, "error_lsq": 0.04261297273748333, "error_max": 0.21146468304434746, "target": "828.xyz", "model": "17.xyz", "model_rescale": 3.7474275329858107, "target_rescale": 4.149981070667011},
{"mapping": [8, 13, 7, 11, 9, 2, 1, 4, 10, 3, 5, 12, 6, 14], "R": [[-0.5179502193199297, -0.8552815051000278, -0.014870014803901377], [-0.7306434371558068, 0.45137696329385896, -0.5122684889281821], [0.4448457463521321, -0.2544648974641606, -0.858696615756094]], "T": [0.051947486774509485, -0.0007942423325406484, 0.009931206368589256], "aligned_model": [[0.5219054356610459, 0.0922413098100455, 0.7065456060038604, -0.5409737152166274, 0.2736443903795425, -0.34610704515131846, 0.6477493934700024, 0.24138444128361686, -0.07719091716681194, 0.20869817101906862, -0.7181337585809828, -0.4174594124113871, -0.24100439896465803, 0.06354814774748001], [-0.37708174873059774, 0.24571093717277692, 0.12227350555276563, -0.06054040636914139, -0.6921593041759506, -0.32531506460785453, -0.1569971212969623, 0.6794215628711315, -0.6757803233274197, -0.0938861893274656, -0.026252578796340208, 0.5028311777837632, 0.24934557697019788, -0.031161782207669995], [-0.49066202405615644, -0.558454260880161, -0.18991816567381523, -0.5087745402224344, 0.30116907213132593, 0.5149631601072601, 0.3466318108441762, -0.15378538991428423, -0.3264518120463884, 0.8040446601298259, 0.1658689707656004, -0.1353275928501579, 0.5306597930098533, 0.02483103731701078]], "inverted": false, "swapped": true, "error_lsq": 0.04106793391016035, "error_max": 0.31758478241242794, "target": "828.xyz", "model": "18.xyz", "model_rescale": 3.922800546911778, "target_rescale": 4.149981070667011},
{"mapping": [10, 11, 3, 9, 6, 0, 2, 4, 13, 7, 12, 5, 1, 8, 14], "R": [[0.052516974729017146, 0.9976835366352885, 0.043238039874797796], [-0.6835312996381744, 0.06747851773289085, -0.7267954403128297], [-0.7280294841421328, 0.008614544182646067, 0.6854916920344587]], "T": [-0.025245509376933074, 0.021027619051331922, 0.025168232193455268], "aligned_model": [[-0.3670318546831885, -0.07544118094523448, 0.6114383668805875, 0.3756336459191716, -0.6740945790828164, 0.5354611245978266, 0.1549358120534138, -0.6123205477625989, -0.14716875236849206, 0.5353763705385476, 0.46149592398513045, 0.2126685799940455, -0.257662427652394, -0.4081504482123589, 0.047208479243334135], [-0.2973387101357343, -0.6714423596643468, 0.07311221890242484, -0.30679130614453226, 0.17543304937083254, 0.6206991186985884, 0.1520603010289887, -0.3986729706259209, -0.5018949916578291, -0.5444343199068028, -0.05445412921197497, 0.5954059143587446, 0.6680628017687114, 0.18886230434481666, -0.042279271846054275], [-0.6324225386248794, -0.1336062490751646, -0.007543841375107791, -0.6029828969526232, -0.15067721057595826, -0.13118009304344405, -0.6556357707685884, -0.03016217012932029, 0.453537713888547, 0.08971993556675423, 0.6383560723324063, 0.4679098951801721, -0.24926003231490523, 0.47194108303546256, 0.018447491877853467]], "inverted": false, "swapped": false, "error_lsq": 0.03137749269172071, "error_max": 0.2602870790247178, "target": "828.xyz", "model": "19.xyz", "model_rescale": 3.9282355846067225, "target_rescale": 4.149981070667011},
{"mapping": [5, 2, 9, 6, 12, 3, 0, 7, 4, 13, 10, 11, 8, 14], "R": [[0.11308730401081446, 0.9613637728883303, -0.25097999491887885], [0.9792713959591423, -0.0651215983526337, 0.1917986196098165], [0.16804402615921363, -0.2674675187866988, -0.9488004698914776]], "T": [-0.003519879767244379, -0.07966448364342994, 0.044500462796836955], "aligned_model": [[-0.6700285071986594, -0.20761472733553968, 0.5165270101467826, -0.39153229244068205, -0.6538283937130724, 0.16180943023850425, 0.1450293615944337, 0.5157906355405925, -0.16032194597055172, -0.0744286044859577, 0.21425557132013567, -0.4838964048097198, 0.5998498098786823, 0.02091187631972864], [-0.49586223682900316, -0.6793422724539028, -0.6455839782984887, -0.15157745406342776, 0.17344278842727834, -0.3152387703630074, 0.32598233985916497, 0.37898479744775926, 0.6269986361206689, 0.3098936545457955, -0.6107422562878879, -0.2503165203665241, -0.03947520600515193, -0.10428143430843731], [0.021359211497929263, -0.2983556171805948, -0.10124252372377013, -0.46913743475459946, 0.13459521877967603, -0.7177488663210235, -0.566925894974182, 0.10401151571268175, 0.006772853799451119, 0.5226916848060436, 0.5504320039108476, 0.6480707436959463, 0.5418697251356773, 0.03579053685959946]], "inverted": true, "swapped": true, "error_lsq": 0.04035987270820795, "error_max": 0.3257693393089435, "target": "828.xyz", "model": "20.xyz", "model_rescale": 4.067790424073018, "target_rescale": 4.149981070667011},
{"mapping": [10, 12, 7, 9, 13, 8, 1, 11, 3, 0, 2, 4, 5, 6, 14], "R": [[-0.21925521781296686, -0.321578699198674, 0.9211483537864447], [0.8715838614745459, -0.4888638918960417, 0.03679222224023554], [0.43848457427702975, 0.8109249258852166, 0.3874687635141032]], "T": [0.013777706834956134, 0.007701961086718719, 0.01955533684880224], "aligned_model": [[-0.36979608333918457, -0.017716637203702548, 0.6505248922702498, 0.18638712951756523, -0.5415322495937865, 0.4283817761220472, 0.18137429495638868, -0.5152426035275841, -0.11859368119166988, 0.6278264062407931, 0.2480988125654344, 0.16364084430233983, -0.07755896099154985, -0.43730799244823104, -0.016137435174135677], [-0.2208781755113367, -0.7363612058724434, -0.012925795643406356, -0.3572067576304928, 0.20567976226345627, 0.3909139504932359, 0.2899447637601729, -0.36394967720779936, -0.621937865897277, -0.2529251519674582, -0.0155932130809408, 0.6282207862237666, 0.5791839635919644, 0.1733083443335258, -0.029146078575055658], [-0.6674010592913946, -0.16042237501009435, -0.36876344289446567, -0.6445963880410979, -0.3580147197096195, -0.06056915148490084, -0.7324788945980829, 0.026250481064583647, 0.576131046486124, 0.26343180602941874, 0.7254398074306933, 0.5042922989377774, -0.09677202356494864, 0.5822747344400717, -0.04236073077285975]], "inverted": true, "swapped": false, "error_lsq": 0.04696142126582503, "error_max": 0.37729388215462767, "target": "828.xyz", "model": "21.xyz", "model_rescale": 4.186013935880536, "target_rescale": 4.149981070667011},
{"mapping": [5, 11, 10, 3, 0, 9, 6, 12, 8, 13, 4, 7, 14], "R": [[0.4892710455066556, -0.8593694635101106, 0.14865385704773665], [-0.528682230065119, -0.15669297527388099, 0.834231629173332], [-0.6936201724591038, -0.4867560340521355, -0.5309987002541905]], "T": [0.029864857159673564, -0.044963531472123036, 0.006261388118539331], "aligned_model": [[-0.2702424055974779, -0.36539745221721504, 0.4186475032953243, 0.42661289333129376, 0.02586200997376917, 0.7940194034907451, -0.15532785306051639, -0.653740233101362, 0.40975960253548827, -0.32878120769623104, -0.48867982565701296, 0.18086845620748607, 0.0649731439189342], [-0.4888026409049201, 0.20013358897717395, 0.2861003605360821, -0.6965322590946769, -0.3542850582389109, -0.1455107462606563, -0.663502798190593, -0.15446555525780742, 0.6393181688609408, 0.46158598718214483, 0.1031538546302031, 0.38232839818919506, -0.050564640882082304], [-0.5690057789327526, -0.6323902507016907, -0.5635466720731792, 0.29244708662447827, 0.6879963687356991, -0.12757712345289896, 0.05785434415933733, -0.11933680811514563, 0.028281391868007773, 0.021460743099984587, 0.4905708729913544, 0.533711537132475, 0.002413849999676594]], "inverted": false, "swapped": true, "error_lsq": 0.047601063442589395, "error_max": 0.2833462415124446, "target": "828.xyz", "model": "22.xyz", "model_rescale": 4.166573947596378, "target_rescale": 4.149981070667011},
{"mapping": [11, 9, 4, 3, 12, 1, 2, 14, 10, 8, 7, 5, 6, 13, 15], "R": [[0.6770597132883519, 0.5766710225946662, 0.4572096634384676], [0.1326808205207466, -0.706740657854524, 0.6949197381002328], [0.7238687343074269, -0.40983920534152996, -0.5550188116246035]], "T": [0.0417615996993583, -0.06795140718255657, -0.07903528120016516], "aligned_model": [[-0.3072004344407268, -0.08837209561042383, 0.7444027202394738, 0.28597704301991433, -0.5558197305798602, 0.3838402698884872, 0.2418600992703138, -0.6553179429921399, -0.14943146903342758, 0.6328666364491556, 0.2916810002230985, 0.055598666179281435, -0.1834228641104829, -0.36927298584238194, 0.06495959984469261], [-0.2909494887789599, -0.6448420128375139, -0.04591306142089527, -0.2914331254799384, 0.06310385307944152, 0.5571862157253192, 0.33040057040026183, -0.3027042475859967, -0.33816629529016196, -0.6015497754642044, -0.035511727824528105, 0.5073537497393976, 0.6400784401048837, 0.11472375595861198, -0.005449201045805874], [-0.7502957982570987, -0.18253222189974028, -0.2927249636998456, -0.5808732937566656, -0.3137743441798839, -0.06217714684701019, -0.5831042562565574, 0.2124247989202082, 0.5928057400374585, 0.06219770757147271, 0.5902013048403908, 0.5208767900332627, -0.24363578112547563, 0.6382467366670205, -0.06119388302633155]], "inverted": true, "swapped": false, "error_lsq": 0.03977722723817778, "error_max": 0.3086977364204063, "target": "828.xyz", "model": "23.xyz", "model_rescale": 4.274766983524099, "target_rescale": 4.149981070667011},
{"mapping": [2, 10, 11, 12, 13, 4, 0, 7, 1, 8, 14], "R": [[0.5806463829378146, -0.8113368035528368, -0.06769319893385534], [0.10955073733172097, -0.0045293514119083556, 0.9939708853512078], [-0.8067517672315998, -0.5845614391802226, 0.08625259353919601]], "T": [-0.007537225715170688, 0.025740268554623344, -0.06831019352172446], "aligned_model": [[0.344897971337954, 0.2758156489014274, -0.46732301080818417, -0.6491559176986204, -0.4751585091015139, -0.5325675051313727, 0.08084373505252829, 0.05298279224965025, 0.5214282407119635, 0.2003534521858452, 0.027777806258397597], [-0.1613142741250136, 0.7039019443045107, 0.5180257386464363, -0.12354733676956887, 0.33403781023310114, -0.25769576462342636, -0.6239932792558989, 0.0692976048224748, -0.19279108260311995, 0.6187283512364746, 0.030936819377513622], [-0.6679921748377149, -0.28101741478589226, -0.48114533640219437, -0.31553516098077733, 0.19952071618898232, 0.34326026955045896, 0.29292869714114395, 0.6230827668537016, 0.3381207752314941, 0.39880108163565015, -0.07045778557327431]], "inverted": false, "swapped": true, "error_lsq": 0.04353556795433609, "error_max": 0.23661003656153898, "target": "828.xyz", "model": "24.xyz", "model_rescale": 3.7841303162186577, "target_rescale": 4.149981070667011},
{"mapping": [2, 8, 14, 9, 4, 13, 12, 1, 0, 10, 7, 11, 3, 6, 15], "R": [[-0.12846180323869894, 0.9745519644297819, 0.18370093558475847], [0.48354578082857896, -0.10017253231319267, 0.8695682501177482], [0.8658412342638471, 0.20053411778551838, -0.45837214646228464]], "T": [0.0330728583617656, -0.07662114970790629, -0.017840254133769478], "aligned_model": [[-0.2751492190706291, -0.22443461738091236, 0.7350635687889462, 0.3436803552047156, -0.6730280268829429, 0.42909730336362945, 0.23291077970432522, -0.5681966002573131, -0.1284532832929337, 0.7035782775827777, 0.13890670757888673, 0.3241190703759153, -0.2510755861630125, -0.39108066769667876, -0.0035895493498000197], [-0.26940520821770125, -0.5883727486521633, 0.01625117618633115, -0.30339205150777804, 0.10963898962596857, 0.5823532219189829, 0.25606205582520286, -0.48617188554039215, -0.6056224756206163, -0.35411359949668547, -0.14937660950789677, 0.4589276528963661, 0.6715269323834909, 0.34416049387962677, -0.026138294892824543], [-0.67861743722575, -0.16364143572532439, -0.3754472113752339, -0.4585653947009415, -0.17091880655153988, -0.16246879132803463, -0.6694218655822786, 0.13636618773619016, 0.46733688062871515, 0.26265132930979046, 0.6195853489992071, 0.448965006830619, -0.11023071018992485, 0.38843926417227553, 0.012409024023434401]], "inverted": false, "swapped": false, "error_lsq": 0.045295883652902234, "error_max": 0.3302885040406917, "target": "828.xyz", "model": "25.xyz", "model_rescale": 4.19342608120988, "target_rescale": 4.149981070667011},
{"mapping": [6, 2, 3, 13, 0, 12, 7, 11, 9, 5, 10, 14], "R": [[-0.913791384617319, 0.32053062512668784, -0.24949032797897686], [0.26972805128400745, 0.01959742596568559, -0.9627370976783076], [-0.3036973555197584, -0.9470354054898973, -0.1043640599003855]], "T": [-0.10341166142413702, 0.08253454641226105, -0.11888736188850449], "aligned_model": [[-0.13656132331574783, 0.4207246806069296, 0.16975575905554788, -0.4989729814847653, -0.45298431647004855, -0.5214402937126966, -0.40663094920298437, -0.0689929786665998, 0.5813429184669121, 0.11944432506992678, 0.46525901843397144, -0.07313530414866479], [-0.525759099631794, -0.3506748936299663, -0.6146110459592955, 0.5483388082212017, -0.4255300120572186, -0.000982920099456705, 0.326254874383923, 0.5049347734223708, 0.0506226642513202, -0.1660163476586647, 0.5867865965000845, 0.07941302999847623], [0.10117839556424182, 0.11866079069245589, -0.4401670663150826, -0.009306036700910625, -0.5433019902595989, 0.44089689558533207, -0.6952922586634903, 0.5478766217918515, -0.49577919962847716, 0.5928341426687264, -0.030683054514929572, -0.137658779010697]], "inverted": true, "swapped": true, "error_lsq": 0.04651326029313913, "error_max": 0.24918944220721367, "target": "828.xyz", "model": "26.xyz", "model_rescale": 3.795458400668931, "target_rescale": 4.149981070667011},
