[{"mapping": [6, 4, 5, 11, 7, 9, 2, 0, 1, 12, 3, 13], "R": [[-0.762767482794312, -0.18208679605907732, 0.6205079901923659], [0.5121216365201214, 0.41581389025814575, 0.7515518864831221], [-0.39486351642001793, 0.8910349080531732, -0.22391872639663585]], "T": [0.10027005087865351, 0.011696353738436308, -0.04039317133464361], "aligned_model": [[-0.346720447899622, -0.7488050532912207, 0.5246587805318117, 0.450207652580511, -0.2771282855461118, -0.14451461170626673, -0.5946418357914227, -0.0919661861633875, 0.4441591018094748, 0.4417727734325617, -0.1306292534400455, 0.058367965901668095], [0.3967089623537472, -0.16664837944930228, 0.4342493835275292, -0.3225227639174916, -0.5808316889212389, -0.6033793292891384, 0.1838052271899171, 0.005429346295465435, 0.2853422485187833, -0.3020385376127595, 0.47909121263999915, -0.12873323164118838], [-0.5267172087796739, -0.4412283621976616, -0.5027181691457443, -0.5432878890954548, -0.3194549867110628, 0.273462758791865, 0.24020307036078825, 0.706880800088323, 0.3336420654315387, 0.3061124078566987, -0.0026060976815898834, -0.1115522120820245]], "inverted": true, "swapped": false, "error_lsq": 0.050135400633236876, "error_max": 0.29032567346045374, "target": "83.xyz", "model": "0.xyz", "model_rescale": 3.8414455957264533, "target_rescale": 3.930244821764624},
{"mapping": [9, 2, 13, 8, 6, 5, 4, 3, 11, 10, 0, 14], "R": [[-0.2095016443396878, -0.9126721210306188, 0.35091118607482247], [0.8301847742296633, -0.3556355463542903, -0.4293210905680367], [0.5166258817134599, 0.20137764936247815, 0.8321927304903792]], "T": [-0.03885678593063624, 0.027612996756618987, -0.05692406237818822], "aligned_model": [[-0.14914734365563526, -0.7199830235571415, 0.40424605521799417, 0.5203555933221495, -0.2535097919303685, -0.2803753585252146, -0.47457724834527887, -0.2437055215210866, 0.6425156168212635, 0.2843153141279088, -0.1429528462054757, -0.002420845331165024], [0.1250742951482398, -0.2427624984318804, 0.4945505045737335, -0.23097727894342057, -0.653515770803711, -0.5186172423366275, 0.18923884498743443, -0.11560430344091313, 0.4283862021781977, -0.5412570983010583, 0.7277653316116288, 0.018191463452698828], [-0.7231424711496433, -0.1439233016666206, -0.4575189158135306, -0.5516108134686001, -0.37317532767315476, 0.22168693879460402, 0.22563920251134092, 0.6853041252374396, 0.2614748834652143, 0.14389403716268706, 0.0994987228530623, 0.024609096583202393]], "inverted": true, "swapped": false, "error_lsq": 0.04701420423796465, "error_max": 0.25559060790604143, "target": "83.xyz", "model": "1.xyz", "model_rescale": 4.316132596720782, "target_rescale": 3.930244821764624},
{"mapping": [4, 2, 3, 5, 0, 1, 8, 10, 7, 9, 6, 11], "R": [[0.4277337347604768, -0.4425522888550581, -0.7881569157071475], [0.34900658092258413, -0.7234711695199545, 0.5956373673185366], [-0.8338094858063094, -0.5298461460674965, -0.15499936411753246]], "T": [-0.013237811114440327, -0.06643171907401556, -0.014443144466603677], "aligned_model": [[-0.23847770574846008, -0.7922153904209859, 0.3679211530550754, 0.46339051875590964, -0.11591182107143352, -0.2649440393117861, -0.6507524598958302, -0.040881199441083683, 0.8117098842674154, 0.4208580558276358, -0.3204557555641623, -0.05548064003434472], [0.22741707099803155, -0.2276130589784301, 0.42192393153783636, -0.2429364067507751, -0.5500105270842757, -0.48970248383979054, 0.05475198042042141, 0.20693522350731453, 0.15106407196362542, -0.5966294997846404, 0.6952667802306665, 0.030005367474338365], [-0.6906454881294992, -0.275095994727893, -0.2317990999585295, -0.4112194193497282, -0.5238777749239101, 0.213774071768432, 0.3928966392261689, 0.5527800535558746, 0.2550341283131853, 0.2691103722905475, -0.05353910032642448, -0.08468221090222196]], "inverted": true, "swapped": false, "error_lsq": 0.0445282879245151, "error_max": 0.2338894068535266, "target": "83.xyz", "model": "2.xyz", "model_rescale": 3.795458400668931, "target_rescale": 3.930244821764624},
{"mapping": [5, 3, 10, 2, 6, 8, 9, 7, 0, 1, 4, 11], "R": [[-0.6904140133739178, -0.23304838098888842, -0.6848481161946622], [0.22651928598958754, 0.8294367988873109, -0.5106110160644186], [0.6870352998294098, -0.5076643071656983, -0.5198648362971712]], "T": [0.04050650248377368, -0.014447335968495328, -0.04943954708208638], "aligned_model": [[-0.4262541574514877, -0.6416627833367313, 0.31109550747888703, 0.5323574141882229, -0.10483119809883407, -0.3772577641021673, -0.7883744342561183, -0.13692193775143635, 0.6622756132205941, 0.39090760316793727, 0.07049996640641581, 0.09292677095266798], [0.3152288943737682, -0.31972364290841326, 0.43400548683667106, -0.30975083266299025, -0.516638966147983, -0.6332313830964091, 0.1179952007437443, 0.10822586241164951, 0.26935551148102904, -0.47056000834149847, 0.622388846381467, 0.06317748062328711], [-0.4584293819598472, -0.32965636927560943, -0.5639124729916967, -0.5579706050426448, -0.3214263408569547, 0.1810864983341437, 0.17410018089864493, 0.6832082070336674, 0.3314371532932797, 0.2063907495986146, 0.017603739647034558, 0.05030481815736969]], "inverted": false, "swapped": false, "error_lsq": 0.053330656423403955, "error_max": 0.27553791656470306, "target": "83.xyz", "model": "3.xyz", "model_rescale": 3.7530521520055578, "target_rescale": 3.930244821764624},
{"mapping": [5, 4, 1, 0, 6, 3, 7, 9, 8, 10, 11], "R": [[0.6175489388215927, -0.6979804958932749, 0.36256935269394075], [-0.6864694798011772, -0.2532953749754664, 0.6816165390580978], [-0.38391790979560503, -0.6698243653142338, -0.6355645979517408]], "T": [-0.06657045672698124, 0.010233478442745012, 0.09940017083610983], "aligned_model": [[-0.4258075369529898, -0.2603178860451699, 0.3888112225811964, 0.5462060397682839, 0.3138524981149331, -0.31680509088902775, -0.24329743746303512, -0.740113215194095, -0.40970816350089206, 0.49261322115623773, -0.007234049130236814], [-0.5011588078074323, -0.06484685240243705, -0.27561063531187585, 0.36159191126007806, -0.5978703209512476, 0.5616668236136415, -0.514331228114982, 0.02431594357924867, 0.40571264147000324, 0.05059476034865684, 0.017139122630692602], [-0.11040694709856733, -0.6495482458782171, -0.5376430953716548, -0.2505126255463007, 0.0062152090609643995, -0.21242680512679815, 0.512308813667927, 0.030367470388250425, 0.7209584363111077, 0.48068026698195465, 0.10283829985665066]], "inverted": true, "swapped": true, "error_lsq": 0.05328854520902029, "error_max": 0.29578325699967145, "target": "83.xyz", "model": "4.xyz", "model_rescale": 3.7855080009869324, "target_rescale": 3.930244821764624},
{"mapping": [0, 7, 2, 9, 10, 8, 6, 13, 14, 15, 1, 16], "R": [[-0.8717459903978173, 0.4724368335297497, 0.12985517529044446], [0.4623114285088438, 0.8809104445155312, -0.10131599979056219], [-0.16225619031470165, -0.02828828499277701, -0.9863430952953067]], "T": [-0.08896567132612063, 0.045298052184827395, -0.05104815492843675], "aligned_model": [[-0.26658549893471467, -0.7206242597337226, 0.4450325231260881, 0.491964035742099, -0.0834918468736035, -0.22574017366035995, -0.6548971873719407, -0.07365327148175095, 0.5586737080109336, 0.3677375950380122, -0.2183352751500985, -0.035319748292992184], [0.5183520428397167, -0.296424361843939, 0.4162502770717161, -0.22623517055936349, -0.6156953920484423, -0.5430839597605932, 0.060721449679981825, -0.0186913418785261, 0.12049662152429455, -0.5686798790136692, 0.7852998746492036, 0.04816228903394285], [-0.6453082007722495, -0.26459602149978956, -0.4017988680452308, -0.3604094382863069, -0.3576781893360056, 0.3100740092956663, 0.2738529162036059, 0.6704354046443434, 0.12952262907075177, 0.25517289787394926, -0.14466838428725978, -0.05186257802547266]], "inverted": true, "swapped": false, "error_lsq": 0.04207871316712756, "error_max": 0.25624772462949125, "target": "83.xyz", "model": "5.xyz", "model_rescale": 4.2253639853439635, "target_rescale": 3.930244821764624},
{"mapping": [1, 10, 0, 9, 8, 5, 2, 6, 7, 11, 4, 13], "R": [[-0.9643543558645503, -0.213038513494129, -0.15695626172051924], [-0.2645577019699482, 0.7884840672639208, 0.5552495817191806], [0.005467966116244283, 0.5769813406334358, -0.8167390243568596]], "T": [0.015191438539461095, -0.025008439727786883, -0.04869657551519155], "aligned_model": [[-0.2355838899486017, -0.7239009449825884, 0.52435992376125, 0.36334430313867633, -0.1272356123605454, -0.3660054159112703, -0.5137058120754004, 0.11076089778910386, 0.6101401158715284, 0.2796339429725398, -0.3518385060689137, 0.01479159823217187], [0.21607735757692204, -0.19536136464710824, 0.5123342062769815, -0.16063865754965115, -0.6142356387615758, -0.4386643004746178, 0.12366851489966257, -0.02812789436934982, 0.319036397153576, -0.6480331451392712, 0.5730398693918733, 0.02137710533688107], [-0.694989972447207, -0.23100072790966344, -0.3570356482389426, -0.5313874231292076, -0.47105982994130013, 0.2416808572810766, 0.3364455716097112, 0.5873653047956625, 0.34761193761947706, 0.33531405859444174, -0.14110086073191971, -0.009107090666127159]], "inverted": true, "swapped": false, "error_lsq": 0.04983364668127562, "error_max": 0.250894066976441, "target": "83.xyz", "model": "6.xyz", "model_rescale": 3.89814844738969, "target_rescale": 3.930244821764624},
{"mapping": [6, 1, 8, 7, 0, 2, 5, 10, 11, 4, 9, 12], "R": [[-0.3421699815918906, 0.4661095756081665, -0.8158808535710226], [0.8236095071183702, -0.2691945055848893, -0.4992010596414459], [-0.45231303704585024, -0.8427788450651108, -0.2917819988091751]], "T": [0.060636043771914956, -0.08694431371147772, -0.14178454222838532], "aligned_model": [[-0.31870907753168715, -0.7389088384323755, 0.35194113529552584, 0.5663027012979479, -0.19247620306544055, -0.27278337737685615, -0.6298932174021116, -0.09834761769832442, 0.6934775109233103, 0.36301091601795815, -0.18497149340391214, 0.046118161793915355], [0.27466397318245805, -0.35537084871567054, 0.4627834313528424, -0.3688081457764177, -0.4806257546428528, -0.5102645556907888, 0.22283458342525186, 0.04018575968918513, 0.29634210737845873, -0.5003515620640002, 0.7115487179127378, -0.11246525635688141], [-0.5692334594343679, -0.20070642848816658, -0.40754293301530375, -0.4518308148814734, -0.5050468455788029, 0.31775795510168997, 0.030792913935600824, 0.563528014638983, 0.18676311958759434, 0.2495716536189, 0.17449333427360525, 0.02418966707774256]], "inverted": true, "swapped": false, "error_lsq": 0.04888735081159102, "error_max": 0.26150286446351934, "target": "83.xyz", "model": "7.xyz", "model_rescale": 3.7474275329858107, "target_rescale": 3.930244821764624},
{"mapping": [13, 4, 12, 1, 2, 3, 8, 5, 10, 0, 11, 14], "R": [[0.6651542672208238, -0.6468179684482572, 0.3730902256698752], [0.024828012963271084, -0.4802139694564683, -0.8767999277549913], [0.7462930862404025, 0.5924703024045438, -0.3033571660575102]], "T": [0.012921704919570627, 0.050568191988742794, 0.0212596199704844], "aligned_model": [[-0.26729582181089856, -0.6451134013924915, 0.31255516139072226, 0.3168743038127805, -0.34020180590493065, -0.07451476595986045, -0.6269473866123182, -0.2629693642038546, 0.6457944423498011, 0.5122473077184975, 0.02493992454246042, -0.010607993511957375], [0.414077353189177, -0.04265434147299449, 0.3819333193788057, -0.464801937710798, -0.6238654980401848, -0.5364259987727711, -0.14483689554843115, -0.02804065133818029, 0.3789633674663618, -0.35638631360980616, 0.6704283237875237, 0.0320817223656203], [-0.7516899619098503, -0.39168735478701894, -0.4042513233814738, -0.433502149629154, -0.3379512925959196, 0.4236614347737953, 0.15390468517559955, 0.6775569853092646, 0.2798946265509023, 0.16009481143680723, 0.06718276221228964, -0.030477046319240086]], "inverted": true, "swapped": false, "error_lsq": 0.04942697680269264, "error_max": 0.24619107126397202, "target": "83.xyz", "model": "8.xyz", "model_rescale": 4.019505241142653, "target_rescale": 3.930244821764624},
{"mapping": [5, 3, 11, 8, 4, 0, 2, 1, 9, 7, 6, 12], "R": [[-0.19937190836381571, -0.014291719362441835, 0.9798196716299564], [0.17775839995658374, 0.9827772968299621, 0.05050481244859566], [-0.9636663288712776, 0.18424041791435947, -0.1933977119991255]], "T": [-0.030452698425296448, 0.10427577633681688, 0.03927025162318768], "aligned_model": [[-0.2686442676944571, -0.7256656031121589, 0.34277137402284286, 0.5151653180037862, -0.1392084318556612, -0.22668107400743726, -0.6071083794535242, 0.02930813039259034, 0.6347478105392055, 0.3502241711089248, -0.29135854969691694, -0.02878989782924389], [0.1938010527493264, -0.23472461193693428, 0.4084164673623098, -0.15211699441852755, -0.595911421554349, -0.484401185258548, 0.12019367519972184, 0.09479628535578553, 0.1584634678418067, -0.7154569962847925, 0.7761612016975763, 0.11125150894094714], [-0.5818374043868761, -0.3351874384418827, -0.35500345508415926, -0.2651975769539751, -0.39143237153861954, 0.23317728495187706, 0.17036948217134648, 0.7120585428116537, 0.18729740586581442, 0.09130190129346155, -0.05324974582017392, 0.0004395519675350276]], "inverted": false, "swapped": false, "error_lsq": 0.044311261444210735, "error_max": 0.2576035964728501, "target": "83.xyz", "model": "9.xyz", "model_rescale": 3.877068213659057, "target_rescale": 3.930244821764624},
{"mapping": [10, 9, 12, 0, 8, 7, 2, 4, 5, 1, 6, 15], "R": [[0.5982682717843529, -0.31494387458427486, -0.7368075941777529], [0.7583728348464167, -0.07436409368214583, 0.6475651511144207], [-0.25873870669687804, -0.9461925477579485, 0.1943552011759638]], "T": [-0.1368176374354624, 0.12647568974083404, -0.036799969694758586], "aligned_model": [[-0.389699448572971, -0.6521132142388678, 0.45081538851920144, 0.48707838234863043, -0.20951897975955705, -0.19757113666611, -0.6909604877398161, -0.1011511226464487, 0.604251022542357, 0.4337347428794328, -0.08502655202160886, -0.06507799422629251], [0.40239965388707555, -0.14384238657187884, 0.43126810351532296, -0.206375481703531, -0.5893812176500255, -0.5663657035381557, -0.10963601104515042, -0.002906241007520627, 0.09620132143907958, -0.4546386991464555, 0.7304712489885572, 0.09327786252700491], [-0.639400612795573, -0.3483186850957647, -0.38318736413401366, -0.40249094551925274, -0.31534321368600493, 0.3904779088658663, 0.24164629829607165, 0.626584455403995, 0.20997147530068339, 0.2626706608328337, -0.14998840994168822, -0.07988539069115103]], "inverted": false, "swapped": false, "error_lsq": 0.03689264793469259, "error_max": 0.21943472049177032, "target": "83.xyz", "model": "10.xyz", "model_rescale": 4.260839863003843, "target_rescale": 3.930244821764624},
{"mapping": [10, 9, 6, 5, 4, 2, 8, 1, 0, 3, 7, 11], "R": [[-0.07379957735713052, 0.25790424715641236, -0.9633478196791608], [0.9649404856979111, 0.26244324138047725, -0.003661163037607884], [0.25187989487648343, -0.9298435053020443, -0.26823044980877725]], "T": [-0.0774165948191799, -0.027255152312075297, -0.045479255572409574], "aligned_model": [[-0.2716698066966379, -0.7566313763873538, 0.5156726303497667, 0.4033735642693033, -0.2048232566158686, -0.28863792877759864, -0.7356361480801541, -0.0016261684293697731, 0.6211242285046552, 0.4132496529237281, -0.048357818916616196, -0.06127697172590443], [0.24891357283628526, -0.2679831427813441, 0.40506184323937033, -0.27882656797203026, -0.5954851094674248, -0.5648301456540061, 0.13904858252089766, -0.006581375385611824, 0.43076463272665405, -0.4495776980275197, 0.6099339132987278, 0.010033944360323944], [-0.5739963479804238, -0.3867278105307221, -0.4511916179673672, -0.4481746094001075, -0.48930930967225883, 0.32432582924349485, 0.18840852637498245, 0.673609785754558, 0.22339406798008143, 0.24559353965086156, 0.1053561232063157, 0.0014480001765872982]], "inverted": false, "swapped": false, "error_lsq": 0.03339066572141156, "error_max": 0.18580417609755154, "target": "83.xyz", "model": "11.xyz", "model_rescale": 3.890672605050136, "target_rescale": 3.930244821764624},
{"mapping": [4, 10, 3, 7, 12, 9, 11, 6, 8, 5, 0, 13], "R": [[0.0016099278404845124, 0.985662679287597, -0.16872015526292253], [-0.6192521757253112, 0.13346046988115312, 0.7737667903435572], [0.7851905189136055, 0.10323461453746069, 0.6105886204061497]], "T": [-0.12919042672140246, 0.0711599067908044, 0.09314713923208542], "aligned_model": [[-0.27928776082481077, -0.7457300775244289, 0.45552431048012143, 0.43673096144728163, -0.12955379665017902, -0.23755828721123612, -0.6563361444747193, -0.09417124272035413, 0.5565901710069885, 0.3260929659031324, 0.03213734161180365, -0.07967784062564903], [0.32787058486990983, -0.3158622183605867, 0.5363917650516591, -0.2512381865522138, -0.5059080269683872, -0.5994560886770163, -0.012234497993081572, 0.1735149831924629, 0.2275337633476348, -0.55916535207434, 0.6323722482360923, 0.02665347562218922], [-0.5413821838731255, -0.4261150662802602, -0.4497443325747025, -0.45708610412787154, -0.3781538416010388, 0.47308267252288116, 0.22703115396250034, 0.6591466436738019, 0.24949046209228254, 0.11262230988453445, 0.005348513267091903, -0.061504050110091885]], "inverted": true, "swapped": false, "error_lsq": 0.0399717937434265, "error_max": 0.20484197162099496, "target": "83.xyz", "model": "12.xyz", "model_rescale": 4.124412569039231, "target_rescale": 3.930244821764624},
{"mapping": [10, 7, 2, 8, 9, 3, 5, 0, 1, 6, 4, 12], "R": [[0.18464646604901636, -0.9252587339681959, -0.3313637846705353], [-0.7793076835414443, 0.06759024641860256, -0.6229856282149218], [0.5988198535026019, 0.3732664380903324, -0.708580940504667]], "T": [-0.09154136499144902, -0.09307152336549895, -0.014198827924840084], "aligned_model": [[-0.30854846385072043, -0.6459129181051501, 0.38877142913737983, 0.4742295777705319, -0.1097269674730307, -0.15123915770697316, -0.7411961424657912, -0.18793606156435025, 0.639768422190489, 0.4152335501248917, -0.09659377388968765, -0.09208889374963874], [0.2718822841024613, -0.23308025269379967, 0.49518914956055216, -0.20458392894244518, -0.641831728200196, -0.6261132833429612, 0.25415829190280925, 0.06760401622142609, 0.1370074584499827, -0.516081310112182, 0.6848939197041183, -0.008572166955443328], [-0.6177933190832935, -0.27139021838381655, -0.42119331699522966, -0.4412402130704771, -0.3415713885534844, 0.4559671336578235, 0.16222680673665624, 0.5350359368571193, 0.25987042647519765, 0.0946805572195984, 0.09990857018477364, -0.10176479820886544]], "inverted": true, "swapped": false, "error_lsq": 0.0394400847532271, "error_max": 0.21887941821588897, "target": "83.xyz", "model": "13.xyz", "model_rescale": 3.9028299243045295, "target_rescale": 3.930244821764624},
{"mapping": [2, 8, 6, 1, 12, 13, 5, 10, 9, 14, 3, 15], "R": [[-0.6752126540548331, 0.699734168262305, 0.23336659051905534], [-0.7367058605688911, -0.6555059469995999, -0.16606152008098515], [0.036774268282018976, -0.2840493746066306, 0.9581041728214652]], "T": [-0.09106691385979535, 0.07494700022264768, -0.06002055337106145], "aligned_model": [[-0.29524267456166386, -0.7643892460544617, 0.41595122499728665, 0.3094243801581713, -0.19121371180116675, -0.2827559294643782, -0.5071208102264507, -0.027862112816143675, 0.6411141390011766, 0.38700023760980995, -0.10522455197365674, 0.005079655549426951], [0.24942954566953252, -0.12691226248031134, 0.4440842179387681, -0.03214850669518059, -0.579602124523546, -0.5874312969890649, -0.1399698383678986, 0.018631765057720642, 0.1300748995483531, -0.49742991852413865, 0.6967647722698027, 0.10498119679028525], [-0.7455990460558696, -0.380015919879042, -0.2860262692632466, -0.5603564720863121, -0.2739746398404906, 0.3364156514270019, 0.1468894305918253, 0.6803755227006082, 0.18840906847584205, 0.4163061353149965, -0.10281850761539743, -0.0068687769339142515]], "inverted": false, "swapped": false, "error_lsq": 0.04473991927037099, "error_max": 0.2710620185386774, "target": "83.xyz", "model": "14.xyz", "model_rescale": 3.942246331269136, "target_rescale": 3.930244821764624},
{"mapping": [5, 9, 1, 0, 7, 6, 10, 11, 12, 8, 4, 14], "R": [[-0.8356929568392544, -0.5387949351789854, 0.10638279802081488], [0.5382749876466326, -0.8419990473056997, -0.03602279847973581], [0.10898311595509569, 0.027159200315313332, 0.9936725105762719]], "T": [-0.04629779688172616, 0.08022101967739233, -0.013285844669188855], "aligned_model": [[-0.13033400173809004, -0.7079683186842145, 0.45653577839621656, 0.42109983208031865, -0.1340007065679535, -0.27977791687667874, -0.7061135535239106, -0.14009089258654323, 0.6787476902568603, 0.3224451102930012, -0.22227075203097524, 0.026488331399919525], [0.29217872092097075, -0.24522203844036183, 0.45644669876963656, -0.33274739133846915, -0.7073039474897913, -0.39105036102596563, 0.22711603955456444, -0.10979403763412644, 0.45169227712186655, -0.5462417044332504, 0.5265395790848586, 0.058858614604389944], [-0.6055623065904706, -0.33645954816770807, -0.5253933233740012, -0.4027906980560894, -0.3343654825317212, 0.17692379923856388, 0.21489289330862738, 0.6717018616800254, 0.05300446107259763, 0.25207061369577044, 0.3236076689327936, -0.07489376237238587]], "inverted": false, "swapped": false, "error_lsq": 0.05192355826310082, "error_max": 0.341167255971213, "target": "83.xyz", "model": "15.xyz", "model_rescale": 4.355366556412066, "target_rescale": 3.930244821764624},
{"mapping": [4, 2, 3, 5, 0, 1, 8, 10, 7, 9, 6, 11], "R": [[0.4277337347604768, -0.4425522888550581, -0.7881569157071475], [0.34900658092258413, -0.7234711695199545, 0.5956373673185366], [-0.8338094858063094, -0.5298461460674965, -0.15499936411753246]], "T": [-0.013237811114440327, -0.06643171907401556, -0.014443144466603677], "aligned_model": [[-0.23847770574846008, -0.7922153904209859, 0.3679211530550754, 0.46339051875590964, -0.11591182107143352, -0.2649440393117861, -0.6507524598958302, -0.040881199441083683, 0.8117098842674154, 0.4208580558276358, -0.3204557555641623, -0.05548064003434472], [0.22741707099803155, -0.2276130589784301, 0.42192393153783636, -0.2429364067507751, -0.5500105270842757, -0.48970248383979054, 0.05475198042042141, 0.20693522350731453, 0.15106407196362542, -0.5966294997846404, 0.6952667802306665, 0.030005367474338365], [-0.6906454881294992, -0.275095994727893, -0.2317990999585295, -0.4112194193497282, -0.5238777749239101, 0.213774071768432, 0.3928966392261689, 0.5527800535558746, 0.2550341283131853, 0.2691103722905475, -0.05353910032642448, -0.08468221090222196]], "inverted": true, "swapped": false, "error_lsq": 0.0445282879245151, "error_max": 0.2338894068535266, "target": "83.xyz", "model": "16.xyz", "model_rescale": 3.795458400668931, "target_rescale": 3.930244821764624},
{"mapping": [6, 1, 8, 7, 0, 2, 5, 10, 11, 4, 9, 12], "R": [[-0.3421699815918906, 0.4661095756081665, -0.8158808535710226], [0.8236095071183702, -0.2691945055848893, -0.4992010596414459], [-0.45231303704585024, -0.8427788450651108, -0.2917819988091751]], "T": [0.060636043771914956, -0.08694431371147772, -0.14178454222838532], "aligned_model": [[-0.31870907753168715, -0.7389088384323755, 0.35194113529552584, 0.5663027012979479, -0.19247620306544055, -0.27278337737685615, -0.6298932174021116, -0.09834761769832442, 0.6934775109233103, 0.36301091601795815, -0.18497149340391214, 0.046118161793915355], [0.27466397318245805, -0.35537084871567054, 0.4627834313528424, -0.3688081457764177, -0.4806257546428528, -0.5102645556907888, 0.22283458342525186, 0.04018575968918513, 0.29634210737845873, -0.5003515620640002, 0.7115487179127378, -0.11246525635688141], [-0.5692334594343679, -0.20070642848816658, -0.40754293301530375, -0.4518308148814734, -0.5050468455788029, 0.31775795510168997, 0.030792913935600824, 0.563528014638983, 0.18676311958759434, 0.2495716536189, 0.17449333427360525, 0.02418966707774256]], "inverted": true, "swapped": false, "error_lsq": 0.04888735081159102, "error_max": 0.26150286446351934, "target": "83.xyz", "model": "17.xyz", "model_rescale": 3.7474275329858107, "target_rescale": 3.930244821764624},
{"mapping": [1, 11, 0, 2, 7, 12, 10, 5, 4, 9, 8, 13], "R": [[-0.8771925029954623, 0.4138026867541066, -0.24351724604971753], [0.20429040074541302, 0.7806459471670548, 0.5906414625937891], [0.43450977532367957, 0.46835802716163044, -0.7693126890552573]], "T": [-0.06686569448386198, -0.015435093551400936, -0.0926281921635097], "aligned_model": [[-0.20656743642229877, -0.7361741642251118, 0.45788958454739453, 0.42127462690633816, -0.22812713861588763, -0.2865597979112883, -0.5876358342806614, -0.08194658619553177, 0.529373742485671, 0.3510929534063915, -0.06953081116741118, 0.02167146189034573], [0.10083363754927321, -0.18492707727944757, 0.5293814126990254, -0.1841593337733617, -0.6914152564705175, -0.5826918917852687, 0.16456679102294794, -0.005402721023600232, 0.3238010390439209, -0.4462031341488346, 0.6561757225700352, 0.0005132612901500473], [-0.7600736373328375, -0.30484341685441674, -0.44892759214444755, -0.5795407933603534, -0.3832565596925507, 0.34233289700445246, 0.3231086879772367, 0.6304844234621187, 0.37496479555618334, 0.20313121970646597, 0.16386013123633147, -0.14850397872218105]], "inverted": true, "swapped": false, "error_lsq": 0.04062895659590297, "error_max": 0.23440468218638685, "target": "83.xyz", "model": "18.xyz", "model_rescale": 3.922800546911778, "target_rescale": 3.930244821764624},
{"mapping": [1, 10, 5, 8, 4, 11, 9, 7, 12, 13, 0, 14], "R": [[0.8092637844316919, -0.04510093882428935, -0.5857115608594934], [0.3834449754624915, -0.7147971137405931, 0.5848376159077722], [-0.4450416587240633, -0.6978760574093981, -0.5611656889857479]], "T": [-0.029975739273213547, 0.0014549497781388178, -0.1418697032591001], "aligned_model": [[-0.2239726543055938, -0.7327438832662299, 0.4903864622294401, 0.4240523601101924, -0.1559188365322718, -0.2790996443626876, -0.6841391718962712, -0.02420134314762588, 0.5814191136601814, 0.3229251124326919, -0.09106425653050439, -0.04288265797337103], [0.3538074474369623, -0.38487683982197335, 0.5315306849160931, -0.18243354701551984, -0.6927920579710647, -0.5229433818035922, 0.1006592408104869, -0.04750321236499977, 0.20007704571522889, -0.5140187799412957, 0.8349104383077413, 0.004055411426255533], [-0.7633163528496776, -0.22827185251646456, -0.3173023525892183, -0.5085223450590461, -0.30319721974726066, 0.2706679101970214, 0.3324423227054239, 0.6554889198005659, 0.3112965370750879, 0.14372015940161664, -0.13394648572671347, -0.046323063855333885]], "inverted": true, "swapped": false, "error_lsq": 0.040258640044726124, "error_max": 0.2512928214178352, "target": "83.xyz", "model": "19.xyz", "model_rescale": 3.9282355846067225, "target_rescale": 3.930244821764624},
{"mapping": [7, 12, 5, 6, 9, 11, 10, 0, 3, 4, 2, 13], "R": [[-0.4821999794477017, 0.2976581277532483, -0.8239434560715118], [0.4796529546671908, -0.6973144452781043, -0.5326214485781844], [-0.7330867771960357, -0.652036964741203, 0.1934724107241378]], "T": [0.035186060764568615, -0.08744370826112687, -0.14082244725468723], "aligned_model": [[-0.19207494910256004, -0.7330213254140509, 0.4053035172221563, 0.5547893602824014, -0.39496966264661537, -0.21804943484741027, -0.7003440650283357, 0.10784452987238635, 0.6443652646685362, 0.3908033550023347, -0.28126284715255456, 0.0013768575616619552], [0.15633621219479443, -0.21940899680320564, 0.4910888831245072, -0.024020516750842172, -0.6170920233876245, -0.49947124285746064, 0.13982590798467792, -0.07103840335846567, 0.128346851477191, -0.48025234860387794, 0.6726338501561059, 0.0035242765185220792], [-0.6671508239894972, -0.4802880857340255, -0.26732644473532224, -0.5317622942463893, -0.25423999941504727, 0.38782513462058904, 0.24593109775042898, 0.6558259074381456, 0.24478123659741086, 0.203569127919418, -0.11152391096981668, -0.01290476839989213]], "inverted": false, "swapped": false, "error_lsq": 0.0442402238932077, "error_max": 0.2658478921084265, "target": "83.xyz", "model": "20.xyz", "model_rescale": 4.067790424073018, "target_rescale": 3.930244821764624},
{"mapping": [6, 2, 13, 11, 3, 0, 0, 7, 10, 12, 5, 14], "R": [[-0.49394025411305487, -0.21771847599580596, -0.8417967038286587], [0.7105717349435439, -0.6590371231596728, -0.24649113533095782], [-0.5011096036458023, -0.7199088383312753, 0.4802295593010295]], "T": [-0.057890260223704255, 0.11287223742572018, -0.025099830629780745], "aligned_model": [[-0.2521107147365897, -0.6972828202002423, 0.47498709035354847, 0.38512950302321086, -0.15564810961430345, -0.507430536842891, -0.507430536842891, -0.15145168400136438, 0.7464346352064092, 0.3545522851194077, -0.12258033764658338, 0.01759182660023912], [0.16523958812653036, -0.1736260727183382, 0.5125906029832215, -0.14537991984100573, -0.6287929655946076, -0.3127389880193665, -0.3127389880193665, 0.1084320708115764, 0.1839977618618306, -0.518235934709366, 0.6983865733766403, 0.10333872143657323], [-0.7372044425547128, -0.2757346328224932, -0.24048428353900367, -0.4188911035382563, -0.4302185122061317, 0.32307635177394944, 0.32307635177394944, 0.7150964285541751, 0.11378661190041636, 0.11130943867730508, -0.06323481636284231, -0.007841214820353833]], "inverted": true, "swapped": false, "error_lsq": 0.055414292397000464, "error_max": 0.4180348570814953, "target": "83.xyz", "model": "21.xyz", "model_rescale": 4.186013935880536, "target_rescale": 3.930244821764624},
{"mapping": [4, 10, 3, 6, 7, 1, 9, 8, 5, 0, 11, 12], "R": [[-0.5973764184724841, 0.6763956963344351, 0.4308483220731424], [-0.7037212464673395, -0.18447415492304123, -0.6861090973277385], [-0.38460086053393316, -0.7130625134907068, 0.5861945324982771]], "T": [-0.0353604756415011, -0.030741660177964918, 0.03899235384146222], "aligned_model": [[-0.20762780999642955, -0.7661511855547176, 0.5862385674322393, 0.28805808306047365, -0.28988751337567337, -0.1054374843222016, -0.5953379818585885, -0.2618103896660667, 0.646251119206541, 0.4827731704965135, -0.17294842958966153, -0.019359545414478443], [0.17444963011479842, -0.0808958737045673, 0.45840827867612927, -0.16164058477149862, -0.5561967016474813, -0.7234842254845116, -0.07612723011892969, 0.3492579996952696, 0.24107026397849235, -0.5277569819035938, 0.584814725195459, -0.0014268503352438539], [-0.6361644047492401, -0.36066865977874385, -0.4371227810843603, -0.39473423797023227, -0.4053461728894409, 0.26331396893732356, 0.3032197233745176, 0.6650824636803807, 0.28406925558850354, 0.11837582640387778, 0.0054383665042904775, 0.007272828819125478]], "inverted": true, "swapped": false, "error_lsq": 0.049788814774716195, "error_max": 0.37043881663884726, "target": "83.xyz", "model": "22.xyz", "model_rescale": 4.166573947596378, "target_rescale": 3.930244821764624},
{"mapping": [7, 8, 5, 1, 4, 3, 9, 11, 6, 2, 10, 15], "R": [[0.08612537124980583, 0.7425734232790944, -0.6642041338825366], [-0.043047644305937494, 0.6688323572021451, 0.7421658697886423], [0.9953538670979245, -0.0353268877625732, 0.08956947166427826]], "T": [-0.061095748044284026, 0.0630801792853613, 0.04473232682616538], "aligned_model": [[-0.15992820449831407, -0.7072989456326211, 0.4212858535400531, 0.48369612953998425, -0.14102431178467817, -0.2600745759532831, -0.5866307424746806, -0.12968137802968466, 0.6912193601560472, 0.3545305039660176, -0.3746722759845364, -0.006660812426353906], [0.3679260916024692, -0.2270383392472783, 0.46221891328671444, -0.1862181746362142, -0.5799499958473353, -0.4584314414851441, 0.1009529206380464, -0.16717986278695496, 0.07529064835617882, -0.4525527470843012, 0.688055528046267, 0.057398908851874306], [-0.594556937079485, -0.3455647559866854, -0.502129852039838, -0.34146865934210174, -0.3016448259016166, 0.26802520056231016, 0.33253050502326537, 0.7959777273516958, 0.15866438721944778, 0.16384044188311384, -0.22362714789049018, 0.0026900930363859335]], "inverted": false, "swapped": false, "error_lsq": 0.04840254363547019, "error_max": 0.3130088455613335, "target": "83.xyz", "model": "23.xyz", "model_rescale": 4.274766983524099, "target_rescale": 3.930244821764624},
{"mapping": [10, 0, 1, 6, 4, 5, 7, 9, 8, 3, 11], "R": [[-0.7239494591611184, -0.6787045576251053, 0.12352046000252187], [-0.05182940064341679, 0.232059346743977, 0.9713198097525362], [-0.6879032590482972, 0.6967844595336992, -0.20317608900424916]], "T": [0.04684430055774155, 0.051221224426545794, 0.04335599277520098], "aligned_model": [[0.36655785042436917, 0.12635759577980823, -0.5525434231287732, -0.44487614935587083, -0.5133826332633357, -0.5011573658649844, -0.09075594538934686, -0.035814235139303305, 0.7266855423933314, 0.24029142403061854, 0.05853204347156229], [-0.12159272005095563, 0.6360696006360664, 0.4202572755947915, -0.20694024873394, 0.5364720341997112, -0.17435959083118163, -0.6227321511240925, 0.005642998028550575, -0.21835831099692532, 0.5986966501817632, 0.062430994339695504], [-0.5290149682552161, -0.4791540652801801, -0.4032424889400906, -0.42006492326275685, 0.2773993382948875, 0.33214630834537534, 0.10456975193513188, 0.7139630825034314, 0.39779172962942333, 0.39941924256793515, -0.014246573516363548]], "inverted": true, "swapped": true, "error_lsq": 0.04412355579605555, "error_max": 0.24273638018331906, "target": "83.xyz", "model": "24.xyz", "model_rescale": 3.7841303162186577, "target_rescale": 3.930244821764624},
{"mapping": [12, 2, 13, 3, 4, 1, 8, 0, 11, 6, 14, 15], "R": [[-0.8843687753580434, -0.1884492460196315, -0.4270582522869068], [0.2979464414866351, -0.9321652108934044, -0.2056597617559311], [-0.35933241876731087, -0.30911955822090526, 0.8805255882415608]], "T": [-0.0761685066786171, 0.06867677432178765, 0.07501673847884902], "aligned_model": [[-0.18296957964971536, -0.673926804431993, 0.40881380245241805, 0.4091239483647239, -0.12875395213959293, -0.3912297107734012, -0.6022433672832173, -0.21796259508813848, 0.6685452629675234, 0.4360238299297289, -0.11681409087558961, -0.023846143054795925], [0.3536316152378134, -0.1142331736808021, 0.4438465245681137, -0.23964468507000652, -0.6120896912256252, -0.5247590796363267, -0.13074089599297345, -0.1395447478837449, 0.2466525864162849, -0.44072769931279543, 0.8134585091732888, 0.02462318710109581], [-0.6196530938004003, -0.34690979104483255, -0.4108225514114181, -0.48928016775905725, -0.22580901369358244, 0.3937748265559238, 0.2564984660575417, 0.766296843453755, 0.13117349026726408, 0.08889278992676657, -0.19507040713796217, 0.06364478542200298]], "inverted": true, "swapped": false, "error_lsq": 0.04521667630289385, "error_max": 0.26587817824691445, "target": "83.xyz", "model": "25.xyz", "model_rescale": 4.19342608120988, "target_rescale": 3.930244821764624},
{"mapping": [4, 2, 3, 5, 0, 1, 8, 10, 7, 9, 6, 11], "R": [[0.4277337347604768, -0.4425522888550581, -0.7881569157071475], [0.34900658092258413, -0.7234711695199545, 0.5956373673185366], [-0.8338094858063094, -0.5298461460674965, -0.15499936411753246]], "T": [-0.013237811114440327, -0.06643171907401556, -0.014443144466603677], "aligned_model": [[-0.23847770574846008, -0.7922153904209859, 0.3679211530550754, 0.46339051875590964, -0.11591182107143352, -0.2649440393117861, -0.6507524598958302, -0.040881199441083683, 0.8117098842674154, 0.4208580558276358, -0.3204557555641623, -0.05548064003434472], [0.22741707099803155, -0.2276130589784301, 0.42192393153783636, -0.2429364067507751, -0.5500105270842757, -0.48970248383979054, 0.05475198042042141, 0.20693522350731453, 0.15106407196362542, -0.5966294997846404, 0.6952667802306665, 0.030005367474338365], [-0.6906454881294992, -0.275095994727893, -0.2317990999585295, -0.4112194193497282, -0.5238777749239101, 0.213774071768432, 0.3928966392261689, 0.5527800535558746, 0.2550341283131853, 0.2691103722905475, -0.05353910032642448, -0.08468221090222196]], "inverted": true, "swapped": false, "error_lsq": 0.0445282879245151, "error_max": 0.2338894068535266, "target": "83.xyz", "model": "26.xyz", "model_rescale": 3.795458400668931, "target_rescale": 3.930244821764624},
{"mapping": [9, 11, 2, 1, 8, 5, 10, 7, 0, 6, 3, 12], "R": [[-0.4193906879468453, 0.9077029513934733, 0.013667585560361684], [-0.24433994775250256, -0.12736808871119043, 0.9612883854028211], [0.8743051188205273, 0.3998158601276797, 0.27520508206533456]], "T": [-0.11492232925591775, -0.009771125622257931, -0.18834751435530028], "aligned_model": [[-0.0997543107001863, -0.748672538326073, 0.4862548553894981, 0.36490665000367206, -0.16124101130098095, -0.21053633289767507, -0.660579116686594, -0.11813757478100707, 0.5401956431585703, 0.3512915505942972, -0.06708721438962545, -0.09187999964594565], [0.2857483683718438, -0.1842370111782092, 0.5455397895180735, -0.24349835046110158, -0.7246556064327527, -0.5116428963971557, 0.018527044907613047, 0.1192942779504487, 0.35582917245144663, -0.6153466817770121, 0.6480214960395347, -0.01310715329840647], [-0.49949450533861567, -0.4702994943342437, -0.5124627625109858, -0.44425551654175366, -0.32081059938690415, 0.36468336713966387, 0.2689754703991598, 0.613861861323047, 0.1700238800958509, 0.12327697713844532, 0.14346150830817628, -0.024224009455838497]], "inverted": true, "swapped": false, "error_lsq": 0.0403143090176192, "error_max": 0.2521759527668115, "target": "83.xyz", "model": "27.xyz", "model_rescale": 3.6321398670334006, "target_rescale": 3.930244821764624},
{"mapping": [2, 0, 13, 9, 10, 8, 3, 7, 6, 12, 1, 14], "R": [[-0.8246893277196728, 0.04047409271794972, 0.5641359415636742], [0.02861310390379621, 0.9991446044161437, -0.02985548108971591], [-0.5648617556803301, -0.008479816316797903, -0.8251419815310385]], "T": [-0.07629842123724614, -0.03175182455818678, -0.053421487646191965], "aligned_model": [[-0.3210531098256951, -0.612494281332253, 0.45193213921475495, 0.4425818262072626, -0.18997243510195017, -0.17477275010608087, -0.6560986091482575, -0.13814265693190678, 0.6432059088427706, 0.4293313631288259, -0.2301460397249172, -0.059610754804603205], [0.502954440005757, -0.17701398028440235, 0.38251377408334236, -0.31466127421831147, -0.674256200258389, -0.4668661640508941, 0.08613947242931538, -0.08947430159069103, 0.21234634327339838, -0.42439093690696195, 0.6182759693978412, 0.024905307814317733], [-0.5897311153636707, -0.3376829868869351, -0.5180006743310781, -0.3653472694039041, -0.4764321007217824, 0.2073618207081211, 0.29513763812046107, 0.7171177976342095, 0.10978709239216274, 0.46972550840351773, -0.020833552506999614, -0.07836598120810062]], "inverted": true, "swapped": false, "error_lsq": 0.04661985145560826, "error_max": 0.2942198717444053, "target": "83.xyz", "model": "28.xyz", "model_rescale": 4.156811204709835, "target_rescale": 3.930244821764624},
{"mapping": [2, 10, 0, 1, 7, 8, 3, 9, 5, 11], "R": [[-0.9932186941717972, -0.1160234481999674, -0.007428661754306249], [0.10500299438256078, -0.8677780130967322, -0.48573211872037425], [0.0499098859782942, -0.48321825240120775, 0.8740761544785195]], "T": [-0.08380851849771725, -0.010224859352810891, 0.026639759561988236], "aligned_model": [[-0.5873921082574669, 0.010075495340158905, 0.15823587232572867, 0.6571289180917581, 0.0005584857122303277, -0.8349236970032676, -0.46248065654294496, -0.42213287610082, 0.18238596316314326, -0.05853002261793188], [-0.18826138102692158, -0.6032572389618992, 0.04853533523446055, 0.25348107052737634, -0.3698630754095706, -0.2961673175612562, 0.4795554123172521, 0.3840280636849021, 0.25188674835713587, -0.04121728653527537], [-0.4949334611604275, -0.28830201138297273, -0.7212562896614283, -0.24971933988038644, 0.6101092673886089, 0.14724171141756037, -0.25735824499051846, 0.46106459629165814, 0.569806750475979, -0.017866251522973314]], "inverted": false, "swapped": true, "error_lsq": 0.05339730016183934, "error_max": 0.32414325037519326, "target": "83.xyz", "model": "29.xyz", "model_rescale": 4.117894457231895, "target_rescale": 3.930244821764624},
