[{"mapping": [10, 5, 12, 13, 9, 7, 14, 1, 15, 11, 0, 8, 3, 16], "R": [[0.4459638620084302, 0.8328493634619489, -0.32783863647159206], [0.23157547136169582, -0.46117258856561266, -0.8565586054785166], [-0.8645744819540618, 0.30607479696427, -0.3985337925661344]], "T": [-0.04663363701150806, 0.07183729196220648, 0.02516336447578671], "aligned_model": [[0.10407342757217022, 0.3053082451624946, -0.4062638180762472, -0.6311439490986639, -0.5975158650940785, -0.032356882993515204, -0.7049697150502188, -0.08266105947109231, -0.35659949141724595, 0.4119620266542934, 0.6219342263042872, 0.2717541367615916, 0.5649523368769998, -0.09698151700247128], [-0.6890901932295836, -0.4592301695514752, -0.44700444383858295, -0.3033170507191484, 0.1320147923836758, 0.4665767291891353, 0.20380577612295875, 0.5274120386051886, 0.7455232893357484, -0.054530548847258026, 0.4711873958631557, 0.6986022558338503, -0.12766103463409847, 0.07098449529646857], [0.44310452763960373, -0.4174817968882217, 0.3646169596725948, -0.23952560585012345, 0.493309362590112, -0.5071109229081074, -0.1225157134708863, 0.5397977806788465, 0.01318821554031066, 0.7247877245417536, 0.4093743788252884, 0.009417406032137476, 0.1256648458282576, 0.06096092494826777]], "inverted": true, "swapped": true, "error_lsq": 0.04006724460111679, "error_max": 0.23813415381924125, "target": "830.xyz", "model": "0.xyz", "model_rescale": 3.8414455957264533, "target_rescale": 4.138038572487184},
{"mapping": [5, 10, 14, 12, 13, 9, 15, 4, 8, 7, 1, 3, 0, 6, 16], "R": [[-0.05023227094021972, -0.4766681546998155, -0.8776469616259498], [0.47830673275533186, 0.7599463134941149, -0.44011847269527815], [0.8767550332659108, -0.44189260109417694, 0.18981975856352423]], "T": [-0.02346881632779324, 0.031190906161567524, -0.07707848300056297], "aligned_model": [[-0.689074921496909, -0.670405174710178, 0.15337423817824336, -0.3902303459985068, -0.37209587602478944, 0.22260713802837478, 0.6610869641292845, -0.2893410820446392, 0.5323785440354842, 0.2219471222579648, 0.5458755917344849, -0.2706489119269249, 0.36687571977464023, -0.14149952708163338, -0.008805325350350852], [0.3093349680529498, 0.07369386579199563, -0.6019677684443098, -0.39813470920435123, -0.5978155104926081, -0.5087938964282308, -0.18328211015458443, -0.15894357446724094, 0.4326916110497644, 0.10246715421593786, 0.05520315750790175, 0.6090328740880019, 0.7461185269837558, 0.4864344337336524, -0.01899449418961956], [0.20828947172087653, -0.6737902388157537, 0.12408764080402171, -0.5185814315498849, 0.11070713369037288, -0.4943509047880671, 0.11122915588257593, 0.48886214631347746, 0.07875452243788833, 0.5345011762172028, -0.46303866758189727, -0.24719078111104972, -0.37806226497613926, 0.39376001365455854, -0.10999518455864751]], "inverted": true, "swapped": true, "error_lsq": 0.03799776062420539, "error_max": 0.23570924241765537, "target": "830.xyz", "model": "1.xyz", "model_rescale": 4.316132596720782, "target_rescale": 4.138038572487184},
{"mapping": [5, 2, 4, 0, 6, 3, 15, 11, 14, 10, 9, 16], "R": [[0.6258296280080596, 0.5004058559369924, -0.5982735628884662], [0.6357147974081181, 0.1171511256780394, 0.7629825097004016], [0.4518893371873791, -0.8578284170487326, -0.24479876192500827]], "T": [-0.015961217825559537, 0.047131339175377276, -0.15444359859034124], "aligned_model": [[-0.16950158680962274, 0.37097810271561493, 0.1100321820239488, -0.7252557506610651, -0.5158778716514955, -0.46136311593260276, -0.028663570442561237, -0.2665359788644452, 0.49289830798827944, 0.23670241163021066, 0.5197315509592566, 0.03466387367626318], [-0.6585486067362801, -0.46925243179846976, -0.511451444086602, 0.4975881875753255, -0.37459386749015033, -0.06254445951751526, 0.4554245488557566, 0.4884534734262582, 0.08650450400622021, -0.05717903473338702, 0.5358528560300844, 0.08252270220973995], [0.1288789120156683, 0.2086418407342926, -0.4694656863039338, 0.06480851727417519, -0.27731750672459177, 0.30764503129535553, -0.773483470742028, 0.5224612116098739, -0.6150333503238938, 0.6832189284142429, -0.17536661843793128, -0.1557293476018087]], "inverted": false, "swapped": true, "error_lsq": 0.04799339954686687, "error_max": 0.24593346438286248, "target": "830.xyz", "model": "2.xyz", "model_rescale": 3.795458400668931, "target_rescale": 4.138038572487184},
{"mapping": [8, 3, 11, 12, 15, 9, 10, 4, 2, 13, 1, 16], "R": [[-0.39817035991178007, 0.6632846708431037, -0.633651173684922], [0.5387291545960275, 0.728177527100474, 0.423707902940325], [0.7424495016335946, -0.1726584328968438, -0.6472694980250753]], "T": [0.10617589266065311, -0.033995176765623865, -0.08762354434252431], "aligned_model": [[-0.15738798922318606, -0.30164329168861914, -0.7022681766305144, 0.11925478830644884, 0.19887583650472443, 0.04398402541498253, -0.2058112421311937, 0.7194620214281413, 0.40951045931313557, 0.7126691135669485, -0.3503420713745118, 0.10700035225720872], [0.09392051296379864, -0.5400085218990838, -0.14305178985886607, 0.06251642436027963, 0.5671591486581109, 0.5832272024771713, -0.40534136716856267, -0.24431429839889668, -0.42453856863600675, 0.05540379428164515, 0.4649046622593154, 0.015891846250804392], [-0.7268611262476325, -0.12726621011390693, 0.1366037980807523, 0.6224988469184979, -0.5119998579868297, 0.28843754449147196, 0.6480150269002111, -0.16992767331892814, 0.46343840561929783, 0.3326467659953476, -0.2156282568442142, -0.051185832854966945]], "inverted": false, "swapped": true, "error_lsq": 0.04495158828523522, "error_max": 0.22038785748958373, "target": "830.xyz", "model": "3.xyz", "model_rescale": 3.7530521520055578, "target_rescale": 4.138038572487184},
{"mapping": [11, 9, 1, 15, 0, 13, 3, 2, 5, 7, 16], "R": [[-0.44839715551820886, 0.4653775516096783, 0.7631275944302895], [-0.24975878664111928, 0.7545268076909789, -0.6068853639454623], [-0.8582310524670702, -0.46272349295604354, -0.22209554171082146]], "T": [-0.049930618622553796, 0.030811487409185226, 0.029921339856082092], "aligned_model": [[-0.3021864088485231, -0.1316873274892662, 0.27439147792018126, 0.5882874557770111, 0.2932886035550507, -0.39137951704975904, -0.22831629509152224, -0.7130354525684076, -0.4441446266637392, 0.4549807754106576, -0.06199908250647833], [-0.7649863470167451, 0.09594121707647375, -0.3497914701056496, 0.18417100703176154, -0.7580314752938463, 0.6743918414843727, -0.45354557771906756, 0.31032397578580617, 0.1442509812196458, 0.34217743588168686, 0.042301769969907616], [-0.10728610215093126, -0.6879415963604356, -0.4429967013663357, -0.3153808544571508, 0.1482807189247603, -0.11728706476946418, 0.42680207435572404, 0.20419130569859206, 0.6883720009491248, 0.3256487419087386, -0.02957174548730579]], "inverted": false, "swapped": true, "error_lsq": 0.04663981005005389, "error_max": 0.2697721986005536, "target": "830.xyz", "model": "4.xyz", "model_rescale": 3.7855080009869324, "target_rescale": 4.138038572487184},
{"mapping": [1, 4, 15, 12, 9, 14, 2, 3, 0, 7, 13, 11, 8, 10, 10, 5, 16], "R": [[-0.4516818770351297, 0.6907395091781886, 0.5646790348669741], [-0.047285789109923204, 0.6134974285513493, -0.788279746859663], [-0.8909251012886965, -0.38275296944786413, -0.24444350732340708]], "T": [0.07057046865445321, -0.09095321659872059, -0.00838402628856257], "aligned_model": [[-0.12731229004450112, 0.36118996827521865, 0.07257146356999496, -0.08604219665502086, -0.45303412073821253, -0.37815772362102446, -0.6566459147732422, -0.4726734515135412, -0.24954501607124374, 0.5812960026298131, 0.44339887778976445, 0.4116892969993176, 0.5623040853833061, 0.13828327259593087, 0.13828327259593087, -0.01734715325590941, 0.026616608935532103], [-0.43232942044087785, 0.04292055127000512, -0.06309703749417044, -0.7522094491952772, 0.17622349773651647, -0.42271680926373933, -0.1657528032017095, 0.3377549488520116, 0.12286501961028264, 0.42197522576086977, -0.610139356604685, -0.7590908156292073, 0.015157538041066468, 0.5388007561665502, 0.5388007561665502, 0.6230911984372505, -0.10431065621511712], [0.6376876727119271, 0.6584134726435753, -0.8321182892586659, 0.027364133482595872, -0.4100914528231084, -0.3908409867063994, 0.09813846474998096, 0.050877744488370326, 0.6700566281712188, 0.18509288148096073, -0.34943001767790377, 0.25555975941351333, -0.5005714213853456, -0.36864668608419876, -0.36864668608419876, 0.3624451928040919, -0.03624778803188937]], "inverted": false, "swapped": false, "error_lsq": 0.03544356239028641, "error_max": 0.28899778099504625, "target": "830.xyz", "model": "5.xyz", "model_rescale": 4.2253639853439635, "target_rescale": 4.138038572487184},
{"mapping": [11, 0, 15, 9, 1, 7, 14, 12, 6, 3, 8, 4, 2, 16], "R": [[0.5739344032825058, -0.4868786497270914, -0.6584439848374941], [-0.7807793176917575, -0.5678191378440752, -0.2607011387830992], [-0.2469472773560129, 0.6637247977422084, -0.7060357179835288]], "T": [0.08509469056400973, -0.004487036474197195, 0.09365695271240787], "aligned_model": [[0.4389495484792759, -0.1801395135503985, -0.5196937062967794, 0.24539446664583406, -0.13528937958993517, -0.4833451485802489, -0.04937921006549059, 0.716976220027955, -0.19054332456826614, 0.2668333591803057, -0.5195752399407438, -0.00608735984199002, 0.6870378815125786, 0.10292355934568667], [-0.05203901608644339, 0.13328854072749385, -0.4303058427674924, -0.7113493924919305, -0.481076960262731, 0.20797607212829955, -0.43958346035283985, -0.31654955270455837, 0.6007877464662422, 0.44532078131939007, 0.04849848554220988, 0.2809180341663344, 0.22214178158027814, -0.06292807062926231], [-0.6733362727376999, -0.7216652561022159, 0.14828659097040292, 0.12370404504805838, -0.3513012626900986, 0.36025504493020294, 0.608670597677045, 0.22443185825529896, 0.11674222421027017, -0.34060278167159924, -0.2613357785266242, 0.6744820190156786, 0.4604117027204821, 0.10281547783224698]], "inverted": false, "swapped": true, "error_lsq": 0.04049630580328045, "error_max": 0.2947657440708512, "target": "830.xyz", "model": "6.xyz", "model_rescale": 3.89814844738969, "target_rescale": 4.138038572487184},
{"mapping": [2, 10, 9, 5, 14, 11, 3, 4, 6, 0, 1, 7, 16], "R": [[-0.3854519324572207, -0.877042321044436, 0.28674653417606083], [-0.6061788474457728, 0.006387961695260014, -0.7953027089446476], [0.6956824079091759, -0.4803706496470914, -0.5341067555117822]], "T": [0.02581698217425739, 0.09934567936996795, 0.03433485637770829], "aligned_model": [[0.1043040890498184, -0.19796802863166257, 0.555717730409951, -0.3399012400578622, 0.698238150807626, -0.4745063775122342, -0.6023905704170571, 0.22108555758471338, -0.39192691529167456, -0.6315238613026567, 0.06795962139863011, 0.06539277400430939, 0.07415087086232211], [-0.4203981674718621, 0.04171951406052947, 0.5287201478761696, -0.5609719705876611, 0.0486581333089041, 0.6191894417416296, 0.07413848294987871, -0.49368077633732577, -0.2793546487556429, 0.6351820551030122, 0.7783894598544617, -0.13709022453244007, 0.12927981826083257], [-0.4871163692225001, -0.8159577796675409, -0.2128411925002524, -0.14472172425407537, 0.16816955729753696, -0.40747059582601175, -0.1349501153173338, 0.22751297262844794, 0.3878074940985291, 0.22105387209425204, 0.1383466318317113, 0.6522918015320053, 0.010150478141527319]], "inverted": true, "swapped": true, "error_lsq": 0.04311012636089072, "error_max": 0.26924454594019726, "target": "830.xyz", "model": "7.xyz", "model_rescale": 3.7474275329858107, "target_rescale": 4.138038572487184},
{"mapping": [1, 11, 3, 8, 5, 7, 15, 14, 6, 4, 9, 13, 12, 10, 16], "R": [[0.24424719505880826, 0.8167623859164379, 0.5227260397741753], [-0.9394771901420087, 0.06574918952202771, 0.33624344347521884], [0.2402621836843674, -0.5732157089868392, 0.7833886864526031]], "T": [-0.009930483024430503, -0.09083599929843197, -0.005455236725955017], "aligned_model": [[-0.4692344992944953, 0.25183098145830224, 0.504054565829402, -0.291825791039469, 0.6903089368301825, -0.2139895765425362, -0.7166875243194197, -0.4929478340612678, 0.30024669242477864, 0.09541864739381346, -0.47582294988014195, -0.03810960481367709, 0.10874677289537053, 0.5966130804216727, -0.04644817496376855], [0.04152153131399974, 0.24789939663140773, -0.2039043945377191, -0.5887701542282789, -0.28234723523553296, -0.680871211570345, -0.31316075311438435, 0.04765436685572358, -0.6785204630197557, -0.35899683760042167, 0.46521792569008114, 0.2026759754838892, 0.5948971043418623, 0.5373144226666092, -0.04149171169754228], [-0.5006483425108904, -0.7351759547940022, -0.3888250856690577, -0.4141723054983862, 0.2680747933936893, 0.2171594542748023, -0.03923757778336326, 0.46374177903832114, 0.03037629883586118, 0.5811615920737838, -0.006671031371380736, 0.6768276917836649, 0.1661407327274883, -0.12348076756440893, 0.0015233787601394051]], "inverted": true, "swapped": true, "error_lsq": 0.04418713985899401, "error_max": 0.36021603155154336, "target": "830.xyz", "model": "8.xyz", "model_rescale": 4.019505241142653, "target_rescale": 4.138038572487184},
{"mapping": [1, 3, 12, 9, 15, 14, 2, 8, 7, 6, 5, 4, 16], "R": [[0.11720435510019878, 0.9159312465837104, -0.3838399284560645], [-0.1399784518357603, -0.36740906894387804, -0.9194653930841858], [-0.983193354415707, 0.16149466737141172, 0.0851486949012541]], "T": [-0.0387699887048079, -0.07549955057642566, -0.045524031298242264], "aligned_model": [[-0.14543484927868766, -0.6608626950660107, 0.1524344798679525, 0.32815993033772006, 0.3016508058822477, 0.6384846281411378, 0.08123005162318876, -0.2914591956042868, 0.1507454198636174, -0.2940473098429234, -0.2582794747927917, 0.32041561213440944, -0.0033366315243971087], [-0.6921275736481924, 0.11223527673765979, 0.25283436578951807, -0.34359790144695546, -0.7146616888647203, -0.18623605989746128, 0.6359477124257423, -0.6277738994250422, -0.23991345608839315, 0.0781299437479615, 0.6050943245111103, 0.27495508573307526, -0.09150790146024375], [-0.33203301190778994, -0.004367830897015701, -0.6533044585868159, -0.6109786670530452, 0.11466492505687712, -0.0866918826691983, -0.21180107494408626, 0.30886874226362254, 0.5679830539151232, 0.5495375418149672, 0.25520514702746483, 0.373158701028652, -0.09353769100487636]], "inverted": false, "swapped": true, "error_lsq": 0.04817280907661789, "error_max": 0.3040737108977232, "target": "830.xyz", "model": "9.xyz", "model_rescale": 3.877068213659057, "target_rescale": 4.138038572487184},
{"mapping": [1, 8, 4, 3, 6, 0, 10, 7, 14, 13, 12, 9, 11, 5, 2, 16], "R": [[-0.572906333948236, 0.7835061574721252, -0.24061677773018705], [-0.7993690350361562, -0.4692739243659302, 0.37522144093263643], [0.18107312983255427, 0.4073083415711801, 0.895160564669366]], "T": [-0.06972896723624757, 0.009368202718868788, -0.12998480067005186], "aligned_model": [[0.2096387755122061, -0.11172957748818273, -0.6215372986320901, 0.36229840879968017, -0.2804681600341785, 0.452779106572076, 0.5683881468616517, -0.6189133646770246, -0.5437700788899998, -0.45987157066802226, 0.19058133085688567, 0.039805538415042016, 0.7663178109448395, -0.11718407940832376, -0.057229610522031724, -0.06369685232543343], [0.11335826380663952, -0.45582494298205245, -0.04029576482793376, -0.42504952850837685, -0.5933090503535782, -0.5354670093891479, 0.2652619131928776, -0.329384837918988, 0.48529047869740244, 0.5215888852228155, 0.6079649901602062, 0.6576589628830051, -0.07469486608592416, -0.3190258517926636, 0.256046673277587, 0.06768056175167995], [-0.7503352168020623, -0.6556123451955163, 0.2166692546061188, 0.09040375319971036, 0.05772755709499594, -0.5591951236402105, 0.42112592371994567, -0.281582429555771, -0.2763206958282286, 0.2413264679224355, 0.16612293648831072, -0.4365374367412248, -0.22853551998646032, 0.5712539841072499, 0.5680114537612604, -0.14948823604051226]], "inverted": true, "swapped": true, "error_lsq": 0.03863573224950758, "error_max": 0.24241930685204816, "target": "830.xyz", "model": "10.xyz", "model_rescale": 4.260839863003843, "target_rescale": 4.138038572487184},
{"mapping": [6, 8, 15, 7, 14, 4, 5, 3, 1, 9, 12, 16], "R": [[0.07178418949369214, -0.9755835167296422, 0.20756645206814645], [0.1655510210149186, -0.19356293718857354, -0.9670192597812366], [0.9835852223267958, 0.10377953185651198, 0.1476140887178169]], "T": [0.07830010908892461, 0.07549712372818719, 0.006412672565469242], "aligned_model": [[0.2235673066043376, 0.160512274879245, -0.38455292467689095, -0.25956687245751847, -0.5839143755345989, -0.30115502743972855, 0.3340192346377798, 0.6994256851181374, 0.14436702483477104, -0.1989567903106031, 0.07345726468910813, 0.051695848750090936], [0.0005555887844014562, -0.5938702736708824, -0.4951130690116262, -0.20770410801297945, 0.127559264245405, 0.3648038058991107, 0.5833386941529471, 0.10735777125059966, -0.4459039761380096, 0.05880408700259438, 0.5919275971184343, 0.08132312391293856], [-0.6386826813753838, -0.19268900178154252, 0.10763586764398725, -0.4885438216221884, 0.18359250325120033, -0.44017821552232145, -0.5213516158841917, -0.18626698766817482, 0.450789723042555, 0.6765642901751632, 0.5034393018777387, 0.061868715258662804]], "inverted": false, "swapped": true, "error_lsq": 0.04417080005778831, "error_max": 0.26301356619307975, "target": "830.xyz", "model": "11.xyz", "model_rescale": 3.890672605050136, "target_rescale": 4.138038572487184},
{"mapping": [12, 10, 5, 13, 2, 15, 11, 14, 9, 8, 6, 3, 7, 16], "R": [[-0.04005217283054613, 0.14621836176013744, -0.9884412041875498], [-0.7302249162023524, -0.679514871524822, -0.0709303259112204], [-0.6820318139271945, 0.7189434818264827, 0.13398833803878013]], "T": [0.00766841143442705, -0.006223161852058176, 0.14648194313364132], "aligned_model": [[0.40039379266415864, 0.3312324218891451, 0.47545330422369503, 0.671948603588895, 0.6845833180033276, -0.37271410811322175, -0.42243613148314396, 0.25770198893267166, -0.024484589919929134, -0.6037159883108336, -0.002540878262961767, -0.14803350386109776, -0.05044125142360488, 0.012928856866593372], [-0.36542928748228765, 0.09190146436566866, 0.6081704753753978, -0.3173175384553563, 0.10869930931896832, -0.40809287446213904, 0.10193574245458384, -0.5382409936152114, -0.7083347325949738, 0.14885085875440973, 0.5899653768125803, 0.520351773506696, 0.16562690383098236, -0.06593395798155396], [-0.33361918317325784, -0.6671985603629984, 0.07212988466661292, 0.26650465739274587, -0.1306178725291623, 0.6403290156732719, -0.5739795705521975, 0.5029527264128884, -0.03312530353940718, 0.45731018109408506, 0.4419845738809571, -0.20339415572301145, 0.7840004040622763, 0.13151363805405875]], "inverted": false, "swapped": true, "error_lsq": 0.05105517162055936, "error_max": 0.33246002712842493, "target": "830.xyz", "model": "12.xyz", "model_rescale": 4.124412569039231, "target_rescale": 4.138038572487184},
{"mapping": [7, 0, 3, 15, 6, 4, 1, 13, 11, 9, 2, 10, 16], "R": [[-0.2558934725376575, -0.623412204658265, -0.7388340502411488], [0.48194042354912386, -0.7447995781397708, 0.46152683188749755], [-0.8380047487108353, -0.23797229142473855, 0.4910368923534657]], "T": [0.08520302192645421, 0.04502854412337793, -0.0035251781962388744], "aligned_model": [[-0.07619751351522544, -0.12201477710157108, 0.46353657836580564, -0.6122457971210858, 0.36365298157899995, 0.338942173721572, -0.4883751971015078, 0.26563147980493607, 0.14608605703029748, -0.3341613997280908, 0.7042298002301869, 0.6635979449061997, 0.05461597643924078], [-0.41164168160219, 0.7116901642379874, 0.48068387743708274, -0.17770760020402468, -0.11369341223934246, -0.5520991178358342, 0.4241581827618895, -0.47725295740697543, 0.8875625014466305, 0.12265738097517404, -0.11427800990104159, 0.5206935581838433, 0.046712490655278424], [0.4489581232773656, 0.5129093916419591, 0.29814630562879557, 0.11491811188827136, 0.5796898495145303, 0.07510672677360702, -0.03456790763656903, -0.5006377826712074, -0.050246114781460544, -0.5903475379134169, -0.37719955856417986, -0.46785284307586483, -0.05717868311399148]], "inverted": false, "swapped": true, "error_lsq": 0.042266782199950476, "error_max": 0.2521761839194906, "target": "830.xyz", "model": "13.xyz", "model_rescale": 3.9028299243045295, "target_rescale": 4.138038572487184},
{"mapping": [4, 12, 2, 14, 7, 6, 9, 15, 5, 1, 8, 11, 3, 3, 0, 16], "R": [[-0.6275229806459023, -0.7598855539158395, -0.1696727842386646], [0.7128079385439031, -0.6483637788520348, 0.26744953359746415], [-0.3132407245395685, 0.046886620935270115, 0.948515626264111]], "T": [-0.06259226586893862, -0.003059967058874319, 0.014001886368502484], "aligned_model": [[0.06857819600467285, -0.3171706593481396, 0.14520825606709853, -0.6173388590910726, 0.012281761402137742, 0.4831025362803463, -0.7326035287123556, -0.5598377022682149, 0.5923044879663837, -0.4474444206110527, -0.003409943987942546, 0.11059167331366021, 0.4935643079176881, 0.4935643079176881, 0.22541170211762807, -0.1189628433879294], [-0.5886237590156443, 0.32019777983073305, -0.022922820367763302, -0.37407100898926937, -0.581787363232525, -0.3288854684034145, 0.24345299799949136, -0.2684246101424176, -0.1770525370886495, 0.35286210052253986, -0.06621939795079163, 0.8132720632499977, 0.32587229704711074, 0.32587229704711074, 0.46418551282371623, 0.014524198790875447], [-0.24491380220760534, -0.572899832731787, -0.6963710319618198, -0.15103812876848316, 0.3283384050484541, 0.2112878047474348, -0.11472069147141443, 0.49608449373774444, -0.36371136912582797, 0.4599875454288426, 0.7118280600670145, 0.15315072259298995, 0.09419518153681537, 0.09419518153681537, 0.6869186515371971, -0.004171080342038027]], "inverted": false, "swapped": true, "error_lsq": 0.0470259104396698, "error_max": 0.40180465757447686, "target": "830.xyz", "model": "14.xyz", "model_rescale": 3.942246331269136, "target_rescale": 4.138038572487184},
{"mapping": [6, 8, 3, 1, 9, 11, 2, 5, 4, 10, 12, 13, 15, 14, 16], "R": [[0.9869934515983018, -0.1497629142029392, -0.058437967380069455], [-0.12555500361076866, -0.49109519011752234, -0.8620101248313355], [0.1003985436665834, 0.8581355276253734, -0.5035112199909267]], "T": [-0.13619081796178534, -0.06322504028791313, -0.0651209878011315], "aligned_model": [[-0.7357513691396507, -0.4744293996043599, -0.18343262494119839, 0.16822411432288964, 0.43724596278519656, 0.3670890954245001, 0.009208970365798597, -0.4570065342509434, -0.5646593840564911, 0.44401303571006145, 0.46185234102947215, -0.04201815407900211, -0.2771984941997703, -0.09114950568306412, -0.08769401715122871], [0.10566431536602232, -0.5869045256006898, 0.2046833986089993, -0.6514143602601689, -0.3612957172746844, -0.07245852547541769, 0.6303596857497648, 0.6315060501948542, 0.2236763688261375, 0.550188177986237, 0.25425238125800415, 0.26109428724909517, -0.7465619902898779, -0.26223134035955725, -0.08241351609706754], [-0.2993651745547836, -0.3904016176939782, -0.6566704900129587, -0.25236355817778217, 0.264389810704527, -0.745104171898225, 0.1493653808033369, -0.1926218273443825, 0.3364138769701445, -0.3170848438069942, 0.1700636716173456, 0.5969982008229843, 0.1863596399829296, 0.5913841189895644, -0.03200053604121197]], "inverted": false, "swapped": true, "error_lsq": 0.040118303039042395, "error_max": 0.29439207122118544, "target": "830.xyz", "model": "15.xyz", "model_rescale": 4.355366556412066, "target_rescale": 4.138038572487184},
{"mapping": [5, 2, 4, 0, 6, 3, 15, 11, 14, 10, 9, 16], "R": [[0.6258296280080596, 0.5004058559369924, -0.5982735628884662], [0.6357147974081181, 0.1171511256780394, 0.7629825097004016], [0.4518893371873791, -0.8578284170487326, -0.24479876192500827]], "T": [-0.015961217825559537, 0.047131339175377276, -0.15444359859034124], "aligned_model": [[-0.16950158680962274, 0.37097810271561493, 0.1100321820239488, -0.7252557506610651, -0.5158778716514955, -0.46136311593260276, -0.028663570442561237, -0.2665359788644452, 0.49289830798827944, 0.23670241163021066, 0.5197315509592566, 0.03466387367626318], [-0.6585486067362801, -0.46925243179846976, -0.511451444086602, 0.4975881875753255, -0.37459386749015033, -0.06254445951751526, 0.4554245488557566, 0.4884534734262582, 0.08650450400622021, -0.05717903473338702, 0.5358528560300844, 0.08252270220973995], [0.1288789120156683, 0.2086418407342926, -0.4694656863039338, 0.06480851727417519, -0.27731750672459177, 0.30764503129535553, -0.773483470742028, 0.5224612116098739, -0.6150333503238938, 0.6832189284142429, -0.17536661843793128, -0.1557293476018087]], "inverted": false, "swapped": true, "error_lsq": 0.04799339954686687, "error_max": 0.24593346438286248, "target": "830.xyz", "model": "16.xyz", "model_rescale": 3.795458400668931, "target_rescale": 4.138038572487184},
{"mapping": [2, 10, 9, 5, 14, 11, 3, 4, 6, 0, 1, 7, 16], "R": [[-0.3854519324572207, -0.877042321044436, 0.28674653417606083], [-0.6061788474457728, 0.006387961695260014, -0.7953027089446476], [0.6956824079091759, -0.4803706496470914, -0.5341067555117822]], "T": [0.02581698217425739, 0.09934567936996795, 0.03433485637770829], "aligned_model": [[0.1043040890498184, -0.19796802863166257, 0.555717730409951, -0.3399012400578622, 0.698238150807626, -0.4745063775122342, -0.6023905704170571, 0.22108555758471338, -0.39192691529167456, -0.6315238613026567, 0.06795962139863011, 0.06539277400430939, 0.07415087086232211], [-0.4203981674718621, 0.04171951406052947, 0.5287201478761696, -0.5609719705876611, 0.0486581333089041, 0.6191894417416296, 0.07413848294987871, -0.49368077633732577, -0.2793546487556429, 0.6351820551030122, 0.7783894598544617, -0.13709022453244007, 0.12927981826083257], [-0.4871163692225001, -0.8159577796675409, -0.2128411925002524, -0.14472172425407537, 0.16816955729753696, -0.40747059582601175, -0.1349501153173338, 0.22751297262844794, 0.3878074940985291, 0.22105387209425204, 0.1383466318317113, 0.6522918015320053, 0.010150478141527319]], "inverted": true, "swapped": true, "error_lsq": 0.04311012636089072, "error_max": 0.26924454594019726, "target": "830.xyz", "model": "17.xyz", "model_rescale": 3.7474275329858107, "target_rescale": 4.138038572487184},
{"mapping": [15, 4, 14, 6, 1, 11, 9, 2, 8, 12, 3, 5, 10, 16], "R": [[-0.45780277451602974, -0.881773522268022, 0.11354327400807096], [0.0984738724935669, 0.0766344884012331, 0.992184484671879], [-0.8835833385038145, 0.4654058558017162, 0.05174817198632359]], "T": [0.04531314663033707, -0.08220014459681262, -0.05306805829696112], "aligned_model": [[0.4838156524401585, 0.13804639769701704, 0.7026258404063894, -0.4181183539065409, 0.21463435068775827, -0.37143669401628626, 0.6328503296893512, 0.004865724164519941, -0.13916100136247567, 0.31809153643507637, -0.583921741055331, -0.4418149962962464, -0.22278476394173352, 0.09715536694121957], [-0.5902856545593961, 0.3596284187149888, 0.014705838026964749, -0.011983016629943596, -0.702491342658563, -0.3927803012217944, -0.22825088846760883, 0.6325763825257098, -0.6847865373860241, 0.28831762522469867, -0.08913352528176202, 0.501567078544483, 0.35019950420818813, -0.08687533952870782], [-0.36872566569975884, -0.5256313271808235, -0.2296478862922546, -0.5254742471429681, 0.19241934820737736, 0.6144741469256395, 0.34658488497071566, 0.13578054573848397, -0.36501670403874736, 0.49653897362266325, 0.11412320306978499, -0.20718644636448974, 0.6663429000312097, -0.019787007185177216]], "inverted": true, "swapped": true, "error_lsq": 0.03656145317371594, "error_max": 0.27768384853980976, "target": "830.xyz", "model": "18.xyz", "model_rescale": 3.922800546911778, "target_rescale": 4.138038572487184},
{"mapping": [10, 11, 3, 2, 15, 12, 1, 4, 9, 6, 8, 7, 13, 14, 16], "R": [[0.9417589657949175, 0.06781438374417549, -0.32938011430911457], [0.28267633445931145, 0.37093013659784185, 0.8845930836832008], [0.1821651456276287, -0.9261814309955174, 0.33015726040413035]], "T": [0.13441153865230127, 0.042219886615215765, -0.030427303446181043], "aligned_model": [[-0.4111010045719192, -0.12010868753986337, 0.33174903157550284, -0.1622135162587668, 0.2771042771196164, -0.543869604355347, -0.013792695838866803, 0.3706664609375637, -0.4693373526697844, 0.7494305283446151, 0.6248410510122759, 0.6803372893458002, -0.20785923992248279, -0.09067636501856577, 0.08088066472784011], [0.5189514119625701, -0.12039489762931622, 0.2545386282410429, 0.7182586460731131, -0.5785311254138387, 0.2739049440553114, -0.6050804983410053, 0.43666377317168276, -0.3159064394849304, 0.2876160653304139, -0.4450969231074125, -0.03918896962654263, 0.4092975560793639, -0.09577227747106039, 0.01835161119518685], [-0.5319661262978951, -0.8206987413242246, -0.6134506300525288, 0.02605672496214016, 0.3495490400283737, -0.034437594294637844, -0.21134889918029381, 0.43403540804310714, 0.15256462835960993, -0.0967535109332001, -0.15870142398746462, 0.33655585539452576, 0.5178044317677475, 0.6043362594605901, -0.010886254782520356]], "inverted": true, "swapped": true, "error_lsq": 0.03654037375420914, "error_max": 0.21499348899869045, "target": "830.xyz", "model": "19.xyz", "model_rescale": 3.9282355846067225, "target_rescale": 4.138038572487184},
{"mapping": [9, 12, 10, 13, 14, 2, 4, 3, 7, 8, 11, 1, 0, 16], "R": [[0.33707840435733416, 0.9390083315903721, 0.06812857344594311], [0.9276280632394085, -0.31888350147118255, -0.1944723342282449], [-0.16088606405347047, 0.12875040075022698, -0.9785392218506311]], "T": [-0.0329663174715295, 0.00012480554018376444, 0.028412611066100272], "aligned_model": [[-0.5737602704615347, -0.1563680531897518, 0.40567773334416213, -0.40157683834946895, -0.6820242035129798, 0.1568805702154477, -0.11445460016660122, 0.6029306419864586, -0.16654303672712256, -0.0017974114520161177, 0.41479798164060017, -0.2701042189110995, 0.3984129941435755, -0.0795484694749935], [-0.4696490746617994, -0.6293162763196378, -0.7136508650828864, -0.10436103243973205, 0.05179468959285366, -0.26798559691952806, 0.39130089489706343, -0.05835122515571328, 0.6493345580292841, 0.4117398713112098, -0.54465814504134, -0.18984007853891507, 0.03694628338494657, -0.04042191563097009], [0.14290120531927347, -0.2914862687730432, -0.24455947837353859, -0.608503655283585, -0.19223476864108036, -0.6351235554569147, -0.4887613492302729, 0.15550763186573502, 0.023624776116084715, 0.5976705197159344, 0.4958222048037007, 0.6459673582798304, 0.7811660004119241, 0.030192536489634665]], "inverted": true, "swapped": true, "error_lsq": 0.047504915484799466, "error_max": 0.2586964801638668, "target": "830.xyz", "model": "20.xyz", "model_rescale": 4.067790424073018, "target_rescale": 4.138038572487184},
{"mapping": [9, 4, 1, 11, 15, 7, 0, 13, 14, 2, 5, 3, 10, 6, 16], "R": [[-0.4731387554538399, 0.4479532663029772, 0.7586023920975239], [0.4712256823765211, -0.5988703509556602, 0.6475342917676455], [0.7443695818317494, 0.6638464987892444, 0.07226168894295343]], "T": [0.010058311128024675, 0.026719903823604004, -0.013525573905338274], "aligned_model": [[0.11380412636169511, 0.014007939475900441, -0.3013884318361651, 0.2629942657551968, -0.6167503844831369, -0.5022633645557567, -0.3399167363573163, 0.35852482844913414, -0.09639757547485933, 0.6687519942763599, 0.38461450293742494, 0.1742896815119342, 0.8339242615418249, -0.20972352352882262, 0.023972369834101906], [-0.10488037191177324, 0.6592269846123193, -0.469190532660361, -0.7754160737756032, 0.07806302486288719, 0.40450187735447896, -0.7019052928165664, 0.607695665901069, 0.45948228377884837, 0.34576399843955163, 0.3160686225988094, -0.3311462110530699, -0.2746487483178754, 0.20558004859887283, 0.02169986431625997], [-0.7193381620422491, 0.1509346690040626, -0.3751450874438693, 0.07787647978844774, -0.40665379875680985, 0.17126145788324387, 0.303813969565887, -0.31928951384217863, -0.5369900418736274, 0.09845107735182924, 0.601141371770221, 0.5050276387265183, 0.06905713710398058, 0.5886137802109883, -0.07351140382530359]], "inverted": true, "swapped": true, "error_lsq": 0.03832027436371733, "error_max": 0.2609524262469981, "target": "830.xyz", "model": "21.xyz", "model_rescale": 4.186013935880536, "target_rescale": 4.138038572487184},
{"mapping": [9, 14, 1, 10, 2, 11, 12, 13, 8, 7, 4, 3, 16], "R": [[0.2535032138891872, -0.7678960810196591, 0.5882786153707295], [-0.7659671086882887, 0.21207010136423943, 0.6068942745775948], [-0.5907880406334888, -0.6044517192150346, -0.5344226886860557]], "T": [0.022537834230716383, 0.09325890633349995, 0.033557214543066205], "aligned_model": [[-0.0458680521939238, -0.5407187585176293, 0.39251052030636263, 0.3494780069870355, -0.24100644669343635, 0.8227212027943899, -0.049639717506038, -0.6143689796645541, 0.297797775818404, -0.29780159164028713, -0.5389511917288642, 0.5135266138250333, 0.010894653636732605], [-0.2865643489285187, 0.030250568511728082, 0.19259832839696137, -0.6596638804218432, -0.43782202341785603, -0.1798189548063395, -0.6148418784421473, -0.28927257268315176, 0.7150634568628577, 0.6705812025117169, 0.21310106487934458, 0.10845985150739965, 0.05688584557594201], [-0.5806969395245101, -0.35554835289682457, -0.5382354035193146, 0.3538937150001504, 0.47706903062264433, 0.0037559133798670263, -0.05095927413738155, 0.05529921896314188, -0.14545143086449158, 0.09204297850065027, 0.3458005636664739, 0.4609171133452643, -0.015007571200323477]], "inverted": false, "swapped": true, "error_lsq": 0.0470559230905938, "error_max": 0.29136495562649267, "target": "830.xyz", "model": "22.xyz", "model_rescale": 4.166573947596378, "target_rescale": 4.138038572487184},
{"mapping": [15, 7, 4, 13, 14, 8, 6, 1, 9, 12, 11, 2, 5, 0, 3, 16], "R": [[0.23661540569804618, 0.4717067129954041, 0.8494150497262342], [0.6983092445167954, 0.5252976574198386, -0.48623715420729907], [-0.6755570655457109, 0.7082055831637463, -0.2051036400626931]], "T": [-0.06845394351762568, 0.04534124909893964, -0.006017283498876699], "aligned_model": [[-0.7316388621096382, -0.20453222401083487, 0.2647849060975145, 0.2425474450361036, -0.2718416582204254, -0.550178581606264, 0.16745235716665738, -0.6871753365845571, -0.42983305704578373, 0.1790480651171388, -0.13404649264708615, 0.6040173874931525, 0.6582499892730066, -0.43016722127278456, 0.20358629875846196, -0.09303977442390529], [-0.006899401863590136, 0.3235525327244064, -0.009425113776369641, -0.5456602872269859, -0.4715067160293053, 0.5490244445397519, 0.5953943650526213, 0.0374310529259743, -0.5514722363686652, -0.5402074566689965, 0.24510952079266787, -0.2627740530391552, 0.2969036003509604, 0.6910403680034434, 0.5087941099893342, -0.00959729178441325], [-0.3339376035246516, -0.5920378883064523, -0.5655532456267421, -0.33228198762597383, -0.41115034926002, -0.09927842932834602, -0.2969753473790335, 0.29533993616971504, 0.19265842260094534, 0.3250942175528439, 0.8134601806481474, 0.026425628092746237, -0.10823398215872233, 0.4482048531626766, 0.3616008415178282, 0.007925286629132604]], "inverted": true, "swapped": true, "error_lsq": 0.041843119498919515, "error_max": 0.33295815404483753, "target": "830.xyz", "model": "23.xyz", "model_rescale": 4.274766983524099, "target_rescale": 4.138038572487184},
{"mapping": [12, 3, 5, 4, 6, 7, 14, 8, 1, 0, 16], "R": [[-0.8913100362242607, 0.20607565246253595, -0.40385547512451453], [0.300162297345964, 0.9357853618732617, -0.1849549992720446], [0.33980731978269735, -0.28607443431014423, -0.895931026059613]], "T": [0.028693362269893843, 0.003422414782996569, -0.04911350788512039], "aligned_model": [[0.37685548354754367, 0.06262008662514579, -0.468091520354782, -0.5710254093206039, -0.4956125881137573, -0.48449662427528395, -0.0507921471592392, 0.01115556314651446, 0.564196395078242, 0.3661191163916695, 0.06896634839262589], [-0.20700520451684373, 0.6497595562127759, 0.4097659132770287, -0.20007726960847805, 0.3775334212790167, -0.11660881564760817, -0.679439297264062, 0.18428074746083326, -0.07264745092431307, 0.6118590179461808, -0.041834086971047055], [-0.63925138294206, -0.12006990653122968, -0.4849118759556675, -0.21052370509806867, 0.11825146222696153, 0.3528411008067447, -0.05273545945974189, 0.6301770917373265, 0.37649756418995595, 0.4705309448692765, -0.06123939982192016]], "inverted": true, "swapped": true, "error_lsq": 0.0456574069429132, "error_max": 0.20875685598603058, "target": "830.xyz", "model": "24.xyz", "model_rescale": 3.7841303162186577, "target_rescale": 4.138038572487184},
{"mapping": [2, 4, 6, 15, 7, 8, 14, 12, 5, 3, 10, 9, 0, 1, 11, 16], "R": [[-0.5853139429313704, -0.7781130202695884, 0.2279204157092377], [-0.7945842856174666, 0.6064236492415173, 0.029768619221950274], [-0.1613796804430866, -0.16367799280153839, -0.973224595564943]], "T": [0.03593104049027576, -0.08948971414468164, 0.07444294225123763], "aligned_model": [[0.10561809105311731, 0.0960701646828161, -0.4893785569776964, 0.35766778597175786, -0.061273596071775224, -0.2624919297675825, 0.66116042675053, 0.43527136123682497, -0.40358981640012914, -0.5535542276261498, -0.05969848877224225, 0.6624653617896216, -0.5425701341794985, 0.1752815599609237, -0.2949128994986898, 0.09177744632095067], [0.10186717111950276, -0.5718976364773773, -0.47770644187235684, -0.47303245257197113, -0.7387139926155254, -0.3647627767065827, -0.37394460112080624, 0.4058006667460164, -0.16109834422426503, 0.18080272045580104, 0.6637072707606602, 0.20637418982586525, 0.14009059775419525, 0.12553702404221873, 0.6391460373880118, -0.06535696413542583], [-0.6374078359329549, -0.3623566233641302, -0.052853590027690495, 0.6216682089863999, 0.16608387684057346, 0.6485696717132889, 0.046073692097530095, -0.25566931752816213, -0.5607925231017163, 0.01624799403946399, -0.37271180497279244, 0.2893208864100695, 0.6800095101741418, 0.7132229058353543, 0.3490067564777326, 0.08520820817014509]], "inverted": true, "swapped": true, "error_lsq": 0.03748517270076079, "error_max": 0.20221663429511733, "target": "830.xyz", "model": "25.xyz", "model_rescale": 4.19342608120988, "target_rescale": 4.138038572487184},
{"mapping": [5, 2, 4, 0, 6, 3, 15, 11, 14, 10, 9, 16], "R": [[0.6258296280080596, 0.5004058559369924, -0.5982735628884662], [0.6357147974081181, 0.1171511256780394, 0.7629825097004016], [0.4518893371873791, -0.8578284170487326, -0.24479876192500827]], "T": [-0.015961217825559537, 0.047131339175377276, -0.15444359859034124], "aligned_model": [[-0.16950158680962274, 0.37097810271561493, 0.1100321820239488, -0.7252557506610651, -0.5158778716514955, -0.46136311593260276, -0.028663570442561237, -0.2665359788644452, 0.49289830798827944, 0.23670241163021066, 0.5197315509592566, 0.03466387367626318], [-0.6585486067362801, -0.46925243179846976, -0.511451444086602, 0.4975881875753255, -0.37459386749015033, -0.06254445951751526, 0.4554245488557566, 0.4884534734262582, 0.08650450400622021, -0.05717903473338702, 0.5358528560300844, 0.08252270220973995], [0.1288789120156683, 0.2086418407342926, -0.4694656863039338, 0.06480851727417519, -0.27731750672459177, 0.30764503129535553, -0.773483470742028, 0.5224612116098739, -0.6150333503238938, 0.6832189284142429, -0.17536661843793128, -0.1557293476018087]], "inverted": false, "swapped": true, "error_lsq": 0.04799339954686687, "error_max": 0.24593346438286248, "target": "830.xyz", "model": "26.xyz", "model_rescale": 3.795458400668931, "target_rescale": 4.138038572487184},
