[{"mapping": [11, 4, 6, 8, 2, 12, 5, 10, 9, 1, 13], "R": [[-0.9676448743211767, -0.04729657406711981, 0.24784356211422526], [0.2520845094528277, -0.1391452204147448, 0.9576492091207821], [-0.010807279670740438, 0.9891418713800592, 0.1465658929931274]], "T": [0.1031954267058055, 0.03418698509778168, 0.17653205626059532], "aligned_model": [[0.385204795949268, -0.71673743700354, -0.5642988312771189, -0.20867604536307655, -0.4993654972085939, 0.6124811383552896, 0.21484612391591534, 0.7303267920814626, 0.17437505047413518, 0.4292411689062452, 0.09141648962031242], [0.1396014807121668, -0.2941239935832265, 0.36071520684639713, 0.07247098669951504, -0.2494951408265324, -0.21980184923946228, 0.7522237816789463, -0.4806111439332616, -0.6943629421257937, 0.23375712782230185, -0.06362696561445147], [-0.45308714660455707, -0.18860658439250083, -0.003404099497955615, -0.5389046297946049, 0.5608535750598822, 0.28253933862974434, -0.03408261798968848, -0.42106150256498887, 0.1466717738280985, 0.6088630007335197, 0.046787885129095014]], "inverted": true, "swapped": false, "error_lsq": 0.0483752999966529, "error_max": 0.2646383715035838, "target": "831.xyz", "model": "0.xyz", "model_rescale": 3.8414455957264533, "target_rescale": 3.8054084949606035},
{"mapping": [6, 11, 3, 10, 0, 9, 2, 8, 13, 7, 14], "R": [[-0.6835896677018463, 0.12662151518491543, -0.7187991083074293], [-0.00850109171622965, 0.983388248230211, 0.1813154286936145], [0.7298170302554686, 0.13005593079515126, -0.6711576247157558]], "T": [0.005382443674746752, 0.01227116385658504, -0.005615891365611173], "aligned_model": [[0.553411805748322, -0.5642420840245292, -0.5922669883771723, -0.08021980371119766, -0.3288668513268113, 0.6173417483741389, 0.32107916483797033, 0.4163889052219291, 0.13483349367735012, 0.24677802500134408, -0.07542366697104538], [0.3779643805265433, -0.6191910618509396, 0.5006927413490548, 0.05979284446705218, -0.15152340549310295, -0.16784713628502657, 0.6665782008753022, -0.5110957880035617, -0.6973976205951365, 0.08463526466906637, 0.014138128777347702], [-0.42509111515177406, -0.060831442416466826, -0.13841800372773358, -0.6829601506051962, 0.6164501158632668, 0.23640247020923735, 0.12408611005690913, -0.4316007734537604, 0.22775000731577086, 0.5855242040134088, -0.04474242956761804]], "inverted": true, "swapped": false, "error_lsq": 0.04160125793040964, "error_max": 0.1915750438111297, "target": "831.xyz", "model": "1.xyz", "model_rescale": 4.316132596720782, "target_rescale": 3.8054084949606035},
{"mapping": [1, 6, 10, 8, 3, 0, 9, 2, 4, 5, 11], "R": [[0.010855846407812633, -0.9427459385152227, 0.3333350356800523], [0.5504097578483805, 0.28394263926242375, 0.7851278087508914], [-0.8348240827048877, 0.17494762936873665, 0.5219790014111698]], "T": [0.036993790373503, 0.06591030978027335, 0.048759849972151985], "aligned_model": [[0.35124416814024734, -0.5705961169469652, -0.4492616849624568, -0.14746418328684302, -0.36018330281827854, 0.7045387285929007, 0.31239089464763603, 0.41787703629328093, 0.10967450922804939, 0.2913446801936825, -0.010750980630954692], [0.2969294945389096, -0.46511413608977237, 0.3423256599178046, -0.015866523750133033, -0.12084215107401586, -0.13908895248918968, 0.7350610471124494, -0.44794501158625244, -0.6766031209818085, 0.09864682705398647, -0.05075658421537907], [-0.32869756451552345, -0.10917528041442731, -0.24173277558559803, -0.6903774317717408, 0.5370127392085654, 0.17632597601304661, 0.21107199035986285, -0.49124576428192235, 0.24297892571254504, 0.640362611292169, 0.06004556651906678]], "inverted": false, "swapped": false, "error_lsq": 0.04359312025876604, "error_max": 0.1927841089001818, "target": "831.xyz", "model": "2.xyz", "model_rescale": 3.795458400668931, "target_rescale": 3.8054084949606035},
{"mapping": [9, 1, 6, 8, 2, 4, 5, 7, 0, 10, 11], "R": [[-0.6287732132099595, -0.6833465324142991, 0.37105493257329963], [0.01615294791919064, -0.4885621848774655, -0.8723795468609274], [0.7774209468641442, -0.5425352598173785, 0.31823287578713]], "T": [0.03199152581878466, -0.03506652661369224, 0.02356100334570704], "aligned_model": [[0.494352982124664, -0.4256696151948526, -0.44562168927982587, -0.3182938447946824, -0.5416144386670316, 0.6127689773200733, 0.37292608075536027, 0.40608831096985926, 0.18198100960603325, 0.20020099515787237, 0.11169498045282879], [0.38016294028547026, -0.4427052737250594, 0.28255483669451853, 0.12029864991175006, -0.0040807452122982035, -0.13178509302250957, 0.5687371284912193, -0.4383375483833371, -0.7542811789592042, 0.12243942515787522, -0.14625659280182557], [-0.5833665181497485, -0.12012536977026317, -0.11171125158598866, -0.6574123868016168, 0.5312433747869652, 0.27713112000594714, 0.13761972016021506, -0.5062751741247156, 0.29271037224799473, 0.7206321510640428, 0.02612295470321138]], "inverted": true, "swapped": false, "error_lsq": 0.051495189102295474, "error_max": 0.23781231495923835, "target": "831.xyz", "model": "3.xyz", "model_rescale": 3.7530521520055578, "target_rescale": 3.8054084949606035},
{"mapping": [2, 5, 9, 3, 8, 0, 4, 1, 7, 6, 10], "R": [[-0.2407848345516735, -0.8206519408820608, -0.5182210487585674], [0.8058085940741176, -0.4666475737122458, 0.3645717373367934], [-0.5410130988859854, -0.3298036292629001, 0.7736500455366124]], "T": [0.00912077398774553, -0.017494612865033857, -0.054455499319918645], "aligned_model": [[0.44834481180115676, -0.4503728625365367, -0.4659630091662673, -0.22852054179695794, -0.4521377766250493, 0.7276205736516764, 0.40913366593146405, 0.39916398295387184, 0.01898154394075592, 0.14468496589372665, 0.09787839440245835], [0.223627940912766, -0.542226451275338, 0.24815373951664998, 0.16608462375979355, -0.2204029504910502, -0.10334189297982167, 0.5709236896335959, -0.49734481589542723, -0.507619804455945, 0.2492853270257016, -0.030392857314325557], [-0.5130382526955388, -0.23075591832776948, -0.021438523320087034, -0.7543805338820931, 0.7120614594373748, 0.34128263145561377, 0.1284775266076712, -0.5469348883311226, 0.2902632299903893, 0.621404217030074, -0.020371955428468543]], "inverted": false, "swapped": false, "error_lsq": 0.04715498239165051, "error_max": 0.23518212773618252, "target": "831.xyz", "model": "4.xyz", "model_rescale": 3.7855080009869324, "target_rescale": 3.8054084949606035},
{"mapping": [1, 8, 7, 6, 10, 2, 0, 12, 15, 3, 16], "R": [[0.15372205602008054, -0.9821931758283027, -0.10800969794084492], [-0.8213788048908162, -0.06625393123009199, -0.5665220873652616], [0.5492780610666095, 0.175803816661845, -0.8169373474618692]], "T": [0.06432653095848648, -0.08608671198705081, -0.0550413615823134], "aligned_model": [[0.5749644462915965, -0.5197144046551797, -0.5665686474255347, -0.30551232910975623, -0.4164840501516843, 0.720062410465836, 0.39111379323753026, 0.5474530262864762, -0.1705146796003919, 0.29452093116182676, 0.09949325194958006], [0.3396637423797174, -0.47708563226914347, 0.31805682792639905, 0.04020403146133325, -0.12829082144086268, -0.02783018755770006, 0.614936527928102, -0.3490125751837437, -0.8114463289799867, 0.15476873025052357, -0.117217766078039], [-0.4171040757909378, -0.09145432396346889, -0.052084181518715744, -0.5778672731146703, 0.4908563140969252, 0.280223192563852, 0.04620282655479954, -0.4556958798203098, 0.25804191574970536, 0.5543975602620395, -0.02894708248317554]], "inverted": false, "swapped": false, "error_lsq": 0.04436843995315858, "error_max": 0.26639554217648487, "target": "831.xyz", "model": "5.xyz", "model_rescale": 4.2253639853439635, "target_rescale": 3.8054084949606035},
{"mapping": [7, 1, 9, 0, 8, 6, 12, 3, 2, 11, 13], "R": [[0.17471489712278954, -0.6277690955572135, 0.758538507517352], [0.8018834766232708, 0.5377687301918527, 0.2603606781878151], [-0.5713646774538567, 0.5627706064562372, 0.5973538732333872]], "T": [-0.030389989135054585, -0.17777237742401747, 0.06747550244089215], "aligned_model": [[0.491104966662863, -0.6738971350720717, -0.4665371908418016, -0.18999385531083313, -0.5372679380544072, 0.6077738232572683, 0.3301246307969858, 0.47757951011968386, 0.28384956308139947, 0.31213248543571, 0.01394488837550198], [0.2117107336141238, -0.4306732145869904, 0.24315656986666473, 0.1350329193408602, -0.056933245577832525, -0.15279352828481912, 0.6832372208261517, -0.3667310135651247, -0.7612626021755082, 0.2507191608760583, -0.1987164518969843], [-0.3861070515890117, -0.17878757162529582, -0.004572171092091792, -0.6534559100694662, 0.5912479002556887, 0.1439017660659482, 0.06152193163250422, -0.3899860744734155, 0.17218592923540935, 0.6194058828625022, 0.031214361333272017]], "inverted": false, "swapped": false, "error_lsq": 0.04397059362799597, "error_max": 0.2423493357413276, "target": "831.xyz", "model": "6.xyz", "model_rescale": 3.89814844738969, "target_rescale": 3.8054084949606035},
{"mapping": [5, 11, 4, 10, 7, 6, 1, 9, 8, 0, 12], "R": [[-0.8313868144749722, 0.12665849383631433, -0.5410670851717694], [0.555176102736917, 0.2313527117523525, -0.7989088919987569], [0.023988740421428678, -0.9645898344394623, -0.2626613630305076]], "T": [-0.020153858233926403, -0.01211253964377237, 0.11362204881626906], "aligned_model": [[0.5871700437437122, -0.4852626702875695, -0.6101927581640654, -0.13960319162084386, -0.41111853736887627, 0.6224775511708802, 0.5121740505337573, 0.395841542824879, 0.11138996303495638, 0.1570478926021906, -0.09111013801872182], [0.17213046456343292, -0.6069046134914416, 0.2271387032380198, 0.12776536430343152, -0.14247940071750378, -0.1740848912810907, 0.6439002769603518, -0.4386631914626772, -0.671033458777731, 0.3672109785594191, 0.05176631654238856], [-0.3333553527514025, -0.17833094579253375, 0.013079879886893672, -0.5970605046440535, 0.6249201817569675, 0.2484021659673053, 0.08089905946644002, -0.5519215235855723, 0.19240160027712308, 0.5328160319635427, -0.025281600008666638]], "inverted": false, "swapped": false, "error_lsq": 0.05307671545905348, "error_max": 0.23856792105927827, "target": "831.xyz", "model": "7.xyz", "model_rescale": 3.7474275329858107, "target_rescale": 3.8054084949606035},
{"mapping": [3, 12, 1, 0, 13, 8, 2, 5, 11, 4, 14], "R": [[-0.006186412918854828, -0.9577918033433388, 0.28739622430281336], [0.3703700763040662, -0.2691567676127809, -0.8890335432517494], [0.9288636793812739, 0.10094303292726561, 0.3564025381920385]], "T": [0.022226332059111578, -0.19341147930023064, -0.10038881983918864], "aligned_model": [[0.47267801940725207, -0.5436792474843757, -0.39013075117886215, -0.1625045625099007, -0.3603967334144573, 0.612666592167981, 0.18073703541122915, 0.6706007892667256, -0.08499132524669918, 0.24487098754407094, 0.00896294448733512], [0.19760094129411013, -0.3596681033594213, 0.42852095566201065, 0.08215587324249349, -0.20337698005725618, -0.008529517134311188, 0.595912188260988, -0.3505099785986215, -0.7812359869633936, 0.11022740780867604, -0.15435025171867492], [-0.4983047673592395, 0.08058694869722736, -0.1896272773295622, -0.6697308685509347, 0.7130065989177893, 0.18668133737812798, 0.14544039038687512, -0.3610650342907821, 0.07121152323238279, 0.5855110485561729, -0.057140907102013076]], "inverted": false, "swapped": false, "error_lsq": 0.044220342942977206, "error_max": 0.24786972573184424, "target": "831.xyz", "model": "8.xyz", "model_rescale": 4.019505241142653, "target_rescale": 3.8054084949606035},
{"mapping": [2, 7, 9, 1, 8, 5, 6, 3, 4, 11, 12], "R": [[0.6897746496043868, 0.25811353828320427, -0.67645275823081], [-0.21657781641937535, 0.9650738141995459, 0.1473993981716212], [0.6908726237145029, 0.044832293062764955, 0.721585118541516]], "T": [0.04486015073046347, 0.08006386755454026, -0.07956917797832687], "aligned_model": [[0.45018628145108736, -0.5669581700960625, -0.5434212186332616, -0.333630698799339, -0.33346700403097296, 0.5690625418082065, 0.5294908029252372, 0.6699532170874954, 0.102219986420196, 0.04058359322665246, 0.06479441709106007], [0.0413718898213846, -0.5871638782691031, 0.29839012350238703, 0.3226178862168394, -0.1693174343268781, -0.10156757399614924, 0.6179791586732584, -0.48582949707675577, -0.7353846703011162, 0.28279982310476437, 0.07285072108796849], [-0.5087379336337252, -0.07123445663890914, 0.19172169517036308, -0.5837690659429456, 0.42124462138042384, 0.2982490213855377, -0.01758443388084467, -0.24535266931688338, 0.059528638689800586, 0.5087584241074868, -0.04625484878426035]], "inverted": false, "swapped": false, "error_lsq": 0.06471558852296642, "error_max": 0.29256770142673455, "target": "831.xyz", "model": "9.xyz", "model_rescale": 3.877068213659057, "target_rescale": 3.8054084949606035},
{"mapping": [6, 8, 9, 10, 7, 3, 13, 12, 1, 4, 15], "R": [[0.8092554104660712, -0.5626865887932965, 0.16878827987616535], [-0.1660145524048264, 0.05655707093148818, 0.9845001097600122], [-0.5635111791448473, -0.8247333511625529, -0.047645046531297496]], "T": [0.06039357395930599, -0.012737667176349755, -0.049393719808865595], "aligned_model": [[0.5099032553899979, -0.6252930067256461, -0.5339247432805039, -0.07878341605371657, -0.3501216374371485, 0.6583287147528349, 0.2791784133419411, 0.485823275224797, 0.028869165354068457, 0.2166386328288195, 0.05819509505485501], [0.22964486337668774, -0.3650822137803826, 0.2279270355333816, 0.2313900781774969, -0.23586933741591337, -0.009722180619238872, 0.7147462226758906, -0.41579354832289334, -0.7341703628168967, 0.011490196703544186, -0.09781420507507688], [-0.3950761323028072, -0.017610558306661687, -0.20595534525562242, -0.7007324863959932, 0.6199164387611619, 0.16326990419221207, 0.0939202014459774, -0.512805784463929, 0.43169638352557066, 0.6087029083056162, -0.07875653696948146]], "inverted": false, "swapped": false, "error_lsq": 0.042291652893384636, "error_max": 0.23432389075612403, "target": "831.xyz", "model": "10.xyz", "model_rescale": 4.260839863003843, "target_rescale": 3.8054084949606035},
{"mapping": [5, 1, 2, 3, 8, 10, 4, 6, 7, 9, 11], "R": [[0.008769571574010312, 0.9982659988443812, 0.05820730337026911], [-0.9641833082392657, -0.006990001500060512, 0.26514465484300204], [0.26509176284297076, -0.0584477153553446, 0.962450113950093]], "T": [0.04685212870193482, -0.09031450026980531, -0.00972319873083283], "aligned_model": [[0.4545721995984565, -0.6094667711613196, -0.48904184003156187, -0.2428651598550437, -0.2605717411750035, 0.5801599003672043, 0.2856461946587115, 0.6647676540326644, 0.0828455325901782, 0.16678730585045803, 0.015980473575554596], [0.17880628137049143, -0.3448140314847998, 0.3369376813031615, 0.12299205905149971, -0.1949452479493402, -0.14937794358719714, 0.6001242179778477, -0.4793560918113813, -0.7367153153966821, 0.36563933145264305, -0.14254439248964368], [-0.4765735504768166, -0.17626488550902958, 0.015383648097310004, -0.6216033143372037, 0.6307113240180988, 0.3149737713614651, 0.03900696656326433, -0.4221336475076232, 0.09262957535024587, 0.6332814029456877, -0.02284229796935507]], "inverted": false, "swapped": false, "error_lsq": 0.04041019648642763, "error_max": 0.23584504845660026, "target": "831.xyz", "model": "11.xyz", "model_rescale": 3.890672605050136, "target_rescale": 3.8054084949606035},
{"mapping": [6, 7, 0, 8, 4, 11, 1, 9, 12, 2, 13], "R": [[0.7078031519984265, -0.6529830793712098, 0.2694954472268227], [-0.28735250400580725, 0.08236698268993858, 0.9542768039746897], [-0.6453241328686581, -0.7528803213110621, -0.12933671296220145]], "T": [0.10158893491514326, -0.03916291671786399, -0.0565430406579464], "aligned_model": [[0.4145996045805364, -0.5448074000442857, -0.24458514207600268, -0.3176772235004148, -0.2907953008715817, 0.5780823932565685, 0.20869283499281804, 0.6367388347103782, -0.02298401568253733, 0.2508889285999255, -0.01933976551510566], [0.25984153706361235, -0.5847001332550525, 0.4362165066027658, 0.10794116145720001, -0.02100919079179054, -0.02523516520326336, 0.7188194366559504, -0.5134568933518099, -0.7465455093668935, 0.06581689736882648, -0.14094209874294591], [-0.43690997039293344, -0.1638980302964153, -0.002947779207986806, -0.6237884235654302, 0.5237690284619457, 0.21826992444892063, 0.08234467280974678, -0.3639193970995401, 0.14150643382153308, 0.6306635397723752, 0.0014789937838276743]], "inverted": true, "swapped": false, "error_lsq": 0.043328536412041534, "error_max": 0.2492107468746493, "target": "831.xyz", "model": "12.xyz", "model_rescale": 4.124412569039231, "target_rescale": 3.8054084949606035},
{"mapping": [2, 7, 0, 4, 3, 8, 1, 11, 9, 6, 12], "R": [[-0.21382295694872616, -0.964559912842518, 0.1546089183033681], [0.14624384589693176, -0.1880928484307056, -0.9712022538619328], [0.9658635931739936, -0.18505473489337676, 0.18127952028446118]], "T": [-0.1260597986891194, -0.07851643220774523, 0.002735564867895719], "aligned_model": [[0.5052777706224232, -0.41754039964200595, -0.5307623782311058, -0.19432174120870935, -0.45763818522871624, 0.5821920907234627, 0.29765614054654455, 0.6724723092283857, 0.05219861152467911, 0.21301344007401188, -0.07373390995867099], [0.16687054567377246, -0.6168085927465561, 0.3354512248832138, 0.37149901366518506, -0.03299627957496794, -0.13733621369678312, 0.6072837917452374, -0.5164703924656409, -0.5815059983446598, 0.06092213659093487, -0.10016268729313632], [-0.5297995215920385, -0.13275717916899835, 0.04291011388477584, -0.6384373146496076, 0.6326062381413966, 0.101809352256548, 0.11678447793773046, -0.39863167676468464, 0.354682588645395, 0.5623774495317724, -0.10497553568624576]], "inverted": true, "swapped": false, "error_lsq": 0.047756270873740105, "error_max": 0.24027387263407762, "target": "831.xyz", "model": "13.xyz", "model_rescale": 3.9028299243045295, "target_rescale": 3.8054084949606035},
{"mapping": [3, 13, 10, 4, 14, 6, 7, 2, 12, 9, 15], "R": [[-0.6853217816858336, 0.07008720003697028, -0.7248598760711843], [-0.6759008807098004, -0.43174741597295785, 0.5972873414499843], [-0.2710941810564571, 0.8992674536486082, 0.34325790858431426]], "T": [0.12820908006518195, -0.19869878772269048, -0.1229687664431079], "aligned_model": [[0.515236634381073, -0.6143946654586044, -0.430357688427065, -0.11360634437841635, -0.3918697871051221, 0.6829236323625816, 0.09503598145720976, 0.6663883055497757, -0.1270490506528208, 0.22726774898007102, 0.13923898174161659], [0.19240182498965167, -0.4409465265405861, 0.2775667103239231, 0.24228313207658844, -0.1293788787055898, 0.050421174814940156, 0.6752045014993221, -0.599068356255734, -0.8177161548242495, 0.22035354343318422, -0.11437442237485135], [-0.41612304011900303, 0.027054771599740943, 0.005588390321943845, -0.5773073195002013, 0.5896064049736814, 0.1502331222472561, 0.11329494734481947, -0.42664145109757584, 0.06650702327655726, 0.5215682614531176, -0.04721211796429316]], "inverted": false, "swapped": false, "error_lsq": 0.04357594697538046, "error_max": 0.26646225220506414, "target": "831.xyz", "model": "14.xyz", "model_rescale": 3.942246331269136, "target_rescale": 3.8054084949606035},
{"mapping": [4, 0, 5, 3, 7, 11, 10, 13, 8, 6, 14], "R": [[0.34549835809744833, 0.005045500058491137, 0.9384057904132558], [0.9326192950084875, 0.10916189842265567, -0.34395483789392156], [-0.10417358172703584, 0.9940111784391169, 0.03300972596431273]], "T": [0.002861817407879004, 0.01403073027579492, -0.05759446831191783], "aligned_model": [[0.4294751637048513, -0.5257073968498995, -0.5243436151113711, -0.10991787231037237, -0.40835425774010276, 0.6573423392532836, 0.3724161255617495, 0.5724802620566831, 0.0970012411399247, 0.16244268565927303, -0.07402092691372048], [0.27662916336245835, -0.47693526651924667, 0.3175655647271558, 0.24583481851266709, -0.1658107406884844, -0.14665911563962258, 0.599173437315779, -0.3869100124627771, -0.6361465680927627, -0.025939445468597534, -0.04405528660997004], [-0.3620728626592564, 0.08482905010489222, -0.23842752498544084, -0.7284860666826041, 0.6700990750085744, 0.18724230303012646, 0.1157206832646118, -0.476773660106353, 0.35136540242524067, 0.4769387120216463, -0.07386611888539388]], "inverted": false, "swapped": false, "error_lsq": 0.04506902703459469, "error_max": 0.21324217051280925, "target": "831.xyz", "model": "15.xyz", "model_rescale": 4.355366556412066, "target_rescale": 3.8054084949606035},
{"mapping": [1, 6, 10, 8, 3, 0, 9, 2, 4, 5, 11], "R": [[0.010855846407812633, -0.9427459385152227, 0.3333350356800523], [0.5504097578483805, 0.28394263926242375, 0.7851278087508914], [-0.8348240827048877, 0.17494762936873665, 0.5219790014111698]], "T": [0.036993790373503, 0.06591030978027335, 0.048759849972151985], "aligned_model": [[0.35124416814024734, -0.5705961169469652, -0.4492616849624568, -0.14746418328684302, -0.36018330281827854, 0.7045387285929007, 0.31239089464763603, 0.41787703629328093, 0.10967450922804939, 0.2913446801936825, -0.010750980630954692], [0.2969294945389096, -0.46511413608977237, 0.3423256599178046, -0.015866523750133033, -0.12084215107401586, -0.13908895248918968, 0.7350610471124494, -0.44794501158625244, -0.6766031209818085, 0.09864682705398647, -0.05075658421537907], [-0.32869756451552345, -0.10917528041442731, -0.24173277558559803, -0.6903774317717408, 0.5370127392085654, 0.17632597601304661, 0.21107199035986285, -0.49124576428192235, 0.24297892571254504, 0.640362611292169, 0.06004556651906678]], "inverted": false, "swapped": false, "error_lsq": 0.04359312025876604, "error_max": 0.1927841089001818, "target": "831.xyz", "model": "16.xyz", "model_rescale": 3.795458400668931, "target_rescale": 3.8054084949606035},
{"mapping": [5, 11, 4, 10, 7, 6, 1, 9, 8, 0, 12], "R": [[-0.8313868144749722, 0.12665849383631433, -0.5410670851717694], [0.555176102736917, 0.2313527117523525, -0.7989088919987569], [0.023988740421428678, -0.9645898344394623, -0.2626613630305076]], "T": [-0.020153858233926403, -0.01211253964377237, 0.11362204881626906], "aligned_model": [[0.5871700437437122, -0.4852626702875695, -0.6101927581640654, -0.13960319162084386, -0.41111853736887627, 0.6224775511708802, 0.5121740505337573, 0.395841542824879, 0.11138996303495638, 0.1570478926021906, -0.09111013801872182], [0.17213046456343292, -0.6069046134914416, 0.2271387032380198, 0.12776536430343152, -0.14247940071750378, -0.1740848912810907, 0.6439002769603518, -0.4386631914626772, -0.671033458777731, 0.3672109785594191, 0.05176631654238856], [-0.3333553527514025, -0.17833094579253375, 0.013079879886893672, -0.5970605046440535, 0.6249201817569675, 0.2484021659673053, 0.08089905946644002, -0.5519215235855723, 0.19240160027712308, 0.5328160319635427, -0.025281600008666638]], "inverted": false, "swapped": false, "error_lsq": 0.05307671545905348, "error_max": 0.23856792105927827, "target": "831.xyz", "model": "17.xyz", "model_rescale": 3.7474275329858107, "target_rescale": 3.8054084949606035},
{"mapping": [2, 5, 12, 9, 10, 1, 7, 0, 8, 11, 13], "R": [[-0.4906277609097377, -0.18706193085624562, 0.851053602453471], [-0.15924463401492905, -0.9409884646269365, -0.2986333135745103], [0.8566945469431615, -0.2820435134219075, 0.43188645472447706]], "T": [0.07771483898997233, -0.0828329044574611, -0.0083929126878843], "aligned_model": [[0.570840560464026, -0.612859581498587, -0.515362926798445, -0.2544359746011109, -0.3492642037875214, 0.724927473386872, 0.15859032821456828, 0.6343299884506192, 0.004452826928318054, 0.13949884144203156, 0.14809641624952774], [0.12638864507169112, -0.2922242887072905, 0.3693884057824793, 0.16676466255931816, -0.2769789378668499, 0.01918991831090018, 0.6649162115503634, -0.5899081551507456, -0.7878839525162612, 0.2549880971786637, -0.09789405777566926], [-0.4741032194698977, -0.0582141394805323, 0.04630236686886111, -0.5328936823976732, 0.4980017804158963, 0.21347544089386775, 0.03343646441118652, -0.3719814937876122, 0.1115660321164331, 0.6270568254508796, -0.08607738248536567]], "inverted": true, "swapped": false, "error_lsq": 0.04600819674871415, "error_max": 0.23231359260492626, "target": "831.xyz", "model": "18.xyz", "model_rescale": 3.922800546911778, "target_rescale": 3.8054084949606035},
{"mapping": [13, 1, 5, 8, 0, 7, 12, 11, 2, 3, 14], "R": [[-0.6811387927681534, -0.20320238495967194, -0.7033908840275398], [0.725001997586467, -0.3211545809699706, -0.6092879767545353], [-0.10208843461418704, -0.924969472938812, 0.3660729785839444]], "T": [0.034208093943685944, -0.15578579747160737, -0.14711484607901237], "aligned_model": [[0.49991446527047606, -0.6481602646669895, -0.4602900834396475, -0.23574892144027115, -0.390674409402172, 0.7287860239943106, 0.23045656623128402, 0.6895205362732416, -0.03538513754960833, 0.1556521943869429, 0.114742778792732], [0.17387283766267947, -0.4396126692986149, 0.3802204472344315, 0.16215969478736997, -0.08634581214494702, 0.036405158797303716, 0.5703015611431294, -0.37336144752455286, -0.7359911965936851, 0.013601955709656527, -0.14450398133617132], [-0.5295498167697408, -0.10470312680575442, 0.07805748434017196, -0.5948028265060072, 0.5691920591405786, 0.19760990567764103, 0.0828802176749118, -0.3216715766880487, 0.26718871382326204, 0.4576234139350507, -0.09525545528602122]], "inverted": true, "swapped": false, "error_lsq": 0.04214744501863258, "error_max": 0.2259699031135175, "target": "831.xyz", "model": "19.xyz", "model_rescale": 3.9282355846067225, "target_rescale": 3.8054084949606035},
{"mapping": [1, 9, 4, 0, 8, 5, 3, 2, 7, 6, 13], "R": [[0.4801532203838515, -0.4793152401987577, -0.7346494303191313], [-0.8583414189541265, -0.0840716900933727, -0.5061442081390055], [0.18083941346629454, 0.8736068059705415, -0.4517834161399857]], "T": [-0.03139021481116849, -0.16472690825095118, 0.02223187232111252], "aligned_model": [[0.4338127908700255, -0.6164601469482847, -0.3872032968191303, -0.14358664431228071, -0.6196447974085701, 0.6300985543741946, 0.24563041176463146, 0.616660728168454, 0.24468000394637895, 0.22030944187219575, 0.024516702942684494], [0.1429101007380155, -0.5336430467386652, 0.3565233796229247, 0.35939968508758724, -0.0659640950537696, 0.011096912493487543, 0.5342080823382337, -0.46604606213558175, -0.6767299042387155, 0.01958437666412663, -0.12459288034104332], [-0.47821435906855253, 0.026577273357731645, 0.05483605921803068, -0.5718222191212232, 0.49427427710136224, 0.16082748750807696, -0.011002455161240949, -0.38758876303702844, 0.2452474385812639, 0.5962707970775213, -0.12283654391989778]], "inverted": false, "swapped": false, "error_lsq": 0.049728109963689156, "error_max": 0.27470867635892804, "target": "831.xyz", "model": "20.xyz", "model_rescale": 4.067790424073018, "target_rescale": 3.8054084949606035},
{"mapping": [8, 3, 12, 0, 11, 5, 1, 4, 6, 13, 14], "R": [[0.7768162969802284, -0.6278340554924091, 0.04879384704940692], [-0.627969833243772, -0.7781042503027873, -0.014410558508517387], [0.04701413916808073, -0.019446707296934772, -0.9987049095171169]], "T": [0.05021135202926707, 0.0023392371968421893, -0.029519314520004468], "aligned_model": [[0.4716879162645287, -0.6638679909552057, -0.6587578232166426, -0.19620434267146142, -0.3576398559935495, 0.6239805302254455, 0.45376904702227505, 0.6008593786189054, 0.09476256892748691, 0.259363746659525, 0.020860573568991223], [0.1665539339407754, -0.4493588608775696, 0.2792755731971842, 0.05363332346918265, -0.13971370866041027, -0.021503873897469494, 0.7036560563799098, -0.48747899510232034, -0.7075434506034558, 0.10546084369238759, 0.05376570689838541], [-0.37673529326924216, -0.1285371753817857, 0.058132503781318214, -0.6936776176673809, 0.4516361766330676, 0.10717946771053491, 0.10686619505375519, -0.34469758924169236, 0.17453622039557795, 0.6305903090815644, 0.02127579544032652]], "inverted": true, "swapped": false, "error_lsq": 0.045148996506475844, "error_max": 0.2520376208297054, "target": "831.xyz", "model": "21.xyz", "model_rescale": 4.186013935880536, "target_rescale": 3.8054084949606035},
{"mapping": [4, 2, 9, 11, 1, 6, 10, 3, 0, 7, 12], "R": [[-0.17818518986825438, -0.8689965554635117, 0.4616221666083268], [-0.6063133367989668, 0.4664527296546601, 0.644054336696384], [-0.7750059198040468, -0.1651267319069455, -0.6099991694079715]], "T": [-0.04479453359671695, -0.07824239012569209, -0.06398685833430326], "aligned_model": [[0.5602401591086035, -0.6054904831560505, -0.45770549531342275, -0.03238931639945944, -0.3011539233021767, 0.45834318399979757, 0.13042243457388428, 0.602442161782567, 0.010023570136326793, 0.2930350202811567, -0.008953563260927527], [0.2948593187733104, -0.561665293508254, 0.37856175278026094, 0.12484674663752757, -0.14384374616746046, -0.2797971901810079, 0.7258790527355534, -0.4900393004864948, -0.6455684449739589, 0.23524965390013494, -0.08173600107301207], [-0.21346690452137176, -0.10425535095474872, 0.01529285506373354, -0.6619558306287847, 0.6179952245151445, 0.06282382230272449, 0.07380701610762, -0.5776468816068847, 0.37977497418375605, 0.5069051373531813, -0.09270506927832653]], "inverted": false, "swapped": false, "error_lsq": 0.050488728252368324, "error_max": 0.3270523752782502, "target": "831.xyz", "model": "22.xyz", "model_rescale": 4.166573947596378, "target_rescale": 3.8054084949606035},
{"mapping": [5, 3, 12, 6, 9, 7, 13, 0, 8, 10, 15], "R": [[0.9489009168691185, -0.27884204772049825, -0.14776387375805322], [-0.31366550610875565, -0.8848004815647399, -0.3445896952904175], [-0.034655450400834384, 0.37332990805163724, -0.927051120225671]], "T": [-0.13107795028056654, -0.09526228899213679, -0.03010965228929206], "aligned_model": [[0.5312091053715798, -0.5223865878482791, -0.5569837003966669, -0.21372910985300314, -0.4034532218904834, 0.5706114300519013, 0.3724352843949663, 0.5185924372086583, 0.12088942956876378, 0.32357488462576756, -0.09194620278290613], [0.2866722438164761, -0.5511573356574899, 0.3991002186215022, 0.29287556994434666, -0.21314121544850545, -0.0853392481114722, 0.563825573587132, -0.4942714976607416, -0.7530583536128896, 0.1995736894631429, -0.0883330965049019], [-0.3565508411200262, -0.05164819000568706, -0.09003759496392134, -0.6794365501214995, 0.49177676868275444, 0.10745195005138251, 0.13986314201325814, -0.3224721017510326, 0.3672515399307077, 0.4869046401862934, -0.08653377036618606]], "inverted": true, "swapped": false, "error_lsq": 0.0450034226180333, "error_max": 0.18821302218882907, "target": "831.xyz", "model": "23.xyz", "model_rescale": 4.274766983524099, "target_rescale": 3.8054084949606035},
{"mapping": [3, 8, 1, 0, 9, 5, 2, 6, 7, 4, 10], "R": [[0.8698584089062903, 0.48618412622181423, -0.08349457386530193], [0.3744319477749816, -0.5405298773167598, 0.7534110220944225], [0.32116516769483394, -0.6866239488525433, -0.6522273284075802]], "T": [0.04753289475379791, -0.08039754779844967, -0.09716495178812767], "aligned_model": [[0.49377126592783693, -0.42698119116719413, -0.40753394536491505, -0.21515904284884224, -0.47881420511398315, 0.7460603192751573, 0.22996960973345587, 0.3782405227678728, 0.07043519166432054, 0.28647896655118116, -0.027653742974591118], [0.19647202578385065, -0.6375818707276691, 0.35230341327569736, 0.17397034372469428, -0.16919090131357484, -0.2797693042083316, 0.8457667042515516, -0.5267801767992929, -0.5662626895779018, 0.23480957187602947, -0.06699056784845354], [-0.29773623365124824, -0.19408316601450168, 0.07795623429079546, -0.7393948668815375, 0.5682220986371054, 0.2750598305006206, 0.09624689899104905, -0.47977450396411325, 0.30835080041103546, 0.4783607673501544, -0.08663886713331617]], "inverted": true, "swapped": false, "error_lsq": 0.05183066212031162, "error_max": 0.26052419436034685, "target": "831.xyz", "model": "24.xyz", "model_rescale": 3.7841303162186577, "target_rescale": 3.8054084949606035},
{"mapping": [4, 14, 8, 2, 10, 6, 1, 3, 13, 7, 15], "R": [[0.7781862605569277, -0.5973643029809708, 0.19386086094022342], [-0.14897027695176718, -0.47544222246337264, -0.8670424151585681], [0.6101098265602181, 0.6458409886521204, -0.4589721308658215]], "T": [-0.020904976405244635, -0.0313293666596853, 0.046389568077969866], "aligned_model": [[0.47703168791769435, -0.5849288754480966, -0.23169687389725732, -0.24556078293694822, -0.49173298783640335, 0.6967399144313227, 0.19189599125550627, 0.5722357428557521, 0.054270847885165174, 0.16316407294611235, 0.047395011277451285], [0.22331472215839035, -0.5891588749014265, 0.49716069043187633, 0.19035150663373676, -0.17142526899073052, -0.03255234269099425, 0.676997647031632, -0.45817232628955223, -0.8082780711967343, 0.0717707698242167, -0.0432619035738151], [-0.44749281590764267, 0.047887351052099174, -0.11399378251035563, -0.6385778668666976, 0.6496716141219656, 0.13011989250602507, -0.031231200025624663, -0.2927137533479851, -0.005565251058460431, 0.6614460752609667, 0.04701872931175319]], "inverted": false, "swapped": false, "error_lsq": 0.04786725582468041, "error_max": 0.2709943813406538, "target": "831.xyz", "model": "25.xyz", "model_rescale": 4.19342608120988, "target_rescale": 3.8054084949606035},
{"mapping": [1, 6, 10, 8, 3, 0, 9, 2, 4, 5, 11], "R": [[0.010855846407812633, -0.9427459385152227, 0.3333350356800523], [0.5504097578483805, 0.28394263926242375, 0.7851278087508914], [-0.8348240827048877, 0.17494762936873665, 0.5219790014111698]], "T": [0.036993790373503, 0.06591030978027335, 0.048759849972151985], "aligned_model": [[0.35124416814024734, -0.5705961169469652, -0.4492616849624568, -0.14746418328684302, -0.36018330281827854, 0.7045387285929007, 0.31239089464763603, 0.41787703629328093, 0.10967450922804939, 0.2913446801936825, -0.010750980630954692], [0.2969294945389096, -0.46511413608977237, 0.3423256599178046, -0.015866523750133033, -0.12084215107401586, -0.13908895248918968, 0.7350610471124494, -0.44794501158625244, -0.6766031209818085, 0.09864682705398647, -0.05075658421537907], [-0.32869756451552345, -0.10917528041442731, -0.24173277558559803, -0.6903774317717408, 0.5370127392085654, 0.17632597601304661, 0.21107199035986285, -0.49124576428192235, 0.24297892571254504, 0.640362611292169, 0.06004556651906678]], "inverted": false, "swapped": false, "error_lsq": 0.04359312025876604, "error_max": 0.1927841089001818, "target": "831.xyz", "model": "26.xyz", "model_rescale": 3.795458400668931, "target_rescale": 3.8054084949606035},
{"mapping": [8, 7, 10, 5, 3, 1, 11, 6, 0, 9, 12], "R": [[-0.7365914880756007, 0.18810142666880475, -0.6496543950284123], [0.014288669698719933, -0.956004711034454, -0.29300311670385176], [-0.6761869664618011, -0.22510629881256178, 0.7014972135526246]], "T": [0.1469197205288355, 0.05915332124980307, 0.14608485105900956], "aligned_model": [[0.5590539736613043, -0.5147811864448055, -0.46511133991395337, -0.07641352675985633, -0.3867825916182497, 0.6736252592650229, 0.14108089255415496, 0.41714029516547596, 0.016144310617748903, 0.2482239386155138, 0.03663372330794301], [0.27627058651338304, -0.32040243717931993, 0.3275242932688686, -0.023988577147212066, -0.2397461896848979, -0.20858286777963767, 0.7709253546450691, -0.3914758298759102, -0.7370204770333444, 0.1376862294160276, -0.03444353670642716], [-0.4140554533519287, -0.13373193646984807, -0.10106172678508879, -0.568107107217379, 0.5594823392222891, 0.11070436067457351, 0.07593449612345236, -0.4903907328203949, 0.346779313321642, 0.5558949629989303, 0.06512047683979619]], "inverted": true, "swapped": false, "error_lsq": 0.04889428425187474, "error_max": 0.2402373833317004, "target": "831.xyz", "model": "27.xyz", "model_rescale": 3.6321398670334006, "target_rescale": 3.8054084949606035},
{"mapping": [6, 3, 1, 4, 0, 9, 13, 12, 8, 11, 14], "R": [[0.6105360511781053, 0.4531363279427803, -0.6495484573997379], [-0.039002400366078785, -0.8019511857244417, -0.5961150127960593], [-0.7910275235271715, 0.3892836549531652, -0.47194670568696084]], "T": [0.008062704390693391, -0.13151275522662725, 0.08112471020475731], "aligned_model": [[0.47071436429111496, -0.6086843357095149, -0.44731619197047756, -0.19680671619334927, -0.3242071585468238, 0.6468653006145654, 0.3420693557654451, 0.5329314080210206, 0.08840502504534814, 0.1456377044763442, -0.0007950073433744195], [0.217191380618745, -0.4156667285172129, 0.3097371433574968, 0.16004467112547366, -0.27793960903230863, -0.016409379183395884, 0.6132183736951022, -0.5417928740356466, -0.6418339725856073, 0.21865236653580872, -0.06845482354185575], [-0.4368195960449427, -0.021050080977109864, -0.1314682903730761, -0.6668659581912654, 0.5886359011039328, 0.24004172345796493, 0.09822542265895245, -0.40845960216587607, 0.06900107957542903, 0.6016853150062006, 0.07364307848583372]], "inverted": false, "swapped": false, "error_lsq": 0.03288823365336023, "error_max": 0.15536001310987615, "target": "831.xyz", "model": "28.xyz", "model_rescale": 4.156811204709835, "target_rescale": 3.8054084949606035},
{"mapping": [9, 8, 5, 7, 1, 4, 6, 2, 3, 10], "R": [[-0.401010190362713, 0.5414658736981356, 0.7389218733029734], [-0.23975476453883704, -0.8405373102778722, 0.4858134239723797], [0.8841427939570552, 0.017656093881574603, 0.46688304985580437]], "T": [-0.14606784337356843, 0.06376511417338415, 0.00792271880732159], "aligned_model": [[-0.5551995806534753, 0.09531625990359227, -0.034734547248611886, 0.7226961505079708, -0.055144899248078194, -0.7011826648923987, -0.46681024765382884, -0.4879534007253029, 0.16312902709300026, -0.03719072297227967], [-0.032978611795168034, -0.5962635732400081, 0.03485218844041739, 0.031151173033805463, -0.4862133720919676, -0.49280952714592663, 0.6636467975986722, 0.3127907905655234, 0.4682924710666396, 0.01625199419421646], [-0.47247368097640097, -0.1257759749351423, -0.6653027347807982, -0.2830595042596006, 0.6159040046358889, 0.07657753191809413, -0.2880313303769556, 0.4594221692150868, 0.486687146986259, -0.045160900451331504]], "inverted": true, "swapped": true, "error_lsq": 0.05377881087099647, "error_max": 0.32365141253166824, "target": "831.xyz", "model": "29.xyz", "model_rescale": 4.117894457231895, "target_rescale": 3.8054084949606035},
{"mapping": [8, 12, 10, 7, 11, 5, 6, 1, 3, 9, 14], "R": [[-0.6168004157977398, -0.7205534661598212, -0.3167963848859434], [-0.18496315599069119, -0.25852278703122983, 0.9481321635255124], [-0.7650790011480506, 0.6434039718486924, 0.026181119373100747]], "T": [0.023200408897535267, -0.1374505057933344, -0.007472606536983986], "aligned_model": [[0.5814213742151915, -0.6335501193882461, -0.39533296074330576, -0.1677526857265787, -0.3961406614100965, 0.7606429599375439, 0.22121282866771344, 0.5681817153537757, 0.03344577659290731, 0.08344607250115169, -0.006760551549757396], [0.13872818271041726, -0.529225755155148, 0.44294557043242067, 0.1516854765176453, -0.1741116237314355, 0.0747427768791109, 0.47151438481981767, -0.4478893013903799, -0.6748650207525897, 0.20085751348732028, -0.09763565538057956], [-0.34496982512303, 0.047014276703189646, -0.055338856567498894, -0.5614951333719853, 0.5827075858565249, 0.3197952749213873, 0.034268103289734966, -0.5964136542321431, 0.09662769420086888, 0.5138163313062453, -0.029442804447250243]], "inverted": false, "swapped": false, "error_lsq": 0.042295999670982715, "error_max": 0.2243271273456492, "target": "831.xyz", "model": "30.xyz", "model_rescale": 4.100398675895297, "target_rescale": 3.8054084949606035},
