[{"mapping": [3, 7, 5, 6, 2, 9, 0, 1, 10, 8, 15, 11, 14, 16], "R": [[-0.36095441877712164, -0.7728435689148698, -0.5219432206209764], [0.8646707426164335, -0.06767827351001504, -0.4977591366894727], [0.3493657316171921, -0.6309773920527031, 0.6926839945386019]], "T": [-0.1189441560994424, 0.07867232128122412, 0.1706880899587987], "aligned_model": [[0.11972209501678241, 0.18195726567067552, -0.5533026055662348, -0.4135889672128783, -0.655662954333173, -0.004393929114390432, -0.772324626128964, 0.03136648863601174, -0.3367445854737433, 0.4160894626714686, 0.5921973355730307, 0.2376024671042374, 0.5557046114744448, -0.027129957188963716], [-0.5126178826466166, -0.3439659732738526, -0.47605745589532, -0.3678784356424306, 0.22302309485841018, 0.3508702449099963, 0.16562372577674853, 0.3978980451187637, 0.7602490335605792, -0.07890017113702052, 0.4931550739221835, 0.7159963958686764, -0.192005230632897, 0.09988286702281454], [0.32803589412169193, -0.3856078013970351, 0.33028315498732785, -0.1430414866498259, 0.4907686875711726, -0.5533090142466452, -0.213838927471731, 0.6408197047897377, 0.0919588706162035, 0.707745320694517, 0.3953153049241025, -0.08975179077129347, 0.13980232864570183, 0.15840784136590946]], "inverted": true, "swapped": true, "error_lsq": 0.03220224726073171, "error_max": 0.19189738567404707, "target": "832.xyz", "model": "0.xyz", "model_rescale": 3.8414455957264533, "target_rescale": 4.292681217503277},
{"mapping": [4, 2, 15, 10, 1, 11, 13, 8, 7, 14, 9, 5, 6, 3, 16], "R": [[0.49790159981238846, -0.1809020368512112, 0.8481559113555406], [0.6773291835268617, -0.5296470000156185, -0.5105871448805687], [0.5415894884939141, 0.8287029072216042, -0.1411818597248314]], "T": [-0.0694334765018012, 0.08575841645765897, -0.18526670486802507], "aligned_model": [[-0.7465484308802673, -0.6116879092406219, 0.06854725070975842, -0.11964019058176428, -0.41511208160525215, 0.3175563850366544, 0.6124128572121902, -0.2782290392388982, 0.5715743579269532, 0.28876794559412744, 0.61417585327336, -0.4073760671886731, 0.07226521189604487, -0.07985396460123254, -0.014808024807834469], [0.2492255928904154, 0.12136069834482488, -0.632715889312288, -0.4000282404414938, -0.36070294710298895, -0.5695612290362968, -0.2702965637735117, -0.12367127653581234, 0.44685635708273436, 0.03847980346233347, -0.044785924998765686, 0.7242162700453043, 0.672007984214825, 0.4664117807454608, 0.03024811245827347], [0.2511367909327069, -0.5259254943879976, 0.25374531089533414, -0.7141076465277046, -0.021863397786329536, -0.3333592817837063, 0.10325157350264438, 0.5303198722429995, 0.00798739176221952, 0.44626136332274735, -0.5416677853743468, -0.17984935467655228, -0.3297738551238317, 0.3498393087796746, -0.1308130084383233]], "inverted": false, "swapped": true, "error_lsq": 0.0376667642634398, "error_max": 0.21645814462720656, "target": "832.xyz", "model": "1.xyz", "model_rescale": 4.316132596720782, "target_rescale": 4.292681217503277},
{"mapping": [0, 10, 9, 3, 7, 5, 14, 4, 11, 2, 1, 16], "R": [[-0.9033082981119485, 0.22156784508615887, 0.3673442643978142], [0.08970646137384287, 0.9349246486455607, -0.343320043316376], [-0.41950788949658446, -0.2771706899707308, -0.86440126056784]], "T": [-0.028998954827530805, 0.012724229121673532, -0.03537643801314213], "aligned_model": [[-0.0452675689514271, 0.6143422589850931, 0.09620985406814202, -0.5673903437720919, -0.5433945588826398, -0.5559955345174179, -0.275267563151281, -0.21414611624885035, 0.5557139777467409, 0.15680884025467945, 0.3835091148156059, -0.007313805714772668], [-0.6857857366390385, -0.30158706105542793, -0.5483142395409769, 0.384940119224272, -0.17879774593153536, -0.007525702806545218, 0.42667226894059834, 0.632280634486824, -0.10743167584326971, -0.0681074794108143, 0.4145556785719816, 0.051877367744912126], [0.27145702238715136, 0.038803257407940696, -0.565417815533431, -0.08954339863731911, -0.5620133223913455, 0.45831123485611014, -0.5806928781058919, 0.4720923586133999, -0.5301589629913942, 0.5731443104910422, 0.08248223436989874, -0.11920557925674016]], "inverted": false, "swapped": true, "error_lsq": 0.042118452351004025, "error_max": 0.22087652683546327, "target": "832.xyz", "model": "2.xyz", "model_rescale": 3.795458400668931, "target_rescale": 4.292681217503277},
{"mapping": [9, 10, 15, 4, 7, 3, 1, 0, 2, 5, 14, 16], "R": [[-0.1856237098375403, 0.8040980336902597, 0.5647744599055509], [-0.9647444689672233, -0.25827188331155276, 0.050633426586142574], [0.186579602162989, -0.5354642719231244, 0.8236905156371167]], "T": [0.07049194069022365, -0.022559578960847936, 0.032183805300874155], "aligned_model": [[-0.030759602019805696, -0.06838957472824213, -0.7796854152531002, 0.15894368462376812, 0.12530191578776023, 0.1326370071564574, -0.3006028556774645, 0.6518266898143088, 0.39674291121653055, 0.6856409881309818, -0.36257480256913766, -0.015777120738491454], [-0.09135447858399909, -0.6990038244827258, -0.031950131549460636, 0.12612926518294587, 0.567487126507719, 0.5778221511191113, -0.2783001996208495, -0.3829866845373729, -0.468432740382455, 0.19581087098984318, 0.5613851810187193, 0.009162509628233558], [-0.7400860037119409, -0.1710826186625216, 0.10349888141626999, 0.8357521639258556, -0.4447550423332657, 0.29107332818252135, 0.4095529548046415, -0.3061500882426595, 0.35793406444464027, 0.34164942392765374, 0.003323103192079166, 0.00806126369582669]], "inverted": true, "swapped": true, "error_lsq": 0.036824120932627005, "error_max": 0.16858043523229987, "target": "832.xyz", "model": "3.xyz", "model_rescale": 3.7530521520055578, "target_rescale": 4.292681217503277},
{"mapping": [7, 0, 5, 2, 3, 10, 14, 11, 15, 1, 16], "R": [[-0.10755586779356105, 0.1952640971291579, -0.9748352002649008], [-0.99405085937933, -0.004192680445635394, 0.10883616309800892], [0.01716462264046678, 0.9807417365458735, 0.19455339094087976]], "T": [-0.020181388428253483, -0.06840647699394806, -0.05187391175757172], "aligned_model": [[-0.4444520582625362, -0.11540512461116756, 0.4958181121843509, 0.4056347092921484, 0.24079212929860092, -0.25792503569519265, -0.2110599959154524, -0.6209257821708539, -0.27160716602354873, 0.19224189110658105, -0.07491207675772461], [-0.6960831992298724, 0.10692000201610638, -0.3995507266765346, 0.3134571781486901, -0.6389854868936722, 0.5994409419189052, -0.5298945580877688, 0.3347794379101635, 0.15360109975122427, 0.30388302267657374, -0.080364353219469], [-0.12003727045283409, -0.7884339421142733, -0.4339092168809261, -0.34207488174382095, 0.14223026816884385, -0.1769335574116037, 0.47724359424952234, 0.22684403429394095, 0.7326471353446606, 0.3503685110308178, 0.02488610276098875]], "inverted": false, "swapped": true, "error_lsq": 0.04518024736309031, "error_max": 0.27205068163994667, "target": "832.xyz", "model": "4.xyz", "model_rescale": 3.7855080009869324, "target_rescale": 4.292681217503277},
{"mapping": [7, 9, 10, 13, 15, 8, 6, 11, 14, 4, 5, 0, 3, 1, 12, 2, 16], "R": [[0.15933031653997995, 0.24395743681540752, -0.9566078712062359], [-0.692677936380807, 0.7180578692485715, 0.06775081447059084], [0.7034281247451631, 0.6518264074373314, 0.28339232149944604]], "T": [0.02661434659777914, 0.09391526447436531, 0.04894278091555681], "aligned_model": [[-0.20621362229235315, -0.44571789132476874, -0.5082733908298602, 0.6568033916168431, 0.0013095742982417967, 0.14893234857559012, 0.412156029223343, 0.7771290414206813, 0.12430334244882854, 0.03655741655693619, -0.6517682844244099, -0.30601366331460256, -0.5985093253654554, 0.24573404029482554, 0.5498122325331077, -0.22880738500908118, 0.019044526874338663], [-0.617115126439534, 0.5561356639182643, -0.11051650719770588, 0.10716504188558168, 0.34883423058256474, -0.20687718967592578, -0.43186442718130597, -0.0004921288668649354, 0.7379155363440016, -0.42567601852990117, -0.25220472139134215, 0.054329818968724554, 0.3548008742680079, 0.19443921448054757, 0.49258493126642744, 0.7066631453413194, 0.14583373076779516], [0.008987906679341184, -0.21595074223297672, -0.4016868154880121, -0.3082040373705816, -0.7344435196431466, -0.5754545924629845, 0.08041332059441902, 0.2944039086684871, -0.13386287669469701, 0.5751811469162843, 0.32298877328004727, 0.7534039103232495, 0.20248658167951422, 0.7665676371591494, 0.2232750267648601, 0.37311165834629, 0.037370275444494866]], "inverted": true, "swapped": false, "error_lsq": 0.03337178292196286, "error_max": 0.2414418278980722, "target": "832.xyz", "model": "5.xyz", "model_rescale": 4.2253639853439635, "target_rescale": 4.292681217503277},
{"mapping": [10, 2, 6, 9, 0, 3, 7, 11, 4, 1, 5, 14, 15, 16], "R": [[0.5787992583903856, -0.3919215095328368, -0.7151146403565252], [0.1742781775590853, -0.7972245274395993, 0.5779793851647236], [-0.7966294843359891, -0.4591629157654289, -0.39312959882507714]], "T": [0.014253158954478914, -0.028253989284798175, 0.0003460125511515616], "aligned_model": [[0.5178991840456869, -0.12373292827446038, -0.5033117234262435, 0.3413005232715319, -0.19661995907804458, -0.403529432351266, -0.1928254686718518, 0.7555045443753076, -0.3501213054468251, 0.34479030227634055, -0.6858041071537407, 0.09188572514195852, 0.7021851142469154, 0.07644168380247476], [-0.21556103590481, 0.1333916340989787, -0.36780913905521745, -0.7201758341539768, -0.5706230912500906, 0.23261379631877216, -0.45388528819614715, -0.24262742857440903, 0.7027435348048678, 0.4363821665103616, 0.062444555207195204, 0.13415101800728535, 0.3328152919362739, -0.01876103311409336], [-0.47865177808234816, -0.6047873077591783, 0.03879446186715442, 0.16056290652339011, -0.49330963445226855, 0.4347993713756993, 0.595817549868022, 0.07602172979419751, -0.092001482422944, -0.14241437255779427, -0.15313548889809198, 0.7053063130111713, 0.35298486203326557, 0.07157107863117343]], "inverted": true, "swapped": true, "error_lsq": 0.04358884323928171, "error_max": 0.30719861664197945, "target": "832.xyz", "model": "6.xyz", "model_rescale": 3.89814844738969, "target_rescale": 4.292681217503277},
{"mapping": [8, 15, 13, 4, 7, 12, 1, 3, 2, 10, 9, 0, 16], "R": [[0.9198659316899922, -0.10826316249881579, 0.3769956967418304], [-0.3921773652772029, -0.2376860329368532, 0.8886519363119472], [-0.006601657392996979, -0.9652898204127591, -0.2610976459625198]], "T": [-0.027703868633492758, 0.005853140177932467, 0.12099403197269952], "aligned_model": [[-0.04215648354204946, -0.11227546166438929, 0.44473320549200324, -0.33280669992349415, 0.7282306711785196, -0.5708634817723701, -0.4631087108279936, 0.33980450676861385, -0.5637118408933417, -0.49262199165979614, 0.32706096771105364, -0.12176479986009786, 0.008111919897564504], [-0.378153019560313, 0.2804422363336987, 0.4729499016234662, -0.7318125726694821, 0.07372370696998516, 0.4448786575471936, -0.024482809818297258, -0.5125152341427045, -0.15921847145537033, 0.5468009415294467, 0.6850980755786567, 0.22354180744634655, 0.04252804608785973], [-0.5512045427601715, -0.6823888363053225, -0.3622824883957548, -0.07500532718209559, 0.17185138217510834, -0.3947109176397805, -0.2727374012090362, -0.04506571231010058, 0.4321252259799151, 0.21799272696454403, 0.2764079941958657, 0.8463158900835988, 0.04097703723952564]], "inverted": false, "swapped": true, "error_lsq": 0.04428764359452702, "error_max": 0.24603180158698387, "target": "832.xyz", "model": "7.xyz", "model_rescale": 3.7474275329858107, "target_rescale": 4.292681217503277},
{"mapping": [7, 6, 0, 9, 2, 11, 13, 15, 10, 12, 14, 8, 3, 4, 16], "R": [[0.4900148293188937, 0.368611338738454, 0.7899437625559305], [-0.6902106139442673, -0.38944046021938233, 0.6098732953186204], [0.5324422742854411, -0.8440745280468783, 0.06358785777321466]], "T": [0.13198599614189893, -0.032712202656641556, -0.057329185358735185], "aligned_model": [[-0.4036092168275816, 0.234636159758438, 0.5167615353443373, -0.31833687786578435, 0.757402820954695, -0.3026365936438684, -0.6732105955991983, -0.3781694389340136, 0.2878948915484405, 0.040007970395600445, -0.47420298090617036, -0.07564199992177145, -0.003467339035925776, 0.5488381485181586, 0.04588723855339097], [0.1688663783699207, 0.1553094397323707, -0.4243666715924102, -0.5532432725309846, -0.14659673331272494, -0.6183191503428087, -0.17720407747958422, -0.13421568930709393, -0.7125277329695467, -0.5130973640864828, 0.347053532273611, 0.4583713021420185, 0.606601209053016, 0.567699789870586, -0.035212997840293615], [-0.5584616587652965, -0.6393602810632724, -0.5873123680050107, -0.428330513481617, 0.027758487638064128, 0.20592755113818154, 0.018254645314748463, 0.6189947262238387, 0.12078704864017481, 0.6599486581295264, 0.07565253379610462, 0.5041404391382288, -0.12271092405652631, 0.3186946338997174, -0.017188322850600582]], "inverted": true, "swapped": true, "error_lsq": 0.04158105643671264, "error_max": 0.269462441396095, "target": "832.xyz", "model": "8.xyz", "model_rescale": 4.019505241142653, "target_rescale": 4.292681217503277},
{"mapping": [3, 7, 14, 8, 4, 1, 11, 5, 2, 0, 9, 10, 16], "R": [[0.7979101341549604, -0.5873208747311554, 0.1356230360884296], [0.2680597459273628, 0.14421460501056463, -0.9525471748501512], [0.5398920173758551, 0.7964021206693747, 0.2725073792893542]], "T": [0.009785519697596369, -0.05776268717647232, 0.061310646220652895], "aligned_model": [[-0.24209448511630358, -0.6549449473961693, -0.12824026295996135, 0.35552354543033393, 0.3329169014457996, 0.5849089177889052, 0.27213119954601456, -0.2802265463675321, 0.2922363485728943, -0.2805971783405959, -0.3372196980810522, 0.38187178115993936, 0.023435196058903394], [-0.5038335393032416, 0.1005369091138919, -0.030952882292380614, -0.3657861018030948, -0.8029992973474503, -0.10104701703371063, 0.6600975563374907, -0.6743375004542823, -0.32270691109437083, 0.06666247415143894, 0.6406135396326217, 0.4055267284927079, -0.008395730285561225], [-0.3496896873748712, -0.27291166948955714, -0.652553027483873, -0.5592595160266933, -0.06463654648849836, -0.05218662996098496, -0.06902667417664858, 0.30129288360305595, 0.5725658571064548, 0.7559500349702003, 0.11826058643392605, 0.46763177918735604, -0.018733896255987578]], "inverted": true, "swapped": true, "error_lsq": 0.038497918454566786, "error_max": 0.20142999918782126, "target": "832.xyz", "model": "9.xyz", "model_rescale": 3.877068213659057, "target_rescale": 4.292681217503277},
{"mapping": [13, 15, 4, 10, 1, 11, 0, 8, 14, 3, 6, 7, 9, 2, 5, 16], "R": [[0.2659896767466315, 0.7687364335758239, -0.5816302842505241], [-0.9272372885070755, 0.36901882523456453, 0.06368765519744496], [0.26359154513426486, 0.5223690288633362, 0.81095628428301]], "T": [0.017019636481717382, 0.0038336030864753196, 0.0359484381324357], "aligned_model": [[0.13376231896433904, -0.24268858503009388, -0.7096530250799344, 0.48242261917706747, -0.2656120846927384, 0.38418683067333464, 0.6159328348149334, -0.6904245967523653, -0.3457439307134958, -0.4767447709438556, 0.17157956382176867, 0.14539612821111852, 0.6755750419968264, 0.03749814977062697, -0.20128570939450058, 0.0012077404940631954], [0.08177419060706081, -0.4555714107069502, -0.08784528974971922, -0.54443084534946, -0.5087795388920933, -0.4039489047445404, 0.11570725873013273, -0.1275384805365233, 0.26299234089286516, 0.4346269754924008, 0.5432173138974601, 0.6567278352614178, 0.14320568978832887, -0.29290238571446725, 0.39115010587333415, -0.006585977715698155], [-0.7735135928512997, -0.6344799563279124, 0.40903825829399426, 0.06738551838760906, -0.017616147189959033, -0.5118088802649607, 0.49542082960875045, -0.2500315702176336, -0.5390390138049777, -0.0082985550827753, 0.30019421735435287, -0.3326685858247156, -0.36187749156950266, 0.6041774294919837, 0.6053267620277321, -0.0571748949206439]], "inverted": true, "swapped": true, "error_lsq": 0.03468168060171746, "error_max": 0.21867086487085122, "target": "832.xyz", "model": "10.xyz", "model_rescale": 4.260839863003843, "target_rescale": 4.292681217503277},
{"mapping": [9, 10, 2, 0, 5, 6, 7, 13, 1, 4, 3, 16], "R": [[0.030268498571584146, 0.5969607962289523, 0.8016992115250693], [0.9965048297095025, 0.044453854624661726, -0.07072467161214102], [-0.07785847648045621, 0.8010378658806994, -0.593528765154173]], "T": [0.05477022037221903, -0.031438447559466676, 0.012209351890657645], "aligned_model": [[0.4062995562633041, 0.15735148053421022, -0.42420960300748506, -0.41851206858585815, -0.5915835139784799, -0.3328613976839534, 0.25338959121432497, 0.8208731890951914, 0.2316227356662564, -0.2843238551708267, -0.006788559360666732, 0.14764109410811332], [-0.037551526077016444, -0.6971017242232541, -0.43892184780088833, -0.238256735315638, 0.266011913816084, 0.3475341844580585, 0.6046112848541619, 0.18490728571575982, -0.39055052034525806, 0.047013533027691845, 0.5396607672422894, -0.014278109819056334], [-0.6861995736730275, -0.24186075437977073, 0.13827048983777968, -0.5495358601957211, 0.13716176563067042, -0.2890726809773036, -0.35469798765152316, -0.19080082940096885, 0.4426553937560699, 0.7568667798630837, 0.3306433633410683, 0.02274797124514779]], "inverted": false, "swapped": true, "error_lsq": 0.03739559172869943, "error_max": 0.25689650585477247, "target": "832.xyz", "model": "11.xyz", "model_rescale": 3.890672605050136, "target_rescale": 4.292681217503277},
{"mapping": [6, 7, 14, 5, 3, 10, 9, 2, 0, 11, 8, 13, 1, 16], "R": [[-0.5741322210119, -0.08268241125645884, 0.8145770753371103], [-0.36763264206912316, -0.8629260494552715, -0.34670574505882407], [0.7315862445954123, -0.49852006182332936, 0.465036896039922]], "T": [0.12294106433800256, -0.06364580631368369, 0.18035102912874307], "aligned_model": [[0.43810978546461044, 0.22407976483829478, 0.24879274154140152, 0.7534146447709444, 0.6815854942312286, -0.48714909400088313, -0.43973645202764655, 0.20932829105442496, -0.014254645605851823, -0.6115115118821749, 0.40509035285132466, -0.291717744204157, 0.009162598954307197, 0.08468160880787012], [-0.3689397746970702, 0.17028939194453288, 0.6159823671126107, -0.41328349317086255, 0.24944374192120441, -0.35029297796506154, -0.10232140463612976, -0.5461794402903041, -0.7795198833508808, 0.1847767671915346, 0.5691472984032548, 0.5419753794559313, 0.13869372016050385, 0.022380827748501572], [-0.2579566944586131, -0.536360348389491, -0.04688921418525857, 0.13431272555201867, 0.03462748301099841, 0.43294859328516466, -0.36120550688480696, 0.5939381932420031, -0.04554553014763127, 0.18177941912885975, 0.5260173397255913, -0.18871999458621608, 0.7203836807203556, 0.16746028934388643]], "inverted": true, "swapped": true, "error_lsq": 0.040408373411190475, "error_max": 0.27673145129751753, "target": "832.xyz", "model": "12.xyz", "model_rescale": 4.124412569039231, "target_rescale": 4.292681217503277},
{"mapping": [6, 4, 8, 0, 3, 7, 2, 9, 1, 10, 13, 15, 16], "R": [[-0.5121135343123697, -0.7409648275537042, -0.43440862365105376], [0.6039051967079812, -0.670263294764089, 0.4313300697622214], [-0.6107685661223798, -0.0414516588365008, 0.7907234147390063]], "T": [0.025476115063630095, 0.09433042167914513, 0.01978796162270037], "aligned_model": [[-0.181882368261031, 0.012639830489388021, 0.5732754685659468, -0.6282194194218269, 0.36276837209389867, 0.4030381955530403, -0.5321840055349373, 0.09909478162411023, 0.11131753649525336, -0.30817491272032316, 0.6938544887076407, 0.6495186432763213, 0.11225169664227663], [-0.377909123682887, 0.6650884721847834, 0.5797069382784884, -0.2825661159697765, 0.05032832883995626, -0.551104178828981, 0.40359798388500273, -0.4763048048000454, 0.6567071719261994, 0.24507824820937796, -0.16572016899711317, 0.5033451839957637, 0.09723744146770853], [0.36423195076134907, 0.6111631960908694, 0.2724656972937413, -0.09404859048508854, 0.581608008729408, 0.15939800506695695, 0.08852345492073067, -0.5096844184528897, -0.12815029945973966, -0.5999976595323739, -0.38093190141695793, -0.39403978793868205, -0.018839574609484586]], "inverted": true, "swapped": true, "error_lsq": 0.03971962446528947, "error_max": 0.23212856861605724, "target": "832.xyz", "model": "13.xyz", "model_rescale": 3.9028299243045295, "target_rescale": 4.292681217503277},
{"mapping": [11, 7, 13, 9, 10, 1, 7, 0, 15, 6, 2, 3, 8, 4, 5, 16], "R": [[-0.35121749410806336, 0.8628476940611323, -0.36351083709545656], [0.8483031421376375, 0.12893263155698043, -0.5135739046711811], [-0.3962676505493023, -0.48874352514706426, -0.7772398058224742]], "T": [0.0013195113092193955, 0.010715952118732202, 0.1577303746489292], "aligned_model": [[0.0023505952348781556, -0.4810222176348943, -0.08700363507160908, -0.5745512996295431, -0.02386955793786187, 0.5438270864621664, -0.4810222176348943, -0.5651925206101912, 0.5319605717006543, -0.471094291586576, 0.1335676302429437, 0.1224191443872954, 0.6537432662967876, 0.6023647080715228, -0.10468109641483697, 0.02604310570475466], [-0.6016490674004991, 0.38824890337198215, -0.10353346944422544, -0.3422549839761668, -0.6986004169482716, -0.21538465296348727, 0.38824890337198215, -0.21867421348156635, -0.2660504528786112, 0.3637707485375821, -0.1597154358295934, 0.6454532788456308, 0.3145028550865864, 0.43985572580378096, 0.517191090377581, 0.0008434696483960967], [-0.3178160707973108, -0.29331866883115415, -0.6510207985721836, -0.236185350359648, 0.2778050643196778, 0.16701128123499748, -0.29331866883115415, 0.6146459927997758, -0.45037815284394006, 0.34963373580595836, 0.7617331728363095, 0.04031052502489704, -0.12788701659438123, 0.5186152821353172, 0.6618234003681962, 0.06650638192897548]], "inverted": false, "swapped": true, "error_lsq": 0.04319133814086118, "error_max": 0.2999573443165362, "target": "832.xyz", "model": "14.xyz", "model_rescale": 3.942246331269136, "target_rescale": 4.292681217503277},
{"mapping": [10, 9, 11, 7, 3, 13, 1, 12, 2, 15, 8, 4, 6, 5, 16], "R": [[-0.6764118968693235, -0.7361420305617132, -0.023703514805218838], [0.7312096943068722, -0.675042812878437, 0.09823229475492215], [-0.08831380823684573, 0.049113253014280885, 0.9948811786605779]], "T": [-0.15103380814623904, -0.08645841709774106, 0.038947539883581066], "aligned_model": [[-0.704125929845308, -0.352217050798151, -0.2453548115498757, 0.20069368832770842, 0.38868704785824393, 0.26225342465409596, -0.09444367823968369, -0.26263890751035424, -0.6018210084421017, 0.26666287284479673, 0.48678372831949746, 0.13129623770002016, -0.22702211360249042, -0.18551463048207717, -0.08894483270211095], [0.23830615477906897, -0.4341718607793553, 0.19288914596194434, -0.7070922520132825, -0.2912000068651641, -0.13784179474318003, 0.4977233802022215, 0.6761436191433314, 0.13339500274923533, 0.489463616316973, 0.327396749891051, 0.24531248690960988, -0.6633240790681295, -0.40549553483337825, -0.06335993776929498], [-0.28785394344162263, -0.631877277030004, -0.6781332710233557, -0.22511935234125124, 0.35219870934840664, -0.6692090673768425, 0.07137087784376023, -0.3606770357098484, 0.43871144146636926, -0.43202894916293094, 0.18534844015735208, 0.7359927341339564, 0.2536593838455314, 0.6861641678289516, -0.029184378177956057]], "inverted": true, "swapped": true, "error_lsq": 0.03906219989630067, "error_max": 0.24654439742915912, "target": "832.xyz", "model": "15.xyz", "model_rescale": 4.355366556412066, "target_rescale": 4.292681217503277},
{"mapping": [0, 10, 9, 3, 7, 5, 14, 4, 11, 2, 1, 16], "R": [[-0.9033082981119485, 0.22156784508615887, 0.3673442643978142], [0.08970646137384287, 0.9349246486455607, -0.343320043316376], [-0.41950788949658446, -0.2771706899707308, -0.86440126056784]], "T": [-0.028998954827530805, 0.012724229121673532, -0.03537643801314213], "aligned_model": [[-0.0452675689514271, 0.6143422589850931, 0.09620985406814202, -0.5673903437720919, -0.5433945588826398, -0.5559955345174179, -0.275267563151281, -0.21414611624885035, 0.5557139777467409, 0.15680884025467945, 0.3835091148156059, -0.007313805714772668], [-0.6857857366390385, -0.30158706105542793, -0.5483142395409769, 0.384940119224272, -0.17879774593153536, -0.007525702806545218, 0.42667226894059834, 0.632280634486824, -0.10743167584326971, -0.0681074794108143, 0.4145556785719816, 0.051877367744912126], [0.27145702238715136, 0.038803257407940696, -0.565417815533431, -0.08954339863731911, -0.5620133223913455, 0.45831123485611014, -0.5806928781058919, 0.4720923586133999, -0.5301589629913942, 0.5731443104910422, 0.08248223436989874, -0.11920557925674016]], "inverted": false, "swapped": true, "error_lsq": 0.042118452351004025, "error_max": 0.22087652683546327, "target": "832.xyz", "model": "16.xyz", "model_rescale": 3.795458400668931, "target_rescale": 4.292681217503277},
{"mapping": [8, 15, 13, 4, 7, 12, 1, 3, 2, 10, 9, 0, 16], "R": [[0.9198659316899922, -0.10826316249881579, 0.3769956967418304], [-0.3921773652772029, -0.2376860329368532, 0.8886519363119472], [-0.006601657392996979, -0.9652898204127591, -0.2610976459625198]], "T": [-0.027703868633492758, 0.005853140177932467, 0.12099403197269952], "aligned_model": [[-0.04215648354204946, -0.11227546166438929, 0.44473320549200324, -0.33280669992349415, 0.7282306711785196, -0.5708634817723701, -0.4631087108279936, 0.33980450676861385, -0.5637118408933417, -0.49262199165979614, 0.32706096771105364, -0.12176479986009786, 0.008111919897564504], [-0.378153019560313, 0.2804422363336987, 0.4729499016234662, -0.7318125726694821, 0.07372370696998516, 0.4448786575471936, -0.024482809818297258, -0.5125152341427045, -0.15921847145537033, 0.5468009415294467, 0.6850980755786567, 0.22354180744634655, 0.04252804608785973], [-0.5512045427601715, -0.6823888363053225, -0.3622824883957548, -0.07500532718209559, 0.17185138217510834, -0.3947109176397805, -0.2727374012090362, -0.04506571231010058, 0.4321252259799151, 0.21799272696454403, 0.2764079941958657, 0.8463158900835988, 0.04097703723952564]], "inverted": false, "swapped": true, "error_lsq": 0.04428764359452702, "error_max": 0.24603180158698387, "target": "832.xyz", "model": "17.xyz", "model_rescale": 3.7474275329858107, "target_rescale": 4.292681217503277},
{"mapping": [13, 7, 9, 3, 15, 1, 11, 0, 8, 10, 4, 5, 2, 16], "R": [[0.12412803332011324, 0.26420773918326723, -0.9564447197301826], [-0.044464002578234345, 0.9644121228074921, 0.2606380821305083], [0.9912694809277667, 0.010174867940835303, 0.1314583137104038]], "T": [-0.009168789608351786, 0.05193766349032766, 0.019261960084174655], "aligned_model": [[0.5668662218742119, 0.2642762464442924, 0.7423869673511123, -0.407495096196526, 0.22664546095773083, -0.16048413033790024, 0.6451371886957089, 0.1787029353479192, -0.38645768107509837, 0.3836550099288649, -0.8034836113176614, -0.5569854001962524, -0.31336654752285387, 0.03545008392932865], [-0.41774062509898513, 0.13695108209020096, 0.2103738311372776, -0.08633585426067794, -0.759820847661532, -0.3611653160541044, -0.28986711274955224, 0.767571601155682, -0.6124504582481481, 0.1162092251952441, -0.14353596759524653, 0.4865198238027282, 0.34071577860791, -0.02701691880956253], [-0.3307642381849022, -0.6854581569149177, -0.12718665203094462, -0.4842860554281206, 0.13508647355398537, 0.4090974175471261, 0.2563053817110481, 0.20607709522396137, -0.10628503803257314, 0.6190458883521924, 0.09993546207880577, -0.16211687052509519, 0.5044698819966398, -0.009125870685550402]], "inverted": true, "swapped": true, "error_lsq": 0.036487936074366074, "error_max": 0.2189305198470431, "target": "832.xyz", "model": "18.xyz", "model_rescale": 3.922800546911778, "target_rescale": 4.292681217503277},
{"mapping": [10, 2, 1, 11, 3, 0, 5, 13, 6, 15, 8, 14, 9, 7, 16], "R": [[0.1316842608775685, 0.9891407668762254, 0.06526713369408255], [-0.5642639682235137, 0.020661749041088723, 0.8253358506033872], [0.8150248030592578, -0.14551163331526396, 0.5608573214001419]], "T": [0.006772504528339343, -0.01927494227289031, -0.0956037521598744], "aligned_model": [[-0.22928999496530017, -0.2788270563790291, 0.3798731411833655, 0.16043892460860437, 0.3010820437870326, -0.7521925300268146, -0.26765980389224725, 0.38827603097493807, -0.4032560095785615, 0.7221568441742512, 0.7479144640799404, 0.5650056325527192, -0.28606630116406384, -0.029005952561158524, 0.07760140409394141], [0.5697466145889367, -0.1355212093644329, 0.13463830368104399, 0.7352153320552243, -0.5503785545792211, 0.039188693898026886, -0.6818765021477488, 0.43708670425236795, -0.37942298029273025, 0.4454599984903017, -0.2252164697476923, -0.08776203990104231, 0.5153230669957517, -0.1254437237101719, 0.026574270815965487], [-0.43547171714090027, -0.6579875173722837, -0.5229545630769397, -0.004678181909224671, 0.15470578472253568, -0.14928514616310637, -0.18225855028061952, 0.47107205956158105, 0.19904756515252967, -0.11051148643643754, -0.18401877192954477, 0.3659767058164839, 0.39412645253926604, 0.6567778027997758, -0.051881269119786765]], "inverted": false, "swapped": true, "error_lsq": 0.03534178030274353, "error_max": 0.2713423977774636, "target": "832.xyz", "model": "19.xyz", "model_rescale": 3.9282355846067225, "target_rescale": 4.292681217503277},
{"mapping": [13, 15, 8, 11, 9, 12, 10, 2, 0, 6, 3, 7, 5, 16], "R": [[0.3056479541247896, -0.23329183459773195, 0.9231220114640076], [0.37798652409455835, 0.9195786492898401, 0.10724409248619557], [-0.8739024635176657, 0.3161487429680818, 0.36924850247151625]], "T": [0.08025492853763777, -0.07152225437903875, 0.09090185927277199], "aligned_model": [[-0.5906315101427766, -0.08630484293793175, 0.3679917863273909, -0.41361594889971864, -0.6625903918469473, 0.09464113813555974, -0.022670895195043422, 0.5613655226899555, -0.009797689689711397, 0.0014310439772344252, 0.2286273415709839, -0.4648443208421222, 0.5012567478534217, 0.027664838084381325], [-0.5247577186924614, -0.7101958775785091, -0.7887951013211678, -0.16153037558184907, 0.15321636855267406, -0.26908185678925545, 0.2985702284125231, 0.3240032569461295, 0.6806837265206582, 0.21755383921194443, -0.47078350370553756, -0.22454076137921744, 0.14390817260719974, -0.14536830977829532], [-0.048458712568452425, -0.4497730936086362, 0.04349198291429958, -0.49996741271401873, -0.004275093680613115, -0.7543676869491742, -0.517883785043506, -0.062225438303638345, 0.18257683264547586, 0.6339222988523273, 0.5908219508821112, 0.5989196318242275, 0.6369880908812259, 0.06241359211205402]], "inverted": true, "swapped": true, "error_lsq": 0.04320355502120537, "error_max": 0.27245852096924716, "target": "832.xyz", "model": "20.xyz", "model_rescale": 4.067790424073018, "target_rescale": 4.292681217503277},
{"mapping": [10, 4, 11, 9, 15, 8, 13, 2, 1, 5, 5, 7, 6, 3, 16], "R": [[-0.01550599541744832, -0.9323936592760795, -0.3611116562060494], [-0.21246376025984842, 0.35597999350310394, -0.91002054636243], [0.977045912269408, 0.06261236592951924, -0.20361968704019826]], "T": [0.1287788449577032, 0.01818050856643348, -0.03656482980158644], "aligned_model": [[0.1978107979353587, 0.017716857162714705, -0.2569074007032935, 0.2024709308495588, -0.6915297214652042, -0.503161539464292, -0.4187008600447051, 0.48006808201982537, -0.2383934260881388, 0.6002444431484902, 0.6002444431484902, 0.1356401360055014, 0.6051378601803657, -0.00621555195037915, 0.04401890317322271], [-0.16184213295139993, 0.8122395496690061, -0.4786750704729482, -0.7529705116321516, -0.07138133924611557, 0.40788095271760094, -0.5822198802302128, 0.42863972911501447, 0.3351940472552917, 0.42260068483231, 0.42260068483231, -0.4783269837806451, -0.08237244295034847, 0.24334968186700223, -0.023821829096866656], [-0.7301126433980906, 0.14451433650762208, -0.4899047194283099, -0.14277618301582098, -0.25347054754005854, 0.1832201720353827, 0.0847517578685172, -0.38221624867419834, -0.36854228025107383, 0.3322542096238144, 0.3322542096238144, 0.5396843742025982, 0.34764941124310317, 0.5654479378008507, -0.027504212977010004]], "inverted": false, "swapped": true, "error_lsq": 0.043832729335800194, "error_max": 0.36243305243833523, "target": "832.xyz", "model": "21.xyz", "model_rescale": 4.186013935880536, "target_rescale": 4.292681217503277},
{"mapping": [10, 0, 2, 15, 13, 1, 11, 9, 5, 6, 7, 3, 16], "R": [[0.29789442566646224, -0.7169238670690676, 0.6303007853268012], [-0.5102620735066057, 0.43844581462427096, 0.7398634225174258], [-0.8067784872550754, -0.5420197749761472, -0.23520849482367528]], "T": [0.10658050639189681, 0.03771885817323752, -0.006885428045914552], "aligned_model": [[-0.002410953578284275, -0.3527457990983372, 0.3602316773081324, 0.41008150207368826, -0.20449887241206122, 0.5886710781637174, -0.11499657976791011, -0.6009867955127111, 0.2182365073991584, -0.23619306474177976, -0.4072389161957238, 0.2954065613333449, 0.10501769045199164], [-0.4209687234226279, 0.2959855755495748, 0.22529093686532822, -0.6817744870056524, -0.4980491138139035, -0.2843871567643765, -0.7049228958795692, -0.2943338626463752, 0.7473284767306183, 0.5537361281853066, 0.19761184770380533, 0.41388341732022826, -0.030443483276263873], [-0.550860331767367, -0.5588322192079839, -0.5653060597973185, 0.3369052509747618, 0.532665004236681, -0.10362468426418445, -0.029759475954051793, 0.014903901905597369, -0.08337137303523731, 0.022810471431045472, 0.5307517593377199, 0.49728613161883267, 0.05931118585685062]], "inverted": true, "swapped": true, "error_lsq": 0.0449252282968911, "error_max": 0.235193897713486, "target": "832.xyz", "model": "22.xyz", "model_rescale": 4.166573947596378, "target_rescale": 4.292681217503277},
{"mapping": [15, 13, 9, 10, 11, 14, 7, 8, 12, 2, 4, 0, 6, 3, 5, 16], "R": [[-0.03863659045820946, 0.9857340315621399, 0.1638158505701297], [-0.9886410644637524, -0.061538060356134384, 0.13712006703463772], [0.14524482618580042, -0.15665722501006848, 0.9769147630773125]], "T": [0.0122325105048178, 0.03455658072461351, 0.05785551820656042], "aligned_model": [[-0.7729661748425455, -0.3957667396778801, 0.24524897712032767, 0.11102238377408909, -0.26473168373435785, -0.4847086073451923, 0.12863332316230836, -0.685370844175214, -0.5118237445002165, 0.2662148356730776, -0.26142731466712665, 0.7416712653512673, 0.5026704824453252, -0.16138702260744903, 0.39168005931430183, -0.06172595426995878], [-0.15715549287070127, 0.20633636844136702, -0.024260115282519118, -0.6476050940923941, -0.37732362906211847, 0.5143805388057408, 0.6407931521197305, 0.24380441665005212, -0.6423066645221109, -0.34446171783354207, 0.16748565474477825, -0.1814595131649105, 0.4132187981914188, 0.6240610290418244, 0.3659760603181368, 0.04822364613692631], [-0.21543016470530174, -0.6342143374315461, -0.6862071092548904, -0.14969722710353073, -0.5377802177402393, -0.17059518017805694, -0.38661943350934075, 0.3206966020713164, -0.08684608553542883, 0.5086258710891469, 0.8214616678203204, -0.002009017225825506, 0.0849647639760771, 0.28955527930674774, 0.5755848483969865, -0.00022972681234174896]], "inverted": true, "swapped": true, "error_lsq": 0.03726287756039409, "error_max": 0.27818144104411824, "target": "832.xyz", "model": "23.xyz", "model_rescale": 4.274766983524099, "target_rescale": 4.292681217503277},
{"mapping": [3, 6, 7, 14, 9, 11, 1, 10, 2, 0, 16], "R": [[-0.2057236679270702, -0.25757597855636055, -0.9441040131920666], [0.36506994052781755, -0.9152963034239421, 0.17016643459120442], [-0.9079656992296836, -0.30965673286592715, 0.28233135995342695]], "T": [0.04381164148330574, -0.0010530878710342528, -0.0018904327471847907], "aligned_model": [[0.13260338510604056, 0.23100925387175092, -0.36927519082086946, -0.4066586540848629, -0.5360232591630432, -0.5732876380762608, 0.09469589790884796, -0.04462064904422092, 0.5906187384732305, 0.3008412456496814, -0.04000842586221928], [-0.07352788512654893, 0.5313582656490554, 0.43406703788361334, -0.22476416892957704, 0.4592661137990232, -0.14696653785628178, -0.5546197452000039, -0.029880133758633146, -0.04547434852968653, 0.6079820411203476, -0.04185410780782485], [-0.6485800384971079, -0.25907634803641577, -0.4695010159542433, -0.5276290483856226, 0.24967067631836568, 0.44424199862479075, 0.18915101899977546, 0.7119238730445304, 0.3303512766461924, 0.3793438872323898, -0.020329845971077447]], "inverted": false, "swapped": true, "error_lsq": 0.04694284136697338, "error_max": 0.24316211854518086, "target": "832.xyz", "model": "24.xyz", "model_rescale": 3.7841303162186577, "target_rescale": 4.292681217503277},
{"mapping": [0, 5, 7, 8, 3, 14, 4, 2, 6, 9, 10, 1, 13, 15, 11, 16], "R": [[-0.5320569069389938, 0.39309988061254797, -0.7499252840389579], [-0.8402623893257245, -0.13605377054865683, 0.5248318669861026], [0.10428118173062476, 0.9093744307939905, 0.40269539326266246]], "T": [0.032907932212190794, -0.03210282075086446, -0.01085121188089079], "aligned_model": [[-0.14110884907409754, 0.2436432039339408, -0.6295217218158456, 0.37743446068431397, 0.04913619586164997, -0.21589997301525032, 0.7233802716240959, 0.5045324298443113, -0.2344231040518836, -0.6585116062104048, 0.09603408406880129, 0.47527882586752224, -0.5223905055313997, 0.09517644400502451, -0.24284561539212268, -0.0020719923258776043], [0.2007950491923196, -0.5413948037777911, -0.3994761741306527, -0.3419590073328047, -0.6673520769952038, -0.38291866551195725, -0.47209248719925356, 0.13147319876425753, -0.38056746600917907, 0.3316777374956799, 0.676441321901364, 0.18680629601258317, 0.09012516353472116, 0.24284160506601826, 0.5841958316427107, -0.021783054284850924], [-0.7164037290618939, -0.477836537525986, 0.05881718179851583, 0.6094802700570794, 0.15509770211893553, 0.575999788213656, 0.0620269898438746, -0.41355336267043474, -0.44875062786492836, -0.04228365304169836, -0.12113456783478634, 0.30838048922093625, 0.5821381080883784, 0.794446096117451, 0.3702948940718037, 0.07690097428635055]], "inverted": false, "swapped": true, "error_lsq": 0.04342416053146108, "error_max": 0.38681329601624964, "target": "832.xyz", "model": "25.xyz", "model_rescale": 4.19342608120988, "target_rescale": 4.292681217503277},
{"mapping": [0, 10, 9, 3, 7, 5, 14, 4, 11, 2, 1, 16], "R": [[-0.9033082981119485, 0.22156784508615887, 0.3673442643978142], [0.08970646137384287, 0.9349246486455607, -0.343320043316376], [-0.41950788949658446, -0.2771706899707308, -0.86440126056784]], "T": [-0.028998954827530805, 0.012724229121673532, -0.03537643801314213], "aligned_model": [[-0.0452675689514271, 0.6143422589850931, 0.09620985406814202, -0.5673903437720919, -0.5433945588826398, -0.5559955345174179, -0.275267563151281, -0.21414611624885035, 0.5557139777467409, 0.15680884025467945, 0.3835091148156059, -0.007313805714772668], [-0.6857857366390385, -0.30158706105542793, -0.5483142395409769, 0.384940119224272, -0.17879774593153536, -0.007525702806545218, 0.42667226894059834, 0.632280634486824, -0.10743167584326971, -0.0681074794108143, 0.4145556785719816, 0.051877367744912126], [0.27145702238715136, 0.038803257407940696, -0.565417815533431, -0.08954339863731911, -0.5620133223913455, 0.45831123485611014, -0.5806928781058919, 0.4720923586133999, -0.5301589629913942, 0.5731443104910422, 0.08248223436989874, -0.11920557925674016]], "inverted": false, "swapped": true, "error_lsq": 0.042118452351004025, "error_max": 0.22087652683546327, "target": "832.xyz", "model": "26.xyz", "model_rescale": 3.795458400668931, "target_rescale": 4.292681217503277},
