[{"mapping": [13, 0, 12, 11, 6, 3, 5, 7, 4, 10, 9, 1, 8, 15], "R": [[0.08187748286531837, -0.8441231655532994, -0.5298605091681364], [-0.4500779226246475, -0.5056635743534397, 0.7360259595544068], [-0.8892277218831638, 0.17821456435538735, -0.4213236614363098]], "T": [-0.06281038715797241, 0.04622772405783598, 0.18753147244898943], "aligned_model": [[0.15137175253867147, 0.4045090706188825, -0.4791437538954533, -0.4020907408285165, -0.6410006380014384, -0.1976844437866413, -0.6930805350421947, -0.25409215494353976, -0.2738563745738316, 0.2497880703116618, 0.6035111122466209, 0.2845896300913997, 0.6347495975398408, -0.016078491147158085], [-0.7018134375674622, -0.1792759833919716, -0.48612046516119917, -0.23981140105265086, 0.23356310699029778, 0.2952047326718448, 0.2710878695329581, 0.6445965007897825, 0.6875644672940291, -0.22635340522789332, 0.37759371488602295, 0.5223722661949138, -0.09223294103249063, 0.1288983068838534], [0.30144885697315593, -0.49388574034669835, 0.47762570276434335, -0.17471135431507534, 0.5901102646428216, -0.5836967884658348, 0.01940264769988792, 0.5510723132868862, -0.11673587937694141, 0.6360691085561738, 0.5112557449797293, -0.13581245364833522, 0.182900572890282, 0.1325450915394388]], "inverted": true, "swapped": true, "error_lsq": 0.04668390061894229, "error_max": 0.29219411157304165, "target": "833.xyz", "model": "0.xyz", "model_rescale": 3.8414455957264533, "target_rescale": 4.144873802160344},
{"mapping": [4, 7, 0, 9, 1, 8, 13, 3, 12, 11, 10, 6, 14, 5, 15], "R": [[0.26835145280669154, 0.45373845250843503, -0.849769918561365], [-0.5125719579284608, 0.814140286164239, 0.27284717772004796], [0.8156331808613002, 0.36234929441032704, 0.4510493355703075]], "T": [0.02384921313384466, 0.02595438344526168, -0.04438156352469409], "aligned_model": [[-0.681648136361999, -0.5042232861409567, 0.14909668113022015, -0.1751747068391831, -0.4744705752650355, 0.2202503589024888, 0.7956142388030366, -0.38555424304212305, 0.5641962381936447, 0.20011381667559042, 0.4075153746049296, -0.12989215784422273, 0.23531660676754942, -0.2854435602887853, -0.06365249579060964], [0.07523220990630869, 0.38161693812193936, -0.7179704314501687, -0.39237926677451335, -0.4252702950342707, -0.5885523828222122, -0.12067697829103147, -0.2260181079223238, 0.5201392419142022, 0.14071006769239766, -0.03463668561753742, 0.7305026062344251, 0.5448753005781156, 0.49943035768944977, -0.03995804618176615], [0.17533879076666647, -0.3928631746930699, 0.36115235260070516, -0.7106935035679873, -0.039344743400678076, -0.34369871540852415, -0.08036389053083572, 0.6218558311543668, 0.02409578641721148, 0.48845173826306515, -0.5159038615675009, -0.15135627272057223, -0.584370205191801, 0.35087573010903667, -0.03799407489054782]], "inverted": true, "swapped": true, "error_lsq": 0.051181224171832455, "error_max": 0.3758625908840072, "target": "833.xyz", "model": "1.xyz", "model_rescale": 4.316132596720782, "target_rescale": 4.144873802160344},
{"mapping": [4, 11, 5, 9, 7, 1, 14, 8, 12, 0, 13, 15], "R": [[-0.6446527030207524, -0.7086993794920489, 0.28664975491987177], [0.20967390196222446, 0.19667381446099297, 0.9577871713179804], [-0.7351596747128973, 0.6775430615193014, 0.021809458110624125]], "T": [0.0053944009883986205, -0.007673238690396458, -0.07467801168936879], "aligned_model": [[-0.36352476894566954, 0.5029227817381383, 0.11501895415791523, -0.6472394977862822, -0.5521918474854449, -0.4351051504493214, -0.10393454256816136, -0.14862325684235467, 0.5321750229723763, 0.2375508689228159, 0.5268770629801842, -0.06611707206241473], [-0.6428509212733877, -0.2851742809924897, -0.6295814421681547, 0.4399354316705653, -0.23732546932094625, -0.2024694480449745, 0.3348506583559361, 0.5183676948147449, 0.1521552945858671, 0.0361686058950767, 0.578471218624945, -0.04977091440620188], [0.019554710970890524, -0.014610658721252293, -0.3526752955574988, 0.10504576931843133, -0.4786003793434279, 0.39432761038789227, -0.7648299311902288, 0.378469018106657, -0.5623661759285075, 0.7485777703396824, -0.02075911566905172, -0.0028748615041655767]], "inverted": false, "swapped": true, "error_lsq": 0.04457767225883826, "error_max": 0.24181138490906545, "target": "833.xyz", "model": "2.xyz", "model_rescale": 3.795458400668931, "target_rescale": 4.144873802160344},
{"mapping": [4, 1, 0, 10, 5, 12, 8, 7, 9, 14, 11, 15], "R": [[-0.9745794065613536, 0.21609687382309478, 0.059136464473331915], [0.212579858949498, 0.975269934768929, -0.06048436082840503], [-0.07074449713957788, -0.04637559120587686, -0.9964158372209737]], "T": [0.01733761391885698, 0.08724525923785262, 0.06591012196722636], "aligned_model": [[0.0506149463493606, -0.1917028635461797, -0.8037250969876948, 0.21874516347167922, 0.13820670902485332, 0.1963881515228988, -0.24313278095726115, 0.6166084563577511, 0.23025533656982006, 0.7035824091956792, -0.3085834199308844, -0.013953185326457028], [-0.15876325243328995, -0.48645606948751785, -0.1385307142857315, 0.022600257026722206, 0.43080372500307007, 0.7495425136032384, -0.3648754737832063, -0.1399917807410967, -0.6349013664408832, 0.28095442077585553, 0.5272262426674815, -0.0018394566149327468], [-0.6318034867204397, -0.21537364175858403, 0.1578342761540767, 0.6390246841028866, -0.5201172566576243, 0.33083649122816683, 0.5491541073671188, -0.27472698064516765, 0.36882175837928555, 0.3775669069558387, -0.10243957045130712, 0.009994142684850237]], "inverted": true, "swapped": true, "error_lsq": 0.04258188291597695, "error_max": 0.2134702669477971, "target": "833.xyz", "model": "3.xyz", "model_rescale": 3.7530521520055578, "target_rescale": 4.144873802160344},
{"mapping": [2, 4, 1, 3, 8, 5, 10, 6, 12, 11, 15], "R": [[-0.9083077503804488, 0.40948278825942686, 0.08544516790371434], [-0.37633693905491106, -0.7107789889009116, -0.5942758090649308], [-0.18261308524196393, -0.5719414961832051, 0.7997095635554999]], "T": [-0.020253774639531923, -0.10114917441426638, 0.0930629521593441], "aligned_model": [[-0.5865724806171805, -0.031170537502678335, 0.2885028116398344, 0.5025326406323916, 0.3448730168576092, -0.23101074697822763, -0.18153234616498629, -0.6789061319956359, -0.31812628872565485, 0.20355176978937226, 0.026057895510361175], [-0.6527600543267088, 0.1662771286639819, -0.3035782728728945, 0.3488325765555331, -0.7030533714151007, 0.5125570033288159, -0.558183119042178, 0.2083551975403767, 0.1825977807043743, 0.3909731921368832, -0.12481470295873734], [-0.03676912928339879, -0.5974410993326058, -0.4687586583738953, -0.35323782109210733, 0.19394157736496428, -0.14149209907428212, 0.46496814771899075, 0.0500244614407333, 0.7026877220784492, 0.2824727186598609, -0.0035650428613925034]], "inverted": false, "swapped": true, "error_lsq": 0.04542420872912509, "error_max": 0.26322658313097824, "target": "833.xyz", "model": "4.xyz", "model_rescale": 3.7855080009869324, "target_rescale": 4.144873802160344},
{"mapping": [8, 13, 1, 15, 14, 9, 3, 2, 6, 11, 4, 10, 5, 7, 0, 16], "R": [[-0.3625274923210078, -0.9021950299935729, -0.2337048248674764], [-0.062422961324626325, -0.2266943542277262, 0.9719634991401367], [-0.92988020261263, 0.3669520372149068, 0.025865250296949027]], "T": [0.0591349292235299, 0.09595246111731567, -0.03046305628955903], "aligned_model": [[-0.626089868341945, -0.22594241931107498, 0.7650511751804082, -0.549419172665811, 0.16389117235879921, -0.016694727568041724, 0.27244144066746234, 0.5928263924146174, -0.10822432992050648, 0.2841384842836607, 0.3238362421875334, -0.4640095384818874, 0.1287059870358613, -0.28317163791578587, 0.665322343889412, 0.06961966818857107], [0.25382086328660647, 0.753644359545298, 0.259265301483525, 0.15008518431671905, 0.24304654631170283, -0.32702901387414096, -0.5249249109934361, -0.15245986407809833, 0.4487158231743048, 0.8171114531043806, 0.03386586874126319, -0.4095067999886304, -0.6206039618244565, -0.17054778607609025, -0.2961640317573825, 0.09217712096262276], [-0.0012326207558726841, -0.13553403691729715, 0.18888850822512313, -0.5836806084682027, -0.6824499105725882, -0.5981342236161783, -0.257240979323762, -0.47683781631375166, 0.4926296284575815, 0.21801096003175183, 0.657344514058144, -0.07283138580266428, 0.3394153092241172, 0.5804160677726887, 0.26492712235024274, -0.08302320517953525]], "inverted": false, "swapped": false, "error_lsq": 0.0374094400219459, "error_max": 0.2638264346698219, "target": "833.xyz", "model": "5.xyz", "model_rescale": 4.2253639853439635, "target_rescale": 4.144873802160344},
{"mapping": [13, 0, 5, 12, 11, 4, 6, 14, 1, 8, 3, 7, 2, 15], "R": [[-0.5107948738755628, 0.03370106687525956, -0.8590418120871167], [-0.0923462283679795, -0.9956007741316246, 0.015851582088829683], [-0.8547284778973127, 0.08742617823043171, 0.5116599382708831]], "T": [0.07150684100955274, -0.03113906419299571, -0.024023880415134286], "aligned_model": [[0.5613476975736988, -0.21426966545159942, -0.4036241104829865, 0.37303936683076894, -0.23693124846122948, -0.5288697484391451, 0.10136954845263735, 0.6562017923747283, -0.26032162992423885, 0.3942649890623596, -0.7189007283546966, 0.04580012965810981, 0.595342753433264, 0.009613006486112755], [-0.28258690743499226, 0.2981106057473379, -0.4084443747923483, -0.7003141411401071, -0.433141742298906, 0.18290955864723746, -0.44460383875771414, -0.29695043720184056, 0.5533083242387224, 0.46735942351533877, 0.0749213329811705, 0.10717386868662089, 0.2683400909115934, 0.059017383532877346], [-0.585492184344249, -0.7612451896457791, 0.304550506255414, -0.07055968975282688, -0.2912488732247368, 0.35302119158350065, 0.5756621163293639, 0.4153634632407217, -0.00781253966521478, -0.4153155476885605, -0.22145908205485085, 0.6880186381199004, 0.5030017180739632, -0.01492631829519718]], "inverted": true, "swapped": true, "error_lsq": 0.04538976749929797, "error_max": 0.22327162822415805, "target": "833.xyz", "model": "6.xyz", "model_rescale": 3.89814844738969, "target_rescale": 4.144873802160344},
{"mapping": [7, 6, 5, 9, 3, 12, 10, 1, 8, 13, 11, 0, 15], "R": [[-0.3143367549697527, 0.04061819585791682, -0.9484421788598048], [-0.4378236764377903, -0.8926859230872012, 0.1068750254851373], [-0.8423199112128259, 0.4488451903353756, 0.2983876041111924]], "T": [-0.06976717426412261, 0.08861102302024489, -0.07656177737038813], "aligned_model": [[0.11070300238939045, 0.017898785217088084, 0.4543112503560799, -0.3955719731412004, 0.6629497261435686, -0.39188030322882167, -0.6732723471580793, 0.27323393336764606, -0.45518305962550853, -0.6744599977148411, 0.16391344131394808, 0.06098335553060834, -0.0049940125456554435], [-0.28735400111919435, 0.2600547757467071, 0.3728965202791493, -0.6527649486941625, 0.1395719998322244, 0.6971841695304294, -0.002909174942081136, -0.42736839237369145, -0.27098337703998787, 0.4698384676218823, 0.5879691152853911, 0.06985498415777543, 0.007791127186043606], [-0.6705960075073928, -0.7796904391332503, -0.4238273917701886, -0.02366502260156135, 0.29154488530073586, -0.33495021902611266, -0.10125668200416105, 0.18433508843856602, 0.40085753101167987, 0.25120180159666006, 0.07895115011530396, 0.7696777428301828, -0.04030740641416658]], "inverted": false, "swapped": true, "error_lsq": 0.03802830631477142, "error_max": 0.18137106992029858, "target": "833.xyz", "model": "7.xyz", "model_rescale": 3.7474275329858107, "target_rescale": 4.144873802160344},
{"mapping": [7, 4, 3, 5, 0, 12, 6, 14, 11, 13, 2, 10, 9, 8, 15], "R": [[0.866985988731944, -0.48751516015174157, -0.10326792321294889], [-0.4982846275621944, -0.8452119585272533, -0.19320759585929917], [0.006908348406020656, 0.21896509718388182, -0.9757082355589475]], "T": [0.050321531144152776, -0.10338789843557047, 0.0030523366121390765], "aligned_model": [[-0.4799410731529951, 0.04381124486405087, 0.5511905859975579, -0.2007676870186323, 0.9058138473175563, -0.2926167165496597, -0.6292839793989149, -0.6411956141890016, 0.22587583371664316, 0.23696564058658243, -0.46376104036568416, -0.08710955812194296, 0.07187071973588201, 0.4592605461757338, 0.10204097274157074], [0.18911710929504735, -0.053979048555583053, -0.36941126749836384, -0.5401722103416376, -0.11083767477819315, -0.5888135903139045, -0.3055593695273101, 0.0019526363678042669, -0.6474957237321395, -0.2758917920465693, 0.5002495119101076, 0.16771150466663823, 0.7028804856156666, 0.3649767829322025, -0.045609392014172315], [-0.39702045869954, -0.7358307597856569, -0.5913678425593758, -0.46837476850990567, 0.04362589185956879, 0.4362243408081021, -0.16645058993848247, 0.3440692267735296, -0.03267953042734564, 0.7472452699614639, 0.11789481764911955, 0.5329788296283495, 0.0927857775488019, 0.34828579456755915, -0.07459134317992702]], "inverted": true, "swapped": true, "error_lsq": 0.049705486920667744, "error_max": 0.3462348287507652, "target": "833.xyz", "model": "8.xyz", "model_rescale": 4.019505241142653, "target_rescale": 4.144873802160344},
{"mapping": [7, 1, 5, 6, 14, 12, 11, 2, 10, 8, 0, 13, 15], "R": [[-0.010860553764455938, 0.909445529702094, -0.41568122025995713], [0.9989660783252614, 0.02822064242039468, 0.03564224595656386], [0.0441454723315691, -0.4148643439080513, -0.9088117260612151]], "T": [-0.038032816633589456, 0.016770422939552818, -0.030188597169389902], "aligned_model": [[-0.2623689161862828, -0.7029939267299334, 0.07813362342296651, 0.2760926739672088, 0.37964293592291043, 0.6959599765466669, 0.24000809978680396, -0.17014710084650952, 0.15356472260635906, -0.31676545682621104, -0.3590426596791231, 0.45325395153320835, -0.1456371517768878], [-0.5791487784336875, 0.11242309493184949, 0.044755461000620875, -0.4494506052833543, -0.6331582294925685, -0.027111015799452243, 0.4540954315869417, -0.7410251564635673, -0.25463608480448796, 0.10879215618358731, 0.7458417367626519, 0.2501899108351051, 0.03181030709041957], [-0.3785411061084625, -0.05526806957204891, -0.7097414221196757, -0.49433439838998705, 0.06321816067954797, -0.04473947960481059, -0.2742981845076826, 0.19372988061600793, 0.48248397784421404, 0.6175944291300077, 0.28441673592725036, 0.5377633312914492, -0.04558036114193053]], "inverted": true, "swapped": true, "error_lsq": 0.04324496781650881, "error_max": 0.21722044621857836, "target": "833.xyz", "model": "9.xyz", "model_rescale": 3.877068213659057, "target_rescale": 4.144873802160344},
{"mapping": [14, 2, 8, 13, 4, 3, 5, 1, 9, 8, 11, 6, 12, 10, 0, 15], "R": [[-0.20277285784629395, -0.15150438985226056, -0.9674345393753219], [-0.9699424031913331, 0.16679222435657884, 0.17717812614881767], [0.13451729484444871, 0.9742826970390468, -0.18077146798666185]], "T": [-0.000728327548186046, 0.030325724214733424, -0.0745304569183988], "aligned_model": [[-0.6489657588505451, -0.17120870279181177, 0.5011147780289319, -0.6874439298398433, 0.12673221838347246, -0.08763220050617573, 0.49817792315804743, 0.8131810853675511, -0.12466937784346865, 0.5011147780289319, 0.22477952844532664, -0.4329697941908391, 0.13781550014739738, -0.3792517900100392, 0.6511851375620696, 0.07032181691226719], [0.3807014304153846, 0.6383784670116505, 0.5036009463082701, 0.1529135880326547, 0.16966427119102884, -0.3910206054915054, -0.4847238896844043, 0.0009828815362854099, 0.5551175307295853, 0.5036009463082701, -0.09817500208602875, -0.4061285038911183, -0.6554519023068056, -0.028241414138517017, -0.2818105909393823, -0.00891200066118046], [0.18343590484510688, -0.2784021361272674, 0.27113845598110553, -0.40774569243057734, -0.7244760379498488, -0.5410884169150192, -0.3856765487645408, -0.37385816254242343, 0.306097287428008, 0.27113845598110553, 0.6163306336700709, -0.01994477740461737, 0.1875952199686072, 0.5225463037505116, 0.25915470967391474, -0.03557787599433881]], "inverted": false, "swapped": false, "error_lsq": 0.04513744855552753, "error_max": 0.37603086405874486, "target": "833.xyz", "model": "10.xyz", "model_rescale": 4.260839863003843, "target_rescale": 4.144873802160344},
{"mapping": [0, 1, 7, 9, 14, 10, 13, 11, 5, 6, 12, 15], "R": [[0.9322081408264249, 0.22541644960639207, 0.28315262037245825], [0.10449919418917164, 0.5813949272745934, -0.8068828024894223], [-0.34650815371467714, 0.7817719378349541, 0.5184252468997111]], "T": [0.06762988806579806, -0.03800875687577909, -0.08080789387720363], "aligned_model": [[0.6363619017593075, 0.11472608580566519, -0.40655171161021975, -0.5099745425792931, -0.5449983453638129, -0.33356739477134745, 0.15086485112181228, 0.5791406337257037, 0.3135722003599684, -0.20621856541021027, 0.0871983364961578, 0.07834519956039872], [-0.0916727679290083, -0.6155358539709072, -0.45949576183606555, -0.27072544772260115, 0.3090307520572017, 0.35701684667771366, 0.6895761847296601, 0.12094316235663183, -0.27272520001043327, -0.04037288766559102, 0.5841738274244935, -0.13713434857816026], [-0.7189559065690169, -0.42168337233692743, 0.27174900336107644, -0.6011935475729537, 0.25060625304804673, -0.31787284582284514, -0.36735428213163335, 0.12226955309705531, 0.5196006473630255, 0.5948174691810034, 0.3108407201960134, -0.1266456144173403]], "inverted": true, "swapped": true, "error_lsq": 0.047491665262016265, "error_max": 0.22958149071501652, "target": "833.xyz", "model": "11.xyz", "model_rescale": 3.890672605050136, "target_rescale": 4.144873802160344},
{"mapping": [11, 0, 3, 12, 5, 2, 8, 6, 13, 9, 4, 1, 7, 15], "R": [[-0.39838280536220955, -0.7982747799923395, -0.45171729656934567], [-0.2372412199391556, 0.5654067878034217, -0.7899568139256714], [0.8860066274884841, -0.207539249140973, -0.4146320249480062]], "T": [0.10438105280316456, -0.0923417208090247, 0.0739987611365155], "aligned_model": [[0.6205234584310066, 0.02349834472771975, 0.4710532438633025, 0.4876306613614255, 0.6706937760946834, -0.4591489609411058, -0.47332438388508946, 0.4046329157160867, 0.05732256802628305, -0.6956016668103265, 0.2519852298642955, -0.19071300695030435, -0.023320282309160334, 0.06464393760487692], [-0.10291451026015087, 0.21187111099149736, 0.5835789998359368, -0.716732484246265, 0.13780170481566786, -0.27541118528399405, -0.140163239144742, -0.254520115731162, -0.7179614328677724, 0.003083959075460191, 0.575058780141704, 0.5053483141236317, 0.11348580517922385, 0.00962681319872985], [-0.1742644827372582, -0.7225446187788509, -0.21523518588477014, 0.1383310342209424, 0.3939889940007106, 0.6132271948600746, -0.33801126794589936, 0.7182154815271975, -0.4001343571347338, 0.17150134064226397, 0.3589924920520029, -0.013395801487482248, 0.7581940908253915, 0.06592552119727223]], "inverted": false, "swapped": true, "error_lsq": 0.05585309348496216, "error_max": 0.3110773671171045, "target": "833.xyz", "model": "12.xyz", "model_rescale": 4.124412569039231, "target_rescale": 4.144873802160344},
{"mapping": [11, 5, 14, 3, 12, 13, 4, 8, 7, 1, 10, 2, 15], "R": [[-0.5721203679811238, 0.247312081089296, -0.7819942577080891], [-0.8000689434850837, 0.04150540201147712, 0.5984705400222534], [0.1804659807603792, 0.9680465051593066, 0.17412062955619956]], "T": [0.0807975450455978, 0.03881609035871125, 0.0006335805619924039], "aligned_model": [[-0.16591335699116153, -0.2672331536791137, 0.7525767599919498, -0.7313898405567791, 0.5065531863266376, 0.546782278876756, -0.5053502084529233, 0.2487994993419401, 0.10602965288510799, -0.360331391516891, 0.6469493540042924, 0.5867572205033009, 0.0030683067766409527], [-0.21153384443923862, 0.3988837308389104, 0.403419088299782, -0.070677466039966, -0.066934599447216, -0.5806422307161127, 0.48494378938018234, -0.3626237863053014, 0.754851421472026, 0.11402331245234658, -0.09491513933045512, 0.5206045634268195, 0.058086536916700154], [0.45296978957656303, 0.4752868993882888, 0.1467925700089915, 0.05839519566323331, 0.5909145770449813, 0.1330962365637871, -0.0757387681694112, -0.5618645101335974, -0.11535174585218765, -0.501064363033584, -0.18589353831974068, -0.391453760446575, -0.07439050132291038]], "inverted": true, "swapped": true, "error_lsq": 0.04501721519150082, "error_max": 0.2840407596780858, "target": "833.xyz", "model": "13.xyz", "model_rescale": 3.9028299243045295, "target_rescale": 4.144873802160344},
{"mapping": [3, 2, 11, 0, 8, 5, 13, 12, 6, 1, 9, 4, 10, 7, 14, 15], "R": [[0.42237076756675296, 0.8982817287831033, 0.12121415115204567], [-0.37773543830394657, 0.29599709804254426, -0.8773264253399174], [-0.8239653350441372, 0.3247701551633576, 0.46433336404007325]], "T": [0.03292790657332201, 0.08164195001307509, -0.05895838982857956], "aligned_model": [[-0.5391964332632876, -0.11883937655531551, 0.6899620558581468, -0.6516510296982635, 0.007934455611887922, 0.05049768236635769, 0.5221986119808615, 0.6243930098038522, -0.09037781142732339, 0.3420991776154247, 0.2236446745693662, -0.489938897559693, 0.016804980538164718, -0.3081520889289395, 0.6784395909635601, 0.034462610126473926], [0.2611470129150949, 0.7126434518170448, 0.2478168035648538, 0.1781742263928594, 0.16221911258301439, -0.2690752946845365, -0.49208451336973813, 0.10615667083119772, 0.5091601952367173, 0.629700283641985, 0.04964442334868438, -0.34524022583040326, -0.6099268163601426, -0.2793006756171563, -0.3739528126852333, 0.06341431054994548], [0.11174930594761143, -0.40674218193032624, 0.23523327058778473, -0.5163964827711436, -0.8266756605987763, -0.431504428467364, -0.31214502817960366, -0.4247566253144737, 0.4374609008506606, 0.1030414368531764, 0.6916738298077526, -0.1201563225189358, 0.21821537278625533, 0.698677943453096, 0.3395371939618839, 0.05345479870219947]], "inverted": false, "swapped": false, "error_lsq": 0.031599131660544594, "error_max": 0.2503297760655943, "target": "833.xyz", "model": "14.xyz", "model_rescale": 3.942246331269136, "target_rescale": 4.144873802160344},
{"mapping": [1, 3, 0, 5, 6, 11, 10, 8, 9, 13, 12, 2, 4, 7, 15], "R": [[-0.0584182417077907, 0.9721716346163968, -0.22686917349665098], [-0.009145203878849262, -0.22776890636802366, -0.9736722706013194], [-0.9982503064270927, -0.05480545720270835, 0.022196566829527475]], "T": [-0.006598863956843351, 0.021051329379264575, -0.06600506671255474], "aligned_model": [[-0.6563693859129881, -0.316308585721153, -0.41216426398675815, 0.24176352224279657, 0.411838544522141, 0.29731790554591186, 0.08918768811488693, -0.4124623926178255, -0.5821628213904577, 0.3518736702000835, 0.7166543057497623, -0.15110861190988722, -0.3608778096074123, -0.13342325992693965, -0.10946446876995036], [-0.13976731987748114, -0.5144386152966868, 0.2289318732747998, -0.6226548129203131, -0.3477992729315928, -0.18494206864239002, 0.5744650091630455, 0.5954849983229343, 0.4167748065240461, 0.6624523012916091, 0.15411756958655753, 0.2522360741074795, -0.6262991636050355, -0.33437121812325765, -0.01604547099206381], [-0.12835346191161903, -0.6066565254169392, -0.7911748408709771, -0.07133174819575401, 0.4033855639496224, -0.5057217052529945, 0.17433326591477202, -0.17128321898719578, 0.34717071381153225, -0.3462174405160605, -0.057007427441500474, 0.6873330748289646, -0.00391145739555962, 0.5539838331280962, -0.07518614528387049]], "inverted": true, "swapped": true, "error_lsq": 0.04374835305723457, "error_max": 0.2972041399843277, "target": "833.xyz", "model": "15.xyz", "model_rescale": 4.355366556412066, "target_rescale": 4.144873802160344},
{"mapping": [4, 11, 5, 9, 7, 1, 14, 8, 12, 0, 13, 15], "R": [[-0.6446527030207524, -0.7086993794920489, 0.28664975491987177], [0.20967390196222446, 0.19667381446099297, 0.9577871713179804], [-0.7351596747128973, 0.6775430615193014, 0.021809458110624125]], "T": [0.0053944009883986205, -0.007673238690396458, -0.07467801168936879], "aligned_model": [[-0.36352476894566954, 0.5029227817381383, 0.11501895415791523, -0.6472394977862822, -0.5521918474854449, -0.4351051504493214, -0.10393454256816136, -0.14862325684235467, 0.5321750229723763, 0.2375508689228159, 0.5268770629801842, -0.06611707206241473], [-0.6428509212733877, -0.2851742809924897, -0.6295814421681547, 0.4399354316705653, -0.23732546932094625, -0.2024694480449745, 0.3348506583559361, 0.5183676948147449, 0.1521552945858671, 0.0361686058950767, 0.578471218624945, -0.04977091440620188], [0.019554710970890524, -0.014610658721252293, -0.3526752955574988, 0.10504576931843133, -0.4786003793434279, 0.39432761038789227, -0.7648299311902288, 0.378469018106657, -0.5623661759285075, 0.7485777703396824, -0.02075911566905172, -0.0028748615041655767]], "inverted": false, "swapped": true, "error_lsq": 0.04457767225883826, "error_max": 0.24181138490906545, "target": "833.xyz", "model": "16.xyz", "model_rescale": 3.795458400668931, "target_rescale": 4.144873802160344},
{"mapping": [7, 6, 5, 9, 3, 12, 10, 1, 8, 13, 11, 0, 15], "R": [[-0.3143367549697527, 0.04061819585791682, -0.9484421788598048], [-0.4378236764377903, -0.8926859230872012, 0.1068750254851373], [-0.8423199112128259, 0.4488451903353756, 0.2983876041111924]], "T": [-0.06976717426412261, 0.08861102302024489, -0.07656177737038813], "aligned_model": [[0.11070300238939045, 0.017898785217088084, 0.4543112503560799, -0.3955719731412004, 0.6629497261435686, -0.39188030322882167, -0.6732723471580793, 0.27323393336764606, -0.45518305962550853, -0.6744599977148411, 0.16391344131394808, 0.06098335553060834, -0.0049940125456554435], [-0.28735400111919435, 0.2600547757467071, 0.3728965202791493, -0.6527649486941625, 0.1395719998322244, 0.6971841695304294, -0.002909174942081136, -0.42736839237369145, -0.27098337703998787, 0.4698384676218823, 0.5879691152853911, 0.06985498415777543, 0.007791127186043606], [-0.6705960075073928, -0.7796904391332503, -0.4238273917701886, -0.02366502260156135, 0.29154488530073586, -0.33495021902611266, -0.10125668200416105, 0.18433508843856602, 0.40085753101167987, 0.25120180159666006, 0.07895115011530396, 0.7696777428301828, -0.04030740641416658]], "inverted": false, "swapped": true, "error_lsq": 0.03802830631477142, "error_max": 0.18137106992029858, "target": "833.xyz", "model": "17.xyz", "model_rescale": 3.7474275329858107, "target_rescale": 4.144873802160344},
{"mapping": [1, 7, 4, 2, 0, 13, 3, 6, 8, 11, 10, 14, 12, 15], "R": [[-0.42601389829470365, 0.12411961736386029, -0.8961620830213691], [0.5761798687615609, -0.726465854620947, -0.3745185187727942], [-0.6975162487667658, -0.6759006455502956, 0.2379693258616189]], "T": [0.05695339821673825, -0.05212449961600852, 0.06330462847068163], "aligned_model": [[0.4448908244949544, 0.1555533220521726, 0.7048782078244359, -0.3889830111097305, 0.3111517408699941, -0.5004515135044517, 0.8346889322438016, 0.03674524751102109, -0.24672515513770263, 0.3009097945501887, -0.5416577081963886, -0.5123013303257713, -0.3118158285664317, 0.1279641251767851], [-0.42717709110819857, 0.38842792740062426, 0.08936709557914771, 0.14145911373446846, -0.8211069987953982, -0.3063316283416875, -0.26784793552457736, 0.670714851835013, -0.6766728587926999, 0.015979207867291977, -0.14918712064193013, 0.45118448178734905, 0.3566157493919401, -0.10501655288010936], [-0.33768389810264804, -0.5050152327706655, -0.26624873291449, -0.5734951143283568, 0.34190458204724633, 0.5563515218203137, 0.21681173161251893, -0.02923238267647285, -0.08999708887732605, 0.5771105906177046, -0.01050505611155736, -0.10466630118213133, 0.550976029625878, -0.001515930098358556]], "inverted": false, "swapped": true, "error_lsq": 0.040016637481880064, "error_max": 0.23435905111126934, "target": "833.xyz", "model": "18.xyz", "model_rescale": 3.922800546911778, "target_rescale": 4.144873802160344},
{"mapping": [2, 7, 6, 10, 3, 9, 4, 13, 1, 12, 5, 11, 8, 0, 15], "R": [[-0.3030975364885641, -0.9509383659598645, -0.062033116318195136], [0.3612765801018849, -0.17489959311188927, 0.9159090375136508], [-0.8818226103046181, 0.25519866080149944, 0.3965633965467203]], "T": [0.13357149975611995, 0.07608860727815582, 0.012856633760754991], "aligned_model": [[-0.32626889368166123, -0.0992552739241877, 0.44446159424588894, -0.020659803804285587, 0.19792280428843362, -0.6369196727709436, -0.0235231520743788, 0.37313708699121817, -0.3794559981135951, 0.7388099957634766, 0.5372525285296333, 0.6178614976650524, -0.3522525528478071, -0.030425324862259018, 0.0553660014830334], [0.4653138518573017, -0.07343661796615182, 0.08279245689533905, 0.6671014607891655, -0.6842571741941506, 0.3215760467674503, -0.5983620108349446, 0.6749855736525594, -0.34128633623237614, 0.4813976817776447, -0.37713181815360874, -0.12427560878023948, 0.3706508742129515, -0.14774544913815313, 0.00028857438179082096], [-0.5152516226555057, -0.6581349839851308, -0.6465147360617297, 0.023847113574251844, 0.3173345387158035, -0.05544003660280779, -0.24957332357913772, 0.4626871485414043, 0.13349093441750712, -0.08860097494913795, -0.31532429046918087, 0.2440854898135268, 0.44063086635234394, 0.8231480457157474, 0.02627499833537473]], "inverted": false, "swapped": true, "error_lsq": 0.03453564761345716, "error_max": 0.19490162116791762, "target": "833.xyz", "model": "19.xyz", "model_rescale": 3.9282355846067225, "target_rescale": 4.144873802160344},
{"mapping": [3, 1, 9, 0, 11, 8, 13, 10, 12, 6, 7, 5, 14, 15], "R": [[0.7654425553961876, 0.28408443474024575, 0.5774025704193475], [-0.10920763981188503, -0.8269161227163527, 0.5516189059472778], [0.6341698398656879, -0.4852893569099461, -0.6019325994450367]], "T": [-0.06325375877110975, -0.11228133663328609, 0.040528936646810045], "aligned_model": [[-0.7861903690565573, -0.1477287611068488, 0.5622702725830546, -0.4468314945408207, -0.5615677666153828, 0.260926691657555, 0.09243684832439455, 0.4622402873029665, -0.04466622205449369, 0.020844922629089796, 0.19962574446489498, -0.500340646905519, 0.5049788258327301, -0.08347551343038687], [-0.49419686663509366, -0.7573440351697497, -0.574550365544109, -0.2933947208613845, 0.16974708367696267, -0.2694620087524613, 0.48819649641231033, 0.12851290457642062, 0.599817829765986, 0.06733880124014312, -0.4561749624794703, -0.10608728611663253, 0.23904264585903917, -0.21856342854712535], [-0.0399494943517106, -0.1289106705088257, -0.19101413964822278, -0.7035375108294439, 0.023425581821339518, -0.5726464095076357, -0.44279657047099463, -0.1571536867692034, 0.22342784309044988, 0.7420502931643469, 0.6231329114811215, 0.574370235168929, 0.43961326239500825, 0.022171512208523744]], "inverted": false, "swapped": true, "error_lsq": 0.047856490223019285, "error_max": 0.27919678846401896, "target": "833.xyz", "model": "20.xyz", "model_rescale": 4.067790424073018, "target_rescale": 4.144873802160344},
{"mapping": [8, 7, 0, 13, 3, 4, 11, 9, 1, 2, 14, 12, 10, 6, 15], "R": [[-0.5616581026779808, -0.12125229772547513, -0.8184363481618249], [-0.7155309778944207, -0.42546456338157423, 0.5540715883168715], [-0.41539811671410504, 0.8968153575863982, 0.15220584426215583]], "T": [-0.016359451972036157, -0.02886364253501651, 0.04203221678271302], "aligned_model": [[0.3615670035490834, 0.016476372560134053, -0.2829272248022654, 0.3979607068365964, -0.7886860258754248, -0.5549744987147656, -0.3981552408153408, 0.4809388013458571, -0.24939443173805603, 0.5746008174792023, 0.5399294034623865, 0.17174631534441442, 0.5843961827555465, -0.022506443386907535, -0.0625277840929451], [-0.15635541950358756, 0.6541374925114897, -0.4615283408935871, -0.6970149918022682, -0.04671568034616337, 0.47622923992633437, -0.41999176493756984, 0.39478468067861755, 0.31778171827731727, 0.5071543283812061, 0.14260405605392773, -0.43997506970102696, -0.1375979403652075, 0.27577755562915657, 0.03160527601920873], [-0.5467802952126006, 0.28539841978645764, -0.6473963124118107, 0.02388505654411756, -0.23755061600964777, -0.01459692699960062, 0.2134970018266821, -0.4394256843437896, -0.4847346990050588, 0.11482303855790278, 0.558488069298485, 0.6221066465258491, 0.0202653043205923, 0.7043192774073106, -0.037048706663748376]], "inverted": true, "swapped": true, "error_lsq": 0.044419138946700014, "error_max": 0.24043851835891492, "target": "833.xyz", "model": "21.xyz", "model_rescale": 4.186013935880536, "target_rescale": 4.144873802160344},
{"mapping": [2, 9, 7, 12, 13, 6, 10, 8, 4, 1, 0, 11, 15], "R": [[-0.29845190921300274, 0.7941686722759651, 0.5293605367446128], [0.3342218349733554, -0.43255587944602203, 0.837371587877044], [0.8939922946615129, 0.4268389990758923, -0.13633138286445162]], "T": [0.08101256518798078, -0.004508288947516703, 0.09891892918145957], "aligned_model": [[0.024435885518414996, -0.4687719809479686, 0.40764283069860535, 0.4752663324705313, -0.19846671743640526, 0.7418762598593518, -0.17473727468795114, -0.6171123007025869, 0.309372162113202, -0.2590023684358003, -0.5276655784878319, 0.31029719450108195, 0.03543959096058218], [-0.2993656011191758, -0.047134632324617454, 0.15061748911775336, -0.5585804569888977, -0.61043234792609, -0.1393645324883864, -0.5332564938742428, -0.1316466061993356, 0.6666041167229289, 0.5387898040877719, 0.3126338355923846, 0.08041396787247376, 0.08967811707352652], [-0.6438502501240663, -0.49648439021831864, -0.5304017468209156, 0.37900950180297704, 0.5150488419277963, -0.1777418133109977, -0.06907402855754612, 0.05158761638279881, -0.11530497672935212, -0.10398183117408598, 0.6112670587168278, 0.6169596361535623, 0.0658459432866658]], "inverted": true, "swapped": true, "error_lsq": 0.043799374976566004, "error_max": 0.2997581066203482, "target": "833.xyz", "model": "22.xyz", "model_rescale": 4.166573947596378, "target_rescale": 4.144873802160344},
{"mapping": [12, 2, 0, 11, 3, 9, 8, 4, 6, 1, 5, 9, 10, 13, 7, 15], "R": [[0.895036623446366, 0.31528216006166493, 0.3154466709866798], [-0.23250683443626982, -0.2737199549149078, 0.9332834286655934], [0.3805916638999768, -0.9086663556158726, -0.17168412722676357]], "T": [-0.01646107566909539, 0.021042397649497904, -0.04072924668431908], "aligned_model": [[-0.6389916561286066, 0.042708446692093775, 0.7747598387150142, -0.5980233110067504, 0.012994503427655603, -0.23973507494577878, 0.521555696101455, 0.5675381295463745, -0.20137259432843668, 0.3801391079997746, 0.26880398089947044, -0.23973507494577878, 0.005069132012846415, -0.13207053748369665, 0.4501535867053636, 0.018487038740273083], [0.19552179021335597, 0.6558597056231437, 0.12076024208561863, 0.18664751493376658, 0.1550905285707871, -0.40198939199233436, -0.4270012609007644, 0.23990250501645205, 0.6647707073646473, 0.5565694625499958, 0.14482974117386216, -0.40198939199233436, -0.6051633480475545, -0.28838561105722693, -0.3090107117234083, 0.06408367051618016], [0.06601330899291694, -0.2559388940278656, 0.13471755146315806, -0.5471417652743883, -0.6260412314178014, -0.40355426302348796, -0.4455427513351365, -0.42918605905297674, 0.3205590391834024, 0.2122887723183158, 0.730219858176345, -0.40355426302348796, 0.369568264053011, 0.7388231240147081, 0.38906762336089384, 0.00036900876219073814]], "inverted": true, "swapped": false, "error_lsq": 0.047237496888714876, "error_max": 0.33797440526110767, "target": "833.xyz", "model": "23.xyz", "model_rescale": 4.274766983524099, "target_rescale": 4.144873802160344},
{"mapping": [5, 12, 14, 7, 10, 9, 1, 8, 0, 13, 15], "R": [[-0.9356845897531951, -0.30192251897446454, -0.18258461335640916], [0.07017829339528278, -0.6663855764160844, 0.7422972926535087], [-0.3457880212420912, 0.6817426611858153, 0.6447151218055631]], "T": [0.04832058920184382, 0.03505438369711526, -0.07260256780246446], "aligned_model": [[0.26660982342812134, 0.14865500546806543, -0.513545628987257, -0.47289511114894567, -0.3014354649507519, -0.5573552323007177, 0.02007278140974921, -0.07870142929111226, 0.6016195502657389, 0.22070547559669795, 0.04616493446848674], [-0.12924513257921788, 0.7045876906735795, 0.504816097121957, -0.26157451685566074, 0.4340710933971743, -0.2038578708954809, -0.5909714844092074, 0.028664822705077905, -0.19119136187404817, 0.6909797804765229, -0.07069258651721318], [-0.7061839163449187, -0.3599018630464407, -0.33569075719103525, -0.48143179826020754, 0.23015252566987407, 0.41181759994921796, 0.170801140781628, 0.6271168856843571, 0.5407830677330187, 0.32547036992377043, -0.04336682087768661]], "inverted": false, "swapped": true, "error_lsq": 0.05044157920901631, "error_max": 0.2358454025262369, "target": "833.xyz", "model": "24.xyz", "model_rescale": 3.7841303162186577, "target_rescale": 4.144873802160344},
{"mapping": [8, 4, 6, 2, 5, 12, 13, 3, 0, 6, 7, 9, 14, 10, 11, 15], "R": [[0.8391315494402988, -0.022291949748556084, 0.5434715371666963], [0.2994309885241646, -0.8152040131152468, -0.49576556971237784], [0.45409175927929524, 0.5787447502804711, -0.6773885060860053]], "T": [-0.034215739221135515, 0.05538086340790321, 0.08380610613115072], "aligned_model": [[-0.546168355468316, 0.07835924030931521, 0.5410647812801804, -0.5073566987627988, 0.0358189997527208, -0.055374632902347114, 0.46590086212856197, 0.589323140134763, -0.26577206333298464, 0.5410647812801804, 0.20006039013212015, -0.4515760643903634, -0.1424110783546841, -0.1658083436739746, 0.6495225615299396, 0.025633692338960165], [0.35095014385873285, 0.6202484343930548, 0.49242328031455396, 0.16618082956335706, 0.10102680141076525, -0.4078326225268572, -0.4921242368752042, 0.13497806397251372, 0.4696179504907434, 0.49242328031455396, 0.17838701555975459, -0.3275770724402892, -0.7277800656048303, -0.41676765247451036, -0.1723547523114496, 0.08869675468929922], [0.08485625388700588, -0.39048899619588007, 0.07527962976881732, -0.4929555672064303, -0.789320648197444, -0.5163251079333158, -0.16543583955506994, -0.4200445058829848, 0.6460509405231841, 0.07527962976881732, 0.6777671670167204, -0.06211951489425993, 0.018601120368937435, 0.6879702151946995, 0.3485059258924149, 0.0730466206145842]], "inverted": false, "swapped": false, "error_lsq": 0.05027344887131945, "error_max": 0.3442302100542513, "target": "833.xyz", "model": "25.xyz", "model_rescale": 4.19342608120988, "target_rescale": 4.144873802160344},
{"mapping": [4, 11, 5, 9, 7, 1, 14, 8, 12, 0, 13, 15], "R": [[-0.6446527030207524, -0.7086993794920489, 0.28664975491987177], [0.20967390196222446, 0.19667381446099297, 0.9577871713179804], [-0.7351596747128973, 0.6775430615193014, 0.021809458110624125]], "T": [0.0053944009883986205, -0.007673238690396458, -0.07467801168936879], "aligned_model": [[-0.36352476894566954, 0.5029227817381383, 0.11501895415791523, -0.6472394977862822, -0.5521918474854449, -0.4351051504493214, -0.10393454256816136, -0.14862325684235467, 0.5321750229723763, 0.2375508689228159, 0.5268770629801842, -0.06611707206241473], [-0.6428509212733877, -0.2851742809924897, -0.6295814421681547, 0.4399354316705653, -0.23732546932094625, -0.2024694480449745, 0.3348506583559361, 0.5183676948147449, 0.1521552945858671, 0.0361686058950767, 0.578471218624945, -0.04977091440620188], [0.019554710970890524, -0.014610658721252293, -0.3526752955574988, 0.10504576931843133, -0.4786003793434279, 0.39432761038789227, -0.7648299311902288, 0.378469018106657, -0.5623661759285075, 0.7485777703396824, -0.02075911566905172, -0.0028748615041655767]], "inverted": false, "swapped": true, "error_lsq": 0.04457767225883826, "error_max": 0.24181138490906545, "target": "833.xyz", "model": "26.xyz", "model_rescale": 3.795458400668931, "target_rescale": 4.144873802160344},
