[{"mapping": [8, 4, 9, 11, 6, 5, 3, 2, 1, 12, 0, 13], "R": [[0.9362736188296773, 0.34452934743376074, -0.06849262325570053], [0.32300914844003625, -0.7677915321086329, 0.5533184013263258], [0.13804637158441702, -0.5401811658870986, -0.8301490874013123]], "T": [0.04601420624311301, -0.06324415862079454, 0.07445834660155914], "aligned_model": [[-0.02220941352510205, -0.5668192984920365, 0.2116828969358365, 0.4998552146228776, -0.5632331984030791, 0.1304605558844038, -0.4084018010894647, -0.6084193090669254, 0.18918913024300557, 0.5214827490266759, -0.07252003867721932, 0.08853194173175113], [-0.6219404617822741, -0.1904973888771075, 0.449501837817647, -0.5290219373592745, -0.5132815741607588, -0.706974439969203, -0.09568507541595203, 0.3187086699388955, 0.13357503623008554, 0.2622831521080128, 0.6830407075808864, -0.08310389939355786], [-0.4675592824125884, -0.6477922591264302, -0.4219171159514712, -0.1788028639885486, -0.029609942197872663, 0.4628928962350301, 0.33068868242294597, -0.05625912049408771, 0.5977243010633873, 0.12996909120610906, 0.2307304357286089, -0.0815470863831804]], "inverted": false, "swapped": false, "error_lsq": 0.041407460293480795, "error_max": 0.21820149748002862, "target": "836.xyz", "model": "0.xyz", "model_rescale": 3.8414455957264533, "target_rescale": 3.793624974289971},
{"mapping": [11, 1, 0, 13, 12, 8, 10, 3, 6, 7, 2, 14], "R": [[-0.08108369763849044, 0.16802637064689352, 0.9824421472761146], [-0.3251518661130497, -0.9362217697206742, 0.13328564012784871], [0.9421792281410536, -0.3086356049912611, 0.13054641087064395]], "T": [0.02021812864239795, 0.02003671869634624, 0.05030549475001676], "aligned_model": [[-0.1595560630907291, -0.5392535586772195, 0.2995626897670713, 0.5084556903227128, -0.2652344802809696, 0.1622217006258524, -0.5219201635530537, -0.61655452133571, -0.05287739696274594, 0.5591187519095135, 0.08418574480532154, -0.05854896433932071], [-0.5645797485578901, 0.026248458589120546, 0.15530207148311861, -0.5105779316342631, -0.6864784378091152, -0.6420332905696795, -0.24061468645250297, 0.4017265734265767, 0.15438870827149823, 0.3479368010997874, 0.6604898708400909, 0.004796238030658177], [-0.5431338267748137, -0.6095814171856472, -0.6048183637780485, -0.1840429143726307, 0.00977543733605541, 0.4574917983936873, 0.3766921022260583, -0.19911449056777952, 0.8162257000046821, -0.07226145159871308, 0.411321604653723, 0.00996355776532877]], "inverted": false, "swapped": false, "error_lsq": 0.047038737983940454, "error_max": 0.27861612265450353, "target": "836.xyz", "model": "1.xyz", "model_rescale": 4.316132596720782, "target_rescale": 3.793624974289971},
{"mapping": [7, 10, 6, 3, 9, 5, 1, 8, 0, 4, 2, 11], "R": [[-0.9679573488701616, 0.012432082462884547, -0.250806726572245], [0.23563845523280924, -0.3002407513551458, -0.9242997401499111], [-0.08679337062094186, -0.9537824356483684, 0.28769076499763113]], "T": [-0.09399943801173666, -0.10865315494312419, 0.00035328099198312334], "aligned_model": [[-0.029251548786852766, -0.4406012039958604, 0.24861972318087777, 0.4153324931852301, -0.4987904490330614, 0.2572058739363598, -0.5514327662769225, -0.5172156430614321, 0.070875505902532, 0.5694306072438617, -0.1280120198902105, 0.0034388567862015385], [-0.8762994151899521, -0.07346724536668978, 0.3823343344273461, -0.32975364975690685, -0.6894695351736703, -0.5695563834638628, 0.003086068267303621, 0.4920387632262463, -0.07735409499141534, 0.25343534085407404, 0.6279685842130374, -0.036358140328110994], [-0.45460611252543665, -0.5248752084992622, -0.563241749739181, -0.3499502500998121, 0.22114294353131514, 0.2831658067322666, 0.2702909767541208, -0.2166568087324996, 0.6901001043278006, 0.15228164371672342, 0.3965312200818749, -0.035664829446008066]], "inverted": false, "swapped": false, "error_lsq": 0.05298899281183984, "error_max": 0.2890689583598734, "target": "836.xyz", "model": "2.xyz", "model_rescale": 3.795458400668931, "target_rescale": 3.793624974289971},
{"mapping": [1, 2, 6, 8, 0, 7, 4, 10, 9, 3, 5, 11], "R": [[-0.493236985021009, 0.48163606667976067, -0.724392142337722], [0.253763562514116, -0.7168494680712225, -0.649408110871854], [-0.8320584901000228, -0.5041364293514753, 0.2313549862294213]], "T": [-0.11255592563549369, -0.10430114407461719, -0.0424195287256139], "aligned_model": [[-0.013520610712198969, -0.3798063434368586, 0.26674220413141825, 0.6446787722754465, -0.6708376708053932, 0.08680442766273672, -0.5392287149379846, -0.7098798684642972, 0.44700574076826216, 0.5244169771750798, -0.075824039028176, -0.18095144543731112], [-0.5750944153114533, 0.06567442249887032, 0.09417604086613116, -0.25097632130656533, -0.6510434275237361, -0.6433278467806334, -0.04524507264809688, 0.3203276192266914, 0.08901830963109306, 0.3762344997173276, 0.5254595621860552, -0.19859874383828435], [-0.44839310436301205, -0.7405676737263697, -0.44743314878575796, -0.1674992700710426, -0.0023906307313424774, 0.46057943739524904, 0.43236194165849295, -0.0860687681326934, 0.593247815974152, -0.021900228871522473, 0.26722032159335035, 0.02936104416239857]], "inverted": true, "swapped": false, "error_lsq": 0.059064391578002, "error_max": 0.33617015009825874, "target": "836.xyz", "model": "3.xyz", "model_rescale": 3.7530521520055578, "target_rescale": 3.793624974289971},
{"mapping": [5, 0, 4, 1, 6, 2, 8, 9, 10, 7, 11], "R": [[0.983671895555639, -1.65201322168268e-05, 0.17997111329616622], [-0.14520909058861753, -0.5908337862824543, 0.793618143062245], [0.1063199036135894, -0.806793304827342, -0.5811889893841528]], "T": [-0.1622209392252349, -0.0019245380243407412, 0.030266393651213766], "aligned_model": [[-0.36693248620769137, -0.07385377891170868, 0.2703682602074643, 0.5233526780416171, 0.34723739550575966, -0.2698815764460035, -0.3903975497542529, -0.7541456864891853, -0.2555438486007481, 0.4309800807073551, -0.12298388560740103], [-0.7160121946608765, 0.08315506887269107, -0.45166516071832585, 0.297944715895014, -0.41238630095354745, 0.6317948899771596, -0.4109604037469785, 0.1667319238808107, 0.1247798959341677, 0.25688701565092936, -0.10306609181669828], [-0.2445691711782313, -0.788133537041827, -0.45725031562299406, -0.3925885149693754, 0.24709076287159126, -0.09159057691483567, 0.44569109402344576, 0.22658264354918967, 0.7543431842137892, 0.39084423955390485, 0.0024109687606585564]], "inverted": true, "swapped": true, "error_lsq": 0.053689176444543144, "error_max": 0.2779322098903237, "target": "836.xyz", "model": "4.xyz", "model_rescale": 3.7855080009869324, "target_rescale": 3.793624974289971},
{"mapping": [4, 7, 5, 1, 6, 11, 8, 10, 14, 2, 9, 16], "R": [[-0.10473104699923191, -0.9546718422567985, -0.27862713686296847], [0.6899893248660162, 0.13201373791862298, -0.7116790741420548], [0.7162025826296523, -0.2667846446157721, 0.6448874429168647]], "T": [-0.0423123893336756, -0.06869582353596916, 0.08511563156325452], "aligned_model": [[0.03700785128035735, -0.5185861137026242, -0.03714490750269959, 0.5735846301711757, -0.35667039925380767, 0.07552598663603649, -0.7182920067117065, -0.5116124172478642, 0.22127982427467519, 0.6003793428001187, 0.052475119828752796, -0.018347481381691007], [-0.49557391542366674, -0.16903288493962526, 0.23894735163289593, -0.4709785571430165, -0.6244110821970809, -0.8178008865110228, -0.06825270561340367, 0.4499084865986447, 0.19629792518999356, 0.28596520707392686, 0.6173276356565448, -0.03579194760679077], [-0.5136198509000769, -0.4845029122540253, -0.663504578237983, -0.09361154207313463, -0.050666034935688886, 0.3246818021180754, 0.28097587382691036, -0.11926471823541798, 0.6490259582944469, 0.16847376489336818, 0.25034626066501053, 0.12018371294041712]], "inverted": false, "swapped": false, "error_lsq": 0.04253954040397063, "error_max": 0.27350719588337036, "target": "836.xyz", "model": "5.xyz", "model_rescale": 4.2253639853439635, "target_rescale": 3.793624974289971},
{"mapping": [0, 4, 1, 9, 7, 12, 6, 2, 11, 8, 5, 13], "R": [[0.07985748852117285, 0.9679599870291663, -0.23806773203772624], [-0.9933498742833463, 0.09714934978256558, 0.06179021846607165], [0.08293858443662325, 0.2315501400287217, 0.9692810345118326]], "T": [-0.04805729850349052, -0.0005899719596940967, -0.06496077257025965], "aligned_model": [[-0.01830990156740319, -0.43343357611264954, 0.23014629670298567, 0.483905660954851, -0.4101873513064663, 0.12063255117685548, -0.5018486515121189, -0.5589245753670977, 0.10764269005367894, 0.5944959123962953, -0.10824759193409003, -0.10627203429411719], [-0.6736287529318207, 0.11636618876402496, 0.14202041839711982, -0.2727568385954994, -0.6810663222694381, -0.6991758234936584, -0.08816807604143118, 0.4343651687921599, -0.013102924262354307, 0.35178226178775895, 0.5075292278007312, -0.017559901230193596], [-0.49992805985710875, -0.6469553544448693, -0.729017109137222, -0.18960841175910909, 0.12266912257695897, 0.5307449493431862, 0.38238858949830945, -0.0644479366025146, 0.6973742773921285, 0.028975672140493763, 0.307776767613511, -0.07145477066186269]], "inverted": false, "swapped": false, "error_lsq": 0.04703169158855137, "error_max": 0.32158278058251755, "target": "836.xyz", "model": "6.xyz", "model_rescale": 3.89814844738969, "target_rescale": 3.793624974289971},
{"mapping": [11, 9, 10, 4, 8, 7, 6, 5, 0, 2, 1, 12], "R": [[-0.9990256344467605, -0.014259113344728066, 0.04176672604921442], [0.041331126351064104, -0.634142185949655, 0.7721110192152071], [0.01547642441910608, 0.7730849666664174, 0.6341136448631146]], "T": [-0.012638925275276491, -0.18001261603510652, 0.08278288433478062], "aligned_model": [[0.004433114700002745, -0.6143203304348901, 0.15131441081346148, 0.602374025779737, -0.5066383607043565, 0.2362898766847046, -0.623630121591592, -0.40277101245365987, 0.07767989673436279, 0.45005277656279186, -0.05457836865055592, 0.07939352175071732], [-0.7485029668409238, -0.0016361866624881038, 0.15127312088503228, -0.2757744108043513, -0.6302664187193414, -0.6942993585081203, -0.013047867021532739, 0.46301142643997784, 0.02345168848895879, 0.343260575741696, 0.6026855070952032, -0.11355048337671149], [-0.4932966550647465, -0.5529113937297953, -0.5514668512984163, -0.08480153344160599, -0.02172952296153091, 0.40653939410287865, 0.3198237703409089, -0.1092942860360556, 0.6318322215018866, -0.034047763779813556, 0.39967615212616625, -0.04180579565797396]], "inverted": true, "swapped": false, "error_lsq": 0.041971042651790795, "error_max": 0.2007792476564259, "target": "836.xyz", "model": "7.xyz", "model_rescale": 3.7474275329858107, "target_rescale": 3.793624974289971},
{"mapping": [11, 12, 4, 9, 10, 6, 0, 1, 3, 8, 2, 14], "R": [[-0.2511079333731318, 0.7762187946680638, -0.5782985289633144], [-0.7637197551618814, 0.2081854049597041, 0.6110572581495456], [0.5947074418338408, 0.5950993362169233, 0.5405366210180644]], "T": [-0.062122215769874964, -0.11226289520945226, -0.08651346878214083], "aligned_model": [[0.02719648727192124, -0.47541148736303823, 0.32323879186463095, 0.5757838106591421, -0.464219459989814, -0.08733356939840116, -0.4938836514116909, -0.6007736709578613, 0.12031492818259872, 0.5384585438327567, 0.0030717978123509654, -0.06684309131187181], [-0.5520978838757757, -0.18454403706587522, 0.4826140342704374, -0.46822490939793354, -0.7531530099472712, -0.5600890230629312, -0.1406225905746012, 0.3865171511398541, 0.0539940507944866, 0.19717581024652808, 0.7027408597364067, -0.057705825545925245], [-0.5166847226121634, -0.5388518745330564, -0.4179409546867086, -0.3026323850963319, -0.033212186336609134, 0.5959484314421294, 0.4104684504043378, 0.07434328500053777, 0.5866951566799222, 0.0070854340820353245, 0.11375663849060574, -0.11045753673279685]], "inverted": true, "swapped": false, "error_lsq": 0.049055802301856334, "error_max": 0.2757147861702493, "target": "836.xyz", "model": "8.xyz", "model_rescale": 4.019505241142653, "target_rescale": 3.793624974289971},
{"mapping": [6, 10, 1, 2, 11, 5, 8, 9, 4, 0, 7, 12], "R": [[0.06596142131439683, 0.35928603555378824, 0.9308934609042147], [0.7894329801720437, 0.5517999813589992, -0.26890955800955474], [-0.6102824433939343, 0.7526156557156183, -0.2472347347297285]], "T": [-0.004729625799817845, -0.12532975970625077, -0.055559253011259684], "aligned_model": [[-0.0646474160567759, -0.3574616871115899, 0.06511313731512411, 0.5273996710311484, -0.5335273379294665, 0.061115321347636066, -0.44083610917714955, -0.5953566792982921, 0.30443460771118636, 0.4475027244524866, 0.001840603524137334, -0.015977406617721734], [-0.742883358374105, -0.20037213749238286, 0.315071541008154, -0.30363863333167995, -0.4081452010127744, -0.664414850370217, 0.09531104321752432, 0.21349182202966482, 0.03502513539354299, 0.30210297009633186, 0.6179135092878485, -0.15285721373450795], [-0.43384386695954497, -0.8970629622584263, -0.5629781972182011, -0.24268626671390553, 0.11068734033138555, 0.3388725244876252, 0.4105584388086396, -0.1163842549111816, 0.6969687900397672, 0.13267794031109953, 0.4612872089649172, -0.029578958780272935]], "inverted": true, "swapped": false, "error_lsq": 0.059815275551466505, "error_max": 0.37089573817760546, "target": "836.xyz", "model": "9.xyz", "model_rescale": 3.877068213659057, "target_rescale": 3.793624974289971},
{"mapping": [0, 8, 10, 12, 1, 5, 4, 2, 3, 6, 13, 15], "R": [[0.9498048200511982, 0.26237064017875145, 0.17038911637690698], [-0.23267401116535538, 0.22836033050980026, 0.9453646724823596], [0.20912581939046906, -0.9375570417962028, 0.27794457188910526]], "T": [-0.07828092397306564, 0.04694788505156837, -0.07526087927744322], "aligned_model": [[0.04491643689526227, -0.5567359246137034, 0.33220868524742153, 0.5401766398108583, -0.4822304116511781, 0.05025914481689085, -0.47613094296259373, -0.5976574570099686, 0.1487428121424036, 0.4824552157419144, -0.026884278182346302, -0.05952049104423704], [-0.6689178320602488, -0.19458963993384354, 0.37523348182024646, -0.3684518533704737, -0.7059243165097928, -0.6315018782464579, -0.021118817234310888, 0.45881628107974953, -0.06584622799376538, 0.24970740694194465, 0.7124685263258518, -0.033270504101500495], [-0.4010287736023029, -0.6302954477450178, -0.5516405882661056, -0.1313725075810548, 0.07611570320536419, 0.29104338173907157, 0.4680373502198821, -0.04415140751649893, 0.5065458360763032, 0.08211806793334549, 0.314712397759588, -0.11156627612067235]], "inverted": false, "swapped": false, "error_lsq": 0.03869320955237681, "error_max": 0.1904693404518984, "target": "836.xyz", "model": "10.xyz", "model_rescale": 4.260839863003843, "target_rescale": 3.793624974289971},
{"mapping": [9, 4, 10, 8, 2, 1, 3, 5, 0, 7, 6, 11], "R": [[-0.9233582582631858, 0.05283456891120406, -0.38028678023978574], [-0.2138441025178107, -0.89340061820063, 0.3951025629087773], [-0.31887337097275453, 0.4461432995425343, 0.836227199723719]], "T": [-0.030776140803354564, -0.10253281810322648, -0.03714528112911318], "aligned_model": [[0.0014582885440589319, -0.5510531593414, 0.2031468981458136, 0.4518500706841572, -0.34043966003959414, 0.0825848010276436, -0.5681865935784617, -0.5388987774722129, 0.10561171792087604, 0.5413109489540797, 0.00913563952420942, 0.0030792548215534885], [-0.38436356937309557, -0.13192013876044656, 0.2585483323868524, -0.5777003012936717, -0.714105979398552, -0.5306985841214784, -0.19251481538697493, 0.3425588829658832, 0.3354565071421812, 0.09537528072781923, 0.7138858221680389, -0.10791681033915626], [-0.7823067605149702, -0.5514905620124643, -0.4934721449578249, -0.2756850261663136, -0.016076361391310814, 0.5347673143070112, 0.4177462628961067, -0.054912272770673995, 0.7109175320214401, 0.21416006189445996, 0.15026599991589262, 0.01460369288054899]], "inverted": true, "swapped": false, "error_lsq": 0.051839252788915095, "error_max": 0.3176035709187938, "target": "836.xyz", "model": "11.xyz", "model_rescale": 3.890672605050136, "target_rescale": 3.793624974289971},
{"mapping": [3, 7, 8, 0, 4, 2, 12, 5, 11, 6, 9, 13], "R": [[-0.09282020148129011, -0.03488653779394901, -0.9950715249054833], [-0.9595328888938446, -0.26371370385643234, 0.0987507849556385], [-0.26585907042643026, 0.9639699227045796, -0.008996821267600874]], "T": [0.08435906353330289, -0.04234056937475905, 0.07987833714309071], "aligned_model": [[-0.03135414129797409, -0.5987034196011997, 0.2119972762276326, 0.40524810847664317, -0.1455877073430477, 0.08033599250901972, -0.6518245762576722, -0.41505728856075763, 0.1864358129324529, 0.5402700425353564, -0.12220912408586992, -0.05995154634386052], [-0.5663893942686895, -0.0764391379387607, 0.1616615193576137, -0.41731286936528256, -0.704284009756121, -0.5603720458082277, -0.015267337516646613, 0.4988336591230369, -0.03952820204951961, 0.3100770109396326, 0.6273170292873261, -0.11169159528696201], [-0.671817372141591, -0.42926516132508635, -0.5992996073539011, -0.24434463370009835, 0.0763558203203048, 0.5669012708848007, 0.19138096207157101, -0.1704932736795743, 0.6205580868261938, 0.08219614910607505, 0.41856506619998946, 0.027780428893218086]], "inverted": false, "swapped": false, "error_lsq": 0.04910034668906183, "error_max": 0.3076331192979248, "target": "836.xyz", "model": "12.xyz", "model_rescale": 4.124412569039231, "target_rescale": 3.793624974289971},
{"mapping": [9, 8, 10, 7, 6, 3, 1, 2, 0, 5, 4, 12], "R": [[0.10643963169377814, -0.9427774447380411, -0.3159767309440723], [0.878665903003936, -0.0595639302406228, 0.473707049886919], [-0.46542113800639806, -0.3280591835439149, 0.8220464320154486]], "T": [0.012281946450466846, -0.14223084249288676, 0.008693615115989192], "aligned_model": [[0.036900711094120964, -0.5734572338759885, 0.1714586746014834, 0.5553019921114516, -0.4645818709184292, 0.1287468900613245, -0.7105217957965588, -0.5221078065879008, 0.13559487845474305, 0.6536899366248488, -0.01438445054509141, 0.0029595039667197013], [-0.6259653769738849, -0.21425288895240036, 0.33151407463787375, -0.20323064374498084, -0.6073486342739582, -0.7421949127971826, -0.0061363350719023935, 0.4760337732198936, -0.07074252046169194, 0.20894749244903071, 0.604305641471782, -0.044325042785179375], [-0.40848271280574766, -0.3994957506846383, -0.5342964354424139, -0.2986920201592968, 0.0709764718033913, 0.37643320642966394, 0.3578316023821525, -0.2643850740086683, 0.5712331550664698, 0.20621689546566058, 0.25414918569948985, -0.06297078764416067]], "inverted": false, "swapped": false, "error_lsq": 0.04388608216876965, "error_max": 0.21971431868950086, "target": "836.xyz", "model": "13.xyz", "model_rescale": 3.9028299243045295, "target_rescale": 3.793624974289971},
{"mapping": [12, 11, 10, 5, 1, 2, 6, 9, 3, 4, 7, 15], "R": [[0.5643247092954254, -0.8158004061743706, 0.12652003700744754], [-0.5121626379411134, -0.22576696790346013, 0.8286849271592179], [-0.6474774550328636, -0.532446216522768, -0.545228366590327]], "T": [0.060926474980388036, -0.1830903605987831, -0.029530755283044812], "aligned_model": [[0.009190279893502407, -0.5453290107787314, 0.2737953082313307, 0.5009347734033728, -0.5059413206772424, 0.010150157170859757, -0.45500417153259387, -0.5161647159036998, 0.11893601921029344, 0.5939832139042526, -0.08000257900896396, -0.004948524721656501], [-0.6545961189173617, -0.27646155138070233, 0.4405577678986257, -0.25137233516952684, -0.49184391325095966, -0.7686619380634634, -0.036366436791808066, 0.3259083997806406, 0.016667533858953504, 0.19494475684742907, 0.6980127048315266, -0.09018424292595395], [-0.538692787401741, -0.44134721325536386, -0.3775285623178539, -0.2821809144414799, 0.044839277080298015, 0.41395257334500635, 0.3663176000509372, -0.12297312147663782, 0.5581946241402037, 0.15020025747766996, 0.12675214739075494, -0.02901614448989177]], "inverted": false, "swapped": false, "error_lsq": 0.04742923105981292, "error_max": 0.2495548344663494, "target": "836.xyz", "model": "14.xyz", "model_rescale": 3.942246331269136, "target_rescale": 3.793624974289971},
{"mapping": [11, 8, 12, 4, 6, 10, 2, 0, 5, 3, 1, 14], "R": [[0.6432200139815261, -0.724895578380673, 0.24656523286496645], [-0.5642744136470446, -0.6664419801199679, -0.4872878751180461], [0.5175542480908544, 0.1743028616458318, -0.837708847216731]], "T": [-0.03918808579694506, -0.18013876875374918, -0.0029322729288215593], "aligned_model": [[-0.005585533762192882, -0.5990210912989996, 0.24490407508319467, 0.5045620936484817, -0.4014357678036147, 0.24709586080630663, -0.5386993269262574, -0.6020592450330953, -0.0031368127135012885, 0.5340269030842941, 0.10536952682867438, -0.0864212527225672], [-0.691628215128544, -0.21482481023539735, 0.4492902497254088, -0.3844060885795821, -0.5987944996631509, -0.7822579034067894, 0.17404918045238843, 0.2899214709083255, 0.14662051734770942, 0.2095862712885006, 0.6036408775582838, -0.09459242354975342], [-0.5042908665526944, -0.5360596599243325, -0.440181644552801, -0.08214452783197221, -0.0822631319682284, 0.25102552995406396, 0.4527949868023588, -0.057125557173670266, 0.5399380917482736, 0.18703325075006613, 0.14347127361150122, -0.0036800087606628003]], "inverted": false, "swapped": false, "error_lsq": 0.04881641583644497, "error_max": 0.2661429006760945, "target": "836.xyz", "model": "15.xyz", "model_rescale": 4.355366556412066, "target_rescale": 3.793624974289971},
{"mapping": [7, 10, 6, 3, 9, 5, 1, 8, 0, 4, 2, 11], "R": [[-0.9679573488701616, 0.012432082462884547, -0.250806726572245], [0.23563845523280924, -0.3002407513551458, -0.9242997401499111], [-0.08679337062094186, -0.9537824356483684, 0.28769076499763113]], "T": [-0.09399943801173666, -0.10865315494312419, 0.00035328099198312334], "aligned_model": [[-0.029251548786852766, -0.4406012039958604, 0.24861972318087777, 0.4153324931852301, -0.4987904490330614, 0.2572058739363598, -0.5514327662769225, -0.5172156430614321, 0.070875505902532, 0.5694306072438617, -0.1280120198902105, 0.0034388567862015385], [-0.8762994151899521, -0.07346724536668978, 0.3823343344273461, -0.32975364975690685, -0.6894695351736703, -0.5695563834638628, 0.003086068267303621, 0.4920387632262463, -0.07735409499141534, 0.25343534085407404, 0.6279685842130374, -0.036358140328110994], [-0.45460611252543665, -0.5248752084992622, -0.563241749739181, -0.3499502500998121, 0.22114294353131514, 0.2831658067322666, 0.2702909767541208, -0.2166568087324996, 0.6901001043278006, 0.15228164371672342, 0.3965312200818749, -0.035664829446008066]], "inverted": false, "swapped": false, "error_lsq": 0.05298899281183984, "error_max": 0.2890689583598734, "target": "836.xyz", "model": "16.xyz", "model_rescale": 3.795458400668931, "target_rescale": 3.793624974289971},
{"mapping": [11, 9, 10, 4, 8, 7, 6, 5, 0, 2, 1, 12], "R": [[-0.9990256344467605, -0.014259113344728066, 0.04176672604921442], [0.041331126351064104, -0.634142185949655, 0.7721110192152071], [0.01547642441910608, 0.7730849666664174, 0.6341136448631146]], "T": [-0.012638925275276491, -0.18001261603510652, 0.08278288433478062], "aligned_model": [[0.004433114700002745, -0.6143203304348901, 0.15131441081346148, 0.602374025779737, -0.5066383607043565, 0.2362898766847046, -0.623630121591592, -0.40277101245365987, 0.07767989673436279, 0.45005277656279186, -0.05457836865055592, 0.07939352175071732], [-0.7485029668409238, -0.0016361866624881038, 0.15127312088503228, -0.2757744108043513, -0.6302664187193414, -0.6942993585081203, -0.013047867021532739, 0.46301142643997784, 0.02345168848895879, 0.343260575741696, 0.6026855070952032, -0.11355048337671149], [-0.4932966550647465, -0.5529113937297953, -0.5514668512984163, -0.08480153344160599, -0.02172952296153091, 0.40653939410287865, 0.3198237703409089, -0.1092942860360556, 0.6318322215018866, -0.034047763779813556, 0.39967615212616625, -0.04180579565797396]], "inverted": true, "swapped": false, "error_lsq": 0.041971042651790795, "error_max": 0.2007792476564259, "target": "836.xyz", "model": "17.xyz", "model_rescale": 3.7474275329858107, "target_rescale": 3.793624974289971},
{"mapping": [4, 9, 10, 8, 6, 0, 2, 7, 1, 3, 11, 13], "R": [[-0.6528065169533916, -0.543482996805647, -0.5277024574571684], [-0.6243717323704859, 0.78049433486862, -0.03144094551168983], [0.42895639783066497, 0.30895764340948717, -0.8488472084768829]], "T": [-0.06043834981373146, 0.016846914413773062, -0.09014570669330646], "aligned_model": [[0.012335323684210794, -0.5948546076393099, 0.3990265114474517, 0.5585855630685272, -0.5174623967881917, 0.11615207740425008, -0.5039709289518899, -0.6097053182250335, 0.018913605857617657, 0.5337921420794943, 0.08291554518017642, -0.09612808792657962], [-0.7193487508387224, -0.1857684889538058, 0.3416384456580929, -0.3222589960887783, -0.6033616058112831, -0.6541962324267119, -0.2760783058185372, 0.5060003958021873, 0.16475246895391502, 0.20855831626336718, 0.7083531724201139, -0.061685792442437826], [-0.4669026003656801, -0.43809746706530595, -0.4899479990349941, -0.22678767667644717, -0.12847615656888592, 0.3763940095948776, 0.3802864248672283, 0.07250099968019855, 0.5809322551538861, 0.17579797571790012, 0.061529662876699504, -0.028711692077575096]], "inverted": false, "swapped": false, "error_lsq": 0.048223726012151386, "error_max": 0.2842925892118375, "target": "836.xyz", "model": "18.xyz", "model_rescale": 3.922800546911778, "target_rescale": 3.793624974289971},
{"mapping": [0, 1, 2, 3, 5, 12, 8, 6, 13, 11, 4, 14], "R": [[-0.7194993397312709, -0.6077636690167254, -0.3360714548270857], [-0.6552084708383488, 0.7544754473347269, 0.03832308848118425], [0.23026628035372074, 0.2477703008683491, -0.941056490408344]], "T": [-0.01696521314762884, -0.027114462986493115, -0.00953565601938401], "aligned_model": [[-0.019380723825532388, -0.5406780510289904, 0.20685421053826586, 0.3756278727440691, -0.3870773816356972, 0.1793763202751329, -0.5145898978463436, -0.5009832240016209, 0.14272270572660556, 0.47702963942846144, -0.09599837214391987, 0.07669633096029282], [-0.6334992704362277, -0.02457931248299852, 0.12851516521300826, -0.4933624008550923, -0.6945902595013317, -0.6546021826916582, -0.05822418119270408, 0.4569718010725248, 0.0885439805524881, 0.41605868997525997, 0.6214139706732076, -0.04604137360907691], [-0.5846306623263345, -0.5327005061249901, -0.6719654615046031, -0.2035273386462896, -0.014709048490172167, 0.42211606520841805, 0.3451367458294966, -0.09412186075419497, 0.6484435532448158, 0.248941141568079, 0.30196357288195264, 0.003571535215724316]], "inverted": true, "swapped": false, "error_lsq": 0.03997643103520816, "error_max": 0.25123641715648587, "target": "836.xyz", "model": "19.xyz", "model_rescale": 3.9282355846067225, "target_rescale": 3.793624974289971},
{"mapping": [10, 9, 7, 2, 11, 0, 4, 8, 3, 5, 6, 13], "R": [[-0.5286533144894132, 0.6279240776317309, 0.5711716255292252], [-0.3043401611543123, -0.7683628624259979, 0.5630236033712033], [0.792403141959902, 0.12381382949762446, 0.5973000889311908]], "T": [-0.054362753051903454, 0.00641452182681089, -0.07662419976344804], "aligned_model": [[0.11646619624655714, -0.584038989445438, 0.2284595109795386, 0.6907005580025785, -0.5187395092281102, -0.10653996367088273, -0.4657457998386463, -0.730625250688298, 0.14385290581817461, 0.5435196165576186, 0.05839079639022206, 0.023899358067409518], [-0.7376990558525726, -0.08627389152725796, 0.2988901555294386, -0.25908502603995404, -0.5351438655044635, -0.619038368098179, -0.05103390269100911, 0.35265604813192375, -0.0016908296109180015, 0.26179812599657154, 0.6100071540253297, -0.12678191764151003], [-0.47580686795714244, -0.5116836989904737, -0.5483946386826307, -0.30707346307959205, -0.010051587073486593, 0.4196450914216297, 0.3996441198597334, -0.03910861792500568, 0.6493234050940434, 0.17833861925132077, 0.1465497805768456, -0.03286440639333971]], "inverted": true, "swapped": false, "error_lsq": 0.045950014107223165, "error_max": 0.23597282312780687, "target": "836.xyz", "model": "20.xyz", "model_rescale": 4.067790424073018, "target_rescale": 3.793624974289971},
{"mapping": [12, 3, 0, 9, 11, 13, 6, 2, 5, 8, 4, 14], "R": [[0.274894461680673, 0.9386893644958263, -0.20807525542388555], [-0.5382356969198272, -0.029085425908593886, -0.8422923320088721], [-0.7967028112781587, 0.3435350273001835, 0.4972407017927446]], "T": [0.042254474832023374, -0.09457046482506223, 0.024410139460867723], "aligned_model": [[0.00012913262896682015, -0.6198364502124708, 0.12779159212181743, 0.5870946448011414, -0.3404296064917206, 0.08213329499128341, -0.6207793822866852, -0.3987635924638251, 0.21456399365933307, 0.4230239734706491, -0.12225503119352904, 0.06692686016576282], [-0.5819857297667509, -0.16022072757833178, 0.31991264003172426, -0.549099919624757, -0.614304672352072, -0.5797399503277306, 0.02309018179504113, 0.45968803828433125, 0.055710441169971286, 0.31355411118952903, 0.5881551446467284, -0.1681549307502838], [-0.5652216795107567, -0.5057508423408608, -0.5459802416598075, -0.29276814380645383, -0.013819448646008432, 0.5275440730381801, 0.3311657086794214, -0.203674291372324, 0.5686446476213654, 0.14110125345183686, 0.4107970690209651, 0.016479631626344388]], "inverted": false, "swapped": false, "error_lsq": 0.040546273298951725, "error_max": 0.21185227411278248, "target": "836.xyz", "model": "21.xyz", "model_rescale": 4.186013935880536, "target_rescale": 3.793624974289971},
{"mapping": [4, 7, 9, 11, 6, 3, 0, 1, 5, 8, 2, 12], "R": [[-0.5962714381065735, -0.5711408474609085, -0.5641440458428627], [0.053201770575546314, -0.7293042692707568, 0.6821179182744539], [-0.8010180670284196, 0.3767139699892783, 0.4652490097882761]], "T": [-0.03224823243389772, -0.05343246735930811, -0.09397363110294013], "aligned_model": [[-0.004568948439749844, -0.5778671707404504, 0.1601566550435826, 0.5564825262970576, -0.3726552656528102, 0.09842751894158352, -0.6028040282637328, -0.5762922251573627, 0.10441730010652095, 0.5676989047994708, 0.06619001980532649, -0.019585857548712837], [-0.6969706716998958, -0.19934463388003654, 0.3305173765121452, -0.28011822168612904, -0.46975970095836644, -0.8068033117219171, 0.08252736335792978, 0.4214749461204115, -0.09140195718394563, 0.42110078946026064, 0.49191704828142796, -0.09653439988448516], [-0.42969462472730213, -0.5623040205752771, -0.5423190748226202, -0.12520888716420925, 0.049718871540892884, 0.423418747661389, 0.32765351375694074, -0.2106026092166959, 0.6665654054841087, -0.04347856796489823, 0.3985738479805415, -0.08380486585096814]], "inverted": true, "swapped": false, "error_lsq": 0.04527624338959632, "error_max": 0.2095014668431535, "target": "836.xyz", "model": "22.xyz", "model_rescale": 4.166573947596378, "target_rescale": 3.793624974289971},
{"mapping": [5, 13, 7, 0, 6, 2, 12, 14, 3, 8, 9, 15], "R": [[0.6663581242112326, 0.6872557258343889, 0.2892169040798537], [-0.11865195188355362, 0.48067458541301905, -0.8688346547256536], [-0.73613080672657, 0.544638880585907, 0.40184564840522985]], "T": [-0.037172779658620154, -0.03295714765179726, 0.10638388898152969], "aligned_model": [[-0.11245916328018765, -0.4469189311103855, 0.2281928592840085, 0.5972769060892715, -0.40339968915931984, 0.060415536393599874, -0.6577915225877822, -0.662319883538036, 0.22580325318628763, 0.6523705130569769, -0.055571667483064614, -0.025998781660645655], [-0.4679956321503858, 0.01715765924404121, 0.01924646498505604, -0.36353548421894993, -0.6998043993072297, -0.5556398362335642, -0.08571455074444456, 0.3900038872918678, 0.032443296295971744, 0.3885888542372108, 0.5258573473683016, -0.09400298005047567], [-0.5979849480972433, -0.6328114413581608, -0.55561725010091, -0.28724959852291326, 0.12371091076909248, 0.5188018405987205, 0.3099284481649277, -0.13083504923970257, 0.6430337190352186, 0.07624826249872788, 0.3251006175697876, 0.07619222478435747]], "inverted": true, "swapped": false, "error_lsq": 0.04468109705266893, "error_max": 0.2574469734157051, "target": "836.xyz", "model": "23.xyz", "model_rescale": 4.274766983524099, "target_rescale": 3.793624974289971},
{"mapping": [6, 8, 5, 4, 3, 0, 1, 2, 7, 9, 11], "R": [[-0.33501710826583087, 0.90195379130173, 0.2724754952755121], [0.8192556843789137, 0.1360140410494659, 0.5570640037286845], [0.4653854969614311, 0.40985307000659305, -0.784497801286997]], "T": [0.0632287170845786, 0.17334938293824237, 0.08573971185570758], "aligned_model": [[0.2959741446446405, 0.2724757047552274, -0.43889196849021267, -0.385286207722669, -0.5337622670277413, -0.6434733564704898, -0.053813952550022345, 0.0905623050637916, 0.6313349004677452, 0.12332075661697267, 0.021454644670833044], [-0.11353275797018786, 0.6233091506325315, 0.4370041587158517, -0.2783211681939588, 0.4629206229175295, -0.21086456847240936, -0.6671437068218928, 0.07484518777031277, -0.3020998772834552, 0.7367686983598629, 0.15270079158929928], [-0.4961259632956322, -0.29597286630566033, -0.4671830339698638, -0.3853236177016165, 0.3337692645907693, 0.2801042144388276, 0.2221633440947733, 0.7319517869605967, 0.07622032757156132, 0.3960743704656179, -0.016111392827795834]], "inverted": false, "swapped": true, "error_lsq": 0.05081059031382573, "error_max": 0.2926670274741006, "target": "836.xyz", "model": "24.xyz", "model_rescale": 3.7841303162186577, "target_rescale": 3.793624974289971},
{"mapping": [12, 13, 9, 2, 3, 4, 6, 7, 1, 8, 0, 15], "R": [[-0.8854169085656474, -0.2895303823592278, -0.3636056321304329], [0.12194903122843817, 0.6101743466940432, -0.7828254597411504], [0.44851458371885494, -0.737468253098001, -0.504950734095996]], "T": [-0.08913457633074401, 0.043664310182584404, -0.11069068000572604], "aligned_model": [[0.054643441725665015, -0.5584915469261231, 0.2900268424134652, 0.5560730280180726, -0.4966661524075933, 0.04444531411548225, -0.5577013112341467, -0.4814267459755708, 0.243779722267581, 0.43344013255454966, 0.008003725033163961, -0.13652702039382184], [-0.47888381423731374, -0.3188571756324906, 0.07508276223907576, -0.3465461523737794, -0.645093953828372, -0.4806281714785502, -0.18986343141725812, 0.5134286320696934, 0.15216321032692295, 0.19551338359565437, 0.6193035585390565, 0.010985778914760339], [-0.6412029283253603, -0.6208692798577772, -0.5549768579725587, -0.12605199925999427, -0.018322092866566914, 0.40309735936492563, 0.387241505224623, 0.10893148558226382, 0.5453828313170966, 0.12021041608501531, 0.33711905136611875, -0.0720417545558838]], "inverted": false, "swapped": false, "error_lsq": 0.04607545680864081, "error_max": 0.24528009865414546, "target": "836.xyz", "model": "25.xyz", "model_rescale": 4.19342608120988, "target_rescale": 3.793624974289971},
{"mapping": [7, 10, 6, 3, 9, 5, 1, 8, 0, 4, 2, 11], "R": [[-0.9679573488701616, 0.012432082462884547, -0.250806726572245], [0.23563845523280924, -0.3002407513551458, -0.9242997401499111], [-0.08679337062094186, -0.9537824356483684, 0.28769076499763113]], "T": [-0.09399943801173666, -0.10865315494312419, 0.00035328099198312334], "aligned_model": [[-0.029251548786852766, -0.4406012039958604, 0.24861972318087777, 0.4153324931852301, -0.4987904490330614, 0.2572058739363598, -0.5514327662769225, -0.5172156430614321, 0.070875505902532, 0.5694306072438617, -0.1280120198902105, 0.0034388567862015385], [-0.8762994151899521, -0.07346724536668978, 0.3823343344273461, -0.32975364975690685, -0.6894695351736703, -0.5695563834638628, 0.003086068267303621, 0.4920387632262463, -0.07735409499141534, 0.25343534085407404, 0.6279685842130374, -0.036358140328110994], [-0.45460611252543665, -0.5248752084992622, -0.563241749739181, -0.3499502500998121, 0.22114294353131514, 0.2831658067322666, 0.2702909767541208, -0.2166568087324996, 0.6901001043278006, 0.15228164371672342, 0.3965312200818749, -0.035664829446008066]], "inverted": false, "swapped": false, "error_lsq": 0.05298899281183984, "error_max": 0.2890689583598734, "target": "836.xyz", "model": "26.xyz", "model_rescale": 3.795458400668931, "target_rescale": 3.793624974289971},
{"mapping": [6, 0, 7, 5, 1, 8, 9, 3, 11, 10, 4, 12], "R": [[0.8554061938838522, -0.2677105592690145, -0.44340872783585705], [0.2867398322890104, -0.4681648551024543, 0.8358241065115126], [-0.43134732182315894, -0.8421120619625215, -0.3237078359465812]], "T": [-0.16926167832096162, -0.11853796711512789, 0.10417578242054837], "aligned_model": [[0.07309134163229694, -0.6013013400486565, 0.1713086461030333, 0.4774817220056379, -0.45317161509414616, 0.21992342116940033, -0.5175643631944249, -0.42162217389180967, 0.17453698713746002, 0.3826526888865899, -0.009625297617041007, -0.0961105878976169], [-0.7561649304779144, -0.07310060724876745, 0.22101337835205587, -0.3031650124124862, -0.6351379386140853, -0.699625669862994, 0.016388398604309504, 0.4749807132518642, -0.0013725662249996634, 0.3294111805564252, 0.6186838849483283, -0.0853062041543368], [-0.3604572222058483, -0.6047320882618894, -0.5507477524616362, -0.23419723092269912, 0.050577388788352454, 0.3081947770167798, 0.3159643695991068, -0.25516571974489527, 0.7203326927904624, 0.054997322913879126, 0.46456910843043125, -0.040817909840141775]], "inverted": true, "swapped": false, "error_lsq": 0.04527293261487522, "error_max": 0.25394145853600514, "target": "836.xyz", "model": "27.xyz", "model_rescale": 3.6321398670334006, "target_rescale": 3.793624974289971},
{"mapping": [12, 8, 9, 6, 7, 4, 3, 0, 1, 13, 2, 14], "R": [[-0.5189600192257677, 0.471453813840015, 0.7130300132960012], [0.8002990860832386, -0.025104063626505024, 0.5990752530390232], [0.30033626364381005, 0.8815333728255224, -0.3642760510043653]], "T": [-0.13252174832826108, 0.028095122724328903, -0.09078643237454925], "aligned_model": [[-0.03038012482939617, -0.48342246539560524, 0.27845712830943997, 0.5358875378896535, -0.4407025145962384, 0.17233526009280098, -0.6779700754028211, -0.5660404763742697, 0.009769557013115215, 0.6352844994744204, 0.05262532246638216, -0.08624421945675817], [-0.6223555310541382, -0.17810463263402396, 0.16128047486651842, -0.3636653773256641, -0.6798266998097064, -0.5388155028463615, -0.11675927735864952, 0.4731898225292557, 0.033917051863023795, 0.2887037579279781, 0.6038718332738835, 0.04516870728528327], [-0.5907771988974228, -0.4091886362713538, -0.6006199210280541, -0.15128580294155697, -0.021803155513930694, 0.4308856862887354, 0.30044675286210376, -0.032787166355232385, 0.5626555969682656, 0.0042611189169419195, 0.42655813896771727, -0.04982767689431139]], "inverted": true, "swapped": false, "error_lsq": 0.0353038212751369, "error_max": 0.2233274253322806, "target": "836.xyz", "model": "28.xyz", "model_rescale": 4.156811204709835, "target_rescale": 3.793624974289971},
{"mapping": [1, 6, 7, 10, 5, 4, 2, 3, 9, 11], "R": [[-0.14107567388968079, -0.6662751118917212, -0.732239803281853], [-0.6546490294694545, -0.49205875714545616, 0.5738578462748158], [-0.742652208271997, 0.56031745893747, -0.3667588346019534]], "T": [-0.0870999427088674, 0.04814701621558795, 0.01583722544251086], "aligned_model": [[-0.7235638889810474, 0.04918146662474793, 0.05106831856639352, 0.6035008130453852, -0.17305773585876488, -0.5912611574491864, -0.27932334244007845, -0.41739231514680725, 0.23101051466338368, -0.10723729891343804], [-0.06767863944075789, -0.5739179595912647, -0.057077634734193694, 0.2007489954011438, -0.4401830273958425, -0.561079310222289, 0.6401946576543985, 0.32683426629604917, 0.5088568760036676, -0.05797789334470785], [-0.5500577210541459, -0.247795102025325, -0.7043881266031977, -0.2051460538588023, 0.6335002507459423, 0.05751860875838352, -0.1855827397331945, 0.5770936396743667, 0.3381912862891598, 0.04545268478191257]], "inverted": true, "swapped": true, "error_lsq": 0.0508870696016266, "error_max": 0.2914716389041377, "target": "836.xyz", "model": "29.xyz", "model_rescale": 4.117894457231895, "target_rescale": 3.793624974289971},
