[{"mapping": [11, 0, 12, 9, 7, 4, 1, 5, 3, 6, 13], "R": [[0.9642777781609083, -0.26278020362515436, -0.03339058441813878], [0.2491553570310852, 0.9425549795453182, -0.2225122886427563], [0.08994428613188762, 0.20624421232375778, 0.9743579169253863]], "T": [-0.11364163219618556, 0.028687061692460627, 0.07563621113263058], "aligned_model": [[-0.17620188875236498, -0.4336310531697234, -0.6788125845890924, -0.35198162996784, 0.11022031286511763, 0.6672044052239294, -0.4860824196225492, 0.018447676676325603, 0.19498436289833765, 0.6368072637579609, -0.09121417628938502], [-0.6618729277274616, 0.7138600232203088, 0.021682270638982214, 0.18268002024585486, -0.21227440042123044, 0.07300050837178784, 0.24920547160437354, -0.40036940190028747, 0.33863968175024056, 0.00288250251702582, -0.05615288504827105], [-0.0035784097101319995, -0.07784739658104164, -0.049473882174015965, -0.5998068922760924, -0.6049649097927403, -0.47365425018977697, 0.45734762591364486, 0.6846224391973257, 0.3617824574280611, 0.21953500707831408, -0.061619225604780836]], "inverted": true, "swapped": false, "error_lsq": 0.05315928612722811, "error_max": 0.3661542099360565, "target": "837.xyz", "model": "0.xyz", "model_rescale": 3.8414455957264533, "target_rescale": 3.7247050487243936},
{"mapping": [0, 5, 4, 9, 13, 8, 3, 1, 10, 11, 14], "R": [[0.33147057782065503, 0.9016857565731551, -0.27765095431555387], [0.8592442627537564, -0.41005304510242, -0.3058689214794243], [-0.3896492691690755, -0.13718344140357963, -0.910688832939482]], "T": [-0.13842953050476242, 0.09363208544372054, -0.13648235589753965], "aligned_model": [[-0.3121221755679119, -0.3711508580549592, -0.6160339171967462, -0.17365803558715875, 0.3145218712646505, 0.4943863240585806, -0.4210142347743045, -0.06021512042492047, 0.19893147744157963, 0.4676930543219822, -0.11159811645007564], [-0.6075113512291996, 0.6258950452323191, -0.0587663676986884, 0.07782869466451481, -0.36458383187535476, 0.35399311177588416, 0.17402362084665976, -0.251708661249284, 0.6075563063639655, -0.3965364276311531, 0.09109072405165995], [-0.07527683516108657, 0.1747405711545142, 0.07443468025783079, -0.8176716726538878, -0.5361324545962537, -0.5315249202891495, 0.5895066026882705, 0.6528972523380177, 0.16426794897235958, 0.20792386222705628, -0.05082247164890574]], "inverted": false, "swapped": false, "error_lsq": 0.05215694130403574, "error_max": 0.25447760324304963, "target": "837.xyz", "model": "1.xyz", "model_rescale": 4.316132596720782, "target_rescale": 3.7247050487243936},
{"mapping": [10, 0, 1, 2, 6, 4, 9, 7, 5, 3, 11], "R": [[-0.8976262910164403, 0.36521260333841615, -0.24675249955946982], [-0.4270131401635368, -0.8592974670841884, 0.2815450961930865], [-0.10920998033030277, 0.358088840129758, 0.9272785788374387]], "T": [-0.1335910214865662, -0.01456438121811714, -0.019488706819112432], "aligned_model": [[-0.2817200566587714, -0.217787696169534, -0.6639871924982313, -0.3692381532311124, 0.3335690278889545, 0.40133086811611607, -0.5334988960776592, 0.1537595678007625, 0.14123942298929082, 0.48296432106935616, -0.03689094419845515], [-0.6257437829888288, 0.6836964793313888, 0.07516406573000199, 0.26984916450155155, -0.4797551655491718, 0.31092841576995517, 0.11779378041374082, -0.3406976733306731, 0.4146318662143673, -0.15116661567374975, -0.023419671167258554], [0.022384033471391847, -0.1157007080634441, -0.09177958445419498, -0.7706909206448814, -0.5108693998061585, -0.4692027740546401, 0.5908444105204944, 0.7625137448342109, 0.3755033056268039, 0.16000042362222985, -0.10065996776304628]], "inverted": false, "swapped": false, "error_lsq": 0.04781263082965501, "error_max": 0.2278151666475849, "target": "837.xyz", "model": "2.xyz", "model_rescale": 3.795458400668931, "target_rescale": 3.7247050487243936},
{"mapping": [5, 1, 6, 8, 9, 7, 2, 10, 11, 4, 11], "R": [[0.5848141531044303, 0.3293184732041936, -0.74131083192896], [-0.15787473369722743, -0.8501968467650638, -0.5022358910021982], [-0.7956556885919798, 0.4107489074327542, -0.44521608265427837]], "T": [-0.04864446802578424, 0.06717148665073737, 0.04284964054496049], "aligned_model": [[-0.05638341792944638, -0.2381684303354981, -0.6150115286458346, -0.4022885353790425, 0.17127656763260538, 0.4969587201974778, -0.5821208644418419, -0.00860679446833782, 0.07548902352617587, 0.4931065053482828, 0.07548902352617587], [-0.6354099033312355, 0.6657680038983527, 0.05694813560605906, 0.22965254155391818, -0.4060721923095427, 0.3202592876991276, 0.23337941723960165, -0.2745029958504692, 0.12196774702493007, -0.18267692530434848, 0.12196774702493007], [0.030844864220032436, -0.002224955505395837, -0.11969306879300179, -0.6347185976825473, -0.651578038343456, -0.4278583608498257, 0.5677335988550645, 0.6914375436882452, 0.06047579209326941, 0.2774479935131112, 0.06047579209326941]], "inverted": false, "swapped": false, "error_lsq": 0.05014650493989192, "error_max": 0.33392962176084173, "target": "837.xyz", "model": "3.xyz", "model_rescale": 3.7530521520055578, "target_rescale": 3.7247050487243936},
{"mapping": [4, 5, 9, 3, 2, 1, 8, 6, 7, 0, 10], "R": [[0.5793561535074028, 0.48734512468383784, 0.6533308326108616], [0.4906682776255341, -0.8485805109986237, 0.19787813847241045], [0.6508387578541237, 0.20592679718824666, -0.7307551337313288]], "T": [-0.10660768186092076, 0.03609512999140288, -0.06872149621985704], "aligned_model": [[-0.04215359180887446, -0.2539117651188167, -0.6516475130618877, -0.38104495674216166, 0.1782166886301267, 0.480445101739438, -0.4386631647203, -0.1361419180866443, 0.1253591675232342, 0.5528655337173378, -0.02358331304073509], [-0.692938265830081, 0.7373184108248162, 0.027170942761793493, 0.10785196885338709, -0.30424545657374613, 0.3473970812063083, 0.3023414606872642, -0.37196411956814024, 0.39689530294748465, -0.29784863957500085, -0.0006978224827623725], [-0.004949382689500945, -0.13311993923586046, -0.054034422654364894, -0.7755488608052941, -0.5829192656995377, -0.49695740695903723, 0.7438863672346598, 0.546868400041757, 0.34980634817649525, 0.29706125688993723, -0.03775053101048814]], "inverted": true, "swapped": false, "error_lsq": 0.04494247157709266, "error_max": 0.26466315162119686, "target": "837.xyz", "model": "4.xyz", "model_rescale": 3.7855080009869324, "target_rescale": 3.7247050487243936},
{"mapping": [15, 1, 14, 3, 10, 7, 12, 13, 6, 8, 16], "R": [[-0.4561543625836041, 0.8783427884269387, 0.1429585377455146], [-0.887810586125631, -0.43816875477800754, -0.14071426899768774], [-0.060955398934050484, -0.19110753086856652, 0.9796746148523553]], "T": [-0.09143605801143494, 0.13523037164493806, -0.07701567331403433], "aligned_model": [[-0.10622555203755801, -0.3983013901713049, -0.6543917779090698, -0.3827679181926946, 0.23832388055218623, 0.6013624309211535, -0.5261742711081728, -0.0028129618577996257, 0.40033357421618776, 0.3780649863402954, -0.13767073172250657], [-0.6859945789905215, 0.8126630382600211, -0.21460047643126146, 0.1341280799724621, -0.2942564487451371, 0.27756076902399573, 0.24442065619618408, -0.13623303538797077, 0.361877531556786, -0.3565621487815598, 0.10827747657832532], [-0.008539706682712506, 0.06448552495142301, 0.05861851744070065, -0.7075243073513772, -0.5646258948065953, -0.3242843199123242, 0.43498572399189683, 0.5888080303385369, 0.2874987458651861, 0.10469497626052188, -0.08177472680649063]], "inverted": false, "swapped": false, "error_lsq": 0.049168095445497495, "error_max": 0.2524694523582826, "target": "837.xyz", "model": "5.xyz", "model_rescale": 4.2253639853439635, "target_rescale": 3.7247050487243936},
{"mapping": [6, 8, 5, 10, 4, 1, 11, 12, 9, 0, 13], "R": [[0.584494281754266, -0.09470716371378765, -0.805851715725576], [-0.2709512963502999, 0.9133727215934173, -0.30386784373330045], [0.7648214364167996, 0.3959555841130711, 0.5082001040997729]], "T": [-0.04226635537823844, -0.0553247969255518, -0.048121148855110735], "aligned_model": [[-0.3904379246595865, -0.24416448931551996, -0.6573480900437283, -0.35514721555577466, 0.26547895666477406, 0.4084373181461713, -0.5866176179767539, -0.020166563810143777, 0.30398401318078744, 0.7207830797121849, -0.035061197311693895], [-0.5564343439544369, 0.6549218357007155, 0.021386293069546508, 0.2764319726722362, -0.3145098568967244, 0.3231706929457475, 0.0055450977037502375, -0.1973821692448119, 0.36281890689882923, -0.20985352912890254, -0.11481403651462592], [0.15530881045220993, -0.0225919507795266, -0.17669460958220118, -0.6810156799973416, -0.6303816058756904, -0.48665637523601846, 0.5046268476572313, 0.874199330507364, 0.23091819014595197, 0.1440742721580091, -0.05944466616122256]], "inverted": false, "swapped": false, "error_lsq": 0.05474687448949612, "error_max": 0.2934268144459627, "target": "837.xyz", "model": "6.xyz", "model_rescale": 3.89814844738969, "target_rescale": 3.7247050487243936},
{"mapping": [0, 11, 4, 10, 5, 9, 7, 3, 8, 6, 12], "R": [[0.9895093801169739, -0.12157103407602673, 0.0780491533215298], [0.06306677577246525, -0.12255453283102608, -0.9904559395935967], [0.1299760303063134, 0.9849877512721946, -0.11360176666565447]], "T": [-0.1607074404422794, -0.055274636444170855, -0.010118176171021898], "aligned_model": [[-0.2292929818608962, -0.2620248384265393, -0.7777845738645273, -0.24440467702772173, 0.3432335258115874, 0.48142234994390387, -0.5066620029961636, 0.12996068182828582, 0.24795686185161073, 0.4630796170030703, -0.23574369323189356], [-0.6001190230755921, 0.747890408801988, 0.06811779612952977, 0.15898236994032838, -0.31668722675441163, 0.34325297802399857, 0.03746871965701909, -0.26842613223681344, 0.3790247161577952, -0.2779482191544153, -0.020275524238103082], [0.21225764385636864, -0.00908658349733936, -0.1497101077974588, -0.7072497066982528, -0.5395363135475548, -0.4863439123923231, 0.5403259991030875, 0.7126960594434784, 0.3093569131159128, 0.12656405952343186, -0.15693148782058472]], "inverted": true, "swapped": false, "error_lsq": 0.047496216929874865, "error_max": 0.24707507765097977, "target": "837.xyz", "model": "7.xyz", "model_rescale": 3.7474275329858107, "target_rescale": 3.7247050487243936},
{"mapping": [5, 12, 11, 4, 8, 2, 10, 6, 0, 3, 14], "R": [[-0.036252779118746636, 0.5092958064969805, 0.8598276091698602], [-0.28309658536540055, -0.8303822025665683, 0.47991845246369275], [0.958405999230294, -0.22601588250670662, 0.1742835663339971]], "T": [-0.14595696097836133, 0.11580061678165383, -0.04897098151132915], "aligned_model": [[-0.04927315207296687, -0.4928176584160847, -0.7651825842577247, -0.036968292392014185, 0.07211272648529277, 0.5346363795276524, -0.4912833522453942, 0.07052680988859586, 0.24631454024372226, 0.44910330469091475, -0.12742845242127682], [-0.5846349648304705, 0.6255237072869163, 0.06515009673450968, 0.12168628989468426, -0.32887368633967046, 0.25391263592869245, 0.22078433739774578, -0.28858296110600823, 0.27335042775476787, -0.25486853079818955, 0.14783351132834566], [0.06532556755782679, -0.02632928594461526, -0.02719696297765197, -0.8237694551916197, -0.5179280066315352, -0.5246886192712084, 0.6181058218541851, 0.6267114862823384, 0.4565133051072269, 0.10150227271896678, -0.09590356021514815]], "inverted": true, "swapped": false, "error_lsq": 0.05285796039703417, "error_max": 0.33059181463430243, "target": "837.xyz", "model": "8.xyz", "model_rescale": 4.019505241142653, "target_rescale": 3.7247050487243936},
{"mapping": [2, 9, 1, 7, 0, 4, 10, 6, 11, 5, 12], "R": [[-0.9502909685340178, 0.3107851249319884, 0.01896526413438987], [-0.008600601149488185, 0.034686589709976734, -0.999361231064203], [-0.31124444538424495, -0.9498470648558643, -0.030289414027901918]], "T": [-0.037398201806441156, 0.002152013756045644, 0.01301467675875229], "aligned_model": [[-0.049259698294208884, -0.3237744045983007, -0.7004330368965916, -0.05265479144296, -0.10448601289466343, 0.4985018138286641, -0.6980021329011288, 0.01304462494438692, 0.22699397028036128, 0.6008649068712674, -0.001054969866109881], [-0.5887800622963486, 0.6228892881173356, -0.07948151433032444, 0.34894105863321934, -0.24062242703565043, -0.027184354006933052, 0.07070797517370123, -0.221732590570364, 0.45459396197454366, -0.10002857270492124, 0.011978100297065466], [0.03812938579820169, 0.0167520720382461, -0.08711562195100706, -0.8231004976649253, -0.5863231866978794, -0.6190812194562842, 0.6431593304646572, 0.7025021988662162, 0.34863736196412115, 0.19385729063479118, 0.024925449292628354]], "inverted": true, "swapped": false, "error_lsq": 0.07023494391871225, "error_max": 0.4046603597724892, "target": "837.xyz", "model": "9.xyz", "model_rescale": 3.877068213659057, "target_rescale": 3.7247050487243936},
{"mapping": [13, 11, 6, 5, 4, 7, 10, 14, 9, 2, 15], "R": [[0.9832631447757267, 0.16935703681555062, 0.06716980130091738], [0.04362085928744472, -0.5767879599718855, 0.8157284289924532], [0.1768920822444392, -0.7991456959231696, -0.5745218428630017]], "T": [-0.11444214728891156, 0.07882399792655354, -0.12351147272411217], "aligned_model": [[-0.10660383658807898, -0.36341541751539463, -0.6540916750076252, -0.3515626907777014, 0.23513390822571661, 0.6246917427288922, -0.4479676480159647, -0.055907246053513, 0.22051484073970296, 0.4497368725867079, -0.14078858129202532], [-0.644342059438809, 0.7259014967540924, -0.18730755391269466, 0.217550750239836, -0.28870521546298344, 0.17744615857327925, 0.23026049727337286, -0.20244474731319662, 0.25538118441646745, -0.18941454199782992, 0.15695489411978852], [0.14963301344331165, 0.12938830483120933, 0.011606843848626064, -0.8553066478180176, -0.5716292457046901, -0.4555375733146066, 0.48397392338860695, 0.6024245471338392, 0.41711471973165243, 0.10033105491736474, -0.15965637716853048]], "inverted": true, "swapped": false, "error_lsq": 0.048591518580280706, "error_max": 0.20496030048969885, "target": "837.xyz", "model": "10.xyz", "model_rescale": 4.260839863003843, "target_rescale": 3.7247050487243936},
{"mapping": [3, 10, 5, 4, 2, 8, 6, 0, 7, 1, 11], "R": [[-0.529829446830021, 0.7947981481702225, -0.2959335414193178], [-0.4627270620697709, -0.563329885528022, -0.6845020862636317], [-0.7107491985926349, -0.2257329035301915, 0.6662433736734323]], "T": [-0.024688090169551, 0.08504842200172387, -0.10455493228014097], "aligned_model": [[-0.18084479585325985, -0.2577816048492835, -0.6743598313912581, -0.4806430239836707, 0.2182586563876322, 0.5592753766164882, -0.5299301847493569, -0.04295792104772186, 0.27172849171816915, 0.5117595042526943, 0.015235601930283608], [-0.6059039098203043, 0.6672811098296024, -0.08951095651384768, 0.08084333814975354, -0.33580563785329076, 0.40616536797265806, 0.25545322935928483, -0.18573813686352408, 0.3571074175794839, -0.36915207316252946, 0.07054111457403688], [-0.05946580019179533, -0.10204441815465283, -0.04078539191712459, -0.6774338673105545, -0.5885134685022855, -0.37191982064111057, 0.5427069638239558, 0.7299360037237371, 0.41286824287677676, 0.06628572966081735, -0.05929161007899814]], "inverted": true, "swapped": false, "error_lsq": 0.03982562181083615, "error_max": 0.19499783572720172, "target": "837.xyz", "model": "11.xyz", "model_rescale": 3.890672605050136, "target_rescale": 3.7247050487243936},
{"mapping": [8, 12, 5, 9, 6, 11, 7, 3, 4, 0, 13], "R": [[0.45362123012481387, 0.5102733617869611, -0.7306496259019671], [0.15069753976136993, 0.764128453709191, 0.6272144431865959], [0.8783609913298299, -0.39462488832134535, 0.26972794891787655]], "T": [0.10582490444355622, 0.028105162323598987, -0.14235808103750577], "aligned_model": [[-0.1966239387214693, -0.3605618410713187, -0.6693871503515891, -0.33391703987880184, 0.18461194585305668, 0.37642161080392356, -0.5203700767994672, 0.08102059304981693, 0.3760430839572212, 0.4381174852374885, 0.03438559695185578], [-0.5839534975830598, 0.5868396175028352, 0.033335612857373284, 0.20912213395783877, -0.37351625692243445, 0.33299854354633646, 0.14011171801266836, -0.26539080859432146, 0.36663903573752926, -0.30265733854882093, 0.10775210328537872], [0.08807616107840863, 0.017114044892634267, -0.20553318944708754, -0.7585401112894132, -0.5480071678727864, -0.5119248713322234, 0.42535535655678147, 0.7330321274942466, 0.4084903516886149, 0.21662986933568748, -0.012350007816097297]], "inverted": false, "swapped": false, "error_lsq": 0.045319063589971766, "error_max": 0.24573948401467827, "target": "837.xyz", "model": "12.xyz", "model_rescale": 4.124412569039231, "target_rescale": 3.7247050487243936},
{"mapping": [1, 9, 6, 3, 0, 5, 11, 2, 10, 4, 12], "R": [[0.6155754793341993, -0.6945889349130334, 0.3723077231791583], [0.10933329682615961, -0.3925862619107465, -0.913193439071958], [0.7804569555379681, 0.6028451197905849, -0.16572477816271652]], "T": [-0.07106465883893036, 0.09828451233457426, -0.14488025893476247], "aligned_model": [[-0.31708809648396546, -0.5264154220139576, -0.6959206908573078, -0.365029017296795, 0.19667441532864444, 0.6308099304065877, -0.2913153582213375, 0.008310536363528076, 0.24992258779021942, 0.5399324774788902, -0.020141093463790283], [-0.6637253527483664, 0.5469294140821311, -0.11761875749356983, 0.11681280488523646, -0.2199098998025586, 0.28536838612895793, 0.36017522697012966, -0.2697982784272055, 0.42194963301873406, -0.3184947351296454, 0.10959242176747974], [0.0023533396571726317, -0.14104533882639406, -0.24761064446817535, -0.7944917074926987, -0.5496462377949178, -0.3596302629155187, 0.7897082838720351, 0.6301101611224873, 0.43547975816794665, 0.12205384162960597, -0.034938629662777845]], "inverted": false, "swapped": false, "error_lsq": 0.0496755888806093, "error_max": 0.30546805776290165, "target": "837.xyz", "model": "13.xyz", "model_rescale": 3.9028299243045295, "target_rescale": 3.7247050487243936},
{"mapping": [12, 4, 5, 10, 14, 9, 0, 2, 3, 1, 15], "R": [[0.7703852539045045, -0.6207811744956404, 0.14538670488839625], [0.6309675789195757, 0.7095584701823215, -0.31369840889761097], [0.09157769880741348, 0.3334029255785513, 0.9383261769218643]], "T": [-0.041438271450613615, -0.013896417349570537, 0.02425387930545922], "aligned_model": [[-0.18098240894826811, -0.4578245368737973, -0.5353463244533166, -0.24832077574305994, 0.12909172857133355, 0.5573637920325857, -0.4819368093016517, 0.03864070063993606, 0.0751385242142507, 0.4795722402345909, 0.03434413865811334], [-0.6912391985861444, 0.5176046146659505, -0.10461528074836664, 0.29141692922940093, -0.28694101280468326, 0.1554792658935213, 0.355982441791243, -0.18960917803626287, 0.5114402231642625, -0.3464255660115541, 0.03818762469395648], [-0.05304087703431404, -0.034842692643162976, -0.07537923094340468, -0.6233076944984604, -0.800013565622594, -0.43790780577656985, 0.6212187668461894, 0.7347904044162845, 0.33908829623649184, 0.22468134186102792, -0.04294437955272254]], "inverted": true, "swapped": false, "error_lsq": 0.04634260014380413, "error_max": 0.22959578838397166, "target": "837.xyz", "model": "14.xyz", "model_rescale": 3.942246331269136, "target_rescale": 3.7247050487243936},
{"mapping": [0, 10, 5, 3, 12, 13, 9, 7, 6, 8, 14], "R": [[-0.48973580986867415, 0.05780342646241221, 0.8699526426314703], [0.8676292870907865, 0.1306139312182839, 0.4797493315826916], [-0.0858967794192996, 0.9897468185656927, -0.11411826507830491]], "T": [-0.06505760056553735, 0.10913315636124868, -0.07346736041872057], "aligned_model": [[-0.019690865912181957, -0.24066269857320605, -0.6587547721843278, -0.40389067995616124, 0.20242654625062617, 0.5468039863426174, -0.5272841552408721, -0.09665052036588458, 0.14156141313271187, 0.5394059744811895, -0.07352395894379468], [-0.6030081096535, 0.7813767235063294, -0.09674506500738189, 0.14001152020473268, -0.26627945448858137, 0.24954306289856953, 0.30534642409042234, -0.2777153659460858, 0.2321524810042871, -0.22568035268640038, 0.012278999328931839], [0.10405491844807555, 0.0885571810215697, -0.16244704667941728, -0.7065444500828968, -0.7484442940836362, -0.5900332353250405, 0.555825315410556, 0.6883263231571933, 0.4314724560754378, 0.274906902248201, -0.08333150690127747]], "inverted": false, "swapped": false, "error_lsq": 0.04704335351048819, "error_max": 0.23892668504638903, "target": "837.xyz", "model": "15.xyz", "model_rescale": 4.355366556412066, "target_rescale": 3.7247050487243936},
{"mapping": [10, 0, 1, 2, 6, 4, 9, 7, 5, 3, 11], "R": [[-0.8976262910164403, 0.36521260333841615, -0.24675249955946982], [-0.4270131401635368, -0.8592974670841884, 0.2815450961930865], [-0.10920998033030277, 0.358088840129758, 0.9272785788374387]], "T": [-0.1335910214865662, -0.01456438121811714, -0.019488706819112432], "aligned_model": [[-0.2817200566587714, -0.217787696169534, -0.6639871924982313, -0.3692381532311124, 0.3335690278889545, 0.40133086811611607, -0.5334988960776592, 0.1537595678007625, 0.14123942298929082, 0.48296432106935616, -0.03689094419845515], [-0.6257437829888288, 0.6836964793313888, 0.07516406573000199, 0.26984916450155155, -0.4797551655491718, 0.31092841576995517, 0.11779378041374082, -0.3406976733306731, 0.4146318662143673, -0.15116661567374975, -0.023419671167258554], [0.022384033471391847, -0.1157007080634441, -0.09177958445419498, -0.7706909206448814, -0.5108693998061585, -0.4692027740546401, 0.5908444105204944, 0.7625137448342109, 0.3755033056268039, 0.16000042362222985, -0.10065996776304628]], "inverted": false, "swapped": false, "error_lsq": 0.04781263082965501, "error_max": 0.2278151666475849, "target": "837.xyz", "model": "16.xyz", "model_rescale": 3.795458400668931, "target_rescale": 3.7247050487243936},
{"mapping": [0, 11, 4, 10, 5, 9, 7, 3, 8, 6, 12], "R": [[0.9895093801169739, -0.12157103407602673, 0.0780491533215298], [0.06306677577246525, -0.12255453283102608, -0.9904559395935967], [0.1299760303063134, 0.9849877512721946, -0.11360176666565447]], "T": [-0.1607074404422794, -0.055274636444170855, -0.010118176171021898], "aligned_model": [[-0.2292929818608962, -0.2620248384265393, -0.7777845738645273, -0.24440467702772173, 0.3432335258115874, 0.48142234994390387, -0.5066620029961636, 0.12996068182828582, 0.24795686185161073, 0.4630796170030703, -0.23574369323189356], [-0.6001190230755921, 0.747890408801988, 0.06811779612952977, 0.15898236994032838, -0.31668722675441163, 0.34325297802399857, 0.03746871965701909, -0.26842613223681344, 0.3790247161577952, -0.2779482191544153, -0.020275524238103082], [0.21225764385636864, -0.00908658349733936, -0.1497101077974588, -0.7072497066982528, -0.5395363135475548, -0.4863439123923231, 0.5403259991030875, 0.7126960594434784, 0.3093569131159128, 0.12656405952343186, -0.15693148782058472]], "inverted": true, "swapped": false, "error_lsq": 0.047496216929874865, "error_max": 0.24707507765097977, "target": "837.xyz", "model": "17.xyz", "model_rescale": 3.7474275329858107, "target_rescale": 3.7247050487243936},
{"mapping": [10, 2, 1, 0, 8, 4, 7, 12, 9, 5, 13], "R": [[-0.04731110800014409, -0.6433374926707609, 0.7641194471965085], [0.9851414363066979, 0.09638710750596352, 0.14214737415165374], [-0.16509999858078467, 0.7594908794914741, 0.6292182407065868]], "T": [-0.1542154134746014, -0.03413183154713123, 0.005534285944327193], "aligned_model": [[0.020961470053223824, -0.40686299778261636, -0.8117478149108854, -0.22978654814392382, 0.1186963905472447, 0.5366360488208435, -0.525788999130058, 0.11687258446714968, 0.2604462195913745, 0.4980243640615373, -0.16771044854317343], [-0.6975607704400668, 0.6231032933661398, 0.046814339504292715, 0.34982801469212554, -0.37182896752879735, 0.18556167063605017, 0.1767671484334395, -0.17660967722312454, 0.3725120920161584, -0.31379924685072186, 0.05649296664582766], [0.08046407294742067, -0.08415357573853408, -0.19350660247617762, -0.73338805832575, -0.5674702889013031, -0.39904555063102615, 0.6259164042573867, 0.6877719895176203, 0.33783026146643086, 0.14549623108410797, -0.047572319911410026]], "inverted": false, "swapped": false, "error_lsq": 0.04516694427065269, "error_max": 0.23207167346853466, "target": "837.xyz", "model": "18.xyz", "model_rescale": 3.922800546911778, "target_rescale": 3.7247050487243936},
{"mapping": [2, 12, 3, 7, 11, 13, 5, 1, 8, 6, 14], "R": [[0.09589518555584697, -0.9640272639260952, 0.2479022948550022], [-0.6747642794641637, 0.12013492372642243, 0.7281900625938631], [-0.7317767969445447, -0.23710553453771055, -0.638970801324418]], "T": [-0.001173859789992529, -0.04604467888780801, 0.017904618124283192], "aligned_model": [[-0.2748623934053054, -0.38189234024003094, -0.6226917210452814, -0.34988710549423196, 0.24693600824437717, 0.3160114847913692, -0.3641003618376715, -0.007576094601907626, 0.3499315743322681, 0.5485324047255028, -0.05066118643837169], [-0.707995745398579, 0.6228399064901902, -0.007802615492314521, 0.1168147200459053, -0.1677896643301569, 0.3958628044205238, 0.38607318971425986, -0.3838332708948503, 0.3424720770916268, -0.30484350000117366, -0.040517038394108154], [0.024563063929316745, -0.14414751748037402, -0.12839075539453915, -0.6821574559148832, -0.6384971374129902, -0.40152950089690986, 0.5318036567806685, 0.6765706203098815, 0.3344016299184767, 0.34442255768635993, -0.06469659823624116]], "inverted": false, "swapped": false, "error_lsq": 0.05025699402602484, "error_max": 0.30899129959105626, "target": "837.xyz", "model": "19.xyz", "model_rescale": 3.9282355846067225, "target_rescale": 3.7247050487243936},
{"mapping": [11, 6, 4, 3, 1, 2, 8, 9, 7, 10, 13], "R": [[0.7752788923736823, -0.5813202019304434, 0.24700093495245065], [0.556205017216692, 0.4430381477465616, -0.7031025376602443], [0.29929687245745773, 0.6824837159001264, 0.6668113373873752]], "T": [-0.0629083245331595, 0.10817085911059522, 0.03543884880515069], "aligned_model": [[-0.2137293347009041, -0.35653799218660753, -0.632121403134665, -0.4352695380506356, 0.16715955852427242, 0.6611643288815677, -0.6385140027307985, -0.06605167404537857, 0.33951134762314905, 0.5810344433992339, 0.0030945354514823054], [-0.581122060301293, 0.6849449163719272, -0.1515984534065985, 0.12867052921482347, -0.07793174086132769, 0.1961931517977477, 0.13657624685047462, -0.16396674499086472, 0.5267634763400645, -0.46416289808916145, 0.01691444032553112], [0.1599035645545225, -0.05376518250000584, -0.053354283604698044, -0.6182292315957262, -0.6529908046640871, -0.34755864325834984, 0.5319192777267436, 0.6713288306617182, 0.26112979820767973, 0.03296276547805305, -0.07900352771708487]], "inverted": false, "swapped": false, "error_lsq": 0.050925564627457294, "error_max": 0.23723739097716764, "target": "837.xyz", "model": "20.xyz", "model_rescale": 4.067790424073018, "target_rescale": 3.7247050487243936},
{"mapping": [10, 0, 12, 3, 11, 6, 7, 1, 8, 13, 14], "R": [[0.924899918106127, -0.039751291622636215, -0.37812693146827303], [0.37577869133653385, 0.24697840148103478, 0.8931920534461082], [0.057883647299405316, -0.9682053005515956, 0.24336799164868236]], "T": [0.049696972930590805, 0.14197080481701727, -0.008955505333473536], "aligned_model": [[-0.0851518005434441, -0.4370807050743962, -0.578087120537092, -0.26385652245616975, 0.0343455212037502, 0.5545667668550088, -0.39789061593483044, 0.017992513899621046, 0.119369307817903, 0.4236827617277532, 0.021850162072612724], [-0.6548507831712772, 0.6587965589630221, -0.1851463448635454, 0.2993915305292692, -0.29198787182108443, 0.2836848124496271, 0.2817359024736149, -0.21441832863776014, 0.4508582905543025, -0.4461199821072832, 0.06933707888243829], [0.1258702591258084, 0.0109608590045683, -0.3020346231012048, -0.783970303448834, -0.48799251212891326, -0.5310479625848612, 0.571384933529326, 0.7294798094448255, 0.4652830249772787, 0.05743245434084756, -0.0030233758700755585]], "inverted": true, "swapped": false, "error_lsq": 0.04802535548586204, "error_max": 0.25161815593876175, "target": "837.xyz", "model": "21.xyz", "model_rescale": 4.186013935880536, "target_rescale": 3.7247050487243936},
{"mapping": [0, 4, 6, 7, 1, 9, 3, 5, 11, 2, 12], "R": [[0.21821229215218332, 0.9572099699465129, -0.19008542550307883], [-0.12046355251488405, 0.219709572689311, 0.9680992904574275], [0.9684378803357416, -0.18835279956421325, 0.16325224294673352]], "T": [0.05074772505232841, 0.08871114972489814, -0.05796894976529589], "aligned_model": [[-0.20431781620095205, -0.42602200440331583, -0.49691688469773465, -0.3335127474912647, 0.13982188886758193, 0.5173511532145312, -0.5400607129485603, 0.02355078722865115, 0.2041088818037564, 0.5039454360995597, 0.02179228755846366], [-0.5861207996719304, 0.6344299156765242, -0.00039830620411281104, 0.12837865336519586, -0.39863918465229875, 0.29686387917567325, 0.21325494561047043, -0.2894576958470141, 0.5734197242221677, -0.43163342790665815, 0.11118315948330595], [-0.0944634801064157, -0.10794696824834572, -0.013518650457624966, -0.6817430421067259, -0.5961870104576082, -0.4106790889558282, 0.6404384436878027, 0.6164103403427845, 0.3168695916369299, 0.2132367988758037, -0.030074370922006183]], "inverted": false, "swapped": false, "error_lsq": 0.04117970196064024, "error_max": 0.21894865483072432, "target": "837.xyz", "model": "22.xyz", "model_rescale": 4.166573947596378, "target_rescale": 3.7247050487243936},
{"mapping": [3, 5, 1, 6, 12, 14, 0, 8, 10, 9, 15], "R": [[0.3955356973277051, -0.11638049524651184, 0.9110472504023392], [-0.5615961998004017, 0.7542504549451017, 0.34017048605788003], [-0.726747012728111, -0.6461902440777666, 0.23297413579511994]], "T": [-0.029670212068963774, -0.08281664392032392, -0.030546940139044597], "aligned_model": [[-0.0949425666884664, -0.3769845836233286, -0.7179200592713763, -0.4625818534327576, 0.19825513712420934, 0.6308629135239636, -0.6044474823616762, 0.039439764030672154, 0.41113156230265907, 0.47584530073917247, -0.08891786331235502], [-0.670999605134388, 0.6704037363873371, 0.09254815685529885, 0.0784637280040878, -0.12083865230212615, 0.2402175031944103, 0.18573297889196996, -0.27742052255819816, 0.46472569468293345, -0.3631943474219379, -0.04835780734806394], [0.07531606508915037, -0.0861685834294442, -0.09103161044419938, -0.635264877999741, -0.6437236824434156, -0.3226474245832509, 0.48352304778112876, 0.7513944143395308, 0.22797272304304925, 0.1315998327908601, -0.038627340854902534]], "inverted": false, "swapped": false, "error_lsq": 0.04498642712830073, "error_max": 0.2264160021804097, "target": "837.xyz", "model": "23.xyz", "model_rescale": 4.274766983524099, "target_rescale": 3.7247050487243936},
{"mapping": [0, 4, 1, 2, 3, 5, 9, 8, 7, 6, 10], "R": [[0.3007688730532574, 0.8552267812293542, -0.4220488569707916], [0.5176626730530719, -0.5180732247782944, -0.6809004998495501], [-0.8009765551686403, -0.013685263457344776, -0.5985392816133968]], "T": [-0.013993596327740138, -0.07295566757530847, 0.009937900319305408], "aligned_model": [[-0.2327243342926962, -0.17808872294505895, -0.664901366641707, -0.5439682785949882, 0.16236944639641618, 0.5367694211656973, -0.47311180410629694, 0.04070471619246707, 0.23938012305732906, 0.6021051485595749, -0.07879407976002036], [-0.7704110548932586, 0.5317067159905164, -0.03687132242523, 0.12422030902253933, -0.16364905867442095, 0.4727551631510437, 0.4389770256783704, -0.26590837748145907, 0.3436646624244125, -0.3406993092609238, -0.08250389028026651], [-0.09906755427229519, -0.29850463603302635, 0.010550341173254728, -0.7702671952665588, -0.5160707210586528, -0.2452105592131575, 0.514715915792957, 0.7204225757709798, 0.41399449961907886, 0.07118114486029989, 0.05059875191588617]], "inverted": true, "swapped": false, "error_lsq": 0.0631900700828662, "error_max": 0.38944789113977873, "target": "837.xyz", "model": "24.xyz", "model_rescale": 3.7841303162186577, "target_rescale": 3.7247050487243936},
{"mapping": [4, 13, 3, 11, 7, 10, 5, 2, 9, 8, 15], "R": [[0.42320410753098414, -0.4573719854373922, 0.7821183735892935], [0.2560645999372516, -0.7676618026549763, -0.5874744908534226], [0.869096774834586, 0.4488944460355582, -0.20776085360469332]], "T": [0.07141903383879983, -0.02592738316089627, -0.07102499793933824], "aligned_model": [[-0.3664042254136107, -0.41276290968822177, -0.7337961310091243, -0.2840911099491164, 0.23025533302910872, 0.5921286498914775, -0.5149463314525837, 0.08559078887383287, 0.3562210280593308, 0.4436361127318748, 0.013909063957748768], [-0.5442486151964785, 0.5792307012197714, -0.015353800219614803, 0.24154885491976963, -0.16925600075869565, 0.3895129080763676, -0.0041025526165834915, -0.13699136940521797, 0.328402150354123, -0.36440411536330847, -0.053057297758809435], [0.23939123381581362, -0.17756858405393078, -0.04825165220654244, -0.6967218645519148, -0.6850555326339004, -0.47292792831453373, 0.5809244484152836, 0.6748013761223264, 0.297049877993754, 0.23937109027175069, -0.0986699015693406]], "inverted": true, "swapped": false, "error_lsq": 0.05177269427709379, "error_max": 0.281285117925045, "target": "837.xyz", "model": "25.xyz", "model_rescale": 4.19342608120988, "target_rescale": 3.7247050487243936},
{"mapping": [10, 0, 1, 2, 6, 4, 9, 7, 5, 3, 11], "R": [[-0.8976262910164403, 0.36521260333841615, -0.24675249955946982], [-0.4270131401635368, -0.8592974670841884, 0.2815450961930865], [-0.10920998033030277, 0.358088840129758, 0.9272785788374387]], "T": [-0.1335910214865662, -0.01456438121811714, -0.019488706819112432], "aligned_model": [[-0.2817200566587714, -0.217787696169534, -0.6639871924982313, -0.3692381532311124, 0.3335690278889545, 0.40133086811611607, -0.5334988960776592, 0.1537595678007625, 0.14123942298929082, 0.48296432106935616, -0.03689094419845515], [-0.6257437829888288, 0.6836964793313888, 0.07516406573000199, 0.26984916450155155, -0.4797551655491718, 0.31092841576995517, 0.11779378041374082, -0.3406976733306731, 0.4146318662143673, -0.15116661567374975, -0.023419671167258554], [0.022384033471391847, -0.1157007080634441, -0.09177958445419498, -0.7706909206448814, -0.5108693998061585, -0.4692027740546401, 0.5908444105204944, 0.7625137448342109, 0.3755033056268039, 0.16000042362222985, -0.10065996776304628]], "inverted": false, "swapped": false, "error_lsq": 0.04781263082965501, "error_max": 0.2278151666475849, "target": "837.xyz", "model": "26.xyz", "model_rescale": 3.795458400668931, "target_rescale": 3.7247050487243936},
{"mapping": [7, 11, 10, 8, 6, 1, 4, 3, 9, 0, 12], "R": [[-0.7247716893973886, 0.6778029715905977, 0.12364922139265774], [-0.6750681378716582, -0.6627047255467695, -0.3241997161758054], [-0.13780060768569632, -0.3184424256297142, 0.9378728133817061]], "T": [0.006454631773842021, 0.14161559755442227, -0.03715067432689308], "aligned_model": [[-0.23309439243228408, -0.5210730934076079, -0.6404042307357919, -0.14252262596703397, 0.20643257293357742, 0.48343601215615306, -0.5486553566203337, 0.07934630328160405, 0.18462773278402678, 0.5686110147516344, -0.026963667713228057], [-0.6229905592130855, 0.623366661081834, -0.11587481777010666, 0.326201779249677, -0.26547515926067855, 0.24294042110193437, 0.33084746444508695, -0.22816524658513965, 0.4121551375301811, -0.4311112431788135, -0.020613574149566133], [0.09776333037436148, -0.07186383736955627, 0.1143706988122649, -0.7259797012336773, -0.7266961031719313, -0.372672973813648, 0.5585903633519601, 0.5976922120474399, 0.2446950166132516, 0.18019089802861826, -0.04374734035031803]], "inverted": true, "swapped": false, "error_lsq": 0.04604999090035589, "error_max": 0.24010739952017857, "target": "837.xyz", "model": "27.xyz", "model_rescale": 3.6321398670334006, "target_rescale": 3.7247050487243936},
{"mapping": [13, 3, 1, 4, 6, 12, 0, 11, 8, 9, 14], "R": [[-0.5789853433481034, -0.7649876121777768, 0.28208141626598304], [0.12509925334231609, -0.42522133116074107, -0.8964022514134393], [0.8056836531798783, -0.48371559075600545, 0.3418962975206003]], "T": [-0.058139318702823115, 0.11320437941240627, 0.08256092274913243], "aligned_model": [[-0.11202219540014917, -0.4672247067576565, -0.6611144199632314, -0.3552888077645383, 0.20140636914879878, 0.6107363042302473, -0.296876327180052, -0.11454822729673915, 0.25194530175962426, 0.4479938684232743, -0.09526689016886149], [-0.6934162929120423, 0.664131887075183, -0.02500348112546963, 0.07347218208709097, -0.32378281364234707, 0.3034156597675711, 0.315014738943756, -0.3382557346903585, 0.5219188667638136, -0.3098410436474771, 0.06362689463160368], [-0.031180268082182022, 0.05632913777821194, -0.1715784301497217, -0.689831973389287, -0.5053044242177752, -0.36457977181075174, 0.6226432440567433, 0.5359124826055809, 0.14444477990347748, 0.18949047029279484, 0.0659973163016748]], "inverted": true, "swapped": false, "error_lsq": 0.04629517129888408, "error_max": 0.25164264161810096, "target": "837.xyz", "model": "28.xyz", "model_rescale": 4.156811204709835, "target_rescale": 3.7247050487243936},
{"mapping": [1, 2, 6, 7, 4, 3, 8, 5, 9, 10], "R": [[-0.004923563100710376, 0.8046930991000684, -0.5936705945110645], [-0.7498689561998492, -0.39573404947090207, -0.530180262379797], [-0.6615680668337478, 0.4425647730559776, 0.6053627958470597]], "T": [-0.047048688874833156, -0.003399501909011258, 0.03052917307934137], "aligned_model": [[-0.6137002122512769, -0.08994640329734727, 0.11783309500740247, 0.6211565427756014, -0.1527483676539293, -0.6549858149506962, -0.19528998850185283, -0.5919999267617803, 0.30463716125911666, -0.10203071151464939], [-0.048116199733662074, -0.5299783216533152, 0.03543104951330703, 0.2923904559240227, -0.2726294487735072, -0.5742656696904472, 0.4276021260487314, 0.33570584631484013, 0.3134668069680833, -0.06088631429184942], [-0.5276201689366048, -0.2946574288955713, -0.8273863957464526, -0.2801489312310356, 0.661806562714665, 0.1593979956607857, -0.14268967296454688, 0.5725866535131462, 0.40732508289970343, 0.030173029961010196]], "inverted": true, "swapped": true, "error_lsq": 0.06382269664942154, "error_max": 0.3204288352204409, "target": "837.xyz", "model": "29.xyz", "model_rescale": 4.117894457231895, "target_rescale": 3.7247050487243936},
{"mapping": [1, 11, 3, 12, 7, 10, 2, 5, 9, 8, 14], "R": [[-0.055828611994518884, -0.45091741719121387, 0.8908179662289993], [-0.3151203963599793, 0.8545646544357106, 0.41281761976338216], [-0.947408202350336, -0.2576678758844022, -0.1898024337476348]], "T": [-0.04545701009501964, 0.004718440405183495, -0.089588970644745], "aligned_model": [[-0.17304005138528922, -0.24567176636148674, -0.5900987038326337, -0.4889410225950761, 0.34486118276172106, 0.49684626986351615, -0.5868795029897017, 0.14423940851063266, 0.17104679133211392, 0.34154196649080854, -0.004164302763888149], [-0.8393951316587294, 0.7010454512861863, -0.04042104733739451, 0.32141644602749264, -0.26787447481841736, 0.3302205391417281, 0.1692240140716134, -0.09155350089742648, 0.4667792755238241, -0.5109169055242274, 0.012756197436674003], [0.017290741608766577, -0.11296364924249168, -0.056664008218388906, -0.628849785791826, -0.5371919998447804, -0.4276370455652684, 0.5313461736846335, 0.71707003638113, 0.27020249844176203, 0.20391003924613013, -0.12417043741090159]], "inverted": false, "swapped": false, "error_lsq": 0.0496411294243228, "error_max": 0.24389303746661778, "target": "837.xyz", "model": "30.xyz", "model_rescale": 4.100398675895297, "target_rescale": 3.7247050487243936},
