[{"mapping": [1, 3, 5, 11, 9, 12, 13, 8, 10, 2, 6, 7, 0, 14], "R": [[0.6501282523534566, 0.17165013573171553, 0.7401820630055311], [0.5951257308855379, 0.49061217990495787, -0.6364943466888451], [-0.4723966764593024, 0.854304348480206, 0.21680742662099095]], "T": [0.003643319388274474, 0.10966357192628773, 0.14301144758667844], "aligned_model": [[0.3126563389402238, 0.08931256843819835, -0.37490442944214675, -0.4137813415442233, -0.6342439374054768, -0.08218958538071228, -0.7878401369298199, 0.08511450087871494, -0.3047639010076506, -0.12174266120247582, 0.6853166471619361, 0.2701418073151629, 0.6080927257775733, 0.04032350552899967], [-0.6407076239798222, -0.4318288512448053, -0.5255421156636999, -0.3259943883660727, 0.28786872279347697, 0.21696642595342475, 0.2289906817747162, 0.4891656782749595, 0.7248810810351972, -0.07502389111545954, 0.44844485597824874, 0.7650161560005002, -0.03046806861007023, 0.10350466897944112], [0.2106776979897016, -0.3673467330784898, 0.4306889465860208, -0.18853449653373983, 0.5334761801032288, -0.5267502961162764, -0.13009070857182686, 0.7128153573548031, -0.08028829191864834, 0.6219883770209065, 0.4429209570794623, 0.09605289424641283, 0.09382385975105642, 0.04815434326722297]], "inverted": true, "swapped": true, "error_lsq": 0.04862331549200116, "error_max": 0.37918670232612345, "target": "838.xyz", "model": "0.xyz", "model_rescale": 3.8414455957264533, "target_rescale": 4.1266810055707595},
{"mapping": [9, 8, 10, 13, 7, 12, 6, 2, 5, 3, 4, 11, 0, 1, 14], "R": [[-0.14286862625884128, -0.5507353341840806, 0.8223619320664479], [0.5886577080197888, -0.7152345433525497, -0.37672490066912157], [0.7956573750175393, 0.4302675210568645, 0.4263791762079617]], "T": [-0.06989877820142837, 0.04263390046168842, -0.003438763534945228], "aligned_model": [[-0.5202186595479139, 0.2134481344864148, 0.45270817843658856, -0.034985320475118986, -0.664411377175326, 0.6179486248619157, -0.21631726280525404, -0.5981026989176488, 0.021638492165928336, 0.17224292353093124, -0.3310845296338079, 0.5381615681578797, -0.2703252332569922, 0.42683010258426196, 0.0033569109723680657], [0.18921700588593776, 0.10670875124479937, -0.37450532889744165, 0.7026007093317839, 0.28123721066363533, 0.22087793347372917, -0.6103978792318124, -0.4592316529979957, -0.590281247576288, -0.2822006666933799, -0.027571338246390527, 0.6270779291269879, 0.6107756433183927, 0.21817057459450961, 0.036074484551165], [-0.49459564036933523, -0.7382253570898094, -0.14924045287224752, -0.3750189867691026, 0.047337531693212934, -0.2816195656433741, -0.4061027622488867, 0.11376325013823624, 0.15581615318743888, 0.6668050594902227, 0.4684409484201629, 0.1188444923623647, 0.3997504794326391, 0.6828156981602233, 0.04808382504495207]], "inverted": true, "swapped": false, "error_lsq": 0.05077544650218904, "error_max": 0.3623953483645992, "target": "838.xyz", "model": "1.xyz", "model_rescale": 4.316132596720782, "target_rescale": 4.1266810055707595},
{"mapping": [7, 12, 4, 2, 0, 8, 1, 9, 3, 10, 11, 14], "R": [[0.06771680681596676, -0.8859355876518094, -0.45883828154012196], [-0.9944861400221199, -0.09684678179284856, 0.04022459645879731], [-0.08007341243230326, 0.453584430275568, -0.8876088176854907]], "T": [-0.09583768507842283, 0.058326405424768135, -0.018245739930241155], "aligned_model": [[-0.24047096052805655, 0.5265774535191313, 0.18161319473347992, -0.44630038462428, -0.30840114400999485, -0.6773064428834235, -0.21751831665581084, -0.17536595032757837, 0.37457207491388345, 0.1776518368422954, 0.4301212710292531, -0.02736407737711849], [-0.5648412211607254, -0.22373563749823439, -0.6657751413312671, 0.45012283008011944, -0.25081325973119445, -0.020116231305409446, 0.38834793488941133, 0.4983973982158892, 0.16214782568008915, -0.2438029199565359, 0.4811982092014899, 0.001646640657348021], [0.28746144686848185, -0.04065963156384984, -0.2821621811057704, 0.03580479122400282, -0.5148993654230781, 0.3437994701790694, -0.7526872374850357, 0.6071602976525223, -0.5917912983268601, 0.5795767445196778, -0.15429915974817693, -0.06804541558156217]], "inverted": true, "swapped": true, "error_lsq": 0.056188972874145426, "error_max": 0.2841997492674243, "target": "838.xyz", "model": "2.xyz", "model_rescale": 3.795458400668931, "target_rescale": 4.1266810055707595},
{"mapping": [7, 12, 13, 5, 8, 2, 11, 0, 3, 1, 9, 14], "R": [[0.20432780866395878, 0.1067326447269723, 0.9730664361471782], [-0.5354548646604533, 0.8443311402183791, 0.019824569831079497], [-0.8194743647717361, -0.5250838677841071, 0.22967084550469635]], "T": [0.0824531612410496, 0.014053040784604485, -0.07567345571911396], "aligned_model": [[0.013140691279715538, -0.1778540886387113, -0.7165541570129271, 0.09465022581770868, 0.10158938900296269, 0.15393858940752453, -0.1554318626171863, 0.6614726010949262, 0.29333601966393297, 0.6998480001269479, -0.47248605222864015, 0.09765446984731163], [-0.027769955823419946, -0.6162675952532419, -0.09409161036782437, 0.31422806627918876, 0.5877654140321185, 0.4910765153637541, -0.2678370363001187, -0.15965040216678011, -0.5464342537755201, -0.04023301107414354, 0.5311788824069378, -0.08619596803124098], [-0.7800598395415588, -0.12464298498327843, 0.1795947331962852, 0.6586896648192229, -0.45754230138908625, 0.14017009948704276, 0.5056290634983288, -0.2239265586849943, 0.3742166973365031, 0.45253231557880413, 0.049798727631265666, -0.0856881863094343]], "inverted": true, "swapped": true, "error_lsq": 0.049515323045721454, "error_max": 0.3100315696586501, "target": "838.xyz", "model": "3.xyz", "model_rescale": 3.7530521520055578, "target_rescale": 4.1266810055707595},
{"mapping": [10, 11, 2, 1, 8, 3, 7, 12, 4, 0, 14], "R": [[-0.3295415607081133, 0.5692019514595549, 0.7532672156815906], [0.0858454355761469, -0.7764642941400285, 0.6242866017434376], [0.9402302489054492, 0.27039293330311426, 0.20701386587119014]], "T": [0.0030631934881214587, -0.15700246957201036, -0.08070307823553115], "aligned_model": [[-0.5565809301846117, -0.2753513903473502, 0.4066609221457525, 0.4912120355578715, 0.34743234056550665, -0.15552674751091855, -0.1769448491235144, -0.616648018709293, -0.35691060989855317, 0.28556095785073243, -0.05470410790041702], [-0.5960576761826224, 0.18776075373358447, -0.34323908632739814, 0.46905455781344296, -0.7256009400853807, 0.5598844282940028, -0.5043832856990619, 0.11273953165813877, 0.1861823115611364, 0.205348581087259, -0.08448581753875532], [0.05158203489648429, -0.6075688660288437, -0.36649110819068903, -0.26205358358094216, 0.10216727910709099, -0.22882850967222312, 0.5105982260365866, 0.022540563702551628, 0.5701402174352197, 0.3391922772723911, -0.03844775373230964]], "inverted": true, "swapped": true, "error_lsq": 0.045004689393944634, "error_max": 0.22054828381612016, "target": "838.xyz", "model": "4.xyz", "model_rescale": 3.7855080009869324, "target_rescale": 4.1266810055707595},
{"mapping": [12, 13, 6, 14, 2, 8, 1, 0, 4, 7, 5, 15, 9, 10, 16], "R": [[0.034659172389744475, 0.8545269277629739, 0.518249429808882], [0.998324151384056, -0.0055572456100679846, -0.05760213350679126], [-0.046342534809425295, 0.5193773644944519, -0.8532874795274068]], "T": [-0.004969856263816887, 0.04220898380856381, -0.019630252631484744], "aligned_model": [[-0.2335560661523305, 0.4244146275107021, 0.40920281301160916, -0.24662497947773954, -0.6958027558157572, 0.6721202889585868, -0.5286372644916328, -0.5869903855935479, -0.06081126147561514, 0.4027066614928003, -0.1794702685283338, 0.3991532451137362, -0.23390124197695555, 0.3001952316644856, -0.031108790855780853], [0.0907533252508875, 0.1610476576419662, -0.42904631169274704, 0.5965689140751874, 0.3039460413618738, 0.2318293267246002, -0.4237519966277225, -0.39534672414484273, -0.6823683849286133, -0.37828337302561615, -0.24248646083412828, 0.7603937683701161, 0.6467453683968168, 0.320522803627726, 0.08802817435212848], [-0.6587367027420187, -0.5909217487791226, -0.19978716910765912, -0.3229209838979008, -0.014216826850566498, 0.010418620204767939, -0.30556162422296756, 0.2601392760821447, 0.11773844119366764, 0.4476549992113097, 0.7176630096044568, -0.03423302096905739, 0.27876579223752557, 0.5806862979330178, -0.029833686960900555]], "inverted": false, "swapped": false, "error_lsq": 0.04421750708793013, "error_max": 0.287846534791582, "target": "838.xyz", "model": "5.xyz", "model_rescale": 4.2253639853439635, "target_rescale": 4.1266810055707595},
{"mapping": [8, 9, 12, 10, 13, 3, 4, 7, 1, 2, 11, 0, 6, 14], "R": [[0.3821113465890126, 0.9236619695355285, 0.02897386480398989], [-0.49054189827386285, 0.1761624813068744, 0.8534257004670531], [0.7831727554287156, -0.3403165382604165, 0.5204085788499645]], "T": [0.035886351920422124, 0.027160382817330048, -0.015517712479619528], "aligned_model": [[0.6724173993281863, 0.12068207971645943, -0.3416491267347519, 0.1738111351952943, -0.3921072571142862, -0.5997458868785487, 0.055721186059048834, 0.5551086371591739, -0.28696030982818366, 0.15438827228447088, -0.6352581424426708, 0.171813071327739, 0.7366424186109989, -0.01080132392514678], [0.09419466644449076, -0.10357372040228988, -0.46254610670727403, -0.6659133694544902, -0.48858902583503827, 0.17246179586127477, -0.3312858514292466, -0.3987317825683572, 0.7333484875977847, 0.394130564204094, 0.022087000943045054, 0.31151036365305174, 0.17746096410388515, -0.009454839775939722], [-0.2717803282239686, -0.7684043004313361, 0.2762296094028118, -0.17074624993358634, -0.5313605437457112, 0.35309847479812523, 0.7207409412248919, 0.21194138544001706, 0.22982509464167028, -0.37682116237560415, -0.16882540134706048, 0.5212172274215975, 0.3791310786846144, 0.06731238337498738]], "inverted": true, "swapped": true, "error_lsq": 0.05727228336188126, "error_max": 0.38202939503971056, "target": "838.xyz", "model": "6.xyz", "model_rescale": 3.89814844738969, "target_rescale": 4.1266810055707595},
{"mapping": [0, 6, 7, 1, 12, 8, 2, 3, 5, 9, 10, 13, 14], "R": [[-0.7989674885011921, 0.5598021640861842, 0.2197100120670943], [-0.21952102874008783, -0.6116235030940489, 0.7600836851320109], [0.5598762990688134, 0.5590511850871879, 0.6115556411264798]], "T": [-0.04801703415176978, 0.053811513993282024, -0.04068045015466958], "aligned_model": [[0.10626323189510672, -0.025786468622413086, 0.2871497549379713, -0.2842156281578855, 0.5711610417587225, -0.4121928723088123, -0.576289928132607, 0.2508496913384387, -0.6229759139609699, -0.5063216349113855, 0.2828793598116708, 0.0329783701421964, 0.04513279711418931], [-0.2771737551966212, 0.22515275077169952, 0.5572841434774631, -0.7125231700295191, 0.0088360053471108, 0.5199531268726992, 0.04606800775814552, -0.5980023220440581, -0.33480524934391426, 0.516835747173662, 0.6568231888903213, 0.3427997147559603, 0.012533077037535957], [-0.5447258166135494, -0.8403960124901808, -0.4106697663564132, -0.18233522626543686, 0.24577669722565398, -0.3948327526579275, -0.051533544646093866, 0.17573614047873912, 0.3439522381385083, 0.36759076843043537, 0.1837184517355081, 0.7500125198227087, -0.04001866596565659]], "inverted": false, "swapped": true, "error_lsq": 0.0432812873358808, "error_max": 0.26371484340106527, "target": "838.xyz", "model": "7.xyz", "model_rescale": 3.7474275329858107, "target_rescale": 4.1266810055707595},
{"mapping": [4, 9, 11, 8, 2, 7, 13, 1, 12, 10, 0, 5, 3, 6, 14], "R": [[0.6503879705225589, -0.04158155086406648, -0.75846322417589], [0.13325934263115305, 0.9892611386853235, 0.06003621480848234], [0.7478217938794376, -0.1401191425707292, 0.6489446744401125]], "T": [-0.02833429678651814, -0.02440161640943956, 0.025216912189574923], "aligned_model": [[-0.4951341007960191, 0.48191981851584126, 0.44011881568982564, -0.18666012449277156, -0.8116942516225083, 0.634394251903437, -0.3569076126141742, -0.6501854843311526, -0.03706370945894437, 0.4923084650831589, -0.12960810976474516, 0.3212370187163489, -0.17734130592935796, 0.36669689898640706, -0.08119071650111889], [0.09689663909759416, 0.2204286394084782, -0.32515798775943067, 0.5049717832469264, 0.276289552802827, 0.12286226278480672, -0.5826574922831695, -0.21837178125019233, -0.6405852265788835, -0.35869435914282866, 0.01759080628075902, 0.6006981618975691, 0.5981918962755538, 0.3728796921009514, -0.036790458333328516], [-0.5909084987724854, -0.48472359781285473, -0.2515090209888664, -0.37466688577417817, -0.0420251711136794, 0.0798232539456886, -0.59808219888876, 0.4000215222877322, -0.00451816326519448, 0.463899982704913, 0.6749810916180967, 0.016753664585307252, 0.34818558895789375, 0.6194020808636413, 0.0002210245894425679]], "inverted": true, "swapped": false, "error_lsq": 0.05013878339630303, "error_max": 0.3145161187330775, "target": "838.xyz", "model": "8.xyz", "model_rescale": 4.019505241142653, "target_rescale": 4.1266810055707595},
{"mapping": [2, 8, 0, 1, 5, 3, 4, 9, 13, 10, 7, 12, 14], "R": [[0.06576841467732912, 0.9701867790812633, -0.23326407637429963], [-0.9971250776022347, 0.07271670938353243, 0.021303985382283105], [0.03763104101095965, 0.23119233091163532, 0.9721800300767736]], "T": [-0.01222446389982991, -0.08094742570253005, -0.03518194877902082], "aligned_model": [[-0.2429611801257882, -0.6927987824383526, 0.09537648118481891, 0.4238400472245586, 0.20821297336483707, 0.7253059568417591, 0.2425215565843848, -0.3988657281503218, 0.14164450164345171, -0.2423353655792579, -0.4217900764423986, 0.4201549872458615, 0.06139540038762327], [-0.5217835954679304, -0.12005438171970534, 0.24021138158081445, -0.35443253030146427, -0.8332497017024791, -0.0627255792210861, 0.6967187741811027, -0.5846185272502633, -0.356633683483011, 0.19939664081341135, 0.4839395074344249, 0.287321676693105, -0.010711753442860156], [-0.21315397263551036, -0.13826027172067584, -0.5573834783460108, -0.6661956879655315, -0.15762225627311277, -0.16454801831768182, -0.0711496461148831, 0.3983430098556008, 0.749414276793136, 0.5908584237747343, 0.09080345134985202, 0.34545943336319634, -0.02986176971923414]], "inverted": false, "swapped": true, "error_lsq": 0.04926636913139892, "error_max": 0.3178011657583125, "target": "838.xyz", "model": "9.xyz", "model_rescale": 3.877068213659057, "target_rescale": 4.1266810055707595},
{"mapping": [0, 12, 3, 11, 8, 6, 1, 7, 4, 13, 2, 10, 9, 14, 15], "R": [[0.7465451293955531, -0.08544462844601648, 0.6598254202783488], [0.09453601579323419, 0.995280003597281, 0.0219238718601006], [-0.6585843237533965, 0.046010106597561024, 0.7510990338145581]], "T": [0.044533660369381306, 0.0037704101587776803, 0.01133034657190522], "aligned_model": [[-0.3019467813591814, 0.33633022512260646, 0.42152039756548265, -0.12131563720835295, -0.6746944309577234, 0.6459480990989567, -0.5388912157585929, -0.6405925175880223, -0.0747056366522218, 0.5357944458841117, -0.18010114364868413, 0.3139940868367215, -0.22418734147483657, 0.30398620000126164, 0.009751103522701539], [0.18122771110321417, 0.18013449159972678, -0.4690612929154208, 0.6265767714229894, 0.28305697166718125, 0.1056815639265748, -0.44699140706488893, -0.3988794835488486, -0.6456316691503199, -0.18139574214386503, -0.11556819616317426, 0.6557548910553506, 0.44092058402803636, 0.4074945970804103, 0.02523233765066624], [-0.683094772123326, -0.65345961370821, -0.1812119170338181, -0.3481992393115217, 0.017066635867316587, -0.07933036570278544, -0.4462019563879082, 0.1977753861721212, 0.1601577942412968, 0.5787938543154041, 0.6242356082677113, 0.08561422569748615, 0.42646171439848835, 0.6271328369952711, -0.068885518750829]], "inverted": false, "swapped": false, "error_lsq": 0.03868253647402695, "error_max": 0.23664743165782498, "target": "838.xyz", "model": "10.xyz", "model_rescale": 4.260839863003843, "target_rescale": 4.1266810055707595},
{"mapping": [8, 6, 4, 7, 12, 10, 9, 2, 1, 3, 11, 14], "R": [[-0.7307574824048307, 0.5075848489010789, 0.456454951857708], [-0.6343063085661514, -0.2577716166601426, -0.7288410667337559], [-0.25228755185806573, -0.8221383185392137, 0.51033280941654]], "T": [0.07116695819421547, 0.0442517779449015, -0.023895849827544013], "aligned_model": [[0.3864670313967442, 0.13888267543706367, -0.5986408566260073, -0.2956122772790802, -0.5635698658938143, -0.4024823751700197, 0.3609791907578549, 0.585880116814761, 0.47255723849219916, -0.12315356247609703, 0.008593721345426117, -0.01100238770490039], [-0.0968832049096833, -0.6719039123936216, -0.4184184217305118, -0.24376741298593899, 0.1780882885753932, 0.34436349430341057, 0.6418282636670932, 0.13890411166919372, -0.23881869934419767, 0.020714499838422377, 0.5035554765736617, 0.0154160222697124], [-0.6205554497475353, -0.41368118426196826, 0.06692103287446086, -0.5579665355359483, 0.19211094617751082, -0.481126248508148, -0.4112343956541509, -0.09711676300915156, 0.6256283199393797, 0.6990870468872382, 0.48511163679678515, 0.028999671437032182]], "inverted": true, "swapped": true, "error_lsq": 0.04754655151296546, "error_max": 0.23632293705559965, "target": "838.xyz", "model": "11.xyz", "model_rescale": 3.890672605050136, "target_rescale": 4.1266810055707595},
{"mapping": [12, 4, 3, 13, 11, 8, 4, 9, 10, 6, 1, 0, 2, 14], "R": [[-0.5599092595747477, -0.7636150728361001, -0.3215488167914409], [-0.08215928725151778, -0.33500264882057884, 0.938628295333951], [-0.824470419457715, 0.5519648954604938, 0.12483301493797971]], "T": [0.06605669124884014, -0.01645416225176406, 0.20910979009991015], "aligned_model": [[0.38145220521651424, -0.15895430700661808, 0.5092544212068028, 0.7112072253842794, 0.7429936953718907, -0.44535911508188075, -0.15895430700661808, 0.2653488080085851, 0.08475180676917188, -0.7413754050030331, 0.18613955062368504, -0.28404040284953647, 0.031741618183292686, 0.0856700409771579], [-0.12416560476504766, 0.09310379126863212, 0.49493655035652645, -0.5633051919092148, 0.10756631048641303, -0.3015475751702962, 0.09310379126863212, -0.5504791345686447, -0.6854620186922571, 0.09372842849801415, 0.7693035227738693, 0.4522074198765144, 0.03904575785601887, 0.014116472548604809], [-0.3878708614058549, -0.5708395891101404, -0.1119416829919202, 0.20697715422297405, 0.19069420501232007, 0.5731311035818681, -0.5708395891101404, 0.7250748244327136, -0.06575263266143583, 0.136238638441054, 0.38599864404300754, -0.003501889969095645, 0.7335068121092633, 0.11391529876224842]], "inverted": true, "swapped": true, "error_lsq": 0.049908027953089074, "error_max": 0.4238026592031008, "target": "838.xyz", "model": "12.xyz", "model_rescale": 4.124412569039231, "target_rescale": 4.1266810055707595},
{"mapping": [0, 4, 12, 6, 3, 1, 7, 2, 10, 8, 11, 13, 14], "R": [[-0.5789864931092072, -0.7881039986953842, -0.20896585375952745], [0.49614641905850476, -0.13717547454737278, -0.8573340189436821], [0.6470033783934399, -0.6000624770997177, 0.47043772374717796]], "T": [0.12006692983139097, 0.04365720564904175, -0.11585469771587202], "aligned_model": [[-0.1769964869564515, -0.10344814995693474, 0.41116666451175965, -0.6703243481802943, 0.6140576434000864, 0.3329197478090293, -0.4286620935022689, 0.10092269985411474, 0.056930273952239846, -0.41485288646828544, 0.8064056817364762, 0.6976522115756597, 0.14152734973462716], [-0.24115664002116644, 0.39454270550063664, 0.5154352665919051, -0.08417611029609395, -0.12973182124421978, -0.6769358343590265, 0.48648436096113323, -0.31457506758692877, 0.7431285238501193, 0.003684993413608159, 0.024869838401214907, 0.5483512600694035, 0.07756390122789175], [0.3511033090489263, 0.5897473882693901, 0.2843307455894591, 0.05248207510469029, 0.419802055641387, 0.19809441904143404, -0.041597518121136726, -0.503866474514603, -0.2897052325672299, -0.548981596098429, -0.06535646558171418, -0.47215367640311284, -0.02220094844122228]], "inverted": true, "swapped": true, "error_lsq": 0.04203019284823775, "error_max": 0.24071493596478835, "target": "838.xyz", "model": "13.xyz", "model_rescale": 3.9028299243045295, "target_rescale": 4.1266810055707595},
{"mapping": [3, 0, 2, 4, 7, 8, 6, 9, 1, 12, 14, 5, 10, 13, 15], "R": [[-0.8144958627199895, 0.09712939964625225, 0.5719810917647358], [-0.3428084176465798, 0.7148042413784033, -0.6095385839289372], [-0.46805862709992707, -0.6925465877699525, -0.5489083214577161]], "T": [0.032215657085850266, -0.008286980338653181, -0.002557865357988423], "aligned_model": [[-0.2106196151535506, 0.36278125000542105, 0.44487852798814914, -0.07714059537567357, -0.824997612744448, 0.7842014311996011, -0.40084334178304015, -0.6641296599290136, 0.023958379820732165, 0.5013176253575264, -0.30799045068383085, 0.33821827620132944, -0.3535657346104009, 0.27417709063896517, -0.07935571754753971], [0.03721174881864934, 0.3029637553458776, -0.41613934350348164, 0.6011552244689042, 0.2768052923947715, 0.10951154581570963, -0.4454734557325658, -0.23484704066247852, -0.6567205824793461, -0.19548353906183422, 0.02513356242713858, 0.3777184484415477, 0.5400520538163853, 0.3456695257793411, -0.01900506732098642], [-0.574965361325361, -0.6961469206048975, -0.45589612140453256, -0.27821105857291106, -0.06990593059901297, -0.13350847560485535, -0.2589484881985269, 0.25164519324122614, 0.03823964350981797, 0.47612896413152667, 0.8136489248247427, 0.13695571714146942, 0.32278752571401925, 0.6673830337106519, 0.01764802697334059]], "inverted": true, "swapped": false, "error_lsq": 0.03796966852392971, "error_max": 0.3493540587390427, "target": "838.xyz", "model": "14.xyz", "model_rescale": 3.942246331269136, "target_rescale": 4.1266810055707595},
{"mapping": [5, 3, 4, 1, 2, 13, 9, 9, 10, 11, 6, 12, 0, 8, 14], "R": [[-0.06124616694845897, 0.5712595797004434, -0.8184811541108288], [0.8369360918188922, 0.4762101337580318, 0.26974411340579146], [0.5438629287284074, -0.6684956253459182, -0.5072738054032844]], "T": [0.02588517469650826, 0.01515869378050784, 0.02819386632027277], "aligned_model": [[-0.37677045666315495, 0.23784141443645243, 0.452658547178384, -0.03099640778135825, -0.6635092171763456, 0.8181514890085845, -0.6191711926513825, -0.6191711926513825, 0.05384830051388442, 0.45263776204481937, -0.12966420780301835, 0.5083692648318855, -0.32689728390528977, 0.0625736049846372, -0.009010570982488465], [0.1492271659721628, 0.17016554044560872, -0.29117863247440445, 0.6570564300724734, 0.3388335903218109, 0.16709419507287454, -0.46517412151906445, -0.46517412151906445, -0.6874648058124275, -0.31919098795540407, -0.25337703933877664, 0.6480343176237094, 0.6099887475152558, 0.2832782363482405, 0.10643361379463785], [-0.4436892182331583, -0.6408318136225017, -0.2319712889293153, -0.46310361738861244, -0.02297108694581567, 0.12898839572892656, 0.06486777561136622, 0.06486777561136622, -0.09238306952344441, 0.49745237095409023, 0.49347049261964454, -0.15822985983620086, 0.2780722906490753, 0.7531813119109217, 0.02913421433035498]], "inverted": true, "swapped": false, "error_lsq": 0.05714185400674372, "error_max": 0.44090102523981567, "target": "838.xyz", "model": "15.xyz", "model_rescale": 4.355366556412066, "target_rescale": 4.1266810055707595},
{"mapping": [7, 12, 4, 2, 0, 8, 1, 9, 3, 10, 11, 14], "R": [[0.06771680681596676, -0.8859355876518094, -0.45883828154012196], [-0.9944861400221199, -0.09684678179284856, 0.04022459645879731], [-0.08007341243230326, 0.453584430275568, -0.8876088176854907]], "T": [-0.09583768507842283, 0.058326405424768135, -0.018245739930241155], "aligned_model": [[-0.24047096052805655, 0.5265774535191313, 0.18161319473347992, -0.44630038462428, -0.30840114400999485, -0.6773064428834235, -0.21751831665581084, -0.17536595032757837, 0.37457207491388345, 0.1776518368422954, 0.4301212710292531, -0.02736407737711849], [-0.5648412211607254, -0.22373563749823439, -0.6657751413312671, 0.45012283008011944, -0.25081325973119445, -0.020116231305409446, 0.38834793488941133, 0.4983973982158892, 0.16214782568008915, -0.2438029199565359, 0.4811982092014899, 0.001646640657348021], [0.28746144686848185, -0.04065963156384984, -0.2821621811057704, 0.03580479122400282, -0.5148993654230781, 0.3437994701790694, -0.7526872374850357, 0.6071602976525223, -0.5917912983268601, 0.5795767445196778, -0.15429915974817693, -0.06804541558156217]], "inverted": true, "swapped": true, "error_lsq": 0.056188972874145426, "error_max": 0.2841997492674243, "target": "838.xyz", "model": "16.xyz", "model_rescale": 3.795458400668931, "target_rescale": 4.1266810055707595},
{"mapping": [0, 6, 7, 1, 12, 8, 2, 3, 5, 9, 10, 13, 14], "R": [[-0.7989674885011921, 0.5598021640861842, 0.2197100120670943], [-0.21952102874008783, -0.6116235030940489, 0.7600836851320109], [0.5598762990688134, 0.5590511850871879, 0.6115556411264798]], "T": [-0.04801703415176978, 0.053811513993282024, -0.04068045015466958], "aligned_model": [[0.10626323189510672, -0.025786468622413086, 0.2871497549379713, -0.2842156281578855, 0.5711610417587225, -0.4121928723088123, -0.576289928132607, 0.2508496913384387, -0.6229759139609699, -0.5063216349113855, 0.2828793598116708, 0.0329783701421964, 0.04513279711418931], [-0.2771737551966212, 0.22515275077169952, 0.5572841434774631, -0.7125231700295191, 0.0088360053471108, 0.5199531268726992, 0.04606800775814552, -0.5980023220440581, -0.33480524934391426, 0.516835747173662, 0.6568231888903213, 0.3427997147559603, 0.012533077037535957], [-0.5447258166135494, -0.8403960124901808, -0.4106697663564132, -0.18233522626543686, 0.24577669722565398, -0.3948327526579275, -0.051533544646093866, 0.17573614047873912, 0.3439522381385083, 0.36759076843043537, 0.1837184517355081, 0.7500125198227087, -0.04001866596565659]], "inverted": false, "swapped": true, "error_lsq": 0.0432812873358808, "error_max": 0.26371484340106527, "target": "838.xyz", "model": "17.xyz", "model_rescale": 3.7474275329858107, "target_rescale": 4.1266810055707595},
{"mapping": [6, 2, 8, 1, 4, 12, 7, 9, 0, 10, 3, 5, 13, 14], "R": [[-0.409480190847492, -0.8642735022271899, 0.292159693748897], [0.8558780297619624, -0.2530279016929753, 0.45105396477099224], [-0.3159094355575393, 0.43475072663860814, 0.8433226157366581]], "T": [0.01489567665130259, -0.014752545701874228, -0.0012236163300602398], "aligned_model": [[0.583719263326477, 0.06302930557609611, 0.6294257826309807, -0.531807721029219, 0.04808260679084922, -0.2330640402830651, 0.604589598813886, 0.22855877139037248, -0.008546431974628817, 0.37139321256217755, -0.6761471594386754, -0.46389675425021953, -0.1717204040354177, -0.02876838219673704], [-0.46851871688132307, 0.3599079985742669, 0.17684271168797264, -0.16744646573427596, -0.7750882383696026, -0.3026673311600936, -0.32928932688653184, 0.7120528026109895, -0.5385961820926506, 0.0693427767086682, -0.30092600330126407, 0.5185175891262882, 0.50106821249629, -0.0947915852674999], [-0.375299794723244, -0.37076743293775033, -0.2481647103462076, -0.5851111578065809, 0.3016661173504273, 0.5671803231741002, 0.2355067169573746, 0.1300090134729584, -0.3365647747298785, 0.6227217774407408, 0.03856693544634093, -0.34169942829550654, 0.6424946390499144, 0.04425649460896584]], "inverted": false, "swapped": true, "error_lsq": 0.04595043998734309, "error_max": 0.2973066752791953, "target": "838.xyz", "model": "18.xyz", "model_rescale": 3.922800546911778, "target_rescale": 4.1266810055707595},
{"mapping": [6, 10, 2, 4, 8, 9, 1, 5, 0, 3, 12, 11, 13, 7, 14], "R": [[-0.8779402363624884, -0.4594340725419186, 0.13468954808494005], [-0.38580933806748985, 0.5123176290023266, -0.7672560209430488], [0.28349972845790117, -0.7255694177685426, -0.6270382157120209]], "T": [-0.09925304430271663, 0.04248837364824222, 0.005524181279186177], "aligned_model": [[-0.36762616005741033, 0.3587520259832084, 0.42416169741159115, -0.15397935570290458, -0.6943182280077874, 0.7121199916086459, -0.3203784832897735, -0.5733779714805688, 0.011525356530863312, 0.21748786839536766, -0.2670875062248649, 0.3175270454758964, -0.2253008750348346, 0.3997879313319416, -0.028403483555143952], [0.1649863809378458, 0.31316707612690864, -0.3159713140668884, 0.6571047337251745, 0.18160615968435295, -0.01157153446338409, -0.4709890492714225, -0.45147888953911075, -0.765041518914074, -0.30137105095268063, 0.03188175651013582, 0.6199528563937562, 0.6489613191707738, 0.28542028461469704, 0.06189491859154762], [-0.6179642956498632, -0.6007472454598255, -0.32715077002779425, -0.37278640522147927, -0.02504251255708416, -0.033134696691146104, -0.47968453702707736, 0.34277129618679797, 0.19009463992283515, 0.44208475430589933, 0.7738555795902939, 0.01405299716371107, 0.30236800812612785, 0.5801137829345331, 0.06802407734076861]], "inverted": true, "swapped": false, "error_lsq": 0.046264039632677126, "error_max": 0.2820132460298603, "target": "838.xyz", "model": "19.xyz", "model_rescale": 3.9282355846067225, "target_rescale": 4.1266810055707595},
{"mapping": [2, 6, 0, 8, 9, 7, 10, 12, 13, 11, 1, 5, 3, 14], "R": [[-0.7265502269942414, 0.6546720122816614, -0.20863682318731785], [0.14216857289520224, 0.4403026102148579, 0.886522254835672], [0.6722446463420572, 0.6144413460803747, -0.41297574709827617]], "T": [-0.015289854368746233, -0.1436060082593857, -0.003600088060253335], "aligned_model": [[-0.4864152799138453, 0.07094490781475132, 0.3408360420095083, -0.4700555936232007, -0.6820070379735899, 0.14790086720167878, 0.004205910550359224, 0.5124097834484692, -0.19088681825400583, 0.06361977601407603, 0.10186569373193964, -0.44291680239095393, 0.4779910891153037, 0.08503028135418603], [-0.3290165922236593, -0.7664341932783465, -0.654081075816279, -0.3962860093139357, 0.2334189308839159, -0.16693946774123236, 0.38469464427371086, 0.2911089287352298, 0.6770671055658779, 0.2517455782087418, -0.6300348786483156, -0.14325835327713737, -0.10118331230491012, -0.1279192176388239], [0.14777279862266082, -0.5270937516735374, -0.0058208294778260596, -0.4560123305902161, -0.07038577413661745, -0.6931926469773353, -0.4975522177782877, -0.007842628905136543, 0.10095207589183616, 0.5544629122303867, 0.6388843327183059, 0.6647397054452586, 0.5584434714792007, 0.0048280403949898815]], "inverted": false, "swapped": true, "error_lsq": 0.04690228545903125, "error_max": 0.3357282457560898, "target": "838.xyz", "model": "20.xyz", "model_rescale": 4.067790424073018, "target_rescale": 4.1266810055707595},
{"mapping": [11, 13, 5, 10, 3, 1, 6, 2, 4, 8, 0, 9, 12, 7, 14], "R": [[-0.16103117859852345, 0.9838299615946462, 0.07840641675174036], [0.9344131802579752, 0.12640366820480992, 0.33300768943756426], [0.31771208362186565, 0.12688860994212792, -0.9396586149169321]], "T": [-0.03398246626989675, -0.011350796084176419, 0.005590306585025186], "aligned_model": [[-0.37937854240828045, 0.2585174146756138, 0.3884891887261394, 0.2649751759697299, -0.8726658934225842, 0.7452941603638582, -0.4520818259763122, -0.534217131743574, 0.013833058749261391, 0.35029603776700896, -0.2516749374285722, 0.2795472546203966, -0.36436029931077746, 0.38042763820183323, -0.01611144539951436], [0.301013486045397, 0.11334023171928997, -0.36827622522878684, 0.6274870547243523, 0.12144140191203881, 0.24475610966292713, -0.4712505766569226, -0.4605346242727922, -0.8059893736991773, -0.27846482266498007, -0.005986796679383323, 0.6830852243612092, 0.6751069932840685, 0.21445475215184048, 0.0583692938885513], [-0.4429209639723958, -0.6181239487510021, -0.20077844011062093, -0.4112997869342763, 0.05775694172259874, 0.026621076656002732, -0.39595921705757225, 0.32452776047087795, 0.09905528007471917, 0.3313939665767463, 0.6816370838365505, 0.15891227857639, 0.08707685607978245, 0.5834657922273457, -0.024510006458449224]], "inverted": false, "swapped": false, "error_lsq": 0.04982030087715331, "error_max": 0.30901931952357575, "target": "838.xyz", "model": "21.xyz", "model_rescale": 4.186013935880536, "target_rescale": 4.1266810055707595},
{"mapping": [12, 4, 3, 13, 8, 11, 10, 7, 1, 0, 6, 2, 14], "R": [[-0.8758115254566998, -0.48029545739978186, -0.04764919179107818], [-0.045087741155519334, -0.016876232598332097, 0.9988404719327206], [-0.4805426801801287, 0.8769443918370319, -0.006875038245505782]], "T": [0.07124534335635409, -0.03750235101481437, 0.11719299996018367], "aligned_model": [[0.05689662122746528, -0.45623352843040904, 0.4093224841043848, 0.530269948281795, -0.26439500164115076, 0.6768702599401296, -0.16227553797870503, -0.5876735409894113, 0.4036197500848908, -0.2419229319533271, -0.6453427399822274, 0.28826501731101584, 0.051173235448774564], [-0.3198323123424042, 0.010947157978724815, 0.2723126455024504, -0.7382457395494675, -0.10717328934491774, -0.11447980932533303, -0.718205370179985, -0.2992054616933638, 0.6995250201675556, 0.4729319797307924, 0.28425185484885734, 0.10475811024800544, -0.028628126494821226], [-0.5053388389537012, -0.5076050582494163, -0.47503774222818335, 0.0008962933582537524, 0.715379774208601, -0.20101581561279425, 0.04248176620262127, 0.1243305741684888, 0.020019921272503516, -0.05250616237339489, 0.346043929458606, 0.5775346386826049, 0.017696281401156727]], "inverted": true, "swapped": true, "error_lsq": 0.04720430063749159, "error_max": 0.35272411602978143, "target": "838.xyz", "model": "22.xyz", "model_rescale": 4.166573947596378, "target_rescale": 4.1266810055707595},
{"mapping": [1, 2, 3, 6, 5, 11, 0, 7, 8, 9, 10, 12, 13, 14, 15], "R": [[0.8774434933555524, -0.47939934704897247, 0.016406767415408897], [0.47886681186889934, 0.8734526373745877, -0.08813096365008757], [0.027919392158868364, 0.08518659702321543, 0.9959737703519523]], "T": [0.08158772682048457, -0.004559313867401868, -0.0011363970934085282], "aligned_model": [[-0.33520702139767944, 0.2452554211942951, 0.5192444784028108, -0.04020033198410454, -0.6848094330006412, 0.8512311261527362, -0.553089264341429, -0.5652687703345629, 0.022230016733591478, 0.47822230867131077, -0.2827648904780473, 0.4078017168690621, -0.45999788793061414, 0.17803749665361907, 0.030204888173879757], [0.10984570330353524, 0.10177082183840809, -0.3154956633450071, 0.6144327718251444, 0.31581963365164734, 0.15836757155224052, -0.3918094474527305, -0.2065977019516277, -0.8036029572857429, -0.2529688125444828, -0.0454019040950076, 0.5555299367481051, 0.4045754214663298, 0.38914812260832793, 0.014938632228492513], [-0.5679632584638062, -0.6451208901118635, -0.27169472053589777, -0.42672316680020406, -0.03361261309902441, -0.057680143857789315, -0.33874299324611945, 0.22722036212086433, 0.10879566550513017, 0.37492595907789916, 0.6519488088294387, 0.09512272855586744, 0.5049336861300674, 0.6783263756786472, -0.04288112684651213]], "inverted": false, "swapped": false, "error_lsq": 0.03889801906503799, "error_max": 0.29517778797222544, "target": "838.xyz", "model": "23.xyz", "model_rescale": 4.274766983524099, "target_rescale": 4.1266810055707595},
{"mapping": [11, 2, 1, 3, 0, 4, 12, 7, 10, 8, 14], "R": [[-0.4656900458725822, 0.3255818693944072, -0.822878622578589], [-0.36128622897322943, 0.7788918586449685, 0.5126399645861511], [0.8078397377756902, 0.5360260430783473, -0.24509393956659625]], "T": [0.059783068407860254, 0.1795376839382178, 0.003454786530852634], "aligned_model": [[0.1340446166067849, 0.24520350650250727, -0.48799407640867115, -0.39675695244011233, -0.530265614429693, -0.4543659463317253, -0.03728887272890606, 0.08296020554106347, 0.5023615294618077, 0.3264410633816461, -0.0044447551966266124], [-0.18132079941740678, 0.6277432346629859, 0.44905535249721507, -0.1938590432221383, 0.3234455655581365, -0.2852285660199706, -0.49584087243700814, 0.10490156530449422, -0.21571906456312398, 0.681535531915071, 0.10087362696522838], [-0.5781209148466959, -0.20626180198812621, -0.5354562685542655, -0.458242983299594, 0.1396474950368885, 0.44002900953051016, 0.0470761939351259, 0.7081574396842786, 0.41741949438035686, 0.393618306182212, 0.011700463960886944]], "inverted": true, "swapped": true, "error_lsq": 0.046862988764925256, "error_max": 0.2193598737156674, "target": "838.xyz", "model": "24.xyz", "model_rescale": 3.7841303162186577, "target_rescale": 4.1266810055707595},
{"mapping": [4, 6, 7, 3, 2, 11, 1, 8, 0, 10, 9, 13, 12, 14, 15], "R": [[-0.7362834311446174, -0.6604643838619866, -0.14721924694725186], [0.10510315689526689, 0.10330024612695898, -0.9890815869081573], [0.6684609453308088, -0.7437175921006012, -0.0066413678956586675]], "T": [-0.022358635182230406, -0.007135196538351048, 0.03842672682339089], "aligned_model": [[-0.45885316390894865, 0.1945158468635963, 0.45598244552285955, 0.061675987793895694, -0.7446673450072145, 0.6970312520097655, -0.4315793859743137, -0.48698641754667626, 0.004344375939978572, 0.4450079677943257, -0.2477719873174191, 0.3795752118549817, -0.22592167994629053, 0.16967207829417363, -0.0011353329884871387], [0.16528144627826472, 0.06806135743843322, -0.41696139691988693, 0.63139589302339, 0.1791197071745861, 0.19552687689579817, -0.4867779079925144, -0.36851751877269845, -0.7301392892728753, -0.3296897174713539, 0.08541109736995767, 0.6521218079403324, 0.6526208095693011, 0.3374173873453987, 0.01368157594149939], [-0.5416158324167418, -0.6466553044330127, -0.12293577219970621, -0.4455341367157049, 0.14965741719737413, -0.13716895467232476, -0.35593052272740106, 0.09303098188167849, -0.09529679555665944, 0.5701993706525313, 0.5701829799028804, 0.1642415984511153, 0.3522037266806152, 0.7266902550822522, -0.024214338190198817]], "inverted": true, "swapped": false, "error_lsq": 0.041076479029099396, "error_max": 0.25593140506822104, "target": "838.xyz", "model": "25.xyz", "model_rescale": 4.19342608120988, "target_rescale": 4.1266810055707595},
{"mapping": [7, 12, 4, 2, 0, 8, 1, 9, 3, 10, 11, 14], "R": [[0.06771680681596676, -0.8859355876518094, -0.45883828154012196], [-0.9944861400221199, -0.09684678179284856, 0.04022459645879731], [-0.08007341243230326, 0.453584430275568, -0.8876088176854907]], "T": [-0.09583768507842283, 0.058326405424768135, -0.018245739930241155], "aligned_model": [[-0.24047096052805655, 0.5265774535191313, 0.18161319473347992, -0.44630038462428, -0.30840114400999485, -0.6773064428834235, -0.21751831665581084, -0.17536595032757837, 0.37457207491388345, 0.1776518368422954, 0.4301212710292531, -0.02736407737711849], [-0.5648412211607254, -0.22373563749823439, -0.6657751413312671, 0.45012283008011944, -0.25081325973119445, -0.020116231305409446, 0.38834793488941133, 0.4983973982158892, 0.16214782568008915, -0.2438029199565359, 0.4811982092014899, 0.001646640657348021], [0.28746144686848185, -0.04065963156384984, -0.2821621811057704, 0.03580479122400282, -0.5148993654230781, 0.3437994701790694, -0.7526872374850357, 0.6071602976525223, -0.5917912983268601, 0.5795767445196778, -0.15429915974817693, -0.06804541558156217]], "inverted": true, "swapped": true, "error_lsq": 0.056188972874145426, "error_max": 0.2841997492674243, "target": "838.xyz", "model": "26.xyz", "model_rescale": 3.795458400668931, "target_rescale": 4.1266810055707595},
