[{"mapping": [1, 2, 0, 4, 6, 3, 5, 12, 13, 11, 8, 10, 9, 14], "R": [[0.8862975025445362, 0.12904818291968315, -0.44477331694746053], [-0.13951576435519678, -0.8413758154466647, -0.522132252095047], [-0.441601730612215, 0.5248174003085152, -0.7277050280530625]], "T": [0.0836047965029399, 0.10373882455773777, 0.19565177322927768], "aligned_model": [[0.2603905187611325, 0.27821371636247244, -0.509306028389326, -0.38215717821037437, -0.5677264027836502, -0.1413272674247683, -0.7328225363501615, 0.037355129173129636, -0.35062958890439666, 0.07387475364215117, 0.6914534443431997, 0.1517403826106213, 0.5550272134975763, 0.007405944800697117], [-0.6695556412163176, -0.2283529528361612, -0.5135708718560725, -0.258347260791707, 0.23285945174129624, 0.18008403371275294, 0.3017144998307976, 0.5517038737864095, 0.7630574597411497, -0.1511579215856501, 0.49176882032384595, 0.6474052300342097, -0.17950685106521214, 0.06717146199069376], [0.10628944710924551, -0.36187391341623626, 0.5191479255545751, -0.08735957237355868, 0.524945807267456, -0.6363673974707087, -0.2781176748031943, 0.5782464762494246, 0.16559499245027726, 0.6565341268163483, 0.4604406311088304, -0.12015702972120595, 0.293504812608121, 0.07675945580045958]], "inverted": true, "swapped": true, "error_lsq": 0.041644297444982104, "error_max": 0.216529633138305, "target": "839.xyz", "model": "0.xyz", "model_rescale": 3.8414455957264533, "target_rescale": 3.947593433232279},
{"mapping": [7, 2, 5, 3, 4, 1, 0, 10, 8, 6, 12, 9, 13, 11, 14], "R": [[0.8531618855987172, -0.30228809550157315, -0.42513139648780734], [0.19796291479936906, -0.5663920176123067, 0.8000067291899476], [-0.48262353996233875, -0.7666954999888106, -0.423382249239536]], "T": [0.03950979038240361, -0.011678462910025285, -0.08223096541865452], "aligned_model": [[0.4491418947740808, -0.19723737887953635, -0.48595563462850705, -0.07343361424722965, 0.23090804150446725, 0.2944142510301559, 0.7479738764777123, -0.5399696426480807, -0.26065048983527134, -0.6375493051747696, -0.11592515123139675, 0.12515606299015702, 0.47214425569772017, 0.41246031833945507, 0.03033641971110583], [-0.5059416804313839, -0.5896666251737771, -0.024296809366929968, 0.31561930184702847, -0.1527693331623767, 0.6696141422053115, 0.027525780978199126, 0.35133574118184857, 0.08190851564588889, -0.39601604572181487, 0.6043063112090011, -0.5285934111795286, 0.07183179880206297, 0.7207350521740912, 0.06898426789815193], [-0.11156376262931739, -0.475277005658039, -0.47978555215271557, -0.784724269711129, -0.5713907661454113, -0.5505919301945186, -0.23075381040035595, -0.053848316976309624, 0.6426467353867937, -0.019758752833091066, 0.34048913209992726, 0.3547739913465706, 0.534778318344109, 0.1430327661243062, -0.120615496111148]], "inverted": true, "swapped": false, "error_lsq": 0.054793571371445464, "error_max": 0.3090609673041575, "target": "839.xyz", "model": "1.xyz", "model_rescale": 4.316132596720782, "target_rescale": 3.947593433232279},
{"mapping": [11, 12, 6, 2, 4, 9, 3, 7, 13, 8, 10, 14], "R": [[0.37151354007468046, 0.6592636973353212, 0.6537194099282511], [-0.6910545856637889, 0.666576475612111, -0.2794984110752438], [-0.620017136194015, -0.34791835182453196, 0.7032293873903972]], "T": [-0.09881793161884589, -0.1006296130221899, -0.021190328971820792], "aligned_model": [[-0.20381954672863997, 0.44390090135667637, 0.20080871266886569, -0.6014341024197475, -0.4676004199030488, -0.3968081133664997, -0.24308755497126683, -0.13305236338024543, 0.5709537058995426, 0.27164131456663443, 0.31529527902796206, -0.15898925811845233], [-0.58134414143259, -0.3049720060168357, -0.6040999327032346, 0.3504394597491385, -0.16032058701415278, -0.08525725844290216, 0.5474307358632033, 0.5201096731464281, -0.039466191937472014, 0.040105990163962574, 0.3710133415043635, -0.040862655138928075], [0.16687288320966434, 0.09234767610378142, -0.4751512740041787, -0.07509902965860701, -0.5583797145624725, 0.4510468652606247, -0.5760623725424876, 0.461088451668096, -0.4357129022270666, 0.6369235156357451, -0.09874025335745851, -0.13987538431621976]], "inverted": false, "swapped": true, "error_lsq": 0.03723140551404928, "error_max": 0.21222352292617297, "target": "839.xyz", "model": "2.xyz", "model_rescale": 3.795458400668931, "target_rescale": 3.947593433232279},
{"mapping": [1, 11, 8, 13, 2, 10, 12, 4, 6, 5, 7, 14], "R": [[0.5295564089101555, 0.1700721365783645, -0.8310508276524673], [-0.6670185801765431, 0.688755496707789, -0.2840811142157745], [0.5240765435329551, 0.7047633177985909, 0.47817616252179884]], "T": [-0.020872165922718365, -0.046033599357726225, -0.009382418294405843], "aligned_model": [[0.03581089265927848, -0.1692787644866892, -0.7502083510195966, 0.22376632388707987, 0.1401827205779484, -0.05215209662825148, -0.25429363010272943, 0.5888955747045163, 0.36033182419940896, 0.8570696438968399, -0.4941922916213058, 0.10737197967706605], [-0.16393678277467377, -0.5335042822969942, 0.08523339332400301, 0.0395761655344237, 0.39585096181413776, 0.43586859390426597, -0.2420426219283322, -0.09939061074415781, -0.531339104111785, 0.1227219176516341, 0.5612004644725369, 0.015530950444651019], [-0.7968524291079323, -0.1429016437037577, 0.19309746044237908, 0.7369331662271111, -0.49702145457359, 0.39895893477101774, 0.4968638725252053, -0.24062321023805328, 0.40110645287252056, 0.35248109432894253, -0.17160735564848195, -0.0416634572562608]], "inverted": false, "swapped": true, "error_lsq": 0.03931932964677598, "error_max": 0.23063854628602593, "target": "839.xyz", "model": "3.xyz", "model_rescale": 3.7530521520055578, "target_rescale": 3.947593433232279},
{"mapping": [12, 7, 10, 3, 13, 1, 6, 11, 0, 4, 14], "R": [[-0.05364877451842805, -0.7410536730033211, 0.6692990831616], [0.47156712008682405, 0.5720133036329198, 0.6711372674199911], [-0.8801967167887473, 0.3516251330539964, 0.31876873365979536]], "T": [-0.16190903038537702, -0.04173511872517656, -0.10122854392317918], "aligned_model": [[-0.34148224526113696, -0.1319856343085693, 0.23026608503617052, 0.6678615527633458, 0.2407631393363145, -0.38138952352998196, -0.11905813670725451, -0.6221799052835202, -0.35001250557525077, 0.1826975594561686, -0.03728078348108102], [-0.60439119626742, 0.08360620952855786, -0.3913063304057177, 0.17611411645399322, -0.7054736350908272, 0.721882273303729, -0.4140402147168441, 0.002443481732541289, 0.2694636566830837, 0.3054148105515446, 0.023490186541705482], [-0.08220164870614638, -0.8774219616777339, -0.4532931194874591, -0.21392909773226532, 0.04529885919771012, -0.02415754133018315, 0.5382178922942272, 0.15111753145468845, 0.7384360753958092, 0.33336229453686905, -0.06259850670019977]], "inverted": true, "swapped": true, "error_lsq": 0.04361012334346177, "error_max": 0.22997395264296286, "target": "839.xyz", "model": "4.xyz", "model_rescale": 3.7855080009869324, "target_rescale": 3.947593433232279},
{"mapping": [15, 14, 2, 3, 9, 10, 8, 1, 11, 12, 4, 13, 6, 7, 16], "R": [[0.26556138277521224, 0.9572309820450297, 0.11483030519695453], [-0.7409987505020442, 0.2788532793542278, -0.6108696263097406], [-0.6167641394673709, 0.07713426998748013, 0.7833596240939229]], "T": [0.02122721536311722, 0.10685315299133571, -0.10283741629543265], "aligned_model": [[0.555743204211464, -0.17002825094234303, -0.5229690313388936, -0.1378514129537882, 0.08673461091420806, 0.5945264615278074, 0.6812329867901938, -0.6716983139137982, -0.26208604586668566, -0.41642206211065463, -0.15859283696537452, 0.21103007894218379, 0.19946031663820382, 0.45703106965455487, 0.005703129292984811], [-0.45251870266742156, -0.4718943818059097, -0.0023416059788764765, 0.3442328260972769, -0.0872161295081908, 0.29907214851408903, -0.07639687544428866, 0.2900555710513566, -0.10489320753804571, -0.35129827228323474, 0.720512810626023, -0.4218499030402614, 0.27036587800116507, 0.6886763061807218, 0.07007054470136923], [-0.3869393195769987, -0.3963847482663796, -0.5903952459603587, -0.735894669794805, -0.7847171080059823, -0.5094626813509949, 0.058784620336063784, 0.1408735270014121, 0.6094359182568547, 0.14540771347697218, 0.26876365641239036, 0.35467279167312693, 0.5034410827763117, 0.07861861384243825, -0.13879287033037935]], "inverted": false, "swapped": false, "error_lsq": 0.04305986377697129, "error_max": 0.24669293524126504, "target": "839.xyz", "model": "5.xyz", "model_rescale": 4.2253639853439635, "target_rescale": 3.947593433232279},
{"mapping": [3, 4, 6, 13, 5, 11, 12, 10, 1, 2, 0, 9, 7, 14], "R": [[-0.704464974123393, 0.7097387548813383, 7.267382266876177e-06], [-0.6806835385978978, -0.6756227555051908, -0.2832027763377639], [-0.20099507584807022, -0.19951138329193369, 0.959060054126835]], "T": [0.03725871821285921, -0.012004714399732278, 0.19438966006464148], "aligned_model": [[0.524250759661297, -0.19806718870680584, -0.4704369310941193, 0.15537281213451476, 0.02490446016812954, -0.4101330933271866, -0.02543331783643489, 0.560660173249398, -0.19324690785046322, 0.3563775667096781, -0.8077253687757332, 0.0802281426228441, 0.7176207017749157, 0.05969034402774964], [-0.07436962578674944, 0.0618679634434946, -0.5345307460077011, -0.7874621930618828, -0.561444876578893, 0.11919675843225197, -0.459734887238038, -0.3665765176396923, 0.7287500772439114, 0.4520769747955455, 0.10490028092834566, 0.46903062548176844, 0.3006651708157798, -0.007269858193149962], [-0.5180907215246113, -0.4116635694731338, 0.05818869696851173, 0.10016262654979698, -0.5981810485861054, 0.4395555411944416, 0.5749127536921026, 0.1776393832979936, 0.006313498016248947, -0.18215226038885413, -0.1366683151203804, 0.4751049173464773, 0.43610683812507395, 0.05032986883388685]], "inverted": false, "swapped": true, "error_lsq": 0.043576321776122674, "error_max": 0.29811485176723596, "target": "839.xyz", "model": "6.xyz", "model_rescale": 3.89814844738969, "target_rescale": 3.947593433232279},
{"mapping": [4, 5, 3, 0, 2, 13, 6, 1, 11, 12, 10, 9, 14], "R": [[0.7707341281651503, -0.12546837716634537, 0.6246811906987028], [0.18520435511178066, -0.8939714746814289, -0.40806169791287744], [0.6096460042755426, 0.43020075405228514, -0.6657770352630903]], "T": [-0.08198596696984321, 0.138878568641206, 0.1674517925167596], "aligned_model": [[0.09922583490241783, -0.05677678481832525, 0.5216423968018948, -0.3885721841645495, 0.5826111317146648, -0.44140159927559314, -0.6612183205788359, 0.31745848011836875, -0.3988549423024985, -0.5763041828741208, 0.0379750219622985, 0.11013930008641028, 0.002707649332090667], [-0.23662721622511762, 0.25719347714414775, 0.37014106587008183, -0.659719667157592, 0.013345828084337374, 0.6658764721733208, 0.026543423359540352, -0.5241375543258984, -0.21987791501042203, 0.4518591296814942, 0.7455014335398438, -0.043497862391434244, 0.11718065072818348], [-0.33682358902252785, -0.7894032264279274, -0.407725902271306, -0.1573712629080319, 0.12814913307111123, -0.29865719384588774, -0.28111227653988424, 0.3625848294345948, 0.3873777043281447, 0.25041620460867364, 0.03490414268639258, 0.6592537287494298, 0.0506827389735138]], "inverted": true, "swapped": true, "error_lsq": 0.03730424262802915, "error_max": 0.20256375261908485, "target": "839.xyz", "model": "7.xyz", "model_rescale": 3.7474275329858107, "target_rescale": 3.947593433232279},
{"mapping": [6, 5, 9, 11, 7, 10, 0, 4, 2, 8, 12, 3, 1, 12, 14], "R": [[-0.776534757627027, 0.39053752013983045, -0.49444333907958216], [0.35973181991270176, 0.9190672675010298, 0.1609607888601642], [0.517287915903156, -0.05287535504582855, -0.8541764506759405]], "T": [0.010746444886327762, 0.11972919930915382, -0.06287164812937525], "aligned_model": [[0.5361628623095945, -0.10447668840952612, -0.46425895768018616, -0.10921980537288206, 0.12262023104375272, 0.5910487485585029, 0.6066694837836198, -0.6774422730310564, -0.2442683612803344, -0.528846007997462, 0.1370384869852012, 0.14017793834678988, 0.3273215947392936, 0.1370384869852012, -0.017751835100446034], [-0.4388540385448604, -0.5082971106269556, -0.029782956830224083, 0.4437032550143302, -0.08482767159850796, 0.2972273998442993, -0.07240002645687166, 0.18760592173328589, -0.09681795278028726, -0.28255704738278276, 0.7233736403008652, -0.5502441192875608, 0.2613573592821305, 0.7233736403008652, 0.14171671393804663], [-0.34369268204309394, -0.38741447674126667, -0.6393752671879004, -0.5797167560858606, -0.7028078749983394, -0.5178518508281461, 0.14249468295954942, 0.3032087869251495, 0.7095688190961441, 0.047654712391064225, -0.08037386974997032, 0.1573958661656561, 0.6038542767063805, -0.08037386974997032, -0.015159216369725129]], "inverted": false, "swapped": false, "error_lsq": 0.055509338216816514, "error_max": 0.39992460430194765, "target": "839.xyz", "model": "8.xyz", "model_rescale": 4.019505241142653, "target_rescale": 3.947593433232279},
{"mapping": [4, 2, 1, 0, 6, 11, 9, 5, 13, 10, 7, 12, 14], "R": [[-0.5311046685425634, 0.46674854251158526, -0.7071588429169255], [0.8375294355116949, 0.1627702205854003, -0.5215844130551084], [-0.12834436373972802, -0.8692822633379167, -0.4773636673882432]], "T": [0.06260437661232587, 0.04730735290399428, 0.049662869645585986], "aligned_model": [[-0.19237047990748668, -0.5271143629435864, -0.08233637917844375, 0.40983947411979377, 0.4589911011057444, 0.508797967530118, 0.10030590618470485, -0.3200047536494294, 0.10776611715180019, -0.23035980369828468, -0.3337423216895144, 0.4700535073983263, -0.05012520068256608], [-0.4498965849224879, 0.1818069648587513, 0.20042557966851082, -0.5234808864168716, -0.5672384337654653, 0.07674185229351393, 0.5205687838706821, -0.8066762700522669, -0.37552057501257396, 0.09515705240995828, 0.7060362536882139, 0.045975302164105655, -0.04052081067001173], [-0.29079570167403873, -0.25551598639082185, -0.7202527969465454, -0.5755513664704632, 0.17028653694895363, -0.2287692736965421, -0.24469174293439316, 0.28317448152235564, 0.7155013897134982, 0.6080831539038525, 0.21719677661226522, 0.47765101819668515, 0.020387005259072888]], "inverted": true, "swapped": true, "error_lsq": 0.05182467535119389, "error_max": 0.3367562497698389, "target": "839.xyz", "model": "9.xyz", "model_rescale": 3.877068213659057, "target_rescale": 3.947593433232279},
{"mapping": [7, 8, 11, 12, 15, 5, 4, 10, 14, 9, 6, 2, 13, 3, 15], "R": [[-0.17418276675488117, -0.9822342941620968, -0.06982947184034785], [0.9595201800255605, -0.18523716879593413, 0.21215139740332248], [-0.22131739174617637, -0.030049670020715374, 0.9747387493284114]], "T": [0.059197822477069215, 0.06662775543233505, -0.12138233933060424], "aligned_model": [[0.5264149886452133, -0.15245946528705184, -0.5517148952995021, -0.15463805254649904, 0.03966732919356269, 0.489623994706811, 0.7192724935751675, -0.6134867827396616, -0.3561522839961056, -0.3441679019765636, -0.09925301648375591, 0.2091823490563554, 0.20795010604307695, 0.4919077117954527, 0.03966732919356269], [-0.5847571919455916, -0.5882535364159669, 0.03952344726803168, 0.6252481975458885, 0.07297442250902378, 0.38498797328639195, -0.05116772889140038, 0.20786749581185837, -0.03929011901677622, -0.40636093973484366, 0.6256892698451859, -0.41353215517505926, 0.2385467066289555, 0.5301267426810508, 0.07297442250902378], [-0.275305499979263, -0.4701725655863481, -0.5345485092931047, -0.5690570381011435, -0.20903680465357116, -0.690922087012976, -0.029098363513322803, 0.053995929282738636, 0.5311414070292427, 0.10048043465299694, 0.08513189712748628, 0.3114068240986472, 0.6175054250267596, -0.09507296393489983, -0.20903680465357116]], "inverted": false, "swapped": false, "error_lsq": 0.04758987490669854, "error_max": 0.4713477975599859, "target": "839.xyz", "model": "10.xyz", "model_rescale": 4.260839863003843, "target_rescale": 3.947593433232279},
{"mapping": [13, 12, 7, 10, 2, 3, 5, 6, 11, 1, 4, 14], "R": [[-0.9378545363473888, 0.2204709167598814, -0.2679952303972629], [-0.2913893195622418, -0.08088816110060593, 0.9531785613613097], [0.18847050988862507, 0.9720337855531669, 0.14010419924292716]], "T": [0.015369907404028821, -0.1573758332417833, 0.07560523680661155], "aligned_model": [[0.34663534696903153, 0.3625230281564274, -0.690160204221581, -0.21376964036202262, -0.5501210689067538, -0.4274825623051019, 0.24690818365102238, 0.7103118142696124, 0.3343720684972022, -0.23619610973567623, 0.09772241842694379, -0.021844625344973972], [-0.09480725311766741, -0.5319786873643219, -0.49170700466245687, -0.22421768960909277, 0.17564923667262108, 0.47409948072329244, 0.618881120096521, 0.04352521980799692, -0.33143088610723254, 0.07524559816617496, 0.47797677242483916, -0.018157401497740394], [-0.6388962366502726, -0.22162840239453488, -0.022026773173267233, -0.510038044078522, 0.24385127714833452, -0.3165676111587048, -0.4478645490883818, -0.08574389193921036, 0.45694764012206734, 0.7965941107782516, 0.20857554339162815, 0.05297501443811636]], "inverted": true, "swapped": true, "error_lsq": 0.04457359323447486, "error_max": 0.3118108663740925, "target": "839.xyz", "model": "11.xyz", "model_rescale": 3.890672605050136, "target_rescale": 3.947593433232279},
{"mapping": [6, 13, 5, 0, 4, 9, 12, 1, 11, 7, 3, 10, 2, 14], "R": [[-0.6873864432783946, 0.21129505434033724, 0.6948771672809464], [0.14688090311371169, -0.8965353610268129, 0.41791188871462254], [0.7112846672729414, 0.38933115267062374, 0.5852310446845628]], "T": [-0.04633968651080074, -0.0961657219389222, 0.06962331418942366], "aligned_model": [[0.4465537703333749, 0.05011989688381338, 0.6362970198048066, 0.7269625842836395, 0.5555007443413932, -0.3493571069247559, -0.239239486557266, 0.14817207806241545, 0.03363816605833915, -0.7022547426245178, 0.19602943501855158, -0.3200068350148238, -0.021202112937139597, 0.0486624240658627], [-0.194396050057689, 0.3434528377589769, 0.5435727855946288, -0.5844201929624404, 0.03454844949780783, -0.40515987959860333, -0.17844363276485514, -0.45017651311515605, -0.6128386421015242, 0.15304465961257474, 0.6802288492557538, 0.4376052213825166, 0.16728581662578862, -0.0021511893000138727], [-0.4751205441691613, -0.5796801934104377, -0.1647849128158785, 0.09921110964492377, 0.2906162398900306, 0.4228165740029428, -0.4828352239560123, 0.7581468656341844, 0.005341081452877955, 0.42564537088952903, 0.3648310436013078, -0.13074058089744212, 0.6932849698920972, 0.12805863559789998]], "inverted": true, "swapped": true, "error_lsq": 0.04752302370986699, "error_max": 0.33221557093816606, "target": "839.xyz", "model": "12.xyz", "model_rescale": 4.124412569039231, "target_rescale": 3.947593433232279},
{"mapping": [9, 12, 6, 7, 11, 1, 10, 2, 13, 3, 4, 5, 14], "R": [[0.7407766285223059, -0.5088528861331585, -0.4385415908543692], [0.6567179442930182, 0.6859222407126764, 0.31342019931595677], [0.14132065765017615, -0.5201724905929347, 0.8422879862325388]], "T": [0.08207183177556959, 0.06832174247518442, 0.1524386896461195], "aligned_model": [[-0.104668935151248, -0.024411295999444485, 0.613046307600952, -0.6431390285752985, 0.35763905022359055, 0.34677254421846265, -0.3594051881533461, -0.04032740254628145, 0.04997755460205809, -0.0122740258374614, 0.5707962861023846, 0.48378554427654374, 0.12950689674884555], [-0.40238018125862207, 0.5262571935036789, 0.5738253728075022, -0.21996627473671548, -0.06581682271311955, -0.6833894804854126, 0.4347420383512267, -0.3996220688538722, 0.8430279167253601, 0.11980294864744996, -0.03042293553825566, 0.5918671281589033, 0.05956054190035303], [0.38825643766505374, 0.5104147922398794, 0.2613937910610029, 0.05223236685228799, 0.580865021963078, 0.10675589389078077, -0.11361586529282475, -0.32194458203127174, 0.0008990077394738227, -0.7061225890744535, -0.27127568152795145, -0.550933025762182, 0.014772513244965868]], "inverted": false, "swapped": true, "error_lsq": 0.04376619232052726, "error_max": 0.25120363433994947, "target": "839.xyz", "model": "13.xyz", "model_rescale": 3.9028299243045295, "target_rescale": 3.947593433232279},
{"mapping": [7, 4, 5, 13, 10, 14, 9, 8, 2, 0, 12, 3, 1, 11, 15], "R": [[-0.7081807931747347, 0.5637643853476962, 0.4250290366456601], [0.586550793699273, 0.8048653336306476, -0.09027713514716393], [-0.3929861709897137, 0.18536858561568806, -0.9006666180544735]], "T": [0.0056889060209651884, 0.022764563005935934, -0.008856964691822303], "aligned_model": [[0.6255506986462613, -0.21488252073137368, -0.3704501614378113, -0.14701682366938992, 0.22617837728242443, 0.5288849433817202, 0.7766670032055962, -0.7358783480698772, -0.3300443783682818, -0.6065153892532671, -0.1923352639674548, 0.033203241229443715, 0.27557128760218375, 0.4695534743440509, 0.11332776368583763], [-0.5390887842643328, -0.5038642379889, 0.10428650424819841, 0.5041512742480139, -0.13214123973286798, 0.49351016541214515, 0.00471386935421321, 0.20904080455770546, 0.029351393828116475, -0.5043540355116403, 0.6893050654337736, -0.5541827204234453, 0.32931422099483254, 0.5917016602131677, -0.007166933463208049], [-0.3563049896419138, -0.3740605045786745, -0.3464594064520793, -0.6233479297633246, -0.7036527529560166, -0.5452478082827352, -0.08703882054034513, 0.1001674777563668, 0.6464212548216247, 0.17706853971619485, -0.03625177596200839, 0.2258007407849928, 0.4965038599095174, 0.07479068927272337, -0.030977293594651116]], "inverted": false, "swapped": false, "error_lsq": 0.03559621021375935, "error_max": 0.2502505317858159, "target": "839.xyz", "model": "14.xyz", "model_rescale": 3.942246331269136, "target_rescale": 3.947593433232279},
{"mapping": [13, 11, 10, 5, 4, 3, 12, 9, 7, 6, 5, 8, 0, 1, 14], "R": [[0.503866127524092, 0.8472451339934601, -0.16821001295487606], [-0.1742146220241827, 0.2904131599616886, 0.9409088489296071], [0.8460308451864194, -0.4447874542356953, 0.2939318450724293]], "T": [0.0005899088088507885, 0.017371944211386263, -0.1297236728079878], "aligned_model": [[0.5662843804601188, -0.10514810532843333, -0.5058311736673478, -0.03507057863243822, 0.06771123578987084, 0.3851901202622962, 0.817755420912579, -0.7626723846846608, -0.4500332412805457, -0.3970342956135803, -0.03507057863243822, 0.08125995706515436, 0.20427866722716073, 0.5692402347686427, 0.050954245233684525], [-0.4926800752601502, -0.6778136616466454, -0.07989414212698617, 0.6509374223680675, -0.11205159112720106, 0.4423428609670655, 0.029706069902124786, 0.2538388110506809, 0.028713077233759925, -0.3129307431212129, 0.6509374223680675, -0.49384367747778074, 0.18181466237489435, 0.585656288338579, 0.05984428306250885], [-0.4139182341238522, -0.2698931075313084, -0.6227525885068681, -0.11959091836214653, -0.6975337228135977, -0.5633483120554011, -0.14255540435307193, -0.031354986984736516, 0.5967676646725889, 0.08378163423779245, -0.11959091836214653, 0.4455952454826204, 0.5574349442559781, -0.028081423785411508, -0.057548591280768835]], "inverted": true, "swapped": false, "error_lsq": 0.05813796782758869, "error_max": 0.572528607812171, "target": "839.xyz", "model": "15.xyz", "model_rescale": 4.355366556412066, "target_rescale": 3.947593433232279},
{"mapping": [11, 12, 6, 2, 4, 9, 3, 7, 13, 8, 10, 14], "R": [[0.37151354007468046, 0.6592636973353212, 0.6537194099282511], [-0.6910545856637889, 0.666576475612111, -0.2794984110752438], [-0.620017136194015, -0.34791835182453196, 0.7032293873903972]], "T": [-0.09881793161884589, -0.1006296130221899, -0.021190328971820792], "aligned_model": [[-0.20381954672863997, 0.44390090135667637, 0.20080871266886569, -0.6014341024197475, -0.4676004199030488, -0.3968081133664997, -0.24308755497126683, -0.13305236338024543, 0.5709537058995426, 0.27164131456663443, 0.31529527902796206, -0.15898925811845233], [-0.58134414143259, -0.3049720060168357, -0.6040999327032346, 0.3504394597491385, -0.16032058701415278, -0.08525725844290216, 0.5474307358632033, 0.5201096731464281, -0.039466191937472014, 0.040105990163962574, 0.3710133415043635, -0.040862655138928075], [0.16687288320966434, 0.09234767610378142, -0.4751512740041787, -0.07509902965860701, -0.5583797145624725, 0.4510468652606247, -0.5760623725424876, 0.461088451668096, -0.4357129022270666, 0.6369235156357451, -0.09874025335745851, -0.13987538431621976]], "inverted": false, "swapped": true, "error_lsq": 0.03723140551404928, "error_max": 0.21222352292617297, "target": "839.xyz", "model": "16.xyz", "model_rescale": 3.795458400668931, "target_rescale": 3.947593433232279},
{"mapping": [4, 5, 3, 0, 2, 13, 6, 1, 11, 12, 10, 9, 14], "R": [[0.7707341281651503, -0.12546837716634537, 0.6246811906987028], [0.18520435511178066, -0.8939714746814289, -0.40806169791287744], [0.6096460042755426, 0.43020075405228514, -0.6657770352630903]], "T": [-0.08198596696984321, 0.138878568641206, 0.1674517925167596], "aligned_model": [[0.09922583490241783, -0.05677678481832525, 0.5216423968018948, -0.3885721841645495, 0.5826111317146648, -0.44140159927559314, -0.6612183205788359, 0.31745848011836875, -0.3988549423024985, -0.5763041828741208, 0.0379750219622985, 0.11013930008641028, 0.002707649332090667], [-0.23662721622511762, 0.25719347714414775, 0.37014106587008183, -0.659719667157592, 0.013345828084337374, 0.6658764721733208, 0.026543423359540352, -0.5241375543258984, -0.21987791501042203, 0.4518591296814942, 0.7455014335398438, -0.043497862391434244, 0.11718065072818348], [-0.33682358902252785, -0.7894032264279274, -0.407725902271306, -0.1573712629080319, 0.12814913307111123, -0.29865719384588774, -0.28111227653988424, 0.3625848294345948, 0.3873777043281447, 0.25041620460867364, 0.03490414268639258, 0.6592537287494298, 0.0506827389735138]], "inverted": true, "swapped": true, "error_lsq": 0.03730424262802915, "error_max": 0.20256375261908485, "target": "839.xyz", "model": "17.xyz", "model_rescale": 3.7474275329858107, "target_rescale": 3.947593433232279},
{"mapping": [6, 11, 12, 1, 5, 3, 13, 8, 4, 10, 2, 9, 7, 14], "R": [[-0.7072569335070215, -0.3798417296566688, -0.5962448242271584], [0.5711818126664242, 0.18995704871150831, -0.7985409548194203], [0.4165800845999995, -0.9053378264803938, 0.08261024790190069]], "T": [0.04416096849000947, 0.025864672670970076, -0.0725981935339304], "aligned_model": [[0.5859239985872596, 0.11423085452926758, 0.5992102564221363, -0.6414896087118772, 0.26478817420140044, -0.26277265886502055, 0.6870752208866665, 0.22244367522530573, -0.18350874464264885, 0.24012328753791232, -0.5829393952727708, -0.30257344111512463, -0.3094197080095328, -0.016244262890096645], [-0.38713072540865423, 0.1695341506818448, 0.22833837020032682, 0.006980083089927522, -0.8653368170296702, -0.5164315626757985, -0.2547307296125749, 0.7466962098060463, -0.5722955993308144, 0.04734695478431512, -0.09958361804580441, 0.4351870534920507, 0.5209165629423175, -0.09908209138227901], [-0.3646027290576421, -0.5745233482483013, -0.061869092338200295, -0.4809482957498973, 0.2228489059166964, 0.527722942428648, 0.2908456928138582, 0.12432201137977397, -0.20863775672531812, 0.5283078720266801, 0.15100934590942752, -0.22839570017182528, 0.4263871881272644, -0.027672317649509164]], "inverted": true, "swapped": true, "error_lsq": 0.04306513537565165, "error_max": 0.2743331227622958, "target": "839.xyz", "model": "18.xyz", "model_rescale": 3.922800546911778, "target_rescale": 3.947593433232279},
{"mapping": [5, 1, 2, 9, 3, 7, 12, 10, 4, 6, 11, 8, 13, 7, 14], "R": [[0.541448857853423, -0.5702469515078274, -0.6177795307593587], [-0.8349299384231894, -0.27852344850238075, -0.47467534858995053], [0.09861608516805553, 0.7728150509212223, -0.6269224551854528]], "T": [0.02951457344475857, -0.0904208054583843, -0.08709756936329542], "aligned_model": [[0.5054351257201679, -0.35420855757913716, -0.43360262078029554, -0.24656277332935098, 0.3616292527714337, 0.42345741202605564, 0.8130462792037696, -0.6924030978377516, -0.33202433066376863, -0.48940358270551326, -0.10157067884748398, 0.17305471826043392, 0.33386805365373806, 0.42345741202605564, 0.06764129196170932], [-0.6481514266293221, -0.6734316572444555, 0.0443949037314573, 0.5167256171579223, 0.0899314582920549, 0.5905351480245113, -0.0278684076941354, 0.2623152296429566, 0.10057761932398482, -0.40172682306316065, 0.5579425327557267, -0.4971276611526777, 0.21688662565953384, 0.5905351480245113, -0.006961299923135197], [-0.29915865093147076, -0.3337510294094574, -0.6166975615805725, -0.5538927128870614, -0.603161658717454, -0.22609054906142984, -0.11501366097424968, -0.016296349781078842, 0.5101263096291844, 0.24393155704972652, 0.17688207201106965, 0.3469259488695016, 0.44651731862669847, -0.22609054906142984, -0.11681920329230508]], "inverted": true, "swapped": false, "error_lsq": 0.04940307848500882, "error_max": 0.40268613721599233, "target": "839.xyz", "model": "19.xyz", "model_rescale": 3.9282355846067225, "target_rescale": 3.947593433232279},
{"mapping": [8, 9, 1, 7, 10, 2, 3, 4, 13, 6, 11, 12, 0, 14], "R": [[0.2531947025693186, -0.5857274840275551, -0.7699452948395648], [0.5439847737578675, 0.7443353974063996, -0.3873569182129819], [0.7999831301411523, -0.32076179732413135, 0.5070886124406235]], "T": [-0.06643422179479762, -0.13384657496677377, 0.06722214792821637], "aligned_model": [[-0.73592280344049, -0.06838391681530255, 0.5239745713608791, -0.4951479473592904, -0.5226365847629395, 0.20205176975843908, 0.09583181529548852, 0.5135233833146229, -0.41555550857962087, 0.09610786916668877, 0.09240888183864378, -0.48271877786684003, 0.7097866860450638, 0.01920338112933409], [-0.5105087629117506, -0.6715351745552697, -0.6144651389468339, -0.42598814809104046, 0.22332628507889968, -0.20489423203754026, 0.43280411092563165, 0.15703044631785357, 0.5346274139548879, 0.277155890210749, -0.45320765775818284, -0.040590385129862266, -0.13732766762946247, -0.04354489200324324], [0.07565012343707164, -0.08420306094313615, -0.17287450061756718, -0.5243350536438444, -0.18626901686464084, -0.550726049201215, -0.5662252912020362, -0.0174873957890479, 0.30263843345212016, 0.6621978370663414, 0.4548520435798695, 0.47612418420419667, 0.5517149263639168, -0.008874022598345882]], "inverted": false, "swapped": true, "error_lsq": 0.044766334491735456, "error_max": 0.28341105151773255, "target": "839.xyz", "model": "20.xyz", "model_rescale": 4.067790424073018, "target_rescale": 3.947593433232279},
{"mapping": [3, 12, 10, 13, 11, 6, 2, 1, 7, 9, 5, 0, 8, 4, 14], "R": [[-0.4634841614413732, -0.7788982404034348, -0.4224925599219709], [-0.8856169808490075, 0.39135883523213405, 0.25004164716629923], [-0.029410802860101865, 0.4900569285115561, -0.8711941296249326]], "T": [0.08056865951675721, 0.07925051911523856, -0.09721488329124121], "aligned_model": [[0.6070465127765199, -0.12913886751180503, -0.628476258704042, -0.309380468587813, 0.05324238798119821, 0.6321669483274908, 0.7932238710314871, -0.6532366266680242, -0.2843799251628867, -0.5903617892485473, -0.016842013090648922, 0.3367678785190399, 0.030776467488083825, 0.5942006602491994, 0.016205126480811197], [-0.49632481843087123, -0.6165238304497438, -0.006460003756082078, 0.44375158394737996, -0.11749142828701475, 0.3573733450214509, -0.031247192442381375, 0.31795089271066, -0.12052856164421777, -0.30321352282223824, 0.6547430886986383, -0.3590960661714357, 0.32309449492776426, 0.6139131669958571, 0.054635858608005676], [-0.43674266932132955, -0.3399795316498478, -0.4987068903948117, -0.5502073294798264, -0.7125019179307513, -0.5045770368921676, 0.08618287236666412, 0.18181385159370933, 0.522111207423511, -0.00990228962156918, -0.008978926480231852, 0.3994462294114664, 0.4158433490742219, 0.20740047338197842, -0.13379011099134452]], "inverted": false, "swapped": false, "error_lsq": 0.050935246425433456, "error_max": 0.2899102057394819, "target": "839.xyz", "model": "21.xyz", "model_rescale": 4.186013935880536, "target_rescale": 3.947593433232279},
{"mapping": [1, 0, 11, 7, 3, 9, 2, 4, 12, 6, 5, 10, 14], "R": [[-0.5669734344588121, 0.008379363733025391, 0.8236934568645116], [0.8149393442306886, 0.1514518722357589, 0.559407003550312], [-0.12006244143292472, 0.9884291156475071, -0.09269786134238756]], "T": [0.15800885177797797, 0.03463047993109813, -0.002726118233170892], "aligned_model": [[0.003764293457213491, -0.46603436928941366, 0.21714049232330723, 0.6978571118994669, -0.29659002362870857, 0.49941518114750355, 0.015848741974908875, -0.473342031322049, 0.41011134493757606, -0.24749142190955536, -0.64286833114281, 0.3029443534873127, 0.037818693488473304], [-0.5262897025408354, 0.22018483155693452, 0.22036039277455544, -0.45501295721155566, -0.38576121674840713, -0.28154483706035927, -0.6216751262892575, -0.12337389440363272, 0.5593165153812123, 0.6509763708989569, 0.21699728008539781, 0.07381525381687376, -0.029036250713789756], [-0.5493524191415707, -0.6456910542621582, -0.4921006346703233, 0.29374519652359543, 0.6016658147026498, -0.31178487075705913, 0.08697296757931378, -0.07030312713683362, 0.09895633346816754, -0.07362251523535834, 0.5027870228391359, 0.6116101678502299, 0.0499966795755569]], "inverted": false, "swapped": true, "error_lsq": 0.047858145545467225, "error_max": 0.27619351063853675, "target": "839.xyz", "model": "22.xyz", "model_rescale": 4.166573947596378, "target_rescale": 3.947593433232279},
{"mapping": [0, 8, 9, 11, 3, 2, 1, 14, 13, 10, 12, 7, 5, 6, 15], "R": [[0.3677792154415613, -0.13175572187652584, 0.9205318454252331], [-0.8424230774002988, -0.4663922478020694, 0.2698177715672997], [0.39377888129329647, -0.8747106384073128, -0.2825234356729921]], "T": [0.008114818264154205, 0.059650960552326646, -0.1963936964086385], "aligned_model": [[0.5640254566005803, -0.08482263869360021, -0.5003399230255801, -0.24543034212149775, 0.07417544668282912, 0.5344311137212943, 0.6966762128197634, -0.644947801007769, -0.22999833021299151, -0.4447516965178861, -0.19959512572066404, 0.05428164651050023, 0.3515998471221662, 0.4591676333506858, 0.06734240437223186], [-0.5185842782521694, -0.6601288048812531, -0.022190017899305844, 0.6006555245651902, 0.07946499855119103, 0.3643773942845341, 0.058550612218894335, 0.29790801079085216, 0.020271419822815023, -0.29487510019590224, 0.6740479576477177, -0.4865345970180964, -0.05805494862337142, 0.6014329701005247, 0.058235865794151395], [-0.0435436600098561, -0.5532674256011811, -0.5049791733646398, -0.7112939205187753, -0.7936122906328752, -0.48439056602741515, -0.012054183475786712, 0.1813900466793585, 0.6151261857815502, 0.2833608503583408, -0.10282947055705283, 0.26288792560706353, 0.5514200070609345, 0.09019179537225294, -0.1609948401822473]], "inverted": true, "swapped": false, "error_lsq": 0.0491362687876348, "error_max": 0.321675191737578, "target": "839.xyz", "model": "23.xyz", "model_rescale": 4.274766983524099, "target_rescale": 3.947593433232279},
{"mapping": [2, 10, 5, 4, 6, 0, 1, 11, 9, 12, 14], "R": [[0.8602301288436637, -0.12070000311000936, -0.49541460886701516], [-0.39535268897808484, -0.7714703907114836, -0.4985275193740748], [-0.32202542872793694, 0.624711889997873, -0.7113611443900164]], "T": [0.1247342426650585, 0.1674839665148956, 0.06085107266921205], "aligned_model": [[0.2792986596682471, 0.34734884657100507, -0.5781660995307635, -0.38931577359374303, -0.5014467928333363, -0.6237638878017518, 0.11735751094996275, 0.015975538095465563, 0.504557857155146, 0.15596384750704478, 0.052084997770797906], [-0.27111605045504644, 0.6344871143051648, 0.4820021327664528, -0.11296387740688774, 0.4843053135960575, -0.2497665214668956, -0.6305849946543695, -0.01509496397873844, -0.20034724445640917, 0.6608141155492585, 0.13385150744489618], [-0.4318276641172618, -0.30288181921814616, -0.5198509849792862, -0.2311036492593915, 0.2993056243082106, 0.3816576297980474, 0.07680929212279805, 0.5428428226988798, 0.24106385643027717, 0.3846418997054103, -0.061090573467960624]], "inverted": true, "swapped": true, "error_lsq": 0.04307268641400367, "error_max": 0.23015596239748937, "target": "839.xyz", "model": "24.xyz", "model_rescale": 3.7841303162186577, "target_rescale": 3.947593433232279},
{"mapping": [5, 2, 8, 0, 4, 6, 3, 10, 14, 9, 7, 12, 13, 11, 15], "R": [[0.5295043995317843, -0.48892540566491777, 0.693236639663456], [0.8460042507210428, 0.3645281863893218, -0.3890964007667497], [-0.06246517940750479, 0.7925093999588316, 0.6066522499245187]], "T": [-0.06296472574706921, 0.10861298461253219, -0.15668617780828348], "aligned_model": [[0.452182216086235, -0.13759261199170353, -0.42634884905849757, -0.45513028899027874, 0.3941523181956501, 0.5133049425251995, 0.7308217182986296, -0.5826211551764074, -0.2867474191159308, -0.41720806200516825, -0.1459711008163862, 0.12789592022971213, 0.3639001291994136, 0.3217264811068874, -0.0005503346072917442], [-0.5999992804507804, -0.6021283928528238, -0.09744958527821035, 0.539621296412466, -0.15927059077436248, 0.44850646650967596, -0.006446431630147992, 0.49251088200452575, -0.11716354902105222, -0.2784157588402304, 0.7518534265484916, -0.4861399612721812, 0.05819692870239587, 0.6372164667006733, 0.1336850901473323], [-0.19947673243566671, -0.39766418693054384, -0.5749540104873821, -0.6058720586161072, -0.682030580113437, -0.42947206937204124, -0.08141135056617438, 0.2767128358130633, 0.5701186277066101, 0.1018889930496909, -0.20313222883679302, 0.2734452597859903, 0.4969533361357747, 0.24582916755910073, -0.1735237222024133]], "inverted": false, "swapped": false, "error_lsq": 0.05270459070715739, "error_max": 0.3394292819288564, "target": "839.xyz", "model": "25.xyz", "model_rescale": 4.19342608120988, "target_rescale": 3.947593433232279},
{"mapping": [11, 12, 6, 2, 4, 9, 3, 7, 13, 8, 10, 14], "R": [[0.37151354007468046, 0.6592636973353212, 0.6537194099282511], [-0.6910545856637889, 0.666576475612111, -0.2794984110752438], [-0.620017136194015, -0.34791835182453196, 0.7032293873903972]], "T": [-0.09881793161884589, -0.1006296130221899, -0.021190328971820792], "aligned_model": [[-0.20381954672863997, 0.44390090135667637, 0.20080871266886569, -0.6014341024197475, -0.4676004199030488, -0.3968081133664997, -0.24308755497126683, -0.13305236338024543, 0.5709537058995426, 0.27164131456663443, 0.31529527902796206, -0.15898925811845233], [-0.58134414143259, -0.3049720060168357, -0.6040999327032346, 0.3504394597491385, -0.16032058701415278, -0.08525725844290216, 0.5474307358632033, 0.5201096731464281, -0.039466191937472014, 0.040105990163962574, 0.3710133415043635, -0.040862655138928075], [0.16687288320966434, 0.09234767610378142, -0.4751512740041787, -0.07509902965860701, -0.5583797145624725, 0.4510468652606247, -0.5760623725424876, 0.461088451668096, -0.4357129022270666, 0.6369235156357451, -0.09874025335745851, -0.13987538431621976]], "inverted": false, "swapped": true, "error_lsq": 0.03723140551404928, "error_max": 0.21222352292617297, "target": "839.xyz", "model": "26.xyz", "model_rescale": 3.795458400668931, "target_rescale": 3.947593433232279},
