[{"mapping": [4, 3, 6, 9, 12, 10, 7, 8, 11, 2, 0, 5, 1, 13], "R": [[0.9379805373504619, 0.18238126183358638, 0.2948382385032974], [0.23599832359032719, -0.9588809595266536, -0.15764547795543937], [0.25396319184931837, 0.2174497201406167, -0.9424533497189522]], "T": [-0.012594949442234474, 0.08489651409155177, 0.043260030986059114], "aligned_model": [[-0.4640040396239002, -0.49640192176235787, -0.6981203963194863, 0.4132814558615159, 0.5195209490282771, 0.8977789533638352, 0.1583300869446976, -0.14172095709434443, 0.30758614778553534, -0.462733021819225, 0.08819528447780339, -0.22778835137294773, 0.0715561289237807, 0.05343445069668575], [-0.43911536899568926, 0.280777629529409, -0.252319037588269, 0.102176455778512, 0.3119180323389001, -0.33636594813646603, -0.44348640709693476, -0.6828954010625325, -0.4702239252693442, 0.33735513124222494, 0.7442935495084919, -0.12559181109016357, 0.5700787618710018, -0.0400035328941202], [-0.616319840065055, 0.07085908798060996, 0.013480548507826332, -0.5526207144530575, 0.06408570795452612, -0.05258473751414429, -0.4695660633265416, -0.023081364797798973, 0.3196423814085631, -0.526738747813335, -0.3446179305048216, 0.7373693344601447, 0.3441934054603582, -0.037856914442565726]], "inverted": false, "swapped": false, "error_lsq": 0.04684869875220305, "error_max": 0.27266990423773596, "target": "84.xyz", "model": "0.xyz", "model_rescale": 3.8414455957264533, "target_rescale": 4.166675238039134},
{"mapping": [11, 4, 0, 10, 6, 8, 12, 13, 9, 3, 5, 7, 2, 14], "R": [[-0.990815347676595, -0.11729478112148048, -0.06728210111294443], [-0.13382756771804524, 0.9218641795910559, 0.3636710278611449], [0.01936824533045016, 0.36933503585304983, -0.929094452875619]], "T": [-0.03160425831915651, -0.025154540850620924, -0.05639484462112787], "aligned_model": [[-0.3230080790400889, -0.44707761304352023, -0.6809077399363395, 0.37143002846708817, 0.6051696410825756, 0.6181905441576607, 0.2289737400999652, -0.016822122638199474, 0.25707566291363243, -0.42254830141689054, 0.14405604014479292, -0.27842065976174796, 0.024946015272933775, -0.06214238721199274], [-0.5974120309676916, 0.29587726607923504, -0.30485813580981985, 0.17594061350550827, 0.3948049112876583, -0.46207509440401506, -0.4353525756228785, -0.7747673104404788, -0.2867693660253394, 0.5116412215844132, 0.582286853916765, -0.09868818646296058, 0.566327789045088, -0.010357827550463786], [-0.616636382178035, 0.08551253820875024, 0.10388072193183032, -0.5716670086078676, 0.11147484705688682, -0.16208089884438334, -0.644719774295143, 0.05634017554502263, 0.503722345187642, -0.4715935279502581, -0.24208597647481228, 0.5323576238042792, 0.38127563370272943, -0.1395361642319323]], "inverted": true, "swapped": false, "error_lsq": 0.048278771599464344, "error_max": 0.30593117651317603, "target": "84.xyz", "model": "1.xyz", "model_rescale": 4.316132596720782, "target_rescale": 4.166675238039134},
{"mapping": [8, 3, 4, 2, 11, 7, 1, 0, 10, 6, 9, 13], "R": [[-0.4655321016821285, -0.5554589677030853, 0.6890175596468087], [0.8720537173223096, -0.15505924757177308, 0.4641970959051955], [-0.15100389533969655, 0.8169589738418317, 0.5565751150128253]], "T": [-0.040812067017878935, -0.07810598258590128, -0.13893151809432505], "aligned_model": [[-0.3598506498709187, 0.5621642265668249, 0.2476771841548434, -0.3680159497982165, -0.6159096897029658, -0.42122190750489147, -0.3264924642554602, -0.1590095173063379, 0.6764572969324528, 0.09961162878084473, 0.22675810693159942, 0.03564028970400646], [-0.6277256108710069, -0.10179868715807742, -0.584301881333963, 0.6171809280726414, -0.22959009883428605, -0.11591477267793407, 0.28438703714503366, 0.4549485901385325, -0.11960192579737901, -0.10392408162283194, 0.6111804053276639, -0.07206347464741275], [0.025438033247209085, 0.1984165935667844, -0.5925905570524009, -0.0901286462057435, -0.3646905988589896, 0.4083788070653436, -0.5269989540708211, 0.5673958712139787, -0.41488679414268104, 0.626114508208297, -0.2943644883651252, -0.09282531339643026]], "inverted": true, "swapped": true, "error_lsq": 0.057265093460679393, "error_max": 0.2848975877339922, "target": "84.xyz", "model": "2.xyz", "model_rescale": 3.795458400668931, "target_rescale": 4.166675238039134},
{"mapping": [12, 11, 2, 6, 10, 3, 7, 4, 8, 5, 9, 13], "R": [[-0.9915006226674937, -0.06884425445469647, -0.11039467323448822], [-0.07456430251240187, -0.39464672739066103, 0.915802448866938], [-0.1066146333333818, 0.9162502001027987, 0.3861591521261282]], "T": [-0.02066636385703912, -0.05341097486050749, 0.017140177778584578], "aligned_model": [[-0.056538861746928994, -0.13447183431198806, -0.7871380542855765, 0.08671719785352305, 0.3120002184107798, 0.2670995661640898, -0.13010783807461965, 0.5452631269136162, 0.3469281664643938, 0.672026875007216, -0.5362124302582832, 0.007737693607343044], [-0.053968961239956585, -0.6709746784714162, -0.040359701845448716, 0.21188610710655176, 0.5090436244785516, 0.5371817436020077, -0.2972986272299909, -0.10145024203015696, -0.5346440396729654, 0.05751959520326357, 0.4428899635985214, 0.025944261790747943], [-0.7108100745173126, -0.08442390306796442, 0.08938144983624575, 0.7408576916714037, -0.38946323694912643, 0.23239935582806676, 0.6288845035526326, -0.4547527124685465, 0.2704654650325905, 0.5443171939423834, -0.22527797892668106, 0.04719367670540854]], "inverted": true, "swapped": true, "error_lsq": 0.05014221038048355, "error_max": 0.22408673421072062, "target": "84.xyz", "model": "3.xyz", "model_rescale": 3.7530521520055578, "target_rescale": 4.166675238039134},
{"mapping": [11, 12, 4, 10, 8, 9, 7, 2, 0, 3, 13], "R": [[-0.9456043824489174, -0.19102025503222986, 0.263331756650852], [0.3244598663190667, -0.4949885670267967, 0.8060472155283286], [-0.023625135800985686, 0.847642366024835, 0.53004176465464]], "T": [-0.04216920420492498, -0.11630061154881428, 0.0033887777962545978], "aligned_model": [[-0.38887913617359277, -0.09545169250765081, 0.4478565174387109, 0.4709584605408047, 0.1173219534949006, -0.3318877196939702, -0.2206220183386815, -0.7415491679577316, -0.392653738809877, 0.45755618236361106, 0.015549962088681438], [-0.6170483401881326, 0.025449366063291748, -0.2896576477626189, 0.341785737791004, -0.737144533405416, 0.5720357347481748, -0.4050539656064368, 0.1714501707352694, 0.19124160921723193, 0.2742981003658593, -0.060152873643880916], [-0.18017540982797725, -0.7095394356716634, -0.5211004877780949, -0.34187266569948227, 0.14481048002980138, -0.11117643047756029, 0.5782503585460695, 0.14807859409381988, 0.7646998634197624, 0.27843911425475204, 0.04241679635588946]], "inverted": true, "swapped": true, "error_lsq": 0.0407944833606577, "error_max": 0.18245551334665797, "target": "84.xyz", "model": "4.xyz", "model_rescale": 3.7855080009869324, "target_rescale": 4.166675238039134},
{"mapping": [6, 12, 11, 10, 2, 5, 7, 4, 0, 13, 9, 1, 14, 16], "R": [[0.15420915514336303, 0.16080606419749055, -0.9748645783837278], [0.9607425542384219, -0.2547211940542429, 0.10995843657952828], [-0.23063668603542592, -0.9535504826787586, -0.19377356898633807]], "T": [0.0016610224453195439, 0.0430221517709971, -0.17254294459806468], "aligned_model": [[-0.41067482696815627, -0.48577277286584897, -0.7360846103853144, 0.49449062126244253, 0.31173877188204946, 0.6749686443601378, 0.19031494257777806, -0.004928294184512834, 0.37517168154456065, -0.6479674610048586, 0.48212351673628645, -0.1656985266683956, -0.07022140274389972, 0.011454485547600828], [-0.41065563773055613, 0.2914330398005599, -0.1584517627005808, 0.10724754171899598, 0.37930970411962484, -0.40595547238911467, -0.536616949706751, -0.6784449559621419, -0.3760794210572016, 0.25634164329852593, 0.5682813770078293, -0.2575126673086917, 0.6848670765772684, 0.09283461246725441], [-0.3966694237753683, 0.23213666806739547, 0.04557599389001571, -0.7054203788079079, 0.40758476463354326, -0.1859289034451984, -0.6082007028586441, -0.009931206919386898, 0.3690450376473819, -0.41201166259700667, -0.18567904494588364, 0.5018260514497688, 0.028865615255327937, -0.15494865473932828]], "inverted": false, "swapped": false, "error_lsq": 0.04405088933114903, "error_max": 0.2533149508554685, "target": "84.xyz", "model": "5.xyz", "model_rescale": 4.2253639853439635, "target_rescale": 4.166675238039134},
{"mapping": [12, 3, 7, 9, 10, 8, 11, 11, 5, 0, 1, 2, 4, 13], "R": [[-0.6912176149618191, 0.7012890469688164, -0.174390026572806], [-0.07456400759167875, -0.30924646502584757, -0.9480542350735457], [-0.7187895502428808, -0.6423085679567, 0.26604752581268387]], "T": [0.021983147886513055, 0.015964803778724487, -0.0642843151922074], "aligned_model": [[-0.4236574443475854, -0.6016948167065698, -0.7371447677156577, 0.1813009760532355, 0.6323517852178692, 0.705515673106968, 0.06746306393989034, 0.06746306393989034, 0.33612937032038936, -0.43112651556706083, 0.35561034678344533, 0.005749166348813343, -0.11009774587410591, -0.028947386409652238], [-0.5810458470925197, 0.15122379674635383, -0.13232278284141902, 0.10182549210461171, 0.20848679867745235, -0.13393440070372847, -0.7560810433374154, -0.7560810433374154, -0.35815588622240646, 0.45693467982332564, 0.6536254715024256, 0.049783425109655235, 0.6250215506618381, 0.027317917044262476], [-0.6267134305201456, 0.24513493760366228, -0.24071224788651976, -0.647244176000674, 0.38169537316996116, -0.30130412672695417, -0.1504851040498997, -0.1504851040498997, 0.3383161402152452, -0.5575386619878517, -0.20846318657292384, 0.6056144612896885, 0.2711494767639415, -0.032720198392921396]], "inverted": false, "swapped": false, "error_lsq": 0.05470700138672536, "error_max": 0.4361181051402111, "target": "84.xyz", "model": "6.xyz", "model_rescale": 3.89814844738969, "target_rescale": 4.166675238039134},
{"mapping": [12, 1, 11, 10, 8, 2, 9, 4, 3, 0, 7, 5, 13], "R": [[0.4120290119730138, -0.2080025339742795, 0.8871116272222007], [-0.5512767749469447, -0.8320935655221083, 0.060944364963469846], [0.7254832945675854, -0.5141548833542122, -0.45751365578130954]], "T": [-0.019489415517797357, 0.07584148992759679, -0.035862209687712726], "aligned_model": [[0.04199737872563518, -0.0563567158414532, 0.46891852985869026, -0.29767443917757486, 0.5497265678460006, -0.4157800700941723, -0.6757121772288421, 0.3515131285060321, -0.411272811674072, -0.569265565132681, 0.07121392236452889, 0.16862792709105795, -0.07730387433892714], [-0.39757714726966453, 0.19209935004244108, 0.3373775558658919, -0.6385525485439959, 0.23328815256047977, 0.5771190569072915, 0.007753341706514122, -0.5626042825332608, -0.20078019645872805, 0.735568866274229, 0.6609658566998621, -0.026446200914000517, 0.04556946113342539], [-0.5865825428508105, -0.6264007145400285, -0.3484457037304026, 0.03198186559750005, 0.2506485497303278, -0.4654463193595536, -0.4041075380785024, -0.03255048285318993, 0.46206521116139954, 0.2081094482105507, 0.27250789794323116, 0.8151338035969371, 0.025361556008837105]], "inverted": false, "swapped": true, "error_lsq": 0.046574140966455485, "error_max": 0.23102550267799538, "target": "84.xyz", "model": "7.xyz", "model_rescale": 3.7474275329858107, "target_rescale": 4.166675238039134},
{"mapping": [1, 8, 2, 12, 7, 10, 0, 0, 6, 4, 11, 3, 9, 14], "R": [[0.7569560854058053, -0.49596403632057356, -0.4254846171646212], [-0.45785805298367177, 0.062033098014245724, -0.8868584430836504], [0.4662440220368736, 0.8661244537751835, -0.18012479698120282]], "T": [-0.005857321492463299, 0.04583055178280528, -0.15332509244767042], "aligned_model": [[-0.31022875371349007, -0.501754041133602, -0.8095243017684658, 0.232067567289064, 0.5064212067025429, 0.7257375783456801, 0.12562840202447717, 0.12562840202447717, 0.3728338924625809, -0.6677802715814258, 0.41104599788435126, -0.27285540770338046, 0.13556087847616127, -0.05386638021910112], [-0.5227137681019695, 0.3294258677251597, -0.19939889754976933, 0.10272384513587879, 0.23416659067462367, -0.1491494390462708, -0.5961713363456418, -0.5961713363456418, -0.37869591030414834, 0.4365407527099672, 0.4925527599856309, -0.3418379039597681, 0.6953572886699896, 0.049969614886980054], [-0.5392230162880721, 0.21932817277516195, -0.20403404475335235, -0.7197149928423495, 0.25407873415305615, -0.1982145722327224, -0.0843445315794295, -0.0843445315794295, 0.4326001125562906, -0.2997129091624069, -0.26782769757459324, 0.38756281402324355, 0.2187721406443254, -0.1886815252850127]], "inverted": true, "swapped": false, "error_lsq": 0.05829046014403747, "error_max": 0.43561675305437986, "target": "84.xyz", "model": "8.xyz", "model_rescale": 4.019505241142653, "target_rescale": 4.166675238039134},
{"mapping": [6, 3, 5, 8, 7, 11, 4, 0, 2, 9, 10, 1, 13], "R": [[-0.226255602572919, -0.13530838894638694, 0.9646243010546119], [0.33884366314978004, 0.9175221109180931, 0.20817816388767818], [-0.9132323769159764, 0.3739583076455715, -0.1617461279142608]], "T": [0.11564003572838648, 0.02432891454477064, 0.03792457325108074], "aligned_model": [[-0.3483393244952281, -0.5428744621267301, -0.22196524284517344, 0.45876950092829466, 0.19535735347259026, 0.746757230283317, 0.21815011242173388, -0.2544359170584375, 0.18096049886512003, -0.22601977024985753, -0.3522020339596276, 0.43738761834542245, 0.028155208159752032], [-0.5186054348483649, 0.07148299348850475, -0.12797794552666542, -0.13934851412006288, -0.611202878518663, -0.05531377010527007, 0.6713631739122565, -0.745934002011995, -0.3605698002222977, 0.11886612678866583, 0.6352145424519696, 0.10007062456621309, 0.025333112259768028], [-0.2713103802658583, -0.1672111190845033, -0.7576069579711207, -0.4971983771170044, -0.15031525417979658, 0.03785273908855219, -0.3028175740700484, 0.2962945099515316, 0.70159181352324, 0.7051578332715542, 0.02086246347208788, 0.5422582921594712, 0.019145505265773886]], "inverted": false, "swapped": true, "error_lsq": 0.049246670828730826, "error_max": 0.32368216826313717, "target": "84.xyz", "model": "9.xyz", "model_rescale": 3.877068213659057, "target_rescale": 4.166675238039134},
{"mapping": [14, 3, 13, 11, 1, 8, 9, 2, 7, 6, 0, 4, 5, 15], "R": [[-0.44999958611193414, 0.3117348477539503, -0.8368522911451636], [0.8344257922562073, -0.1870970623201922, -0.518390091040285], [-0.3181728613767819, -0.9315664624528814, -0.1759259967041129]], "T": [-0.08087263774397667, -0.0043804847711536, -0.1516740309707551], "aligned_model": [[-0.41326483603549, -0.4824364026029711, -0.7568031328076611, 0.34042941292672224, 0.485838953921917, 0.6448704977061893, 0.14200545945478016, -0.0999603374627399, 0.3861785669253352, -0.5767900675750056, 0.5010517274662338, -0.1810477029551798, 0.047048711051225614, -0.018206080923486703], [-0.5587548806547437, 0.34609675698935316, -0.37423608359894966, 0.2131163670449978, 0.30943482331835004, -0.25648737028500057, -0.5293864725517617, -0.6376382828760617, -0.3366437627111109, 0.2479705647335877, 0.5296693768001254, -0.10371402867452253, 0.6484197853720185, 0.05875133522873871], [-0.589516471058768, 0.19281630051685378, -0.08871930261484726, -0.7172312586802336, 0.42561665359260586, -0.2228214513847667, -0.48384773625644223, 0.045748305172535975, 0.42948933312435694, -0.4175488619128544, -0.25127731487335186, 0.5102840365157735, 0.2587932369885151, -0.16554131627466817]], "inverted": false, "swapped": false, "error_lsq": 0.04133200046930818, "error_max": 0.2629279628491048, "target": "84.xyz", "model": "10.xyz", "model_rescale": 4.260839863003843, "target_rescale": 4.166675238039134},
{"mapping": [9, 12, 4, 10, 5, 3, 0, 2, 11, 8, 7, 13], "R": [[-0.9746144048075169, -0.10253394566507733, 0.19903153500900556], [-0.041829688237730665, -0.7899266501440376, -0.6117729681623355], [0.21994780999960944, -0.6045681743017662, 0.765584928990772]], "T": [0.035308638534032696, -0.03266956870488088, -9.783852510399094e-05], "aligned_model": [[0.4002427157020016, 0.1328033011928203, -0.44796600663168334, -0.41204975217802914, -0.7022710121370828, -0.43163240164255773, 0.38417680680237726, 0.7544159198994864, 0.3348371952062184, -0.1942598821572029, 0.15836877670912594, -0.01776701167134353], [-0.05828311509315772, -0.7225399025910261, -0.5878456167426346, -0.337528125899711, 0.38511745291651844, 0.27093583366370283, 0.7690636911942011, 0.1647993366282753, -0.26267591642335414, 0.03123818214499744, 0.5099156183094707, 0.010881067425651786], [-0.6611848194591307, -0.21404276239147624, 0.058995584163502104, -0.5471630069541029, 0.22678403469284975, -0.40965287508041476, -0.18046129597945287, -0.19182352448792367, 0.5117923834838585, 0.6115383247634139, 0.36888354393055334, -0.05748750928617194]], "inverted": false, "swapped": true, "error_lsq": 0.0463109139255306, "error_max": 0.33006710263097455, "target": "84.xyz", "model": "11.xyz", "model_rescale": 3.890672605050136, "target_rescale": 4.166675238039134},
{"mapping": [3, 12, 7, 0, 11, 1, 0, 4, 2, 5, 6, 10, 9, 13], "R": [[-0.06039882122394985, 0.41561938253303693, -0.9075309974086915], [-0.9966626309620001, -0.07512966416525141, 0.03192387204460645], [-0.054914319067627615, 0.906430395797313, 0.418770050428711]], "T": [0.06745034288579292, 0.08575615815677579, -0.13038923831465066], "aligned_model": [[-0.2813550963682089, -0.547270098183435, -0.754821414753715, 0.2695984888112446, 0.38804350635385054, 0.7663714450842707, 0.2695984888112446, -0.04614433790158161, 0.34395498055221024, -0.5619361974977208, 0.42630895426555415, -0.11154838538881841, -0.06796090050142754, -0.07392466419359812], [-0.5792972209395357, 0.08705835581505633, -0.08880748689764228, -0.323455246314282, 0.19893047039820935, -0.17695717841581016, -0.323455246314282, -0.5777300754875203, -0.3281688834713755, 0.5359434303186591, 0.4602115977070853, -0.11993110749937089, 0.7935763978902961, -0.0013196786544660416], [-0.6680712302963756, 0.29062053634383084, -0.2730807261131545, -0.5050580164333275, 0.3022465929354595, -0.34899684586480495, -0.5050580164333275, 0.06439092003435098, 0.377326606355165, -0.20897794362637834, -0.3815106527167905, 0.7211932347703297, 0.1636766036481826, -0.10245690974845054]], "inverted": false, "swapped": false, "error_lsq": 0.05631794275550957, "error_max": 0.397697316648534, "target": "84.xyz", "model": "12.xyz", "model_rescale": 4.124412569039231, "target_rescale": 4.166675238039134},
{"mapping": [4, 11, 1, 5, 12, 10, 8, 3, 7, 6, 9, 2, 13], "R": [[-0.7906948513549807, 0.5815362230061079, -0.19135640405409882], [-0.5919455268403524, -0.6464616363558708, 0.48133963681976966], [0.1562118602873126, 0.493865339998547, 0.855391653369202]], "T": [0.11866750357066164, 0.14818446070847535, 0.020523089116795526], "aligned_model": [[-0.07456576068257151, 0.0473630626111646, 0.5980844379816446, -0.6593112117815827, 0.5413697599940559, 0.27952919839722873, -0.46658656037329, -0.014208680013547303, -0.21425926413548851, -0.2649021752735388, 0.8163990478894365, 0.6703359532726876, 0.10805049962355837], [-0.30554809054630166, 0.6361682830999366, 0.4277307373608415, -0.15348524436971828, -0.08059030223022715, -0.6000506544999561, 0.3787350683841262, -0.381401357916493, 0.6020017905149152, 0.13822587411111717, -0.00421492944275198, 0.6065655754608273, 0.08334862658216147], [0.5701179736433826, 0.42231823769996507, 0.25637070049884875, -0.25111937518361327, 0.568413249211163, 0.1018637041267504, 0.20816317143085744, -0.40353856190086657, -0.3385024557766675, -0.6565706554750632, -0.2260819569417939, -0.2595066674912421, -0.040229282873881445]], "inverted": false, "swapped": true, "error_lsq": 0.05119215423934642, "error_max": 0.33035030501297263, "target": "84.xyz", "model": "13.xyz", "model_rescale": 3.9028299243045295, "target_rescale": 4.166675238039134},
{"mapping": [10, 11, 14, 3, 2, 0, 4, 5, 8, 9, 6, 12, 1, 15], "R": [[-0.09204699926389295, -0.6848348935165595, -0.7228613411634875], [-0.7159161569590372, 0.5500763971326204, -0.42997675928194], [0.6920920503311078, 0.4779300429349036, -0.5409172468397778]], "T": [0.022173224391582053, -0.056957703107513837, -0.0823159595532562], "aligned_model": [[-0.42196820522503437, -0.529518216197605, -0.8611670107189092, 0.4478777265696436, 0.5966446775379333, 0.7955004962953279, 0.24044861905456585, 0.02527059391252676, 0.4484868409007421, -0.49616423103528634, 0.0735715084459458, -0.228676108082542, -0.029720560892836794, -0.04167136147460192], [-0.46202976363478776, 0.3368214286540038, -0.10938085757512078, 0.10575910085620105, 0.23541566639776965, -0.3345329785920502, -0.5107547540941112, -0.5506893478325839, -0.431884895629732, 0.3707614278593075, 0.5547261155243663, -0.16260484617776788, 0.5225580733732044, -0.007566240993678329], [-0.5227789186397964, 0.2116759418789076, -0.08585074293562427, -0.5077432315649527, 0.27356341871953893, -0.19246724740012033, -0.5359538795768085, 0.053040248114809604, 0.44131889437065164, -0.4686164692218933, -0.34233400636813655, 0.5581163807601183, 0.20693696714172316, -0.16266320242370813]], "inverted": false, "swapped": false, "error_lsq": 0.0382583235656615, "error_max": 0.2632924006777991, "target": "84.xyz", "model": "14.xyz", "model_rescale": 3.942246331269136, "target_rescale": 4.166675238039134},
{"mapping": [1, 4, 3, 0, 6, 7, 2, 5, 9, 12, 8, 10, 11, 14], "R": [[-0.3708115215491628, 0.9189935242301552, -0.1339765573129631], [-0.32189696828099734, 0.008136973741810438, 0.9467397379796771], [0.871137852063551, 0.39418865037106793, 0.29280394570555]], "T": [-0.07071441851602059, 0.03196914920939394, -0.010696701123854263], "aligned_model": [[-0.45934716937641773, -0.5179491492500915, -0.7246383188894155, 0.2938913919458367, 0.40406369911143514, 0.7572588010485803, 0.3146836445307565, -0.17124079358574731, 0.4245304829838883, -0.5850167587074342, 0.42305709569098504, -0.11525023302480844, 0.030263907661002495, -0.05539183104869993], [-0.3288350792435443, 0.17725491611692748, -0.24944609000156118, -0.061652069704420505, 0.21993633656557354, -0.12222744714307326, -0.515959903722288, -0.5806758504403986, -0.43280691215466743, 0.2773304055343095, 0.5412727847816606, -0.0338516777225158, 0.6589314806947757, 0.00732723457424261], [-0.6234171344943915, 0.33935632126263715, -0.10937256524945224, -0.642373163575006, 0.21743366695097607, -0.15788116187356235, -0.376606532356453, -0.1423785544999381, 0.4215971878609628, -0.5966721399700935, -0.31995456252495724, 0.6983059053672646, 0.32221865928694304, -0.10401177333022045]], "inverted": false, "swapped": false, "error_lsq": 0.048179020338171674, "error_max": 0.2785501751187513, "target": "84.xyz", "model": "15.xyz", "model_rescale": 4.355366556412066, "target_rescale": 4.166675238039134},
{"mapping": [8, 3, 4, 2, 11, 7, 1, 0, 10, 6, 9, 13], "R": [[-0.4655321016821285, -0.5554589677030853, 0.6890175596468087], [0.8720537173223096, -0.15505924757177308, 0.4641970959051955], [-0.15100389533969655, 0.8169589738418317, 0.5565751150128253]], "T": [-0.040812067017878935, -0.07810598258590128, -0.13893151809432505], "aligned_model": [[-0.3598506498709187, 0.5621642265668249, 0.2476771841548434, -0.3680159497982165, -0.6159096897029658, -0.42122190750489147, -0.3264924642554602, -0.1590095173063379, 0.6764572969324528, 0.09961162878084473, 0.22675810693159942, 0.03564028970400646], [-0.6277256108710069, -0.10179868715807742, -0.584301881333963, 0.6171809280726414, -0.22959009883428605, -0.11591477267793407, 0.28438703714503366, 0.4549485901385325, -0.11960192579737901, -0.10392408162283194, 0.6111804053276639, -0.07206347464741275], [0.025438033247209085, 0.1984165935667844, -0.5925905570524009, -0.0901286462057435, -0.3646905988589896, 0.4083788070653436, -0.5269989540708211, 0.5673958712139787, -0.41488679414268104, 0.626114508208297, -0.2943644883651252, -0.09282531339643026]], "inverted": true, "swapped": true, "error_lsq": 0.057265093460679393, "error_max": 0.2848975877339922, "target": "84.xyz", "model": "16.xyz", "model_rescale": 3.795458400668931, "target_rescale": 4.166675238039134},
{"mapping": [12, 1, 11, 10, 8, 2, 9, 4, 3, 0, 7, 5, 13], "R": [[0.4120290119730138, -0.2080025339742795, 0.8871116272222007], [-0.5512767749469447, -0.8320935655221083, 0.060944364963469846], [0.7254832945675854, -0.5141548833542122, -0.45751365578130954]], "T": [-0.019489415517797357, 0.07584148992759679, -0.035862209687712726], "aligned_model": [[0.04199737872563518, -0.0563567158414532, 0.46891852985869026, -0.29767443917757486, 0.5497265678460006, -0.4157800700941723, -0.6757121772288421, 0.3515131285060321, -0.411272811674072, -0.569265565132681, 0.07121392236452889, 0.16862792709105795, -0.07730387433892714], [-0.39757714726966453, 0.19209935004244108, 0.3373775558658919, -0.6385525485439959, 0.23328815256047977, 0.5771190569072915, 0.007753341706514122, -0.5626042825332608, -0.20078019645872805, 0.735568866274229, 0.6609658566998621, -0.026446200914000517, 0.04556946113342539], [-0.5865825428508105, -0.6264007145400285, -0.3484457037304026, 0.03198186559750005, 0.2506485497303278, -0.4654463193595536, -0.4041075380785024, -0.03255048285318993, 0.46206521116139954, 0.2081094482105507, 0.27250789794323116, 0.8151338035969371, 0.025361556008837105]], "inverted": false, "swapped": true, "error_lsq": 0.046574140966455485, "error_max": 0.23102550267799538, "target": "84.xyz", "model": "17.xyz", "model_rescale": 3.7474275329858107, "target_rescale": 4.166675238039134},
{"mapping": [12, 1, 7, 10, 0, 4, 5, 9, 6, 11, 3, 2, 1, 13], "R": [[0.029254804982965732, -0.9985401178495759, -0.0454069315233277], [-0.3038941693292257, 0.034391094467147054, -0.9520848630605635], [0.9522565254347741, 0.04165195873314112, -0.30244441489401674]], "T": [0.019574365116363065, -0.021008166207927656, -0.13457782196037893], "aligned_model": [[-0.3457179411566335, -0.22748248103721636, -0.7125067091925639, 0.11547374432848558, 0.530453106091897, 0.7425582683651366, 0.3248815730701439, -0.022158310226392686, 0.27300195204301064, -0.4915476576656274, 0.12385023573791669, -0.11115409110885954, -0.22748248103721636, 0.04674556087778888], [-0.5155195903865675, 0.5315789117055709, -0.16311024699517024, 0.09722419030493976, 0.2552066934621289, -0.4122305096831973, -0.45309034371947154, -0.6750326385943077, -0.5120308991877114, 0.3516645697723336, 0.6146703272866684, -0.07189268699715591, 0.5315789117055709, -0.022418560538610546], [-0.5603205913036391, 0.20027864415808255, -0.028353618923026874, -0.8078265051403761, 0.4669624128515357, -0.01853827857325606, -0.6278449274099955, 0.0004575037308215124, 0.4036321234530559, -0.48329829954993364, -0.3481862886085717, 0.561233618076865, 0.20027864415808255, -0.03223028406493472]], "inverted": false, "swapped": false, "error_lsq": 0.05446883298548533, "error_max": 0.4254264645025747, "target": "84.xyz", "model": "18.xyz", "model_rescale": 3.922800546911778, "target_rescale": 4.166675238039134},
{"mapping": [5, 13, 12, 1, 10, 2, 0, 3, 9, 8, 6, 7, 4, 14], "R": [[-0.587005052465385, 0.12063232767076489, 0.8005453827865375], [-0.0651780588428847, 0.9785847566906041, -0.19525289912896213], [-0.806955320340342, -0.16679243236287553, -0.5665716154917149]], "T": [-0.03870359755907177, 0.02924831568540795, -0.09760316723230297], "aligned_model": [[-0.4018138330506124, -0.5323364283616072, -0.7113292866441776, 0.3698950029654838, 0.5913948163458604, 0.62678300175119, 0.14788574296651796, -0.07679364727026444, 0.46880343692318777, -0.398796016383548, 0.24030190832167003, -0.26889377741543546, 0.015862236450757933, -0.05204838750915346], [-0.3107180891234764, 0.3122689322157358, -0.3733263265130734, 0.06863601773390005, 0.38800300040317004, -0.23069021248792096, -0.6751291995852489, -0.6005044481049071, -0.3235807560405458, 0.3909963782221012, 0.6023367264437383, -0.3636367643231976, 0.6971123721070046, -0.02516950281225932], [-0.6764878886305402, 0.28715611568736077, -0.03339736992345829, -0.7136216868504712, 0.2557687505128027, -0.045752318663230956, -0.5068456010783536, 0.007800097406718914, 0.43220004341388396, -0.43503826199528917, -0.36121912474594475, 0.5587997685190401, 0.17597919877666932, -0.019097569574478182]], "inverted": true, "swapped": false, "error_lsq": 0.04662914929718196, "error_max": 0.2779194283764358, "target": "84.xyz", "model": "19.xyz", "model_rescale": 3.9282355846067225, "target_rescale": 4.166675238039134},
{"mapping": [12, 2, 2, 11, 3, 8, 9, 7, 6, 10, 0, 5, 1, 13], "R": [[0.7775681074992876, -0.6144738047542355, 0.13345329321837718], [0.6070143895291169, 0.788909550082631, 0.09568308467547912], [-0.16407732660111862, 0.0066079542427970525, 0.9864253473203917]], "T": [0.13958162477343086, -0.1301430395377856, -0.06478079000805265], "aligned_model": [[-0.32577677929581084, -0.6226721219626705, -0.6226721219626705, 0.347285113862868, 0.44414024777158867, 0.7577566268951065, 0.2228773031780572, -0.26578460375609614, 0.38413522608868717, -0.4620814144130595, 0.2904768956950362, -0.05395091412774691, -0.1437446547417673, 0.06892596585834736], [-0.5954639324154924, 0.08972700957969729, 0.08972700957969729, 0.20493265996950732, 0.38282630340977664, -0.5164316563218332, -0.4598149513780399, -0.5808715358928025, -0.40727698591758954, 0.20362464742703373, 0.6344256323783979, -0.019266261102740087, 0.516676980847701, 0.013783207971707095], [-0.6030301445652018, 0.15735114701976188, 0.15735114701976188, -0.663067266159509, 0.3939801144890169, -0.2821798480168659, -0.6671121653659113, 0.0788152396059851, 0.4739532500383871, -0.5832738636421135, -0.24606054986738568, 0.5969908085355249, 0.1859199815727452, -0.0733936978094864]], "inverted": true, "swapped": false, "error_lsq": 0.04976516580144686, "error_max": 0.37065656778213113, "target": "84.xyz", "model": "20.xyz", "model_rescale": 4.067790424073018, "target_rescale": 4.166675238039134},
{"mapping": [9, 5, 1, 0, 6, 3, 12, 10, 11, 8, 2, 13, 4, 14], "R": [[-0.11597891754424372, 0.9927590269407844, 0.031279467911923264], [0.7860306979125662, 0.07248465738495419, 0.6139232170091555], [0.6072105340195857, 0.09578877215714449, -0.7887457629073369]], "T": [-0.005894400759999194, 0.017729748510217525, -0.09020293370301712], "aligned_model": [[-0.34702270357905407, -0.4052979074997105, -0.7917911618340905, 0.1707988421320612, 0.4479463724832641, 0.8242011131311016, 0.30000104898595514, -0.2968927193225592, 0.3569431984080796, -0.4014467787931211, 0.4865741966617086, -0.26393963112873575, -0.03731069607216153, -0.02384840448286786], [-0.5896685423258519, 0.29352024217411177, -0.21283942502136738, 0.22604127942853888, 0.323099620807132, -0.09755924771768634, -0.6095339128205028, -0.7183593723393547, -0.4234824775715599, 0.3773033990234608, 0.5414329619761964, -0.2967122045319757, 0.8011693465269338, -0.05781353947305495], [-0.43480226158121177, 0.24577707056291076, -0.1402952328021169, -0.745827699497989, 0.40812898011617116, -0.23647289581914, -0.4064024591555192, 0.12140899014423635, 0.21263844749356797, -0.2887300170291364, -0.28237878103518216, 0.47958862671899793, 0.07625398980737365, -0.08264260506825338]], "inverted": true, "swapped": false, "error_lsq": 0.053761730528434026, "error_max": 0.30300818539802526, "target": "84.xyz", "model": "21.xyz", "model_rescale": 4.186013935880536, "target_rescale": 4.166675238039134},
{"mapping": [2, 0, 9, 11, 8, 1, 7, 6, 10, 3, 5, 4, 13], "R": [[0.3457064790425402, -0.7541856840068835, -0.5582929198790533], [-0.42711771402978893, -0.6562434878890193, 0.6220248732689249], [-0.8354983475207939, 0.023418766883075093, -0.5489936908997217]], "T": [0.13031892218824095, -0.05009022812020778, 0.05449670337272791], "aligned_model": [[0.2347228754057023, -0.46135867188204815, 0.35837613199488105, 0.40008853111665754, -0.07772388286085669, 0.6041896307980287, -0.363364833506195, -0.6406198840810727, 0.30301862562853, -0.28013526102380304, -0.5523917090560869, 0.45731849743430375, 0.07645398545518485], [-0.36824225546212835, -0.24631481197693564, 0.24724545642843201, -0.5949677430728624, -0.39708224107472173, -0.2782594495960529, -0.4967612488750157, -0.007219045523097246, 0.6952607904795349, 0.5052870031130108, 0.15609114592463522, 0.28384706595063525, 0.02007199323065883], [-0.6388625767952051, -0.5845883715661674, -0.6015904330250903, 0.2415387506212748, 0.5714100779012153, -0.24045443067766073, 0.00498819950466272, -0.04295189657542969, 0.13801460353556774, 0.02241870736509946, 0.5658092847720548, 0.6261819498129861, 0.04096569646203775]], "inverted": true, "swapped": true, "error_lsq": 0.05356728433830942, "error_max": 0.3264864736848427, "target": "84.xyz", "model": "22.xyz", "model_rescale": 4.166573947596378, "target_rescale": 4.166675238039134},
{"mapping": [10, 0, 7, 12, 2, 11, 14, 9, 3, 5, 6, 4, 1, 15], "R": [[-0.9443997108442409, 0.10313294585757912, 0.3122063126140343], [0.1886662439076114, -0.6076867781055829, 0.7714413964297286], [0.2692846719869294, 0.7874518240466484, 0.5544415120087044]], "T": [0.02219424437344745, -0.12547268038951898, -0.07473854277353284], "aligned_model": [[-0.5033866835031852, -0.5837229315903092, -0.6882183881958189, 0.4969849799460825, 0.39543086187974186, 0.7741518370509941, 0.06047812393755423, 0.16132354918487593, 0.36246748006860624, -0.5124816774751918, 0.28193524816820287, -0.09244180558381987, -0.1307884556025812, -0.0028173691952817805], [-0.44658580256645475, 0.21933234030383864, -0.08931509519179284, -0.06335699567842862, 0.3165935705087494, -0.3631880373905817, -0.4610473609976824, -0.7094563125735873, -0.2937535030187855, 0.4207022764693552, 0.5536263910387218, -0.0031981604243980777, 0.5375458028162234, -0.06130098516015678], [-0.5008750046284144, 0.3503845410678105, -0.14819715812183387, -0.522060299852803, 0.2688907580119225, -0.06271709166104512, -0.7902116320791307, -0.06730079002923448, 0.39143990140940943, -0.40165834379032683, -0.29938647643831795, 0.6406362059995057, 0.13763340759360573, -0.0703338646264382]], "inverted": true, "swapped": false, "error_lsq": 0.045225404938312, "error_max": 0.32668116800393243, "target": "84.xyz", "model": "23.xyz", "model_rescale": 4.274766983524099, "target_rescale": 4.166675238039134},
{"mapping": [10, 3, 5, 4, 8, 11, 12, 1, 9, 0, 13], "R": [[-0.4694226331814643, 0.396400808548658, -0.7889922625976445], [0.1504435023993469, -0.8445901751528867, -0.5138425718262686], [-0.8700627242002718, -0.35990809245859756, 0.33683381798746914]], "T": [-0.09115774743385793, 0.12332081808372587, 0.12584878894868332], "aligned_model": [[0.25296756572818146, 0.23278230819888115, -0.4186024750257804, -0.3777186604731321, -0.7178980094824129, -0.5415770556689754, 0.006248894112305836, 0.039267274973690286, 0.6248261130279084, 0.3219629475609752, -0.04236419899356657], [-0.18361114967423092, 0.43362649443486156, 0.6845670660781332, -0.3307854081631829, 0.3148396279614253, -0.07265653080392796, -0.5974403398389996, -0.2599399947925565, -0.06025482937212677, 0.8214614327772732, 0.16578016263681458], [-0.490364732611015, -0.40019182820680743, -0.46392042048729876, -0.38104098011537035, 0.08840694145568492, 0.5300358757454584, 0.07879545023707761, 0.5727394650969421, 0.2824885796052009, 0.49860496814160715, 0.06401311516009814]], "inverted": false, "swapped": true, "error_lsq": 0.05683843817312586, "error_max": 0.27137586862303564, "target": "84.xyz", "model": "24.xyz", "model_rescale": 3.7841303162186577, "target_rescale": 4.166675238039134},
{"mapping": [4, 13, 3, 8, 10, 0, 1, 6, 7, 12, 9, 11, 14, 15], "R": [[-0.09973775427653385, 0.3504567898733921, -0.9312531443187244], [-0.7218244336379916, 0.618694358763715, 0.3101399320260909], [0.6848517119603823, 0.7031339338032212, 0.1912610879382968]], "T": [0.04843634344642301, -0.010775272816957306, -0.13830814682777728], "aligned_model": [[-0.31021191399066544, -0.5269361431463966, -0.7097819415554105, 0.39840484417954264, 0.5343812765072228, 0.6905968228231057, 0.3673604501332036, -0.23821906363484707, 0.3946559038594793, -0.47972231306993385, 0.12685625520628904, -0.18477633388940906, -0.052748482926015465, 0.009055408593704364], [-0.4701037316034823, 0.28717090207481705, -0.2709563697225127, -0.03850448726493774, 0.35271933653369936, -0.3695930962491637, -0.5046077767120838, -0.6507490379273589, -0.330750217435741, 0.5116329114006316, 0.5384709708280415, -0.16759611472556138, 0.7344210453472145, -0.0649562064085419], [-0.6042406926372439, 0.3000690603926671, -0.05822870667581585, -0.6139245077738379, 0.3485021820301333, -0.1527870164547927, -0.5937785257481991, 0.03572837176678895, 0.30952397674517007, -0.29098436972268127, -0.3235636185622367, 0.5761473380245792, 0.11416569462337836, -0.12038503315320032]], "inverted": false, "swapped": false, "error_lsq": 0.03922429156327106, "error_max": 0.2164939871835663, "target": "84.xyz", "model": "25.xyz", "model_rescale": 4.19342608120988, "target_rescale": 4.166675238039134},
{"mapping": [8, 3, 4, 2, 11, 7, 1, 0, 10, 6, 9, 13], "R": [[-0.4655321016821285, -0.5554589677030853, 0.6890175596468087], [0.8720537173223096, -0.15505924757177308, 0.4641970959051955], [-0.15100389533969655, 0.8169589738418317, 0.5565751150128253]], "T": [-0.040812067017878935, -0.07810598258590128, -0.13893151809432505], "aligned_model": [[-0.3598506498709187, 0.5621642265668249, 0.2476771841548434, -0.3680159497982165, -0.6159096897029658, -0.42122190750489147, -0.3264924642554602, -0.1590095173063379, 0.6764572969324528, 0.09961162878084473, 0.22675810693159942, 0.03564028970400646], [-0.6277256108710069, -0.10179868715807742, -0.584301881333963, 0.6171809280726414, -0.22959009883428605, -0.11591477267793407, 0.28438703714503366, 0.4549485901385325, -0.11960192579737901, -0.10392408162283194, 0.6111804053276639, -0.07206347464741275], [0.025438033247209085, 0.1984165935667844, -0.5925905570524009, -0.0901286462057435, -0.3646905988589896, 0.4083788070653436, -0.5269989540708211, 0.5673958712139787, -0.41488679414268104, 0.626114508208297, -0.2943644883651252, -0.09282531339643026]], "inverted": true, "swapped": true, "error_lsq": 0.057265093460679393, "error_max": 0.2848975877339922, "target": "84.xyz", "model": "26.xyz", "model_rescale": 3.795458400668931, "target_rescale": 4.166675238039134},
{"mapping": [7, 0, 6, 8, 4, 1, 2, 11, 9, 3, 12, 10, 13], "R": [[-0.36073954399651353, 0.375796868110743, 0.8536062882355919], [-0.5872765533510365, -0.8025304853189212, 0.10512406964108702], [0.7245503649031686, -0.4633805499283862, 0.5102011707814395]], "T": [-0.13668931540766166, -0.03809597638981378, -0.1265868188806315], "aligned_model": [[0.1120794503213125, 0.4019812640761791, 0.5795892009714088, -0.18665920747457482, -0.3701460413833575, -0.6092271823966198, -0.2586951585693711, -0.64387474934072, -0.10414795982262642, 0.4750117362613792, -0.664180400676899, 0.02407603947366521, -0.05613060861851972], [-0.6046921521435826, -0.6714406051177944, -0.3071697521761193, -0.1879546591242569, 0.5924817685153871, -0.18977874862627647, -0.5575562695933854, -0.32722031948422037, 0.019143627569632636, 0.27572756920622205, 0.3993414511597607, 0.6840660147644504, -0.003066421692902617], [-0.3771314619940831, 0.1985666582715665, -0.2688021524385288, -0.7637132487587752, -0.43176959084998967, 0.21592028243703904, 0.4285199882866578, -0.3792168358573597, 0.6260974567042522, -0.05390870021393862, 0.1216073978360615, 0.08551015739587625, -0.10954328871935183]], "inverted": true, "swapped": true, "error_lsq": 0.05149756956691621, "error_max": 0.32310797960670823, "target": "84.xyz", "model": "27.xyz", "model_rescale": 3.6321398670334006, "target_rescale": 4.166675238039134},
