[{"mapping": [1, 12, 3, 7, 5, 11, 8, 9, 0, 2, 6, 4, 13], "R": [[0.5143931370974542, 0.4630423833752028, 0.7217973757954871], [0.4417033341670969, -0.8645153382304378, 0.23981533426781082], [0.7350495664189659, 0.1954609453638338, -0.6492281214987277]], "T": [0.029247222712946778, -0.08820695992680894, -0.15455868677164156], "aligned_model": [[0.31046052703550175, -0.27725216647678697, 0.5043695359866665, -0.5648414248204003, 0.4167992075844772, -0.3385893277661938, -0.23490949135448702, -0.5628026534207187, 0.06428096725259538, 0.23452360110049142, 0.4032606246430843, -0.14354901463036018, -0.11316145125587382], [-0.45935704770900554, -0.459382091150876, -0.09689777341482238, 0.1741724324975495, 0.38020815707805145, 0.3874595476159274, 0.6215210845279678, -0.42294064503599804, -0.8286980369844139, -0.33894991038339484, 0.4291514768754975, 0.3296819721743401, -0.02246875798814711], [-0.4954557434239829, -0.4761282039226342, 0.06311897167790681, 0.23223611125244256, -0.6048830117031929, -0.5088177538073116, 0.03801977762714484, 0.11778939195769364, 0.05958620838634607, 0.5427560389312676, 0.2661555954125655, 0.6874119346863978, -0.11053459518858781]], "inverted": true, "swapped": false, "error_lsq": 0.044608737920497125, "error_max": 0.2344398382332574, "target": "840.xyz", "model": "0.xyz", "model_rescale": 3.8414455957264533, "target_rescale": 3.9620119638095597},
{"mapping": [1, 11, 5, 13, 10, 12, 8, 0, 4, 7, 6, 9, 14], "R": [[0.34521060813814064, -0.8408681624270512, -0.4168577328603242], [0.9347299451778855, 0.3479435039015414, 0.07221667176258686], [0.08431824011826998, -0.41457936696038356, 0.9060984399468335]], "T": [0.054650923693446485, -0.06342392262117094, 0.060366189928330774], "aligned_model": [[0.03235782886969624, -0.5181550212147754, 0.6989914961069494, -0.6809166298071179, 0.38009432794601455, -0.23925745367280027, -0.2216982162852666, -0.3706977220578745, 0.26568702316904746, -0.1191661388278924, 0.5863897825071172, -0.1844471420073836, 0.0694067991522821], [-0.6137836663582252, -0.17506725021157613, -0.012756865509549839, 0.1083367939449894, 0.32459484816027584, 0.32762498560503106, 0.6734250418513964, -0.6450977970499258, -0.5497169509046235, -0.33377990893655707, 0.44885422968747035, 0.2306410533602332, -0.08977410553626268], [-0.6067957556033406, -0.5606768995689393, -0.06840050237981464, 0.12583092181660221, -0.3999699096338745, -0.5252857211554699, -0.010253594051104195, 0.1394320034745477, 0.1820218112913581, 0.6168284721856364, 0.3150268552820957, 0.6276999407951543, -0.02420290056679636]], "inverted": false, "swapped": false, "error_lsq": 0.047161993911732265, "error_max": 0.2713979977807308, "target": "840.xyz", "model": "1.xyz", "model_rescale": 4.316132596720782, "target_rescale": 3.9620119638095597},
{"mapping": [9, 2, 8, 3, 7, 11, 1, 6, 0, 10, 4, 12], "R": [[0.8752066371787238, -0.01585178583356736, -0.4834894653704429], [-0.3573209105116226, 0.6525442835273222, -0.6682123352250833], [0.3260906456024997, 0.7575847668226312, 0.5654469134488617]], "T": [-0.02918254936159916, 0.061203863526324113, -0.02067840859655205], "aligned_model": [[-0.2763960829149605, 0.5210566983811986, 0.16979418035905128, -0.6752724725577626, -0.49360547091206336, -0.43355423244572, -0.17084726833988595, -0.1562431295618747, 0.5395914468444596, 0.16903092404550868, 0.474818904692927, -0.07056494295909732], [-0.5849199552510165, -0.26289676884624696, -0.5649443109027188, 0.3689295109196142, -0.19382676698556034, -0.13032881539830157, 0.31282626175450323, 0.6034375379742365, 0.017964178360815534, -0.11374640454737309, 0.5040093018875362, 0.05627265877549209], [0.11075406616745027, 0.1395170866284302, -0.42247484831382953, 0.058439992007191285, -0.5518235350323325, 0.4686791867456252, -0.695724535460046, 0.4549024168632638, -0.691808056265843, 0.6529429982495036, -0.01029115541778201, -0.06385515496221002]], "inverted": false, "swapped": true, "error_lsq": 0.035711057429672774, "error_max": 0.18449999577399953, "target": "840.xyz", "model": "2.xyz", "model_rescale": 3.795458400668931, "target_rescale": 3.9620119638095597},
{"mapping": [8, 2, 0, 6, 7, 3, 4, 9, 10, 11, 1, 12], "R": [[0.1653248628940706, -0.23673820937018106, -0.9574041518257884], [0.9847686169862411, 0.09261814974156313, 0.14714839223537424], [0.05383735420749158, -0.9671488502617629, 0.24844444193679868]], "T": [0.0379764025850854, 0.015202309438066056, 0.1212336531412585], "aligned_model": [[-0.08472391340183949, -0.0534596546972384, -0.738818960977904, 0.2016746070891693, 0.07642209140386219, 0.35456321732215645, -0.4519347235303132, 0.552120775481807, 0.4405334581247533, 0.6931187216485107, -0.4327783560280186, 0.03658656330861974], [-0.19524459077705936, -0.6214169935995167, -0.1321161227348067, 0.10117102166635358, 0.5343770656321577, 0.6075374495585889, -0.21492507003441744, -0.10388311068059859, -0.5290598643277125, 0.027507295729349474, 0.5453929485845175, 0.06642901627285394], [-0.6093485728450991, -0.01955823859915254, -0.2669348357953096, 0.8298598935890027, -0.4189736398854967, 0.38065388123917354, 0.5177566596432912, -0.3449629173306193, 0.37694536648933774, 0.22276793493797484, -0.06944366772123253, 0.09000956691723053]], "inverted": true, "swapped": true, "error_lsq": 0.05861475664688833, "error_max": 0.3470264572172953, "target": "840.xyz", "model": "3.xyz", "model_rescale": 3.7530521520055578, "target_rescale": 3.9620119638095597},
{"mapping": [2, 6, 11, 3, 9, 5, 8, 4, 0, 1, 12], "R": [[-0.7965033282337558, -0.26680371577948214, 0.5425847632940053], [-0.6025828782121512, 0.2764204132824515, -0.7486558822358368], [0.049762666710197634, -0.9232591902423829, -0.3809411301433199]], "T": [-0.04915154497634946, -0.10631987253286057, -0.025669014538615698], "aligned_model": [[-0.51789322209959, -0.13819675847498333, 0.3095073768807476, 0.47816802066340025, 0.3294690893942832, -0.10820449936570284, -0.019090900279456022, -0.6438008962607881, -0.4774886031435591, 0.1274149311530656, -0.001684936022212244], [-0.5558747692601018, 0.20588776551438742, -0.41009944546770705, 0.24662236702777862, -0.6971810867479985, 0.6454502289930953, -0.5362041056943403, 0.20057103648521402, 0.03380036092140981, 0.4202221515413488, -0.08599114499874001], [0.08226004228802938, -0.6821263330210108, -0.4933802824542325, -0.36589369832973095, 0.03259295033500886, -0.20902291567100706, 0.6126017414891076, -0.07478251511633732, 0.7310886863746358, 0.4545890136897289, 0.004904087661124441]], "inverted": false, "swapped": true, "error_lsq": 0.052776859273376095, "error_max": 0.2612274238410125, "target": "840.xyz", "model": "4.xyz", "model_rescale": 3.7855080009869324, "target_rescale": 3.9620119638095597},
{"mapping": [1, 6, 2, 8, 5, 7, 10, 13, 12, 14, 9, 15, 16], "R": [[0.11991351481454833, -0.7241593696365254, -0.6791273491271366], [0.22955170328085467, 0.6857504782184869, -0.6906897256684619], [0.9658813407896851, -0.07307180708554434, 0.24846276687579053]], "T": [-0.0010688355837391444, -0.06674217781793564, -0.10157852073014516], "aligned_model": [[0.37266787514598854, -0.5138000748077667, 0.7103969289577006, -0.6187291392974195, 0.2670941552455438, -0.3711755807580677, -0.13196518235308707, -0.5097785949506253, 0.10136257330237265, 0.26280198517174846, 0.3777013215603232, -0.27762825433514915, 0.02964092099643418], [-0.581184691490805, -0.262372681799469, -0.15531966281962756, 0.17141860484822147, 0.5058737324130387, 0.3548357224161549, 0.6402941371648866, -0.46798915612093056, -0.7053063506453081, -0.2603298556964829, 0.3184830173186966, 0.20539897437451754, -0.07030138186021681], [-0.5123992969431228, -0.4550080756667505, 0.07662412407326792, 0.13734628915737557, -0.6068535689159328, -0.5982298502225653, 0.01644719584143363, 0.22258637866983494, 0.11010252864615734, 0.4905307592683078, 0.36215495481162374, 0.6255887144153214, -0.05763543124889602]], "inverted": false, "swapped": false, "error_lsq": 0.04142114298634828, "error_max": 0.252557247665569, "target": "840.xyz", "model": "5.xyz", "model_rescale": 4.2253639853439635, "target_rescale": 3.9620119638095597},
{"mapping": [12, 9, 6, 1, 5, 8, 10, 0, 7, 3, 2, 4, 13], "R": [[-0.10733420748273714, -0.41565880043783904, 0.9031650621689424], [-0.9899140267287683, 0.12916270036095218, -0.05819979829091254], [-0.09246397995808292, -0.9003025927176062, -0.4253300529662438]], "T": [-0.03304490611448102, 0.005923938820458132, -0.0810011279443554], "aligned_model": [[0.2349637058169634, -0.4952444927603795, 0.5848878022209707, -0.7012794972781626, 0.3537534189731887, -0.319873921149102, -0.13973742865202057, -0.4688498893002971, 0.25509870758330827, 0.28419818386012224, 0.3402003566043878, -0.22584801465448068, -0.0036799973865024246], [-0.741875942169522, -0.21877889191059896, -0.15671263709329036, 0.2361988469379729, 0.4660391868643752, 0.38381729847871193, 0.7756190969431602, -0.6129009669137307, -0.7113443249637307, -0.2819010423563804, 0.4069027253006647, 0.1621296585038233, -0.01369259951877905], [-0.5712158629238171, -0.4103589993414022, -0.0073364806067477695, 0.11684168800316377, -0.2795515766407587, -0.64738492049068, -0.012455204752784818, 0.18393735925613156, 0.0975785788537756, 0.4842625934921616, 0.3063947918689748, 0.5818246762320066, -0.031281921063968654]], "inverted": false, "swapped": false, "error_lsq": 0.04496855966220933, "error_max": 0.3170892666748381, "target": "840.xyz", "model": "6.xyz", "model_rescale": 3.89814844738969, "target_rescale": 3.9620119638095597},
{"mapping": [11, 7, 9, 0, 8, 3, 6, 4, 10, 2, 5, 1, 12], "R": [[0.5533903184474224, -0.7249720501252626, -0.41009106547916213], [0.7963596663252013, 0.3162515109319348, 0.5155543266074706], [-0.244070558034095, -0.6118827570461863, 0.752349024276953]], "T": [-0.10062776988185168, -0.0680574180067971, -0.06691542285035336], "aligned_model": [[0.26320945361465814, -0.5881682447296046, 0.7818524398746969, -0.563202398417155, 0.18596385736086968, -0.4685915495587885, 0.07655576701381589, -0.32463918847677764, 0.37757696294681464, -0.17786077308776477, 0.3803863673845317, -0.2045507570756813, -0.03994300297161877], [-0.5486242229596962, -0.19138345472471946, 0.07041481177524553, 0.22900730000650232, 0.15179088704046317, 0.5255523326562316, 0.5844787320979689, -0.6667732538871816, -0.48959960003902037, -0.375910317765376, 0.2717346859104426, 0.32993443881916307, -0.1971219308273476], [-0.6073026821364352, -0.4892537393676133, -0.06691406591269826, 0.15396385144991648, -0.638945784174776, -0.47263953777766565, -0.08027274621135162, 0.01587358964173588, 0.29712590079285917, 0.5661797515484065, 0.4387952947444004, 0.6717313849453456, 0.02291350434393137]], "inverted": true, "swapped": false, "error_lsq": 0.05581906386686043, "error_max": 0.3231596558046172, "target": "840.xyz", "model": "7.xyz", "model_rescale": 3.7474275329858107, "target_rescale": 3.9620119638095597},
{"mapping": [12, 1, 11, 3, 4, 2, 8, 0, 10, 7, 9, 5, 14], "R": [[-0.25179977191948033, -0.4347309080091127, -0.8646420718903691], [-0.5932531309110618, 0.7752164865930112, -0.21700258426712446], [0.7646225196301248, 0.45831041504198905, -0.45310480679255594]], "T": [0.011895651919506641, -0.08621373892308502, -0.07146857986168788], "aligned_model": [[0.3455742971373887, -0.4633690733889841, 0.5964291661259526, -0.607439171936843, 0.13544209040948496, -0.4964216290750318, -0.06645708356629484, -0.5087707063637784, 0.14778699987764848, 0.2364445623258532, 0.4970540217254823, -0.1262139371627704, 0.008529397769888033], [-0.4791967590484637, -0.3192469706651728, -0.21611806183766602, 0.1478413345222268, 0.5410008732340077, 0.3618744227015224, 0.5883019472279357, -0.4825519447081744, -0.747823187695237, -0.19268198438097148, 0.30309082464941123, 0.25286063395546293, -0.06385071985220507], [-0.4103867505431233, -0.6049671963839203, 0.09564034643321019, 0.20380789123227694, -0.5226492018730899, -0.5708882802180568, -0.007439259744773427, 0.006221880389488635, 0.2735963974017122, 0.5626606904519124, 0.3683083557286578, 0.5441415037808982, -0.12679165476913704]], "inverted": true, "swapped": false, "error_lsq": 0.047210389925233485, "error_max": 0.29404226268967965, "target": "840.xyz", "model": "8.xyz", "model_rescale": 4.019505241142653, "target_rescale": 3.9620119638095597},
{"mapping": [2, 6, 0, 11, 1, 10, 9, 5, 3, 4, 7, 8, 12], "R": [[0.6067152564321675, 0.6711377547544929, 0.42599379309509644], [0.6421729588330226, -0.0979586091747772, -0.760274951469654], [-0.4685194644367411, 0.7348321066962452, -0.49041950044045757]], "T": [-0.05082856705925315, -0.011060728894542942, -0.08564999242751788], "aligned_model": [[0.17326319343195457, -0.5563443320780044, 0.5752608339307332, -0.6120858538650933, 0.30510579568996377, -0.3698553202433682, -0.2039489852387541, -0.3906491660964791, 0.2125576817498923, 0.29872803620203914, 0.5149730797096432, -0.1705061894940414, -0.07790983982048956], [-0.4491068932329979, -0.26999262316193456, -0.09917842828044603, 0.12733182525770248, 0.3703974736373072, 0.42038133949158235, 0.6423271544146402, -0.521074427144163, -0.8073676084346667, -0.3311952445011451, 0.3293924452616856, 0.3100750963272916, -0.028489701532179727], [-0.41408659666793557, -0.5389378958790708, 0.06565569515237972, 0.1447567847201049, -0.5147253602896634, -0.8274447285892761, 0.04465147691079398, 0.18808839949017409, 0.10138969661490076, 0.5947313302709192, 0.533659399392314, 0.4963173432826142, -0.06280082252219997]], "inverted": true, "swapped": false, "error_lsq": 0.04698828836559199, "error_max": 0.30703531906871195, "target": "840.xyz", "model": "9.xyz", "model_rescale": 3.877068213659057, "target_rescale": 3.9620119638095597},
{"mapping": [13, 2, 3, 8, 4, 7, 1, 9, 6, 12, 5, 0, 15], "R": [[0.7043785878438746, -0.674206513154751, 0.2220278870024701], [-0.266435558193038, -0.5410463530116099, -0.797672199103868], [0.6579231705278613, 0.5027070931591764, -0.5607340547621642]], "T": [-0.045507682618856696, -0.1880822071490207, 0.0008239837841263475], "aligned_model": [[0.23789927968204033, -0.33905365922228786, 0.5763534164423715, -0.7398470017879946, 0.20797559169297608, -0.3653864172496408, -0.050982533752495854, -0.6399881148234087, 0.3621467536103134, 0.27989876441759876, 0.40396249233406345, -0.17694698090192063, -0.05744265656361881], [-0.6685741808048777, -0.2411202969323895, -0.082896110565854, 0.13538885730653197, 0.20353622473772995, 0.4274959073195078, 0.6752604479456841, -0.4458871374860558, -0.6150045554245829, -0.1905153339212087, 0.38124018000900584, 0.25553305679734395, -0.140956650878159], [-0.5343829415590986, -0.591943321827084, -0.06978763911312122, 0.0934647746045178, -0.4895553726285242, -0.42932453653785246, 0.08751940524642077, -0.12477433435532437, 0.179316964851744, 0.6733564661481761, 0.29210395829491775, 0.6486628866715982, 0.07659841208968549]], "inverted": false, "swapped": false, "error_lsq": 0.04719602088337916, "error_max": 0.29056089717840866, "target": "840.xyz", "model": "10.xyz", "model_rescale": 4.260839863003843, "target_rescale": 3.9620119638095597},
{"mapping": [8, 2, 4, 0, 5, 1, 7, 9, 10, 6, 3, 12], "R": [[-0.17116135997475349, 0.2833585665317676, -0.9436162947006874], [0.976067722627583, 0.17917229085149725, -0.12324403042594007], [0.13414764141123173, -0.942128023659252, -0.3072445236936132]], "T": [0.047925130818749245, -9.16460603473477e-05, 0.021779787448078777], "aligned_model": [[0.38617077135804745, 0.22592199315769237, -0.4885215195615975, -0.3373834903468911, -0.6298473351868085, -0.38282053613546796, 0.21268465265963246, 0.7382086671411429, 0.3938521197554421, -0.21082729898191346, 0.002896797137455054, 0.04856382809739656], [-0.12054400302713016, -0.6113855091048643, -0.39703448338490305, -0.2667737164199773, 0.26997520375347756, 0.4260282415745629, 0.5890132741818723, 0.07801305050629322, -0.465717966958865, 0.01394139227932557, 0.6040977738478085, 0.0534652482853338], [-0.6595239411766324, -0.14586261874092904, 0.09151781260206994, -0.7240127258679661, 0.286265270957676, -0.392888765795207, -0.4125635223961164, -0.09343007168917604, 0.4544327947323594, 0.7067536002309949, 0.41077153320918114, -0.005281288670749885]], "inverted": true, "swapped": true, "error_lsq": 0.040664455661007924, "error_max": 0.21045916262073466, "target": "840.xyz", "model": "11.xyz", "model_rescale": 3.890672605050136, "target_rescale": 3.9620119638095597},
{"mapping": [1, 0, 11, 7, 6, 8, 5, 4, 2, 10, 9, 12, 13], "R": [[-0.6608997883297575, 0.6345844362423191, -0.4006420635239144], [-0.7504675695563324, -0.5610752670386593, 0.34927492289271034], [-0.0031459227411497204, 0.5315045982835103, 0.8470495647679606]], "T": [0.01652754843016462, -0.00722559273767244, -0.11913902891318712], "aligned_model": [[0.2287248243225375, -0.259638136327827, 0.4901203100289251, -0.6998843559562312, 0.36856038821790704, -0.3776754158496153, -0.16899278386587613, -0.3697571002090538, 0.1786910038110742, 0.1519076741387855, 0.48009479320799986, -0.2060591809090257, -0.11750308673160388], [-0.5003807394590594, -0.3168608017031909, -0.21731106913614073, 0.313839540315637, 0.19228002419626167, 0.3778909684101249, 0.6964712886264406, -0.5440509186321549, -0.6415084028417894, -0.35511120862528384, 0.5338646315133573, 0.16897031729394285, -0.01459322185546913], [-0.6822274835597923, -0.5393212413856394, 0.06616114017184235, 0.213479872935941, -0.5294178761187742, -0.5833375889291166, 0.15538799580067947, 0.11250678591863689, 0.15826404282906398, 0.6933807088557962, 0.19414549801155312, 0.5697312752481158, -0.017498407892251017]], "inverted": false, "swapped": false, "error_lsq": 0.040686644226866034, "error_max": 0.2522384608152515, "target": "840.xyz", "model": "12.xyz", "model_rescale": 4.124412569039231, "target_rescale": 3.9620119638095597},
{"mapping": [5, 0, 10, 6, 7, 3, 9, 1, 4, 2, 11, 8, 12], "R": [[0.8536362696602948, -0.3032970347397298, -0.42345723259680434], [-0.3837486274442812, 0.18350344399612056, -0.9050212577482327], [0.3521961244180395, 0.9350601022178467, 0.04025537461337342]], "T": [-0.08310399775152093, -0.005598708763186154, -0.14833368038400863], "aligned_model": [[0.3161262601845368, -0.3429135856902829, 0.6177564441753821, -0.6307909002534423, 0.35808654490166303, -0.601659129455298, -0.07561311744633832, -0.6004422902989682, 0.1684229643749388, 0.17130108283646817, 0.46373547230784345, -0.15940961648590968, 0.0139888047274032], [-0.35571265099151506, -0.4041451165816148, -0.02246416566116962, 0.2823678624810936, 0.2732383162547849, 0.2388266980312585, 0.6329279773989868, -0.3818559072673292, -0.7410035648489232, -0.353596442180543, 0.2989564103665032, 0.26345763374320375, -0.03749664264205962], [-0.6885015317763881, -0.4806394615918336, 0.08214380138624963, 0.1060815814572254, -0.4957217818908977, -0.5727275677845881, -0.11885776188433286, 0.3553089613240169, -0.029211303315391596, 0.597703279931177, 0.6254657992834236, 0.5124857034154444, -0.08227499666804962]], "inverted": false, "swapped": false, "error_lsq": 0.04759457792774291, "error_max": 0.33575425308018114, "target": "840.xyz", "model": "13.xyz", "model_rescale": 3.9028299243045295, "target_rescale": 3.9620119638095597},
{"mapping": [2, 12, 3, 14, 6, 11, 9, 5, 0, 4, 7, 10, 15], "R": [[0.7649305333228235, 0.5324928789605126, 0.3623984175556044], [0.6406761029432713, -0.5709570207777739, -0.5133636250670588], [-0.0664485538434357, 0.6248675173834162, -0.7778979209454171]], "T": [-0.05195162307066371, -0.13982286344560127, -0.09373895132426707], "aligned_model": [[0.25929938370531036, -0.6466669043128715, 0.5616796220427147, -0.6871214809908059, 0.3878507772123432, -0.4476720764747745, -0.010566369144306934, -0.332059596211297, 0.4378903417131711, 0.18057486008070112, 0.29322365183637894, -0.2688999257707082, -0.02894334980785887], [-0.5418700008296555, -0.30881347995392294, -0.15864415099020537, 0.45392634427612866, 0.2782349649959047, 0.3336841465035256, 0.6338853760452178, -0.47521240411777343, -0.787423798745778, -0.3404694076632969, 0.49157053231803316, 0.14628678059382103, -0.031654494329322366], [-0.6263088337416025, -0.4131073823722107, 0.014851561124654883, 0.07079609874858916, -0.3698001094637547, -0.5000062557244718, -0.07119394378089788, 0.17301039365320103, 0.07324693843824404, 0.5104428696613226, 0.4565558471393241, 0.5592750665897279, -0.06650752838607102]], "inverted": true, "swapped": false, "error_lsq": 0.0458253111316636, "error_max": 0.22623281328772685, "target": "840.xyz", "model": "14.xyz", "model_rescale": 3.942246331269136, "target_rescale": 3.9620119638095597},
{"mapping": [12, 0, 4, 7, 5, 2, 9, 8, 13, 11, 10, 6, 14], "R": [[0.744444592372992, -0.6334717759038024, 0.21098757788053052], [0.5934755318136593, 0.4830122242999794, -0.6438058591806081], [0.305923261660673, 0.6044937553937754, 0.7355258375236225]], "T": [0.09803258992208054, -0.023555742429777943, -0.058266032156552655], "aligned_model": [[0.2730055259606752, -0.5119042229986476, 0.6491793799242408, -0.696788951215253, 0.15408855772242125, -0.3874665751696096, -0.12094763458525902, -0.505060000460315, 0.42749197017042634, 0.13361617523383099, 0.46703243946819106, -0.22623763372600225, 0.04257990355329669], [-0.6825431091573296, -0.16368995487600824, -0.09633075026609537, 0.2796404291770564, 0.36499355918168486, 0.3425729396051646, 0.7245700865803402, -0.4366446688851623, -0.7477781120449823, -0.3189527807635007, 0.3829623733692535, 0.09229475346487993, -0.04759435728262473], [-0.5090391239780031, -0.44434500026338597, 0.12775813570166789, 0.0272343034923353, -0.5569309766637096, -0.5196641980893121, 0.14302408527349006, 0.1956587451960752, 0.1087319397491879, 0.5941030526846718, 0.39734635639902116, 0.38243440350763547, -0.13505700112361874]], "inverted": false, "swapped": false, "error_lsq": 0.04395645772439159, "error_max": 0.28817709928066504, "target": "840.xyz", "model": "15.xyz", "model_rescale": 4.355366556412066, "target_rescale": 3.9620119638095597},
{"mapping": [9, 2, 8, 3, 7, 11, 1, 6, 0, 10, 4, 12], "R": [[0.8752066371787238, -0.01585178583356736, -0.4834894653704429], [-0.3573209105116226, 0.6525442835273222, -0.6682123352250833], [0.3260906456024997, 0.7575847668226312, 0.5654469134488617]], "T": [-0.02918254936159916, 0.061203863526324113, -0.02067840859655205], "aligned_model": [[-0.2763960829149605, 0.5210566983811986, 0.16979418035905128, -0.6752724725577626, -0.49360547091206336, -0.43355423244572, -0.17084726833988595, -0.1562431295618747, 0.5395914468444596, 0.16903092404550868, 0.474818904692927, -0.07056494295909732], [-0.5849199552510165, -0.26289676884624696, -0.5649443109027188, 0.3689295109196142, -0.19382676698556034, -0.13032881539830157, 0.31282626175450323, 0.6034375379742365, 0.017964178360815534, -0.11374640454737309, 0.5040093018875362, 0.05627265877549209], [0.11075406616745027, 0.1395170866284302, -0.42247484831382953, 0.058439992007191285, -0.5518235350323325, 0.4686791867456252, -0.695724535460046, 0.4549024168632638, -0.691808056265843, 0.6529429982495036, -0.01029115541778201, -0.06385515496221002]], "inverted": false, "swapped": true, "error_lsq": 0.035711057429672774, "error_max": 0.18449999577399953, "target": "840.xyz", "model": "16.xyz", "model_rescale": 3.795458400668931, "target_rescale": 3.9620119638095597},
{"mapping": [11, 7, 9, 0, 8, 3, 6, 4, 10, 2, 5, 1, 12], "R": [[0.5533903184474224, -0.7249720501252626, -0.41009106547916213], [0.7963596663252013, 0.3162515109319348, 0.5155543266074706], [-0.244070558034095, -0.6118827570461863, 0.752349024276953]], "T": [-0.10062776988185168, -0.0680574180067971, -0.06691542285035336], "aligned_model": [[0.26320945361465814, -0.5881682447296046, 0.7818524398746969, -0.563202398417155, 0.18596385736086968, -0.4685915495587885, 0.07655576701381589, -0.32463918847677764, 0.37757696294681464, -0.17786077308776477, 0.3803863673845317, -0.2045507570756813, -0.03994300297161877], [-0.5486242229596962, -0.19138345472471946, 0.07041481177524553, 0.22900730000650232, 0.15179088704046317, 0.5255523326562316, 0.5844787320979689, -0.6667732538871816, -0.48959960003902037, -0.375910317765376, 0.2717346859104426, 0.32993443881916307, -0.1971219308273476], [-0.6073026821364352, -0.4892537393676133, -0.06691406591269826, 0.15396385144991648, -0.638945784174776, -0.47263953777766565, -0.08027274621135162, 0.01587358964173588, 0.29712590079285917, 0.5661797515484065, 0.4387952947444004, 0.6717313849453456, 0.02291350434393137]], "inverted": true, "swapped": false, "error_lsq": 0.05581906386686043, "error_max": 0.3231596558046172, "target": "840.xyz", "model": "17.xyz", "model_rescale": 3.7474275329858107, "target_rescale": 3.9620119638095597},
{"mapping": [9, 2, 5, 1, 12, 7, 11, 0, 4, 8, 10, 3, 13], "R": [[-0.5326629607436005, -0.3373398474752546, 0.776190696644345], [-0.6760859023233733, 0.7212918787375118, -0.15048547553468752], [-0.5090952984770649, -0.604929626463015, -0.6122761828585738]], "T": [-0.04566478417216206, -0.014683182965138325, -0.04123388256243084], "aligned_model": [[0.22534945312799415, -0.5791579300087998, 0.6689662129946634, -0.6948152564585407, 0.4628642715464812, -0.2517046119525017, -0.14761302172143898, -0.5169453903937133, 0.30371629190105526, 0.14979708744454628, 0.4211587278975811, -0.22858541489176565, -0.11444148560756474], [-0.30512331166922985, -0.3332376770833134, -0.11963020357179806, 0.18258584037258047, 0.3103524740207959, 0.4086246535824588, 0.6974321725324133, -0.6278999579919049, -0.7568403511500235, -0.27891342171276434, 0.3417432331103882, 0.26769751942535613, -0.09329056176228274], [-0.5796760620720236, -0.384367706940215, -0.002393215415381636, 0.09369948459125264, -0.48280714317852275, -0.6292622381048639, 0.023842527381929254, 0.2765744996525266, 0.08667789724818233, 0.5981654362471577, 0.321361468987865, 0.5481644234105569, -0.058724649922408605]], "inverted": false, "swapped": false, "error_lsq": 0.040254377738041774, "error_max": 0.2544368292419516, "target": "840.xyz", "model": "18.xyz", "model_rescale": 3.922800546911778, "target_rescale": 3.9620119638095597},
{"mapping": [5, 12, 1, 11, 8, 13, 4, 3, 0, 2, 6, 10, 14], "R": [[0.5611841413136234, 0.4390863177368053, 0.7016235209244519], [-0.24833530810735124, 0.8979553400511289, -0.3633259996489223], [-0.7895580626434755, 0.029654895885755955, 0.6129589324454671]], "T": [-0.04761061961396071, -0.026129613689712436, -0.03347818735433026], "aligned_model": [[0.2964111728915979, -0.4018698963616486, 0.6479811435444383, -0.6087449302483663, 0.2539851149937238, -0.47129150767218486, -0.11368107767215677, -0.3171136750510103, 0.20318991566427716, 0.02774391513376709, 0.42222300407830493, -0.10238189845761356, -0.13786234696513272], [-0.4896066041822743, -0.37376264537128956, -0.16110045570838583, 0.3501443413465197, 0.2499601290875631, 0.3640540970497525, 0.6870888038643315, -0.6059440707771584, -0.8182732917543596, -0.28835826127750197, 0.44952146495543305, 0.3878408711176966, -0.05806397024765102], [-0.5328495979806648, -0.6436139793618095, 0.18080665757597722, 0.19188775718709086, -0.4886760792884295, -0.40773067403673224, 0.0705473985649554, -0.015242451899181123, 0.05624427629463679, 0.6288561642121716, 0.13616906238764395, 0.6566154236764165, -0.021759235446020153]], "inverted": true, "swapped": false, "error_lsq": 0.04034753047297835, "error_max": 0.27378536452715546, "target": "840.xyz", "model": "19.xyz", "model_rescale": 3.9282355846067225, "target_rescale": 3.9620119638095597},
{"mapping": [12, 9, 2, 4, 7, 8, 6, 11, 10, 1, 5, 3, 13], "R": [[-0.8475744649123638, 0.44980987569113295, 0.28158231861970284], [-0.031269965722612064, -0.5720207262022061, 0.8196428966561031], [0.5297543918385452, 0.6859033201011848, 0.49889570032417063]], "T": [-0.05896784340056831, 0.03926050338642509, -0.047193039652409376], "aligned_model": [[0.19464663776953156, -0.34287136851631367, 0.6895101362111427, -0.6429699369135844, 0.4250842183604599, -0.6540139393142954, -0.015611119732173898, -0.5410787410901664, 0.21929410372589686, 0.2148399354827359, 0.3778979979041454, -0.2078974279388941, -0.01824156207048798], [-0.4174817797098366, -0.28300965844686643, -0.1997637943844224, 0.1229589868169982, 0.15519507525406795, 0.2844260557720163, 0.6909150669333972, -0.4858889037427573, -0.7740923953083385, -0.1348365877064272, 0.44727427021775046, 0.34275873544712465, -0.05495466304003056], [-0.7179094678397624, -0.5893789454601702, 0.20052516612060645, 0.17931074306136466, -0.42182693151269846, -0.4526996053076219, -0.06481627369760731, 0.024572926144426153, 0.009918254831949545, 0.6282477789265475, 0.31386534208914413, 0.6251639125142416, 0.07628182201563535]], "inverted": true, "swapped": false, "error_lsq": 0.04781187107943475, "error_max": 0.2721524066832802, "target": "840.xyz", "model": "20.xyz", "model_rescale": 4.067790424073018, "target_rescale": 3.9620119638095597},
{"mapping": [4, 8, 6, 9, 5, 1, 10, 0, 2, 3, 11, 12, 14], "R": [[0.6630739413439373, 0.5770387487073196, -0.4768220116572931], [-0.27728522765797825, -0.40233389684765397, -0.8724908813105411], [-0.6953027044627974, 0.7107416675119534, -0.10677280191625502]], "T": [-0.004221874132212894, -0.021283360576278006, -0.06033571246954329], "aligned_model": [[0.3312455887425778, -0.26287988601052037, 0.7122379286369872, -0.6198860921538909, 0.15839565344339882, -0.4863693220898748, -0.16668037328060695, -0.4097050438546087, 0.21395605445410024, 0.241940497062712, 0.3036299112228742, -0.29032404450517135, -0.026971937789980926], [-0.5420235691636744, -0.2422210552975696, -0.1995495376581612, 0.42291359184954885, 0.08211950084351918, 0.44516685083121005, 0.7715531368563894, -0.5695846055844284, -0.7180093380733849, -0.3289503744533673, 0.32666815875026817, 0.19684642591278953, 0.04857122328953659], [-0.5690239384478774, -0.5179932969882053, -0.010702821964343849, 0.10608705512027226, -0.6183048055502257, -0.532843003402331, 0.06735275978547221, 0.13817668844120568, 0.08351572234227418, 0.693647120379101, 0.38931890213057574, 0.6161100068988359, -0.03408566685869864]], "inverted": true, "swapped": false, "error_lsq": 0.041595783167367374, "error_max": 0.2573709864341939, "target": "840.xyz", "model": "21.xyz", "model_rescale": 4.186013935880536, "target_rescale": 3.9620119638095597},
{"mapping": [8, 9, 5, 7, 11, 10, 4, 1, 2, 0, 3, 6, 12], "R": [[0.9907693898494383, -0.0936627134232082, 0.09799649101663799], [-0.13243072576424797, -0.5143824345917901, 0.8472737537873917], [-0.028950285161403605, -0.8524306465030601, -0.5220381919854605]], "T": [-0.03189092984681261, -0.04871922973867167, -0.04179988989174939], "aligned_model": [[0.2740175879244767, -0.3412065134222783, 0.6519662974657948, -0.6946399894518578, 0.3350847555430825, -0.6199757238291788, -0.15756686103258652, -0.5348435285038962, 0.3098076099778523, -0.06525273279087626, 0.5923549662606535, -0.042831856162117654, -0.008325078101072324], [-0.44998614888884964, -0.25428520724154186, -0.23152013128315835, 0.17544295077104632, 0.2372623298655449, 0.36732811351124073, 0.6659018315695938, -0.5195048580840417, -0.7052451924960749, -0.36661231337882566, 0.5191691060713682, 0.2652773397044128, -0.00972741201803861], [-0.6189246329536922, -0.5393109539787612, 0.27038899389768295, 0.17919499851658077, -0.46901104682800726, -0.46294157139486664, -0.07554078234738366, 0.20421395439325774, 0.0019604914154138647, 0.605980488388148, 0.3325776654991662, 0.4176990758595698, -0.035031958581052944]], "inverted": false, "swapped": false, "error_lsq": 0.04210537459357201, "error_max": 0.264902200192586, "target": "840.xyz", "model": "22.xyz", "model_rescale": 4.166573947596378, "target_rescale": 3.9620119638095597},
{"mapping": [13, 10, 6, 8, 12, 9, 3, 7, 5, 0, 2, 4, 15], "R": [[0.4186388845444035, 0.6834034648737235, -0.5980812558056027], [0.7113612201915327, -0.6561588157435323, -0.2518349120548197], [-0.5645411400022421, -0.3200239252315901, -0.7608403173625424]], "T": [0.0014824722723836073, 0.10067703751916433, -0.10262204084511538], "aligned_model": [[0.06702189647016318, -0.3875021586938965, 0.7478080949899321, -0.7373597326886878, 0.4367582014808849, -0.3955548039051413, -0.10750997094033118, -0.30967212647812714, 0.267999947389228, -0.16919135453562154, 0.4353536316483157, -0.18803231482957342, 0.0384696239708515], [-0.6366970107280271, -0.41860344799929095, -0.02122791678111871, 0.18169049417664024, 0.2601705988582133, 0.41573575223411907, 0.6527108373234011, -0.5269017620779229, -0.6736589909999682, -0.31422194030930295, 0.41601402872509996, 0.2979609554639608, 0.060528810216872495], [-0.5134714484668328, -0.4767610087912819, -0.01750518611484979, 0.21616967208019777, -0.5657399509745027, -0.42441168314235656, 0.10905219757865524, 0.04131306127699859, 0.040325962274566904, 0.5796426041993266, 0.30373696081236456, 0.579299299600133, -0.060395758446363856]], "inverted": false, "swapped": false, "error_lsq": 0.04295859811445715, "error_max": 0.2693619692324175, "target": "840.xyz", "model": "23.xyz", "model_rescale": 4.274766983524099, "target_rescale": 3.9620119638095597},
{"mapping": [2, 8, 0, 4, 1, 5, 6, 3, 11, 7, 12], "R": [[-0.19013844232625066, 0.08811216395446139, -0.977795284971762], [0.22276117329422446, 0.9738596041559993, 0.04444019650835535], [0.9561510510491152, -0.2093650351810991, -0.20479611720266963]], "T": [0.06276734227465618, 0.028063047754782314, -0.006382895915568405], "aligned_model": [[0.23519713002752357, 0.26950082980456036, -0.444876577728448, -0.43009485079089077, -0.46001976803178357, -0.5641254709103208, -0.060098808111843205, 0.06349774984259195, 0.6034842095572903, 0.1118699722954411, 0.055560288003953774], [-0.02220743310349227, 0.6618134571863197, 0.5216898895758143, -0.2932690224244666, 0.482084212818433, -0.2387131887244714, -0.6345481274471488, -0.09786073165236127, -0.21613023082925237, 0.6794535514467555, 0.07327415439735355], [-0.6397926317114565, -0.3920191726838587, -0.5302328025031371, -0.32892680964031895, 0.2378064082285513, 0.3652352285857999, 0.2803037097671408, 0.7025103629873103, 0.28970322909849056, 0.3625666417209474, 0.032412270172108626]], "inverted": true, "swapped": true, "error_lsq": 0.042627221045137303, "error_max": 0.19110032924168316, "target": "840.xyz", "model": "24.xyz", "model_rescale": 3.7841303162186577, "target_rescale": 3.9620119638095597},
{"mapping": [2, 12, 8, 11, 4, 3, 6, 14, 9, 10, 0, 7, 15], "R": [[0.3934979945931882, 0.45096728178008333, 0.8011166201090962], [-0.8607751103594624, 0.4867495680112274, 0.14879874806778104], [-0.32283980181631056, -0.7481332560478557, 0.5797163906242766]], "T": [0.016053000342481128, -0.022387473374396505, 0.009497441060778058], "aligned_model": [[0.3858089056312668, -0.32945284809566344, 0.5941802654496817, -0.6206076357673377, 0.2476056267131842, -0.45544142876791494, -0.13671178856873822, -0.4156000725519111, 0.06858906822318421, -0.12776979895406967, 0.5169040536121948, -0.02019682181062694, -0.008718591235253283], [-0.3714117059343857, -0.4995577435518297, -0.1408399177253229, 0.31331981366344935, 0.3628598045579382, 0.33652066316361734, 0.6693732165156245, -0.6770380460286468, -0.6041776226037525, -0.32524374819961815, 0.2463153323841455, 0.3447235814398564, 0.038656780421600576], [-0.5475085584735204, -0.4681071531193543, -0.025080982931969628, 0.2766891718845748, -0.5860462256211127, -0.5362862527940523, -0.13247621647758961, 0.12952749852494827, -0.02051742787849075, 0.7115289107818245, 0.47669865463764655, 0.5449607768059007, -0.012127473452749879]], "inverted": true, "swapped": false, "error_lsq": 0.04365588108613783, "error_max": 0.25532564317349554, "target": "840.xyz", "model": "25.xyz", "model_rescale": 4.19342608120988, "target_rescale": 3.9620119638095597},
{"mapping": [9, 2, 8, 3, 7, 11, 1, 6, 0, 10, 4, 12], "R": [[0.8752066371787238, -0.01585178583356736, -0.4834894653704429], [-0.3573209105116226, 0.6525442835273222, -0.6682123352250833], [0.3260906456024997, 0.7575847668226312, 0.5654469134488617]], "T": [-0.02918254936159916, 0.061203863526324113, -0.02067840859655205], "aligned_model": [[-0.2763960829149605, 0.5210566983811986, 0.16979418035905128, -0.6752724725577626, -0.49360547091206336, -0.43355423244572, -0.17084726833988595, -0.1562431295618747, 0.5395914468444596, 0.16903092404550868, 0.474818904692927, -0.07056494295909732], [-0.5849199552510165, -0.26289676884624696, -0.5649443109027188, 0.3689295109196142, -0.19382676698556034, -0.13032881539830157, 0.31282626175450323, 0.6034375379742365, 0.017964178360815534, -0.11374640454737309, 0.5040093018875362, 0.05627265877549209], [0.11075406616745027, 0.1395170866284302, -0.42247484831382953, 0.058439992007191285, -0.5518235350323325, 0.4686791867456252, -0.695724535460046, 0.4549024168632638, -0.691808056265843, 0.6529429982495036, -0.01029115541778201, -0.06385515496221002]], "inverted": false, "swapped": true, "error_lsq": 0.035711057429672774, "error_max": 0.18449999577399953, "target": "840.xyz", "model": "26.xyz", "model_rescale": 3.795458400668931, "target_rescale": 3.9620119638095597},
{"mapping": [4, 3, 11, 0, 9, 2, 1, 7, 10, 5, 8, 6, 12], "R": [[-0.05987387401397831, -0.8140080434086656, -0.5777594867040736], [-0.8193020953784307, 0.37071420353614637, -0.4373957656460268], [0.5702273193377108, 0.44717097911487624, -0.6891145911373318]], "T": [0.06924727880670944, 0.05714951537312177, -0.06423811399217871], "aligned_model": [[0.3727928369304161, -0.43090134941933755, 0.7542110297643142, -0.7557010664680334, 0.09615871750888247, -0.4333323204444858, -0.03749671048077463, -0.4154739477919993, 0.20516649831168082, 0.06074014266399422, 0.48624592424579405, -0.16979531328895536, -0.034025507653499626], [-0.5443881665169267, -0.31500061814651104, -0.1292936759253299, 0.15425736671793863, 0.20254275973401403, 0.5370239948748254, 0.61932242661755, -0.531843996265385, -0.6331184565763609, -0.2538082329755986, 0.30834863613856045, 0.3188781320546955, -0.03941976162879614], [-0.559087276915892, -0.45975320428935085, -0.1516348417677184, -0.100341921666312, -0.4673644826119967, -0.6045798061080837, 0.08715709453565756, 0.21565485548329705, 0.04864466228099651, 0.621395443571027, 0.4777608173119444, 0.6811099456752506, 0.02229343638723602]], "inverted": true, "swapped": false, "error_lsq": 0.043942081284668685, "error_max": 0.29714891857561554, "target": "840.xyz", "model": "27.xyz", "model_rescale": 3.6321398670334006, "target_rescale": 3.9620119638095597},
{"mapping": [7, 4, 8, 13, 12, 6, 9, 1, 3, 0, 10, 11, 14], "R": [[-0.09118889064314478, 0.8933245711128097, 0.44006340096557367], [0.3697457895582105, 0.4406879037283458, -0.8179744633003477], [-0.924647304288099, 0.08812140576290697, -0.3704888399386964]], "T": [0.003198432096701679, -0.059115642517861486, 0.05810992443039291], "aligned_model": [[0.32199175632256105, -0.45281126517766573, 0.50336216387057, -0.698279215673108, 0.33261616176346215, -0.41748118776168475, -0.03490056356606222, -0.5010270439963275, 0.21958783953132843, 0.23265917995358132, 0.47241649832316834, -0.21910318179994298, -0.060442207911884066], [-0.43423327193378636, -0.4185054273938921, -0.04658643909016734, 0.3541791744461601, 0.26411473199749064, 0.2879778859906959, 0.6079757173860754, -0.49830922879465844, -0.7103103776775038, -0.2600045932444334, 0.35676497568943644, 0.252458185539029, -0.062020924811770226], [-0.5406763183426518, -0.5329580842433396, -0.07115289417599673, 0.11805853462329631, -0.6278316293712499, -0.4954803365425123, 0.047633985750064986, 0.0696363800169289, 0.0842082234689789, 0.6025390648047716, 0.5180548675733927, 0.5738904771343849, 0.06533245118998714]], "inverted": false, "swapped": false, "error_lsq": 0.034590788227432986, "error_max": 0.1916423764601165, "target": "840.xyz", "model": "28.xyz", "model_rescale": 4.156811204709835, "target_rescale": 3.9620119638095597},
