[{"mapping": [1, 3, 5, 8, 11, 9, 12, 6, 2, 0, 4, 13], "R": [[-0.1925747982927499, -0.8497615215311412, 0.4907344532306521], [0.9791961635778856, -0.19900154538279394, 0.03966431859506264], [0.06395170284564386, 0.48816364209180946, 0.8704059043014373]], "T": [-0.09545359929999572, 0.0967627230180501, -0.017037200494799114], "aligned_model": [[0.014726918200031469, 0.11325498633730305, -0.6832542010313541, -0.5559348478466584, -0.733145711039601, 0.25003521448201893, -0.05444479648733066, -0.1771947088867374, 0.562015644795497, 0.6116464062400705, 0.08729709541596883, -0.13802028956653745], [0.4242152162269531, -0.24964031995612057, -0.06645421905580724, -0.34894202367910304, 0.19866301256753538, 0.3844992513227491, 0.6702655144510018, -0.6611749703719378, -0.29643957952542604, 0.39576393174928215, -0.6353710730345294, 0.09023928600798381], [-0.47929171012955807, -0.3481655198775508, -0.46453238802859803, 0.43004604693372345, 0.24758884217314153, 0.5613989166304045, 0.05028764101329624, -0.07530492852538352, 0.04917750899420926, -0.0946277535481661, 0.5694664353588524, 0.14007862908556884]], "inverted": false, "swapped": false, "error_lsq": 0.0531343914464022, "error_max": 0.2500853514408089, "target": "841.xyz", "model": "0.xyz", "model_rescale": 3.8414455957264533, "target_rescale": 3.893222895218392},
{"mapping": [0, 4, 9, 6, 8, 10, 13, 2, 3, 11, 5, 14], "R": [[-0.6363510524963959, -0.005916742989730758, -0.7713769053705997], [-0.09677814476963434, 0.9926821129892777, 0.07222335665206234], [0.7653047292952511, 0.12061183484027085, -0.6322669188046977]], "T": [-0.05632930908386599, 0.015341058288605465, -0.000958886140274777], "aligned_model": [[0.21849885864093962, 0.19230707466708039, -0.6993627312224876, -0.5248465843707886, -0.5137371680799488, 0.07055146019157468, -0.2961239850573081, -0.2834968486038695, 0.610065068232481, 0.4211934243866048, 0.07605087819598735, 0.025882263632405672], [0.218068607855685, -0.34382614012146867, 0.10562165790611469, -0.4192301810341401, 0.4802767762990503, -0.012957822654486978, 0.6975422754043724, -0.677969652381695, -0.38328836802359223, 0.7208219759744784, -0.5046267438623323, 0.025191641340595598], [-0.6404026978850758, -0.32498991414484946, -0.2104036553249878, 0.4481141307454582, 0.4450402463110151, 0.6709650263199317, -0.22887776069850024, -0.11195390889670817, 0.10097244564354058, 0.02215206213023494, 0.381705138461683, 0.03380060741819764]], "inverted": false, "swapped": false, "error_lsq": 0.05129952159366366, "error_max": 0.27328057831630914, "target": "841.xyz", "model": "1.xyz", "model_rescale": 4.316132596720782, "target_rescale": 3.893222895218392},
{"mapping": [5, 0, 4, 8, 6, 10, 3, 2, 9, 7, 1, 11], "R": [[-0.2505002199769721, -0.07851433947117892, -0.9649275300709858], [0.5701004243451634, -0.8175245665596798, -0.08148060648321384], [-0.7824545647850444, -0.5705165042037015, 0.24955114200947787]], "T": [-0.005987225325160883, -0.024102981327067216, 0.06300757579812967], "aligned_model": [[0.27011424813063506, 0.012314887104748831, -0.6093685229589476, -0.35508133038899226, -0.6941373694785828, 0.03641083956577837, -0.12629212387335093, -0.5487076881650461, 0.7271168186841046, 0.5378048677111587, 0.16834027298634807, -0.12153318870518287], [0.1759578872525389, -0.436583310764307, 0.0630107670229218, -0.37329091250954116, 0.336354879072578, 0.14341908924482216, 0.5999558644634377, -0.6577884212742929, -0.13504800248869753, 0.6818946951803834, -0.513480756557943, 0.02122224806068057], [-0.4842615601265178, -0.5144342559861583, -0.4088736970353295, 0.6488720740731813, 0.3324801587768893, 0.6691218872560426, -0.10159587864631285, -0.004982601130257655, 0.04882419930595054, 0.14249694676693586, 0.22022265092560128, 0.03825179589991456]], "inverted": true, "swapped": false, "error_lsq": 0.05023996101478708, "error_max": 0.271720282411273, "target": "841.xyz", "model": "2.xyz", "model_rescale": 3.795458400668931, "target_rescale": 3.893222895218392},
{"mapping": [0, 4, 7, 9, 8, 6, 1, 4, 10, 2, 5, 11], "R": [[-0.903864857638715, 0.4246064999504377, -0.05232245527098761], [-0.42568406753568516, -0.904805188096328, 0.010983908240840036], [-0.04267779014920778, 0.03220080424163154, 0.9985698345304511]], "T": [-0.03746845414549247, 0.051775305220373054, 0.08772663664142173], "aligned_model": [[0.05246051554371014, 0.036004421578344915, -0.7085912020680154, -0.6602590181625724, -0.566141783944803, 0.013678985215880839, -0.1274117809562001, 0.036004421578344915, 0.6087975116894895, 0.5985677282940733, 0.08914532107769596, -0.07527340923327798], [0.18038259434147585, -0.4654166326854267, -0.022950807501992444, -0.4372585910676697, 0.4087210821173243, 0.36379717393060373, 0.6560818809162833, -0.4654166326854267, -0.27890515238811225, 0.46613443967236806, -0.5272854134390331, 0.02774008549218663], [-0.678811614048849, -0.28384969363502294, -0.2690822224334311, 0.4448434305056932, 0.5390105381332396, 0.5850420189837078, -0.06390648141844317, -0.28384969363502294, -0.021824592285430974, 0.19491709208814162, 0.46519484931449984, -0.04156191148914219]], "inverted": false, "swapped": false, "error_lsq": 0.053095598099344825, "error_max": 0.45983054848291477, "target": "841.xyz", "model": "3.xyz", "model_rescale": 3.7530521520055578, "target_rescale": 3.893222895218392},
{"mapping": [1, 2, 3, 4, 10, 6, 8, 0, 9, 5, 11], "R": [[0.32248586262495593, 0.13487378834373223, -0.9369161806825883], [0.23863905513938816, -0.9694097493543447, -0.05741201284510811], [-0.9159990555503965, -0.20507022961550736, -0.3448070926709962]], "T": [-0.12274235748128759, -0.11247137393888187, 0.00730416182080224], "aligned_model": [[-0.5144420428991767, -0.26780294245194103, 0.4992963567111053, 0.4409219362776142, 0.3166302884315589, -0.22425779160528986, -0.21091351331595343, -0.7934807019317233, -0.2883283950912922, 0.4150106654702401, -0.034434257149937225], [-0.5537069257621693, 0.06802878425979395, -0.3183184264190678, 0.362823147808489, -0.5882690560776795, 0.5884745466138123, -0.47671538999688756, 0.07932851477511499, 0.2692948049810826, 0.14213043326558075, -0.105867075133723], [-0.14980301316609795, -0.7346579030103431, -0.3942515302699984, -0.361935739746788, 0.16827029297645563, -0.023225484003155716, 0.6192853068781833, -0.09666502579174671, 0.7069146735411869, 0.39829551837662686, -0.039396318539006055]], "inverted": true, "swapped": true, "error_lsq": 0.045361837954802635, "error_max": 0.2774207705423924, "target": "841.xyz", "model": "4.xyz", "model_rescale": 3.7855080009869324, "target_rescale": 3.893222895218392},
{"mapping": [6, 12, 8, 9, 10, 5, 7, 14, 1, 4, 2, 16], "R": [[-0.7725910301688664, -0.6341922714877108, -0.0300543322645412], [-0.6244527567887894, 0.7675750726457139, -0.14452426229463378], [0.11472512646099314, -0.09289063805456753, -0.98904472837194]], "T": [-0.08177975540079163, -0.049988053112592586, -0.02006141652585728], "aligned_model": [[0.08549570825148534, 0.1858331560355984, -0.6307030715434286, -0.49106866021728346, -0.6341301807506983, 0.040719311564371224, -0.1230684089419338, -0.283983405741342, 0.6577489846441389, 0.46909738911923227, 0.11991348968075413, -0.09887260148822326], [0.3743064842439358, -0.5600152255940326, 0.2278702539995805, -0.38807086852599915, 0.2790663534780742, 0.43491678335736156, 0.6959220722307154, -0.6955931536835342, -0.21184634078930706, 0.4432199238359328, -0.5955435837640075, -0.09860867208613873], [-0.487041215763777, -0.3824436401148174, -0.36180375825036165, 0.4543820696400965, 0.32286201398498704, 0.616306812395115, 0.0372343413886558, -0.022327787768625755, -0.018307464619636487, -0.0032969605205036764, 0.43543247524747936, -0.00487516553867234]], "inverted": false, "swapped": false, "error_lsq": 0.04334878648002153, "error_max": 0.20481585131522229, "target": "841.xyz", "model": "5.xyz", "model_rescale": 4.2253639853439635, "target_rescale": 3.893222895218392},
{"mapping": [1, 4, 0, 7, 12, 11, 9, 3, 5, 8, 6, 13], "R": [[0.9570514370113282, -0.2274334991825154, -0.1797958574721576], [-0.1874335934517806, -0.9585114690874366, 0.21476594626149845], [-0.2211813621449698, -0.17184227383691406, -0.959973456905062]], "T": [0.0654351102033511, -0.009329193783101998, -0.017497726690466446], "aligned_model": [[0.13583610009885766, 0.05573872514341009, -0.6579432180876221, -0.6129378801923792, -0.5169728138925344, 0.18132522178875318, -0.16705723680724432, -0.26752769161619305, 0.6142957750599579, 0.4908356911370363, -0.0005165050979238361, 0.04190554307855314], [0.2325412778113784, -0.42185502104400135, 0.07905340395340058, -0.29138694966596695, 0.2500843422631655, 0.16910321423556424, 0.5446746802161593, -0.6354246170645896, -0.11225616108222503, 0.5945862893964525, -0.4379219097606898, -0.06557452255606704], [-0.7068801731965136, -0.5925105388659917, -0.3521243244123211, 0.28190956158887415, 0.6643009178779461, 0.7310242480160692, -0.12530980236243616, -0.029735628830774317, 0.2806620902306836, -0.003884846173127225, 0.45755662427710075, -0.018886408069570322]], "inverted": true, "swapped": false, "error_lsq": 0.04617635101693887, "error_max": 0.2698781187727487, "target": "841.xyz", "model": "6.xyz", "model_rescale": 3.89814844738969, "target_rescale": 3.893222895218392},
{"mapping": [4, 2, 11, 9, 8, 6, 7, 10, 1, 0, 5, 12], "R": [[0.21646606036691635, -0.10654335650038908, -0.9704591479783461], [0.06054197563918405, -0.9906493526675576, 0.12226417809421353], [-0.974411162648977, -0.0852195590517818, -0.2079916172832187]], "T": [-0.054968419036969855, 0.13465907464684013, 0.017174302730697408], "aligned_model": [[-0.07877287081555936, 0.3340692448019547, -0.8331147661535477, -0.5299737803676895, -0.5565713756968467, 0.06599787944291335, -0.11261656601925008, -0.23065188221978267, 0.6809687680289596, 0.48623521748872883, 0.14468624138772446, -0.0732743992649339], [0.11427137415955353, -0.3059967310837632, 0.15159376656019968, -0.45647406497242715, 0.3689269141631434, 0.15132591531906403, 0.7403921725475995, -0.5347752224304972, -0.21678895802998227, 0.36826038727528304, -0.4797332364767045, 0.0046217096711126116], [-0.6266529086611754, -0.3778193700181593, -0.2054056781793916, 0.48927322984826055, 0.40601852032068175, 0.6823548963155229, -0.229885983035782, -0.22756373214085795, 0.2400584633498828, 0.07666747896072106, 0.447565646309768, -0.08848884298953126]], "inverted": false, "swapped": false, "error_lsq": 0.05199444156276381, "error_max": 0.2750260233076513, "target": "841.xyz", "model": "7.xyz", "model_rescale": 3.7474275329858107, "target_rescale": 3.893222895218392},
{"mapping": [3, 0, 7, 11, 9, 4, 8, 10, 1, 2, 12, 14], "R": [[-0.4140202126669223, -0.13398828391553325, 0.9003523772815883], [-0.46793101702633516, 0.879739656740709, -0.08425378129460948], [-0.7807866717663262, -0.45618557203303867, -0.42692727373752215]], "T": [-0.06461232204927282, -0.0525387885807505, 0.0674482940131588], "aligned_model": [[0.0879869329819326, 0.21630578367363962, -0.6956029628712713, -0.5490447142870651, -0.7299747507890073, 0.18024464851173794, -0.1028452128328727, -0.38403447935812135, 0.659933775384055, 0.61698142033451, 0.01728922069544199, -0.0202579508303082], [0.31811820342317915, -0.33376295615192847, -0.1467143775068459, -0.27770132339512205, 0.27186636898209376, 0.49939531360955586, 0.6274298991578107, -0.6967296065449196, -0.23386087931305002, 0.4413766531733934, -0.5291444001786231, -0.03464886855296262], [-0.5270779027411411, -0.4581097171311015, -0.171003800902118, 0.3854216354375678, 0.24743321631663098, 0.565082352988819, 0.10474635849314586, -0.17390421821548716, -0.015960771180352967, 0.07563380498835318, 0.4505694851378591, 0.1032912768877639]], "inverted": true, "swapped": false, "error_lsq": 0.048234021515298424, "error_max": 0.2835586267089196, "target": "841.xyz", "model": "8.xyz", "model_rescale": 4.019505241142653, "target_rescale": 3.893222895218392},
{"mapping": [11, 5, 8, 0, 7, 1, 9, 3, 6, 10, 2, 12], "R": [[-0.009812757645318526, -0.9573599987340718, 0.2887309173110702], [0.53517693579605, -0.24893770039280816, -0.8072271481529165], [0.8446829921215087, 0.14660100322657504, 0.5147997558989486]], "T": [-0.03931060759733661, -0.019822755760430973, 0.057376698924540934], "aligned_model": [[0.043687185042801904, -0.0234806855922665, -0.5079678531289304, -0.4838437551614161, -0.9021076232950742, 0.08392668847408967, -0.1546377967163488, -0.2297806980188471, 0.6415027880860177, 0.6948440659952665, 0.1768229456123167, -0.04198355068493807], [0.21187259316914803, -0.4675962714814183, 0.29575863086747095, -0.2286583763938672, 0.18564560860872478, 0.3046068246617047, 0.6452520791157607, -0.8577403433798515, -0.16275708372340444, 0.4912052213356513, -0.47921107440028393, -0.03275378167705435], [-0.5141809584419356, -0.4423962608583362, -0.31263101182058906, 0.4833157113928866, 0.23889267899857652, 0.636913857676831, -0.050859916390039187, 0.06609843926915791, -0.15268218833036834, 0.25243330631073674, 0.3610555129548861, 0.02016254931813289]], "inverted": true, "swapped": false, "error_lsq": 0.05716197657795311, "error_max": 0.35100206996660754, "target": "841.xyz", "model": "9.xyz", "model_rescale": 3.877068213659057, "target_rescale": 3.893222895218392},
{"mapping": [11, 12, 10, 13, 2, 4, 8, 6, 5, 1, 3, 15], "R": [[-0.29467461540155937, 0.5250748142140411, 0.7984129949568917], [0.8505919780085092, -0.23664885487762222, 0.469564272951725], [0.43549989435763936, 0.8174923601864427, -0.3768900145284888]], "T": [-0.14883471659310626, 0.029314686937195883, 0.06416077868738246], "aligned_model": [[-0.13035290369467212, 0.22812583647464557, -0.6141552745813812, -0.6468118634947535, -0.5301626949669376, 0.09332513470771914, -0.10817987907973758, -0.2844321698189448, 0.613513619386751, 0.6091214079220968, 0.15209760618419782, -0.0851071084263126], [0.20105083720402384, -0.3719238277214264, -0.12008315980898313, -0.34767053549694316, 0.3626662176442027, 0.08283899284352308, 0.7651107294683479, -0.5561236339972901, -0.14084053768714735, 0.4271521423487724, -0.4450252587357083, 0.048472060641209166], [-0.6533490773753903, -0.4409170484827748, -0.4500063548022678, 0.5197257018252918, 0.49290439418984944, 0.693910280346716, -0.16447496609097575, -0.07433065853862134, 0.09361678663672293, 0.20605680606295917, 0.35946180437999287, 0.0035240519284369526]], "inverted": true, "swapped": false, "error_lsq": 0.042677284521130544, "error_max": 0.21262805766476137, "target": "841.xyz", "model": "10.xyz", "model_rescale": 4.260839863003843, "target_rescale": 3.893222895218392},
{"mapping": [3, 5, 2, 9, 8, 7, 1, 4, 6, 0, 10, 11], "R": [[-0.37085656776890374, -0.5997773573233764, 0.7090363374220362], [-0.529797937337213, 0.7636914136111275, 0.36890319918628034], [-0.7627447487435776, -0.23883581477413487, -0.6009807832578944]], "T": [-0.0945526230071429, -0.009908787407901985, 0.07224182431375004], "aligned_model": [[0.004579076065580556, 0.2751643442414779, -0.6454709506472858, -0.6760900633465263, -0.605938049292766, 0.21762461767209113, -0.21953285750390825, -0.3704058842361781, 0.7211515465559479, 0.6350104788487603, 0.0359155247068369, -0.0750260724513595], [0.19115115793938148, -0.41061102925581977, 0.14562924517490528, -0.4877284416223061, 0.18390287283506707, 0.3346200522716204, 0.6833367417353581, -0.62079782639092, -0.18657991646426703, 0.46982984147798984, -0.44501486977414645, 0.04788619877571832], [-0.6012423076661128, -0.3269548437014437, -0.3054538770543048, 0.33536887478016725, 0.5375754607460186, 0.5342492683157131, -0.0922307279535097, -0.22241461787092665, 0.15390794072420055, -0.015066811113140177, 0.5046704907573414, 0.08371287011593649]], "inverted": true, "swapped": false, "error_lsq": 0.0418846948336661, "error_max": 0.22235826218176719, "target": "841.xyz", "model": "11.xyz", "model_rescale": 3.890672605050136, "target_rescale": 3.893222895218392},
{"mapping": [7, 5, 12, 11, 2, 0, 4, 9, 8, 3, 6, 13], "R": [[-0.0856988490342444, 0.9518643249785708, 0.2942957935603155], [-0.989164775046214, -0.04594705591796511, -0.1394342707523656], [-0.11920048272544206, -0.3030563889535435, 0.945488270700626]], "T": [-0.09652497359887857, -0.08946702659401094, 0.1875696608071107], "aligned_model": [[0.15885594584472895, 0.05500287371422613, -0.43147721374197234, -0.5706595233669891, -0.626871296238016, 0.25718089050011433, -0.2588587877129048, -0.38625287973549527, 0.6094493920900037, 0.49831176268170985, 0.09556819032675543, -0.10326764374949027], [0.21340534890443874, -0.431207020381717, 0.031273184008238336, -0.2347481083705436, 0.295176934625566, 0.2626241253092671, 0.591873851840075, -0.7504901332928798, -0.16300946290766286, 0.5992541609970267, -0.529733078159134, 0.021204224129905885], [-0.5674224453903415, -0.4945045799978729, -0.4669232307600327, 0.4260062349506002, 0.46387734225506594, 0.5031936811234091, 0.16567482134658507, -0.10385204194899653, 0.06354244246627384, 0.029786458480996453, 0.5058845428875017, 0.06085849466675025]], "inverted": true, "swapped": false, "error_lsq": 0.043121782851746095, "error_max": 0.2677964981045002, "target": "841.xyz", "model": "12.xyz", "model_rescale": 4.124412569039231, "target_rescale": 3.893222895218392},
{"mapping": [0, 3, 1, 8, 2, 10, 4, 6, 7, 5, 9, 12], "R": [[0.04046079199547137, 0.8937743166669543, 0.4466882527866821], [-0.7316033426080188, 0.330982910764695, -0.5959923337313191], [-0.6805288189311848, -0.30268429699647387, 0.6672801083172475]], "T": [0.014510826421537872, -0.05427695824451616, 0.011876520195809183], "aligned_model": [[0.09040153918203767, 0.22464274880673135, -0.7390992063498397, -0.5227208993474044, -0.6137344225997586, 0.10850260192570838, -0.16991045568952953, -0.365803772893928, 0.5751638761414339, 0.5637554986414808, 0.1554369780700004, -0.009652775274261303], [0.18327165660313416, -0.5028083265200295, 0.018683371893363568, -0.34572859371838366, 0.3517181682230945, 0.2853443901604461, 0.7090615372039855, -0.5738189882615198, -0.08175307139997513, 0.45781081178855065, -0.6140191325662082, 0.017862203296122633], [-0.5121260071785265, -0.5013656864021339, -0.2874777976972652, 0.3878208483953109, 0.4395111516461152, 0.6602842300070667, -0.027864992362910755, -0.16991924261896946, 0.29114502103629514, -0.08733177024799008, 0.2865941753757617, 0.10685179012718585]], "inverted": true, "swapped": false, "error_lsq": 0.04179576031714488, "error_max": 0.24864864387528543, "target": "841.xyz", "model": "13.xyz", "model_rescale": 3.9028299243045295, "target_rescale": 3.893222895218392},
{"mapping": [5, 12, 10, 9, 7, 3, 4, 11, 2, 0, 1, 15], "R": [[0.26876231671812256, -0.24629594883209632, -0.9311847951406882], [-0.038644797077326654, -0.9687339276158244, 0.24507377898272034], [-0.9624309828611921, -0.029881149156557173, -0.2698772316330589]], "T": [0.0006543232196664292, -0.041635016938689116, -0.010277885581200623], "aligned_model": [[0.04481437158692388, 0.1543596543063217, -0.6435378420284527, -0.6128062330480061, -0.7119891803975443, 0.11693254508606818, -0.11337791655232343, -0.2533981923778671, 0.6947816930751816, 0.549373743705038, 0.1657161966287063, -0.09388712937137553], [0.17711658635717994, -0.49854003979752665, 0.262243964695157, -0.31629599425240607, 0.2984174447531406, 0.33227542836730384, 0.6246622683754398, -0.7352545226177352, -0.1602264890970996, 0.5751912493817315, -0.6009002273804279, -0.053065642082175984], [-0.47103754075821475, -0.5121272257648787, -0.2294276535552762, 0.37582177759981567, 0.43371706471292587, 0.4748610628127755, -0.05934773129437199, -0.024630202399303257, 0.2048337754336088, 0.06488037413878411, 0.2763852583335025, 0.0521927608205714]], "inverted": false, "swapped": false, "error_lsq": 0.04341541730438215, "error_max": 0.26921204219061395, "target": "841.xyz", "model": "14.xyz", "model_rescale": 3.942246331269136, "target_rescale": 3.893222895218392},
{"mapping": [8, 0, 6, 5, 10, 4, 11, 2, 12, 13, 1, 14], "R": [[0.5228522558472745, 0.7750389769152303, -0.3548804063591136], [-0.3499351191270085, -0.18446704717227294, -0.9184319903559048], [-0.7772843308320212, 0.6043893552750046, 0.17476434497139728]], "T": [-0.1586068101983097, 0.01423858589643496, 0.1034554676119934], "aligned_model": [[0.018785258528565496, 0.0034939890506031357, -0.48359002986588223, -0.32027495366753084, -0.6320500240508715, -0.06316987274422652, -0.12229075212202153, -0.4091371586319289, 0.639663801824261, 0.49952410268630487, 0.2842614230900165, -0.11823407348461859], [0.15942969652341993, -0.49549159538779847, 0.2647274971575626, -0.527132487251823, 0.426384832905968, 0.38796841800762993, 0.6965227559901198, -0.6699464892164251, -0.13567217521464758, 0.4880136147689799, -0.6231286556539888, -0.06605138592641611], [-0.6356605730984579, -0.4011393758407156, -0.276584795528814, 0.3925235058566823, 0.4425535513224096, 0.5449096333892892, -0.11398528252910009, -0.1240818834889317, 0.19492705799367888, 0.16116829138452543, 0.33641933417309533, 0.06507225644627837]], "inverted": true, "swapped": false, "error_lsq": 0.051166105978282694, "error_max": 0.31210817292767173, "target": "841.xyz", "model": "15.xyz", "model_rescale": 4.355366556412066, "target_rescale": 3.893222895218392},
{"mapping": [5, 0, 4, 8, 6, 10, 3, 2, 9, 7, 1, 11], "R": [[-0.2505002199769721, -0.07851433947117892, -0.9649275300709858], [0.5701004243451634, -0.8175245665596798, -0.08148060648321384], [-0.7824545647850444, -0.5705165042037015, 0.24955114200947787]], "T": [-0.005987225325160883, -0.024102981327067216, 0.06300757579812967], "aligned_model": [[0.27011424813063506, 0.012314887104748831, -0.6093685229589476, -0.35508133038899226, -0.6941373694785828, 0.03641083956577837, -0.12629212387335093, -0.5487076881650461, 0.7271168186841046, 0.5378048677111587, 0.16834027298634807, -0.12153318870518287], [0.1759578872525389, -0.436583310764307, 0.0630107670229218, -0.37329091250954116, 0.336354879072578, 0.14341908924482216, 0.5999558644634377, -0.6577884212742929, -0.13504800248869753, 0.6818946951803834, -0.513480756557943, 0.02122224806068057], [-0.4842615601265178, -0.5144342559861583, -0.4088736970353295, 0.6488720740731813, 0.3324801587768893, 0.6691218872560426, -0.10159587864631285, -0.004982601130257655, 0.04882419930595054, 0.14249694676693586, 0.22022265092560128, 0.03825179589991456]], "inverted": true, "swapped": false, "error_lsq": 0.05023996101478708, "error_max": 0.271720282411273, "target": "841.xyz", "model": "16.xyz", "model_rescale": 3.795458400668931, "target_rescale": 3.893222895218392},
{"mapping": [4, 2, 11, 9, 8, 6, 7, 10, 1, 0, 5, 12], "R": [[0.21646606036691635, -0.10654335650038908, -0.9704591479783461], [0.06054197563918405, -0.9906493526675576, 0.12226417809421353], [-0.974411162648977, -0.0852195590517818, -0.2079916172832187]], "T": [-0.054968419036969855, 0.13465907464684013, 0.017174302730697408], "aligned_model": [[-0.07877287081555936, 0.3340692448019547, -0.8331147661535477, -0.5299737803676895, -0.5565713756968467, 0.06599787944291335, -0.11261656601925008, -0.23065188221978267, 0.6809687680289596, 0.48623521748872883, 0.14468624138772446, -0.0732743992649339], [0.11427137415955353, -0.3059967310837632, 0.15159376656019968, -0.45647406497242715, 0.3689269141631434, 0.15132591531906403, 0.7403921725475995, -0.5347752224304972, -0.21678895802998227, 0.36826038727528304, -0.4797332364767045, 0.0046217096711126116], [-0.6266529086611754, -0.3778193700181593, -0.2054056781793916, 0.48927322984826055, 0.40601852032068175, 0.6823548963155229, -0.229885983035782, -0.22756373214085795, 0.2400584633498828, 0.07666747896072106, 0.447565646309768, -0.08848884298953126]], "inverted": false, "swapped": false, "error_lsq": 0.05199444156276381, "error_max": 0.2750260233076513, "target": "841.xyz", "model": "17.xyz", "model_rescale": 3.7474275329858107, "target_rescale": 3.893222895218392},
{"mapping": [1, 3, 0, 4, 6, 9, 2, 8, 12, 7, 5, 13], "R": [[0.5793536896289061, -0.7686602255574946, -0.2711286778621449], [-0.788538632836211, -0.6127625439945227, 0.05223877106288033], [-0.20629136394471925, 0.1835307122071457, -0.9611245241063019]], "T": [0.07161034909101419, -0.055134177450583195, -0.030704197099977924], "aligned_model": [[0.03624276267754381, 0.081677853219383, -0.7127593221819947, -0.5525126246268683, -0.4268289861364556, 0.06000509025044126, -0.24004901309927426, -0.331698581141153, 0.646349549891663, 0.5989249141984846, 0.14917151143331236, -0.0115414438724111], [0.2617350346851296, -0.3928249782558865, 0.07518917797419974, -0.321136403214473, 0.30552184365628265, 0.18673012541763548, 0.5813500203580122, -0.6367995490269238, -0.09471087439746617, 0.48232055622888464, -0.5520019862750574, 0.010251059552243778], [-0.6445946213952711, -0.6193065668890678, -0.28939790131167065, 0.4477716660183298, 0.43457450969595296, 0.5930675101947573, -0.07056685768320708, -0.15664765077122803, 0.4461033735564722, -0.008320258497740575, 0.48922520514649154, -0.03578668798387902]], "inverted": true, "swapped": false, "error_lsq": 0.045079809528504565, "error_max": 0.360793543852206, "target": "841.xyz", "model": "18.xyz", "model_rescale": 3.922800546911778, "target_rescale": 3.893222895218392},
{"mapping": [3, 2, 7, 4, 13, 8, 12, 10, 1, 5, 6, 14], "R": [[0.6166713996888081, -0.04534769239567493, 0.7859134631753256], [0.6569859245992368, -0.5203499908907144, -0.545532200569792], [0.43368868982754505, 0.8527481889599184, -0.29109216159362117]], "T": [-0.03820776521069528, -0.008187440691542184, 0.03456750313370728], "aligned_model": [[0.003131248023952586, 0.149322868940612, -0.6188924176102416, -0.43878638487757565, -0.594636779433603, 0.09706833733166939, -0.17846635487477092, -0.2892251150621174, 0.6355333284421084, 0.4891391996286644, 0.14497057932300136, -0.10217679921902831], [0.2919355659338351, -0.4883991550833873, 0.2824546769965993, -0.39076496143325534, 0.25099477023226413, 0.19469747495898, 0.7579156194829232, -0.7731996183670783, -0.30468356175152145, 0.5424131408137017, -0.4750662269764434, 0.017326301895963424], [-0.5287854150836697, -0.4627834126224014, -0.43077485787808156, 0.5004412512469337, 0.3428288865273398, 0.5957526250890626, -0.07510324858833296, -0.013881494224430871, 0.11296401361571869, 0.070315209444988, 0.5081048986202131, -0.03295673606740007]], "inverted": true, "swapped": false, "error_lsq": 0.03642316440265976, "error_max": 0.2516438977678087, "target": "841.xyz", "model": "19.xyz", "model_rescale": 3.9282355846067225, "target_rescale": 3.893222895218392},
{"mapping": [11, 4, 1, 5, 2, 7, 10, 3, 8, 12, 6, 13], "R": [[-0.017680495022807108, 0.8643703803598604, 0.5025447697989688], [0.514942526902736, -0.4229647633054596, 0.7456104901280436], [0.8570423525606966, 0.2719644362016964, -0.4376228414499406]], "T": [0.046054227430741536, -0.0397998475099418, 0.05976812274061779], "aligned_model": [[0.20602765099248357, 0.1824141411210021, -0.6809940529036685, -0.4599229303935411, -0.5883350392682528, 0.10413600672811898, -0.22000125245109073, -0.4087524482764842, 0.7289123022236862, 0.4298455357352155, 0.0905348624418553, -0.08688306533665374], [0.17336312722461727, -0.43357168401440793, -0.019527027955492764, -0.3272854756241186, 0.38433373153779454, 0.19776520114033844, 0.7366694812619246, -0.5943474301615063, -0.34916845360442417, 0.6860555745820329, -0.5609001166934733, 0.012237099009296058], [-0.6053132416669287, -0.41532929848380506, -0.12048338808994949, 0.44581123126147965, 0.37021485856038333, 0.6327315866308237, -0.20204137306287737, -0.16822954270577523, -0.06914073801540516, 0.28029586058143124, 0.4513291481541836, -0.01372338308362133]], "inverted": false, "swapped": false, "error_lsq": 0.04722289882633157, "error_max": 0.2868146344325266, "target": "841.xyz", "model": "20.xyz", "model_rescale": 4.067790424073018, "target_rescale": 3.893222895218392},
{"mapping": [13, 11, 6, 2, 4, 8, 5, 3, 9, 1, 0, 14], "R": [[-0.7477851820001773, -0.6484674241283787, -0.14250375933731585], [0.6631300500230503, -0.7188626348557843, -0.20855466660956493], [0.0328002795321799, -0.25045261438544675, 0.9675730616393297]], "T": [-0.004222662638293108, -0.033404974656787, 0.0355435445740376], "aligned_model": [[0.13771273630766231, -0.011562488573804423, -0.6808317174996701, -0.5814044501782532, -0.6196510860638387, 0.03833187251568125, -0.11481456037524493, -0.32799206288143545, 0.7651708102350401, 0.6238199592467071, 0.010834025527164302, 0.05736867235266271], [0.3489504529901814, -0.3222105627821619, -0.042678598573890385, -0.34307356826750174, 0.34181095434512904, 0.30561004176072215, 0.5464448923848153, -0.8072764711268489, -0.14038995493371312, 0.4894180151751147, -0.4298868185419999, -0.04109435572726592], [-0.533475061933829, -0.5428764699499593, -0.26390776945615674, 0.3886561014199683, 0.3861620794512675, 0.49208031955094866, 0.03243151876088295, -0.10602375061875496, 0.010288894231024658, 0.1098650601524016, 0.624639014877306, -0.011718216405160707]], "inverted": true, "swapped": false, "error_lsq": 0.04286130762930177, "error_max": 0.221885244636678, "target": "841.xyz", "model": "21.xyz", "model_rescale": 4.186013935880536, "target_rescale": 3.893222895218392},
{"mapping": [1, 9, 7, 4, 6, 5, 0, 10, 8, 2, 11, 12], "R": [[-0.5823092863415916, -0.7552456874467948, 0.3008651635423495], [-0.20921889667937588, 0.49683589005954454, 0.8422479157712441], [-0.785584717463757, 0.42750210518985576, -0.44732382201893794]], "T": [-0.05358227536617304, -0.00891798650288218, 0.09568262054466471], "aligned_model": [[-0.07802732555998651, 0.19761813312263526, -0.6423259082769583, -0.6113978037345149, -0.5164363194549471, 0.24691667689726687, -0.16665461198402193, -0.4216156372080642, 0.6720011764115726, 0.5603096977463851, 0.13044426493163253, -0.07385063227832811], [0.34449142338053934, -0.3884839130919171, -0.04190067873141591, -0.40649815996439503, 0.23053973126389773, 0.4646054058482118, 0.6950295652331767, -0.6727268080015539, -0.2562823739711898, 0.4060317109733374, -0.45116090119971364, -0.018020975036396627], [-0.544338835704436, -0.32654814856861913, -0.34091423766805934, 0.3373186914238415, 0.29133277845358885, 0.6286129656177735, -0.02033863657212344, -0.25102867968906833, 0.0984475838964559, 0.07013664674534749, 0.5074124052072883, 0.13602918693795013]], "inverted": true, "swapped": false, "error_lsq": 0.042805800569578556, "error_max": 0.24470769925858826, "target": "841.xyz", "model": "22.xyz", "model_rescale": 4.166573947596378, "target_rescale": 3.893222895218392},
{"mapping": [14, 12, 9, 3, 8, 0, 10, 11, 6, 5, 2, 15], "R": [[0.11820345025357067, -0.9011294757325474, 0.41712541556962923], [0.7917040743344426, -0.16802639389077262, -0.5873429914779833], [0.5993601613640959, 0.3996658590898742, 0.6935665779487632]], "T": [-0.07214395001855017, 0.008654404912661654, 0.0798998231182222], "aligned_model": [[-0.054765134927575454, 0.14767556674630858, -0.6065417732620089, -0.4556400375108053, -0.6906012641636821, 0.09054427804386328, -0.12914021091758668, -0.34537985730062754, 0.6143993973223691, 0.600591202188389, 0.1408693676959092, -0.015029823301882315], [0.21513055916520543, -0.3446654771631206, -0.007368478846349299, -0.39423114148305194, 0.3445745169598972, 0.4097207301418315, 0.6761565824346755, -0.6595048891375821, -0.31961783598783433, 0.48562991466017785, -0.518558768522249, 0.018358314480981075], [-0.6836729224216898, -0.42628768779886483, -0.19325105092539535, 0.30802399851316836, 0.4783309578501209, 0.7723116269279899, -0.2549635853798959, -0.23790298393738507, 0.08168868950690213, 0.18470325477744232, 0.4397342786975361, 0.11740714427001024]], "inverted": true, "swapped": false, "error_lsq": 0.039558281428611834, "error_max": 0.20659955162002286, "target": "841.xyz", "model": "23.xyz", "model_rescale": 4.274766983524099, "target_rescale": 3.893222895218392},
{"mapping": [0, 8, 9, 6, 5, 4, 2, 3, 7, 10, 11], "R": [[0.12488570150052089, -0.8425150028603187, -0.5239962132649435], [0.8051836280948929, -0.22252525146030264, 0.5496924935911661], [-0.5797265619312849, -0.4905619047763558, 0.6505890645972507]], "T": [0.025747975412736185, 0.09583970264810428, -0.054292824890467196], "aligned_model": [[0.16255303076203786, 0.23557481256786147, -0.4070204443595433, -0.5390319551831041, -0.5154680831212941, -0.5380149412455991, 0.10546231270645656, 0.04244246323506806, 0.6182588365378134, 0.2208919324635263, -0.005753260405147884], [-0.2593873214633245, 0.7471782005412096, 0.5215983317060403, -0.22381117579982107, 0.4981289154336182, -0.24763251359527882, -0.6674834947672356, -0.0031404712642936344, -0.06940734685786128, 0.5421528532173028, 0.07739055409312745], [-0.6480813850458808, -0.2703938138582609, -0.5965659147250091, -0.3396164518171767, 0.1740122387589164, 0.4398312828407512, 0.06864580527807235, 0.7075971698384629, 0.40336034396205145, 0.40184888482251463, 0.038928273967135614]], "inverted": false, "swapped": true, "error_lsq": 0.039941280707684115, "error_max": 0.19635692069498467, "target": "841.xyz", "model": "24.xyz", "model_rescale": 3.7841303162186577, "target_rescale": 3.893222895218392},
{"mapping": [3, 12, 11, 10, 7, 1, 6, 14, 2, 4, 9, 15], "R": [[0.636505299216655, 0.7646846184825372, -0.10059044847963011], [-0.7387940994920142, 0.6419430076293945, 0.20516445479544285], [0.22145943787723438, -0.056272632886189076, 0.9735446102583877]], "T": [-0.07251580814667483, -0.01783173501514642, 0.15155583100456704], "aligned_model": [[0.07258382678924749, 0.23983812247885486, -0.6875658267164187, -0.6756274743833891, -0.6087507201466628, 0.2584047683887448, -0.16435490081906243, -0.2702246158834832, 0.6499426672715152, 0.4710332402826265, 0.09053082452159272, -0.078828201170894], [0.32362088654827065, -0.48265975963690017, 0.17412219256188724, -0.4239863247691838, 0.2698701300190145, 0.431766725261536, 0.6518664296516621, -0.7438499058935831, -0.23077340184905387, 0.47021251249395496, -0.5751061901332881, 0.04054073244826469], [-0.5635372334297647, -0.3598557801044846, -0.2659303765613771, 0.4282323073232133, 0.3806525706332443, 0.6428695702237199, -0.10358413360711416, -0.09965683827821531, 0.1903195479270165, -0.00033751079562960307, 0.22227842834403905, 0.11467116840529173]], "inverted": true, "swapped": false, "error_lsq": 0.04355408005746735, "error_max": 0.23629859435694633, "target": "841.xyz", "model": "25.xyz", "model_rescale": 4.19342608120988, "target_rescale": 3.893222895218392},
{"mapping": [5, 0, 4, 8, 6, 10, 3, 2, 9, 7, 1, 11], "R": [[-0.2505002199769721, -0.07851433947117892, -0.9649275300709858], [0.5701004243451634, -0.8175245665596798, -0.08148060648321384], [-0.7824545647850444, -0.5705165042037015, 0.24955114200947787]], "T": [-0.005987225325160883, -0.024102981327067216, 0.06300757579812967], "aligned_model": [[0.27011424813063506, 0.012314887104748831, -0.6093685229589476, -0.35508133038899226, -0.6941373694785828, 0.03641083956577837, -0.12629212387335093, -0.5487076881650461, 0.7271168186841046, 0.5378048677111587, 0.16834027298634807, -0.12153318870518287], [0.1759578872525389, -0.436583310764307, 0.0630107670229218, -0.37329091250954116, 0.336354879072578, 0.14341908924482216, 0.5999558644634377, -0.6577884212742929, -0.13504800248869753, 0.6818946951803834, -0.513480756557943, 0.02122224806068057], [-0.4842615601265178, -0.5144342559861583, -0.4088736970353295, 0.6488720740731813, 0.3324801587768893, 0.6691218872560426, -0.10159587864631285, -0.004982601130257655, 0.04882419930595054, 0.14249694676693586, 0.22022265092560128, 0.03825179589991456]], "inverted": true, "swapped": false, "error_lsq": 0.05023996101478708, "error_max": 0.271720282411273, "target": "841.xyz", "model": "26.xyz", "model_rescale": 3.795458400668931, "target_rescale": 3.893222895218392},
{"mapping": [1, 6, 11, 10, 4, 3, 9, 5, 0, 2, 7, 12], "R": [[-0.31637542556806786, 0.8931567736738405, 0.31965226064766106], [-0.8540090381144633, -0.4148636540704579, 0.313937432221958], [0.41300744898298514, -0.17366383092585427, 0.8940166222798787]], "T": [-0.13016798990646042, 0.07213197315558516, -0.08714838439672948], "aligned_model": [[0.21819334189183107, 0.20019102395486868, -0.8255670863155192, -0.562623592744446, -0.6715200982044128, 0.1492096924509829, -0.08817476593822285, -0.26354288075928517, 0.6501198184431148, 0.53540244011411, 0.036878169531299576, -0.08158435181165014], [0.14511530561501604, -0.5330113794256299, 0.21573505506147617, -0.28203500841291784, 0.329165653021842, 0.16786729162211583, 0.4954318212352262, -0.6660980150979964, -0.027240914226518184, 0.6442104207742718, -0.5178552896018667, -0.06566091386243812], [-0.5600870550952313, -0.5408568860398034, -0.17301364695341673, 0.35470490488594864, 0.4957193234859065, 0.5895047159778661, -0.028598423919249688, -0.151086564018519, 0.1822011236541938, -0.019493625867644554, 0.4459732799825, -0.00884542601261068]], "inverted": true, "swapped": false, "error_lsq": 0.04919269265554327, "error_max": 0.30960705184156284, "target": "841.xyz", "model": "27.xyz", "model_rescale": 3.6321398670334006, "target_rescale": 3.893222895218392},
{"mapping": [4, 1, 13, 11, 9, 8, 6, 2, 3, 7, 0, 14], "R": [[-0.08458738487477027, 0.05730012729171935, 0.9947671434724816], [0.9578377036955688, 0.2797834230377223, 0.06533122968761046], [-0.2745758687489632, 0.9583516742854097, -0.07855037043263668]], "T": [-0.024563103737284438, 0.02256715887412948, 0.188716698288464], "aligned_model": [[0.21217698545933017, 0.0817341840399495, -0.7288481248783507, -0.5375202351993312, -0.587323875461662, 0.25045565820162735, -0.3600852692846186, -0.2978589149613516, 0.6092600613468634, 0.6120862540748924, 0.09875493781697078, -0.055849950541648714], [0.30614668648503374, -0.27034065879128194, 0.010519955083987426, -0.34443189941148794, 0.30740691032695294, 0.23800756665473632, 0.5792901792706859, -0.6424141337252912, -0.23524664491749597, 0.4545633620493118, -0.5006419097242913, 0.00276461340172119], [-0.5529058701694993, -0.4030375523156146, -0.2239754457986471, 0.31001182975882313, 0.4094853351477471, 0.5694787329918692, -0.23718445471271, -0.1526818134139133, 0.13074844888019416, 0.09414260223977677, 0.5056656301109934, 0.13637427736091992]], "inverted": false, "swapped": false, "error_lsq": 0.0399684374458826, "error_max": 0.2830872243757546, "target": "841.xyz", "model": "28.xyz", "model_rescale": 4.156811204709835, "target_rescale": 3.893222895218392},
{"mapping": [10, 7, 1, 0, 4, 3, 8, 5, 6, 11], "R": [[0.2419912170936508, -0.4270491336180131, 0.8712458254279547], [-0.8724357100794609, -0.4887210405728434, 0.0027706099588826194], [0.4246129798153615, -0.7607764336370455, -0.4908391135543476]], "T": [-0.04734961149809774, 0.079967311353799, -0.041894763230844984], "aligned_model": [[-0.667611862183781, -0.17197940628131803, 0.14656980363340022, 0.612512390703096, -0.13506474096017612, -0.45472746362575706, -0.39669210558751494, -0.5378334628334983, 0.3423047387455712, -0.09455251749943377], [-0.0554204046720366, -0.5384587975653662, -0.0412509138052433, 0.2721304102902439, -0.32281740759434674, -0.5530582685804983, 0.5639534713115758, 0.31067758291544856, 0.27409642218570995, 0.008868236140716954], [-0.24753220731135567, -0.47759958641019995, -0.6080233020857487, -0.20045767647918403, 0.672269748360666, 0.11261751965996289, -0.4402488728541042, 0.419703543743727, 0.5176103769088866, 0.010447183442449832]], "inverted": true, "swapped": true, "error_lsq": 0.06606192897554898, "error_max": 0.2966158040889539, "target": "841.xyz", "model": "29.xyz", "model_rescale": 4.117894457231895, "target_rescale": 3.893222895218392},
