[{"mapping": [8, 7, 6, 4, 1, 3, 11, 5, 12, 9, 0, 13], "R": [[-0.25246721091864277, -0.9295214396775783, -0.26879397424548856], [0.3950868355812923, 0.1545524161521199, -0.9055495254329844], [0.8832704567465861, -0.3348185237427355, 0.32822226676051836]], "T": [0.07319071590017136, -0.02257580373874296, 0.0941194427091538], "aligned_model": [[-0.534371803889473, -0.46504044404056477, 0.11170017563145435, -0.15712672403998823, 0.4525355015202915, 0.4789830637867982, -0.5710816095922474, -0.015265360067654068, 0.012970836824147049, -0.11080895310520945, 0.6056321481537825, -0.06699886092491612], [-0.17250726416236484, -0.5527981024258242, -0.17192545067556145, -0.7793280932123965, 0.3282483491911798, -0.04188331599559553, 0.24377450613225954, 0.615937153997858, 0.08804176157554802, -0.553298970846293, -0.33438383591668663, -0.1049339144349537], [-0.3738201616681614, 0.07032837465186058, -0.6547183158598874, -0.44224244617453184, 0.3511487421417267, -0.23475758015021647, 0.06198653310711767, -0.3019588145436644, 0.6591478741899188, 0.5644599719701018, 0.5574706128486804, 0.1043119108868241]], "inverted": false, "swapped": false, "error_lsq": 0.05164752619211264, "error_max": 0.2943252807127806, "target": "842.xyz", "model": "0.xyz", "model_rescale": 3.8414455957264533, "target_rescale": 3.999284901599794},
{"mapping": [5, 3, 6, 4, 13, 9, 10, 8, 11, 1, 0, 14], "R": [[-0.3020194755924579, 0.21395772725204726, 0.9289813385165469], [0.6742815125006705, 0.7368124652055184, 0.04951598749469571], [-0.6738907020152931, 0.6413497345964254, -0.36679945429407323]], "T": [0.056078270277157075, -0.14000464908496654, -0.05028820065811351], "aligned_model": [[-0.47736790292271947, -0.4980888282858651, -0.18777286073469895, 0.07135505987002233, 0.5734071946494563, 0.5879986806483805, -0.5519863739741796, 0.08651523280126533, 0.0045313983136126695, -0.3368914581510831, 0.48107840040219896, -0.0116505723599689], [-0.331190579302057, -0.6628109214030167, 0.04749879494554135, -0.6836807746246505, 0.29925661786469226, 0.10360108953423883, 0.16661110136038124, 0.6429327887425628, 0.12052480922995126, -0.484928777149506, -0.5006279415307223, -0.1522433844402461], [-0.38674905331102827, 0.1312312488099871, -0.7682062030543337, -0.049934553823111474, 0.28774630054688194, -0.401324667618089, -0.11829901156874334, -0.1521948111450706, 0.759485053698242, 0.6389868022156986, 0.4132235034513371, 0.007392093197997489]], "inverted": false, "swapped": false, "error_lsq": 0.050582037309473686, "error_max": 0.2578392922947371, "target": "842.xyz", "model": "1.xyz", "model_rescale": 4.316132596720782, "target_rescale": 3.999284901599794},
{"mapping": [0, 2, 5, 4, 10, 3, 1, 9, 8, 8, 6, 11], "R": [[-0.3965435143266766, 0.9125132832113885, -0.10036308688069184], [0.5067852067102452, 0.30875504624910394, 0.804884510768699], [0.7654554170590885, 0.268309204796418, -0.5848830439638432]], "T": [0.025118024808908405, -0.01008603932090213, -0.05868671783127234], "aligned_model": [[-0.5106623192122736, -0.5341045333852401, 0.05476002712706135, 0.07315890973680618, 0.3239741670787989, 0.602883313372763, -0.4312955475626515, -0.17645447799100183, -0.13009246324771112, -0.13009246324771112, 0.5216842754494839, 0.0773690821380973], [-0.2198070557035749, -0.5573548323931348, 0.04842223743405755, -0.7428561483153703, 0.2594935178366189, -0.164767540618665, 0.1958893308118742, 0.6616222409786523, -0.12630595960939545, -0.12630595960939545, -0.53790517743674, -0.1251818301477577], [-0.47446379371979175, 0.23879000441948728, -0.7001366497563868, -0.2933562128158632, 0.42633664983218694, -0.329385652676069, 0.15073644530619923, -0.29978424482814536, 0.6825546398507271, 0.6825546398507271, 0.3298037957761069, -0.05229291983941005]], "inverted": false, "swapped": false, "error_lsq": 0.05669724326289128, "error_max": 0.4330396904949789, "target": "842.xyz", "model": "2.xyz", "model_rescale": 3.795458400668931, "target_rescale": 3.999284901599794},
{"mapping": [5, 10, 9, 4, 1, 7, 6, 8, 2, 10, 0, 11], "R": [[0.36559301837325947, -0.5509159986544129, -0.750222171988632], [-0.010990424966180301, -0.8085179028411915, 0.5883689415191324], [-0.9307099201554652, -0.2068583167578535, -0.30164330145440865]], "T": [-0.0061805613452428024, -0.06756474380856922, 0.030647057879055844], "aligned_model": [[-0.5617893789345134, -0.37046909583014875, -0.12221720372817396, 0.07293856012257816, 0.36190527013798446, 0.6004329133919872, -0.31778031500381476, 0.037743677206401656, -0.2854025354315979, -0.37046909583014875, 0.589438805562503, 0.10679636859336382], [-0.33161278888250634, -0.6100618285177807, -0.0032894404657310694, -0.687246175227154, 0.328790199588575, -0.0791847577416577, 0.42501812708744, 0.6436583160607195, 0.06879899879496226, -0.6100618285177807, -0.4355620731986082, -0.14430392575330897], [-0.30906176929343415, 0.3653133276539005, -0.8278160023698723, -0.11319251072697918, 0.3526477123280789, -0.4332358628664602, 0.11761834877821735, -0.28997009295533016, 0.731478942360245, 0.3653133276539005, 0.3799656510028059, 0.022295629834695883]], "inverted": false, "swapped": false, "error_lsq": 0.053541052171392295, "error_max": 0.39744850369909845, "target": "842.xyz", "model": "3.xyz", "model_rescale": 3.7530521520055578, "target_rescale": 3.999284901599794},
{"mapping": [10, 3, 1, 0, 8, 2, 4, 5, 7, 6, 11], "R": [[0.9501604864834094, -0.0014716971767304021, -0.3117577329161724], [0.3037301895281046, -0.22114206651861473, 0.9267384519836753], [-0.07030662767359257, -0.9752404936851716, -0.20967345464285703]], "T": [-0.05203291114252395, -0.06250627955927537, 0.09460718169714523], "aligned_model": [[-0.45828807874043004, -0.1851935416922216, 0.3700778765244186, 0.40168950922531493, 0.27063673162975843, -0.18180739325839995, -0.29956444905717583, -0.7123570647933501, -0.23634293831597009, 0.40969708686298295, -0.040348135939722085], [-0.7628091401128801, 0.03467191597609856, -0.2547070616824767, 0.3875314550035577, -0.5679774191673881, 0.6497680196724177, -0.4319505540695082, 0.012448064791010488, 0.3425685872490327, 0.11021124461982706, -0.052551753965345005], [-0.24917836636691182, -0.696047302703973, -0.470918443101611, -0.3042858262491238, 0.26704279025898436, -0.052582662361698965, 0.5234233500061097, -0.030616255629983644, 0.7718516301456102, 0.3033951457660372, 0.030746717481877156]], "inverted": true, "swapped": true, "error_lsq": 0.04692549347471124, "error_max": 0.2614882418455358, "target": "842.xyz", "model": "4.xyz", "model_rescale": 3.7855080009869324, "target_rescale": 3.999284901599794},
{"mapping": [12, 1, 13, 6, 10, 8, 14, 15, 3, 0, 7, 16], "R": [[-0.1511600362222832, 0.9866309756964458, -0.060909451200596425], [0.9717093773119638, 0.1369969599041299, -0.19238689929676073], [-0.1814704645204662, -0.08826749556493607, -0.9794270364521392]], "T": [-0.04935319432707746, -0.14997103992149796, 0.0721407844143779], "aligned_model": [[-0.6062763954637435, -0.5637328714947365, -0.04775274393453641, 0.2536953289372635, 0.49717988040277244, 0.4847637230090481, -0.5022542942515655, 0.15834908128283776, -0.1683556232269233, -0.291877070047205, 0.610653161020913, -0.08326420597770347], [-0.23565663126485117, -0.6879367055958726, -0.12025189995735322, -0.6251311050758861, 0.2526944549162354, 0.07621074176080705, 0.3234786889187248, 0.571986932747265, 0.12579463052579914, -0.5554233325985319, -0.4524973958082745, -0.10832555534089247], [-0.3093822037291696, 0.210381260620849, -0.6517251217821571, -0.25719426245543586, 0.336954627647137, -0.32644520908513364, -0.09645146475852365, -0.26690870620952545, 0.6984061613257396, 0.6928375633565101, 0.25717831241893774, 0.07370574405053931]], "inverted": false, "swapped": false, "error_lsq": 0.04845924486099209, "error_max": 0.2494231475198007, "target": "842.xyz", "model": "5.xyz", "model_rescale": 4.2253639853439635, "target_rescale": 3.999284901599794},
{"mapping": [4, 3, 1, 0, 11, 9, 2, 8, 6, 7, 12, 13], "R": [[0.5341292101323515, 0.8357858168864459, 0.12715366756349197], [-0.8086164268038093, 0.46119074411146654, 0.3652979220430246], [0.24666872762154152, -0.2979348348840203, 0.9221655886966297]], "T": [-0.045947463773795896, 0.009173814764230945, -0.038755781872958944], "aligned_model": [[-0.6242738126928907, -0.4984959613787596, -0.12017308976111929, 0.11859439603669468, 0.36272703851668914, 0.4661630035247666, -0.6574269540118874, 0.36017658468867964, -0.218493231130287, 0.02479752454417565, 0.6161491299499102, -0.08861665802955085], [-0.2318292406284979, -0.4411258394641237, -0.04613740773494336, -0.7393022165724545, 0.3443990566688355, -0.12000271104830314, 0.23741263256768036, 0.5424191226579198, -0.02471848672048295, -0.6161535914828427, -0.3146946577299328, -0.025323837285684853], [-0.36794793494439026, 0.2701771419400534, -0.7668608615631802, -0.27491728638033924, 0.5323510182798779, -0.34478310409702906, 0.11671603905636643, -0.3495251086549065, 0.5799503181378121, 0.4443094286846935, 0.5340278400758485, -0.012140789135038431]], "inverted": false, "swapped": false, "error_lsq": 0.057495379204740134, "error_max": 0.3905749955397474, "target": "842.xyz", "model": "6.xyz", "model_rescale": 3.89814844738969, "target_rescale": 3.999284901599794},
{"mapping": [7, 8, 4, 11, 5, 10, 0, 1, 6, 8, 9, 12], "R": [[-0.09496017982465565, 0.9914153293571781, 0.08987885715376606], [0.08794598670945897, 0.09828884168800933, -0.9912642468188435], [-0.9915886585017846, -0.08622614635496273, -0.09652452546065074]], "T": [-0.12143797368256591, -0.07331539512238869, -0.07378785042241685], "aligned_model": [[-0.6982474940769268, -0.2473911409756035, -0.08958316485502424, 0.030452068428923243, 0.4315726315302364, 0.5726349550427859, -0.46577524410119764, 0.06246429957526521, -0.1706204351621161, -0.2473911409756035, 0.5523843045861585, 0.010628331239523212], [-0.28612922050843903, -0.566509541361822, -0.16424616865174296, -0.8571058624818406, 0.2997208505456084, -0.12850912272103737, 0.40880391423394435, 0.7408753222357433, 0.1151027125601378, -0.566509541361822, -0.35535251971009985, -0.07519799955146073], [-0.3046032148437201, 0.3718376718255154, -0.7111359923073587, -0.20773667500416498, 0.32320060528495476, -0.30642508969529203, -0.07199809772237084, 0.06063700476550239, 0.5738660333827579, 0.3718376718255154, 0.44037601129644743, -0.17849922740801893]], "inverted": false, "swapped": false, "error_lsq": 0.056939158411852715, "error_max": 0.36064054066650086, "target": "842.xyz", "model": "7.xyz", "model_rescale": 3.7474275329858107, "target_rescale": 3.999284901599794},
{"mapping": [13, 4, 11, 8, 0, 5, 12, 10, 1, 2, 3, 14], "R": [[-0.7398540095353289, -0.6723562479394223, -0.02351851252354171], [-0.6660117276179942, 0.7369185864267606, -0.11566925111748692], [0.09510217268702473, -0.06991475406241206, -0.9930093171338324]], "T": [0.02268819413480602, -0.05128600681327791, -0.050641913777327796], "aligned_model": [[-0.8431658026875054, -0.37999216517410483, -0.13472947962772588, 0.1691212475165278, 0.31892742912633043, 0.6491650259245528, -0.4666837662141492, 0.2016744868851015, -0.21869658280072393, -0.12020814796131593, 0.5873765684233039, -0.02166084315387005], [-0.24289236828521552, -0.7203913577801699, 0.12818893126189448, -0.716557704689192, 0.32351888118484284, -0.3214253711154902, 0.3155531138427199, 0.6529416421192517, 0.09120213247226575, -0.581801188832094, -0.28316907942397096, -0.08022480752767232], [-0.19793647281764848, -0.001934590099623358, -0.6246526960627943, -0.08501115495500018, 0.4032048105815842, -0.268754194740518, -0.1318007874752209, -0.26810612962611957, 0.6466617070913587, 0.5871070751775249, 0.3255120674120912, -0.022932933085866383]], "inverted": false, "swapped": false, "error_lsq": 0.05529807169439835, "error_max": 0.29883286551258414, "target": "842.xyz", "model": "8.xyz", "model_rescale": 4.019505241142653, "target_rescale": 3.999284901599794},
{"mapping": [0, 0, 9, 7, 6, 11, 1, 10, 2, 3, 5, 12], "R": [[-0.803389089716608, -0.3799534884570955, -0.4584771718783866], [0.3803041243158734, -0.9198739710344217, 0.09592002106807963], [-0.45818636334209745, -0.0972996609585456, 0.8835145909517825]], "T": [0.03974129540544, -0.10632512439766645, 0.0034538727612743007], "aligned_model": [[-0.48717245549855936, -0.48717245549855936, 0.14026843226920782, -0.3356872450703311, 0.4014962239925951, 0.6222469923847656, -0.48185229861548384, 0.04386965073290551, -0.2191689254149163, -0.04338983259735102, 0.5129269628889654, 0.0747629206831824], [-0.4821917542300978, -0.4821917542300978, -6.930970066293396e-06, -0.7710685205773522, 0.40926939904016496, -0.08372233524148191, 0.25699199879065215, 0.785250147691217, -0.002337079907592382, -0.5741086268032187, -0.36883324332610573, -0.12210847700885141], [0.06454604703734694, 0.06454604703734694, -0.664326628549379, -0.48311947043317754, 0.36588662102047215, -0.21432066868464553, -0.22512016960805575, -0.2045274944323093, 0.5251090715032622, 0.7195045819823078, 0.4005804655837396, 0.012598298942859278]], "inverted": true, "swapped": false, "error_lsq": 0.06906410823176147, "error_max": 0.47833595011467916, "target": "842.xyz", "model": "9.xyz", "model_rescale": 3.877068213659057, "target_rescale": 3.999284901599794},
{"mapping": [0, 11, 1, 12, 2, 3, 8, 7, 9, 10, 6, 15], "R": [[-0.24747985674726425, 0.686540228766356, -0.6836784586264166], [0.9483185251086843, 0.316279880079819, -0.02567123667424165], [0.1986094042084694, -0.6546980615078485, -0.729331716585685]], "T": [0.1526476517580145, -0.10223404185115284, 0.08271533734640657], "aligned_model": [[-0.42391362456899884, -0.4788629459084274, -0.10777565800311575, 0.029542138438800797, 0.2690741582069358, 0.6580018102132705, -0.5251604837905133, -0.004050195676852608, -0.18351004726611445, -0.05698832678737134, 0.475705686708507, 0.08906545869030046], [-0.3808275872151826, -0.46988956881369004, 0.1792963672778202, -0.7855530244762021, 0.48080856037050135, -0.28275090735619723, 0.2661461419377543, 0.6326351288038351, 0.16087554224438275, -0.4977304008613569, -0.5997830447543131, -0.13828438393018197], [-0.390284416094814, 0.18605484959886553, -0.6956335167493426, -0.19317488772184455, 0.37743817416127917, -0.25609460720723043, 0.06874725286867006, -0.2361884977621374, 0.5861203949724999, 0.6330299437025056, 0.25118809742602677, 0.030153914205289678]], "inverted": true, "swapped": false, "error_lsq": 0.04881377045639584, "error_max": 0.2475670175316836, "target": "842.xyz", "model": "10.xyz", "model_rescale": 4.260839863003843, "target_rescale": 3.999284901599794},
{"mapping": [2, 4, 1, 8, 6, 7, 3, 0, 5, 4, 10, 11], "R": [[0.8382522167356803, 0.502632667292406, 0.21140866327622454], [0.1865402826807224, 0.09997724590682944, -0.9773470587453987], [-0.5123826149227887, 0.8586995703221281, -0.009955091836762955]], "T": [0.011800631239888459, -0.19606980250087336, -0.012040139546597828], "aligned_model": [[-0.5805434741633049, -0.36613230960143395, -0.20409488725251718, 0.1843808532222872, 0.46454607012993515, 0.5596088287739027, -0.5429483353400002, 0.2632738787869428, -0.1639940658591758, -0.36613230960143395, 0.4631897809911954, 0.02997394017002386], [-0.43032746624807816, -0.5327275269610805, 0.035987708350790126, -0.7382560922592418, 0.37246814005799556, -0.00206089502248763, 0.246114420114542, 0.6242434360248063, 0.12254703295872127, -0.5327275269610805, -0.437606895466081, -0.16271151136163584], [-0.26622301448360314, 0.5170450401641233, -0.6622701603034968, -0.45006240066731273, 0.40633948482511456, -0.31514466246868017, -0.03569957236552335, -0.19610987068856872, 0.5573370982153798, 0.5170450401641233, 0.35023249294295367, -0.0611327739347422]], "inverted": false, "swapped": false, "error_lsq": 0.052297987904896294, "error_max": 0.3319068220369639, "target": "842.xyz", "model": "11.xyz", "model_rescale": 3.890672605050136, "target_rescale": 3.999284901599794},
{"mapping": [3, 0, 7, 4, 9, 12, 8, 5, 6, 1, 11, 13], "R": [[0.3406905679462058, -0.8066010478519666, -0.4830369411510898], [0.8018913926816654, 0.5175104803934885, -0.29858515875032987], [0.4908157813839636, -0.2856180181413812, 0.8231173770838756]], "T": [0.05478316928214501, -0.15668165624877378, 0.1519580061953117], "aligned_model": [[-0.624132590633565, -0.43909527417157845, -0.06458063734725265, 0.054301318526445735, 0.5543114393520109, 0.506765482382205, -0.559748821955979, 0.16443981095053617, -0.10370941668295926, -0.28839229541131833, 0.47355263905790534, 0.06741631618997036], [-0.40643993115254284, -0.47960084190846525, 0.0980130206209141, -0.727795164628708, 0.41432254104828786, -0.012866721899726152, 0.20387210885042528, 0.5239251906272753, 0.07900981262303955, -0.6196479214082478, -0.3308495174380557, -0.17699975210702662], [-0.42228702082469, 0.17435939838027992, -0.6529314728746949, -0.254103777516174, 0.3258721519441461, -0.4226387219958356, 0.04452216461611312, -0.2082112911615175, 0.6533440606849619, 0.6746348931407278, 0.463502306749393, -0.014705989742941877]], "inverted": true, "swapped": false, "error_lsq": 0.04298612128450807, "error_max": 0.24906486089543828, "target": "842.xyz", "model": "12.xyz", "model_rescale": 4.124412569039231, "target_rescale": 3.999284901599794},
{"mapping": [6, 8, 3, 9, 4, 7, 1, 0, 2, 11, 10, 12], "R": [[-0.47237305651754236, 0.8379784565798565, 0.27323213900329635], [0.01919052431106094, 0.31970307762840977, -0.9473234220326181], [-0.8811897748231885, -0.44224659237009956, -0.1671003659005381]], "T": [0.07415978324777418, -0.0497986813955819, -0.12204635073253725], "aligned_model": [[-0.5343477096822344, -0.423565921186139, -0.08158278830801365, 0.005395046987069899, 0.2583236851897141, 0.6089956910137894, -0.6091532443608186, 0.11703219306908849, -0.167273787271787, -0.01590525500426708, 0.4726864994147819, 0.11052356039523684], [-0.20396157795116426, -0.44662815129689265, 0.007889352852183805, -0.6402841020025349, 0.5059225623094107, -0.3516463150445979, 0.32317197818675913, 0.48454069879531475, -0.01475834786837242, -0.7088738811511742, -0.32081492954329527, -0.06961446405846698], [-0.3534880219106289, 0.20915089542457113, -0.8157103312560655, -0.3570775212142793, 0.4028667966223587, -0.24820590185981398, 0.1163660908468084, -0.3443317003337808, 0.7043176850902949, 0.6182650913567224, 0.4368242264484318, -0.00762060781485091]], "inverted": true, "swapped": false, "error_lsq": 0.05468331621250564, "error_max": 0.29266945038604514, "target": "842.xyz", "model": "13.xyz", "model_rescale": 3.9028299243045295, "target_rescale": 3.999284901599794},
{"mapping": [7, 4, 9, 3, 12, 1, 10, 14, 5, 0, 2, 15], "R": [[0.06346417314035119, 0.6114179109681753, -0.7887587951173184], [0.5711346197940398, 0.6258787492084188, 0.5311130175038292], [0.8183993797653618, -0.48419410305849203, -0.3094810588114454]], "T": [0.07910985415142291, -0.11473091422618509, 0.09482245371901132], "aligned_model": [[-0.5578508750558765, -0.5210500864406052, -0.021547435727873265, -0.08090124449217456, 0.46454021099238085, 0.6573114849620509, -0.576750380227738, -0.08523053315903284, -0.12826106222339456, -0.06719856577153371, 0.6184220581129372, 0.03964439928728109], [-0.2472368352487816, -0.3552988387857302, 0.051113306761806365, -0.7038838931605031, 0.3939643589666837, -0.12185786164762627, 0.20885728241988888, 0.6633800965606372, 0.08234352908941536, -0.7472718389439668, -0.5524877050048304, -0.10667877777982404], [-0.5355355129783477, 0.2980425148950543, -0.6556502378712316, -0.03160800527659169, 0.37215411079690486, -0.20154022357215529, -0.048323045687809374, -0.2932318527561413, 0.5193937675037126, 0.6102855795209936, 0.33907868872876457, -0.011709081903385196]], "inverted": false, "swapped": false, "error_lsq": 0.054076214902898385, "error_max": 0.2961233929107077, "target": "842.xyz", "model": "14.xyz", "model_rescale": 3.942246331269136, "target_rescale": 3.999284901599794},
{"mapping": [4, 10, 13, 11, 0, 8, 3, 12, 5, 9, 7, 14], "R": [[0.8777162286240113, -0.474557612122424, -0.0664025209363748], [0.45965055473614824, 0.7946604094024748, 0.3965302022028617], [-0.13540897141915598, -0.37856294919729583, 0.9156170072438868]], "T": [-0.05370509595238916, -0.12586123955168652, 0.06459902690042203], "aligned_model": [[-0.5349556904835656, -0.5059122449367733, -0.10997592149686974, 0.055472457985189724, 0.5405713643012887, 0.6684280839870618, -0.5891208072429559, -0.02808310459096148, -0.2698511407146023, -0.08453427796798457, 0.5977882338630514, 0.001301017553542401], [-0.22368776415159491, -0.6762071255546116, 0.03793273653287296, -0.599929314669815, 0.23543254373910136, -0.23858591542438384, 0.3532000918558027, 0.5635762807184987, 0.17765108581407849, -0.626796723476561, -0.38721187227721543, -0.050431199879002825], [-0.2555443991927863, 0.10495514428344437, -0.7297151263766486, -0.4621369093395022, 0.30338716272807514, -0.18967984396328813, 0.04515198717847228, -0.373688181862418, 0.5783506340743865, 0.6941032037043277, 0.552688973640769, 0.09348405652493602]], "inverted": true, "swapped": false, "error_lsq": 0.04948041227983851, "error_max": 0.24054941603869445, "target": "842.xyz", "model": "15.xyz", "model_rescale": 4.355366556412066, "target_rescale": 3.999284901599794},
{"mapping": [0, 2, 5, 4, 10, 3, 1, 9, 8, 8, 6, 11], "R": [[-0.3965435143266766, 0.9125132832113885, -0.10036308688069184], [0.5067852067102452, 0.30875504624910394, 0.804884510768699], [0.7654554170590885, 0.268309204796418, -0.5848830439638432]], "T": [0.025118024808908405, -0.01008603932090213, -0.05868671783127234], "aligned_model": [[-0.5106623192122736, -0.5341045333852401, 0.05476002712706135, 0.07315890973680618, 0.3239741670787989, 0.602883313372763, -0.4312955475626515, -0.17645447799100183, -0.13009246324771112, -0.13009246324771112, 0.5216842754494839, 0.0773690821380973], [-0.2198070557035749, -0.5573548323931348, 0.04842223743405755, -0.7428561483153703, 0.2594935178366189, -0.164767540618665, 0.1958893308118742, 0.6616222409786523, -0.12630595960939545, -0.12630595960939545, -0.53790517743674, -0.1251818301477577], [-0.47446379371979175, 0.23879000441948728, -0.7001366497563868, -0.2933562128158632, 0.42633664983218694, -0.329385652676069, 0.15073644530619923, -0.29978424482814536, 0.6825546398507271, 0.6825546398507271, 0.3298037957761069, -0.05229291983941005]], "inverted": false, "swapped": false, "error_lsq": 0.05669724326289128, "error_max": 0.4330396904949789, "target": "842.xyz", "model": "16.xyz", "model_rescale": 3.795458400668931, "target_rescale": 3.999284901599794},
{"mapping": [7, 8, 4, 11, 5, 10, 0, 1, 6, 8, 9, 12], "R": [[-0.09496017982465565, 0.9914153293571781, 0.08987885715376606], [0.08794598670945897, 0.09828884168800933, -0.9912642468188435], [-0.9915886585017846, -0.08622614635496273, -0.09652452546065074]], "T": [-0.12143797368256591, -0.07331539512238869, -0.07378785042241685], "aligned_model": [[-0.6982474940769268, -0.2473911409756035, -0.08958316485502424, 0.030452068428923243, 0.4315726315302364, 0.5726349550427859, -0.46577524410119764, 0.06246429957526521, -0.1706204351621161, -0.2473911409756035, 0.5523843045861585, 0.010628331239523212], [-0.28612922050843903, -0.566509541361822, -0.16424616865174296, -0.8571058624818406, 0.2997208505456084, -0.12850912272103737, 0.40880391423394435, 0.7408753222357433, 0.1151027125601378, -0.566509541361822, -0.35535251971009985, -0.07519799955146073], [-0.3046032148437201, 0.3718376718255154, -0.7111359923073587, -0.20773667500416498, 0.32320060528495476, -0.30642508969529203, -0.07199809772237084, 0.06063700476550239, 0.5738660333827579, 0.3718376718255154, 0.44037601129644743, -0.17849922740801893]], "inverted": false, "swapped": false, "error_lsq": 0.056939158411852715, "error_max": 0.36064054066650086, "target": "842.xyz", "model": "17.xyz", "model_rescale": 3.7474275329858107, "target_rescale": 3.999284901599794},
{"mapping": [10, 8, 11, 3, 2, 1, 12, 7, 6, 4, 0, 13], "R": [[0.6052118381687475, 0.2118476390490551, -0.7673585920348758], [0.36917163585104473, 0.7793303940893788, 0.5063165414358464], [0.7052878378530778, -0.589715791443501, 0.39345184088868596]], "T": [-0.08846075664356196, -0.07741083402299459, 0.0160202136854719], "aligned_model": [[-0.5884073164871029, -0.22316693025157913, -0.0857362142006903, 0.0725322768797581, 0.472769819398523, 0.53058032352579, -0.6522478138078605, 0.03602323493582432, 0.03908013155449905, -0.32529727034532263, 0.474918844014997, -0.00992111496041495], [-0.3757339351951399, -0.7726927022123098, 0.03459005342964022, -0.5698569312112671, 0.21543364610757804, -0.11839352226556349, 0.39362421091437216, 0.6063728360273775, 0.12517069377091963, -0.40005788407814075, -0.4990568769035311, -0.07445676515676579], [-0.35478449916362226, 0.13968031953114107, -0.6975518148332709, -0.4223486559097945, 0.3371044312705263, -0.28996504271890267, -0.12364747738290877, -0.27443272647730943, 0.7492956448125927, 0.7433668771747006, 0.4676399994188434, 0.08699964567777221]], "inverted": false, "swapped": false, "error_lsq": 0.04989122495645832, "error_max": 0.2768084998932399, "target": "842.xyz", "model": "18.xyz", "model_rescale": 3.922800546911778, "target_rescale": 3.999284901599794},
{"mapping": [0, 2, 5, 1, 13, 8, 3, 12, 11, 10, 4, 14], "R": [[0.3697523234853416, 0.8035954242560946, -0.46638783581034676], [0.1384542661831707, -0.5440114792502102, -0.8275759340505728], [-0.9187565702909946, 0.24142473891187244, -0.31241072322899416]], "T": [0.014401730971707247, -0.13314575943097576, 0.03925992037762202], "aligned_model": [[-0.6099350906999705, -0.5445350216422378, 0.0008241612953977621, -0.05002571006550435, 0.4348080445207876, 0.5575396373220294, -0.5219266336474692, -0.008010920935962697, 0.059467373828056336, -0.04981539260522071, 0.5113898714392404, -0.03865234855272483], [-0.19994762857851425, -0.5498498786075297, 0.030600848345518794, -0.7547388293405769, 0.3312455294967903, -0.13020893701723982, 0.18407339851659268, 0.5929394032081671, 0.05691071564388417, -0.6211365515485012, -0.30843073326372794, -0.06651451362769358], [-0.512268573047859, 0.2038088384125223, -0.7060832343028854, -0.3575450496235111, 0.3210630593173185, -0.24249040132781616, -0.105215457182226, -0.2622563382159544, 0.7241622761078881, 0.6782761917755588, 0.5353900497542202, 0.08451533973251206]], "inverted": true, "swapped": false, "error_lsq": 0.046015033468054224, "error_max": 0.23305951777180162, "target": "842.xyz", "model": "19.xyz", "model_rescale": 3.9282355846067225, "target_rescale": 3.999284901599794},
{"mapping": [5, 6, 2, 7, 11, 10, 3, 0, 4, 8, 9, 13], "R": [[-0.1703702347921583, 0.16962200873356542, -0.9706710860276281], [0.7706806171575215, 0.6367696950981222, -0.023994619028989972], [0.614023916011882, -0.7521653605144514, -0.23921099683668084]], "T": [-0.025003988483895845, -0.22345790551862937, 0.038434192391481284], "aligned_model": [[-0.5754534222368335, -0.5974264915112321, 0.0341967071158695, 0.018301167446644305, 0.4334525775343051, 0.6558765350348262, -0.5945179363430707, 0.04026715868993154, -0.17231508943081766, -0.02543366895116697, 0.524303119134573, -0.0001226862266077676], [-0.25233489470888965, -0.5202173044094399, -0.19915506422392365, -0.7636672116013685, 0.23068262649481486, 0.05203478243742715, 0.2684582479002475, 0.5738974551320297, 0.14923243822487192, -0.4390271101714317, -0.437593558645328, -0.09736758320183994], [-0.3903567737271716, 0.14384003309752624, -0.7829188741428721, -0.2688056902264165, 0.34978146728448445, -0.41183221826678984, 0.03319679408795066, 0.05112648868129932, 0.5270743382636442, 0.7679212125009826, 0.4001418766029433, -0.057811952755812704]], "inverted": true, "swapped": false, "error_lsq": 0.054478556978957156, "error_max": 0.38913060857254644, "target": "842.xyz", "model": "20.xyz", "model_rescale": 4.067790424073018, "target_rescale": 3.999284901599794},
{"mapping": [4, 8, 6, 5, 12, 11, 2, 3, 0, 7, 9, 14], "R": [[0.6023031042182265, 0.05239047527116669, 0.7965464259852965], [0.34900279260567163, -0.9147073562323738, -0.20373390294161592], [0.7179331594253958, 0.40070648928516556, -0.5692155022855814]], "T": [0.0485909831698282, -0.22077796006906983, -0.021386108285690313], "aligned_model": [[-0.6653135459920176, -0.3471742431382938, -0.1213455314160589, -0.1285406913298402, 0.5710870637594411, 0.5503344057063057, -0.5104081787030658, 0.116448929397252, -0.32278117383389543, -0.0739916777607759, 0.5491543565384934, 0.12365825702887664], [-0.36320211877769193, -0.5717510601791657, 0.04525866572960521, -0.720810182258676, 0.21347684655190305, 0.0759975072887912, 0.2608258115806882, 0.6231571474159681, 0.1175223495107067, -0.48377887518954077, -0.3979419209526488, -0.2338113474927695], [-0.3568383060644842, 0.19158258746427903, -0.6906416629428241, -0.280342219468558, 0.33278119058980116, -0.3010468203906497, -0.1178209344485543, -0.10453567316027884, 0.48070317766013404, 0.6659769450520296, 0.5461516787159455, -0.004613261607072639]], "inverted": false, "swapped": false, "error_lsq": 0.05006031422279667, "error_max": 0.23021467517957478, "target": "842.xyz", "model": "21.xyz", "model_rescale": 4.186013935880536, "target_rescale": 3.999284901599794},
{"mapping": [8, 9, 2, 1, 6, 0, 11, 3, 4, 10, 7, 12], "R": [[-0.35757824999619775, -0.7824549340884588, -0.5098059152758847], [0.6953080310108353, -0.5874940320194764, 0.4140018168478665], [-0.6234456970270086, -0.20643410198444562, 0.7541222874284935]], "T": [-0.04141021986111927, -0.10703774862754248, -0.029275065795206022], "aligned_model": [[-0.6943342971286461, -0.41211097779530664, -0.12495375030976015, 0.3487282575032487, 0.40135565002250456, 0.5751106791388596, -0.5608091470135343, 0.11537256810480613, -0.01886684484354785, -0.2366786245801218, 0.3904408213493698, -0.04212636419145066], [-0.24479762048016565, -0.5966050075146743, -0.19564158675479734, -0.7005746893615145, 0.18205416405297378, -0.1401462101133362, 0.22823782596398798, 0.8002367644056625, 0.18626851616047077, -0.4464364786842929, -0.44276271736198525, -0.06489013708515937], [-0.40660846974337717, 0.062133945418630716, -0.7606224806770033, -0.2042867922489384, 0.14461311524684564, -0.40423406606146595, 0.10026651929274463, 0.03862758610132017, 0.6348630072343312, 0.7075954688255147, 0.4597210113409274, -0.01071214332976166]], "inverted": false, "swapped": false, "error_lsq": 0.05691728834146891, "error_max": 0.3336943459211676, "target": "842.xyz", "model": "22.xyz", "model_rescale": 4.166573947596378, "target_rescale": 3.999284901599794},
{"mapping": [11, 12, 9, 14, 0, 10, 3, 8, 1, 6, 5, 15], "R": [[0.8065451862066808, -0.3375294902907103, -0.4853439046603183], [0.5106908879985951, 0.8113599269167857, 0.28441147288531576], [0.2977913355388925, -0.47725141401328675, 0.8267716784580137]], "T": [-0.052413532881321334, -0.08483562191125851, 0.014244105172367082], "aligned_model": [[-0.7650446054226762, -0.3614870351487503, -0.17667028113563293, 0.14434232897579752, 0.3810529815454209, 0.5867401484500894, -0.5202239323756963, 0.1597714092268836, 0.013790611782190099, -0.2389249814888499, 0.5489817493201475, -0.03120042347250236], [-0.2644342476704951, -0.6608008483646998, -0.017455554495279774, -0.7055368967496433, 0.43887413774768047, -0.2631279587581362, 0.2750407654246494, 0.6202958117596064, 0.04339198425545926, -0.49555843813145806, -0.3213966076703598, -0.08434932412015368], [-0.27210291419461685, -0.031788311034025685, -0.5692534126547243, -0.4351942348244696, 0.4665610641145693, -0.33308232250952347, -0.10007591922858057, -0.3201902707715457, 0.7122940697975846, 0.62712898811641, 0.5371442828007971, 0.07991568178789327]], "inverted": true, "swapped": false, "error_lsq": 0.048675195914181534, "error_max": 0.23383541481718967, "target": "842.xyz", "model": "23.xyz", "model_rescale": 4.274766983524099, "target_rescale": 3.999284901599794},
{"mapping": [5, 2, 7, 4, 6, 8, 10, 1, 3, 0, 11], "R": [[-0.18422273046758636, 0.7457367767240435, 0.640264512073175], [0.6747676982540853, -0.37769412137956665, 0.6340628549822174], [0.7146681320528784, 0.5488386015182887, -0.43361924601140384]], "T": [-0.13778867315716145, 0.09071447069271361, 0.0028107740148391944], "aligned_model": [[0.24450576262457077, 0.3011890665731457, -0.4923359358416286, -0.5462732461390187, -0.42411695714186626, -0.5936366347036592, 0.045729424994831486, 0.11189843105230343, 0.6193671926697829, 0.19784893185858746, -0.08428133198897399], [-0.16035263703276187, 0.6294374449682022, 0.49104798353580786, -0.2622592659110252, 0.48628916591308624, -0.17643772483605918, -0.767809816182004, 0.0034624376290191133, -0.0318834956903782, 0.6114716671580152, 0.09262077169158137], [-0.4953290885502578, -0.2480219287125996, -0.6060777164399971, -0.2975126105854796, 0.22225352839155685, 0.3347492484670591, 0.05678314893201896, 0.6847061638917203, 0.2557823186638021, 0.43138161937440184, 0.040851750589352434]], "inverted": true, "swapped": true, "error_lsq": 0.0385610157765611, "error_max": 0.16754022835871482, "target": "842.xyz", "model": "24.xyz", "model_rescale": 3.7841303162186577, "target_rescale": 3.999284901599794},
{"mapping": [6, 7, 3, 11, 9, 13, 4, 5, 8, 0, 10, 15], "R": [[0.4373197267005158, -0.7935225850438685, -0.42317060822306984], [0.7569099259883145, 0.5788806497360182, -0.30328956015921427], [0.4856323924317142, -0.18766752619060664, 0.853781048650383]], "T": [0.02797617743014381, -0.08038430761813685, 0.14999743212199457], "aligned_model": [[-0.4924180436077179, -0.14517999817700178, -0.13398920180063695, 0.14025595116041964, 0.474542491742217, 0.4978256392266766, -0.5349873432760811, -0.005247476387745687, -0.18477504430152591, -0.35992878137896916, 0.4989348577973812, -0.013905080740594742], [-0.2945097661496988, -0.7010375408980675, 0.08744707904384418, -0.6487892616326609, 0.2032018911776291, -0.14073058194295118, 0.3410901663599122, 0.6639101393984991, 0.18091156983242573, -0.43227813768180473, -0.5991875488636309, -0.09508518541632631], [-0.30317648036864564, 0.23724456943053132, -0.621106795083963, -0.35372533868106404, 0.3995933120968504, -0.472577710086288, -0.09927287296333598, -0.3128856097048499, 0.6357125396880301, 0.6667472987364099, 0.4880746770485329, 0.0967291112875603]], "inverted": true, "swapped": false, "error_lsq": 0.04774171414102252, "error_max": 0.2645941346983, "target": "842.xyz", "model": "25.xyz", "model_rescale": 4.19342608120988, "target_rescale": 3.999284901599794},
{"mapping": [0, 2, 5, 4, 10, 3, 1, 9, 8, 8, 6, 11], "R": [[-0.3965435143266766, 0.9125132832113885, -0.10036308688069184], [0.5067852067102452, 0.30875504624910394, 0.804884510768699], [0.7654554170590885, 0.268309204796418, -0.5848830439638432]], "T": [0.025118024808908405, -0.01008603932090213, -0.05868671783127234], "aligned_model": [[-0.5106623192122736, -0.5341045333852401, 0.05476002712706135, 0.07315890973680618, 0.3239741670787989, 0.602883313372763, -0.4312955475626515, -0.17645447799100183, -0.13009246324771112, -0.13009246324771112, 0.5216842754494839, 0.0773690821380973], [-0.2198070557035749, -0.5573548323931348, 0.04842223743405755, -0.7428561483153703, 0.2594935178366189, -0.164767540618665, 0.1958893308118742, 0.6616222409786523, -0.12630595960939545, -0.12630595960939545, -0.53790517743674, -0.1251818301477577], [-0.47446379371979175, 0.23879000441948728, -0.7001366497563868, -0.2933562128158632, 0.42633664983218694, -0.329385652676069, 0.15073644530619923, -0.29978424482814536, 0.6825546398507271, 0.6825546398507271, 0.3298037957761069, -0.05229291983941005]], "inverted": false, "swapped": false, "error_lsq": 0.05669724326289128, "error_max": 0.4330396904949789, "target": "842.xyz", "model": "26.xyz", "model_rescale": 3.795458400668931, "target_rescale": 3.999284901599794},
{"mapping": [3, 7, 9, 0, 8, 1, 10, 11, 5, 7, 6, 12], "R": [[0.522875789109881, -0.41310670980115477, 0.7456163594503434], [0.0056775895518484665, 0.8763852111883605, 0.48157733188680457], [-0.8523899777329623, -0.2475718237756414, 0.4605860592037092]], "T": [0.043304818797315944, -0.00015301973035862504, -0.16883721096636337], "aligned_model": [[-0.5157718759167171, -0.44022820844103383, 0.017253220614596568, 0.013194850639050335, 0.5407863406154588, 0.6007566356219485, -0.5209305086839768, -0.07473295241914542, 0.0345066345180111, -0.44022820844103383, 0.549217853632112, -0.02269581148284887], [-0.4304700887232184, -0.4341341417516443, 0.03611305112233354, -0.8268275752385271, 0.3516704415063833, -0.177229951844462, 0.20318264945105968, 0.705267062114347, -0.017891506836758483, -0.4341341417516443, -0.3131163163347871, -0.09748665848591245], [-0.386407954424401, 0.3190811181915799, -0.5958973665093991, -0.2523582333846408, 0.23051739045832978, -0.25963590359573263, 0.21584386391236635, -0.16391944421778287, 0.583803743213515, 0.3190811181915799, 0.4032580047439247, -0.05200963517957144]], "inverted": false, "swapped": false, "error_lsq": 0.06186971981620173, "error_max": 0.47578125787678693, "target": "842.xyz", "model": "27.xyz", "model_rescale": 3.6321398670334006, "target_rescale": 3.999284901599794},
{"mapping": [6, 13, 12, 9, 3, 8, 4, 7, 1, 2, 0, 14], "R": [[0.5758215147348512, -0.7532750523498841, -0.3178148496778288], [-0.2429236529978004, 0.2135366441111641, -0.946250601286967], [0.7806520876694469, 0.62207619881251, -0.06002933356545577]], "T": [0.11069724947296376, -0.19797168254244651, 0.037406724608019554], "aligned_model": [[-0.5685336797992835, -0.525681142428254, 0.020208397370906503, -0.02131061042136896, 0.40225269069657027, 0.4795327922205027, -0.5175809832661349, 0.15134875879156434, -0.2581691867382077, -0.07991274965668678, 0.5994599158002283, 0.05951376768658519], [-0.22488159907536995, -0.697997065002723, 0.024954443073876842, -0.718693799835461, 0.33738060463021996, -0.029155791754973487, 0.3400411039539905, 0.5145396998018743, 0.03439197956207393, -0.48436206509645763, -0.31832298025811595, -0.21295170677176445], [-0.3391947069518152, 0.14452577581145445, -0.7535581551577616, -0.360078574124182, 0.3535608535928487, -0.28273567061373717, 0.08511370723745601, -0.2651860195610395, 0.5445673272937472, 0.7551058542889585, 0.40624044779865165, 0.07299586178518724]], "inverted": true, "swapped": false, "error_lsq": 0.043476256020337806, "error_max": 0.24221067331687163, "target": "842.xyz", "model": "28.xyz", "model_rescale": 4.156811204709835, "target_rescale": 3.999284901599794},
{"mapping": [0, 3, 2, 5, 10, 1, 6, 8, 4, 11], "R": [[0.9066850680763605, 0.18325243735551072, -0.3799220071680898], [-0.1550246523225502, 0.9824315985401895, 0.10390145024031217], [0.39228757882405335, -0.035308616413451455, 0.9191647061910775]], "T": [-0.09702221565668351, 0.15183034854229724, -0.017596741441462123], "aligned_model": [[-0.5537050875778857, -0.08389676207015233, 0.0896479721483252, 0.538277703323881, 0.1629116764557616, -0.625150918258744, -0.4951274423535274, -0.44431339446040813, 0.17198073098011318, -0.11769910407677531], [-0.07687843623205629, -0.6220975760194467, 0.10539747321284562, -0.07652261810789965, -0.3725711362001677, -0.3520005262719884, 0.4668062159149098, 0.29242042113170275, 0.4604270943323081, 0.09373941886599668], [-0.5713536152806588, -0.24818980068479918, -0.7309263797027588, -0.057295437301962106, 0.6389802268481983, 0.029012410978808294, -0.18765784694851756, 0.48137628293764506, 0.44505831756308717, -0.04021743143394327]], "inverted": false, "swapped": true, "error_lsq": 0.0534779142096828, "error_max": 0.29102412827620106, "target": "842.xyz", "model": "29.xyz", "model_rescale": 4.117894457231895, "target_rescale": 3.999284901599794},
