[{"mapping": [10, 4, 13, 5, 12, 3, 8, 7, 7, 11, 6, 2, 9, 14], "R": [[0.8149895542455312, 0.5769156378144343, -0.054409312767527016], [0.3556839380449527, -0.4239076083345377, 0.8329413399591391], [0.4574723627581282, -0.6981910099974479, -0.5506798987354078]], "T": [0.07185297720877548, 0.14784447414047, 0.12070190621310167], "aligned_model": [[0.05757217806353259, 0.44566853285475294, -0.40612432048772906, -0.23837313971059326, -0.4920530543420374, -0.07949031594776257, -0.7603835687492523, -0.30509185429292424, -0.30509185429292424, 0.08618966104140788, 0.6678037794492533, 0.2776802851184502, 0.4531918506810946, -0.030006078256964788], [-0.7271322024880236, -0.34120681122350527, -0.3050118933235396, -0.3207875497476387, 0.21634414784318473, 0.14286035596927157, 0.20400712556810965, 0.731021628352907, 0.731021628352907, -0.20138858804396273, 0.5578505040178413, 0.6166110174530044, -0.17809125642725612, 0.10917522550673477], [0.19179412191136225, -0.44921837819535176, 0.352000086226183, -0.2082701718307962, 0.7888887949591326, -0.5457333854779629, -0.10253852236125013, 0.29873426750360976, 0.29873426750360976, 0.6468627471341246, 0.40244138908180077, -0.027653055768246754, 0.12535303560019098, 0.12619289089342714]], "inverted": true, "swapped": true, "error_lsq": 0.05589626081885064, "error_max": 0.488308170898307, "target": "843.xyz", "model": "0.xyz", "model_rescale": 3.8414455957264533, "target_rescale": 4.177985864558399},
{"mapping": [11, 9, 13, 0, 7, 4, 8, 12, 1, 9, 2, 6, 10, 5, 14], "R": [[-0.7518471885919215, -0.43625932469665973, -0.4943719314662171], [0.42826086860625123, 0.24697680807949335, -0.8692497251604308], [0.5013166997288669, -0.8652631148304426, 0.0011439785301944339]], "T": [0.14684411437477718, -0.01845370369358519, 0.04211289067804903], "aligned_model": [[0.2719767368023661, -0.37737246696584603, -0.25821154343405406, 0.5052679160829676, 0.14916449607294796, 0.6057044242148069, -0.5724122334867536, -0.09985177469553963, 0.8503102279475693, -0.37737246696584603, 0.26051178188495305, -0.2267488021475686, 0.055520069083881185, 0.346210983679215, 0.2028753730638555], [0.29129750975223295, -0.45070858669991487, -0.22414231340379814, -0.4609647169154802, -0.6606908027090066, -0.26442342385709794, 0.2702801333899203, 0.5583225004571715, 0.3114368520379049, -0.45070858669991487, -0.30693819118199667, 0.14188406833855205, 0.6373967868418915, 0.3078820543108965, 0.04706591537661049], [-0.7418905625689449, 0.10426087502328184, -0.5649036746246324, -0.4064779597118653, 0.0640474891961946, 0.1994766338477704, -0.11152784247725495, -0.3923521740950847, -0.33842033975354135, 0.10426087502328184, 0.7117852653955485, 0.7090066643539926, 0.2150329682470547, 0.5788443034478636, 0.01697971272534088]], "inverted": false, "swapped": false, "error_lsq": 0.050096883935341736, "error_max": 0.3589054894031883, "target": "843.xyz", "model": "1.xyz", "model_rescale": 4.316132596720782, "target_rescale": 4.177985864558399},
{"mapping": [9, 2, 3, 13, 5, 11, 8, 12, 0, 6, 7, 14], "R": [[0.39800640157669653, -0.11962059200570473, 0.9095503385036885], [-0.26713815168294225, -0.9636080619329986, -0.009834169672711557], [0.8776264081141765, -0.2390615338065392, -0.4154774011118706]], "T": [-0.04116049527108053, -0.14702709512997392, 0.045045237228931674], "aligned_model": [[-0.273345860352792, 0.48138743127604916, 0.07974418289185436, -0.6241383884617066, -0.47276978091876426, -0.49372969253234106, -0.10662412396615728, -0.24939531939588241, 0.5588409744708402, 0.4046968777096047, 0.3932955191772905, -0.10015326526621496], [-0.5387536075998148, -0.24553441654935482, -0.402076187073559, 0.21285197642351145, -0.23315684994059566, 0.0278178508962523, 0.3894007826566973, 0.6813448971813697, 0.10246117043681158, -0.3259489304386637, 0.4214013086689171, -0.07703156692059088], [0.25555738784385046, 0.08187076700228305, -0.5773675288080724, -0.08786023539027768, -0.4349276114237954, 0.4495509470577735, -0.6284292211174506, 0.24402773993887755, -0.49384872082400094, 0.6548301331082308, 0.0001493340515014499, -0.014294530229498677]], "inverted": true, "swapped": true, "error_lsq": 0.05518700017082299, "error_max": 0.334373966916081, "target": "843.xyz", "model": "2.xyz", "model_rescale": 3.795458400668931, "target_rescale": 4.177985864558399},
{"mapping": [8, 7, 0, 1, 5, 4, 2, 11, 6, 9, 3, 14], "R": [[0.3633621395837983, 0.05335630723306671, -0.9301188418667452], [-0.5336457317041896, 0.8302714070716167, -0.1608465841515398], [0.7636688998191461, 0.5547995089018816, 0.3301625605232168]], "T": [0.16602351827935646, -0.06493901714691543, 0.0029388523332818037], "aligned_model": [[-0.32882564323428604, -0.25176003116537027, -0.6666206767700398, 0.1731229484835733, 0.1510751940473427, 0.2684712523259344, -0.16458045697953216, 0.7421223802404725, 0.2977245931793054, 0.5307319544607173, -0.3150828120516328, 0.1569251232070806], [0.017275945524265576, -0.6098287383071608, -0.18005331890478027, 0.12706635218305784, 0.47721979642202106, 0.7043126035699419, -0.26175385455940026, -0.21504479718378622, -0.5176588291923736, 0.17203723664951337, 0.4204238366159324, -0.048227187527521614], [-0.6998934235731489, -0.2030480852261454, -0.07519691639837109, 0.7632382291094573, -0.3575042278292221, 0.32148989338085115, 0.3718305422265771, -0.20823136050787758, 0.6196551875196612, 0.25294901532908337, 0.00796189238869064, -0.10447931578045538]], "inverted": true, "swapped": true, "error_lsq": 0.050504396268046564, "error_max": 0.26462681040030916, "target": "843.xyz", "model": "3.xyz", "model_rescale": 3.7530521520055578, "target_rescale": 4.177985864558399},
{"mapping": [8, 7, 2, 6, 3, 11, 5, 13, 10, 9, 14], "R": [[0.645883383856581, 0.6201270241135042, 0.44528320024687895], [0.6898584870007785, -0.22424988883321958, -0.6883365857422411], [-0.3270014103501231, 0.7517675580406608, -0.5726391676322992]], "T": [0.051514286811340036, -0.0186089317362868, -0.05722161154429602], "aligned_model": [[-0.5597405510988616, -0.14379479025168865, 0.44361058496977607, 0.5946420109580877, 0.17473353701369349, -0.25547296811878223, -0.24763744373041754, -0.6009785574239622, -0.2834953208746677, 0.2675715129646884, -0.05123841196266044], [-0.6131210589544938, -0.1801733082883527, -0.15726981628875047, 0.4059958564939477, -0.6559045145665442, 0.5173492308159324, -0.335386030073776, 0.05895488362605378, 0.2389812306384554, 0.24061025214832282, -0.05283336723644874], [-0.1933504274336853, -0.7277660451979994, -0.3906129725910286, -0.41410042642285877, 0.1566404662380375, 0.07514974505851309, 0.4267611956375374, 0.1778889528960907, 0.7123614574006878, 0.31399228854505695, -0.04413345688503499]], "inverted": true, "swapped": true, "error_lsq": 0.05004485530710463, "error_max": 0.2580576073491397, "target": "843.xyz", "model": "4.xyz", "model_rescale": 3.7855080009869324, "target_rescale": 4.177985864558399},
{"mapping": [7, 13, 6, 8, 15, 10, 11, 4, 5, 14, 9, 2, 0, 3, 16], "R": [[-0.15193505662163312, -0.6365610936658824, 0.7561122354520371], [0.7729714472226171, 0.4002300711562441, 0.4922712991032898], [-0.6159796103345905, 0.6592464366025526, 0.43123457129372494]], "T": [0.0005321698640482903, -0.014007461127145196, 0.013598783333842769], "aligned_model": [[0.43676633781099083, -0.46255647223781676, -0.19915558904896535, 0.17254529612019814, 0.1876560042454199, 0.6834676924256305, -0.7241410970666582, -0.014077916799002055, 0.6327528104227417, -0.225042697617735, 0.36946564585237573, -0.052765681480253526, 0.09609003846654983, 0.4392509095326885, -0.004682559489209718], [0.15914805786980302, -0.5116589758423831, 0.03214958110736581, -0.5695304388942026, -0.8020121969791096, -0.26178400699735854, 0.050289764150912894, 0.5918817811235618, 0.48870170744835434, -0.34928468223985476, -0.2451905195500817, 0.224385337764129, 0.7427788026686706, 0.23130078704168744, -0.034185799633523875], [-0.5704272339226186, -0.23691971565032108, -0.6061361555387547, -0.3827792931689168, 0.1664101492957518, -0.04270511896829823, -0.3075721233776144, -0.41029454683061023, -0.03820660346124529, 0.5561875435347747, 0.5769428194631248, 0.7108174721665194, 0.1767463484355939, 0.492938262453953, 0.06312042959766787]], "inverted": true, "swapped": false, "error_lsq": 0.048885069278841085, "error_max": 0.3198431864577856, "target": "843.xyz", "model": "5.xyz", "model_rescale": 4.2253639853439635, "target_rescale": 4.177985864558399},
{"mapping": [6, 1, 10, 11, 9, 5, 13, 12, 3, 2, 4, 8, 7, 14], "R": [[0.4518534712884438, -0.8408349385982419, 0.29803531085607016], [-0.27163963634544497, 0.18853841600968335, 0.9437505886910345], [-0.8497295737178375, -0.5073951829896008, -0.1432123592021708]], "T": [0.10580948326455406, -0.00388902400544916, -0.022671414665412684], "aligned_model": [[0.5177338125577274, -0.10236535041711087, -0.517233620688465, 0.1678973690421262, -0.19147036443520862, -0.41874314472516616, -0.03157384433098026, 0.6539923554570913, -0.2974911927856351, 0.34380558660807947, -0.6770978426324467, 0.11896238516798502, 0.7144240921560034, 0.0932219117837837], [-0.07020298577395284, 0.17670468758199342, -0.5900276279756163, -0.6272085791185125, -0.26869490401191826, 0.016475691140136584, -0.3809536030971187, -0.38792733143095454, 0.5347798917175866, 0.36316428339911194, 0.07875399115203695, 0.3399466382520419, 0.2753066730217549, -0.015017678221598624], [-0.6773165436054589, -0.7568517440421176, 0.17506845625962197, 0.05876770000361392, -0.32792148911591246, 0.36269680458855275, 0.5482823130888731, 0.5440437281297653, 0.09670193143828858, -0.32721348379820814, -0.3124033788008299, 0.7692959074666704, 0.23329057755850574, 0.08511742976008357]], "inverted": true, "swapped": true, "error_lsq": 0.048811235773253185, "error_max": 0.31847043374704115, "target": "843.xyz", "model": "6.xyz", "model_rescale": 3.89814844738969, "target_rescale": 4.177985864558399},
{"mapping": [3, 4, 10, 0, 13, 9, 2, 8, 7, 6, 11, 12, 14], "R": [[-0.746982519799276, -0.04978727747826184, -0.6629768790203977], [0.6434471475956167, 0.1968095888769824, -0.739757902274209], [0.16731073894221232, -0.9791768036097342, -0.1149778409400487]], "T": [-0.14795237259126176, 0.1349365901925032, -0.059585317688578505], "aligned_model": [[-0.09169470716226857, -0.01622578481755957, 0.561954912430146, -0.42275828611916805, 0.5138019969068741, -0.11732482121304777, -0.653882734911623, 0.29485629635178023, -0.37557547021984894, -0.816696206071114, 0.152279035046108, 0.17545742695686417, -0.05555985627292018], [-0.3414391453627151, 0.2970560080191662, 0.5772567704940352, -0.6622167833188277, 0.15447831947114665, 0.5496144599897792, -0.029859063190198265, -0.5818987359279684, -0.2947634864196818, 0.5050918700977121, 0.6059799482255845, 0.09732297672434517, 0.08715812666810735], [-0.54637774314677, -0.8720407074647317, -0.32646868879384744, -0.01858452057996573, 0.1611844945825736, -0.34026179921739946, -0.09109735766650212, 0.12929506437435662, 0.4671253148633803, 0.07608410913619729, 0.23536172750047363, 0.7547532198048736, -0.026698082556343414]], "inverted": true, "swapped": true, "error_lsq": 0.05007572854140442, "error_max": 0.31904713101647225, "target": "843.xyz", "model": "7.xyz", "model_rescale": 3.7474275329858107, "target_rescale": 4.177985864558399},
{"mapping": [2, 5, 8, 3, 6, 0, 9, 4, 1, 7, 10, 11, 13, 12, 14], "R": [[0.10504177505941342, -0.420467731230032, 0.9012064760567566], [-0.8886778690967061, -0.4464185891339587, -0.10469999165894811], [0.4463382915122852, -0.7898843777857083, -0.4205529684355813]], "T": [0.1278124328117987, 0.02356552945751305, 0.05170221449778627], "aligned_model": [[0.44288612971728547, -0.30469065532758954, -0.2505302856928585, 0.23359024387419897, 0.18267685345111231, 0.6430652987457515, -0.6306767095951428, -0.08038885083272432, 0.8377060438080155, -0.28010398979144957, 0.24975336079595162, -0.2474577308190203, 0.06819001546127945, 0.32589178523243845, 0.14566121210970603], [0.2743452769568987, -0.49257851936276037, 0.06766938169604186, -0.4738837099899911, -0.7891317983479929, -0.3869231631264329, -0.018375772292519098, 0.5917220714796205, 0.18080723929823173, -0.41453685739223184, -0.33092979699812464, 0.15442828832841776, 0.9150331713887517, 0.3966435531420538, 0.07269983425800702], [-0.6875051850947099, -0.19234258392905074, -0.5140909928039207, -0.4537578193768606, 0.1104478281506152, 0.06676060201214086, 0.10893496863991965, -0.444358482485738, -0.13837126025072233, 0.37658392024795917, 0.7110403927430149, 0.5297473987838125, 0.15091128379795668, 0.5013909704030377, 0.022731193191550904]], "inverted": true, "swapped": false, "error_lsq": 0.04397759981898573, "error_max": 0.296589773363245, "target": "843.xyz", "model": "8.xyz", "model_rescale": 4.019505241142653, "target_rescale": 4.177985864558399},
{"mapping": [9, 11, 2, 1, 4, 3, 7, 10, 5, 13, 12, 8, 14], "R": [[0.42073016922871864, -0.37890680599565923, -0.8242667996898466], [0.04145478710530362, 0.9156784484486902, -0.3997680323295668], [0.9062381725169316, 0.13402466719513795, 0.40096104955020856]], "T": [0.020791209827303897, -0.012275255594777094, -0.13975629216200813], "aligned_model": [[-0.1705945459503276, -0.5923443458151901, 0.2975138065352957, 0.21491799709328333, 0.2926917001985907, 0.651589260822652, 0.14182137138983894, -0.3708047660989088, 0.19658837382725108, -0.27946802157137485, -0.46672353541740075, 0.3860467382160545, 0.018466738511411986], [-0.4632830892527884, -0.05676914144511643, 0.1393259358753388, -0.47940614728707853, -0.8040651433366989, -0.1941549411082319, 0.6909947872937633, -0.5935711495365767, -0.2938637890433203, 0.039439888132015356, 0.632739442190517, 0.42391942282028905, 0.02207215281194671], [-0.24763815509995857, 0.005500677631726403, -0.5693582367235301, -0.7389850686568864, -0.0863029765981583, 0.050189043886975926, -0.20788460951634224, 0.3890063240711741, 0.4204955266879886, 0.488105135712413, 0.20001031717269702, 0.5098057158845088, -0.036240200408729134]], "inverted": false, "swapped": true, "error_lsq": 0.05404431328894874, "error_max": 0.3200142965957314, "target": "843.xyz", "model": "9.xyz", "model_rescale": 3.877068213659057, "target_rescale": 4.177985864558399},
{"mapping": [7, 13, 4, 2, 14, 9, 3, 1, 8, 6, 10, 12, 0, 11, 15], "R": [[0.6658614798669726, -0.7046212376280178, 0.2452292827394924], [-0.18096729391231792, 0.16633983257211185, 0.9693203281856493], [-0.7237950871368346, -0.6898115478762605, -0.01675411152939983]], "T": [0.021305155220925825, -0.03323184537277648, 0.010708388476418067], "aligned_model": [[0.31258453723825697, -0.28644783221531966, -0.2613245424660422, 0.2830575805168988, 0.26685986140390794, 0.6102892815405948, -0.6042910009386226, 0.024333449993869855, 0.7169346982018232, -0.37266865205802135, 0.26152198294991924, -0.2675266528470479, 0.18365886228047304, 0.4316909502321493, 0.03690019730411472], [0.21160303830302013, -0.7277789953538809, 0.008198494781305916, -0.426816068190944, -0.7553886767167267, -0.33056188004264586, 0.026784486799163433, 0.7204370296158829, 0.2670851768320088, -0.2678758453470559, -0.33948507852326526, 0.3621036975080769, 0.7001805043241311, 0.24974856548233645, 0.04875474956656372], [-0.7114403294230665, -0.13257751850979885, -0.6028832189018617, -0.45505172719451403, 0.17718344322408944, 0.029089175356296213, -0.077545971185019, -0.4192691301306962, -0.1350042084887593, 0.4230570365632636, 0.6037645513485104, 0.5750497841730444, 0.27436277351462274, 0.554915024405255, 0.044472549277639675]], "inverted": true, "swapped": false, "error_lsq": 0.04208836231912252, "error_max": 0.2562555434476571, "target": "843.xyz", "model": "10.xyz", "model_rescale": 4.260839863003843, "target_rescale": 4.177985864558399},
{"mapping": [1, 5, 8, 3, 7, 2, 6, 9, 13, 12, 11, 14], "R": [[0.2916469886331771, 0.555825881821338, -0.778459776172624], [0.9316756049537851, -0.34937323946780086, 0.09959370802301398], [-0.21661625321106026, -0.7543181879295415, -0.619743067894668]], "T": [0.04159457407355896, 0.042103283571976444, -0.09702839840705436], "aligned_model": [[0.33884359777825057, 0.16365954190832172, -0.5410117174189985, -0.16140937337113784, -0.6089075490952428, -0.22635790259273272, 0.12869283958391403, 0.5258041849479851, 0.14808396406850546, -0.23431454170623897, 0.4142796624714923, 0.01153594252001203], [0.30805940156887224, -0.5952374115170282, -0.5233363261317842, -0.45434934378556535, 0.27145150084650427, 0.32815750429317453, 0.7752219284290485, 0.0722701243586939, -0.33428349740427615, 0.18030498801961903, 0.17734649416151133, -0.0325268573058361], [-0.7722187177197897, -0.04247725198630585, 0.19700588137157893, -0.5205727502055751, 0.09822759725943635, -0.45826322592372976, -0.3370083645334232, -0.22472367764718948, 0.4809275131192088, 0.7239042326451182, 0.39473333416270373, -0.02335649314652828]], "inverted": true, "swapped": true, "error_lsq": 0.06631686878251915, "error_max": 0.4344498310505009, "target": "843.xyz", "model": "11.xyz", "model_rescale": 3.890672605050136, "target_rescale": 4.177985864558399},
{"mapping": [2, 1, 4, 0, 3, 12, 6, 8, 7, 11, 10, 9, 13, 14], "R": [[-0.5789600285270169, 0.5228124173597828, 0.6256776019823762], [0.0013925722257559503, 0.7680003779225094, -0.6404478747357035], [-0.8153547363636227, -0.36992241857625185, -0.4453695747624712]], "T": [0.05264981505481869, -0.0029487279670816174, 0.05368657486844988], "aligned_model": [[0.19904418778786134, 0.21200109425709096, 0.4858612601000686, 0.61094176388657, 0.7324922701199927, -0.476850008287912, -0.3052431804577441, 0.44544003290993717, 0.010754982222953284, -0.49567408495876975, -0.0956067608686601, -0.06028679703763056, -0.11748544338062153, 0.06448651850055769], [-0.27965975691857925, 0.30763826389833426, 0.7002235446673125, -0.6355189069438907, 0.05071459963481823, -0.4541039843459212, -0.1209837771110205, -0.4090218043061741, -0.7167559460099171, 0.20751268150206023, 0.7283940107053152, 0.4587048289502567, 0.11455922886440953, -0.019550462759238652], [-0.37772487797409604, -0.6485345415810602, -0.09326565825261576, 0.025087188286963685, 0.09840922450387499, 0.5877697217010629, -0.6250031704280503, 0.7067016606233092, 0.10470225196651206, 0.2861976467400956, 0.5162879316407395, -0.10692595553027046, 0.7202343290929387, 0.16085468456745727]], "inverted": true, "swapped": true, "error_lsq": 0.04894684770420894, "error_max": 0.26513166918565995, "target": "843.xyz", "model": "12.xyz", "model_rescale": 4.124412569039231, "target_rescale": 4.177985864558399},
{"mapping": [5, 3, 1, 8, 4, 10, 0, 11, 2, 7, 9, 6, 14], "R": [[-0.7216727063740783, -0.5456759803387432, 0.42594157974546815], [-0.432666857493078, -0.12474716791568924, -0.8928815904273532], [0.540359042953644, -0.8286590786194082, -0.14606928534040148]], "T": [0.11207109363378587, 0.07438691939575894, -0.12630619167138682], "aligned_model": [[-0.08130581053129066, -0.14888744254783964, 0.6854199511072314, -0.7182101037652713, 0.5146726432164648, 0.40013473602562266, -0.5318249462321165, 0.33705537927490864, 0.12102282323091687, -0.3964312670389134, 0.5734662535274789, 0.5807037892154054, 0.031482302027160625], [-0.312836301671068, 0.2670866180010995, 0.5456006578711379, -0.10607468651656744, 0.018885665088106622, -0.6971771561332357, 0.6063694996563067, -0.4156214180947348, 0.6042620895848937, 0.35747536289915016, -0.059326084726096254, 0.5375102020952419, 0.0013309284542431105], [0.3602556189621825, 0.47521945232072005, 0.12707160213256127, 0.02756044808760591, 0.6075534427159959, 0.17791485343561184, -0.003646986887228018, -0.455378225045703, -0.183475397624146, -0.5448331360882964, 0.018298126527664466, -0.5368420136011608, -0.11799970396796833]], "inverted": false, "swapped": true, "error_lsq": 0.052004038021051274, "error_max": 0.3171159063758414, "target": "843.xyz", "model": "13.xyz", "model_rescale": 3.9028299243045295, "target_rescale": 4.177985864558399},
{"mapping": [4, 8, 5, 3, 2, 6, 12, 10, 7, 1, 1, 11, 14, 9, 15], "R": [[-0.9501542362104947, -0.26406216586560016, 0.1657651952902655], [0.09149144511630092, 0.2721185807205262, 0.9579043759672348], [-0.298054093885292, 0.9253229979769306, -0.23439519306761136]], "T": [0.04058569791789088, -0.07927087182491024, -0.09311559872631148], "aligned_model": [[0.2588031587652415, -0.5273481246618946, -0.30612699223317963, 0.5508379736347261, -0.049394512835180926, 0.5589715308710866, -0.6050410131131387, 0.17153842460042135, 0.7891676567851507, 0.0489514289407058, 0.0489514289407058, -0.11552044542023357, -0.11178728537179924, 0.4993797645240323, 0.124189727710311], [0.023107453004437783, -0.5047027006027017, 0.03581241479953934, -0.3721136751363262, -0.8003356338876414, -0.2408683023516714, -0.03009031079761866, 0.5905645856212631, 0.41813638786151786, -0.31707368866902474, -0.31707368866902474, 0.18567681826949625, 0.7227638772005237, 0.36590351382387665, -0.012717851428674792], [-0.726568905820986, -0.39801901259752465, -0.4517909132979657, -0.29945307208646776, 0.025707547756324764, 0.2936280642984459, 0.16181127584987426, -0.3923219579021493, -0.2064250189298621, 0.5115153553177769, 0.5115153553177769, 0.5786658254465078, 0.24831285366461286, 0.34526007038967266, -0.05371523337703116]], "inverted": false, "swapped": false, "error_lsq": 0.05385044646389987, "error_max": 0.3564591883167685, "target": "843.xyz", "model": "14.xyz", "model_rescale": 3.942246331269136, "target_rescale": 4.177985864558399},
{"mapping": [1, 7, 0, 5, 9, 10, 8, 12, 3, 6, 10, 11, 13, 4, 14], "R": [[-0.7768587127782287, 0.538518710094652, 0.3263252047552344], [0.2797370723526538, 0.7594562959142886, -0.5873442814463374], [-0.5641256160928341, -0.36499826502894583, -0.7406338878243013]], "T": [0.10331634705283962, -0.021161995442261626, -0.0018635141344120372], "aligned_model": [[0.36783888174739865, -0.476183613939579, -0.34651079655601436, 0.47421063045526834, 0.15854599094044883, 0.4348902149517566, -0.6627329126155109, 0.12909530993987464, 0.7088694863426712, -0.26939740104883314, 0.4348902149517566, -0.20173853544482614, 0.031127801856681125, 0.4812212302860024, 0.07144621926985974], [0.2368278070877831, -0.6223592957947697, -0.09201105006424593, -0.2967027530231541, -0.8122504498971502, -0.29641269953995825, 0.08725926219602037, 0.6993686738572421, 0.27539186593754134, -0.3050077069347984, -0.29641269953995825, 0.18856261359636292, 0.7504949460837137, 0.2428547326294853, -0.01261404755614328], [-0.7230504012932765, -0.1854965977214406, -0.5792311917888924, -0.4369431386174035, 0.13702870953770352, 0.5667280229670785, 0.014082925640545429, -0.3868924193272901, -0.25067897446114695, 0.3035959158750727, 0.5667280229670785, 0.6121952222129192, 0.24362421476981577, 0.3602787831044269, -0.09384685983618486]], "inverted": true, "swapped": false, "error_lsq": 0.04291054797851224, "error_max": 0.4008281979558362, "target": "843.xyz", "model": "15.xyz", "model_rescale": 4.355366556412066, "target_rescale": 4.177985864558399},
{"mapping": [9, 2, 3, 13, 5, 11, 8, 12, 0, 6, 7, 14], "R": [[0.39800640157669653, -0.11962059200570473, 0.9095503385036885], [-0.26713815168294225, -0.9636080619329986, -0.009834169672711557], [0.8776264081141765, -0.2390615338065392, -0.4154774011118706]], "T": [-0.04116049527108053, -0.14702709512997392, 0.045045237228931674], "aligned_model": [[-0.273345860352792, 0.48138743127604916, 0.07974418289185436, -0.6241383884617066, -0.47276978091876426, -0.49372969253234106, -0.10662412396615728, -0.24939531939588241, 0.5588409744708402, 0.4046968777096047, 0.3932955191772905, -0.10015326526621496], [-0.5387536075998148, -0.24553441654935482, -0.402076187073559, 0.21285197642351145, -0.23315684994059566, 0.0278178508962523, 0.3894007826566973, 0.6813448971813697, 0.10246117043681158, -0.3259489304386637, 0.4214013086689171, -0.07703156692059088], [0.25555738784385046, 0.08187076700228305, -0.5773675288080724, -0.08786023539027768, -0.4349276114237954, 0.4495509470577735, -0.6284292211174506, 0.24402773993887755, -0.49384872082400094, 0.6548301331082308, 0.0001493340515014499, -0.014294530229498677]], "inverted": true, "swapped": true, "error_lsq": 0.05518700017082299, "error_max": 0.334373966916081, "target": "843.xyz", "model": "16.xyz", "model_rescale": 3.795458400668931, "target_rescale": 4.177985864558399},
{"mapping": [3, 4, 10, 0, 13, 9, 2, 8, 7, 6, 11, 12, 14], "R": [[-0.746982519799276, -0.04978727747826184, -0.6629768790203977], [0.6434471475956167, 0.1968095888769824, -0.739757902274209], [0.16731073894221232, -0.9791768036097342, -0.1149778409400487]], "T": [-0.14795237259126176, 0.1349365901925032, -0.059585317688578505], "aligned_model": [[-0.09169470716226857, -0.01622578481755957, 0.561954912430146, -0.42275828611916805, 0.5138019969068741, -0.11732482121304777, -0.653882734911623, 0.29485629635178023, -0.37557547021984894, -0.816696206071114, 0.152279035046108, 0.17545742695686417, -0.05555985627292018], [-0.3414391453627151, 0.2970560080191662, 0.5772567704940352, -0.6622167833188277, 0.15447831947114665, 0.5496144599897792, -0.029859063190198265, -0.5818987359279684, -0.2947634864196818, 0.5050918700977121, 0.6059799482255845, 0.09732297672434517, 0.08715812666810735], [-0.54637774314677, -0.8720407074647317, -0.32646868879384744, -0.01858452057996573, 0.1611844945825736, -0.34026179921739946, -0.09109735766650212, 0.12929506437435662, 0.4671253148633803, 0.07608410913619729, 0.23536172750047363, 0.7547532198048736, -0.026698082556343414]], "inverted": true, "swapped": true, "error_lsq": 0.05007572854140442, "error_max": 0.31904713101647225, "target": "843.xyz", "model": "17.xyz", "model_rescale": 3.7474275329858107, "target_rescale": 4.177985864558399},
{"mapping": [6, 12, 7, 11, 1, 4, 2, 8, 9, 3, 10, 13, 5, 14], "R": [[-0.30023171822568195, 0.33108952027624383, -0.8945617054929758], [0.812154583642533, 0.5805828860998076, -0.05769267402748651], [0.5002657770022638, -0.7438435601195084, -0.4432052689545293]], "T": [0.12062773671270574, -0.08384595299529983, -0.007985154666043274], "aligned_model": [[0.4954746090938359, 0.10285022538079308, 0.6753084949482039, -0.2911288466562384, 0.2634154303327477, -0.2920361520314628, 0.6052056856512229, 0.19989763099995278, -0.20145365754855013, 0.197633542636062, -0.756467853319815, -0.3598183970817317, -0.3050999791320246, 0.08106691460988125], [-0.6770376579519052, 0.4817831785252231, 0.2965471767842178, -0.0989543132258115, -0.7996289572790336, -0.46141428756528025, -0.2874905412346817, 0.7482172214816916, -0.4668958770780915, 0.06610278164428209, -0.07405512624087893, 0.39219849677155444, 0.22321829614105776, 0.01781785073888921], [-0.34002861999965844, -0.6779878275525387, -0.25599492084002173, -0.48677817492451525, 0.2787864816863434, 0.6172100369308464, 0.08049784165735259, 0.20879897374872777, 0.02682003197795149, 0.6543222623714281, 0.030089701314349845, -0.18001198138637026, 0.37743189792609194, -0.008360984248332405]], "inverted": false, "swapped": true, "error_lsq": 0.04813791218467235, "error_max": 0.2915985796741854, "target": "843.xyz", "model": "18.xyz", "model_rescale": 3.922800546911778, "target_rescale": 4.177985864558399},
{"mapping": [0, 9, 2, 3, 7, 12, 10, 1, 5, 11, 13, 4, 6, 8, 14], "R": [[-0.8764837087239508, 0.36789970220451845, 0.3105255504130632], [-0.4812967384060342, -0.6848640786177873, -0.5470965576739844], [0.01139113432554778, -0.6289761545057464, 0.7773411343303154]], "T": [0.1366693438852798, 0.04897401746007427, 0.04210472564165486], "aligned_model": [[0.4294647874936797, -0.3963377395144058, -0.3323881211778697, 0.34240585769067755, 0.15411184371068604, 0.7931440539685299, -0.666098657539766, 0.0822151908690221, 0.8231415595512792, -0.2915034068556506, 0.2535303845344821, -0.2740759196180128, -0.1690398739417921, 0.45705346424045, 0.1299492977256448], [0.05120654177762205, -0.4484212482276219, 0.0269836943211769, -0.38077494435157216, -0.7482268894328491, -0.3775016493828249, 0.10269564161405145, 0.6677701406516442, 0.25205760858093834, -0.3805777393021409, -0.2306254727889455, 0.19496291580967587, 0.634492861846516, 0.42989370074421784, -0.04694596282191716], [-0.7406522479550102, -0.320172219018381, -0.4988485837525715, -0.3846710472111617, 0.0908642611972455, 0.11808831056978675, 0.09936003325241446, -0.3605230516889851, -0.22255859316505566, 0.4154637975205162, 0.65853101405825, 0.6198959588396377, 0.24079375129993716, 0.3979767030894031, 0.03457414699297965]], "inverted": false, "swapped": false, "error_lsq": 0.04775503125246612, "error_max": 0.35418131185735596, "target": "843.xyz", "model": "19.xyz", "model_rescale": 3.9282355846067225, "target_rescale": 4.177985864558399},
{"mapping": [11, 13, 8, 10, 9, 5, 4, 3, 1, 2, 7, 6, 0, 14], "R": [[0.709238880297807, 0.007039398461630264, -0.7049330872807796], [-0.3622456154464902, -0.8542001578908407, -0.37298820939683364], [-0.604779567085154, 0.5198966600475147, -0.6032819723046035]], "T": [-0.1006003589278203, -0.14334498156496608, 0.11572806807676816], "aligned_model": [[-0.5998790787947187, -0.12075701167417771, 0.5927227642795628, -0.43769776062562327, -0.45061885837829185, 0.16635610489592575, -0.09442154548674646, 0.46327421692450566, -0.29512128673468097, 0.0350826217308948, 0.20431899578183274, -0.5312121869656242, 0.6548309403317492, -0.0543550961999316], [-0.4940535118011826, -0.6924874820064983, -0.6359353979807202, -0.2672697446834973, 0.12122924941190924, -0.2085468953228235, 0.468295184201023, 0.1639803633084572, 0.6072555935581261, 0.14533247039199684, -0.5008303822765121, 0.16672204070163868, -0.12277731903299391, -0.22803208104408731], [-0.04779192902564963, -0.314476834617517, -0.03348965632253115, -0.6854274872653665, -0.12750555672018593, -0.47466316020316557, -0.45835945994094907, -0.11807147626529324, 0.2329116478012566, 0.5427779539756121, 0.6571215444499042, 0.682359636814918, 0.49196387143805587, 0.064834063124594]], "inverted": false, "swapped": true, "error_lsq": 0.049321307155680394, "error_max": 0.34268264249142083, "target": "843.xyz", "model": "20.xyz", "model_rescale": 4.067790424073018, "target_rescale": 4.177985864558399},
{"mapping": [4, 7, 8, 5, 1, 13, 0, 2, 6, 7, 10, 12, 3, 11, 14], "R": [[-0.572209145198886, -0.1294515119045176, 0.8098265247671226], [0.0016285189501181185, -0.9876409958272214, -0.1567246352283009], [0.8201061163512864, -0.08836045171370169, 0.5653480242259287]], "T": [0.13302301958901175, 0.013992169868837973, 0.00398807422643224], "aligned_model": [[0.2683082099729262, -0.4730797801475777, -0.09345857972515387, 0.44334262961703563, 0.06282985090179703, 0.7044683666107874, -0.5230960988818815, -0.060659422751607794, 0.6357582113291901, -0.4730797801475777, 0.3616058993148074, -0.14762576827390783, 0.02190393967730922, 0.46557162842391975, 0.14278341521688792], [0.10849798290311721, -0.4205284763992977, -0.3100225878613755, -0.3438053505157801, -0.7974653917023682, -0.30978851403311947, 0.24249545328842653, 0.5923349487132641, 0.49719089829095076, -0.4205284763992977, -0.4017361796485355, 0.22050725146833927, 0.8173077459935293, 0.289039547103464, -0.016509652163345788], [-0.7803836892262029, -0.01826414649366265, -0.4069722872078335, -0.34835947422049535, 0.10356039024539085, 0.24635100286103392, -0.143497455112565, -0.4223083874365893, -0.2436673689453083, -0.01826414649366265, 0.6719750711488961, 0.6863381646057863, 0.26105159144708356, 0.4854365315066157, 0.07512643735051863]], "inverted": false, "swapped": false, "error_lsq": 0.051661634722607194, "error_max": 0.4225387157361758, "target": "843.xyz", "model": "21.xyz", "model_rescale": 4.186013935880536, "target_rescale": 4.177985864558399},
{"mapping": [3, 0, 1, 10, 13, 9, 5, 8, 6, 7, 12, 11, 14], "R": [[0.613255628480422, 0.6463536933286558, -0.45403131748535663], [0.7898649353376723, -0.4977614536212233, 0.3582553826712189], [0.005560401163342998, -0.5783255470833819, -0.8157871312601159]], "T": [0.08606543929223376, 0.04344390346660929, -0.04884668601223771], "aligned_model": [[-0.10043050660170727, -0.565229024952999, 0.6598514541507333, 0.4586713134155919, -0.1279642190976242, 0.5701172866778331, -0.015004893542343273, -0.702856289620063, 0.46524415457518037, -0.4912131023529963, -0.39672771581615424, 0.2922378267087049, 0.011877751879068851], [-0.35245060014978724, 0.17197055975354278, 0.21015639776100764, -0.6165400219478633, -0.3572557868562372, -0.08324187058520419, -0.5998083612847267, -0.306899701827438, 0.7125072685527862, 0.46838131487654666, 0.24934306034901502, 0.041437640946693645, -0.018643240042242326], [-0.5737775728918495, -0.570334246593657, -0.5567326569603888, 0.3943556490044343, 0.48093732492807983, -0.012520475338516357, -0.03935156738000781, -0.027165711098897927, -0.1547577563020344, -0.04134984681071044, 0.6537714482431116, 0.5482323910976912, 0.0015725814380907963]], "inverted": true, "swapped": true, "error_lsq": 0.05099214691414892, "error_max": 0.3085538255993797, "target": "843.xyz", "model": "22.xyz", "model_rescale": 4.166573947596378, "target_rescale": 4.177985864558399},
{"mapping": [4, 6, 2, 3, 11, 9, 6, 0, 8, 12, 14, 13, 7, 10, 15], "R": [[0.06932629480495456, 0.8351249967092207, -0.5456739912438937], [0.9886436956550515, -0.13062240457112495, -0.07430632857017824], [-0.13333232125084474, -0.5343257688858752, -0.8346966304079465]], "T": [0.1203666618921524, -0.033313675705813714, -0.0015906905643443426], "aligned_model": [[0.29296951855787956, -0.6241062486708449, -0.21173364565770503, 0.3976969178318718, 0.22988488253288306, 0.636879361300729, -0.6241062486708449, 0.05433919097495743, 0.799203080592896, -0.1747552988883938, 0.15440605760934506, -0.16200859664936146, 0.16616711413287766, 0.33372023710125753, 0.06701639903940732], [0.1908234488159929, -0.17115189902852584, -0.2612957155162412, -0.34164322980315504, -0.8110857105660668, -0.28921473230358063, -0.17115189902852584, 0.6784909247197971, 0.3205051162704627, -0.5357175614944412, -0.22786462093369192, 0.34917351991521883, 0.6545991137193822, 0.35764328655505256, 0.004879157716293166], [-0.6796941610218552, -0.07819579219577331, -0.5406109262125605, -0.4368463249065189, -0.07349165414226239, 0.16627367987770642, -0.07819579219577331, -0.39621753548905286, -0.26249779915125737, 0.2982004351194398, 0.7645483389011917, 0.6989668712714519, 0.18832497590371458, 0.6005506040744861, -0.0229926858039309]], "inverted": true, "swapped": false, "error_lsq": 0.05132192781118429, "error_max": 0.4553544149017347, "target": "843.xyz", "model": "23.xyz", "model_rescale": 4.274766983524099, "target_rescale": 4.177985864558399},
{"mapping": [11, 9, 6, 7, 2, 0, 8, 3, 5, 4, 14], "R": [[0.4283152821661475, -0.35790053980452213, 0.8297308133789929], [-0.6823704206759307, -0.7300521914348727, 0.037341756355234346], [0.5923821638515858, -0.5821778090830771, -0.5569132522769962]], "T": [-0.0194165481519736, 0.11804565959672977, -0.09815727446169784], "aligned_model": [[0.33257118111179573, 0.2678382566254246, -0.48239592462655473, -0.5610746449736612, -0.5076260653231707, -0.5927549853053214, 0.0033162772368848584, -0.007099468746835723, 0.4735387469720745, 0.4245281055810258, 0.029053225406413634], [0.0731419231830288, 0.522580308641341, 0.6116896759223437, -0.33969454849129055, 0.2999982704595826, -0.24970989727866363, -0.6629787457519379, 0.08826799200007614, -0.0816808878060512, 0.6328681960305185, 0.02110424433453574], [-0.6207496544755813, -0.1723965143627261, -0.47842707544400076, -0.2028421774080095, 0.014363222776234502, 0.40053275275337463, 0.2693917667466712, 0.5845045831927307, 0.27758629346273467, 0.39336002975153883, -0.08575679297138951]], "inverted": false, "swapped": true, "error_lsq": 0.04986231176453516, "error_max": 0.2492744022469921, "target": "843.xyz", "model": "24.xyz", "model_rescale": 3.7841303162186577, "target_rescale": 4.177985864558399},
{"mapping": [11, 0, 7, 6, 1, 4, 10, 13, 3, 8, 2, 9, 12, 5, 15], "R": [[0.25122937846989624, -0.7928825539426656, 0.555176598072168], [-0.19144362900054823, 0.5215377722854632, 0.8314732040147877], [-0.9488061637177164, -0.31517551893012297, -0.020766703118155705]], "T": [-0.024762171739058494, -0.021312166033870567, -0.0001969037341284889], "aligned_model": [[0.045301449207097486, -0.367944631384009, -0.2738085487619271, 0.48147859692649697, 0.08771086326740622, 0.6289578337085774, -0.7407985602698806, 0.17569704658927193, 0.704582448418052, -0.16503545776655487, 0.18959597433762027, -0.3117919522260298, 0.18987802935590203, 0.662152236399869, 0.029597393335063053], [0.2814206936936654, -0.6525198504486233, -0.27275203488386157, -0.24850993864840523, -0.7385536149624604, -0.3300125611938166, 0.15387824885827708, 0.6951952937871777, 0.2573239937236993, -0.4292705190428392, -0.05183842453952851, 0.25545193384212583, 0.5962499145550441, 0.26156366412752363, -0.03063759983000695], [-0.702244960368279, -0.15872957506531196, -0.5456870086349797, -0.4629364725014112, 0.16089597052930732, 0.18435271930528885, -0.248904189728836, -0.2419264200928557, -0.19874212064097166, 0.4039703525795428, 0.7222377027732264, 0.4277706729110586, 0.38414482847919945, 0.4661383898533633, -0.04221765536933607]], "inverted": false, "swapped": false, "error_lsq": 0.05186559939170695, "error_max": 0.2835320829050974, "target": "843.xyz", "model": "25.xyz", "model_rescale": 4.19342608120988, "target_rescale": 4.177985864558399},
{"mapping": [9, 2, 3, 13, 5, 11, 8, 12, 0, 6, 7, 14], "R": [[0.39800640157669653, -0.11962059200570473, 0.9095503385036885], [-0.26713815168294225, -0.9636080619329986, -0.009834169672711557], [0.8776264081141765, -0.2390615338065392, -0.4154774011118706]], "T": [-0.04116049527108053, -0.14702709512997392, 0.045045237228931674], "aligned_model": [[-0.273345860352792, 0.48138743127604916, 0.07974418289185436, -0.6241383884617066, -0.47276978091876426, -0.49372969253234106, -0.10662412396615728, -0.24939531939588241, 0.5588409744708402, 0.4046968777096047, 0.3932955191772905, -0.10015326526621496], [-0.5387536075998148, -0.24553441654935482, -0.402076187073559, 0.21285197642351145, -0.23315684994059566, 0.0278178508962523, 0.3894007826566973, 0.6813448971813697, 0.10246117043681158, -0.3259489304386637, 0.4214013086689171, -0.07703156692059088], [0.25555738784385046, 0.08187076700228305, -0.5773675288080724, -0.08786023539027768, -0.4349276114237954, 0.4495509470577735, -0.6284292211174506, 0.24402773993887755, -0.49384872082400094, 0.6548301331082308, 0.0001493340515014499, -0.014294530229498677]], "inverted": true, "swapped": true, "error_lsq": 0.05518700017082299, "error_max": 0.334373966916081, "target": "843.xyz", "model": "26.xyz", "model_rescale": 3.795458400668931, "target_rescale": 4.177985864558399},
{"mapping": [4, 9, 1, 3, 0, 13, 11, 5, 12, 2, 8, 7, 14], "R": [[0.9360271991917601, 0.22064215636739426, 0.27417170022957477], [-0.07914905724453458, -0.627116340513018, 0.7748938780238636], [0.3429118095232809, -0.7470221779138203, -0.5695343331129057]], "T": [0.02074233288346604, -0.10787298124454388, 0.011640246668564232], "aligned_model": [[0.048953590267318034, 0.20261129718945065, 0.6575951721658516, -0.19613718690860688, -0.09092349193205405, -0.580937191096475, -0.06525943104633929, -0.5105076815948666, -0.35845730178888413, 0.4018877047568685, -0.7088800925695272, -0.014449721340914337, -0.08581928328056468], [-0.7005922581461278, -0.5744748908164559, -0.3451916905582446, -0.024662074812029713, 0.6253979757679576, -0.2896908978964489, -0.43620292629532165, -0.36815602500210803, 0.20003050742649892, 0.2134069210093793, 0.3371945255198574, 0.5792660212344874, -0.09444368417452956], [-0.581323785702174, -0.01804826445180218, -0.37960123553219594, -0.6310920854683869, -0.3914692961906736, 0.3148959644233124, 0.54438563287915, -0.2605820977742177, 0.7400350673101056, -0.17710184578091845, -0.1115434839625658, 0.2128367462639247, 0.030745346085867827]], "inverted": true, "swapped": true, "error_lsq": 0.05388628362195301, "error_max": 0.4074739109686292, "target": "843.xyz", "model": "27.xyz", "model_rescale": 3.6321398670334006, "target_rescale": 4.177985864558399},
