[{"mapping": [0, 2, 6, 3, 5, 11, 1, 5, 4, 9, 12, 7, 8, 13], "R": [[0.5273749085104258, -0.8484672851183739, -0.0444856376539276], [-0.6947872144045044, -0.4608056010357382, 0.552203698605978], [-0.48902600398511503, -0.2603103227648658, -0.8325215332280614]], "T": [-0.17860548454703884, 0.036310822956633404, 0.002112729467066015], "aligned_model": [[-0.838059772878704, -0.27500825798067585, 0.3638577349914618, -0.20537341091376918, 0.09664029878226893, 0.24376246987800781, -0.6620290066600834, 0.09664029878226893, 0.45843793108525255, -0.3392633510646345, -0.5668717209838239, 0.2604536464530299, 0.5886236529118409, -0.08284815391153329], [-0.34094997312436615, -0.7240982982533879, -0.31582968466949723, -0.25625862729489196, 0.5064490084290583, 0.5459874899349322, 0.23180036578688112, 0.5064490084290583, -0.6480506221021394, -0.19795394725716192, 0.31445081609077774, -0.17368925347455844, 0.05597441459962536, 0.03331986831311554], [0.1370451863554455, -0.05906503662985953, -0.40565804256593413, -0.4301914466581225, -0.5228740377582892, 0.22323904417423734, -0.24513138135220386, -0.5228740377582892, 0.20017667299968525, 0.6774291287399689, 0.3292324045649705, 0.5804910916659187, 0.14891846988787283, 0.13387558491306079]], "inverted": true, "swapped": false, "error_lsq": 0.05316644838549488, "error_max": 0.4089870177855549, "target": "844.xyz", "model": "0.xyz", "model_rescale": 3.8414455957264533, "target_rescale": 3.875428830441861},
{"mapping": [6, 9, 13, 8, 12, 1, 10, 11, 7, 2, 5, 4, 0, 14], "R": [[-0.8932420595563688, 0.33824461277787454, 0.29615739897264515], [-0.26408835493897176, 0.13834596619594292, -0.9545248736533475], [-0.363835077782674, -0.9308334843375893, -0.03424997242070138]], "T": [-0.06297901776578911, -0.05241317086515176, 0.07041032694586767], "aligned_model": [[-0.7868556382893228, -0.06640201028707683, 0.347792267300195, -0.38152360901668514, -0.15551249942083065, 0.3007353145283577, -0.5903861330118966, 0.3921786534134461, 0.279027089213891, -0.3551778132669681, -0.5665323174571151, 0.13068710403168066, 0.6506088919168188, -0.05967694116358684], [-0.3288088671395885, -0.7125001655189634, -0.3002721681397067, -0.2355453351615585, 0.34012003405003255, 0.7207898048769084, 0.3404954241063267, 0.4549885282039722, -0.5387363454463714, -0.3692110021597462, 0.17833335935117597, 0.0030183043858405673, -0.05239686096939002, 0.037325854968514156], [0.16856954008472638, -0.10216754708362509, -0.5166841028306565, -0.6290854566622144, -0.5773896280393754, 0.20593498874654548, -0.11891973193466994, -0.44109765175870286, 0.3142885645747508, 0.6694626832663587, 0.42749980893266126, 0.5756211934834126, 0.19811962338101552, 0.07046131641823461]], "inverted": false, "swapped": false, "error_lsq": 0.032385739765564796, "error_max": 0.19597000051866123, "target": "844.xyz", "model": "1.xyz", "model_rescale": 4.316132596720782, "target_rescale": 3.875428830441861},
{"mapping": [3, 2, 1, 10, 0, 6, 9, 5, 8, 7, 11, 13], "R": [[-0.9334096508016528, 0.35429758271691714, 0.05674193045082196], [-0.2277573653661137, -0.4628337708739814, -0.8566863387845387], [-0.2772598173407449, -0.8125626889166893, 0.5127073924458829]], "T": [0.05434292629192838, 0.003963277385259494, 0.0700408230752656], "aligned_model": [[-0.12309833604395248, 0.4301103473818635, 0.06707329697417073, -0.5674910954584849, -0.523321712360415, -0.6508050696893712, -0.23142375542929805, 0.01669290645883023, 0.6042314347494624, 0.3072539297852856, 0.2481624797026878, 0.020424128561002113], [-0.6763676281443262, -0.4245011329913238, -0.46720408224337084, 0.389480325161667, -0.2137634025588853, -0.13027696468245586, 0.22643256968192751, 0.6510877403228398, 0.031399100423819895, -0.07432517547672705, 0.6486336158857594, 0.052181462362056265], [0.03846206048598366, 0.1576163053009302, -0.53169991008947, -0.1519973500654889, -0.37258287727497913, 0.22506570219859867, -0.605567959974577, 0.5606912215198688, -0.39860666372350506, 0.7670449487766846, -0.2053791500405096, -0.0337878659041148]], "inverted": true, "swapped": true, "error_lsq": 0.049576684309781426, "error_max": 0.26327093046173544, "target": "844.xyz", "model": "2.xyz", "model_rescale": 3.795458400668931, "target_rescale": 3.875428830441861},
{"mapping": [5, 10, 6, 1, 7, 2, 0, 11, 9, 8, 4, 13], "R": [[-0.7379561667300396, 0.46365444810757894, -0.49035216807429616], [-0.5276761779097491, 0.05651355906088812, 0.8475636075887346], [0.42068818292372456, 0.8842119487952694, 0.2029548776354166]], "T": [0.09188209239421183, 0.10435166001126733, 0.007503355554481776], "aligned_model": [[0.09473451221191781, -0.18323761754643766, -0.6058581217000836, 0.18124688151214308, -0.023860983558043863, 0.20484033784600086, -0.2787037918311772, 0.6093101764276498, 0.22530848904148143, 0.754429489024275, -0.5107846112906729, 0.12587906560651207], [-0.06331923127705658, -0.6067313272613726, -0.12321423926074213, 0.08740791840134851, 0.6684825056960708, 0.6326936526733025, -0.3186739736054652, -0.3417915681681952, -0.5578871527805607, 0.14461114589501126, 0.564875190869301, -0.0006838758919323756], [-0.7879862697300313, -0.049698265732029116, 0.03317838424413303, 0.7664364864381717, -0.4660657926175659, 0.20886756382733984, 0.5181230748531341, -0.2419889770348852, 0.36977336761844753, 0.29415764911618847, -0.009000201165067036, 0.05297441082126413]], "inverted": true, "swapped": true, "error_lsq": 0.04671258347108804, "error_max": 0.27858052483072415, "target": "844.xyz", "model": "3.xyz", "model_rescale": 3.7530521520055578, "target_rescale": 3.875428830441861},
{"mapping": [8, 12, 11, 5, 9, 7, 1, 2, 3, 6, 13], "R": [[-0.520940862399184, 0.5877503079834617, 0.6190074259232604], [0.10783213349771323, 0.7646827032953811, -0.635320859303549], [-0.8467543025388923, -0.26421570495754854, -0.4617328365902298]], "T": [-0.01582482426516541, 0.015490601223652006, 0.053659504255494955], "aligned_model": [[-0.40566806554144597, -0.2476591624944971, 0.27916294951003007, 0.4618113891278114, 0.3341117217610006, -0.24287860805346537, -0.35673418451769223, -0.5815395791145609, -0.35198668022279184, 0.40932957690192173, 0.040250245088894625], [-0.5207274413861545, 0.008047716723080356, -0.38648556620736685, 0.3926147992520641, -0.6430946433812521, 0.675485017754792, -0.4959941925051672, 0.12164847921535726, 0.12124776683996402, 0.2838511454062035, -0.08938972339717467], [-0.234876491788621, -0.644936263370618, -0.4758869057582201, -0.485382604430439, 0.23089465730083839, -0.20856512883506015, 0.507990624632645, 0.08756661095863497, 0.6628748925744828, 0.588928787390952, 0.06422259857072138]], "inverted": false, "swapped": true, "error_lsq": 0.04754649373828912, "error_max": 0.24316509693905228, "target": "844.xyz", "model": "4.xyz", "model_rescale": 3.7855080009869324, "target_rescale": 3.875428830441861},
{"mapping": [14, 15, 10, 9, 3, 4, 2, 5, 8, 13, 12, 6, 7, 16], "R": [[-0.5170187276731011, 0.8369885702265535, -0.1792812554211895], [-0.739785889018875, -0.5422893891122653, -0.3982951881014868], [-0.4305908424988165, -0.07329632846436449, 0.8995661035131346]], "T": [-0.08915219736584125, 0.04442175257466878, 0.09978397065094856], "aligned_model": [[-0.7037039095058433, -0.22044960287737336, 0.32040050298469636, -0.3536051088546188, -0.17297592489178393, 0.33099897354992946, -0.6369893482745302, 0.40167698241223637, 0.2416620161463074, -0.2397288921128593, -0.6430001742251116, 0.2915443041066612, 0.6577136131523487, -0.1345810731191523], [-0.21060029567008481, -0.7497504916170705, -0.3106073084704146, -0.19955372387745673, 0.25266561642167823, 0.6122889125734664, 0.3388562056552477, 0.43684345668730773, -0.5588079489349161, -0.3917194717712363, 0.10968993860471511, 0.07553109620783462, 0.10375832405617832, 0.029006255542196414], [-0.022638848086867003, -0.07733052493665853, -0.38723268771230884, -0.5145894042149465, -0.55750187376757, 0.3188745136653715, -0.29892456512685783, -0.4103093218348627, 0.24805992055050485, 0.658331310005919, 0.48972979436418357, 0.629103770556708, 0.09345117981785249, 0.07559033729799348]], "inverted": false, "swapped": false, "error_lsq": 0.03238118131897548, "error_max": 0.2001091379270462, "target": "844.xyz", "model": "5.xyz", "model_rescale": 4.2253639853439635, "target_rescale": 3.875428830441861},
{"mapping": [6, 3, 0, 7, 12, 8, 11, 9, 4, 2, 5, 10, 1, 13], "R": [[-0.012331273408695664, -0.2353785312104421, 0.9718255433673961], [0.08821371393366668, -0.9683660627212146, -0.23342131274551994], [0.9960252408298442, 0.08284995844916002, 0.032704801097442004]], "T": [-0.019769017409282663, -0.00015190031762540163, 0.04190268936775978], "aligned_model": [[-0.6208181938690085, -0.2379745375208685, 0.4127652785932711, -0.31910168911598147, -0.4356704706225, 0.17523435572826915, -0.6232700625373138, 0.34897803561380897, 0.31301397766483446, -0.276816145527495, -0.40299693351315696, 0.15572487824924935, 0.6898568187363301, -0.03996295338853257], [-0.2160236475900701, -0.6595041832689045, -0.2988917893465734, -0.36722543192063495, 0.2743870663659324, 0.6726437982204682, 0.47142492112583345, 0.3565514701695828, -0.5722285940625684, -0.36148683497442435, 0.2120360236098568, 0.10631137792063727, -0.023113696460046705, -0.057279914381642455], [-0.03462994634888201, -0.10179974853122117, -0.5636806746797893, -0.5945312742705234, -0.7473995983880085, 0.2768165205746651, -0.09577657130662931, -0.28883095551167154, 0.2926915385414831, 0.5454257285228502, 0.49890806757321554, 0.7944848691743863, 0.22793954203631112, 0.03499610319227498]], "inverted": true, "swapped": false, "error_lsq": 0.03879357465819239, "error_max": 0.24955256657241687, "target": "844.xyz", "model": "6.xyz", "model_rescale": 3.89814844738969, "target_rescale": 3.875428830441861},
{"mapping": [3, 1, 9, 4, 10, 8, 2, 6, 7, 12, 11, 5, 13], "R": [[-0.8142894173082279, 0.13185767370573478, 0.5652842636627511], [0.4790751715955063, -0.39721036136718774, 0.7827585252063911], [0.32774948485171246, 0.9082056389978319, 0.26027445604971877]], "T": [-0.08021420517318067, 0.06301209558138708, -0.015820598220756845], "aligned_model": [[-0.1632774429178105, -0.014655079111688077, 0.5155106597474444, -0.27206249278231176, 0.6708322520994894, -0.3401997235342527, -0.5853782941180645, 0.39967948549198146, -0.6052349104013597, -0.5500757744231078, 0.10167232048676811, -0.016177919629419668, 0.007998719996553924], [-0.4201286458839798, 0.14496916270459922, 0.439717034880597, -0.670985182524473, 0.08604364903121046, 0.6553086556468317, -0.03984216534016709, -0.491874292719767, -0.2582896465189827, 0.5308059725144515, 0.7153208171454624, 0.13803819176885018, 0.13469771476585274], [-0.5208040467776396, -0.7729452201987841, -0.31716373179760143, -0.013903344094995797, 0.12560309720569235, -0.33885755923206934, -0.27405037003213767, 0.01719445458726145, 0.40492428694044513, 0.30392554781226067, 0.24957090460588668, 0.7911464686686916, -0.0523654568507141]], "inverted": false, "swapped": true, "error_lsq": 0.039408319328338146, "error_max": 0.2683093401629048, "target": "844.xyz", "model": "7.xyz", "model_rescale": 3.7474275329858107, "target_rescale": 3.875428830441861},
{"mapping": [7, 6, 3, 5, 8, 13, 9, 2, 0, 10, 11, 12, 1, 14], "R": [[-0.32810324897292364, -0.1673331174177391, 0.929703117037193], [-0.9319376578672507, -0.10352878228357704, -0.3475255286849917], [0.154403561689214, -0.980449600466103, -0.1219759037004613]], "T": [-0.019435089356802673, 0.031822822553091296, 0.060644953911676874], "aligned_model": [[-0.6253357848994043, -0.2138705362907677, 0.1440477232680294, -0.4372432524975049, -0.10885636920030026, 0.12801464595284834, -0.7166373608879564, 0.6228760183094237, 0.31426721369502514, -0.27543079178568886, -0.5058655020812854, 0.07173037453680656, 0.7201507972412944, 0.021115183130386676], [-0.278355245948953, -0.7395898471225243, -0.3650887047796729, -0.23342260066465317, 0.31744039041968697, 0.847027612798284, 0.2616471718553318, 0.28341900032317724, -0.5342631768917504, -0.4598456909926385, 0.19905690943182666, 0.21426037314480875, -0.05014680249617287, 0.07546117633069585], [0.08412994668045892, -0.12389622966877326, -0.5136974060368635, -0.457141361373808, -0.5522471699516062, 0.4096600742302299, -0.14289914727526412, -0.42177115293998557, 0.1096618060892924, 0.5783240367554169, 0.40978413726466556, 0.6429232526027007, 0.1659802137444704, 0.055802600457527274]], "inverted": true, "swapped": false, "error_lsq": 0.0444257146357376, "error_max": 0.27793761361014024, "target": "844.xyz", "model": "8.xyz", "model_rescale": 4.019505241142653, "target_rescale": 3.875428830441861},
{"mapping": [3, 7, 6, 0, 1, 9, 10, 2, 8, 12, 5, 11, 13], "R": [[0.45067050388151575, 0.5321730251489599, -0.716720285910051], [-0.015322360315114025, -0.798146975215831, -0.602267906523495], [-0.8925588620396723, 0.2824062273704745, -0.3515471526507097]], "T": [-0.07951762569204328, -0.06937051366876451, 0.01839828797431708], "aligned_model": [[-0.18223358564290054, -0.8138779429874282, -0.06612161504451032, 0.4297070671090199, 0.348641950699029, 0.6822333272335785, 0.39764004008192866, -0.37657933112255615, 0.21118144820858592, -0.2911356505619482, -0.3515003008106581, 0.2932048109411554, 0.03854055363788052], [-0.6312453295907203, 0.02427139824604363, 0.07805434766792163, -0.24033056833411648, -0.6990244544039517, -0.017552735444874124, 0.3851155875271388, -0.5338135702638784, -0.37262699744566036, 0.08624318164246225, 0.6860099014371228, 0.35024106610134526, -0.05196359902477444], [-0.3927937397314366, 0.1070206638119168, -0.700888378892681, -0.5187050111880214, -0.04844440143913423, -0.04981324849772861, -0.36937076813652747, 0.18721582600367745, 0.6068624895047486, 0.7060324878500824, 0.1462703370284859, 0.48102787368067224, 0.022289364049824633]], "inverted": true, "swapped": true, "error_lsq": 0.050641770558837944, "error_max": 0.33877455375923743, "target": "844.xyz", "model": "9.xyz", "model_rescale": 3.877068213659057, "target_rescale": 3.875428830441861},
{"mapping": [0, 5, 4, 1, 7, 14, 8, 2, 3, 12, 11, 6, 13, 15], "R": [[0.0159042966600762, 0.4804842514256833, -0.876859132061501], [0.6247700945799326, -0.689465994515184, -0.36646824054175586], [-0.7806467717644968, -0.5420069432572694, -0.3111576629211963]], "T": [-0.005131593087351019, 0.045154030031565776, 0.0872114676445795], "aligned_model": [[-0.7467011638478143, -0.24147369330532586, 0.3177346420922925, -0.4481494208714145, -0.11547688646830902, 0.3650477962012587, -0.5671454358960759, 0.3098348234325943, 0.3171510708956438, -0.3391081862267384, -0.6253338310659685, 0.25479643207752006, 0.7458378984438433, -0.08805168697059933], [-0.24279508491510055, -0.6876677201974055, -0.22660407572183627, -0.404456072391387, 0.11759784482465356, 0.6704486052855971, 0.4305925142946097, 0.4733775562114032, -0.5003958771732208, -0.4031659925564754, 0.22947191316090543, -0.12576418241032122, 0.19594342541028065, 0.011017711585742995], [0.1176403118119778, -0.04736243880995335, -0.44193464250196285, -0.5081813188990149, -0.7183084758352224, 0.3726855654930146, -0.27459034433053336, -0.3099989627826632, 0.12285590582359436, 0.5828565102861825, 0.4422204509516745, 0.6196858440369163, 0.19183401298912867, 0.09521118234532275]], "inverted": true, "swapped": false, "error_lsq": 0.03513338711822392, "error_max": 0.18515785351882247, "target": "844.xyz", "model": "10.xyz", "model_rescale": 4.260839863003843, "target_rescale": 3.875428830441861},
{"mapping": [9, 8, 2, 1, 4, 6, 10, 11, 12, 7, 5, 13], "R": [[-0.3275139643653356, -0.04411992984101343, -0.9438156784756893], [0.5732408440646762, -0.8033402155598816, -0.16136738443756382], [-0.751085572915443, -0.5938837679672909, 0.2883964845542569]], "T": [-0.06585128312698538, 0.008467117428332904, -0.037592217274497734], "aligned_model": [[0.3089331195696131, 0.25641981527659896, -0.3954076381675393, -0.2736033818868934, -0.7619713046049053, -0.40930929039346375, 0.2147358118008316, 0.6608864893961027, 0.34251853423804623, -0.3257728752171746, 0.33468245513751216, 0.006786913945401707], [0.05201133093473495, -0.6295520942795245, -0.4295844693524317, -0.4282614073473942, 0.2252894181725033, 0.6057127287729327, 0.5788950972659668, -0.020754059209202928, -0.335496821505738, 0.05566651582291632, 0.4869564341141857, 0.012195832143985782], [-0.7048575041705665, -0.14637359264588085, 0.1411695990348864, -0.6295043004209956, 0.17208956826333827, -0.2917990797865092, -0.4624271229055416, -0.04210431677339801, 0.46912417720593375, 0.6596314136652681, 0.48350864277939326, -0.13227940685042355]], "inverted": true, "swapped": true, "error_lsq": 0.04304276652413506, "error_max": 0.24474970691690637, "target": "844.xyz", "model": "11.xyz", "model_rescale": 3.890672605050136, "target_rescale": 3.875428830441861},
{"mapping": [10, 9, 6, 11, 1, 3, 2, 0, 5, 12, 4, 7, 8, 13], "R": [[-0.2608529566049124, -0.9379196176561114, -0.2286099863223163], [0.9124907177928295, -0.16224359509898253, -0.3755498712438655], [0.3151450855913864, -0.3065677847804159, 0.8981646666187812]], "T": [-0.02138248661741842, -0.0763297392188936, -0.0981641124530351], "aligned_model": [[-0.8513386850080705, -0.04403479304285809, 0.2737768682188603, -0.44124864697291594, -0.01906459215598793, 0.3227017384576291, -0.6741781842520586, 0.16173463050547882, 0.30215687608933955, -0.31075413316969797, -0.39831525677635243, 0.19211796523169938, 0.6773985981500505, -0.0519900267842095], [-0.23021632948747733, -0.8536979519620755, -0.24946293231854605, -0.2625980329791204, 0.3925836779750407, 0.6428063665166769, 0.18042951909282254, 0.4726659993576511, -0.5951866629036662, -0.3609166898353737, 0.43310867245107454, -0.0465169780222465, 0.05251779625238365, -0.03791588872969762], [0.1968479729451859, -0.1298808407124286, -0.5618064278657976, -0.4011140984626694, -0.7189806110506571, 0.36821820226742813, -0.2143389552014065, -0.21549416055925963, 0.3825457328369678, 0.5266610346525439, 0.20091988130228705, 0.7267558391825496, 0.021394885586887402, 0.06288514565683022]], "inverted": false, "swapped": false, "error_lsq": 0.05445891240852866, "error_max": 0.3846736483000502, "target": "844.xyz", "model": "12.xyz", "model_rescale": 4.124412569039231, "target_rescale": 3.875428830441861},
{"mapping": [11, 5, 7, 9, 12, 8, 10, 1, 6, 0, 2, 4, 13], "R": [[0.6243026296869371, -0.0355913906656013, -0.780371372794046], [-0.3537470491805442, 0.8777879648157831, -0.3230345399808251], [0.6964978476363248, 0.4777253831806033, 0.5354149853178496]], "T": [0.17829930508385844, 0.12156592019764202, -0.0014374868566907678], "aligned_model": [[-0.19757227454960585, 0.06999675174488823, 0.761925084558114, -0.49296043851344856, 0.4775572971635272, 0.260052702244714, -0.549553259699733, 0.1146864733300609, -0.11548314593908199, -0.3139101763317528, 0.6988905362796489, 0.5797496919846546, 0.07391906523777189], [-0.18263992604052026, 0.5598010719514023, 0.5044256322509996, -0.21706443357373206, -0.1520791163866706, -0.5855140289500083, 0.35438943470138673, -0.3792719007582579, 0.6752447724779345, 0.12510880997408697, -0.06508396198943904, 0.646185044149121, 0.0639839787021747], [0.5418868959535764, 0.6746881795154348, 0.26068309456305927, -0.1509107294835303, 0.6128927594980319, 0.12550695204582402, -0.026452484283959583, -0.575342999814325, -0.38408412800564634, -0.5799998053299845, -0.16452936979569938, -0.3744975453329822, -0.008142738561960128]], "inverted": false, "swapped": true, "error_lsq": 0.04296740681195589, "error_max": 0.2690154007453975, "target": "844.xyz", "model": "13.xyz", "model_rescale": 3.9028299243045295, "target_rescale": 3.875428830441861},
{"mapping": [7, 10, 5, 4, 0, 2, 3, 8, 13, 9, 6, 11, 12, 15], "R": [[0.9024602915232166, 0.3652798189751138, -0.2283332566082717], [-0.21282735657037327, -0.08276409993625289, -0.9735782557437327], [-0.3745262854848748, 0.927211279920197, 0.0030502245248505075]], "T": [-0.027456353896080116, 0.01730931418822245, 0.05590864573259802], "aligned_model": [[-0.8020539808745336, -0.21861730911831403, 0.2682253817526543, -0.3252669436111213, -0.16282987958496145, 0.10284751134426992, -0.548037045441553, 0.5140843163681844, 0.5097318448836048, -0.4451240291416193, -0.4882514464924461, 0.1999491095109972, 0.6422962249935765, -0.10799139609783186], [-0.4448981940213822, -0.6916404583844225, -0.1937184088628799, -0.20501351659949824, 0.4372491903488005, 0.7399631905650935, 0.2903239473089257, 0.33075716666376814, -0.5660382707952628, -0.2935176342545829, 0.2904672500185028, -0.10622331564578957, -0.0162720382163832, -0.033838342717443785], [0.1395190007802049, -0.07137179744973945, -0.30484257735995335, -0.5108758683879118, -0.6459039490514574, 0.0016680039896120324, -0.1518127997903814, -0.39685100991907685, -0.005620095364607676, 0.6301784234855131, 0.4527220615608483, 0.7479224699563858, 0.24176898255091422, 0.11811275557811135]], "inverted": false, "swapped": false, "error_lsq": 0.044382123213591744, "error_max": 0.33755710329844657, "target": "844.xyz", "model": "14.xyz", "model_rescale": 3.942246331269136, "target_rescale": 3.875428830441861},
{"mapping": [7, 9, 10, 6, 11, 12, 8, 4, 5, 2, 0, 1, 3, 14], "R": [[0.6796359152990737, -0.7310904314870313, -0.060015028315386604], [-0.5147919660281463, -0.5336413454767309, 0.6709814797076445], [-0.5225746399783157, -0.42512785769211914, -0.7390413048440818]], "T": [0.005476196654056277, 0.015217270218785883, -0.06490334490588913], "aligned_model": [[-0.7515436075236683, -0.19347334329756483, 0.26778012928658734, -0.4169537237292644, -0.16820680314473907, 0.23965498945468142, -0.6786701443247972, 0.47438838762328317, 0.23232680059758157, -0.2979827475074177, -0.4829342476041545, 0.28756426781202427, 0.6553473755074951, -0.02833497465913956], [-0.3619954334240773, -0.7477549651048949, -0.3476765585997421, -0.12540755006601814, 0.3214191236236184, 0.6818759791058693, 0.3716350167331511, 0.14327001463459738, -0.37279434004762213, -0.40217457056097333, 0.0907052754662992, 0.16242432797989848, 0.09131025149319247, 0.0327639941741479], [0.06004104441271928, -0.22755252200367143, -0.6203358178259546, -0.4033808354768704, -0.6895517781936763, 0.3459527333383026, -0.12614957240325536, -0.39260416689238165, 0.38316512305190087, 0.4975418871819772, 0.47959117469142154, 0.6803468399557533, 0.23246047198692188, 0.02508901875527471]], "inverted": false, "swapped": false, "error_lsq": 0.04562267242238858, "error_max": 0.30731966570152547, "target": "844.xyz", "model": "15.xyz", "model_rescale": 4.355366556412066, "target_rescale": 3.875428830441861},
{"mapping": [3, 2, 1, 10, 0, 6, 9, 5, 8, 7, 11, 13], "R": [[-0.9334096508016528, 0.35429758271691714, 0.05674193045082196], [-0.2277573653661137, -0.4628337708739814, -0.8566863387845387], [-0.2772598173407449, -0.8125626889166893, 0.5127073924458829]], "T": [0.05434292629192838, 0.003963277385259494, 0.0700408230752656], "aligned_model": [[-0.12309833604395248, 0.4301103473818635, 0.06707329697417073, -0.5674910954584849, -0.523321712360415, -0.6508050696893712, -0.23142375542929805, 0.01669290645883023, 0.6042314347494624, 0.3072539297852856, 0.2481624797026878, 0.020424128561002113], [-0.6763676281443262, -0.4245011329913238, -0.46720408224337084, 0.389480325161667, -0.2137634025588853, -0.13027696468245586, 0.22643256968192751, 0.6510877403228398, 0.031399100423819895, -0.07432517547672705, 0.6486336158857594, 0.052181462362056265], [0.03846206048598366, 0.1576163053009302, -0.53169991008947, -0.1519973500654889, -0.37258287727497913, 0.22506570219859867, -0.605567959974577, 0.5606912215198688, -0.39860666372350506, 0.7670449487766846, -0.2053791500405096, -0.0337878659041148]], "inverted": true, "swapped": true, "error_lsq": 0.049576684309781426, "error_max": 0.26327093046173544, "target": "844.xyz", "model": "16.xyz", "model_rescale": 3.795458400668931, "target_rescale": 3.875428830441861},
{"mapping": [3, 1, 9, 4, 10, 8, 2, 6, 7, 12, 11, 5, 13], "R": [[-0.8142894173082279, 0.13185767370573478, 0.5652842636627511], [0.4790751715955063, -0.39721036136718774, 0.7827585252063911], [0.32774948485171246, 0.9082056389978319, 0.26027445604971877]], "T": [-0.08021420517318067, 0.06301209558138708, -0.015820598220756845], "aligned_model": [[-0.1632774429178105, -0.014655079111688077, 0.5155106597474444, -0.27206249278231176, 0.6708322520994894, -0.3401997235342527, -0.5853782941180645, 0.39967948549198146, -0.6052349104013597, -0.5500757744231078, 0.10167232048676811, -0.016177919629419668, 0.007998719996553924], [-0.4201286458839798, 0.14496916270459922, 0.439717034880597, -0.670985182524473, 0.08604364903121046, 0.6553086556468317, -0.03984216534016709, -0.491874292719767, -0.2582896465189827, 0.5308059725144515, 0.7153208171454624, 0.13803819176885018, 0.13469771476585274], [-0.5208040467776396, -0.7729452201987841, -0.31716373179760143, -0.013903344094995797, 0.12560309720569235, -0.33885755923206934, -0.27405037003213767, 0.01719445458726145, 0.40492428694044513, 0.30392554781226067, 0.24957090460588668, 0.7911464686686916, -0.0523654568507141]], "inverted": false, "swapped": true, "error_lsq": 0.039408319328338146, "error_max": 0.2683093401629048, "target": "844.xyz", "model": "17.xyz", "model_rescale": 3.7474275329858107, "target_rescale": 3.875428830441861},
{"mapping": [5, 8, 0, 4, 6, 7, 9, 2, 3, 10, 12, 11, 1, 13], "R": [[-0.25536553725130245, -0.32372515834962273, 0.9110381244689301], [-0.5236282407441332, -0.7458167278339021, -0.41178984200479707], [0.8127742047331215, -0.5822022246046843, 0.020944254243083882]], "T": [-0.03314450852609468, -0.024025308003311298, 0.0686403853905225], "aligned_model": [[-0.7255008368707689, -0.12327857105819084, 0.368024661348978, -0.4831217444072771, -0.20952305204216767, 0.11046951784068823, -0.47364510448296515, 0.33228294512658657, 0.3336834797429686, -0.32306668217259743, -0.5555429906900389, 0.22000632506630297, 0.6554357764328682, 0.012738634656520358], [-0.2251996903016532, -0.7176077523685077, -0.30766481314778366, -0.3122797243722692, 0.2624897934068236, 0.6413665501978447, 0.4056187763408557, 0.3824230405420595, -0.5226508052028268, -0.4306702535444565, 0.33664710110655205, 0.021211586742799902, 0.006061758155937867, -0.0021450021479303416], [0.12687713648685162, -0.09771373947134993, -0.6079350494606205, -0.5666986584696262, -0.6254766922782384, 0.3912050587610437, -0.19420814819066265, -0.38423403416896296, 0.3468471823496232, 0.5451111525498339, 0.4639278282130772, 0.7436255264204995, 0.1275502863023325, -0.024264248465339422]], "inverted": true, "swapped": false, "error_lsq": 0.03611904162773999, "error_max": 0.2023721790335807, "target": "844.xyz", "model": "18.xyz", "model_rescale": 3.922800546911778, "target_rescale": 3.875428830441861},
{"mapping": [11, 7, 3, 9, 2, 1, 10, 0, 12, 13, 4, 8, 5, 14], "R": [[-0.8504690853300629, 0.48602805811402705, -0.20119408943543565], [-0.10994752775205006, -0.538277086186512, -0.8355652695198446], [-0.5144063335915086, -0.6885016377703588, 0.5112256045509413]], "T": [-0.038368584148392865, 0.03995238509050157, 0.11742978076150784], "aligned_model": [[-0.6636214417914316, -0.1950491998438614, 0.2601079298349953, -0.41955687864136637, -0.19147039073521496, 0.2200873318077173, -0.7471497641999428, 0.5836585442138635, 0.41195087783421336, -0.2806389057447311, -0.6376912103610489, 0.1408853094083081, 0.7159496387607417, -0.05849948205133529], [-0.29943439805917443, -0.6820693057526909, -0.2787220984562573, -0.09151806578932457, 0.35890990058361855, 0.7290565503566926, 0.35918484781477417, 0.1805603075753764, -0.5955861586149377, -0.44038666817040617, 0.13617357169841832, 0.1478598974109559, 0.05312666878676965, -0.03955448397636828], [0.08397700507198774, -0.1864565165206855, -0.3500181711236578, -0.589786021240948, -0.5054304787815902, 0.03793756192268155, -0.09779224601789496, -0.4227130701518134, 0.2265956462643221, 0.5445049872605586, 0.511664497712583, 0.692420793257523, 0.23303331453972087, 0.06667629838567427]], "inverted": false, "swapped": false, "error_lsq": 0.043518471437664484, "error_max": 0.31221586097680615, "target": "844.xyz", "model": "19.xyz", "model_rescale": 3.9282355846067225, "target_rescale": 3.875428830441861},
{"mapping": [4, 6, 7, 8, 9, 10, 11, 12, 5, 3, 0, 1, 2, 13], "R": [[0.930569872448238, -0.33609433454706095, -0.14519060154513652], [-0.030912050265631735, -0.46728375277934464, 0.8835668279970833], [-0.36480701424183903, -0.8177325312556795, -0.44522954718452146]], "T": [-0.061615950158554894, -0.10937676278517021, -0.06787832879813953], "aligned_model": [[-0.6811320353731236, -0.044513843380575915, 0.4792027785311257, -0.5790041061554222, -0.22281638417035612, 0.23635774916897342, -0.5249161160997051, 0.33473433117645246, 0.28023877676382114, -0.3488384990083201, -0.47162036535491825, 0.08627729493546535, 0.6359667753004337, -0.04097399784294382], [-0.17813538998174028, -0.7571040535488514, -0.21687700409583155, -0.2719923935614852, 0.28521077927435295, 0.6738844320199736, 0.435606055883421, 0.397191942841771, -0.5801527882841875, -0.4708099813720928, 0.2230505315418123, -0.024527381022341657, 0.0535976316926592, -0.031341815980013954], [0.03623658985557854, -0.15154988191364194, -0.3578034522287416, -0.6012517737591427, -0.6126167219407705, 0.13199143933339036, -0.026527936769833713, -0.6238360126488721, 0.31837991609090904, 0.5264484374472476, 0.5334414378009374, 0.6617989743822722, 0.33898024398320425, 0.07092234094592488]], "inverted": false, "swapped": false, "error_lsq": 0.04559258247370442, "error_max": 0.2537028624445217, "target": "844.xyz", "model": "20.xyz", "model_rescale": 4.067790424073018, "target_rescale": 3.875428830441861},
{"mapping": [1, 9, 0, 7, 8, 6, 5, 2, 12, 10, 13, 11, 3, 14], "R": [[-0.27577942346710294, 0.9095391603555613, 0.3109408711826942], [0.9528672484049597, 0.3012388981618794, -0.03604348972252239], [-0.126450450807077, 0.28634531952507514, -0.9497455667055097]], "T": [-0.0487421051068567, 0.07744835534719474, -0.018939235458215454], "aligned_model": [[-0.7840754216099037, -0.28312355412073176, 0.33997870178945344, -0.28644733957875845, -0.34336748842452314, 0.22996524466220278, -0.5243889880804236, 0.5000194239906485, 0.31805422331166133, -0.4220161831479081, -0.4906176824953653, 0.17774589707271438, 0.7784252008216118, -0.07118967569977153], [-0.27431994881354316, -0.660360522477247, -0.15037112303171155, -0.4041543904353498, 0.14628559026208277, 0.7080106195358292, 0.4227161479195825, 0.43963722688161555, -0.5359110870088372, -0.39363373629720955, 0.1559829961555766, 0.007688697333600364, 0.05369772775515066, 0.022332367627906614], [-0.11300875819181382, 0.05000491317301013, -0.5679860905425547, -0.5368378490575936, -0.5022871591314677, 0.24989221147718566, -0.0738602240473367, -0.36736704298528816, 0.25722107093841284, 0.5378685834058919, 0.5183705349516184, 0.5826162723394283, 0.1784820712511745, 0.031505066997794706]], "inverted": true, "swapped": false, "error_lsq": 0.03810593051378266, "error_max": 0.26336700531809526, "target": "844.xyz", "model": "21.xyz", "model_rescale": 4.186013935880536, "target_rescale": 3.875428830441861},
{"mapping": [3, 1, 0, 7, 12, 4, 2, 8, 10, 9, 11, 5, 13], "R": [[-0.3992883170451585, 0.8062056541441877, -0.4365790685513765], [-0.6323286835608158, 0.10264680831490308, 0.7678698253538874], [0.6638744428109059, 0.5826629179626124, 0.4688012886221659]], "T": [0.0594253118228285, -0.0649184485054145, 0.039298071818029426], "aligned_model": [[0.2100493602492144, -0.3676521929180509, 0.10536907367323377, 0.4418327551605463, -0.27054201640676667, 0.6512250005354394, -0.07203125504540564, -0.6515091243757152, 0.24742655175387387, -0.2989672286982713, -0.3341449238969175, 0.4007936740289032, -0.003275638636858154], [-0.312549267128936, -0.04571464085133441, 0.41493617169678476, -0.6168222570055667, -0.36932622852044905, -0.4383026390215474, -0.5997729666223823, -0.19045388380107514, 0.676028736706877, 0.579545019211534, 0.30079959966613923, 0.08529116863784858, 0.035297846578200454], [-0.6020474938080358, -0.5943332656193208, -0.5477673387098112, 0.36345010748536505, 0.6226470833234746, -0.253821051237801, -0.13129555724259867, 0.07896726533701028, 0.023338824511668757, -0.17004383943747586, 0.5295784049080714, 0.7616761724149045, 0.022530249409895273]], "inverted": false, "swapped": true, "error_lsq": 0.05669435309131542, "error_max": 0.35092024900766783, "target": "844.xyz", "model": "22.xyz", "model_rescale": 4.166573947596378, "target_rescale": 3.875428830441861},
{"mapping": [4, 2, 6, 1, 5, 10, 0, 13, 12, 3, 8, 9, 14, 15], "R": [[0.5902739865104518, 0.5910483013564946, 0.5497622452594042], [-0.7210892058273112, 0.08001046867394346, 0.6882068599933552], [0.3627767606785151, -0.8026582276200614, 0.4734266485374742]], "T": [-0.02810932537828096, -0.08373849020101784, 0.11959858890413073], "aligned_model": [[-0.7516224329329793, -0.3040923739755306, 0.14528281826206482, -0.3920313031589073, 0.005673738553360848, 0.253723470807568, -0.6807545333687707, 0.4579178510016088, 0.5308240860015183, -0.32106627682314653, -0.5746828981494637, 0.11313442418397571, 0.7082967072151534, -0.05164091912554479], [-0.2015591099668151, -0.6602924257856965, -0.49745653167658066, -0.22816908471170036, 0.2924170980438675, 0.6093316858393929, 0.23824140311900546, 0.4762298049812411, -0.4225012609104406, -0.44984628643419156, 0.2978487883030927, -0.0091878926074834, 0.17699163034369172, -0.08444725312993719], [0.16960456973783283, -0.09070632173249223, -0.4951210046084675, -0.4760520287608471, -0.6209604291524184, 0.15373418881768502, -0.2507241671110663, -0.28908983900472274, 0.07253924282036009, 0.49585376581666696, 0.5775588695542729, 0.6983399628270044, 0.2449130837600122, 0.05472370761464085]], "inverted": false, "swapped": false, "error_lsq": 0.04378009258960725, "error_max": 0.27846364032370396, "target": "844.xyz", "model": "23.xyz", "model_rescale": 4.274766983524099, "target_rescale": 3.875428830441861},
{"mapping": [5, 2, 4, 6, 3, 0, 10, 9, 11, 8, 13], "R": [[-0.7924500990514819, -0.09844655789692877, -0.6019394618660114], [-0.5529514117678022, 0.5324730750206128, 0.6408721874150006], [0.25742489533316576, 0.8407025036339192, -0.4763945042151191]], "T": [0.03717459520722337, 0.1931496067674605, -0.04946046143295169], "aligned_model": [[0.48754072544402155, -0.029401169724091195, -0.5016237707582887, -0.5366806031494467, -0.5861620966728164, -0.5077831066098925, -0.0919302144474249, 0.016556980246980144, 0.6477804551193385, 0.4304806885065173, 0.051116816003178016], [-0.24387515186751108, 0.7628313831050793, 0.3801292011520528, -0.23196044473417032, 0.5155896974183023, -0.11099760016564536, -0.5367680220715714, -0.20085245950600872, -0.10838727934087578, 0.559260985893804, 0.13061622136002743], [-0.5662825943714596, -0.10847496839198004, -0.5497567713388091, -0.22051164501656084, 0.003610409502550309, 0.3835899533752826, 0.1380338006079337, 0.6077607310560142, 0.20599602483205703, 0.43430946120601566, 0.051292032560533544]], "inverted": true, "swapped": true, "error_lsq": 0.05550978756308888, "error_max": 0.31296774698853186, "target": "844.xyz", "model": "24.xyz", "model_rescale": 3.7841303162186577, "target_rescale": 3.875428830441861},
{"mapping": [2, 4, 3, 5, 12, 10, 9, 13, 6, 1, 8, 7, 11, 15], "R": [[-0.881918516412033, -0.34618514523570343, -0.3199618346424052], [0.35950947315606974, -0.9329581009627675, 0.01849650126354408], [-0.30491419960481364, -0.09871690364918245, 0.9472498634538166]], "T": [-0.07254671155138673, 0.062060397678170384, 0.1409848425341501], "aligned_model": [[-0.7424275612792324, -0.2525475793322758, 0.2849238325753971, -0.3525044977304653, -0.24034407338878455, 0.12371155860937016, -0.4391213390531562, 0.3817169767019567, 0.3682550285450812, -0.41117863407271515, -0.5883303410507286, 0.3461479519580659, 0.688992692008156, -0.02833165599976223], [-0.10027787600758271, -0.6452184454546753, -0.40976910255816396, -0.34028071513630126, 0.2334250854092178, 0.7465627658793286, 0.4730178341060377, 0.26907106288127014, -0.5079861064671192, -0.4121337778982937, -0.021196292887812246, 0.10967536948999657, 0.13335901029173897, 0.00935175375980487], [-0.16511801598215103, -0.014130174511736732, -0.4054523637591104, -0.5863967714351647, -0.5784942020442072, 0.45434454734271745, -0.05618953826289491, -0.4613365694193683, 0.19358960736291436, 0.6030505291005412, 0.41755916284489203, 0.6361950537660315, 0.07463867589098791, 0.13235365968501003]], "inverted": true, "swapped": false, "error_lsq": 0.045488261881900624, "error_max": 0.2862228212827586, "target": "844.xyz", "model": "25.xyz", "model_rescale": 4.19342608120988, "target_rescale": 3.875428830441861},
{"mapping": [3, 2, 1, 10, 0, 6, 9, 5, 8, 7, 11, 13], "R": [[-0.9334096508016528, 0.35429758271691714, 0.05674193045082196], [-0.2277573653661137, -0.4628337708739814, -0.8566863387845387], [-0.2772598173407449, -0.8125626889166893, 0.5127073924458829]], "T": [0.05434292629192838, 0.003963277385259494, 0.0700408230752656], "aligned_model": [[-0.12309833604395248, 0.4301103473818635, 0.06707329697417073, -0.5674910954584849, -0.523321712360415, -0.6508050696893712, -0.23142375542929805, 0.01669290645883023, 0.6042314347494624, 0.3072539297852856, 0.2481624797026878, 0.020424128561002113], [-0.6763676281443262, -0.4245011329913238, -0.46720408224337084, 0.389480325161667, -0.2137634025588853, -0.13027696468245586, 0.22643256968192751, 0.6510877403228398, 0.031399100423819895, -0.07432517547672705, 0.6486336158857594, 0.052181462362056265], [0.03846206048598366, 0.1576163053009302, -0.53169991008947, -0.1519973500654889, -0.37258287727497913, 0.22506570219859867, -0.605567959974577, 0.5606912215198688, -0.39860666372350506, 0.7670449487766846, -0.2053791500405096, -0.0337878659041148]], "inverted": true, "swapped": true, "error_lsq": 0.049576684309781426, "error_max": 0.26327093046173544, "target": "844.xyz", "model": "26.xyz", "model_rescale": 3.795458400668931, "target_rescale": 3.875428830441861},
{"mapping": [6, 7, 4, 0, 1, 11, 5, 10, 12, 2, 9, 8, 13], "R": [[-0.28782645299856013, -0.053216890537131994, 0.9562028527022007], [-0.24296753978073715, 0.9698451883260902, -0.019159470076866733], [-0.9263491283350805, -0.23784085696593293, -0.29207707748220685]], "T": [-0.02856605581465009, -0.07257212253200362, -0.031183829902336042], "aligned_model": [[-0.05004003273832207, 0.5328759554094029, 0.5822309288079189, -0.3169532654776013, -0.05026910634761794, -0.6084993847922439, -0.2108408429294671, -0.6348521192877952, 0.0027566512377713986, 0.4517426935973823, -0.6919815922888899, -0.16878606689420128, -0.1377074354750806], [-0.5366464063252844, -0.4082356383499125, -0.39289086810280116, 0.004009752263399877, 0.5519473211943642, -0.0041503103406584085, -0.6964831597581235, -0.4097770268707261, 0.06248016847118584, 0.23896738337439827, 0.17438216644865762, 0.5724963081185955, -0.034218186866180944], [-0.5999199544898998, 0.32661594785862186, -0.3472287482299018, -0.7297431443318438, -0.47136231083027447, 0.4024263818953199, 0.4571155942517455, -0.35260560388842466, 0.6917396585628934, 0.037365512157496276, -0.32528553892437295, 0.26374943589364364, -0.06073056782557701]], "inverted": true, "swapped": true, "error_lsq": 0.05040671034292696, "error_max": 0.27232508919235904, "target": "844.xyz", "model": "27.xyz", "model_rescale": 3.6321398670334006, "target_rescale": 3.875428830441861},
