[{"mapping": [5, 8, 0, 12, 11, 7, 3, 4, 6, 9, 2, 10, 13], "R": [[0.3370749501844072, 0.8378763441518551, -0.4293526637496285], [0.8116497681204458, -0.48970775439323994, -0.3184508897729085], [-0.4770797961224163, -0.24114217216789832, -0.8451303573614791]], "T": [0.0053211593071681145, -0.17560213012477272, -0.12136970694903071], "aligned_model": [[-0.5258688884310627, -0.40967265806436964, 0.6643271637194484, -0.041906754259304145, -0.6544226485223441, -0.0550738979833468, 0.2809495118284344, 0.25956115444370725, 0.03878827290998993, 0.27154022680603856, 0.7083990027419644, -0.5183620202892798, -0.04469817248875383], [-0.1789547745799256, 0.4717147102968768, -0.5478521147504622, -0.6530326550988992, -0.07632037467819866, 0.3064464255301006, -0.04627779976259638, 0.7217801038038956, 0.4724783325788194, -0.19588198677058255, 0.13291334465296034, -0.36392657443162213, -0.09250212910384141], [-0.6600970530162327, 0.01769923736504536, 0.0288084195386909, 0.20258928116010283, 0.08343039536867566, 0.45774695618664085, -0.5462279593821446, 0.08712820122571824, -0.5256195682435612, 0.5608760752135882, -0.16329813767866524, 0.7187009780090245, 0.009520776022077237]], "inverted": true, "swapped": false, "error_lsq": 0.042441888948076587, "error_max": 0.3022285732082801, "target": "845.xyz", "model": "0.xyz", "model_rescale": 3.8414455957264533, "target_rescale": 3.8369070330662387},
{"mapping": [3, 10, 7, 0, 1, 12, 2, 8, 6, 13, 9, 11, 14], "R": [[0.2747116823877809, 0.0017264964072428723, 0.9615250962766548], [0.9426041763373127, 0.19692922790748787, -0.2696595000129175], [-0.1898179609813859, 0.9804161863239081, 0.05247135678589421]], "T": [0.030700728923302785, -0.03021935826178437, -0.0692080819274098], "aligned_model": [[-0.6383490236198587, -0.3539353834074933, 0.4930821894768155, 0.04202599464441343, -0.738546003750857, -0.27452579888500483, 0.2521220564491996, 0.2933661233827956, 0.2622331571566243, 0.37148143536626127, 0.7073317922728817, -0.384700667773144, -0.05802557890151095], [-0.23256932959895144, 0.5327516853942645, -0.46616943596889693, -0.7065259612830205, -0.38373532351658035, 0.3978638090529384, -0.10136156863247309, 0.5973250460674301, 0.5282371682646587, -0.08682991615721725, 0.03836324781747674, -0.13689977944227044, -0.02986513431083383], [-0.4224838945184187, -0.12836858823237704, -0.16463300958619487, 0.1915571124014902, 0.10907208452091137, 0.48384807476099734, -0.7695766343615354, 0.33265919547783157, -0.5637242256882018, 0.6057072872044064, -0.014650678697086028, 0.6672200337019223, -0.055369155214784097]], "inverted": false, "swapped": false, "error_lsq": 0.049398113130447056, "error_max": 0.27198333105084577, "target": "845.xyz", "model": "1.xyz", "model_rescale": 4.316132596720782, "target_rescale": 3.8369070330662387},
{"mapping": [8, 6, 10, 5, 7, 1, 9, 4, 2, 0, 3, 12], "R": [[0.2759467894654404, -0.8413093563641154, -0.4648138727253245], [-0.463297750105405, -0.5401272900854688, 0.7025793231032337], [-0.8421452155839786, 0.02147271289628333, -0.5388231235478746]], "T": [-0.03794853467882284, 0.04674271220791523, -0.03722966851565254], "aligned_model": [[-0.09770339120033869, 0.573927849561928, 0.04012738814731251, -0.5829248543412179, -0.6241620161438601, -0.584421138858457, -0.0676467301979867, -0.17582712273309598, 0.5076993725776945, 0.22409606079903419, 0.46191079290829506, -0.0772676558875269], [-0.6628282040385406, -0.3040806807398997, -0.4226060747160296, 0.4350998449883027, -0.2982566445618714, -0.11285274568033798, 0.33924782898075767, 0.5111951018749809, -0.03634318862724732, -0.008904619777939132, 0.5109102640888145, 0.062195545949990536], [0.19681005405230664, 0.13754180557940074, -0.603532652826987, -0.17390083135852, -0.4097940054658744, 0.36118079056798913, -0.6073710242512447, 0.5121714046109505, -0.586132750574962, 0.7063315386384266, -0.050483526437881884, -0.03356234132418294]], "inverted": false, "swapped": true, "error_lsq": 0.038827918480155564, "error_max": 0.22524856931442633, "target": "845.xyz", "model": "2.xyz", "model_rescale": 3.795458400668931, "target_rescale": 3.8369070330662387},
{"mapping": [8, 6, 10, 11, 1, 5, 9, 0, 3, 4, 7, 12], "R": [[0.9512490293646136, 0.27197253130604704, 0.1454518007721511], [0.30771527193642745, -0.8049482546072082, -0.5073160935963884], [-0.02089486898668683, 0.5273416820428575, -0.8493963473139257]], "T": [0.007734565849561177, -0.047645340213928154, 0.05477564720489733], "aligned_model": [[-0.1342701753155725, 0.010881315595428077, -0.7121828950665172, 0.361985731736025, 0.2597840063071827, 0.05836244811568007, -0.34937358770191806, 0.6392045069142236, 0.23843055402478966, 0.7084804050200276, -0.5051040454057083, 0.017105561519924553], [-0.032863190406798436, -0.6802485145548803, -0.15744040163379133, 0.14692812544870504, 0.48867140054597985, 0.5207235948400971, -0.0009754976279138725, -0.31043739569934226, -0.5167028106492364, 0.12146230044958115, 0.5140553693579788, -0.007403934780670009], [-0.6810587508318701, -0.30274099935592713, -0.07463493005990554, 0.7351141330329946, -0.3080870600968312, 0.43013284978637856, 0.5856222202704653, -0.3412462126289654, 0.49323998875784514, 0.18487538286354818, -0.09676266102858841, 0.0643174699299561]], "inverted": true, "swapped": true, "error_lsq": 0.05036638798026714, "error_max": 0.29894405083534104, "target": "845.xyz", "model": "3.xyz", "model_rescale": 3.7530521520055578, "target_rescale": 3.8369070330662387},
{"mapping": [11, 0, 1, 8, 5, 6, 9, 3, 2, 10, 12], "R": [[-0.21908902486036425, -0.9692530696150583, 0.1120200260110743], [-0.46127996161972024, 0.20406152570340552, 0.8634695656105709], [-0.8597795044043818, 0.1375041118271938, -0.4918046594297073]], "T": [-0.015553146250859205, -0.07959838513311865, -0.02613905115894037], "aligned_model": [[-0.45872244308426763, -0.2374226990939724, 0.4397138309081168, 0.5016092343819092, 0.10834509230839656, -0.21682704678868378, -0.14160679683658545, -0.6921898299000766, -0.28390824232401046, 0.3183771225907622, 0.0008313802836165569], [-0.7349114219142081, 0.19727644822338056, -0.3201187665874137, 0.399400503975305, -0.7469433176993329, 0.6107024348443354, -0.34940260518947586, -0.06012353447763978, 0.3217864875870754, 0.2673797139945826, -0.11784258444226228], [-0.006671757056169056, -0.7323695323304462, -0.49273934779223566, -0.28097087038796187, 0.05001490991402481, -0.13096474309109163, 0.5420321833198918, 0.05912557736257072, 0.5844387288725471, 0.5352698709550071, -0.0343342425208204]], "inverted": true, "swapped": true, "error_lsq": 0.04707000755963249, "error_max": 0.27202509306549777, "target": "845.xyz", "model": "4.xyz", "model_rescale": 3.7855080009869324, "target_rescale": 3.8369070330662387},
{"mapping": [5, 9, 11, 6, 10, 15, 1, 14, 2, 13, 12, 8, 16], "R": [[-0.10982155995439033, -0.7202134770695872, 0.6850049433518851], [0.843330682564468, -0.43226612066801606, -0.31927943993933094], [0.5260537850966694, 0.5426219202814786, 0.6548502628964181]], "T": [-0.05905556085837839, -0.07499954630300724, -0.06073018682604618], "aligned_model": [[-0.674631344323543, -0.37079001963725783, 0.6270261464800677, 0.07165317137525436, -0.7524645798839994, -0.256122999748675, 0.4195580406015536, 0.21354829788989693, 0.0803556130150808, 0.3549538379568293, 0.6036784761690495, -0.29413658807672227, -0.04906775940641212], [-0.22585645584813957, 0.5649324184883386, -0.46666161159701885, -0.692564306971737, 0.016117423364398212, 0.34012419403419186, -0.2147415404412138, 0.5227556124595494, 0.5001508464700702, -0.1946351933942017, 0.07680457841469336, -0.2534967380322676, -0.022344719260138604], [-0.5641305168547857, -0.0458061492634657, 0.03053287122885369, 0.10542053319951845, 0.1438325278773902, 0.6234882077114938, -0.630383708329425, 0.10074211699467168, -0.5029430743258232, 0.5216366808039212, -0.032368824126530346, 0.5781638084113141, -0.05692687155817175]], "inverted": false, "swapped": false, "error_lsq": 0.039396353242792365, "error_max": 0.25851024706703485, "target": "845.xyz", "model": "5.xyz", "model_rescale": 4.2253639853439635, "target_rescale": 3.8369070330662387},
{"mapping": [1, 9, 3, 2, 8, 11, 4, 12, 0, 6, 7, 5, 13], "R": [[0.5496988695191384, -0.7900203297563089, 0.27147565530101286], [0.8148307599612592, 0.5786928735022453, 0.03413782035619094], [-0.18407059914700774, 0.2024411932622595, 0.9618396840431437]], "T": [-0.1019646765064949, -0.04801568586994025, -0.000693162287007023], "aligned_model": [[-0.4904385471158065, -0.37053193443698396, 0.5598642597334265, 0.03576451799837396, -0.8083788709197208, -0.12077428087627876, 0.056633847244037, 0.2638343263213002, 0.22782655647198533, 0.3638109299556783, 0.6184516849827486, -0.3157288698481884, -0.04677332709944887], [-0.13928169845075422, 0.4554251638512648, -0.2763656763477934, -0.6898362833778592, 0.10588347517160031, 0.23635870205478804, -0.5102477698676655, 0.7205700620665806, 0.3737770360555712, -0.1572916360560931, 0.2836404244527647, -0.3793294989672521, -0.07271779289862748], [-0.6166999388403865, -0.21752343297141222, -0.11404312348082682, 0.13811822641309443, 0.1514873547344366, 0.7234140087098537, -0.5126495285857354, 0.3824658152511444, -0.5976783310372881, 0.4292252244549622, 0.019199213416388947, 0.49456161391063813, -0.008619500205908227]], "inverted": false, "swapped": false, "error_lsq": 0.046514296209798425, "error_max": 0.2540105265005677, "target": "845.xyz", "model": "6.xyz", "model_rescale": 3.89814844738969, "target_rescale": 3.8369070330662387},
{"mapping": [4, 10, 3, 0, 2, 5, 7, 9, 11, 6, 8, 1, 12], "R": [[-0.7302598930156095, -0.5818380038145635, 0.35802936467546165], [-0.28059224243654124, 0.7332731046386697, 0.6193371840104547], [-0.6228872146201622, 0.35181684344364555, -0.698739169169788]], "T": [0.004230925235616771, -0.05759167867296573, -0.06738686626780512], "aligned_model": [[-0.4390632685277893, -0.4714734740616911, 0.6276339467588616, -0.060415208327990924, -0.6933607388382459, -0.14264357216552423, 0.20902437349741762, 0.1986305905161758, 0.20627889921787437, 0.4169502032281709, 0.6286555852628232, -0.37155317009658134, -0.13510387405237842], [-0.0792282611954948, 0.4992718257063094, -0.5635533612663468, -0.6091177291871537, -0.08365648636051247, 0.2402387834883561, -0.43965935643230813, 0.7273181811835827, 0.48858094812951064, -0.10360809107511373, 0.1890573047801053, -0.3491602102224375, 0.03410096013802745], [-0.53484585319251, -0.017266760205000703, 0.020666442431382825, 0.13913257709723587, 0.05192088928830603, 0.6342551377818125, -0.5607007751600848, 0.31218020431840077, -0.6297145706932209, 0.4663931805592739, -0.1507229042478302, 0.6315914718366648, -0.09163143804546911]], "inverted": false, "swapped": false, "error_lsq": 0.032149251492893265, "error_max": 0.16490714383049004, "target": "845.xyz", "model": "7.xyz", "model_rescale": 3.7474275329858107, "target_rescale": 3.8369070330662387},
{"mapping": [0, 12, 5, 3, 1, 4, 6, 11, 10, 8, 9, 2, 14], "R": [[0.22751963500391925, 0.49701842820674336, -0.8373813335097589], [-0.23533486586459018, -0.8063792076668546, -0.5425588210978342], [-0.9449086287023625, 0.32050780874336665, -0.06650133786884893]], "T": [-0.03276133362523217, 0.10717577034197061, 0.02332147091694058], "aligned_model": [[-0.37795502097213884, -0.3169173039276924, 0.5323879576595212, 0.004278410440634518, -0.7643870304927558, -0.058555651942715496, 0.19265982497588371, 0.3050927006787103, 0.01220066192032402, 0.27335890461494045, 0.6976245245196263, -0.4583937394995371, -0.06783394556367806], [-0.22828795388954753, 0.6479063470996527, -0.325861857221262, -0.6068525326647051, -0.06283647448375139, 0.12210889170949735, -0.36644117286860006, 0.6179697711350259, 0.36514581064075213, -0.22920118072857565, 0.2568734263914976, -0.35273162227338967, 0.11279305483992974], [-0.4266992459034382, -0.06332982278446606, -0.05482042371478538, -0.030772677098852504, 0.0482512992814121, 0.8052022168585995, -0.6026261233403984, -0.08356209118800458, -0.6885024096554022, 0.5316041308462244, 0.17974253754057354, 0.5853817356014654, 0.0713884753260336]], "inverted": true, "swapped": false, "error_lsq": 0.050475025645014646, "error_max": 0.3189998498693254, "target": "845.xyz", "model": "8.xyz", "model_rescale": 4.019505241142653, "target_rescale": 3.8369070330662387},
{"mapping": [8, 7, 6, 5, 4, 0, 11, 1, 9, 2, 10, 3, 12], "R": [[0.2760068401641289, -0.9461276749574056, 0.1693004632666629], [0.9499562154357654, 0.24171466195237742, -0.19788181056429974], [0.14629905309868038, 0.21544476061613002, 0.9654947654883934]], "T": [0.07522151192067968, -0.0005442599554940264, 0.02206504362005117], "aligned_model": [[-0.36029622643685655, -0.6625005072265957, 0.6499388693834672, -0.11087319457089713, -0.7257065715482417, -0.32210277633770745, 0.10757271388938419, 0.3777733310142022, 0.10977111556119687, 0.2228431549743804, 0.9355338558208308, -0.3111242303870354, 0.06273075827499497], [0.05859478504929585, 0.514960079002397, -0.4448310491877907, -0.6453089529131637, -0.12365478215027774, 0.31838463667270456, -0.3050590558272207, 0.5865140016687003, 0.3584856100366399, -0.12071075753583077, 0.23501840172767427, -0.44681000406896426, -0.034998404787639686], [-0.49073492158856674, -0.07594255331279158, 0.0413275956717508, 0.03517877966181905, 0.19799876886580614, 0.4258766914542557, -0.5196670514411239, 0.16394631931397702, -0.5586620340783778, 0.5821900525047274, -0.18421792119177605, 0.6466005996721609, 0.007363276237100019]], "inverted": true, "swapped": false, "error_lsq": 0.04763225026669534, "error_max": 0.29576137857281337, "target": "845.xyz", "model": "9.xyz", "model_rescale": 3.877068213659057, "target_rescale": 3.8369070330662387},
{"mapping": [11, 6, 7, 1, 12, 3, 8, 13, 9, 4, 2, 5, 15], "R": [[0.9036188955466313, 0.30640794788553144, -0.2993109772187851], [-0.24266097160334624, -0.20962824602583666, -0.9471914544212546], [-0.35297102497458155, 0.9285311884587989, -0.11507079380835344]], "T": [-0.03692686641675962, 0.10629094642206662, -0.02641714395832352], "aligned_model": [[-0.49090792126283866, -0.42028819426148833, 0.5767976909168022, 0.03047310759738906, -0.7718995137490657, -0.1805879684979062, 0.1848118020197621, 0.2699013274208398, 0.2509782041993419, 0.38602520779758454, 0.6040636397356273, -0.37168687623708296, -0.09412021326784262], [-0.06906582328707471, 0.5551738246523678, -0.43070514242718894, -0.724125425232086, 0.007672824704899203, 0.17605761559557617, -0.3869276940110828, 0.7652885498738979, 0.23779006234993705, -0.06803817626654247, 0.24311670117473216, -0.3949205167775205, 0.03926770733660932], [-0.58122024544724, 0.15202844738440224, 0.00913475758202759, 0.21601326542770893, 0.06460422416943866, 0.5877940919772379, -0.57677182183194, 0.2366743117652912, -0.6056096479873202, 0.4723930199771911, -0.1301728272165212, 0.4712958729750855, -0.044905847006400545]], "inverted": true, "swapped": false, "error_lsq": 0.04036498254782997, "error_max": 0.24255058571089508, "target": "845.xyz", "model": "10.xyz", "model_rescale": 4.260839863003843, "target_rescale": 3.8369070330662387},
{"mapping": [10, 7, 1, 8, 0, 6, 2, 9, 5, 4, 3, 12], "R": [[-0.5483934759165783, 0.12069976858569982, -0.8274636919137252], [-0.15379113745950854, 0.9580919420320573, 0.24167771236121854], [0.8219567395009569, 0.2597910631191917, -0.5068488156367303]], "T": [0.007198723439066168, 0.02261948289902782, 0.004415987029328425], "aligned_model": [[0.3281930810640957, 0.28815828171107, -0.34610878597039685, -0.4764638203597248, -0.7260098938945161, -0.37019416163285096, 0.4023563691591249, 0.6449000214321403, 0.35582754158005886, -0.292453390681273, 0.13558795891362804, 0.015105447772774226], [-0.02086124475482984, -0.6286004050996119, -0.5544788142491981, -0.2355995947136001, 0.2442437785511351, 0.5100710804122291, 0.5348275386653153, 0.08627192629466224, -0.39093381887474626, 0.007622508235057467, 0.6314758947008131, -0.010960343634291943], [-0.6605315689836554, -0.3093504408764056, 0.16242000732049267, -0.5066902362583512, 0.19918523358846318, -0.3802661949953041, -0.42850761101346296, 0.03248398772623752, 0.42146643011819324, 0.6726612771123115, 0.28423128748105114, 0.0290759061759351]], "inverted": true, "swapped": true, "error_lsq": 0.0356746957262632, "error_max": 0.1795753270960665, "target": "845.xyz", "model": "11.xyz", "model_rescale": 3.890672605050136, "target_rescale": 3.8369070330662387},
{"mapping": [12, 9, 3, 4, 10, 11, 7, 6, 5, 0, 8, 2, 13], "R": [[0.19185570467053736, -0.867637674194204, -0.45868971528065006], [-0.959873372949533, -0.06848450625024771, -0.27194297252576083], [0.20453482952264737, 0.4924578547678288, -0.8459614440325337]], "T": [0.04522958722256868, 0.11118084419793157, 0.14823081955836478], "aligned_model": [[-0.39846057152380665, -0.35116370393159324, 0.6552168104410936, -0.059094987182693244, -0.7760043660733548, -0.3844681676803397, 0.17467256556919866, 0.2567500406212693, 0.03188684457191799, 0.48228067874910335, 0.7048478552690824, -0.3865225405142773, 0.023619834095522117], [-0.1093186978892942, 0.7121700824681516, -0.5528139879563254, -0.5766035005214405, -0.2392806378315298, 0.2543125158625971, -0.26481591523142983, 0.5981925979265482, 0.37605053512393566, -0.17682020505218943, 0.21335053040666413, -0.26951905712731317, -0.014319752491849955], [-0.4082322445492296, -0.1475811312359767, -0.05199307108565571, 0.23264718147503555, 0.10035548133267277, 0.4606973423942208, -0.6059807704691116, 0.37214373447338867, -0.5829587590615586, 0.42161018742197975, -0.12316583023204672, 0.5656296923315709, 0.038085788973671805]], "inverted": false, "swapped": false, "error_lsq": 0.040527893758447425, "error_max": 0.21925139894183626, "target": "845.xyz", "model": "12.xyz", "model_rescale": 4.124412569039231, "target_rescale": 3.8369070330662387},
{"mapping": [4, 1, 7, 10, 2, 8, 5, 6, 0, 9, 3, 11, 12], "R": [[-0.6637678187585471, -0.5596255541289608, -0.49621721246483824], [-0.7448016654594924, 0.4338635495395263, 0.5069841215558227], [-0.06843070881765773, 0.7061031507838048, -0.7047947066656335]], "T": [0.12394214726688568, 0.03144723706808806, -0.04774490867125837], "aligned_model": [[-0.45765659264286984, -0.39696302506234915, 0.47909249757186173, -0.1961754889828493, -0.7124531130857154, -0.21355380489501452, 0.2586543841691965, 0.20163741689520137, 0.19110490812323383, 0.4834666086619404, 0.6974823956936779, -0.39638107893241314, 0.0353051848972217], [-0.12737235869397961, 0.6571365446223166, -0.4847694895569279, -0.6175204374688572, -0.06370568500926513, 0.1894843629591997, -0.4163918202152498, 0.5840840770014536, 0.2693958002632663, -0.030719667160737867, 0.4483654012608535, -0.4072963894045665, -0.05010583091098119], [-0.5525176273148918, -0.05366020762336411, -0.026153374523577813, 0.0970837095832248, 0.13606043273308366, 0.565457235823403, -0.6435961242213815, 0.32126563726195273, -0.5727563735189591, 0.47715385268905564, -0.12510254285557526, 0.6784235510153848, -0.030400567279393876]], "inverted": false, "swapped": false, "error_lsq": 0.04226754123613414, "error_max": 0.280762032751656, "target": "845.xyz", "model": "13.xyz", "model_rescale": 3.9028299243045295, "target_rescale": 3.8369070330662387},
{"mapping": [13, 11, 0, 4, 10, 9, 8, 1, 12, 3, 2, 7, 15], "R": [[0.13514551522137425, 0.3164143180322204, 0.9389449765879545], [0.14758798140679055, -0.943495593979107, 0.2967049913403568], [0.9797721558912655, 0.0984786448232165, -0.1742081486439846]], "T": [0.02694607921363614, 0.011682075309000945, 0.005678948498603049], "aligned_model": [[-0.535691358443866, -0.2680127004925167, 0.6094254819286536, -0.042389417795305896, -0.6243981920730363, -0.405661526010977, 0.42937910367468046, 0.24511492167725082, -0.06675564526783126, 0.35459575703813667, 0.7375669837370858, -0.42357784941026994, -0.03603526615088214], [-0.03678966318416695, 0.6882669305944014, -0.5765263324068457, -0.6519599851774044, -0.33165654697030095, 0.35339839099633474, -0.18190870927997074, 0.6166165002922416, 0.3632403973208411, -0.26055325797384316, 0.17268103334735863, -0.23883339692630923, 0.03460914705418795], [-0.5544468910311265, -0.027320145589220857, -0.0384234749027671, 0.12456998386540398, 0.1206651770755892, 0.5505881849394639, -0.624461852039647, 0.09871363768005052, -0.5875048527083286, 0.4608965417131348, -0.1003730911829694, 0.750593805207188, 0.09776057874219014]], "inverted": true, "swapped": false, "error_lsq": 0.04734133371126029, "error_max": 0.2821518557667336, "target": "845.xyz", "model": "14.xyz", "model_rescale": 3.942246331269136, "target_rescale": 3.8369070330662387},
{"mapping": [7, 11, 1, 5, 9, 4, 0, 13, 8, 3, 12, 10, 14], "R": [[0.4501225937956699, 0.8914372346152009, 0.05224277267011801], [0.14649596810323096, -0.016006479374451293, -0.989081757969245], [-0.8808680842692369, 0.4528614019318036, -0.1377968387017857]], "T": [-0.07029055457691019, -0.0037648949503108096, 0.04734744437778658], "aligned_model": [[-0.5065060380096783, -0.33278792130056195, 0.6136230921458412, 0.04047962232046476, -0.7588921360382415, -0.03449584069166132, 0.1654908865642562, 0.3632615933897821, -0.10935077795172368, 0.40175769036139447, 0.7278763818235945, -0.5853533294742532, -0.011542930728090796], [-0.23277843923767227, 0.6625904656738957, -0.43713324249363444, -0.6221978485460423, -0.4196449106007423, 0.22645575745507637, -0.22531502872666478, 0.6598728191886234, 0.41383894374662433, -0.25568511787320924, 0.1716244341548864, 0.05363905282149303, -0.04468237787610915], [-0.6514002616474255, 0.08165036680550729, 0.014250088674117506, 0.13707039576759616, 0.015191873726467915, 0.5852890458425885, -0.6129859056094238, 0.2277563296113959, -0.6029772892309583, 0.5271959477971367, 0.031714689156456734, 0.5376694209793078, -0.019167100103805845]], "inverted": true, "swapped": false, "error_lsq": 0.05269494576888996, "error_max": 0.41560733952669826, "target": "845.xyz", "model": "15.xyz", "model_rescale": 4.355366556412066, "target_rescale": 3.8369070330662387},
{"mapping": [8, 6, 10, 5, 7, 1, 9, 4, 2, 0, 3, 12], "R": [[0.2759467894654404, -0.8413093563641154, -0.4648138727253245], [-0.463297750105405, -0.5401272900854688, 0.7025793231032337], [-0.8421452155839786, 0.02147271289628333, -0.5388231235478746]], "T": [-0.03794853467882284, 0.04674271220791523, -0.03722966851565254], "aligned_model": [[-0.09770339120033869, 0.573927849561928, 0.04012738814731251, -0.5829248543412179, -0.6241620161438601, -0.584421138858457, -0.0676467301979867, -0.17582712273309598, 0.5076993725776945, 0.22409606079903419, 0.46191079290829506, -0.0772676558875269], [-0.6628282040385406, -0.3040806807398997, -0.4226060747160296, 0.4350998449883027, -0.2982566445618714, -0.11285274568033798, 0.33924782898075767, 0.5111951018749809, -0.03634318862724732, -0.008904619777939132, 0.5109102640888145, 0.062195545949990536], [0.19681005405230664, 0.13754180557940074, -0.603532652826987, -0.17390083135852, -0.4097940054658744, 0.36118079056798913, -0.6073710242512447, 0.5121714046109505, -0.586132750574962, 0.7063315386384266, -0.050483526437881884, -0.03356234132418294]], "inverted": false, "swapped": true, "error_lsq": 0.038827918480155564, "error_max": 0.22524856931442633, "target": "845.xyz", "model": "16.xyz", "model_rescale": 3.795458400668931, "target_rescale": 3.8369070330662387},
{"mapping": [4, 10, 3, 0, 2, 5, 7, 9, 11, 6, 8, 1, 12], "R": [[-0.7302598930156095, -0.5818380038145635, 0.35802936467546165], [-0.28059224243654124, 0.7332731046386697, 0.6193371840104547], [-0.6228872146201622, 0.35181684344364555, -0.698739169169788]], "T": [0.004230925235616771, -0.05759167867296573, -0.06738686626780512], "aligned_model": [[-0.4390632685277893, -0.4714734740616911, 0.6276339467588616, -0.060415208327990924, -0.6933607388382459, -0.14264357216552423, 0.20902437349741762, 0.1986305905161758, 0.20627889921787437, 0.4169502032281709, 0.6286555852628232, -0.37155317009658134, -0.13510387405237842], [-0.0792282611954948, 0.4992718257063094, -0.5635533612663468, -0.6091177291871537, -0.08365648636051247, 0.2402387834883561, -0.43965935643230813, 0.7273181811835827, 0.48858094812951064, -0.10360809107511373, 0.1890573047801053, -0.3491602102224375, 0.03410096013802745], [-0.53484585319251, -0.017266760205000703, 0.020666442431382825, 0.13913257709723587, 0.05192088928830603, 0.6342551377818125, -0.5607007751600848, 0.31218020431840077, -0.6297145706932209, 0.4663931805592739, -0.1507229042478302, 0.6315914718366648, -0.09163143804546911]], "inverted": false, "swapped": false, "error_lsq": 0.032149251492893265, "error_max": 0.16490714383049004, "target": "845.xyz", "model": "17.xyz", "model_rescale": 3.7474275329858107, "target_rescale": 3.8369070330662387},
{"mapping": [12, 7, 8, 4, 9, 2, 10, 1, 11, 0, 3, 6, 13], "R": [[-0.3943146309523181, -0.4305907643932115, -0.8118543991604695], [0.09404427475495375, 0.8598886743202088, -0.5017441002758763], [0.9141507787026996, -0.2741952979084502, -0.2985720891211104]], "T": [-0.003229538348184338, 0.002048504256125469, -0.042884374750546725], "aligned_model": [[-0.5407525961455998, -0.47700991153887345, 0.5351239836805991, -0.03470589700401846, -0.6164170288835431, -0.21032286361324407, 0.24379956397183833, 0.31992638058045464, 0.14282889796719495, 0.3829211178854201, 0.6339455590432214, -0.39854442652371586, -0.007232487008611408], [-0.04832915437349982, 0.5733579912261566, -0.47438138385203604, -0.7553886522141913, -0.23884191360312026, 0.27942337388565713, -0.20781855195558765, 0.5651880604296563, 0.5096234804948166, -0.1246425008893821, 0.16027788495032086, -0.29498372487963564, 0.007099598467369732], [-0.5603473948404976, -0.17155803216972554, -0.036213673501898955, 0.29552959491461905, 0.07415012396937047, 0.5767996254772653, -0.6522872068636326, 0.19578382410246808, -0.5356025888277742, 0.6878546010037554, -0.21481616255785785, 0.5491433319505328, 0.06282155911233654]], "inverted": false, "swapped": false, "error_lsq": 0.03643381237380393, "error_max": 0.21420441739978424, "target": "845.xyz", "model": "18.xyz", "model_rescale": 3.922800546911778, "target_rescale": 3.8369070330662387},
{"mapping": [12, 8, 9, 3, 5, 1, 7, 6, 13, 2, 10, 0, 14], "R": [[0.9611886354991456, -0.2527352993652603, -0.11064029755040847], [-0.24369002320762523, -0.9657589954748319, 0.08902098206889633], [-0.12935060717429095, -0.05860401960783876, -0.9898656420491856]], "T": [0.00410774234764817, 0.11118959474507178, -0.02320354928393625], "aligned_model": [[-0.5285069265731038, -0.36397083425795124, 0.6045240264764018, -0.13281527822908598, -0.7303487086601214, -0.1185684626471357, 0.17383964057169665, 0.18317554788664211, 0.006526043398796767, 0.41864684197464974, 0.7751375279308363, -0.34603747725960377, 0.031958351799101246], [-0.2238174568696516, 0.5925232904075608, -0.43523343849943513, -0.5135827816233958, 0.0027882331785278602, 0.29780489508333413, -0.4398976930224619, 0.707378156271395, 0.3091393419883448, -0.21588695804199382, 0.2805593033291729, -0.448050574448056, 0.03686018993318317], [-0.4951208454125703, -0.10821348332405348, 0.03733850558601298, -0.03100148158336424, 0.15387436173069619, 0.6825643320648707, -0.576109421060444, 0.27388514460685154, -0.6809449849610081, 0.4608493675393703, 0.14240930897587853, 0.48972080578599914, -0.07799400817927815]], "inverted": false, "swapped": false, "error_lsq": 0.04228091656558564, "error_max": 0.23632673373462834, "target": "845.xyz", "model": "19.xyz", "model_rescale": 3.9282355846067225, "target_rescale": 3.8369070330662387},
{"mapping": [12, 7, 0, 11, 9, 6, 10, 5, 2, 4, 1, 8, 13], "R": [[0.5173662238442309, 0.7379893656757698, 0.43324806586369885], [-0.6463844046811092, 0.005219249570504739, 0.7629940765294111], [0.5608202847706287, -0.6747921573220866, 0.47972508023491456]], "T": [-0.041340561711611594, 0.0514416245482099, 0.1215451924149963], "aligned_model": [[-0.6677261548540772, -0.4168022446755837, 0.613635253565267, 0.06642249210775625, -0.5591479965912636, -0.11245811673087139, 0.08754593979632386, 0.29121639683185546, 0.23693824241940342, 0.16836655492929792, 0.6503927226251995, -0.4749830948013288, 0.09016029778914322], [-0.07607925899406058, 0.4806041847153751, -0.4062125072840083, -0.6518639372961319, -0.39552175178318444, 0.5026344275773112, -0.25595402480195906, 0.6629559921917499, 0.48082401401906694, -0.3320950464771955, 0.17728218495085135, -0.2632079662715322, 0.027218197140241904], [-0.4389669468217251, -0.1293448192559522, 0.07963618125838362, 0.03721499476140867, 0.018958517648825765, 0.5886762253381894, -0.6728920508466084, 0.17763618757849775, -0.52413884884945, 0.5779336148675361, -0.13762659039472624, 0.6615186803018445, 0.03265245618273713]], "inverted": true, "swapped": false, "error_lsq": 0.049113200043623816, "error_max": 0.32324975377746346, "target": "845.xyz", "model": "20.xyz", "model_rescale": 4.067790424073018, "target_rescale": 3.8369070330662387},
{"mapping": [3, 0, 13, 6, 2, 8, 11, 7, 12, 5, 10, 4, 14], "R": [[0.1828402797678057, 0.6351836553906945, 0.7504073267359175], [0.6854228364007248, 0.4648354088941613, -0.5604672853776421], [-0.7048155556135349, 0.6168223136063687, -0.3503787465050795]], "T": [0.04184893504057373, 0.01947416364086633, 0.054974945874787184], "aligned_model": [[-0.46992347140302226, -0.48084010850202774, 0.6490031742345612, -0.23468631948150853, -0.6911705901690242, -0.025094870861119792, 0.22641179380552312, 0.09880438551062208, 0.12345893524685245, 0.2563399871010571, 0.7936779802035038, -0.37794445068478916, 0.10552384741049448], [-0.12466934549442764, 0.49939696964047, -0.32907389217710026, -0.6655516837376757, -0.10610854217907213, 0.2607417969689927, -0.2854004429802889, 0.7250487564237648, 0.3367036977558215, -0.20126755526085663, 0.10258880466536789, -0.29826811347951904, 0.036444057541048146], [-0.6091460291199153, 0.0245070354944176, 0.05619465546471117, 0.012257922042486921, 0.08014022352814168, 0.56729940623628, -0.4844880087210341, 0.2907386578615707, -0.6376426235307449, 0.5586939181005568, -0.2598771858480799, 0.6593637721843637, 0.013215858076206947]], "inverted": false, "swapped": false, "error_lsq": 0.040759410936538315, "error_max": 0.2276642989643004, "target": "845.xyz", "model": "21.xyz", "model_rescale": 4.186013935880536, "target_rescale": 3.8369070330662387},
{"mapping": [10, 1, 3, 11, 9, 2, 4, 0, 7, 5, 6, 8, 12], "R": [[0.3845286302492792, -0.9228743570591884, 0.020991750789365216], [-0.47862347505066105, -0.21876687458266786, -0.8503297147082187], [0.789339788461878, 0.31692897574680823, -0.5258314584380024]], "T": [-0.03808194514232439, -0.003010414155522064, 0.03319820523068771], "aligned_model": [[-0.45246114412174504, -0.2939906978567461, 0.7919974937400625, -0.06615810077648757, -0.6544650846083699, -0.1341078962183329, 0.19267533806478332, 0.301172679527812, -0.08127057468976803, 0.4409504650323383, 0.4467648000439441, -0.5129210779999012, -0.004625907726467066], [-0.18505854326527443, 0.6819558363321296, -0.4063099035912682, -0.6310517327083754, -0.04547243118794777, 0.19918438250489556, -0.34639952389075324, 0.6053432458991715, 0.3732230548812322, -0.06960240856439799, 0.1279088861990581, -0.32059732464208557, -0.0325390302798596], [-0.6678351682820703, 0.0118632126273963, 0.0588165912484694, 0.09436854434253904, -0.027790012728615796, 0.7400188923843616, -0.5638370904852236, 0.22451094642780356, -0.5952179458469533, 0.6370460605698931, -0.2068780732604273, 0.544407049929486, 0.02178459484230235]], "inverted": false, "swapped": false, "error_lsq": 0.044816929688049026, "error_max": 0.30987506021942657, "target": "845.xyz", "model": "22.xyz", "model_rescale": 4.166573947596378, "target_rescale": 3.8369070330662387},
{"mapping": [14, 6, 8, 9, 12, 2, 10, 1, 5, 3, 0, 11, 15], "R": [[-0.8382608449118774, -0.5278324732190021, -0.13679048250202652], [-0.2713578640844483, 0.6214229370310795, -0.7349819337447645], [0.47295207525409144, -0.5789874036170206, -0.6641460087704132]], "T": [0.01569924440930101, -0.056321803400051815, 0.016580484067159753], "aligned_model": [[-0.5048834341004661, -0.3645769978829573, 0.7014825635077225, -0.04225944606567069, -0.6384191901001504, -0.022293690353328594, 0.09341738009742731, 0.23641896788893627, 0.12138936731168766, 0.12333214451445168, 0.7217381932725506, -0.48435183364039636, 0.03256626796131562], [-0.38770409564808533, 0.5983000014604493, -0.4809101584402255, -0.6505767139481977, -0.0337008537154402, 0.3469613156762857, -0.32458696483835486, 0.6159706103845898, 0.5390348159782619, -0.25891358256832625, 0.33839093980062307, -0.36149738420163846, 0.009816577746583136], [-0.47855304786163355, 0.09383269514311457, 0.07578443859570623, 0.07943792411951647, 0.04818303933549016, 0.5539151116180695, -0.6783547126582053, 0.10263148581516432, -0.5538948220457778, 0.5722767876759314, -0.09507351667213407, 0.5446998944755953, 0.006372324228123644]], "inverted": false, "swapped": false, "error_lsq": 0.043968740282109536, "error_max": 0.24581407344212716, "target": "845.xyz", "model": "23.xyz", "model_rescale": 4.274766983524099, "target_rescale": 3.8369070330662387},
{"mapping": [7, 6, 2, 9, 3, 11, 5, 4, 1, 0, 12], "R": [[-0.22379298983156903, 0.7917649063015219, -0.5683529104804423], [0.12295271861627621, -0.5555497264629086, -0.8223424654071163], [-0.9668502090226356, -0.25391501447596565, 0.026978486550511327]], "T": [0.021949947114286203, 0.12875592587199966, -0.05846164394675323], "aligned_model": [[0.3526626359779837, 0.08140253837704851, -0.4518487953194962, -0.4675899995440142, -0.5523398624651086, -0.4840118610155567, -0.0761752018155976, 0.031086271959964835, 0.5946501898082243, 0.32117691000056664, 0.030881877994060322], [-0.39579976606420664, 0.8440464247155279, 0.45883668410887457, -0.18216485374642946, 0.4107293386514287, -0.2664752975391076, -0.5275031218067905, 0.03149749278159042, -0.17014347504412233, 0.62251763160364, 0.09004547358307828], [-0.5242356563948024, -0.17177414301296046, -0.5804682950683191, -0.3326537319118588, 0.17853780213605872, 0.40414845767846463, 0.10338697610979655, 0.6675035006883479, 0.197482669049176, 0.48126964752666357, -0.04363079277898965]], "inverted": false, "swapped": true, "error_lsq": 0.04684690767424901, "error_max": 0.29583620130888433, "target": "845.xyz", "model": "24.xyz", "model_rescale": 3.7841303162186577, "target_rescale": 3.8369070330662387},
{"mapping": [10, 9, 6, 11, 14, 12, 7, 2, 8, 3, 4, 13, 15], "R": [[-0.38524363234688513, 0.9109447199691967, 0.1475366425550609], [0.915574600075691, 0.35731660931073206, 0.18452098093962194], [0.11537112044362154, 0.20616633544525037, -0.9716917961455989]], "T": [0.040704506054063956, 0.036224614161249426, -0.12464509748745192], "aligned_model": [[-0.5860233904065489, -0.3889781887611211, 0.6013135306163427, -0.05803913000039183, -0.7005441825426186, -0.24473778184647188, 0.06706952724128931, 0.164781454537258, 0.18079935956608312, 0.40619071678187546, 0.7159845702203398, -0.2744601953866918, 0.09020400239177784], [-0.20241447481990796, 0.4264185750144641, -0.4071529928309319, -0.708642014614297, 0.0767192212960478, 0.3027225738281686, -0.447564085322005, 0.7424182336663926, 0.5083935172546027, -0.24105548677940783, 0.23668359599142405, -0.32963212518956164, -0.006310029808463881], [-0.5190036073303322, -0.05210432814934704, -0.019002911594476507, 0.03299680315442524, 0.15501457203473387, 0.5254883074377315, -0.558302727433424, 0.10921064982816517, -0.45158200670684334, 0.5375765142282304, 0.12135769599578292, 0.4908384965330488, -0.10122985622873414]], "inverted": true, "swapped": false, "error_lsq": 0.04235250500557611, "error_max": 0.20935176023816643, "target": "845.xyz", "model": "25.xyz", "model_rescale": 4.19342608120988, "target_rescale": 3.8369070330662387},
{"mapping": [8, 6, 10, 5, 7, 1, 9, 4, 2, 0, 3, 12], "R": [[0.2759467894654404, -0.8413093563641154, -0.4648138727253245], [-0.463297750105405, -0.5401272900854688, 0.7025793231032337], [-0.8421452155839786, 0.02147271289628333, -0.5388231235478746]], "T": [-0.03794853467882284, 0.04674271220791523, -0.03722966851565254], "aligned_model": [[-0.09770339120033869, 0.573927849561928, 0.04012738814731251, -0.5829248543412179, -0.6241620161438601, -0.584421138858457, -0.0676467301979867, -0.17582712273309598, 0.5076993725776945, 0.22409606079903419, 0.46191079290829506, -0.0772676558875269], [-0.6628282040385406, -0.3040806807398997, -0.4226060747160296, 0.4350998449883027, -0.2982566445618714, -0.11285274568033798, 0.33924782898075767, 0.5111951018749809, -0.03634318862724732, -0.008904619777939132, 0.5109102640888145, 0.062195545949990536], [0.19681005405230664, 0.13754180557940074, -0.603532652826987, -0.17390083135852, -0.4097940054658744, 0.36118079056798913, -0.6073710242512447, 0.5121714046109505, -0.586132750574962, 0.7063315386384266, -0.050483526437881884, -0.03356234132418294]], "inverted": false, "swapped": true, "error_lsq": 0.038827918480155564, "error_max": 0.22524856931442633, "target": "845.xyz", "model": "26.xyz", "model_rescale": 3.795458400668931, "target_rescale": 3.8369070330662387},
{"mapping": [8, 5, 2, 9, 11, 10, 1, 7, 6, 3, 0, 4, 12], "R": [[0.28409064248242366, -0.7389288270802826, -0.6109637430843844], [-0.8958083667687521, -0.43171394637546423, 0.10559563689861343], [-0.3417892287375726, 0.517307700517478, -0.7845845181395659]], "T": [-0.056798141623177645, -0.11681576843851231, -0.021100012307628323], "aligned_model": [[-0.5244779740622232, -0.2964692202896447, 0.6657519212679328, 0.05461493721641644, -0.7215030760547015, -0.3780200978652516, 0.13964513695597802, 0.18587955720197263, 0.04170077720923626, 0.422869657127346, 0.7489423694594282, -0.36040996635574857, -0.004963729399618116], [0.02809164451722064, 0.5826908480656402, -0.6167858524876447, -0.5158804892848833, -0.32196180157130055, 0.2883502241098081, -0.2591758609717338, 0.5781407104821777, 0.40617043206889786, -0.05552497940765028, 0.08771983431402881, -0.28812849346221064, 0.03687829131417432], [-0.5605711664080448, -0.1629052851221433, -0.07388481666606152, 0.09163314410475382, 0.14520406751484272, 0.46914829398172686, -0.5610044602484042, 0.3229219717697009, -0.6519489298334766, 0.5367877908120121, -0.03595289417983945, 0.738725620824144, 0.013104265219750767]], "inverted": false, "swapped": false, "error_lsq": 0.04361318660279912, "error_max": 0.2130458002680706, "target": "845.xyz", "model": "27.xyz", "model_rescale": 3.6321398670334006, "target_rescale": 3.8369070330662387},
{"mapping": [3, 2, 12, 8, 0, 11, 7, 13, 4, 9, 6, 10, 14], "R": [[0.9703417704405822, -0.018402144817873452, -0.24103570192886098], [-0.13283689291479325, -0.8736536174927239, -0.46806379535552783], [-0.20196833518891136, 0.4862002855901873, -0.8501870816902831]], "T": [-0.06418569492546396, -0.023290225128675592, -0.005126597612653657], "aligned_model": [[-0.4877152100096724, -0.4895780455171452, 0.5986848837235874, -0.05820958447788453, -0.6633934939474053, -0.2641387137230303, 0.1477936266915295, 0.26170694966109215, 0.3136407289328698, 0.3177872012763334, 0.6628799967640866, -0.3077016139510028, -0.05819643301223608], [-0.1950204129807318, 0.6428965954140167, -0.5112117429228733, -0.5395935169723415, -0.11719374293935528, 0.2904174719496427, -0.445953698925235, 0.6521322665738836, 0.3098389803641713, -0.022661712497198474, 0.24741873010077545, -0.40093335943084696, 0.04044864995261688], [-0.5176610573273988, 0.08804062798582821, -0.08287567667361641, -0.025737583272632505, 0.1416515927083426, 0.5184496695025311, -0.6193804043805735, 0.31748117324963815, -0.6629558902419486, 0.5432058496848887, -0.0498432462721943, 0.6295050225357485, -0.008622475729652367]], "inverted": false, "swapped": false, "error_lsq": 0.03752451624749769, "error_max": 0.2456259340080325, "target": "845.xyz", "model": "28.xyz", "model_rescale": 4.156811204709835, "target_rescale": 3.8369070330662387},
