[{"mapping": [4, 0, 12, 2, 14, 6, 5, 15, 11, 7, 8, 9, 3, 16], "R": [[0.5907151197301803, -0.23581641795891345, 0.7716516470164408], [-0.36404655907551986, -0.9313618173255652, -0.005938691210575664], [0.7200873211961399, -0.2774090522117972, -0.6360176629650467]], "T": [-0.02498327724153207, 0.20335443945950055, 0.15055427217236567], "aligned_model": [[0.06386970357210729, 0.2484653812243008, -0.4821839108003071, -0.3996716312268045, -0.6355865554589306, -0.26153887866805875, -0.6121258028360878, -0.14899061723165377, -0.32444438321449, 0.3546100850445508, 0.7438584759683907, 0.26983609619950566, 0.5356575594027541, 0.019736579153026887], [-0.5200867940417024, -0.3550830686446526, -0.39325464313267217, -0.4259764103621288, 0.22285164296439053, 0.34744940507684713, 0.14209232915093273, 0.416416820527557, 0.6910453504164686, 0.0575330785056658, 0.4396707776973824, 0.6952624702816519, -0.23633374405764607, 0.1536861174279401], [0.36315100330620065, -0.3648328880999882, 0.17824309618563303, -0.33947489694824634, 0.514954357852299, -0.5684456496001873, -0.0440723395609143, 0.7239967911759961, 0.052783438204971084, 0.751342063543089, 0.3687774633414745, -0.05479731994508252, 0.2037976917221711, 0.1121652760024176]], "inverted": true, "swapped": true, "error_lsq": 0.03995512754408902, "error_max": 0.22205738516368367, "target": "846.xyz", "model": "0.xyz", "model_rescale": 3.8414455957264533, "target_rescale": 4.176851758327538},
{"mapping": [6, 9, 14, 10, 11, 15, 13, 5, 4, 12, 7, 1, 3, 0, 16], "R": [[-0.8233328184134983, -0.37379099902903956, 0.42708706274969066], [-0.22164916861923847, -0.48098004957568574, -0.8482510465425736], [0.5224889627290571, -0.793056417258598, 0.31315619564567226]], "T": [-0.08246550562579645, 0.02479616207325719, -0.07697769344944203], "aligned_model": [[-0.7387178308161603, -0.5359043054416199, 0.14027697547990042, -0.2690991016658146, -0.49212935320995366, 0.2078090715966464, 0.7200545381844099, -0.23131115054403678, 0.5522385934891424, 0.29222485287617994, 0.4947826010040829, -0.3764722199701471, 0.28027281094600953, -0.09543127598407618, -0.07655005244001827], [0.1579932281379403, 0.06581658548157854, -0.5830285131548902, -0.4662627388077667, -0.3865503843761098, -0.4666166708866566, -0.2649718889249595, -0.23719872281540594, 0.3614765794526396, 0.021722293418422634, 0.04933196445459072, 0.6141917018183936, 0.6089101004667687, 0.7711665668203052, 0.10106442695816405], [0.3041708687483822, -0.4816650169643394, 0.2178763010165702, -0.713098167420098, -0.08391060784293838, -0.32969061084720463, -0.011153892713037239, 0.4666881633015947, 0.16849418628007432, 0.5752026300121065, -0.5157071978777599, -0.3245597552553183, -0.2711696830582899, 0.23126515231455128, -0.06756058235475881]], "inverted": false, "swapped": true, "error_lsq": 0.03272525543709377, "error_max": 0.18999406632251944, "target": "846.xyz", "model": "1.xyz", "model_rescale": 4.316132596720782, "target_rescale": 4.176851758327538},
{"mapping": [1, 3, 0, 11, 6, 9, 5, 10, 4, 8, 15, 16], "R": [[-0.9074775997065619, -0.374418210701549, 0.19051354158134526], [0.02437138487089241, 0.4058104716696827, 0.913632254620372], [-0.4193929441827692, 0.8337438842823856, -0.35913882245091316]], "T": [0.0003642042552752453, 0.1055263672181709, -0.13936540736523906], "aligned_model": [[-0.1258239622099883, 0.5027818397603272, 0.11549504541342001, -0.4859128818678154, -0.6507516430114365, -0.3821995795805115, -0.26523902856353915, -0.21345820768265328, 0.6601480958776862, 0.21776420039982994, 0.20326799824701317, 0.021736677849448334], [-0.5280085466809178, -0.3806195981960353, -0.6325342665951929, 0.4174968255106999, -0.17653531874469325, -0.024241723648531485, 0.3161106845554255, 0.5584458962069333, -0.08992554908722035, -0.1337650368717428, 0.6541566105653333, 0.032196450726921996], [0.1396220245991402, 0.008002594616777853, -0.4463864725662679, -0.08202830541850673, -0.439652200184047, 0.31655831873236173, -0.6604009891862761, 0.5161985308769464, -0.4602130431460566, 0.6287890562461645, 0.07845246992594224, -0.14968352328675746]], "inverted": false, "swapped": true, "error_lsq": 0.04403590993092973, "error_max": 0.3058784226415368, "target": "846.xyz", "model": "2.xyz", "model_rescale": 3.795458400668931, "target_rescale": 4.176851758327538},
{"mapping": [6, 0, 12, 7, 11, 15, 4, 1, 3, 8, 14, 16], "R": [[0.22356141649498662, -0.7092332880307999, 0.6685868950284444], [-0.13477663693859204, -0.7018529624279835, -0.6994552718127065], [0.9653266551744433, 0.06626131812818536, -0.2524953198172936]], "T": [0.053768246967747554, 0.11418418985856373, -0.036674422733550004], "aligned_model": [[-0.00766164192864742, -0.009730547573123152, -0.6639895657766205, 0.23879275062880012, 0.09675703425690507, 0.03651845954107223, -0.3042672477725572, 0.5439691571685099, 0.254316628530552, 0.8017458246287413, -0.4573943917538687, 0.06424736579380132], [-0.06666500465555887, -0.6842820027274147, -0.08503905789153658, 0.16476456935998698, 0.5417976951940473, 0.6321786218564217, -0.32220310357253545, -0.3640158749555564, -0.42218741479061184, 0.05069248474485706, 0.602776739867533, 0.037951392860077066], [-0.7831345601724069, -0.13997101821011262, 0.06761031983975244, 0.6629744309899926, -0.42702960563416476, 0.31116740116345587, 0.4711012711076859, -0.1983892746463712, 0.39060131556875316, 0.3253791106827732, 0.040746527976030476, -0.0322844880262877]], "inverted": true, "swapped": true, "error_lsq": 0.04244474150917474, "error_max": 0.21349785190268086, "target": "846.xyz", "model": "3.xyz", "model_rescale": 3.7530521520055578, "target_rescale": 4.176851758327538},
{"mapping": [10, 6, 1, 0, 8, 12, 7, 14, 13, 4, 16], "R": [[-0.37856121488780553, -0.4007947730393562, -0.8342990809577823], [0.24193937918058772, -0.9128934276199256, 0.32877184582937746], [-0.8933961850066189, -0.07738953231978529, 0.44255408359085824]], "T": [-0.1477239277503205, -0.08269325816218184, -0.1180354986886413], "aligned_model": [[-0.5609159080992742, -0.13945132561871343, 0.4365011689245393, 0.5420962501682981, 0.24398751954631015, -0.20343346599886863, -0.0009064888809207083, -0.7642607360593174, -0.3578531052187822, 0.21579047864692114, -0.07335478496498685], [-0.7941845766033598, 0.10951023775882193, -0.33895001568330696, 0.2870516847120632, -0.7804391501153656, 0.6445619536430869, -0.33529516746223875, 0.19653726935922536, 0.1758478055718389, 0.36647959175052913, -0.06391627461694832], [-0.05743276056482184, -0.8641401692283613, -0.41491500003401915, -0.3172523242912687, 0.11498215446307489, 0.06564300300239609, 0.5459960331861559, 0.10086311541880275, 0.6702150731345166, 0.37446878338508605, -0.12559713122624455]], "inverted": false, "swapped": true, "error_lsq": 0.04561257195108046, "error_max": 0.22023576728152852, "target": "846.xyz", "model": "4.xyz", "model_rescale": 3.7855080009869324, "target_rescale": 4.176851758327538},
{"mapping": [9, 14, 3, 15, 10, 0, 2, 8, 13, 12, 11, 1, 5, 7, 4, 6, 16], "R": [[-0.23843132876375323, -0.8724357590035712, -0.42662201991436643], [-0.3149340719994465, -0.34609154421622584, 0.8837630753295115], [-0.918676783073241, 0.34507461429941666, -0.19224067937954842]], "T": [-0.08176719566721595, -0.0394957200649697, -0.0055278362475080335], "aligned_model": [[-0.007985890657304637, 0.06184272157721275, 0.2760751226006484, -0.6244190712967859, -0.4841757082117503, 0.555077290278732, 0.5366889849351772, -0.7837506574703459, -0.4805713964727281, 0.18082776476928936, -0.035656744079658506, 0.5482643742329253, 0.09019955581207002, -0.42795265670750443, 0.11310428909246521, -0.37316791785990083, -0.06504685925481946], [-0.5681306026725144, 0.0012845950728243086, -0.6296331586245334, -0.2258888969200415, -0.6462931282545507, -0.22576250139638182, -0.24414202981042427, -0.0335470812563246, 0.5074729289282305, 0.495773077201471, 0.7470889655638984, 0.31341832339586695, -0.640216074082851, -0.25454862014216767, 0.08907886792830896, 0.3600497849663348, -0.05072243914183437], [-0.47671304311481233, -0.6653843025333056, -0.08365135553765467, -0.5972242382844308, 0.02325702992183382, 0.40460344787160274, -0.35397801656165157, -0.05546486674430629, -0.26369085705767104, -0.33354683636250293, 0.1021503272252507, 0.2216633560259959, 0.5089289036962857, 0.6231830262390711, 0.696251661611516, 0.42053093502920696, -0.05533891257407027]], "inverted": false, "swapped": false, "error_lsq": 0.035557829445571267, "error_max": 0.22711672859176016, "target": "846.xyz", "model": "5.xyz", "model_rescale": 4.2253639853439635, "target_rescale": 4.176851758327538},
{"mapping": [14, 2, 3, 7, 4, 1, 8, 15, 6, 5, 0, 9, 10, 16], "R": [[0.04112087374228318, 0.5627249182680386, 0.8256208210207037], [0.9818102818338317, 0.13053744323218852, -0.1378714850858419], [-0.18535815123172647, 0.8162724069050922, -0.5471212968778715]], "T": [0.10979023280892014, 0.012039075285461262, 0.011255890922115222], "aligned_model": [[0.6806560097764547, -0.35376273246111883, -0.391095945870312, 0.2212584653034907, -0.192188833174667, -0.4585975152529322, -0.025938145157167802, 0.6649083709043682, -0.15526616267514037, 0.26005787379066525, -0.6743807646120616, 0.08770142402295056, 0.6765951534518284, 0.03411495471142584], [0.015351642670847085, 0.24868517691439251, -0.48684679402959047, -0.6814505312408058, -0.5344898344061435, 0.09433429677240356, -0.3809151462496612, -0.2661041515960222, 0.7310260658962466, 0.3903479877360628, 0.01482423651130646, 0.2724678853406068, 0.030264963255530363, -0.002396650940182635], [-0.4131321606797864, -0.6998661370812563, 0.1147190900271651, 0.19277161764234646, -0.42068650708598654, 0.4178106745031985, 0.733577980819357, 0.07520836778144686, -0.06927741732305155, -0.4585003355933128, -0.1819244236253808, 0.5614832707827881, 0.6104388343147393, 0.008935354449181983]], "inverted": false, "swapped": true, "error_lsq": 0.042760791347389256, "error_max": 0.24742660648289105, "target": "846.xyz", "model": "6.xyz", "model_rescale": 3.89814844738969, "target_rescale": 4.176851758327538},
{"mapping": [9, 8, 3, 11, 0, 7, 15, 6, 14, 13, 4, 12, 16], "R": [[-0.20680712469178336, 0.5181277575376387, 0.8299243580265223], [0.9152053174661899, 0.4023243503649064, -0.023115881663193227], [-0.3458757581246883, 0.7547706565391066, -0.5573968209177358]], "T": [-0.046210726304036484, -0.06625377645572086, -0.04828185541716394], "aligned_model": [[0.03628053758664922, -0.018161988013489103, 0.31339547266888684, -0.28562497196586834, 0.7151586004613755, -0.32870437502810274, -0.6536603101964734, 0.390639799051222, -0.5950763285342222, -0.5577545190147902, 0.11275200795318531, -0.004085082955174887, 0.023472958891024714], [-0.4036768271540454, 0.21815914559007984, 0.5147704257960913, -0.5945193656001968, 0.15628235766223245, 0.5371000645568275, 0.05223132259198357, -0.6736275423208449, -0.13650121466321374, 0.5479007275524567, 0.6032880442639939, 0.17591821467290314, -0.033544087477781835], [-0.5486838202092865, -0.831165609505072, -0.2570232413976668, -0.074640931563344, 0.10352381483451202, -0.3354445988713981, -0.1293744292547559, 0.1359504062177609, 0.39872572267482753, 0.2574531772261256, 0.2725047403794818, 0.662576530352111, -0.052126730047000164]], "inverted": true, "swapped": true, "error_lsq": 0.04176156301133915, "error_max": 0.20096790839401593, "target": "846.xyz", "model": "7.xyz", "model_rescale": 3.7474275329858107, "target_rescale": 4.176851758327538},
{"mapping": [0, 3, 7, 4, 15, 12, 2, 5, 13, 14, 6, 11, 9, 10, 16], "R": [[0.6263438196141959, -0.7289747281467313, -0.2762051146421789], [-0.4335840827561107, -0.620225088176082, 0.6537015245335701], [-0.6478412327195932, -0.28968376847930366, -0.7045459896046442]], "T": [0.020015923411171824, 0.060523969697852495, -0.001547022796597946], "aligned_model": [[-0.5700255930295154, 0.04948127582880266, 0.5768219370716158, -0.10194893053514206, 0.551007625495588, -0.3773441133456589, -0.7941715502940799, -0.3620678581903946, 0.3852205272969678, 0.13015485753680328, -0.588534309835507, 0.06123084690596566, 0.16933990114203185, 0.6925703220990469, -0.01958121580777672], [0.04637310679161004, -0.06954978760037024, -0.23038211184662927, -0.5518879274790729, -0.15131772542256383, -0.571753262810688, -0.2753226791773558, -0.10776357737243887, -0.7133952662326987, -0.3687141282803183, 0.47232204684011, 0.35352359481589113, 0.6508980188310408, 0.4429154759533349, 0.0631721849697423], [-0.5528194656080665, -0.7034667609664242, -0.3643716018071644, -0.43344479220044285, 0.2490136080396286, 0.0882972322963592, -0.03126324461561372, 0.4589529173270688, 0.0018190427282242135, 0.5548952448212027, 0.230340356051022, 0.49798382145355585, -0.01644943580190909, 0.2849272648091386, -0.06761953083031795]], "inverted": true, "swapped": true, "error_lsq": 0.04611033255371847, "error_max": 0.3051310276898352, "target": "846.xyz", "model": "8.xyz", "model_rescale": 4.019505241142653, "target_rescale": 4.176851758327538},
{"mapping": [15, 11, 14, 13, 7, 4, 2, 8, 3, 1, 6, 0, 16], "R": [[0.5533119187302669, 0.829595641657544, -0.07494659387750063], [-0.82339935533496, 0.5583362897141342, 0.10136118202856144], [0.12593419799642724, 0.005626626970293903, 0.9920226402879797]], "T": [-0.12531167562584472, -0.03908484238813786, -0.029221403339761226], "aligned_model": [[-0.21801564926012842, -0.6432377770484412, -0.11040701480111348, 0.40791260353928643, 0.17427008060292776, 0.6314930551531666, 0.35410541233767434, -0.2518492961587695, 0.3554274012955215, -0.18695923286826588, -0.4382451858314969, 0.3271678319327903, -0.08196145715197498], [-0.484989792912448, 0.09428303046870967, -0.009753484268614977, -0.4448641893727833, -0.6998045405608241, -0.09995970914174854, 0.7002201304275782, -0.6835890903314433, -0.28788233974301086, 0.004706300282327429, 0.6408187961125063, 0.35526758099217437, -0.02107446383836413], [-0.4560521304077305, -0.2551507696250995, -0.7397996532703737, -0.5615293090760631, -0.028120474789539232, -0.028682250075815402, -0.04205420026705981, 0.4837960616007593, 0.437113726576391, 0.6703540694926757, 0.1537716559150151, 0.511147920050743, 0.031908847919976537]], "inverted": true, "swapped": true, "error_lsq": 0.047674986721880634, "error_max": 0.2611028206831784, "target": "846.xyz", "model": "9.xyz", "model_rescale": 3.877068213659057, "target_rescale": 4.176851758327538},
{"mapping": [1, 9, 15, 5, 11, 6, 12, 10, 8, 7, 4, 3, 0, 14, 13, 16], "R": [[-0.4160331962369948, 0.8804842853114505, 0.22729672885550858], [0.8981532425899657, 0.35876483915388246, 0.25418210600280083], [0.14225727557478526, 0.3098954880382631, -0.9400678986326287]], "T": [0.006448357362188802, -0.06054223670004317, -0.08616158919748534], "aligned_model": [[0.13875323105273016, -0.26369707202115167, -0.49657535944251024, 0.34469453700953673, -0.16972284488270864, 0.4706333249222366, 0.5141818488910989, -0.7674703091492079, -0.5158298233875309, -0.41496678193761766, 0.32006115625516635, 0.1085061857021257, 0.6593446776253425, -0.08772124877903711, -0.1785013625265452, 0.05371836598516728], [0.12610351940644662, -0.27636455931013765, -0.06024889411375956, -0.47198740886181867, -0.6136730092822701, -0.5851298003011007, 0.05189396177311254, -0.32353237660729367, 0.3606738505814782, 0.5114545496160129, 0.5578440359038255, 0.611313954709215, 0.28635514097355963, -0.3250257362662562, 0.365839790832968, -0.013718141920433517], [-0.7515807877514771, -0.5876627578652547, 0.2834013627892601, 0.23426203941708867, -0.0955727802719736, -0.4071335555712655, 0.45725932555094834, -0.19799309033534016, -0.5805166479246182, 0.06056917470437162, 0.22320044926814459, -0.30677928092403695, -0.4111833555423751, 0.5674319316503755, 0.6323985575889501, -0.12506625767275611]], "inverted": true, "swapped": true, "error_lsq": 0.03602004904159176, "error_max": 0.22712997200032806, "target": "846.xyz", "model": "10.xyz", "model_rescale": 4.260839863003843, "target_rescale": 4.176851758327538},
{"mapping": [8, 11, 5, 15, 12, 4, 3, 1, 6, 2, 0, 16], "R": [[-0.12444157036775823, -0.4346358957819023, 0.8919674510105566], [0.6565156121365002, 0.6379737928999365, 0.40246327856576597], [-0.743976845463246, 0.6356737195061098, 0.20595479053380866]], "T": [-0.005909031274933014, -0.1277497659644286, -0.1836299688265395], "aligned_model": [[0.5336332125690013, 0.0486635726790355, -0.3499135814981847, -0.3076465480847531, -0.614074295983889, -0.3779951015949483, 0.17208954964259957, 0.6288510569208674, 0.27414197046656374, -0.29177050160359963, 0.2182552013919842, 0.024664114189453273], [0.10474581556636542, -0.7032276311050136, -0.40601902759232017, -0.35090693606011464, 0.12135066202331007, 0.5338864991214562, 0.5489544899628032, 0.15245872924455167, -0.40638087319183064, 0.17330055788794324, 0.468188611770095, -0.06327239209431149], [-0.7747512643637657, -0.1295414097203642, 0.25294304565621106, -0.6823935095784404, 0.18219167529948546, -0.1678550008388513, -0.3280826024629184, -0.06663955329839238, 0.47789776430358666, 0.5936918371382485, 0.3132184899452849, -0.15450139468457935]], "inverted": true, "swapped": true, "error_lsq": 0.04648197896018355, "error_max": 0.212214412347062, "target": "846.xyz", "model": "11.xyz", "model_rescale": 3.890672605050136, "target_rescale": 4.176851758327538},
{"mapping": [9, 11, 14, 8, 15, 0, 6, 3, 1, 2, 13, 5, 4, 16], "R": [[0.5870966238632196, -0.7762869385560517, -0.22955640543378963], [-0.14057885701869477, 0.1814947838698386, -0.9732919543422509], [0.797217121747725, 0.6036871975247726, -0.0025745556819845097]], "T": [0.1579164459243252, 0.013487486003481916, 0.03177984774274632], "aligned_model": [[0.35207595017810794, 0.2246570359461976, 0.23822445058229197, 0.7208935548291947, 0.6726158027318974, -0.43490975212447025, -0.4157200504346733, 0.1728993947883256, 0.024719375258993814, -0.6798446786167113, 0.46257480409791407, -0.23307832525957028, -0.013458493411295402, 0.11822676622749126], [-0.39616022904916853, 0.17571638260832445, 0.7170704954150285, -0.5851745582254743, 0.3664052185823153, -0.4046251044279675, -0.1313299380294775, -0.40396033896114225, -0.677440080259936, 0.1835151784748007, 0.5659736175056942, 0.44423064225103365, 0.11603611455424076, -0.03810488061050636], [-0.3751010765935163, -0.521669330904374, -0.035491988958323506, 0.17050600248589637, 0.04375345757149763, 0.386729851092027, -0.4618312166925012, 0.6114276139239101, 0.030528359606488264, 0.24584560805733113, 0.6099485740956339, -0.1872003608801796, 0.7642918610012828, 0.07305308155168858]], "inverted": true, "swapped": true, "error_lsq": 0.04415078542618426, "error_max": 0.34243108827823154, "target": "846.xyz", "model": "12.xyz", "model_rescale": 4.124412569039231, "target_rescale": 4.176851758327538},
{"mapping": [1, 6, 11, 0, 9, 8, 2, 7, 5, 4, 15, 14, 16], "R": [[-0.025522824752351847, 0.862992067208189, 0.5045723707778674], [0.7792770574672938, -0.2989732399898011, 0.5507651672674272], [0.6261596067471752, 0.40725875522293914, -0.664879277141712]], "T": [0.17415331704841677, 0.10073484761311297, -0.02282263242403982], "aligned_model": [[-0.16049212507033836, -0.0866231691032385, 0.5576278569647208, -0.6161298149623294, 0.39724905696223695, 0.3575971535319391, -0.5473078652148596, 0.3407174995789435, 0.11293528608755773, -0.29490841721675054, 0.6970890506004269, 0.504851529166809, 0.10469226618463957], [-0.3072605356133348, 0.5393031402163995, 0.4198445471411689, -0.01397438870674747, -0.11654603998343246, -0.6962491293532962, 0.5974826368337276, -0.43983883597387047, 0.718602410003579, -0.052810009614607994, 0.05260747587771608, 0.5774784405639934, 0.06884566511718164], [0.44266219333735607, 0.5545301853441782, 0.2741534465762007, 0.09777963376586654, 0.5007024929006443, 0.13764329441437426, -0.11932477815226647, -0.47706642816959677, -0.05216436970608097, -0.5997667431358797, -0.36021216377216647, -0.4343541206966529, -0.012884561738137033]], "inverted": false, "swapped": true, "error_lsq": 0.040168395472171645, "error_max": 0.22606259385141897, "target": "846.xyz", "model": "13.xyz", "model_rescale": 3.9028299243045295, "target_rescale": 4.176851758327538},
{"mapping": [1, 5, 6, 9, 8, 3, 11, 10, 0, 15, 7, 14, 12, 4, 13, 16], "R": [[-0.39692976692609216, -0.8883762480846201, -0.23072581556274074], [0.23534150722174385, -0.3414798731421146, 0.9099482794189148], [-0.8871646606502066, 0.30688619727504685, 0.3446153316604833]], "T": [-0.050902580966208644, 0.03466938120933364, -0.0015011931795407274], "aligned_model": [[0.09821203286015634, -0.08958271953348268, -0.16197563130589093, -0.44776087080609167, -0.14824273527993925, 0.4851371711371278, -0.5758569321873186, -0.7748942094952378, 0.6034581975748818, -0.34501356772794134, 0.1035819257069322, -0.23296639682560633, 0.4339665641173334, 0.6484149975652134, 0.22072268875390283, 0.010638757026557387], [-0.6170641540292591, 0.5285291241724279, -0.006158556940226899, -0.41330567502054705, -0.6589727013371037, -0.36553842851354196, 0.1692445960581705, -0.13328400777556482, -0.25274020588112206, 0.2809857222430638, -0.09313339497927761, 0.7076640597966153, 0.6001926379707578, 0.18383821894464727, 0.5293466995184466, -0.007351652106386317], [-0.22089161837601567, -0.3769679835573751, -0.7628675019601181, -0.11500492399867378, 0.4501291534978265, 0.24944462042367926, -0.20980615058016827, 0.35661608043111803, -0.37761054563376034, 0.4908774302443845, 0.6957089242589787, 0.13968965746526713, -0.10555332406192239, 0.2537692963480333, 0.6418111574245866, -0.021184162301508602]], "inverted": false, "swapped": true, "error_lsq": 0.04421700277176545, "error_max": 0.3078000581132196, "target": "846.xyz", "model": "14.xyz", "model_rescale": 3.942246331269136, "target_rescale": 4.176851758327538},
{"mapping": [15, 7, 13, 3, 0, 4, 5, 14, 11, 12, 2, 6, 8, 1, 16], "R": [[-0.06596671544364516, 0.9448888186230834, 0.3206766485022744], [-0.6639939504967521, 0.19832262964231281, -0.7209578131038423], [-0.7448224124966258, -0.26048657357497745, 0.6143177669821003]], "T": [-0.20083663101994786, 0.004733664109192843, 0.06379557124775928], "aligned_model": [[-0.6763575537333792, -0.3897271576997629, -0.2321835755311627, 0.140999212485718, 0.5390309409652021, 0.3093610910672222, -0.0399044604987093, -0.3959574609206987, -0.5647313637032169, 0.3033424876679275, 0.5961210861858742, 0.04819546400419261, -0.5266755656955359, 0.0019313288075014923, -0.13915043686896325], [0.09843793060272543, -0.4268479554911644, 0.11286704203451442, -0.5842110382819228, -0.26321519043951386, -0.1439097450715956, 0.5998982517179619, 0.5864916288631582, 0.3399835475538233, 0.4211622840511019, 0.37565585831314413, 0.3026596725840142, -0.7623114731111031, -0.5185585527718787, -0.03995757067161416], [-0.32953518486180344, -0.487891509275202, -0.7845329373431621, -0.1524707039395196, 0.24559197252890666, -0.47848006152784195, 0.14284530030230133, -0.2960508667533053, 0.36754983668447405, -0.30786571070887847, 0.1258632002620514, 0.729307335466556, 0.07122258122980288, 0.4882650494180719, 0.07554417887806483]], "inverted": true, "swapped": true, "error_lsq": 0.03951839280831405, "error_max": 0.2280494045032837, "target": "846.xyz", "model": "15.xyz", "model_rescale": 4.355366556412066, "target_rescale": 4.176851758327538},
{"mapping": [1, 3, 0, 11, 6, 9, 5, 10, 4, 8, 15, 16], "R": [[-0.9074775997065619, -0.374418210701549, 0.19051354158134526], [0.02437138487089241, 0.4058104716696827, 0.913632254620372], [-0.4193929441827692, 0.8337438842823856, -0.35913882245091316]], "T": [0.0003642042552752453, 0.1055263672181709, -0.13936540736523906], "aligned_model": [[-0.1258239622099883, 0.5027818397603272, 0.11549504541342001, -0.4859128818678154, -0.6507516430114365, -0.3821995795805115, -0.26523902856353915, -0.21345820768265328, 0.6601480958776862, 0.21776420039982994, 0.20326799824701317, 0.021736677849448334], [-0.5280085466809178, -0.3806195981960353, -0.6325342665951929, 0.4174968255106999, -0.17653531874469325, -0.024241723648531485, 0.3161106845554255, 0.5584458962069333, -0.08992554908722035, -0.1337650368717428, 0.6541566105653333, 0.032196450726921996], [0.1396220245991402, 0.008002594616777853, -0.4463864725662679, -0.08202830541850673, -0.439652200184047, 0.31655831873236173, -0.6604009891862761, 0.5161985308769464, -0.4602130431460566, 0.6287890562461645, 0.07845246992594224, -0.14968352328675746]], "inverted": false, "swapped": true, "error_lsq": 0.04403590993092973, "error_max": 0.3058784226415368, "target": "846.xyz", "model": "16.xyz", "model_rescale": 3.795458400668931, "target_rescale": 4.176851758327538},
{"mapping": [9, 8, 3, 11, 0, 7, 15, 6, 14, 13, 4, 12, 16], "R": [[-0.20680712469178336, 0.5181277575376387, 0.8299243580265223], [0.9152053174661899, 0.4023243503649064, -0.023115881663193227], [-0.3458757581246883, 0.7547706565391066, -0.5573968209177358]], "T": [-0.046210726304036484, -0.06625377645572086, -0.04828185541716394], "aligned_model": [[0.03628053758664922, -0.018161988013489103, 0.31339547266888684, -0.28562497196586834, 0.7151586004613755, -0.32870437502810274, -0.6536603101964734, 0.390639799051222, -0.5950763285342222, -0.5577545190147902, 0.11275200795318531, -0.004085082955174887, 0.023472958891024714], [-0.4036768271540454, 0.21815914559007984, 0.5147704257960913, -0.5945193656001968, 0.15628235766223245, 0.5371000645568275, 0.05223132259198357, -0.6736275423208449, -0.13650121466321374, 0.5479007275524567, 0.6032880442639939, 0.17591821467290314, -0.033544087477781835], [-0.5486838202092865, -0.831165609505072, -0.2570232413976668, -0.074640931563344, 0.10352381483451202, -0.3354445988713981, -0.1293744292547559, 0.1359504062177609, 0.39872572267482753, 0.2574531772261256, 0.2725047403794818, 0.662576530352111, -0.052126730047000164]], "inverted": true, "swapped": true, "error_lsq": 0.04176156301133915, "error_max": 0.20096790839401593, "target": "846.xyz", "model": "17.xyz", "model_rescale": 3.7474275329858107, "target_rescale": 4.176851758327538},
{"mapping": [13, 7, 15, 3, 12, 2, 14, 9, 4, 5, 0, 1, 6, 16], "R": [[0.016127054859286505, -0.49469242235538324, -0.868918480276331], [-0.2573194387005301, -0.8418137415402543, 0.4744853327773598], [-0.9661918156186222, 0.21593756462959582, -0.14086995284101367]], "T": [0.10573530664990806, 0.13524735178851885, 0.031755261098994084], "aligned_model": [[0.5388342353703204, 0.2534817306014467, 0.6735149664081727, -0.3643508317717515, 0.09956572200990112, -0.3235755079166224, 0.7026916282594795, 0.02749773810133714, -0.12629647109218073, 0.26061697289219815, -0.6615445833536516, -0.4936145748198414, -0.2035884456408552, 0.03161506883492313], [-0.47757415987688245, 0.01198026124818316, 0.12508791430709537, -0.03158430012244337, -0.5824044540481416, -0.445718170341194, -0.19205164136253636, 0.7393365377864014, -0.5149234867181209, -0.11128683429549993, -0.10981203834445044, 0.483378035495611, 0.34600064095181016, 0.11997993683140151], [-0.37959839407036255, -0.6677282475425225, -0.22734465205015142, -0.47977668369785, 0.2568759166106703, 0.5364814783011683, 0.2379649745718641, 0.027707007563607167, -0.2843120980057101, 0.5809378118684917, 0.0907299162630835, -0.08952406245988749, 0.7052422071989789, 0.017139544110275337]], "inverted": true, "swapped": true, "error_lsq": 0.040325605360622165, "error_max": 0.293859520012716, "target": "846.xyz", "model": "18.xyz", "model_rescale": 3.922800546911778, "target_rescale": 4.176851758327538},
{"mapping": [4, 13, 7, 3, 11, 12, 14, 1, 5, 8, 10, 9, 0, 6, 16], "R": [[0.23126642602679295, -0.8985621994690292, 0.372963555697034], [0.5693864359688938, 0.4358534300159225, 0.6970156914144731], [-0.7888693977633019, 0.05116406188660094, 0.6124273932833422]], "T": [0.08094773201654556, -0.020301483796265396, 0.03411903916874254], "aligned_model": [[-0.3674750096255156, -0.20746269562478595, 0.3203439925126792, 0.11721860250568923, 0.23894008652917584, -0.652770039205749, -0.22787250796289968, 0.36775611857956614, -0.3733890455075872, 0.7864896445279618, 0.7739969623109119, 0.601036488036849, -0.2561942264743068, -0.08983982680331695, 0.06527229308894703], [0.4620789194023325, -0.032076095500420954, 0.26989646046392785, 0.675421248191465, -0.5373138206550206, -0.00894147585130306, -0.5595644085995887, 0.47003020136476586, -0.4053979562661694, 0.3932504681040512, -0.429680783991525, -0.06488850689075795, 0.6148792982821282, -0.18086164319794976, 0.050779600178643636], [-0.34361847817124674, -0.7714971849645522, -0.5861837448567839, -0.12441490770907312, 0.24581498633511745, -0.13101929722028516, -0.3120449163053808, 0.44937765208764424, 0.21201706893864372, -0.12641073106179612, -0.1467443171807005, 0.3480950467895289, 0.40172102250285535, 0.7681046276898829, 0.05946234028947487]], "inverted": true, "swapped": true, "error_lsq": 0.04217699129589762, "error_max": 0.29438861597198784, "target": "846.xyz", "model": "19.xyz", "model_rescale": 3.9282355846067225, "target_rescale": 4.176851758327538},
{"mapping": [13, 4, 0, 7, 15, 3, 8, 1, 10, 11, 2, 14, 6, 16], "R": [[0.43631217134059275, -0.21543925952832355, -0.8736232681161515], [0.17158625565924635, 0.9730177035170735, -0.15425532571422226], [0.8832835592316306, -0.08259826932962158, 0.461505882838837]], "T": [-0.00724410610037092, -0.04910855716861011, 0.13261705473738702], "aligned_model": [[-0.7388305114760382, -0.13838410084011582, 0.5980718917316752, -0.42009851262698183, -0.5956596425240733, 0.1688938579320738, 0.05987376857939118, 0.594233219398526, -0.33255866185861277, -0.04876081663692523, 0.3408775132496823, -0.570134271148492, 0.5678734984415547, 0.047125586863012214], [-0.4465885536548126, -0.7170237829157843, -0.5468487280632051, -0.06743151398034611, 0.1541166842937649, -0.333511841736763, 0.38012586351840244, 0.07840634030363312, 0.7062380341049722, 0.34414644448788995, -0.7744059488358654, -0.16355056700012657, -0.0028126236854942033, -0.08797771941142973], [-0.0651901764314077, -0.20376218602036936, -0.06256954647887192, -0.4636349628922636, 0.08704975366731582, -0.4987060776730461, -0.5786054261763247, -0.2095655069346062, 0.06748513035956953, 0.5577116101172866, 0.49224505631709903, 0.5522140223571614, 0.6432825290748948, 0.09422893795724438]], "inverted": false, "swapped": true, "error_lsq": 0.03905136921384568, "error_max": 0.22664218395010832, "target": "846.xyz", "model": "20.xyz", "model_rescale": 4.067790424073018, "target_rescale": 4.176851758327538},
{"mapping": [3, 6, 7, 13, 8, 9, 15, 0, 1, 2, 5, 14, 12, 11, 16], "R": [[0.14958975441547173, -0.9538673486988767, 0.26030748444886315], [0.7107237839117251, -0.07929282346802324, -0.69898809083465], [0.6873824323883457, 0.2895681771753333, 0.6660748174276194]], "T": [-0.021161039963000686, 0.03709611995585919, 0.05383939535955118], "aligned_model": [[0.045558590291714926, 0.12919192434580906, -0.21917997912212817, 0.2563057854360977, -0.6583054348080097, -0.5397481100840866, -0.2533218440460294, 0.409645122442641, -0.22856001749637606, 0.7966650306702695, 0.37196640873673403, 0.20121641856110883, 0.7048049500652919, -0.2529214500663225, 0.005126558980800902], [-0.037925766572627216, 0.7427170295051072, -0.5387600098830498, -0.7713357083513493, -0.056160402486617265, 0.3566366433528941, -0.49792772963347104, 0.467970048692057, 0.5139728007800252, 0.36498908260464125, 0.15722823748074488, -0.3774644649938469, -0.1439262279228403, 0.19069486643715136, 0.07018674091902792], [-0.6535494055438493, 0.32434987079795824, -0.3404690850506998, 0.011568168471308704, -0.47524911850237483, 0.05858857834619097, 0.27623670338548023, -0.47625894666454827, -0.4201840461318029, 0.038873067272993264, 0.5200882483700591, 0.5874044936412917, 0.13094827049063668, 0.5635187572954454, -0.010615982556948525]], "inverted": false, "swapped": true, "error_lsq": 0.04037839933110123, "error_max": 0.2524195013721925, "target": "846.xyz", "model": "21.xyz", "model_rescale": 4.186013935880536, "target_rescale": 4.176851758327538},
{"mapping": [1, 0, 3, 10, 11, 8, 9, 6, 13, 12, 5, 15, 16], "R": [[-0.8472384179135686, 0.5214261986960579, 0.10149769713984857], [-0.388104732710545, -0.7380515727358792, 0.5519552449517731], [0.3627144602286897, 0.42824595187283965, 0.8276736222965764]], "T": [-0.014656872718538314, 0.0047386382628205395, 0.04858920087739825], "aligned_model": [[-0.05895642778753154, -0.3871391395592164, 0.25640067940693567, 0.4810813018088319, -0.17128670086393533, 0.6252574153364213, 0.06527558240104124, -0.7070546766424068, 0.4124607143377314, -0.3472794374304218, -0.5050659908775356, 0.4254429861327383, -0.030562270839427287], [-0.393151017046272, 0.14486497589045663, 0.18249777418118937, -0.49032342478604257, -0.32842099392431245, -0.382414077705065, -0.5980088668314428, -0.33264214328811076, 0.7161876227767499, 0.6784565612174531, 0.19009160687907187, 0.11900664962567106, 0.012811992556746782], [-0.5300689877778482, -0.6541711527569232, -0.5881275345681769, 0.48422369991992575, 0.4975327062445457, -0.3191156982236364, 0.011609505775072235, 0.027558543423241336, 0.25774853273030646, 0.08334373248755632, 0.3825234509438554, 0.47621597391354753, -0.026393210776121]], "inverted": false, "swapped": true, "error_lsq": 0.044574696646095716, "error_max": 0.2733679194892769, "target": "846.xyz", "model": "22.xyz", "model_rescale": 4.166573947596378, "target_rescale": 4.176851758327538},
{"mapping": [0, 4, 12, 5, 2, 3, 4, 1, 6, 11, 9, 14, 15, 8, 10, 16], "R": [[0.056497915978422436, -0.30394438615335084, -0.9510130365120963], [0.9699582924141277, -0.20903936284031716, 0.12443253497531859], [-0.2366197296659025, -0.9294731598648651, 0.2830030894242293]], "T": [-0.016720094305191155, 0.061618828983653354, 0.06324672064016837], "aligned_model": [[-0.7145780192228182, -0.1114243446846487, 0.13098942455649026, 0.19399738576010628, -0.3075315635742121, -0.44829929413195996, -0.1114243446846487, -0.6774035885454568, -0.35410308552661784, 0.23100256118726803, -0.22007008735051597, 0.6384181634605502, 0.536924751308629, -0.27752518364610923, 0.3644382840098269, -0.08617781789512756], [-0.0021613334528335637, 0.3845739474679939, -0.15307176524396676, -0.4821861926017237, -0.43924855878433655, 0.5703589990312828, 0.3845739474679939, 0.17125233131572498, -0.6182093940225067, -0.29731905172587647, 0.056006289962790216, -0.1332607629376042, 0.32703023219808536, 0.7240560354526036, 0.2816682737524423, 0.0756444397416094], [-0.3382217734626439, -0.6173343083511148, -0.6423249160637874, -0.15179548826135894, -0.6009353454761247, -0.19249053088953091, -0.6173343083511148, 0.27912108985510464, 0.19624711022695354, 0.44649024418985617, 0.6374231132782402, -0.13378052270998572, 0.17569178797546686, 0.49653884752523836, 0.761040911793386, 0.032924621885508355]], "inverted": true, "swapped": true, "error_lsq": 0.03995450054092091, "error_max": 0.3661716495193797, "target": "846.xyz", "model": "23.xyz", "model_rescale": 4.274766983524099, "target_rescale": 4.176851758327538},
{"mapping": [4, 5, 14, 15, 11, 10, 8, 9, 1, 6, 16], "R": [[-0.011232169260943886, 0.6998761868504499, 0.7141758617129031], [-0.8919458132540576, 0.3158376147252216, -0.3235417551773505], [-0.452002770558159, -0.6406402455390675, 0.6207040931099068]], "T": [0.03451607382739512, 0.08297553161652158, -0.06713228707275876], "aligned_model": [[0.40034197826596657, -0.02054762301911399, -0.449086798434828, -0.5278960904417287, -0.3328909719206583, -0.6317600646152025, 0.02889561519824428, -0.03953658736916084, 0.520492177507408, 0.322815061817456, 0.10906800696969267], [-0.12755795778846704, 0.6826675018593285, 0.4122603731951292, -0.10512313915617169, 0.40490474619862526, -0.19077356721945807, -0.6780303870155305, -0.04432222441935882, -0.16767379568099958, 0.6658097769590006, 0.0634252043113856], [-0.6982475682208736, -0.22110124378704538, -0.47173540347717663, -0.2618658710656355, 0.24663858176069753, 0.33505888505620446, 0.2726070492026905, 0.5239453176515289, 0.3757289429489757, 0.34623284833592216, -0.06769510438371065]], "inverted": true, "swapped": true, "error_lsq": 0.0468332326975826, "error_max": 0.22713392559315387, "target": "846.xyz", "model": "24.xyz", "model_rescale": 3.7841303162186577, "target_rescale": 4.176851758327538},
{"mapping": [9, 8, 3, 13, 7, 4, 15, 11, 1, 0, 6, 14, 4, 12, 2, 16], "R": [[-0.20178345085549193, -0.6032083507596333, -0.7716366531825021], [-0.9342437020837921, 0.3550800131088934, -0.03326994751061296], [0.29406146309508174, 0.7141833587142952, -0.6351928731164642]], "T": [0.11270251621144832, 0.009168137573292538, -0.031878558375746255], "aligned_model": [[0.15339192719834044, -0.06425801584890269, -0.4622289693603686, 0.3409567912659529, 0.11021474885002969, -0.2920254150894968, 0.6140756897300829, 0.5460190352062804, -0.41969130681134503, -0.6654243267480915, -0.028407144652203994, 0.6615451493540001, -0.2920254150894968, 0.00685814751368112, -0.32679760922443796, 0.03563926217875417], [-0.027038344105588592, -0.6606668477792136, -0.4057283584942459, -0.420161788150382, -0.6938867298601299, -0.2159962579126239, -0.3369108492307704, 0.28521193063810213, -0.03905603348847183, 0.2095638466027786, 0.7062871134957704, 0.1398051014489588, -0.2159962579126239, 0.2850100787809963, 0.618461922028487, 0.007913942306917327], [-0.6385866534648429, -0.49511767249697825, 0.056401635395181185, 0.672332005047775, 0.14703098484071303, 0.5697490151681552, 0.10400373247766494, -0.3022766598333163, -0.48943202433535465, 0.049427777886135296, -0.3281824500329569, 0.4013761870943825, 0.5697490151681552, 0.6598220132728493, 0.4287492650398087, -0.03142615541011788]], "inverted": true, "swapped": true, "error_lsq": 0.04072653437609181, "error_max": 0.33173619622223827, "target": "846.xyz", "model": "25.xyz", "model_rescale": 4.19342608120988, "target_rescale": 4.176851758327538},
{"mapping": [1, 3, 0, 11, 6, 9, 5, 10, 4, 8, 15, 16], "R": [[-0.9074775997065619, -0.374418210701549, 0.19051354158134526], [0.02437138487089241, 0.4058104716696827, 0.913632254620372], [-0.4193929441827692, 0.8337438842823856, -0.35913882245091316]], "T": [0.0003642042552752453, 0.1055263672181709, -0.13936540736523906], "aligned_model": [[-0.1258239622099883, 0.5027818397603272, 0.11549504541342001, -0.4859128818678154, -0.6507516430114365, -0.3821995795805115, -0.26523902856353915, -0.21345820768265328, 0.6601480958776862, 0.21776420039982994, 0.20326799824701317, 0.021736677849448334], [-0.5280085466809178, -0.3806195981960353, -0.6325342665951929, 0.4174968255106999, -0.17653531874469325, -0.024241723648531485, 0.3161106845554255, 0.5584458962069333, -0.08992554908722035, -0.1337650368717428, 0.6541566105653333, 0.032196450726921996], [0.1396220245991402, 0.008002594616777853, -0.4463864725662679, -0.08202830541850673, -0.439652200184047, 0.31655831873236173, -0.6604009891862761, 0.5161985308769464, -0.4602130431460566, 0.6287890562461645, 0.07845246992594224, -0.14968352328675746]], "inverted": false, "swapped": true, "error_lsq": 0.04403590993092973, "error_max": 0.3058784226415368, "target": "846.xyz", "model": "26.xyz", "model_rescale": 3.795458400668931, "target_rescale": 4.176851758327538},
