[{"mapping": [2, 7, 9, 0, 12, 3, 4, 8, 6, 1, 10, 5, 11, 13], "R": [[0.9309779839522407, -0.3596181154984008, 0.06288723560151561], [0.11803408052972433, 0.4595056722327455, 0.8802968209754226], [-0.345467725308348, -0.8121141226399845, 0.4702368579545465]], "T": [-0.09247450911758447, 0.13606281106066634, -0.022486456195712726], "aligned_model": [[0.19581737224717483, 0.11011632305703141, -0.39494207628643696, -0.5030785473507159, -0.6600782021084568, 0.19587129687567112, 0.6363840253314784, 0.44661173069738214, 0.663877749749042, -0.4608768727391671, -0.6014905065779124, 0.13336526552016387, -0.07647427499514174, -0.06972679587881653], [0.08084023155490974, -0.5918137147010705, -0.464745326264699, 0.1825600855157589, 0.03422995326590936, 0.4830887676599126, -0.4095133232072222, -0.27518807142368895, 0.24051273018585756, 0.5760215178944006, -0.5767109369594754, 0.6033818543691896, -0.12208899482811883, -0.019565929653139275], [-0.7331878725877176, 0.0009058596214367859, -0.31280718349365694, -0.674141857336162, 0.02826711264513146, -0.2863614027332918, -0.31320306234188994, 0.36589205675357434, -0.062081393873981094, -0.08380650334337318, 0.4757958163209929, 0.5279775012023854, 0.6257137277503171, 0.019964678790775688]], "inverted": true, "swapped": false, "error_lsq": 0.05549130520495118, "error_max": 0.39759928912249715, "target": "847.xyz", "model": "0.xyz", "model_rescale": 3.8414455957264533, "target_rescale": 4.016646798642812},
{"mapping": [11, 4, 0, 13, 9, 12, 1, 3, 10, 8, 2, 6, 5, 14], "R": [[-0.09560660869252054, 0.021748709674347222, -0.9951815763979037], [0.8372295177014039, 0.5425348951965895, -0.06857566757605077], [0.5384292999677771, -0.8397516782487113, -0.07007858313837945]], "T": [-0.126295082832274, -0.05393092333290976, -0.010815454883374903], "aligned_model": [[0.25323419088734833, -0.08662235043764915, -0.26419551180024836, -0.4802595178421958, -0.7796813023653247, 0.24486396939598334, 0.5631679938547591, 0.49903009114282915, 0.3553577579751612, -0.27510744671186205, -0.34803548027320097, -0.24568323829702832, 0.21848567948751715, -0.03917834747479183], [0.05199878909830201, -0.5794683962511531, -0.5742266447343263, 0.19983307315489135, 0.1405830287476318, 0.4914875236449437, -0.438292262844444, -0.4798692135403879, 0.3755943945497113, 0.7117489013517777, -0.34116696091863546, 0.31231503656303516, -0.06639390902967907, -0.06313451638314213], [-0.7664620842969327, 0.12354850498400191, -0.49640087835590385, -0.6314280663198297, 0.01676081324264707, -0.3942854269963961, -0.3649410226455623, 0.19147612123435026, 0.21699991477010355, -0.13687767732914508, 0.6317819170947729, 0.66862368071176, 0.5506947274857424, -0.03056304620506768]], "inverted": false, "swapped": false, "error_lsq": 0.054691217022691856, "error_max": 0.33488263767392096, "target": "847.xyz", "model": "1.xyz", "model_rescale": 4.316132596720782, "target_rescale": 4.016646798642812},
{"mapping": [6, 8, 7, 2, 1, 0, 10, 3, 12, 5, 4, 13], "R": [[-0.14159700590776875, -0.7303290697298563, -0.6682587356896117], [0.9816484455748515, -0.19069913580041714, 0.0004109810846071871], [-0.12773651482028597, -0.6559369554404577, 0.7439288227169789]], "T": [0.09138022009383648, 0.03793800862605263, -0.010770654173444756], "aligned_model": [[-0.4029024663197829, 0.48513545291598714, 0.14950253852740847, -0.6073327817087584, -0.3317965681477931, -0.40645374968261416, -0.058840829873846895, -0.13967902193180554, 0.5574814971462722, 0.241925250005921, 0.1918137543743782, -0.0810445206735857], [-0.5960374466377316, -0.3197332703576524, -0.589217291531176, 0.37913183054458977, -0.18309040244730024, -0.13842654499309318, 0.36289281812003316, 0.6575333216198241, 0.03326394840089656, -0.12612212048233545, 0.6174162027121508, -0.08483461720722471], [0.03814420908621751, 0.015112690965392132, -0.3941262012764974, 0.008515471510468435, -0.48423491920325956, 0.5395370406818508, -0.7582031562538407, 0.5061888273094882, -0.589483278409925, 0.6622347751986734, -0.12182033512590865, 0.027393336726761718]], "inverted": true, "swapped": true, "error_lsq": 0.045416842556951616, "error_max": 0.24770828121695054, "target": "847.xyz", "model": "2.xyz", "model_rescale": 3.795458400668931, "target_rescale": 4.016646798642812},
{"mapping": [6, 2, 10, 9, 8, 11, 4, 0, 3, 5, 12, 13], "R": [[-0.4217832964659438, -0.606097264391712, 0.6743478011524953], [-0.510390807119419, -0.4560022664036607, -0.7290837791658193], [0.749399809734637, -0.6516962782858349, -0.1170123328460802]], "T": [0.0038287341238007686, 0.07378325546919316, -0.04033025635620833], "aligned_model": [[0.21391914727767034, -0.11567578143331483, -0.8132211341924154, 0.36204827323859984, 0.15552086894431724, -0.04231740753798769, -0.26960827227414946, 0.5551636391150192, 0.29983869864127083, 0.7019823652708326, -0.5222380161447493, 0.06789144483847193], [-0.11338678846451992, -0.6946439687584408, -0.061837179252729704, 0.0840343688984753, 0.5688139438463642, 0.5213828421361849, -0.0569173616475538, -0.3954633139327294, -0.48124101854220414, 0.15627789871624959, 0.5947822513863666, -0.03603262909575332], [-0.7949575211482955, -0.055273799260743696, -0.011107874469820894, 0.6348010073538584, -0.16513405653336655, 0.50983090071624, 0.4757738572550274, -0.2803701611563487, 0.5154214749671446, 0.05073005942621977, 0.022870766378850167, -0.21381322288966487]], "inverted": true, "swapped": true, "error_lsq": 0.060453621598359764, "error_max": 0.339053698958859, "target": "847.xyz", "model": "3.xyz", "model_rescale": 3.7530521520055578, "target_rescale": 4.016646798642812},
{"mapping": [2, 3, 4, 11, 10, 5, 1, 0, 6, 8, 13], "R": [[0.1026516935582219, -0.29036571185877846, -0.9513939158867761], [-0.60430243054601, -0.7779196836739183, 0.17221944776608678], [-0.7901146766424568, 0.5572510378002143, -0.2553234784048862]], "T": [0.06397706747003237, 0.003071247382810456, 0.05496461374167094], "aligned_model": [[-0.4753527506528429, -0.30626981023439737, 0.29682514183818487, 0.6414261150533411, 0.38586191361712396, -0.19310094389221752, -0.07194817445258503, -0.670233233497226, -0.4725976899340729, 0.32265901100358074, -0.11906997640368372], [-0.5112278608136844, -0.02704889011622135, -0.280045984714972, 0.223501218244995, -0.7572234641124744, 0.6387173242619006, -0.4653473327791272, 0.20716224410522524, 0.05383216183428662, 0.3927660107618522, -0.007882068357433845], [-0.16775676430521305, -0.6977264633753474, -0.4181530365540502, -0.29591339998511285, 0.12679381898569342, -0.12498204774692945, 0.5177917145424852, 0.022349045924619226, 0.6534157605311762, 0.30964778598691445, 0.16736436324108075]], "inverted": true, "swapped": true, "error_lsq": 0.045501602675584694, "error_max": 0.2154393763646452, "target": "847.xyz", "model": "4.xyz", "model_rescale": 3.7855080009869324, "target_rescale": 4.016646798642812},
{"mapping": [14, 10, 9, 2, 0, 12, 15, 8, 6, 1, 5, 4, 7, 16], "R": [[-0.24583100141809405, -0.4378058655109687, -0.8648081537924864], [0.597160796599284, 0.6343666197188857, -0.4908950751345373], [0.763522168471018, -0.6371067539358111, 0.1054935180126641]], "T": [0.04808596924246401, 0.022720383588222554, -0.054277014209570706], "aligned_model": [[0.11269793361479888, 0.04205974428565258, -0.18108019420467142, -0.478139651459635, -0.6660153335871566, 0.2011211662144104, 0.5301953045433966, 0.6315740050164794, 0.3951877718906391, -0.327761634991597, -0.5367079063550096, -0.2099735495368683, 0.06167321602374419, 0.040545616087112976], [-0.028393272260591945, -0.6768268414339808, -0.4970934984354061, 0.06933871093026027, 0.2722606061436099, 0.5236576768239074, -0.5373060126662499, -0.3254697886081737, 0.31744272352748937, 0.6795904087164681, -0.27804734816589083, 0.39084036308203585, -0.17866956489536737, 0.009684680650414213], [-0.7257754034694306, 0.14958970364989033, -0.48345112437406823, -0.5707061141363785, 0.13615116108116626, -0.4886815719016095, -0.41932376600963434, 0.12906744318700647, 0.4134153515674141, -0.07336333048339483, 0.4175896398554052, 0.532999538472555, 0.6672678196369408, -0.10585186970132134]], "inverted": true, "swapped": false, "error_lsq": 0.047740471246384815, "error_max": 0.28145094656383, "target": "847.xyz", "model": "5.xyz", "model_rescale": 4.2253639853439635, "target_rescale": 4.016646798642812},
{"mapping": [4, 7, 0, 1, 9, 10, 3, 6, 5, 8, 12, 8, 11, 13], "R": [[0.5317152133416254, 0.6763846858519063, -0.5096888155002897], [0.8296616755375561, -0.5368769998159493, 0.1530509431948736], [-0.17011888797333788, -0.5042487915837217, -0.8466361202671853]], "T": [0.011148513159718983, -0.004522213497810925, -0.07462754187826393], "aligned_model": [[0.2136490830361417, 0.026462209102619882, -0.4732386727072724, -0.340898851774851, -0.5952725657318964, 0.2712559588360083, 0.3961364405667376, 0.47053761343966344, 0.4207366328732183, -0.3131793578938067, -0.29727260279065065, -0.3131793578938067, 0.10112909757039618, 0.04851086090879547], [-0.03788266874138635, -0.7892022001011746, -0.5329850700162124, 0.3170341075681284, 0.03171042428219488, 0.6934988692957004, -0.5428915364540436, -0.3442665725642859, 0.3718461419262398, 0.6069674132834877, -0.5827627161656902, 0.6069674132834877, -0.009878292591607035, -0.047146469596313745], [-0.7519693399626517, 0.041277701176677645, -0.434014120335039, -0.6326328887912044, -0.01515403079294661, -0.3061942905030818, -0.32948483635664005, 0.2207593115015074, 0.22757388048046784, 0.18374572298373154, 0.5900965368035292, 0.18374572298373154, 0.6983075108001889, -0.09712940261372971]], "inverted": true, "swapped": false, "error_lsq": 0.05096471992174141, "error_max": 0.34517000104696155, "target": "847.xyz", "model": "6.xyz", "model_rescale": 3.89814844738969, "target_rescale": 4.016646798642812},
{"mapping": [2, 3, 0, 10, 6, 9, 4, 1, 12, 11, 5, 7, 13], "R": [[0.578375636503297, -0.44349131757039545, -0.6846875742549158], [0.31773911553291484, 0.8955018445703675, -0.3116380927156216], [0.7513477740432636, -0.03730814402706281, 0.6588509883346074]], "T": [-0.08205673275076852, 0.11173999155085201, 0.04762756319958773], "aligned_model": [[0.18988709390196934, -0.17330335912546085, 0.542075401776618, -0.40735957046166366, 0.6914026739597275, -0.47156864354782446, -0.5626293481236254, 0.21968686892700234, -0.5742472788765599, -0.7255894564741746, 0.11634979142401189, 0.17415414267521856, 0.1297734848489836], [-0.2626801000365725, 0.35547021526373695, 0.36546182573478275, -0.6504565446371248, 0.0006260025841522548, 0.6416016579601459, -0.016166272600784348, -0.4718581102517473, -0.1564495845565549, 0.3944863901068799, 0.7874143828834702, -0.10091766832920601, 0.07724907134930752], [-0.5775453631243191, -0.7503720996628229, -0.30995597356104077, 0.04042747756728389, 0.24268433298688252, -0.34193068993606734, -0.28539473757541206, 0.19068215867720417, 0.5354834500466135, 0.15285238311749938, -0.03370390685240672, 0.7055000105006316, 0.033547988652249755]], "inverted": false, "swapped": true, "error_lsq": 0.04578392273452714, "error_max": 0.27507825025299365, "target": "847.xyz", "model": "7.xyz", "model_rescale": 3.7474275329858107, "target_rescale": 4.016646798642812},
{"mapping": [0, 11, 6, 3, 8, 1, 10, 12, 12, 2, 9, 4, 13, 14], "R": [[0.08734579789553959, -0.9737714643951445, 0.21009485172113873], [-0.636259181105081, 0.10774591530708094, 0.7639143094576322], [-0.7665148178929637, -0.2003994831938822, -0.6101598815770679]], "T": [-0.05127298687949762, -0.07257499474667121, -0.053877938339234106], "aligned_model": [[0.13526480639757477, 0.10852646325545086, -0.24796022277684704, -0.5174839506250299, -0.6737649442697, 0.2961851135309081, 0.3786627893854374, 0.5178493473699588, 0.5178493473699588, -0.30776798882675716, -0.48525713391239217, -0.3445286100803082, 0.28261203957356723, -0.04481056885052481], [0.034446806071350325, -0.5616366010781831, -0.43694329964285855, 0.11977657725501802, 0.11927319963057968, 0.5365301605227769, -0.6125181065286691, -0.10570276174354257, -0.10570276174354257, 0.7290014621530121, -0.5675517807707777, 0.39837968444499067, 0.21445566297495372, -0.020799398136583394], [-0.6767448771439434, 0.2950673819315445, -0.7577870006618356, -0.5635668111004052, 0.14838018672679998, -0.32418442796393115, -0.3683298806371038, 0.18201385573509662, 0.18201385573509662, -0.07046086842023797, 0.32952287218387266, 0.49787261712410985, 0.7298605507825494, -0.02472997691707176]], "inverted": true, "swapped": false, "error_lsq": 0.06252391897842367, "error_max": 0.38301894991862506, "target": "847.xyz", "model": "8.xyz", "model_rescale": 4.019505241142653, "target_rescale": 4.016646798642812},
{"mapping": [1, 2, 4, 12, 7, 8, 9, 6, 6, 0, 3, 5, 13], "R": [[-0.5446547014706935, -0.6585827168008804, -0.5192495173777641], [0.5655594614053157, -0.745603647978464, 0.3524453088581777], [-0.6192687233994619, -0.10170548290224124, 0.7785642189099258]], "T": [0.09276666199641594, -0.04135319241647437, -0.11932481250482221], "aligned_model": [[-0.25436556464557597, -0.6770572520993, -0.06630250282389781, 0.4498344712154698, 0.3578643253094276, 0.5985252283815615, 0.25764388946089606, -0.0894936473787802, -0.0894936473787802, -0.22220092687375986, -0.31036008488898553, 0.37375287553491576, -0.008646392072015133], [-0.6138928152364258, 0.049772807374706206, 0.31042665554444265, -0.33086671644597754, -0.7258015418935456, -0.18311533617273765, 0.704458053168904, -0.5635001444265081, -0.5635001444265081, 0.09533174440160636, 0.6889513842503792, 0.33566180974913906, -0.14054752777341623], [-0.18095402957023124, -0.055667675468381, -0.5766669636793804, -0.7031613031279219, -0.04920252136875078, -0.03127004621751431, -0.14777885599468787, 0.46614649844558453, 0.46614649844558453, 0.5617730675843429, -0.026169662623251072, 0.4111676717982068, 0.042340815820278876]], "inverted": true, "swapped": true, "error_lsq": 0.052730488394019455, "error_max": 0.35586289344463423, "target": "847.xyz", "model": "9.xyz", "model_rescale": 3.877068213659057, "target_rescale": 4.016646798642812},
{"mapping": [6, 5, 3, 13, 2, 10, 12, 0, 11, 14, 7, 9, 8, 15], "R": [[-0.6213390169615085, -0.5658980128592255, 0.5419384328900163], [0.2178765027185084, -0.7891569950751427, -0.5742482622412745], [0.7526404557054176, -0.23872720030602204, 0.6136299114854085]], "T": [-0.0953264529947083, -0.07511912412563974, -0.056351481753183386], "aligned_model": [[0.07332343153778861, 0.14381872954158123, -0.20980862513475906, -0.6282587195991647, -0.6654717928226709, 0.25934595025827134, 0.5544993961590353, 0.5416155935163954, 0.5591383045961976, -0.320610428000885, -0.5279913189973265, -0.1722358786012254, 0.028871407844889424, -0.020859562756830666], [0.03820720201310841, -0.8167445208387523, -0.5042728912408394, 0.20082377354875863, 0.173230554801591, 0.5172468826141609, -0.3008483908690998, -0.4130972446663415, 0.1646698204302688, 0.6536848074388759, -0.376169758583676, 0.4784349050540185, 0.03847536892894522, -0.1126316652224936], [-0.6386048075280711, -0.11796961919933702, -0.5096529478451804, -0.543667818847031, 0.17519135747684692, -0.21920350013114703, -0.34784398529419436, 0.28105280846229713, 0.1862024697791394, -0.22252460406875746, 0.566911062152801, 0.29480116444430005, 0.6966386365874477, -0.022402738614572718]], "inverted": true, "swapped": false, "error_lsq": 0.043735179022361306, "error_max": 0.24779516110750036, "target": "847.xyz", "model": "10.xyz", "model_rescale": 4.260839863003843, "target_rescale": 4.016646798642812},
{"mapping": [10, 2, 3, 4, 9, 11, 12, 1, 0, 5, 8, 13], "R": [[-0.49973889592245635, 0.8630562927982957, -0.07344978804235697], [-0.5196918581657708, -0.36659463954221827, -0.7717050879805831], [-0.6929512309379449, -0.3474797918155441, 0.6317249289219268]], "T": [0.09947388867551986, 0.08866998784368173, 0.012358892069041595], "aligned_model": [[0.3795105280557376, 0.22186110258133096, -0.47642862454781953, -0.26961276001574835, -0.6577819484144113, -0.43259631355310735, 0.18690039548403897, 0.7239871766290693, 0.16267843645601054, -0.24469375717090175, 0.11839858824949319, 0.24667582534043786], [0.01651372242378872, -0.665612559252496, -0.5204788606189135, -0.05087515214737194, 0.029891674594735865, 0.504553605456791, 0.6448466602584745, -0.05009228822654861, -0.40735227058885265, 0.1101101514215607, 0.5767855096579972, -0.015211687446231331], [-0.7642943711045005, -0.1327763781644292, 0.05487719852816795, -0.4376590003882873, 0.09801666377568238, -0.20921337972381562, -0.47262014224939314, -0.1945921813217261, 0.5883352635748189, 0.6317172623983092, 0.22455448073717324, 0.1298326613335044]], "inverted": true, "swapped": true, "error_lsq": 0.048223136474884014, "error_max": 0.255406784835828, "target": "847.xyz", "model": "11.xyz", "model_rescale": 3.890672605050136, "target_rescale": 4.016646798642812},
{"mapping": [5, 11, 12, 7, 4, 8, 9, 6, 6, 3, 2, 0, 1, 13], "R": [[0.8564728025046311, 0.2502154863211282, 0.4514936865283335], [-0.39043012681581635, 0.8861726192666091, 0.24952435740172474], [-0.3376664843369109, -0.38998756296481996, 0.8566744107817811]], "T": [0.010681836038876524, -0.08552310407712471, 0.004640031409456999], "aligned_model": [[0.20093604745591356, 0.0628166045190439, -0.36323740596151965, -0.38040879781982884, -0.6710400988079539, 0.2577136708129547, 0.4611205785726754, 0.5528734651476388, 0.5528734651476388, -0.48630481430474964, -0.4328878946442106, -0.12996375369863108, 0.11575599053436232, -0.12487056941203699], [-0.05716683799444122, -0.5779678872272405, -0.37545051644758204, 0.24079734889964877, -0.028424962271927243, 0.5608685255869682, -0.5703080360945139, -0.03531733430586331, -0.03531733430586331, 0.6916010436086225, -0.46622296779979844, 0.36442132457449783, 0.08880485743676803, -0.05930838025075084], [-0.7489987673840959, 0.24451972075185863, -0.5709106985554114, -0.6791196108285381, 0.15646904568613984, -0.19621857444671198, -0.4051268839642307, 0.19322943182108931, 0.19322943182108931, -0.041679343218864635, 0.4094580663954979, 0.3602569164978474, 0.7555511275331646, -0.0917323847342932]], "inverted": true, "swapped": false, "error_lsq": 0.054473766628735175, "error_max": 0.32199438656074575, "target": "847.xyz", "model": "12.xyz", "model_rescale": 4.124412569039231, "target_rescale": 4.016646798642812},
{"mapping": [5, 7, 12, 0, 11, 9, 6, 3, 1, 2, 4, 10, 13], "R": [[-0.5871828461175134, 0.2371702101700028, 0.7739293227635541], [0.33213681045749466, -0.8013242037453193, 0.49755869968381866], [0.7381743996945836, 0.5492083501730894, 0.3917508694766284]], "T": [0.11790957143005978, 0.11888206144353104, 0.08238346248154123], "aligned_model": [[-0.2258664718030687, -0.04662614708485671, 0.6846167749915633, -0.5664841679384828, 0.6905630279128203, 0.36012266867948456, -0.6003673007903156, 0.10657292907065, -0.04194290309309737, -0.10394728426833816, 0.5939280726350589, 0.5987041060101116, -0.08197499681177214], [-0.4077939105285647, 0.7345026220514509, 0.519081725392587, -0.16382304445329166, -0.16720478244087655, -0.6047000864602989, 0.4825273342091318, -0.5715528492953403, 0.715842327386062, 0.08270007885677715, -0.08461782925824028, 0.631925150767245, 0.18059864028183598], [0.4094099027044424, 0.4533319394964071, 0.34858587262490676, -0.10055015626203283, 0.3912110708015107, 0.12699554071861902, 0.10414044392301756, -0.39480093089007584, -0.18254330125323315, -0.6622341825974476, -0.2179631453966298, -0.3562972200746368, 0.03241224717299157]], "inverted": false, "swapped": true, "error_lsq": 0.047120598309495526, "error_max": 0.25625343274667706, "target": "847.xyz", "model": "13.xyz", "model_rescale": 3.9028299243045295, "target_rescale": 4.016646798642812},
{"mapping": [14, 12, 13, 10, 4, 9, 11, 1, 6, 7, 8, 3, 2, 15], "R": [[0.45175241226340535, -0.8247707902833434, 0.34010719120533695], [0.8805280201008368, 0.350883307600664, -0.3186711632145562], [0.14349273093608172, 0.4434343783950531, 0.8847461716367573]], "T": [-0.09901275458220443, -0.055971886552601754, 0.09141534026584523], "aligned_model": [[0.09668198421612662, 0.04305788004685154, -0.3812858930700974, -0.4667705769296897, -0.699012115630157, 0.33714243864972654, 0.49567307538041355, 0.5272699466646922, 0.38248840450766575, -0.16467157929797366, -0.4244335724859987, -0.17980974149987639, 0.10607541421347097, -0.05702917722385715], [-0.14873792212548648, -0.7186052990031828, -0.5363920783822851, 0.20016148276742673, 0.2583109099535209, 0.3921133170791259, -0.2670387756202942, -0.1612755374112162, 0.3793060722385443, 0.7590106107382882, -0.6269705000174619, 0.4355700852090696, -0.2537850405863672, 0.02934151856884283], [-0.7665757346490959, -0.06661372174833464, -0.47618457725155455, -0.5039857709793218, 0.11571275669328134, -0.36666080424158526, -0.29284527483656775, 0.22881939762058134, 0.24339558449173782, -0.29861081742568524, 0.49708643148834836, 0.4663123689814979, 0.7703546370126418, 0.028723002218598068]], "inverted": true, "swapped": false, "error_lsq": 0.0487719390512602, "error_max": 0.2797456896074337, "target": "847.xyz", "model": "14.xyz", "model_rescale": 3.942246331269136, "target_rescale": 4.016646798642812},
{"mapping": [4, 5, 10, 11, 6, 13, 3, 1, 12, 8, 2, 8, 0, 14], "R": [[-0.1316821110796466, -0.9876820450717221, -0.08452218326894351], [-0.5881187079524004, 0.009203105689848556, 0.8087222565269618], [-0.7979825856358065, 0.15620333123401287, -0.582086172601094]], "T": [-0.10274431729218907, -0.10904270507716213, -0.0940623176458827], "aligned_model": [[0.0845548537753117, 0.08006548096444151, -0.4369101909036483, -0.3930022365825872, -0.6343467963286447, 0.3110889314540915, 0.5165006592312396, 0.5671107603663575, 0.6317925783687766, -0.38095117934023354, -0.21086227926849227, -0.38095117934023354, -0.07345229220513043, -0.06526062264995108], [-0.11832957585003598, -0.6702177735003665, -0.369950964368312, 0.4111424470211708, 0.06455624742266289, 0.4978598460995491, -0.42826082236243873, -0.33295319281984825, 0.22383295966320566, 0.5198095453998755, -0.4872923018288449, 0.5198095453998755, 0.01639551152680624, -0.10539262839477503], [-0.6494871563696113, 0.13926723134158786, -0.6678746259752827, -0.4931472365318175, -0.0868791907724943, -0.4424029298526924, -0.27065049150808856, 0.30317779134931155, 0.039075201105063836, 0.2608837560993229, 0.5600673847027927, 0.2608837560993229, 0.6299022629447515, -0.00388827525762514]], "inverted": false, "swapped": false, "error_lsq": 0.05851268519135948, "error_max": 0.4406477776195256, "target": "847.xyz", "model": "15.xyz", "model_rescale": 4.355366556412066, "target_rescale": 4.016646798642812},
{"mapping": [6, 8, 7, 2, 1, 0, 10, 3, 12, 5, 4, 13], "R": [[-0.14159700590776875, -0.7303290697298563, -0.6682587356896117], [0.9816484455748515, -0.19069913580041714, 0.0004109810846071871], [-0.12773651482028597, -0.6559369554404577, 0.7439288227169789]], "T": [0.09138022009383648, 0.03793800862605263, -0.010770654173444756], "aligned_model": [[-0.4029024663197829, 0.48513545291598714, 0.14950253852740847, -0.6073327817087584, -0.3317965681477931, -0.40645374968261416, -0.058840829873846895, -0.13967902193180554, 0.5574814971462722, 0.241925250005921, 0.1918137543743782, -0.0810445206735857], [-0.5960374466377316, -0.3197332703576524, -0.589217291531176, 0.37913183054458977, -0.18309040244730024, -0.13842654499309318, 0.36289281812003316, 0.6575333216198241, 0.03326394840089656, -0.12612212048233545, 0.6174162027121508, -0.08483461720722471], [0.03814420908621751, 0.015112690965392132, -0.3941262012764974, 0.008515471510468435, -0.48423491920325956, 0.5395370406818508, -0.7582031562538407, 0.5061888273094882, -0.589483278409925, 0.6622347751986734, -0.12182033512590865, 0.027393336726761718]], "inverted": true, "swapped": true, "error_lsq": 0.045416842556951616, "error_max": 0.24770828121695054, "target": "847.xyz", "model": "16.xyz", "model_rescale": 3.795458400668931, "target_rescale": 4.016646798642812},
{"mapping": [2, 3, 0, 10, 6, 9, 4, 1, 12, 11, 5, 7, 13], "R": [[0.578375636503297, -0.44349131757039545, -0.6846875742549158], [0.31773911553291484, 0.8955018445703675, -0.3116380927156216], [0.7513477740432636, -0.03730814402706281, 0.6588509883346074]], "T": [-0.08205673275076852, 0.11173999155085201, 0.04762756319958773], "aligned_model": [[0.18988709390196934, -0.17330335912546085, 0.542075401776618, -0.40735957046166366, 0.6914026739597275, -0.47156864354782446, -0.5626293481236254, 0.21968686892700234, -0.5742472788765599, -0.7255894564741746, 0.11634979142401189, 0.17415414267521856, 0.1297734848489836], [-0.2626801000365725, 0.35547021526373695, 0.36546182573478275, -0.6504565446371248, 0.0006260025841522548, 0.6416016579601459, -0.016166272600784348, -0.4718581102517473, -0.1564495845565549, 0.3944863901068799, 0.7874143828834702, -0.10091766832920601, 0.07724907134930752], [-0.5775453631243191, -0.7503720996628229, -0.30995597356104077, 0.04042747756728389, 0.24268433298688252, -0.34193068993606734, -0.28539473757541206, 0.19068215867720417, 0.5354834500466135, 0.15285238311749938, -0.03370390685240672, 0.7055000105006316, 0.033547988652249755]], "inverted": false, "swapped": true, "error_lsq": 0.04578392273452714, "error_max": 0.27507825025299365, "target": "847.xyz", "model": "17.xyz", "model_rescale": 3.7474275329858107, "target_rescale": 4.016646798642812},
{"mapping": [1, 11, 7, 2, 9, 0, 3, 10, 8, 6, 12, 4, 5, 13], "R": [[-0.5737186790057734, -0.47774477658985937, -0.6652870100948732], [0.6533770968037967, -0.7567680982223922, -0.02001036943951981], [-0.4939081359241947, -0.4461636179183252, 0.7463194887673229]], "T": [-0.016864113030114307, -0.07196903462706486, -0.053138506822219655], "aligned_model": [[0.17701247004940224, 0.15463959171096936, -0.5271521990010021, -0.3752300956702055, -0.6041713262178275, 0.23271386190417104, 0.6152813701496457, 0.36947777692236916, 0.5675376063037011, -0.4775798388415265, -0.4319490316496979, -0.014202554690299622, -0.028989366778824514, -0.04201177664957797], [-0.17736852409110823, -0.7531218828443779, -0.5472423516799282, 0.2522853428557327, 0.11065989570319743, 0.6264889623420767, -0.24919905120917238, -0.42361847944599174, 0.25488421236349446, 0.5466894449313235, -0.507729927678179, 0.6384908032307589, -0.04067895651285909, 0.010469355443557551], [-0.708746038020426, -0.22152478426661162, -0.3379904428346565, -0.57300930325084, 0.2103782421714283, -0.4391561899384533, -0.22510010319468904, 0.3979956001680858, 0.20857896792891129, -0.054370221439713595, 0.3907690035167798, 0.37635602971910165, 0.6694221106372638, -0.11467539382163933]], "inverted": false, "swapped": false, "error_lsq": 0.050863309044443465, "error_max": 0.3105245902666719, "target": "847.xyz", "model": "18.xyz", "model_rescale": 3.922800546911778, "target_rescale": 4.016646798642812},
{"mapping": [11, 12, 13, 4, 8, 10, 7, 3, 2, 6, 5, 1, 0, 14], "R": [[0.7014674858730635, 0.6799991601950839, -0.21341159386712014], [0.3674347825305531, -0.6016270376849792, -0.7092507230261541], [-0.610684081051446, 0.41910147895274463, -0.6718771491053803]], "T": [-0.06216781448549112, -0.008034921382909866, -0.017594126626324678], "aligned_model": [[0.19861514870446317, -0.09675144201074987, -0.2815460700836458, -0.32375717683340094, -0.6701554627357466, 0.21335103198180866, 0.4490915687409094, 0.3941484565439986, 0.47184334345081247, -0.4487805247468401, -0.3424259553868232, -0.22776418109915586, 0.2685145571647853, 0.010993193850881405], [-0.01177202412856262, -0.7879460187145706, -0.37553720699543724, 0.29911119862722774, -0.07534248795264535, 0.6288015914470828, -0.5264105091465723, -0.36095581295830775, 0.42772432678651323, 0.5567926539422903, -0.36102233726136007, 0.4871291313435048, -0.09815215234948169, -0.061411509231156645], [-0.6803323049001738, 0.07809650788213904, -0.554836155753295, -0.6185095995185588, -0.003055726466635881, -0.4288474164990858, -0.346397429730618, 0.258759901150498, 0.17753384067240383, -0.10284783229206995, 0.5983514707081302, 0.50716622647569, 0.7446202063795198, -0.050774210733402436]], "inverted": false, "swapped": false, "error_lsq": 0.05230282516492358, "error_max": 0.27799562402577355, "target": "847.xyz", "model": "19.xyz", "model_rescale": 3.9282355846067225, "target_rescale": 4.016646798642812},
{"mapping": [1, 10, 2, 5, 7, 3, 0, 11, 4, 6, 12, 8, 9, 13], "R": [[0.9473525339350981, 0.2196241821991744, -0.23299870179915783], [0.31992375872128304, -0.6790587901580636, 0.6607026170030761], [-0.013113544615980605, -0.7004601188521806, -0.7135710594223912]], "T": [-0.08913843988985712, 0.06191658427737512, 0.023256998332433637], "aligned_model": [[0.12258369937361435, 0.008896617161011228, -0.449695818535249, -0.3730690183511044, -0.7027899139440361, 0.280983551678328, 0.6216362349153167, 0.5022839399856477, 0.4528962110559295, -0.3575855837554731, -0.48590654320411375, 0.06656917253225322, -0.0497727419289595, -0.021653319441868282], [-0.1826722484663524, -0.7931206868455295, -0.4420504482802191, 0.2786890799315967, -0.03296842037389648, 0.4217053905284732, -0.14487437792802565, -0.23051852106026316, 0.374557539652507, 0.6438994284290226, -0.4796839502682233, 0.5063486471362557, -0.14175354732830048, -0.036549041718521066], [-0.652650417627306, -0.015918779530869814, -0.5196350877761539, -0.5768123843151848, 0.0735211074271365, -0.5243895988409323, -0.2804432614675909, 0.30265715773559676, 0.11169858999617617, -0.10353477632435018, 0.5448298872366547, 0.6206319727538532, 0.6831006499299639, -0.0841275818224522]], "inverted": true, "swapped": false, "error_lsq": 0.050939145300832364, "error_max": 0.336385555753191, "target": "847.xyz", "model": "20.xyz", "model_rescale": 4.067790424073018, "target_rescale": 4.016646798642812},
{"mapping": [3, 9, 0, 2, 8, 6, 12, 10, 13, 4, 7, 5, 1, 14], "R": [[-0.27796764457318324, 0.23328851261455885, -0.9318317758332368], [0.9519481711295236, 0.19673118919891855, -0.23471582537088342], [0.12856386760514082, -0.9522989599272209, -0.27676347820466063]], "T": [-0.0011903996722650509, 0.03711645662806101, -0.07201374148765867], "aligned_model": [[0.19673323207638052, 0.1858559621569083, -0.5067446549471426, -0.40388118064897527, -0.4890496260332984, 0.16235916397714714, 0.3697896138035015, 0.6245357376696741, 0.5168633244947539, -0.5167084748036412, -0.434577713308006, -0.11055548954771521, -0.03673332839395776, 0.057489921045667906], [-0.08418394840939639, -0.6344498383663886, -0.33305903764922445, 0.24889872605249092, 0.07355652740872554, 0.6508635189061771, -0.5743436582766572, -0.27518513302927844, 0.2682265689777279, 0.6493476590015494, -0.47741587820809, 0.4394336056445726, -0.20559876871857258, -0.005081499925110977], [-0.8904619465586915, 0.2715881639534904, -0.4064431479862356, -0.6608348831026125, 0.2209596245730941, -0.4516490750255696, -0.346794061707132, 0.35486017397017794, 0.33826903894993715, -0.11544833357083961, 0.2506251743244938, 0.3458933170572368, 0.7110131551650914, -0.04264972266789922]], "inverted": true, "swapped": false, "error_lsq": 0.046219423271063285, "error_max": 0.22703705385898829, "target": "847.xyz", "model": "21.xyz", "model_rescale": 4.186013935880536, "target_rescale": 4.016646798642812},
{"mapping": [2, 4, 3, 6, 7, 0, 1, 10, 9, 11, 12, 8, 13], "R": [[0.4581885455475848, 0.3482088989148639, -0.817810381106456], [-0.2597031022195952, 0.9323681161349757, 0.2514835873619484], [0.8500691474383172, 0.09716099387827601, 0.5176313223154858]], "T": [0.047062024573081354, 0.006237780970365349, 0.0572727249233], "aligned_model": [[0.09247221628097009, -0.2971580669910509, 0.3251027880496565, 0.4460573041234297, -0.0691515866595158, 0.7204895721465903, -0.19598048955294395, -0.7124537925544202, 0.2441404194559712, -0.20488906590914174, -0.5752383401690346, 0.11772878289487425, 0.16745429430784076], [-0.4061102743218112, 0.295059206361187, 0.2889203062636754, -0.650366952690692, -0.3678967694435295, -0.25906995134962857, -0.6183727598747081, -0.2676692476199473, 0.675046267034313, 0.663634386835855, 0.1563326058089665, 0.18144027463146373, -0.1719904320890504], [-0.6006725869629385, -0.33808612051689607, -0.6825365440397058, 0.2987388849609529, 0.6819175717450354, -0.18332823433073353, 0.11105535651436513, -0.12961761847301456, -0.2559107069631015, 0.15475352163413592, 0.434624481720684, 0.5552206842759453, 0.05672087177061712]], "inverted": false, "swapped": true, "error_lsq": 0.05256360920032143, "error_max": 0.35301988140786544, "target": "847.xyz", "model": "22.xyz", "model_rescale": 4.166573947596378, "target_rescale": 4.016646798642812},
{"mapping": [4, 7, 8, 3, 9, 2, 0, 5, 6, 11, 10, 12, 14, 15], "R": [[0.37673570328456896, -0.6511586643323191, 0.658834276381877], [-0.889905266787673, -0.056954957121159444, 0.45257568317673413], [-0.2571746994053691, -0.7568015107835588, -0.6009264907303398]], "T": [-0.04819106160320147, 0.016485017872583278, -0.009045904021813482], "aligned_model": [[0.06301237327520834, 0.144783484923244, -0.433296317286104, -0.3076495911848782, -0.648161065330535, 0.28593558003418945, 0.40007636588919043, 0.6155511138635847, 0.5678600669935547, -0.4438887589661828, -0.22749043403079772, -0.07018944479800823, -0.3507762740661937, 0.019609388225024726], [-0.09299763279067458, -0.6665007116118968, -0.48622037390769346, 0.29657166232408805, 0.02595101236352199, 0.46459596671746406, -0.5146395325265345, -0.3764139885043493, 0.42407679609443344, 0.6985677152650563, -0.551414160893763, 0.5082292816391457, 0.005421636089436136, 0.005781173150290492], [-0.7270297886874683, 0.07859521283369689, -0.5120969663819189, -0.4734373284078317, 0.010842682097240104, -0.38369934930498567, -0.43767020133905943, 0.3010164711480585, 0.17386823224839615, -0.02577473081410042, 0.4451385198718931, 0.42348733795932364, 0.7219106979748386, -0.01622331182354163]], "inverted": true, "swapped": false, "error_lsq": 0.04999600492408264, "error_max": 0.3509829501793849, "target": "847.xyz", "model": "23.xyz", "model_rescale": 4.274766983524099, "target_rescale": 4.016646798642812},
{"mapping": [2, 4, 10, 1, 12, 7, 6, 8, 5, 11, 13], "R": [[-0.25698689913601785, 0.6579818960894903, -0.7078259377070985], [-0.6508358293774397, 0.42359601991966356, 0.6300628025100355], [0.714402167459642, 0.6225963671004667, 0.31937956541123064]], "T": [0.08769568584640486, 0.09196649698151965, 0.04758728344877713], "aligned_model": [[0.2546883922602106, 0.2011037692369124, -0.4767534620671958, -0.42176575872477784, -0.46302719444495777, -0.5058044841029874, -0.09244532480220091, -0.03492910243706761, 0.64408947348812, 0.19316527636939712, 0.08157311918262225], [-0.11381463018669072, 0.6033805019249139, 0.4346642969436383, -0.20740634585825518, 0.54466469165993, -0.2170787016070604, -0.693003682690597, 0.07887664406549225, -0.11438149140775788, 0.7165506500607299, -0.11686540166085957], [-0.6836805206785754, -0.24190922091433262, -0.45318483493797695, -0.2732327600862394, 0.25722793413004785, 0.35728401157076656, 0.049574522971804376, 0.5656931527354625, 0.4353530641979876, 0.3699581201000857, -0.003517035067452684]], "inverted": false, "swapped": true, "error_lsq": 0.03945362514721039, "error_max": 0.176122223351388, "target": "847.xyz", "model": "24.xyz", "model_rescale": 3.7841303162186577, "target_rescale": 4.016646798642812},
{"mapping": [10, 8, 9, 13, 12, 11, 0, 1, 6, 13, 2, 3, 4, 15], "R": [[0.6904156634399112, -0.14526989353999464, -0.708676844342826], [0.7227841905464606, 0.09769013960603412, 0.6841342342843629], [-0.030153367522140706, -0.9845574105427436, 0.17244558496071308]], "T": [0.0258457778582192, -0.09574975784667673, -0.10143731663867671], "aligned_model": [[0.10910502958764896, 0.12546063505471458, -0.4191599196365694, -0.422628044359779, -0.717478585345832, 0.1945839963671767, 0.6592613362049505, 0.49005149109241575, 0.42903759695748717, -0.422628044359779, -0.4018218626791356, -0.154669963351612, 0.09369595777643404, 0.05256686423317565], [-0.17618116610260548, -0.6553885925955955, -0.4141668486193673, 0.5228500433679046, 0.02455932273541432, 0.5969393486207039, -0.4498516784288366, -0.5043339458053293, 0.3780256422260973, 0.5228500433679046, -0.5346483625206061, 0.536444099534194, -0.06286470659512917, -0.04322435577622473], [-0.8707576600877646, 0.06085574700070813, -0.3081283760175395, -0.2693822897504088, -0.011068502189667387, -0.38628251066260855, -0.22279014782080264, 0.31161039362504467, 0.2659857086881734, -0.2693822897504088, 0.3381777786204735, 0.36412350806472527, 0.6408694052409007, -0.06490328758628432]], "inverted": false, "swapped": false, "error_lsq": 0.0491264395911191, "error_max": 0.38850209302715744, "target": "847.xyz", "model": "25.xyz", "model_rescale": 4.19342608120988, "target_rescale": 4.016646798642812},
{"mapping": [6, 8, 7, 2, 1, 0, 10, 3, 12, 5, 4, 13], "R": [[-0.14159700590776875, -0.7303290697298563, -0.6682587356896117], [0.9816484455748515, -0.19069913580041714, 0.0004109810846071871], [-0.12773651482028597, -0.6559369554404577, 0.7439288227169789]], "T": [0.09138022009383648, 0.03793800862605263, -0.010770654173444756], "aligned_model": [[-0.4029024663197829, 0.48513545291598714, 0.14950253852740847, -0.6073327817087584, -0.3317965681477931, -0.40645374968261416, -0.058840829873846895, -0.13967902193180554, 0.5574814971462722, 0.241925250005921, 0.1918137543743782, -0.0810445206735857], [-0.5960374466377316, -0.3197332703576524, -0.589217291531176, 0.37913183054458977, -0.18309040244730024, -0.13842654499309318, 0.36289281812003316, 0.6575333216198241, 0.03326394840089656, -0.12612212048233545, 0.6174162027121508, -0.08483461720722471], [0.03814420908621751, 0.015112690965392132, -0.3941262012764974, 0.008515471510468435, -0.48423491920325956, 0.5395370406818508, -0.7582031562538407, 0.5061888273094882, -0.589483278409925, 0.6622347751986734, -0.12182033512590865, 0.027393336726761718]], "inverted": true, "swapped": true, "error_lsq": 0.045416842556951616, "error_max": 0.24770828121695054, "target": "847.xyz", "model": "26.xyz", "model_rescale": 3.795458400668931, "target_rescale": 4.016646798642812},
{"mapping": [4, 2, 10, 12, 7, 5, 3, 11, 0, 1, 8, 6, 13], "R": [[0.3919698600948111, 0.9175586554213149, 0.0666764024125721], [-0.9172373635566264, 0.3953646006176052, -0.04860505605562919], [-0.07095947909154603, -0.042106370538322876, 0.9965900891977333]], "T": [-0.1674332111339507, -0.09208621875046524, -0.0716679358396], "aligned_model": [[-0.05630694724768426, 0.43067549962932594, 0.46664668845123947, -0.1788209469284484, -0.11288609808269387, -0.7231732521598092, -0.17084754663424045, -0.6064665433004939, -0.15248325254990072, 0.39729121900406705, -0.5613341690593808, 0.050765232026796614, -0.08338350032752118], [-0.6504430436846895, -0.3401607860732812, -0.2569093321333926, -0.04323371483422417, 0.5809218444204471, -0.07103589727245231, -0.759685393264675, -0.4694524489226114, 0.044798446269266545, 0.2615140770357622, 0.20255522561939865, 0.5803081204022649, 0.04270440569510156], [-0.25633659423366045, 0.3592729148626229, -0.5792044955765486, -0.8130614218469708, -0.3678911781329564, 0.3679065524156782, 0.4370888972402652, -0.4839743955251493, 0.678545875999652, -0.1619658410950286, -0.2758010525681471, 0.31421832705464675, 0.07333907350502246]], "inverted": true, "swapped": true, "error_lsq": 0.047501481915352375, "error_max": 0.25619012276803366, "target": "847.xyz", "model": "27.xyz", "model_rescale": 3.6321398670334006, "target_rescale": 4.016646798642812},
