[{"mapping": [0, 7, 4, 11, 5, 9, 12, 3, 13, 2, 10, 8, 6, 14], "R": [[0.348789932510074, -0.36422738001755095, -0.8635299639417087], [-0.8011740205996251, -0.5939523026615117, -0.07308112532877209], [-0.48627746369315705, 0.7173277338906106, -0.4989740980206405]], "T": [-0.0680157670728266, 0.07252340335900768, 0.14060020514365612], "aligned_model": [[-0.016899819541123545, 0.3246966420368932, -0.2814434268517307, -0.4608507424076352, -0.7387151808271515, 0.02483902413560861, -0.7991590075371806, -0.155414808889008, -0.3168698649525388, 0.44645629953517035, 0.6128179378867705, 0.20559246416522042, 0.6028220054245806, -0.07637942104957193], [-0.6823835759477361, -0.3471155991932006, -0.5131172730702527, -0.3429449046048519, 0.39462679221746, 0.3102893344661246, 0.22447599202455443, 0.6221208046427125, 0.6147189301787628, 0.02975649309293514, 0.4982750806014769, 0.5812297564325614, -0.2267475561798934, 0.07208905714938134], [-0.022185507300516744, -0.4026609897544223, 0.4593685110242322, -0.18016635429509908, 0.474539235506922, -0.5274323689447656, -0.14206260028385181, 0.6887370854833911, 0.10666235948953971, 0.7822448483273177, 0.37137066092238613, -0.05628008409234497, 0.18732549152327516, 0.1581277995737698]], "inverted": true, "swapped": true, "error_lsq": 0.04767881458099338, "error_max": 0.35629728889571255, "target": "848.xyz", "model": "0.xyz", "model_rescale": 3.8414455957264533, "target_rescale": 4.264032642469083},
{"mapping": [9, 4, 2, 3, 7, 1, 6, 8, 10, 12, 5, 13, 11, 1, 14], "R": [[-0.6008810308450833, -0.3246940365480697, -0.7304216380972505], [0.6121517123231405, 0.40068733019549163, -0.6817037072809976], [0.5140158245330558, -0.8567516828410259, -0.042003405560418094]], "T": [-0.053547637277279174, -0.10061156287104245, 0.037620737787400736], "aligned_model": [[-0.6837858893890305, 0.3079709284630459, -0.04498718893016906, 0.7005512646894575, -0.24279294340121182, 0.7240704761977723, -0.37655255626016204, -0.6509806954096647, 0.0506746646782329, -0.10831835120958111, 0.22246573885554266, -0.48853122296939117, 0.1745713403363915, 0.7240704761977723, 0.019951334077752576], [-0.3591387937001276, -0.4783350195663763, -0.4368009038109434, -0.030058116856984507, -0.7146899075696712, 0.019795162190908988, 0.13656974715900583, 0.3953511368196411, 0.5450650873662111, 0.5406171018129574, 0.12940410502365565, -0.1514115581281399, 0.18933093370051013, 0.019795162190908988, -0.053804841257608774], [0.07600167691622693, 0.18744247097513697, 0.694513555057404, 0.23695447639719894, 0.030620536549385985, -0.3219765109841925, 0.7080236183517177, -0.10865687180027844, 0.23916645350441448, -0.37239817927618196, 0.5900989669523252, -0.5812941524031986, -0.7305982953433351, -0.3219765109841925, 0.01591748713356545]], "inverted": false, "swapped": false, "error_lsq": 0.05147836843235514, "error_max": 0.34733503603240173, "target": "848.xyz", "model": "1.xyz", "model_rescale": 4.316132596720782, "target_rescale": 4.264032642469083},
{"mapping": [2, 4, 6, 13, 10, 3, 9, 5, 7, 1, 11, 14], "R": [[-0.7824851679506952, -0.5144437921688821, -0.35080556813721187], [0.20603133840383492, 0.31774425407469864, -0.9255212999159109], [0.5875951408348239, -0.7964836305294748, -0.1426386229809099]], "T": [0.012116044135680099, 0.08325840747998371, -0.0954217193743721], "aligned_model": [[-0.1784278163998809, 0.5601557245831711, 0.14430343298508067, -0.44693425704066536, -0.5868417224852914, -0.5976938414408526, -0.11126887457742687, -0.21297980064788663, 0.4301336340357357, 0.030879341394300975, 0.5554017292153637, 0.01108100501013234], [-0.6958651516494423, -0.11104286867995965, -0.5366405136489154, 0.4463886470636792, -0.44522669653572244, -0.0166095674245353, 0.47499682327141657, 0.48516593807881536, -0.013177184956879154, -0.10453582614574318, 0.4502046441286028, 0.07911818423966416], [0.09133448770212199, 0.29450022591573694, -0.4696161854375131, 0.02485038375978868, -0.3403852194759912, 0.38239438190139224, -0.6808611660434338, 0.5775610220340344, -0.7598117596815401, 0.5051270182585983, -0.09936408157779605, -0.07647064614597684]], "inverted": false, "swapped": true, "error_lsq": 0.05579255552421384, "error_max": 0.29959965077914247, "target": "848.xyz", "model": "2.xyz", "model_rescale": 3.795458400668931, "target_rescale": 4.264032642469083},
{"mapping": [11, 13, 9, 10, 0, 6, 8, 1, 3, 2, 7, 14], "R": [[-0.27862275256168206, 0.8528023310876309, -0.4416984784289558], [0.9034856257459862, 0.07677443326307776, -0.4216863887624515], [-0.32570398496999675, -0.5165596485292249, -0.7918857516624656]], "T": [0.04731140064287551, -0.06789207806360058, -0.06563934237670083], "aligned_model": [[-0.14841831644620784, -0.11506538919644513, -0.6612249171030169, 0.14578157725031318, 0.07794387668894948, 0.1499532059889408, -0.2781056969929563, 0.6338247919423631, 0.4420470336159695, 0.665347554287269, -0.383381015020837, 0.06460112072922336], [0.03890095299702449, -0.624553901773088, -0.0668918672868153, 0.020940334841581323, 0.5513006858369518, 0.5819534644727726, -0.23120742101696523, -0.2620515457413416, -0.6260656276826444, 0.18721629782817356, 0.5922935718244549, -0.07606589901039484], [-0.6821695888268977, 0.07864343846850133, 0.03130113576474963, 0.7592645638332611, -0.5289519239223945, 0.26441384615627267, 0.4240925000335674, -0.18639390633647285, 0.3122177789850293, 0.41516144110664915, -0.1297611435483948, -0.06904671107477028]], "inverted": true, "swapped": true, "error_lsq": 0.04204506211748852, "error_max": 0.23645842109836873, "target": "848.xyz", "model": "3.xyz", "model_rescale": 3.7530521520055578, "target_rescale": 4.264032642469083},
{"mapping": [9, 10, 6, 2, 0, 3, 11, 13, 5, 1, 14], "R": [[0.47294942994888667, 0.7376740814850238, -0.48182547277645016], [-0.8749449157859579, 0.32873462382479723, -0.35553472606634684], [-0.1038760369446505, 0.5897206937220328, 0.8008990400447975]], "T": [-0.09561217132714492, -0.1603790035149904, 0.04622869534315226], "aligned_model": [[-0.6129675405650432, -0.09130518054090739, 0.3731198624364157, 0.44474377338517157, 0.42273743364844607, -0.2568435718887355, -0.06656367665210952, -0.6155673311906941, -0.37675058120169436, 0.20602370175915632, -0.08842728674480047], [-0.6051673980001022, 0.1792768605322252, -0.35940373771577, 0.2943634474212499, -0.704324198521064, 0.6018637732777268, -0.6039974394472896, 0.12878834102583697, 0.3700249239957594, 0.3107027086827185, -0.14492392293694462], [-0.16808153852558672, -0.7170991317356311, -0.48523072203512735, -0.377378576065707, 0.23179239741202867, -0.009809865461364267, 0.5280827050607467, 0.10177153723117006, 0.5982580794331965, 0.3349765824003285, 0.05554930953126225]], "inverted": true, "swapped": true, "error_lsq": 0.0457863956597584, "error_max": 0.2368396365273067, "target": "848.xyz", "model": "4.xyz", "model_rescale": 3.7855080009869324, "target_rescale": 4.264032642469083},
{"mapping": [5, 6, 8, 13, 7, 11, 10, 3, 14, 2, 15, 0, 1, 12, 16], "R": [[0.04805647529914825, -0.23855123456702856, 0.9699401443740581], [0.7508126838164906, -0.6318141601863547, -0.1925907080009048], [0.6587646689084812, 0.7374985935407319, 0.1487445310703603]], "T": [0.020242902110721585, -0.02301955571375405, 0.035293702322245754], "aligned_model": [[-0.7335252253636299, 0.3196195140769416, 0.19379529710259422, 0.6933638302750066, -0.30017231676145223, 0.7038296197448223, -0.4624465562155462, -0.5786650444392752, 0.23325429629553243, -0.19422661725352167, 0.1508869011392332, -0.4186068345707749, 0.13865873660528263, 0.5607926395553732, 0.02181913573617092], [-0.2799163958720657, -0.6015262928283487, -0.29961065073064375, -0.0822529169794928, -0.6873367376826449, -0.24370417586369145, -0.11684860139872195, 0.31854042424372836, 0.6091373116519236, 0.5998711017723112, 0.2806820314199828, -0.05576661327861704, -0.0009300151312505792, 0.28128953334797524, 0.030061292703503145], [-0.10941589701307088, -0.006904252457755576, 0.6587412192100451, 0.29657375103590483, 0.16715059873618715, -0.3059448157319943, 0.5730401770487907, -0.04874591363326902, 0.14799347837670476, -0.2990649997612192, 0.7902874759231564, -0.6087656289166844, -0.7120975481799128, -0.2444690948347233, 0.043460171243837456]], "inverted": false, "swapped": false, "error_lsq": 0.032378970549489176, "error_max": 0.2450766506210678, "target": "848.xyz", "model": "5.xyz", "model_rescale": 4.2253639853439635, "target_rescale": 4.264032642469083},
{"mapping": [9, 13, 4, 11, 12, 1, 0, 7, 3, 8, 5, 2, 6, 14], "R": [[0.6318962486969437, -0.7169483763796403, -0.29443531800605705], [-0.6275004755447908, -0.25026677039681255, -0.7372989195883923], [0.4549178871772265, 0.6506547235221973, -0.6080280805065351]], "T": [0.0699369489352506, -0.013583794829894073, 0.02725463287187631], "aligned_model": [[0.5749387979326867, -0.12220973822156161, -0.26765745186009693, 0.021773898993625362, -0.28628053992887814, -0.4879415976330803, 0.2618404959568059, 0.750119186487564, -0.39654526238601945, 0.3741118241327505, -0.6678194885488912, 0.018112649658909796, 0.5496356549949726, 0.051983723178996466], [-0.12831556525158502, 0.22540102843063237, -0.3779291510270553, -0.6648411651107572, -0.4180418516595155, 0.09743460681060187, -0.6003140570572782, -0.3777673643873717, 0.600055935443687, 0.3872852042231207, 0.03702235077564193, 0.5347613750750424, 0.13984472858627894, -0.009496928216451362], [-0.46593085318167177, -0.48560210498804196, 0.5206328677489206, -0.030784808011059466, -0.561881234092585, 0.29692844241896643, 0.49407066055428567, 0.20096446562915676, -0.09919916717917031, -0.317980297349674, -0.3166320195328242, 0.6395047294062426, 0.564021357089051, 0.03344617041985233]], "inverted": true, "swapped": true, "error_lsq": 0.05575753788738797, "error_max": 0.43094162950590337, "target": "848.xyz", "model": "6.xyz", "model_rescale": 3.89814844738969, "target_rescale": 4.264032642469083},
{"mapping": [6, 7, 0, 10, 4, 9, 8, 2, 3, 12, 11, 1, 14], "R": [[-0.5932705991197552, -0.7871222909495988, 0.16872609552272028], [-0.28579188172160325, 0.010000869922517752, -0.9582395227409578], [0.7525642806844557, -0.6167158840917334, -0.23088638276615603]], "T": [-0.12818771109284677, 0.12407609341088802, 0.023852576224299277], "aligned_model": [[0.2113505474115056, 0.09242994962103998, 0.518965079853893, -0.39630534881255686, 0.5175345602485943, -0.584011217605009, -0.6544361725934119, 0.17672630851633175, -0.4478433068350044, -0.419636286399568, 0.11692316012675363, 0.1389539906562371, -0.12201946328458305], [-0.30317354064658064, 0.3018238537772451, 0.40991708456443854, -0.6377824736566774, 0.25125320181979394, 0.40419908831900664, -0.10022704710670219, -0.6365118591898699, -0.3158918912059644, 0.7854606623227336, 0.7305514998462356, -0.04515498054649819, 0.11931766717332457], [-0.47005146084106647, -0.7145147010027844, -0.2899702537614345, -0.19001299808224642, 0.2626167529166868, -0.4506768843189449, -0.18864712747077345, 0.10602173749700038, 0.5845649875544542, 0.3632438972800993, -0.020109459919141728, 0.5681628522374179, 0.04164768874702906]], "inverted": false, "swapped": true, "error_lsq": 0.05292678822126994, "error_max": 0.28349398707174667, "target": "848.xyz", "model": "7.xyz", "model_rescale": 3.7474275329858107, "target_rescale": 4.264032642469083},
{"mapping": [0, 5, 8, 9, 3, 7, 2, 1, 12, 12, 4, 0, 10, 11, 14], "R": [[0.03887732108640496, 0.07640956879828088, -0.9963182883502669], [-0.5099165455023194, -0.8559600273092786, -0.08554266930415723], [-0.8593449077804126, 0.5113648496374776, 0.005685070546110338]], "T": [0.04007101548228693, 0.03238920086551392, 0.034402996605005745], "aligned_model": [[-0.4459921231066801, 0.3303754410846991, 0.17922377463010786, 0.7624050247295847, -0.2656625258529065, 0.5243100696073124, -0.5206682509529482, -0.6831042587821428, 0.03904881358598361, 0.03904881358598361, 0.06658868534232495, -0.4459921231066801, 0.16243529896885128, 0.5719578005057351, 0.014402935687532595], [-0.1887382902125603, -0.6207403659673533, -0.2912329142223685, -0.14917320315755508, -0.6082100767291773, -0.2735803578386282, -0.04180411791376856, 0.23579059681186146, 0.6106297585935054, 0.6106297585935054, 0.22397460642609562, -0.1887382902125603, 0.08051286427065546, 0.2884440806192602, 0.06392524631303514], [-0.3516779477855721, 0.08094946184408194, 0.6184539807700172, 0.1944314710040555, 0.1358628617360695, -0.3340706110394366, 0.6578260651355472, 0.0555504519955849, -0.18072355057376532, -0.18072355057376532, 0.7925703207537765, -0.3516779477855721, -0.7125738804370821, -0.16056444185993857, 0.07820603786199606]], "inverted": true, "swapped": false, "error_lsq": 0.051323652140695016, "error_max": 0.40336985617003507, "target": "848.xyz", "model": "8.xyz", "model_rescale": 4.019505241142653, "target_rescale": 4.264032642469083},
{"mapping": [13, 10, 9, 12, 5, 11, 7, 3, 1, 2, 6, 4, 14], "R": [[0.35806201392295317, 0.5093897412364771, 0.7825047512369966], [0.9303934780875469, -0.12420870099305198, -0.34487704262501495], [-0.0784829288291192, 0.8515246855615248, -0.5184073106754473]], "T": [0.04384606535183162, -0.01610385877690028, -0.03297700456747983], "aligned_model": [[-0.11673680882281524, -0.7787508163302936, -0.04521983637209502, 0.5402751567514277, 0.2629383480618354, 0.665646744468053, 0.1342103992362562, -0.35634271443034315, 0.1517477524379216, -0.43513278818235746, -0.26592780267579735, 0.5161984772217179, 0.04679466037766623], [-0.5201826655088719, 0.07792126141495694, 0.1389838003856242, -0.4979873473518714, -0.7954268993614086, 0.10872949591696236, 0.7180275995280558, -0.6322293516951843, -0.3346557579346992, 0.11793368319993232, 0.607918226714377, 0.10222798712034853, -0.027881804314163188], [-0.3107787789102671, 0.0790393994270268, -0.7253910811245583, -0.43160559047422775, 0.06580428311135843, -0.19912443135860008, -0.3128661678134393, 0.23233084135762833, 0.49915026897389686, 0.6234005996115327, 0.20452302517187276, 0.4700343013973513, -0.017813175325695662]], "inverted": true, "swapped": true, "error_lsq": 0.0499374141533038, "error_max": 0.27499959543080854, "target": "848.xyz", "model": "9.xyz", "model_rescale": 3.877068213659057, "target_rescale": 4.264032642469083},
{"mapping": [2, 3, 6, 12, 4, 5, 14, 9, 11, 8, 10, 7, 1, 0, 15], "R": [[0.8455209212622357, -0.08666601764901868, -0.5268618159372723], [-0.18285219991831803, 0.8800760518410193, -0.43821366473554285], [0.5016567000378763, 0.46685666361398687, 0.728275642148167]], "T": [-0.02263569166547591, -0.09447054415541337, 0.1040052856782327], "aligned_model": [[-0.6721489348894942, 0.27969320919878465, 0.23726926556859562, 0.695032255657833, -0.18808675412933912, 0.59184210199382, -0.5434068458108736, -0.5057425242283659, 0.2618826501813452, -0.2424018546849752, -0.0269375796978511, -0.39314728584425707, 0.25330938621482063, 0.537629657864503, 0.04359062853221096], [-0.18639068672966183, -0.6523413064752216, -0.2939118233355902, 0.020956260542145277, -0.611147167363684, -0.34173293618244616, 0.014762211279955889, 0.3414354695451828, 0.5778576431160225, 0.5019119304012077, 0.31162730530725746, -0.12455146981928092, -0.10800328600202039, 0.3465506867046947, -0.04533353561461323], [0.0038125104134866528, 0.11578624400720344, 0.6264774519119738, 0.27670324703154403, -0.30066976013587277, -0.31105349670229115, 0.6753083197929244, 0.2146354779873873, 0.2120765492812109, -0.33343466842004804, 0.6856209748416431, -0.6227015781307665, -0.718538201983778, -0.25006963249654546, 0.06788528364792533]], "inverted": false, "swapped": false, "error_lsq": 0.04355236368765644, "error_max": 0.2973582498809265, "target": "848.xyz", "model": "10.xyz", "model_rescale": 4.260839863003843, "target_rescale": 4.264032642469083},
{"mapping": [3, 13, 9, 8, 7, 6, 2, 1, 11, 0, 4, 14], "R": [[0.6453314565555868, -0.7259134350927559, -0.2379012314631429], [-0.37369795648083354, -0.5716138599517595, 0.7304843820596707], [-0.6662560682664689, -0.38250134622362486, -0.6401527721061753]], "T": [0.03438438991267473, -0.0711822960115347, -0.05338598999496551], "aligned_model": [[0.525123384029935, 0.22015289445406783, -0.49205214892995214, -0.2618463139988756, -0.6561326987860541, -0.41883926196277116, 0.13324310670440187, 0.6058077181741697, 0.049309962424892384, -0.16935756601517932, 0.3707762492879438, 0.052713323711552074], [-0.11637205615239013, -0.5463706146421751, -0.555070768702605, -0.33446499736487423, 0.069623978483173, 0.502679949410556, 0.6187018699404752, 0.18951861544226967, -0.23528225453219853, 0.3025973749534438, 0.3426795124004927, -0.06516210370323303], [-0.6594248178170422, -0.364420157346334, -0.04160945158600367, -0.5174280736214559, 0.30551845117540094, -0.13729142056817412, -0.4921400848395499, -0.09566998774063042, 0.5811790967546345, 0.5929688263729935, 0.40015399850127403, -0.05565830188960791]], "inverted": false, "swapped": true, "error_lsq": 0.056975050965419806, "error_max": 0.29030031031765824, "target": "848.xyz", "model": "11.xyz", "model_rescale": 3.890672605050136, "target_rescale": 4.264032642469083},
{"mapping": [1, 4, 2, 5, 3, 9, 11, 13, 12, 7, 10, 6, 8, 14], "R": [[-0.8732388696547057, 0.4219152171991979, -0.24380612383598127], [0.2927824844869956, 0.05433171795647945, -0.954634213299272], [-0.38952829589362864, -0.905005864025008, -0.170973953509166]], "T": [0.016552840544339822, -0.012651172736638577, 0.058625234023726235], "aligned_model": [[0.5290409597007035, 0.06663934410869206, 0.4138629953738858, 0.6165599482301589, 0.7601108344597639, -0.4625711084561885, -0.3524031636242809, 0.30250339852755104, 0.02864180744163823, -0.737827711899556, 0.2425662065412612, -0.2496680581209541, 0.019118608570429012, 0.03330177394058913], [0.007277140453501441, 0.02813258688223496, 0.7015351599520088, -0.559704591420185, 0.004214770790985279, -0.2244532880490755, -0.40657685846165137, -0.3577932129568848, -0.8109299503370073, 0.2235130083218868, 0.606809307549559, 0.671992145273401, 0.06174837803217228, -0.013612076203180905], [-0.3063902613139547, -0.6384885499407295, -0.042868052108712286, -0.017713488506815055, 0.29734470375788624, 0.5454540291171507, -0.3135554204128415, 0.45380288921720485, 0.045852647627714176, 0.03435351605282288, 0.5716951118166494, 0.012153341035358818, 0.664317886965872, 0.04883208204925509]], "inverted": true, "swapped": true, "error_lsq": 0.05411711343012183, "error_max": 0.31921485067680205, "target": "848.xyz", "model": "12.xyz", "model_rescale": 4.124412569039231, "target_rescale": 4.264032642469083},
{"mapping": [6, 2, 3, 0, 10, 9, 4, 9, 1, 11, 13, 5, 14], "R": [[-0.8498426606707719, -0.5269687181787304, -0.008451163534655191], [-0.5245761429544633, 0.8473142323558203, -0.0829364931154304], [0.05086572861015732, -0.06604969120543368, -0.9965189992893387]], "T": [0.09390384525298809, 0.05243351701932063, -0.049900936279847846], "aligned_model": [[-0.26706571486423847, 0.026699039897132723, 0.6705964790689417, -0.6682311138698054, 0.4602498043055302, 0.29496914116013734, -0.455184091105179, 0.29496914116013734, 0.060531498393900235, -0.29375572113181725, 0.6559532830214396, 0.4925901063573703, 0.09497645511620821], [-0.16401972179470714, 0.41988681742454503, 0.5425257375974945, -0.05816407985099244, -0.057563617266520845, -0.6089375678147592, 0.4753707328810012, -0.6089375678147592, 0.6803438615037011, -0.04069064532343143, 0.0845449537824468, 0.611297351322362, 0.07182912186209675], [0.5539356713348021, 0.6840472568634338, 0.14345148037931535, -0.12681030712282804, 0.6928946590752175, -0.2331581468227409, -0.1487247707849586, -0.2331581468227409, -0.020027745384539976, -0.5703549394358752, -0.2502142254937569, -0.4901554679307598, -0.05002723688672967]], "inverted": true, "swapped": true, "error_lsq": 0.055200740106421134, "error_max": 0.3684804556798801, "target": "848.xyz", "model": "13.xyz", "model_rescale": 3.9028299243045295, "target_rescale": 4.264032642469083},
{"mapping": [13, 4, 0, 3, 10, 7, 8, 12, 1, 11, 2, 14, 9, 6, 15], "R": [[-0.9255302871544572, -0.3443371874507466, -0.15756138136706516], [-0.16203664473631602, 0.7361983960876565, -0.6570814617386183], [0.3422540187088901, -0.5826180763900755, -0.7371691554461183]], "T": [0.008869563027282487, -0.014023137898805584, 0.10935050548439308], "aligned_model": [[-0.7107302282838912, 0.18489277290131076, 0.27433687913428567, 0.5882911339608763, -0.08632062460313553, 0.5525453008540309, -0.3854997853579983, -0.6184168582019068, 0.09155169778436624, -0.2296945988558649, 0.16066863030449857, -0.40110938724173134, 0.29290866855286024, 0.5492911288296991, 0.06566264614935748], [-0.2708845338331288, -0.6517413005043629, -0.31365311674896384, -0.1425456578086146, -0.5952902237044685, -0.44675221517823427, -0.009732279793860023, 0.2858145819413129, 0.6245029085583926, 0.4852212796137908, 0.42449084376250273, -0.04563419151642715, 0.10715077157263128, 0.3219851570874519, -0.021242728074074374], [-0.11166921177816296, 0.25664153899066067, 0.8352743231801119, 0.3002485155605336, -0.3471798934890513, -0.471846701677346, 0.7733998749958144, 0.13849456943300564, 0.02190390274559341, -0.3802399770471059, 0.6810255011043672, -0.6742110137394992, -0.6016235634233977, -0.08927280423863378, 0.010893660429106958]], "inverted": false, "swapped": false, "error_lsq": 0.04895960277544018, "error_max": 0.3239329128224058, "target": "848.xyz", "model": "14.xyz", "model_rescale": 3.942246331269136, "target_rescale": 4.264032642469083},
{"mapping": [1, 4, 13, 11, 3, 10, 12, 1, 8, 0, 8, 5, 9, 6, 14], "R": [[0.3618576685937432, 0.6907144523735509, 0.6260771302021875], [-0.8011519336966768, 0.5738074749230234, -0.1700016495700543], [-0.47667033347375054, -0.4400665029342382, 0.7610038542486194]], "T": [0.0912411137215681, -0.039171901628804295, -0.06064296143799873], "aligned_model": [[-0.7168596800538695, 0.24471384332025767, 0.13923988739400592, 0.692051238926901, -0.3929170118337182, 0.5874774538459234, -0.45651697569608296, -0.7168596800538695, 0.30403395778174985, -0.2888478262733023, 0.30403395778174985, -0.34736724641548344, 0.4068677533986932, 0.555504779473195, 0.013822924330606765], [-0.0855391027734906, -0.585850341505386, -0.3067698425962129, -0.06353577740555373, -0.5702967378824766, -0.4533363800984401, -0.14435864483107486, -0.0855391027734906, 0.5921696018276175, 0.5896221169261211, 0.5921696018276175, -0.11791414097804734, 0.1077203531539625, 0.26317845696605674, 0.0199692355167446], [-0.02237253502105445, 0.08514037631443071, 0.7055275849948837, 0.3299266478052671, -0.053916277712101154, -0.3626658009007151, 0.5368292828501965, -0.02237253502105445, 0.33301683815799177, -0.031181753190858932, 0.33301683815799177, -0.5125300317877347, -0.7865663705820508, -0.13701637735506694, -0.052997165664128314]], "inverted": false, "swapped": false, "error_lsq": 0.05542286475835334, "error_max": 0.48444206419198593, "target": "848.xyz", "model": "15.xyz", "model_rescale": 4.355366556412066, "target_rescale": 4.264032642469083},
{"mapping": [2, 4, 6, 13, 10, 3, 9, 5, 7, 1, 11, 14], "R": [[-0.7824851679506952, -0.5144437921688821, -0.35080556813721187], [0.20603133840383492, 0.31774425407469864, -0.9255212999159109], [0.5875951408348239, -0.7964836305294748, -0.1426386229809099]], "T": [0.012116044135680099, 0.08325840747998371, -0.0954217193743721], "aligned_model": [[-0.1784278163998809, 0.5601557245831711, 0.14430343298508067, -0.44693425704066536, -0.5868417224852914, -0.5976938414408526, -0.11126887457742687, -0.21297980064788663, 0.4301336340357357, 0.030879341394300975, 0.5554017292153637, 0.01108100501013234], [-0.6958651516494423, -0.11104286867995965, -0.5366405136489154, 0.4463886470636792, -0.44522669653572244, -0.0166095674245353, 0.47499682327141657, 0.48516593807881536, -0.013177184956879154, -0.10453582614574318, 0.4502046441286028, 0.07911818423966416], [0.09133448770212199, 0.29450022591573694, -0.4696161854375131, 0.02485038375978868, -0.3403852194759912, 0.38239438190139224, -0.6808611660434338, 0.5775610220340344, -0.7598117596815401, 0.5051270182585983, -0.09936408157779605, -0.07647064614597684]], "inverted": false, "swapped": true, "error_lsq": 0.05579255552421384, "error_max": 0.29959965077914247, "target": "848.xyz", "model": "16.xyz", "model_rescale": 3.795458400668931, "target_rescale": 4.264032642469083},
{"mapping": [6, 7, 0, 10, 4, 9, 8, 2, 3, 12, 11, 1, 14], "R": [[-0.5932705991197552, -0.7871222909495988, 0.16872609552272028], [-0.28579188172160325, 0.010000869922517752, -0.9582395227409578], [0.7525642806844557, -0.6167158840917334, -0.23088638276615603]], "T": [-0.12818771109284677, 0.12407609341088802, 0.023852576224299277], "aligned_model": [[0.2113505474115056, 0.09242994962103998, 0.518965079853893, -0.39630534881255686, 0.5175345602485943, -0.584011217605009, -0.6544361725934119, 0.17672630851633175, -0.4478433068350044, -0.419636286399568, 0.11692316012675363, 0.1389539906562371, -0.12201946328458305], [-0.30317354064658064, 0.3018238537772451, 0.40991708456443854, -0.6377824736566774, 0.25125320181979394, 0.40419908831900664, -0.10022704710670219, -0.6365118591898699, -0.3158918912059644, 0.7854606623227336, 0.7305514998462356, -0.04515498054649819, 0.11931766717332457], [-0.47005146084106647, -0.7145147010027844, -0.2899702537614345, -0.19001299808224642, 0.2626167529166868, -0.4506768843189449, -0.18864712747077345, 0.10602173749700038, 0.5845649875544542, 0.3632438972800993, -0.020109459919141728, 0.5681628522374179, 0.04164768874702906]], "inverted": false, "swapped": true, "error_lsq": 0.05292678822126994, "error_max": 0.28349398707174667, "target": "848.xyz", "model": "17.xyz", "model_rescale": 3.7474275329858107, "target_rescale": 4.264032642469083},
{"mapping": [3, 13, 5, 8, 2, 6, 1, 11, 10, 4, 7, 9, 0, 14], "R": [[-0.6589866492547277, 0.7179141407519289, 0.2243565969889155], [0.25906149906684794, -0.06339464125199806, 0.963778117183498], [0.706132944851934, 0.6932390684092686, -0.1442076912851229]], "T": [0.029014491820451616, 0.033150032551633055, 0.0027110808201310406], "aligned_model": [[0.5322598505758614, 0.2211170518514321, 0.757520084375262, -0.25754435243780294, 0.13714112307491552, -0.4222377147124293, 0.6012515679749394, 0.03068406609218011, -0.23418935241719013, 0.35597745292647015, -0.668797333383909, -0.4976589539321274, -0.1880639361358938, 0.04738809403116866], [-0.39369171017699095, 0.1038585432045592, 0.2199931248168847, -0.1573448165736378, -0.7449531918235187, -0.4076065991777794, -0.15776800226585602, 0.6246245234250102, -0.7091012704813534, 0.11936307718286542, 0.20611748595107754, 0.345054088286188, 0.28403088801106147, 0.027832101132723074], [-0.41526041480163445, -0.5586738509809537, -0.31268205990042447, -0.5012742437503104, 0.24985955419282183, 0.3820192857216656, 0.18263482698843203, 0.28551765357023406, -0.2762885020979648, 0.6157381060656673, 0.33224646781723394, -0.36709036839855463, 0.7019480421958871, 0.006100222039555302]], "inverted": true, "swapped": true, "error_lsq": 0.05008910622827729, "error_max": 0.40804823726607636, "target": "848.xyz", "model": "18.xyz", "model_rescale": 3.922800546911778, "target_rescale": 4.264032642469083},
{"mapping": [10, 6, 1, 5, 4, 8, 2, 9, 3, 7, 0, 11, 13, 12, 14], "R": [[-0.9775777403954758, 0.04145979683161513, 0.20645301337097718], [0.0868910877218646, 0.9724872886461225, 0.21614442462442685], [-0.19181162727474818, 0.22923690511868833, -0.9542844130414259]], "T": [0.09212922912903293, -0.0686014613035367, 0.022190100809781364], "aligned_model": [[-0.6346755055496012, 0.02314902666781707, 0.19520061542768916, 0.7690214185107906, -0.17312857062138176, 0.561323319980774, -0.4209215291672818, -0.6152497394490488, 0.09067245893725247, -0.1479379491613887, 0.27048550980252606, -0.40409020688831315, 0.18548826457395323, 0.5757037080032543, 0.053336554859715495], [-0.4182807332853238, -0.7468596656506629, -0.4205467062704198, 0.12018786122743144, -0.5882114170160293, -0.4290784756840196, 0.025446995176410372, 0.31678095798036765, 0.5470776578349431, 0.5744601119167272, 0.37816102326011525, -0.028343752353580685, -0.0697416680078018, 0.4790096784108139, 0.011627427834976639], [0.031130551487104384, 0.12695322322093117, 0.6652249815180673, 0.32003112524728883, -0.4061916596424997, -0.13370692044065843, 0.5131715363377473, 0.1398275592797685, 0.19564425516354453, -0.386528117543413, 0.7055896583218629, -0.4871125606377438, -0.6583218662045034, -0.26917188643081336, -0.014701158630686384]], "inverted": false, "swapped": false, "error_lsq": 0.05355322093725785, "error_max": 0.3509164401210044, "target": "848.xyz", "model": "19.xyz", "model_rescale": 3.9282355846067225, "target_rescale": 4.264032642469083},
{"mapping": [5, 13, 8, 3, 1, 10, 2, 6, 4, 0, 9, 11, 7, 14], "R": [[0.5461742392581879, -0.6426815138253249, -0.5372654578119913], [0.4995928767652801, 0.7647410821970921, -0.40691280968459564], [0.6723843081572707, -0.0461687013810122, 0.7387609851343393]], "T": [-0.059625274807095854, -0.14941570737476462, 0.09283778066030182], "aligned_model": [[-0.8140240631434921, -0.274175023892349, 0.2653156634307988, -0.39773586404854616, -0.5313511226337702, 0.43243501404832657, 0.10399735740078585, 0.5199738503522676, -0.38570603399704423, 0.07296106808417556, 0.3252420561739227, -0.25469616541866463, 0.5453723048514892, -0.07508622212322419], [-0.4109303251399712, -0.675341264464488, -0.6015072548039629, -0.34546832161119045, 0.15295338265439534, -0.21493537837528465, 0.3393635492412905, 0.28693404002220163, 0.44299773602497405, 0.40301504352537276, -0.6623744603289663, -0.06699235880630641, 0.01737606810876552, -0.14220836862199407], [-0.07328309574043221, -0.09270693704903862, -0.1570263535174724, -0.5834717176395725, -0.19408586713957396, -0.5792023019148465, -0.5494556387292471, -0.03139357078118912, 0.27410347307495914, 0.618420983219784, 0.4093383740247005, 0.7133038616587721, 0.574097675989391, 0.08354427178744803]], "inverted": true, "swapped": true, "error_lsq": 0.05451574524152046, "error_max": 0.2849603405335504, "target": "848.xyz", "model": "20.xyz", "model_rescale": 4.067790424073018, "target_rescale": 4.264032642469083},
{"mapping": [3, 7, 9, 1, 0, 8, 12, 3, 13, 6, 10, 2, 4, 5, 14], "R": [[-0.35238518359223475, 0.9328833720349936, 0.074520443941823], [-0.45352468472674284, -0.23988031040513166, 0.8583547035016736], [0.8186208174290314, 0.2686746189362832, 0.5076159044112659]], "T": [0.04398304903096632, 0.03357795386669775, -0.008266619667120077], "aligned_model": [[-0.8063398370607665, 0.37138608150772034, 0.2120723392813989, 0.7588640255317587, -0.2134426414567973, 0.44982742059199854, -0.4131483443345891, -0.8063398370607665, 0.34715996626430445, -0.25458533931774774, 0.24442757265484483, -0.3829377320603657, 0.23314554640137525, 0.5378753798563434, 0.05041277512804519], [0.040290172084546494, -0.6110101081182692, -0.2636872029705282, -0.10470113404725949, -0.6097600016821018, -0.2778827392095239, -0.1302656531786749, 0.040290172084546494, 0.59653290720303, 0.5449168233616938, 0.30649062232644503, -0.15589010516972163, 0.07101389827385944, 0.2556835954794761, 0.04966804893642959], [-0.03378038391392466, 0.17606309003881965, 0.6898947631825297, 0.37005755952550834, -0.16417145714225398, -0.2601604057472135, 0.584354700003135, -0.03378038391392466, 0.2768456081453246, -0.4520530330664063, 0.7378081017227986, -0.5875441289977263, -0.7862695723550982, -0.2432252763996144, 0.06779953996404298]], "inverted": false, "swapped": false, "error_lsq": 0.046253092156428734, "error_max": 0.3730348270479373, "target": "848.xyz", "model": "21.xyz", "model_rescale": 4.186013935880536, "target_rescale": 4.264032642469083},
{"mapping": [10, 2, 6, 9, 12, 7, 8, 13, 4, 1, 5, 11, 14], "R": [[0.9819518368682811, -0.16137192086480331, 0.09863920735393528], [0.1652047802546258, 0.9857414327976954, -0.031956349086955625], [-0.0920758961511089, 0.047675264260937426, 0.9946100233386048]], "T": [0.02608367677181739, -0.021383372963940172, 0.02142615504798529], "aligned_model": [[-0.2041809034091978, -0.19368201455801404, 0.4170247728696612, 0.3186507091015956, -0.1294959827530086, 0.7921894441429211, -0.11605535732284775, -0.40926667308127307, 0.1626412307079049, -0.3644376074476038, -0.6253201424447159, 0.3980244283817789, 0.012482131236024567], [-0.3641165791322535, 0.280736639322381, 0.03909073895784443, -0.6462825004306, -0.11157701077056789, -0.17781981499009492, -0.5868211552068741, -0.36299910104442157, 0.6609615085440244, 0.471585012238056, 0.14642454303024105, 0.17729170930755694, -0.00751733027919897], [-0.7049113699689722, -0.7124981619972619, -0.5992811977270266, 0.20938301811489454, 0.7993839727298776, -0.0971581922360907, -0.15880168838106823, 0.2468699305516665, 0.09821871864673504, -0.006011402106296131, 0.48253041697174637, 0.5234348276812969, 0.021720689055844962]], "inverted": true, "swapped": true, "error_lsq": 0.06390893735679824, "error_max": 0.3890618075044808, "target": "848.xyz", "model": "22.xyz", "model_rescale": 4.166573947596378, "target_rescale": 4.264032642469083},
{"mapping": [13, 6, 12, 2, 5, 1, 14, 10, 3, 8, 11, 7, 0, 4, 15], "R": [[-0.22283734676476433, 0.2732550405395668, 0.9357751865200102], [-0.0558034361948761, 0.9547620733428464, -0.29208793164886787], [-0.9732571568684635, -0.1173075706243592, -0.19750807699566716]], "T": [0.02387625924522487, 0.07988744637924117, 0.1162880702889719], "aligned_model": [[-0.6451931943274589, 0.3592510282286354, 0.006307306934960153, 0.6807246268114479, -0.1996406091326817, 0.4264735457818932, -0.6104513134353231, -0.7072981947147886, 0.4322299043052188, -0.059377965303333266, 0.30896758713611033, -0.38413283842490287, 0.16595946235064143, 0.5080173380388909, 0.046540691677447676], [-0.4310591099504798, -0.5878555109960817, -0.19947178094154594, -0.060939209276328066, -0.5858203294593243, -0.3482629092891982, -0.05526393914634631, 0.06544306103335734, 0.5056076326014028, 0.7383091649954582, 0.3258862092560505, -0.03445527466649209, 0.00655216314083773, 0.38446725201029813, 0.028551876062339825], [0.026327958203148843, 0.26033923887793387, 0.7087668540902734, 0.15536893864610202, -0.3286111856555054, -0.2870749903418226, 0.569433076603688, -0.04531796521816586, 0.23220302025336936, -0.34591179423986085, 0.8093254941348238, -0.45977092496453653, -0.6844553733093274, -0.3448974359781337, 0.07611380994401014]], "inverted": true, "swapped": false, "error_lsq": 0.0474908867588942, "error_max": 0.2723702467458153, "target": "848.xyz", "model": "23.xyz", "model_rescale": 4.274766983524099, "target_rescale": 4.264032642469083},
{"mapping": [9, 11, 12, 13, 5, 3, 10, 2, 6, 4, 14], "R": [[-0.9545784446346833, 0.07929872813671865, 0.2872136917953738], [-0.25844207485910997, -0.7000676884177247, -0.6656672784326881], [0.148282456755165, -0.7096597377260193, 0.6887636529821317]], "T": [0.05013336822354633, 0.10747921567250864, -0.004947093054751529], "aligned_model": [[0.19346721503963626, 0.22119116047391557, -0.39483815513043785, -0.46655365943091465, -0.7094477531749348, -0.5931326103424799, 0.08154360752050724, 0.15129014233130406, 0.650091532227245, 0.2075690464732902, 0.03871417797094348], [-0.1504938853016693, 0.6628106145272179, 0.5337058418299665, -0.0740478250042315, 0.4020873386265458, -0.17262442384871396, -0.6717718684299652, -0.21588086838750842, -0.18568000435139864, 0.6727470255430931, 0.11473458604014694], [-0.6563513130437438, -0.30854335057340065, -0.5127753075224905, -0.2439838635718904, 0.0317427778768485, 0.3384197188872637, 0.29477806861262873, 0.7456686056544541, 0.30469390839718874, 0.3769244966443903, 0.008992692660328613]], "inverted": false, "swapped": true, "error_lsq": 0.04954057247257077, "error_max": 0.2752260013996267, "target": "848.xyz", "model": "24.xyz", "model_rescale": 3.7841303162186577, "target_rescale": 4.264032642469083},
{"mapping": [3, 7, 11, 10, 6, 0, 13, 5, 9, 2, 14, 4, 1, 8, 15], "R": [[-0.08151653807070787, 0.5742142556849763, -0.8146367549952035], [-0.9914853591142867, 0.03655761101012585, 0.1249812935572604], [0.1015472140581937, 0.8178884579485034, 0.5663449776166807]], "T": [0.09484463489716355, 0.0020645991617397677, 0.03545454138849841], "aligned_model": [[-0.6657335534218968, 0.46435970048807207, -0.018967231250484468, 0.71744999634616, -0.25252831271414383, 0.6557427792126013, -0.32979355680250005, -0.6855497139167196, 0.22384200201474136, -0.15567545606476563, 0.1657152474609223, -0.41599914506189795, 0.2363304845987002, 0.33776461884295667, 0.05141951619501149], [-0.24695897107290013, -0.5300685540038611, -0.5683872917054293, -0.024161524858702002, -0.6034286617050557, -0.270655492353247, -0.039635755435539786, 0.37930679615708224, 0.5450950306497676, 0.617196815501499, 0.42268988836879867, -0.05991532943036683, -0.09648900901720292, 0.2782348478587734, -0.051133493579668676], [0.12770403219489973, 0.09111856660803169, 0.5365124906246592, 0.5012118382621248, -0.15092249194918358, -0.35486196189972874, 0.6911552992403872, -0.0987532474658202, 0.2104355068698407, -0.32181995864275764, 0.704297336569008, -0.5048245196412717, -0.6879439203546471, -0.42733878048775464, 0.025868531118209404]], "inverted": false, "swapped": false, "error_lsq": 0.047676493129077194, "error_max": 0.3704571292836328, "target": "848.xyz", "model": "25.xyz", "model_rescale": 4.19342608120988, "target_rescale": 4.264032642469083},
{"mapping": [2, 4, 6, 13, 10, 3, 9, 5, 7, 1, 11, 14], "R": [[-0.7824851679506952, -0.5144437921688821, -0.35080556813721187], [0.20603133840383492, 0.31774425407469864, -0.9255212999159109], [0.5875951408348239, -0.7964836305294748, -0.1426386229809099]], "T": [0.012116044135680099, 0.08325840747998371, -0.0954217193743721], "aligned_model": [[-0.1784278163998809, 0.5601557245831711, 0.14430343298508067, -0.44693425704066536, -0.5868417224852914, -0.5976938414408526, -0.11126887457742687, -0.21297980064788663, 0.4301336340357357, 0.030879341394300975, 0.5554017292153637, 0.01108100501013234], [-0.6958651516494423, -0.11104286867995965, -0.5366405136489154, 0.4463886470636792, -0.44522669653572244, -0.0166095674245353, 0.47499682327141657, 0.48516593807881536, -0.013177184956879154, -0.10453582614574318, 0.4502046441286028, 0.07911818423966416], [0.09133448770212199, 0.29450022591573694, -0.4696161854375131, 0.02485038375978868, -0.3403852194759912, 0.38239438190139224, -0.6808611660434338, 0.5775610220340344, -0.7598117596815401, 0.5051270182585983, -0.09936408157779605, -0.07647064614597684]], "inverted": false, "swapped": true, "error_lsq": 0.05579255552421384, "error_max": 0.29959965077914247, "target": "848.xyz", "model": "26.xyz", "model_rescale": 3.795458400668931, "target_rescale": 4.264032642469083},
{"mapping": [4, 1, 5, 11, 9, 6, 2, 0, 10, 13, 7, 8, 14], "R": [[0.946023776332834, -0.11765077532245188, -0.30198892310644465], [0.05658044755577735, 0.9774289847298673, -0.2035466353549699], [0.3191201459753866, 0.1754732882121011, 0.9313277927543454]], "T": [-0.03435312656248675, -0.0379180519057129, -0.09812060358117519], "aligned_model": [[-0.16364102716095097, 0.2887868102630811, 0.7365961995107099, -0.18844864769752062, -0.19786839904343845, -0.6403015516254461, -0.13615942508766554, -0.6335886701888584, -0.0913177032858503, 0.4710480259138143, -0.776547482425934, 0.05356019766962154, -0.022441944020305984], [-0.6771064642909741, -0.5728633271535992, -0.20762710788639377, -0.10616679868702618, 0.6401113664047164, -0.14932240496226473, -0.47886932942640936, -0.36477366004910244, 0.1526024008297103, 0.27973060917732834, 0.18984276935243133, 0.46943645459325617, -0.05311300464475781], [-0.35280160584173753, -0.022677542283431135, -0.3029120723240956, -0.7316986156299923, -0.2561112167830362, 0.3046016988849852, 0.5899315837515635, -0.4629202065881893, 0.713366316727666, -0.07119233051553214, -0.24886940469786312, 0.2293975154686067, -0.09597745806951805]], "inverted": false, "swapped": true, "error_lsq": 0.05658460974472911, "error_max": 0.3836143744796003, "target": "848.xyz", "model": "27.xyz", "model_rescale": 3.6321398670334006, "target_rescale": 4.264032642469083},
