[{"mapping": [5, 11, 8, 6, 4, 3, 1, 0, 12, 7, 9, 2, 4, 13], "R": [[0.11124823456114302, 0.557335330423905, 0.8228008019978502], [-0.954654776551586, -0.17012985191525248, 0.24431555639077873], [0.27614866994840004, -0.8126703901020211, 0.5131361896584168]], "T": [-0.1304640184838612, -0.24671468847067293, -0.053139693075453916], "aligned_model": [[-0.5272489055492564, 0.19424606197289124, 0.3428965540367579, -0.2042400334408095, 0.4141935399051629, -0.4897194445962951, -0.590586304885148, -0.2630493247591081, -0.049610773213529, 0.6042854234020909, 0.4225820836396857, -0.13660545703497667, 0.4141935399051629, 0.029606336958433788], [-0.3954388112563172, -0.6052741756124498, -0.0252701943514691, 0.3881560986418042, 0.5279313091778138, 0.13288248562216207, -0.5208491777478585, -0.20152028195914046, -0.7348479941907461, -0.07817745744665675, -0.30862215831635775, 0.4030125903105696, 0.5279313091778138, -0.2492132075391142], [-0.6799124981170732, -0.5561906832083392, -0.6340624383952957, -0.4727138432276159, -0.18227508337558762, -0.046672079354780856, 0.16175999693958684, 0.705669266255283, 0.24737392816267723, -0.10911238179511734, 0.4233586236765399, 0.35804760165743094, -0.18227508337558762, -0.08332414215840384]], "inverted": false, "swapped": false, "error_lsq": 0.0580901676965118, "error_max": 0.42544827245004974, "target": "85.xyz", "model": "0.xyz", "model_rescale": 3.8414455957264533, "target_rescale": 3.862257168405055},
{"mapping": [10, 8, 12, 3, 11, 5, 6, 7, 9, 13, 0, 4, 1, 14], "R": [[-0.4665730452491397, 0.8549611722757761, 0.22660756242406177], [-0.7086310551543046, -0.2080152399038786, -0.674219317165141], [-0.5292935113128079, -0.47515371604204326, 0.7029063415659272]], "T": [-0.044275596584220325, -0.1283182331583425, 0.0026157756560292317], "aligned_model": [[-0.32209047093537746, 0.148219277137365, 0.3046765226307014, -0.36960946509248094, 0.6445825509499516, -0.6540738810907323, -0.6730558745800136, 0.05328522801332641, 0.045833144796401756, 0.6391499989655991, 0.4264249577934992, -0.21338235638253794, 0.17047795619380168, -0.039494292058440836], [-0.09450084680237608, -0.722731626985915, -0.1545314208719082, 0.5795836245260628, 0.2010419835471039, 0.04341570604405448, -0.5661118572891424, -0.2784514992893161, -0.7407948948746663, -0.45659727001094247, 0.19129101769710516, 0.22616843176829965, 0.6880508331851394, -0.055131846133443574], [-0.6219293230996107, -0.4810378590143507, -0.675495447634355, -0.07744492586771227, -0.37588350090537226, -0.17897797787485642, -0.1490393543514833, 0.6197842210903487, 0.2894300597721963, 0.005670272313998595, 0.45184654528706636, 0.3788595038800242, -0.18691087222080882, -0.04920015769136813]], "inverted": false, "swapped": false, "error_lsq": 0.055573277110075946, "error_max": 0.4080647717032905, "target": "85.xyz", "model": "1.xyz", "model_rescale": 4.316132596720782, "target_rescale": 3.862257168405055},
{"mapping": [1, 2, 0, 7, 6, 8, 5, 10, 3, 9, 11, 13], "R": [[0.37471078710889083, 0.7763091546337841, -0.5068884714175446], [-0.037601372319787885, 0.5589963896738079, 0.8283170728237569], [0.9263789520622239, -0.2913196401951431, 0.23865226672434553]], "T": [0.10116919788003798, 0.1350096770350077, -0.0332461971083403], "aligned_model": [[-0.11498927460538524, 0.43311192193445347, 0.08792313981974614, -0.4302611835181296, -0.5521099224676886, -0.5432424911139818, -0.020274435358834192, -0.17381331539726858, 0.5347385268319753, 0.17181754189501014, 0.18923050495466615, 0.015677541657216965], [-0.5886327877143345, -0.44892237857528855, -0.5354978554351066, 0.4875955493782057, -0.238840119038437, -0.10118486007586738, 0.16755587188271376, 0.611392667936583, 0.06891771249145817, -0.06304629332871606, 0.6661217234546728, -0.012682803234902451], [0.1750836650781631, 0.04443915992031884, -0.6210628142087914, -0.0021506794023931214, -0.35393464571373956, 0.3004567687188807, -0.7115647403178424, 0.6161534600061567, -0.5025758934167914, 0.6589005403690176, -0.12163928556783267, -0.032847074255725334]], "inverted": false, "swapped": true, "error_lsq": 0.044034924971545285, "error_max": 0.2703592864329407, "target": "85.xyz", "model": "2.xyz", "model_rescale": 3.795458400668931, "target_rescale": 3.862257168405055},
{"mapping": [1, 2, 0, 11, 8, 7, 3, 9, 12, 10, 6, 13], "R": [[-0.8127447837607059, -0.0760202980194883, -0.5776390142284298], [0.44737104645063275, 0.5537105128554027, -0.7023274270246558], [0.37323593512338776, -0.8292319230724512, -0.4160160507602264]], "T": [0.07448191431316023, -0.020787197419937235, 0.18728946535229768], "aligned_model": [[-0.11473097028655302, -0.12091262246135481, -0.7658625811539647, 0.26439230545608905, 0.20291273729749945, 0.23679671358231877, -0.3349183835252437, 0.5835651460878717, 0.22662485537046453, 0.8527239837762853, -0.4336376517630446, -0.003649706636802863], [-0.0416669276684532, -0.5127188303533005, -0.15169911781771134, 0.05632415800111082, 0.4968420105754267, 0.5851803033778363, -0.41315838772936553, -0.20458728645107296, -0.5917882649176461, 0.3235689751404855, 0.5214689823356021, 0.01800343079679716], [-0.5726755040118088, -0.23345021168896973, -0.0809779059931332, 0.6928940736622424, -0.3585836704702003, 0.3062822079273378, 0.4890461881722388, -0.29264412641565407, 0.6718023719792542, 0.18144489296848204, -0.15498396666200748, 0.04061708117131868]], "inverted": true, "swapped": true, "error_lsq": 0.0469003382094647, "error_max": 0.2613507478464269, "target": "85.xyz", "model": "3.xyz", "model_rescale": 3.7530521520055578, "target_rescale": 3.862257168405055},
{"mapping": [6, 3, 2, 4, 1, 11, 8, 7, 10, 9, 13], "R": [[0.7619809904176076, -0.019600079047296742, -0.6473027167744172], [0.3926742264507334, 0.8088145266184525, 0.4377510861349023], [0.5149678845554544, -0.5877370997583089, 0.6239977399351475]], "T": [-0.15420911124068176, 0.04772317585628154, -0.13087459199750207], "aligned_model": [[-0.508546955572031, -0.11816898127573291, 0.42392686289647735, 0.5878988391563773, 0.24915991014877198, -0.4565602275549821, -0.21792983099365087, -0.6579142293078233, -0.23126619232550477, 0.3877084815386667, -0.1201080742653634], [-0.6872899293264283, 0.12550470281500953, -0.21771597363388862, 0.3257134007243147, -0.6022645171090327, 0.500738258553796, -0.4200476499448156, 0.04305499288283422, 0.4277632904145399, 0.08936697228932433, -0.1176201893513071], [-0.071051624337273, -0.7674843764951332, -0.3600000721279656, -0.18168074206700263, 0.03822202260883728, -0.16264368161688883, 0.46874368497423324, 0.26150448615411165, 0.6266924141942234, 0.34648856008297024, -0.10595989412479581]], "inverted": false, "swapped": true, "error_lsq": 0.05801654411692223, "error_max": 0.34042317750310935, "target": "85.xyz", "model": "4.xyz", "model_rescale": 3.7855080009869324, "target_rescale": 3.862257168405055},
{"mapping": [7, 8, 6, 4, 11, 5, 10, 9, 15, 13, 14, 2, 1, 16], "R": [[0.17123006448317923, -0.3845331494282865, 0.9070912423829531], [-0.6239868427860051, -0.7548229464967775, -0.20219480574900164], [0.7624438897696275, -0.5313911708268084, -0.36919200766034216]], "T": [0.01891614345902763, -0.03441660455826327, -0.04088258787761663], "aligned_model": [[-0.43050034425643846, 0.11216041056186986, 0.1998935752967576, -0.2117172842213308, 0.6574880157553914, -0.7649851577569063, -0.4917700004092321, -0.23471588841899188, 0.17961318477891747, 0.6573994725604255, 0.34799875051861157, -0.05662901054571352, 0.16609271314201618, 0.030614859335686476], [-0.18269022592636197, -0.6775902135621565, -0.033487057459588354, 0.42237059283553996, 0.26415515591637956, 0.13251574410377825, -0.5532091753630592, -0.2816971190677704, -0.7793960970529211, -0.32892115539368594, -0.12674373589179816, 0.33858093636954595, 0.7069370437099163, -0.040124358707763506], [-0.6217519584350534, -0.3109623710843221, -0.6680375712545916, -0.5748811479869783, -0.40900905535765103, -0.15373463943824878, -0.008973263017909669, 0.5767234020531671, 0.27296470517951865, -0.21544990117601243, 0.5429647698139781, 0.5923246860437265, -0.08375174374962578, 0.011245272093719526]], "inverted": false, "swapped": false, "error_lsq": 0.03763261446048172, "error_max": 0.22467190961632452, "target": "85.xyz", "model": "5.xyz", "model_rescale": 4.2253639853439635, "target_rescale": 3.862257168405055},
{"mapping": [3, 2, 6, 7, 11, 0, 4, 1, 10, 5, 8, 9, 12, 13], "R": [[-0.4387386267150231, 0.5167069502236293, 0.7352022476970617], [0.8825589414950458, 0.40173626329748996, 0.24433110636780198], [-0.16910982294166094, 0.7560568115838688, -0.6322815555132655]], "T": [0.018934948860028576, -0.0972660076182004, -0.019241221721121075], "aligned_model": [[-0.37229382394864174, 0.10230267513141264, 0.19678597396790157, -0.2984219208378178, 0.6641732763849342, -0.676298795474302, -0.49389541572521223, -0.35307627236239303, 0.26816341582314307, 0.5681646182100639, 0.46736001450629255, -0.0705953626357258, 0.17071432624877134, -0.012139412947363724], [-0.17898646128689535, -0.6597856069493802, -0.026975424411539245, 0.3928148995608779, 0.2827457588714951, 0.29297376438429046, -0.5826442095251628, -0.3706086401369726, -0.7738521459343907, -0.3891432520026289, -0.09147701146217453, 0.2897808744893048, 0.7851366875206486, -0.10927889860741816], [-0.6051348020555931, -0.3753214579346199, -0.6333635343785065, -0.5563599587812122, -0.23093049125416165, 0.0669307598791068, -0.06745253242160792, 0.5513700632098525, 0.2784647457748962, -0.1371212919912408, 0.5679098011191193, 0.4441975141002551, -0.2831962722130799, -0.07032135936949102]], "inverted": false, "swapped": false, "error_lsq": 0.042458325441136834, "error_max": 0.2244445635660388, "target": "85.xyz", "model": "6.xyz", "model_rescale": 3.89814844738969, "target_rescale": 3.862257168405055},
{"mapping": [9, 10, 8, 12, 1, 7, 11, 2, 3, 5, 6, 0, 13], "R": [[0.4132017292941752, -0.8095006487646119, -0.4171007438952555], [-0.6425074413104312, -0.5837430781548709, 0.4964153569008506], [-0.6453282256100579, 0.06287064780920149, -0.7613138399339825]], "T": [-0.1570660429132857, 0.013300185123498162, -0.08677220465104629], "aligned_model": [[0.34480560344859507, -0.1354501956707207, 0.37724380160660903, -0.6191399578634142, 0.5964496840311733, -0.2884429419519706, -0.658113534560187, 0.2712828300995732, -0.46057742270060426, -0.5037948324636159, 0.15188591477301217, 0.08677531128934504, -0.014292459133572633], [-0.2873635944099095, 0.12609579210953248, 0.49452770116514705, -0.5953227930212336, 0.07489308735540666, 0.5447014653549783, 0.015053897561082538, -0.3880625527282215, -0.259932936111992, 0.33970558315768007, 0.6885906270883554, 0.13298496735192628, 0.07791002059773337], [-0.5122256149841006, -0.9300313329631559, -0.3423989276839481, -0.08390551979051267, 0.11866537014089923, -0.41548905642128897, -0.3026343675009045, 0.24882104315258213, 0.4090557679579545, 0.41238961234449856, 0.2566078573911538, 0.7626400223484696, -0.01921982315535209]], "inverted": false, "swapped": true, "error_lsq": 0.04856239873708711, "error_max": 0.29921042167560413, "target": "85.xyz", "model": "7.xyz", "model_rescale": 3.7474275329858107, "target_rescale": 3.862257168405055},
{"mapping": [6, 10, 0, 3, 1, 5, 7, 9, 11, 12, 13, 8, 2, 14], "R": [[-0.47213806461696284, -0.7777241684387433, 0.4150069466479014], [-0.49895006711828405, 0.6238803767485692, 0.6015165052022458], [-0.7267286140385616, 0.07693109471682302, -0.6826031996725936]], "T": [0.09170877546436276, -0.07584959274933206, -0.03794810917872721], "aligned_model": [[-0.44693449904883464, 0.06574986257333765, 0.13389035964534124, -0.31497317618607723, 0.6243482217491787, -0.6192665205124306, -0.41649071624326406, -0.4196146464104109, 0.05139998854961292, 0.5935954089263376, 0.7204075375520107, -0.2524433110165608, 0.30903493347641076, 0.1322398532864112], [-0.20309498607570176, -0.7227987171462633, -0.01512110497825761, 0.3870217480094928, 0.28565523294484857, 0.009562678237727579, -0.5278782132495392, -0.3080007631452912, -0.6108027803608214, -0.42829934194722213, -0.09463140374341221, 0.3905759023114056, 0.7372386936339468, -0.03872660998085791], [-0.6384563365134261, -0.4329751018916587, -0.692735099241895, -0.40468295765992807, -0.42577706801377524, -0.05345089916736823, -0.07373965567795865, 0.47682818438427005, 0.27618600923510417, 0.029369052391745934, 0.6043111366230054, 0.32151943425836416, -0.02225494379147236, -0.014470571251290674]], "inverted": true, "swapped": false, "error_lsq": 0.04401849295001516, "error_max": 0.26673509634496134, "target": "85.xyz", "model": "8.xyz", "model_rescale": 4.019505241142653, "target_rescale": 3.862257168405055},
{"mapping": [3, 11, 4, 2, 0, 1, 9, 5, 6, 7, 10, 8, 13], "R": [[0.18385328901167808, -0.7933944889613562, -0.5802785133066167], [0.7902897126239525, -0.23172746778962727, 0.5672253086671628], [-0.5844999043972029, -0.5628743781320626, 0.584407645571227]], "T": [-0.1308365466392063, -0.06213072279250954, -0.026800309844806518], "aligned_model": [[-0.3023629871344952, -0.6708544688955131, 0.02437622236027498, 0.3493295914661634, 0.3422294520258881, 0.6523748718003264, 0.21771153478846583, -0.308801045626373, 0.2981235001332376, -0.3165484857062486, -0.3340739530980319, 0.33979566101916636, 0.028400878608314806], [-0.5957367884406687, 0.0050987686415219086, 0.1732619490920324, -0.2277163738528145, -0.8177151308729816, -0.05507882351263847, 0.5114001724174595, -0.6654381028628693, -0.3661889586345057, 0.1674777889256866, 0.7401077746174446, 0.28689236171627, -0.09298640911987761], [-0.340590242023248, 0.012045241595314234, -0.769150177772429, -0.4731404316112822, -0.0026146185088877713, -0.009069595339628027, -0.2967280951542582, 0.2565240610943508, 0.600033182930611, 0.5393206895050947, 0.17165371802656265, 0.4621783862858259, 0.02624137501585303]], "inverted": false, "swapped": true, "error_lsq": 0.04135133868610224, "error_max": 0.2418005975368977, "target": "85.xyz", "model": "9.xyz", "model_rescale": 3.877068213659057, "target_rescale": 3.862257168405055},
{"mapping": [0, 7, 8, 11, 9, 12, 5, 3, 4, 2, 13, 6, 10, 15], "R": [[0.786400269628559, -0.15579231263457224, -0.5977485853200334], [-0.4131018977744385, -0.8520858803905498, -0.3213976889994991], [-0.4592618403299874, 0.4996783042748935, -0.734438666093827]], "T": [0.05163583708331633, -0.07545907898803544, -0.021872989428809927], "aligned_model": [[-0.5367484011454334, 0.33659184834335004, 0.23157592022566043, -0.2059695453751823, 0.5523588711332635, -0.6394605339115615, -0.6105770011318319, -0.2579236185114419, 0.16023622356778855, 0.6837097902984424, 0.4858076189655936, -0.15099327444574556, 0.12965538410584204, -0.017319985777681332], [-0.07782140527522297, -0.7406041147902889, -0.14765149470176628, 0.4041158451971031, 0.19867581440183096, 0.2071849798921629, -0.49045593472691057, -0.3311311945281724, -0.708237671364242, -0.27749073811629144, -0.016262153093774517, 0.28412040142605494, 0.6287826836991481, -0.07252468350957675], [-0.5581233444424702, -0.39958812337395483, -0.7686880652007442, -0.5201727338446916, -0.3531912764242533, 0.004458696635074824, -0.006150112070809108, 0.4696207089187199, 0.19234159651430627, -0.02646475666938032, 0.6150171767266339, 0.43632851160640435, -0.056038314387403323, -0.07967878030371565]], "inverted": true, "swapped": false, "error_lsq": 0.03828034084553063, "error_max": 0.2284308265711516, "target": "85.xyz", "model": "10.xyz", "model_rescale": 4.260839863003843, "target_rescale": 3.862257168405055},
{"mapping": [0, 6, 8, 1, 9, 2, 3, 5, 7, 10, 11, 13], "R": [[0.9062021293535306, -0.3863176644186148, -0.17191964085954142], [-0.33566778641148887, -0.9044854529327261, 0.26312202986198757], [-0.257147502264242, -0.18073385845277595, -0.9493210386839815]], "T": [0.020536689961394433, 0.18054316708588414, 0.04952210566008355], "aligned_model": [[0.29459067582620724, 0.2488139712472993, -0.29444085562679745, -0.42581954492703056, -0.6966900852935972, -0.32147854981932134, 0.3671802963948434, 0.6666563585072764, 0.19796195369589922, -0.3492503642541199, 0.29831961413064423, -0.026944820787172974], [-0.007589571125915989, -0.5453661830219179, -0.5090160211129137, -0.22947335807920788, 0.18337313026721389, 0.33785136531454985, 0.5863575659224031, 0.083150212210966, -0.23383101971119946, 0.0372631194667325, 0.41262685352255796, 0.05773241187966556], [-0.7779950664501126, -0.251016508248642, 0.13732430051239272, -0.44690190077207403, 0.14366139753676402, -0.5121515886201387, -0.30793244870705416, -0.17176468376503248, 0.5017568765207658, 0.8025190603537441, 0.4577156226016543, -0.05903698356676213]], "inverted": true, "swapped": true, "error_lsq": 0.04342411683642905, "error_max": 0.22311807787797075, "target": "85.xyz", "model": "11.xyz", "model_rescale": 3.890672605050136, "target_rescale": 3.862257168405055},
{"mapping": [9, 12, 10, 11, 2, 6, 5, 8, 7, 4, 3, 0, 1, 13], "R": [[-0.9236249130220407, -0.331931331322849, -0.19167318886914975], [-0.07086865683809893, -0.3435563735609649, 0.9364542976908178], [-0.3766890674322677, 0.8785161407008296, 0.2937936980350816]], "T": [-0.08526317606510957, 0.004783344218637214, -0.0834037164717638], "aligned_model": [[-0.6405693193663151, 0.10904127654890568, 0.4057590383705938, -0.07804691756416518, 0.44594411170240533, -0.5529229103122991, -0.4763550300816984, -0.36619222289183473, 0.10703369006733694, 0.6127748151968535, 0.3938144241243726, 0.1567835993697564, 0.025141723495285803, 0.018737017681865448], [-0.2433680383583271, -0.6385867694493876, -0.2182259071011994, 0.2707309586073271, 0.28739339716378387, 0.3334152008730036, -0.6675074329751602, -0.14772253285918505, -0.7737934137527588, -0.04015256551428287, -0.21043357329521364, 0.2879919068218739, 0.7472696894797894, -0.12631058513020862], [-0.5690747929818679, -0.40504454609112894, -0.7966389954638969, -0.5650487682572716, -0.46223680513180954, -0.010233916025750828, -0.07673629889922272, 0.5623608489418896, 0.20608603723083502, -0.041204538795181746, 0.6763524861449428, 0.3747456132418219, 0.12110319207666288, -0.06475833230630537]], "inverted": true, "swapped": false, "error_lsq": 0.05428041005678539, "error_max": 0.30997735737235405, "target": "85.xyz", "model": "12.xyz", "model_rescale": 4.124412569039231, "target_rescale": 3.862257168405055},
{"mapping": [11, 5, 6, 12, 7, 10, 3, 9, 0, 2, 8, 1, 13], "R": [[0.04199184320981042, 0.9356075656162435, -0.3505355449387262], [0.7319411232604165, 0.21000353727521642, 0.648198045671365], [0.6800726999256204, -0.28379041120789084, -0.6759912168973304]], "T": [0.022117737372361848, 0.021013687446622187, 0.035210884747366424], "aligned_model": [[-0.20964703409616464, -0.08894805577938847, 0.6075881833825345, -0.707854805749654, 0.4392903314298465, 0.3710181472341964, -0.5103068093911725, 0.22253376800145153, 0.0027093173685867195, -0.12360387582701858, 0.7752740429829355, 0.45424382711111405, 0.13500127084249083], [-0.2532515505402482, 0.5371894995277888, 0.5738009726791014, -0.20497762411273826, -0.16619112670023972, -0.7487338588991379, 0.37741809816928057, -0.3965699222577976, 0.8962585112160761, 0.2909804178204572, -0.018352316163733035, 0.3373419533674393, 0.12257232240222854], [0.44595631403578967, 0.47922752579711886, 0.1802244506967252, 0.0319761246561387, 0.48088269583485793, 0.13537709752386515, 0.08126381780403416, -0.5204345108804849, -0.13465375604185584, -0.5673509861475928, -0.08148466252763262, -0.5366175023068327, -0.04266852747629168]], "inverted": true, "swapped": true, "error_lsq": 0.043935326849282655, "error_max": 0.3290495933808222, "target": "85.xyz", "model": "13.xyz", "model_rescale": 3.9028299243045295, "target_rescale": 3.862257168405055},
{"mapping": [7, 4, 10, 9, 13, 6, 3, 2, 0, 5, 8, 1, 11, 15], "R": [[-0.9759086161576012, 0.02003204839034229, -0.21725811825255975], [-0.0027471254000034483, -0.9968253916060976, -0.07957130105375386], [-0.21816238495990298, -0.07705748300222022, 0.9728655190220126]], "T": [0.060158888585893924, -0.045726439649092565, -0.021237541726969997], "aligned_model": [[-0.41700827609159563, 0.1249708505121628, 0.24751178355533254, -0.37430792422202736, 0.7698650004640694, -0.5856453340636885, -0.40304898437272474, -0.113452159926256, 0.0423741641074314, 0.5301738230906462, 0.5489884088972555, -0.23454808794792836, 0.03374820464174483, -0.008678172303359336], [-0.16419764495354283, -0.637212801697256, -0.11604854514210375, 0.38897772122507707, 0.17828502307365357, 0.11631148727199508, -0.46277344972063567, -0.16644044696838936, -0.8084291348774815, -0.24196745155864896, -0.32547789768277297, 0.41540005444866246, 0.6924043760525143, -0.00813095496101695], [-0.7820949700961269, -0.34574727499394853, -0.7390859214525042, -0.4935894630217533, -0.30192856603450385, 0.011760617256859507, -0.007105908499011951, 0.6840546685144399, 0.30308438400625215, -0.07297978986482641, 0.5072432822939379, 0.3290607742355999, -0.03918365615904491, -0.10381699250165297]], "inverted": true, "swapped": false, "error_lsq": 0.04358742570716748, "error_max": 0.27103480342738634, "target": "85.xyz", "model": "14.xyz", "model_rescale": 3.942246331269136, "target_rescale": 3.862257168405055},
{"mapping": [9, 7, 6, 10, 11, 5, 2, 1, 0, 8, 12, 3, 4, 14], "R": [[0.4759115546471483, -0.012080389505616851, -0.8794101752553967], [-0.8028181141367673, 0.4023586618550989, -0.4399892985562934], [0.3591535434423825, 0.9154024095552551, 0.18178878076826935]], "T": [0.05915653880222427, 0.025018616727126824, -0.07779899809644042], "aligned_model": [[-0.4303546920156983, -0.012685027469708149, 0.24283438545831237, -0.116841367555925, 0.6335884296673289, -0.5317823320158126, -0.3984060493443118, -0.2303225149020251, 0.08851359605049797, 0.6428129289858969, 0.3544349467778496, -0.24886433282813303, 0.1178690860773009, 0.05014623945549062], [-0.11724470291526393, -0.6988590139386666, -0.13800182380405213, 0.5219184753117964, 0.27167350278286156, -0.08500336465302258, -0.5847976675609382, -0.1588204509744955, -0.6772962755580197, -0.461867805922904, 0.044243833278884474, 0.3903823612276415, 0.6067839550546764, -0.05241068781844274], [-0.7009379945649741, -0.5270422209794483, -0.5802690707925402, -0.5585440277527495, -0.42894055729802977, 0.12583295607235875, -0.04026906357441144, 0.6563988706240491, 0.13809319289823704, -0.22315289699362031, 0.6841178681000408, 0.4590253748089673, -0.03577632759933488, -0.01886491926482716]], "inverted": true, "swapped": false, "error_lsq": 0.049382993489829566, "error_max": 0.3207427107821986, "target": "85.xyz", "model": "15.xyz", "model_rescale": 4.355366556412066, "target_rescale": 3.862257168405055},
{"mapping": [1, 2, 0, 7, 6, 8, 5, 10, 3, 9, 11, 13], "R": [[0.37471078710889083, 0.7763091546337841, -0.5068884714175446], [-0.037601372319787885, 0.5589963896738079, 0.8283170728237569], [0.9263789520622239, -0.2913196401951431, 0.23865226672434553]], "T": [0.10116919788003798, 0.1350096770350077, -0.0332461971083403], "aligned_model": [[-0.11498927460538524, 0.43311192193445347, 0.08792313981974614, -0.4302611835181296, -0.5521099224676886, -0.5432424911139818, -0.020274435358834192, -0.17381331539726858, 0.5347385268319753, 0.17181754189501014, 0.18923050495466615, 0.015677541657216965], [-0.5886327877143345, -0.44892237857528855, -0.5354978554351066, 0.4875955493782057, -0.238840119038437, -0.10118486007586738, 0.16755587188271376, 0.611392667936583, 0.06891771249145817, -0.06304629332871606, 0.6661217234546728, -0.012682803234902451], [0.1750836650781631, 0.04443915992031884, -0.6210628142087914, -0.0021506794023931214, -0.35393464571373956, 0.3004567687188807, -0.7115647403178424, 0.6161534600061567, -0.5025758934167914, 0.6589005403690176, -0.12163928556783267, -0.032847074255725334]], "inverted": false, "swapped": true, "error_lsq": 0.044034924971545285, "error_max": 0.2703592864329407, "target": "85.xyz", "model": "16.xyz", "model_rescale": 3.795458400668931, "target_rescale": 3.862257168405055},
{"mapping": [9, 10, 8, 12, 1, 7, 11, 2, 3, 5, 6, 0, 13], "R": [[0.4132017292941752, -0.8095006487646119, -0.4171007438952555], [-0.6425074413104312, -0.5837430781548709, 0.4964153569008506], [-0.6453282256100579, 0.06287064780920149, -0.7613138399339825]], "T": [-0.1570660429132857, 0.013300185123498162, -0.08677220465104629], "aligned_model": [[0.34480560344859507, -0.1354501956707207, 0.37724380160660903, -0.6191399578634142, 0.5964496840311733, -0.2884429419519706, -0.658113534560187, 0.2712828300995732, -0.46057742270060426, -0.5037948324636159, 0.15188591477301217, 0.08677531128934504, -0.014292459133572633], [-0.2873635944099095, 0.12609579210953248, 0.49452770116514705, -0.5953227930212336, 0.07489308735540666, 0.5447014653549783, 0.015053897561082538, -0.3880625527282215, -0.259932936111992, 0.33970558315768007, 0.6885906270883554, 0.13298496735192628, 0.07791002059773337], [-0.5122256149841006, -0.9300313329631559, -0.3423989276839481, -0.08390551979051267, 0.11866537014089923, -0.41548905642128897, -0.3026343675009045, 0.24882104315258213, 0.4090557679579545, 0.41238961234449856, 0.2566078573911538, 0.7626400223484696, -0.01921982315535209]], "inverted": false, "swapped": true, "error_lsq": 0.04856239873708711, "error_max": 0.29921042167560413, "target": "85.xyz", "model": "17.xyz", "model_rescale": 3.7474275329858107, "target_rescale": 3.862257168405055},
{"mapping": [12, 10, 5, 9, 4, 7, 11, 1, 3, 8, 0, 2, 6, 13], "R": [[-0.022455677684702916, 0.9916948560566666, 0.1266374944890672], [-0.8824844703292997, 0.03986284579799504, -0.4686492432006064], [-0.4698051746919532, -0.12227945860050679, 0.8742601625586235]], "T": [-0.03153721830021476, -0.12022192993127614, -0.06307588360798362], "aligned_model": [[-0.44281469303036247, 0.06108414329934561, 0.22927204779111782, -0.12273506471346778, 0.6600034232751109, -0.7705337245984961, -0.5176783945993781, -0.22760532454668003, 0.11908945213778273, 0.6261284622711456, 0.5106853179111426, -0.15309287876502198, 0.19182880680506398, -0.002688276896239683], [-0.07919648694792394, -0.6698152736694369, -0.14120567689325694, 0.4401563977657571, 0.2727263093305876, 0.02305853851943443, -0.6526662295006702, -0.2933106818756096, -0.7194575367847706, -0.40980543116820556, 0.12397540442242813, 0.39534818017715057, 0.6175692437303106, -0.04667642259573994], [-0.6862970924264195, -0.4702709355887364, -0.7374334636459261, -0.4171708546441964, -0.30096040250569195, -0.03525227715992722, -0.019412553815381026, 0.577327113318916, 0.21766861756865835, -0.0847945306346959, 0.5247206576373165, 0.40941158371938574, -0.035315942036387285, 0.00745126389680166]], "inverted": true, "swapped": false, "error_lsq": 0.037699512394042414, "error_max": 0.30927590399885124, "target": "85.xyz", "model": "18.xyz", "model_rescale": 3.922800546911778, "target_rescale": 3.862257168405055},
{"mapping": [10, 4, 6, 2, 1, 9, 11, 7, 13, 8, 12, 3, 0, 14], "R": [[0.9608585348429012, 0.27673063917466684, 0.01307781944874302], [0.16424710850609148, -0.6070394210561872, 0.7775127192729117], [0.2231003437176684, -0.7449317382322689, -0.6287312160274127]], "T": [0.14362592398507854, -0.07668327070241031, -0.07173244745901455], "aligned_model": [[-0.40329076003727926, 0.025788656256176365, 0.3348552373968432, -0.29897538023218684, 0.44982141310517043, -0.6320905284940623, -0.39766979628233534, -0.3615371248954171, 0.13965726437802078, 0.6850338197716542, 0.3575086704468292, -0.05342536612673332, 0.24096534384545348, 0.07430184720892954], [-0.22952146345286506, -0.6863312787390177, -0.25954971860804743, 0.3968381439621655, 0.3691697197219843, 0.17008190455493521, -0.5375726306461481, -0.19336733519821225, -0.6958493931187069, -0.3542086925761707, -0.10696495127980314, 0.3327833684155968, 0.7337876928108862, -0.07859503133654233], [-0.644552903481728, -0.4436340792426743, -0.7087245854289833, -0.376708705792382, -0.5771456025192863, -0.06104977230847075, -0.029029357645301346, 0.5360554614345049, 0.22564157530201343, -0.136907478071686, 0.6845421291028985, 0.3784420788080539, 0.10744481203546677, -0.004702388508708452]], "inverted": true, "swapped": false, "error_lsq": 0.042369328528033816, "error_max": 0.30163832431769166, "target": "85.xyz", "model": "19.xyz", "model_rescale": 3.9282355846067225, "target_rescale": 3.862257168405055},
{"mapping": [3, 0, 1, 5, 2, 6, 4, 9, 11, 10, 12, 7, 2, 13], "R": [[0.34197286856612147, -0.7512093150285537, 0.5645698558894103], [0.8464383884163182, -0.014712526757281361, -0.5322833795748296], [0.40816248208261885, 0.6599000731707398, 0.6308211169970519]], "T": [-0.15089464141774067, -0.09908852749403574, 0.043497229626375034], "aligned_model": [[-0.4530674246154436, 0.07094170559292662, 0.16638759243073387, -0.28694076747361175, 0.4237245998140057, -0.7060967019220229, -0.4865862422869848, -0.02824591294794615, 0.08992180429011457, 0.6997240702412301, 0.3355623190225143, -0.04585258624079913, 0.4237245998140057, -0.042253759377659475], [-0.2075070409357906, -0.6544454510548667, -0.05558963862875786, 0.4056954124797981, 0.40362800705263124, 0.23791547593868323, -0.6105625489454607, -0.3999480696823171, -0.7714061316061815, -0.23531092727439085, 0.03090862730195232, 0.44132828950434244, 0.40362800705263124, -0.127633676692219], [-0.6371584132498086, -0.48807055607442407, -0.6339543384271801, -0.41950900983295963, -0.2660266367547483, -0.027376092146936648, -0.11484834001787941, 0.6541244895131124, 0.10145971752582583, 0.054705002160609584, 0.7285189158902052, 0.3350681591258166, -0.2660266367547483, -0.07123507727316826]], "inverted": false, "swapped": false, "error_lsq": 0.04835123481042034, "error_max": 0.42530434223422564, "target": "85.xyz", "model": "20.xyz", "model_rescale": 4.067790424073018, "target_rescale": 3.862257168405055},
{"mapping": [10, 13, 11, 12, 3, 9, 1, 8, 5, 6, 4, 0, 3, 14], "R": [[0.6400354889072318, 0.7634481118511214, -0.08661150876320502], [-0.6327633794400864, 0.5876794326844025, 0.5042255348941587], [0.4358498348959675, -0.267917645762083, 0.8592177003009546]], "T": [0.02926290343130558, -0.10409410066085169, 0.022274611466253605], "aligned_model": [[-0.42864107630476367, -0.0032981342742461894, 0.2139546436007578, -0.2469663985383135, 0.45875656147805166, -0.6925939192728298, -0.6489659636636946, -0.16366011322487273, 0.07471744184308614, 0.756764571582713, 0.4919398062761178, -0.09269637658188774, 0.45875656147805166, -0.01712430805710699], [-0.34647398089145875, -0.6454480741005479, -0.015735482022517303, 0.42218085794517235, 0.5770945581862978, 0.0047265978172256334, -0.5628436259794226, -0.27829466710498524, -0.6565741708229287, -0.20479982016432605, -0.35978033262711706, 0.4602393631682725, 0.5770945581862978, -0.11068544707990732], [-0.612440096536432, -0.4204433115296288, -0.5910067021286193, -0.46119814637568746, -0.2520650054440036, -0.24442874915585083, 0.07574963496168982, 0.5298204409436285, 0.2251681250869812, -0.06803919474065324, 0.6247919382653292, 0.4359311176912191, -0.2520650054440036, -0.04010386191025134]], "inverted": true, "swapped": false, "error_lsq": 0.05114142889003514, "error_max": 0.41066794676598667, "target": "85.xyz", "model": "21.xyz", "model_rescale": 4.186013935880536, "target_rescale": 3.862257168405055},
{"mapping": [1, 9, 8, 0, 3, 6, 2, 4, 7, 11, 12, 5, 13], "R": [[-0.8066265853225066, -0.5796153776919316, 0.11575649352840726], [-0.0016264064696037694, 0.19802097930069879, 0.9801964326392887], [-0.5910591397254156, 0.7904642342951587, -0.16067167655570153]], "T": [-0.04456053077453295, 0.10937593724810923, 0.032865804731280035], "aligned_model": [[0.15910833214165573, -0.4438838373931666, 0.3409107667701934, 0.42254756942848093, -0.12457498256554575, 0.7357426107466374, -0.24101947270139684, -0.7520205172617482, 0.2995059447774643, -0.17233316537438553, -0.6402371677189321, 0.42107211575618075, 0.05375583881778813], [-0.4476025638104645, 0.023292062009437065, 0.1712618251111669, -0.6074369118686859, -0.18264451710389695, -0.06704332499772209, -0.5299252033783319, -0.22677240763186013, 0.622799682858745, 0.553701031202191, 0.14414036064120994, 0.06262561069802818, 0.0025610158162768237], [-0.47906991108795544, -0.5641391578313255, -0.6228734493382131, 0.28440814025059263, 0.5993837800565769, -0.13854484667703335, -0.06661066509606416, -0.09785794140366794, -0.12749721068932296, 0.32251646064852946, 0.5102579175169295, 0.5397430111308654, -0.05683656614456631]], "inverted": false, "swapped": true, "error_lsq": 0.04621046787405722, "error_max": 0.2828791715682292, "target": "85.xyz", "model": "22.xyz", "model_rescale": 4.166573947596378, "target_rescale": 3.862257168405055},
{"mapping": [8, 0, 7, 9, 13, 3, 4, 2, 1, 5, 6, 12, 14, 15], "R": [[-0.3301113865446682, 0.9289241396244925, 0.1677093178581723], [0.6773539011054901, 0.10937034449044808, 0.727481835101891], [0.6574330118960646, 0.35374859797451846, -0.6653147858723207]], "T": [-0.07579366981437605, 0.03583646860936131, -0.06105738503371559], "aligned_model": [[-0.5164804713219091, 0.0616753352581155, 0.32295804669578554, -0.43572521657788976, 0.7019208140328903, -0.6589033352492405, -0.4884623283936279, -0.28033452823057664, 0.16813477365862423, 0.6822543124487712, 0.3077739657349601, 0.06577522261482863, 0.26596814370646926, -0.035611438036138456], [-0.19856613648077615, -0.7075942362483179, -0.22239895424057127, 0.4502237451865748, 0.2624041643287562, -0.03606588211326345, -0.5669260954682013, -0.32046660618360623, -0.5809961868132685, -0.2990910397270437, -0.13176463786136977, 0.48823763513344015, 0.7408138301242381, -0.017109265126536127], [-0.6973982543209266, -0.36955182997107283, -0.595567611891848, -0.30433013923656227, -0.30731010028032596, 0.06637817536080519, -0.1400218260032875, 0.47187825397021943, 0.19993198359314668, -0.12624021979628242, 0.5744686726820497, 0.39135038286294416, -0.17143648536847833, -0.04247981791666477]], "inverted": false, "swapped": false, "error_lsq": 0.0400508452001347, "error_max": 0.21124660579958532, "target": "85.xyz", "model": "23.xyz", "model_rescale": 4.274766983524099, "target_rescale": 3.862257168405055},
{"mapping": [3, 2, 4, 11, 9, 10, 7, 8, 6, 1, 13], "R": [[-0.7993649558490626, -0.33511169105964733, -0.4987141685129566], [0.5865972644682644, -0.25557274078642755, -0.7684960790305064], [0.13007427370074076, -0.9068532012856638, 0.40087149392188987]], "T": [-0.034043742004324966, -0.03233498681273386, -0.1192613357824644], "aligned_model": [[0.22818196378717853, 0.13795057338847172, -0.43819771560885246, -0.2966475840699296, -0.47011440163440316, -0.7161495341069763, -0.09574759723272955, 0.044183815891849505, 0.6240055696644853, 0.2863027994021668, 0.07612681447681419], [-0.005097124817629778, 0.6058353155887102, 0.5866830860254709, -0.460225652470198, 0.45614626843127604, -0.24500917149953486, -0.5198029605968731, 0.03713489351914917, -0.14048904233983475, 0.5493321731582347, 0.05107874624471334], [-0.7050229363659488, -0.2619296676715518, -0.40919276072452554, -0.332795731416468, 0.18816817677992692, 0.34309937928411594, 0.2885003441914565, 0.6366925904506782, 0.35471351994370104, 0.2964616993197399, -0.01912817976954645]], "inverted": false, "swapped": true, "error_lsq": 0.04962991867277123, "error_max": 0.28839535594779314, "target": "85.xyz", "model": "24.xyz", "model_rescale": 3.7841303162186577, "target_rescale": 3.862257168405055},
{"mapping": [14, 11, 13, 12, 3, 9, 10, 0, 7, 6, 1, 8, 5, 15], "R": [[0.6986868949849501, -0.6759117785544537, 0.2344779102338731], [-0.7093303301120859, -0.6117720035665335, 0.35012211931734405], [-0.09320464344317037, -0.41094802988157064, -0.906881806619301]], "T": [-0.014473234177942674, -0.06915558521984491, 0.016911701684626093], "aligned_model": [[-0.5824796531511761, 0.27556605689413094, 0.05544041952951635, -0.18851089401069468, 0.6084822970036413, -0.531290481634851, -0.55504152323899, -0.0473332029864071, 0.09723535838941089, 0.6882112846226003, 0.2158689163334997, -0.1974861487998854, 0.2691778542260169, 0.05310301316425081], [-0.055562333050949764, -0.6041383002285177, -0.09894087057049525, 0.4350165259769361, 0.15600797814322467, 0.18426012587157256, -0.6226964277220784, -0.4453587028488143, -0.6894422940578613, -0.23720243056177737, 0.04817265086419528, 0.16353756683763196, 0.7060385036853337, -0.07899165782834568], [-0.5366972702542667, -0.45116764355402483, -0.7616927646992333, -0.5222480906584747, -0.4415963827992426, -0.08711290419888347, -0.06453500371668418, 0.6483555915812215, 0.17682151778664695, 0.021513554757328635, 0.7142014352375985, 0.5285931980336737, -0.27966026262994326, 0.004896208797999863]], "inverted": false, "swapped": false, "error_lsq": 0.05079579632027743, "error_max": 0.32371521671313647, "target": "85.xyz", "model": "25.xyz", "model_rescale": 4.19342608120988, "target_rescale": 3.862257168405055},
{"mapping": [1, 2, 0, 7, 6, 8, 5, 10, 3, 9, 11, 13], "R": [[0.37471078710889083, 0.7763091546337841, -0.5068884714175446], [-0.037601372319787885, 0.5589963896738079, 0.8283170728237569], [0.9263789520622239, -0.2913196401951431, 0.23865226672434553]], "T": [0.10116919788003798, 0.1350096770350077, -0.0332461971083403], "aligned_model": [[-0.11498927460538524, 0.43311192193445347, 0.08792313981974614, -0.4302611835181296, -0.5521099224676886, -0.5432424911139818, -0.020274435358834192, -0.17381331539726858, 0.5347385268319753, 0.17181754189501014, 0.18923050495466615, 0.015677541657216965], [-0.5886327877143345, -0.44892237857528855, -0.5354978554351066, 0.4875955493782057, -0.238840119038437, -0.10118486007586738, 0.16755587188271376, 0.611392667936583, 0.06891771249145817, -0.06304629332871606, 0.6661217234546728, -0.012682803234902451], [0.1750836650781631, 0.04443915992031884, -0.6210628142087914, -0.0021506794023931214, -0.35393464571373956, 0.3004567687188807, -0.7115647403178424, 0.6161534600061567, -0.5025758934167914, 0.6589005403690176, -0.12163928556783267, -0.032847074255725334]], "inverted": false, "swapped": true, "error_lsq": 0.044034924971545285, "error_max": 0.2703592864329407, "target": "85.xyz", "model": "26.xyz", "model_rescale": 3.795458400668931, "target_rescale": 3.862257168405055},
{"mapping": [4, 11, 12, 2, 0, 8, 10, 1, 7, 3, 6, 5, 13], "R": [[-0.0695968414006554, 0.9943597258512271, 0.0800313393123257], [-0.9638535291103854, -0.04634465434437658, -0.2623710110419133], [-0.2571821418537989, -0.0953986824792295, 0.9616425725251143]], "T": [-0.02907706549679881, -0.1293109889401146, 0.004036122023909988], "aligned_model": [[0.13335215055230623, 0.3944605261444979, 0.673588528944866, -0.18580392200974022, -0.2603721678411445, -0.742941003783642, -0.14297826492005336, -0.703428176756241, -0.1940267995993544, 0.3926706382467432, -0.6159416524456722, 0.13287442945701902, -0.18177790316832806], [-0.6630447651112937, -0.17924073814182884, -0.32494275356199187, -0.1693058138628449, 0.566704702083815, -0.22454961591055356, -0.7670204866211272, -0.11867360770061322, -0.09120719744575223, 0.21195385469310635, 0.4227279963281203, 0.5350132012257741, -0.07653327271789612], [-0.5610559465784682, 0.34428759719268587, -0.22384921173862768, -0.6524962372285296, -0.5032595688435731, 0.256503615419422, 0.5559683321968945, -0.3946136721035962, 0.6196997194240381, -0.3398941841561137, 0.14623765332628103, 0.09551803585305703, -0.050909470664044124]], "inverted": false, "swapped": true, "error_lsq": 0.05291717754025841, "error_max": 0.3107797667966725, "target": "85.xyz", "model": "27.xyz", "model_rescale": 3.6321398670334006, "target_rescale": 3.862257168405055},
