[{"mapping": [1, 11, 10, 12, 7, 0, 9, 5, 8, 6, 3, 2, 13], "R": [[-0.6000332032876179, 0.6234116274651099, -0.5013163648772134], [0.6251770815769809, 0.7564096629082393, 0.19234874195048118], [0.49911298482737276, -0.1979958701598265, -0.8436135749123315]], "T": [-0.019099848757284755, 0.20544744778241325, -0.061426011382018454], "aligned_model": [[0.21440661549576726, -0.32048212188278824, 0.2898163833053954, 0.4389606318424715, -0.03232481156796822, 0.6532335619282839, 0.5180366961370872, -0.6028167586329397, -0.5729654380802092, -0.6374221563598268, -0.19112220523266438, 0.13862734141133334, -0.02520304715638452], [0.3920289828546951, -0.4214381563321921, -0.7481765513133023, -0.07508006670229395, -0.17655329434269101, 0.582763553552634, -0.03208520175338381, 0.14698806212571341, -0.1511631193607882, 0.5400620807011824, 0.6985296929287628, 0.7914790083243166, 0.0894399201562771], [-0.5550920678868998, -0.11839096238569624, 0.04153492566945007, -0.2773072697240954, 0.5907204567139106, -0.029601873012962417, 0.3765303155589985, -0.5391898963664898, 0.3588607288186139, 0.2390017761899004, -0.08330097862371122, 0.41074703839956056, 0.05278811540959915]], "inverted": true, "swapped": false, "error_lsq": 0.0429156041890446, "error_max": 0.2581056320082449, "target": "850.xyz", "model": "0.xyz", "model_rescale": 3.8414455957264533, "target_rescale": 3.932068127399823},
{"mapping": [9, 7, 0, 13, 1, 8, 12, 2, 3, 5, 6, 10, 14], "R": [[0.13657049140164318, 0.9767433087778425, 0.16529068224200155], [0.9728503721334589, -0.10076863302368161, -0.2083454728049767], [-0.1868439303753387, 0.18925694533160783, -0.9639871131533061]], "T": [-0.013289949720698083, 0.07364785161967889, 0.007570614712737154], "aligned_model": [[0.19104189213736178, -0.13195433967126793, 0.047163423686778325, 0.6732437189852867, -0.09580666825550643, 0.5901766423858882, 0.5646771961944481, -0.6476917838095919, -0.5340117224129635, -0.5008474175583577, -0.27802240634451203, 0.010534311179498584, -0.0177581553095048], [0.16813499767954626, -0.2830092587110764, -0.6471208219020258, -0.15626434506321762, -0.36720833616500437, 0.571144318750992, 0.29857222477294487, 0.2267870222896996, -0.05992021326897286, 0.45250244376916016, 0.7670891722184557, 0.602098701982803, 0.06398900448562589], [-0.6365026401471396, -0.5136486005348363, -0.0409605960756356, -0.21750471531895743, 0.7473913389581083, -0.10480258006117883, 0.45215193288904515, -0.33693981318397637, 0.5771189353372315, 0.2379609325333291, -0.23549940622729457, 0.44179797883600447, 0.09673754175547884]], "inverted": false, "swapped": false, "error_lsq": 0.04078748398804825, "error_max": 0.2380855573175923, "target": "850.xyz", "model": "1.xyz", "model_rescale": 4.316132596720782, "target_rescale": 3.932068127399823},
{"mapping": [0, 10, 7, 4, 1, 3, 8, 6, 9, 5, 11, 12], "R": [[-0.27718547260105075, 0.953887994765916, 0.11517772015625494], [0.1377813593763198, -0.07917405757804113, 0.9872931507992158], [0.9508861713093455, 0.2895326614530552, -0.10948208604408755]], "T": [-0.23049323251818374, -0.012540341390444052, -0.07868490705501519], "aligned_model": [[-0.09868152343940792, 0.4837749725635716, 0.07056330912990896, -0.40547978921178596, -0.5666012198948847, -0.48302040522524314, -0.16138271271636512, -0.15696906659099083, 0.515252229393819, 0.16420647796979151, 0.37816185601094565, -0.14201557335757858], [-0.6062086618147077, -0.2683116283993094, -0.5046297476356614, 0.6126135872599229, -0.3773324740187257, -0.16771229743891178, 0.3870760321227159, 0.47834578647872866, 0.05626114302402627, -0.05110751254030568, 0.44848556834454484, 0.005296632358663171], [0.24876162547397984, -0.018752273681896657, -0.5561577737185069, -0.16761986406019036, -0.39095701789017817, 0.434426622169485, -0.7994883830492748, 0.48536478799802496, -0.49801346386665934, 0.7250050493138621, 0.09216954089261409, -0.10548038837183883]], "inverted": false, "swapped": true, "error_lsq": 0.04310131701337375, "error_max": 0.27360339996405664, "target": "850.xyz", "model": "2.xyz", "model_rescale": 3.795458400668931, "target_rescale": 3.932068127399823},
{"mapping": [7, 1, 8, 6, 10, 11, 4, 0, 3, 5, 9, 12], "R": [[0.7348087800781176, 0.39064341490156607, -0.5544851477849982], [-0.1768607637285251, 0.8995644340322602, 0.39937964304353607], [0.6548101457472014, -0.19540100157947599, 0.7300973370779176]], "T": [0.006623406808553674, -0.18624901704321342, 0.08611525208473701], "aligned_model": [[-0.14356032450158415, -0.12711246893424644, -0.8057034731626075, 0.27228582518759104, 0.25601194824566675, -0.00030612917627969444, -0.38764060169335796, 0.5894361429870779, 0.5018275021944453, 0.7677461257550989, -0.3137116912630868, -0.015969029895152444], [-0.06948746368866812, -0.6307264870774815, -0.03600594879162275, 0.05784897587351265, 0.4210320838101751, 0.5398749338227842, -0.1706054514537965, -0.22205693590584846, -0.4483728691398162, 0.21744359572858482, 0.5247178522934582, -0.09789324018157158], [-0.6381629747837299, -0.27180966264263584, 0.04637583272359856, 0.7451802726359218, -0.29885872176036077, 0.37747952259959383, 0.6092388766359875, -0.28278140076769115, 0.27897722448342555, 0.3329295855722778, -0.2725181434973829, 0.06272101944009602]], "inverted": false, "swapped": true, "error_lsq": 0.04717159179755848, "error_max": 0.2941967965266669, "target": "850.xyz", "model": "3.xyz", "model_rescale": 3.7530521520055578, "target_rescale": 3.932068127399823},
{"mapping": [8, 11, 10, 5, 7, 6, 1, 4, 2, 3, 12], "R": [[0.25850933640004586, 0.5030047165540791, -0.8247176353870207], [0.9603082724308657, -0.0412014524599959, 0.27588124658271573], [0.10479000379260636, -0.8633010456610936, -0.49369055051277644]], "T": [-0.036925357927084346, -0.09131804483758083, 0.10666301111661333], "aligned_model": [[-0.6895870318910964, -0.14133211421364805, 0.4249659804751102, 0.5054167481390319, 0.23008526893032205, -0.14393760131077807, 0.005945122411749604, -0.6462230738375367, -0.42858781224539694, 0.25817834607627704, -0.03672423008882969], [-0.575038126798864, 0.07897886698157455, -0.33896020108145275, 0.48493782547261494, -0.7903521217409828, 0.5801081194358413, -0.42013142929709224, 0.13414593151643237, 0.08368804162803412, 0.36142424048182104, -0.13159778828358054], [-0.04849749474218193, -0.6498390309754369, -0.44517002029038333, -0.31403527273870535, 0.07795677693732292, -0.21312181918991532, 0.5899844678378662, 0.0214019715913637, 0.7028816849376408, 0.3497061704313642, 0.021563343446381375]], "inverted": false, "swapped": true, "error_lsq": 0.047092413182897294, "error_max": 0.26051458667948063, "target": "850.xyz", "model": "4.xyz", "model_rescale": 3.7855080009869324, "target_rescale": 3.932068127399823},
{"mapping": [10, 9, 2, 5, 1, 7, 4, 15, 12, 13, 8, 6, 16], "R": [[0.712252866118776, -0.2518119136370424, 0.6551996755616106], [0.24203524633928647, -0.7880805574618229, -0.565992910273745], [0.6588738834064302, 0.561711487421357, -0.5003652772363573]], "T": [-0.039037349585509105, 0.07421825019552626, 0.07432801612819072], "aligned_model": [[0.16163943244789583, -0.19710302436729252, -0.10874524497275073, 0.7120279885491559, 0.14672389453784043, 0.5216917974789433, 0.5574709748503018, -0.594404962807784, -0.4997061201929619, -0.5961927950564601, -0.24618524100449013, 0.08695973870982107, -0.07343174696466168], [0.2516627987559957, -0.33224215987325184, -0.6611181443080849, -0.0597257097276198, -0.2799784124711626, 0.5529072016803096, 0.21400151041201487, 0.2623358487371078, -0.11848012007810622, 0.488282813365468, 0.6684167576712039, 0.6136939092479506, 0.03703861742710556], [-0.6033197798640733, -0.48845009001271333, 0.059944559735430544, -0.19597388558926188, 0.7170887984779659, -0.059123035702354956, 0.4886216836001649, -0.504892744884912, 0.5366232517634467, 0.281682750784407, -0.24083505080378237, 0.41953493248128715, 0.056398918774573675]], "inverted": true, "swapped": false, "error_lsq": 0.03829814048912684, "error_max": 0.24554455028851294, "target": "850.xyz", "model": "5.xyz", "model_rescale": 4.2253639853439635, "target_rescale": 3.932068127399823},
{"mapping": [8, 11, 12, 9, 7, 1, 0, 5, 6, 2, 10, 4, 13], "R": [[-0.5163544869782145, -0.39073393762947084, 0.7620400473479293], [0.7332504537005121, 0.2579725930231912, 0.6291215410370914], [-0.4424045839788041, 0.8836159410249795, 0.1533005311180675]], "T": [0.0033475836965058906, 0.1580245640523213, 0.04315845145022105], "aligned_model": [[0.14861868723752858, -0.358029967084768, 0.10880387066671465, 0.5405235773958391, 0.02741867380074941, 0.49803516315603236, 0.6358792553988951, -0.523710737622434, -0.4943949221694217, -0.5309933518695691, -0.2255942927751736, 0.06303031966196826, -0.018841584588803487], [0.22171073171167227, -0.4317330567920478, -0.7679485585415509, -0.01608837833494081, -0.3737510081674333, 0.6936777021482439, 0.02379254664850039, 0.23295159608399962, -0.154963610575444, 0.5276180173805415, 0.7989416473732158, 0.7218689416346871, 0.16071834026948645], [-0.6784406437013248, -0.31341693084713534, 0.09604051117980006, -0.18862390890484812, 0.6313986570112299, -0.0408992450131715, 0.5174453889929718, -0.2993860452944646, 0.30394335998711447, 0.21064593119878383, -0.33805459120992115, 0.46674882091458636, 0.09989900444655718]], "inverted": true, "swapped": false, "error_lsq": 0.040096323913732794, "error_max": 0.23649760467927344, "target": "850.xyz", "model": "6.xyz", "model_rescale": 3.89814844738969, "target_rescale": 3.932068127399823},
{"mapping": [11, 4, 2, 10, 1, 9, 5, 7, 0, 3, 8, 6, 12], "R": [[0.2876071251104997, -0.9468149506201261, -0.14430381446060814], [0.8528375004218539, 0.3217430484984485, -0.4112780186408328], [0.43583292608507396, -0.004781215863491617, 0.9000148890518362]], "T": [-0.09455724231256711, 0.10649089566947952, -0.020486186530610358], "aligned_model": [[0.08773943345568726, -0.1773807772464616, 0.1337429859246238, 0.5449602365413249, 0.04967785644601837, 0.6838189124629994, 0.49401834017244284, -0.6869825051565707, -0.4676049176833297, -0.6759448055774191, -0.09623676928330667, -0.03408119350427456, 0.015017894655823372], [0.36739547216202356, -0.38450843963869336, -0.5524147123437531, -0.1986034717330049, -0.23715643412748127, 0.5447501656432441, 0.13443438088387927, 0.1394671797187857, -0.07075481298869558, 0.5841589511177341, 0.7569889098761639, 0.5594266316603038, -0.006388909391575617], [-0.7648228665297221, -0.4298218717234117, 0.10308666662300506, -0.21241972781968782, 0.7383941472792469, -0.018194245545328232, 0.4848597834358393, -0.30194586780035965, 0.40428407859047866, 0.2731184230298533, -0.20632559305422307, 0.4780794737497238, -0.0809920914752363]], "inverted": true, "swapped": false, "error_lsq": 0.039445358207408694, "error_max": 0.2231122912714798, "target": "850.xyz", "model": "7.xyz", "model_rescale": 3.7474275329858107, "target_rescale": 3.932068127399823},
{"mapping": [10, 12, 1, 0, 2, 6, 3, 11, 4, 9, 7, 5, 14], "R": [[0.6541018264693211, 0.21644721706764253, 0.7247767951812276], [0.5655498336153342, 0.4963462066438567, -0.6586302671817642], [-0.5022989013597046, 0.8407086566545673, 0.20224927272775844]], "T": [-0.09466137554291397, 0.04167674775396524, 0.027348981868087534], "aligned_model": [[0.1282823736077076, -0.3335871477176205, 0.26960298433394086, 0.5370541154484942, 0.05095769690285086, 0.5417601854688592, 0.43996218050386215, -0.5179292945720237, -0.5630958005363205, -0.5520769114957955, -0.08148605083168702, 0.06641308752406942, -0.11511272742877968], [0.27392812833722546, -0.28814305699778286, -0.6148047977538529, -0.0700552204919676, -0.45822746123351676, 0.5414782038494284, 0.2196040352581323, 0.3003685669207683, -0.24406139879189248, 0.6404645983389098, 0.6763738473465422, 0.6676245266253296, -0.0077550605683928756], [-0.6593960513284378, -0.4360903243885081, 0.06119091711157661, -0.12319916106411727, 0.6887719656133467, -0.08267010539379277, 0.47080593656146175, -0.34735459031505056, 0.5851560694307686, 0.13944080828375013, -0.21935658051659326, 0.33600066175267235, 0.05400076301310186]], "inverted": true, "swapped": false, "error_lsq": 0.04057496181686148, "error_max": 0.23109571394388903, "target": "850.xyz", "model": "8.xyz", "model_rescale": 4.019505241142653, "target_rescale": 3.932068127399823},
{"mapping": [8, 5, 3, 4, 2, 7, 0, 11, 6, 10, 9, 1, 12], "R": [[-0.24511387183617683, -0.9572961851358579, -0.15330754631723745], [-0.7628453897079606, 0.09285072561587077, 0.6398794059460864], [-0.5983193973412432, 0.2737932736152221, -0.7530279822744119]], "T": [-0.07080205268046144, 0.14265955807673852, 0.08062206911404089], "aligned_model": [[0.1084950568305911, -0.19432101701668364, 0.29296454368927094, 0.5948622443276462, -0.02431152469100268, 0.7137580609856564, 0.5477915445282923, -0.4405465458742843, -0.7228020811882861, -0.7477398374511507, -0.16963055404867522, -0.00643184392431656, -0.08134335495950054], [0.3787348679266153, -0.4340225945923298, -0.629289232778649, -0.2041869298761429, -0.2236202767852351, 0.48128854136082144, 0.11899836975561176, 0.18147223468659474, -0.12648713128120914, 0.6099684481530077, 0.7523861672762315, 0.6120880989931463, 0.1194643480004677], [-0.5262205183716828, -0.23985488697521384, 0.18176422355150812, -0.27177433939003925, 0.5428448245008834, -0.21834252711750735, 0.2791873926996464, -0.4184091021370256, 0.2553156877735376, 0.4825640985451843, -0.21230531229958632, 0.5620767641460236, 0.050454003834450104]], "inverted": false, "swapped": false, "error_lsq": 0.048490211792109175, "error_max": 0.32199368651467514, "target": "850.xyz", "model": "9.xyz", "model_rescale": 3.877068213659057, "target_rescale": 3.932068127399823},
{"mapping": [12, 3, 13, 10, 2, 11, 9, 5, 4, 1, 0, 8, 15], "R": [[0.03414586203340675, 0.9219835796967089, 0.3857205450525525], [-0.08891529879303262, 0.3872176527357173, -0.9176908842580856], [-0.9954537305904987, -0.0029611111907674736, 0.09520032601821604]], "T": [0.03334249841102564, 0.006755928227942173, 0.05140532498533075], "aligned_model": [[0.05010595303743781, -0.38983016063624887, 0.13582995930937997, 0.7164652200661782, 0.06702217289108414, 0.46742699274664634, 0.5140651205977075, -0.5825458238143687, -0.5480669493484873, -0.6446287006379327, -0.08648934048719671, 0.1499404130210531, 0.02144983446230449], [0.2714346216362296, -0.30973986595872743, -0.7534526196090988, 0.003933149611478184, -0.2531198524605429, 0.5662908621590819, 0.09776754033589709, 0.2701970953859614, -0.23214823515099792, 0.5376208595432987, 0.7399612055261637, 0.6099496681918284, 0.08810048162835872], [-0.6470639954276706, -0.30004403925542783, 0.14741459598442191, -0.13976517101030522, 0.6610655714242571, -0.15631223746851564, 0.49442671372308106, -0.3514293411437637, 0.3023605690452182, 0.15838237001413075, -0.23463031503545145, 0.5181870450484349, 0.014708542861768585]], "inverted": false, "swapped": false, "error_lsq": 0.03887013744281906, "error_max": 0.2217412472813442, "target": "850.xyz", "model": "10.xyz", "model_rescale": 4.260839863003843, "target_rescale": 3.932068127399823},
{"mapping": [5, 10, 7, 0, 1, 3, 6, 11, 9, 8, 4, 12], "R": [[-0.18015604998732188, -0.6901410860678224, -0.7008916314053782], [-0.5687458841533845, 0.654449075692054, -0.4982213630349481], [0.8025409129206752, 0.308871637815684, -0.5104178625807548]], "T": [-0.1578255083533711, 0.13894550119870988, -0.01357841826613354], "aligned_model": [[0.32522649364404094, 0.18266274459519294, -0.416773984374237, -0.36370286231084425, -0.7229233792136058, -0.28353807378221296, 0.3839401251581564, 0.61717734006286, 0.278184865488267, -0.05778658786789642, 0.10936414442515302, -0.09293217673074337], [0.06750087174499725, -0.5198873069432999, -0.5269991917741033, -0.22867888658357385, 0.06286516494889194, 0.37766495682118134, 0.5584391956188709, 0.03544966526486218, -0.4830232342159989, 0.12353983304458696, 0.6282237101578313, 0.0779837274486879], [-0.7650764305100224, -0.18444977663747905, 0.2105436825529278, -0.56084842258399, 0.12218582296364972, -0.5411588602112871, -0.32186739096331696, 0.01568496352661447, 0.38611674413493935, 0.8072638569057291, 0.3307523526414775, 0.01703153557626216]], "inverted": true, "swapped": true, "error_lsq": 0.049142898762550125, "error_max": 0.2315925141741025, "target": "850.xyz", "model": "11.xyz", "model_rescale": 3.890672605050136, "target_rescale": 3.932068127399823},
{"mapping": [2, 0, 3, 4, 7, 10, 12, 1, 8, 6, 11, 9, 13], "R": [[0.37912467574357556, 0.45285795370217224, 0.8069598218071392], [-0.7233248374629482, 0.6889211841809286, -0.04678441509676662], [-0.5771184105116802, -0.565956955744364, 0.5887504263209018]], "T": [-0.1172781637998609, 0.202887389298791, 0.08437700226300907], "aligned_model": [[0.2551742561091237, -0.34650295694317523, -0.05392116297576735, 0.3450398988297365, 0.31255003722875424, 0.6832460057756006, 0.5371045718095132, -0.5712013544210458, -0.5316979862892788, -0.6480592931929702, -0.027977061239366788, -0.09984026749988191, 0.016830004016315], [0.3567853820298495, -0.236538081167579, -0.717646208004051, -0.15685332661678972, -0.31191470674019817, 0.547805772100822, 0.24616653246797815, 0.14690346680248378, -0.26402048537239553, 0.4246919763948258, 0.6767341494520165, 0.8145838538599357, 0.11009658563203267], [-0.5014205194149, -0.23664603407711057, 0.04354879283251787, -0.30020805998473676, 0.6108660237922038, -0.11495404793567701, 0.43799020598708616, -0.545001920031382, 0.44416067773482304, 0.11802907151424921, -0.18068284922156355, 0.5653590924050731, 0.12625987515959478]], "inverted": false, "swapped": false, "error_lsq": 0.05061293763786963, "error_max": 0.27747968832063175, "target": "850.xyz", "model": "12.xyz", "model_rescale": 4.124412569039231, "target_rescale": 3.932068127399823},
{"mapping": [1, 6, 3, 0, 7, 4, 5, 8, 9, 11, 2, 10, 12], "R": [[-0.07292032348292252, 0.7113797480410908, -0.6990146497035238], [-0.9361648400654996, -0.2905095239535338, -0.1979889105920547], [-0.34391571445382285, 0.6399555223367366, 0.6871527565122848]], "T": [0.05872141638217093, -0.0019319831898394757, 0.06355421889371318], "aligned_model": [[0.05779842374100408, -0.31478593230684776, 0.13413502411570655, 0.5818646273077315, 0.04256042043123531, 0.5631813210086927, 0.6587662099283131, -0.5567679668520185, -0.464602190967951, -0.6651385125679765, -0.12663780875002636, -0.08145327267825678, 0.04182434879795098], [0.16301243491554218, -0.33011579798101753, -0.7043387118448938, -0.17402053790972602, -0.0721644661096726, 0.585173200664321, 0.08917315507200943, 0.22233870513329865, -0.28903956925903085, 0.6647918987154279, 0.7810331856356154, 0.586261480580077, 0.1146899332269795], [-0.7337266512701169, -0.38410687944797783, -0.03488840944708199, -0.11940507600802305, 0.6863574743996822, -0.07466286928752328, 0.5167561370192539, -0.2293136666511266, 0.29233994399903807, 0.21207670841618656, -0.24467137334910974, 0.48662534532834856, 0.09391962505862814]], "inverted": true, "swapped": false, "error_lsq": 0.04407987862157187, "error_max": 0.2882275839944781, "target": "850.xyz", "model": "13.xyz", "model_rescale": 3.9028299243045295, "target_rescale": 3.932068127399823},
{"mapping": [6, 1, 2, 3, 5, 7, 4, 11, 12, 14, 9, 10, 15], "R": [[0.4616503257290237, 0.8869529274159332, 0.013909755662584289], [0.34023607568159303, -0.1625645875520699, -0.9261814982382314], [-0.8192181574886361, 0.4323045910262021, -0.3768213781337154]], "T": [0.025350580202062444, -0.031109545066726335, 0.12649643241272762], "aligned_model": [[0.1580003497481128, -0.3094968569879635, 0.09832854352768843, 0.5947281201136859, 0.002543501778571173, 0.45665334004424296, 0.5719371192377652, -0.6147109480157781, -0.5954878811851786, -0.5470842905052211, -0.09722238395080675, 0.11769284869210936, 0.034863228710329874], [0.061756256427637185, -0.22056856720971607, -0.7151976259383033, -0.08053735954407679, -0.09039173300411046, 0.7375638841857554, 0.13373480916148225, 0.16303055732932106, -0.25809918194182224, 0.6367137623295454, 0.5839719883944768, 0.6183671052515622, 0.06645101539717907], [-0.5201783264896331, -0.3971267417103242, -0.1358916085382098, -0.12261308855813266, 0.6344996735660633, -0.08266150874877548, 0.49178093537824585, -0.18733082751703195, 0.34392595794806363, 0.22335200364945704, -0.329020891206755, 0.48005772581236134, 0.06850700517484927]], "inverted": true, "swapped": false, "error_lsq": 0.046897109318335954, "error_max": 0.22999529657461143, "target": "850.xyz", "model": "14.xyz", "model_rescale": 3.942246331269136, "target_rescale": 3.932068127399823},
{"mapping": [10, 6, 7, 5, 0, 3, 1, 11, 8, 13, 4, 12, 14], "R": [[0.26639686160136633, -0.3263703190546155, -0.9069261970905521], [0.3474640908125262, -0.8451450234303073, 0.40620019075181346], [-0.8990558479453693, -0.42333474250429004, -0.11174201566134107]], "T": [0.026502681637636954, 0.0928721526794231, -0.05868082008810759], "aligned_model": [[-0.01377114118572598, -0.3201084006328245, -0.03312576718637779, 0.6559134827004378, 0.1165097426320768, 0.49028362522097363, 0.5752709728353893, -0.6492192874661074, -0.5425598776691033, -0.45701788604770527, -0.04386596316773021, 0.031713793251532466, 0.06072139792272173], [0.1808585569169916, -0.29273573706362815, -0.75595355454109, 0.01485472746415993, -0.33790923590457994, 0.6370623678637044, 0.31580940216867726, 0.19206691956211996, -0.27309178283540586, 0.7007317972164561, 0.5917896425324397, 0.5999558544191117, 0.0633559530399738], [-0.7655308239133162, -0.2683393576047827, 0.024498954986585518, -0.03555328114903506, 0.5304232514383408, 0.01420385983354567, 0.49430541947548534, -0.27701827301406784, 0.31692419556737056, 0.18141157811281888, -0.3583365710251216, 0.5823458735124555, 0.027965482539899326]], "inverted": false, "swapped": false, "error_lsq": 0.05150240856953663, "error_max": 0.2747353385561862, "target": "850.xyz", "model": "15.xyz", "model_rescale": 4.355366556412066, "target_rescale": 3.932068127399823},
{"mapping": [0, 10, 7, 4, 1, 3, 8, 6, 9, 5, 11, 12], "R": [[-0.27718547260105075, 0.953887994765916, 0.11517772015625494], [0.1377813593763198, -0.07917405757804113, 0.9872931507992158], [0.9508861713093455, 0.2895326614530552, -0.10948208604408755]], "T": [-0.23049323251818374, -0.012540341390444052, -0.07868490705501519], "aligned_model": [[-0.09868152343940792, 0.4837749725635716, 0.07056330912990896, -0.40547978921178596, -0.5666012198948847, -0.48302040522524314, -0.16138271271636512, -0.15696906659099083, 0.515252229393819, 0.16420647796979151, 0.37816185601094565, -0.14201557335757858], [-0.6062086618147077, -0.2683116283993094, -0.5046297476356614, 0.6126135872599229, -0.3773324740187257, -0.16771229743891178, 0.3870760321227159, 0.47834578647872866, 0.05626114302402627, -0.05110751254030568, 0.44848556834454484, 0.005296632358663171], [0.24876162547397984, -0.018752273681896657, -0.5561577737185069, -0.16761986406019036, -0.39095701789017817, 0.434426622169485, -0.7994883830492748, 0.48536478799802496, -0.49801346386665934, 0.7250050493138621, 0.09216954089261409, -0.10548038837183883]], "inverted": false, "swapped": true, "error_lsq": 0.04310131701337375, "error_max": 0.27360339996405664, "target": "850.xyz", "model": "16.xyz", "model_rescale": 3.795458400668931, "target_rescale": 3.932068127399823},
{"mapping": [11, 4, 2, 10, 1, 9, 5, 7, 0, 3, 8, 6, 12], "R": [[0.2876071251104997, -0.9468149506201261, -0.14430381446060814], [0.8528375004218539, 0.3217430484984485, -0.4112780186408328], [0.43583292608507396, -0.004781215863491617, 0.9000148890518362]], "T": [-0.09455724231256711, 0.10649089566947952, -0.020486186530610358], "aligned_model": [[0.08773943345568726, -0.1773807772464616, 0.1337429859246238, 0.5449602365413249, 0.04967785644601837, 0.6838189124629994, 0.49401834017244284, -0.6869825051565707, -0.4676049176833297, -0.6759448055774191, -0.09623676928330667, -0.03408119350427456, 0.015017894655823372], [0.36739547216202356, -0.38450843963869336, -0.5524147123437531, -0.1986034717330049, -0.23715643412748127, 0.5447501656432441, 0.13443438088387927, 0.1394671797187857, -0.07075481298869558, 0.5841589511177341, 0.7569889098761639, 0.5594266316603038, -0.006388909391575617], [-0.7648228665297221, -0.4298218717234117, 0.10308666662300506, -0.21241972781968782, 0.7383941472792469, -0.018194245545328232, 0.4848597834358393, -0.30194586780035965, 0.40428407859047866, 0.2731184230298533, -0.20632559305422307, 0.4780794737497238, -0.0809920914752363]], "inverted": true, "swapped": false, "error_lsq": 0.039445358207408694, "error_max": 0.2231122912714798, "target": "850.xyz", "model": "17.xyz", "model_rescale": 3.7474275329858107, "target_rescale": 3.932068127399823},
{"mapping": [7, 2, 0, 1, 8, 11, 3, 9, 4, 5, 12, 10, 13], "R": [[0.34188629223307765, -0.4260543485413336, 0.8376105630137067], [0.7456232717582622, -0.41952280960929067, -0.5177321207246386], [0.571978758168189, 0.8015474435780747, 0.17424693942170044]], "T": [-0.0017461196153488803, 0.12271622209206565, 0.001007050209229081], "aligned_model": [[0.15322649351083667, -0.03431861847249094, 0.015474231645081209, 0.5843733840888313, -0.02249331792846477, 0.5617528158622304, 0.5507514748911742, -0.591622627546078, -0.6537530268731732, -0.4919974453412065, -0.2863666312195888, 0.10513048414976497, -0.019412525559358733], [0.4081693744078274, -0.39461574839320623, -0.6948197694056083, -0.18613098638108563, -0.06357867144522014, 0.562227824565293, 0.09555908635384683, 0.19217954590021732, -0.21289796096466132, 0.5086779336688112, 0.7783807156947127, 0.6200927624368169, 0.023550804401186703], [-0.678639379230471, -0.4839046824202361, 0.17559442916100698, -0.19797974836189236, 0.6950662822800859, -0.1040413329915861, 0.3941966728498019, -0.3071239574694002, 0.3902061445553726, 0.36694028386132826, -0.21883871280753914, 0.46751893553025453, -0.03169462619654719]], "inverted": true, "swapped": false, "error_lsq": 0.04127067068943925, "error_max": 0.25028822490453934, "target": "850.xyz", "model": "18.xyz", "model_rescale": 3.922800546911778, "target_rescale": 3.932068127399823},
{"mapping": [13, 6, 10, 11, 2, 7, 9, 8, 1, 5, 12, 3, 14], "R": [[-0.8698842463641683, -0.3025123745375853, -0.3895993598288822], [0.4702141857923494, -0.7471647786646181, -0.4697269557973981], [-0.14899670267184134, -0.5918032247079129, 0.7921924802838227]], "T": [-0.10495152966695197, 0.11437571483488666, 0.0037170662486419523], "aligned_model": [[0.14318159206093645, -0.4097891663457566, 0.282588223927454, 0.5281765862522435, 0.09591601091169498, 0.5606256892752741, 0.5505705738778516, -0.5508098888040324, -0.6445691665082905, -0.6717000397689664, -0.08587072715256423, 0.09425926628228219, -0.021834262800569798], [0.2954460807414907, -0.4797056213200857, -0.5896780593506157, -0.050392050126138385, -0.20477007601497121, 0.5559171539253589, -0.01986659135954584, 0.1354084364238985, -0.22224419940542833, 0.6051327417918266, 0.8840805980243127, 0.5658330902746724, 0.16163340723415592], [-0.6106584079625337, -0.1692255635726821, 0.0724329283362499, -0.2777860158502278, 0.6127549617136866, -0.012380829567341135, 0.46741196691801473, -0.4148024700119349, 0.3825083851598045, 0.14685122351114585, -0.15692029035396318, 0.41071895877912906, 0.016395461660829842]], "inverted": true, "swapped": false, "error_lsq": 0.03983244583298285, "error_max": 0.2682943233010629, "target": "850.xyz", "model": "19.xyz", "model_rescale": 3.9282355846067225, "target_rescale": 3.932068127399823},
{"mapping": [3, 6, 8, 4, 9, 0, 11, 5, 7, 2, 1, 10, 13], "R": [[-0.9002291927893519, 0.032447272318451126, 0.4342056827920659], [-0.032415749105093955, -0.9994464837976537, 0.00747965470206735], [0.4342080373044556, -0.007341698958608446, 0.9007827039839374]], "T": [-0.06938994079119035, 0.0034114293351763386, 0.08486583395718125], "aligned_model": [[0.1137392584384431, -0.35076891862463433, 0.2799516893692361, 0.479458959862183, 0.17481914394195566, 0.5014231689556677, 0.5734628164889843, -0.5256954448343474, -0.6365173628438395, -0.5966019976705288, -0.09138273913259501, -0.008929255217107884, -0.042214627525859375], [0.2351381470189361, -0.36790682259442364, -0.6718443998902286, -0.13198840297358466, -0.30824549832401416, 0.5328375330982993, 0.15507824409282622, 0.20307521722955485, -0.12226070958885736, 0.6292622667546381, 0.6912901807784837, 0.6310026626360347, 0.161356492601266], [-0.6073201915031579, -0.3731654757525552, 0.10959576849313171, -0.19762242173171482, 0.6520137049869665, -0.09973476894583991, 0.3625359279257251, -0.4046337176587328, 0.3099675377130553, 0.18012540955088838, -0.2115121956612833, 0.6719843044342093, 0.07506642690948563]], "inverted": false, "swapped": false, "error_lsq": 0.034447817997948924, "error_max": 0.18206705764440437, "target": "850.xyz", "model": "20.xyz", "model_rescale": 4.067790424073018, "target_rescale": 3.932068127399823},
{"mapping": [5, 2, 0, 8, 12, 1, 9, 6, 3, 11, 13, 10, 14], "R": [[0.2254336266176185, 0.9108736467731429, -0.34567163552166724], [-0.14252029966469615, 0.38182021231629987, 0.91318195867539], [0.963777798132699, -0.15659669562583967, 0.21589310027315547]], "T": [-0.0037326296285587496, 0.07486021468422416, -0.06572795281048333], "aligned_model": [[0.1672172590037681, -0.35162868833855404, 0.1622628227511162, 0.42681395903871716, -0.09250986052349927, 0.709925550551422, 0.4821594423699017, -0.6543896295191417, -0.6474518374772734, -0.4551954191376349, -0.0532385839040502, 0.16635397426741322, 0.01042570212537246], [0.37169799831266653, -0.5314665029787247, -0.6042820097000665, -0.08153483024349475, 0.00031701390691066256, 0.47942866334510675, 0.24341540602484485, 0.12075666466892993, -0.33497660659032846, 0.36435998470220726, 0.7729433116577547, 0.7118578804129501, 0.12427793732017411], [-0.5464873382051264, -0.3207929941647593, 0.059449434798397816, -0.40534261921062853, 0.6916199074163658, -0.047798271019000305, 0.5169794706106192, -0.41515017171986973, 0.3103097820313989, 0.29538627680026824, -0.08450707122204026, 0.4206786081906591, -0.007044705546106478]], "inverted": false, "swapped": false, "error_lsq": 0.05095121229416299, "error_max": 0.29380554365019557, "target": "850.xyz", "model": "21.xyz", "model_rescale": 4.186013935880536, "target_rescale": 3.932068127399823},
{"mapping": [7, 10, 9, 1, 8, 0, 2, 4, 11, 3, 6, 5, 12], "R": [[0.19494471634686739, -0.2167756685596091, 0.9565588675502278], [-0.3539290150647372, 0.8940117494834197, 0.274731221525513], [-0.9147299108828489, -0.39211133789541197, 0.0975596680505096]], "T": [0.006527095257421168, 0.09340536071941113, 0.047106179247812324], "aligned_model": [[0.07999813141421637, -0.3205204617608157, 0.12645261961483184, 0.6617037667288234, 0.08734776022527328, 0.50908806885127, 0.5039238730866313, -0.6060831982979482, -0.49928832878104096, -0.5742683325450794, -0.12436221262205459, 0.06024061340945035, -0.0334876081160007], [0.06159751786342134, -0.448274231865933, -0.5150803335739524, 0.023865247473451173, -0.37093592794206837, 0.602450299008189, 0.1534964093021297, 0.1407780368608836, -0.08798528927697719, 0.7852789840169065, 0.5569053673365003, 0.6186048232988806, 0.11609400833749947], [-0.6822181709968158, -0.4968814557797169, 0.018579197524267455, -0.2707474627664631, 0.6516914242397548, -0.05336351583159182, 0.5936267316064041, -0.34029620400978355, 0.37909137110211455, 0.23770055263143092, -0.23197908006551063, 0.6126317388725071, 0.049465182233581054]], "inverted": true, "swapped": false, "error_lsq": 0.046727691354229176, "error_max": 0.2467372025653392, "target": "850.xyz", "model": "22.xyz", "model_rescale": 4.166573947596378, "target_rescale": 3.932068127399823},
{"mapping": [10, 12, 11, 9, 2, 8, 4, 13, 6, 5, 7, 0, 15], "R": [[0.006186248890349799, -0.9934275561078534, 0.11429532400866127], [-0.9898141299722782, 0.010173760179072233, 0.1420016996765924], [-0.14223121468893204, -0.11400958455058477, -0.9832456947267628]], "T": [0.04866753122942406, 0.019340825748330945, 0.01985825582713357], "aligned_model": [[-0.07259743128288355, -0.2807415667514811, 0.2766365762999567, 0.46882426526816806, 0.015868345551066518, 0.7222162796733839, 0.4686988977326239, -0.5562685261930823, -0.564235730146043, -0.6031541081294725, -0.08066399792901292, 0.07062417093155351, 0.0055375161827800334], [0.4311023903443387, -0.5212802509368256, -0.7353598739781747, -0.16438443754174592, -0.24784794054975579, 0.46528685033904466, 0.2705217538170491, 0.35370773123684485, -0.21901523980765447, 0.5301713383746285, 0.7054682689702297, 0.7184253753504245, 0.04999894522052732], [-0.5938912499913356, -0.14925665433872254, -0.0036001275007156892, -0.3676498250601974, 0.636578302340975, -0.019427452038452146, 0.5678868188533558, -0.4690837426142907, 0.40279899559616195, 0.09226487869259058, -0.13471255278023692, 0.4412303732229618, 0.064162544378084]], "inverted": false, "swapped": false, "error_lsq": 0.04814028270253466, "error_max": 0.3122128481962313, "target": "850.xyz", "model": "23.xyz", "model_rescale": 4.274766983524099, "target_rescale": 3.932068127399823},
{"mapping": [8, 11, 9, 7, 10, 0, 1, 3, 2, 6, 12], "R": [[-0.24254380189153313, 0.6856706898010532, -0.6863149490662057], [-0.36481313658328807, -0.7199772001268379, -0.5903763263154972], [-0.8989348583408387, 0.107184590521525, 0.4247676824035334]], "T": [0.04453471723923978, 0.0309740884049641, 0.11230777005951514], "aligned_model": [[0.3369931302999501, -0.0008938677495251152, -0.3637105646782581, -0.5048634230724383, -0.6125135567610116, -0.5085438937761227, -0.0053427454737736, 0.06588330350191497, 0.621653526326276, 0.3487177998939236, 0.0025149954471392483], [-0.04732888262933069, 0.7782790272784734, 0.35230156867189333, -0.29005304797036136, 0.3799100672194622, -0.06421630213016707, -0.5521314699763256, 0.028300976412210493, -0.3940500793134838, 0.6386392162306223, 0.08593545745048987], [-0.6573440228245833, -0.11499977628253705, -0.5709131436976131, -0.282496769605951, -0.04807049815029807, 0.5148999614616616, 0.07981320267493675, 0.7044807537891791, 0.27290556733195787, 0.4328429423112148, 0.048448217013609865]], "inverted": true, "swapped": true, "error_lsq": 0.057716728976530345, "error_max": 0.3019752130195127, "target": "850.xyz", "model": "24.xyz", "model_rescale": 3.7841303162186577, "target_rescale": 3.932068127399823},
{"mapping": [5, 8, 1, 4, 7, 3, 6, 9, 10, 14, 12, 11, 15], "R": [[-0.5953506126732577, 0.774085205701026, -0.21528990293178474], [-0.04540850279075104, -0.29993952754040737, -0.9528768796088716], [-0.8021818471293647, -0.5575198419192253, 0.21371923170946305]], "T": [-0.07899805709392199, 0.04484607576672038, 0.07107135504760591], "aligned_model": [[0.2799088273582824, -0.19617417706649104, 0.21080159948064642, 0.5426446117102222, -0.03622440067664477, 0.5351368296126664, 0.5954475012467009, -0.5653862174313854, -0.6895643111191614, -0.6767089512438218, -0.2237137131760046, 0.10875301351722622, -0.014175921004677627], [0.4452180363459445, -0.44471201517158604, -0.6207030170505852, -0.07657050018893062, -0.18101425901294932, 0.5587281654422619, 0.05730307896101844, 0.15079070108395365, 0.03200096075720281, 0.5656528036219947, 0.6298257546544023, 0.4611314612987948, 0.05914374009740907], [-0.6219126901644351, -0.23886479344733513, -0.090474173836754, -0.3232923733347369, 0.6793172622185227, -0.017050302186787394, 0.3299042435085813, -0.23608170512932397, 0.5530453769027034, 0.04276938434287969, -0.3893936931388258, 0.6882290192141185, 0.09110475381157043]], "inverted": true, "swapped": false, "error_lsq": 0.04887057544943612, "error_max": 0.23533854724294387, "target": "850.xyz", "model": "25.xyz", "model_rescale": 4.19342608120988, "target_rescale": 3.932068127399823},
{"mapping": [0, 10, 7, 4, 1, 3, 8, 6, 9, 5, 11, 12], "R": [[-0.27718547260105075, 0.953887994765916, 0.11517772015625494], [0.1377813593763198, -0.07917405757804113, 0.9872931507992158], [0.9508861713093455, 0.2895326614530552, -0.10948208604408755]], "T": [-0.23049323251818374, -0.012540341390444052, -0.07868490705501519], "aligned_model": [[-0.09868152343940792, 0.4837749725635716, 0.07056330912990896, -0.40547978921178596, -0.5666012198948847, -0.48302040522524314, -0.16138271271636512, -0.15696906659099083, 0.515252229393819, 0.16420647796979151, 0.37816185601094565, -0.14201557335757858], [-0.6062086618147077, -0.2683116283993094, -0.5046297476356614, 0.6126135872599229, -0.3773324740187257, -0.16771229743891178, 0.3870760321227159, 0.47834578647872866, 0.05626114302402627, -0.05110751254030568, 0.44848556834454484, 0.005296632358663171], [0.24876162547397984, -0.018752273681896657, -0.5561577737185069, -0.16761986406019036, -0.39095701789017817, 0.434426622169485, -0.7994883830492748, 0.48536478799802496, -0.49801346386665934, 0.7250050493138621, 0.09216954089261409, -0.10548038837183883]], "inverted": false, "swapped": true, "error_lsq": 0.04310131701337375, "error_max": 0.27360339996405664, "target": "850.xyz", "model": "26.xyz", "model_rescale": 3.795458400668931, "target_rescale": 3.932068127399823},
{"mapping": [7, 10, 4, 3, 9, 0, 2, 5, 11, 8, 6, 1, 12], "R": [[-0.3565938270847008, 0.4149284970463121, 0.8370634293910919], [-0.15086800177075022, 0.8586307111258753, -0.48988993452935425], [-0.9219976618879182, -0.3009778135517014, -0.24358297810571622]], "T": [-0.04788083345688526, 0.10967444242819563, 0.1617625606633335], "aligned_model": [[0.12644530745826557, -0.2788608664512877, -0.04450661655916266, 0.5577192287515684, 0.18190926515202943, 0.6413215401794179, 0.7138161764736006, -0.4736019042314774, -0.558788441726076, -0.683720116111973, -0.2789465316210828, -0.007617260849328289, -0.02442508925693719], [0.09827393648772914, -0.32683308640539965, -0.7230331878125971, -0.18239166855864614, -0.062062587807886926, 0.48609004346004525, 0.28564683170122124, 0.34481973677395783, -0.3468943473596614, 0.44929712895346857, 0.8523554824264756, 0.6182100486988122, 0.143316580281412], [-0.6317665967640093, -0.35184802152780936, 0.0879398010584814, -0.14323335785689173, 0.48125777681281584, -0.11133920712082274, 0.5663441929400626, -0.4129797540532829, 0.3669282199185835, 0.2671976000771456, -0.1143179993817946, 0.4619684107513717, 0.0011492439063283677]], "inverted": true, "swapped": false, "error_lsq": 0.04758983680882652, "error_max": 0.25607890954098395, "target": "850.xyz", "model": "27.xyz", "model_rescale": 3.6321398670334006, "target_rescale": 3.932068127399823},
{"mapping": [10, 8, 3, 0, 1, 11, 2, 12, 4, 6, 9, 13, 14], "R": [[-0.9595053628214021, -0.022223892886443997, -0.28081231686295727], [0.27944456858523836, 0.050532753453723656, -0.9588311498468308], [0.03549918034518665, -0.9984751070574356, -0.04227610177704272]], "T": [-0.02334415311960321, 0.04148556127760657, -0.02824341144572578], "aligned_model": [[0.349337769064751, -0.18088676129517095, 0.07819768992644847, 0.5295101732213126, 0.0754950381856864, 0.45732100409884946, 0.5684484217477122, -0.7639537772888679, -0.534101623834069, -0.5942846911062254, -0.12154718890132198, 0.01945627258335579, -0.012247635194902906], [0.27772503757235617, -0.1614179060512292, -0.6354380892801306, -0.17845913521976742, -0.15412238459714706, 0.4666624492577179, 0.146039631512851, 0.1335829954704485, -0.16194988127586835, 0.47045738776930884, 0.6627321526206488, 0.7058071556696073, 0.06517549739013491], [-0.6685329769655488, -0.4766183944117013, 0.02674481810070154, -0.21636071141746346, 0.6036074743802582, -0.0015702604803574313, 0.4935742372224388, -0.3839471899790798, 0.5916017943770382, 0.2782162291281773, -0.2540331316017482, 0.44432645079494426, 0.030291969612518732]], "inverted": false, "swapped": false, "error_lsq": 0.04220330875765833, "error_max": 0.25806726105291966, "target": "850.xyz", "model": "28.xyz", "model_rescale": 4.156811204709835, "target_rescale": 3.932068127399823},
