[{"mapping": [9, 0, 4, 11, 12, 7, 5, 10, 8, 0, 3, 2, 6, 13], "R": [[-0.5569292793595644, -0.8206186234545372, -0.12812046140885025], [-0.7757446960319736, 0.45883559793606965, 0.4332321094343195], [-0.29673210876192174, 0.34066841489376426, -0.8921295235129667]], "T": [0.014627855941863444, -0.19963826373154492, 0.08384419313267934], "aligned_model": [[-0.15733573581743565, 0.46583842478936777, 0.11235401348355775, -0.6427443886718018, -0.2138460699680751, -0.3615739527720765, -0.11305733042351201, -0.8971172225265205, -0.3992538495284375, 0.46583842478936777, 0.4848970594213203, 0.6182266564698778, 0.2793279959597374, -0.10047580756378238], [-0.1301888835033745, -0.5114485677232207, 0.7290999724903596, -0.12086586756182445, -0.6418028305136985, 0.33667277134396356, -0.29393133078548134, -0.32989990025519933, 0.4313623281887724, -0.5114485677232207, -0.09926174113078305, 0.14635189798726433, 0.40242698216731587, -0.10636763757537461], [-0.6249212676929669, -0.45892259975866645, -0.11937763965760427, 0.3045668300699735, -0.21180757675083778, -0.2932992215679698, 0.8235783150508172, -0.32503444727359665, 0.286623182418809, -0.45892259975866645, 0.2887142391792115, -0.24359670444219306, 0.4737128373487991, 0.01608285312663911]], "inverted": false, "swapped": false, "error_lsq": 0.05263415444484355, "error_max": 0.38723349041937805, "target": "851.xyz", "model": "0.xyz", "model_rescale": 3.8414455957264533, "target_rescale": 4.086960506344344},
{"mapping": [13, 11, 9, 4, 3, 7, 5, 0, 2, 12, 10, 8, 6, 14], "R": [[0.7934535311756417, 0.5225134894843907, -0.31210758909669395], [0.4715778527265936, -0.20360787853433016, 0.8579965970891288], [0.3847672318203312, -0.8279634563829463, -0.4079591795899739]], "T": [-0.07184068863137749, -0.04933750853510936, -0.042577465616729884], "aligned_model": [[0.08059265310934471, 0.11644033308772744, -0.04383969188560402, -0.5700360788514864, -0.3286715865727746, -0.5499494674370319, 0.006722422675387557, -0.6150491950866872, -0.39817381761090304, 0.5441641510673731, 0.46533722479898976, 0.6323230809337443, 0.26074231248033397, -0.05952412306682625], [0.10127645623429644, -0.6439392726167152, 0.5948413012351261, -0.15468330740390618, -0.636509148713265, 0.33971270598477293, -0.15879617011948144, -0.21922111402335442, 0.32059753092367843, -0.40150898197801976, -0.3044873215069362, 0.21178679520712373, 0.3889446582097375, -0.1373155060275585], [-0.7698508052776349, -0.6233221609359605, -0.2656453593569258, 0.14852682704128245, 0.407582769047735, -0.22425555550684567, 0.6025344812021554, -0.49155569293746854, 0.5062936332120278, -0.32329589149547194, 0.2961255941176468, -0.28807671434784776, 0.511791061149186, -0.02945598562012941]], "inverted": false, "swapped": false, "error_lsq": 0.04940239339079432, "error_max": 0.3641964859783573, "target": "851.xyz", "model": "1.xyz", "model_rescale": 4.316132596720782, "target_rescale": 4.086960506344344},
{"mapping": [6, 4, 3, 2, 8, 12, 5, 11, 7, 9, 0, 13], "R": [[-0.18465838913541205, -0.8076329024753026, -0.5600271191301663], [0.25211728473050266, 0.5118310285660045, -0.8212587125487223], [0.9499148141081041, -0.2928448275732126, 0.10910432118656857]], "T": [-0.051356969869833666, -0.00395255787034216, 0.047865865823061245], "aligned_model": [[-0.29375057762655904, 0.4551320037648809, 0.09273814355255987, -0.5711796700150894, -0.4194283494097641, -0.7088713232651863, -0.21461940560507725, -0.2015323722402288, 0.6612839450906128, 0.4067861317739023, 0.3310408382141628, 0.06020919039756725], [-0.6258362049946646, -0.426052833660444, -0.5008085125111389, 0.4347629815907086, -0.2481085071708798, -0.09912498795237701, 0.39178166242856743, 0.41095009484523126, 0.003983146529060894, 0.1525215699061049, 0.5049790954741732, 0.013728923256638536], [0.16601934577970537, 0.028346903177368814, -0.43086132514868203, -0.0776034723355302, -0.390216832293922, 0.2053759213608924, -0.6168812594552259, 0.6613999254534164, -0.5685535925145508, 0.7166188016894903, -0.20187415314390628, -0.0425118013596348]], "inverted": false, "swapped": true, "error_lsq": 0.05255976087942862, "error_max": 0.3195655362901238, "target": "851.xyz", "model": "2.xyz", "model_rescale": 3.795458400668931, "target_rescale": 4.086960506344344},
{"mapping": [1, 0, 11, 8, 4, 6, 2, 7, 5, 3, 10, 13], "R": [[-0.9577351965458987, -0.26493968460803324, 0.11202792873647408], [0.23482738333558234, -0.4951979767505974, 0.8364419070430882], [-0.1661306513950756, 0.8273970796068297, 0.5364836244706237]], "T": [-0.06186456838730587, 0.05407663393136574, 0.11528257945222273], "aligned_model": [[-0.060004906023302766, 0.029647812417852006, -0.8088259221495617, 0.29111076740561886, 0.3183082224159084, 0.05343471097757176, -0.33532142662878434, 0.6736608028576568, 0.24400845877293242, 0.6110077749407369, -0.4642735820695873, 0.04055111282652402], [-0.021092785125859444, -0.5518772830714581, -0.012911397279570101, 0.10916508309451059, 0.3604075872033001, 0.6834592724123909, -0.33200322136396154, -0.3157756425549896, -0.581724268881357, 0.25588351385253577, 0.5077357122320159, -0.015497525227847968], [-0.7523156417204355, -0.18812296285930905, 0.022104015961609214, 0.6245750234324977, -0.32823823103900296, 0.33897376619063235, 0.619854884463803, -0.3430892341773152, 0.4721408704332448, 0.17295196084856274, 0.009475721719477997, 0.040461257385335306]], "inverted": false, "swapped": true, "error_lsq": 0.048198537085129584, "error_max": 0.26428552579603964, "target": "851.xyz", "model": "3.xyz", "model_rescale": 3.7530521520055578, "target_rescale": 4.086960506344344},
{"mapping": [10, 8, 2, 5, 11, 7, 9, 4, 1, 0, 13], "R": [[-0.08350500977567843, -0.8043046610827037, 0.5883204275758248], [0.9009434035509777, 0.19134600187310713, 0.38947104021372025], [-0.4258261346375352, 0.5625661914191205, 0.7086546290908158]], "T": [-0.10851847234305462, -0.13831055197899167, -0.1509784461147458], "aligned_model": [[-0.39464816173740797, -0.11208470978569751, 0.495362726917358, 0.4552190277566914, 0.1866481612861976, -0.2045006956424157, -0.2663203889829351, -0.6607524516485943, -0.33522792799484225, 0.2843423779156836, -0.1098383556388331], [-0.666136544736211, 0.03355491756909729, -0.3151162687228871, 0.33152250129504596, -0.7381913061830846, 0.7649709885972534, -0.45545609026530426, 0.1533416696245004, 0.0853562361988216, 0.27550085376076705, -0.0021435988236525594], [-0.015095456091836129, -0.7488535674672301, -0.4382009290009985, -0.445267198254581, 0.20135753581377813, 0.09954674016784887, 0.5947607885557762, 0.06128866596931434, 0.6595501245548892, 0.22589031259405767, -0.10214623959570206]], "inverted": true, "swapped": true, "error_lsq": 0.04414907943594311, "error_max": 0.21295351993745307, "target": "851.xyz", "model": "4.xyz", "model_rescale": 3.7855080009869324, "target_rescale": 4.086960506344344},
{"mapping": [14, 13, 3, 1, 11, 2, 4, 12, 0, 8, 7, 10, 5, 16], "R": [[0.17007496542888675, 0.9770950034287829, -0.12790566996372849], [0.29110392386160633, -0.17382044373817357, -0.9407682811676003], [-0.9414526072228699, 0.1227672904855838, -0.31399869544329195]], "T": [0.027796012204157762, -0.08466305248140328, -0.11935942116903689], "aligned_model": [[-0.24880694015843194, 0.033020858486709055, 0.009593122772415176, -0.6318927889477459, -0.385775587672976, -0.45905377874786935, -0.05626478155570059, -0.5299711092152776, -0.3278483497702907, 0.6030990355836653, 0.555811487513523, 0.6773958202489446, 0.2925642460405848, 0.009206983064037274], [0.046301533480832366, -0.7116850821310245, 0.6090874288795468, -0.11782441156473125, -0.7569185310662598, 0.4420818679173749, -0.2042277154144989, -0.3715040222860576, 0.3239381104579174, -0.42195082934852607, -0.15864052862538475, 0.2401449894406289, 0.4414849195825056, -0.05958910391682442], [-0.7227137801496516, -0.4822419285881625, -0.09115428286009894, 0.2505256270390259, -0.022059207458822366, -0.29628527417742023, 0.6056501361441794, -0.3833354793924205, 0.4419213114068603, -0.3442444158442086, 0.407040106502769, -0.17838568113217557, 0.43577059825297104, -0.16309152945109623]], "inverted": false, "swapped": false, "error_lsq": 0.03431294285389733, "error_max": 0.23190304509785747, "target": "851.xyz", "model": "5.xyz", "model_rescale": 4.2253639853439635, "target_rescale": 4.086960506344344},
{"mapping": [0, 7, 1, 11, 6, 9, 5, 12, 8, 3, 2, 4, 10, 13], "R": [[0.4170109161289859, 0.8243192444771197, 0.38288337521226357], [0.29523691739978114, -0.5212671988290432, 0.8006969901462089], [0.8596144824475325, -0.22085807798129953, -0.46074358482443084]], "T": [-0.04141410249346712, 0.005568745309514608, -0.022554831396731673], "aligned_model": [[-0.01291314436900047, -0.0966391991982753, 0.19314157006792615, -0.61531943199335, 0.00034545814071317016, -0.44524205535346517, -0.06146767501094742, -0.7385488194499542, -0.4635702299175274, 0.4105480872165671, 0.47140337431640467, 0.62730681090216, 0.27176026592106206, 0.00027320636927408853], [0.12310724274883293, -0.5655671100464926, 0.6858864308532608, -0.4118480689502867, -0.6291352564142934, 0.3674496744823709, -0.13866502259010544, -0.49184144746862324, 0.47699923084817625, -0.4567837340907015, -0.20981520860106295, 0.17687383231473913, 0.4081482817978284, -0.03411021947814471], [-0.8152937835949281, -0.5704099577281537, -0.16697527719281574, 0.2967407444542628, 0.07296970688811977, -0.3028432633294046, 0.5935098899414162, -0.39394418369893003, 0.35876180472316477, -0.31405069168178934, 0.3526778962716255, -0.17869009121967083, 0.5676688602305653, -0.04272545377171265]], "inverted": true, "swapped": false, "error_lsq": 0.04449701835432145, "error_max": 0.2532433308366125, "target": "851.xyz", "model": "6.xyz", "model_rescale": 3.89814844738969, "target_rescale": 4.086960506344344},
{"mapping": [4, 1, 0, 6, 5, 9, 10, 8, 12, 11, 0, 2, 13], "R": [[0.8913477805300347, -0.18347094853273238, 0.41453292413110043], [-0.4325777704147288, -0.07080090464651596, 0.8988123855645611], [-0.13555665489825053, -0.9804721530700067, -0.14247368306835545]], "T": [-0.04991159259662133, -0.01774237753728601, -0.022712435870159055], "aligned_model": [[0.005962374908730653, -0.06710682991543673, 0.38799186007067316, -0.3522554825687041, 0.621085762135772, -0.535645067512103, -0.6568613907784014, 0.22169515603580667, -0.38224931444428306, -0.5804629133105821, 0.38799186007067316, 0.03149269622596169, 0.06699308998611525], [-0.21082470130824527, 0.4626567960083309, 0.4989957031210147, -0.621423436334357, 0.07788652471073211, 0.483665126097528, -0.06141834310126636, -0.49623770529103717, -0.2966590146700352, 0.4730186372817654, 0.4989957031210147, 0.1427815500232486, 0.012344425811792126], [-0.6509464918881432, -0.7488677437469986, -0.11669068131391178, -0.0828084250377515, 0.38443200975142455, -0.463465484778894, -0.11565874983564023, 0.2675927721779938, 0.504496708712732, 0.19817175880315938, -0.11669068131391178, 0.6451460292335558, -0.10243598992731857]], "inverted": true, "swapped": true, "error_lsq": 0.0564106923296341, "error_max": 0.39898924691009807, "target": "851.xyz", "model": "7.xyz", "model_rescale": 3.7474275329858107, "target_rescale": 4.086960506344344},
{"mapping": [1, 12, 3, 4, 12, 2, 9, 13, 8, 10, 7, 6, 5, 14], "R": [[-0.9950674378832995, 0.03749169221449189, 0.09184316566440637], [-0.08180409736844228, -0.8338369249563737, -0.545915810572503], [0.05611491529085829, -0.5507361941930025, 0.83279094656925]], "T": [-0.003994281191703714, -0.0834952675247748, -0.08060552162734941], "aligned_model": [[-0.20965367614143807, -0.08623223078583665, 0.16777116569642267, -0.7534200850093637, -0.08623223078583665, -0.5860795939934852, 0.032856546473820386, -0.7202259147298964, -0.3459261823683457, 0.6425458081127129, 0.5230291850722447, 0.7254106687455562, 0.29755779153298995, -0.06032303417795748], [0.10590743310567895, -0.6241131015506918, 0.6126403842379414, 0.02251060210270757, -0.6241131015506918, 0.46743193016422196, -0.22493618841867835, -0.6245359480027175, 0.3195099099890927, -0.44878112582089935, -0.20140777277371213, 0.2827502205661093, 0.3186490131843069, -0.08081362982716929], [-0.7781961252858651, -0.36628348013838746, -0.07547496758000227, 0.11776172875007793, -0.36628348013838746, -0.3379873533809667, 0.6670420708154063, -0.12958570006460246, 0.35053217993824987, -0.23492828190386428, 0.33438910368371316, -0.052842959464651285, 0.42965694901918366, -0.10040348395815467]], "inverted": false, "swapped": false, "error_lsq": 0.05893138062869734, "error_max": 0.44719051911881846, "target": "851.xyz", "model": "8.xyz", "model_rescale": 4.019505241142653, "target_rescale": 4.086960506344344},
{"mapping": [11, 2, 0, 9, 10, 4, 7, 12, 6, 8, 5, 3, 13], "R": [[0.12969244662920554, 0.9822357225191389, -0.13562025916003878], [0.8933088565153462, -0.05638500955928549, 0.445892383393397], [0.4303244777590225, -0.17897965276618655, -0.8847525799550516]], "T": [0.01754711657387334, -0.11257010016613235, -0.0044902862589737726], "aligned_model": [[-0.25216956610752705, -0.6740465322294016, -0.07293670120784318, 0.37582021872939186, 0.1910468493982317, 0.6625215930985877, 0.4301946002855659, -0.3800659884196488, 0.2612869715859536, -0.1758973663599997, -0.4785948086617644, 0.3599284043894705, 0.07261309724015962], [-0.6581431795116283, -0.11529878588074316, 0.3432129464201447, -0.5279393112499715, -0.7030984533423046, 0.020538431654538933, 0.7150749049209603, -0.5153635323153783, -0.41562210107411135, 0.11038607643007932, 0.5017720627427339, 0.29366327049442564, 0.014195898825313538], [-0.45251241876008985, 0.006477766353204791, -0.5061715412817471, -0.6215142292567808, -0.014919647003223045, 0.032533442977914634, -0.18509703430014354, 0.3774175608965936, 0.5506714417916867, 0.5431180534737, 0.03520648312429045, 0.45871427661300473, -0.04722066058453114]], "inverted": true, "swapped": true, "error_lsq": 0.05715037433861084, "error_max": 0.31341680489281326, "target": "851.xyz", "model": "9.xyz", "model_rescale": 3.877068213659057, "target_rescale": 4.086960506344344},
{"mapping": [6, 3, 11, 2, 4, 10, 7, 13, 9, 5, 1, 0, 8, 15], "R": [[-0.32139085161626935, 0.18303965259341082, 0.9290879431334007], [-0.044612165650912264, -0.9829780588777386, 0.17822427006692798], [0.9458951713447454, 0.015831024712165326, 0.3240859507650063]], "T": [-0.10829819622788162, -0.04166855126367869, -0.12317060735544172], "aligned_model": [[-0.25760757584803473, 0.015085203800056304, 0.17378332747765135, -0.5700529778615981, -0.09048417079590253, -0.38505408531641433, 0.03478829876698722, -0.7729144189514198, -0.46855899527893885, 0.5722998813441963, 0.5978376362758671, 0.6224323543657588, 0.09545149010037601, -0.025927750436997812], [-0.03244104277404247, -0.5451212501502292, 0.6381803979698581, -0.19299094978412187, -0.6747034013064239, 0.5422828764092338, -0.34243066488779766, -0.37252244863605205, 0.38237576058615397, -0.3902290431285232, -0.3306289016002499, 0.2722609079984051, 0.3520110530817882, -0.005344668372500694], [-0.7214398923512257, -0.48933076262854014, -0.17693580496249023, 0.32875793931308217, 0.11566033468147055, -0.4157756097622042, 0.6220508197219368, -0.33871519914535164, 0.2318559862323471, -0.28530414046521946, 0.29008562331874754, -0.08785499224935611, 0.5083556155772497, -0.12401371698869731]], "inverted": true, "swapped": false, "error_lsq": 0.03980069268950204, "error_max": 0.19215274139918026, "target": "851.xyz", "model": "10.xyz", "model_rescale": 4.260839863003843, "target_rescale": 4.086960506344344},
{"mapping": [5, 7, 4, 3, 10, 12, 2, 0, 1, 9, 11, 13], "R": [[-0.16896482829104947, 0.3453075168183327, -0.9231541613562351], [0.6635047883746944, 0.7324576392705147, 0.1525359055374084], [0.7288431124764978, -0.5867440033805391, -0.35287277012054885]], "T": [-0.09994277901060958, 0.08843500585870416, -0.124422449006615], "aligned_model": [[0.45006507066621904, 0.3224155702144855, -0.3331026832784355, -0.3310114998348167, -0.5133021246169287, -0.4190123146605177, 0.1969874381741771, 0.5476465755749877, 0.1313271528636982, -0.07925848762198792, 0.0075160280087226555, -0.021372076395473144], [0.09649778513537034, -0.7445664529687098, -0.5009200937941815, -0.4409214456203558, 0.3182644179343729, 0.6425521600810212, 0.6326817451424454, -0.11310973600848025, -0.4082713429806154, 0.07656442119677366, 0.6467790365644401, -0.03247198914914695], [-0.6923795719373378, -0.24938241110834153, 0.05827330544144599, -0.5284001195332027, 0.269591710009895, -0.36388256004992026, -0.4311103226998396, -0.03714511328795328, 0.5524657211670373, 0.7008296293225736, 0.37339825486505807, -0.13608044479391024]], "inverted": false, "swapped": true, "error_lsq": 0.04623748381772961, "error_max": 0.21400384299693387, "target": "851.xyz", "model": "11.xyz", "model_rescale": 3.890672605050136, "target_rescale": 4.086960506344344},
{"mapping": [0, 6, 7, 2, 11, 3, 10, 1, 4, 9, 12, 5, 12, 13], "R": [[-0.7712578783689227, -0.23486084435904575, 0.5916093887362033], [0.5880309775719835, -0.6187150897246073, 0.520971407241135], [0.24368187144226688, 0.7496879494389831, 0.6152943393176694]], "T": [-0.04353741824298975, -0.14984327314340767, -0.19804135007514195], "aligned_model": [[-0.5208209752628555, 0.027604171089875132, 0.28832424949864655, -0.5001985894611111, -0.10748860942268881, -0.415492084958186, -0.038164496745051193, -0.6828774657992689, -0.49596040177359924, 0.6287298381160635, 0.3514347321179559, 0.682929402060535, 0.3514347321179559, -0.028376283936684357], [0.04989866522777911, -0.5262022857430825, 0.6243664669440059, -0.3354003611474454, -0.6166458770636527, 0.6665484142218776, -0.22455902660848315, -0.4654893687385849, 0.21104954253984848, -0.5266065942700053, 0.16216610315071006, 0.1259691626213394, 0.16216610315071006, -0.006562318879518525], [-0.48264300854079684, -0.628565579177, -0.06601376919175106, 0.31439720766602136, 0.08615530369690472, -0.4176261735755027, 0.692985693477008, -0.5093452792448412, 0.19708756988214798, -0.0888325962935492, 0.35130307402405553, -0.23188867065835922, 0.35130307402405553, -0.11092064579664385]], "inverted": false, "swapped": false, "error_lsq": 0.05964056847749942, "error_max": 0.4070086582662722, "target": "851.xyz", "model": "12.xyz", "model_rescale": 4.124412569039231, "target_rescale": 4.086960506344344},
{"mapping": [0, 11, 10, 5, 1, 7, 2, 3, 12, 8, 4, 6, 13], "R": [[-0.19763259462702423, 0.92871915715527, -0.3137229425365561], [-0.7815754190594346, -0.3424526646360026, -0.5214077452491197], [-0.5916766193310833, 0.14215097472935773, 0.7935438730911063]], "T": [0.1114318717526498, 0.18159129160763665, 0.02762512598064608], "aligned_model": [[-0.1539263381314966, 0.050252586925780336, 0.49014912110662345, -0.5750769430057796, 0.6029606143153116, 0.18485301869055454, -0.5298584936268826, 0.29191421462801187, -0.09941124940025807, -0.13612897991228884, 0.6625847750594278, 0.46426528297508507, 0.11472069788566858], [-0.2940387900595829, 0.6943455247180224, 0.6541609145584294, -0.18881346438236474, -0.2295604876970369, -0.7577931991238417, 0.43995009142787683, -0.22801402939435977, 0.7657584885690502, 0.15140089736383128, -0.169541905795853, 0.471740924592045, 0.03789041173226115], [0.44111108020081496, 0.57940506089083, 0.13801471455912157, -0.10142874107687751, 0.6173151147856446, 0.035313523258080945, 0.04828709093297012, -0.5168549651769622, -0.25607576971921686, -0.5422935377101159, -0.06191072156714711, -0.4731502237241772, 0.04396545531487339]], "inverted": true, "swapped": true, "error_lsq": 0.04753682021699284, "error_max": 0.271066106899672, "target": "851.xyz", "model": "13.xyz", "model_rescale": 3.9028299243045295, "target_rescale": 4.086960506344344},
{"mapping": [5, 8, 10, 1, 2, 14, 6, 12, 9, 0, 3, 4, 7, 15], "R": [[-0.2148964927681426, -0.9740195958423132, 0.07145155219537891], [-0.13532938815762208, 0.10215275436205862, 0.9855205586273321], [-0.967215309068687, 0.20211541675840128, -0.15376574459788656]], "T": [-0.080330107304325, -0.09433442444503787, -0.07932592402703087], "aligned_model": [[0.03700765743803361, 0.003294088143347862, 0.09229413493658253, -0.5412851126541707, -0.068442096463818, -0.6174637637670058, -0.1303372313710126, -0.6141990103140429, -0.33385485381541424, 0.5973278970498458, 0.4006770081624837, 0.5417524825843596, 0.2631134214603463, -0.08880640374794785], [-0.04130399582561485, -0.6236891546172671, 0.6118048669330671, -0.3784079195415135, -0.8214267338019958, 0.6019779817960178, -0.14920247123731997, -0.24273152936471587, 0.4122108792732108, -0.5509242476418306, -0.2202613936197691, 0.12261566235396743, 0.5921518736055915, -0.012115192906329425], [-0.5748271412413379, -0.6354713394874477, -0.243401437775288, 0.27986968865414125, 0.03619558231705278, -0.17774909605869577, 0.5831671304520452, -0.5002802952022747, 0.44980781582626705, -0.21904625802524813, 0.29679107710814473, -0.23841453165812268, 0.40172611159446336, -0.0009711062119503872]], "inverted": false, "swapped": false, "error_lsq": 0.04644474739238819, "error_max": 0.25287068817197705, "target": "851.xyz", "model": "14.xyz", "model_rescale": 3.942246331269136, "target_rescale": 4.086960506344344},
{"mapping": [5, 1, 10, 7, 0, 9, 8, 2, 6, 12, 13, 4, 11, 14], "R": [[0.2002694916987761, -0.7579607914621771, 0.6207959159826555], [0.8583734642485339, 0.4412089181321994, 0.26178175344088733], [-0.47232099950000656, 0.48044784229575294, 0.7389741160992518]], "T": [0.04248644726695995, 0.01191951619338466, -0.08689102894389805], "aligned_model": [[-0.1960279971637166, 0.1526022803717258, 0.08721921523697695, -0.7527900772389924, -0.3535891492804373, -0.5959482905480374, -0.1336001883687326, -0.5909981105503749, -0.2526672572934039, 0.574907416511686, 0.7714309218661191, 0.5196619480938779, 0.2995801262294152, 0.011297379775481207], [-0.10953847552241404, -0.6110506166851317, 0.7190566068574857, -0.08804521607018578, -0.5973778493186774, 0.48085786547429815, -0.2837673256518131, -0.319668745669437, 0.259729289011283, -0.6059782167171914, -0.13210570853848871, 0.33447285302030944, 0.3339426891049316, -0.07982852388947057], [-0.662337268166473, -0.5932744337090874, -0.17029744668266356, 0.2106351211710883, 0.02535123167099565, -0.2306276500853083, 0.6062205887612933, -0.3540884433049937, 0.3184039210846658, -0.1398680176769844, 0.24299764030317617, -0.1961012081169092, 0.49989252655342503, -0.09951036151047593]], "inverted": false, "swapped": false, "error_lsq": 0.04727134001040899, "error_max": 0.27422480892794304, "target": "851.xyz", "model": "15.xyz", "model_rescale": 4.355366556412066, "target_rescale": 4.086960506344344},
{"mapping": [6, 4, 3, 2, 8, 12, 5, 11, 7, 9, 0, 13], "R": [[-0.18465838913541205, -0.8076329024753026, -0.5600271191301663], [0.25211728473050266, 0.5118310285660045, -0.8212587125487223], [0.9499148141081041, -0.2928448275732126, 0.10910432118656857]], "T": [-0.051356969869833666, -0.00395255787034216, 0.047865865823061245], "aligned_model": [[-0.29375057762655904, 0.4551320037648809, 0.09273814355255987, -0.5711796700150894, -0.4194283494097641, -0.7088713232651863, -0.21461940560507725, -0.2015323722402288, 0.6612839450906128, 0.4067861317739023, 0.3310408382141628, 0.06020919039756725], [-0.6258362049946646, -0.426052833660444, -0.5008085125111389, 0.4347629815907086, -0.2481085071708798, -0.09912498795237701, 0.39178166242856743, 0.41095009484523126, 0.003983146529060894, 0.1525215699061049, 0.5049790954741732, 0.013728923256638536], [0.16601934577970537, 0.028346903177368814, -0.43086132514868203, -0.0776034723355302, -0.390216832293922, 0.2053759213608924, -0.6168812594552259, 0.6613999254534164, -0.5685535925145508, 0.7166188016894903, -0.20187415314390628, -0.0425118013596348]], "inverted": false, "swapped": true, "error_lsq": 0.05255976087942862, "error_max": 0.3195655362901238, "target": "851.xyz", "model": "16.xyz", "model_rescale": 3.795458400668931, "target_rescale": 4.086960506344344},
{"mapping": [4, 1, 0, 6, 5, 9, 10, 8, 12, 11, 0, 2, 13], "R": [[0.8913477805300347, -0.18347094853273238, 0.41453292413110043], [-0.4325777704147288, -0.07080090464651596, 0.8988123855645611], [-0.13555665489825053, -0.9804721530700067, -0.14247368306835545]], "T": [-0.04991159259662133, -0.01774237753728601, -0.022712435870159055], "aligned_model": [[0.005962374908730653, -0.06710682991543673, 0.38799186007067316, -0.3522554825687041, 0.621085762135772, -0.535645067512103, -0.6568613907784014, 0.22169515603580667, -0.38224931444428306, -0.5804629133105821, 0.38799186007067316, 0.03149269622596169, 0.06699308998611525], [-0.21082470130824527, 0.4626567960083309, 0.4989957031210147, -0.621423436334357, 0.07788652471073211, 0.483665126097528, -0.06141834310126636, -0.49623770529103717, -0.2966590146700352, 0.4730186372817654, 0.4989957031210147, 0.1427815500232486, 0.012344425811792126], [-0.6509464918881432, -0.7488677437469986, -0.11669068131391178, -0.0828084250377515, 0.38443200975142455, -0.463465484778894, -0.11565874983564023, 0.2675927721779938, 0.504496708712732, 0.19817175880315938, -0.11669068131391178, 0.6451460292335558, -0.10243598992731857]], "inverted": true, "swapped": true, "error_lsq": 0.0564106923296341, "error_max": 0.39898924691009807, "target": "851.xyz", "model": "17.xyz", "model_rescale": 3.7474275329858107, "target_rescale": 4.086960506344344},
{"mapping": [0, 6, 3, 5, 9, 8, 12, 4, 10, 2, 7, 1, 11, 13], "R": [[0.3777996851686543, 0.801751922874729, -0.46309961353162493], [-0.683708852556526, -0.09569766789327343, -0.7234529433872168], [-0.6243473414873363, 0.5899455996331047, 0.5120103384222161]], "T": [0.003396795556500201, -0.017278579268104423, -0.005183477426282709], "aligned_model": [[0.029227904607786057, -0.07804005767695298, 0.03418243120487925, -0.6470667653876174, -0.12383847797058127, -0.5145813488938858, -0.11778457054178958, -0.6287071024589774, -0.38747524062070693, 0.4568849503290661, 0.572385064300828, 0.5672466102012753, 0.3420543197186047, 0.03659050082965863], [0.02241821723703965, -0.6632156244226962, 0.6550459643474004, -0.1549618744544419, -0.6649336586159897, 0.3605862266217018, -0.3128825499473567, -0.3389930095960637, 0.3924345390077006, -0.38045035775880104, -0.26991651726031995, 0.30346943674679727, 0.41233965897959673, -0.06024182547906895], [-0.8399884300549065, -0.41886473648054506, -0.09248258394612462, 0.27970317157788466, 0.10471761092796521, -0.3304084481162559, 0.6709602146560378, -0.43665805310021627, 0.3895234803422077, -0.41296709234792256, 0.41889871313902616, -0.24541776631368062, 0.4664900457858956, -0.09610992577761705]], "inverted": false, "swapped": false, "error_lsq": 0.0443565627107453, "error_max": 0.276065045743621, "target": "851.xyz", "model": "18.xyz", "model_rescale": 3.922800546911778, "target_rescale": 4.086960506344344},
{"mapping": [3, 5, 9, 13, 8, 7, 4, 12, 11, 1, 6, 2, 10, 14], "R": [[0.07478138698110136, -0.2670367261817951, -0.960780480146892], [0.9253871462936466, 0.37759091890353663, -0.03292001573639186], [0.3715728375913453, -0.8866321023015646, 0.2753491266240442]], "T": [-0.006120842598600629, -0.14214829849338728, -0.0764574852689728], "aligned_model": [[-0.14352387921483487, -0.033796399138269345, 0.11509752387196928, -0.604486466474665, -0.10371000384975979, -0.5785094444165906, -0.05210719052211979, -0.6402403916141188, -0.3129520809420631, 0.6679401955036808, 0.4140870224775075, 0.5085515721534204, 0.3678992531916105, -0.06317149338418017], [0.12003485148844939, -0.6830633493008594, 0.6542635785678433, -0.18577070052317404, -0.7119508672180053, 0.380494065733996, -0.10792092472239023, -0.3167605779450817, 0.35040554804639656, -0.4277856307566665, -0.38536270600591355, 0.3296331505089247, 0.3543443647009013, -0.06986217716892264], [-0.6434933262696497, -0.6142108595641832, -0.1938347216523441, 0.25801136683050974, 0.12402204561321269, -0.2699187648117107, 0.6450554264530302, -0.5077543598084859, 0.3364455447565834, -0.18616644235925595, 0.4134811578483281, -0.23665590179794083, 0.43755092964524833, -0.10513589459159317]], "inverted": false, "swapped": false, "error_lsq": 0.0409895292735137, "error_max": 0.27520720803426246, "target": "851.xyz", "model": "19.xyz", "model_rescale": 3.9282355846067225, "target_rescale": 4.086960506344344},
{"mapping": [10, 12, 0, 5, 7, 1, 6, 2, 3, 9, 8, 11, 4, 13], "R": [[0.4373771202446281, -0.5835584229618019, -0.6842227865811334], [0.855276665815197, 0.5050207993738643, 0.11599921168621552], [0.27785442159259666, -0.6359351847398587, 0.719988445192925]], "T": [-0.005959008169094601, -0.12837757477857203, 0.04025885440824399], "aligned_model": [[-0.06912394722288694, 0.23653224813303114, 0.02269428743322925, -0.649065270461376, -0.2425921359979013, -0.5346037163277422, -0.18962458064438825, -0.6928866100308402, -0.2988584524649886, 0.5825437868739183, 0.6332355655368356, 0.48200172913326994, 0.3407043686154023, -0.07987905493397618], [-0.02944409022504968, -0.7206366903422785, 0.6416141774399978, -0.11198919969023056, -0.7002653694930039, 0.3617672973185629, -0.3073731361185388, -0.21138407833889222, 0.4503985880161302, -0.39010725338689134, -0.25336463714564855, 0.27319441727885113, 0.3189666570564635, -0.020678056963973915], [-0.8132378972551083, -0.5194030756140494, -0.17535347910572996, 0.31198649159483455, -0.03078260848661986, -0.16417591073544274, 0.6411511913247477, -0.40690621637327345, 0.4218124391815415, -0.2119054983459317, 0.43323482099389743, -0.29737619319836983, 0.3214624930406489, -0.05311035672939579]], "inverted": true, "swapped": false, "error_lsq": 0.04900285149109036, "error_max": 0.28312636128479507, "target": "851.xyz", "model": "20.xyz", "model_rescale": 4.067790424073018, "target_rescale": 4.086960506344344},
{"mapping": [9, 12, 8, 13, 11, 1, 6, 10, 5, 3, 2, 0, 4, 14], "R": [[-0.07446374950748141, 0.5862510574387804, 0.8066999737580257], [0.37745455512460957, -0.7321900770234192, 0.5669442211753489], [0.923029365093533, 0.34670937218418507, -0.16676151358955138]], "T": [-0.0051226654244053565, -0.011373751169421395, -0.0182067260163676], "aligned_model": [[-0.2907979487526488, 0.08040874023939486, 0.04772647900616876, -0.6710452622399979, -0.18247440082305783, -0.5683046906986379, 0.1090976803224765, -0.6694159282422416, -0.329044213938387, 0.5423329668696637, 0.6693184609862592, 0.6135128704172994, 0.2468728319146395, -0.057109367419343415], [-0.014627486423186689, -0.5217283165545884, 0.5564008945626895, -0.16729805807798287, -0.6328748314022135, 0.4583621340050632, -0.3159813308635273, -0.2887689200933128, 0.35572775873992835, -0.662450000027617, -0.016935903923393822, 0.16773785032025212, 0.42786604825143637, -0.04473121310804896], [-0.7409991894324693, -0.5832168702911225, -0.02081753466232726, 0.1313198958362655, -0.0004578331014001777, -0.3862818621858407, 0.6464171057153372, -0.4094268722079813, 0.3116075136526707, -0.006499228714974943, 0.2961500156030667, -0.3176514413255718, 0.6031137731318988, -0.06586127172580195]], "inverted": true, "swapped": false, "error_lsq": 0.046559363367547735, "error_max": 0.356231805916997, "target": "851.xyz", "model": "21.xyz", "model_rescale": 4.186013935880536, "target_rescale": 4.086960506344344},
{"mapping": [2, 2, 11, 6, 3, 10, 8, 5, 9, 0, 7, 4, 13], "R": [[-0.7191495513376727, 0.4768248161693849, -0.5054325053811407], [-0.31764200388518915, 0.4213474220578135, 0.8494527104512861], [0.6180028156720857, 0.7714301294415893, -0.1515522194199312]], "T": [0.0757471250654464, -0.048146313019523004, -0.00742523331640862], "aligned_model": [[-0.22805091018821266, -0.22805091018821266, 0.4207392435494612, 0.48408735323715174, -0.11154940199159394, 0.6805032120285122, -0.18086502293736312, -0.691916523509504, 0.5739946795800634, -0.3984476744285775, -0.4911226765573428, 0.24472899505819218, -0.015476328229348746], [-0.23697046342180056, -0.23697046342180056, 0.27527670652400316, -0.5419715392309173, -0.3774200587140182, -0.035503840323891436, -0.6097713727657441, -0.17036435712290465, 0.6090987089609846, 0.44448269824022946, 0.2911117901788137, 0.09171760220199963, 0.01624124844113979], [-0.599440193405877, -0.599440193405877, -0.5969156010471233, 0.21359304756049075, 0.5869717519540536, -0.12163954032687213, 0.06828880875748729, -0.15200811250919613, -0.044682433683000046, -0.015520779938436391, 0.6644791982210074, 0.6146390125385126, 0.08455459662017602]], "inverted": true, "swapped": true, "error_lsq": 0.05668167948667656, "error_max": 0.3833463683634716, "target": "851.xyz", "model": "22.xyz", "model_rescale": 4.166573947596378, "target_rescale": 4.086960506344344},
{"mapping": [12, 13, 2, 9, 10, 11, 8, 14, 3, 5, 0, 1, 4, 15], "R": [[-0.6970077262725567, 0.36210187465003546, -0.6189204002868953], [0.5235464816861786, -0.3328038942587502, -0.7843090267746727], [-0.48997888835171716, -0.8707030494612619, 0.04238972314694811]], "T": [-0.07372363190324865, -0.020662096447551723, -0.05600033942376078], "aligned_model": [[-0.37066062217127355, 0.06598113479061346, 0.18968390573394894, -0.6259167778698584, -0.18060020910018665, -0.6455967511924607, -0.1226335477855759, -0.5469495521815222, -0.2696267988839226, 0.5673354698895978, 0.6209727695444245, 0.6049591051533061, 0.26100762479749107, -0.006877533082994602], [0.11685081277801045, -0.739239795678065, 0.5935224703317825, -0.08644299629006601, -0.7617994023655044, 0.49548217508046327, -0.16730588886750658, -0.49082854507109935, 0.4505855172256488, -0.44999361454179443, -0.14824188971880953, 0.18063105548553127, 0.32553146993693477, -0.01805274290002743], [-0.6237150378737005, -0.48137289052143034, -0.1347596324315165, 0.1702843685118431, -0.040699224189095815, -0.22526213023800531, 0.737840046607501, -0.48141602106437414, 0.2617641768305251, -0.36548322551083856, 0.3537264829866485, -0.13948608834781062, 0.4989397598177046, -0.0729643842857014]], "inverted": false, "swapped": false, "error_lsq": 0.041997438963971935, "error_max": 0.22705235078174657, "target": "851.xyz", "model": "23.xyz", "model_rescale": 4.274766983524099, "target_rescale": 4.086960506344344},
{"mapping": [5, 3, 7, 0, 4, 9, 11, 10, 12, 6, 13], "R": [[-0.08448953909725676, 0.7600448307465274, 0.6443550054423539], [-0.6568183157076947, -0.5287682595775333, 0.5375814615611796], [0.7493004857425629, -0.37780415947793555, 0.5438867521342382]], "T": [0.027721720364394214, 0.03376281463301073, 0.03232521489993963], "aligned_model": [[0.27498102072263175, 0.08106705149130145, -0.5137109748663525, -0.36313718232949366, -0.38535285757266946, -0.592451159697246, -0.037905941164282766, 0.007304922208908826, 0.6370797316219683, 0.33313994815201076, -0.06111985460870138], [-0.08112878947832, 0.7019791665245234, 0.4560095224881184, -0.21588396875156374, 0.5375066627852096, -0.2647614338229603, -0.6193519858515015, -0.04294770700868786, -0.1099356718455933, 0.47117669126286504, 0.08292404494139366], [-0.7098416762334611, -0.18550533268621594, -0.6130052058442745, -0.4701838797518026, 0.13572851102400768, 0.4882622888443148, 0.40683151987274935, 0.642762201806169, 0.30476950840621225, 0.4504675150018898, -0.07071901641801091]], "inverted": false, "swapped": true, "error_lsq": 0.04827327100087146, "error_max": 0.29869017569620493, "target": "851.xyz", "model": "24.xyz", "model_rescale": 3.7841303162186577, "target_rescale": 4.086960506344344},
{"mapping": [13, 14, 6, 2, 9, 3, 8, 12, 4, 10, 0, 7, 1, 15], "R": [[0.5067027795393831, 0.5182023036413039, -0.6889983060268793], [0.7795415875816096, -0.6167127719964333, 0.10945442013559475], [-0.36819452255269514, -0.5925636922368105, -0.7164503222170199]], "T": [0.023915801127112793, -0.056090726269416774, -0.04820345124992029], "aligned_model": [[-0.24370742015396296, -0.1008125289714674, 0.06893155677665372, -0.5616413294751651, -0.1650236950054209, -0.44820462114929316, 0.025845405654990786, -0.6078986734797918, -0.4043816287457743, 0.5874808888623302, 0.6045943771334925, 0.6338236335303817, 0.1341743655157948, 0.017897887148819007], [-0.04645383832309345, -0.6638018714171817, 0.6610289276594774, -0.2802288139205436, -0.6095584756668714, 0.4905671932209851, -0.22700191914833165, -0.3410897151345682, 0.4475355322918261, -0.520334731929058, 0.014613679784379649, 0.15241112782170138, 0.21202201323615552, 0.010989516930621057], [-0.7832442250120912, -0.5426010342178929, -0.12396251628660616, 0.3709361345590849, -0.03743192841308541, -0.40495170080571663, 0.5176970916142258, -0.3560312479986515, 0.2976668222779427, -0.3167681555062437, 0.3980512155978071, -0.13390626867135194, 0.6366286461994967, -0.06468663304516883]], "inverted": false, "swapped": false, "error_lsq": 0.044746410778622556, "error_max": 0.30486042948805203, "target": "851.xyz", "model": "25.xyz", "model_rescale": 4.19342608120988, "target_rescale": 4.086960506344344},
{"mapping": [6, 4, 3, 2, 8, 12, 5, 11, 7, 9, 0, 13], "R": [[-0.18465838913541205, -0.8076329024753026, -0.5600271191301663], [0.25211728473050266, 0.5118310285660045, -0.8212587125487223], [0.9499148141081041, -0.2928448275732126, 0.10910432118656857]], "T": [-0.051356969869833666, -0.00395255787034216, 0.047865865823061245], "aligned_model": [[-0.29375057762655904, 0.4551320037648809, 0.09273814355255987, -0.5711796700150894, -0.4194283494097641, -0.7088713232651863, -0.21461940560507725, -0.2015323722402288, 0.6612839450906128, 0.4067861317739023, 0.3310408382141628, 0.06020919039756725], [-0.6258362049946646, -0.426052833660444, -0.5008085125111389, 0.4347629815907086, -0.2481085071708798, -0.09912498795237701, 0.39178166242856743, 0.41095009484523126, 0.003983146529060894, 0.1525215699061049, 0.5049790954741732, 0.013728923256638536], [0.16601934577970537, 0.028346903177368814, -0.43086132514868203, -0.0776034723355302, -0.390216832293922, 0.2053759213608924, -0.6168812594552259, 0.6613999254534164, -0.5685535925145508, 0.7166188016894903, -0.20187415314390628, -0.0425118013596348]], "inverted": false, "swapped": true, "error_lsq": 0.05255976087942862, "error_max": 0.3195655362901238, "target": "851.xyz", "model": "26.xyz", "model_rescale": 3.795458400668931, "target_rescale": 4.086960506344344},
{"mapping": [3, 5, 7, 4, 9, 12, 2, 6, 2, 0, 10, 11, 13], "R": [[0.4904525094149772, -0.005855511118161294, 0.8714482480320316], [-0.8342648730210664, 0.28590230244243864, 0.47144670441234027], [-0.251909621991094, -0.9582408812233267, 0.1353364544409476]], "T": [-0.13403239470123682, -0.07057327044376693, -0.08423314441234275], "aligned_model": [[-0.0776134588010183, 0.3817906174585286, 0.6265019593165603, -0.08355203844962841, -0.15430522615072653, -0.6566197472534488, -0.10069576667004185, -0.7096574151234296, -0.10069576667004185, 0.5287685865643718, -0.6270538409636306, -0.318558653680976, -0.008632866755262009], [-0.640465127197867, -0.495940828318996, -0.33247625115665874, -0.1044660922274822, 0.7077596338528825, -0.2077325896798039, -0.15331091679622, -0.3363300412311151, -0.15331091679622, 0.08341717207778618, 0.28238911326857097, 0.5714548863153964, -0.09910653885335857], [-0.49514571422151427, 0.3378308287448403, -0.5750358774422706, -0.7410312286076596, -0.3588176411911558, 0.33323794927359873, 0.6016769590825879, -0.3239900027344067, 0.6016769590825879, -0.016473338314546115, -0.19045025212132433, 0.2691374977035627, -0.15047947715487434]], "inverted": true, "swapped": true, "error_lsq": 0.056233994628192466, "error_max": 0.5003001778718382, "target": "851.xyz", "model": "27.xyz", "model_rescale": 3.6321398670334006, "target_rescale": 4.086960506344344},
