[{"mapping": [9, 7, 10, 11, 12, 1, 5, 4, 0, 2, 3, 1, 13], "R": [[0.8691856651685876, 0.013939850057297504, 0.49428934850532646], [0.27765843127042567, 0.8133829575404359, -0.5111887713234904], [-0.40917242699122125, 0.5815615573291908, 0.7031102900875227]], "T": [0.13003192171240172, -0.07325167989340406, 0.06966842144288864], "aligned_model": [[-0.4265375773161688, -0.09865542708220623, -0.7224112420320213, -0.048382945679025596, -0.40349426020160084, 0.06656338619452187, 0.5293690526414654, 0.4649763736711344, -0.13604363987447335, 0.3970455288206899, 0.5805899234770816, 0.06656338619452187, 0.060990941965773815], [0.26228684377154754, -0.07833287778292838, -0.5053086331842914, -0.7092541310178558, -0.08186622234882673, -0.00687562745480394, -0.6572444103855869, 0.19204734889404887, 0.6015031240083526, 0.618546274929173, 0.1556325615369121, -0.00687562745480394, -0.11030931314390943], [-0.26854373631028444, -0.6507972338140222, -0.24985679875110484, -0.15556669593597278, 0.29415764355423246, 0.6394140472135966, 0.3377796055349105, -0.7852192121310091, 0.332959486081166, -0.1337463487485207, 0.20312177235031187, 0.6394140472135966, -0.07315992724495408]], "inverted": true, "swapped": false, "error_lsq": 0.057140062399292334, "error_max": 0.4213249577956875, "target": "852.xyz", "model": "0.xyz", "model_rescale": 3.8414455957264533, "target_rescale": 3.9600813341430947},
{"mapping": [5, 10, 3, 1, 4, 0, 13, 8, 2, 6, 9, 7, 14], "R": [[-0.38706194501468527, -0.6931372284090407, -0.6080656488528869], [-0.6292529235083986, 0.6805982665706756, -0.3752689139765314], [0.6739612815122115, 0.2373747714784056, -0.6995923162013664]], "T": [0.08303687225237918, -0.07337167677322387, -0.0006566948901341723], "aligned_model": [[-0.37510926604894224, -0.03101947805896174, -0.6737345762504329, -0.4549587492025531, -0.3437926048809039, 0.029075175430779338, 0.7304199113149482, 0.7329610801330374, -0.23453091292230802, 0.116211887744388, 0.6093447347762746, 0.19513684735602063, 0.030569451388346262], [0.26677668773766083, -0.03132607884854044, -0.2311061624371355, -0.7462822577612119, -0.04166856344487517, -0.5094116455577546, -0.429836287440841, -0.017132981553244588, 0.5562748686226948, 0.629106740576356, 0.2696467137025259, 0.09001634196211222, -0.13110806519071896], [-0.3303899068398108, -0.6741584521701005, -0.12632963869011446, -0.0797133357147449, 0.3349453684283277, 0.5759494535384843, 0.1686807868291421, -0.44645724521642566, 0.21683044796815001, -0.3404370140505837, 0.26551636466773315, 0.610647609896464, -0.04512778963457514]], "inverted": true, "swapped": false, "error_lsq": 0.052129332300761395, "error_max": 0.30547214690701924, "target": "852.xyz", "model": "1.xyz", "model_rescale": 4.316132596720782, "target_rescale": 3.9600813341430947},
{"mapping": [10, 11, 9, 1, 7, 6, 0, 3, 8, 5, 4, 12], "R": [[-0.4796456740176376, 0.404704634698759, 0.7785590446777371], [-0.8509874601856849, -0.43085965372362645, -0.3003003519809367], [0.21391673614489337, -0.8065817487685307, 0.551058538224947]], "T": [-0.007913530034949386, 0.08661427214014429, -0.07209473424934915], "aligned_model": [[-0.14078223862582817, 0.4369141364870324, -0.005507007152992217, -0.5724481568395493, -0.5840330056665209, -0.41935971866620425, 0.04384951320864832, -0.3549863537107552, 0.5501298955606438, 0.3885201217444722, 0.33377103078583553, -0.07825966249300181], [-0.6940888485652809, -0.3213849427939509, -0.44280355764903423, 0.39811332382096987, -0.2593331692887225, -0.21676289991134673, 0.5393943912436929, 0.5894715355332376, -0.11504599082864107, 0.13662462791985563, 0.3648545976622207, 0.03373736059797978], [0.06610332548544776, 0.14519549569270945, -0.6863552447589345, -0.30234614258937004, -0.3071701131018161, 0.5736287445656536, -0.5617720711136556, 0.38341661895396034, -0.5105454182507625, 0.5926621217352872, 0.029391943851545033, 0.027049200739356488]], "inverted": false, "swapped": true, "error_lsq": 0.05932576624722419, "error_max": 0.29176864002065545, "target": "852.xyz", "model": "2.xyz", "model_rescale": 3.795458400668931, "target_rescale": 3.9600813341430947},
{"mapping": [10, 11, 8, 2, 7, 1, 4, 6, 5, 3, 9, 12], "R": [[-0.23931170272851193, 0.9551019284919493, 0.1746717353441583], [-0.017629839249548224, -0.18414383814692517, 0.9827411844634142], [0.9707827242515266, 0.23210203157981707, 0.06090606892015077]], "T": [-0.003733892958814225, 0.05487366551097483, 0.11773135271312891], "aligned_model": [[-0.022050029699991036, -0.23583500118341438, -0.7298879736731501, 0.20749542114129954, 0.1028756915897983, 0.2701362936668019, -0.07545353577137667, 0.6478582245801325, 0.23878532994376256, 0.6787473408770942, -0.5886113455411335, 0.09924340981374186], [-0.10383509129967344, -0.4871279650420164, -0.07480691121984595, 0.08006264501178953, 0.5494880667132275, 0.6700774777092947, -0.19776946702750792, -0.16157594683274779, -0.6684392185549448, 0.08583825440561796, 0.3684669595725434, 0.025390241853972678], [-0.6701304433924802, -0.1350795733903788, 0.13192740473792303, 0.9507242040460612, -0.38311264174174725, 0.24128743486342202, 0.48582550384549783, -0.3370892310684969, 0.2576071969248127, 0.45548292543337493, -0.3482972043549894, 0.03962585473610124]], "inverted": true, "swapped": true, "error_lsq": 0.051089773832773376, "error_max": 0.3220372211031332, "target": "852.xyz", "model": "3.xyz", "model_rescale": 3.7530521520055578, "target_rescale": 3.9600813341430947},
{"mapping": [0, 9, 7, 10, 1, 11, 3, 4, 5, 6, 12], "R": [[0.8761550844935038, -0.3105991147167888, -0.36861966558137993], [0.4292247860331537, 0.15470561909598296, 0.8898495684523997], [-0.21935895461771027, -0.9378669209207007, 0.26886295332706145]], "T": [-0.17933213959865424, -0.088944985422185, -0.017128266825403173], "aligned_model": [[-0.5643090988394157, -0.06029687366214301, 0.4186853544429776, 0.35498175949448596, 0.08073816055757033, -0.29438368572404777, -0.03525017944462028, -0.579522579497233, -0.378499324085468, 0.46701830775560227, -0.07096223855250344], [-0.6010335421082521, 0.0015569077012246996, -0.27119800250840376, 0.44707360799868434, -0.7222746819175672, 0.5401406644513657, -0.4228943694551951, -0.04928788380104797, 0.39800100412356354, 0.19240580899938486, -0.04528615516941058], [-0.20956317557300866, -0.8141508621306203, -0.35773453623180157, -0.2881317444031968, -0.019038663575722405, -0.06776859833923654, 0.6525983660933887, 0.18960946506374907, 0.5527650472394897, 0.4087324092617407, 0.0455130698405345]], "inverted": false, "swapped": true, "error_lsq": 0.06042122381453781, "error_max": 0.28555928201320535, "target": "852.xyz", "model": "4.xyz", "model_rescale": 3.7855080009869324, "target_rescale": 3.9600813341430947},
{"mapping": [13, 6, 12, 1, 14, 2, 5, 7, 15, 8, 10, 9, 16], "R": [[-0.27188249411986953, 0.6551535495827044, -0.7048785256058963], [0.6457300154967248, 0.6672927019758577, 0.3711511780613917], [0.7135213076550404, -0.3542517132759449, -0.6044775158459569]], "T": [0.02936548533149285, -0.11279781633783469, -0.037141444807047966], "aligned_model": [[-0.4642141441982149, 0.04460002364949294, -0.6342544873314455, -0.23119881866544317, -0.43478904357806225, -0.1547236693800711, 0.7674383614885167, 0.6493724662944548, -0.078148435290703, 0.13892591031548077, 0.5935063081283865, 0.1300128968047853, 0.004046132542515617], [0.29790149713155223, -0.07965615558977172, -0.26212032174499084, -0.8125276400554954, 0.04098890721863914, -0.4929046872352181, -0.4261921974656285, -0.05333482486870471, 0.6493777602296199, 0.5361632372077196, 0.2991454021719755, 0.08203564338673384, -0.10492731001940331], [-0.37266024026341144, -0.688867312969468, -0.056547224150422196, -0.161994783857366, 0.4304134883113857, 0.5690067527427537, 0.07302041782303358, -0.45358467992876805, 0.2575571368698379, -0.28645237160728343, 0.17025236139773597, 0.6402240700994337, 0.009589034544484475]], "inverted": false, "swapped": false, "error_lsq": 0.04864713128031845, "error_max": 0.28174640288943054, "target": "852.xyz", "model": "5.xyz", "model_rescale": 4.2253639853439635, "target_rescale": 3.9600813341430947},
{"mapping": [6, 3, 2, 4, 5, 10, 1, 0, 11, 12, 9, 8, 13], "R": [[-0.5456604762799319, -0.47217986883056307, 0.6923155466238715], [-0.5365655884269473, -0.43773110433682494, -0.7214491316871253], [0.6437018051411705, -0.7651389754595016, -0.014502906287457373]], "T": [0.05721514166687677, -0.020679171392799026, 0.0061309009475221995], "aligned_model": [[-0.42859601539023484, -0.19804083201120645, -0.5174173366732672, 0.03831273442010105, -0.4491865031720689, -0.19909818005578975, 0.5084436349840706, 0.664379279909674, -0.22614605759803977, 0.2383059819888382, 0.6222633138615682, 0.24637737844182903, 0.030976102074218047], [0.26266846652172166, -0.16553097300643638, -0.364793744364296, -0.6783087553590653, 0.05002708439829877, -0.5137165587287357, -0.5634777930152429, -0.0794166495924531, 0.675084970484118, 0.8440038387169116, 0.15215620114923317, 0.09101576136749259, -0.03576253820451883], [-0.30599023561679506, -0.6395252119866611, -0.03329355266366433, -0.25478544867273095, 0.3793590696956741, 0.553607010184798, 0.2072982072916114, -0.5144113809213244, 0.20904092643323804, -0.2953208597839868, 0.1592482565381874, 0.7115433801202837, -0.04681351160668382]], "inverted": true, "swapped": false, "error_lsq": 0.0482949037827366, "error_max": 0.2542254925664759, "target": "852.xyz", "model": "6.xyz", "model_rescale": 3.89814844738969, "target_rescale": 3.9600813341430947},
{"mapping": [0, 7, 3, 8, 6, 9, 11, 4, 1, 2, 10, 5, 12], "R": [[0.5568148632043868, 0.6343635436842405, 0.5362276592633514], [0.4243340831530138, 0.337731368985636, -0.8401655243330207], [-0.7140712807481978, 0.6953563236553336, -0.08112822667338185]], "T": [0.031270107572359665, -0.04803385529937289, -0.09080146540939088], "aligned_model": [[-0.387454557875679, -0.08735461273962547, -0.700846184177564, -0.13358734922279897, -0.5051468623186391, 0.23179129547766703, 0.5436695281829369, 0.5091168457897199, -0.2846033664471671, 0.3623123769538685, 0.6409428508475363, -0.04173027126288127, 0.18346380757231862], [0.3114054789471564, -0.28148993164280034, -0.3141368469794973, -0.6854845515148315, -0.12744842417790542, -0.3448441484450157, -0.6733964327950036, 0.11184907414804422, 0.6781615304564762, 0.577943478856979, 0.13992033919881441, 0.2636620649967119, 0.01780767931789902], [-0.30640157443104404, -0.6930481886841555, -0.30428886513860104, 0.06465078175414665, 0.3133346647380811, 0.7275143551137466, -0.13213970011983767, -0.4927911817338458, 0.20527423800375572, -0.08025454518527816, 0.272345928812273, 0.6163712164622408, -0.06061048057953579]], "inverted": false, "swapped": false, "error_lsq": 0.054907127257001025, "error_max": 0.3334507610286952, "target": "852.xyz", "model": "7.xyz", "model_rescale": 3.7474275329858107, "target_rescale": 3.9600813341430947},
{"mapping": [2, 1, 3, 0, 8, 5, 10, 12, 4, 13, 11, 9, 14], "R": [[0.24480398002517384, -0.8106110176737991, -0.5319593869739329], [-0.9495671916811965, -0.08956752746103652, -0.30049926207430655], [0.19594172563933532, 0.5786945965277063, -0.7916561148018217]], "T": [0.08922479804953218, -0.09392938496157296, 0.008007778644350734], "aligned_model": [[-0.6156222754709822, -0.14443233859815388, -0.5141604201356719, -0.036372418389713085, -0.40992630667003904, -0.20272409628473806, 0.6462734437649255, 0.5791614313746808, -0.25643995524659313, 0.37081870499963043, 0.6230182426162475, 0.222138028508016, 0.06884146031208307], [0.19830568734524415, -0.14323522154630644, -0.46987077741416894, -0.6445915841662059, 0.20065564793428206, -0.36705474694862195, -0.6084696273785276, 0.0796650619728175, 0.6078762977304679, 0.7193934273360599, 0.04240107000752355, 0.1072044532378289, -0.048330377743365634], [-0.3474901275565751, -0.7045756178940031, 0.10143628018969988, -0.3314177937817589, 0.36756048536132757, 0.6023055522884461, -0.006431921089723012, -0.32436201859799435, 0.022516669553486753, -0.25145841040042205, 0.29603298791497556, 0.7306554745437188, -0.024814911519232062]], "inverted": true, "swapped": false, "error_lsq": 0.053381624922271095, "error_max": 0.3336468007257027, "target": "852.xyz", "model": "8.xyz", "model_rescale": 4.019505241142653, "target_rescale": 3.9600813341430947},
{"mapping": [9, 8, 7, 4, 0, 2, 5, 11, 1, 10, 6, 2, 12], "R": [[-0.6924211385045426, -0.7096471645768525, 0.1302070226988824], [0.6942980297811152, -0.704462439803688, -0.14725120287419488], [0.1962223554902321, -0.011557366216814385, 0.9804913128080207]], "T": [0.061477628375940216, -0.007433905311121727, 0.024571850771499832], "aligned_model": [[-0.1535516558784964, -0.14198914341837854, -0.7373148887672806, -0.25820243841170565, -0.462703303054356, 0.16642283646069178, 0.5176258578618176, 0.40770952941335664, -0.30673887265914745, 0.3187342412058811, 0.7276061326122395, 0.16642283646069178, 0.08655236895437793], [0.31919194221970637, -0.24100819047571018, -0.336016043239327, -0.7724433580850126, -0.2508333203759738, -0.054479499630238556, -0.49926690206004437, -0.03413080089687778, 0.5217008637861886, 0.8711900437588609, 0.23739873528072136, -0.054479499630238556, -0.03287466028502743], [-0.5361580521837785, -0.5755791781133569, -0.24662601659884606, 0.011928144496855784, 0.32229177610745213, 0.6048695136755198, 0.0010385724654276458, -0.49181973558820213, 0.22640917801393481, 0.02024178221278009, 0.18075005639454267, 0.6048695136755198, 0.007741094454096761]], "inverted": true, "swapped": false, "error_lsq": 0.06480722243782486, "error_max": 0.4319300283568597, "target": "852.xyz", "model": "9.xyz", "model_rescale": 3.877068213659057, "target_rescale": 3.9600813341430947},
{"mapping": [4, 3, 13, 6, 2, 9, 11, 5, 7, 1, 0, 8, 15], "R": [[0.4612135745308629, 0.3697292803051472, -0.8065868198486149], [-0.5705008028051549, -0.5726605375653098, -0.5887178804096951], [-0.6795666800742498, 0.7316831062696803, -0.05318796228860334]], "T": [-0.010828085198181455, -0.18304687470011302, 0.005136724959528443], "aligned_model": [[-0.37329597608178766, -0.10796272176576496, -0.6980849776349767, -0.021763771287508556, -0.5555894559213079, -0.150185628932215, 0.5918002664139488, 0.3993718273273203, -0.18547440592888853, 0.3480432577682046, 0.7549370015129189, 0.25192042124646896, 0.0768576640632802], [0.3079466394866033, -0.1526338929232979, -0.4938234543032759, -0.6998669072626904, 0.008004527186586563, -0.29426588940625725, -0.41933499199313196, 0.18438135470501224, 0.5804680479831311, 0.593028892992224, 0.033603606758702165, 0.1890868266362973, -0.1626454494928758], [-0.28749457352021346, -0.6212826678170295, -0.1643754496237427, -0.33114000607700933, 0.33238245641296094, 0.6406326806286926, 0.3596254719220678, -0.549595616122921, 0.23498492467411153, -0.1425940172767664, 0.025931832359939108, 0.6278747649882925, 0.0050068484635634606]], "inverted": false, "swapped": false, "error_lsq": 0.04585113847119842, "error_max": 0.27046985425924114, "target": "852.xyz", "model": "10.xyz", "model_rescale": 4.260839863003843, "target_rescale": 3.9600813341430947},
{"mapping": [9, 10, 6, 7, 3, 1, 0, 8, 11, 5, 4, 12], "R": [[-0.18410927959819232, 0.8877621620168601, 0.4218792681052074], [-0.9361889293425574, -0.027631948420672556, -0.3504094233934266], [-0.2994228811267955, -0.45947232682461747, 0.8362004060870225]], "T": [-1.2832935142286905e-05, 0.10654748950462156, -0.02758642356164895], "aligned_model": [[0.5097149813835903, 0.09981415383885811, -0.5500541100698456, -0.20222191215340002, -0.6848357891746727, -0.427515126622372, 0.1366251614575814, 0.7334341782735292, 0.375387334739203, -0.05763034284443344, 0.11399281487583156, -0.08781269460973955], [-0.14891037900147958, -0.68008429995387, -0.47820196310132024, -0.21743886079661257, 0.33975735203639346, 0.3834699041251256, 0.7105565459238223, 0.17706521974962425, -0.2735056464463199, -0.028998763178606057, 0.379541713629404, 0.00982768254677259], [-0.6042352225292081, -0.15985569679324527, 0.15628080266198038, -0.628417555641202, 0.21209303697650475, -0.48508230362499205, -0.28052171447950913, -0.06501716336961272, 0.32763799041130826, 0.733905394820103, 0.31438203922927355, -0.004991530265896143]], "inverted": false, "swapped": true, "error_lsq": 0.05507711827835082, "error_max": 0.27487394307260266, "target": "852.xyz", "model": "11.xyz", "model_rescale": 3.890672605050136, "target_rescale": 3.9600813341430947},
{"mapping": [4, 2, 10, 11, 12, 9, 6, 0, 7, 3, 8, 5, 13], "R": [[-0.20172729363140626, -0.6434759640871124, -0.7384069221278401], [0.6122783442530779, -0.6712884504643177, 0.41771646535889023], [-0.7644745438291966, -0.3678457556033194, 0.5294036002160972]], "T": [0.1503603276556365, -0.14756955231536553, -0.02263936974815898], "aligned_model": [[-0.21828015408026208, -0.2759073354117492, -0.7209446069658461, -0.07240754715098174, -0.47545749591551173, -0.005166899144040671, 0.6051428229166519, 0.47205248631410124, -0.10442673488423376, 0.3293843288524279, 0.6889810879226765, 0.06017929515257803, 0.04742425317388203], [0.20296386679597642, -0.3507547748065062, -0.30858686982023714, -0.63436614932787, 0.08230985951890415, -0.5776280971065957, -0.4843124694721208, 0.11057785190657546, 0.586023124518507, 0.7094944538238588, 0.2723956983734923, 0.08060176024584109, -0.014768944282798069], [-0.5046015686152262, -0.5542179419752415, -0.14281273955341914, -0.14978381904281077, 0.30998602684758253, 0.6071870712635318, 0.08615140968870577, -0.44521316507667524, 0.3293400437612379, -0.3166714298676472, 0.2069426649612966, 0.7154510145110037, -0.011800917890392358]], "inverted": false, "swapped": false, "error_lsq": 0.0498898013217373, "error_max": 0.3280882899098109, "target": "852.xyz", "model": "12.xyz", "model_rescale": 4.124412569039231, "target_rescale": 3.9600813341430947},
{"mapping": [9, 7, 11, 10, 8, 2, 4, 5, 6, 3, 0, 1, 12], "R": [[0.044643081315745126, 0.6696632862648428, -0.7413218453004116], [0.9989757316582253, -0.024442042574708944, 0.038079838664176635], [0.007381249795893108, -0.7422625341371796, -0.6700685394552586]], "T": [0.10229097411382228, 0.0773132702524083, -0.06367486881354081], "aligned_model": [[-0.4127873489235606, 0.03264671294952527, -0.6892908886541524, -0.1300476588752929, -0.4997711493178356, -0.12193378493767694, 0.5630877514139884, 0.6453722390002363, -0.19551767632204592, 0.2494304021155917, 0.6539090997008433, 0.16330150615262679, 0.07217429647744465], [0.33090066771012905, -0.06250317017924001, -0.5113829451809901, -0.5975462096845366, 0.03693280521229287, -0.5309533981661471, -0.4849238875920038, -0.22897868218605305, 0.577110065242197, 0.7584893972234675, 0.23812941534969959, 0.1886170634947758, -0.039941810876563566], [-0.344795883659478, -0.6708640604070233, 0.06818786969765403, -0.25127314774353654, 0.32463781250210944, 0.5038904852807778, 0.2360449405390371, -0.49378399295882136, 0.26666735710918554, -0.215669765234264, 0.01770697433303514, 0.7405349791110761, -0.05132691955780602]], "inverted": true, "swapped": false, "error_lsq": 0.0508169090399811, "error_max": 0.3575886026643828, "target": "852.xyz", "model": "13.xyz", "model_rescale": 3.9028299243045295, "target_rescale": 3.9600813341430947},
{"mapping": [12, 11, 13, 14, 5, 10, 7, 6, 8, 2, 3, 4, 15], "R": [[-0.9542308135474862, -0.2541107837474676, -0.15770625878433184], [0.23930640317500984, -0.33248086084305545, -0.9122438942368979], [0.17937669825242772, -0.9082313508992678, 0.3780738199978265]], "T": [0.08611060415571285, 0.07369177928507513, -0.018662703061527536], "aligned_model": [[-0.5188398151629454, -0.08535942938522649, -0.63477873408316, -0.2754774396029262, -0.3087668816983289, -0.02158748969192059, 0.6327510525248168, 0.6603946290397569, -0.3475450804988938, 0.23283244410453552, 0.6418982513528803, 0.20678444158504344, 0.1482675522960609], [0.17298970386970194, -0.24155164328829565, -0.24342411995129143, -0.6942412523848623, 0.1252952740765574, -0.5462423473522467, -0.5940505957303981, 0.011366012172983678, 0.690139360162296, 0.7597815052876141, 0.2353688460884844, 0.01836701891100799, -0.019848451494523578], [-0.3479273402460441, -0.6644771504530539, 0.09272589716427902, -0.2688298437174741, 0.3030680603821463, 0.3806309248127244, 0.2568954516947608, -0.35141128647866104, 0.14998570859713628, -0.24205330069620282, 0.21296212835996306, 0.6459727381634648, -0.03758533857109306]], "inverted": false, "swapped": false, "error_lsq": 0.05042244682110386, "error_max": 0.32396724075485245, "target": "852.xyz", "model": "14.xyz", "model_rescale": 3.942246331269136, "target_rescale": 3.9600813341430947},
{"mapping": [8, 0, 7, 2, 6, 9, 5, 12, 11, 13, 3, 4, 14], "R": [[-0.30452558062997204, 0.9215118967498697, 0.2409979147014264], [-0.0041733434175342254, 0.25172180241639, -0.9677906371695086], [-0.952495015182073, -0.29572277277325393, -0.07280994242959374]], "T": [0.08607087115473622, 0.0046325307768335065, 0.10415020343310095], "aligned_model": [[-0.4897289505749569, -0.11440277522351, -0.6056133456095046, -0.02688103652553317, -0.4554535314112552, -0.29103267774651054, 0.405932598600375, 0.5799659830239994, -0.2729016059372581, 0.3083576770055127, 0.8031177139147575, 0.3934050859111012, 0.0958083653524752], [0.23246758441812154, -0.33163184384834554, -0.4639381492965395, -0.7039803289566205, 0.046932267182267035, -0.5180088192155009, -0.5429058186863088, 0.30503050489790834, 0.6028648173776975, 0.7566425899781755, -0.03371493026161573, 0.3651313712313895, -0.040939934453600946], [-0.3599475017067933, -0.5183078837776, -0.07749222053182626, -0.15615269745594113, 0.23738474499045298, 0.5866450104690285, 0.1300304926854257, -0.47369487422902684, 0.269582717212253, -0.11032425497621563, 0.1345019417760104, 0.4494764888409943, 0.018254685715184182]], "inverted": true, "swapped": false, "error_lsq": 0.050026954366077146, "error_max": 0.3143636474586643, "target": "852.xyz", "model": "15.xyz", "model_rescale": 4.355366556412066, "target_rescale": 3.9600813341430947},
{"mapping": [10, 11, 9, 1, 7, 6, 0, 3, 8, 5, 4, 12], "R": [[-0.4796456740176376, 0.404704634698759, 0.7785590446777371], [-0.8509874601856849, -0.43085965372362645, -0.3003003519809367], [0.21391673614489337, -0.8065817487685307, 0.551058538224947]], "T": [-0.007913530034949386, 0.08661427214014429, -0.07209473424934915], "aligned_model": [[-0.14078223862582817, 0.4369141364870324, -0.005507007152992217, -0.5724481568395493, -0.5840330056665209, -0.41935971866620425, 0.04384951320864832, -0.3549863537107552, 0.5501298955606438, 0.3885201217444722, 0.33377103078583553, -0.07825966249300181], [-0.6940888485652809, -0.3213849427939509, -0.44280355764903423, 0.39811332382096987, -0.2593331692887225, -0.21676289991134673, 0.5393943912436929, 0.5894715355332376, -0.11504599082864107, 0.13662462791985563, 0.3648545976622207, 0.03373736059797978], [0.06610332548544776, 0.14519549569270945, -0.6863552447589345, -0.30234614258937004, -0.3071701131018161, 0.5736287445656536, -0.5617720711136556, 0.38341661895396034, -0.5105454182507625, 0.5926621217352872, 0.029391943851545033, 0.027049200739356488]], "inverted": false, "swapped": true, "error_lsq": 0.05932576624722419, "error_max": 0.29176864002065545, "target": "852.xyz", "model": "16.xyz", "model_rescale": 3.795458400668931, "target_rescale": 3.9600813341430947},
{"mapping": [0, 7, 3, 8, 6, 9, 11, 4, 1, 2, 10, 5, 12], "R": [[0.5568148632043868, 0.6343635436842405, 0.5362276592633514], [0.4243340831530138, 0.337731368985636, -0.8401655243330207], [-0.7140712807481978, 0.6953563236553336, -0.08112822667338185]], "T": [0.031270107572359665, -0.04803385529937289, -0.09080146540939088], "aligned_model": [[-0.387454557875679, -0.08735461273962547, -0.700846184177564, -0.13358734922279897, -0.5051468623186391, 0.23179129547766703, 0.5436695281829369, 0.5091168457897199, -0.2846033664471671, 0.3623123769538685, 0.6409428508475363, -0.04173027126288127, 0.18346380757231862], [0.3114054789471564, -0.28148993164280034, -0.3141368469794973, -0.6854845515148315, -0.12744842417790542, -0.3448441484450157, -0.6733964327950036, 0.11184907414804422, 0.6781615304564762, 0.577943478856979, 0.13992033919881441, 0.2636620649967119, 0.01780767931789902], [-0.30640157443104404, -0.6930481886841555, -0.30428886513860104, 0.06465078175414665, 0.3133346647380811, 0.7275143551137466, -0.13213970011983767, -0.4927911817338458, 0.20527423800375572, -0.08025454518527816, 0.272345928812273, 0.6163712164622408, -0.06061048057953579]], "inverted": false, "swapped": false, "error_lsq": 0.054907127257001025, "error_max": 0.3334507610286952, "target": "852.xyz", "model": "17.xyz", "model_rescale": 3.7474275329858107, "target_rescale": 3.9600813341430947},
{"mapping": [12, 9, 5, 4, 10, 8, 0, 2, 11, 7, 1, 3, 13], "R": [[-0.7046560872469663, -0.14186698939069536, 0.6952219473139613], [0.30200904994106387, -0.9465905809043467, 0.11294603090355819], [0.6420672335974574, 0.289551428013042, 0.7098659296487727]], "T": [0.045180529426926755, -0.0021660791385510574, -0.009570930312303846], "aligned_model": [[-0.5236878975608121, -0.12732668179648265, -0.6153397141224857, -0.09364741985252771, -0.507181029716385, -0.08389339931561322, 0.658176144250611, 0.6511608086118617, -0.04977664653295029, 0.14060385023141547, 0.6144949490529802, 0.13407808159182139, 0.13291245593825934], [0.3209145409662385, -0.14311012268858425, -0.28650193459202045, -0.8037610584409002, 0.0783248732400854, -0.5127316695711978, -0.5516328903824824, -0.03881992004691105, 0.6438832427744484, 0.6368357877989603, 0.28873658414735276, 0.09199080925609655, -0.050178932094058215], [-0.3718478257979254, -0.6405227545586273, -0.087584171722095, -0.1750946798974719, 0.3964552819319382, 0.47983396341458606, 0.13693842204865736, -0.3773713123067975, 0.2992009437234199, -0.396856723923838, 0.2545789303893339, 0.6566279040428472, -0.044401328332081276]], "inverted": true, "swapped": false, "error_lsq": 0.047860090879906274, "error_max": 0.2953100932177559, "target": "852.xyz", "model": "18.xyz", "model_rescale": 3.922800546911778, "target_rescale": 3.9600813341430947},
{"mapping": [10, 2, 6, 1, 4, 8, 5, 3, 11, 7, 12, 13, 14], "R": [[0.49178017801583984, -0.8379377239450334, -0.23666986986206423], [-0.737391288907018, -0.25625112182553983, -0.6249715590386492], [0.4630403260567662, 0.48186692494190747, -0.7439072005917635]], "T": [0.05514736677057166, -0.08813344169208163, -0.012295973240746523], "aligned_model": [[-0.6423807643605355, -0.1272284485261568, -0.5358519532763446, -0.13749742317243271, -0.5482959262004607, 0.013714252106700665, 0.6106254439804876, 0.5717236284174424, -0.2225981654237796, 0.4243474653080224, 0.7612611050259381, 0.06568105807416039, 0.09707322882665065], [0.17143689964437042, -0.08120275778397522, -0.42328859324396245, -0.7425206452205598, 0.12397824859239241, -0.41658506008272855, -0.5991654591601747, 0.07096530403979666, 0.5641888324827699, 0.6172766836166637, 0.07419945959375841, 0.31922925482384956, -0.004562856935172346], [-0.3232274631907503, -0.7049863733497749, 0.10669394232116244, -0.2997823150064724, 0.3264250950515955, 0.5022849100103071, 0.1009475830765147, -0.3543278410463537, 0.05535521100780624, -0.07786167624538573, 0.29375216410641497, 0.5406582939956819, -0.035974881718799485]], "inverted": true, "swapped": false, "error_lsq": 0.05030801591142204, "error_max": 0.3134857471037252, "target": "852.xyz", "model": "19.xyz", "model_rescale": 3.9282355846067225, "target_rescale": 3.9600813341430947},
{"mapping": [10, 2, 12, 7, 9, 8, 6, 1, 11, 0, 3, 4, 13], "R": [[-0.3833117760370619, -0.10442657336918004, -0.9176966672739337], [-0.7410096957250448, -0.5583379949803167, 0.37304599475511957], [-0.5513408321472211, 0.8230150509776424, 0.13663642512697205]], "T": [0.0699225390171639, -0.14717020349357632, 0.05117565558381598], "aligned_model": [[-0.4471266834005779, 0.07413464006780729, -0.7371357137788769, -0.13505794686240413, -0.5409960378472384, -0.04868704049226627, 0.4995943841802974, 0.44089060114456396, -0.22544807987111282, 0.27888853711921946, 0.7718635834328076, 0.3041869625490831, 0.09546629453839003], [0.27969135790397337, -0.206934690263231, -0.36861370192067877, -0.6764375510576016, -0.1209761535230797, -0.2583366542513021, -0.6009321734705568, 0.2318461882202957, 0.46794964429539687, 0.6219617365427478, 0.1241371836683898, 0.21353434936712504, -0.032940225144451205], [-0.48982680096321285, -0.7704852688161319, -0.09853773348253791, -0.2056450047820127, 0.3744668392339448, 0.7942741463659679, 0.2417700787283098, -0.478191955817043, 0.26968639142894896, -0.019296031284107493, 0.05628848039791287, 0.5141878048333053, -0.05873429683139801]], "inverted": false, "swapped": false, "error_lsq": 0.04372072810833205, "error_max": 0.21927517312275532, "target": "852.xyz", "model": "20.xyz", "model_rescale": 4.067790424073018, "target_rescale": 3.9600813341430947},
{"mapping": [5, 6, 4, 2, 8, 0, 3, 11, 1, 10, 12, 7, 14], "R": [[-0.8006025605171775, 0.48866052739299615, -0.3467656688043645], [-0.22200827716386262, -0.7794413233892997, -0.585818699141527], [-0.5565499662780269, -0.392023101820717, 0.7325094010828742]], "T": [0.019266403727812454, 0.010847931218192667, -0.03003534650713871], "aligned_model": [[-0.48545583106633666, -0.05234085030273067, -0.6582037991842054, -0.09208032306500806, -0.46223517414561704, 0.06012885207292369, 0.6073023309444501, 0.5307806700111887, -0.23211674531297205, 0.4129954353135383, 0.7512339824430218, -0.11821130125410291, 0.06877625432554232], [0.23891098606735384, -0.3914544595082257, -0.3857683899022915, -0.7244349796022097, 0.05145945187918413, -0.413211587930247, -0.5941665282842156, 0.06987723199762969, 0.7366709389923135, 0.7220847155904214, 0.0670412112773772, 0.22580393792424763, 0.0711367818656897], [-0.23426274323724025, -0.6469487036987179, -0.19190601316259284, -0.0039033923717647634, 0.2727431725790955, 0.538261947218422, -0.13919700986153238, -0.4210608584845774, 0.2585691840236316, -0.13204763888451346, 0.18923536718639433, 0.671076451298802, -0.030603113593460504]], "inverted": true, "swapped": false, "error_lsq": 0.048893164721020385, "error_max": 0.31301117692367214, "target": "852.xyz", "model": "21.xyz", "model_rescale": 4.186013935880536, "target_rescale": 3.9600813341430947},
{"mapping": [5, 11, 3, 4, 6, 7, 10, 8, 0, 2, 9, 1, 12], "R": [[-0.3895239096519161, 0.9203955219144502, 0.03381134497935073], [0.38600728924770544, 0.196474505483976, -0.9013302066071376], [-0.8362233532120017, -0.3380382403436834, -0.4318108979729691]], "T": [0.060973932932519015, -0.01241688350468546, 0.0046731612886083615], "aligned_model": [[-0.43468030810982083, 0.11438051296783432, -0.7510943633410545, -0.1344102591320614, -0.4208005641783915, 0.1087485485143898, 0.5061907275155593, 0.5318119667148818, -0.31074901397420485, 0.1243139864505122, 0.6803219820407527, 0.28729930806447446, 0.029240977246820836], [0.4346713029089495, -0.2978454910536315, -0.2511362366636377, -0.7114053967284583, -0.16889371463737723, -0.3359443174436797, -0.678519651859005, 0.2709821125136224, 0.45859849155950344, 0.6958499234111516, -0.054640946445447675, 0.35188816960381136, -0.03965493479877426], [-0.38645060815140525, -0.5562584084357747, -0.36396868027484586, 0.033934477748338264, 0.23545700879400647, 0.6614618072590663, 0.23788666958043142, -0.529802923960666, 0.4068609385798803, -0.20519672865888608, 0.013384235443471722, 0.597279176093842, -0.014630315005512672]], "inverted": false, "swapped": false, "error_lsq": 0.06027808403079143, "error_max": 0.3074119513786599, "target": "852.xyz", "model": "22.xyz", "model_rescale": 4.166573947596378, "target_rescale": 3.9600813341430947},
{"mapping": [3, 2, 11, 12, 9, 14, 13, 1, 8, 0, 7, 10, 15], "R": [[-0.706682315682673, 0.7044099393779133, -0.06638329614428204], [-0.6954599504844179, -0.7088187227152044, -0.11794691857186335], [-0.13013670494363308, -0.03718407769450524, 0.9907985579281103]], "T": [-0.006983104467431594, -0.041080438710666606, -0.05153205604576616], "aligned_model": [[-0.5075475482394263, -0.11721562181613458, -0.6974382175416505, -0.16391866956155526, -0.4672446504604765, -0.005715848875655575, 0.614910525676887, 0.4396537480592395, -0.17880777799196007, 0.5008244017810728, 0.5502400417961945, 0.313956457948736, 0.04887666000442151], [0.185921557504013, -0.05875402852149711, -0.39297962893030647, -0.6763837097926451, 0.010649686569760966, -0.5721640212644981, -0.3787155585987799, 0.07651212676171877, 0.7059048778193227, 0.5630724345078513, 0.280317036879677, -0.0322180572539085, -0.03721340531368094], [-0.2951136303937626, -0.7151175256962536, -0.19826999994179167, -0.08533053811735243, 0.3304790297890006, 0.5349203168075618, 0.4132947692341496, -0.594474568083489, 0.20647639086628206, -0.2610233571002476, 0.26087100988418915, 0.625121835227396, -0.09187708346373649]], "inverted": false, "swapped": false, "error_lsq": 0.05271791869930626, "error_max": 0.33808155161633835, "target": "852.xyz", "model": "23.xyz", "model_rescale": 4.274766983524099, "target_rescale": 3.9600813341430947},
{"mapping": [3, 6, 5, 4, 11, 8, 0, 9, 7, 10, 12], "R": [[-0.5418688522212297, 0.3378840202232801, 0.769553465244749], [-0.7476060616326996, 0.22457879445102996, -0.6250196330460076], [-0.38400953582234265, -0.9140015065417979, 0.13091188806534285]], "T": [-0.04158883378602327, -0.04002674927060147, -0.014321607154756048], "aligned_model": [[0.2453322630126671, 0.37074187528906694, -0.4642578031268183, -0.4089467812631926, -0.45783098185771065, -0.5646351610538423, -0.11392557559078717, 0.022603768319885774, 0.5696937414066247, 0.15172472102371795, 0.02939463779846343], [-0.10631435922748846, 0.6079244202549919, 0.39401626952476165, -0.16008667360581702, 0.42211501292766945, -0.1732195624548789, -0.7030049702900953, -0.07604793499971242, 0.028984753893879486, 0.617448287737659, 0.06377128748251408], [-0.7172425146234684, -0.3116886430180881, -0.4985942098470387, -0.24905404350700322, 0.14289646470546707, 0.4886699860753049, 0.03764393314532729, 0.793259217677101, 0.3440423724422875, 0.4059242796235289, -0.056290408651840394]], "inverted": true, "swapped": true, "error_lsq": 0.043641145902684475, "error_max": 0.20543191189638516, "target": "852.xyz", "model": "24.xyz", "model_rescale": 3.7841303162186577, "target_rescale": 3.9600813341430947},
{"mapping": [8, 2, 1, 4, 15, 6, 3, 12, 10, 14, 13, 11, 15], "R": [[-0.005842913823470186, -0.177941536041615, -0.9840237142006297], [0.2811316011102682, -0.9446443142662674, 0.16915124114705982], [-0.9596514383958527, -0.27565182617854056, 0.055544464253488635]], "T": [-0.09920185316728265, 0.053524988594905676, 0.0225469256619708], "aligned_model": [[-0.5606066130991132, -0.09908408675332124, -0.7192792778798767, -0.1293645868460306, -0.08213114661223526, -0.0620679762998861, 0.4672306532848361, 0.5184537682182723, -0.21059483413121316, 0.37370593287193477, 0.6540907274366805, 0.2623520872018801, -0.08213114661223526], [0.004996208913217962, -0.17453644173940086, -0.34473673005504973, -0.6740223600789657, 0.0012358517367500668, -0.4884330766638955, -0.494214587993044, 0.09751820084864016, 0.785578817912959, 0.6598239113030238, 0.16783165728387828, 0.1316720071621638, 0.0012358517367500668], [-0.34379770538060256, -0.6963278882327463, -0.07709234683128302, -0.14014728994817446, 0.0647619317955972, 0.4989175617561397, 0.1902891669334394, -0.4153320953867176, 0.26117613604901174, -0.17253973338221607, 0.19998500153998422, 0.6953019783039163, 0.0647619317955972]], "inverted": true, "swapped": false, "error_lsq": 0.04514220284676858, "error_max": 0.3499113103241545, "target": "852.xyz", "model": "25.xyz", "model_rescale": 4.19342608120988, "target_rescale": 3.9600813341430947},
{"mapping": [10, 11, 9, 1, 7, 6, 0, 3, 8, 5, 4, 12], "R": [[-0.4796456740176376, 0.404704634698759, 0.7785590446777371], [-0.8509874601856849, -0.43085965372362645, -0.3003003519809367], [0.21391673614489337, -0.8065817487685307, 0.551058538224947]], "T": [-0.007913530034949386, 0.08661427214014429, -0.07209473424934915], "aligned_model": [[-0.14078223862582817, 0.4369141364870324, -0.005507007152992217, -0.5724481568395493, -0.5840330056665209, -0.41935971866620425, 0.04384951320864832, -0.3549863537107552, 0.5501298955606438, 0.3885201217444722, 0.33377103078583553, -0.07825966249300181], [-0.6940888485652809, -0.3213849427939509, -0.44280355764903423, 0.39811332382096987, -0.2593331692887225, -0.21676289991134673, 0.5393943912436929, 0.5894715355332376, -0.11504599082864107, 0.13662462791985563, 0.3648545976622207, 0.03373736059797978], [0.06610332548544776, 0.14519549569270945, -0.6863552447589345, -0.30234614258937004, -0.3071701131018161, 0.5736287445656536, -0.5617720711136556, 0.38341661895396034, -0.5105454182507625, 0.5926621217352872, 0.029391943851545033, 0.027049200739356488]], "inverted": false, "swapped": true, "error_lsq": 0.05932576624722419, "error_max": 0.29176864002065545, "target": "852.xyz", "model": "26.xyz", "model_rescale": 3.795458400668931, "target_rescale": 3.9600813341430947},
{"mapping": [11, 9, 4, 3, 10, 7, 0, 1, 8, 8, 6, 5, 12], "R": [[0.3067325824624283, -0.9282737510578585, 0.21029257227230458], [-0.015586610871781703, 0.21601441987664005, 0.9762657568341163], [-0.9516681041295127, -0.3027302652566001, 0.05179001911765713]], "T": [0.028443553301286086, -0.05399249313748711, -0.15424283075053613], "aligned_model": [[-0.5551489437620052, -0.043428501295107974, -0.7625405381178088, -0.071721163082521, -0.4862765698852381, 0.029821878725622305, 0.589261839610015, 0.5389195954156522, 0.15307712949885321, 0.15307712949885321, 0.642589062153855, 0.08396703857161208, 0.05897554344791072], [0.33872785759784163, -0.22137065044533402, -0.320212124965293, -0.7793340032108784, -0.11817583030622426, -0.44524681727713217, -0.6522615027971161, 0.14356129075487467, 0.6551882772648799, 0.6551882772648799, 0.29289421878339766, 0.2369409788169599, -0.11195066111382812], [-0.28372300383926313, -0.5430785934315565, -0.20255905357436016, -0.05977970458979259, 0.33425499168674483, 0.5578851441882876, -0.017019531287430945, -0.37949798263011225, -0.043423984510907954, -0.043423984510907954, 0.27433838993558085, 0.5379531858229495, -0.0019692242472851285]], "inverted": false, "swapped": false, "error_lsq": 0.05286076002535098, "error_max": 0.4536901742523604, "target": "852.xyz", "model": "27.xyz", "model_rescale": 3.6321398670334006, "target_rescale": 3.9600813341430947},
{"mapping": [0, 11, 10, 9, 8, 12, 6, 1, 3, 5, 4, 7, 14], "R": [[-0.45052645384868706, 0.8927019365124315, -0.010448297922713123], [0.6091763532468724, 0.2988399645016091, -0.7345739215773447], [-0.6526331933233007, -0.33730984000416, -0.6784482196962414]], "T": [0.005167016641172688, -0.06101209153095992, -0.03195552939699923], "aligned_model": [[-0.41064333522563023, -0.14021162037591164, -0.7135919573348516, -0.1148440442549846, -0.3503803133285365, -0.003268021379536492, 0.5506062239464502, 0.523289300742207, -0.03504751076510485, 0.0778238322907466, 0.7650600868097404, 0.12646130236617423, 0.05531955728892986], [0.301221855918378, -0.2477286686960949, -0.2850729259337269, -0.706986234773539, -0.05129735823436461, -0.5153856657775406, -0.587093753850189, 0.30630214638564307, 0.593814349388145, 0.6785309829653738, 0.07569948604599734, 0.17538016499479908, -0.06343506806585399], [-0.3240171886669592, -0.6290550254020655, -0.2265163497393151, -0.15396746629181227, 0.3429062263249601, 0.65868420014361, 0.14021181026529986, -0.24147103118141836, 0.17088727678789045, -0.500747967127149, 0.2686101353507207, 0.6962572014097191, -0.0718251728615347]], "inverted": true, "swapped": false, "error_lsq": 0.050568266947370835, "error_max": 0.40520268383357627, "target": "852.xyz", "model": "28.xyz", "model_rescale": 4.156811204709835, "target_rescale": 3.9600813341430947},
