[{"mapping": [12, 14, 7, 11, 6, 3, 5, 8, 0, 9, 2, 1, 10, 15], "R": [[-0.9353735958038205, -0.0966340899326473, 0.3402030113563369], [0.3313295150810055, 0.09696575398203883, 0.9385192565903379], [-0.1236809957479993, 0.9905854305498257, -0.05868147981433003]], "T": [-0.004761180180472266, 0.1452830651503842, -0.06525001946073652], "aligned_model": [[0.07158567611659673, 0.05344195544630233, -0.30767178312258936, -0.4446429904071276, -0.6584109703984603, -0.11064874411152567, -0.6176729132066006, -0.06681548357712919, -0.33383373773134567, 0.3437850499886055, 0.5979230066415518, 0.1995191621386988, 0.5776720863210085, 0.06726178703031813], [-0.6711241631419744, -0.47839441566764546, -0.3760086129993894, -0.27088092916087647, 0.2817346659882904, 0.30484920405353955, 0.24681677741534772, 0.25642580297210427, 0.6292383321266214, -0.20197344358340918, 0.5169275904386845, 0.8849359550606595, -0.023651180779430098, 0.13637774908751224], [0.1923974197069803, -0.33637857702777374, 0.5363573994771432, 0.01480065952639735, 0.3817670181983679, -0.6941001860937619, -0.30509974295506265, 0.5942456115870751, 0.07413112018204934, 0.7336838162754998, 0.4011790354321412, 0.07645841162993208, 0.2245424349682235, 0.0036036662726224022]], "inverted": true, "swapped": true, "error_lsq": 0.05018922403978945, "error_max": 0.28364730200449423, "target": "853.xyz", "model": "0.xyz", "model_rescale": 3.8414455957264533, "target_rescale": 4.300137202892376},
{"mapping": [4, 13, 9, 14, 10, 12, 7, 2, 6, 8, 11, 3, 5, 0, 15], "R": [[-0.5265690851082868, -0.6052649654475138, 0.5969751420369545], [-0.8465567590598503, 0.308985727717817, -0.4334391234726901], [0.07788871740056297, -0.73360898417925, -0.6750934794776086]], "T": [-0.09774334420325215, 0.12930865544005243, -0.07426570642581992], "aligned_model": [[-0.7382034484405956, -0.7201950538647226, 0.20797345755036728, -0.09202136960014035, -0.3166789543065944, 0.25846366362756207, 0.6438083191051852, -0.408192416642663, 0.6051156528899067, 0.28826059494293965, 0.4157006571264944, -0.4281999964021217, 0.19466538361054525, 0.07148175573442722, -0.10993409182604508], [0.2760768247257855, 0.0947479721864728, -0.6616487620749917, -0.19814390620410904, -0.46607005222148645, -0.5666385483337149, -0.28962834013168826, -0.20023354357391948, 0.4256936064787925, -0.047182417603427174, 0.09115781405737669, 0.5735793459882979, 0.6773279144340548, 0.5888469276385642, 0.049159692677007816], [0.05494114904047026, -0.5622495421639635, 0.32734409438928086, -0.6731095747955416, 0.14785666775421238, -0.43134534028335597, -0.07919094650881231, 0.6426214938790114, 0.17841296418911584, 0.4463010925647492, -0.402924129619227, -0.4285932603803473, -0.31441108892917474, 0.27518528096887146, -0.01565707276575372]], "inverted": false, "swapped": true, "error_lsq": 0.04513329514709193, "error_max": 0.2942047155127691, "target": "853.xyz", "model": "1.xyz", "model_rescale": 4.316132596720782, "target_rescale": 4.300137202892376},
{"mapping": [3, 0, 5, 10, 14, 4, 7, 2, 6, 1, 8, 15], "R": [[0.7691295089578765, 0.5631981639782653, 0.3020722207382315], [-0.5743473702412734, 0.816425116079861, -0.05979237519047896], [-0.28029430380788944, -0.1275063054342665, 0.9514080330370109]], "T": [-0.14804794972778818, -0.07634902478406386, -0.10040833420736422], "aligned_model": [[-0.26223996344018524, 0.4217769870301206, 0.21672651418212285, -0.5101071357397096, -0.6775785054715775, -0.3490322609010215, 0.013872818813807503, -0.12455177609635715, 0.5704548755215417, 0.21650445980178756, 0.25300130373879737, -0.17101876280754624], [-0.7048672920090981, -0.1783087197132937, -0.5736369833392299, 0.46297584242476514, -0.18603019663776504, -0.25623685904136306, 0.4095536360925872, 0.5374543882679466, 0.009378026611328777, 0.014586709158634498, 0.4604045980677685, 0.017503277858699262], [0.05467561958169154, 0.06339738215815005, -0.35168916081968987, 0.07218595727988258, -0.5168688135798579, 0.5125110127569166, -0.7809313701671698, 0.48405487714193735, -0.4498448554076402, 0.583499823553107, -0.14723756397927687, -0.07449444730862977]], "inverted": true, "swapped": true, "error_lsq": 0.042765100851538174, "error_max": 0.2129938161176122, "target": "853.xyz", "model": "2.xyz", "model_rescale": 3.795458400668931, "target_rescale": 4.300137202892376},
{"mapping": [13, 3, 1, 6, 10, 8, 0, 14, 5, 7, 2, 15], "R": [[-0.004646100793222668, 0.042816459643083726, -0.999072151814398], [-0.6364609205396182, 0.7704693328035942, 0.035979213930357745], [0.7712949567923292, 0.6360375444836702, 0.02367132514039197]], "T": [0.08537135693256112, -0.049591503586487264, -0.015592801287170228], "aligned_model": [[0.028703562779181124, -0.0917615860400367, -0.6612208516570769, 0.22523896713936906, 0.07493787066458318, 0.0695420966909408, -0.2412020246738147, 0.6212112031142178, 0.1742546045984672, 0.7368226402154257, -0.41945268266443225, 0.07623002557674093], [-0.40343961670602424, -0.6505041984616817, 0.10258150867179996, -0.03662020046340529, 0.5215860478700153, 0.4598044300489144, -0.15752769512900963, -0.182396582435265, -0.5881726178655984, 0.34754693652141894, 0.625369189208664, 0.04754184402988101], [-0.7215312331469796, -0.21472570817549927, 0.15275678637589551, 0.7755899313928939, -0.3697033816090116, 0.4219036551871925, 0.4779942281582033, -0.4169783641574398, 0.36588842851835174, 0.3629882580671374, -0.10770522008516156, -0.0377059498864822]], "inverted": true, "swapped": true, "error_lsq": 0.047074058303846276, "error_max": 0.33166753457016024, "target": "853.xyz", "model": "3.xyz", "model_rescale": 3.7530521520055578, "target_rescale": 4.300137202892376},
{"mapping": [3, 11, 14, 12, 13, 8, 4, 0, 1, 10, 15], "R": [[0.8775962532252247, 0.09837032705385682, 0.469199419309492], [0.067517337718142, -0.994327740527816, 0.08218122367245675], [0.4746221923093163, -0.0404428383297371, -0.8792600021582542]], "T": [-0.13138047050328205, -0.018264792677321763, -0.029815758911936344], "aligned_model": [[-0.3448841375433048, -0.11510655705795089, 0.35912201020734724, 0.5344674766437034, 0.20706020854459362, -0.2298466979342717, -0.15251968079684025, -0.7051744227852035, -0.5367172253447365, 0.39561299418136686, -0.07381436566949856], [-0.6399895893995272, 0.08970471639252947, -0.29050992496042566, 0.23677187755722653, -0.7189107722893726, 0.6434397868506901, -0.38331323180087834, 0.13940215812117152, 0.10846067050970162, 0.23604490563789468, 0.04610276169533601], [-0.030538431239624977, -0.6307935731347848, -0.41861108317596174, -0.5097476456416666, 0.11620449190361147, 0.030095705757765157, 0.5311808747823318, 0.05867256577461889, 0.6248146004569761, 0.30086750577183047, 0.020685765990220636]], "inverted": false, "swapped": true, "error_lsq": 0.04109067889218999, "error_max": 0.19544654373296946, "target": "853.xyz", "model": "4.xyz", "model_rescale": 3.7855080009869324, "target_rescale": 4.300137202892376},
{"mapping": [1, 11, 13, 4, 6, 0, 2, 9, 14, 15, 8, 3, 10, 7, 5, 16], "R": [[-0.2886044165204853, -0.8584424126099381, -0.4240095694642978], [0.8640711045003957, -0.4242825969204282, 0.27086048866145845], [-0.41241801261867406, -0.28820288371715924, 0.8642051149378699]], "T": [0.05318389505757874, -0.1451044157717346, -0.016280445776027726], "aligned_model": [[-0.5921277969468567, -0.008728550386517889, 0.4572055004022188, -0.17851165606217195, 0.31740591689028635, -0.6010018490327287, -0.5441475026651847, 0.010273209144874881, -0.05750219364897305, 0.6274036187466376, 0.7566515406919819, -0.2924034551857047, 0.4616442167657782, 0.3700524475819641, -0.1365178026798805, 0.039146686852513414], [0.009460073987034912, -0.13024029375022575, -0.444304451289654, 0.5271218190226221, 0.24623806795941888, 0.252173224777023, -0.4975629162216069, -0.5559244817786004, -0.811497503113428, -0.6846045083481391, -0.16123049437047698, -0.1726800968605515, -0.02776111513234371, 0.5201081689625405, 0.4255641512793763, -0.19406247406650973], [-0.3806793723075884, -0.8089860249641657, -0.537925459205864, -0.21982367143304948, -0.4669630965101452, 0.13433619297791793, 0.2381874192558634, 0.5636329664241542, 0.020682257627820243, 0.22564819188881713, -0.029811709509951385, 0.5855713387719241, 0.5756274773500041, 0.11957245043216619, 0.5254334058787558, 0.0008314655607635779]], "inverted": true, "swapped": false, "error_lsq": 0.04425373847457974, "error_max": 0.3760211149423698, "target": "853.xyz", "model": "5.xyz", "model_rescale": 4.2253639853439635, "target_rescale": 4.300137202892376},
{"mapping": [1, 6, 9, 2, 8, 12, 10, 4, 11, 5, 7, 14, 13, 15], "R": [[-0.07811578808640433, 0.6646256997781268, -0.7430818278265696], [-0.6221550434957523, 0.5499058883277519, 0.5572491505917844], [0.7789871792940106, 0.5058420634712991, 0.3705438993137786]], "T": [0.18742364755543064, 0.059242323747383085, 0.008700399803261802], "aligned_model": [[0.623722055336881, -0.200252856530672, -0.5248794825562373, 0.24737679718189506, -0.22381069205462958, -0.5151777981295383, 0.011986263981092093, 0.7909787705477508, -0.25103781851765206, 0.27547892487079606, -0.658042421062973, -0.016331846434476105, 0.6639239353514932, 0.15012832077405353], [-0.44477213827953627, 0.215021350179521, -0.5331572628967014, -0.7860061216558898, -0.3257487380657901, 0.15485907084155331, -0.4673156618722723, -0.19066795304606568, 0.48215161930320455, 0.6032303071076246, 0.11548379776325424, 0.4079870189958685, 0.2437885491072534, -0.029754690847033874], [-0.39689947283962407, -0.6776968195123486, 0.15720565857988905, -0.020704206359231606, -0.3570948056890283, 0.49443742122602785, 0.3877853088199389, 0.1559774149734111, -0.03597463614753939, -0.36522622289733336, -0.07764400950924057, 0.5589119373137588, 0.6133978134448672, 0.035082827527901234]], "inverted": false, "swapped": true, "error_lsq": 0.048752765112630755, "error_max": 0.31629480136266774, "target": "853.xyz", "model": "6.xyz", "model_rescale": 3.89814844738969, "target_rescale": 4.300137202892376},
{"mapping": [3, 5, 0, 13, 1, 11, 14, 4, 10, 7, 8, 2, 15], "R": [[0.3950820971326079, 0.1240491348669586, 0.9102318103999993], [0.47612692656766353, 0.8197198959903345, -0.31837468793047374], [-0.7856292295494942, 0.5591700137313829, 0.2647935222416019]], "T": [-0.09955727445045742, 0.08193728419495624, -0.07398861660481135], "aligned_model": [[0.054216271509224534, 0.04080241573282031, 0.40956657928181744, -0.29067823341458676, 0.6262626997514467, -0.48129141088959976, -0.7312584602501786, 0.2556778834060717, -0.3039092700580517, -0.5852235621390343, 0.029322239394422883, 0.2373402112518337, -0.11219556267196358], [-0.34621645148159674, 0.27847183323039904, 0.3679823880892271, -0.6721301375063289, 0.016488388333855575, 0.4477327579937216, -0.12576044565792321, -0.4712575258892683, -0.05261308477687185, 0.7700541487289216, 0.6233652662982261, 0.03761952623106185, 0.09004460187706174], [-0.5485032487746698, -0.694610164309039, -0.2185557316557417, -0.22103928203193995, 0.20493779364159934, -0.3798796245816438, -0.2278949669542407, 0.053321779094859856, 0.5520173067858222, 0.052718807608621465, 0.3020216800871707, 0.7028253675167945, 0.024915314408702732]], "inverted": true, "swapped": true, "error_lsq": 0.050121672048167525, "error_max": 0.294997651331159, "target": "853.xyz", "model": "7.xyz", "model_rescale": 3.7474275329858107, "target_rescale": 4.300137202892376},
{"mapping": [14, 13, 4, 5, 1, 6, 11, 7, 0, 8, 12, 9, 10, 2, 15], "R": [[0.20593505801300785, -0.02894965162721333, -0.9781373469773262], [0.9785104489264737, 0.016709892769717433, 0.2055190522198271], [0.010394865217528054, -0.9994411924442017, 0.031768689346932444]], "T": [0.015974905928664282, -0.1303751195247424, -0.141958950473633], "aligned_model": [[-0.48445913462097306, 0.08728906566627828, 0.5736440587332199, -0.21698411339161555, 0.7528797892012578, -0.2107365748493391, -0.5689761572953296, -0.588720799053783, 0.2561588217029974, 0.07615913042725617, -0.6410131477525663, -0.10053681529756607, 0.17537964575072063, 0.6462725900413829, 0.04579736307680621], [0.2108361291339636, 0.1882966715366941, -0.01603327911596661, -0.7301093389081945, -0.32451030468241154, -0.7026845113418003, -0.27774339470166665, -0.04642446255144045, -0.6438813320214063, -0.16373291832854497, 0.38779343637866576, 0.43805976917697936, 0.48432618600229643, 0.24165630687224088, -0.05673099546981575], [-0.4566215549448751, -0.8631602925631827, -0.49459971907089045, -0.31385059798902626, 0.025912602046862687, 0.3745342093089559, -0.04598273758637075, 0.4519490602263356, 0.05941534526908329, 0.5261750544177297, 0.054509501897897994, 0.5953833224436582, 0.07822140724484652, 0.2860847302944909, -0.08117567529925458]], "inverted": false, "swapped": true, "error_lsq": 0.0468235981895033, "error_max": 0.33613047953639763, "target": "853.xyz", "model": "8.xyz", "model_rescale": 4.019505241142653, "target_rescale": 4.300137202892376},
{"mapping": [14, 12, 11, 5, 3, 0, 8, 13, 4, 10, 9, 1, 15], "R": [[0.7122184562052148, 0.07564951612975271, 0.6978696306259464], [-0.12259913834048838, 0.9923010202179068, 0.017553818748954356], [-0.6911688085546326, -0.09806036907862237, 0.7160096662038398]], "T": [0.0830846018216343, -0.09148690366603307, -0.008170042930385198], "aligned_model": [[-0.48786412266675233, -0.6975094412457195, -0.10325239859888477, 0.45454722387178464, 0.3066176626454088, 0.6537733787200091, 0.17430214951010503, -0.17993343288848518, 0.27072033504547555, -0.3383333512814993, -0.4240680455304627, 0.6507488437881905, 0.039951970372005846], [-0.40533641916826585, 0.10846048160792818, -0.052553723939724815, -0.33849561978610754, -0.7096295064137893, 0.07422197972583003, 0.5725650123178463, -0.7703834555525599, -0.39038640943776765, 0.19970696778920044, 0.6887250268550688, 0.10817604322721722, -0.021692149110817002], [-0.21161029319761449, -0.30721149630099714, -0.5885658717630585, -0.5026394470880549, -0.0005049048962476148, -0.10189003302051752, -0.05120890889527492, 0.3027797615123318, 0.5609313269516821, 0.42698509497872755, 0.11196474413634883, 0.48860973854554896, 0.04906378308100477]], "inverted": true, "swapped": true, "error_lsq": 0.050449386863535776, "error_max": 0.31378286230910407, "target": "853.xyz", "model": "9.xyz", "model_rescale": 3.877068213659057, "target_rescale": 4.300137202892376},
{"mapping": [8, 7, 4, 0, 1, 11, 9, 14, 2, 13, 3, 10, 6, 5, 12, 15], "R": [[0.40163286780467544, -0.8624409108192245, 0.3080368725401207], [0.6066773529243471, -0.001404618076062937, -0.794946926842772], [0.6860274257984874, 0.5061558084161111, 0.5226592280434106]], "T": [0.07667185693015309, -0.1453224093321161, 0.07273026862675802], "aligned_model": [[-0.5658221964868364, -0.004456587579942994, 0.5254437321059263, -0.21698766984189238, 0.14024566547320033, -0.4995492999748927, -0.4642385376900352, -0.14701602786868356, -0.0004272155554305018, 0.4693557154726967, 0.692850004652527, -0.3038046965910911, 0.34723726792421267, 0.4611348025310054, 0.14988817273830757, 0.044989201159166194], [-0.08885919914645052, -0.29768176335088553, -0.31015254774391826, 0.5784169511150219, 0.3350436872077049, 0.2488713780390709, -0.5230285986440907, -0.7620859488596445, -0.7447406858778569, -0.7531674955771355, 0.001414903477557461, -0.21350703266626891, -0.09403250581674272, 0.4831594505623397, 0.5032044967432316, -0.06205791840545259], [-0.35075082071187313, -0.7250738252153103, -0.40635793751834975, -0.08131990537306594, -0.6470706721658072, 0.3119701327729199, 0.09271234676973168, 0.4959181856828604, -0.2013296166434171, 0.3446902552637553, 0.11215099955663062, 0.6675405146895285, 0.6245167121860821, -0.18840999538101844, 0.4363886782770059, 0.059758780047749684]], "inverted": false, "swapped": false, "error_lsq": 0.04769716008884388, "error_max": 0.3228440745682971, "target": "853.xyz", "model": "10.xyz", "model_rescale": 4.260839863003843, "target_rescale": 4.300137202892376},
{"mapping": [9, 2, 0, 8, 5, 11, 12, 10, 4, 3, 14, 15], "R": [[-0.9938687332642606, -0.10169511758378269, 0.04339405603668567], [-0.005111648655441926, -0.3497893597118696, -0.9368144292656811], [0.11044823261473097, -0.9312923852861578, 0.34712487813509046]], "T": [-0.07317602317159753, 0.001889578213265528, 0.07374916445243876], "aligned_model": [[0.378739390841294, 0.4001715092289844, -0.528877358711986, -0.1526071198102666, -0.6930452054080042, -0.3671547375981492, 0.24837887078099113, 0.5387050701246252, 0.20605015578722385, -0.23418643957002483, 0.16316433835095268, -0.00043982492151012353], [-0.010468284452065704, -0.642607992905707, -0.38921047099709927, -0.274245106405157, 0.15046492361141847, 0.4825442969000651, 0.6524293225362644, -0.09101586639238148, -0.3781591542559106, 0.06850187923227062, 0.6350127848800878, -0.03016782621885157], [-0.7484348618550398, -0.20815319428614829, 0.037616147008662434, -0.5333573080457272, 0.2665841735174148, -0.162140948108281, -0.3868290580195386, -0.18839022985651913, 0.549164934139678, 0.7075981276276234, 0.1695100045699169, 0.013010290703462712]], "inverted": true, "swapped": true, "error_lsq": 0.045180012297582305, "error_max": 0.21923215341653687, "target": "853.xyz", "model": "11.xyz", "model_rescale": 3.890672605050136, "target_rescale": 4.300137202892376},
{"mapping": [4, 1, 2, 13, 10, 11, 0, 14, 3, 6, 9, 8, 12, 15], "R": [[-0.8904061943159006, -0.384970044134147, 0.24284742997039874], [-0.3581512475616821, 0.9218342937083532, 0.14815268749918892], [-0.28089943573080645, 0.04493996064277917, -0.9586844668312614]], "T": [0.036043103665413107, -0.1252068071288056, 0.0789258412631343], "aligned_model": [[0.4943417289935932, 0.11296182975475119, 0.43824666399034984, 0.6054341952876772, 0.5258309708757362, -0.3624161420797892, -0.3677865809847065, 0.23402170900954106, 0.09802044837663296, -0.7285362787121802, 0.17628875540818217, -0.222947712698064, 0.12048390843208961, 0.08593233913988005], [-0.27809810472434693, 0.1509615180968873, 0.5367063326370864, -0.6743882948905255, 0.3037836850455115, -0.2252867415494243, -0.037359669891849856, -0.43365274302228773, -0.7356962401567562, 0.12018803652612414, 0.6979554090630026, 0.494306328540874, 0.05224947159208765, -0.03951646743861771], [-0.3847670239790788, -0.6468239096645997, -0.2660484142075567, 0.10994638139678371, 0.2457249982664627, 0.5309333904724507, -0.3582617808510926, 0.6547187521794485, -0.15684422014809762, 0.04890820758825937, 0.5068299827582959, 0.06264198779400004, 0.9156520972256372, 0.09217998652594878]], "inverted": true, "swapped": true, "error_lsq": 0.041513476075384616, "error_max": 0.23619778079968137, "target": "853.xyz", "model": "12.xyz", "model_rescale": 4.124412569039231, "target_rescale": 4.300137202892376},
{"mapping": [3, 1, 2, 5, 4, 13, 6, 14, 8, 11, 10, 9, 15], "R": [[0.9844641678289545, -0.04924171211874827, -0.1685394791983715], [-0.09849897317736496, -0.9494900352636815, -0.29793728403470676], [-0.1453556140775055, 0.30990954603333387, -0.939589175508937]], "T": [0.03964468058457908, 0.04375646529598811, -0.014193156365506438], "aligned_model": [[-0.19049763304120992, 0.14052721785649447, 0.6405773433041, -0.6120810460359923, 0.3324498071266225, 0.32262744102832125, -0.5470925460621815, 0.15454742019173917, 0.06704423419200113, -0.307755234313709, 0.6807269728354313, 0.5639561973759726, 0.12226813305216783], [-0.45579885432039924, 0.4550369227698584, 0.5691464933826401, -0.08308467732672806, -0.14048766379817654, -0.6670565714382694, 0.5600521755589406, -0.4601813261530955, 0.6945400330762863, -0.015289197820240692, 0.19135338407162802, 0.6023248822596281, 0.09692977624640545], [0.34581387006041747, 0.641222157940242, 0.27172501153273537, 0.037407995431262824, 0.5591686063111756, 0.18936120917209587, -0.20095366078683635, -0.4599688427649372, -0.17810759892919079, -0.513115492136827, -0.1519451078934284, -0.555917798815816, -0.032992268153054234]], "inverted": false, "swapped": true, "error_lsq": 0.04508677195734756, "error_max": 0.2869271842113761, "target": "853.xyz", "model": "13.xyz", "model_rescale": 3.9028299243045295, "target_rescale": 4.300137202892376},
{"mapping": [1, 2, 8, 3, 0, 6, 11, 14, 12, 13, 5, 9, 10, 4, 7, 15], "R": [[-0.6896524141767354, 0.6323632620781916, -0.35284026470065644], [0.6812426173033468, 0.7317836287345675, -0.02003040403373378], [0.24553623763079557, -0.25418384191348076, -0.9354691499564355]], "T": [0.04060090123356031, -0.09420822029399406, -0.03936458128980695], "aligned_model": [[-0.5455366733726454, -0.18963380892689466, 0.4535766033509654, -0.06555595485503787, 0.4066217836769016, -0.5569916304586684, -0.418361789509713, -0.008440119758508523, 0.10670409029622288, 0.5149587914578867, 0.5292406821238449, -0.43751929270403217, 0.399039938862852, 0.5235123085296249, -0.06826901418363757, -0.01450358406092369], [-0.3190234478374374, -0.05233373722569189, -0.324401413234913, 0.5061031033693191, 0.4010411705386032, 0.1972115689355161, -0.6117650090767879, -0.5805685290255338, -0.7729853672047833, -0.6530055539568382, -0.24293253178676785, -0.024799240973137626, -0.002732292235828007, 0.3684168085583497, 0.471219488614991, -0.0586478464025804], [-0.20699397263318237, -0.7374965712894617, -0.6500767253821975, -0.16992675737896612, -0.5943178799916596, 0.009276294116968661, 0.2201443920202953, 0.6982662756661432, -0.17768392985782439, 0.26947434706679746, -0.0742081941571283, 0.566794581143937, 0.6075559802463516, 0.0708076895654821, 0.6599685320061089, 0.05374977109575836]], "inverted": true, "swapped": false, "error_lsq": 0.052900394756653916, "error_max": 0.4217837268596922, "target": "853.xyz", "model": "14.xyz", "model_rescale": 3.942246331269136, "target_rescale": 4.300137202892376},
{"mapping": [10, 2, 9, 1, 0, 8, 11, 12, 14, 7, 6, 5, 4, 3, 15], "R": [[-0.8120572548723495, -0.5574812681939545, -0.17256201905994398], [-0.10197446498723714, -0.15559373396371362, 0.9825435351381617], [-0.5745991849104479, 0.8154785255076245, 0.06950216641342694]], "T": [-0.13508244750440668, -0.053987891108927974, 0.10158116525209845], "aligned_model": [[-0.5286213620611876, -0.20367299027896257, -0.2137225162969535, 0.13210882102476978, 0.4095943105984171, 0.256944163356602, 0.030403278099697006, -0.47492231526546336, -0.6012862632083684, 0.10638748904030165, 0.6218773888462823, 0.2708242598984529, -0.41276114297485256, -0.255508807193921, -0.16335027705260446], [-0.10774390818077637, -0.5536344982261571, 0.25339150520031584, -0.7625140070052167, -0.3025130421324967, 0.0079041665792483, 0.5209846086577803, 0.6763155576450854, 0.4107620251432016, 0.6557600357031232, 0.20655589864584045, 0.08212699386117035, -0.6532310336680958, -0.2714947626771245, -0.06452484966424801], [-0.4406220894204117, -0.5799997550416602, -0.7814253339381073, -0.08682717948753091, 0.16066609688907396, -0.4402882301594325, 0.22453517075411306, -0.19824802745982043, 0.2819513883250873, -0.3026235894640621, 0.03208253682729005, 0.6116892518794794, 0.21215534990803694, 0.7101157276778046, 0.006201163070656379]], "inverted": false, "swapped": true, "error_lsq": 0.04710587005807609, "error_max": 0.27271776496050104, "target": "853.xyz", "model": "15.xyz", "model_rescale": 4.355366556412066, "target_rescale": 4.300137202892376},
{"mapping": [3, 0, 5, 10, 14, 4, 7, 2, 6, 1, 8, 15], "R": [[0.7691295089578765, 0.5631981639782653, 0.3020722207382315], [-0.5743473702412734, 0.816425116079861, -0.05979237519047896], [-0.28029430380788944, -0.1275063054342665, 0.9514080330370109]], "T": [-0.14804794972778818, -0.07634902478406386, -0.10040833420736422], "aligned_model": [[-0.26223996344018524, 0.4217769870301206, 0.21672651418212285, -0.5101071357397096, -0.6775785054715775, -0.3490322609010215, 0.013872818813807503, -0.12455177609635715, 0.5704548755215417, 0.21650445980178756, 0.25300130373879737, -0.17101876280754624], [-0.7048672920090981, -0.1783087197132937, -0.5736369833392299, 0.46297584242476514, -0.18603019663776504, -0.25623685904136306, 0.4095536360925872, 0.5374543882679466, 0.009378026611328777, 0.014586709158634498, 0.4604045980677685, 0.017503277858699262], [0.05467561958169154, 0.06339738215815005, -0.35168916081968987, 0.07218595727988258, -0.5168688135798579, 0.5125110127569166, -0.7809313701671698, 0.48405487714193735, -0.4498448554076402, 0.583499823553107, -0.14723756397927687, -0.07449444730862977]], "inverted": true, "swapped": true, "error_lsq": 0.042765100851538174, "error_max": 0.2129938161176122, "target": "853.xyz", "model": "16.xyz", "model_rescale": 3.795458400668931, "target_rescale": 4.300137202892376},
{"mapping": [3, 5, 0, 13, 1, 11, 14, 4, 10, 7, 8, 2, 15], "R": [[0.3950820971326079, 0.1240491348669586, 0.9102318103999993], [0.47612692656766353, 0.8197198959903345, -0.31837468793047374], [-0.7856292295494942, 0.5591700137313829, 0.2647935222416019]], "T": [-0.09955727445045742, 0.08193728419495624, -0.07398861660481135], "aligned_model": [[0.054216271509224534, 0.04080241573282031, 0.40956657928181744, -0.29067823341458676, 0.6262626997514467, -0.48129141088959976, -0.7312584602501786, 0.2556778834060717, -0.3039092700580517, -0.5852235621390343, 0.029322239394422883, 0.2373402112518337, -0.11219556267196358], [-0.34621645148159674, 0.27847183323039904, 0.3679823880892271, -0.6721301375063289, 0.016488388333855575, 0.4477327579937216, -0.12576044565792321, -0.4712575258892683, -0.05261308477687185, 0.7700541487289216, 0.6233652662982261, 0.03761952623106185, 0.09004460187706174], [-0.5485032487746698, -0.694610164309039, -0.2185557316557417, -0.22103928203193995, 0.20493779364159934, -0.3798796245816438, -0.2278949669542407, 0.053321779094859856, 0.5520173067858222, 0.052718807608621465, 0.3020216800871707, 0.7028253675167945, 0.024915314408702732]], "inverted": true, "swapped": true, "error_lsq": 0.050121672048167525, "error_max": 0.294997651331159, "target": "853.xyz", "model": "17.xyz", "model_rescale": 3.7474275329858107, "target_rescale": 4.300137202892376},
{"mapping": [0, 4, 3, 2, 6, 7, 5, 14, 8, 11, 9, 10, 12, 15], "R": [[0.7358345962507984, -0.6662090023338557, 0.12129720594371922], [-0.6289653072244613, -0.7387772816189304, -0.24209661392052262], [0.25089856370346847, 0.10185132975603306, -0.9626402325679435]], "T": [0.16549848671751274, 0.033519500700169014, -0.0781285595368841], "aligned_model": [[0.3933884635233784, 0.2913531338144059, 0.7506607178999364, -0.4303217380098169, 0.2474574236744948, -0.2668329573445273, 0.7341781636575074, 0.15435496741754723, -0.2657163454982777, 0.23915162201140538, -0.7449812154638015, -0.4430344254831825, -0.31354034835796984, 0.06873018604177686], [-0.49113189441782307, 0.2945988553550709, 0.29380049595955876, -0.10546965855981003, -0.6990895331456151, -0.2618663380353313, -0.21838360047382593, 0.5569537035821281, -0.480645115000736, -0.06056679182232627, -0.1002823474796006, 0.2700598485474066, 0.32686600501079394, 0.03556461199134361], [-0.2645035115218605, -0.681802834714962, -0.2263345906506257, -0.6651415226683913, 0.24166521113602393, 0.5936363266798769, 0.15987570454686825, 0.35978051439928593, -0.049380541345160095, 0.5208869440658477, 0.10487583562011032, -0.23776350128921372, 0.5724107787681875, -0.10341009436433218]], "inverted": true, "swapped": true, "error_lsq": 0.04469591583094828, "error_max": 0.28463851155506054, "target": "853.xyz", "model": "18.xyz", "model_rescale": 3.922800546911778, "target_rescale": 4.300137202892376},
{"mapping": [9, 12, 10, 8, 3, 7, 14, 1, 11, 2, 13, 4, 6, 5, 15], "R": [[0.44684283416347653, 0.4224706640106173, -0.7885746759864788], [0.08340246315369079, -0.8973042748194525, -0.433461725565976], [-0.890716290800078, 0.12792019559539586, -0.436189079255988]], "T": [0.1288878980661533, -0.02142833601579755, 0.09850891263928939], "aligned_model": [[-0.13622561093361002, -0.3710117929276799, 0.3405889913825007, -0.12504646134934466, 0.3973490580017399, -0.6249783015824397, -0.061460046631141685, 0.6269875017105959, -0.4530535430648769, 0.580879195422207, 0.5987585180189484, 0.791898329587852, -0.4542176477088232, -0.16256744507972454, 0.14815009204141488], [0.5631092429636664, -0.16631597081039487, 0.2338415129932803, 0.5979986299734371, -0.5111833402733071, 0.21916442686661383, -0.5409962117504244, 0.4755508162244899, -0.20653633596654072, 0.6429957734065359, -0.6327442179956799, -0.07518830524688383, 0.3420530618297152, -0.2687120561896953, 0.04457447900976633], [-0.5858867897244336, -0.5854791574409107, -0.4860994240229298, 0.04405244355328059, 0.44519998890873147, -0.21650253013709148, -0.30110187582721015, 0.43586131346165313, 0.08525086661965141, -0.17195072465079564, -0.0811665964694581, 0.17565478444306654, 0.5151268617095462, 0.6438549695209516, 0.025845037219277667]], "inverted": false, "swapped": true, "error_lsq": 0.054064426685076515, "error_max": 0.3158584973258066, "target": "853.xyz", "model": "19.xyz", "model_rescale": 3.9282355846067225, "target_rescale": 4.300137202892376},
{"mapping": [12, 9, 2, 7, 11, 8, 6, 1, 5, 3, 10, 14, 4, 15], "R": [[0.10115429098173781, -0.12156500005563725, -0.9874156977572592], [-0.9219555021384841, 0.36150996805158186, -0.13895537080631315], [0.37385272700965777, 0.9244092674572326, -0.07550923616767138]], "T": [0.005893617959328155, 0.010563462494445078, 0.15970779825103612], "aligned_model": [[-0.6816453420955223, -0.102487934627541, 0.6296005918381785, -0.5476082219429512, -0.5489427462667281, 0.12994235550334995, -0.11084220522346871, 0.771442705471218, -0.17688849071025123, 0.05879666244929906, 0.11866053233988655, -0.5544790893426635, 0.5138136909291415, 0.03316031076272941], [-0.499984873992388, -0.7842700183947169, -0.5346847480240378, -0.25101048571570794, 0.14848595225742683, -0.21322313073696897, 0.36051498554110056, 0.07960449636271562, 0.6446309844066502, 0.45916188868477026, -0.6507288586813046, -0.1546127535798082, 0.0012642074728703295, -0.08226555817576593], [0.0864795093091136, -0.3269748581316959, -0.020841212080323107, -0.4324459963383471, -0.05530518760255035, -0.46131507050285736, -0.5541605360263216, 0.02529773350530312, 0.0700035314956666, 0.6372921163115787, 0.20121737539291892, 0.512654177123412, 0.5960049165833309, 0.134276658204454]], "inverted": false, "swapped": true, "error_lsq": 0.0455914381767576, "error_max": 0.36444402204666165, "target": "853.xyz", "model": "20.xyz", "model_rescale": 4.067790424073018, "target_rescale": 4.300137202892376},
{"mapping": [5, 12, 3, 1, 13, 14, 4, 11, 14, 7, 9, 2, 8, 10, 15], "R": [[0.4928519907915008, 0.8681286723886852, -0.058732642963802095], [-0.22042563276473826, 0.05927120810553706, -0.9736012861073958], [-0.841730037240634, 0.492787512084437, 0.2205697448439194]], "T": [0.0724418255516993, -0.08606753477095173, -0.09949514081165112], "aligned_model": [[0.24572283880117574, 0.07902491756760391, -0.3416702130844749, 0.21303756505072352, -0.714956514735355, -0.29796799011176966, -0.3624199710506212, 0.3051047461910453, -0.29796799011176966, 0.6260327615269309, 0.44986265699321243, 0.17777314935195987, 0.6580827276072473, -0.056511132344247914, 0.08529640225585476], [-0.1398494564666556, 0.7417398649645751, -0.3187533220593116, -0.8181230613759501, -0.08512093061044307, 0.47936679692478823, -0.5760501766569537, 0.3911807147267462, 0.47936679692478823, 0.5510414164379555, 0.3233561088115313, -0.4627247931275288, -0.09260795392136609, 0.044969174638396184, -0.07689603928272468], [-0.7402595065606004, 0.13163984058829908, -0.5539119151550791, 0.1312117712101602, -0.18178580421223903, -0.19411271214299367, 0.03920122049929753, -0.4014863030112029, -0.19411271214299367, 0.01478781285868111, 0.6556820750634806, 0.652793744806198, 0.229320748203166, 0.5469934294326163, -0.000712115815648881]], "inverted": true, "swapped": true, "error_lsq": 0.04910186325511077, "error_max": 0.37178588484063885, "target": "853.xyz", "model": "21.xyz", "model_rescale": 4.186013935880536, "target_rescale": 4.300137202892376},
{"mapping": [14, 3, 11, 9, 2, 7, 10, 4, 6, 0, 1, 8, 15], "R": [[-0.08346530804829527, -0.664671802275648, 0.7424587110486651], [-0.9706231180040382, -0.11449664996515369, -0.21161587828628536], [0.22566414236320764, -0.73831017357639, -0.6355893190143137]], "T": [-0.09960160341762735, -0.020178519299504122, -0.15342955372436018], "aligned_model": [[0.06702804500616676, -0.58922894993784, 0.3811274538501416, 0.5253404522964975, -0.2397201060116269, 0.7513503979593273, -0.027003982673935972, -0.7388827943787831, 0.3851872347109372, -0.16590159469013754, -0.5295286123912872, 0.3138406666669962, -0.07503417498323048], [-0.395672806708228, 0.16626050126807365, 0.12975265258421673, -0.515101647948774, -0.3420600448153882, -0.05204622639698149, -0.6087554280098756, -0.16258274304964218, 0.5974243870881247, 0.5130076863311472, 0.1970841185253431, 0.07886869309069311, -0.08722248241261546], [-0.6985079886254963, -0.5504580339414296, -0.49914158060757374, 0.34140916246011177, 0.6183625388969212, -0.13621112751967063, 0.16288320924090344, -0.013912357378934315, 0.01759018790881689, 0.11720919431015464, 0.46045793467493146, 0.366563783864409, -0.08336536194779756]], "inverted": false, "swapped": true, "error_lsq": 0.0394648266229569, "error_max": 0.22465374745930575, "target": "853.xyz", "model": "22.xyz", "model_rescale": 4.166573947596378, "target_rescale": 4.300137202892376},
{"mapping": [6, 12, 11, 13, 14, 5, 1, 4, 2, 3, 9, 0, 8, 10, 7, 15], "R": [[0.3645068725380443, -0.7228267610310002, 0.5870742827019144], [-0.3955155657817928, 0.45057997043242554, 0.800340632149476], [-0.8430315397995749, -0.5239266778687147, -0.12164973950078875]], "T": [0.11517909084926713, -0.14666556232071076, -0.0040359054489559065], "aligned_model": [[-0.5089036998156059, 0.10220218735462572, 0.5224384669100371, -0.1890964384617082, 0.3425262754042986, -0.58314363876446, -0.5270452172626628, 0.0748002207466996, -0.17170175330580167, 0.4248629609805006, 0.7101854956853049, -0.29697143355162386, 0.5400310014263809, 0.23794937983249703, -0.09755780007810962, 0.04826632336786428], [-0.3478572853640884, -0.1718526247451665, -0.5947540290467113, 0.6230680217893156, 0.41309373830015755, 0.2908267356638556, -0.36950014114125324, -0.5978367736892685, -0.753399968678067, -0.6519549692426039, -0.08792855952063494, -0.12773402621309277, -0.13016228399437305, 0.5866833735414392, 0.37032649688853586, -0.1502205334915639], [-0.390235585590777, -0.6586950282688661, -0.509456377950949, -0.1821924395738735, -0.5148788815811355, 0.10554436517656397, 0.21042096531802515, 0.5744687170442977, -0.05284144394770739, 0.09698472536043445, -0.058501573426600756, 0.7006124501261428, 0.6839376667939359, 0.0857862940170173, 0.44189219817689984, 0.012487780564013541]], "inverted": false, "swapped": false, "error_lsq": 0.044047605148719506, "error_max": 0.3443435106613328, "target": "853.xyz", "model": "23.xyz", "model_rescale": 4.274766983524099, "target_rescale": 4.300137202892376},
{"mapping": [10, 4, 1, 8, 0, 6, 7, 11, 14, 3, 15], "R": [[0.6251199257232783, 0.6604939819281677, 0.41589996189035194], [-0.23064321995157372, 0.665362193671325, -0.7099977861396837], [-0.7456733759187684, 0.34790925694720365, 0.5682696238374456]], "T": [0.04605946291185507, 0.1490109495808618, 0.043279428255355704], "aligned_model": [[0.29300921075471953, 0.18713629810977156, -0.417938017997965, -0.42333343000286633, -0.5179491298324109, -0.6226414424744597, -0.09512187860792844, 0.054073023263297534, 0.6379453041074907, 0.2342901822612184, 0.05042458437720755], [-0.12443187006788203, 0.7011522202480067, 0.5657390633623893, -0.2621601892018339, 0.34595347100461515, -0.1433406301179142, -0.6705922350891584, -0.2312659514363835, -0.07102210050125193, 0.7063085365859229, 0.09924621645697315], [-0.5188520531992157, -0.30837636357991566, -0.42570047765349034, -0.20520908018113793, 0.11424773964236017, 0.3795397032863522, 0.22699056588586652, 0.5212144131004678, 0.3023711256684366, 0.3367324172768605, -0.04339155622500686]], "inverted": false, "swapped": true, "error_lsq": 0.043387560868337054, "error_max": 0.2618050000874979, "target": "853.xyz", "model": "24.xyz", "model_rescale": 3.7841303162186577, "target_rescale": 4.300137202892376},
{"mapping": [6, 6, 1, 11, 7, 13, 3, 5, 4, 2, 8, 12, 9, 10, 14, 15], "R": [[0.549764155813279, -0.07714444677594093, 0.8317500269399136], [-0.26755444007070395, -0.9595295470077744, 0.08785027044641106], [0.7913115660606542, -0.2708353425066409, -0.5481552906503281]], "T": [0.1702336234863216, -0.03214508162808109, -0.0047878092125655525], "aligned_model": [[-0.2784617221009842, -0.2784617221009842, 0.5704602089917277, -0.40266170920595795, 0.19147887659565976, -0.4779503480869964, -0.5662297099630187, -0.19836334431598385, 0.0016360594655727145, 0.41695124603635314, 0.6937213168088054, -0.11112843582528825, 0.42905835796053843, 0.41992055756222685, 0.10110394054369432, 0.11776875810287166], [-0.23684871089856024, -0.23684871089856024, -0.47475832339012913, 0.41897327072370877, 0.36060032309515866, 0.22259631934183727, -0.35867645421554184, -0.6942287146621187, -0.7358796984615908, -0.6033127000339104, -0.305564458491714, -0.17227781134659687, 0.047751981356557685, 0.703200796306875, 0.4187782746546049, -0.052708212023540264], [-0.5327985697608819, -0.5327985697608819, -0.4485767142955775, -0.24501840491905502, -0.5225766140252595, 0.3515327696183013, -0.005741137060727375, 0.43693640750990426, -0.18654807256739714, 0.4214644568636337, -0.030483391211633404, 0.6854078993148807, 0.513639547971547, 0.041881024424474306, 0.6442023109014245, -0.04518911076532989]], "inverted": true, "swapped": false, "error_lsq": 0.05519073158830253, "error_max": 0.33177723567723416, "target": "853.xyz", "model": "25.xyz", "model_rescale": 4.19342608120988, "target_rescale": 4.300137202892376},
{"mapping": [3, 0, 5, 10, 14, 4, 7, 2, 6, 1, 8, 15], "R": [[0.7691295089578765, 0.5631981639782653, 0.3020722207382315], [-0.5743473702412734, 0.816425116079861, -0.05979237519047896], [-0.28029430380788944, -0.1275063054342665, 0.9514080330370109]], "T": [-0.14804794972778818, -0.07634902478406386, -0.10040833420736422], "aligned_model": [[-0.26223996344018524, 0.4217769870301206, 0.21672651418212285, -0.5101071357397096, -0.6775785054715775, -0.3490322609010215, 0.013872818813807503, -0.12455177609635715, 0.5704548755215417, 0.21650445980178756, 0.25300130373879737, -0.17101876280754624], [-0.7048672920090981, -0.1783087197132937, -0.5736369833392299, 0.46297584242476514, -0.18603019663776504, -0.25623685904136306, 0.4095536360925872, 0.5374543882679466, 0.009378026611328777, 0.014586709158634498, 0.4604045980677685, 0.017503277858699262], [0.05467561958169154, 0.06339738215815005, -0.35168916081968987, 0.07218595727988258, -0.5168688135798579, 0.5125110127569166, -0.7809313701671698, 0.48405487714193735, -0.4498448554076402, 0.583499823553107, -0.14723756397927687, -0.07449444730862977]], "inverted": true, "swapped": true, "error_lsq": 0.042765100851538174, "error_max": 0.2129938161176122, "target": "853.xyz", "model": "26.xyz", "model_rescale": 3.795458400668931, "target_rescale": 4.300137202892376},
