[{"mapping": [2, 9, 4, 7, 1, 11, 3, 6, 5, 8, 13], "R": [[-0.6527261673563601, -0.536935982744481, -0.5344607571024236], [0.6613630419890576, -0.7479503972717793, -0.05629502564141925], [-0.36952331068453237, -0.39021782846918524, 0.8433164110851493]], "T": [0.055501658865926236, -0.17334936409362206, 0.015299805024483151], "aligned_model": [[-0.32139608345422405, 0.5491620315058716, 0.042898768460834964, 0.5524163303375149, -0.15397682099401597, 0.5192769132200433, -0.4576076034603214, -0.38269233564681665, -0.19107306326649498, 0.29984749442283787, 0.18632948184550693], [-0.15241626674500594, -0.3528351242891694, 0.5383710173126801, 0.24282118559519555, -0.6582471757366117, 0.15058443793401916, -0.12165690504311354, 0.4462343867492679, 0.07238146317404581, 0.5681766553478129, -0.08929134093293974], [-0.6546017867627515, -0.495412902998573, -0.622430147585072, -0.3736376775141115, 0.24775838663071104, 0.42400660236944016, -0.0698299805388433, -0.07769634033689907, 0.687027820948536, 0.04713385534855716, -0.033261411312640383]], "inverted": true, "swapped": false, "error_lsq": 0.04432436980116094, "error_max": 0.22969252425980513, "target": "855.xyz", "model": "0.xyz", "model_rescale": 3.8414455957264533, "target_rescale": 3.7386617033056213},
{"mapping": [12, 5, 8, 6, 1, 4, 11, 13, 0, 9, 14], "R": [[0.3448817268494598, -0.9341591560780749, 0.09166932748108386], [0.32883011303116205, 0.21171502723710928, 0.9203518370742265], [-0.8791628695806302, -0.28726889556213653, 0.38019630507576285]], "T": [0.19852701963550876, 0.07011803296376089, -0.03661904099920066], "aligned_model": [[-0.3470416122580191, 0.6926417311433449, -0.07324136580569549, 0.7884088421414335, -0.15616112077375097, 0.4401914740900741, -0.6083283191566934, -0.40535650279415336, -0.13278725033851943, 0.2758886119460705, 0.1689706247766456], [-0.07639553863670813, -0.29562958518536325, 0.4690541478908859, 0.2581320144317558, -0.6824806355691061, -0.1479282999302844, -0.20374541717770706, 0.5272977909114338, 0.0616346209995713, 0.7479164764998412, -0.01373324086813782], [-0.5496279932580981, -0.27411033909718124, -0.6621542665317873, -0.5127674968753948, 0.20063495442409915, 0.3991232257283081, -0.05238847564685345, -0.0025843395875398967, 0.6081105579337083, -0.025935690930856015, -0.04924371791005144]], "inverted": false, "swapped": false, "error_lsq": 0.04582308077600743, "error_max": 0.21527835915784763, "target": "855.xyz", "model": "1.xyz", "model_rescale": 4.316132596720782, "target_rescale": 3.7386617033056213},
{"mapping": [10, 1, 7, 9, 2, 0, 6, 3, 4, 5, 11], "R": [[0.26292757910528197, -0.6619172992648402, 0.7019505517340775], [-0.7101570596075516, 0.35972216511228383, 0.6052081580881801], [-0.6531049217663211, -0.6576210556702629, -0.3754843649258074]], "T": [0.08369692222901653, -0.001770559159435539, -0.14329927167998277], "aligned_model": [[-0.20354676784794828, 0.4598144468041309, -0.01549444908483083, 0.6656800458914951, 0.13380399655835057, 0.5582092142229742, -0.7139679008348783, -0.3378798567228289, -0.22481101009695542, 0.3376851588289333, -0.016307764747705844], [-0.16195378582585068, -0.3710726705520565, 0.7228201928162828, 0.2407364723506118, -0.6775543411460825, -0.012893029640902026, -0.16607294411786433, 0.4954760962951406, 0.03797927925041948, 0.5422837129275592, -0.005626648991076531], [-0.6809498970818266, -0.27271651022743343, -0.6586539396397271, -0.5337317097179379, 0.3481587253563667, 0.38455339145952916, -0.030022975205707014, -0.06560891238787776, 0.5620889456692207, 0.09176413808375178, -0.06582483806000528]], "inverted": false, "swapped": false, "error_lsq": 0.03901397105374669, "error_max": 0.21191358582208697, "target": "855.xyz", "model": "2.xyz", "model_rescale": 3.795458400668931, "target_rescale": 3.7386617033056213},
{"mapping": [6, 5, 8, 9, 10, 4, 2, 1, 0, 7, 11], "R": [[0.7938075368295365, 0.6071499052881839, 0.03519356448519004], [0.5981807230757619, -0.7690172317343678, -0.22537151513926634], [-0.10976983653619427, 0.199953719155606, -0.9736370438631935]], "T": [0.028933331161422587, 0.038675184647559216, -0.0876540350596375], "aligned_model": [[-0.26104598879155105, 0.4919095052663717, -0.03423779910296561, 0.7575204944636951, 0.02165058209245311, 0.44597385302260056, -0.629874816970026, -0.4686565766741001, -0.14258726670336555, 0.39752641934684824, 0.06500670702077675], [-0.005124595860102929, -0.4275978840192807, 0.5232436487717033, 0.2585500638018671, -0.6290539687558472, -0.1487558909982391, -0.35313284172870013, 0.42247353623806666, 0.2292283343638995, 0.6782236952395339, 0.09606823631328106], [-0.5988192430384234, -0.3367867370406826, -0.6973799972006824, -0.5064265577916087, 0.21746147529886806, 0.3616805043779755, -0.1012041582225446, -0.05061417954835627, 0.6515875532029739, 0.10835396109738142, 0.03120379711345228]], "inverted": false, "swapped": false, "error_lsq": 0.0397839617654521, "error_max": 0.1839763045246271, "target": "855.xyz", "model": "3.xyz", "model_rescale": 3.7530521520055578, "target_rescale": 3.7386617033056213},
{"mapping": [9, 4, 8, 6, 2, 0, 3, 5, 1, 7, 10], "R": [[-0.4072104497072296, -0.8610340325098418, 0.30463099728864934], [-0.8309207582477482, 0.4877105642217475, 0.26778554677109073], [-0.3791442247512458, -0.1440791463271, -0.9140518893538983]], "T": [-0.010303827062145034, 0.02992822322831184, -0.10579764712648798], "aligned_model": [[-0.24408159791910847, 0.49248011824387683, 0.22106384759674128, 0.6267657867548466, -0.021006329088928945, 0.7313875864734454, -0.6480106300319296, -0.5348871515869522, -0.21108031086527854, 0.16061210824328928, 0.06994168515073562], [-0.00506767892745754, -0.48539748645407027, 0.728584397572661, 0.1058164746920941, -0.5391197470740988, 0.05126896597014367, -0.3833685583310905, 0.5177842550029013, 0.037177251549001304, 0.5893864858733565, 0.02705797349274061], [-0.5972109248557927, -0.2519435389415886, -0.6533632059663023, -0.4728382757778101, 0.2649122758214734, 0.2542840179950969, -0.054948960878001496, -0.0397024893480053, 0.6587689791068364, 0.02437583700243831, -0.05327729590999081]], "inverted": false, "swapped": false, "error_lsq": 0.047623743529437476, "error_max": 0.2606324777047334, "target": "855.xyz", "model": "4.xyz", "model_rescale": 3.7855080009869324, "target_rescale": 3.7386617033056213},
{"mapping": [5, 2, 10, 9, 1, 12, 4, 7, 11, 8, 16], "R": [[0.9048560708120739, -0.41362462256146476, 0.10074801598751942], [0.3606804749160823, 0.8705612595188138, 0.33471284474804097], [-0.22615279376749903, -0.26652910729581236, 0.9369189659918582]], "T": [0.13832069440313965, 0.11367861646606907, -0.040045601701815994], "aligned_model": [[-0.3234549501940045, 0.5584269640274508, 0.10065443431463789, 0.6418189398949629, -0.04164377183701343, 0.46273268435476866, -0.5456889788589621, -0.5102280139269493, -0.005450531425268634, 0.11591657793877977, 0.1901017586823351], [-0.03376447928443556, -0.4399718857781006, 0.5808930223191439, 0.14860614114611126, -0.5726551620563914, -0.17832758915482888, -0.16109313793505425, 0.42151534369251037, -0.03581724560395773, 0.8115003245213621, 0.1032370014998224], [-0.6882176715966111, -0.29058009267225304, -0.5979490215592214, -0.5422244583409854, 0.22389127396990377, 0.4820219223452779, 0.02022075485430662, -0.25449977902134363, 0.7276894112734138, 0.04857038611000529, -0.049866307114139606]], "inverted": false, "swapped": false, "error_lsq": 0.045467654611172775, "error_max": 0.25141042007274017, "target": "855.xyz", "model": "5.xyz", "model_rescale": 4.2253639853439635, "target_rescale": 3.7386617033056213},
{"mapping": [4, 6, 0, 7, 5, 11, 10, 1, 8, 9, 13], "R": [[0.7074384187962903, -0.04368141308807555, 0.7054238568135004], [0.6483875351650341, 0.4373415705196689, -0.6231580497257511], [-0.2812907532316281, 0.8982339811240826, 0.33771471288702376]], "T": [0.08183933646788664, 0.03808735930327026, -0.10721462157908716], "aligned_model": [[-0.36270813305714855, 0.5372973160506347, 0.20522062952775577, 0.7263327909998237, 0.026972101664491974, 0.6244733417786933, -0.577289072988517, -0.5418314536066902, -0.18190697436412234, 0.08933407137312367, 0.09729049559269214], [-0.015743269177227154, -0.38962348151811566, 0.6827296530498805, 0.1636408916730819, -0.49203155050311354, -0.19909764733481947, -0.3106085473310727, 0.41839564177597555, 0.17096860973513475, 0.5999213598172348, 0.015570673179222148], [-0.6552941075871009, -0.2599871112536794, -0.5679488388482014, -0.5524737748840636, 0.2344062127700569, 0.39760752306160657, 0.12185606387207305, -0.17867186647896333, 0.5700189661916765, 0.13128655724516497, -0.16174320584021584]], "inverted": false, "swapped": false, "error_lsq": 0.047433341493861206, "error_max": 0.22530273958104666, "target": "855.xyz", "model": "6.xyz", "model_rescale": 3.89814844738969, "target_rescale": 3.7386617033056213},
{"mapping": [0, 4, 3, 7, 10, 11, 5, 6, 9, 8, 12], "R": [[-0.5635982581559655, 0.3769980986269028, -0.7350030183851366], [0.7190819968554634, 0.6618213145305643, -0.21192835919573214], [0.4065440753496732, -0.6479698922517433, -0.6440938856512637]], "T": [0.07999528636647067, -0.01828922126633921, -0.1895711199233252], "aligned_model": [[-0.14192378614275103, 0.5142872893933265, 0.025962917732185453, 0.5786052638147696, 0.007758353237051416, 0.666386133769003, -0.6240032168352895, -0.4240010317390709, -0.2685523793394151, 0.21248345144282493, 0.09618211763810286], [0.0157808879816954, -0.4834244441879973, 0.6793692836207577, 0.20878443976936673, -0.56880256332726, 0.06010952252757672, -0.16146926998655325, 0.43144123827829767, 0.07930713400258312, 0.5542948644754617, -0.17126875978774725], [-0.7378425311612107, -0.2922135521276268, -0.5929754460880063, -0.5516489049347837, 0.29065856341278185, 0.36300446791700436, 0.10447340929459115, -0.1563133971870084, 0.6270899818831793, 0.14551263555380972, -0.12068880831437741]], "inverted": true, "swapped": false, "error_lsq": 0.037638233217156224, "error_max": 0.22276736902426605, "target": "855.xyz", "model": "7.xyz", "model_rescale": 3.7474275329858107, "target_rescale": 3.7386617033056213},
{"mapping": [5, 10, 3, 0, 11, 12, 9, 8, 13, 1, 14], "R": [[0.45446879854059063, -0.6779444839618702, 0.5777970126426282], [-0.4687008862604365, 0.36959909581844286, 0.8023191307633584], [-0.7574810825174141, -0.635442983308387, -0.14978192345000657]], "T": [0.0718332724516482, 0.09411835074258945, -0.07130180655077498], "aligned_model": [[-0.33472531899777014, 0.5598446675358586, -0.007814664263275706, 0.5854502222671389, -0.03282610950225198, 0.4033128168435751, -0.5404088556260841, -0.5384831949472927, -0.07408392080502374, 0.5581491858072941, 0.06477028465856838], [-0.011920495072468451, -0.45494520924838877, 0.4894772937833164, 0.27983986768367486, -0.4793737709423388, -0.11778363104888723, -0.35411489943898095, 0.3798174471716994, 0.12936001136990824, 0.6478691404245084, 0.1358965786841384], [-0.6513770938357643, -0.2600806322867624, -0.6641610219800259, -0.43997291286953044, 0.14464530670664766, 0.4039470551647695, -0.1390289807640394, -0.1766590643823649, 0.8150265901289728, 0.07586719627783553, -0.02915002391138498]], "inverted": true, "swapped": false, "error_lsq": 0.0522719344755285, "error_max": 0.27427353229387114, "target": "855.xyz", "model": "8.xyz", "model_rescale": 4.019505241142653, "target_rescale": 3.7386617033056213},
{"mapping": [5, 2, 11, 6, 0, 1, 4, 8, 7, 9, 12], "R": [[0.5402029807974101, -0.7796052982670054, 0.3168537808699885], [-0.003210681809911353, -0.3784255562633406, -0.9256261609792028], [0.8415286275938025, 0.4990086945943878, -0.206929678053431]], "T": [0.1893921532143702, 0.04565625403196549, -0.1341571269332802], "aligned_model": [[-0.15170244697813684, 0.41826264916307776, 0.022471886319828466, 0.6175916538621966, -0.01304025008916182, 0.6585088133997585, -0.5578425495259802, -0.31592306484504484, -0.3905146017232338, 0.18994461357091236, 0.1654284098165207], [-0.061594414344496, -0.48191243423740693, 0.5537083931046272, 0.10267739291296166, -0.3997076030522255, 0.01990814557487651, -0.2974539596279074, 0.46393385109233903, 0.03910531756402735, 0.6510149031668397, 0.05444274121254567], [-0.7022033283942825, -0.2729437886071766, -0.45238687487733603, -0.7184991631865038, 0.29399966089909596, 0.3512003662796561, -0.026870820510057847, 0.026582767246937422, 0.561004171532642, 0.1834600359146954, -0.1642866080493165]], "inverted": true, "swapped": false, "error_lsq": 0.0524685230098929, "error_max": 0.25460345524705597, "target": "855.xyz", "model": "9.xyz", "model_rescale": 3.877068213659057, "target_rescale": 3.7386617033056213},
{"mapping": [4, 5, 7, 1, 6, 11, 13, 2, 10, 8, 15], "R": [[0.30270025356431024, 0.13706811106223105, -0.9431780793794637], [-0.9061224387941016, 0.3482004766234496, -0.24020523306754218], [0.29549057921688815, 0.9273450064614757, 0.22960086364174145]], "T": [0.018162160754299078, -0.02152306509560875, -0.002018183012363922], "aligned_model": [[-0.16109061010567016, 0.5506562216322358, 0.07153803506797016, 0.6036163731947993, -0.13081467827430626, 0.49985141442845205, -0.7205844719430473, -0.4599138381539485, -0.0646398495148795, 0.34680060295230997, 0.10776591368682184], [-0.020075239948361558, -0.38204055867613695, 0.5485924432775091, 0.1699212250356265, -0.5547167852767682, 0.12564911178711907, -0.24830447414203918, 0.40720991975219006, -0.05574336083269472, 0.6742723060984925, -0.020642253708755186], [-0.6546720175114321, -0.44639713637837064, -0.5837448306489673, -0.6131638768655198, 0.2696708548917597, 0.5373991781377391, -0.023514721173626296, -0.16931051673056915, 0.7016746320105886, 0.0544487236022651, 0.006666128914486206]], "inverted": false, "swapped": false, "error_lsq": 0.04362497252310987, "error_max": 0.25440235003775574, "target": "855.xyz", "model": "10.xyz", "model_rescale": 4.260839863003843, "target_rescale": 3.7386617033056213},
{"mapping": [10, 5, 9, 4, 0, 3, 7, 8, 1, 2, 11], "R": [[0.9254784158698164, -0.09903828826995376, 0.36562428696088173], [0.3486778205068978, 0.5999255860379247, -0.7200785156520173], [-0.14803202101456042, 0.7939022034694263, 0.589750635506851]], "T": [0.03577784880625445, 0.024282337068614893, -0.11454003281803493], "aligned_model": [[-0.16991039368141653, 0.5594908424596315, 0.018709010534477044, 0.5716695923423871, -0.11020392660632422, 0.5541415233205816, -0.5371342037372697, -0.454923068077884, -0.11163717283428826, 0.32294543019906263, 3.747905177962224e-05], [-0.09936560324772219, -0.35783070049812177, 0.6081071724029666, 0.2883625602657413, -0.7033729762581372, -0.08909132153480108, -0.2742499822559833, 0.5479640560429996, 0.15075659123485052, 0.5673607670268281, 0.005481770187560825], [-0.693968480342025, -0.3051318192308739, -0.6573019304896386, -0.5378419741402796, 0.35369210585867505, 0.3569242668820035, -0.0038338286048660436, -0.13869524840065028, 0.5822624625629048, 0.19034966076404775, -0.06739879661094421]], "inverted": true, "swapped": false, "error_lsq": 0.03433037575440099, "error_max": 0.19423623652355032, "target": "855.xyz", "model": "11.xyz", "model_rescale": 3.890672605050136, "target_rescale": 3.7386617033056213},
{"mapping": [8, 5, 3, 7, 9, 12, 6, 0, 11, 4, 13], "R": [[0.15914483838773763, 0.030557611625627035, 0.9867822215596905], [0.977436366691171, 0.13574101314120418, -0.16184105295308215], [-0.13889229454546345, 0.9902729975734655, -0.00826563928316812]], "T": [-0.08979638248551622, 0.06180141273965849, 0.058029061966257636], "aligned_model": [[-0.21530573266250058, 0.3796747183689273, 0.07517418100450571, 0.6049572854340709, 0.06654715471040434, 0.640598526937465, -0.5670492815296181, -0.3791774295500262, -0.20357194433776626, 0.18162382194776186, 0.05971381264751299], [-0.04508885680524592, -0.4745944788743737, 0.6687252128521025, 0.11569409768739701, -0.6576806378401971, -0.0274949489026709, -0.25736860536371836, 0.4952973906702925, -0.003253348090118832, 0.702269975178439, 0.12761653285427543], [-0.6434072638202686, -0.25317587815706993, -0.61835202147775, -0.4332723625155008, 0.310462604293491, 0.17499736037018376, 0.008850674035707634, -0.21952162973712624, 0.5924307493829775, 0.14281194336421948, 0.017232242509489744]], "inverted": false, "swapped": false, "error_lsq": 0.04327687853825302, "error_max": 0.2028508622333871, "target": "855.xyz", "model": "12.xyz", "model_rescale": 4.124412569039231, "target_rescale": 3.7386617033056213},
{"mapping": [10, 9, 5, 7, 8, 6, 2, 4, 1, 0, 12], "R": [[-0.8087480792720086, -0.3163463772181886, -0.4958341596691016], [-0.10475316705200804, -0.7520794575119747, 0.6506944471724557], [-0.5787515168588422, 0.5781880829015945, 0.5751045318237094]], "T": [0.2104945654894659, 0.10926230523315306, -0.08059559414609746], "aligned_model": [[-0.20921031273820043, 0.6375477548820047, 0.13598376673688417, 0.4449912393730062, 0.03156357873182444, 0.47013686358801077, -0.579348076253922, -0.473306261374314, -0.15686855059821672, 0.23056616047791317, 0.1111289501457468], [-0.13962204334076306, -0.351284833677188, 0.6806952486041414, 0.1054173282474885, -0.5368411452902506, -0.19516628709186096, -0.21920938345920948, 0.4947968878194424, 0.0788712233192796, 0.6557485376870094, 0.07071680054809223], [-0.6342327212648882, -0.19960474619564178, -0.5721832375748489, -0.6620370792549433, 0.1751975920378402, 0.4556151144351432, 0.02260549431877487, -0.12593620022886937, 0.6453417461162592, 0.11361388607316159, -0.13932343021363416]], "inverted": false, "swapped": false, "error_lsq": 0.043097751602170414, "error_max": 0.28099053773692106, "target": "855.xyz", "model": "13.xyz", "model_rescale": 3.9028299243045295, "target_rescale": 3.7386617033056213},
{"mapping": [14, 6, 10, 7, 1, 3, 12, 13, 8, 4, 15], "R": [[0.8720261685616868, 0.488584277714624, 0.02925345985868899], [-0.3855473572935061, 0.7224875187565292, -0.5739033198414412], [-0.30153539863110335, 0.489180118985955, 0.8184003999029257]], "T": [0.06884301667777122, -0.0002096417471604689, 0.051837406728837035], "aligned_model": [[-0.3327000169242676, 0.5299535545199182, 0.08778910952668315, 0.6832820923795565, 0.022009644494629485, 0.6637188267985248, -0.605349148946786, -0.586874116985497, -0.3133088260915025, 0.36949442597991583, 0.12516956821956227], [0.01014636126848141, -0.4596810480350409, 0.5240969934212486, 0.23680907502035775, -0.6482810572383546, 0.034424919749387675, -0.16320409212012538, 0.36345621590336447, 0.16010752535224337, 0.6034980708338534, -0.017250630789234563], [-0.7366463268701285, -0.09193797692219167, -0.4774037480702919, -0.5701872760529518, 0.04886563688557595, 0.23517497222284628, 0.10785545666785819, -0.21355576649717095, 0.7035777956559727, 0.11898650752358107, -0.045672856294745476]], "inverted": true, "swapped": false, "error_lsq": 0.0474966226691462, "error_max": 0.218903729476178, "target": "855.xyz", "model": "14.xyz", "model_rescale": 3.942246331269136, "target_rescale": 3.7386617033056213},
{"mapping": [12, 8, 1, 0, 11, 6, 4, 3, 10, 5, 14], "R": [[0.5931402254200996, -0.7358953019856314, 0.32656205766143476], [-0.23536615223642737, 0.22940091165259538, 0.9444458672228798], [-0.7699269104077431, -0.6370504895598424, -0.03713793722802497]], "T": [0.09637675225560252, 0.05960786809039835, 0.011741843243623665], "aligned_model": [[-0.2257711384251451, 0.6029975693799968, -0.030983238259346124, 0.6531612005476588, 0.013636853897388251, 0.44804449792223155, -0.45312500737071526, -0.4549103434697197, -0.16656928296343118, 0.11308804867381198, 0.14361595303800714], [0.004292173411469327, -0.46995476112540097, 0.5761192574033384, 0.19032085265068044, -0.620890631078239, -0.24144799174952286, -0.06153271345841514, 0.4612462264624003, 0.016403863762181267, 0.693530199787035, 0.09603585730065489], [-0.7374157961186678, -0.23673289527530955, -0.5995165745361788, -0.4504514893302157, 0.2219487092243871, 0.32556433327934076, 0.17617040704018733, -0.21479093070228772, 0.6735524752341956, -0.01361102912690591, -0.06566079144019192]], "inverted": true, "swapped": false, "error_lsq": 0.04636479159342562, "error_max": 0.3053459352195045, "target": "855.xyz", "model": "15.xyz", "model_rescale": 4.355366556412066, "target_rescale": 3.7386617033056213},
{"mapping": [10, 1, 7, 9, 2, 0, 6, 3, 4, 5, 11], "R": [[0.26292757910528197, -0.6619172992648402, 0.7019505517340775], [-0.7101570596075516, 0.35972216511228383, 0.6052081580881801], [-0.6531049217663211, -0.6576210556702629, -0.3754843649258074]], "T": [0.08369692222901653, -0.001770559159435539, -0.14329927167998277], "aligned_model": [[-0.20354676784794828, 0.4598144468041309, -0.01549444908483083, 0.6656800458914951, 0.13380399655835057, 0.5582092142229742, -0.7139679008348783, -0.3378798567228289, -0.22481101009695542, 0.3376851588289333, -0.016307764747705844], [-0.16195378582585068, -0.3710726705520565, 0.7228201928162828, 0.2407364723506118, -0.6775543411460825, -0.012893029640902026, -0.16607294411786433, 0.4954760962951406, 0.03797927925041948, 0.5422837129275592, -0.005626648991076531], [-0.6809498970818266, -0.27271651022743343, -0.6586539396397271, -0.5337317097179379, 0.3481587253563667, 0.38455339145952916, -0.030022975205707014, -0.06560891238787776, 0.5620889456692207, 0.09176413808375178, -0.06582483806000528]], "inverted": false, "swapped": false, "error_lsq": 0.03901397105374669, "error_max": 0.21191358582208697, "target": "855.xyz", "model": "16.xyz", "model_rescale": 3.795458400668931, "target_rescale": 3.7386617033056213},
{"mapping": [0, 4, 3, 7, 10, 11, 5, 6, 9, 8, 12], "R": [[-0.5635982581559655, 0.3769980986269028, -0.7350030183851366], [0.7190819968554634, 0.6618213145305643, -0.21192835919573214], [0.4065440753496732, -0.6479698922517433, -0.6440938856512637]], "T": [0.07999528636647067, -0.01828922126633921, -0.1895711199233252], "aligned_model": [[-0.14192378614275103, 0.5142872893933265, 0.025962917732185453, 0.5786052638147696, 0.007758353237051416, 0.666386133769003, -0.6240032168352895, -0.4240010317390709, -0.2685523793394151, 0.21248345144282493, 0.09618211763810286], [0.0157808879816954, -0.4834244441879973, 0.6793692836207577, 0.20878443976936673, -0.56880256332726, 0.06010952252757672, -0.16146926998655325, 0.43144123827829767, 0.07930713400258312, 0.5542948644754617, -0.17126875978774725], [-0.7378425311612107, -0.2922135521276268, -0.5929754460880063, -0.5516489049347837, 0.29065856341278185, 0.36300446791700436, 0.10447340929459115, -0.1563133971870084, 0.6270899818831793, 0.14551263555380972, -0.12068880831437741]], "inverted": true, "swapped": false, "error_lsq": 0.037638233217156224, "error_max": 0.22276736902426605, "target": "855.xyz", "model": "17.xyz", "model_rescale": 3.7474275329858107, "target_rescale": 3.7386617033056213},
{"mapping": [9, 2, 4, 0, 7, 1, 12, 5, 11, 8, 13], "R": [[0.49759104661595266, -0.1700053446706057, -0.8505888155337274], [-0.49955296290153794, -0.8578214767165412, -0.12078555931959471], [-0.7091191631763561, 0.4850159758887136, -0.511770960048324]], "T": [0.056781827596894104, 0.08675410013538908, -0.0004852210314889721], "aligned_model": [[-0.28168335345924, 0.4981955291356057, 0.04659654963641414, 0.7865011242095423, -0.12227875588941006, 0.6048557616587016, -0.6556996197754398, -0.5143345968075009, -0.06637286397586237, 0.21138616910671715, 0.13601916913120934], [-0.1679454866978204, -0.3665475986801776, 0.5514915754095484, 0.29956839628511783, -0.6178081912230907, -0.1505021716457156, -0.13797452417044004, 0.47720025198154126, -0.09234470568909288, 0.7881444543755804, 0.06084033342073084], [-0.5184558838452296, -0.3222059660177222, -0.6883377933238906, -0.3488560210223989, 0.1968686922145625, 0.34857471810822493, 0.032743620075799826, -0.21166705963122295, 0.6883494481758021, -0.03216360141674075, -0.06579373506883089]], "inverted": false, "swapped": false, "error_lsq": 0.04639586798043913, "error_max": 0.24158098290546096, "target": "855.xyz", "model": "18.xyz", "model_rescale": 3.922800546911778, "target_rescale": 3.7386617033056213},
{"mapping": [1, 8, 0, 5, 4, 13, 10, 2, 11, 3, 14], "R": [[0.7457680031789795, -0.19911707242214305, -0.635753471798993], [-0.11905537591138853, -0.9787613614229338, 0.1668892292873433], [-0.6554814283418227, -0.04877077870570137, -0.753634864004714]], "T": [0.12091359711063546, 0.04723241187498761, -0.06686290321516448], "aligned_model": [[-0.15205674811694056, 0.4976209427631689, 0.10911813242032167, 0.6346003689472581, -0.06876235606167116, 0.48614986834996354, -0.6071962959690345, -0.5048875206003612, -0.08647410744750644, 0.21107116720698674, 0.12400166147855195], [-0.05806914959667363, -0.3945877668233358, 0.6878808224969731, 0.2548947781992851, -0.5592902361628305, -0.20964058447088635, -0.19324337485895385, 0.36804300676490964, -0.044523064396379014, 0.6801577910580311, 0.11250011115604161], [-0.7468495175788693, -0.259935841370731, -0.6034009882167249, -0.5917780984975817, 0.2795767730598477, 0.4550877426697409, 0.18339301950697562, -0.20318049586493186, 0.6082777379412722, -0.04621537248077859, 0.004081459080134478]], "inverted": true, "swapped": false, "error_lsq": 0.04497176535210836, "error_max": 0.2125448449753527, "target": "855.xyz", "model": "19.xyz", "model_rescale": 3.9282355846067225, "target_rescale": 3.7386617033056213},
{"mapping": [7, 9, 6, 8, 10, 11, 2, 5, 0, 4, 13], "R": [[-0.5033529550681075, 0.6352911067988916, 0.5856970311060521], [-0.5333063029602294, 0.3049119303058083, -0.7890583641151513], [-0.6798677737965644, -0.7095307776125189, 0.18532643031547952]], "T": [0.04580128496714319, 0.0985838722849003, -0.1618145023665502], "aligned_model": [[-0.2213957403870535, 0.5876509363862396, -0.07038725196964901, 0.7224401626675403, -0.11697629055568315, 0.5051883330827966, -0.6934709993560817, -0.5580430948146227, 0.08000601720328308, 0.4425855817192237, -0.03441254100525603], [-0.16075662159731396, -0.3097116813154839, 0.5986885803131583, 0.3248011923266303, -0.6311913523316606, -0.11344659170185496, -0.2526933221413899, 0.4351305149384833, 0.20176698369264695, 0.4860238208354155, 0.06551081034755024], [-0.6612602294024523, -0.2964195594964538, -0.565843658430222, -0.42564613888057895, 0.2661643889753294, 0.3455017635771925, -0.06802200443951248, -0.2608017468638496, 0.6308899003017516, 0.1412042314733618, -0.026710528566212866]], "inverted": false, "swapped": false, "error_lsq": 0.049323785110261704, "error_max": 0.29601767096564685, "target": "855.xyz", "model": "20.xyz", "model_rescale": 4.067790424073018, "target_rescale": 3.7386617033056213},
{"mapping": [9, 11, 1, 13, 3, 6, 0, 8, 2, 5, 14], "R": [[-0.4012349335312214, -0.21171755223070185, 0.8911712552543628], [-0.6540347314973023, 0.7473754280188902, -0.116912529648591], [-0.6412870637315619, -0.6297663437109203, -0.4383437626105007]], "T": [0.043636703538047654, 0.06998785952082742, -0.0826631576323726], "aligned_model": [[-0.20441617428199355, 0.4811645443472994, -0.06160735110321831, 0.6275270911228819, 0.03987180250155597, 0.5209784135779517, -0.6113199540458066, -0.2798145532575842, -0.1886181614466333, 0.2545647867309938, 0.0648546688252904], [-0.05563464211319541, -0.3893473142764237, 0.5755540669112743, 0.245842292490607, -0.7012714343932156, -0.020871479208460622, -0.11608947162903169, 0.5368913340047233, -0.09735213380673274, 0.620197608122564, 0.04620350726407276], [-0.8084307901135243, -0.20761451060060238, -0.7203398783822562, -0.4265682881089435, 0.27634929858915913, 0.4754106503153113, 0.11948785779839526, -0.032182203627464004, 0.6041970434733632, -0.04738289229820196, -0.15386986879688308]], "inverted": false, "swapped": false, "error_lsq": 0.045873577873546754, "error_max": 0.2325814762210496, "target": "855.xyz", "model": "21.xyz", "model_rescale": 4.186013935880536, "target_rescale": 3.7386617033056213},
{"mapping": [9, 1, 4, 7, 2, 0, 8, 11, 5, 6, 12], "R": [[0.6146767904900321, 0.6147435373843264, 0.4942295281314935], [-0.052009702093949006, 0.6567992238771185, -0.7522697457710988], [-0.7870625350764526, 0.4366980223891794, 0.4356918671726705]], "T": [0.032220857490902755, 0.10904743627962504, -0.1250811976303774], "aligned_model": [[-0.17581315916158097, 0.5406381337882501, 0.06551994171206238, 0.6017964528892974, -0.12387475289764932, 0.5770638745886681, -0.6044013721554898, -0.5356510340671575, -0.12443537981585534, 0.399668502841107, 0.022673905249085302], [-0.23019556255586654, -0.40001272075192257, 0.7719797272180755, 0.23894149408379034, -0.45562354641947705, -0.09770192679277023, -0.31798492854870747, 0.3837425046034774, 0.11147271883229956, 0.48717745289892644, 0.1523271207983558], [-0.6016174458789958, -0.2573417950044586, -0.4200864473965392, -0.5689673482980748, 0.3293195556480995, 0.3017551042411183, -0.12022045563004174, -0.15717657001774832, 0.6325412132263003, 0.05339223869915591, -0.11254163134046204]], "inverted": true, "swapped": false, "error_lsq": 0.04919081783753072, "error_max": 0.2519097696527187, "target": "855.xyz", "model": "22.xyz", "model_rescale": 4.166573947596378, "target_rescale": 3.7386617033056213},
{"mapping": [8, 9, 4, 3, 10, 12, 7, 0, 5, 2, 15], "R": [[0.9925519423535576, -0.10574750258509644, -0.060482290194696246], [-0.0627570898573861, -0.018315014312676948, -0.9978607658001984], [0.10441354990044345, 0.9942243338139244, -0.024815008552207786]], "T": [0.21613579037826794, 0.023983613019838965, 0.000869082945093233], "aligned_model": [[-0.15331644624526933, 0.46921331564185786, -0.02742999150836778, 0.5095595665126603, -0.16227535009327085, 0.7299169811410668, -0.46729694294696356, -0.5044879861066804, -0.36367713818799596, 0.43484266705034147, 0.17813643771335855], [-0.11539076635966618, -0.3862676457178904, 0.5072521921543377, 0.25332394558995186, -0.6061255550596625, -0.068977645299922, -0.17165728633487387, 0.3841739948923571, 0.11780938469047073, 0.6603357831199015, 0.06964593169117744], [-0.70493469109386, -0.3570343079198994, -0.49610244911672247, -0.4710759895704785, 0.1447741842211306, 0.39680903760890857, 0.07854781342839848, -0.13224749907651445, 0.5891510507455425, -0.004828012312944181, 0.03599728133479235]], "inverted": false, "swapped": false, "error_lsq": 0.046344416179984665, "error_max": 0.20562139327001552, "target": "855.xyz", "model": "23.xyz", "model_rescale": 4.274766983524099, "target_rescale": 3.7386617033056213},
{"mapping": [4, 9, 2, 1, 7, 8, 5, 3, 6, 0, 10], "R": [[-0.8909939809153512, -0.43453809713156427, 0.13155367008903257], [0.04107689088157136, 0.21141358467106625, 0.9765331460078728], [-0.4521530880223182, 0.8754889710086639, -0.17051875742589906]], "T": [0.0770701206972851, 0.10753427003330868, 0.008754696015501287], "aligned_model": [[-0.20346449255386384, 0.5529871936141406, -0.1187556992276848, 0.5181785137528262, 0.024202300941559438, 0.5572193524302813, -0.6470322365858563, -0.3530923906125714, -0.22475139976910896, 0.38641070279395384, 0.15128326818706067], [-0.12063133394157874, -0.4906146920747157, 0.5590319700461261, 0.222514223249692, -0.5123744367698992, -0.19981989385956506, -0.26582969391451006, 0.4634996432047524, 0.1362910173832083, 0.7483608912830384, 0.10369463875963303], [-0.5886742912635906, -0.36990902666812603, -0.8196616219693525, -0.45727789558955595, 0.1268676307248226, 0.47779761612866367, -0.0414057985442656, -0.05653811184594619, 0.6113257502339364, 0.20830165270990225, -0.011769485668134641]], "inverted": true, "swapped": false, "error_lsq": 0.045376395702393574, "error_max": 0.25155305779016063, "target": "855.xyz", "model": "24.xyz", "model_rescale": 3.7841303162186577, "target_rescale": 3.7386617033056213},
{"mapping": [8, 7, 9, 10, 6, 11, 4, 2, 3, 14, 15], "R": [[0.43816394124374636, 0.8957965503569151, -0.07457144870791876], [-0.7662926440381198, 0.4156069391009891, 0.48996577009437503], [0.46990205818533504, -0.15754178029893462, 0.8685462815379663]], "T": [0.05150973262001136, 0.052066272992810934, -0.15176415796073245], "aligned_model": [[-0.2710814771908273, 0.5104480645551942, 0.02650151568621194, 0.7404241401132876, -0.02397875864494791, 0.5928159464990771, -0.5956339572086385, -0.5990149480145434, -0.18860770322272202, 0.40840680538395374, 0.04290548501469131], [0.00946466573340645, -0.3990904248574934, 0.5879203539998613, 0.2204215613661642, -0.5207607524329549, -0.14341908964005515, -0.24121442996751116, 0.3982139415517168, -0.03182903563354326, 0.757748960639507, 0.0066665826070836515], [-0.6453001729085353, -0.2447093114956008, -0.38495013841411463, -0.47162122182225147, 0.28205278369950043, 0.3563702976461412, 0.07604237584463225, -0.31236446731213463, 0.6126356600847396, -0.08903150204034072, -0.10006788503368264]], "inverted": false, "swapped": false, "error_lsq": 0.05020331083566007, "error_max": 0.2637906191165465, "target": "855.xyz", "model": "25.xyz", "model_rescale": 4.19342608120988, "target_rescale": 3.7386617033056213},
{"mapping": [10, 1, 7, 9, 2, 0, 6, 3, 4, 5, 11], "R": [[0.26292757910528197, -0.6619172992648402, 0.7019505517340775], [-0.7101570596075516, 0.35972216511228383, 0.6052081580881801], [-0.6531049217663211, -0.6576210556702629, -0.3754843649258074]], "T": [0.08369692222901653, -0.001770559159435539, -0.14329927167998277], "aligned_model": [[-0.20354676784794828, 0.4598144468041309, -0.01549444908483083, 0.6656800458914951, 0.13380399655835057, 0.5582092142229742, -0.7139679008348783, -0.3378798567228289, -0.22481101009695542, 0.3376851588289333, -0.016307764747705844], [-0.16195378582585068, -0.3710726705520565, 0.7228201928162828, 0.2407364723506118, -0.6775543411460825, -0.012893029640902026, -0.16607294411786433, 0.4954760962951406, 0.03797927925041948, 0.5422837129275592, -0.005626648991076531], [-0.6809498970818266, -0.27271651022743343, -0.6586539396397271, -0.5337317097179379, 0.3481587253563667, 0.38455339145952916, -0.030022975205707014, -0.06560891238787776, 0.5620889456692207, 0.09176413808375178, -0.06582483806000528]], "inverted": false, "swapped": false, "error_lsq": 0.03901397105374669, "error_max": 0.21191358582208697, "target": "855.xyz", "model": "26.xyz", "model_rescale": 3.795458400668931, "target_rescale": 3.7386617033056213},
{"mapping": [10, 8, 4, 11, 6, 1, 7, 3, 0, 9, 12], "R": [[-0.6502723776067312, -0.3229028982423348, -0.687662383170978], [-0.5263693384299368, -0.46119162429844235, 0.7143091804238519], [-0.5477966360635298, 0.8264599227933953, 0.12993398913993148]], "T": [0.18330479347089984, 0.09790620659407712, -0.049784945357632546], "aligned_model": [[-0.21908504777322346, 0.6317448029367587, -0.01345046762432564, 0.5326709546472121, 0.1722318128014218, 0.5037311187534557, -0.5875706134314542, -0.4156566890321441, -0.322591134345761, 0.3225626909269252, 0.03859768511187206], [0.020392626023914104, -0.45885218999183264, 0.6216930066222277, 0.1909538156241401, -0.6586853457639411, -0.08198226333354874, -0.14808829575298746, 0.5151699302795456, 0.13365554329093948, 0.4927396870435926, 0.01712581932413182], [-0.6326747196717424, -0.19004668585560092, -0.6709112915901886, -0.6669235194332204, 0.27981112815575665, 0.4142412166249052, -0.12358135772006314, 0.06072607772038262, 0.6090507604425072, 0.04554632352964001, -0.04618151395402307]], "inverted": true, "swapped": false, "error_lsq": 0.049261321155300235, "error_max": 0.2175162689495266, "target": "855.xyz", "model": "27.xyz", "model_rescale": 3.6321398670334006, "target_rescale": 3.7386617033056213},
{"mapping": [4, 1, 7, 3, 13, 11, 6, 12, 9, 8, 14], "R": [[-0.981244966139767, -0.007991856744403121, 0.1925991865277327], [0.09257701528002617, 0.856835139359956, 0.5072110410862981], [-0.16907930880864533, 0.5155285386705392, -0.8400253050646802]], "T": [0.2340147672142801, 0.11637107744017541, -0.0019133989744464924], "aligned_model": [[-0.1475940111486133, 0.3894707880171696, -0.016335373464255898, 0.6331150794277776, -0.049641502271757676, 0.46444705117876633, -0.4804958784155627, -0.4532027496916485, -0.13057340694896186, 0.20305980756923042, 0.23093530871859347], [-0.2124696668616953, -0.37880711532381717, 0.5485647150565083, 0.3252990038361883, -0.584348459417192, -0.20461141780839412, -0.1874213505070831, 0.5741003337016055, 0.07906047030770824, 0.6321862312571674, 0.05256958912518542], [-0.6597171368191039, -0.42369436008272393, -0.5947209990185549, -0.5202068895038992, 0.3063212249108506, 0.5044432309511676, -0.03496086702120131, -0.043455465364519, 0.5568849037036747, -0.004389961246876475, -0.007447262260460663]], "inverted": false, "swapped": false, "error_lsq": 0.043502115578581343, "error_max": 0.23413215168471263, "target": "855.xyz", "model": "28.xyz", "model_rescale": 4.156811204709835, "target_rescale": 3.7386617033056213},
{"mapping": [2, 9, 7, 8, 5, 3, 0, 1, 4, 10], "R": [[-0.39073127086083814, -0.029220906735315355, 0.9200408754946927], [-0.6193610186429831, -0.7310610104427859, -0.28625465515149207], [0.680970632668547, -0.6816860990367481, 0.2675501071258617]], "T": [0.002650959015333132, 0.10871652625066805, -0.02833657410680954], "aligned_model": [[-0.5658447307203995, -0.025015096723942823, 0.04716941037786278, 0.7219704621234007, 0.11653702290915377, -0.727992926223622, -0.5534167784152959, -0.4728976044460892, 0.2501283539444809, -0.14771273871496093], [-0.16288869076327075, -0.5670523078023216, 0.07332375810303504, -0.05576345551170356, -0.3052981297585109, -0.31165435323715174, 0.5384740550106055, 0.1829982321478127, 0.5327575878070656, -0.0061763653693562015], [-0.6105776690941898, -0.23822631660026566, -0.7028567025454324, -0.04841829593809119, 0.4788012679288379, 0.12434488855083964, -0.2858154388977896, 0.5354551697046798, 0.44209137406078647, 0.06398844980572423]], "inverted": false, "swapped": true, "error_lsq": 0.05220387633176861, "error_max": 0.3155789346084328, "target": "855.xyz", "model": "29.xyz", "model_rescale": 4.117894457231895, "target_rescale": 3.7386617033056213},
{"mapping": [11, 6, 12, 10, 5, 8, 2, 3, 0, 4, 14], "R": [[-0.42406603793999037, 0.5530915122850466, -0.7171176852540446], [-0.9006087510988139, -0.17427223661687447, 0.39816210893150894], [0.09524638003679364, 0.8146894908999331, 0.5720219930274486]], "T": [0.15236151196133416, 0.09684036574603089, -0.127573431440257], "aligned_model": [[-0.22752403216892395, 0.5602432113050532, -0.11610208154871157, 0.6538723088807386, 0.027309483568107223, 0.5308751583787147, -0.6122528274896162, -0.3175185881347157, -0.2973779494532647, 0.24242105339481443, 0.19923937623854113], [0.004512058104646999, -0.3963262419507018, 0.6601019438399043, 0.0152750546391493, -0.6296177720591318, -0.17741957645759215, -0.20134713223608364, 0.34662731023581544, 0.09926474186608947, 0.8201380915088916, 0.10291385587519364], [-0.7380372610631073, -0.1745698103746462, -0.573041293877341, -0.6336909921812913, 0.2630316578012291, 0.40468457952381387, 0.05189796181257528, 0.001171956663549245, 0.498534379139979, 0.13368845070058394, -0.15461320989699132]], "inverted": true, "swapped": false, "error_lsq": 0.04943439626153505, "error_max": 0.24263342061438903, "target": "855.xyz", "model": "30.xyz", "model_rescale": 4.100398675895297, "target_rescale": 3.7386617033056213},
