[{"mapping": [4, 0, 6, 2, 9, 1, 7, 10, 13, 8, 11, 12, 5, 14], "R": [[-0.8249392515139309, -0.2781220051923491, 0.492060343392376], [0.5541453962487934, -0.22646611275484724, 0.8010218346524501], [-0.11134680564750704, 0.9334673266919932, 0.3409408143220764]], "T": [0.021047994084153206, 0.07997659406095481, 0.04365672543435982], "aligned_model": [[0.01507242579803026, 0.20651390167108152, -0.5995447261495042, -0.4061467384236739, -0.48055890596436696, 0.1109114667440336, -0.7439338269469868, -0.02369270950747853, -0.4638412344759258, 0.25984469778518493, 0.6522752836268633, 0.20538226694804412, 0.6358344114930801, 0.003375788529921691], [-0.5368822036949583, -0.4516306156619373, -0.4759486714786674, -0.22877405302964893, 0.06445953267542984, 0.32240682152738004, 0.10413189891780822, 0.5803663696613979, 0.6492069846023483, 0.11496779014636427, 0.41476756968338724, 0.7646958120812448, -0.22190842892418572, 0.13541452530407083], [0.32595552043726816, -0.32803500893545356, 0.24497027699673357, -0.4461017060112812, 0.6868287320798099, -0.6671413921522947, 0.04744495112091472, 0.4806825182888643, 0.23284403248154611, 0.7543476205870694, 0.34653785390698605, -0.1264079772225436, 0.22260674086028132, 0.12305592474193297]], "inverted": false, "swapped": true, "error_lsq": 0.05156718043691006, "error_max": 0.33645865601938874, "target": "857.xyz", "model": "0.xyz", "model_rescale": 3.8414455957264533, "target_rescale": 4.045794954783497},
{"mapping": [4, 5, 2, 3, 0, 1, 7, 9, 11, 13, 12, 1, 10, 8, 14], "R": [[-0.8892713837179209, -0.1613285070931636, -0.42798308249217687], [0.37528352544200955, -0.7922615696826274, -0.4811277176964925], [-0.26145493231574524, -0.5884681112882076, 0.7650794732344208]], "T": [0.13619790197161022, 0.033193987023581124, -0.07292120135121317], "aligned_model": [[-0.263681182140431, 0.127185318948661, 0.21950378911499255, -0.45962727646694024, -0.3636230732774842, -0.6331475987734878, 0.10946819461761101, 0.632524651428749, -0.20813302781291562, 0.3250439903279966, 0.2655108717908691, -0.6331475987734878, 0.30795619523484524, 0.7868218459200783, 0.07841657135226571], [-0.148196869438297, -0.6205763046267483, -0.4751815691704878, -0.4504864621354443, 0.4864551303891932, 0.02702413709471941, 0.25949334778325744, 0.3025655902930803, 0.561283061272516, 0.7640704768720312, 0.2658022859677506, 0.02702413709471941, -0.34163100294390675, 0.27340968961319095, 0.013142128315402693], [-0.3938749521159178, 0.009698191561051298, -0.6013331151552602, 0.08335567435357215, -0.3379696839409253, 0.32276468998669083, -0.6737781928222728, -0.4558159350820017, 0.500510174301184, -0.002184279318727292, 0.6422438697798482, 0.32276468998669083, 0.4733265592863597, 0.30561188477322576, -0.007169852607680077]], "inverted": true, "swapped": false, "error_lsq": 0.047764342140867125, "error_max": 0.44599487242946756, "target": "857.xyz", "model": "1.xyz", "model_rescale": 4.316132596720782, "target_rescale": 4.045794954783497},
{"mapping": [5, 4, 8, 12, 11, 3, 13, 1, 9, 0, 7, 14], "R": [[0.17976611231636375, 0.5711521872116873, -0.8009178009670943], [0.8862495065848383, -0.4473656254364152, -0.12010749042426788], [-0.4269027488091299, -0.6882217493084557, -0.586604523369892]], "T": [0.016936280410771352, 0.05530324843687649, 0.01147071785967816], "aligned_model": [[-0.1685695216967876, 0.5029847212934585, -0.0033924061425051125, -0.612794981414136, -0.5777360630971335, -0.42075046186133336, 0.020266589132114092, -0.3794606103776753, 0.533508723568699, 0.1545057582706719, 0.5380711248761426, 0.01117568208026535], [-0.603525869040176, -0.4041191080612867, -0.4823391864844254, 0.3671109512459568, -0.3676017185404637, -0.08691244592444582, 0.5551725265670814, 0.5118509023419424, 0.023167350429264405, -0.12484952207923584, 0.5744880958088541, 0.050334451477914315], [0.19216882383486142, 0.1251857340646188, -0.5118429114581885, -0.1833523534580991, -0.2526997937028703, 0.4485718554720615, -0.5759407669298774, 0.465910557178019, -0.619116854592996, 0.6469061526144335, -0.1998597911968425, -0.08667219061569956]], "inverted": false, "swapped": true, "error_lsq": 0.05207958285210343, "error_max": 0.2771166527695296, "target": "857.xyz", "model": "2.xyz", "model_rescale": 3.795458400668931, "target_rescale": 4.045794954783497},
{"mapping": [1, 12, 11, 9, 0, 4, 10, 2, 13, 6, 5, 14], "R": [[0.5271964271437974, 0.0634705887672587, -0.8473697018234441], [-0.820810200248127, 0.29604130148641383, -0.48849786384677285], [0.21985118233806392, 0.9530640231252926, 0.2081692231065572]], "T": [0.036305374073650476, 0.013579890434184335, 0.0010584890866094376], "aligned_model": [[0.06591865976888366, -0.34950364753842217, -0.7341423613749858, 0.2932190828887056, 0.19539019764943383, 0.20745393472484763, -0.25146364959173645, 0.6727891996167212, 0.17511330617719006, 0.7407913174301042, -0.4288083551441209, 0.006546141136944173], [-0.31896189096854405, -0.5805831953351988, -0.007495837606174619, -0.020625695726188723, 0.48998828295952407, 0.6315665939423623, -0.37130171110842497, 0.04558961158692221, -0.6400231294529095, 0.34180127640128555, 0.5431490347068851, -0.027334294109829408], [-0.6776320440759506, -0.17175112036870327, 0.0918107179085219, 0.7745866499191556, -0.4493697917134815, 0.22251660684124352, 0.46196883125318555, -0.33293154116455925, 0.3863740597775334, 0.36256318991630665, -0.06486384765592745, 0.08549972000177572]], "inverted": false, "swapped": true, "error_lsq": 0.051844228008593944, "error_max": 0.28920325380123457, "target": "857.xyz", "model": "3.xyz", "model_rescale": 3.7530521520055578, "target_rescale": 4.045794954783497},
{"mapping": [8, 3, 12, 1, 13, 0, 9, 4, 6, 2, 14], "R": [[0.7668358612594715, -0.632787304911386, 0.10743830150104616], [-0.33723654651268564, -0.5396481883082109, -0.7713957120388104], [0.5461082984011892, 0.5553017734517427, -0.6272205886438258]], "T": [-0.06446575712304876, -0.07381796413813727, -0.07524019632879192], "aligned_model": [[-0.5924262439212704, -0.04430856304961488, 0.4178728412225309, 0.5123896522782938, 0.3827764441810496, -0.2495025566817453, -0.283372952934639, -0.6461797043536562, -0.30638304911466197, 0.21916244979048616, -0.0718287149715677], [-0.6043006341666312, 0.23525837767419075, -0.4081974408163618, 0.2833936155078516, -0.6239334127253008, 0.5691118890223618, -0.5566591624143465, 0.1410901861524164, 0.1286119443758045, 0.47324458973066896, -0.17041659402630743], [-0.13159318324297647, -0.6292419066551009, -0.5080003803693018, -0.40948493732537644, 0.22853611156185022, -0.16219512965253008, 0.5448118243692808, 0.19983518239745007, 0.7217626438728275, 0.2961938154834645, -0.05779326319427099]], "inverted": false, "swapped": true, "error_lsq": 0.05045834712042969, "error_max": 0.2720398982188965, "target": "857.xyz", "model": "4.xyz", "model_rescale": 3.7855080009869324, "target_rescale": 4.045794954783497},
{"mapping": [6, 7, 4, 8, 12, 13, 1, 0, 14, 2, 9, 15, 10, 3, 16], "R": [[0.23666039125427013, 0.10045187953937833, 0.9663856782405164], [-0.39629499532280754, 0.9181218165084122, 0.0016145381351959365], [-0.887097590963628, -0.38335590506512385, 0.2570916454461871]], "T": [-0.00555622217766882, 0.03900650675103177, -0.019689870358433892], "aligned_model": [[-0.3082254114119059, 0.19370568357687576, 0.2657294411544697, -0.41893581844716987, -0.3789928956039503, -0.7299295449885705, 0.1658507495684913, 0.6386191791499781, -0.1992074919364457, 0.36251744776578443, 0.2555510903651915, -0.3866985371113448, 0.23309052923767964, 0.6042468418275195, -0.006249591655281175], [-0.38051735731388747, -0.6748898305069291, -0.2761704239210029, -0.4223122836313023, 0.5504713823345673, 0.03742697738175725, 0.397535215260685, 0.17458427595516915, 0.597461231173823, 0.6743331945041058, 0.3106182479784224, 0.022238975737003935, -0.38138206633460464, 0.23221894252471686, 0.0825812952384529], [-0.4177704619919515, -0.12930822849539658, -0.6313011644889013, 0.3143941864174991, -0.26871596335831316, -0.03187318527119723, -0.6640350838896443, -0.4381759563188972, 0.30943762017304255, 0.061964651266259926, 0.5844326773196946, 0.7109040608759749, 0.5255490219926238, 0.2509127593248793, 0.011734789430165017]], "inverted": true, "swapped": false, "error_lsq": 0.031508498680882596, "error_max": 0.21505403495620254, "target": "857.xyz", "model": "5.xyz", "model_rescale": 4.2253639853439635, "target_rescale": 4.045794954783497},
{"mapping": [4, 0, 11, 8, 5, 12, 10, 9, 1, 2, 3, 13, 7, 14], "R": [[-0.3641180199661064, -0.6993252319446024, 0.6151116057282536], [-0.5276283903323495, 0.6991321319637752, 0.4825168844414467], [-0.7674805204376566, -0.14885725384211113, -0.6235504540350599]], "T": [0.03923449591008101, 0.00908582607683188, -0.015950645264600848], "aligned_model": [[0.4348011795291435, -0.019442532140240366, -0.49270401709059464, 0.11914077863081657, -0.24340923770995457, -0.48389372097060623, 0.026002753114126163, 0.7051613298035138, -0.4274863849177913, 0.32152242867701925, -0.5123702138827113, 0.24634554042297824, 0.6400134439430196, 0.06038080534906476], [-0.27492130066253057, 0.2118113763205039, -0.5365861671501021, -0.725348210879778, -0.46105349602449147, 0.11384768694811907, -0.3201697255589363, -0.3153587956553815, 0.6042458939147457, 0.622533689693587, 0.08955302151854745, 0.11182487328249201, 0.3731672739909905, -0.04844697310277532], [-0.48829590481229096, -0.6567454106636513, 0.13085998310025146, 0.11653116215172496, -0.4633895257987068, 0.481144271203447, 0.5626674536599418, 0.3258060384043103, -0.022109859749568993, -0.26430697067549586, -0.31944639017321524, 0.7199041923612123, 0.28786569860100536, 0.06107347132248458]], "inverted": true, "swapped": true, "error_lsq": 0.04672235710986725, "error_max": 0.28644772068894586, "target": "857.xyz", "model": "6.xyz", "model_rescale": 3.89814844738969, "target_rescale": 4.045794954783497},
{"mapping": [3, 5, 8, 1, 10, 4, 0, 12, 2, 6, 9, 7, 14], "R": [[-0.22888463454496455, -0.28995788710882253, -0.9292665106268522], [0.16384833436395496, -0.9524638395835615, 0.25683916681825847], [-0.9595652908454827, -0.0934722311123839, 0.2655134546788495]], "T": [-0.0257202653934544, 0.004870726220708332, -0.049152012012470325], "aligned_model": [[-0.15319135297875833, -0.052873374322937886, 0.44672346010277164, -0.21303134030504392, 0.6145687605681829, -0.36508877647614896, -0.6280102718068313, 0.46488318080079144, -0.6299011830757828, -0.4769413932666522, 0.2290468826415949, -0.14779360652119286, 0.06024081554422997], [-0.4236065070310779, 0.14874641160708976, 0.5083910939192682, -0.725016542775996, 0.11827575719247616, 0.5537953145318022, -0.07502688732915105, -0.5324884109331622, -0.12905586938325592, 0.6136076173810736, 0.6685425895522261, 0.1915276653190944, 0.046089033420098346], [-0.49971918236578694, -0.7417431684563294, -0.34342053480564794, 0.016124006896806778, 0.09420929339046696, -0.2583263495357849, -0.342446562300834, -0.0012463644546406305, 0.31788301142789105, 0.3515402170314921, 0.3510402537883835, 0.6830039156334314, -0.024623505413152447]], "inverted": true, "swapped": true, "error_lsq": 0.05068888382171526, "error_max": 0.2738027109593658, "target": "857.xyz", "model": "7.xyz", "model_rescale": 3.7474275329858107, "target_rescale": 4.045794954783497},
{"mapping": [2, 0, 1, 3, 4, 8, 13, 12, 9, 11, 7, 5, 6, 10, 14], "R": [[0.4914732691433433, -0.8708723308634021, -0.005950550739218463], [-0.39578956684754685, -0.21726547711912103, -0.8922703240760796], [0.7757606876429007, 0.44088217903284077, -0.4514623569236621]], "T": [0.07153424498107702, 0.07110260040040228, -0.033323793078563674], "aligned_model": [[-0.4828931868820349, 0.3171853582565708, 0.18395222824970403, -0.3211220118274557, -0.4925394912509749, -0.6013297910117466, 0.094975491909537, 0.544664871693163, -0.18723989630284116, 0.3454645999259725, 0.21960788311548718, -0.30441946119373503, 0.186099641319446, 0.7384534545896762, 0.05021198090055373], [-0.3042709860369136, -0.5345420650654822, -0.44951832852669127, -0.4655018989482401, 0.352534213433932, 0.17095283680916673, 0.6361075638505388, 0.29042152162067064, 0.6417119039845447, 0.6021053979973378, 0.2615702493235228, 0.02718763913603159, -0.3891328639933345, 0.031021547507105507, 0.07355104528878822], [-0.5435143351828913, 0.05071969189314002, -0.563529286685295, 0.2350252562070946, -0.4968352957665604, 0.016618525781162637, -0.7321311541672384, -0.36300430457592536, 0.4000137272844777, 0.1383682136481869, 0.6036015591624629, 0.5747483663009457, 0.6315041438147789, 0.3256687371254341, -0.08910412185393536]], "inverted": true, "swapped": false, "error_lsq": 0.04220129141571178, "error_max": 0.27970125147660585, "target": "857.xyz", "model": "8.xyz", "model_rescale": 4.019505241142653, "target_rescale": 4.045794954783497},
{"mapping": [10, 12, 7, 9, 8, 4, 2, 11, 5, 3, 1, 0, 14], "R": [[-0.3764476065884589, 0.567988514197896, -0.7318990690205087], [0.267568614104523, -0.6896906593795041, -0.6728549852017518], [-0.8869578548273902, -0.4491278683225206, 0.10765649843861219]], "T": [0.02875569949298816, -0.014959706620836247, -0.021668439801612246], "aligned_model": [[-0.2830936942951219, -0.6967056510593963, 0.1664515009413055, 0.3546752739903098, 0.17613118186473625, 0.6907317062854689, 0.24457102123145735, -0.3137404271183692, 0.23766711975881077, -0.18205573551672494, -0.4430715943281226, 0.36130079066666115, 0.006839279320161214], [-0.5108331491343115, -0.08832280530676613, 0.25134450939241554, -0.41152941195678316, -0.7508851484214795, -0.12306608036412016, 0.6534847841301535, -0.5942112892045823, -0.3270771707871983, 0.1415035094271085, 0.5376889917962165, 0.37857743519344567, -0.09329594665003964], [-0.338279694035045, -0.013592588498724134, -0.7258821479270445, -0.6557263167118418, -0.01676851519527272, 0.08003638718543625, -0.1775252087305415, 0.36489833804789484, 0.5783804925356228, 0.5561984942572247, 0.1881892353404513, 0.41387817544660777, -0.07710315767088913]], "inverted": false, "swapped": true, "error_lsq": 0.04955486012472644, "error_max": 0.3008913027022367, "target": "857.xyz", "model": "9.xyz", "model_rescale": 3.877068213659057, "target_rescale": 4.045794954783497},
{"mapping": [9, 7, 8, 2, 10, 14, 11, 0, 6, 12, 3, 13, 4, 5, 15], "R": [[0.22442337803044565, -0.45074210977019885, -0.863982463869096], [0.9444663518571851, 0.31899301300626326, 0.0789098717700536], [0.2400363672508481, -0.833711585701612, 0.49730024559004593]], "T": [0.024348124316456825, 0.057912897042744, 0.05765289735002457], "aligned_model": [[-0.4123095696250747, 0.3010534735683721, 0.15681676822226587, -0.34165008183130363, -0.4254737120392414, -0.7537009377215874, 0.10064438739405682, 0.6389446723322872, -0.16595394604630906, 0.3828597440201922, 0.2555593941056974, -0.5357226989363308, 0.2359452119998198, 0.7610539436830611, 0.0930050223654166], [-0.18716731427795652, -0.7088266405142624, -0.356104042451994, -0.4907094036855058, 0.48021686871415137, 0.07470971308196134, 0.388323980994375, 0.2580995919963261, 0.5882026403510345, 0.7072876585199013, 0.24544671190604278, 0.02983506263250752, -0.3759696076405109, 0.20559659638500638, 0.0852559603699004], [-0.3723599539001651, 0.01486036693813908, -0.5798147237894843, 0.13123443164884419, -0.2923906006727508, -0.0046292884758578345, -0.5978336945082727, -0.40706465769215006, 0.30841670112265873, -0.03166145428183645, 0.6181292659272288, 0.5897908532594366, 0.5320612914143323, 0.27317436473203294, 0.006236821263682808]], "inverted": false, "swapped": false, "error_lsq": 0.030719378774359946, "error_max": 0.19061360950175452, "target": "857.xyz", "model": "10.xyz", "model_rescale": 4.260839863003843, "target_rescale": 4.045794954783497},
{"mapping": [1, 5, 4, 0, 6, 2, 1, 12, 8, 9, 13, 14], "R": [[0.04508855396555411, -0.357571426648271, 0.9327967072980132], [0.9456085333382318, -0.2858519134652945, -0.15528420797411327], [0.3221669194365138, 0.8890620666820455, 0.3252339428900939]], "T": [0.06036828145466169, -0.014531070192668588, -0.03697459224402625], "aligned_model": [[0.32880509434537464, 0.11955112009550688, -0.4748862404507742, -0.2887800130400824, -0.7415846135062248, -0.41554298736779427, 0.32880509434537464, 0.744155383533242, 0.19992949647172437, -0.2276912335492722, 0.2893331115826028, 0.09680443663445294], [0.3303571643949051, -0.7084533345287803, -0.41632505305464257, -0.24749419440677572, 0.12393726799056676, 0.3821997133622785, 0.3303571643949051, 0.232486598633866, -0.4859133115448789, 0.09460962312490649, 0.5461241447321861, -0.008807277565602787], [-0.6542878077195983, -0.16381818421159294, 0.07396361380331096, -0.5651622718741512, 0.23212287132557405, -0.4027597372691796, -0.6542878077195983, -0.0931796194821587, 0.5301684653310911, 0.7184263055450352, 0.4407004805610237, 0.054291769105748754]], "inverted": false, "swapped": true, "error_lsq": 0.05504582168293276, "error_max": 0.3710118138681531, "target": "857.xyz", "model": "11.xyz", "model_rescale": 3.890672605050136, "target_rescale": 4.045794954783497},
{"mapping": [3, 1, 2, 5, 0, 10, 12, 8, 11, 13, 6, 7, 9, 14], "R": [[0.8242552512909808, 0.1136161441335783, 0.5547023098126243], [-0.5625098701417784, 0.05236933477760241, 0.8251303525916565], [0.06469873810455731, -0.9921435503832949, 0.10707590167964287]], "T": [0.15295477729273332, 0.005388838676391824, 0.06610229764282907], "aligned_model": [[0.4691563691703007, 0.12473327910811441, 0.3354649885617757, 0.650466325158076, 0.7752497617447942, -0.3935789032523146, -0.33097569171808305, 0.08251016894866642, 0.07515201270682298, -0.5964834339744209, 0.326440252824698, -0.20449093399422064, -0.18429422370726162, 0.08052586321674574], [-0.2809952329485195, 0.1259514603012301, 0.6674088925007755, -0.4890019834776782, 0.17209175506494595, -0.29683622383499586, -0.31650566753513276, -0.48989075609319066, -0.766550679276519, 0.15383997099826868, 0.6447683720950544, 0.6501819982027417, 0.18707798109667964, -0.029387367265894998], [-0.4038478160917146, -0.6800545385382843, -0.14861866977834412, 0.16191455606852823, -0.13419164559710492, 0.2970658214367725, -0.37428022108625003, 0.6256248424210127, 0.04804746859559192, 0.17210827597567074, 0.6099882906043576, 0.27169743577914185, 0.7863610416742699, 0.12297559389321402]], "inverted": true, "swapped": true, "error_lsq": 0.055880126865597936, "error_max": 0.403609866557426, "target": "857.xyz", "model": "12.xyz", "model_rescale": 4.124412569039231, "target_rescale": 4.045794954783497},
{"mapping": [4, 8, 11, 6, 5, 0, 9, 2, 10, 7, 1, 12, 14], "R": [[-0.34903460919619383, -0.8151424174603604, 0.4622960965010844], [0.3252796320581274, 0.3572639546743503, 0.8755316257329447], [-0.8788446976294445, 0.4559663429983879, 0.14045174082682993]], "T": [0.19044943235789497, 0.08343533916013282, -0.046113522722565484], "aligned_model": [[-0.19631453354127454, -0.020820621362451636, 0.6089656136701732, -0.5846959385014276, 0.4365593882399655, 0.3457073086508243, -0.5504370470288185, 0.038242171426946414, 0.09146498001538009, -0.3706642400148043, 0.7459715474871798, 0.6707597993278562, 0.15255987914020874], [-0.24265049963293125, 0.5499386123569338, 0.5717811054220076, -0.2809044529881063, -0.012855767183292677, -0.5519440784631552, 0.42254114154181077, -0.48252099025948614, 0.741626737054556, 0.05675036869982461, -0.14026692602682445, 0.541978579258157, 0.17401154672898322], [0.40590943451066663, 0.502584443787789, 0.3882048915317674, -0.07960294206222002, 0.610604016718147, 0.11925443431549758, -0.005926821493149305, -0.4635006399688513, -0.06533235816287628, -0.5659542434656161, -0.5081030237127471, -0.34741334534107354, -0.039025765689495]], "inverted": false, "swapped": true, "error_lsq": 0.042478892525505935, "error_max": 0.2808333144851631, "target": "857.xyz", "model": "13.xyz", "model_rescale": 3.9028299243045295, "target_rescale": 4.045794954783497},
{"mapping": [6, 7, 3, 9, 1, 11, 2, 0, 12, 8, 13, 14, 10, 5, 15], "R": [[0.3338180694580615, -0.9397104130217206, 0.07422827063754123], [0.7479206835897854, 0.21611133734605467, -0.6276229289382982], [0.5737422309381464, 0.2650287334027142, 0.7749707239045045]], "T": [0.08596402200745648, 0.08938479593899827, -0.04170818140378352], "aligned_model": [[-0.3000438806553297, 0.0786328103195979, 0.3056713840606119, -0.44107834589725825, -0.4742991420872701, -0.6086650965972664, 0.08495075703814219, 0.7655025797663538, -0.136452850380876, 0.484495372877669, 0.15381846842721345, -0.3657544269400219, 0.27048105749290685, 0.44171137949674133, 0.0321016045701078], [-0.2379040774522706, -0.8130109873809451, -0.24224696900588288, -0.46713394772385886, 0.2698758371636283, 0.18330410947252712, 0.5243386508929561, 0.20747173749180986, 0.6605493126743828, 0.7482606695452706, 0.32322424655936965, -0.11552939402135944, -0.3794027247599114, 0.29254970523625334, -0.010148392310992613], [-0.4756300115591561, 0.037387073945345295, -0.5217482763722536, 0.07387160423786171, -0.31689344034586503, 0.1918003590604629, -0.6358158205657267, -0.5015986379240176, 0.28774912791005314, -0.10139490614856023, 0.7155013254236632, 0.6911023469160048, 0.5074223368717942, 0.2653254827517644, -0.02892884121553263]], "inverted": false, "swapped": false, "error_lsq": 0.0409925305738648, "error_max": 0.2760676808373156, "target": "857.xyz", "model": "14.xyz", "model_rescale": 3.942246331269136, "target_rescale": 4.045794954783497},
{"mapping": [1, 5, 3, 2, 12, 0, 13, 4, 8, 11, 6, 7, 9, 10, 14], "R": [[-0.9400412296130666, -0.08431430783802155, -0.33047478590862145], [0.33863945482110747, -0.11548343641353254, -0.9338023857072676], [0.04056853788364742, -0.9897245442080926, 0.13711134280600618]], "T": [0.0961462248578765, 0.07580386046531902, -0.002105398675968515], "aligned_model": [[-0.36666020054742027, -0.0038210290425927523, 0.2056546995485929, -0.37861760203644657, -0.29500380110442376, -0.6192670983482249, 0.14976484432995993, 0.5709505678735813, -0.3474472243023117, 0.3870795057245814, 0.16495050425216917, -0.3063260824704862, 0.34507161173040124, 0.7822463772886904, 0.002496598595252031], [-0.3389355766466909, -0.54704218594876, -0.27599269758165346, -0.4365255860533764, 0.2508466268140613, 0.0064838178562936916, 0.6831601757925914, 0.18092908070885866, 0.6272871807952428, 0.7177475765178565, 0.31871548683607914, 0.0072619476378262965, -0.32305117334966504, 0.02260450904623483, 0.050708593956078546], [-0.522146596744163, -0.07173950528375124, -0.6191912972491431, 0.3057350884955384, -0.6981211638001643, 0.15312343736985973, -0.5398536635576908, -0.3294790397113714, 0.3108353713554246, 0.12971689140178774, 0.4969429980245571, 0.7490920162215876, 0.6514335212845593, 0.18614158240517545, -0.01433991722636788]], "inverted": true, "swapped": false, "error_lsq": 0.044367857834013764, "error_max": 0.34277677933249945, "target": "857.xyz", "model": "15.xyz", "model_rescale": 4.355366556412066, "target_rescale": 4.045794954783497},
{"mapping": [5, 4, 8, 12, 11, 3, 13, 1, 9, 0, 7, 14], "R": [[0.17976611231636375, 0.5711521872116873, -0.8009178009670943], [0.8862495065848383, -0.4473656254364152, -0.12010749042426788], [-0.4269027488091299, -0.6882217493084557, -0.586604523369892]], "T": [0.016936280410771352, 0.05530324843687649, 0.01147071785967816], "aligned_model": [[-0.1685695216967876, 0.5029847212934585, -0.0033924061425051125, -0.612794981414136, -0.5777360630971335, -0.42075046186133336, 0.020266589132114092, -0.3794606103776753, 0.533508723568699, 0.1545057582706719, 0.5380711248761426, 0.01117568208026535], [-0.603525869040176, -0.4041191080612867, -0.4823391864844254, 0.3671109512459568, -0.3676017185404637, -0.08691244592444582, 0.5551725265670814, 0.5118509023419424, 0.023167350429264405, -0.12484952207923584, 0.5744880958088541, 0.050334451477914315], [0.19216882383486142, 0.1251857340646188, -0.5118429114581885, -0.1833523534580991, -0.2526997937028703, 0.4485718554720615, -0.5759407669298774, 0.465910557178019, -0.619116854592996, 0.6469061526144335, -0.1998597911968425, -0.08667219061569956]], "inverted": false, "swapped": true, "error_lsq": 0.05207958285210343, "error_max": 0.2771166527695296, "target": "857.xyz", "model": "16.xyz", "model_rescale": 3.795458400668931, "target_rescale": 4.045794954783497},
{"mapping": [3, 5, 8, 1, 10, 4, 0, 12, 2, 6, 9, 7, 14], "R": [[-0.22888463454496455, -0.28995788710882253, -0.9292665106268522], [0.16384833436395496, -0.9524638395835615, 0.25683916681825847], [-0.9595652908454827, -0.0934722311123839, 0.2655134546788495]], "T": [-0.0257202653934544, 0.004870726220708332, -0.049152012012470325], "aligned_model": [[-0.15319135297875833, -0.052873374322937886, 0.44672346010277164, -0.21303134030504392, 0.6145687605681829, -0.36508877647614896, -0.6280102718068313, 0.46488318080079144, -0.6299011830757828, -0.4769413932666522, 0.2290468826415949, -0.14779360652119286, 0.06024081554422997], [-0.4236065070310779, 0.14874641160708976, 0.5083910939192682, -0.725016542775996, 0.11827575719247616, 0.5537953145318022, -0.07502688732915105, -0.5324884109331622, -0.12905586938325592, 0.6136076173810736, 0.6685425895522261, 0.1915276653190944, 0.046089033420098346], [-0.49971918236578694, -0.7417431684563294, -0.34342053480564794, 0.016124006896806778, 0.09420929339046696, -0.2583263495357849, -0.342446562300834, -0.0012463644546406305, 0.31788301142789105, 0.3515402170314921, 0.3510402537883835, 0.6830039156334314, -0.024623505413152447]], "inverted": true, "swapped": true, "error_lsq": 0.05068888382171526, "error_max": 0.2738027109593658, "target": "857.xyz", "model": "17.xyz", "model_rescale": 3.7474275329858107, "target_rescale": 4.045794954783497},
{"mapping": [6, 0, 2, 5, 9, 10, 7, 1, 8, 13, 11, 3, 12, 14], "R": [[-0.6145079132471173, -0.029402763980904238, 0.7883625447894873], [0.00524919579568022, 0.999130719578669, 0.041355182718856076], [-0.7888931933412608, 0.029551356390098232, -0.6138193926843086]], "T": [0.03272106315885947, -0.0052086537971880315, -0.03864162270555528], "aligned_model": [[0.6962350827178402, 0.13859649935406243, 0.6620924743588995, -0.4880328381676854, 0.2910758394087245, -0.21118045710419267, 0.7151607797841956, 0.09959581949464802, -0.4134791480177479, 0.2425694556333926, -0.7307609570212321, -0.3097595011162489, -0.2848503083990168, 0.007584906957237521], [-0.46395080752496, 0.29391186793318613, 0.2875859746516581, -0.07096603862767534, -0.7480626883943298, -0.33523451038247776, -0.20451690702303027, 0.7369782029232664, -0.608455696486928, -0.2028989254799421, -0.06280340512798686, 0.4790079911343571, 0.3342285481680594, -0.07441536425196395], [-0.3285039237328806, -0.6340203922258212, -0.22797876921665838, -0.5136272590648221, 0.17801752059168363, 0.4857420003243422, 0.2448143161687133, 0.09085069192773705, -0.02052602205420266, 0.676770739009781, 0.0880387462841861, -0.2646807707541218, 0.5232056382624151, 0.02669220314130341]], "inverted": true, "swapped": true, "error_lsq": 0.04018048065941991, "error_max": 0.2597766934158689, "target": "857.xyz", "model": "18.xyz", "model_rescale": 3.922800546911778, "target_rescale": 4.045794954783497},
{"mapping": [9, 10, 2, 11, 3, 7, 0, 1, 12, 5, 8, 13, 4, 8, 14], "R": [[0.47891658347624055, 0.6525332229648093, 0.5872301925127862], [0.8457748413288622, -0.5221768275162186, -0.10952752430433026], [0.2351676505104038, 0.5491190706324596, -0.8019753253194021]], "T": [0.09764440896770599, 0.06231225405219238, 0.0390623956973028], "aligned_model": [[-0.37901486950365404, 0.15047624715465255, 0.10479051709231335, -0.3494293818685311, -0.310097284757758, -0.7010532517032604, 0.13941331700904153, 0.736499196694434, -0.3339196812467536, 0.31226739660256153, 0.4588773450772863, -0.21364264989170323, 0.21476963970670598, 0.4588773450772863, 0.0022577860487010826], [-0.35649300061982037, -0.7293520115779338, -0.25441281090071133, -0.44184898228201513, 0.37379323464149244, 0.07520339179361238, 0.5435306762086148, 0.10498775933877205, 0.6826521960036266, 0.7912389676616955, 0.2782601060894315, 0.02238204394758165, -0.48272433976810386, 0.2782601060894315, 0.05872043975530307], [-0.4709780701691388, -0.1061172676905395, -0.6034040463500905, 0.26969215547275904, -0.3428741874079601, 0.050326696168838836, -0.6429396748092286, -0.33245662855720065, 0.25711018179835565, -0.03260726002151104, 0.4832109576580204, 0.6500613254245535, 0.5006725459466996, 0.4832109576580204, 0.025242037864259645]], "inverted": true, "swapped": false, "error_lsq": 0.03849564385732291, "error_max": 0.32427952372138197, "target": "857.xyz", "model": "19.xyz", "model_rescale": 3.9282355846067225, "target_rescale": 4.045794954783497},
{"mapping": [5, 8, 9, 11, 3, 10, 12, 13, 1, 2, 6, 0, 7, 14], "R": [[0.9034704558608172, 0.4267562895760929, -0.04025176634500717], [0.4286397368669814, -0.8987947361680797, 0.0918476903093219], [0.003018503810180366, -0.10023518116808129, -0.9949591936813036]], "T": [-0.09069157345484816, -0.0949371622246167, 0.07501736755003593], "aligned_model": [[-0.6954441166947247, -0.08686735963683506, 0.5295495715779861, -0.43807887556906033, -0.6566238836011244, 0.2590114466428942, -0.04735739342167795, 0.6032131234357677, -0.28188195689762574, 0.032970840655195996, 0.30829869805901655, -0.5578162270115319, 0.5954591968698106, -0.03191024532341492], [-0.439300380684573, -0.6988136110023916, -0.6237876481410827, -0.21860921870085276, 0.18542373323952918, -0.2086342096214136, 0.39215541111355734, 0.06451658619036482, 0.632600739982563, 0.1900707819811405, -0.5169851188053012, -0.06141632716605063, -0.041046347212226386, -0.13329230374842718], [-0.05462965081514293, -0.37068254040950444, 0.041274560065490205, -0.6078421723139504, 0.012003232528425972, -0.48010782630375815, -0.4659119333830951, -0.2216363234548395, 0.15386317278802614, 0.7239886317902015, 0.705412209611999, 0.5606401484837215, 0.40981270257559477, 0.005998946080514975]], "inverted": false, "swapped": true, "error_lsq": 0.04126886431303149, "error_max": 0.26314221136508836, "target": "857.xyz", "model": "20.xyz", "model_rescale": 4.067790424073018, "target_rescale": 4.045794954783497},
{"mapping": [11, 3, 12, 6, 13, 6, 10, 9, 5, 1, 8, 4, 0, 7, 14], "R": [[-0.7548652469346656, -0.4125403712325356, 0.5098910678503678], [0.28515141530686783, -0.906523114003834, -0.311294898970867], [0.5906497518146917, -0.0895895411312827, 0.8019392650326642]], "T": [0.009334435436495113, 0.02992282836416179, 0.07389067738475502], "aligned_model": [[-0.23741627073397698, -0.07730567957793943, 0.3948971524611263, -0.6728220144492503, -0.32698717294507446, -0.6728220144492503, 0.13628081937977019, 0.6123211734644232, -0.25638045257909414, 0.36647455902408865, 0.19753486027223108, -0.3739061398881581, 0.4807321035958639, 0.6890113405088976, 0.03145940740766477], [-0.19723253762055612, -0.797435401036644, -0.3428941765365325, -0.24255499302575848, 0.4725585907678003, -0.24255499302575848, 0.3985461181557696, 0.2570253424564078, 0.5089472492295535, 0.7617535989310179, 0.3252049280485993, 0.08917425140216367, -0.3610316072207858, 0.26286433023099787, 0.05182707562470276], [-0.4788721855934576, -0.10420162274040179, -0.4732498338142856, 0.16319531010473712, -0.3516499935906309, 0.16319531010473712, -0.6467259387021955, -0.3607141331320069, 0.29388459402638617, -0.027004102728881027, 0.5239539822904671, 0.7753808234517396, 0.4336084796566521, 0.27499144473289194, 0.0023575889200865147]], "inverted": true, "swapped": false, "error_lsq": 0.04858547585669594, "error_max": 0.3765483220687086, "target": "857.xyz", "model": "21.xyz", "model_rescale": 4.186013935880536, "target_rescale": 4.045794954783497},
{"mapping": [12, 1, 3, 8, 9, 5, 10, 13, 0, 2, 7, 4, 14], "R": [[0.9853132325176024, -0.15707988704687378, -0.06696075650001923], [0.13218814812621602, 0.45343366052522627, 0.8814330428328948], [-0.10809314187623131, -0.8773390590803737, 0.46753828516100115]], "T": [0.03465306778088504, -0.004506944967160045, -0.018076881500938988], "aligned_model": [[-0.22646491011772488, -0.2196917119907806, 0.3511460916926199, 0.40611857725336153, -0.1799317588206031, 0.7370995673908234, -0.14340554801093008, -0.6019750551670097, 0.3603055887179819, -0.28171653101208466, -0.590622380805725, 0.4343358371009387, 0.013376269192358039], [-0.38381063663885967, 0.31761949263281336, 0.17008836442462827, -0.5795229504332202, -0.350457923444431, -0.049207752712248004, -0.6440714503732762, -0.42752020456412226, 0.5819110827294929, 0.6364912103831782, 0.12835890244207698, 0.21388543836890217, -0.09480691326884155], [-0.583486154391576, -0.6533918538372602, -0.5398057731094758, 0.2896563904816901, 0.6888826393951947, -0.0935140548762787, 0.03326096487361212, 0.08534968140364178, -0.09034655774847143, 0.06388203827252938, 0.4028415142739875, 0.48471685777467455, 0.014833868823077648]], "inverted": true, "swapped": true, "error_lsq": 0.04807233859266549, "error_max": 0.3353701753788184, "target": "857.xyz", "model": "22.xyz", "model_rescale": 4.166573947596378, "target_rescale": 4.045794954783497},
{"mapping": [11, 6, 2, 12, 9, 14, 3, 4, 10, 8, 7, 13, 5, 0, 15], "R": [[-0.6741165357987169, -0.20911647007536535, -0.7084046852653899], [-0.3964807850715121, -0.7067540286712533, 0.5859195593475532], [-0.6231932952397793, 0.6758469093664425, 0.39352391524278807]], "T": [0.0026958524474676344, 0.05549984963536024, -0.059426742809073105], "aligned_model": [[-0.414551809402957, 0.10557079542411836, 0.35124140775862367, -0.48092817977119484, -0.3658154898060567, -0.7245200281737018, 0.12117076282061255, 0.6433246706849394, -0.280698550990946, 0.304957656498605, 0.24800772534462123, -0.2818151623606409, 0.2702601374923531, 0.7439887420700961, 0.05087899390284922], [-0.11297440814154792, -0.6941876536719116, -0.3656331797505136, -0.37602479122506627, 0.46170342218146815, 0.06550866431969153, 0.18417053107287584, 0.2545145019926314, 0.42494476440754436, 0.7980152077853838, 0.345647326114103, -0.036912181854919415, -0.23669818284031935, 0.21478203873284418, 0.017341717258713134], [-0.7072030472331214, 0.021152568799578372, -0.4518196665758075, -0.15573684103381238, -0.3036545351738627, 0.25207710920761983, -0.6346086300121951, -0.35916229084328377, 0.527207129510654, -0.1661407763017687, 0.5464001091535351, 0.7326128002596073, 0.6713889962025511, 0.24367356875338841, -0.02803677172724435]], "inverted": false, "swapped": false, "error_lsq": 0.04669624094779341, "error_max": 0.311833086346206, "target": "857.xyz", "model": "23.xyz", "model_rescale": 4.274766983524099, "target_rescale": 4.045794954783497},
{"mapping": [0, 7, 6, 4, 9, 8, 5, 10, 12, 13, 14], "R": [[0.29692000749686037, -0.9347931441604761, 0.19493662246647261], [0.9306671083931978, 0.2375896597667316, -0.27822632321003204], [0.21376913365382963, 0.2640320647241551, 0.9405263559807302]], "T": [0.12992737550776223, -0.02547265804396269, -0.038518421883245495], "aligned_model": [[0.17941147138618002, 0.0547211168040673, -0.4038452555675389, -0.4360462719434045, -0.4737437807911169, -0.42135595765506895, -0.11274550327665414, 0.024611124510397722, 0.657633989118187, 0.2204047847654571, 0.09084898660756996], [-0.3412511565131684, 0.7229784225998387, 0.44874741638160476, -0.16055766389640486, 0.47272499827408193, -0.23235754026302974, -0.6902601000180214, 0.14775953012725251, -0.044688288162879466, 0.5857063161905306, 0.006784596523678237], [-0.6326512671837485, -0.17979833712110874, -0.5127730693477972, -0.38732920874336346, 0.19148314723019483, 0.426900883733751, -0.055475575248450336, 0.5957388586904323, 0.46437125217987196, 0.4232247302099396, 0.04587501962185566]], "inverted": false, "swapped": true, "error_lsq": 0.05081662172747499, "error_max": 0.23595498827737363, "target": "857.xyz", "model": "24.xyz", "model_rescale": 3.7841303162186577, "target_rescale": 4.045794954783497},
{"mapping": [4, 3, 6, 5, 8, 2, 0, 7, 9, 10, 14, 12, 13, 11, 15], "R": [[0.8165427420521691, 0.5758443416733754, 0.040758368032611916], [-0.3965821976595817, 0.6108532416674093, -0.6852597154684597], [-0.41950031096701396, 0.543379803919114, 0.7271573954732249]], "T": [0.02894281992733847, 0.15788211357875953, -0.07371845639678942], "aligned_model": [[-0.3521784000907656, 0.10165267149542859, 0.31557195011137296, -0.5242280321412071, -0.39835402994866204, -0.716961868749858, 0.1469075938008087, 0.5632750258428002, -0.26574681329766914, 0.46197619752330904, 0.10167688153890661, -0.2781548988028738, 0.3418912458828324, 0.7386810356355827, 0.05506311269131669], [-0.3819272784410393, -0.6336488514672756, -0.38213503215265915, -0.4618360355600129, 0.4446839740710742, 0.09953433813470319, 0.5680941877922693, 0.33413562008924913, 0.4709186563921041, 0.7684878764933414, 0.4110069031795367, -0.08126447727449715, -0.2088825064387025, -0.10174191772081953, 0.09877231928370486], [-0.42021056135371665, 0.05740704261614077, -0.45875309936942443, 0.20786664529265841, -0.3646134177540748, 0.021227635873121334, -0.6730016245619102, -0.39964690753987814, 0.3229008213234233, 0.13817255676923865, 0.6745706317781006, 0.5771823084376823, 0.5423553975091089, 0.06153906353359756, -0.09884676956822948]], "inverted": false, "swapped": false, "error_lsq": 0.04743838486619992, "error_max": 0.3623951889389021, "target": "857.xyz", "model": "25.xyz", "model_rescale": 4.19342608120988, "target_rescale": 4.045794954783497},
{"mapping": [5, 4, 8, 12, 11, 3, 13, 1, 9, 0, 7, 14], "R": [[0.17976611231636375, 0.5711521872116873, -0.8009178009670943], [0.8862495065848383, -0.4473656254364152, -0.12010749042426788], [-0.4269027488091299, -0.6882217493084557, -0.586604523369892]], "T": [0.016936280410771352, 0.05530324843687649, 0.01147071785967816], "aligned_model": [[-0.1685695216967876, 0.5029847212934585, -0.0033924061425051125, -0.612794981414136, -0.5777360630971335, -0.42075046186133336, 0.020266589132114092, -0.3794606103776753, 0.533508723568699, 0.1545057582706719, 0.5380711248761426, 0.01117568208026535], [-0.603525869040176, -0.4041191080612867, -0.4823391864844254, 0.3671109512459568, -0.3676017185404637, -0.08691244592444582, 0.5551725265670814, 0.5118509023419424, 0.023167350429264405, -0.12484952207923584, 0.5744880958088541, 0.050334451477914315], [0.19216882383486142, 0.1251857340646188, -0.5118429114581885, -0.1833523534580991, -0.2526997937028703, 0.4485718554720615, -0.5759407669298774, 0.465910557178019, -0.619116854592996, 0.6469061526144335, -0.1998597911968425, -0.08667219061569956]], "inverted": false, "swapped": true, "error_lsq": 0.05207958285210343, "error_max": 0.2771166527695296, "target": "857.xyz", "model": "26.xyz", "model_rescale": 3.795458400668931, "target_rescale": 4.045794954783497},
{"mapping": [7, 2, 6, 9, 8, 12, 1, 13, 3, 4, 10, 5, 14], "R": [[0.3954386103953883, -0.13438570913583486, 0.908608158992986], [0.8027488865447737, -0.43015654688382515, -0.4129885837697086], [0.4463435118377888, 0.8926958196121692, -0.06222252877589729]], "T": [-0.08218310091552578, -0.040083321998678464, 0.06409648805625862], "aligned_model": [[0.014737035060494758, 0.35590425889225324, 0.5311317642540885, -0.07787729602104725, -0.2538873012963176, -0.7567237738848878, -0.23362120920009172, -0.5883461244942296, -0.09397262134861759, 0.48205930456158935, -0.6254907402537433, 0.09047358842996012, -0.14471050187819454], [-0.6133198588889648, -0.6027941920262918, -0.258199214668063, -0.004591952132947948, 0.5795736380591278, -0.15482010933072132, -0.47335250308160903, -0.4025580731708461, 0.11041718761347143, 0.2642256243171166, 0.09682565224879978, 0.5953019885067209, -0.014826684188878364], [-0.4337000325534376, 0.1596033708595978, -0.4935644347651112, -0.7509141340904268, -0.3230374905331136, 0.3162311443633983, 0.6652837625020556, -0.3912535827262127, 0.6805889830632306, -0.1578712269359802, -0.29570337785628026, 0.324087235915472, -0.007613555143766118]], "inverted": true, "swapped": true, "error_lsq": 0.04812796893228374, "error_max": 0.27253140716419044, "target": "857.xyz", "model": "27.xyz", "model_rescale": 3.6321398670334006, "target_rescale": 4.045794954783497},
