[{"mapping": [6, 3, 11, 0, 1, 2, 4, 9, 12, 10, 5, 13], "R": [[-0.20751255219084946, -0.869472472837342, -0.4482813398540676], [-0.7711239001325287, -0.13657920210055813, 0.6218633710052177], [-0.6019189906687096, 0.47472491037620196, -0.6421291055081285]], "T": [0.005425707423459929, 0.15440154699812866, -0.026102044082286825], "aligned_model": [[-0.03347884867871348, -0.40195649034692144, 0.585750707258879, -0.43961542084538774, -0.42314552354100143, -0.32601519202065227, 0.3537631727995164, 0.30504561119064577, 0.06574701389086775, 0.8249869955310406, -0.04440879772605905, 0.15897654311068615], [-0.3072570705474126, -0.06728469849652516, 0.4768312248236354, -0.005186851324075398, 0.5184953486552057, -0.5248517740414577, -0.7140115139335873, -0.08608722775630492, 0.5057133417128074, 0.5280549329179524, 0.5648216357273522, 0.10724634736594738], [-0.6342994138135984, -0.26713162586840367, -0.24133177777780054, 0.5837195460986213, 0.10353790735042233, 0.11539036363655263, -0.22084287808910946, 0.597705806339524, 0.43003518401252944, 0.42570694970570777, -0.6597211199516899, 0.0010712932689260109]], "inverted": true, "swapped": false, "error_lsq": 0.05363658891388637, "error_max": 0.3109738301395054, "target": "858.xyz", "model": "0.xyz", "model_rescale": 3.8414455957264533, "target_rescale": 3.7752797346163565},
{"mapping": [10, 12, 4, 13, 11, 8, 6, 9, 0, 7, 1, 14], "R": [[0.07363413338076136, 0.9381820572670512, -0.3382195172124577], [0.9925236793310919, -0.035838316581124297, 0.11667202334623031], [0.09733838075670065, -0.34428192297417365, -0.9338068307443831]], "T": [0.2010093677584405, 0.05989941198348169, -0.03364297200967366], "aligned_model": [[-0.057565614832309125, -0.5305905634713726, 0.5965557851251104, -0.27544260851709346, -0.5421730202969243, -0.29293449103904334, 0.517546388542309, 0.33413343312739363, 0.20643760226670807, 0.5765851682826809, -0.06858330516386227, 0.16168099659930252], [-0.30996916534687513, -0.08642073470559128, 0.4158344760028669, 0.1262915447760301, 0.47554282251055136, -0.5167283674574412, -0.6376603478494345, -0.25011371916656544, 0.7189079955950362, 0.2523016844293186, 0.71176705442008, 0.09673045189556148], [-0.548150031526063, -0.19377260438448995, -0.14620627312553086, 0.5523882555249386, -0.068079805483807, 0.18504005392936218, -0.18609581625588595, 0.5593827624467896, 0.26834310466205463, 0.4510003873313737, -0.5345284465639887, -0.10548135164307249]], "inverted": true, "swapped": false, "error_lsq": 0.05078289119213981, "error_max": 0.25818314318278085, "target": "858.xyz", "model": "1.xyz", "model_rescale": 4.316132596720782, "target_rescale": 3.7752797346163565},
{"mapping": [0, 2, 9, 6, 8, 4, 5, 3, 10, 7, 1, 11], "R": [[-0.21567351514448013, 0.3169947205934608, 0.9235796024063639], [0.9242709726512892, 0.37136693278319616, 0.08837290506394258], [-0.3149731797779983, 0.872697512515691, -0.37308303053001746]], "T": [0.08695927659351954, 0.11767862170385543, -0.009121796879550056], "aligned_model": [[0.040188715774176806, -0.6558673745745025, 0.6712870090589099, -0.400249843292376, -0.5016255666139416, -0.29029156092149716, 0.5359874095452839, 0.30461706563620317, 0.06776059188435049, 0.8612712328385826, -0.020917054317631925, 0.013489145605342326], [-0.3140567117345886, 0.0047974717899347125, 0.3823324705385227, 0.04773461202009449, 0.6072783716501022, -0.5407311662856824, -0.3297054174337405, -0.20910274747173355, 0.6495339380389846, 0.22580099633166534, 0.4272960459075881, 0.04530583175239068], [-0.5706653616079552, -0.37816354797773444, -0.38123864223980064, 0.6495367428881196, 0.020812848799199427, 0.12692263634185466, -0.12736366450595718, 0.5170493088150607, 0.3285128156541575, 0.4258628767591238, -0.44166891716056733, 0.0642431391461799]], "inverted": false, "swapped": false, "error_lsq": 0.049558829312170434, "error_max": 0.3410716261758815, "target": "858.xyz", "model": "2.xyz", "model_rescale": 3.795458400668931, "target_rescale": 3.7752797346163565},
{"mapping": [4, 9, 10, 8, 3, 7, 0, 1, 6, 2, 5, 11], "R": [[0.8691263039986628, -0.082403313395173, 0.48767731302483336], [0.4404270566755811, -0.3196986772585451, -0.8389378782169878], [0.22504105280083658, 0.9439292609621941, -0.24156588098002915]], "T": [0.12251135657528378, 0.05437783832203695, 0.023494515548776324], "aligned_model": [[0.2008412365834014, -0.7059809598029406, 0.62238152049617, -0.42308226028118034, -0.4303418247679649, -0.30740878164745644, 0.5787238027328145, 0.28951151638387596, 0.033874072740712885, 0.7328965207588285, -0.10714111760688078, 0.14137604503351953], [-0.1838430909368095, 0.10407728266634957, 0.30665574478240326, 0.15350546105066493, 0.6224671479798664, -0.5768053726232119, -0.5779250789554641, -0.1770678573532236, 0.48164124887653614, 0.42055538737108095, 0.4972132378574797, -0.07399041561213428], [-0.5664800195665642, -0.23279650993082182, -0.45137010993289084, 0.574007237190146, 0.11675716438049856, 0.01462177147731876, -0.041859665259071976, 0.5845762195250785, 0.41958251907409294, 0.308221165745137, -0.4714612052682673, -0.019958332522974666]], "inverted": true, "swapped": false, "error_lsq": 0.04246918751376464, "error_max": 0.21924358851583958, "target": "858.xyz", "model": "3.xyz", "model_rescale": 3.7530521520055578, "target_rescale": 3.7752797346163565},
{"mapping": [3, 5, 1, 0, 4, 6, 8, 7, 9, 2, 11], "R": [[0.19756348058729428, -0.34244564455797577, 0.918531246970677], [-0.7574222736444183, 0.5415115802606807, 0.3647968034822957], [-0.6223183835670887, -0.7677865516970541, -0.15239304612610413]], "T": [0.006273483611650595, -0.047849753580943157, -0.0704240246913644], "aligned_model": [[-0.4718886824763203, -0.17458414516271997, 0.42012599305092235, 0.46609393012733435, 0.19078243249318305, -0.2071105335196517, -0.07556423776310045, -0.6196932925982211, -0.36347166921662355, 0.18518120846988617, -0.011671400959483848], [-0.5019656034609418, -0.08122442436216744, -0.48174061446721556, 0.3283921449703165, -0.7233058484755385, 0.7819390045613753, -0.3987617521403545, 0.1591583119174322, 0.01683813485419399, 0.3969146845454237, -0.029040679628177666], [-0.12020429722699204, -0.7102864325658014, -0.46591291987168315, -0.3176101310030403, 0.08319720505984983, -0.15396285742157345, 0.4825352590293624, 0.10899529997902126, 0.7884234427826875, 0.4792396457634212, -0.08158343727993533]], "inverted": true, "swapped": true, "error_lsq": 0.04721272763670482, "error_max": 0.2304621701047006, "target": "858.xyz", "model": "4.xyz", "model_rescale": 3.7855080009869324, "target_rescale": 3.7752797346163565},
{"mapping": [5, 4, 10, 12, 6, 1, 3, 14, 8, 15, 7, 16], "R": [[0.8486564117396207, 0.28217229072578054, -0.4473936668749321], [0.018059285029029426, 0.8298732690044532, 0.5576595911630169], [0.5286361291450599, -0.48134099735886665, 0.699181440846437]], "T": [0.0321404066632341, 0.04424347412721363, 0.10820249894559439], "aligned_model": [[0.13781927384503473, -0.5342721864794161, 0.5800189635533387, -0.24690761463886385, -0.45060350540559196, -0.5339834192414271, 0.43521482401560113, 0.3575806241183842, 0.2382630484796806, 0.6664825561480993, -0.09003150470948917, 0.06606871093754979], [-0.1583864419835639, -0.0042492889105983644, 0.31641834791864676, -0.15578847117361663, 0.47495307420637967, -0.4570134728088169, -0.43220583790514855, -0.1936373410187319, 0.7155897307402008, 0.4351072920635037, 0.4379508520304153, 0.017745251944867615], [-0.668248619121354, -0.3649000376442293, -0.2876689436350982, 0.6957266990230914, 0.02145790933279426, 0.14493430914885438, -0.1966641481957074, 0.6515244855991023, 0.15421917229296328, 0.46055689426519886, -0.5174475602184959, 0.14035007406456154]], "inverted": false, "swapped": false, "error_lsq": 0.04853253843329603, "error_max": 0.2518787807927728, "target": "858.xyz", "model": "5.xyz", "model_rescale": 4.2253639853439635, "target_rescale": 3.7752797346163565},
{"mapping": [1, 10, 9, 6, 5, 4, 0, 7, 11, 12, 8, 13], "R": [[0.9229264907827892, 0.3580996901249223, -0.14131986606206748], [-0.17676385287209617, 0.7202861034854724, 0.6707775111343011], [0.3419959545508952, -0.5940980904346942, 0.7280702067882411]], "T": [-0.011827215898946454, 0.04354797973802725, 0.013729393647560647], "aligned_model": [[-0.027489769812918542, -0.656863827718474, 0.4692942670974301, -0.12976846727619848, -0.4833687344298249, -0.3040405107152309, 0.5913939333761339, 0.43411670422629073, 0.08714352665182276, 0.7004008574033578, -0.03188274208566951, -0.02328546609381904], [-0.3026772343533904, 0.12218540772638066, 0.14385936404736382, 0.13980249279017548, 0.4569251496667453, -0.5915215068656267, -0.4830233518232986, -0.190761539888881, 0.7330668923593192, 0.4092695607778528, 0.5563608274214634, 0.0029976332454334023], [-0.633254815966948, -0.41784493218855745, -0.3482874184795766, 0.6386637086469619, 0.10038490780564419, -0.09676698513522325, -0.029968743287358494, 0.6266113440608968, 0.36060437122549005, 0.4936488256680295, -0.5177643830976327, 0.05781435565995503]], "inverted": false, "swapped": false, "error_lsq": 0.04125270266026311, "error_max": 0.22632731432871253, "target": "858.xyz", "model": "6.xyz", "model_rescale": 3.89814844738969, "target_rescale": 3.7752797346163565},
{"mapping": [10, 5, 4, 6, 1, 9, 11, 8, 0, 7, 2, 12], "R": [[-0.6013410229459731, 0.5040402525806604, -0.6199454797808553], [-0.49399992197361936, 0.3752869776575587, 0.7842982605429603], [0.6279753587620686, 0.7778837369292915, 0.02332039040351086]], "T": [0.1590641859736387, 0.13897239891061652, 0.10175036197897169], "aligned_model": [[-0.012471977162759662, -0.589261569152445, 0.5891560693075184, -0.3282416720630458, -0.5130673579541914, -0.32121721454370766, 0.644059464507613, 0.2505945855475006, 0.035849469209834256, 0.7195819877418745, -0.0075214554174027615, 0.15818944060211124], [-0.15520936241442052, 0.0091915274959537, 0.29541777939801334, 0.06350441889964237, 0.6359674446542816, -0.6082584104706656, -0.4987298164022179, -0.35617603420933713, 0.6848152233610773, 0.34257558628602724, 0.4705542347517302, 0.11283110375345257], [-0.5485850123412849, -0.058693066227532315, -0.3521676958230328, 0.56458233553306, -0.024866083229714675, 0.007295225204394101, -0.014248920811337731, 0.5535655758080744, 0.2963888269263398, 0.3767780252011175, -0.5014498989158146, -0.0647590764125876]], "inverted": true, "swapped": false, "error_lsq": 0.04661775109727883, "error_max": 0.24190980922203761, "target": "858.xyz", "model": "7.xyz", "model_rescale": 3.7474275329858107, "target_rescale": 3.7752797346163565},
{"mapping": [12, 0, 11, 3, 6, 1, 13, 8, 5, 9, 10, 14], "R": [[0.518621201356379, 0.07470948020361942, 0.8517338452071583], [-0.8126764655723808, -0.2664805171416556, 0.5182133694615559], [0.2656859270048934, -0.9609404911604159, -0.07748780962144733]], "T": [0.07727347567101567, -0.001977034899633079, 0.01594729424349542], "aligned_model": [[0.22184204231409704, -0.5668008720670612, 0.5391165337390944, -0.3904588859955029, -0.42933448031715077, -0.4275705577133044, 0.662936176306157, 0.2970566965581899, 0.07277995079820326, 0.6631351195564095, -0.10349816176917057, 0.08644620921293861], [-0.22688433860832288, 0.07223622373070537, 0.25727667752247474, 0.15014045191195108, 0.6322043814852685, -0.5465467121731811, -0.6373237475513547, -0.05933865592103785, 0.5273698704674058, 0.4266784142338017, 0.46084886037253997, -0.06017773036671287], [-0.5400736164034045, -0.10184007543678439, -0.3095806736786898, 0.5376955525449496, 0.10594956332198466, -0.09971682551837363, -0.23193490459291197, 0.6590765939234129, 0.49843369408751637, 0.2469474679242008, -0.5570947334045365, 0.02597819214431747]], "inverted": false, "swapped": false, "error_lsq": 0.048525733618855434, "error_max": 0.22020137367172885, "target": "858.xyz", "model": "8.xyz", "model_rescale": 4.019505241142653, "target_rescale": 3.7752797346163565},
{"mapping": [11, 9, 5, 0, 7, 1, 6, 2, 4, 3, 8, 12], "R": [[0.8124620918481997, 0.26691784082280146, -0.5183244307961391], [0.4294195698102521, -0.8753035231469332, 0.22235686504028765], [-0.3943401861003085, -0.40323517780206164, -0.825770675798865]], "T": [0.043276174754050836, -0.07202386441929874, -0.008977888932341287], "aligned_model": [[0.1573761066298492, -0.478000276721994, 0.631292499005117, -0.17140661495566012, -0.558095827780299, -0.42681649697760476, 0.533347850341014, 0.3547502687199921, 0.12293387227644144, 0.6198299568791159, -0.22897241973016064, 0.0694108529370891], [-0.009297697994486528, -0.10908867804410373, 0.2082196724393106, 0.2345680787793093, 0.5843039100976843, -0.4718896578924232, -0.571751142140829, -0.2488333482526311, 0.7194541285420174, 0.3207148410786979, 0.3932559028170832, -0.05317231432609228], [-0.6174975333026561, -0.4497012967040911, -0.1709194882982854, 0.5225846739323204, 0.15585401647770494, 0.2656591977199519, -0.20433458488953724, 0.4618665200090253, 0.22514154453374083, 0.49282172571757854, -0.415834586539658, -0.031799953744413266]], "inverted": false, "swapped": false, "error_lsq": 0.05591028062504357, "error_max": 0.30515253745166787, "target": "858.xyz", "model": "9.xyz", "model_rescale": 3.877068213659057, "target_rescale": 3.7752797346163565},
{"mapping": [3, 1, 6, 8, 0, 7, 13, 9, 11, 10, 12, 15], "R": [[0.31123882319235097, 0.33652498735313596, 0.8887526809100562], [0.6660965112478039, 0.5897835913036366, -0.45658597561958586], [-0.6778243375988683, 0.7341023418542927, -0.04059456912813289]], "T": [0.12381128019154675, -0.03976835968067283, -0.023582859070707774], "aligned_model": [[0.14810040426212245, -0.7288516183210636, 0.5947193358365505, -0.33444924345672317, -0.4137679672767314, -0.48287832616385995, 0.7121173429211154, 0.2777664486194418, 0.059975450178931466, 0.6224628048151811, 0.10423178683302978, 0.06622335237490568], [-0.14219806947939698, -0.06798871405338136, 0.18142501590740567, 0.029908890348653294, 0.5472801098315255, -0.537879656770454, -0.5148779265472552, -0.11234915776523646, 0.6059133543321598, 0.36066554230518, 0.6171608448795276, 0.02942346211480952], [-0.6494259190551246, -0.18193753472819266, -0.35467751147307003, 0.5932358412797777, -0.011389304682620636, 0.20024615305387264, -0.18422336452046223, 0.6141279984214627, 0.328092256994895, 0.28335382265825637, -0.37890789245458845, -0.024654310582525284]], "inverted": false, "swapped": false, "error_lsq": 0.0443147065241201, "error_max": 0.2526236019247646, "target": "858.xyz", "model": "10.xyz", "model_rescale": 4.260839863003843, "target_rescale": 3.7752797346163565},
{"mapping": [7, 0, 10, 3, 5, 1, 8, 2, 5, 4, 6, 11], "R": [[-0.17100433386556824, 0.18809126667811343, 0.9671500365499742], [-0.42852951048195376, 0.8697022553742904, -0.24490905586149736], [-0.8871978226107696, -0.4563328416806046, -0.06812019640616028]], "T": [0.1694364133482359, 0.007083976591958849, 0.019227550653558845], "aligned_model": [[-0.003812623044627872, -0.6216403554673936, 0.5579394961562466, -0.3463432258179837, -0.026900671408590593, -0.24229249142104442, 0.6109879341972051, 0.2408514280405575, -0.026900671408590593, 0.5599572657763529, -0.2047351924578792, 0.12853887747864745], [-0.22444705514792446, 0.0374324357044422, 0.31035676046952315, 0.07859853653691408, 0.6326111374685158, -0.5713458758490451, -0.5463492369424037, -0.3123781493952735, 0.6326111374685158, 0.426847246434895, 0.5643309956986842, -0.03178423734330643], [-0.5689763102761827, -0.35933656059412566, -0.3686187658817731, 0.5016071760008682, 0.18286868974395543, 0.1576430769642263, -0.10059456605172279, 0.6218891239081196, 0.18286868974395543, 0.47463409398688045, -0.4834917584637355, -0.0066526541687849244]], "inverted": false, "swapped": false, "error_lsq": 0.053652202902096685, "error_max": 0.4418771867170725, "target": "858.xyz", "model": "11.xyz", "model_rescale": 3.890672605050136, "target_rescale": 3.7752797346163565},
{"mapping": [5, 7, 6, 4, 3, 12, 9, 11, 0, 1, 8, 13], "R": [[0.6477110785415555, -0.3008282354176382, 0.6999805222361872], [-0.4671961601041003, 0.5689101621639027, 0.6768079309306492], [-0.6018289679954925, -0.7654042070449787, 0.22794361829041965]], "T": [0.17536605124433965, 0.041497944042397095, 0.09118946765362422], "aligned_model": [[-0.05857332836245363, -0.5889626097670534, 0.6833418538915882, -0.31098880517131877, -0.5110317679600508, -0.3088978190194237, 0.49668158975487464, 0.5061629999643746, 0.08552693541048437, 0.572996079588711, 0.04892015694560767, 0.010474485347559986], [-0.31379986819255606, -0.050652066450662, 0.20760813454100163, 0.13606380066492815, 0.6586466359828489, -0.5211921658253906, -0.5629966288444304, -0.2535636968470761, 0.6030668858252262, 0.5828852440758543, 0.5026701083347491, 0.007747311839043959], [-0.5599695091909742, -0.27524503372289955, -0.12427823869458578, 0.5867429927417753, 0.05880611035883845, 0.027940033195988076, -0.2791658375378347, 0.4171866619488795, 0.25013535982552176, 0.48373047482558373, -0.4478121246770801, 0.09576934583846874]], "inverted": true, "swapped": false, "error_lsq": 0.03892038078458187, "error_max": 0.20236072619442622, "target": "858.xyz", "model": "12.xyz", "model_rescale": 4.124412569039231, "target_rescale": 3.7752797346163565},
{"mapping": [4, 2, 0, 9, 8, 10, 5, 7, 6, 3, 1, 12], "R": [[-0.5371959821333445, -0.7860319663304294, 0.3058990432912636], [-0.7556733677150371, 0.6096211367553448, 0.23941560297385683], [-0.3746708396793186, -0.1025466602471292, -0.9214694484171215]], "T": [0.12265012220217394, 0.08412733064253294, 0.08185993117897535], "aligned_model": [[0.0841311943125106, -0.571808696325511, 0.6021888683334534, -0.044090399320270285, -0.5110778175774003, -0.3289843784551819, 0.550853587946877, 0.22520505795833076, 0.020289884384631918, 0.6384476180496995, -0.07482053817154402, 0.03531538948730435], [-0.24896641531524635, 0.016646452546434543, 0.14811169788704842, 0.2046345067003063, 0.4122016775259696, -0.4994808707850946, -0.5218854553662597, -0.38405472413943753, 0.7273060149113765, 0.4792876295517845, 0.6541789251908793, 0.008504256395776566], [-0.6293651417392759, -0.4236781921207738, -0.23863341524366838, 0.6871011153373209, 0.1570413262058376, 0.07574295971414881, -0.07024586815260382, 0.4860451897525984, 0.23501467841266432, 0.37606165994564933, -0.4648674384973455, 0.04362336129712897]], "inverted": false, "swapped": false, "error_lsq": 0.04540879482227555, "error_max": 0.2996066804116711, "target": "858.xyz", "model": "13.xyz", "model_rescale": 3.9028299243045295, "target_rescale": 3.7752797346163565},
{"mapping": [10, 14, 3, 12, 11, 13, 4, 8, 1, 2, 9, 15], "R": [[-0.3602093725184595, -0.796161984362407, -0.48618443270632633], [-0.6693494183245574, 0.5835968967274292, -0.4597673523845417], [0.6497850137841243, 0.15981475772352527, -0.7431276330990099]], "T": [0.19665375242333694, 0.08130187864586988, 0.022878716315714025], "aligned_model": [[-0.06649304308672899, -0.6249334761753921, 0.7532620251294405, -0.27458213916737984, -0.4127627246216138, -0.3966331922083691, 0.5528692976680949, 0.39011157806064684, 0.05908954334516034, 0.6087479464037694, -0.13121898172639085, 0.1681929370016626], [-0.34873816061034146, 0.03380275697100196, 0.21386692729437132, 0.018527585010660985, 0.49632933027158677, -0.4369582894463181, -0.40199029664289254, -0.2615723410277131, 0.678520031252756, 0.39269076869121977, 0.48622224666973834, 0.1257831366694673], [-0.5259126198934814, -0.30237335827648393, -0.2247160814287043, 0.5310483843363359, 0.07000047605694681, 0.13273476436891019, -0.29160885500204836, 0.6873473000279461, 0.23876137499936118, 0.5476311379392137, -0.5510415065587367, -0.0780307816575784]], "inverted": false, "swapped": false, "error_lsq": 0.04346953024674555, "error_max": 0.2608385163399385, "target": "858.xyz", "model": "14.xyz", "model_rescale": 3.942246331269136, "target_rescale": 3.7752797346163565},
{"mapping": [5, 7, 4, 8, 6, 0, 1, 12, 11, 13, 10, 14], "R": [[0.35958807430810985, -0.9076501022058178, 0.21648951194262087], [0.5533216037951804, 0.3942284229514017, 0.7337705045249368], [-0.7513531923063312, -0.14406679875328537, 0.6439822496840001]], "T": [0.07325105934301164, 0.10598974907357137, -0.10102824887310534], "aligned_model": [[0.12081095281462857, -0.767190123939577, 0.5373941870297936, -0.3829346158389968, -0.3801690003936013, -0.3096374250539072, 0.4194366497380547, 0.5947652095280629, 0.030206439898949486, 0.583148868686543, 0.12561172872751325, 0.05420689942543689], [-0.3305941812971719, -0.05090945660902435, 0.4535463638717968, 0.1361840915992631, 0.4260415059676136, -0.4595909891185638, -0.6266089584867612, -0.29612956180092276, 0.72154760576706, 0.3350244791296857, 0.6734201624480928, 0.014552633632469364], [-0.5591898867959204, -0.10558509293143124, -0.18728097899647167, 0.5233305083538337, -0.031988320745215626, 0.1714278392778616, -0.11083163932662564, 0.38311977512506634, 0.264138439717714, 0.48929129422207884, -0.5303085795690138, -0.07228312342019527]], "inverted": false, "swapped": false, "error_lsq": 0.055315834346256754, "error_max": 0.27064791247153086, "target": "858.xyz", "model": "15.xyz", "model_rescale": 4.355366556412066, "target_rescale": 3.7752797346163565},
{"mapping": [0, 2, 9, 6, 8, 4, 5, 3, 10, 7, 1, 11], "R": [[-0.21567351514448013, 0.3169947205934608, 0.9235796024063639], [0.9242709726512892, 0.37136693278319616, 0.08837290506394258], [-0.3149731797779983, 0.872697512515691, -0.37308303053001746]], "T": [0.08695927659351954, 0.11767862170385543, -0.009121796879550056], "aligned_model": [[0.040188715774176806, -0.6558673745745025, 0.6712870090589099, -0.400249843292376, -0.5016255666139416, -0.29029156092149716, 0.5359874095452839, 0.30461706563620317, 0.06776059188435049, 0.8612712328385826, -0.020917054317631925, 0.013489145605342326], [-0.3140567117345886, 0.0047974717899347125, 0.3823324705385227, 0.04773461202009449, 0.6072783716501022, -0.5407311662856824, -0.3297054174337405, -0.20910274747173355, 0.6495339380389846, 0.22580099633166534, 0.4272960459075881, 0.04530583175239068], [-0.5706653616079552, -0.37816354797773444, -0.38123864223980064, 0.6495367428881196, 0.020812848799199427, 0.12692263634185466, -0.12736366450595718, 0.5170493088150607, 0.3285128156541575, 0.4258628767591238, -0.44166891716056733, 0.0642431391461799]], "inverted": false, "swapped": false, "error_lsq": 0.049558829312170434, "error_max": 0.3410716261758815, "target": "858.xyz", "model": "16.xyz", "model_rescale": 3.795458400668931, "target_rescale": 3.7752797346163565},
{"mapping": [10, 5, 4, 6, 1, 9, 11, 8, 0, 7, 2, 12], "R": [[-0.6013410229459731, 0.5040402525806604, -0.6199454797808553], [-0.49399992197361936, 0.3752869776575587, 0.7842982605429603], [0.6279753587620686, 0.7778837369292915, 0.02332039040351086]], "T": [0.1590641859736387, 0.13897239891061652, 0.10175036197897169], "aligned_model": [[-0.012471977162759662, -0.589261569152445, 0.5891560693075184, -0.3282416720630458, -0.5130673579541914, -0.32121721454370766, 0.644059464507613, 0.2505945855475006, 0.035849469209834256, 0.7195819877418745, -0.0075214554174027615, 0.15818944060211124], [-0.15520936241442052, 0.0091915274959537, 0.29541777939801334, 0.06350441889964237, 0.6359674446542816, -0.6082584104706656, -0.4987298164022179, -0.35617603420933713, 0.6848152233610773, 0.34257558628602724, 0.4705542347517302, 0.11283110375345257], [-0.5485850123412849, -0.058693066227532315, -0.3521676958230328, 0.56458233553306, -0.024866083229714675, 0.007295225204394101, -0.014248920811337731, 0.5535655758080744, 0.2963888269263398, 0.3767780252011175, -0.5014498989158146, -0.0647590764125876]], "inverted": true, "swapped": false, "error_lsq": 0.04661775109727883, "error_max": 0.24190980922203761, "target": "858.xyz", "model": "17.xyz", "model_rescale": 3.7474275329858107, "target_rescale": 3.7752797346163565},
{"mapping": [1, 0, 7, 5, 6, 8, 11, 10, 9, 12, 2, 13], "R": [[0.42290204734629955, -0.8861723420563201, -0.18934740168464176], [-0.7296278070003512, -0.20907568053747794, -0.6510995492700398], [0.5373984756232257, 0.4135044618649324, -0.7349945159085381]], "T": [0.049423613973308425, 0.015260919601644538, 0.016102085394136257], "aligned_model": [[0.11979319367415651, -0.6737252050332162, 0.6706620166085238, -0.00925801428581026, -0.3973930447156258, -0.45239311273211025, 0.6520240838852398, 0.244866867289804, 0.04401625285895422, 0.5709645719678071, -0.12544857215689525, -0.01845926673792786], [-0.22260023177664362, -0.021351482323256912, 0.34650190873187814, 0.05968043561134338, 0.6426456862814667, -0.4325954291289955, -0.3614591211187155, -0.4452604314075038, 0.6384676995325531, 0.29149367839812323, 0.4385718445395795, 0.06238913776370879], [-0.6296444683925626, -0.402057822267547, -0.25178135240590344, 0.7356875978751871, -0.025635661508320955, 0.26999008219394277, -0.11309290826902517, 0.4916663717542765, 0.2596349081306254, 0.4753704333295964, -0.5261711881091004, -0.05012575741948769]], "inverted": true, "swapped": false, "error_lsq": 0.05589310576998641, "error_max": 0.3048928321315477, "target": "858.xyz", "model": "18.xyz", "model_rescale": 3.922800546911778, "target_rescale": 3.7752797346163565},
{"mapping": [3, 7, 1, 13, 11, 12, 5, 8, 4, 6, 9, 14], "R": [[-0.48016762805379387, -0.3915219916329613, -0.7849519597000528], [0.8229565585122945, -0.5108074725991294, -0.24863271855990776], [-0.30361414949042487, -0.765366746079714, 0.5674788033262184]], "T": [0.15457212802455148, 0.10346623471928668, -0.013393260548443895], "aligned_model": [[-0.08008083097053947, -0.6032122807961441, 0.8761647036584042, -0.3289235292853352, -0.3964209673815897, -0.24784758712474417, 0.46363850659435324, 0.3874680657105614, 0.0631378775439452, 0.6148326899885496, -0.19115883128398412, 0.06805195396942271], [-0.19669444490649335, 0.021391697596864268, 0.1574174152798021, 0.0477785049626161, 0.5385658635194812, -0.571954165798551, -0.591827889176143, -0.1294847993141825, 0.6011294332054946, 0.4848917573014051, 0.5348208401817625, 0.1004494822514814], [-0.5271936097372542, -0.25263702569826924, -0.16952285044758852, 0.47131755317166907, 0.10635035974715594, 0.008508793921331827, -0.07320776631376943, 0.5022461017714923, 0.5041376639417668, 0.3307615850322253, -0.6110106080517568, -0.055909962425322146]], "inverted": false, "swapped": false, "error_lsq": 0.04415828328992616, "error_max": 0.2582450074952677, "target": "858.xyz", "model": "19.xyz", "model_rescale": 3.9282355846067225, "target_rescale": 3.7752797346163565},
{"mapping": [8, 4, 7, 0, 3, 11, 12, 10, 1, 2, 6, 13], "R": [[-0.9842244093337368, 0.09885841995116919, -0.14672874591031873], [-0.11968279378488113, 0.2387649920046065, 0.9636738594902767], [0.13030096294157703, 0.9660322413862792, -0.22316668133639334]], "T": [0.09085217229471496, 0.0934571658615172, -0.12348391221319882], "aligned_model": [[-0.22959817955556125, -0.5297083102209169, 0.6765988833084537, -0.4477922537201744, -0.43236928396297103, -0.27395988441066443, 0.723247198485468, 0.4125504353222421, -0.010265838185985046, 0.622004268096715, 0.0412748606762131, 0.07366787479008094], [-0.2668538388613856, -0.0003532172682753354, 0.18435335526264518, 0.059483725059862325, 0.6120839636688727, -0.4413829454283019, -0.4746336653554528, -0.2741330883091175, 0.503075817464552, 0.4397828848879811, 0.5321933247111866, 0.12286737927097047], [-0.7117943158291744, -0.19745785692902199, -0.3151514620711869, 0.46719787677307517, 0.030206105189466148, 0.18347111700743374, -0.1354707217959839, 0.5861793752656628, 0.4957805745143618, 0.40249342363486146, -0.6050404791371518, 0.033426598289338916]], "inverted": true, "swapped": false, "error_lsq": 0.0495574454535867, "error_max": 0.29480078187790737, "target": "858.xyz", "model": "20.xyz", "model_rescale": 4.067790424073018, "target_rescale": 3.7752797346163565},
{"mapping": [11, 12, 6, 7, 0, 9, 13, 5, 2, 4, 3, 14], "R": [[0.9219972170157735, 0.10410345770242035, -0.37293913968577913], [0.21721621727976836, 0.6582686359969656, 0.7207631495944858], [0.32052807484811247, -0.7455500472517554, 0.5843088911501073]], "T": [0.08454496518367069, 0.017111410664181453, 0.08522531547647938], "aligned_model": [[0.11859342437913323, -0.5090138447919111, 0.6618650246397293, -0.43313775112441044, -0.37974616454485177, -0.5136863209393061, 0.4225027196508123, 0.5197201046142452, 0.17458521442107983, 0.6231496434304347, -0.11251137901996155, 0.05332909990790631], [-0.15147742179701873, -0.08026688969067261, 0.3281779124144001, -0.07578280073623836, 0.5147031860595598, -0.4776467152431001, -0.57151235513678, -0.18606427301706083, 0.7555635152256408, 0.4522957322736407, 0.5358220398060493, -0.047328235054882775], [-0.5380328669607287, -0.3893474108975279, -0.257551701159563, 0.6144126433037497, 0.2884350628687898, 0.12242242048821184, -0.08632678625072171, 0.4284575407119978, 0.06781341365763977, 0.488948118315622, -0.5596414126737386, 0.05425121350794986]], "inverted": true, "swapped": false, "error_lsq": 0.048996720214444824, "error_max": 0.28847668847098973, "target": "858.xyz", "model": "21.xyz", "model_rescale": 4.186013935880536, "target_rescale": 3.7752797346163565},
{"mapping": [7, 1, 6, 8, 2, 9, 4, 11, 5, 3, 0, 12], "R": [[0.15161548511016426, -0.7451275302604432, 0.6494595509520068], [0.627587884014881, -0.43505363559218485, -0.6456483423627348], [0.7636400935732318, 0.505483231973124, 0.4016721420281359]], "T": [0.023490664189485137, 0.0004082668628792724, 0.018427100918347657], "aligned_model": [[0.10473934203272178, -0.4774505607236513, 0.4412674264980082, -0.4246530019375686, -0.4665376004935579, -0.3971685539762693, 0.6307853520101073, 0.26418644660931273, 0.1415614404698367, 0.8285289687997935, -0.08737703301533589, 0.06776754434950268], [-0.335422733259339, 0.06000045458917204, 0.18318682213084836, -0.05127143304241043, 0.5021534766895122, -0.4445721931682142, -0.38857788862827164, -0.19055098852951402, 0.6998375964984529, 0.40195131359252984, 0.5563956147669048, 0.0033536534638662803], [-0.6288285916688168, -0.5113180229637573, -0.3008023238318725, 0.6382372281601659, 0.2588917492406016, 0.12084278624547334, -0.06817013777627315, 0.5703021608885813, 0.3272906318651779, 0.22582807601204877, -0.4292054087293765, 0.030772087469728017]], "inverted": false, "swapped": false, "error_lsq": 0.05318901913278059, "error_max": 0.29604540719315026, "target": "858.xyz", "model": "22.xyz", "model_rescale": 4.166573947596378, "target_rescale": 3.7752797346163565},
{"mapping": [10, 0, 9, 2, 4, 5, 14, 12, 3, 11, 8, 15], "R": [[0.7697822268179197, -0.10114536817653849, 0.6302419676375711], [0.10201245614320772, -0.9551802398989864, -0.27789236782996557], [0.6301021997000763, 0.278209136807092, -0.724962684646719]], "T": [0.049377353315655945, 0.024632095475145388, 0.050905530561877965], "aligned_model": [[0.19101895636581206, -0.7199389033968159, 0.525686181474139, -0.21907411048567849, -0.4386113099481641, -0.4621685212604322, 0.6439271234474262, 0.4764389654915818, 0.1275432957084594, 0.6148975064353283, -0.10335890852847775, -0.010710504680278378], [-0.37411918858322396, 0.09472179223591894, 0.29536844667204076, 0.26137177978260523, 0.5738795706642386, -0.6236751014593114, -0.46401478472959573, -0.25868589557346783, 0.5949589431341586, 0.3385517620419029, 0.561393723842472, -0.003267352924200724], [-0.5670558783070434, -0.2136614636076658, -0.19461614799416727, 0.6207277595473896, 0.043992579745456006, -0.04438653525956403, -0.13270427452128847, 0.4592321774796291, 0.22423765195096704, 0.5022753642731284, -0.5344471228458963, 0.0702461244507361]], "inverted": false, "swapped": false, "error_lsq": 0.0401627759527853, "error_max": 0.22714322831615855, "target": "858.xyz", "model": "23.xyz", "model_rescale": 4.274766983524099, "target_rescale": 3.7752797346163565},
{"mapping": [3, 8, 9, 7, 2, 6, 5, 0, 1, 10, 11], "R": [[-0.9337677917710465, 0.3391563299826607, -0.114239637970876], [0.357633286251601, 0.8961452206482743, -0.2627207187759214], [0.013271910785741442, -0.28617604257161167, -0.9580851366356473]], "T": [0.022669782465977534, 0.014745578316916724, 0.05652951990047785], "aligned_model": [[0.23123362945506418, 0.10052711804974973, -0.47260259660637116, -0.46765631583490674, -0.46833205929490396, -0.7403128021031065, 0.19400959715778093, -0.02679153619043674, 0.6927053474265334, 0.3339224446998541, 0.003191877198817663], [-0.20309754607723188, 0.4986580818460056, 0.5781969820486196, -0.15252439720322886, 0.5259755961984153, -0.25825583165555843, -0.624712075797821, -0.025468966576240926, -0.08048465105845555, 0.6630681891833534, -0.005768849664374125], [-0.5320143039624555, -0.3854744812688742, -0.5053804012591179, -0.388980424746842, 0.22832762890620928, 0.34702679058939523, 0.12712575239181223, 0.696865485428474, 0.2972164328015849, 0.4386439435473355, 0.056210011594055656]], "inverted": false, "swapped": true, "error_lsq": 0.0384892461793991, "error_max": 0.19621532059313093, "target": "858.xyz", "model": "24.xyz", "model_rescale": 3.7841303162186577, "target_rescale": 3.7752797346163565},
{"mapping": [7, 11, 8, 3, 13, 6, 1, 4, 12, 2, 10, 15], "R": [[0.7011425032722712, 0.38466501268115405, 0.6003599071591149], [0.6840302852491124, -0.6005302751980836, -0.4140844810331974], [0.20125048811645507, 0.7009965881439952, -0.6841798187928133]], "T": [0.1256997425116537, 0.15343945911584608, -0.08564437519117345], "aligned_model": [[-0.11699413532358208, -0.6207456830800738, 0.7080199870491346, -0.3396383270852785, -0.5136524807442399, -0.2190163905861872, 0.637060341747826, 0.3140791889159489, 0.03961013762982166, 0.6763281898231065, -0.025688086860847975, 0.08628702913727192], [-0.18677326368918637, 0.04611344042372498, 0.07276931310275575, -0.021386091222735243, 0.5255039561919116, -0.44611934957864763, -0.38642183697053367, -0.280024227353311, 0.7240071457754832, 0.36566553339087615, 0.4787477376345295, 0.10440133739866998], [-0.5838015240941488, -0.2296163220682274, -0.1477188786760847, 0.5483101938165468, 0.1689076664512404, 0.12346438775753747, -0.09546844461076796, 0.4917002009012455, 0.40650702559855917, 0.3839953104577396, -0.7759423936747064, -0.056496986947253046]], "inverted": true, "swapped": false, "error_lsq": 0.04747296966846171, "error_max": 0.2282051081289803, "target": "858.xyz", "model": "25.xyz", "model_rescale": 4.19342608120988, "target_rescale": 3.7752797346163565},
{"mapping": [0, 2, 9, 6, 8, 4, 5, 3, 10, 7, 1, 11], "R": [[-0.21567351514448013, 0.3169947205934608, 0.9235796024063639], [0.9242709726512892, 0.37136693278319616, 0.08837290506394258], [-0.3149731797779983, 0.872697512515691, -0.37308303053001746]], "T": [0.08695927659351954, 0.11767862170385543, -0.009121796879550056], "aligned_model": [[0.040188715774176806, -0.6558673745745025, 0.6712870090589099, -0.400249843292376, -0.5016255666139416, -0.29029156092149716, 0.5359874095452839, 0.30461706563620317, 0.06776059188435049, 0.8612712328385826, -0.020917054317631925, 0.013489145605342326], [-0.3140567117345886, 0.0047974717899347125, 0.3823324705385227, 0.04773461202009449, 0.6072783716501022, -0.5407311662856824, -0.3297054174337405, -0.20910274747173355, 0.6495339380389846, 0.22580099633166534, 0.4272960459075881, 0.04530583175239068], [-0.5706653616079552, -0.37816354797773444, -0.38123864223980064, 0.6495367428881196, 0.020812848799199427, 0.12692263634185466, -0.12736366450595718, 0.5170493088150607, 0.3285128156541575, 0.4258628767591238, -0.44166891716056733, 0.0642431391461799]], "inverted": false, "swapped": false, "error_lsq": 0.049558829312170434, "error_max": 0.3410716261758815, "target": "858.xyz", "model": "26.xyz", "model_rescale": 3.795458400668931, "target_rescale": 3.7752797346163565},
{"mapping": [1, 6, 9, 7, 5, 0, 2, 3, 10, 4, 8, 12], "R": [[-0.5945715648907113, -0.6977365285868912, 0.39956024689516484], [0.49502746213207793, -0.70925185892982, -0.5019059795815037], [0.633586983735055, -0.10062572871840009, 0.7670997306487639]], "T": [0.17124095850210314, 0.16343198908363793, -0.09443931013451415], "aligned_model": [[0.021397495094941876, -0.5942805552787493, 0.5625325681803333, -0.30034424723599334, -0.4837952884222925, -0.09756617164177567, 0.5102635574284331, 0.3312438873073105, 0.08025399076516103, 0.7104934561182927, -0.16195028619587498, 0.04740136450311308], [-0.13130415024072312, 0.07747883200438471, -0.00467194651881242, 0.10887945244960517, 0.5091446677060065, -0.5824364770230839, -0.6410618420039591, -0.2114476033704884, 0.6223074557615548, 0.5338869120547856, 0.5685179539162205, 0.1471904403680468], [-0.5853881009483286, -0.39070916415723966, -0.14926843693583333, 0.5649843117544545, 0.04072994278634598, 0.1559526828371696, -0.2070815182913138, 0.5211424576129078, 0.44300008765131305, 0.4259769429722924, -0.6000485126402043, 0.014549542270117816]], "inverted": true, "swapped": false, "error_lsq": 0.04623470114997164, "error_max": 0.30346524610656866, "target": "858.xyz", "model": "27.xyz", "model_rescale": 3.6321398670334006, "target_rescale": 3.7752797346163565},
{"mapping": [1, 4, 0, 12, 7, 6, 13, 9, 8, 10, 3, 14], "R": [[-0.7478039778584051, 0.27609436769389434, -0.6037889621605008], [-0.37638284900457003, 0.5728738310131203, 0.7281150490928985], [0.5469233599640346, 0.7717431398257193, -0.32448014493585187]], "T": [0.16268129514193153, 0.11346447143800467, -0.024269414424726955], "aligned_model": [[-0.00017344610117778214, -0.5368731368316099, 0.6173224863850263, -0.35597088386236675, -0.5113925045562115, -0.2603889431531682, 0.32467074551754915, 0.3771502995741549, 0.07006133360485622, 0.7588505594277014, -0.022961878563486637, 0.1653551391816327], [-0.11014610161726124, -0.18443663703890764, 0.47927126171688195, 0.15470370274204195, 0.4935225942105247, -0.48972566788384186, -0.6859751853740594, -0.24262651318657255, 0.5241721837691078, 0.37868437162791135, 0.6183888459077558, 0.060650840229956426], [-0.633156794010509, -0.35342861395199826, -0.24539940703263075, 0.6182327053192431, 0.021202773547619024, 0.22287561675046233, -0.057929256926798525, 0.4989651582357377, 0.2753475636509249, 0.3987107811646483, -0.4510574977695684, -0.0605227940654499]], "inverted": false, "swapped": false, "error_lsq": 0.05397234691463065, "error_max": 0.3163908294735174, "target": "858.xyz", "model": "28.xyz", "model_rescale": 4.156811204709835, "target_rescale": 3.7752797346163565},
{"mapping": [10, 0, 2, 6, 5, 1, 8, 3, 7, 11], "R": [[0.6998118179553808, -0.7143179261985015, -0.0036496248378644625], [0.4713905873511814, 0.4579669435607017, 0.7536956897597182], [-0.5367069345617711, -0.5291655496318155, 0.6572134261228734]], "T": [-0.16876653615690634, -0.0021734209385113716, 0.016553251977610334], "aligned_model": [[-0.6165682205765846, 0.030240317337608097, 0.10933167246253456, 0.6836067390398699, -0.058151310550397545, -0.6793429808872589, -0.5226710506221403, -0.39861194287553614, 0.23851130239582974, -0.1434191516133373], [-0.19425094172275648, -0.5414520369590696, 0.22923363141418224, -0.06917785061991114, -0.36913975680667965, -0.49084258769336714, 0.5276422151201903, 0.3359087414838938, 0.4932919896766211, -0.0024930732668994463], [-0.635973941101418, -0.2727020452565638, -0.6167442235721786, -0.08360195065200611, 0.5609310911206336, 0.1448528407937494, -0.15563153031905913, 0.5363704103958691, 0.25217334295655447, 0.02911273260951899]], "inverted": false, "swapped": true, "error_lsq": 0.05323753544035189, "error_max": 0.22975897906505402, "target": "858.xyz", "model": "29.xyz", "model_rescale": 4.117894457231895, "target_rescale": 3.7752797346163565},
