[{"mapping": [2, 3, 8, 0, 12, 5, 1, 6, 10, 9, 4, 7, 11, 13], "R": [[-0.72926238325996, 0.17934779633495535, 0.6603110966141634], [0.5998991049525697, -0.2965489594973419, 0.743088001853179], [0.3290857642607917, 0.9380261630524172, 0.10867141845973738]], "T": [-0.15794670604587813, -0.03476922487636809, -0.05729008992586894], "aligned_model": [[0.37251383572836727, -0.046020454868827915, 0.2961054941033412, -0.20140378400041187, -0.5186815615808644, -0.49878201520775955, -0.6450919911363044, 0.32910813074400325, -0.3112022215981281, 0.09778271659827875, 0.7899320820126591, 0.39492577560753317, -0.26776912020943455, -0.06978158190670533], [0.06472148965236636, -0.3432532434138999, -0.3251861303050823, 0.4797472127048536, 0.4097974171127276, -0.6814739471601317, -0.00802415162366292, -0.6195144447515114, 0.55633037717274, 0.6454285245755954, -0.12110189462076117, 0.24054008329361082, -0.14245953286600294, 0.024393684771032077], [-0.6049865905106726, -0.464119821388701, 0.5084605196218035, -0.6306981055787801, 0.028445974867762125, 0.1376600438160775, -0.3655404519594709, -0.1307536726073978, 0.7442976669989895, 0.03585847849467487, 0.029177822588340716, 0.37852097732786105, 0.6234475069171928, 0.066267683050893]], "inverted": false, "swapped": false, "error_lsq": 0.03785585101021605, "error_max": 0.18410503924125757, "target": "859.xyz", "model": "0.xyz", "model_rescale": 3.8414455957264533, "target_rescale": 4.130726409286972},
{"mapping": [9, 6, 4, 8, 12, 5, 10, 2, 11, 13, 7, 0, 1, 14], "R": [[-0.4072380431228286, -0.24214239884555497, 0.8806385381726203], [-0.09117061411558283, 0.9701763310742626, 0.22460143754007966], [-0.9087601968370296, 0.011177893567349328, -0.4171689817569379]], "T": [0.012353710774691808, -0.033220370314047704, 0.02971752802020229], "aligned_model": [[0.45721866210307077, -0.13489249010994925, 0.24844850193553283, -0.2603376545686542, -0.5612095044112524, -0.3151606242516594, -0.6400500559846818, 0.3023412285944112, -0.30524501897354495, 0.22365214790531143, 0.6544848019890941, 0.4434367529978933, -0.3364256787352109, -0.054625764204614354], [0.15362789578091782, -0.448507270217567, -0.387492939173788, 0.43926220579537967, 0.4692113840329145, -0.5992903425038507, -0.14020860069582558, -0.6802951057334375, 0.6039214818527056, 0.691485839710689, -0.05713521739411179, 0.19444935319871737, -0.022356765159622483, -0.036726474951246264], [-0.45266466540151334, -0.6151720135892168, 0.3681956386690744, -0.5418610160494225, 0.00010141287204624982, -0.05165772571074488, -0.14721224360782686, -0.17474824884505957, 0.49816892273453056, -0.040999374181955664, 0.036841004703666205, 0.5662352604488494, 0.8213821102170379, 0.08942896937910752]], "inverted": false, "swapped": false, "error_lsq": 0.03889068659338594, "error_max": 0.23684108481466445, "target": "859.xyz", "model": "1.xyz", "model_rescale": 4.316132596720782, "target_rescale": 4.130726409286972},
{"mapping": [4, 9, 8, 5, 12, 6, 2, 1, 11, 3, 10, 13], "R": [[0.7916517193662203, 0.5979100015124016, -0.12566298307754586], [0.5404895680236511, -0.7812549079431323, -0.31226878754107856], [-0.28488345350706956, 0.17928859112115358, -0.9416459095709373]], "T": [0.014198943536293397, 0.12161705236554658, 0.0014568874314502475], "aligned_model": [[-0.16057745243028, 0.5513926578369567, 0.10057212590305747, -0.6666802023244544, -0.45061198537619357, -0.5410245474008419, -0.17550963435834752, -0.3134688253920562, 0.4239132584215326, 0.28002640665482104, 0.524478432539661, 0.025298320557925125], [-0.5703012861221339, -0.30496357329081275, -0.661833429736951, 0.43436536246652435, -0.2210333466608161, -0.0691943812430217, 0.439881419808416, 0.5706175229693693, 0.010807853271802018, -0.18884310617303735, 0.4973839581137154, 0.07588943433792622], [0.11662094431746312, 0.05080390714443892, -0.4081958741767715, -0.0647406111094502, -0.49279887900170327, 0.38731816196640845, -0.5705459081179911, 0.44626105865512194, -0.5876136294573541, 0.7388517101795017, -0.15839439585394763, -0.008308023336295274]], "inverted": false, "swapped": true, "error_lsq": 0.04228292632748118, "error_max": 0.1854900925174249, "target": "859.xyz", "model": "2.xyz", "model_rescale": 3.795458400668931, "target_rescale": 4.130726409286972},
{"mapping": [3, 0, 1, 2, 4, 12, 7, 9, 10, 11, 6, 13], "R": [[0.40826020687854275, 0.663420099180404, 0.6270545235328048], [-0.8325370947216919, -0.011164327064352931, 0.553856789895696], [0.3744403682722449, -0.7481638388779984, 0.5477638914746777]], "T": [0.04126505597675893, 0.04344849094869854, 0.07778335564705027], "aligned_model": [[-0.06858515989364879, -0.18976078552639886, -0.651818793568529, 0.09883988593080976, 0.20295174536796212, 0.20290684717041985, -0.1795126837772839, 0.5671311559509754, 0.2769316718641546, 0.7048695808167253, -0.44733448420920435, 0.07668484561758283], [-0.17250407798181375, -0.6070353265855423, -0.11875448745492775, 0.15127124328711813, 0.5639738480927503, 0.7372438972388692, -0.3514299237709353, -0.10370111560199893, -0.5168110340232805, -0.021088957928326463, 0.4584359038410646, 0.06616907617673179], [-0.7297426766571734, -0.1282558811867867, 0.08975463090875493, 0.7482519554046546, -0.39705483022770793, 0.3428628225851751, 0.5751337051068651, -0.3403016637137849, 0.3180100568179125, 0.3652073014095579, -0.20966574896259108, 0.0545717591542243]], "inverted": false, "swapped": true, "error_lsq": 0.041770912471516014, "error_max": 0.21750796258082436, "target": "859.xyz", "model": "3.xyz", "model_rescale": 3.7530521520055578, "target_rescale": 4.130726409286972},
{"mapping": [2, 1, 0, 3, 10, 4, 11, 12, 8, 9, 13], "R": [[0.510751477921425, 0.5387355214083862, -0.6699977356483486], [-0.8123986819993672, 0.5574420733963955, -0.1710751773145908], [0.2813206520800975, 0.631682177032376, 0.7223823903812072]], "T": [-0.10812931713292047, -0.09108118536056156, -0.12473941191444715], "aligned_model": [[-0.5743214387340323, -0.08597355882771586, 0.49933979098059783, 0.5165264921392339, 0.2366898494540688, -0.22733691152346758, -0.12596059201928295, -0.7946378971667711, -0.3269658204173771, 0.32859856019033207, -0.10775887163038067], [-0.5794284903800895, -0.14625565880820357, -0.2814710914570152, 0.4503607668643874, -0.6255079327844688, 0.5842156424047704, -0.40832589823994603, 0.08090989598464318, 0.3256213420989239, 0.1286248963235005, -0.061540113692156305], [-0.03173099474583316, -0.8341639956360789, -0.46191484069830946, -0.2904095876155994, 0.025680504031669882, 0.10400559802185672, 0.528090129450927, 0.15251912396759093, 0.6286130673880033, 0.3589766660319344, -0.08683489295084465]], "inverted": false, "swapped": true, "error_lsq": 0.05285713366141919, "error_max": 0.2595718080793821, "target": "859.xyz", "model": "4.xyz", "model_rescale": 3.7855080009869324, "target_rescale": 4.130726409286972},
{"mapping": [10, 7, 0, 15, 13, 4, 6, 5, 12, 14, 3, 2, 1, 16], "R": [[0.44466983261573867, -0.14186778909484124, -0.8843880767959462], [0.8484953250977016, -0.2495721465980827, 0.4666577192437416], [-0.286922329644865, -0.9579077586384646, 0.009396951175599466]], "T": [-0.07398143178851918, 0.07903657678554257, -0.020762522406517603], "aligned_model": [[0.2882243953436969, -0.2038216803727478, 0.22223443208533267, 0.04436134564099334, -0.6345670575033784, -0.3109082584083744, -0.6601840734594131, 0.3702219012970394, -0.34299505602374286, 0.13684313416316718, 0.6047531960620287, 0.44905923261836295, -0.1983238283688974, -0.04326237878832101], [-0.015072326901993616, -0.5078061063613192, -0.4728676404851815, 0.7007984115297904, 0.5255711999269886, -0.5974064890167635, -0.18194698098497317, -0.5831283296799221, 0.4681253185339288, 0.6924819437462726, -0.04870882782006822, 0.250944898802688, -0.1719913470947391, 0.1209517203471658], [-0.6459942611342326, -0.4681176911041491, 0.4441372305174547, -0.5487069461592373, -0.126678647020312, 0.1616963535660421, -0.14047515139139924, -0.15977432097256059, 0.4684275061413263, 0.17142275975256843, 0.052837898502380715, 0.4718445012713307, 0.6825353439590596, -0.00711654428969914]], "inverted": false, "swapped": false, "error_lsq": 0.043626480628575104, "error_max": 0.2819955379596436, "target": "859.xyz", "model": "5.xyz", "model_rescale": 4.2253639853439635, "target_rescale": 4.130726409286972},
{"mapping": [12, 7, 4, 11, 5, 3, 6, 0, 10, 8, 9, 1, 2, 13], "R": [[-0.4537852962519344, -0.5409651704249285, 0.7081211685104974], [0.5366503641951612, -0.8002896161811242, -0.2674750770480673], [0.7113967187967237, 0.2586372258971955, 0.6534688162915336]], "T": [0.013285270294193893, 0.049902668410174225, 0.056198227641226825], "aligned_model": [[0.13308533532207723, -0.04797900627127895, -0.014475982693701608, -0.2668252073907268, -0.4502504264154833, -0.3078438752449799, -0.5127476975875502, 0.5601094888450286, -0.165159412588038, 0.27644383330538663, 0.5863331054539824, 0.5005284756703867, -0.5513615701991554, -0.01822175592020111], [-0.037339361704856314, -0.5438807574026746, -0.3670308345615825, 0.451055397888319, 0.4775766327854463, -0.582423467535666, -0.1292600089229879, -0.5264694715692979, 0.476160329858085, 0.7378454103406361, 0.18470363472388807, 0.05958222064343445, -0.018338612574809815, -0.0022356674260596288], [-0.8654202059145232, -0.4663523896905085, 0.6274311741164526, -0.5489202704536077, 0.11070423210034507, 0.04918378657834094, -0.26769684776969427, -0.05261849712271745, 0.6846680961290937, 0.11405347924186104, -0.10517495967609648, 0.6050207372393329, 0.41213176796531464, 0.05902792889497954]], "inverted": true, "swapped": false, "error_lsq": 0.05081527083772067, "error_max": 0.34562005526103684, "target": "859.xyz", "model": "6.xyz", "model_rescale": 3.89814844738969, "target_rescale": 4.130726409286972},
{"mapping": [9, 11, 10, 4, 0, 2, 12, 3, 6, 5, 7, 1, 13], "R": [[0.7172428948512036, 0.29223713233563137, -0.6325820802628795], [0.5339218265001587, -0.8138155406440707, 0.22941610447597965], [-0.44776122316721423, -0.5022964506050644, -0.7397351977142596]], "T": [-0.06688108712181962, 0.05474301914386928, -0.06282021438767593], "aligned_model": [[0.24436450002504256, -0.03101953625117193, 0.41575891152116196, -0.4063866745358342, 0.5918762167053605, -0.3630593150534117, -0.7905742720245033, 0.36804419436243785, -0.42017037566575516, -0.5443427348163307, 0.14116826300428323, 0.02138225342741709, -0.07840962979447419], [-0.3842025047424169, 0.22506308285701634, 0.4100216666434946, -0.5782722565814387, 0.10392990569478347, 0.6377654329183275, 0.05972595031297129, -0.6137019865901767, -0.25482789313593335, 0.418606380230626, 0.6805724806360409, 0.23936137602514318, 0.01973963120204756], [-0.49111480548808484, -0.7676986417488929, -0.32353859015321207, -0.14398764957038268, 0.22453630333378305, -0.2547370520098577, -0.29517899464831626, 0.21071616096031215, 0.4596006697089392, 0.3904168703611806, 0.06787827807003904, 0.6190477971456868, -0.09366531512489873]], "inverted": false, "swapped": true, "error_lsq": 0.043794994989678177, "error_max": 0.24211067491684288, "target": "859.xyz", "model": "7.xyz", "model_rescale": 3.7474275329858107, "target_rescale": 4.130726409286972},
{"mapping": [11, 10, 5, 12, 1, 6, 0, 7, 2, 4, 9, 8, 3, 14], "R": [[-0.3107086909282758, 0.258897976785356, -0.9145665350307144], [-0.933591649383006, -0.26383176300439604, 0.2424859439891534], [-0.17851258102429607, 0.9291741701352023, 0.3236798108773586]], "T": [-0.026315593145192738, 0.10403411455693962, -0.059286008364857604], "aligned_model": [[0.38943767327592166, -0.20760657721244422, 0.24895576628997954, -0.10334691479482194, -0.6794426414594495, -0.28515690123422693, -0.6284833209383337, 0.2687921707883717, -0.2969456664547155, 0.2998054774020334, 0.6977865574141632, 0.3269089045689321, -0.27690929098408024, -0.032159932375582956], [-0.010467172816324116, -0.3991917740131153, -0.39623590402871695, 0.35433772357907417, 0.47226213884734564, -0.6508483026258804, -0.15990295044279074, -0.49511417409075903, 0.6375341346618031, 0.7336450774086971, -0.12790789200297997, 0.23270694957859442, -0.17333022871555454, 0.16245781920248087], [-0.5070790769131618, -0.5970226017421993, 0.3731224226363276, -0.6179065393111892, -0.007953748163855953, 0.11418390791091941, -0.015189625851826802, -0.19274149832567844, 0.5329357303601227, 0.2715627919163886, -0.012175274591407728, 0.5098238857668634, 0.5526015275999328, -0.04812386965266271]], "inverted": true, "swapped": false, "error_lsq": 0.04442493726236174, "error_max": 0.28777513762544393, "target": "859.xyz", "model": "8.xyz", "model_rescale": 4.019505241142653, "target_rescale": 4.130726409286972},
{"mapping": [11, 10, 9, 8, 12, 4, 3, 2, 5, 1, 0, 6, 13], "R": [[-0.9396951566708068, 0.32694184838787355, 0.10040936361788444], [0.01665310097738701, 0.3369738998431332, -0.9413667006285846], [-0.3416075039533891, -0.8829256019604546, -0.3220973372220027]], "T": [-0.04709914614086001, -0.05722276542870754, 0.05317618648823072], "aligned_model": [[-0.3254400739472432, -0.6690514356659848, 0.0019399788818200078, 0.43208456440824833, 0.37142356803806176, 0.627500543827197, 0.22138039008672006, -0.326153792686003, 0.0710303005866422, -0.11697905531199752, -0.45425496859797215, 0.5054717932391047, -0.019251041117416746], [-0.4801703562084071, -0.023000557422463992, 0.15119623700043372, -0.4455014202302824, -0.6912290202976974, -0.034386959779835, 0.7136658768858329, -0.6466404345770793, -0.33387686476452777, 0.27055423537066114, 0.5334513759783052, 0.11385810967637143, -0.06454199351725308], [-0.46719890482076964, -0.14466856869803205, -0.6003832437608624, -0.5861148484887257, 0.07811741230302263, -0.20557914195242158, -0.15765624598109487, 0.2511258411084359, 0.7425947594094217, 0.6812664476578482, 0.11861698678584598, 0.4518837765789413, 0.014699223902269895]], "inverted": false, "swapped": true, "error_lsq": 0.047359201811972285, "error_max": 0.269655115790772, "target": "859.xyz", "model": "9.xyz", "model_rescale": 3.877068213659057, "target_rescale": 4.130726409286972},
{"mapping": [6, 10, 0, 13, 2, 11, 9, 12, 7, 4, 5, 1, 8, 15], "R": [[0.7122695763070231, -0.6175233232023736, -0.33367198858836045], [-0.4900821717763112, -0.7778491422187928, 0.39340840974298324], [-0.502485338666143, -0.11668614849495013, -0.8566754503165049]], "T": [-0.023772579504202185, 0.06214977209985757, -0.0956030017924502], "aligned_model": [[0.20665339782449987, -0.3427541057261634, 0.2710899571397686, -0.16662772695964836, -0.49796047786621284, -0.16062740876868414, -0.6746862146773633, 0.48207546824187264, -0.1895701686432631, 0.1815937421940649, 0.6898422395142377, 0.3559400420833383, -0.4449969333367926, 0.011663493266092239], [-0.09734748901679989, -0.43464913473508854, -0.47260136372636036, 0.5234436966163128, 0.5249776641536332, -0.6463029691117168, -0.04026586575482334, -0.4798715970331748, 0.5249360674353938, 0.6808230465268454, 0.04517375178773873, 0.1848559491349125, -0.1326141598793546, -0.0006121518556440053], [-0.6449381160835769, -0.48886170996887324, 0.4151448252712028, -0.6992906843016771, -0.059665036719519685, 0.0593832732144023, -0.05729137734068693, -0.1879382805767163, 0.5560307708913278, 0.08649239399471352, 0.2229266625312537, 0.6748956220401909, 0.520805945535873, -0.04165625684934114]], "inverted": false, "swapped": false, "error_lsq": 0.04277249541919848, "error_max": 0.26403945637854315, "target": "859.xyz", "model": "10.xyz", "model_rescale": 4.260839863003843, "target_rescale": 4.130726409286972},
{"mapping": [1, 3, 9, 10, 11, 2, 5, 6, 4, 8, 12, 13], "R": [[-0.8662520626811688, -0.19976125257636163, -0.45793318930794225], [-0.16893211856612478, -0.7454845765243637, 0.6447594012351049], [-0.470180075308792, 0.6358837850845179, 0.6120314605060801]], "T": [-0.0290813741628336, -0.01495879814217317, -0.17272033578320425], "aligned_model": [[0.42560413618209014, 0.2982173813109098, -0.3268814437237265, -0.5768080191954712, -0.69495546668474, -0.30840052324982825, 0.3845794361828456, 0.6661037646930635, 0.29257766817912323, -0.22421816224120591, 0.05899640053485064, -0.03591652289378087], [0.023468438358171348, -0.7912653954710426, -0.5275610579995825, -0.13238432144908044, 0.09034880513845565, 0.598771991374408, 0.5712329750230648, 0.029196780465898978, -0.1797874993370802, -0.015274755659160545, 0.5351090099768715, -0.02877646488799004], [-0.7191659179890052, -0.14071304891793032, 0.1759016471476946, -0.5093880145384859, 0.09685446625277691, -0.2716348502877195, -0.3986715796605088, -0.08140243577662395, 0.45332079342726295, 0.6938775546719621, 0.34440147802593324, -0.1272020149598513]], "inverted": false, "swapped": true, "error_lsq": 0.04619578301142071, "error_max": 0.24332262095567508, "target": "859.xyz", "model": "11.xyz", "model_rescale": 3.890672605050136, "target_rescale": 4.130726409286972},
{"mapping": [12, 7, 8, 10, 2, 3, 4, 5, 1, 11, 9, 6, 0, 13], "R": [[-0.9804826065619332, -0.1213555293232023, 0.15468255794433494], [-0.16844060820219947, 0.9242749293767667, -0.34255454519542705], [-0.10139832216555791, -0.3619235975012657, -0.926676691103079]], "T": [0.04929295710796405, 0.06503835802621684, 0.12211532321318373], "aligned_model": [[0.13510762753115757, -0.016767383442886766, 0.14673055685752615, -0.12370265659006363, -0.3930281510843347, -0.5686840889566269, -0.5917708349268243, 0.5776962340745846, -0.30498576768478364, 0.1230184323948971, 0.7712851271313232, 0.3710888314329655, -0.38617553229803314, -0.018177090153154246], [-0.0721300809585456, -0.63049781232011, -0.5548647385511651, 0.5199746610373833, 0.5810331013781059, -0.6174398201444602, 0.06392010436539157, -0.3947061601799336, 0.3811189009297888, 0.6054212287588024, 0.23838391822458088, 0.1741845432587999, -0.09182678126198561, -0.022625619994778523], [-0.6051760959797796, -0.36658666923484384, 0.47625810634867255, -0.6279819919975405, -0.08684782125837802, 0.19553918078108273, -0.1608917577510015, -0.21611113451209685, 0.7384577328746039, 0.04922450617991507, -0.11133496958140084, 0.5875107136696641, 0.4887964688394177, -0.004818236739741813]], "inverted": false, "swapped": false, "error_lsq": 0.05445184576118549, "error_max": 0.29297724890685534, "target": "859.xyz", "model": "12.xyz", "model_rescale": 4.124412569039231, "target_rescale": 4.130726409286972},
{"mapping": [9, 10, 2, 3, 11, 8, 0, 4, 1, 6, 12, 5, 13], "R": [[-0.11084029437218057, -0.43122699350228144, 0.8954092411955953], [0.3493025256450206, -0.8603826935347425, -0.37111907286464163], [0.9304311767785397, 0.27163376215206525, 0.2459937489807763]], "T": [0.09184743381705995, 0.18106813386291865, 0.023770824840511712], "aligned_model": [[-0.1969893903385807, -0.0008050994044816323, 0.6863709482271433, -0.6845830048028742, 0.4280691576663576, 0.4184696348611059, -0.5060498839596067, 0.07135548567928617, -0.154607619007881, 0.0037052730485077068, 0.7450171566131888, 0.46178314519769864, 0.0955625037298934], [-0.33366855687973007, 0.43524238365771595, 0.47351574388834916, -0.10248780567539373, -0.06191433955608175, -0.6399769234634282, 0.5326827177100949, -0.45039015848869435, 0.72491799434086, 0.1377943052534547, -0.11204769294669703, 0.6104765535132036, 0.1333411551548241], [0.3767618635922878, 0.6187072213989696, 0.1834108462351786, -0.1422191686544768, 0.6196424908192796, 0.11472862416063073, 0.21829662069462494, -0.32751401799072266, -0.36392180641534944, -0.6718795086765849, -0.23157146217435345, -0.470745104256718, 0.0280014822350731]], "inverted": false, "swapped": true, "error_lsq": 0.04868471711261438, "error_max": 0.2851199271034062, "target": "859.xyz", "model": "13.xyz", "model_rescale": 3.9028299243045295, "target_rescale": 4.130726409286972},
{"mapping": [9, 14, 12, 7, 4, 13, 10, 11, 0, 3, 1, 2, 8, 15], "R": [[0.46843157949838554, -0.6309469130175955, 0.6184479349809607], [0.665996222348519, 0.7121310970261414, 0.22207731191152127], [-0.5805350007933633, 0.3078559624270928, 0.7537929551620515]], "T": [0.00748269019689022, 0.05527735612277207, 0.09574204832046809], "aligned_model": [[0.2625259932542084, -0.09463527772838956, 0.09246253967457962, -0.18978640655200416, -0.5516775764293277, -0.4455509343127417, -0.5398305687864061, 0.44057162745615286, -0.24519713582267796, 0.05383509673093668, 0.6442619814698684, 0.4291077587938873, -0.16000814385972337, 0.025556350397383777], [0.02786203226307045, -0.5785334978445243, -0.5780154907999603, 0.45595452503031025, 0.43720965349534063, -0.5979599602834066, -0.03296893397701087, -0.465315627470851, 0.6288846569737476, 0.6764874026757135, -0.07393165511685762, 0.27326190864423117, -0.06661444110230866, 0.07362487205438005], [-0.6357268642431098, -0.5132787844948067, 0.3713484418967712, -0.6924017619205856, 0.06691861457434009, 0.06941914359181059, -0.4022673801783131, -0.1996790176085861, 0.6382768206419371, 0.07046403992688499, 0.09973220660892038, 0.6586495060329959, 0.8397826183392565, -0.015199551528943062]], "inverted": true, "swapped": false, "error_lsq": 0.040337923882665175, "error_max": 0.32921849891405036, "target": "859.xyz", "model": "14.xyz", "model_rescale": 3.942246331269136, "target_rescale": 4.130726409286972},
{"mapping": [9, 5, 0, 10, 4, 1, 3, 2, 13, 11, 7, 8, 12, 14], "R": [[0.4201889511965218, -0.9043129769337837, 0.0752282197152449], [-0.39836736911412424, -0.25831537815172223, -0.8801003378225826], [0.8153187625201928, 0.3398399699262741, -0.4687900493003782]], "T": [-0.025928666716562423, 0.09740784204117832, -0.016685738850949233], "aligned_model": [[0.4209617384035176, -0.16572648319142874, 0.3508409449177368, -0.09743204751006282, -0.47248719654572635, -0.41977271867002747, -0.6948297958248159, 0.3307365569615956, -0.4331770806341594, 0.1089829781677502, 0.7931593741940223, 0.5124694790463438, -0.5026270283937294, -0.00946341663526993], [0.060219844943949344, -0.42599152631739207, -0.4254023620870118, 0.5530732133335856, 0.4601009894679992, -0.5796596977109202, -0.15283122901463314, -0.5594495274678724, 0.5056838216682656, 0.7731006422288246, -0.13900112650504104, 0.22508106830824764, -0.12859739843040574, 0.01361873212427879], [-0.685317419835233, -0.34727495509948825, 0.33747754704502997, -0.5609805596817323, -0.1293939336242075, 0.19093854955369594, -0.09730594286628814, -0.17152834597103808, 0.5563668768192526, 0.1816803683996007, -0.08137800235449327, 0.5243021632516887, 0.6076191237093506, 0.030832562292434897]], "inverted": true, "swapped": false, "error_lsq": 0.04445217306894993, "error_max": 0.2689982161816135, "target": "859.xyz", "model": "15.xyz", "model_rescale": 4.355366556412066, "target_rescale": 4.130726409286972},
{"mapping": [4, 9, 8, 5, 12, 6, 2, 1, 11, 3, 10, 13], "R": [[0.7916517193662203, 0.5979100015124016, -0.12566298307754586], [0.5404895680236511, -0.7812549079431323, -0.31226878754107856], [-0.28488345350706956, 0.17928859112115358, -0.9416459095709373]], "T": [0.014198943536293397, 0.12161705236554658, 0.0014568874314502475], "aligned_model": [[-0.16057745243028, 0.5513926578369567, 0.10057212590305747, -0.6666802023244544, -0.45061198537619357, -0.5410245474008419, -0.17550963435834752, -0.3134688253920562, 0.4239132584215326, 0.28002640665482104, 0.524478432539661, 0.025298320557925125], [-0.5703012861221339, -0.30496357329081275, -0.661833429736951, 0.43436536246652435, -0.2210333466608161, -0.0691943812430217, 0.439881419808416, 0.5706175229693693, 0.010807853271802018, -0.18884310617303735, 0.4973839581137154, 0.07588943433792622], [0.11662094431746312, 0.05080390714443892, -0.4081958741767715, -0.0647406111094502, -0.49279887900170327, 0.38731816196640845, -0.5705459081179911, 0.44626105865512194, -0.5876136294573541, 0.7388517101795017, -0.15839439585394763, -0.008308023336295274]], "inverted": false, "swapped": true, "error_lsq": 0.04228292632748118, "error_max": 0.1854900925174249, "target": "859.xyz", "model": "16.xyz", "model_rescale": 3.795458400668931, "target_rescale": 4.130726409286972},
{"mapping": [9, 11, 10, 4, 0, 2, 12, 3, 6, 5, 7, 1, 13], "R": [[0.7172428948512036, 0.29223713233563137, -0.6325820802628795], [0.5339218265001587, -0.8138155406440707, 0.22941610447597965], [-0.44776122316721423, -0.5022964506050644, -0.7397351977142596]], "T": [-0.06688108712181962, 0.05474301914386928, -0.06282021438767593], "aligned_model": [[0.24436450002504256, -0.03101953625117193, 0.41575891152116196, -0.4063866745358342, 0.5918762167053605, -0.3630593150534117, -0.7905742720245033, 0.36804419436243785, -0.42017037566575516, -0.5443427348163307, 0.14116826300428323, 0.02138225342741709, -0.07840962979447419], [-0.3842025047424169, 0.22506308285701634, 0.4100216666434946, -0.5782722565814387, 0.10392990569478347, 0.6377654329183275, 0.05972595031297129, -0.6137019865901767, -0.25482789313593335, 0.418606380230626, 0.6805724806360409, 0.23936137602514318, 0.01973963120204756], [-0.49111480548808484, -0.7676986417488929, -0.32353859015321207, -0.14398764957038268, 0.22453630333378305, -0.2547370520098577, -0.29517899464831626, 0.21071616096031215, 0.4596006697089392, 0.3904168703611806, 0.06787827807003904, 0.6190477971456868, -0.09366531512489873]], "inverted": false, "swapped": true, "error_lsq": 0.043794994989678177, "error_max": 0.24211067491684288, "target": "859.xyz", "model": "17.xyz", "model_rescale": 3.7474275329858107, "target_rescale": 4.130726409286972},
{"mapping": [12, 11, 8, 7, 2, 3, 1, 10, 6, 9, 5, 4, 0, 13], "R": [[0.48615474040429996, 0.3722788509830426, -0.7906086424351643], [-0.7729918217898721, -0.23878828652040376, -0.5877616844152265], [-0.4075993275612736, 0.8968771439452536, 0.17168044979030792]], "T": [-0.0408268958350031, -0.012778804671999513, -0.023637708352417297], "aligned_model": [[0.45269249285375357, -0.1852146051787304, 0.16255503635494675, -0.26470790060634697, -0.5507252045553526, -0.24672811715530374, -0.7019479772563009, 0.40007282572197744, -0.04217292530302159, 0.25290441069338754, 0.6782515714971369, 0.3501220724604125, -0.47880839560844213, -0.10465797963237011], [0.22270578732146776, -0.38002131012163215, -0.4779653594148742, 0.3368592325578695, 0.45434181577825306, -0.659284421761819, -0.1970721806770305, -0.5115864299122085, 0.6176969318780933, 0.5883339846597628, -0.027383904948704265, 0.18544463716676154, -0.012024867743443492, 0.03990152975937866], [-0.5337578346319495, -0.6286350582537223, 0.48537281232847873, -0.6521675967912371, 0.13647089392735012, -0.008659209116696626, -0.11008586663631986, -0.2059499651994453, 0.42076902571742225, -0.013173487263966666, 0.0533868691242657, 0.6814099448703639, 0.6886220955226756, 0.042435408041353595]], "inverted": true, "swapped": false, "error_lsq": 0.04149553186126447, "error_max": 0.2806317836100198, "target": "859.xyz", "model": "18.xyz", "model_rescale": 3.922800546911778, "target_rescale": 4.130726409286972},
{"mapping": [10, 11, 3, 6, 8, 7, 13, 9, 5, 1, 2, 0, 12, 14], "R": [[0.4194612213373781, 0.2889119744412717, -0.8605708307969783], [-0.6668705366470171, -0.5451249947924661, -0.5080575040333857], [-0.6159025662767407, 0.7869997529078139, -0.03599191265777968]], "T": [-0.08971785127719709, 0.0919634424570065, -0.015039755937152462], "aligned_model": [[0.29000247962581716, -0.2097397212510899, 0.1320006975265637, -0.05458409604781303, -0.5330309324759381, -0.19683610768641915, -0.6927925816564993, 0.46312615948895575, -0.21426972916241632, 0.3236224500679361, 0.6142494450308746, 0.41780452760084497, -0.5313051668522368, -0.08661211992283326], [-0.04079532603501429, -0.44479145787582797, -0.25386655028463573, 0.580236864255274, 0.5135495949538232, -0.6820833974776345, -0.19022238791943757, -0.4905767598010885, 0.4604720881582015, 0.7052954454210307, -0.0032373787891281647, 0.2070590778715571, -0.17872836637324585, -0.0023660015619999253], [-0.7141736679673826, -0.4675135567980022, 0.47525785248223945, -0.5009640882379796, -0.02640998384288345, 0.1510571669413285, -0.1838170456798018, -0.1482823858574435, 0.6416351468453826, 0.01589038082133173, -0.1072124859094786, 0.6388842957105693, 0.5768560388797643, 0.004830364250928566]], "inverted": false, "swapped": false, "error_lsq": 0.037256727223939655, "error_max": 0.21761272447627056, "target": "859.xyz", "model": "19.xyz", "model_rescale": 3.9282355846067225, "target_rescale": 4.130726409286972},
{"mapping": [0, 4, 5, 11, 9, 6, 8, 3, 12, 10, 1, 2, 7, 13], "R": [[0.0951814171576025, 0.9388676334631703, 0.330859584511521], [-0.20819517681330632, 0.34379311330968687, -0.915675195466443], [-0.9734450504160705, 0.01827189306280752, 0.2281904286869955]], "T": [-0.112378806218559, -0.04342692286343433, 0.06272627788516547], "aligned_model": [[0.3956216851179841, -0.19413531160744754, 0.2781958130236666, -0.11914014700552325, -0.6151682025092665, -0.283865336433312, -0.7855336776178253, 0.3191369701862642, -0.4557689933164061, 0.2763580172304786, 0.633992194445568, 0.4902249305856021, -0.2550623243704363, 0.03677968655639993], [0.08272062159187482, -0.23998941263210688, -0.5148499898687342, 0.3914686582183362, 0.4185554817272761, -0.6474056456162179, -0.1832950118924481, -0.5625893362143025, 0.6270142280228672, 0.7231375391391985, -0.08337828560643148, 0.15418220813559103, 0.0071002820893027105, 0.007274107447668619], [-0.5424342677773595, -0.5322921305547322, 0.398735073823157, -0.5066446812901916, -0.04772690705757601, 0.2434086690412622, -0.26272881258200576, -0.26986896023318385, 0.45691682555306945, 0.12186134938111134, 0.009481425653053238, 0.5885927800464542, 0.667032650172509, 0.031705017463005004]], "inverted": true, "swapped": false, "error_lsq": 0.04669540214949936, "error_max": 0.27397206003009333, "target": "859.xyz", "model": "20.xyz", "model_rescale": 4.067790424073018, "target_rescale": 4.130726409286972},
{"mapping": [2, 4, 7, 6, 13, 8, 5, 0, 10, 11, 3, 12, 1, 14], "R": [[-0.6076429662724789, 0.6852990220732708, 0.40141658645975453], [-0.10732713266744984, 0.42993780397036896, -0.8964565640958406], [-0.7869249723658326, -0.5878084169715123, -0.18769750345829903]], "T": [-0.023242310710989592, 0.011193248214433424, 0.017238521245795193], "aligned_model": [[0.3767699298481193, -0.29262236704156497, 0.0015109592994799158, -0.0411594515915719, -0.516385956704686, -0.2673865842509566, -0.5864803725446764, 0.4802753758310445, -0.242957149178972, 0.1460785965516232, 0.7220298654539131, 0.5201492187392072, -0.5502641386909147, -0.02792262143429792], [-0.23364454429201081, -0.3608692942623759, -0.5629489793672782, 0.3539249474161064, 0.4840781474743841, -0.5041042665906855, -0.09000420381711503, -0.4897224683782448, 0.4803449394339662, 0.6335666893319609, 0.32222246667740057, 0.29958210846946176, -0.20704892700136066, 0.05456882944766491], [-0.5604868411041581, -0.6396300687121255, 0.4930661532093926, -0.6383305911446306, 0.16992356159077376, 0.011766624100993824, -0.12763412027785515, 0.020616942587251618, 0.6519895763347244, 0.06211595582533691, -0.2502969443425373, 0.4739346761456024, 0.6070888811410786, 0.08191422628472514]], "inverted": true, "swapped": false, "error_lsq": 0.05092808401593596, "error_max": 0.4099957928635758, "target": "859.xyz", "model": "21.xyz", "model_rescale": 4.186013935880536, "target_rescale": 4.130726409286972},
{"mapping": [7, 10, 0, 5, 12, 1, 2, 11, 3, 9, 8, 4, 13], "R": [[0.5490809808783439, 0.37538372177087276, 0.7467242716472553], [-0.0027544623488759967, -0.8926399267124117, 0.4507619928255143], [0.8357646136172818, -0.24956166105455468, -0.48909762620242514]], "T": [0.06268346835826664, -0.03678850094738326, 0.0041372333406754875], "aligned_model": [[0.0856755586039719, -0.26611377648800655, 0.31789628733911, 0.46696283387831067, -0.14484682045136388, 0.7034418240797057, -0.21015988687849568, -0.6610786423876721, 0.4253254070330347, -0.29986658895510787, -0.4906390713477292, 0.09380684502474378, 0.03817006597272426], [-0.45639108295359543, -0.036333438306603384, 0.2500740475546047, -0.6524955533623338, -0.410496715049952, -0.22056186393584107, -0.6597634554390294, -0.07634994793321223, 0.7234993859034826, 0.5471348216251031, 0.21018958997804113, 0.31097757702815265, -0.010526705562723851], [-0.5206810017179475, -0.5606906358553941, -0.6053958656178857, 0.15662672731765398, 0.6326438826139336, -0.2458116029518431, -0.03976561174104944, -0.03771812777700936, -0.03127502760825809, 0.028100841625832356, 0.6536804261217097, 0.6371069215212799, 0.03605863540432356]], "inverted": true, "swapped": true, "error_lsq": 0.0451690545164716, "error_max": 0.30753068629858554, "target": "859.xyz", "model": "22.xyz", "model_rescale": 4.166573947596378, "target_rescale": 4.130726409286972},
{"mapping": [2, 1, 8, 6, 13, 0, 5, 4, 14, 12, 3, 9, 10, 15], "R": [[0.5790141562292352, -0.7737984004125261, -0.2568630810473991], [0.8098170965838519, 0.5092878808745382, 0.2912423809730002], [-0.09454563430770845, -0.37664557599066256, 0.9215200665856469]], "T": [0.07728092502348491, 0.06393275936364191, 0.0708888802610985], "aligned_model": [[0.37726915189745314, -0.1571310379881368, 0.29217677077746934, -0.13192905766185803, -0.7049628757750097, -0.2291725722486521, -0.7036886562714593, 0.37586721565995096, -0.19399708470728047, 0.12266119644595488, 0.6597209014249545, 0.40273214248811995, -0.4256679628942126, 0.03775717313845248], [-0.0024426923945517903, -0.24196438382202856, -0.5696944240964177, 0.35451629068822466, 0.31909148378897184, -0.6678309115709516, -0.05021832610383874, -0.574019431462952, 0.6690200147892862, 0.7038904233867515, -0.07709672726246806, 0.18426914054420238, 0.09183316818733848, 0.0405918198703078], [-0.5277851565318794, -0.5287585413584935, 0.5252186152326689, -0.6006020179903949, 0.2703927658315502, -0.1224086798580568, -0.19010541848878026, -0.13819661093352864, 0.5024620698572801, -0.062438440468467624, 0.022920038212372193, 0.5608376803384614, 0.6251498444592823, 0.01935188333655903]], "inverted": false, "swapped": false, "error_lsq": 0.04095547751103022, "error_max": 0.253590737248814, "target": "859.xyz", "model": "23.xyz", "model_rescale": 4.274766983524099, "target_rescale": 4.130726409286972},
{"mapping": [6, 0, 3, 4, 9, 8, 12, 11, 2, 10, 13], "R": [[0.23975078831984134, -0.9683627035381932, -0.06923318493479674], [0.7084250649096144, 0.22326349014195798, -0.6695426359668516], [0.6638173596011352, 0.11147685125546455, 0.739540008874668]], "T": [0.11449611475519936, 0.11493613281538638, -0.03246373235546828], "aligned_model": [[0.08435736344411655, 0.23812180985393194, -0.3987825460482004, -0.4674368437789831, -0.48584840995012224, -0.5571423844107695, 0.06766357294789749, -0.037880873523556374, 0.5766673619736932, 0.2896858953507355, 0.07048975809933172], [-0.21610652618454151, 0.7927099117973, 0.5378423764218837, -0.2560530082299937, 0.3781270015757335, -0.336951349688476, -0.6216196448493133, 0.11152496953563161, -0.16794013681835734, 0.5941465601227226, 0.099906377560894], [-0.6513930214197234, -0.24292440675133353, -0.5506299221883971, -0.247595377445459, 0.1756234212162568, 0.33328180654616524, 0.14930413515266627, 0.6774082206765525, 0.3808733027013868, 0.37595304528214, -0.020334769748676994]], "inverted": false, "swapped": true, "error_lsq": 0.04588207247244627, "error_max": 0.25902895610253335, "target": "859.xyz", "model": "24.xyz", "model_rescale": 3.7841303162186577, "target_rescale": 4.130726409286972},
{"mapping": [0, 7, 4, 10, 13, 6, 11, 1, 12, 9, 8, 2, 3, 15], "R": [[0.6356042320368491, 0.3777257738350085, 0.6732982251555335], [0.6911645322392909, -0.666964769621134, -0.27829765622202085], [0.3439459980742469, 0.6422470209078215, -0.6849962879780727]], "T": [0.003933335088703461, 0.07367192152005161, -0.016859922145767328], "aligned_model": [[0.3684476222394662, -0.17962532594078082, 0.1828856785485461, -0.12286566224192162, -0.6759948575701972, -0.31083954344350023, -0.7215158754785074, 0.5517483783490467, -0.15561900328864642, 0.21033571036653292, 0.593375105516091, 0.5049465206637825, -0.48984884342947926, -0.03379460000468612], [-0.25714291426122715, -0.20867730368840606, -0.4230379555757897, 0.48131198822660326, 0.36735809957213905, -0.5689026498417746, -0.058060929519199805, -0.42747453503782906, 0.5645219824201718, 0.6161045523992856, 0.037997077261595055, 0.2522107502853099, -0.21503172498307757, 0.018769007284073783], [-0.5636878916586391, -0.5730889155338376, 0.5103589125178093, -0.6672495711782723, 0.23502512885924803, 0.08335189064466608, -0.23086335204156877, -0.05913640804930677, 0.5388208994243169, 0.05597968907797875, -0.04412690587013242, 0.5178387803309292, 0.550441807365773, 0.002373967749608099]], "inverted": true, "swapped": false, "error_lsq": 0.03867983990410563, "error_max": 0.270796838573891, "target": "859.xyz", "model": "25.xyz", "model_rescale": 4.19342608120988, "target_rescale": 4.130726409286972},
{"mapping": [4, 9, 8, 5, 12, 6, 2, 1, 11, 3, 10, 13], "R": [[0.7916517193662203, 0.5979100015124016, -0.12566298307754586], [0.5404895680236511, -0.7812549079431323, -0.31226878754107856], [-0.28488345350706956, 0.17928859112115358, -0.9416459095709373]], "T": [0.014198943536293397, 0.12161705236554658, 0.0014568874314502475], "aligned_model": [[-0.16057745243028, 0.5513926578369567, 0.10057212590305747, -0.6666802023244544, -0.45061198537619357, -0.5410245474008419, -0.17550963435834752, -0.3134688253920562, 0.4239132584215326, 0.28002640665482104, 0.524478432539661, 0.025298320557925125], [-0.5703012861221339, -0.30496357329081275, -0.661833429736951, 0.43436536246652435, -0.2210333466608161, -0.0691943812430217, 0.439881419808416, 0.5706175229693693, 0.010807853271802018, -0.18884310617303735, 0.4973839581137154, 0.07588943433792622], [0.11662094431746312, 0.05080390714443892, -0.4081958741767715, -0.0647406111094502, -0.49279887900170327, 0.38731816196640845, -0.5705459081179911, 0.44626105865512194, -0.5876136294573541, 0.7388517101795017, -0.15839439585394763, -0.008308023336295274]], "inverted": false, "swapped": true, "error_lsq": 0.04228292632748118, "error_max": 0.1854900925174249, "target": "859.xyz", "model": "26.xyz", "model_rescale": 3.795458400668931, "target_rescale": 4.130726409286972},
{"mapping": [11, 12, 8, 9, 3, 7, 2, 10, 5, 4, 0, 6, 13], "R": [[-0.7336799038834262, 0.3690248796565536, 0.5705562521189937], [-0.5553825191828825, 0.15810471712644925, -0.8164270670479027], [-0.3914895350117058, -0.9158731007169233, 0.08895171363996712]], "T": [-0.16435839467040025, -0.026295513600375346, -0.018919056867166044], "aligned_model": [[-0.09128532478670073, 0.4616315117675537, 0.581834010029028, -0.04114530960957338, -0.20449152820393457, -0.714130451320268, -0.20718117269984943, -0.667132227513135, -0.12286224077256626, 0.4780762730848003, -0.785479984300547, 0.13897183621249404, -0.1271290090660448], [-0.6697381886523897, -0.3279232222706339, -0.3063965131272725, -0.03745696325862547, 0.6660921696742695, -0.2743737961803638, -0.5804548328214465, -0.3661861392712446, 0.02282727840560171, 0.24288115392004161, 0.2740075104307515, 0.5092028346036255, -0.030599788195398946], [-0.34723357478101147, 0.2891468786758109, -0.4111061230294225, -0.6954374992879083, -0.49828270009202946, 0.2781280678947691, 0.3754695951365039, -0.2614704796846181, 0.7305174288134924, -0.21226371040051192, -0.22623612824410627, 0.31990736089454724, -0.049002453796089376]], "inverted": false, "swapped": true, "error_lsq": 0.03797124509869968, "error_max": 0.26308043659484864, "target": "859.xyz", "model": "27.xyz", "model_rescale": 3.6321398670334006, "target_rescale": 4.130726409286972},
