[{"mapping": [3, 0, 4, 1, 13, 5, 6, 11, 10, 12, 2, 9, 7, 14], "R": [[-0.5199431155102061, 0.6777324045506998, -0.5199403277833597], [-0.5315806776868985, 0.21973812803026763, 0.8180080306449881], [0.6686412638653693, 0.7017078757657497, 0.24601812401699433]], "T": [-0.051543730797825094, 0.19174938351297438, 0.15566499232159517], "aligned_model": [[0.09256421766625936, 0.205163930372259, -0.5351475800129034, -0.2908804189300256, -0.7412313871075882, -0.005923800975745186, -0.598432857922379, 0.18011864483306866, -0.3422658729524055, -0.008801669659691355, 0.6983929987104069, 0.19003795570674037, 0.5591144792869305, -0.031216537886622407], [-0.6098424189008114, -0.3198194726285745, -0.3962640765342044, -0.2651347865216102, 0.04996396074733883, 0.17155981492813024, 0.24096308359858368, 0.3764573835038966, 0.7926759306167697, -0.17195913129629709, 0.5323782534221018, 0.7147921267267043, -0.005645928762704255, 0.12514859291071107], [0.3753094482208462, -0.3016403852326317, 0.290865174042171, -0.297700847775225, 0.6804011481694948, -0.7285622955174414, -0.15495001154951496, 0.5917491778720569, 0.29337290117656295, 0.7881161972468238, 0.17117285865013854, -0.14851498427550683, 0.17037880075142364, 0.16759090540063565]], "inverted": false, "swapped": true, "error_lsq": 0.048901961084478175, "error_max": 0.29931176140966786, "target": "86.xyz", "model": "0.xyz", "model_rescale": 3.8414455957264533, "target_rescale": 4.081145199604824},
{"mapping": [2, 4, 8, 5, 3, 7, 0, 6, 9, 13, 11, 12, 10, 1, 14], "R": [[0.179146365125062, 0.299407798732796, 0.9371560968805888], [-0.8370108951995193, -0.45421920992828424, 0.3051191089548875], [0.5170293426680707, -0.8390708428911748, 0.16923586921842562]], "T": [-0.06350682832242624, -0.04313874570849865, -0.14424545853403276], "aligned_model": [[-0.059598477329223354, 0.1339787005021194, -0.4217009206302579, 0.38869709933941043, 0.6766704641939157, -0.48454331187012467, -0.17160790524333663, -0.11709301786476309, -0.7220034672499098, -0.5972951620581817, 0.10146933216998755, 0.06662963946324882, 0.3344907365660077, 0.6040804950333017, 0.016593334515662597], [-0.3147624425299442, -0.5304839655322562, 0.6519617873534744, 0.076188434848135, -0.29115179935274316, -0.5167332227136995, -0.6230544667781501, 0.3451273170962596, -0.0048943298176639324, 0.06364289968881073, 0.0795575304184947, 0.5368099848649657, 0.5058078156747401, -0.2863474447255748, -0.03349644121959572], [-0.8304014318637092, -0.2832106968780651, -0.03095539421548596, -0.608567993815389, -0.20752249153409047, -0.25097667705551563, 0.27709678137548827, -0.819823106586473, -0.3186851935940744, 0.38349945675476355, 0.6827937741651926, 0.334308105370331, -0.2371804438667094, 0.34938860186486, -0.10481211040274424]], "inverted": true, "swapped": false, "error_lsq": 0.05034455278150499, "error_max": 0.3567427608568883, "target": "86.xyz", "model": "1.xyz", "model_rescale": 4.316132596720782, "target_rescale": 4.081145199604824},
{"mapping": [4, 6, 13, 7, 12, 0, 11, 8, 10, 5, 9, 14], "R": [[-0.3194032894822064, -0.46553269772234995, 0.8253852712638486], [-0.7989420612178602, 0.6006779927063527, 0.029623164841452], [-0.509581319795872, -0.6499732736271685, -0.5637921798725832]], "T": [-0.021178615765739785, 0.007077232310597627, -0.10439998153855545], "aligned_model": [[-0.22365525981901316, 0.43652459348606876, 0.09563839576412045, -0.5260567256484036, -0.5292685886477745, -0.3954387675400777, -0.16507551062289305, -0.12094548100159633, 0.5468847817206836, 0.23557108055541767, 0.33005288110758013, -0.08642284472233133], [-0.7390847114534049, -0.37298385828221203, -0.6872535411460214, 0.3837169765987913, -0.23638464724483685, -0.03470948272890303, 0.25538304396291894, 0.6901901167145323, 0.1070121366653875, 0.125381349072256, 0.5379730428585593, -0.016463997276086405], [-0.09186349076875376, 0.10548743097353755, -0.6291654200701725, 0.019396028876451005, -0.5698848758225092, 0.5240210043120592, -0.5466576281439666, 0.42726635868077656, -0.4675976390778446, 0.7349035527278202, 0.03433341239490728, -0.09098027287288402]], "inverted": false, "swapped": true, "error_lsq": 0.04197030013087863, "error_max": 0.23237361988652316, "target": "86.xyz", "model": "2.xyz", "model_rescale": 3.795458400668931, "target_rescale": 4.081145199604824},
{"mapping": [10, 6, 4, 0, 11, 7, 1, 9, 5, 8, 12, 14], "R": [[-0.9644605120869425, 0.2618961651937657, 0.03501884181112502], [0.2312020712609165, 0.9006301432332895, -0.36798226498602704], [-0.12791216857537402, -0.3468079349674461, -0.9291731449918045]], "T": [-0.005912932311996681, 0.05361819645065192, -0.07544049895554847], "aligned_model": [[0.09956510044118844, -0.19724837080201488, -0.7387830034523317, 0.06426276332054898, 0.06045403419857146, 0.272706463427622, -0.23253261171507414, 0.6045919307183283, 0.41224179553475193, 0.767476343447816, -0.4816665230103845, -0.03776409636545635], [-0.18447635449294472, -0.5464118817517968, -0.04895634952616821, 0.025883155062278264, 0.47328268986113364, 0.5246388309742063, -0.32178995087513196, -0.1116786730567913, -0.52618633069939, 0.10547808148261825, 0.605161078837899, 0.09082474947379693], [-0.705345981176279, -0.11212893723272349, 0.148817215859308, 0.6532815779977127, -0.38757998245213254, 0.2601122527565445, 0.4530271196452941, -0.23171473801276218, 0.44735967999575965, 0.3226114047254358, -0.13514195598997572, -0.02452622547708174]], "inverted": false, "swapped": true, "error_lsq": 0.04048157666073174, "error_max": 0.2276826311497177, "target": "86.xyz", "model": "3.xyz", "model_rescale": 3.7530521520055578, "target_rescale": 4.081145199604824},
{"mapping": [0, 6, 4, 13, 3, 10, 7, 9, 2, 11, 14], "R": [[-0.9542563219902596, -0.2975471210941791, -0.02933568935934719], [0.10084528860247824, -0.22793843624095067, -0.9684391034291796], [0.2814695360217604, -0.9270975029696694, 0.24751791910707993]], "T": [-0.10927996475582624, -0.0050332102390082956, -0.018713752222975374], "aligned_model": [[-0.3655871871284579, -0.2257291813923226, 0.40171000017561687, 0.6117618324700376, 0.3686453939966816, -0.15273434609867306, -0.2033790305486275, -0.6624716563234928, -0.470675207124775, 0.11421843449843788, -0.0775594500792201], [-0.6907467109761715, 0.09853012250696397, -0.34366112289694883, 0.24608257553800336, -0.6932601428556552, 0.6651103414680699, -0.3581405135032034, 0.29128239758009544, 0.08281784191572235, 0.2359730583443278, -0.06678448880685775], [-0.047581188614386885, -0.6300284030602635, -0.49002256162277946, -0.45248764656864177, 0.0787092748145531, -0.1353965871293112, 0.5090603028510207, 0.15632022616078411, 0.7163707943616552, 0.39349779839772686, -0.005611232345040639]], "inverted": true, "swapped": true, "error_lsq": 0.03988393664061591, "error_max": 0.21345200939731424, "target": "86.xyz", "model": "4.xyz", "model_rescale": 3.7855080009869324, "target_rescale": 4.081145199604824},
{"mapping": [12, 1, 15, 2, 0, 11, 4, 14, 13, 8, 7, 10, 3, 5, 16], "R": [[0.1838728017294774, 0.2938821961430118, 0.9379893643183341], [-0.888207080975719, -0.35908003955895784, 0.28661770094488204], [0.42104509745245206, -0.8858299949654547, 0.19500319466808103]], "T": [-0.0621476733123959, -0.0024746268584672944, -0.10112338499350132], "aligned_model": [[-0.31779625788827054, 0.19921127604377092, -0.46409988452713835, 0.4216425417662441, 0.6102173405793927, -0.529660669426514, 0.1622008216402811, -0.15239007150570522, -0.7715600162623742, -0.5701752715996398, -0.004860170932201535, 0.06929382467542589, 0.5641283612993884, 0.5878825090226871, -0.05526679334748927], [-0.25113781081755093, -0.6329191947525796, 0.7154985217867514, 0.10489348491873213, -0.3977845387249393, -0.606658809033752, -0.6124860024385785, 0.33318439243026154, -0.03693018074253472, 0.3081636676555208, -0.12215298128278448, 0.5401197520031703, 0.29105744009026574, -0.0045742870970934164, 0.029898203280363505], [-0.6806712131818533, -0.42874372226458174, -0.14873729482986492, -0.6490328701698884, -0.11249198186956133, -0.32209691457096606, 0.25179963542409195, -0.681542828905676, -0.24400298938882023, 0.27400550395475815, 0.6362806463415838, 0.36714870120079185, -0.16463605729583658, 0.38112094944662905, -0.1434483841724276]], "inverted": true, "swapped": false, "error_lsq": 0.043540810341758565, "error_max": 0.2501077727581205, "target": "86.xyz", "model": "5.xyz", "model_rescale": 4.2253639853439635, "target_rescale": 4.081145199604824},
{"mapping": [3, 7, 5, 1, 0, 9, 6, 4, 2, 12, 8, 10, 13, 14], "R": [[0.9990436362147185, -0.03198836493012684, 0.029808680748578658], [0.01696901069677703, 0.9119608892697312, 0.40992607762660604], [-0.04029721596892668, -0.40902821534884204, 0.9116315338083121]], "T": [0.05175932656827205, 0.06862006379842811, 0.12545296618977297], "aligned_model": [[0.526740595184554, -0.17713584915959907, -0.5405641729253693, 0.12369187962477919, -0.1268979766462215, -0.5500028411889071, 0.12809202269596873, 0.7112884626767187, -0.5305357052169934, 0.6277318349635421, -0.7466629514385617, -0.005216312630564837, 0.851088152345853, 0.08244501447258507], [-0.13129218304466456, 0.21760460147398433, -0.5889933266814801, -0.6078091450144733, -0.4430884640745959, 0.21101434415942721, -0.3557065622972685, -0.3309542840793324, 0.5567454588493845, 0.3696696875931553, 0.008382826343509606, 0.3735420942319693, 0.11542084352022122, 0.050563255655153294], [-0.5423704337750688, -0.4554906292417866, 0.15776695456815487, 0.031458214439997745, -0.36746252020474945, 0.3305554845121998, 0.5860087393173521, 0.06824055100145279, -0.19288602586693515, -0.20880754259400414, -0.21828978466622706, 0.7323894365129994, 0.4860126948442378, 0.06443307008382515]], "inverted": false, "swapped": true, "error_lsq": 0.04920606615218354, "error_max": 0.34196946442320536, "target": "86.xyz", "model": "6.xyz", "model_rescale": 3.89814844738969, "target_rescale": 4.081145199604824},
{"mapping": [11, 12, 4, 2, 6, 3, 7, 9, 8, 0, 1, 5, 14], "R": [[-0.29524633092718255, 0.4958442494283234, -0.8166811399701228], [-0.5895647824556091, 0.5780842528975868, 0.5641205224417114], [0.7518264236924019, 0.648040953073725, 0.12165505241128019]], "T": [0.11749472596789477, -0.010885964421491243, -0.12361590990654421], "aligned_model": [[0.0019683920859672743, -0.03597234185062194, 0.3299433692681903, -0.430322354264713, 0.6215913232331257, -0.32553697500072065, -0.5194015031951237, 0.09165594711806142, -0.4648881532498289, -0.3459562864425946, 0.12971064794652687, 0.023110269152524274, 0.07272946610342956], [-0.3368081869083972, 0.20481687013599076, 0.6949915882128084, -0.6241607150927807, 0.21289017369620183, 0.6206946111297078, -0.08239604082808837, -0.5347596513317284, -0.3337479906365917, 0.41521613701429805, 0.5662117892386644, 0.12167690449043948, 0.0391557763499608], [-0.5215886344741992, -0.8048100381882918, -0.3570983631154469, -0.07397574478167249, 0.18265561490072385, -0.4647743687465065, -0.16014476509104458, 0.26284184757306933, 0.4383947942461666, 0.2510571268402946, 0.2483716356532379, 0.7469387140736502, -0.14559278805368553]], "inverted": true, "swapped": true, "error_lsq": 0.04863768956239868, "error_max": 0.3131713847086749, "target": "86.xyz", "model": "7.xyz", "model_rescale": 3.7474275329858107, "target_rescale": 4.081145199604824},
{"mapping": [8, 4, 6, 2, 13, 9, 11, 3, 5, 7, 10, 0, 1, 12, 14], "R": [[0.5867328044414779, 0.6191926966881712, -0.5218668609523596], [-0.5902511685070314, -0.11418939276908467, -0.7991022091416794], [-0.5543899117663695, 0.7768920046873043, 0.2984805500943384]], "T": [0.03956545501695004, -0.027785353417842395, -0.06987506698435544], "aligned_model": [[-0.18515629209554402, 0.3186866720189127, -0.5272676785254277, 0.43101839998676, 0.6629791862635651, -0.498613515085847, -0.11054595445843991, -0.26327905845038335, -0.6352759582448132, -0.5564249147971968, -0.13721101989482637, 0.07932739979340937, 0.6298956842686098, 0.4528354985078711, 0.08779909025120781], [-0.24249954369137208, -0.4743922082794718, 0.5386469187816706, 0.1585638161542569, -0.6753514501439445, -0.5662966720880476, -0.4673808843744891, 0.46007579955668737, 0.03466247537450283, -0.09135794702037782, 0.18806847911802665, 0.6186210391782007, 0.42067322716439903, -0.20150775738168353, -0.0423536350731052], [-0.6770062461593467, -0.6485455338784873, 0.08758215935718347, -0.7914206821218174, -0.08106875970225685, -0.09650955386824814, 0.3432862689343421, -0.4993063572575597, -0.3016309722982776, 0.253593071099538, 0.6354054166429781, 0.051743192276027555, -0.19315094452614012, 0.3540011134190636, -0.10202099219862011]], "inverted": false, "swapped": false, "error_lsq": 0.054540298731810426, "error_max": 0.3985789850870894, "target": "86.xyz", "model": "8.xyz", "model_rescale": 4.019505241142653, "target_rescale": 4.081145199604824},
{"mapping": [9, 10, 6, 5, 8, 0, 4, 2, 7, 11, 13, 3, 14], "R": [[0.004336057806026347, 0.35115353643530256, 0.9363078513243834], [-0.949316932717435, 0.29572373541354796, -0.10651212874137467], [-0.31429056597146554, -0.8883910547512504, 0.3346382733330086]], "T": [-0.06198141784006812, 0.00020002010080617805, 0.01675137013307819], "aligned_model": [[-0.2951766449947061, -0.7062688470305668, -0.09168915257279804, 0.3905721738109629, 0.2411828730678927, 0.6519331264055923, 0.2461214080762767, -0.16750635333170177, 0.25025446577553717, -0.36827908441926166, -0.36763979719409634, 0.5427988208409887, -0.0066022166929436965], [-0.5711324637464695, -0.009434695196562828, 0.24544255332327036, -0.4251940776629962, -0.8162803087933539, -0.15270927612642193, 0.7076269438774322, -0.7191157294887259, -0.3555088838105597, -0.06478614719225491, 0.8233958930516294, 0.3785653149072235, 0.02250910497184758], [-0.19219852715990204, -0.20550170175229032, -0.563735439939899, -0.6145819819934072, -0.010025911413588426, -0.04386625815445881, -0.03356162508559776, 0.4042084123726955, 0.45041573767068965, 0.44091225463270406, 0.023209892898879717, 0.46690775640536447, 0.05452088556268899]], "inverted": true, "swapped": true, "error_lsq": 0.04540424911575046, "error_max": 0.25138291141795094, "target": "86.xyz", "model": "9.xyz", "model_rescale": 3.877068213659057, "target_rescale": 4.081145199604824},
{"mapping": [6, 3, 9, 12, 5, 13, 4, 10, 14, 2, 7, 8, 0, 1, 15], "R": [[-0.417456870246793, 0.24338929151669764, 0.8754949538739515], [0.26878348292128085, -0.8872768043149225, 0.37482704255883725], [0.8680352531968146, 0.3917927070527204, 0.3049807762922828]], "T": [-0.048095705135413974, -0.02234945623129716, -0.16126968735842093], "aligned_model": [[-0.13264242808548818, 0.14611589453723503, -0.4709968524880823, 0.468570806211973, 0.6670519252398716, -0.6629871499163138, -0.015157497128594613, -0.32899833504972287, -0.7824755774928224, -0.5449258182271797, 0.03334154164692285, 0.060871880045524435, 0.6528180440163253, 0.6268103882121532, 0.031370718016055496], [-0.24502184086697795, -0.6092011905581411, 0.4633062868521585, 0.016965963550072842, -0.33640956850044024, -0.4731025117730674, -0.521013974245115, 0.38561362593239645, 0.14547775304517505, -0.04509811734493852, -0.01739616003401035, 0.5912546071128666, 0.354106807763725, -0.07051959288625134, 0.019209569227800087], [-0.7301048443977083, -0.30496463924745254, -0.016568537820809026, -0.6995124109813838, -0.13084675369585438, -0.2892098687663227, 0.2951724805799908, -0.6690793126695234, -0.3663106041076719, 0.2780453420820308, 0.6509064075311684, 0.2936358573818738, -0.18895782891312318, 0.381950353969587, -0.16920446122642313]], "inverted": true, "swapped": false, "error_lsq": 0.033647765075065485, "error_max": 0.23128587659120997, "target": "86.xyz", "model": "10.xyz", "model_rescale": 4.260839863003843, "target_rescale": 4.081145199604824},
{"mapping": [4, 6, 10, 13, 11, 12, 3, 1, 9, 2, 7, 14], "R": [[0.29449854812998344, 0.7452740413508986, 0.5981949585526707], [-0.23132080550069847, -0.55174819326789, 0.8012893460967315], [0.9272331368603262, -0.37435348871637186, 0.009908349713315667]], "T": [0.03447305430125111, -0.0545788554776914, 0.047725747164954264], "aligned_model": [[0.2290254278265815, 0.30174771854867943, -0.37140767112441053, -0.32185287175018484, -0.4448334526701334, -0.33504387160402493, 0.236155722041713, 0.6642251416430206, 0.028604993708971183, -0.17881863015132346, 0.09472555693155896, 0.05637058569368293], [0.05430674531455592, -0.5605644458271409, -0.5968983327194862, -0.24280859960183518, 0.12963409097556175, 0.4311040498193213, 0.6445227643472975, -0.07102231106485726, -0.3412389609428514, 0.22958258047625416, 0.48953466104739757, 0.006926263708716983], [-0.6926828570566227, -0.2178570506273086, 0.12352791366678292, -0.732480379752453, 0.1672447045094127, -0.35436211775792964, -0.3790543275877857, -0.22560134870739834, 0.6327491915200812, 0.7909838146348684, 0.38297934084043767, 0.02073119371341953]], "inverted": true, "swapped": true, "error_lsq": 0.04753331230215423, "error_max": 0.24726675487403235, "target": "86.xyz", "model": "11.xyz", "model_rescale": 3.890672605050136, "target_rescale": 4.081145199604824},
{"mapping": [0, 5, 9, 3, 7, 13, 6, 12, 4, 10, 2, 9, 11, 14], "R": [[-0.17421205452638006, 0.33697597930643375, -0.9252552887869205], [-0.8860512940557645, 0.3562949293531185, 0.2965923593408327], [0.4296082684956178, 0.8714936102391839, 0.23650713087023595]], "T": [0.032813328153533036, -0.0033188608577025477, 0.10106279534804015], "aligned_model": [[0.5893549348986202, 0.17641969121391865, -0.04987152187085979, 0.597568105565772, 0.6362838110302522, -0.49177027717392, -0.4003253216682375, 0.2135863970280933, -0.02159038500456585, -0.5692744585877597, 0.43007801410167606, -0.04987152187085979, 0.06218783521269615, 0.08710053191886781], [-0.14454302247717055, 0.24396187833302196, 0.6252297919391959, -0.6183328965761027, 0.1710114641048571, -0.634920828726086, -0.18031747998515846, -0.43834955819758725, -0.7704021512962272, 0.2761518239863549, 0.6731853697320547, 0.6252297919391959, 0.1523845110875626, -0.04813617403614547], [-0.35396127253615045, -0.7371353564929487, -0.04910606723403861, 0.22093765832692225, 0.233415238112907, 0.4125290019184344, -0.3220846790985998, 0.6597887425601977, 0.020223059857444867, 0.25592396053806177, 0.35245176585355015, -0.04910606723403861, 0.6039022495784248, 0.1070122012066946]], "inverted": false, "swapped": true, "error_lsq": 0.05468385167775343, "error_max": 0.41827262501005735, "target": "86.xyz", "model": "12.xyz", "model_rescale": 4.124412569039231, "target_rescale": 4.081145199604824},
{"mapping": [12, 3, 0, 13, 7, 11, 4, 10, 1, 6, 9, 5, 14], "R": [[0.9371126300983865, -0.25313789214914156, 0.2402938327722426], [0.025209262249974308, 0.7357591533591936, 0.6767739366619956], [-0.3481155147460351, -0.6281557735199546, 0.6958706148319893]], "T": [0.18234046661202025, -0.0157321720392415, -0.04643005955211207], "aligned_model": [[-0.23541781530799205, -0.1026516113024652, 0.4331422093681435, -0.6754532104394577, 0.5829519400324337, 0.2083187537254803, -0.4754192860914533, 0.09918086992527797, 0.061903157177496324, -0.07088329548940658, 0.7130638105966924, 0.6601409816205264, 0.16842180369448145], [-0.20865504395343681, 0.37395530792214376, 0.6289670208968446, -0.191161042347185, 0.030901677534138125, -0.4814417311554953, 0.36702867076743567, -0.49499942564828653, 0.6541291416880127, 0.24014151243700826, -0.2023176097081807, 0.610984077128656, 0.019952820946822568], [0.5213410893504137, 0.6452948778342134, 0.1947983854444343, -0.1137718868357454, 0.45299019078695096, 0.19932114304352228, 0.0905292272705045, -0.5239056382063377, -0.13778899424788507, -0.5645012613890517, -0.3750323834105495, -0.45050938854868444, 0.012932719876053954]], "inverted": true, "swapped": true, "error_lsq": 0.04351378708453689, "error_max": 0.23432025710078164, "target": "86.xyz", "model": "13.xyz", "model_rescale": 3.9028299243045295, "target_rescale": 4.081145199604824},
{"mapping": [3, 6, 5, 7, 9, 2, 1, 4, 0, 8, 12, 5, 10, 14, 15], "R": [[-0.34351614081401366, 0.4993998303441499, 0.7953593341707139], [0.5970622312287847, -0.5375837940684518, 0.5954161203688342], [0.7249229980076177, 0.679414066536161, -0.11350406667800456]], "T": [-0.03930420529725743, -0.06216979100920176, -0.05894294505014364], "aligned_model": [[-0.20448823586669765, 0.1360927896610775, -0.188359010859054, 0.5930939550802723, 0.6618383699096584, -0.648438820841511, -0.014004025835716145, -0.11887695593192138, -0.7262494962319217, -0.7085010797854077, -0.11102721012280109, -0.188359010859054, 0.4706236541678561, 0.7348877430473474, 0.06053487400573037], [-0.20086673871181954, -0.6240338394095127, 0.39847739999500625, 0.023755551175365507, -0.3561899667315966, -0.4747813684666404, -0.6714854895367882, 0.4317958161179666, 0.1372473238472491, 0.16817677772319076, -0.03549058543457937, 0.39847739999500625, 0.45954001395368477, 0.09327940963317652, -0.08973004687445664], [-0.6438932318104484, -0.3719173010667922, 0.10745616556653145, -0.7018405715496913, -0.20992864624084873, -0.02967733640069118, 0.16531814428516506, -0.5161403096692216, -0.4779362514522239, 0.2502870033800302, 0.6327103781758698, 0.10745616556653145, -0.21107794955564374, 0.34044787347349653, -0.10631295298368507]], "inverted": false, "swapped": false, "error_lsq": 0.04996784002188097, "error_max": 0.4722297149533238, "target": "86.xyz", "model": "14.xyz", "model_rescale": 3.942246331269136, "target_rescale": 4.081145199604824},
{"mapping": [2, 7, 3, 9, 6, 0, 8, 5, 1, 12, 13, 4, 10, 11, 14], "R": [[-0.517668908283185, -0.7419777165377968, -0.42601404854564606], [-0.83375691569755, 0.5492269404278, 0.05656123615009084], [0.1920112156187859, 0.3844721525282091, -0.9029467631078377]], "T": [0.030569488929443864, 0.03559050782028284, -0.08606318216586564], "aligned_model": [[-0.2532867931312135, 0.22373885514238145, -0.40644946341029786, 0.5074261301449181, 0.47975451548388465, -0.3827471966294397, 0.09942320655983136, -0.2759704247529628, -0.7571733877968181, -0.6412166588103586, -0.09744362746125027, 0.17616196515283855, 0.6108572373771873, 0.515486869622508, -0.049793687953351234], [-0.27680808779790256, -0.6542945452659501, 0.6060474123668913, 0.001197846360536159, -0.2960607952613675, -0.5394208062841138, -0.6813307991378212, 0.25166277459742725, 0.16449328320184467, 0.08116253247283729, 0.13837529574147442, 0.5214514907239782, 0.4427052425199936, -0.08625957730736047, -0.014749609655214616], [-0.7220511122635778, -0.5526719236336357, -0.07417680964845971, -0.7338186875062472, -0.11815078759148764, -0.28417625331164154, 0.19699852751198846, -0.5980452277870801, -0.22565784698720545, 0.3772971748315056, 0.710164031579843, 0.2078856451520876, -0.16683593645216144, 0.42786163267840127, -0.10967124685395081]], "inverted": true, "swapped": false, "error_lsq": 0.04341187390755055, "error_max": 0.2786463464711393, "target": "86.xyz", "model": "15.xyz", "model_rescale": 4.355366556412066, "target_rescale": 4.081145199604824},
{"mapping": [4, 6, 13, 7, 12, 0, 11, 8, 10, 5, 9, 14], "R": [[-0.3194032894822064, -0.46553269772234995, 0.8253852712638486], [-0.7989420612178602, 0.6006779927063527, 0.029623164841452], [-0.509581319795872, -0.6499732736271685, -0.5637921798725832]], "T": [-0.021178615765739785, 0.007077232310597627, -0.10439998153855545], "aligned_model": [[-0.22365525981901316, 0.43652459348606876, 0.09563839576412045, -0.5260567256484036, -0.5292685886477745, -0.3954387675400777, -0.16507551062289305, -0.12094548100159633, 0.5468847817206836, 0.23557108055541767, 0.33005288110758013, -0.08642284472233133], [-0.7390847114534049, -0.37298385828221203, -0.6872535411460214, 0.3837169765987913, -0.23638464724483685, -0.03470948272890303, 0.25538304396291894, 0.6901901167145323, 0.1070121366653875, 0.125381349072256, 0.5379730428585593, -0.016463997276086405], [-0.09186349076875376, 0.10548743097353755, -0.6291654200701725, 0.019396028876451005, -0.5698848758225092, 0.5240210043120592, -0.5466576281439666, 0.42726635868077656, -0.4675976390778446, 0.7349035527278202, 0.03433341239490728, -0.09098027287288402]], "inverted": false, "swapped": true, "error_lsq": 0.04197030013087863, "error_max": 0.23237361988652316, "target": "86.xyz", "model": "16.xyz", "model_rescale": 3.795458400668931, "target_rescale": 4.081145199604824},
{"mapping": [11, 12, 4, 2, 6, 3, 7, 9, 8, 0, 1, 5, 14], "R": [[-0.29524633092718255, 0.4958442494283234, -0.8166811399701228], [-0.5895647824556091, 0.5780842528975868, 0.5641205224417114], [0.7518264236924019, 0.648040953073725, 0.12165505241128019]], "T": [0.11749472596789477, -0.010885964421491243, -0.12361590990654421], "aligned_model": [[0.0019683920859672743, -0.03597234185062194, 0.3299433692681903, -0.430322354264713, 0.6215913232331257, -0.32553697500072065, -0.5194015031951237, 0.09165594711806142, -0.4648881532498289, -0.3459562864425946, 0.12971064794652687, 0.023110269152524274, 0.07272946610342956], [-0.3368081869083972, 0.20481687013599076, 0.6949915882128084, -0.6241607150927807, 0.21289017369620183, 0.6206946111297078, -0.08239604082808837, -0.5347596513317284, -0.3337479906365917, 0.41521613701429805, 0.5662117892386644, 0.12167690449043948, 0.0391557763499608], [-0.5215886344741992, -0.8048100381882918, -0.3570983631154469, -0.07397574478167249, 0.18265561490072385, -0.4647743687465065, -0.16014476509104458, 0.26284184757306933, 0.4383947942461666, 0.2510571268402946, 0.2483716356532379, 0.7469387140736502, -0.14559278805368553]], "inverted": true, "swapped": true, "error_lsq": 0.04863768956239868, "error_max": 0.3131713847086749, "target": "86.xyz", "model": "17.xyz", "model_rescale": 3.7474275329858107, "target_rescale": 4.081145199604824},
{"mapping": [9, 10, 11, 6, 8, 0, 2, 12, 5, 7, 1, 4, 3, 14], "R": [[-0.35864994419944196, 0.8728186257555877, 0.33099526289641257], [0.9330483736673656, 0.3245109802513912, 0.15528475808322512], [0.028123831929907667, 0.36452746155867227, -0.9307678442271035]], "T": [0.0644277327027525, 0.05085731809066038, -0.10462379839534305], "aligned_model": [[0.4143336177646965, 0.3433304954125614, 0.523467062977272, -0.375841493697442, 0.32319611883786004, -0.3218414337112041, 0.7483679181300351, 0.1399390757181443, -0.32263375798050814, 0.3121788583718246, -0.5848943510616698, -0.5512938322498229, -0.27211673884762255, 0.0386561082187519], [-0.45905971431094816, 0.09508944835075306, 0.3037593220456065, -0.05098308975419666, -0.7015295539402526, -0.29258042273783647, -0.29616772362697397, 0.7070806169980388, -0.7456908883190889, -0.08854468595210044, -0.13375122124514155, 0.5134819998068634, 0.4350429430745085, 0.07426121112200217], [-0.3095905574351985, -0.7249884610895816, -0.04737532166889588, -0.5448316196434326, 0.2506488499924019, 0.4145836509636649, 0.19616360555918574, 0.20806504565510434, -0.09821672954478008, 0.47093794113344933, 0.021337698980272685, -0.03550824566727942, 0.5667177165874828, -0.04314885516073911]], "inverted": false, "swapped": true, "error_lsq": 0.04317414085223591, "error_max": 0.29283219116421627, "target": "86.xyz", "model": "18.xyz", "model_rescale": 3.922800546911778, "target_rescale": 4.081145199604824},
{"mapping": [11, 7, 6, 9, 3, 13, 12, 10, 4, 8, 5, 1, 2, 0, 14], "R": [[0.18758662877840832, 0.8299495343212338, -0.5253522886440292], [0.09458074299749891, -0.5476236783519741, -0.8313620089722016], [-0.9776838649367152, 0.10626418676215132, -0.18122412326780873]], "T": [-0.07216949427427682, -0.006678905547274027, -0.045340369803876526], "aligned_model": [[-0.24975304817708605, 0.1781575412289066, -0.46719855168078245, 0.4606250928038223, 0.4789715081858194, -0.5431623963621919, 0.0010524579439468718, -0.12742997292887706, -0.6535867104352286, -0.5510516804559032, 0.08285900164275029, 0.0730433957723215, 0.4485594501052918, 0.6470992191979317, -0.029417767302863718], [-0.22358816483749855, -0.6560993591256248, 0.5586833108877636, 0.001303059070042651, -0.3270301380420623, -0.47476571891077274, -0.7201968423655394, 0.45376404907660844, 0.15690961663068292, 0.011260283525898269, -0.1402256641634564, 0.6293071385369117, 0.3932317531276664, 0.07162269326362546, -0.07600435939899235], [-0.700060208655747, -0.4375143985576081, -0.05458049671323886, -0.6608153101029188, 0.007270720580715449, -0.22105083664690262, 0.27737427832736544, -0.7052943169088243, -0.44416358283873275, 0.3351076440888524, 0.6899589902546853, 0.30454245662564206, -0.3317697578758787, 0.37294662870381, -0.0970006305628405]], "inverted": false, "swapped": false, "error_lsq": 0.047019060427702285, "error_max": 0.2710182258878929, "target": "86.xyz", "model": "19.xyz", "model_rescale": 3.9282355846067225, "target_rescale": 4.081145199604824},
{"mapping": [8, 0, 3, 5, 9, 1, 6, 4, 10, 11, 7, 2, 12, 14], "R": [[-0.9719724022931133, 0.047369879686824184, 0.23027319357452442], [-0.22518017129336626, 0.09386843912021536, -0.9697848248933498], [-0.06755397572937366, -0.9944570431323771, -0.0805707746491553]], "T": [0.0043227335971462374, 0.05082502459503452, 0.06118319988895979], "aligned_model": [[-0.6804506961492891, 0.006993697422863869, 0.6406289064394103, -0.49546588904770356, -0.6411548978229651, 0.17729600061743284, 0.023625915188432767, 0.702757564130675, -0.2270479810147345, 0.019607571964125457, -0.1013098346041624, -0.5439808686746154, 0.6008636391251168, 0.050159691510088915], [-0.48726751406161833, -0.6068756468873195, -0.5002822290269595, -0.27945847443447175, 0.1285511238417415, -0.23013988207587538, 0.35712392437241425, 0.041815358051050994, 0.6868506925632201, 0.15373824960464474, -0.4915676820461264, -0.23539649458039463, -0.01147919569646097, -0.002730142199008863], [0.08959987307943681, -0.2615433389969887, 0.11554729578727393, -0.5910980555364755, 0.10335145190065366, -0.5410665408305463, -0.4899971312628719, -0.270508245155888, 0.1420193874528051, 0.5780285928886674, 0.3878891339160465, 0.6053467974364766, 0.47875047148985206, 0.06586346507524149]], "inverted": true, "swapped": true, "error_lsq": 0.049982031346839116, "error_max": 0.35753798428954464, "target": "86.xyz", "model": "20.xyz", "model_rescale": 4.067790424073018, "target_rescale": 4.081145199604824},
{"mapping": [5, 13, 7, 4, 6, 10, 11, 8, 1, 9, 12, 0, 2, 3, 14], "R": [[-0.4729708501267435, -0.8582578110674064, -0.19922877470930214], [0.11508455715601129, 0.16400373908157695, -0.9797235927910826], [0.8735296901849362, -0.4863088558817805, 0.021203232215001977]], "T": [0.034504428948631885, -0.02467104187726027, -0.14165092975448404], "aligned_model": [[-0.061648319473742386, -0.22678972716573992, -0.4711851314487942, 0.4804173004016125, 0.6747816007084991, -0.5638520197522785, 0.14485517209748783, -0.12540274428904136, -0.7357973840935921, -0.6506012209454483, -0.13579188719751822, 0.15318005933172907, 0.6807033287228437, 0.606237987170257, -0.02033947452841694], [-0.12794404112011737, -0.6400324078142925, 0.5231248831751856, 0.22722090147225532, -0.35391934527059515, -0.5391313993837052, -0.5479475864800603, 0.37220728883417703, -0.003374969151292595, 0.00847842526978361, -0.10269537519083033, 0.6210586061062853, 0.34315946741108505, -0.055300033563570744, -0.06673275701905505], [-0.7148485025477525, -0.3494471240646445, -0.11229705079821778, -0.7582420865873085, -0.31252398418720506, 0.07877348451499777, 0.22171751319866653, -0.5185928129193735, -0.4235847790687013, 0.22383677288401435, 0.6012657782388892, 0.12928697085962296, -0.11250251802748217, 0.48757686677260803, -0.1054673485497344]], "inverted": false, "swapped": false, "error_lsq": 0.0451395394793912, "error_max": 0.3433667016550403, "target": "86.xyz", "model": "21.xyz", "model_rescale": 4.186013935880536, "target_rescale": 4.081145199604824},
{"mapping": [12, 3, 4, 10, 9, 13, 11, 7, 1, 0, 8, 6, 14], "R": [[-0.49276944773955744, 0.5608587754525325, -0.6652936985815644], [0.0745127176247696, 0.7889540925801896, 0.6099174490971226], [0.8669637398914808, 0.2509758430583621, -0.4305635840552723]], "T": [0.02164694273371544, -0.11349461845592526, 0.10529292514462114], "aligned_model": [[-0.015182363279268401, -0.22549897811194894, 0.4166168716933926, 0.4164843838631293, -0.16276248628392448, 0.7288005705047083, -0.13309241195929203, -0.6080899452290446, 0.138919709279203, -0.3574022535648314, -0.6682068772160289, 0.5357104748969357, -0.0077226591698047395], [-0.3675751837042631, 0.20237806245546028, 0.24313888979934836, -0.5454530182386713, -0.2584162810758016, -0.2958321741699263, -0.6003681179309278, -0.10890308282278485, 0.5599708640626453, 0.5088257474377946, 0.07795253819629105, 0.18721791988016664, -0.08397950434323757], [-0.5789526175724379, -0.6368011044621326, -0.45570876586592773, 0.4547366016559467, 0.7131183563651537, -0.38236162998173356, -0.02495240509397799, -0.01918689149385032, 0.040046299455829534, 0.029340339956665587, 0.6019974961628464, 0.31338434846706514, 0.04821953374189853]], "inverted": true, "swapped": true, "error_lsq": 0.04715653253112736, "error_max": 0.27273530605901747, "target": "86.xyz", "model": "22.xyz", "model_rescale": 4.166573947596378, "target_rescale": 4.081145199604824},
{"mapping": [4, 7, 11, 1, 5, 8, 10, 2, 3, 9, 14, 12, 6, 13, 15], "R": [[0.3296949348297921, -0.9270432850494701, 0.17858330714897752], [-0.8659551549304716, -0.22160110996209303, 0.4483465375275151], [-0.37606238790514823, -0.3024627178814858, -0.875838675039429]], "T": [-0.08275214354882131, -0.0083455176836454, -0.12040119331862019], "aligned_model": [[-0.33703582909285157, 0.23418687518388837, -0.5348241202511882, 0.3619245138706203, 0.6992001189905922, -0.5843413838139233, 0.08778264138997026, -0.0627189859171917, -0.5834791823501209, -0.5814164669244749, 0.0355846432918563, 0.04044775590836587, 0.4661981658282114, 0.5346310695926143, -0.027372276168511324], [-0.19056246696214138, -0.6493761082168249, 0.6173755782725961, 0.025119921154587818, -0.282989766524723, -0.6086400262156995, -0.5337701860185041, 0.4261368929715806, 0.18224197862058494, -0.06466936813542022, 0.034852725534907245, 0.5264231504862765, 0.48562063896353974, -0.2975136019154607, -0.01207770474004678], [-0.7852247067613808, -0.11603220537561336, 0.041454808677408264, -0.6764963251232229, -0.18507867695363514, -0.32566657592787457, 0.38535372572336246, -0.6338531838840689, -0.39311989616430176, 0.20916015566618051, 0.6606929622627031, 0.2376848459885883, -0.30413639922356506, 0.3816276166998913, -0.16141496588609305]], "inverted": true, "swapped": false, "error_lsq": 0.04744230527042544, "error_max": 0.30584779940817286, "target": "86.xyz", "model": "23.xyz", "model_rescale": 4.274766983524099, "target_rescale": 4.081145199604824},
{"mapping": [13, 11, 10, 6, 9, 5, 1, 0, 3, 7, 14], "R": [[-0.7447827921957595, -0.4554931100643903, 0.4876726557158579], [0.3851921340223948, -0.8902139701421226, -0.24319972707853532], [0.5449088110283792, 0.0067166991647617386, 0.8384684094323225]], "T": [-0.03833500783972598, 0.18352538858594294, -0.03745949214422795], "aligned_model": [[0.30553794314313754, 0.17811503792002809, -0.4106358577836545, -0.38493879869628445, -0.571641994292815, -0.6331958204826684, -0.07909204859899541, 0.0429682890065431, 0.6970195071163685, 0.21594539648147004, 0.019813050144945346], [-0.14444021072487737, 0.6372794746507672, 0.4055988553041211, -0.2899250760585709, 0.5307120569676335, -0.17520031896155033, -0.445922722452481, -0.14447882741783538, -0.1055198949954965, 0.4850161954665533, 0.16246699946521975], [-0.7759106834087197, -0.19623771955870048, -0.5634547389146192, -0.2691961011743497, 0.10220423308138127, 0.5119066640413535, 0.23401742993145064, 0.612565687693504, 0.25794999803474244, 0.46902804408501364, -0.003306379789478904]], "inverted": true, "swapped": true, "error_lsq": 0.04540412215047924, "error_max": 0.262383159417032, "target": "86.xyz", "model": "24.xyz", "model_rescale": 3.7841303162186577, "target_rescale": 4.081145199604824},
{"mapping": [5, 9, 6, 13, 14, 2, 9, 3, 4, 1, 0, 7, 11, 10, 15], "R": [[0.1143631943292387, 0.9593353254118853, 0.258063544887079], [0.9911466632012931, -0.12781916624565498, 0.03592426429599717], [0.06744888292444762, 0.25167040778990735, -0.9654598148214697]], "T": [-0.01823377595378554, -0.03887041762008307, -0.02662920988299615], "aligned_model": [[-0.4206435439802344, 0.16439120824244285, -0.28107176755699614, 0.46092828092011995, 0.616184850497295, -0.46626461248983897, 0.16439120824244285, -0.17181672473631307, -0.6937846623741084, -0.6485451928830972, -0.1876702591159946, 0.18116195394563758, 0.4425316413696404, 0.6281794893587196, -0.03920432990185847], [-0.2686983293027044, -0.5933962950820221, 0.616924318446108, 0.09080625129098689, -0.4542968254786838, -0.6033964229447029, -0.5933962950820221, 0.34694248640454883, 0.10687762461559615, 0.02013931830314189, 0.11986213528148647, 0.417284249746701, 0.5509439970907776, -0.11965090389849493, 0.021226347884536652], [-0.7713333491572373, -0.06254403827626002, -0.17787704147371575, -0.6312676820823243, -0.2595087246029164, -0.2488268398259224, -0.06254403827626002, -0.7169643231174998, -0.30786372216685165, 0.36357812290053654, 0.6715292278477002, 0.39166473274304087, -0.19763141911065596, 0.3986701067656991, -0.05412983244895438]], "inverted": false, "swapped": false, "error_lsq": 0.05508578047297329, "error_max": 0.3313160424126767, "target": "86.xyz", "model": "25.xyz", "model_rescale": 4.19342608120988, "target_rescale": 4.081145199604824},
{"mapping": [4, 6, 13, 7, 12, 0, 11, 8, 10, 5, 9, 14], "R": [[-0.3194032894822064, -0.46553269772234995, 0.8253852712638486], [-0.7989420612178602, 0.6006779927063527, 0.029623164841452], [-0.509581319795872, -0.6499732736271685, -0.5637921798725832]], "T": [-0.021178615765739785, 0.007077232310597627, -0.10439998153855545], "aligned_model": [[-0.22365525981901316, 0.43652459348606876, 0.09563839576412045, -0.5260567256484036, -0.5292685886477745, -0.3954387675400777, -0.16507551062289305, -0.12094548100159633, 0.5468847817206836, 0.23557108055541767, 0.33005288110758013, -0.08642284472233133], [-0.7390847114534049, -0.37298385828221203, -0.6872535411460214, 0.3837169765987913, -0.23638464724483685, -0.03470948272890303, 0.25538304396291894, 0.6901901167145323, 0.1070121366653875, 0.125381349072256, 0.5379730428585593, -0.016463997276086405], [-0.09186349076875376, 0.10548743097353755, -0.6291654200701725, 0.019396028876451005, -0.5698848758225092, 0.5240210043120592, -0.5466576281439666, 0.42726635868077656, -0.4675976390778446, 0.7349035527278202, 0.03433341239490728, -0.09098027287288402]], "inverted": false, "swapped": true, "error_lsq": 0.04197030013087863, "error_max": 0.23237361988652316, "target": "86.xyz", "model": "26.xyz", "model_rescale": 3.795458400668931, "target_rescale": 4.081145199604824},
