[{"mapping": [12, 9, 11, 13, 0, 7, 14, 6, 8, 1, 2, 5, 4, 15], "R": [[-0.5676564694030733, 0.6003366066698876, -0.5633489961266664], [0.4832133507469457, -0.31105251794697997, -0.8183832774065911], [-0.666536563441757, -0.7367783179294358, -0.11351968914828875]], "T": [0.0021489397595788814, 0.10055071212000773, 0.16789715716868397], "aligned_model": [[-0.023951856420650987, 0.16892306087448597, -0.4226971054769484, -0.4620349473794101, -0.6318928676006508, -0.0366999686270695, -0.6929170865258794, -0.1211963554990618, -0.3335497410848792, 0.3745416534546701, 0.5869869462398911, 0.33739611178593243, 0.6159069382309538, 0.012677319156920233], [-0.6446348196904648, -0.38825869105643485, -0.5110020132372204, -0.29923165568323795, 0.2000791808767734, 0.25655913859760165, 0.1812581924591964, 0.5209056048375259, 0.7387123034143057, -0.13902368868313475, 0.5129958457028809, 0.7323573156458126, -0.008065980675377296, 0.08262259930180849], [0.14820359640290437, -0.3882465831794862, 0.4809517621651402, -0.046648292944119346, 0.4580038151400535, -0.5160706444300147, -0.20325628227771003, 0.6250267996247834, -0.01342406390530354, 0.6986832143457389, 0.4962732440999556, -0.0492520832129405, 0.028891406791552277, 0.17845219855928007]], "inverted": false, "swapped": true, "error_lsq": 0.03995408921269227, "error_max": 0.232793576336692, "target": "860.xyz", "model": "0.xyz", "model_rescale": 3.8414455957264533, "target_rescale": 4.149893992047573},
{"mapping": [6, 8, 11, 14, 0, 13, 12, 3, 4, 1, 9, 5, 7, 2, 15], "R": [[-0.419510815538102, 0.7950192575617113, 0.43812675763137543], [-0.013837585526919438, 0.47699430635430995, -0.8787974470447419], [-0.9076448627482789, -0.3747276501828977, -0.18910312349366967]], "T": [0.012270089322920221, 0.08218371948966074, -0.05554608499867673], "aligned_model": [[-0.5480907733885849, -0.5965041731465379, 0.19625909030578664, -0.24661181861451847, -0.46855627439691183, 0.1943529010436978, 0.6095760166827902, -0.291745776424825, 0.4371676411249241, 0.1915929123528444, 0.6835674542937012, -0.2642111650624382, 0.11132650682963757, -0.1640218288293605, 0.027943440734338944], [0.11113363321321557, 0.22119524657770623, -0.6740403045170555, -0.33090121550253687, -0.43244411887094225, -0.45770232314662074, -0.3540286067876609, -0.29625960917255995, 0.5390397496876451, 0.1122621525495379, 0.07290017233639284, 0.7558621981410636, 0.3053624158635871, 0.6968445825548713, 0.07782055511637094], [0.23777526393906276, -0.4591435315059092, 0.16071153171544966, -0.6798267495374796, -0.06194909282834523, -0.36649830559265756, 0.04096816400646807, 0.5841368263236573, 0.08070259728378179, 0.6113457189936827, -0.4095485759099008, -0.2241861353551314, -0.7143623841854648, 0.40389979812410626, -0.03884333813178469]], "inverted": false, "swapped": true, "error_lsq": 0.04674171259105386, "error_max": 0.47471720793471195, "target": "860.xyz", "model": "1.xyz", "model_rescale": 4.316132596720782, "target_rescale": 4.149893992047573},
{"mapping": [13, 0, 11, 4, 12, 7, 1, 5, 3, 8, 6, 15], "R": [[0.09227053983879874, -0.9871482320208427, -0.13047802687035726], [-0.3700548350558344, 0.0876559761483493, -0.9248653139226705], [0.9244163383073972, 0.13362184650574563, -0.35721091193682647]], "T": [-0.11925389532707506, 0.049461109874373105, 0.002281621705670249], "aligned_model": [[-0.18326834042442777, 0.48617586132405544, 0.05626494887312261, -0.6144155793722639, -0.4593509473418905, -0.4910560674288905, -0.0806371803592057, -0.16900757791647242, 0.48260739377243667, 0.2417328211658797, 0.45506870864804894, -0.1263054863086118], [-0.5961173843919675, -0.3093428617308932, -0.530479702530097, 0.4307379634305192, -0.3871056733798909, -0.09139511411987714, 0.3617166577696803, 0.5978694099745689, 0.0846414629893364, 0.08582835879574688, 0.31555610064205, 0.05086721029180454], [-0.01900056355851635, 0.03041207308225142, -0.5319054926959486, -0.12910305348577827, -0.49783236898684236, 0.5815764425189237, -0.6131948501115996, 0.5077486835987324, -0.5281564596113579, 0.651271005176053, 0.017341839420617684, -0.01989879413711429]], "inverted": false, "swapped": true, "error_lsq": 0.041482672457371986, "error_max": 0.21540429781908044, "target": "860.xyz", "model": "2.xyz", "model_rescale": 3.795458400668931, "target_rescale": 4.149893992047573},
{"mapping": [7, 8, 5, 3, 9, 1, 6, 13, 0, 11, 4, 15], "R": [[-0.059592378215984954, -0.20235775273246542, 0.9774968482648063], [-0.8086323926331258, 0.5839424834760071, 0.0715879150157348], [-0.5852883067711074, -0.7861695210963981, -0.1984315550915996]], "T": [0.009500479216794658, 0.049651691318498066, 0.023724800279951448], "aligned_model": [[-0.13842108632554567, -0.279045919137971, -0.7052509032612954, 0.24677952636781664, 0.23408888313399345, -0.0034163556831842204, -0.19809400084782702, 0.5952603891664134, 0.36058972985045135, 0.7734004605767835, -0.3099182126823998, 0.01733131458632975], [-0.14749004957836695, -0.6294896453863652, -0.11295410881347415, 0.03087144088015775, 0.4304064456573644, 0.5406888590446566, -0.264465487505836, -0.07676459584797563, -0.4716987280580434, 0.1402033308237985, 0.5763367831593099, 0.07012480091448367], [-0.6342373299997952, -0.0675397980644554, -0.1226099468510631, 0.7906571197512893, -0.5932273582462078, 0.5100597882404949, 0.5327579401836119, -0.2257278466989787, 0.34154059736752823, 0.2702025940374601, -0.14477914203994777, 0.03167481295916394]], "inverted": false, "swapped": true, "error_lsq": 0.04589125212940539, "error_max": 0.2293582280050304, "target": "860.xyz", "model": "3.xyz", "model_rescale": 3.7530521520055578, "target_rescale": 4.149893992047573},
{"mapping": [8, 0, 13, 12, 7, 1, 5, 6, 2, 4, 15], "R": [[0.04995812380952598, -0.8126177238549188, -0.5806518929119956], [0.9839421371843453, 0.13979064227588084, -0.1109794891193871], [0.1713536008916518, -0.5657835374142202, 0.8065524981379183]], "T": [0.0019558248030941694, -0.030145590640129425, -0.043238883569102514], "aligned_model": [[-0.4270113470964064, -0.3759477270071615, 0.3503093544668304, 0.5699098683470175, 0.30908857781936894, -0.08254662908364124, -0.27274069801390033, -0.6261203894733283, -0.40497182887762606, 0.2874637336972192, 0.010766687666833238], [-0.6374221512061922, -0.12698071186368018, -0.1725313136701274, 0.33398200866565053, -0.6381128439781772, 0.6446540348456576, -0.384339278843962, 0.04038797441851012, 0.2402854068493461, 0.17583786103280827, -0.008557627935487418], [-0.0480917750101841, -0.6296590975793495, -0.5721041755839763, -0.3613738558095822, 0.12911282466681812, 0.08049820043688258, 0.5549355849579455, -0.08098928709482653, 0.5742190476092937, 0.48956043782227393, -0.04327712716997891]], "inverted": true, "swapped": true, "error_lsq": 0.04802655992507976, "error_max": 0.2828596724602864, "target": "860.xyz", "model": "4.xyz", "model_rescale": 3.7855080009869324, "target_rescale": 4.149893992047573},
{"mapping": [4, 10, 8, 7, 15, 13, 6, 12, 11, 2, 9, 5, 3, 0, 1, 16], "R": [[0.4236532788235376, 0.7535621224378087, -0.5026549780605888], [-0.8598485942395832, 0.5090947249137437, 0.03850916837861473], [0.28491804843898316, 0.41589264082455796, 0.8636289810918208]], "T": [-0.02433592678883467, 0.03380516359965111, 0.005354179269081924], "aligned_model": [[0.21231048316271742, -0.7510815386161699, -0.402854116867656, -0.37251865019773905, -0.49507256125995935, 0.2089212362547883, 0.16600263349118627, 0.5566419144603977, 0.6637652516216762, 0.1291833143377498, -0.4427635645998945, -0.41772319936820024, -0.3270123754307759, 0.1792770633052505, 0.6216963149942049, -0.026273660494940676], [-0.6053734528883842, -0.0185629680180295, -0.0985140267450586, -0.6294328196517578, 0.4860591484053305, 0.10889541812617823, -0.5003103417979623, 0.34636756324895374, -0.15876978621604865, 0.5520699647840134, 0.5721498367094686, -0.3379222804493045, 0.2760277281103108, -0.17246426032086892, -0.06827067054670244, 0.0872512253102751], [0.2924951842593671, 0.01327052658776133, -0.5730276026099759, 0.021280276344977214, -0.49782716068704064, -0.6764230485989222, -0.31801701213692957, -0.16148333843303508, -0.3437416317540336, 0.5089603011897181, 0.21033550548974694, 0.6071584711553245, 0.5816629524789142, 0.7295561941385216, 0.38657170988575795, 0.010503535684552685]], "inverted": true, "swapped": false, "error_lsq": 0.0413388381295115, "error_max": 0.31806898203997935, "target": "860.xyz", "model": "5.xyz", "model_rescale": 4.2253639853439635, "target_rescale": 4.149893992047573},
{"mapping": [2, 10, 11, 3, 1, 13, 0, 6, 9, 4, 12, 14, 8, 15], "R": [[0.2711271134312439, -0.2270065598194942, -0.9353919553648941], [0.525927563108079, 0.8488413019194843, -0.05355970984642186], [0.8061577306741151, -0.47742692210908433, 0.3495328987660636]], "T": [0.14008155702176706, 0.06127326310202971, 0.04584510557730171], "aligned_model": [[0.7078875286640101, -0.28924856944497807, -0.522932117187161, 0.09557747757105954, 0.045766819467992575, -0.3763565134370377, 0.11311952824648519, 0.5598028852635147, -0.34474279099067895, 0.16746207663139137, -0.5886172571016461, 0.019154885050911175, 0.6609740591534385, 0.12621414087048233], [-0.10214279400533358, 0.14772889992677007, -0.3655836156629704, -0.7403182828778999, -0.37182637970779975, 0.14382105083405855, -0.36965913567629016, -0.3975755410533024, 0.6243065211246895, 0.34045505954217736, 0.048790996189549095, 0.25632356364140846, 0.17781137664290608, 0.05296742771702747], [-0.4746055715816824, -0.6626899293944976, 0.22105970718754764, 0.028249452737433282, -0.4845655795574373, 0.4302927027492322, 0.6023045553672157, 0.16488958991086303, -0.10901935764944404, -0.527850717103728, -0.11294027165999601, 0.8039463350693774, 0.5634463762974204, 0.02904091655914405]], "inverted": false, "swapped": true, "error_lsq": 0.043510653998583726, "error_max": 0.3192249471931013, "target": "860.xyz", "model": "6.xyz", "model_rescale": 3.89814844738969, "target_rescale": 4.149893992047573},
{"mapping": [1, 10, 11, 2, 0, 9, 4, 6, 5, 7, 13, 8, 15], "R": [[0.12259295640963946, 0.8607725750030077, -0.49400560843115504], [-0.4301857501215838, -0.4024812225398628, -0.8080526504474494], [-0.8943775418865763, 0.31157573658022375, 0.3209507328912284]], "T": [-0.02945304180913543, 0.09122083329475227, 0.0004000660832568989], "aligned_model": [[0.09752408612171076, -0.3152134125292738, 0.6050484379240952, -0.31780480120447824, 0.6024550739188307, -0.4217037825082226, -0.5451655805724677, 0.2793611118459667, -0.5396379738244865, -0.4831166512888392, 0.24399894126898203, -0.030497187631319582, -0.026616460616275355], [-0.2989170711397922, 0.1405462237255003, 0.4282531445983452, -0.6368150021637051, 0.12806621733198037, 0.6731065735474014, -0.033073927330317124, -0.40410223779011484, -0.2812498358005016, 0.48041704991981443, 0.6798594966614226, -0.001959257919967719, 0.08964989183042009], [-0.5559049669092535, -0.780451294162696, -0.3688033698543797, -0.08202821577600544, 0.3092873489637446, -0.2887235091358115, -0.35514241397044893, 0.24569311828689627, 0.40002611505532143, 0.3696905409633845, -0.006735043620258042, 0.7380568877127053, -0.022690166716903274]], "inverted": true, "swapped": true, "error_lsq": 0.043335439052934695, "error_max": 0.2615411004363807, "target": "860.xyz", "model": "7.xyz", "model_rescale": 3.7474275329858107, "target_rescale": 4.149893992047573},
{"mapping": [2, 1, 10, 4, 12, 7, 5, 8, 9, 14, 6, 0, 3, 11, 15], "R": [[-0.4091485586357058, 0.17264349901452292, 0.8959864280302167], [-0.3827049473182529, -0.9238648877357769, 0.0032546132018516083], [0.8283322885560224, -0.3415668184367194, 0.44406950838642306]], "T": [-0.041331626122927366, -0.09570179490741568, 0.04334856258067826], "aligned_model": [[-0.5318216273304319, 0.15493851389752283, 0.4430646167148245, -0.044103688120846134, 0.6959729987593916, -0.21834636007067726, -0.7295698036614925, -0.6209668418696429, 0.38746350737209756, -0.01969433227329683, -0.4143917684834039, -0.019567424341910215, 0.09787681381327532, 0.6462929468447713, -0.024993828911434774], [0.054226974865427546, 0.2505690747939229, -0.3198311346375677, -0.44476360002479887, -0.17962304640207086, -0.7067413512367542, -0.34950450938240996, -0.08775963515583447, -0.7212648977293036, -0.1990469690993797, 0.415681251371677, 0.40067377950966954, 0.6874654977076446, 0.2802253929549068, -0.09118886555553594], [-0.5540778004283688, -0.5217891039746256, -0.5961411944991417, -0.491410483308008, -0.03221385129849569, 0.3416039313586066, -0.10030531419372798, 0.5089461838165262, 0.014200013480453355, 0.8283561780710904, 0.057252442123272546, 0.542562355675334, -0.0666933780675788, 0.23916807088200598, 0.027336606058918488]], "inverted": false, "swapped": true, "error_lsq": 0.041623087947800376, "error_max": 0.2614999864415826, "target": "860.xyz", "model": "8.xyz", "model_rescale": 4.019505241142653, "target_rescale": 4.149893992047573},
{"mapping": [12, 1, 4, 9, 13, 7, 5, 11, 0, 6, 2, 8, 15], "R": [[-0.9480849175424683, -0.3137712225677425, -0.051793909070813327], [-0.03362726663377974, -0.06303967849631092, 0.9974443372308164], [-0.3162344005120761, 0.9474036198070104, 0.04921569982578616]], "T": [0.026381500226736215, -0.057567776632432774, 0.028214234430577422], "aligned_model": [[-0.18368667600791758, -0.6522215230859365, -0.11999087295824426, 0.2909494392061841, 0.26155684089295556, 0.685100762493978, 0.2890285851138992, -0.2792054305726961, 0.046244437266457016, -0.1903814347382323, -0.34941075131327304, 0.5142020277398411, 0.007515367704161283], [-0.6793827613310325, -0.012539200886605234, 0.20435472447980302, -0.3827725408242575, -0.6616186299539247, 0.016350973491037563, 0.6410798756819446, -0.7875221045722117, -0.33195222570533117, 0.2328125250640964, 0.6318873473782642, 0.25824057398111633, -0.0655603286888404], [-0.32616980986919153, -0.09538361888470075, -0.535515130653957, -0.6044703370953286, 0.06194105749533757, -0.20477669315436245, -0.012183908158925377, 0.19031725908164995, 0.6765933213944678, 0.5474183543276023, -0.03017371095405356, 0.49202176429110805, 0.01708494622423229]], "inverted": true, "swapped": true, "error_lsq": 0.044990407527096724, "error_max": 0.22891227513614062, "target": "860.xyz", "model": "9.xyz", "model_rescale": 3.877068213659057, "target_rescale": 4.149893992047573},
{"mapping": [4, 6, 12, 3, 11, 0, 5, 8, 1, 9, 10, 13, 14, 2, 7, 15], "R": [[0.7647739071542898, 0.24501752321298775, 0.5958920072081308], [0.24572982727057646, -0.9658826692423378, 0.08177726607603104], [0.5955986256914423, 0.08388732070980885, -0.798889976466469]], "T": [-0.07903477126091586, -0.031739357448822114, 0.09009737135498216], "aligned_model": [[0.25389956200289165, -0.6838964427139074, -0.44211342106594814, -0.2875663339670137, -0.14376502030117327, 0.1582132829846447, 0.0706042692308017, 0.5076414454399829, 0.599138861768697, 0.049105765331702286, -0.5445059309116984, -0.4559904323972158, -0.42906201652323067, 0.19959807202404767, 0.7080863118904767, -0.05688942800042139], [-0.5800679842932523, -0.14186671552873875, -0.05626170530134805, -0.6229537897018935, 0.5523774741590448, 0.14467736592471447, -0.5258054874403542, 0.4606951004071857, -0.33340307328900515, 0.5236706007935423, 0.5032639114989146, -0.28008497564837753, 0.3524592627107312, 0.017172897257983072, -0.16253689663309717, -0.012135706855635753], [0.3059239833889401, 0.04194242836592724, -0.5624114517463492, -0.008601287092112636, -0.3563024473672899, -0.6490619728358566, -0.49684577665719, -0.0028663704031774706, -0.3593313062039203, 0.4228812127094328, 0.10795461662040792, 0.7176859144483428, 0.6726725978108934, 0.6903695495641164, 0.26219900882169933, 0.005066163570841151]], "inverted": true, "swapped": false, "error_lsq": 0.03478288869482651, "error_max": 0.20640097524693732, "target": "860.xyz", "model": "10.xyz", "model_rescale": 4.260839863003843, "target_rescale": 4.149893992047573},
{"mapping": [5, 4, 1, 2, 3, 6, 8, 7, 12, 11, 0, 15], "R": [[-0.7221203785840615, -0.6620205336591007, -0.2006762862107314], [-0.6699446449209436, 0.7415567678225773, -0.035605236107672494], [0.17238425559012804, 0.10873073673185474, -0.9790103652742322]], "T": [0.12028455869298582, -0.011498377668397305, -0.004475388455478846], "aligned_model": [[0.28017875417270977, 0.18341726535923514, -0.44784693334337966, -0.2875853323437729, -0.6255725060953212, -0.3265593748012485, 0.3287325826738517, 0.8002537728345556, 0.1589035086928498, -0.1239167606105038, -0.08998043234536557, 0.10887410490051988], [0.016095200083778613, -0.6008202099134669, -0.4013701326546166, -0.25791406420494617, 0.18212376477851308, 0.3573698501458313, 0.5901764437610688, 0.03778407599057083, -0.3827244453259687, 0.056491527372810456, 0.6046728477143622, -0.02880635221500289], [-0.7341304329302798, -0.24224230092988513, 0.050594454902217076, -0.6312917873497146, 0.2214602916234966, -0.25971358566473157, -0.38834781087213766, -0.17439574632837604, 0.6413344505133449, 0.7624908247621442, 0.264222317390627, 0.006197402278799197]], "inverted": true, "swapped": true, "error_lsq": 0.04187134192517861, "error_max": 0.2622964454299352, "target": "860.xyz", "model": "11.xyz", "model_rescale": 3.890672605050136, "target_rescale": 4.149893992047573},
{"mapping": [4, 9, 12, 2, 1, 8, 7, 6, 5, 14, 11, 13, 0, 15], "R": [[0.9771219531767754, -0.028759728519138557, 0.2107262836845672], [0.21155829315745941, 0.029817641994862733, -0.9769104343910799], [0.02181231799478686, 0.999141524630706, 0.03521983166232701]], "T": [0.1362686920707204, -0.035235253308049885, 0.09854056244759228], "aligned_model": [[0.5027711414261933, 0.03859263079341936, 0.33536325437168646, 0.6276491129351776, 0.8145497354838933, -0.4111365278747901, -0.3860424134660763, 0.22031004660695577, 0.03077982336700133, -0.6114288713250804, 0.23634895585575286, -0.20124314833304685, -0.14261469933994197, 0.15597679429254963], [-0.22059648851979968, 0.2972931425612113, 0.6404695874749677, -0.6483104031782602, 0.03932713875358576, -0.46375651413898017, -0.19267555024745842, -0.33129154276327716, -0.7606352377383866, 0.18490146167486227, 0.7172379865144528, 0.5183965291147047, 0.17519646172765538, -0.023404051407512824], [-0.3904750123314917, -0.5766841061107929, -0.14672437210506134, 0.15013008765418567, 0.20890967526148962, 0.3622416438409347, -0.34425000020157454, 0.651864637387185, -0.047716076297027135, 0.2395140858495421, 0.37469640233913276, 0.06854089697275696, 0.7101117765146286, 0.09463079658295337]], "inverted": true, "swapped": true, "error_lsq": 0.04321840504663099, "error_max": 0.3104662278381061, "target": "860.xyz", "model": "12.xyz", "model_rescale": 4.124412569039231, "target_rescale": 4.149893992047573},
{"mapping": [7, 2, 6, 9, 8, 14, 4, 13, 1, 12, 0, 3, 15], "R": [[0.252999222706204, -0.9663500584198716, -0.046464587612150055], [-0.8310194104613986, -0.19247503899708562, -0.5218813071949022], [0.49537675838340056, 0.17064853926998882, -0.8517516911040288]], "T": [0.06443167308863486, 0.12997212860935647, 0.038279885715561984], "aligned_model": [[-0.2118129052278973, 0.026699797221734378, 0.5949946250487167, -0.5822962428436658, 0.4932350697162364, 0.3828634887848571, -0.4900311515918463, 0.0862845044553412, -0.014548186165902185, -0.2715946874765265, 0.7117536292536863, 0.5871346802207271, 0.0546156861142963], [-0.398330683680437, 0.7933624541002122, 0.43079162103632807, -0.2232089187650046, -0.17067960172924868, -0.5952622753798905, 0.4148077549307402, -0.3679515930246756, 0.7523567400566685, 0.034488299206350076, -0.05475279351354201, 0.5886094392455641, 0.14325493402541262], [0.4100928654728886, 0.4607333365205649, 0.20825163245431147, -0.14351739304631794, 0.5660652494959302, 0.03363317563051052, 0.17705563037128902, -0.3775527657745654, -0.2519021993494097, -0.6207646408867031, -0.16891034278556719, -0.3633077265193825, 0.021821259384289877]], "inverted": false, "swapped": true, "error_lsq": 0.04276763225657311, "error_max": 0.3011467085172338, "target": "860.xyz", "model": "13.xyz", "model_rescale": 3.9028299243045295, "target_rescale": 4.149893992047573},
{"mapping": [10, 12, 8, 13, 2, 0, 5, 3, 4, 6, 1, 14, 11, 9, 7, 15], "R": [[0.62097970971238, 0.6907070216476058, -0.3705509551630144], [0.6215693231095057, -0.14591992641534932, 0.7696485897109993], [0.47753091700403993, -0.7082592641975345, -0.5199356094591404]], "T": [-0.04345341972121913, 0.031481170290910895, -0.01106389161705594], "aligned_model": [[0.3013851086331869, -0.7142734043932477, -0.3989740645168116, -0.40045255963758164, -0.2622033219912727, 0.2914750685658187, -0.1258698310386993, 0.4613563744603006, 0.492418519809461, 0.16180382886128067, -0.3897227752940085, -0.2668145208129418, -0.5077925950878299, 0.15104265165424244, 0.6968395242902046, 0.012280541290534644], [-0.5680722450354746, -0.15203442672130635, -0.041302596987356346, -0.6765516243303767, 0.5967588736969062, 0.18487510241569327, -0.38209314583338794, 0.36568326164526943, -0.2702878854376682, 0.5670704409924691, 0.5171635673953634, -0.4673120753329365, 0.1016906137477578, 0.109871699723648, -0.08274710061399733, 0.03648781873581104], [0.2663792441455873, -0.034788620883262546, -0.6928371339069928, 0.051326232881785464, -0.42910619551065715, -0.7537008275189716, -0.30134936118627004, -0.15994464615213938, -0.2959146864395689, 0.32867403276430013, 0.24663534834473383, 0.6849000222621581, 0.5593013007003417, 0.7351744480428873, 0.4983928926248898, 0.08813281282588341]], "inverted": true, "swapped": false, "error_lsq": 0.039633492239011275, "error_max": 0.27063729846952644, "target": "860.xyz", "model": "14.xyz", "model_rescale": 3.942246331269136, "target_rescale": 4.149893992047573},
{"mapping": [14, 0, 8, 3, 1, 6, 4, 7, 9, 5, 2, 10, 11, 12, 15], "R": [[0.6303393910584801, 0.22371235869856684, 0.743387538667113], [-0.3734695778114936, -0.7521035609020571, 0.5430107808577568], [0.6805826375461906, -0.6199137151604003, -0.3905307404375499]], "T": [-0.0918714319725612, 0.03894466318779179, -0.06946722218260626], "aligned_model": [[-0.7566135652597019, -0.26776951737518795, -0.19058704855603215, 0.28020329017878337, 0.413152495331929, 0.29183757819395795, 0.16874592695233664, -0.5163951735587117, -0.5395212785820493, 0.21400694427083328, 0.6575680613455094, 0.08799667654324089, -0.383541714529437, -0.40005081842520723, -0.08473781999805315], [-0.03342545913770371, -0.4830574102919619, 0.23974982625078764, -0.6687174774434559, -0.24513515634033003, -0.20293405420512944, 0.4343013068145116, 0.585850456800218, 0.3511617424830872, 0.6297748536734776, 0.27569021369531704, 0.10096851433357731, -0.6639431951409357, -0.25199242614314293, 0.029852954533333805], [-0.49404444191925195, -0.5083869203137543, -0.7785185035900445, -0.14439333596351478, 0.30743535702555114, -0.511215894275035, 0.3590077267310152, -0.18918967697477782, 0.4579550093005095, -0.4101755258180623, -0.11710467255934684, 0.741471330262155, 0.2014039439493851, 0.5443337557685928, -0.049215671262905145]], "inverted": true, "swapped": true, "error_lsq": 0.048817048830225133, "error_max": 0.35551262339465267, "target": "860.xyz", "model": "15.xyz", "model_rescale": 4.355366556412066, "target_rescale": 4.149893992047573},
{"mapping": [13, 0, 11, 4, 12, 7, 1, 5, 3, 8, 6, 15], "R": [[0.09227053983879874, -0.9871482320208427, -0.13047802687035726], [-0.3700548350558344, 0.0876559761483493, -0.9248653139226705], [0.9244163383073972, 0.13362184650574563, -0.35721091193682647]], "T": [-0.11925389532707506, 0.049461109874373105, 0.002281621705670249], "aligned_model": [[-0.18326834042442777, 0.48617586132405544, 0.05626494887312261, -0.6144155793722639, -0.4593509473418905, -0.4910560674288905, -0.0806371803592057, -0.16900757791647242, 0.48260739377243667, 0.2417328211658797, 0.45506870864804894, -0.1263054863086118], [-0.5961173843919675, -0.3093428617308932, -0.530479702530097, 0.4307379634305192, -0.3871056733798909, -0.09139511411987714, 0.3617166577696803, 0.5978694099745689, 0.0846414629893364, 0.08582835879574688, 0.31555610064205, 0.05086721029180454], [-0.01900056355851635, 0.03041207308225142, -0.5319054926959486, -0.12910305348577827, -0.49783236898684236, 0.5815764425189237, -0.6131948501115996, 0.5077486835987324, -0.5281564596113579, 0.651271005176053, 0.017341839420617684, -0.01989879413711429]], "inverted": false, "swapped": true, "error_lsq": 0.041482672457371986, "error_max": 0.21540429781908044, "target": "860.xyz", "model": "16.xyz", "model_rescale": 3.795458400668931, "target_rescale": 4.149893992047573},
{"mapping": [1, 10, 11, 2, 0, 9, 4, 6, 5, 7, 13, 8, 15], "R": [[0.12259295640963946, 0.8607725750030077, -0.49400560843115504], [-0.4301857501215838, -0.4024812225398628, -0.8080526504474494], [-0.8943775418865763, 0.31157573658022375, 0.3209507328912284]], "T": [-0.02945304180913543, 0.09122083329475227, 0.0004000660832568989], "aligned_model": [[0.09752408612171076, -0.3152134125292738, 0.6050484379240952, -0.31780480120447824, 0.6024550739188307, -0.4217037825082226, -0.5451655805724677, 0.2793611118459667, -0.5396379738244865, -0.4831166512888392, 0.24399894126898203, -0.030497187631319582, -0.026616460616275355], [-0.2989170711397922, 0.1405462237255003, 0.4282531445983452, -0.6368150021637051, 0.12806621733198037, 0.6731065735474014, -0.033073927330317124, -0.40410223779011484, -0.2812498358005016, 0.48041704991981443, 0.6798594966614226, -0.001959257919967719, 0.08964989183042009], [-0.5559049669092535, -0.780451294162696, -0.3688033698543797, -0.08202821577600544, 0.3092873489637446, -0.2887235091358115, -0.35514241397044893, 0.24569311828689627, 0.40002611505532143, 0.3696905409633845, -0.006735043620258042, 0.7380568877127053, -0.022690166716903274]], "inverted": true, "swapped": true, "error_lsq": 0.043335439052934695, "error_max": 0.2615411004363807, "target": "860.xyz", "model": "17.xyz", "model_rescale": 3.7474275329858107, "target_rescale": 4.149893992047573},
{"mapping": [12, 13, 9, 0, 1, 2, 10, 7, 3, 4, 6, 8, 5, 15], "R": [[-0.307025595380754, 0.8036094869191102, 0.5098500527750273], [0.9030289846592647, 0.4151221376076947, -0.11050911153961711], [-0.30045621419160373, 0.42648024972045634, -0.8531357804898505]], "T": [0.002350202548968696, 0.0021451472322603915, -0.02279798142933958], "aligned_model": [[0.6092315976567638, 0.2524289415420642, 0.7102941282791819, -0.4422890998545897, 0.0989720191018181, -0.26416520014504635, 0.684757039167142, 0.16534082842093886, -0.3521020628182238, 0.379619130081903, -0.589624398579773, -0.5614139298470099, -0.2923631736415545, 0.01616182851926174], [-0.2713127107908934, 0.128593913613258, 0.2720805440052933, -0.0904492826009698, -0.6431950718217967, -0.24543894507866534, -0.38286394598585943, 0.6842938416287265, -0.6857016274148446, -0.040061630869791115, -0.2151094980624224, 0.4857663268649392, 0.3803573245815391, -0.0165509965572797], [-0.3593783386606237, -0.6082838537049083, -0.06745645908467163, -0.5611277733737812, 0.2052508981211454, 0.6755207093342513, 0.2598851236359441, 0.01923813458612584, -0.23743635837239624, 0.4907249581553475, 0.03417831559308305, -0.05599080851964471, 0.5506334599896834, -0.020963289037900037]], "inverted": false, "swapped": true, "error_lsq": 0.041292614457450826, "error_max": 0.2542779353635002, "target": "860.xyz", "model": "18.xyz", "model_rescale": 3.922800546911778, "target_rescale": 4.149893992047573},
{"mapping": [3, 11, 1, 6, 9, 0, 12, 5, 13, 2, 10, 4, 8, 7, 15], "R": [[0.5673322468025319, -0.5964510329817905, 0.5677854233713171], [-0.05988464572610347, 0.657779874727954, 0.7508258557143168], [-0.8213086818877844, -0.45996934860687416, 0.33746147542781524]], "T": [0.04421105130450928, 0.07410623307253028, 0.0699833340866092], "aligned_model": [[-0.14104459268614872, -0.38269666844321715, 0.41707250674566587, -0.07559190058762136, 0.20678814761301195, -0.5884085248314443, 0.014325734302726073, 0.3819247814952995, -0.42263793297330954, 0.6321339165759823, 0.6274018871568576, 0.6569777842505531, -0.28886474928911865, 0.003987517281767855, 0.054682930276613716], [0.42381277614779683, -0.2760787476190096, 0.15003996606299524, 0.6735562406236119, -0.6361231382752036, 0.3159954414103082, -0.5680969957320287, 0.49282142546425534, -0.3758690983148746, 0.594432280118809, -0.4113392281250205, -0.09529317160958603, 0.5211605386523992, -0.15584142296603537, 0.06443463919616156], [-0.6287475917876237, -0.5196049645356754, -0.5070907239573973, -0.09490071265830333, 0.28255574026086, -0.12330113335011786, -0.3082394117355267, 0.5889737649326704, 0.04004005651884243, 0.01010975256246166, -0.2736036033742725, 0.13031440375457454, 0.5619428497554861, 0.7326793150852089, 0.051531425692141655]], "inverted": true, "swapped": true, "error_lsq": 0.040616791184498256, "error_max": 0.29748838952565715, "target": "860.xyz", "model": "19.xyz", "model_rescale": 3.9282355846067225, "target_rescale": 4.149893992047573},
{"mapping": [2, 6, 0, 5, 4, 8, 7, 13, 9, 12, 3, 1, 11, 15], "R": [[0.4682006064773708, -0.4943963243739219, 0.7323663472195987], [0.16946251848553076, 0.8636777785574221, 0.4747032227135788], [-0.8672200683348854, -0.09814769111737814, 0.4881561059800076]], "T": [-0.047497710735540793, -0.07741064906682316, -0.01685783509579507], "aligned_model": [[-0.7184337663543859, -0.03356216301585874, 0.53998525481917, -0.5062718582608358, -0.6178840156543948, 0.14550439345622512, -0.02266250922076001, 0.4994809247646059, -0.08570446700513709, 0.1420075478539072, 0.1275049968082046, -0.37452146117630936, 0.49123896505250886, -0.05415902298226355], [-0.48783747565968555, -0.7054814068540092, -0.4658711857301181, -0.2145263723531775, 0.19177514754226932, -0.35087273308415956, 0.37617779966455234, 0.2529919719525532, 0.6762909887897531, 0.36303370799687656, -0.6877650514426437, -0.3082367137854336, -0.04285212620614359, -0.07394446340579838], [-0.05389789168176588, -0.0956787170270509, -0.023101168445621243, -0.5908348409060419, 0.0832298032230747, -0.6807779225447194, -0.5528620817037769, 0.0970318184283963, 0.06387744160207733, 0.5545151516774898, 0.474752561993122, 0.5466852952155558, 0.5840270011357305, 0.005216706277212109]], "inverted": false, "swapped": true, "error_lsq": 0.043439068838132026, "error_max": 0.23343190188444674, "target": "860.xyz", "model": "20.xyz", "model_rescale": 4.067790424073018, "target_rescale": 4.149893992047573},
{"mapping": [6, 11, 8, 5, 14, 13, 7, 3, 0, 1, 10, 4, 2, 12, 15], "R": [[-0.7924434103413135, -0.12378070946910169, -0.5972535285537915], [-0.4979499491107281, -0.4342039351720756, 0.750674890256566], [-0.3522489028900617, 0.8922697342420677, 0.28244544919034914]], "T": [0.03285911588102379, -0.033381514170029894, 0.03739053445083215], "aligned_model": [[0.3198590670377616, -0.14278462230337075, -0.23862818779286826, 0.21353886571407948, -0.7054214730590933, -0.5027826427431137, -0.4422954654447397, 0.42284068258109403, -0.20484357160495087, 0.6281635654629448, 0.3895141197413665, 0.358643212988465, 0.7344566342187122, -0.10683655954354394, 0.04502032865477133], [-0.02753600931009774, 0.7545676305793877, -0.4609471544757069, -0.7456517702709693, -0.023127933914342216, 0.3189485819206932, -0.5176513809595588, 0.5358856264868467, 0.31352688310867954, 0.29053837392125426, 0.1773814154389885, -0.28000224353980474, -0.378701072246849, 0.5023796620841166, -0.018715468894790616], [-0.5269468343411, 0.06531017412850507, -0.506947111968757, -0.09953993506915479, -0.24935323614936752, 0.13875020422475953, 0.22006686133364475, -0.37332655415836125, -0.5276128273378143, 0.17338532712260504, 0.7600225473987879, 0.528167472780573, -0.05476510336032356, 0.5372061454545114, 0.050832443562632806]], "inverted": false, "swapped": true, "error_lsq": 0.04290950788313747, "error_max": 0.3010022657968539, "target": "860.xyz", "model": "21.xyz", "model_rescale": 4.186013935880536, "target_rescale": 4.149893992047573},
{"mapping": [2, 5, 4, 3, 0, 1, 6, 8, 9, 7, 14, 13, 15], "R": [[0.895124702127303, -0.17558307947991333, -0.40978329619673104], [-0.3360635251016423, -0.8697284447286027, -0.3614328976811935], [-0.2929386876767308, 0.4612407339235301, -0.8375224836575543]], "T": [0.08533719625648717, 0.003512491494337515, 0.014171037961485108], "aligned_model": [[0.10806678717943818, -0.3974035667639463, 0.35106283267102284, 0.40211075042184646, -0.11709993903433652, 0.6482253644915794, -0.11527462820087686, -0.6443144229332183, 0.3172129562419008, -0.34562710060706564, -0.4031968513661949, 0.1462585395923914, 0.10855331373068453], [-0.38582641640036297, -0.012167513160662231, 0.25170769638712215, -0.694337634774622, -0.38047396208810164, -0.33294283197166163, -0.5961188963498556, -0.13290063560827017, 0.7260322595735146, 0.5550883271398409, 0.21831890291459247, 0.30003918536023777, 0.002538178524321773], [-0.6698435210971588, -0.5563020432450398, -0.5108128586483284, 0.2539604107888755, 0.5688334688989303, -0.20437138492083548, -0.018645151731611635, 0.056846317734091045, 0.02975682320995515, -0.04660472035936229, 0.599472707033082, 0.58835122100601, 0.012238292666738454]], "inverted": true, "swapped": true, "error_lsq": 0.039349093806973254, "error_max": 0.24113734060460595, "target": "860.xyz", "model": "22.xyz", "model_rescale": 4.166573947596378, "target_rescale": 4.149893992047573},
{"mapping": [1, 12, 11, 6, 9, 3, 2, 8, 4, 10, 14, 5, 13, 7, 0, 15], "R": [[-0.716859493507171, -0.6445002840043053, -0.2659546023046273], [-0.00047669273757194874, -0.3809981750324983, 0.9245756666633296], [-0.6972174978675424, 0.6629176227407717, 0.27281493017620523]], "T": [-0.055670039559357315, 0.025676819731749685, -0.03401607736816377], "aligned_model": [[0.17114932364739865, -0.6886375100066587, -0.42995313074540653, -0.4179829336139992, -0.0928308920079685, 0.16878159901672413, 0.01619729945164307, 0.6316114744584314, 0.6051791301104156, -0.12334001320988114, -0.665397606597594, -0.0788445692018892, -0.41312261973627307, 0.2549264132728444, 0.6067918652191403, -0.04202928526429181], [-0.6075792530812355, -0.05656774479524126, 0.05984035515656125, -0.6330183892778377, 0.5410254460230755, 0.0005930186754585301, -0.5581938003811179, 0.4428216973719354, -0.21319803853757022, 0.5508725833779049, 0.4851497852877103, -0.28725807781753604, 0.19876694919861398, 0.18459904363155177, -0.2390199145160115, -0.02963338225584783], [0.20186267026946986, -0.18223675133278755, -0.7274411619489692, 0.08412629604810824, -0.3397676606952665, -0.59116858510832, -0.36072607681964236, -0.12184210864111192, -0.24865691783935162, 0.4956360892641913, 0.17357643486936797, 0.735786931376938, 0.7137008469432725, 0.590214022746378, 0.36326924382282805, 0.004941590039599486]], "inverted": false, "swapped": false, "error_lsq": 0.034912439715257024, "error_max": 0.23970604497861003, "target": "860.xyz", "model": "23.xyz", "model_rescale": 4.274766983524099, "target_rescale": 4.149893992047573},
{"mapping": [12, 0, 3, 1, 6, 2, 4, 5, 7, 8, 15], "R": [[0.713581308690839, 0.4505072025162343, 0.536511860416959], [0.485886378337357, -0.869952091166231, 0.08424836153723653], [0.5046941085779351, 0.20056574871223354, -0.8396768647582383]], "T": [0.08233738918930114, 0.04840495499737341, -0.03325421580164611], "aligned_model": [[0.28550801299631134, 0.08404897348485421, -0.49335720516554815, -0.4851552037012158, -0.35930339247545273, -0.5550070091692856, -0.03960746217206154, -0.02362305481152724, 0.6567380772010063, 0.2368793640546314, 0.07277360371636231], [-0.2608110921725514, 0.7171705806094031, 0.4132556493411933, -0.20779222753575866, 0.4767425645286961, -0.16510467579803334, -0.5607072138592546, -0.026096227208830765, -0.06100370395765862, 0.5550085903125649, 0.03492428698371319], [-0.6809251959381744, -0.25422120666670656, -0.4578704325675014, -0.3334561909840649, 0.1162787903795181, 0.3768471033219264, 0.11483658153746767, 0.7029156024915401, 0.3563011915487679, 0.4885606372122341, -0.049700446313429666]], "inverted": false, "swapped": true, "error_lsq": 0.03693792368499613, "error_max": 0.1802872035612988, "target": "860.xyz", "model": "24.xyz", "model_rescale": 3.7841303162186577, "target_rescale": 4.149893992047573},
{"mapping": [4, 12, 13, 5, 14, 11, 3, 7, 6, 10, 14, 2, 9, 8, 1, 15], "R": [[-0.6814865809880367, 0.258847172820978, 0.6845247848367678], [-0.007363378250546698, -0.9377375031592398, 0.34726669265769605], [0.7317935641927823, 0.23161717615768937, 0.6409615145348139]], "T": [0.09814536496563078, 0.05257780736098828, 0.11730815260777826], "aligned_model": [[0.2518004173653636, -0.6297555754944362, -0.367446669872896, -0.3972730940193663, -0.5555895139507576, 0.23191325507099939, -0.027669866306587382, 0.6093542600708644, 0.5408325952239272, 0.09148324983885645, -0.5555895139507576, -0.2750632446092617, -0.36754527452659447, 0.21652662879416917, 0.607642178943383, 0.12887871221572914], [-0.6742044185895992, -0.13866022886005752, 0.0791684273762085, -0.6707699615202126, 0.4857740885436344, 0.25465718160222317, -0.5149056363123592, 0.39638490067846616, -0.32901721930230404, 0.8299828251011422, 0.4857740885436344, -0.3671576610573224, 0.2494573822776997, -0.01685197619942399, -0.24276737660610465, 0.012335862384788322], [0.18717991924280586, 0.023712528736766533, -0.5107977248469443, 0.09147597896321073, -0.002151683187615591, -0.6111818248426427, -0.44048657340682673, -0.09070076126403782, -0.3074737962025595, 0.0881163747984778, -0.002151683187615591, 0.6206276318831772, 0.4114363046028925, 0.6923065570994563, 0.5714233501702113, 0.06994026443594872]], "inverted": true, "swapped": false, "error_lsq": 0.045189807496737795, "error_max": 0.34442983935029553, "target": "860.xyz", "model": "25.xyz", "model_rescale": 4.19342608120988, "target_rescale": 4.149893992047573},
{"mapping": [13, 0, 11, 4, 12, 7, 1, 5, 3, 8, 6, 15], "R": [[0.09227053983879874, -0.9871482320208427, -0.13047802687035726], [-0.3700548350558344, 0.0876559761483493, -0.9248653139226705], [0.9244163383073972, 0.13362184650574563, -0.35721091193682647]], "T": [-0.11925389532707506, 0.049461109874373105, 0.002281621705670249], "aligned_model": [[-0.18326834042442777, 0.48617586132405544, 0.05626494887312261, -0.6144155793722639, -0.4593509473418905, -0.4910560674288905, -0.0806371803592057, -0.16900757791647242, 0.48260739377243667, 0.2417328211658797, 0.45506870864804894, -0.1263054863086118], [-0.5961173843919675, -0.3093428617308932, -0.530479702530097, 0.4307379634305192, -0.3871056733798909, -0.09139511411987714, 0.3617166577696803, 0.5978694099745689, 0.0846414629893364, 0.08582835879574688, 0.31555610064205, 0.05086721029180454], [-0.01900056355851635, 0.03041207308225142, -0.5319054926959486, -0.12910305348577827, -0.49783236898684236, 0.5815764425189237, -0.6131948501115996, 0.5077486835987324, -0.5281564596113579, 0.651271005176053, 0.017341839420617684, -0.01989879413711429]], "inverted": false, "swapped": true, "error_lsq": 0.041482672457371986, "error_max": 0.21540429781908044, "target": "860.xyz", "model": "26.xyz", "model_rescale": 3.795458400668931, "target_rescale": 4.149893992047573},
