[{"mapping": [9, 4, 12, 14, 11, 6, 13, 1, 0, 3, 2, 5, 7, 16], "R": [[0.6540497311654132, 0.682180995527354, 0.3268761822215857], [-0.5790461383787066, 0.1734516949193132, 0.7966304533209394], [0.48674892787879737, -0.7103123248761252, 0.5084603055676181]], "T": [-0.014291765330378466, 0.12404204676103167, 0.07972200315150915], "aligned_model": [[0.053465599681877495, 0.10858651039968634, -0.49022218316293964, -0.38289296633454456, -0.6542374103100734, 0.17310872629103524, -0.8508056923459397, -0.013006913813046868, -0.4181445575747236, 0.4359089124216513, 0.597228968167892, 0.2464731186932665, 0.5785667342889724, -0.012536745274809644], [-0.6018600547505335, -0.4105300754487229, -0.41645800846205727, -0.34512519207063763, 0.16806036622909934, 0.24413520312266057, 0.18190723077372853, 0.49031423260172624, 0.7756854351990292, -0.13119920769011242, 0.4162903847568904, 0.7315943864593593, 0.030210414192256896, 0.10224821689734814], [0.35369071600405366, -0.24417151323566713, 0.35622333800371786, -0.1664090013787579, 0.49379835925025883, -0.7384892789241899, -0.1206066789489571, 0.6512561174175874, 0.24230846496856212, 0.5643414509938577, 0.4468740080063841, -0.035384524076110396, 0.04042259470460334, 0.053734034394491134]], "inverted": true, "swapped": true, "error_lsq": 0.04135952626361672, "error_max": 0.2634684574152095, "target": "862.xyz", "model": "0.xyz", "model_rescale": 3.8414455957264533, "target_rescale": 4.141427512355542},
{"mapping": [3, 12, 6, 14, 4, 15, 8, 7, 0, 5, 13, 10, 11, 1, 16], "R": [[-0.9581464004671021, 0.06635676648269592, 0.27848205474302473], [0.13065240716196513, -0.7641936530921047, 0.6316153964847028], [0.2547261741060784, 0.6415643694250056, 0.7235397266975567]], "T": [-0.07439659896320425, 0.0036179938615888314, 0.05800406781609075], "aligned_model": [[-0.67657510572726, -0.36984980872038364, 0.2326637059572967, -0.1718854316087493, -0.43552569664087903, 0.28373743129953266, 0.5601472392379858, -0.42446100720357294, 0.5767806009254162, 0.31939277587545367, 0.4559246602113144, -0.5167444604118611, 0.12011241764050898, 0.001095973331184219, -0.08276914066144217], [0.2745685654356335, 0.2098454726233242, -0.7628920799283531, -0.27851023866942787, -0.4826795636042559, -0.525648556433722, -0.19346061370783843, -0.19651601700682741, 0.4392814905045283, 0.01623208229560157, 0.026769155890965474, 0.6583907406594931, 0.547490147624707, 0.6414923225056459, -0.027318380146459553], [0.3161737624053553, -0.6241107966585443, 0.25084412719554705, -0.5142413364328714, -0.13916057115638433, -0.383893411585014, 0.06976420989906854, 0.5043574111694786, 0.07633745546705423, 0.6012705731892249, -0.621303591678612, -0.2539381657890351, -0.441292029182687, 0.2776069391978705, 0.04676721129908418]], "inverted": true, "swapped": true, "error_lsq": 0.040872233486140705, "error_max": 0.23418436834548803, "target": "862.xyz", "model": "1.xyz", "model_rescale": 4.316132596720782, "target_rescale": 4.141427512355542},
{"mapping": [1, 11, 0, 7, 5, 3, 6, 9, 13, 10, 14, 16], "R": [[-0.5058224800140195, -0.7092323416085203, -0.49105305653153397], [0.27824152541817654, 0.4046837420437402, -0.8710985721825295], [0.8165324685800516, -0.5772525916286306, -0.00736024541685848]], "T": [-0.10681533909489055, 0.07162839290532341, -0.1196744484459634], "aligned_model": [[-0.18462063305993281, 0.5107654344963695, 0.1440769443456109, -0.6644980068143704, -0.49647154656562326, -0.48552836461245263, -0.3225940394697745, -0.01007962466804807, 0.6945429728616441, 0.16159937113351053, 0.3545245866619962, -0.10390853967714855], [-0.5556501069128098, -0.32017842121382356, -0.6065442997727626, 0.2714025511404489, -0.29154402299337273, 0.061664548971525956, 0.4966340958715813, 0.4901125947149577, 0.00041878258023375636, -0.16044994067121632, 0.5224116633138918, 0.1044989827123256], [0.1278659091339225, 0.09943437875530245, -0.42184228604696017, -0.015221841142759582, -0.5278919384350736, 0.47962674758705015, -0.8209737550843546, 0.530015440273626, -0.4294962645587911, 0.6522064542853888, -0.09675871611836441, -0.1277056674395655]], "inverted": true, "swapped": true, "error_lsq": 0.04603991783662607, "error_max": 0.26333210652976435, "target": "862.xyz", "model": "2.xyz", "model_rescale": 3.795458400668931, "target_rescale": 4.141427512355542},
{"mapping": [6, 4, 13, 10, 5, 1, 12, 7, 9, 3, 0, 16], "R": [[0.8616445402078033, 0.3675287773403884, 0.3499875485738925], [-0.31218391618348323, -0.15988334879558375, 0.9364713114955813], [0.4001373374310719, -0.9161658761406634, -0.023026041539604677]], "T": [0.029763442423691167, 0.022155630442618396, -0.043181893103297946], "aligned_model": [[-0.09014409186503688, 0.11854569228191314, -0.8235109791616397, 0.1545955662982086, 0.13821629632742494, 0.16588809995949189, -0.2347180130518487, 0.58179688215048, 0.29833521295504084, 0.6507466203672982, -0.3925089882214706, 0.02606152770370355], [-0.22940090527089915, -0.6011246579576672, -0.0075429222817926245, 0.06520016416278313, 0.5161277947900779, 0.601647271828911, -0.33934180897755806, -0.08364340811253426, -0.5110213600123371, 0.0016150959656650588, 0.6820813769636083, -0.008827595808547382], [-0.8440267626887981, -0.14020162640355838, 0.07630144430499214, 0.7960266903548424, -0.4843135765643724, 0.28311202946963937, 0.584888343010218, -0.25741462685311817, 0.45699335422252035, 0.2983481006068636, -0.024352542067254786, -0.056589396752873736]], "inverted": true, "swapped": true, "error_lsq": 0.04429843189073537, "error_max": 0.28824189809117656, "target": "862.xyz", "model": "3.xyz", "model_rescale": 3.7530521520055578, "target_rescale": 4.141427512355542},
{"mapping": [11, 5, 8, 6, 13, 7, 12, 3, 9, 4, 16], "R": [[-0.6088937674495823, 0.49068462445324984, -0.6232792145469216], [0.6302296157913958, 0.7763960174733645, -0.004455943326504175], [0.481725037070406, -0.3955222160342863, -0.7819866784561256]], "T": [-0.12071938647004611, -0.03361705073059743, -0.07519962623885548], "aligned_model": [[-0.35055743418636215, -0.1154405179035914, 0.3237388707767608, 0.6091133346577676, 0.2921134897846858, -0.235838570272158, -0.22767558183523434, -0.6921383031153193, -0.35962989863883155, 0.18942435031631277, -0.09491013713882503], [-0.747977064856465, 0.09797809448054798, -0.27591911154636695, 0.3166190345439054, -0.7843157504442084, 0.5555453127424159, -0.42309120748714407, 0.329731102257482, 0.13216124880838823, 0.28692397902876604, -0.02045227921297487], [0.06548268145238145, -0.7332441035553172, -0.5057466387612706, -0.3275681986157811, 0.021008424440219192, -0.11347889390863716, 0.5820471417115639, 0.13490344101456903, 0.6473120343532779, 0.3795945527266247, -0.05747966361231377]], "inverted": true, "swapped": true, "error_lsq": 0.043376959257653114, "error_max": 0.2531333098625736, "target": "862.xyz", "model": "4.xyz", "model_rescale": 3.7855080009869324, "target_rescale": 4.141427512355542},
{"mapping": [14, 9, 3, 5, 4, 2, 1, 0, 12, 7, 10, 15, 8, 13, 6, 11, 16], "R": [[0.3733144703457711, -0.5272528274349593, 0.7633090869315642], [0.6196567251964635, 0.7540486801694142, 0.21779837201769792], [-0.6904070170191288, 0.39168232522875757, 0.6082130440512954]], "T": [0.041243552806343564, 0.10156593509197055, 0.049738919432687996], "aligned_model": [[0.5210948868699414, -0.029867910769045047, -0.32646366958694367, -0.7407154475008302, -0.32618137490976545, 0.15198151097854518, 0.1781966945258018, -0.3430838287036016, 0.6692862959101518, -0.5557473285844836, -0.44505680117998564, 0.27620796622278165, 0.04735417948184917, 0.6010326970681967, 0.03733606219188429, 0.5526872901331483, 0.06715448447965523], [0.1933419884857004, 0.3399938707855877, -0.036964287759799444, -0.07511562156130462, -0.35370376746003473, -0.2778960398604794, -0.63730162966062, -0.565473569102161, -0.16038704745071658, 0.24868346044425188, 0.6130127116476427, 0.8459356959868267, 0.7482698081060254, 0.406295620147887, 0.10854309469366775, -0.18502710990457238, 0.10698238540886298], [-0.41825387084695537, -0.6173512532412087, -0.5229890974790857, -0.06173750855316378, 0.5022090336903802, -0.5743855887896137, 0.1415130863813258, -0.07605713371155792, 0.05260436560871307, 0.4779068691280535, -0.13164033665209168, -0.21488060021591981, 0.3273116753614248, 0.3941856814841012, 0.7024357241038564, 0.5870711801514541, 0.0029838354142545653]], "inverted": false, "swapped": false, "error_lsq": 0.038646614008080185, "error_max": 0.25595215689542217, "target": "862.xyz", "model": "5.xyz", "model_rescale": 4.2253639853439635, "target_rescale": 4.141427512355542},
{"mapping": [13, 15, 5, 0, 8, 7, 1, 11, 4, 14, 6, 3, 10, 16], "R": [[-0.04819007968310898, -0.9885055404869845, -0.14329868333892784], [0.6314457913679079, 0.08101035597544784, -0.7711767208548816], [0.7739211386077346, -0.12764841813068395, 0.6202837677747516]], "T": [-0.026715660552582045, 0.012692679232595358, 0.12415895620407438], "aligned_model": [[0.4666503605971445, -0.06505137700479352, -0.44930032231089695, 0.20782886880398946, -0.20297980952473826, -0.47258726746990926, 0.22417753975050883, 0.6944867201952751, -0.17766584309715497, 0.222525775489446, -0.6944176027464034, -0.006206480791822039, 0.6647660490961987, -0.038164458229060734], [-0.19553289548506098, 0.12045250914110726, -0.5014068181460568, -0.7271892151933769, -0.4162032974991932, 0.23708451868335528, -0.422151233725483, -0.22709316477787672, 0.6017047037379962, 0.42121401221219973, 0.05363520295559206, 0.287601012378175, 0.1751623821064603, 0.03782143024715233], [-0.5514648960186826, -0.6443295857384608, 0.2107129466655636, 0.015834503220289925, -0.3518697740557921, 0.4598326547247821, 0.581074246097981, 0.051377470418900645, -0.0657155071281326, -0.30891637422470863, -0.3969061440690066, 0.777373728971702, 0.5901670875207979, 0.10438785254621462]], "inverted": true, "swapped": true, "error_lsq": 0.04142120353599482, "error_max": 0.23674115699564624, "target": "862.xyz", "model": "6.xyz", "model_rescale": 3.89814844738969, "target_rescale": 4.141427512355542},
{"mapping": [1, 10, 3, 0, 7, 12, 11, 5, 8, 14, 4, 6, 16], "R": [[0.6990257997689386, 0.5951880706824425, 0.3963761998086008], [0.5354488660022504, -0.06824881498334662, -0.8418055661197977], [-0.4739804248640444, 0.8006829958046323, -0.36640045998199733]], "T": [-0.016540240088992055, 0.08187647726954252, 0.02767216917688509], "aligned_model": [[0.05797394509783182, -0.12477994703536832, 0.48446178125468226, -0.3888544868577751, 0.5660304339169382, -0.46382242574499205, -0.6019607837161173, 0.23729180520380097, -0.3141763799694673, -0.4184566314123362, 0.05929265659364193, 0.07383305665931245, -0.018201223085928947], [-0.34957584308536804, 0.3074448646734837, 0.2903968769462459, -0.5957151216068597, 0.19656547259310753, 0.5718821060524638, -0.02928192257289093, -0.5000001118703765, -0.3206507437018338, 0.5662921601977496, 0.6544537982360947, 0.06532255624505294, 0.10664717336361615], [-0.49108089365760055, -0.7841837330792822, -0.42861828106004873, -0.10047722742650098, 0.12404573134853947, -0.36594717822023787, -0.44966824069963063, 0.24528790991397179, 0.4647176195782422, 0.1703952411888896, 0.29633183816977904, 0.870625102331734, 0.05084714244844052]], "inverted": true, "swapped": true, "error_lsq": 0.03970807914635944, "error_max": 0.21856435735258614, "target": "862.xyz", "model": "7.xyz", "model_rescale": 3.7474275329858107, "target_rescale": 4.141427512355542},
{"mapping": [11, 10, 9, 14, 7, 15, 13, 8, 4, 6, 0, 5, 1, 2, 16], "R": [[-0.9075585938792022, -0.40889142614150387, -0.09563054064456954], [-0.024631386989837994, 0.27917555063773253, -0.959924115074247], [0.41920244924256156, -0.8688318672528571, -0.2634397331363506]], "T": [0.0753617226552765, -0.056902039644343975, 0.022618272218770327], "aligned_model": [[-0.43688001375547525, 0.17329368528566855, 0.4660672437877057, -0.12944639073240505, 0.6388285183802839, -0.39480912040709215, -0.7426176948405419, -0.40937880475114485, 0.32394823776964904, 0.035696167820206154, -0.5037181008816106, 0.05811745364681495, 0.05219147949376701, 0.5908620576814613, 0.0799990038414596], [0.1739470985078136, 0.21952981291434798, -0.3657181029125747, -0.6095548697567253, -0.06755215560131808, -0.6423083428762398, -0.27282605498819446, -0.07003907898923165, -0.6412466386936732, -0.5178814673549896, 0.45779745291151114, 0.325584139961563, 0.5995518248233328, 0.4899406739890662, -0.0901063299550946], [-0.4943385427576775, -0.7746907639587691, -0.5761852113537119, -0.24042868333304485, 0.23290798782845482, 0.22235631482749962, -0.1432792944750153, 0.47701699623701577, -0.02757703147644836, 0.7332064958532444, 0.1406078115853182, 0.5737758181346558, -0.1486700005588548, 0.19405264555882668, 0.02804011358476788]], "inverted": false, "swapped": true, "error_lsq": 0.03858353145417184, "error_max": 0.2734540666083808, "target": "862.xyz", "model": "8.xyz", "model_rescale": 4.019505241142653, "target_rescale": 4.141427512355542},
{"mapping": [5, 7, 1, 0, 8, 11, 10, 6, 15, 4, 9, 14, 16], "R": [[0.6466767883660653, 0.749249769081182, 0.14294724523524902], [-0.7576849870686572, 0.6093981642965935, 0.23355371485529958], [0.08787827808576973, -0.2593427478911588, 0.961778949320967]], "T": [-0.04962063090264565, -0.05088715733725424, -0.028967155863796258], "aligned_model": [[-0.24268363780905772, -0.6490463834505548, 0.07969104301057012, 0.45513424341293074, 0.19953825383575963, 0.6437305766483802, 0.20995883507279003, -0.3361733561786041, 0.26059452570488006, -0.2868503274047619, -0.17123892635181698, 0.21499636087397903, -0.05795043562331831], [-0.5723939510790861, -0.007106586771304449, 0.07186638591626046, -0.4172886652624881, -0.6650112478562152, 0.19749554348463969, 0.7045263101910147, -0.6967249704318117, -0.4073003219874901, 0.11885254386837271, 0.6667121906481666, 0.1224593099172746, -0.052708312523274736], [-0.4046332606277856, -0.053503825747845214, -0.683962016410291, -0.5034595087099497, 0.019977840842578823, -0.2302068303249837, -0.3182350792580979, 0.4398527108173904, 0.5877926514110872, 0.5373224691338923, 0.2482402450066127, 0.5336108962491428, 0.003907201662127609]], "inverted": false, "swapped": true, "error_lsq": 0.048722478668426376, "error_max": 0.3280201055242497, "target": "862.xyz", "model": "9.xyz", "model_rescale": 3.877068213659057, "target_rescale": 4.141427512355542},
{"mapping": [10, 3, 5, 4, 7, 9, 15, 2, 1, 0, 13, 11, 12, 6, 8, 16], "R": [[0.007220472328622551, -0.31759913316547317, -0.9481975824646949], [-0.7150935392171811, -0.6644565408152566, 0.21711456776934476], [-0.6989914841750204, 0.676482295393134, -0.2319107782541357]], "T": [-0.03785353840027941, -0.047262108015233, -0.023759591319946066], "aligned_model": [[0.1357270074556515, -0.18749125918803897, -0.6397500916036467, 0.41544714797108195, -0.2608735012324438, 0.4488111083976517, 0.43796930577352045, -0.6879630856633068, -0.48150599720276444, -0.39907648063832857, 0.4022536373732395, 0.15549687486182187, 0.5808760433376519, -0.026468970809042647, -0.1636029787958654, -0.014440234720086414], [0.14430393746538042, -0.43681442777821544, -0.009253774824578655, -0.4797983020616299, -0.6046774203958545, -0.3831344649518999, 0.11155502983966611, -0.3431659420047277, 0.2583535159870615, 0.641545749111117, 0.6441525004554526, 0.6144853762082446, 0.16707183827931427, -0.3416006328612302, 0.28390056239268935, -0.06512466772724118], [-0.8330056490201392, -0.5969456868717546, 0.2705932389249046, 0.09115064766246564, -0.060911778976400585, -0.53064326487557, 0.569558354541051, -0.31352810378521945, -0.43677265999701553, 0.07232507460854723, 0.24361098206073514, -0.3518345133614854, -0.43160481274310114, 0.7713795392685617, 0.5385059376527137, -0.006842977978252042]], "inverted": true, "swapped": true, "error_lsq": 0.034524414776896606, "error_max": 0.26018634133235086, "target": "862.xyz", "model": "10.xyz", "model_rescale": 4.260839863003843, "target_rescale": 4.141427512355542},
{"mapping": [7, 6, 8, 5, 0, 1, 3, 4, 15, 13, 12, 16], "R": [[0.5837390552395711, 0.27437034153458556, -0.7641790569455615], [0.5846297086958918, -0.7951451861461303, 0.16109697904924403], [-0.5634330653220219, -0.5408003778057395, -0.624562352585392]], "T": [0.04220778873544164, 0.11183158548258548, -0.1050779359650777], "aligned_model": [[0.3275671667543923, 0.23893231534765247, -0.31745088117508496, -0.386415849310487, -0.7213058947552556, -0.4577957648155039, 0.2703590060991746, 0.6590534071270558, 0.1991113978992173, -0.21685622434684496, 0.2935567971218245, 0.07014317314798972], [0.04422534840049659, -0.7120849943861696, -0.4063658622072019, -0.2348666589487844, 0.07977296386739065, 0.5164485241454981, 0.6036505845089761, -0.016909973407377044, -0.39938439364948636, -0.0050349178709875875, 0.6086001826454928, 0.0950277024350862], [-0.6302726059970041, -0.14344384045565794, 0.10406605144167302, -0.4877655200851512, 0.06867372868104354, -0.3220797518960321, -0.5619650682650903, -0.011801312240085626, 0.45856727807137404, 0.7088407135346979, 0.4289142899572392, -0.09555588535150138]], "inverted": true, "swapped": true, "error_lsq": 0.04294833200387371, "error_max": 0.24178210740759995, "target": "862.xyz", "model": "11.xyz", "model_rescale": 3.890672605050136, "target_rescale": 4.141427512355542},
{"mapping": [3, 9, 4, 2, 7, 0, 12, 5, 1, 13, 6, 14, 8, 16], "R": [[0.6572136013040636, 0.7103777484701919, 0.251860550184749], [-0.12457660785229946, 0.43195098036527646, -0.8932519349755093], [-0.7433377099521846, 0.5556813880632476, 0.37238050959085467]], "T": [0.08899235768942658, -0.011999045331866975, 0.10045680293187942], "aligned_model": [[0.524773063420581, 0.18217605649479207, 0.26012860106929797, 0.66118337348449, 0.6874900119289067, -0.3597178132094033, -0.3704190186760481, 0.3209883428664497, 0.03713855495855568, -0.7367673754168792, 0.3153168219322397, -0.23788246385405964, -0.16798150882411506, 0.09344918861888639], [-0.3015627315847947, 0.16735428275225123, 0.546226940042955, -0.5268338277571728, 0.02654875279010158, -0.48164030484204506, 0.10344668897165697, -0.28095298584684375, -0.6884689271879672, 0.1858440555033571, 0.577714202780325, 0.484136147710201, 0.09882143440245923, 0.021518792093281284], [-0.37801242864448475, -0.6516954151041326, -0.15423824983126122, 0.14180751607035041, 0.054146496568242095, 0.5389391982025832, -0.5084081494069722, 0.6698506240841541, 0.07792036981139011, 0.24950203471080815, 0.6661656807718663, -0.1516700223599738, 0.7032066799977719, 0.09727610048651947]], "inverted": true, "swapped": true, "error_lsq": 0.04289354754039806, "error_max": 0.251593495734295, "target": "862.xyz", "model": "12.xyz", "model_rescale": 4.124412569039231, "target_rescale": 4.141427512355542},
{"mapping": [1, 0, 13, 2, 11, 10, 5, 9, 8, 7, 14, 15, 16], "R": [[0.2908580164783009, 0.5175303292639228, 0.8047135965933991], [0.8659872706926208, -0.4999929050943982, 0.008552301071027446], [0.4067771641189483, 0.6943842258773163, -0.593601621968898]], "T": [0.04989315567392678, 0.09545933575225943, -0.14277844054524338], "aligned_model": [[-0.2618023482986326, -0.020732211197067744, 0.7285394462941392, -0.6747915664854601, 0.465311788912925, 0.2505244117107438, -0.48097975909408514, 0.3533377121371521, 0.08083100055529907, -0.3681760608775168, 0.6560428041577013, 0.573698862542546, 0.06549422715201325], [-0.13827685238215479, 0.4394369011843162, 0.47637608481919225, -0.16088518397231386, -0.056374220720609325, -0.6423239032782346, 0.4790824075907244, -0.5559803244361242, 0.7412791487477942, -0.0636330442499014, 0.09901898433956831, 0.6270793280711799, 0.10268605079503995], [0.41311859658801775, 0.557837026810759, 0.22813550229276044, -0.08544752476232534, 0.4795568388210577, 0.22753214381711254, 0.0034233718310557604, -0.44299760615741834, 0.010791673731338991, -0.544944779443735, -0.3644429332152603, -0.3587974499251503, -0.1720667794203736]], "inverted": false, "swapped": true, "error_lsq": 0.04578487134501753, "error_max": 0.2542126398817266, "target": "862.xyz", "model": "13.xyz", "model_rescale": 3.9028299243045295, "target_rescale": 4.141427512355542},
{"mapping": [6, 1, 5, 8, 15, 4, 0, 13, 7, 11, 14, 10, 3, 9, 12, 16], "R": [[0.8682093157177341, 0.3777160852505832, -0.3217812036833703], [0.49084471625125536, -0.748770441137383, 0.44543719086662936], [-0.07269146187255521, -0.5446773222944971, -0.8354894170179105]], "T": [0.041739762567273915, 0.012822662485813464, -0.049486389285842564], "aligned_model": [[0.10105730521425313, -0.2166865245591278, -0.1907223037051667, -0.4497783689282749, -0.1809231421635899, 0.5040261989628958, -0.7026380058660745, -0.5991027882429644, 0.5342431457223265, -0.453622889970136, 0.1039077445528662, 0.11851162742348478, 0.5385506184918163, 0.591453175420282, 0.07120227748384086, 0.058361201744165425], [-0.8185421749137317, 0.5610365042764147, -0.14948036269246529, -0.4196631824669623, -0.6000649047929332, -0.2839388008946315, 0.15418885217264997, -0.15344857157639505, -0.04698896383392469, 0.4514172504621798, -0.18856160828631446, 0.7991519313918989, 0.491360220604889, 0.32605894558588494, 0.3416076531698697, -0.011880506085328597], [-0.20545096491363524, -0.35524061497226667, -0.6577517907229999, -0.16346042768504238, 0.37294290411925934, 0.2729997639437466, -0.24970596710057813, 0.5027003656063642, -0.38962313573279983, 0.33153578792466065, 0.560550275405012, 0.2627623884734126, -0.21339348600273164, 0.4046963622509606, 0.6477477540298501, -0.03314910499888065]], "inverted": true, "swapped": true, "error_lsq": 0.04290641773502918, "error_max": 0.2499453903520286, "target": "862.xyz", "model": "14.xyz", "model_rescale": 3.942246331269136, "target_rescale": 4.141427512355542},
{"mapping": [4, 9, 14, 10, 1, 12, 8, 15, 6, 13, 0, 5, 3, 2, 16], "R": [[0.3982604111451984, 0.7563716798513047, -0.5189321023345669], [0.9164810434668731, -0.3046227396776857, 0.25935975678029327], [0.03809385620187933, -0.5788841580058801, -0.814519483947127]], "T": [-0.10867447733594388, -0.01662269317497768, 0.03673738614674015], "aligned_model": [[-0.6540666845352701, -0.3556739632106618, -0.2750553741242271, 0.3057102938341905, 0.42544735342024304, 0.07087121309236605, 0.02257490702700224, -0.2967459386843785, -0.6576807073006354, 0.30697568779001494, 0.5693036382982721, -0.025254979649656534, -0.21847292034730348, -0.10694126155821881, -0.1366972275195265], [-0.019361885340424087, -0.5401268387116098, 0.17765758945329013, -0.6497432530737479, -0.33318052590240843, -0.21324899137592068, 0.6066871218156323, 0.6522450703941985, 0.5893089401367873, 0.5628287170072778, 0.2922303130613857, 0.17957634296759944, -0.7122548122857609, -0.48944352850663336, -0.0050295697580152576], [-0.29237243078434516, -0.4843369278411752, -0.5558314146954336, -0.3494627635681076, 0.31116992281545175, -0.6872822989405558, 0.22616450865862675, -0.3109715258457657, 0.261348222467917, -0.4477277972797754, 0.2798958454372527, 0.6730665528880353, 0.1187435701996862, 0.6455105350847511, 0.021448481763954072]], "inverted": false, "swapped": true, "error_lsq": 0.03396841200716634, "error_max": 0.2645222620616455, "target": "862.xyz", "model": "15.xyz", "model_rescale": 4.355366556412066, "target_rescale": 4.141427512355542},
{"mapping": [1, 11, 0, 7, 5, 3, 6, 9, 13, 10, 14, 16], "R": [[-0.5058224800140195, -0.7092323416085203, -0.49105305653153397], [0.27824152541817654, 0.4046837420437402, -0.8710985721825295], [0.8165324685800516, -0.5772525916286306, -0.00736024541685848]], "T": [-0.10681533909489055, 0.07162839290532341, -0.1196744484459634], "aligned_model": [[-0.18462063305993281, 0.5107654344963695, 0.1440769443456109, -0.6644980068143704, -0.49647154656562326, -0.48552836461245263, -0.3225940394697745, -0.01007962466804807, 0.6945429728616441, 0.16159937113351053, 0.3545245866619962, -0.10390853967714855], [-0.5556501069128098, -0.32017842121382356, -0.6065442997727626, 0.2714025511404489, -0.29154402299337273, 0.061664548971525956, 0.4966340958715813, 0.4901125947149577, 0.00041878258023375636, -0.16044994067121632, 0.5224116633138918, 0.1044989827123256], [0.1278659091339225, 0.09943437875530245, -0.42184228604696017, -0.015221841142759582, -0.5278919384350736, 0.47962674758705015, -0.8209737550843546, 0.530015440273626, -0.4294962645587911, 0.6522064542853888, -0.09675871611836441, -0.1277056674395655]], "inverted": true, "swapped": true, "error_lsq": 0.04603991783662607, "error_max": 0.26333210652976435, "target": "862.xyz", "model": "16.xyz", "model_rescale": 3.795458400668931, "target_rescale": 4.141427512355542},
{"mapping": [1, 10, 3, 0, 7, 12, 11, 5, 8, 14, 4, 6, 16], "R": [[0.6990257997689386, 0.5951880706824425, 0.3963761998086008], [0.5354488660022504, -0.06824881498334662, -0.8418055661197977], [-0.4739804248640444, 0.8006829958046323, -0.36640045998199733]], "T": [-0.016540240088992055, 0.08187647726954252, 0.02767216917688509], "aligned_model": [[0.05797394509783182, -0.12477994703536832, 0.48446178125468226, -0.3888544868577751, 0.5660304339169382, -0.46382242574499205, -0.6019607837161173, 0.23729180520380097, -0.3141763799694673, -0.4184566314123362, 0.05929265659364193, 0.07383305665931245, -0.018201223085928947], [-0.34957584308536804, 0.3074448646734837, 0.2903968769462459, -0.5957151216068597, 0.19656547259310753, 0.5718821060524638, -0.02928192257289093, -0.5000001118703765, -0.3206507437018338, 0.5662921601977496, 0.6544537982360947, 0.06532255624505294, 0.10664717336361615], [-0.49108089365760055, -0.7841837330792822, -0.42861828106004873, -0.10047722742650098, 0.12404573134853947, -0.36594717822023787, -0.44966824069963063, 0.24528790991397179, 0.4647176195782422, 0.1703952411888896, 0.29633183816977904, 0.870625102331734, 0.05084714244844052]], "inverted": true, "swapped": true, "error_lsq": 0.03970807914635944, "error_max": 0.21856435735258614, "target": "862.xyz", "model": "17.xyz", "model_rescale": 3.7474275329858107, "target_rescale": 4.141427512355542},
{"mapping": [12, 4, 9, 15, 11, 0, 10, 7, 13, 1, 8, 6, 5, 16], "R": [[0.8546397082067284, -0.5153209632391224, -0.06352380658163868], [0.5190972645725124, 0.8453402146342647, 0.12624559966759438], [-0.011357775735297403, -0.1408695366940583, 0.9899630167647416]], "T": [0.060220021718351224, 0.0883289878584938, 0.06299216380547337], "aligned_model": [[0.521824623822656, 0.17970427193365626, 0.739121289068652, -0.4277113876436036, 0.2232628475941201, -0.3069756246261675, 0.7996503915086572, 0.20099530213121636, -0.2828621158652089, 0.25642561779267664, -0.5858899084553928, -0.5944819037425442, -0.3631154322816044, 0.054899676645763285], [-0.4169139719279295, 0.32637199837115116, 0.11425960574106708, -0.13176122401925822, -0.6441712747404906, -0.37923904815586995, -0.2973121735294541, 0.6721198441423262, -0.6588741987400089, -0.09207809640993259, -0.06213214475536827, 0.4933861648268978, 0.33820991484582374, 0.09854284586227943], [-0.29303284008031105, -0.5156549424211471, -0.3178023337398226, -0.5001594015731926, 0.20366082371290167, 0.5735977161332941, 0.22495067842929126, 0.09764149121272844, -0.19627132242439801, 0.68730366998547, 0.10207626294882796, -0.29240210284072443, 0.5198447642553161, 0.031042255063421065]], "inverted": true, "swapped": true, "error_lsq": 0.03537381774775468, "error_max": 0.18551932950951178, "target": "862.xyz", "model": "18.xyz", "model_rescale": 3.922800546911778, "target_rescale": 4.141427512355542},
{"mapping": [0, 1, 11, 8, 9, 5, 3, 15, 7, 13, 12, 14, 6, 4, 16], "R": [[-0.1756943886586526, -0.697147227000227, -0.6950663462431173], [-0.9797180904539964, 0.1929279158527737, 0.054141319912618], [0.09635323051687317, 0.690481399583363, -0.7169041022329021]], "T": [-0.03585507058158331, -0.014103952745705944, -0.01959828344178872], "aligned_model": [[-0.06980467692448943, -0.21458774560310706, 0.48550248426962317, -0.10686504902899976, 0.3400207959161142, -0.6036218705978719, -0.23049001734690439, 0.3407354693208102, -0.46908704764006875, 0.6037362160937438, 0.6785172486953246, 0.5204853411495898, -0.30392459290819296, 0.15170086868636068, -0.026266587194314732], [0.5086317814937823, -0.11403435777272294, 0.08594759003218082, 0.6457663178457796, -0.6754623865270231, 0.3164342735108395, -0.6838898534642769, 0.49801934422556227, -0.3428523088036619, 0.5517511334652535, -0.2903587954310699, 0.009287362051865256, 0.4509094466042308, -0.2287775844346127, -0.013760457761548174], [-0.6024921995560009, -0.6668051698117032, -0.5683270492675155, 0.014357129275938043, 0.14745300259133173, -0.15653996667089357, -0.14683366431313571, 0.4271295320679257, 0.23743204898785608, -0.13777830672032748, -0.11156845161227925, 0.306750314582708, 0.6368408090911021, 0.5500607689313828, 0.012980369586940241]], "inverted": true, "swapped": true, "error_lsq": 0.039694975011244936, "error_max": 0.250942839911398, "target": "862.xyz", "model": "19.xyz", "model_rescale": 3.9282355846067225, "target_rescale": 4.141427512355542},
{"mapping": [0, 8, 6, 13, 11, 15, 14, 4, 10, 3, 5, 1, 7, 16], "R": [[-0.39026031798082716, -0.8098826192360234, 0.4379349578064102], [-0.7175290452896713, 0.5655841765254926, 0.4065299600640445], [-0.5769306313372492, -0.15557854069047894, -0.8018393631528852]], "T": [0.03443543126284238, -0.06497153871224988, 0.11625037396548828], "aligned_model": [[-0.615867163797027, -0.07613224468481064, 0.604272426938435, -0.4248384620405938, -0.6617352951218523, 0.18955410611595927, 0.14290667895210804, 0.5452254960520583, -0.4172055145988398, 0.14986235414158555, 0.013813015732676438, -0.47129358328579113, 0.4930922530885592, 0.06086875159220935], [-0.5022309649852599, -0.6555002307763926, -0.620149846703634, -0.18113043829204428, 0.15516852768641554, -0.29808884702005756, 0.21217428250434123, 0.20033421110878935, 0.6300126566720876, 0.3903053132850371, -0.6492967316789572, -0.06068297951691963, -0.03708049955841448, -0.06095236530015583], [0.12526536473058736, -0.16778274731962145, -0.17713309059249288, -0.6040343693563759, -0.10693551391339841, -0.6084916245925606, -0.45645321164633584, -0.15665950726347977, 0.30259511301432174, 0.6473665297726607, 0.44565357319904336, 0.5690505294839562, 0.5044333579734922, 0.09530875375388649]], "inverted": false, "swapped": true, "error_lsq": 0.038367789290813546, "error_max": 0.202710707223758, "target": "862.xyz", "model": "20.xyz", "model_rescale": 4.067790424073018, "target_rescale": 4.141427512355542},
{"mapping": [4, 10, 15, 6, 13, 11, 8, 9, 12, 3, 2, 5, 7, 1, 16], "R": [[-0.8113065117191683, -0.5830198757700511, -0.043238507133686474], [-0.5780700817448432, 0.8110592970355514, -0.08954215366914114], [0.0872738485090799, -0.04765124499183748, -0.9950440363205754]], "T": [0.06966379161778227, -0.02803964540205053, 0.04161150198203864], "aligned_model": [[0.3632423150756745, -0.004262484519654525, -0.2957480065380179, 0.20389140849465498, -0.7386376586088819, -0.5470488835595819, -0.32267857682684753, 0.3768871393739994, -0.19749185608686434, 0.5806182068948548, 0.5493587936310892, 0.11206325317032292, 0.6596803168665858, -0.04995991738311868, 0.0785299039233002], [-0.12244224981662977, 0.8182337946879482, -0.49845378151246345, -0.842766694957477, -0.11024486581551184, 0.42147774476622135, -0.5496328469345589, 0.5027887477095743, 0.5095012922717836, 0.4470138361572736, 0.0961698086487947, -0.41553403831053715, -0.11213006774841038, 0.339871210844903, -0.042956750063062696], [-0.5157691877551579, 0.0336674552350302, -0.45722835760299696, -0.1512972696460829, -0.24670529909305475, 0.06456497381472671, 0.16664013526554164, -0.4384080900914348, -0.4429301997462416, 0.16784356057427346, 0.6320621856097257, 0.587888047284615, 0.1230935254512993, 0.5994107300510221, 0.012417364269875771]], "inverted": false, "swapped": true, "error_lsq": 0.03642465748330626, "error_max": 0.2621034368621194, "target": "862.xyz", "model": "21.xyz", "model_rescale": 4.186013935880536, "target_rescale": 4.141427512355542},
{"mapping": [14, 12, 13, 6, 7, 15, 4, 9, 0, 1, 3, 5, 16], "R": [[-0.9072723774597351, 0.41921478208598817, 0.033403586321798295], [-0.2456135900510361, -0.592682857865199, 0.7670730045927715], [0.34136607546855313, 0.6877397738049894, 0.6406896331655916]], "T": [-0.004228428038337847, 0.02461366938816123, 0.09694117157412747], "aligned_model": [[-0.010209364022558409, -0.4004970668770979, 0.4246647075069582, 0.6063044914457678, -0.21023659463137068, 0.5141143678903497, -0.140615065334205, -0.6756883232172501, 0.405128070622798, -0.18868569391648626, -0.6472475309739626, 0.3811311394824704, 0.00041089744781198315], [-0.33494445140067475, 0.013760709488955913, 0.1865861017834386, -0.5219155986628206, -0.2498868523749176, -0.35742828644421654, -0.5856938292180417, -0.2794323106952574, 0.6878257873640643, 0.6576628478482676, 0.05221456057511559, 0.25829226667698624, -0.00808428539480633], [-0.4390134915693871, -0.5648416021694886, -0.6331623278764711, 0.3150382278831894, 0.59094533976958, -0.3378244400919539, -0.02428950424700997, -0.15461683023823541, 0.014798097377275402, 0.258286960021161, 0.39434557893009453, 0.5941936222593729, 0.0890199312872187]], "inverted": true, "swapped": true, "error_lsq": 0.04179311197645187, "error_max": 0.23832900337103333, "target": "862.xyz", "model": "22.xyz", "model_rescale": 4.166573947596378, "target_rescale": 4.141427512355542},
{"mapping": [15, 8, 5, 7, 6, 13, 0, 14, 4, 3, 12, 2, 1, 11, 10, 16], "R": [[0.4571647778778493, -0.03188292386076963, 0.8888103538066967], [-0.5952044342513069, -0.7535421848363176, 0.27911620719637725], [0.6608570551302897, -0.6566259626592583, -0.3634698032111112]], "T": [-0.04265504960549153, -0.028131986956710667, -0.02463348786754238], "aligned_model": [[-0.7798737473399298, -0.28340508214073046, 0.2911528987744248, 0.2254884835022845, -0.45404566224966775, -0.6319336279516407, 0.12667187515457307, -0.6289230802502153, -0.43270863430453943, 0.43904491384158933, -0.3567683013353639, 0.6884476508216202, 0.5168440041562767, -0.09808708279659514, 0.23464473241261918, -0.06931609927394966], [0.020501017989085782, 0.213337869235174, -0.019424899744516957, -0.5657632145827433, -0.4449447574049796, 0.598836816046269, 0.6471474906982558, -0.02884996805636171, -0.4866504925130863, -0.31733773050522984, 0.22968689227860684, -0.25499073384009624, 0.3520727508594225, 0.6712146682051205, 0.2840067948008295, -0.04913506584407153], [-0.2650495225562889, -0.5950332524952692, -0.6067538560508332, -0.05432739430489533, -0.6378511415601719, -0.07845158563475181, -0.3844897934591384, 0.2452822314094616, 0.18367497469136385, 0.40781297189693827, 0.6310839444819586, -0.11513897731013592, 0.03205315002626713, 0.2766451460704592, 0.7152186253278277, -0.023414987368698507]], "inverted": true, "swapped": true, "error_lsq": 0.03718994340291506, "error_max": 0.24763453397386787, "target": "862.xyz", "model": "23.xyz", "model_rescale": 4.274766983524099, "target_rescale": 4.141427512355542},
{"mapping": [15, 11, 0, 5, 1, 2, 7, 3, 9, 10, 16], "R": [[-0.200797765925072, 0.27459522782865076, 0.9403604192293674], [0.2304169689693595, 0.9462195955612782, -0.22710459569727862], [-0.9521492937614738, 0.17107290209025675, -0.25327018095295817]], "T": [0.027096335173473513, -0.03749089631221117, -0.11156870728283308], "aligned_model": [[0.40319817394801194, 0.14269708706241832, -0.45125303818630025, -0.6010311306988555, -0.4137178970530596, -0.529993986052609, -0.09537836595003639, 0.006721800417051532, 0.6144582407373552, 0.2530201548025959, 0.05117366493150256], [-0.17937437606047021, 0.7108174610691755, 0.461779251366245, -0.21223489868405568, 0.4026330651467921, -0.1870995487189854, -0.5061513744699425, -0.07353385847741278, -0.010405394322643133, 0.5687410157472853, -0.05958481135250489], [-0.7764543607900475, -0.20953981574431108, -0.4804612901686125, -0.2705910424281034, 0.15821253733958007, 0.3997383612677665, 0.24506461020640513, 0.5962240170800418, 0.3991720729459731, 0.439020281082265, -0.12081893676938034]], "inverted": false, "swapped": true, "error_lsq": 0.04559318742236158, "error_max": 0.2275816872419913, "target": "862.xyz", "model": "24.xyz", "model_rescale": 3.7841303162186577, "target_rescale": 4.141427512355542},
{"mapping": [15, 13, 12, 1, 11, 10, 0, 8, 14, 4, 6, 5, 3, 2, 7, 16], "R": [[0.6984373948453166, -0.13591407942958078, -0.7026468305589209], [-0.18785033866669776, -0.9821922466777812, 0.0032620283351741663], [-0.6905776247059372, 0.12971412251124445, -0.7115312998573173]], "T": [-0.030228508876900147, 0.02736922964977853, 0.12451176168263885], "aligned_model": [[-0.033448355689608855, 0.15524247978514907, -0.522044811126426, 0.28609812910435023, 0.06645957810659946, -0.3842554138147111, 0.6548349766519479, 0.4801998965395971, -0.42460062331024684, -0.5491055853121477, 0.12803672464893795, 0.5439521093384686, -0.3812576609116414, 0.14714994200867787, -0.19948673994831612, -0.04993209759785196], [0.07272657260320547, -0.5098171830757788, -0.5494522957494554, -0.2974344331540769, -0.7284735084103161, -0.6089406510524751, -0.3528069588277474, 0.10537779754832241, -0.14255701279730434, 0.2900236996217418, 0.6802220183064213, 0.3396620167012834, 0.07420157537185892, 0.3056430072422617, 0.5151668202756076, 0.04327100376441205], [-0.651109789862628, -0.5237681013639449, -0.01865497037196763, 0.6297327504257141, 0.07675782137841514, 0.5620978947865859, 0.10649433749204824, -0.2938202444808918, -0.3573190408309728, -0.13539715198067076, -0.3929303749675011, 0.27668769816603944, 0.7387348671297894, 0.8211234778448063, 0.43311374019204063, 0.10187710226039154]], "inverted": false, "swapped": true, "error_lsq": 0.03695994799465626, "error_max": 0.24047854409594518, "target": "862.xyz", "model": "25.xyz", "model_rescale": 4.19342608120988, "target_rescale": 4.141427512355542},
{"mapping": [1, 11, 0, 7, 5, 3, 6, 9, 13, 10, 14, 16], "R": [[-0.5058224800140195, -0.7092323416085203, -0.49105305653153397], [0.27824152541817654, 0.4046837420437402, -0.8710985721825295], [0.8165324685800516, -0.5772525916286306, -0.00736024541685848]], "T": [-0.10681533909489055, 0.07162839290532341, -0.1196744484459634], "aligned_model": [[-0.18462063305993281, 0.5107654344963695, 0.1440769443456109, -0.6644980068143704, -0.49647154656562326, -0.48552836461245263, -0.3225940394697745, -0.01007962466804807, 0.6945429728616441, 0.16159937113351053, 0.3545245866619962, -0.10390853967714855], [-0.5556501069128098, -0.32017842121382356, -0.6065442997727626, 0.2714025511404489, -0.29154402299337273, 0.061664548971525956, 0.4966340958715813, 0.4901125947149577, 0.00041878258023375636, -0.16044994067121632, 0.5224116633138918, 0.1044989827123256], [0.1278659091339225, 0.09943437875530245, -0.42184228604696017, -0.015221841142759582, -0.5278919384350736, 0.47962674758705015, -0.8209737550843546, 0.530015440273626, -0.4294962645587911, 0.6522064542853888, -0.09675871611836441, -0.1277056674395655]], "inverted": true, "swapped": true, "error_lsq": 0.04603991783662607, "error_max": 0.26333210652976435, "target": "862.xyz", "model": "26.xyz", "model_rescale": 3.795458400668931, "target_rescale": 4.141427512355542},
