[{"mapping": [8, 2, 5, 7, 6, 1, 11, 4, 9, 12, 0, 13], "R": [[-0.10457255653809178, -0.7370688607705611, -0.6676781222276755], [0.9594514998197441, 0.10193315090126748, -0.2627973596537517], [0.2617582852800108, -0.6680861675186267, 0.6965224137510164]], "T": [0.20610735508681344, 0.10343371541188656, -0.018120885194625312], "aligned_model": [[-0.3723128815997492, 0.34597405004729603, 0.43986923394096933, -0.5101851658157069, 0.22177452661209182, 0.6851177637320875, -0.2461594051253645, -0.3044582407739459, -0.2267777559614197, 0.16558848753218036, 0.5103938189026704, 0.043529593202853656], [-0.16984866292961404, -0.5249070245668603, 0.24306539978634323, -0.10603408888941163, -0.5457884391848595, 0.41127742844302645, 0.4202124054954293, -0.7040664129440621, 0.15857099939958927, 0.6002864379405219, 0.10120056155151355, 0.09606661061470528], [-0.4668144366327687, 0.4024542775688169, -0.7239959712792134, 0.1020570908899073, -0.42161985409641783, 0.07582266263948831, -0.44493217834350135, 0.0077739335835529735, 0.570363211711523, 0.27618406118171224, 0.6909751559330232, -0.010768377927777746]], "inverted": false, "swapped": false, "error_lsq": 0.052698988710299426, "error_max": 0.3465640520109797, "target": "864.xyz", "model": "0.xyz", "model_rescale": 3.8414455957264533, "target_rescale": 3.836510080708496},
{"mapping": [12, 6, 13, 1, 8, 7, 0, 10, 3, 4, 2, 14], "R": [[0.40938721810880296, -0.2490797768821849, 0.8777023244799211], [-0.9097630359802559, -0.183990148296268, 0.3721274562484004], [0.06879915706695316, -0.9508453555012184, -0.30192678898805647]], "T": [0.12832827102788663, 0.001875789744869269, -0.008757113216944213], "aligned_model": [[-0.27314614766267387, 0.5420150496418503, 0.26225320396430435, -0.6916329358926949, 0.331423497671721, 0.5530089396786094, -0.0005166543583800809, -0.16666485198662778, -0.4340742292710425, 0.06388588412834535, 0.526075433234796, 0.03972683554575618], [-0.44998463409842654, -0.5342445216958581, 0.10279478208648803, 0.272676764954298, -0.5889748439352305, 0.4838751119985792, 0.6785132756472316, -0.599863993915653, 0.12688920261938696, 0.40807686766028906, 0.08813412580578386, -0.007856922410566763], [-0.47451455262967807, 0.3804284911472735, -0.7481666546498758, 0.0444250467590077, -0.4924411579143948, -0.02543000008338155, -0.23476168702266303, 0.13005783750782987, 0.5217633447288681, 0.34714329127739146, 0.606841312735221, 0.0021543033727459034]], "inverted": false, "swapped": false, "error_lsq": 0.04643806237989523, "error_max": 0.2516487402864114, "target": "864.xyz", "model": "1.xyz", "model_rescale": 4.316132596720782, "target_rescale": 3.836510080708496},
{"mapping": [5, 6, 7, 0, 3, 10, 9, 4, 2, 1, 8, 11], "R": [[0.34899313659712083, 0.8978187706337639, -0.2685614374882973], [0.8143874653958874, -0.14877414997548666, 0.5609271864557235], [0.46365595738021737, -0.41447280658295144, -0.783093510245798]], "T": [0.061111435227994594, 0.05153346587571977, -0.015167384008758222], "aligned_model": [[-0.33062122204672534, 0.5454131855851518, 0.4360935845802509, -0.6445638770820403, 0.2532290305073913, 0.6593809265180028, -0.08211865053915629, -0.23529742991993682, -0.2670716191063885, -0.07366100356080221, 0.4166044101578143, 0.07496668960040188], [-0.07967208064138567, -0.5368783509616732, 0.10184244273211229, 0.04966752017654461, -0.44171525663996813, 0.24207871010012738, 0.64340633516617, -0.6327390727091384, -0.03231093817039749, 0.508609936035159, 0.2256676743563772, -0.06792170472760589], [-0.5102335530252169, 0.293570873106589, -0.8259192044165709, 0.061858134030575135, -0.40351456908908706, 0.03962243515817285, -0.4383968186668841, 0.1803897911014699, 0.7503333674624004, 0.2446686288422602, 0.6408342455816363, 0.024286245142999943]], "inverted": false, "swapped": false, "error_lsq": 0.03595428369099427, "error_max": 0.18831379942351265, "target": "864.xyz", "model": "2.xyz", "model_rescale": 3.795458400668931, "target_rescale": 3.836510080708496},
{"mapping": [3, 4, 9, 6, 5, 7, 8, 10, 2, 1, 0, 11], "R": [[0.689502746782427, 0.2142023854319058, -0.6918838777242681], [0.2707785939857156, -0.9622327874117202, -0.028053803110994383], [-0.6717625437746643, -0.16800416930883805, -0.7214635707201299]], "T": [0.06678727678052102, -0.00656385961654007, 0.08061599295052412], "aligned_model": [[-0.3104809052848536, 0.5514005481125048, 0.3629894387815765, -0.4678078361152599, 0.021273559339136133, 0.6912467708600972, -0.16957319712638938, -0.01198511297470245, -0.530275058042361, -0.07950065372076298, 0.5053924869470386, 0.1896739839179391], [-0.017666554684274548, -0.4187511178144952, 0.004956343241804758, 0.16060272035183654, -0.552954099399971, 0.39965918779856263, 0.5757266497435354, -0.6697860363812416, -0.11586106625766826, 0.5190511683005145, 0.08600483853826792, 0.009053181279450529], [-0.6226730475579211, 0.1593965410049885, -0.735892553826101, -0.10257706486152134, -0.3589415379180696, -0.0877154438598325, -0.38374854716318874, 0.3854798810381511, 0.5489065014719694, 0.3946184225224256, 0.72191502609532, 0.1387313982821246]], "inverted": false, "swapped": false, "error_lsq": 0.05841915926253213, "error_max": 0.35977787238833847, "target": "864.xyz", "model": "3.xyz", "model_rescale": 3.7530521520055578, "target_rescale": 3.836510080708496},
{"mapping": [7, 3, 0, 6, 4, 9, 1, 8, 10, 5, 11], "R": [[0.36725544136911126, 0.27072739837676196, -0.8898483671687719], [0.01690367440480023, 0.954601937033856, 0.2974044512155569], [0.92996650830898, -0.1242651100645717, 0.3460064679225579]], "T": [-0.005796369246200923, -0.06197268670402338, -0.044214025117691305], "aligned_model": [[-0.3252604743787975, -0.23223524582802585, 0.20372380397832565, 0.45921859478448773, 0.3120117057631358, -0.0852195240138818, -0.20129972711049013, -0.6718495081970053, -0.4378856519795688, 0.35215479039271, -0.03515916096568471], [-0.6341933958272626, 0.12834948874917157, -0.4519490412769444, 0.4123389756793987, -0.6882969960720233, 0.5545879349833497, -0.40854541752560347, 0.03951617696040173, 0.30400951523696573, 0.30669275495070714, -0.09530663754381438], [-0.12754777713837273, -0.6722559085526562, -0.5435565862140337, -0.3959143730297535, 0.10057521903488527, 0.048943906057611786, 0.622855535346821, -0.11167104324390088, 0.608990891375739, 0.5217314863301754, 0.04067942727880047]], "inverted": false, "swapped": true, "error_lsq": 0.047128391521804563, "error_max": 0.22859784383165058, "target": "864.xyz", "model": "4.xyz", "model_rescale": 3.7855080009869324, "target_rescale": 3.836510080708496},
{"mapping": [10, 1, 7, 15, 5, 6, 8, 3, 14, 13, 12, 16], "R": [[0.9462184831347642, 0.23269292662670316, -0.22477674272941636], [-0.10844864621427497, -0.4264453161959761, -0.8979884650867213], [-0.30481055314479766, 0.8740700167563319, -0.37827520735457776]], "T": [0.1208669232749314, -0.058514086438686344, 0.05770836561382001], "aligned_model": [[-0.3417876743794651, 0.7036178805601137, 0.3504272760513974, -0.6085323460316527, 0.2150230502137108, 0.5722585541675697, -0.14650683271039014, -0.15894705099979714, -0.29990862394395756, 0.11134633521632054, 0.27256028991052594, 0.0828031666395883], [-0.11911053333714818, -0.3630585574832854, 0.0016210424381099403, 0.3252757468872733, -0.6247417012658395, 0.3602381149487055, 0.4996258296902794, -0.6893021992405363, -0.06317162788844889, 0.619922666557928, 0.10494688640675583, -0.07221045299747202], [-0.5019728543380515, 0.4328855583224642, -0.6529640501897093, 0.05728829834616977, -0.5129265058989061, -0.15901555429411288, -0.27740502205887985, -0.02120362300453115, 0.5874475889144527, 0.31167798872222996, 0.7006196315637438, 0.09306811914347446]], "inverted": true, "swapped": false, "error_lsq": 0.0417924275989539, "error_max": 0.2320295862547705, "target": "864.xyz", "model": "5.xyz", "model_rescale": 4.2253639853439635, "target_rescale": 3.836510080708496},
{"mapping": [5, 3, 10, 11, 2, 1, 8, 6, 7, 9, 0, 13], "R": [[-0.1886419397854395, -0.4113557131905799, -0.8917402625089079], [0.14686270016966746, 0.8860150392033359, -0.43978255718523607], [0.9710023511057329, -0.21392481747329023, -0.10672678490500162]], "T": [0.08263633194674444, 0.038399744633611635, 0.01870040504707447], "aligned_model": [[-0.2218665872994238, 0.2680032262600787, 0.34352544666844065, -0.6932673918733209, 0.2249494660478717, 0.6875145064718963, -0.10556048471265897, -0.27053568049536003, -0.0904038225904632, 0.07217480788827696, 0.4387197080834221, 0.09910083024520398], [-0.14230537720152775, -0.5607467418704292, 0.07485036054576609, 0.03186947481021059, -0.4971536893541908, 0.43572483534201084, 0.6140031956190081, -0.48946636676404, -0.29434582098686124, 0.606277591361598, 0.21679931265876112, -0.015471559443984033], [-0.5060518198779789, 0.3498681494015546, -0.7155479839933736, -0.04032972074796137, -0.35958665955257535, -0.10361455002771937, -0.4045341646795254, 0.12041012035797845, 0.7177917506554738, 0.2423110827781317, 0.714718273132474, 0.042065097781865964]], "inverted": false, "swapped": false, "error_lsq": 0.048179934602206986, "error_max": 0.32923616504117403, "target": "864.xyz", "model": "6.xyz", "model_rescale": 3.89814844738969, "target_rescale": 3.836510080708496},
{"mapping": [10, 7, 2, 9, 4, 0, 5, 11, 8, 6, 3, 12], "R": [[-0.5226979325527128, 0.6394792873269377, 0.5637846329804955], [0.6318779249281372, -0.15333369257375135, 0.759749344659283], [0.5722911490610628, 0.7533624757057725, -0.3239256410116963]], "T": [0.15339469251292812, -0.02574459672806432, 0.0017736047031865548], "aligned_model": [[-0.291086143578405, 0.5559486655247804, 0.3073834753996876, -0.7044089283552339, 0.34123282811422206, 0.6668057388236414, -0.21276924283276158, -0.3281820773335403, -0.2035632260234386, 0.02690351590139331, 0.49589100627188465, 0.09819841278173366], [-0.12506002412332254, -0.41880155303207345, 0.025795173121895908, 0.22318830065122075, -0.5236160279348724, 0.2695551069994083, 0.5921751557763386, -0.6544307689945851, -0.08930430416805277, 0.5461836129983014, 0.21435692407181145, -0.08000638064974855], [-0.5739666972394282, 0.3404935590302933, -0.6875586456593177, -0.010524348884265962, -0.36200745745671814, 0.01652385802014584, -0.2926338611360535, 0.16963628896661168, 0.572937311795174, 0.3398179156838659, 0.6927363181986578, -0.14795466609062063]], "inverted": true, "swapped": false, "error_lsq": 0.036388991454168136, "error_max": 0.19818291410305344, "target": "864.xyz", "model": "7.xyz", "model_rescale": 3.7474275329858107, "target_rescale": 3.836510080708496},
{"mapping": [3, 4, 9, 0, 8, 11, 10, 2, 1, 12, 13, 14], "R": [[-0.54844869141109, -0.05486474571598232, -0.8343823419554036], [0.5634338791855774, -0.7615549864587032, -0.3202752978076472], [-0.6178562103559012, -0.6457738476257812, 0.44858649227015224]], "T": [0.027664987037559173, 0.07222609505474367, -0.07910658550852954], "aligned_model": [[-0.429161752012004, 0.4577456878706426, 0.6076305535455726, -0.6213108225933759, 0.2671025361744194, 0.47267254160877414, -0.18213584163475469, -0.18032994616376938, -0.46483959688624066, 0.16264673257102152, 0.6235928750208991, 0.038741057192778705], [-0.35414559092196873, -0.5089097711813864, 0.06525106446425205, 0.1860801056010305, -0.5265648409140126, 0.49369283583805657, 0.7796256844987751, -0.6612051804537671, -0.07108508434427382, 0.4869102562453502, 0.05140500155799374, 0.038980734326271936], [-0.43074710204684097, 0.22012165779485998, -0.5730010385060293, -0.08810105177174506, -0.30120879378552823, -0.1830970580428246, -0.2546992756499151, 0.27783342026047964, 0.47016835541191715, 0.35731018047295565, 0.5936104895548915, -0.030690208463876142]], "inverted": true, "swapped": false, "error_lsq": 0.053222296587359684, "error_max": 0.2806907174370715, "target": "864.xyz", "model": "8.xyz", "model_rescale": 4.019505241142653, "target_rescale": 3.836510080708496},
{"mapping": [8, 6, 9, 4, 11, 1, 7, 5, 3, 0, 2, 12], "R": [[0.5912059162523229, -0.8034583815921458, 0.07021533762349422], [0.7870558764953269, 0.5937583466579628, 0.1673142942135394], [-0.17612101482339906, -0.04365380651595173, 0.9834000881199085]], "T": [0.2165050920498301, -0.037356475179345205, 0.006371355494347474], "aligned_model": [[-0.16025261328850476, 0.5965772457473331, 0.38666730290377893, -0.579385780024565, 0.1493027620193891, 0.7043291600421426, -0.2893570164486918, -0.18572034548578076, -0.3143341446335059, -0.04993880642046056, 0.30154653282077326, 0.1929197274620554], [-0.05637783039546704, -0.592528935365007, 0.024827725783927182, 0.18145221638209644, -0.5280739851057932, 0.42812251670750157, 0.598609458201683, -0.5264650198986593, -0.04542860083279936, 0.5253345467695978, 0.03948275644828492, -0.06891963397904313], [-0.553832849148956, 0.28094472529200004, -0.6528084443920708, 0.08558718401964713, -0.3703642232383432, -0.034399822683293044, -0.39267105934387886, 0.22888483379127744, 0.6820971529348883, 0.19354117372660726, 0.5867469649500995, 0.0037739393203666746]], "inverted": true, "swapped": false, "error_lsq": 0.046052243406411765, "error_max": 0.3157302379926526, "target": "864.xyz", "model": "9.xyz", "model_rescale": 3.877068213659057, "target_rescale": 3.836510080708496},
{"mapping": [6, 1, 11, 13, 12, 8, 14, 3, 4, 2, 7, 15], "R": [[0.30059379151969357, -0.3540366806157923, 0.8856079275155382], [0.7330428510026761, -0.508274517101198, -0.4520013206390136], [0.6101569888919436, 0.7850573507993512, 0.10673989348983387]], "T": [0.055031212692197254, -0.009597167723859806, -0.06900758529577194], "aligned_model": [[-0.3776415587779707, 0.6135674096736198, 0.5459647463932114, -0.669410406812564, 0.16369087258033593, 0.7409317204844801, -0.3173831687523717, -0.3184330369819983, -0.10980054642066168, -0.06921527146491278, 0.4231622592278684, 0.1269210055449271], [-0.2166386451370332, -0.4271551297907183, 0.012940045249625654, 0.24394372802426453, -0.5783674670178034, 0.330280184320586, 0.6155424472258963, -0.4937789571593882, -0.13881968145981408, 0.5211171303383226, 0.16864944191586953, -0.05767788179348571], [-0.4566061851174717, 0.44731525477576334, -0.6195814820461782, 0.023403723948436067, -0.541118420447436, 0.02767134097899751, -0.3519025073999255, 0.10085645363691331, 0.5745937764775639, 0.30949010684576134, 0.6373876639417224, -0.09401015036580215]], "inverted": true, "swapped": false, "error_lsq": 0.04140006799159482, "error_max": 0.20745229728178727, "target": "864.xyz", "model": "10.xyz", "model_rescale": 4.260839863003843, "target_rescale": 3.836510080708496},
{"mapping": [2, 5, 9, 1, 4, 10, 8, 3, 0, 7, 6, 11], "R": [[-0.1458379356546095, 0.932388911344201, 0.3307298210418558], [0.8778002115945123, -0.03223211585749025, 0.477941292662581], [0.4562872834614521, 0.3600166783771625, -0.81375051842788]], "T": [0.062083145587784466, 0.021077595899098387, -0.03164732416890437], "aligned_model": [[-0.34593062158828736, 0.40347954650923257, 0.4217715749392211, -0.6545381836660233, 0.4527406867018341, 0.6280631547938045, -0.10859259311246189, -0.3032430858259194, -0.2047510780779471, -0.02408730403459891, 0.4691858891512457, 0.01825603890386375], [-0.2706445156837825, -0.4954317430015486, 0.14007560774215644, 0.08629857293619375, -0.44098719757000715, 0.2908772678121998, 0.5401534772391159, -0.5583429720277299, 0.06470912041323332, 0.5573177943804262, 0.01657279249503985, 0.04943700998102463], [-0.4993866763190784, 0.23905085187629205, -0.7332148320577085, 0.04224948059370928, -0.4439405096671597, -0.04608887037895992, -0.4975265238429749, 0.15447527391413218, 0.8031760443374563, 0.3352678328181405, 0.7014982258984893, 0.001939278056006133]], "inverted": false, "swapped": false, "error_lsq": 0.042576136078680736, "error_max": 0.2668003302684964, "target": "864.xyz", "model": "11.xyz", "model_rescale": 3.890672605050136, "target_rescale": 3.836510080708496},
{"mapping": [9, 7, 10, 6, 12, 4, 11, 5, 8, 0, 3, 13], "R": [[-0.8457986207488645, -0.16144780710114126, -0.5084872650534635], [-0.4105713922004275, -0.4116357823313527, 0.8136259058136351], [-0.3406696714501034, 0.8969339932719064, 0.2818751260175162]], "T": [-0.060445551570882466, 0.14955683923546229, -0.021013257390919943], "aligned_model": [[-0.5019034509950931, 0.4076352384070109, 0.4582391838213754, -0.6129796543474809, 0.343996903999248, 0.607669685224208, -0.1628501619376715, -0.18231878112240688, -0.24964353569885506, 0.07557415500155415, 0.4846204559839594, 0.08431398635811466], [-0.2972574726379995, -0.4979289486002829, 0.09546072040275586, 0.29002271165043125, -0.390731579492665, 0.3602328324107935, 0.3846891835783156, -0.617853687186334, -0.0730438313680182, 0.5154357501391879, 0.1456625278349403, 0.06534700798519674], [-0.48067868981151174, 0.2766891088757877, -0.7473604606214845, 0.06285418502339472, -0.33668218437888875, -0.0038464263796493883, -0.5078276371238034, 0.01363038114146689, 0.6376551797509588, 0.4220734177947232, 0.7246079854321209, -0.003615284474769963]], "inverted": true, "swapped": false, "error_lsq": 0.03766639456755845, "error_max": 0.2637578691401131, "target": "864.xyz", "model": "12.xyz", "model_rescale": 4.124412569039231, "target_rescale": 3.836510080708496},
{"mapping": [3, 8, 7, 0, 9, 10, 5, 6, 1, 4, 2, 12], "R": [[-0.6852589205601289, -0.29751274409748385, 0.6647603920905278], [-0.6704015920535442, 0.6143241847848633, -0.41613399447832544], [-0.28457321933878577, -0.7308159570562199, -0.6204241450388284]], "T": [0.02566208493865573, -0.0205373969167442, -0.07968260919845296], "aligned_model": [[-0.48986483232127886, 0.39787513621610027, 0.30659258624015984, -0.496489673025893, 0.29710221183775454, 0.6766291098443129, -0.06831037495186348, -0.16085310185705437, -0.27568789411953093, -0.00959338129246818, 0.45391792928840696, 0.1210363088353178], [-0.36855621121560417, -0.4783527329550317, 0.1399327228238555, 0.23256830732609765, -0.5023813608845988, 0.32611275790505695, 0.6470657536535617, -0.6363119302684157, -0.20286651982195128, 0.6367009247903025, 0.14754232316675248, 0.038581180196296846], [-0.4287789830558896, 0.3286783627924157, -0.616716191598071, -0.07178086709358053, -0.40028816731798744, -0.053504852514390855, -0.42496667949845823, 0.1037475517734334, 0.6543532073466128, 0.3505162940196489, 0.6488375711163109, -0.032597670741699454]], "inverted": true, "swapped": false, "error_lsq": 0.03698257710144639, "error_max": 0.2046923315361145, "target": "864.xyz", "model": "13.xyz", "model_rescale": 3.9028299243045295, "target_rescale": 3.836510080708496},
{"mapping": [9, 2, 13, 7, 11, 5, 10, 6, 3, 4, 0, 15], "R": [[0.8732575936872004, 0.0014986293925950689, -0.4872565332323258], [0.35912188554015306, -0.6778419341365591, 0.6415308127066808], [-0.3293214939746966, -0.7352061387365809, -0.5924688069175639]], "T": [0.2055452255631337, -0.08162374153273459, -0.010348932093468752], "aligned_model": [[-0.44782660721216583, 0.548965898516272, 0.5408415277423609, -0.6521598199686439, 0.14816092341463222, 0.528784594080081, -0.12930200853764734, -0.26015634366083973, -0.11622144028312542, 0.058857169232240186, 0.43443876292544376, 0.09797136844535567], [-0.28898096998398437, -0.5155112883625763, 0.3038107945566803, 0.20704263236540532, -0.5445273934427763, 0.3083234550779448, 0.48583134738574635, -0.5275278237757008, -0.06317180293226031, 0.5139481467286339, 0.1911396456316013, -0.09034152853239152], [-0.3722241653003362, 0.47540162904895555, -0.6199946980344028, -0.05086726482078045, -0.5833096107208966, -0.08490983439078574, -0.35852224227756385, 0.1590613984965627, 0.523331856346791, 0.27799116904642024, 0.738265983882119, -0.0467246460477387]], "inverted": false, "swapped": false, "error_lsq": 0.044946364630952834, "error_max": 0.2753417618598317, "target": "864.xyz", "model": "14.xyz", "model_rescale": 3.942246331269136, "target_rescale": 3.836510080708496},
{"mapping": [11, 0, 9, 13, 6, 5, 4, 8, 12, 3, 1, 14], "R": [[0.020585861840265285, 0.30368008701129356, -0.9525516400936525], [0.7733500347394698, -0.6086721059773165, -0.17733581469516946], [-0.6336449684647978, -0.7330052333769193, -0.2473810457195414]], "T": [0.10962982211737284, 0.013812800236552299, -0.10764406223020338], "aligned_model": [[-0.4651158281280203, 0.4291873037614299, 0.6672699364627114, -0.6594222066448361, 0.09657622209308826, 0.6431563401579911, -0.24992371316078676, -0.11104950702830939, -0.23512069556311288, 0.11756580412110824, 0.3679782190848597, 0.15125214953784016], [-0.2065511670623273, -0.4877399476316642, -0.03236291556704419, 0.07231672774483669, -0.3688047744103736, 0.3046049379587061, 0.4539916181872209, -0.7251539543308133, 0.10952472392779933, 0.6326006505660129, 0.25163514214485083, -0.024025826810882528], [-0.47536431472773555, 0.32484332475282424, -0.6864943125327363, 0.14938923138786575, -0.5153483477560377, 0.07557423755327379, -0.2512680171232996, -0.043849896197737534, 0.6272454304046461, 0.2578508720369191, 0.6226559276740831, -0.027734560243720813]], "inverted": false, "swapped": false, "error_lsq": 0.05073521030179456, "error_max": 0.26042041362425117, "target": "864.xyz", "model": "15.xyz", "model_rescale": 4.355366556412066, "target_rescale": 3.836510080708496},
{"mapping": [5, 6, 7, 0, 3, 10, 9, 4, 2, 1, 8, 11], "R": [[0.34899313659712083, 0.8978187706337639, -0.2685614374882973], [0.8143874653958874, -0.14877414997548666, 0.5609271864557235], [0.46365595738021737, -0.41447280658295144, -0.783093510245798]], "T": [0.061111435227994594, 0.05153346587571977, -0.015167384008758222], "aligned_model": [[-0.33062122204672534, 0.5454131855851518, 0.4360935845802509, -0.6445638770820403, 0.2532290305073913, 0.6593809265180028, -0.08211865053915629, -0.23529742991993682, -0.2670716191063885, -0.07366100356080221, 0.4166044101578143, 0.07496668960040188], [-0.07967208064138567, -0.5368783509616732, 0.10184244273211229, 0.04966752017654461, -0.44171525663996813, 0.24207871010012738, 0.64340633516617, -0.6327390727091384, -0.03231093817039749, 0.508609936035159, 0.2256676743563772, -0.06792170472760589], [-0.5102335530252169, 0.293570873106589, -0.8259192044165709, 0.061858134030575135, -0.40351456908908706, 0.03962243515817285, -0.4383968186668841, 0.1803897911014699, 0.7503333674624004, 0.2446686288422602, 0.6408342455816363, 0.024286245142999943]], "inverted": false, "swapped": false, "error_lsq": 0.03595428369099427, "error_max": 0.18831379942351265, "target": "864.xyz", "model": "16.xyz", "model_rescale": 3.795458400668931, "target_rescale": 3.836510080708496},
{"mapping": [10, 7, 2, 9, 4, 0, 5, 11, 8, 6, 3, 12], "R": [[-0.5226979325527128, 0.6394792873269377, 0.5637846329804955], [0.6318779249281372, -0.15333369257375135, 0.759749344659283], [0.5722911490610628, 0.7533624757057725, -0.3239256410116963]], "T": [0.15339469251292812, -0.02574459672806432, 0.0017736047031865548], "aligned_model": [[-0.291086143578405, 0.5559486655247804, 0.3073834753996876, -0.7044089283552339, 0.34123282811422206, 0.6668057388236414, -0.21276924283276158, -0.3281820773335403, -0.2035632260234386, 0.02690351590139331, 0.49589100627188465, 0.09819841278173366], [-0.12506002412332254, -0.41880155303207345, 0.025795173121895908, 0.22318830065122075, -0.5236160279348724, 0.2695551069994083, 0.5921751557763386, -0.6544307689945851, -0.08930430416805277, 0.5461836129983014, 0.21435692407181145, -0.08000638064974855], [-0.5739666972394282, 0.3404935590302933, -0.6875586456593177, -0.010524348884265962, -0.36200745745671814, 0.01652385802014584, -0.2926338611360535, 0.16963628896661168, 0.572937311795174, 0.3398179156838659, 0.6927363181986578, -0.14795466609062063]], "inverted": true, "swapped": false, "error_lsq": 0.036388991454168136, "error_max": 0.19818291410305344, "target": "864.xyz", "model": "17.xyz", "model_rescale": 3.7474275329858107, "target_rescale": 3.836510080708496},
{"mapping": [12, 2, 11, 5, 7, 3, 10, 9, 4, 8, 0, 13], "R": [[-0.2399451053694986, -0.35057851704477105, 0.9052740191764644], [0.7338068807519234, 0.5450194953670862, 0.40556283290131456], [-0.6355736056275095, 0.7616091209120963, 0.1264821678069719]], "T": [0.13914473175747402, -0.0346184522413249, -0.009932264968957966], "aligned_model": [[-0.36674085668681533, 0.49751235150059003, 0.4117491822552336, -0.5541169662294234, 0.3012672649049406, 0.5064498683079204, -0.14309608018713602, -0.30235399482621406, -0.3325581834703376, 0.0344529436311036, 0.5170755759038771, 0.18271291959022468], [-0.2693165645026101, -0.552067668811223, 0.11761596026184992, 0.1708848208739145, -0.578303650328009, 0.5250200170878516, 0.49023259306769273, -0.5241908745683986, 0.05618182427507949, 0.5812948413416701, 0.04471782757001419, -0.08203391155150999], [-0.5081626241592265, 0.3181708913714447, -0.6612756145355918, -0.02933740638923464, -0.5054541834181714, -0.12165022064211115, -0.3582293720116887, 0.10461852541617378, 0.6671773949612001, 0.3457992285839051, 0.7316986557249902, 0.07414430032665502]], "inverted": true, "swapped": false, "error_lsq": 0.037593475781969636, "error_max": 0.2409984907155203, "target": "864.xyz", "model": "18.xyz", "model_rescale": 3.922800546911778, "target_rescale": 3.836510080708496},
{"mapping": [11, 8, 10, 7, 4, 1, 9, 13, 12, 3, 5, 14], "R": [[0.43685212084695996, 0.5515636974592187, 0.7105896932524626], [-0.2089989328864975, -0.7061003337389625, 0.6765661569617796], [0.874916950666644, -0.4440718481719388, -0.19318520413670437]], "T": [0.19959876854645686, 0.019779813114506148, 0.03287343524395474], "aligned_model": [[-0.28111685576479073, 0.48374802990763827, 0.2726827213564953, -0.5900473541046259, 0.23732294405509533, 0.8909546880813756, -0.1883216822671735, -0.2079702162061099, -0.2596628726759857, -0.13872904514583118, 0.4257279494566142, 0.10776571800126192], [-0.19240876587557015, -0.44888251515729993, 0.060048616189886286, 0.14089037367721446, -0.5157374431949723, 0.2842185920604149, 0.5479542247187253, -0.5324720839081675, -0.050109767281089304, 0.49726611193430464, 0.14077447495422304, 0.04849339659865202], [-0.4478885726747497, 0.30491290544701893, -0.7693969721648208, 0.034374155388789907, -0.45258026375228005, 0.041937024459584624, -0.45013039567467306, 0.059689693797408835, 0.6675451897913817, 0.2911182193281098, 0.7517333698159887, 0.026185221466586014]], "inverted": true, "swapped": false, "error_lsq": 0.03805077446768671, "error_max": 0.2518388605609062, "target": "864.xyz", "model": "19.xyz", "model_rescale": 3.9282355846067225, "target_rescale": 3.836510080708496},
{"mapping": [7, 1, 6, 12, 5, 4, 9, 2, 10, 11, 0, 13], "R": [[0.7836897466448983, -0.0025714778338823963, 0.6211471391750951], [0.4950300744475352, -0.6014489321503825, -0.6270601306155833], [0.3752007547915154, 0.7989071094419641, -0.47007640239323084]], "T": [0.12253657350618252, 0.0665039049057487, -0.146325253387104], "aligned_model": [[-0.32949905424668535, 0.3921488724788226, 0.40528270848968423, -0.7089937648742966, 0.3677368067702138, 0.6134943233475733, -0.2870184391231699, -0.18159742854859068, -0.3679974210008865, 0.15564695555708513, 0.5470783605516805, 0.14607210529253326], [-0.20100594773836894, -0.4513382803207859, -0.08372990373505679, 0.24201089197322906, -0.5549835597112929, 0.45222925951820686, 0.6234099893605101, -0.652597674195859, -0.050311858396282216, 0.5484682709742477, 0.11639379626137912, -0.008509769273605555], [-0.48128800707774316, 0.32340815584531135, -0.7158236993465581, -0.12289580373700276, -0.3495992782396122, -0.048630403883233836, -0.12297723494395002, 0.11656567092866477, 0.5522195387834251, 0.3828034868704894, 0.5300417017412323, -0.006324551712677706]], "inverted": true, "swapped": false, "error_lsq": 0.045030964933004534, "error_max": 0.3048494398732723, "target": "864.xyz", "model": "20.xyz", "model_rescale": 4.067790424073018, "target_rescale": 3.836510080708496},
{"mapping": [12, 6, 10, 0, 11, 5, 7, 3, 2, 8, 4, 14], "R": [[-0.6590666995323894, 0.28084874313908476, 0.6976783421066469], [-0.09712962812586488, 0.8881059121162593, -0.4492590836079758], [-0.7457861093555004, -0.3638569393887429, -0.5580422983529495]], "T": [0.1370565897337757, 0.04524462609564708, -0.05255275612983675], "aligned_model": [[-0.3138374242478388, 0.4473570366900777, 0.3911644015132471, -0.5206424544977302, 0.24933154000733787, 0.6170979516541093, -0.23962344301423383, -0.3190420565964784, -0.18980292629196965, 0.12779714646311063, 0.35698538915455735, 0.14556886385977422], [-0.28382305066795666, -0.4553372137222861, 0.008658790361815875, 0.19932800485184174, -0.515836459322868, 0.34782187135776305, 0.6615291550087228, -0.6618467812830938, -0.1637547309323624, 0.5718983859289068, 0.23498944951939757, 0.03640779361644055], [-0.5773602629003092, 0.3954297847783819, -0.8306128554601998, 0.16687447355918206, -0.35357535512499183, 0.11015379675954867, -0.23955406510956764, 0.0729095213789071, 0.5824307531711733, 0.16589169147380894, 0.694508633519971, -0.12959654081756056]], "inverted": false, "swapped": false, "error_lsq": 0.0427513807656455, "error_max": 0.21045274462851302, "target": "864.xyz", "model": "21.xyz", "model_rescale": 4.186013935880536, "target_rescale": 3.836510080708496},
{"mapping": [5, 1, 8, 3, 2, 9, 11, 0, 6, 4, 7, 12], "R": [[0.6080208016952917, -0.7721932797583515, 0.1844674589239385], [0.08544395473866945, -0.1673543318071648, -0.9821872826625244], [0.7893098474644991, 0.6129519282304428, -0.03577566734739496]], "T": [0.13485833112975973, 0.046415795354541975, 0.01622834382440652], "aligned_model": [[-0.42240197588437767, 0.5720649621595919, 0.4268632230738729, -0.7700126788600627, 0.18482653731673168, 0.7171985891802644, -0.022101080658192968, -0.04428492037708823, -0.2561982244380492, -0.09770439552407614, 0.3676986116473776, 0.09640537705797234], [-0.29866503255657495, -0.46873985545650654, 0.11806160638227677, 0.2295553065142702, -0.48081140631190644, 0.21681597796674162, 0.5404611635475824, -0.6171755013611832, -0.015732281483112412, 0.610221805177885, 0.07460980794957067, 0.07143362434727843], [-0.39476916048619537, 0.2965643086119005, -0.688944082995092, 0.018879658359160778, -0.502649155262241, -0.1152796858077525, -0.3446717752252304, 0.23836057329385568, 0.40746386868125894, 0.41075782336538996, 0.7114363999508597, 0.020350802742430285]], "inverted": true, "swapped": false, "error_lsq": 0.04336350562678595, "error_max": 0.22166249936653415, "target": "864.xyz", "model": "22.xyz", "model_rescale": 4.166573947596378, "target_rescale": 3.836510080708496},
{"mapping": [7, 12, 1, 8, 5, 2, 4, 10, 9, 3, 11, 15], "R": [[-0.5731459578583588, -0.5595433579717173, 0.5986776607994986], [-0.06168256834767011, 0.7579677760614293, 0.6493690100509313], [-0.8171284915805224, 0.33525524753868674, -0.4689402384580731]], "T": [0.09668209561015821, -0.07161211876256965, 0.05411860720580708], "aligned_model": [[-0.335232041938504, 0.5757680692786984, 0.3982130429323765, -0.6271988962773101, 0.20308068896770462, 0.5632273366884408, -0.08351148118054004, -0.366396362843054, -0.2171223809058092, 0.08547166996422238, 0.43278227820770093, 0.12327210180003696], [-0.3805912480758873, -0.3294104875620808, 0.09522569191390909, 0.2859061775660252, -0.544674732423235, 0.3907764434767592, 0.5656774938408514, -0.6597786316606304, -0.03419483414843619, 0.47730782151393947, 0.18790284678894884, -0.07411132651384215], [-0.4248090732268396, 0.4193554976037995, -0.5698551851947926, 0.006620000957828429, -0.6211243743122693, -0.09196901967116441, -0.26407274703838074, 0.030460045837653105, 0.5645849269691572, 0.29904283536573206, 0.71878542399381, -0.009518756056189182]], "inverted": true, "swapped": false, "error_lsq": 0.03996184403500729, "error_max": 0.20616894967224556, "target": "864.xyz", "model": "23.xyz", "model_rescale": 4.274766983524099, "target_rescale": 3.836510080708496},
{"mapping": [5, 1, 10, 9, 8, 3, 6, 0, 4, 7, 11], "R": [[0.5656836992746396, -0.49984451545232134, -0.6558638675420333], [0.10719780701853854, -0.7440273843544053, 0.6594936553911332], [-0.8176249644827241, -0.4433719789330137, -0.3673019272365011]], "T": [-0.030756432759042808, 0.027321779932137732, 0.08064581712289115], "aligned_model": [[0.1642277551537177, 0.31161627485116394, -0.32077661871302576, -0.45777102489118193, -0.559339358022705, -0.5323059545086162, -0.16703620812708028, 0.18472966042055403, 0.6450777390618281, 0.10873612361858212, 0.002736315114838024], [-0.19173162887226985, 0.6316791699657713, 0.4379896518322827, -0.18990485774531096, 0.44578742604925836, -0.1645871348155195, -0.7117550685196097, -0.13969594597243418, 0.17103954891980971, 0.5246927145894634, 0.10207265581204199], [-0.6252821771091528, -0.2669877448055395, -0.6226044754828242, -0.32629958936206577, 0.14360466708130615, 0.5205921187536293, 0.0708051121113635, 0.6897386477457232, 0.2725869886966858, 0.4924738743468392, 0.030939012045612196]], "inverted": false, "swapped": true, "error_lsq": 0.05657068969636769, "error_max": 0.31132719018803107, "target": "864.xyz", "model": "24.xyz", "model_rescale": 3.7841303162186577, "target_rescale": 3.836510080708496},
{"mapping": [11, 4, 7, 13, 6, 8, 10, 3, 12, 9, 2, 15], "R": [[0.14327218821858223, 0.5914778500291006, 0.7934904114152936], [0.5792415053390719, -0.7002088140542948, 0.4173570356579651], [0.8024664220860491, 0.3998269246131767, -0.4429289692250711]], "T": [0.16122653732222528, 0.09228827144686098, -0.0391795487709046], "aligned_model": [[-0.361996634238964, 0.509253591095647, 0.21483395278276468, -0.5962944965739727, 0.2143637160060806, 0.6830450421339993, -0.0824606940556245, -0.17369860020556774, -0.2911773170220634, 0.04801979099929987, 0.4331140888810302, 0.15535158489133416], [-0.1709581805604023, -0.49479053078783414, 0.10791327750870393, -0.0837524372125729, -0.5652636541910712, 0.30686456039947335, 0.6985838941152923, -0.6188243609640592, 0.10159610980742624, 0.5401040780765713, 0.13234803351349644, 0.026214425011298212], [-0.5355326362093972, 0.2623498737848763, -0.6870126015657335, 0.04550545208851678, -0.3338460680336065, 0.13722977041091328, -0.4614084635478253, 0.1373023593974727, 0.5694385771074009, 0.3196880374578914, 0.6631490087417061, -0.05936373440387015]], "inverted": true, "swapped": false, "error_lsq": 0.04301079120846323, "error_max": 0.29022252968762136, "target": "864.xyz", "model": "25.xyz", "model_rescale": 4.19342608120988, "target_rescale": 3.836510080708496},
{"mapping": [5, 6, 7, 0, 3, 10, 9, 4, 2, 1, 8, 11], "R": [[0.34899313659712083, 0.8978187706337639, -0.2685614374882973], [0.8143874653958874, -0.14877414997548666, 0.5609271864557235], [0.46365595738021737, -0.41447280658295144, -0.783093510245798]], "T": [0.061111435227994594, 0.05153346587571977, -0.015167384008758222], "aligned_model": [[-0.33062122204672534, 0.5454131855851518, 0.4360935845802509, -0.6445638770820403, 0.2532290305073913, 0.6593809265180028, -0.08211865053915629, -0.23529742991993682, -0.2670716191063885, -0.07366100356080221, 0.4166044101578143, 0.07496668960040188], [-0.07967208064138567, -0.5368783509616732, 0.10184244273211229, 0.04966752017654461, -0.44171525663996813, 0.24207871010012738, 0.64340633516617, -0.6327390727091384, -0.03231093817039749, 0.508609936035159, 0.2256676743563772, -0.06792170472760589], [-0.5102335530252169, 0.293570873106589, -0.8259192044165709, 0.061858134030575135, -0.40351456908908706, 0.03962243515817285, -0.4383968186668841, 0.1803897911014699, 0.7503333674624004, 0.2446686288422602, 0.6408342455816363, 0.024286245142999943]], "inverted": false, "swapped": false, "error_lsq": 0.03595428369099427, "error_max": 0.18831379942351265, "target": "864.xyz", "model": "26.xyz", "model_rescale": 3.795458400668931, "target_rescale": 3.836510080708496},
{"mapping": [5, 3, 11, 6, 10, 9, 8, 7, 0, 1, 2, 12], "R": [[0.4858901724246928, 0.7226680200186713, -0.49159096125070867], [0.7399724609586396, -0.040810096476285085, 0.6713980138847679], [0.46513599878306244, -0.6899894701137763, -0.554583658042854]], "T": [0.19063702272039393, 0.07692936668812198, -0.05541113645606016], "aligned_model": [[-0.42962006485242177, 0.4268769758827964, 0.5168356190757194, -0.6111174675610893, 0.1885043463350892, 0.565803556301472, -0.20060498188978268, -0.18378438219024065, -0.058678552195038286, -0.03479224004038711, 0.4897777109797029, 0.08315350484814343], [-0.1705792461326752, -0.4864864996107927, 0.17446475789932656, 0.26500054868559986, -0.49381785071339734, 0.19693879710029413, 0.5051297308871145, -0.6389284234582365, -0.16548804564427075, 0.557686655432393, 0.28365428545671945, -0.0475394951857534], [-0.40309073001232204, 0.35911245151008486, -0.6844229924098466, -0.0005847970614174525, -0.48194307433303823, 0.11553358796769048, -0.4962351966372542, 0.03156204596780371, 0.6998032267518759, 0.20613665527925035, 0.7462213045585646, -0.03459290635304681]], "inverted": false, "swapped": false, "error_lsq": 0.04397489140364325, "error_max": 0.28145613505786554, "target": "864.xyz", "model": "27.xyz", "model_rescale": 3.6321398670334006, "target_rescale": 3.836510080708496},
{"mapping": [9, 1, 6, 10, 13, 4, 12, 11, 0, 8, 3, 14], "R": [[0.3052362181775307, -0.8464770751863805, 0.4362423779237754], [0.5116681642167294, 0.5321435778806349, 0.6745508892941132], [-0.8031354436455667, 0.017313974249373587, 0.595544864351907]], "T": [0.05816629747703923, 0.027823558739459936, 0.09337070430592262], "aligned_model": [[-0.3254467491438721, 0.6216970911058854, 0.38007527578665784, -0.71468954822901, 0.18738169324224052, 0.856327963119943, 0.01933015346393884, -0.26987317519763787, -0.235993452046099, -0.1786640538616533, 0.31831676142830984, 0.09389206502526037], [-0.0781702931703602, -0.28957043929534954, 0.0524423989229984, 0.004025786006309484, -0.5746066055749741, 0.14262674021053193, 0.6892289593216283, -0.5221095762096524, -0.14806688310588736, 0.4765184213069492, 0.2505797934646109, -0.022863087160483117], [-0.44345188746883757, 0.26355087585897685, -0.6135069085327083, 0.17582760679161655, -0.4422211277223268, -0.09695910781319106, -0.4011435835148488, 0.04347593633297489, 0.6148534829743841, 0.19142130749068947, 0.6885693904261669, 0.07708359040544853]], "inverted": false, "swapped": false, "error_lsq": 0.054029549845433074, "error_max": 0.3157038976746905, "target": "864.xyz", "model": "28.xyz", "model_rescale": 4.156811204709835, "target_rescale": 3.836510080708496},
{"mapping": [4, 0, 7, 8, 6, 2, 1, 5, 10, 11], "R": [[-0.7281932131765053, 0.17781070777089578, 0.6619048243408486], [0.6282554146625936, -0.21279935011189294, 0.7483392082064713], [0.27391564071956376, 0.9607808224532632, 0.04324850257779811]], "T": [-0.005909646616731684, -0.08914144927058462, 0.014460653078556224], "aligned_model": [[-0.5527762028148682, -0.07859988486519401, 0.08877111321669481, 0.6001327942601152, -0.04834269102649677, -0.7830309994002054, -0.2843722635504833, -0.4307718939984456, 0.16582369440947844, -0.0339082921200068], [-0.13865574618399792, -0.6383491464048472, -0.021372494323001284, 0.18346820959323498, -0.6098962895358093, -0.372050831302859, 0.5768930374583692, 0.23770246838954331, 0.7028283745329886, -0.0018472515974170822], [-0.4467695956930062, -0.35757467872225057, -0.6358325816288296, -0.11543837077759449, 0.5547544968796054, 0.1703215598898655, -0.2721970742580063, 0.5594401817983465, 0.31547932540024604, -0.013396535913276438]], "inverted": false, "swapped": true, "error_lsq": 0.046295453220575336, "error_max": 0.21231223923385031, "target": "864.xyz", "model": "29.xyz", "model_rescale": 4.117894457231895, "target_rescale": 3.836510080708496},
