[{"mapping": [1, 2, 3, 10, 4, 6, 13, 7, 12, 5, 0, 11, 8, 15], "R": [[-0.26541990206225946, 0.29106318978069895, 0.9191487883601577], [-0.479889884693726, -0.8667406515202043, 0.13589091791203234], [0.8362164636969924, -0.40502205193917173, 0.3697284994223192]], "T": [0.024711369305669896, 0.13475653051823788, 0.054930421768676505], "aligned_model": [[0.13051773412757056, 0.29648954683450446, -0.5629850408084419, -0.35538736309971275, -0.44848782052805675, 0.20161472237622272, -0.8312790010856224, 0.0023897844442016605, -0.49853786192233446, 0.0738741125257786, 0.7447205199426289, 0.12281575919120308, 0.4903630725452652, 0.005383936585096741], [-0.6058471141049872, -0.42090855590441567, -0.4400174099367681, -0.2280565610784247, 0.1592897000565211, 0.217160261450959, 0.12025889938558948, 0.5456441427770973, 0.7916537202648308, 0.005881500806692586, 0.43432985009577973, 0.6971614136051199, -0.12596810061808095, 0.08469158501012151], [0.21874083965749835, -0.5019335072326416, 0.2783035071450213, -0.26905661796639907, 0.5999306045083471, -0.6555283537057002, 0.07039971688973683, 0.6139534270119392, 0.21444327952235842, 0.8104748139000678, 0.27273439753289574, -0.12513381943361446, 0.2975250141331734, 0.0727347852171502]], "inverted": true, "swapped": true, "error_lsq": 0.0510303280550376, "error_max": 0.2945695127564034, "target": "866.xyz", "model": "0.xyz", "model_rescale": 3.8414455957264533, "target_rescale": 4.100528403434112},
{"mapping": [14, 13, 2, 3, 10, 1, 8, 6, 0, 9, 5, 12, 7, 11, 15], "R": [[-0.3262279963379235, -0.16489968549369027, -0.9307971788361986], [0.18887409088608031, 0.9534414658638082, -0.23510837705924], [0.9262299240454828, -0.2525024057223122, -0.27989402084922144]], "T": [0.012642898436165126, 0.0519962872932167, -0.04504773583813777], "aligned_model": [[-0.6209384857143473, -0.6756399423399582, 0.02443811378663674, -0.24515537906652934, -0.41335695060085104, 0.31732036695142257, 0.5716240383154518, -0.24795102825112986, 0.6688557386500193, 0.3001714416937896, 0.49076458111875154, -0.44070717919132624, 0.23087437600592128, -0.1035648177836897, 0.015309279930383468], [0.1829802890194725, 0.052770169857697835, -0.6538780823101839, -0.41642316100278887, -0.39012104803032993, -0.6003860939289256, -0.1242237621425411, -0.095702489264963, 0.39680235950295495, -0.060087306657134534, 0.16725349697441172, 0.7315484470854869, 0.6183468178478813, 0.5278498445834064, 0.010315046508570368], [0.17391045370214442, -0.5543954822762156, 0.39577734138026727, -0.7082000237271613, -0.10933131191516059, -0.305991153315953, -0.03290040313855516, 0.6280887433580956, 0.2806659475835494, 0.4953993916675418, -0.6349532445855548, -0.2969020526628127, -0.38187959624907686, 0.2990540129219878, -0.08316083540356162]], "inverted": false, "swapped": true, "error_lsq": 0.0410660987840473, "error_max": 0.28540298050984514, "target": "866.xyz", "model": "1.xyz", "model_rescale": 4.316132596720782, "target_rescale": 4.100528403434112},
{"mapping": [11, 7, 0, 10, 9, 14, 1, 13, 5, 12, 4, 15], "R": [[-0.69060951148306, 0.6415193750276085, -0.33393321804414167], [-0.6553726929965962, -0.35984873331473033, 0.6640749373422955], [0.3058514932504316, 0.6774671804567151, 0.6689492383436209]], "T": [-0.1533247503532639, -0.0231087032887073, -0.14375916388041596], "aligned_model": [[-0.18067331403876646, 0.496125733384694, 0.09139720329123016, -0.5385858598106167, -0.47506246254649487, -0.5077238426788129, -0.20256985166185457, -0.08837189203755255, 0.5347001238906628, 0.21030341311583553, 0.40678555763523516, -0.14851625391177878], [-0.5210506871165616, -0.2147671603787864, -0.6929671544456482, 0.4444239148799452, -0.4318833021433055, -0.03985630705954697, 0.46141390902909535, 0.5714317361567641, 0.15427674837847546, -0.11326801572849125, 0.36632690071274376, 0.02869584545629628], [0.18737931410192268, 0.008932382866960215, -0.5271607072789917, -0.02517115346427437, -0.48538273556970535, 0.43988941955299143, -0.7348051489143884, 0.46899836293033415, -0.4353569194337299, 0.6246117652800324, 0.09322375127216981, -0.16589987013389984]], "inverted": false, "swapped": true, "error_lsq": 0.04148727788349694, "error_max": 0.22519656236874303, "target": "866.xyz", "model": "2.xyz", "model_rescale": 3.795458400668931, "target_rescale": 4.100528403434112},
{"mapping": [0, 7, 5, 13, 9, 10, 4, 11, 12, 14, 1, 15], "R": [[-0.914250784996715, -0.20319758853285852, -0.350508547894801], [-0.1289274666302025, 0.9660774429305221, -0.22376792131389656], [0.3840875036774939, -0.15938981860600532, -0.9094348108817564]], "T": [0.0703349844524552, 0.136609041899643, -0.028153780014162473], "aligned_model": [[-0.03638395596447497, -0.1473206558710509, -0.6229378831709824, 0.16823866220600775, 0.2262088343253092, 0.1802530526072113, -0.29257276125032383, 0.5219216413081106, 0.38600218258940844, 0.677140724801212, -0.497408866545318, 0.030162850708456306], [-0.15252498690193528, -0.5222195530386402, -0.19373527878813884, 0.045361065552848134, 0.3793651774060418, 0.5757862235942117, -0.25218343101688917, -0.20108771880264636, -0.542995296031435, 0.13578301491807054, 0.649744598354971, 0.1644752300432515], [-0.7768917206900836, -0.04826616865239284, -0.01727086258476907, 0.8175752967578056, -0.5795985138267477, 0.39150966740334436, 0.4603980902775584, -0.22909467668692046, 0.38323434761234293, 0.2853920363768142, 0.001534915316536288, 0.0002490193356122841]], "inverted": true, "swapped": true, "error_lsq": 0.04299187960987041, "error_max": 0.23332829458179682, "target": "866.xyz", "model": "3.xyz", "model_rescale": 3.7530521520055578, "target_rescale": 4.100528403434112},
{"mapping": [14, 4, 7, 5, 11, 1, 6, 10, 2, 8, 15], "R": [[0.11443565422514679, -0.3930496082863604, 0.9123686132633023], [0.7373047584723231, 0.6491163119463441, 0.1871622469924039], [-0.6657973972434347, 0.6512756858590033, 0.3640793963310105]], "T": [-0.02742281711073432, -0.10688116922155116, 0.0054224047530989725], "aligned_model": [[-0.46273974610210883, -0.02293137933488309, 0.45650824969571174, 0.40132762561315455, 0.16444655881977285, -0.16045405936089105, -0.2916632265856578, -0.6316739697733428, -0.3963164502542153, 0.3324982069412895, -0.05080220721362493], [-0.633183753791523, 0.023502132079547072, -0.24029711198207893, 0.33554619427619986, -0.6679124773282543, 0.6397537355092651, -0.45147672243643494, 0.01657506930230658, 0.19767275687233266, 0.3049623237903386, -0.05793878797735218], [-2.0813554764428574e-05, -0.7048765256851331, -0.4739986129824794, -0.4531669136765496, 0.08774414367215931, 0.11201323877706396, 0.6006263643777308, 0.03216356033496685, 0.6865163006292687, 0.21637920593454882, -0.010549170581495475]], "inverted": true, "swapped": true, "error_lsq": 0.04500871604287376, "error_max": 0.21317294868235237, "target": "866.xyz", "model": "4.xyz", "model_rescale": 3.7855080009869324, "target_rescale": 4.100528403434112},
{"mapping": [9, 12, 13, 1, 0, 2, 8, 3, 14, 15, 6, 10, 5, 4, 7, 16], "R": [[0.2510451651209768, 0.9541781471284231, 0.1628508170441617], [-0.15300105612834983, 0.20523901627594276, -0.9666786555115887], [-0.9558069898745201, 0.21776365569270917, 0.19751452697550168]], "T": [-0.03700080062497716, -0.06734110594114542, 0.06541246183444463], "aligned_model": [[0.0005995928720233315, -0.4536934487978793, 0.18403325304721999, -0.7213182828187247, -0.5724694905053909, -0.6009791326411729, 0.633220503599542, -0.2298232434991914, -0.23037168264115235, 0.49454432152962763, 0.16592216631660753, 0.5129987752071581, -0.008344697776209227, -0.21129846200154515, 0.39535610403771737, -0.05345662157702771], [0.22910276978987773, -0.5962968947634817, -0.757276154263325, -0.11665890227657458, 0.43079466562454505, 0.1406338920469642, -0.2818101682012909, 0.5158287523673707, -0.3264676374423773, -0.28529878032290734, -0.32719773302642563, 0.36777041791009757, 0.7103396062564709, 0.1512184212911679, 0.27761831182705154, -0.07276760521262408], [-0.5808237629313006, -0.032762246925738606, 0.06651477272817474, 0.3853832066190215, 0.33672025487570767, -0.3640762211442423, 0.054628276169385544, -0.2588544456409959, -0.5288589754678177, -0.5255802132281114, 0.6287719127309824, -0.1324326858710403, 0.28788669015006857, 0.7501407598914146, 0.570823165084216, 0.014554706690948063]], "inverted": false, "swapped": false, "error_lsq": 0.03370469838164851, "error_max": 0.26884800113090623, "target": "866.xyz", "model": "5.xyz", "model_rescale": 4.2253639853439635, "target_rescale": 4.100528403434112},
{"mapping": [3, 13, 7, 5, 4, 11, 8, 1, 14, 10, 12, 9, 2, 15], "R": [[0.3154332830010304, 0.9447619333240683, -0.0890322038195211], [-0.8153417326936071, 0.22182460389554207, -0.5348006208249695], [-0.4855097351272976, 0.24128558690554802, 0.8402746947565819]], "T": [-0.003648240397805213, 0.0001838742826310788, 0.17194338483044608], "aligned_model": [[0.46275409711864723, -0.08542532453141961, -0.4945781797230161, 0.013641007389669703, -0.16225910849246045, -0.5180498679106014, 0.26660171229158586, 0.7105854425691133, -0.2607736176797068, 0.3603421408847607, -0.7304139786745913, 0.11445125701198566, 0.6564718708815488, 0.04071470162226806], [-0.16520103908586978, 0.1636184110894632, -0.48510992928556934, -0.7588581043032266, -0.425377118760875, 0.22512595995106843, -0.3659813522614975, -0.274456170351471, 0.5817676086756208, 0.3484577799047896, 0.038735313165631106, 0.16914635363970618, 0.4125615376083523, -0.01933010335113166], [-0.5214283613108421, -0.6645795707971698, 0.09906456525866039, 0.0560579511440632, -0.38955904844589223, 0.37964239422109913, 0.5414687130514908, 0.14086782733215888, -0.07739928713768168, -0.18483704726030697, -0.27646867554869153, 0.7591594286600436, 0.46674942775922684, 0.1428198920052901]], "inverted": true, "swapped": true, "error_lsq": 0.04015857023945827, "error_max": 0.20720013838260665, "target": "866.xyz", "model": "6.xyz", "model_rescale": 3.89814844738969, "target_rescale": 4.100528403434112},
{"mapping": [11, 0, 7, 6, 12, 8, 9, 14, 10, 1, 5, 13, 15], "R": [[-0.0822171943851075, 0.9823254462359312, 0.16815781464094998], [-0.9030612742994495, -0.002058623610461996, -0.4295068066160127], [-0.421569291822941, -0.1871696549823424, 0.8872693235121425]], "T": [-0.11556437631623151, 0.08552432290172779, -0.00472313618534816], "aligned_model": [[0.21005829140190135, -0.12393977988849134, 0.44508500716749544, -0.4196607257661909, 0.7092164579119491, -0.438462783739495, -0.4988818371211856, 0.10341725915898642, -0.35717890720198586, -0.6826486391339548, 0.06558427825660737, 0.2749785969659304, -0.13893541710734456], [-0.2755299680127819, 0.2836280017502072, 0.4376875953985937, -0.5667178632895422, -0.09779647508112554, 0.47777774285786934, -0.09350392155545964, -0.5207230524099566, -0.13278897552376398, 0.53062682793219, 0.8316411045435665, -0.02815643034193835, 0.11763667920262706], [-0.3539458904194984, -0.7897586179975168, -0.21325826932443848, -0.16265471520432845, 0.12519256026127643, -0.29718655487533197, -0.46116054128974904, 0.22118841967081743, 0.5197172416669328, 0.2537759879041278, -0.0239062064335225, 0.7487500663670077, 0.03552155051051906]], "inverted": false, "swapped": true, "error_lsq": 0.05078361507891575, "error_max": 0.25822884966429305, "target": "866.xyz", "model": "7.xyz", "model_rescale": 3.7474275329858107, "target_rescale": 4.100528403434112},
{"mapping": [3, 1, 2, 10, 9, 14, 13, 12, 6, 11, 4, 7, 5, 0, 15], "R": [[0.43437809797104426, -0.4376677737690299, -0.7872500160731148], [-0.7955974469363355, 0.22334697573987955, -0.5631525822157215], [0.42230364719173713, 0.8709552504187064, -0.2511903289074759]], "T": [0.07101999971585908, -0.054888143503028834, 0.027521912593215084], "aligned_model": [[-0.515842012964046, 0.17973189733113726, 0.5080459638036974, -0.19226250145268536, 0.6748012538691854, -0.2083232401344267, -0.7590395927125587, -0.5163561385716791, 0.41390200587513487, 0.17478628616385444, -0.523731180460007, -0.11624639574287617, -0.06169424069990852, 0.6932786246319461, 0.05110299340197862], [0.08273449282864531, 0.21128245104294696, -0.46400514942230014, -0.4184518285439957, -0.20555019782570225, -0.6417426711302248, -0.2450321151705096, -0.10082690658736065, -0.7062370080965964, -0.26759087202419757, 0.3534814451422822, 0.43271021626910017, 0.699694641880764, 0.2954516831257147, -0.03680021950897313], [-0.5743922643457796, -0.6823073177085998, -0.5507134059869639, -0.3962466082106223, 0.035745985193038135, 0.2375075920346179, -0.06200650556944241, 0.6468981551817696, 0.05935631682273215, 0.5773736761358826, 0.05992348049104809, 0.48470102424328315, -0.026002170571040595, 0.40916589886529836, -0.02220920087896045]], "inverted": false, "swapped": true, "error_lsq": 0.039718797195762504, "error_max": 0.27668462459456006, "target": "866.xyz", "model": "8.xyz", "model_rescale": 4.019505241142653, "target_rescale": 4.100528403434112},
{"mapping": [4, 10, 14, 12, 7, 11, 6, 5, 8, 1, 2, 9, 15], "R": [[0.6010175577875725, 0.5354560125884215, -0.5933504477237466], [0.7393478861579855, -0.6544486423209712, 0.15830880518138019], [-0.30354999335328725, -0.533838770741828, -0.7892233957429757]], "T": [0.03348804608446305, -0.07900191272169077, 0.01879795309905416], "aligned_model": [[-0.24203126879068898, -0.455993471290145, 0.0923979680749012, 0.28291555452325745, 0.3264849694514513, 0.5678660966844739, 0.24639673952588378, -0.09700788844975794, 0.0558376858534514, -0.5363222507058141, -0.24331051879446391, 0.34248361421036777, -0.020016458551740633], [-0.712193344187694, 0.21933889735998663, 0.20691011205164678, -0.5091320288589058, -0.7070281460523485, -0.017315296091890794, 0.6135390180657054, -0.7486047804089528, -0.1341733101946076, -0.03450505557570051, 0.6410331430379876, 0.334229649792129, -0.08872063082329668], [-0.1926311534637002, -0.2102797475067973, -0.598704114102467, -0.67655952970545, -0.02081841467625542, -0.24384575072846806, -0.11496971971086475, 0.37160935844234344, 0.601993965395678, 0.5285614802867544, 0.33129847218805986, 0.3667633356743263, 0.034285311950719724]], "inverted": false, "swapped": true, "error_lsq": 0.056642593037912005, "error_max": 0.3382673635151323, "target": "866.xyz", "model": "9.xyz", "model_rescale": 3.877068213659057, "target_rescale": 4.100528403434112},
{"mapping": [5, 11, 8, 10, 6, 12, 7, 3, 0, 1, 9, 4, 13, 14, 2, 15], "R": [[-0.8114303891340736, -0.569982692609474, -0.12923023529878794], [0.3594250893975829, -0.6610207450986786, 0.6586844310143725], [-0.46086259199599355, 0.48802797529941055, 0.7412384006673511]], "T": [-0.05880353748220081, 0.05982317277460156, 0.07420707998260667], "aligned_model": [[-0.016385006542156827, -0.5029300256194805, 0.22488905991752123, -0.6230757541631061, -0.5483050209446767, -0.6336125998459243, 0.7183749022835418, -0.07426712772367947, -0.23651407873666253, 0.41942615197287014, 0.0017046860483007006, 0.4990280562352928, -0.021299027324891237, -0.23344250392854543, 0.41464888506026343, -0.08332094233706464], [0.15413056589555188, -0.527548811446306, -0.6552904885679006, -0.11600638128883431, 0.4338036170578128, 0.02261593779487947, -0.17263375466431563, 0.5904732479489364, -0.4695188396613176, -0.21265287682542558, -0.3161961108134026, 0.3989431882310257, 0.6749153482634306, 0.15095943339526138, 0.10146916260243066, 0.002069723682712389], [-0.7005846507929282, 0.02520615192053094, 0.13297694768722396, 0.4664972950782026, 0.10304282354186536, -0.4016136627380431, -0.016589500711559735, -0.2735467378577465, -0.49322752684987015, -0.59658333193568, 0.6132743829743574, -0.10443280333689983, 0.5409977432717851, 0.8296651926779575, 0.5373094154004248, 0.009643455401052298]], "inverted": false, "swapped": false, "error_lsq": 0.039697517507087214, "error_max": 0.24477874404842115, "target": "866.xyz", "model": "10.xyz", "model_rescale": 4.260839863003843, "target_rescale": 4.100528403434112},
{"mapping": [2, 6, 11, 9, 7, 8, 1, 10, 14, 12, 4, 15], "R": [[0.01873030897650313, 0.5602747081786366, -0.8280950590970755], [0.9925133921048039, 0.0895595715993493, 0.08304366097154536], [0.12069110165319014, -0.8234508695182033, -0.5544026726770486]], "T": [-0.04530103343618771, 0.07328413266750544, -0.035594727044672876], "aligned_model": [[0.4163071172003067, 0.165603126706425, -0.35274485679146705, -0.21469395184920873, -0.5705592879673135, -0.29333879253484446, 0.25577712849802975, 0.5718296578252877, 0.2611413288579077, -0.21112176395503204, -0.05683870378459243, -0.012462353111368368], [-0.12802820955251332, -0.5856112746577301, -0.3961384366272808, -0.2508003970176528, 0.3147665773931639, 0.3397679981683104, 0.5931676120547327, 0.06427912658825943, -0.4146192399462812, -0.06741065602149715, 0.5854640936718765, 0.11824131147954675], [-0.6982528271299435, -0.28899780573165046, 0.1728941256834963, -0.5391756536692707, 0.348623438046409, -0.4950776948951337, -0.5105638908242632, -0.023569441391076758, 0.33124072026211066, 0.7911195461068005, 0.4734073540528963, -0.0454697931148698]], "inverted": true, "swapped": true, "error_lsq": 0.049361029495191715, "error_max": 0.2610464250549905, "target": "866.xyz", "model": "11.xyz", "model_rescale": 3.890672605050136, "target_rescale": 4.100528403434112},
{"mapping": [4, 12, 14, 3, 10, 8, 7, 1, 5, 0, 6, 11, 9, 15], "R": [[0.13370993581541607, 0.32532939373298564, -0.936099587991345], [-0.9683141996193262, -0.15815266293661007, -0.19327531146435406], [-0.2109247825169469, 0.9322813528004235, 0.2938744890949054]], "T": [0.10309706699988806, 0.040049590738331156, 0.14476337744792653], "aligned_model": [[0.2711159032728028, 0.15299797016692052, 0.45425824813846516, 0.764268476335523, 0.6979724419055114, -0.2353787028621978, -0.27814686510649433, 0.3089240863498777, -0.15186272732383865, -0.6953151735149433, 0.18242307296447507, -0.1758056648882801, -0.2213384814107508, 0.1357632507666232], [-0.4069356610735228, 0.2703110229911791, 0.5842425101250572, -0.49284191554169177, 0.08332119550465732, -0.2927070925408777, -0.18102100922278913, -0.5164928080730646, -0.6498528161832461, 0.05847720641412933, 0.673901824420597, 0.5141165759010203, 0.2915886675436164, -0.003955180437299713], [-0.3970100107628206, -0.676965045053326, -0.07218076090979184, 0.07748263451597637, 0.3039074765475956, 0.48881006207792066, -0.39153360885221833, 0.6289311115088573, -0.07637741319796296, 0.27815842922630285, 0.5118813060233315, -0.09150048885120535, 0.6125113444314849, 0.15867539865271715]], "inverted": true, "swapped": true, "error_lsq": 0.04167015011170594, "error_max": 0.31145425413661804, "target": "866.xyz", "model": "12.xyz", "model_rescale": 4.124412569039231, "target_rescale": 4.100528403434112},
{"mapping": [7, 13, 14, 5, 11, 0, 3, 8, 10, 1, 9, 2, 15], "R": [[-0.9805911048854646, 0.1370707632561884, 0.140188055410829], [-0.086148602834185, 0.34107132128712797, -0.9360816054304082], [-0.1761235454140688, -0.9299903008396477, -0.3226430490417541]], "T": [0.16060021715325634, 0.08581115318301169, 0.06727745246249953], "aligned_model": [[-0.15706166757763967, -0.22475299027983897, 0.49278327248801745, -0.4884181119388171, 0.5595542705049014, 0.4011865415368125, -0.4886567606191561, 0.06387283070108087, 0.12985101543460587, -0.20356445679899993, 0.6336074415771724, 0.5298186213887921, 0.11907830109282662], [-0.3654278491091124, 0.7146795062062246, 0.5296938351810316, -0.32161146860823586, -0.1009980573098184, -0.6811838627002303, 0.6146931876836215, -0.29344807905932285, 0.685056159896433, 0.19910283850113705, -0.14926110828369746, 0.4069156559372098, 0.10927461817323739], [0.4883568906322425, 0.502244686503777, 0.46621034179072796, 0.01574985946078472, 0.472598111921004, -0.029845092768969933, -0.08891748584878298, -0.3691480574755519, -0.0777601159434192, -0.596854825444519, -0.26184819281834026, -0.6059937928447082, 0.036905753803593934]], "inverted": true, "swapped": true, "error_lsq": 0.04843429484156913, "error_max": 0.26111328945994355, "target": "866.xyz", "model": "13.xyz", "model_rescale": 3.9028299243045295, "target_rescale": 4.100528403434112},
{"mapping": [9, 12, 13, 8, 2, 1, 10, 6, 11, 14, 5, 7, 3, 0, 4, 15], "R": [[-0.17305452102535962, -0.32225406620608066, 0.9307010527373064], [-0.8882262769230123, -0.35723886085899575, -0.28885026791687646], [0.4255657572410728, -0.8766599757635876, -0.22441272949193042]], "T": [-0.09949282254712494, 0.0239057942534679, 0.08662308496849978], "aligned_model": [[0.23282546687938704, -0.4399237736823605, 0.1449757645303011, -0.522357545705207, -0.759249160908614, -0.5645120342178664, 0.6202748166229699, -0.19724988167500404, -0.2659684190965873, 0.31229800784830364, 0.017887949048517107, 0.647403551732644, -0.028314166729406343, -0.22527167936121908, 0.3637022553029423, -0.03160149623719771], [0.2306145423225962, -0.5728680445699089, -0.732972029809579, -0.28871622379338124, 0.2722159914460982, 0.14073343381079984, -0.1649441149685837, 0.5597607810554496, -0.2344221314039131, -0.4761847569702708, -0.33786617498973687, 0.4638291476774722, 0.6111403162592328, 0.3506683948799059, 0.17041524410481057, 0.06812858655354684], [-0.5824669720851027, -0.02386692257089243, 0.09135818467053602, 0.6522732058898851, 0.2992574883885053, -0.35190535328310335, 0.046338355364029804, -0.2977091316870304, -0.5852468778345572, -0.5161939729868413, 0.4293250405868739, -0.1765141511595033, 0.28354606574726654, 0.8380366137628084, 0.5592207731160779, 0.006582847811720721]], "inverted": false, "swapped": false, "error_lsq": 0.03975243272831382, "error_max": 0.23486850496295825, "target": "866.xyz", "model": "14.xyz", "model_rescale": 3.942246331269136, "target_rescale": 4.100528403434112},
{"mapping": [11, 6, 14, 2, 1, 10, 4, 12, 7, 13, 3, 5, 9, 8, 15], "R": [[-0.5650050574505276, -0.6292154453820151, 0.5337201592108346], [-0.4532370600316376, 0.7772166688231306, 0.4364749902541428], [-0.6894530096164667, 0.00470882110392426, -0.7243151072113625]], "T": [-0.15539245561873266, -0.0573332762055281, -0.008057862953109056], "aligned_model": [[-0.7039151207380037, -0.32398049792162864, -0.24466095786255654, 0.20300615038112985, 0.4579584764757178, 0.3344410906074627, 0.05029088704279766, -0.4968312546267207, -0.49913412464840645, 0.24933204565472106, 0.6289400905430707, -0.04797554389501968, -0.3998337325663802, -0.1316618936657527, -0.10168157824822133], [-0.003377213056331825, -0.535164545274254, 0.09836280965173312, -0.7775300522533128, -0.343122115720356, -0.08960313755639314, 0.5963818502664764, 0.6795044343031937, 0.42004183093216285, 0.5851761267351585, 0.272929932922009, 0.25703096351156524, -0.6294124343625369, -0.37980381048483325, -0.053269949732630405], [-0.24163543870564314, -0.542933729991841, -0.6670834551518746, -0.2215796287300598, 0.35061743809587104, -0.382354190434785, 0.21974785432904037, -0.2749618954641652, 0.3604367442091878, -0.4037202693103201, 0.02931001209832957, 0.6844086047896295, 0.009041604184513781, 0.48093149603808316, 0.009137334404549537]], "inverted": false, "swapped": true, "error_lsq": 0.03777381940672983, "error_max": 0.315057510784947, "target": "866.xyz", "model": "15.xyz", "model_rescale": 4.355366556412066, "target_rescale": 4.100528403434112},
{"mapping": [11, 7, 0, 10, 9, 14, 1, 13, 5, 12, 4, 15], "R": [[-0.69060951148306, 0.6415193750276085, -0.33393321804414167], [-0.6553726929965962, -0.35984873331473033, 0.6640749373422955], [0.3058514932504316, 0.6774671804567151, 0.6689492383436209]], "T": [-0.1533247503532639, -0.0231087032887073, -0.14375916388041596], "aligned_model": [[-0.18067331403876646, 0.496125733384694, 0.09139720329123016, -0.5385858598106167, -0.47506246254649487, -0.5077238426788129, -0.20256985166185457, -0.08837189203755255, 0.5347001238906628, 0.21030341311583553, 0.40678555763523516, -0.14851625391177878], [-0.5210506871165616, -0.2147671603787864, -0.6929671544456482, 0.4444239148799452, -0.4318833021433055, -0.03985630705954697, 0.46141390902909535, 0.5714317361567641, 0.15427674837847546, -0.11326801572849125, 0.36632690071274376, 0.02869584545629628], [0.18737931410192268, 0.008932382866960215, -0.5271607072789917, -0.02517115346427437, -0.48538273556970535, 0.43988941955299143, -0.7348051489143884, 0.46899836293033415, -0.4353569194337299, 0.6246117652800324, 0.09322375127216981, -0.16589987013389984]], "inverted": false, "swapped": true, "error_lsq": 0.04148727788349694, "error_max": 0.22519656236874303, "target": "866.xyz", "model": "16.xyz", "model_rescale": 3.795458400668931, "target_rescale": 4.100528403434112},
{"mapping": [11, 0, 7, 6, 12, 8, 9, 14, 10, 1, 5, 13, 15], "R": [[-0.0822171943851075, 0.9823254462359312, 0.16815781464094998], [-0.9030612742994495, -0.002058623610461996, -0.4295068066160127], [-0.421569291822941, -0.1871696549823424, 0.8872693235121425]], "T": [-0.11556437631623151, 0.08552432290172779, -0.00472313618534816], "aligned_model": [[0.21005829140190135, -0.12393977988849134, 0.44508500716749544, -0.4196607257661909, 0.7092164579119491, -0.438462783739495, -0.4988818371211856, 0.10341725915898642, -0.35717890720198586, -0.6826486391339548, 0.06558427825660737, 0.2749785969659304, -0.13893541710734456], [-0.2755299680127819, 0.2836280017502072, 0.4376875953985937, -0.5667178632895422, -0.09779647508112554, 0.47777774285786934, -0.09350392155545964, -0.5207230524099566, -0.13278897552376398, 0.53062682793219, 0.8316411045435665, -0.02815643034193835, 0.11763667920262706], [-0.3539458904194984, -0.7897586179975168, -0.21325826932443848, -0.16265471520432845, 0.12519256026127643, -0.29718655487533197, -0.46116054128974904, 0.22118841967081743, 0.5197172416669328, 0.2537759879041278, -0.0239062064335225, 0.7487500663670077, 0.03552155051051906]], "inverted": false, "swapped": true, "error_lsq": 0.05078361507891575, "error_max": 0.25822884966429305, "target": "866.xyz", "model": "17.xyz", "model_rescale": 3.7474275329858107, "target_rescale": 4.100528403434112},
{"mapping": [9, 10, 1, 14, 0, 7, 8, 3, 11, 5, 12, 13, 4, 15], "R": [[-0.21786176546440272, -0.8304809589139266, -0.5126769236372343], [-0.6366413351194344, -0.27722107923590517, 0.7196084238282818], [-0.7397459439335087, 0.4831664828076187, -0.4683226327279491]], "T": [0.09026292063776195, -0.12687228356223637, -0.08379860077036694], "aligned_model": [[0.44895953234254615, 0.10360498317509378, 0.7243012940673281, -0.40404346936122193, 0.34357548180860065, -0.21468314849499423, 0.6006696244001869, 0.14692706898604121, -0.27627811210274666, 0.24645362568551352, -0.7426443701308943, -0.45902850504021775, -0.2189807845851441, 0.11601442713278515], [-0.5742467922093644, 0.3416910738504986, 0.29567590117579035, -0.09346605773315944, -0.8259269759201816, -0.28847237495129074, -0.27081350641993684, 0.7180547190257306, -0.590113111681735, 0.035587824620333136, -0.13278347739510976, 0.5265902683184189, 0.29604952111505367, -0.07741877028381419], [-0.32568965602885935, -0.48547802168181936, -0.006526543283018521, -0.5539795071235389, 0.23674968905157556, 0.5184695362195063, 0.1660551551994161, 0.00858766957006013, -0.18076489014570257, 0.6504249714413032, 0.10849942428007947, -0.15039152508591636, 0.4132426719240404, -0.0744042556754715]], "inverted": false, "swapped": true, "error_lsq": 0.03592454813227771, "error_max": 0.21101316034333706, "target": "866.xyz", "model": "18.xyz", "model_rescale": 3.922800546911778, "target_rescale": 4.100528403434112},
{"mapping": [9, 6, 11, 8, 13, 2, 14, 5, 10, 7, 12, 4, 1, 3, 15], "R": [[-0.2897189800887238, 0.9460128535570617, -0.14533613962526587], [-0.2408709071180307, -0.2190277826559173, -0.9455199820886755], [-0.9263067087528225, -0.23892783707566895, 0.29132347998377317]], "T": [0.07576071570644295, 0.12479609404247663, -0.08569290972768574], "aligned_model": [[-0.25395255344123024, -0.38769811442251384, 0.32607399691344363, -0.04397946605202013, 0.26328070023062505, -0.7512004057918926, 0.042304336840914156, 0.4878471742817462, -0.31537532441707283, 0.7482012940972154, 0.7587740657240373, 0.5665621705903967, -0.3550363925994741, -0.04675078162043521, 0.0570001365538787], [0.466755818484371, -0.0645161780436537, 0.027281208903861667, 0.6876813235831318, -0.6092509047409284, 0.2018285379986883, -0.4884693301700683, 0.5396011849909802, -0.29104871045942626, 0.2911302886222851, -0.3723434494122232, -0.038753392077973486, 0.42350469437883176, -0.18088178655292284, 0.1250921995296253], [-0.4877764829527014, -0.6262515275119857, -0.6206517522775835, 0.026036609617095544, 0.3132810914099175, -0.1397836444344963, -0.38454246719042384, 0.4122976165550336, 0.14917233761996612, -0.04108116579525291, -0.2164333613783163, 0.41820196653788466, 0.47261670136216016, 0.6999276441627832, -0.0323543985607518]], "inverted": false, "swapped": true, "error_lsq": 0.034277344220974254, "error_max": 0.20175489976143138, "target": "866.xyz", "model": "19.xyz", "model_rescale": 3.9282355846067225, "target_rescale": 4.100528403434112},
{"mapping": [5, 4, 12, 3, 1, 13, 10, 14, 2, 9, 7, 8, 11, 15], "R": [[0.7274683738243022, 0.5871515126753595, 0.35502516283844254], [0.5859637000211895, -0.8008304560482619, 0.12376236472777499], [0.356982222726711, 0.11799865180827443, -0.9266283024106953]], "T": [0.0034542818859808824, -0.042800589069198314, 0.1572458092953783], "aligned_model": [[-0.49496971189472394, -0.10623058568011154, 0.6144873389461576, -0.39532348485960617, -0.7106382122457481, 0.24428871375518235, -0.012170547377699036, 0.5982368509726302, -0.24974251839522774, -0.02610158959578151, 0.06246316176549011, -0.4710207967015619, 0.519386552396408, -0.04014235200073217], [-0.6237532853078402, -0.6521654403059898, -0.6061101010022247, -0.14946168285046105, 0.16364888886649567, -0.2851555005313874, 0.2872998748626699, 0.13383263036562051, 0.749649827170936, 0.36740523161794747, -0.7063261558107874, -0.011425300357473862, -0.10264483038225936, -0.041912068910410355], [0.2200197230017569, -0.21449100184569736, -0.042926677854793066, -0.5879034322532684, -0.027072179950776598, -0.6278859426539463, -0.3641614558523664, -0.1283400256471785, 0.13198280074591348, 0.6243390847609516, 0.35240056282534443, 0.5001014193022775, 0.4548687483006881, 0.12125153436477833]], "inverted": false, "swapped": true, "error_lsq": 0.04192533831288176, "error_max": 0.2642317068495441, "target": "866.xyz", "model": "20.xyz", "model_rescale": 4.067790424073018, "target_rescale": 4.100528403434112},
{"mapping": [5, 12, 8, 1, 0, 11, 9, 4, 7, 13, 14, 10, 3, 14, 15], "R": [[0.6544506878414782, 0.1287090632320816, -0.7450693083369736], [-0.12091348245417656, -0.9549079077061258, -0.2711656644214248], [-0.7463740529684962, 0.26755348034034093, -0.609377475964735]], "T": [-0.042741957541620315, -0.061775137975938935, 0.04969603338248879], "aligned_model": [[0.15075446573457346, 0.07582213798184435, -0.23441917940850499, 0.2965676057526146, -0.7439143343558109, -0.45915954802820586, -0.5501572857481203, 0.45257677465978613, -0.11810414085531949, 0.6711235198799298, 0.021453829742030403, 0.3893347760740275, 0.7916956620606319, 0.021453829742030403, 0.0034158406760082666], [-0.055437143888502155, 0.7844476694361023, -0.46865032010749247, -0.7124388455192173, -0.12357563511923668, 0.3336605148372115, -0.3992275925095185, 0.29436260762492117, 0.4016892193575404, 0.3525766075620701, 0.2919030480248689, -0.2416254284461709, -0.2172901973332207, 0.2919030480248689, -0.09140241201637644], [-0.6935347794176392, 0.07414072881526906, -0.3263005185144801, -0.16945769854569492, -0.3504713306140565, 0.21873416402798118, 0.17608439708805826, -0.33678787125248066, -0.4615328138643979, 0.27746281260617095, 0.6304847294323268, 0.45223740642656474, -0.02225265432871637, 0.6304847294323268, 0.035958272329908635]], "inverted": true, "swapped": true, "error_lsq": 0.0473883844684, "error_max": 0.39604397968237814, "target": "866.xyz", "model": "21.xyz", "model_rescale": 4.186013935880536, "target_rescale": 4.100528403434112},
{"mapping": [10, 2, 3, 12, 11, 13, 14, 9, 5, 8, 0, 7, 15], "R": [[0.6300092568932132, -0.5369691511748405, -0.5610280446781898], [0.7554007425857827, 0.25613696980464823, 0.60312815454109], [-0.18016118985427862, -0.8037773220151614, 0.5669955575526375]], "T": [-0.052645277183314555, -0.026917750624176444, -0.0037091890706286504], "aligned_model": [[0.06087618181663917, -0.6279382277365223, 0.5105478106464008, 0.5291373695404346, -0.18280635657897232, 0.6727285194322663, 0.04645304142417924, -0.6719320405539199, 0.30054402950868386, -0.33580643169253305, -0.5139111122267672, 0.301896179527808, -0.031214927684472288], [-0.25071777105444215, -0.049397841971020054, 0.17789508791320835, -0.4614302816646976, -0.40274262913215736, -0.374737359148286, -0.6996778290808966, -0.006980854628708864, 0.626272874806819, 0.4857758877410915, 0.29455129562958404, 0.17681387241443888, 0.003332207721160052], [-0.5677148778081968, -0.6047559160474894, -0.6091123071240676, 0.44737377448073945, 0.44368393660248384, -0.2970065973651024, -0.06772690459638328, 0.054642483928908546, 0.19243462952369242, 0.021310243624623408, 0.5789462875059908, 0.5572073686248364, -0.04640256001468932]], "inverted": true, "swapped": true, "error_lsq": 0.048983866208069854, "error_max": 0.23981650621562664, "target": "866.xyz", "model": "22.xyz", "model_rescale": 4.166573947596378, "target_rescale": 4.100528403434112},
{"mapping": [0, 6, 2, 12, 13, 5, 3, 7, 1, 4, 12, 8, 10, 14, 9, 15], "R": [[-0.08111198768942618, 0.9965843274759898, 0.015508825948469585], [0.5878944486909211, 0.06040225230470675, -0.8066794190475648], [-0.8048608343381285, -0.056313818426280526, -0.5907857405208623]], "T": [0.05212261565836633, -0.034614940906960795, 0.11365863351924753], "aligned_model": [[0.05851902069510962, -0.4868841548491201, 0.11680219446658954, -0.24335160743249368, -0.6343563082574323, -0.6311959361258508, 0.5769493637510706, -0.15744584403808115, -0.215956809461051, 0.5084697128537279, -0.24335160743249368, 0.6721868820913355, -0.17793278884070662, -0.2884771677994747, 0.43910891421329656, 0.011835790517176342], [0.15901757841432798, -0.560608266451392, -0.6587538343917632, -0.3409108357996613, 0.4517375782032742, 0.17312498042816382, -0.32740833709022654, 0.532217344526907, -0.32676236159775707, -0.18250768260447878, -0.3409108357996613, 0.40336520875396054, 0.6651474166854014, 0.291355419627952, 0.1722499615276595, -0.05082037282816744], [-0.6795760709042991, 0.004524061560295153, -0.12939780625112574, 0.6119147559000461, 0.2086378579332221, -0.31176099822397857, 0.12964499189039208, -0.26866566408749926, -0.4786946118322901, -0.4428740045166113, 0.6119147559000461, -0.16521917882358972, 0.2491148510274353, 0.7490426707608647, 0.5234118313756688, 0.060017752022096485]], "inverted": true, "swapped": false, "error_lsq": 0.045627483723902615, "error_max": 0.3968527022244694, "target": "866.xyz", "model": "23.xyz", "model_rescale": 4.274766983524099, "target_rescale": 4.100528403434112},
{"mapping": [10, 4, 12, 11, 7, 0, 9, 8, 1, 5, 15], "R": [[-0.5283913866301313, -0.7482063843574593, 0.4012352787851849], [-0.7609202206761085, 0.6269660475294687, 0.16707481261847498], [-0.37656733833580097, -0.2170271449658174, -0.9006088263206599]], "T": [-0.005132872574630888, -0.03482351014607914, -0.0922407586874075], "aligned_model": [[0.4557321589967518, 0.10402671634055746, -0.482634564370513, -0.569983286511658, -0.39701663723940955, -0.5034942934705405, -0.14885332211480837, 0.10633281083868701, 0.6709444879628458, 0.0966220606308518, 0.04821857289531067], [-0.1551707184184623, 0.6750909170318405, 0.48102653600048034, -0.14929580768844838, 0.5042279308901378, -0.19515913711556382, -0.5761115150198796, -0.12492982378334327, -0.07124392303548166, 0.5446148124163038, -0.017462740034099887], [-0.4849186927022388, -0.16740883093671605, -0.5786961953813332, -0.2540646066365869, 0.10188358898351582, 0.5254357776560703, 0.17918182882794437, 0.47619325852084055, 0.2656915734210286, 0.4014901811975779, -0.08522144892852465]], "inverted": false, "swapped": true, "error_lsq": 0.04910922767546822, "error_max": 0.22403562426318546, "target": "866.xyz", "model": "24.xyz", "model_rescale": 3.7841303162186577, "target_rescale": 4.100528403434112},
{"mapping": [14, 3, 5, 6, 7, 11, 2, 10, 13, 12, 4, 9, 0, 1, 8, 15], "R": [[-0.9870445314641865, -0.1302624213317367, -0.09367387306734953], [-0.008363163128836053, 0.6248087582684259, -0.7807330357385606], [0.160228431962387, -0.7698348635778073, -0.6178034739389329]], "T": [-0.046682234855845064, 0.10050766526877371, 0.05914362510678883], "aligned_model": [[0.190059416955208, -0.37260017244997656, 0.287188906209132, -0.6093198296600447, -0.5428580269664869, -0.7350703114701099, 0.6174725693652346, -0.14189465829217074, -0.29198002653715166, 0.31420820602362803, -0.007815250249462988, 0.4409157220666606, -0.1616941112385523, 0.058046174848999155, 0.3591979007302412, -0.09893685498354593], [0.18859762424670162, -0.6338049099338314, -0.7105440668095235, -0.2177360126740323, 0.5074912518529362, 0.05919140015623377, -0.21404743103977453, 0.7537113007979906, -0.2748415915905742, -0.3643831506433032, -0.4406482367763532, 0.20474028011114437, 0.6504396676069569, 0.1987021820391756, 0.29250265489646815, 0.06016199936432273], [-0.6928487363807482, -0.0005592013493961323, 0.05115022154838189, 0.3819227300770607, 0.1639267519675962, -0.2782617562598241, 0.22869159868241443, -0.3525780165784577, -0.5819038973456813, -0.41919362557578, 0.5713388906527401, -0.2466741358788086, 0.5341983697908501, 0.7888190261448979, 0.443665436105001, 0.08034153813042588]], "inverted": false, "swapped": false, "error_lsq": 0.04461368482315355, "error_max": 0.3177058431495534, "target": "866.xyz", "model": "25.xyz", "model_rescale": 4.19342608120988, "target_rescale": 4.100528403434112},
{"mapping": [11, 7, 0, 10, 9, 14, 1, 13, 5, 12, 4, 15], "R": [[-0.69060951148306, 0.6415193750276085, -0.33393321804414167], [-0.6553726929965962, -0.35984873331473033, 0.6640749373422955], [0.3058514932504316, 0.6774671804567151, 0.6689492383436209]], "T": [-0.1533247503532639, -0.0231087032887073, -0.14375916388041596], "aligned_model": [[-0.18067331403876646, 0.496125733384694, 0.09139720329123016, -0.5385858598106167, -0.47506246254649487, -0.5077238426788129, -0.20256985166185457, -0.08837189203755255, 0.5347001238906628, 0.21030341311583553, 0.40678555763523516, -0.14851625391177878], [-0.5210506871165616, -0.2147671603787864, -0.6929671544456482, 0.4444239148799452, -0.4318833021433055, -0.03985630705954697, 0.46141390902909535, 0.5714317361567641, 0.15427674837847546, -0.11326801572849125, 0.36632690071274376, 0.02869584545629628], [0.18737931410192268, 0.008932382866960215, -0.5271607072789917, -0.02517115346427437, -0.48538273556970535, 0.43988941955299143, -0.7348051489143884, 0.46899836293033415, -0.4353569194337299, 0.6246117652800324, 0.09322375127216981, -0.16589987013389984]], "inverted": false, "swapped": true, "error_lsq": 0.04148727788349694, "error_max": 0.22519656236874303, "target": "866.xyz", "model": "26.xyz", "model_rescale": 3.795458400668931, "target_rescale": 4.100528403434112},
