[{"mapping": [5, 1, 12, 10, 8, 3, 0, 2, 6, 7, 11, 9, 13], "R": [[-0.4119954019125872, -0.579057390612433, -0.7035284835598388], [-0.30722342143191533, 0.815169347539089, -0.4910322842302368], [0.8578307281314617, 0.013837384500568484, -0.5137460157155771]], "T": [-0.152988695415214, 0.04768093064101314, -0.014651526228156318], "aligned_model": [[-0.48395908022520084, -0.5003112466659976, 0.08105050942157996, 0.7649187666975641, 0.22219857404827156, -0.6147801068855319, -0.28988000772249994, -0.364959518426044, -0.42777019383248005, 0.4889750273426936, 0.2672593995429541, 0.3927879225643671, -0.0006610037228107213], [-0.5670849490277641, 0.2793384286830355, 0.36358086940103385, 0.033127678773935854, -0.5481205535695748, 0.04678648019300802, 0.8065078637394385, 0.43615988093278585, -0.39238980989079036, -0.02593541657482351, -0.4478171668444045, 0.5170591357156669, 0.015024282590693494], [-0.3060666562667345, -0.41308089564829464, -0.4395664439050746, -0.43017892424108856, 0.32422047891197703, 0.23019168492620679, 0.01458695526205852, 0.6141653952855841, 0.5469347588990763, 0.37759545535471706, -0.26947502380175725, 0.12156578409580077, 0.03298963178863537]], "inverted": true, "swapped": false, "error_lsq": 0.04966122918033062, "error_max": 0.2939576985880764, "target": "867.xyz", "model": "0.xyz", "model_rescale": 3.8414455957264533, "target_rescale": 3.74118938028637},
{"mapping": [9, 4, 0, 11, 8, 2, 3, 5, 6, 10, 13, 1, 14], "R": [[0.0848786687612503, -0.8582996691323209, 0.506080319274191], [0.6107225185167408, 0.4461342150111258, 0.6542035368086726], [-0.7872824251600485, 0.2535467218556684, 0.5620502138335659]], "T": [-0.06905461469118035, -0.018273584281408947, -0.009991507336411048], "aligned_model": [[-0.35227951443054994, -0.3718434709721413, -0.010602698792452875, 0.7301056837775897, 0.27286843829371477, -0.7797162818396709, -0.06809638245762173, -0.30198586075613965, -0.4718179273338244, 0.20428866553429503, 0.3057993127963066, 0.39051063252395957, -0.012361554206599658], [-0.610757250001755, 0.39414339747715166, 0.20935250170621406, 0.10298645873016847, -0.676438617670844, 0.08897023426443824, 0.7396068292345795, 0.2832786215851106, -0.2990225478912434, 0.035320906278227496, -0.5026298513944163, 0.7040300649888688, 0.04739597681574072], [-0.1950764662489246, -0.19451352910459327, -0.695766330447387, -0.27999932472344713, 0.2624232722948411, 0.1575300908169742, 0.18747555989222084, 0.5277185323003389, 0.5974530639660004, 0.6151423840401646, -0.4569037360736531, -0.1347917996905114, 0.013190483639082574]], "inverted": true, "swapped": false, "error_lsq": 0.04650792849451007, "error_max": 0.2869824035729597, "target": "867.xyz", "model": "1.xyz", "model_rescale": 4.316132596720782, "target_rescale": 3.74118938028637},
{"mapping": [10, 9, 4, 1, 0, 2, 5, 6, 8, 11, 7, 12], "R": [[-0.4036418972364437, -0.048619451898605115, -0.9136243033613125], [0.6641367732466845, -0.7024005816228311, -0.256038609114701], [-0.6292817852257018, -0.7101194067429702, 0.31580826928718314]], "T": [-0.043504182609598305, -0.11276195559294397, 0.008429863775801967], "aligned_model": [[-0.25980443529132224, 0.5462745436039945, 0.20071998184184947, -0.5350342572094441, -0.46238561400015354, -0.5533536070267182, -0.22313627030760025, -0.010131630001858113, 0.43283101610508523, 0.10550603210374025, 0.40959183102736996, -0.05326903621316243], [-0.7066313908870594, -0.20171851919711922, -0.6464515853104233, 0.45964900371194917, -0.3341874887693588, -0.15669713879851638, 0.4925975572660445, 0.5943110416657733, 0.01402844163875036, -0.043982121629023624, 0.5056147314910957, 0.03624389655886806], [0.0327350107626325, 0.09516571279277686, -0.49563080544550103, 0.03292063023143981, -0.5468450480197034, 0.4826809454204665, -0.5149077807755578, 0.3219857007781962, -0.47215929064443746, 0.6825793578676842, -0.16428412228125758, -0.00498184947731759]], "inverted": true, "swapped": true, "error_lsq": 0.0445766242428401, "error_max": 0.31692858574683874, "target": "867.xyz", "model": "2.xyz", "model_rescale": 3.795458400668931, "target_rescale": 3.74118938028637},
{"mapping": [7, 8, 5, 10, 6, 2, 0, 9, 4, 3, 1, 12], "R": [[-0.9857040102298787, -0.09665057794895214, -0.1380082243885082], [-0.02501631910946933, -0.7260730140027959, 0.6871623986475898], [-0.1666186904130161, 0.680791189807146, 0.7132752399221651]], "T": [0.11850439664646692, 0.03663849428932934, 0.0964459889332944], "aligned_model": [[-0.09440595767177137, -0.009732731168054037, -0.6479946165899565, 0.34731159558613556, -0.05139819291199341, 0.17924580016850294, -0.3391806430753046, 0.5353218049667395, 0.21661439566081536, 0.8761807968743716, -0.44118078498678837, 0.022522358890868732], [-0.16020245707477657, -0.560185329779863, -0.05821791943661444, -0.007715160304794598, 0.47630534860154855, 0.6745397430659271, -0.20523162747833715, -0.2701835233230093, -0.6522292668638194, 0.24635598534863745, 0.5229439244358537, 0.07958932809895689], [-0.6339228675855321, -0.22182044628159994, -0.17940114341870536, 0.6844404316743026, -0.5177277494492432, 0.37245921877987265, 0.6110763383946733, -0.2124210070966345, 0.4346513368553351, 0.4072416834480391, -0.0453829371721248, -0.010421427509283154]], "inverted": true, "swapped": true, "error_lsq": 0.051384866952521084, "error_max": 0.2826877151592161, "target": "867.xyz", "model": "3.xyz", "model_rescale": 3.7530521520055578, "target_rescale": 3.74118938028637},
{"mapping": [4, 7, 5, 1, 0, 11, 10, 9, 3, 2, 12], "R": [[-0.6964489191391385, 0.16897553135026583, -0.6974282564069378], [0.31643251399368244, 0.9446055219760694, -0.08712561012673421], [0.6440724859187543, -0.28136751350717987, -0.711338846981678]], "T": [-0.08209441478981441, -0.05278242543982202, -0.01145151541427064], "aligned_model": [[-0.4698477701442578, -0.22852895128821835, 0.37643455901729406, 0.5933260968603543, 0.26439182944804573, -0.2560896769393881, -0.1267503333862022, -0.6631654070612397, -0.4574143110248672, 0.3177382492836991, -0.01189468232001456], [-0.7122043246140531, 0.10137304810281665, -0.2784045020702973, 0.16969298285666662, -0.6859362366306629, 0.59587555833779, -0.30728903655058537, 0.042183014308374886, 0.23749186617933632, 0.30593187742891637, -0.0015108890339562558], [0.10412233944329077, -0.7679624949643394, -0.6528998575748314, -0.26476504319278793, 0.09756537274633234, 0.16284914110894688, 0.5658609472019526, -0.1403444585927862, 0.6882089224858113, 0.43379977767782335, -0.13360386909409588]], "inverted": false, "swapped": true, "error_lsq": 0.04999493645208009, "error_max": 0.26898838523489665, "target": "867.xyz", "model": "4.xyz", "model_rescale": 3.7855080009869324, "target_rescale": 3.74118938028637},
{"mapping": [6, 12, 1, 5, 7, 13, 14, 15, 8, 10, 4, 3, 16], "R": [[0.19863701041588214, -0.16451026528689183, 0.9661675375980491], [-0.6966069256337137, 0.6697450491717838, 0.25725543778321014], [-0.689407085292998, -0.7241394490877583, 0.018437164171632762]], "T": [-0.04354854191903687, 0.10550474157559664, -0.016370805868367137], "aligned_model": [[-0.293479466585423, -0.5540032553969565, -0.047245482848085954, 0.7389910891628725, 0.29665965555805984, -0.7432582495698897, -0.3131869954051869, -0.3083977244226732, -0.2916613926509969, 0.3562241274710909, 0.2072214761729931, 0.536915913351589, -0.049910652700527906], [-0.4842813769841352, 0.39859786647135764, 0.17562040092119213, -0.0972652531647567, -0.5476028000804328, -0.010508813959092006, 0.7147076668584541, 0.34521234745125745, -0.22536936029376137, -0.00017581644392246354, -0.39583754868274035, 0.485468288861115, 0.15767112316770548], [-0.14192531720353907, -0.3578348136893465, -0.7701440250342313, -0.05661132821201742, 0.12175375124336144, 0.131327599088343, 0.10137595103506467, 0.7264032384401095, 0.5530782401203204, 0.5836106159603921, -0.49883436914542595, 0.016875611996143895, -0.005192953938068408]], "inverted": true, "swapped": false, "error_lsq": 0.04393643005453794, "error_max": 0.26695746535497933, "target": "867.xyz", "model": "5.xyz", "model_rescale": 4.2253639853439635, "target_rescale": 3.74118938028637},
{"mapping": [0, 4, 1, 8, 12, 3, 2, 6, 7, 11, 9, 5, 13], "R": [[-0.2746627332059353, 0.913244395493665, 0.30090705722408084], [-0.935423085874075, -0.32622365496664024, 0.13624161388514847], [0.2225848903265193, -0.24405491398375392, 0.9438713712994553]], "T": [0.01800228901629599, 0.09837308369313755, -0.04685605324226706], "aligned_model": [[-0.42327538222807076, -0.5217018675734623, -0.026864621610452867, 0.7049616464202594, 0.17191380088909236, -0.6367683660981586, -0.22019959529409058, -0.15909142051902153, -0.436786570491107, 0.5024969270507541, 0.2751349611115225, 0.342631464099247, -0.03758193361964681], [-0.5147703436948299, 0.37956398269485825, 0.12390099181124285, 0.143878405881565, -0.6183833210327458, 0.14231996470177005, 0.7084496930521591, 0.20152231074035282, -0.36889464934418204, 0.005133315988725948, -0.37053581334512864, 0.5762964553564827, 0.10775573131197075], [-0.3159133029841843, -0.4081902667965165, -0.7790043088546066, -0.31496234284837143, 0.5309979657508411, 0.2221300682379001, 0.09887659602073685, 0.5628291303776827, 0.40505010400393804, 0.5549122412428075, -0.34114105575668097, 0.2118840015493863, -0.02358662928182659]], "inverted": false, "swapped": false, "error_lsq": 0.057500783422782316, "error_max": 0.35253545518039386, "target": "867.xyz", "model": "6.xyz", "model_rescale": 3.89814844738969, "target_rescale": 3.74118938028637},
{"mapping": [2, 4, 7, 3, 1, 10, 11, 9, 5, 6, 0, 8, 12], "R": [[-0.5861017694319863, -0.7739754722364148, -0.23968037934948583], [-0.16204443845205674, -0.17786645951620417, 0.9706209984056229], [-0.7938679460939664, 0.6077215570930401, -0.021170574129165176]], "T": [-0.024115629015544954, 0.07198013926781766, -0.06662480309356172], "aligned_model": [[-0.5315472226268039, -0.48516013959822735, 0.22052096147154063, 0.7719106072968203, 0.020784102214529115, -0.6952010456224774, -0.3115615036764753, -0.20416220349337336, -0.122173661714407, 0.4672699166008656, 0.2825770832261022, 0.3130339885893808, -0.19142184053060918], [-0.4149766680593908, 0.10753335179824705, 0.3070062787241533, 0.10939408788996613, -0.739712886482746, 0.0565204147424945, 0.8287458843424109, 0.3449509314113024, -0.3068518753402975, -0.058337583430543904, -0.38165671212055763, 0.6081261800291778, 0.05549532061802459], [-0.14989598732794396, -0.5157013185389977, -0.628932843150843, -0.19824685375674242, 0.16561442295837445, 0.23054353907502684, -0.07119048432623047, 0.7646489524707363, 0.6037836775777479, 0.37939468946001925, -0.29281846964639024, 0.17120776540685223, -0.05452488954050343]], "inverted": false, "swapped": false, "error_lsq": 0.053381182210372476, "error_max": 0.36228396833344717, "target": "867.xyz", "model": "7.xyz", "model_rescale": 3.7474275329858107, "target_rescale": 3.74118938028637},
{"mapping": [8, 7, 11, 13, 2, 6, 10, 0, 3, 1, 4, 12, 14], "R": [[-0.7515408925847633, -0.6274437323123051, 0.20371708213819917], [0.5918595764180387, -0.7777024178826183, -0.21185181382699925], [0.2913563601076134, -0.03864339531581075, 0.9558337509333455]], "T": [-0.04707601587172167, 0.06262722848185645, -0.020961441007776707], "aligned_model": [[-0.187761707127101, -0.5791468408267381, -0.028475990229799915, 0.7644248901305722, 0.24633827870879904, -0.7755710191710707, -0.28152232223159374, -0.23647999237457568, -0.5067152795245478, 0.3460460474712012, 0.3657385133140359, 0.4051215499561282, 0.0028729140415552842], [-0.5667236288069887, 0.36471316200016335, 0.43027385572541177, 0.007184500494581254, -0.6294124606717931, 0.2576209703846153, 0.7802683058438097, 0.2436311702555708, -0.32755941426160695, -0.005171975766932915, -0.5475956434395131, 0.47856834523019187, 0.03043953713473173], [-0.24307706531709056, -0.32016431185977684, -0.5219304541337636, -0.40372012760202475, 0.3579562495554666, 0.29242421466967505, 0.05176801110930186, 0.5836681516969185, 0.36713734553745975, 0.6159530989943232, -0.28447245960605655, -0.07711273357411569, -0.014547718809210998]], "inverted": true, "swapped": false, "error_lsq": 0.05313106857368291, "error_max": 0.413421113954746, "target": "867.xyz", "model": "8.xyz", "model_rescale": 4.019505241142653, "target_rescale": 3.74118938028637},
{"mapping": [8, 0, 1, 10, 11, 4, 2, 3, 5, 6, 9, 1, 12], "R": [[0.27498785654431185, -0.9574474713884107, -0.08761288880697876], [0.4515226892974786, 0.04815275504921275, 0.890959355543643], [-0.8488279801012324, -0.28456221062029574, 0.44555068004005205]], "T": [-0.03423504175048932, 0.022319962021165412, 0.028705512300657276], "aligned_model": [[-0.32403779419901835, -0.5045984616059136, 0.25042233982958273, 0.8604346060244467, 0.11847107071429384, -0.8585770987891282, -0.037546440165430774, -0.5853713147473824, -0.2478535175396051, 0.4957091828544127, 0.16164607125228447, 0.25042233982958273, -0.04425194132125936], [-0.5424925352491734, 0.39348334441445804, 0.3799076515475255, 0.08914520867932071, -0.5581262336005849, -0.029562379214214413, 0.5491435623406563, 0.40053663435208336, -0.17856749216086995, 0.0550844876790335, -0.41879617430620103, 0.3799076515475255, -0.0034270019073182507], [-0.20181159983334923, -0.22356829708781306, -0.468694248034763, -0.15372355878489583, 0.1930605584572003, 0.10193847556421891, 0.2978116084850527, 0.5687626991797771, 0.6324737598060667, 0.5248379972612992, -0.455430011360697, -0.468694248034763, 0.05691906504377225]], "inverted": true, "swapped": false, "error_lsq": 0.06050859608138706, "error_max": 0.4764490539314516, "target": "867.xyz", "model": "9.xyz", "model_rescale": 3.877068213659057, "target_rescale": 3.74118938028637},
{"mapping": [5, 6, 13, 2, 1, 12, 10, 11, 0, 8, 4, 9, 15], "R": [[-0.9895211949370634, -0.045870676870404484, 0.1369075811406277], [0.04948618876528953, 0.783023704533769, 0.6200201571398296], [-0.13564262564479043, 0.6202981211817942, -0.7725485867999006]], "T": [-0.0035016980697811853, 0.06820813248450275, -0.08177554858222146], "aligned_model": [[-0.40587427555145694, -0.4731874519518938, 0.1320775348502431, 0.6186741021346678, 0.08964063194473187, -0.7157660853513577, -0.21006776565259716, -0.25195358960952463, -0.3268636558074, 0.4262953231087253, 0.2737697888342443, 0.4224877405689735, -0.04436325538049031], [-0.5989341947003174, 0.33498290565942657, 0.3729938005303938, 0.17538881335356182, -0.7271643391817211, 0.0076340706883415155, 0.7252436859701522, 0.3334102681306733, -0.2473954199311797, 0.02096727863203643, -0.4251435018980448, 0.5097466753548104, 0.03450668151410756], [-0.018428359128348323, -0.379317290397563, -0.7791724686487707, -0.28614025502123347, 0.25231088915278144, 0.13549258382896612, 0.08806414241801554, 0.5605598475331862, 0.5736613115534334, 0.5572594724623768, -0.4530104703596196, 0.16158019354821862, -0.00897739628033739]], "inverted": false, "swapped": false, "error_lsq": 0.042094505315774966, "error_max": 0.24966458019924526, "target": "867.xyz", "model": "10.xyz", "model_rescale": 4.260839863003843, "target_rescale": 3.74118938028637},
{"mapping": [3, 4, 0, 10, 1, 2, 11, 9, 8, 5, 6, 12], "R": [[0.5733859737906253, 0.12063447833018989, 0.810355383580673], [0.06335084138466598, 0.9796105739546117, -0.19065622017697598], [-0.8168324160781278, 0.16065629783584462, 0.5540526671803405]], "T": [0.01594293994673041, -0.0033386725868113764, -0.041224978452996], "aligned_model": [[0.26686529023462885, 0.2059345859543572, -0.47978620284988005, -0.13828379529706386, -0.5106534716242641, -0.38825066024044974, 0.2840044258203438, 0.6169607364447321, 0.37882270388898237, -0.3130389555039294, 0.04568423492614533, -0.009360242659472343], [0.1110215366880483, -0.7478063156214454, -0.5351109819896104, -0.31680764158867114, 0.4076262950368299, 0.3992824057406601, 0.5591196643740608, -0.04700662216201782, -0.3581381845451741, -0.04011169548935073, 0.6650496871700317, 0.07596035791957283], [-0.8403549014993285, -0.13187995375819064, 0.024288195110173272, -0.5684903435830531, 0.3104281644544915, -0.4428648982780304, -0.34650502858369336, -0.05330976557032424, 0.4239336449717577, 0.7091274548718255, 0.3483333221295471, 0.08347218713032958]], "inverted": false, "swapped": true, "error_lsq": 0.04953908899399186, "error_max": 0.2410027215223028, "target": "867.xyz", "model": "11.xyz", "model_rescale": 3.890672605050136, "target_rescale": 3.74118938028637},
{"mapping": [5, 6, 11, 10, 7, 8, 1, 0, 3, 4, 12, 2, 13], "R": [[-0.45368919984566136, -0.7583572368672044, -0.4680388992749881], [-0.09974143253847195, -0.478690748552675, 0.8722997270922725], [-0.8855607018034265, 0.4424358355074988, 0.1415371855033316]], "T": [-0.12888404073921586, 0.1061181391050613, -0.09577765643664493], "aligned_model": [[-0.33262797733812033, -0.5786813703145279, 0.14268250910327077, 0.7283570829436202, -0.05248168384713095, -0.7289800072136275, -0.28245425314326067, -0.2759847302185873, -0.21402338811730554, 0.3817918671806061, 0.31610364897924004, 0.47367356320600906, -0.04250621908332093], [-0.5919963332490447, 0.38246714791626935, 0.43060375005590185, 0.017213999198066376, -0.6839801095724595, -0.14997706213053985, 0.8233327991059761, 0.34828535575298836, -0.16269840627043858, 0.11486682507685766, -0.47275025378787894, 0.4779683290449836, -0.017099317018440932], [-0.37163409305538564, -0.32680131664818746, -0.4475202628802774, -0.33405105868067986, 0.2154643837418153, 0.2099855276836337, 0.16367872088368063, 0.42230628085817723, 0.7837404573406951, 0.3840041912703872, -0.2442009917099387, -0.03084766462915138, -0.020241973513663025]], "inverted": true, "swapped": false, "error_lsq": 0.04331185401575967, "error_max": 0.2343749267893661, "target": "867.xyz", "model": "12.xyz", "model_rescale": 4.124412569039231, "target_rescale": 3.74118938028637},
{"mapping": [9, 11, 10, 5, 3, 8, 2, 1, 6, 0, 7, 4, 12], "R": [[0.07726984448419819, -0.8989818968832614, 0.4311159011328173], [0.77291946689802, 0.3271523950479722, 0.5436605633154347], [-0.6297816040687978, 0.29120930529526146, 0.7201196231779711]], "T": [0.050877446130624636, -0.07347292111656861, 0.06979726164221603], "aligned_model": [[-0.34481978082155296, -0.6578530646803552, -0.013351482257992077, 0.7479150429300611, 0.16484657674427083, -0.6444057719073154, -0.29978564291784787, -0.21074399663480312, -0.4055166909816104, 0.5079230426809045, 0.23320158642586775, 0.42536089371104613, 0.03209832984619234], [-0.5185413943149575, 0.3495664909497795, 0.30863415099029207, -0.010601750330902729, -0.6775070260418099, 0.10178499681994935, 0.7117511546603932, 0.3319555207657346, -0.3115613150632721, -0.06830861166695143, -0.33932218308264495, 0.6169081954925566, 0.021478494944074347], [-0.16253661610186992, -0.48634263102927777, -0.558277974696141, -0.2199123923293392, 0.4316082801591469, 0.09740214914072765, 0.01637383561842129, 0.725576415097826, 0.4971508892874451, 0.4273585095088336, -0.4679385027381505, 0.10737806880951464, -0.003957830066030815]], "inverted": false, "swapped": false, "error_lsq": 0.047541744105604515, "error_max": 0.25757378496168776, "target": "867.xyz", "model": "13.xyz", "model_rescale": 3.9028299243045295, "target_rescale": 3.74118938028637},
{"mapping": [13, 8, 4, 7, 14, 12, 2, 1, 11, 9, 10, 3, 15], "R": [[0.8345175587920393, 0.24351080140321515, -0.49424986966891493], [0.35756076424690053, 0.4431425706639838, 0.8220553277830445], [0.4192025094616537, -0.862743966461244, 0.2827403480152276]], "T": [-0.07268875153839668, 0.17423578300901654, -0.018957244151296154], "aligned_model": [[-0.4257553550183033, -0.7186233869582381, 0.22467961341991718, 0.8053749766184932, 0.017983100863476237, -0.6863264892689902, -0.40672757641604407, -0.19939899236253333, -0.19374625805794496, 0.4649397121475467, 0.29955678938004193, 0.3287094584151893, 0.024203449374254574], [-0.5006947497509763, 0.4262268342804199, 0.21804045789739201, -0.04123637009137243, -0.6669405886200995, -0.10718959871043388, 0.8105764183491346, 0.33364212215120687, -0.19947195731115103, -0.14609359387903842, -0.3807946829491451, 0.6361177407066032, 0.13405469204970055], [-0.24800767800966883, -0.35921614029038784, -0.6264245106460853, -0.0755593321929594, 0.24037185135833042, 0.14982892328498135, 0.14116280095574077, 0.5980783218044923, 0.6067777582882268, 0.43841588776712437, -0.34869508118790193, -0.13826348639223177, 0.025412885921445014]], "inverted": true, "swapped": false, "error_lsq": 0.04132306612397438, "error_max": 0.21348892722685714, "target": "867.xyz", "model": "14.xyz", "model_rescale": 3.942246331269136, "target_rescale": 3.74118938028637},
{"mapping": [11, 8, 12, 3, 10, 6, 0, 7, 9, 5, 4, 1, 14], "R": [[0.43021810096163393, -0.7610316319800876, -0.48553397484696187], [-0.8609151091752243, -0.18410169724570125, -0.4742696910672915], [0.27154660815185544, 0.6220429407982837, -0.7343875131047954]], "T": [-0.0165433119692221, -0.01638274673009061, -0.005309080473584887], "aligned_model": [[-0.4980434755589545, -0.6954923043776798, 0.28293872546798504, 0.6793050933969864, 0.010820524213473664, -0.5224212208810475, -0.20684958495702835, -0.57073446924358, -0.15793782150560726, 0.4423868315711599, 0.22711032670752904, 0.5513140619169573, -0.007527644613328853], [-0.4235884683494565, 0.2981028254757187, 0.3945915143176742, -0.012393589470256948, -0.6961284424222062, -0.1668928847422828, 0.6850286012710993, 0.328704253391818, -0.24563321964622759, 0.19496831233038345, -0.4736436295012404, 0.5522445111104225, 0.08087694035679516], [-0.3465598935130011, -0.20271226400849152, -0.6452207338847816, -0.18510622693121861, 0.2096270163100186, 0.17968721400003634, 0.10659769423153256, 0.5467476482009319, 0.7533832942561565, 0.3787396291624907, -0.27955234177554067, -0.10943631199583917, -0.0023125233911882315]], "inverted": false, "swapped": false, "error_lsq": 0.05252654662948853, "error_max": 0.35298823946270913, "target": "867.xyz", "model": "15.xyz", "model_rescale": 4.355366556412066, "target_rescale": 3.74118938028637},
{"mapping": [10, 9, 4, 1, 0, 2, 5, 6, 8, 11, 7, 12], "R": [[-0.4036418972364437, -0.048619451898605115, -0.9136243033613125], [0.6641367732466845, -0.7024005816228311, -0.256038609114701], [-0.6292817852257018, -0.7101194067429702, 0.31580826928718314]], "T": [-0.043504182609598305, -0.11276195559294397, 0.008429863775801967], "aligned_model": [[-0.25980443529132224, 0.5462745436039945, 0.20071998184184947, -0.5350342572094441, -0.46238561400015354, -0.5533536070267182, -0.22313627030760025, -0.010131630001858113, 0.43283101610508523, 0.10550603210374025, 0.40959183102736996, -0.05326903621316243], [-0.7066313908870594, -0.20171851919711922, -0.6464515853104233, 0.45964900371194917, -0.3341874887693588, -0.15669713879851638, 0.4925975572660445, 0.5943110416657733, 0.01402844163875036, -0.043982121629023624, 0.5056147314910957, 0.03624389655886806], [0.0327350107626325, 0.09516571279277686, -0.49563080544550103, 0.03292063023143981, -0.5468450480197034, 0.4826809454204665, -0.5149077807755578, 0.3219857007781962, -0.47215929064443746, 0.6825793578676842, -0.16428412228125758, -0.00498184947731759]], "inverted": true, "swapped": true, "error_lsq": 0.0445766242428401, "error_max": 0.31692858574683874, "target": "867.xyz", "model": "16.xyz", "model_rescale": 3.795458400668931, "target_rescale": 3.74118938028637},
{"mapping": [2, 4, 7, 3, 1, 10, 11, 9, 5, 6, 0, 8, 12], "R": [[-0.5861017694319863, -0.7739754722364148, -0.23968037934948583], [-0.16204443845205674, -0.17786645951620417, 0.9706209984056229], [-0.7938679460939664, 0.6077215570930401, -0.021170574129165176]], "T": [-0.024115629015544954, 0.07198013926781766, -0.06662480309356172], "aligned_model": [[-0.5315472226268039, -0.48516013959822735, 0.22052096147154063, 0.7719106072968203, 0.020784102214529115, -0.6952010456224774, -0.3115615036764753, -0.20416220349337336, -0.122173661714407, 0.4672699166008656, 0.2825770832261022, 0.3130339885893808, -0.19142184053060918], [-0.4149766680593908, 0.10753335179824705, 0.3070062787241533, 0.10939408788996613, -0.739712886482746, 0.0565204147424945, 0.8287458843424109, 0.3449509314113024, -0.3068518753402975, -0.058337583430543904, -0.38165671212055763, 0.6081261800291778, 0.05549532061802459], [-0.14989598732794396, -0.5157013185389977, -0.628932843150843, -0.19824685375674242, 0.16561442295837445, 0.23054353907502684, -0.07119048432623047, 0.7646489524707363, 0.6037836775777479, 0.37939468946001925, -0.29281846964639024, 0.17120776540685223, -0.05452488954050343]], "inverted": false, "swapped": false, "error_lsq": 0.053381182210372476, "error_max": 0.36228396833344717, "target": "867.xyz", "model": "17.xyz", "model_rescale": 3.7474275329858107, "target_rescale": 3.74118938028637},
{"mapping": [3, 4, 5, 12, 11, 0, 6, 2, 1, 7, 10, 9, 13], "R": [[-0.34150257912865534, 0.6748244802401537, 0.6542078487125347], [0.7322727357365582, -0.24531076169807925, 0.635294632979065], [0.5891965961759904, 0.6960133267859994, -0.41038131047954934]], "T": [-0.0448916202969616, -0.023371465506584137, 0.017257867784154484], "aligned_model": [[-0.3287859280305607, -0.42420375043440117, 0.1956620977505289, 0.6716943157196195, 0.3076136364099179, -0.8441225884456927, -0.24862436534812837, -0.27077310950885675, -0.3083585075389904, 0.4953628938880572, 0.16127821420424587, 0.24236308868537032, -0.11423695521424415], [-0.6356445821645, 0.5327849236215926, 0.16614865785331023, 0.09246348177428271, -0.6288664488953764, 0.16484346741545008, 0.7136218756991072, 0.332500954140995, -0.37818214582901305, -0.025913166547925588, -0.4326402447235405, 0.5802014758848391, 0.03491847589301975], [-0.0542601996093134, -0.4685797602183622, -0.6380557733415834, -0.16253029813668343, 0.1929067530384518, 0.175205293714636, 0.1189072409879247, 0.588366524324463, 0.549435467149073, 0.5421748914124827, -0.49891306917710376, -0.012885165302388302, 0.0721102958195094]], "inverted": false, "swapped": false, "error_lsq": 0.048008993835294396, "error_max": 0.251409280016094, "target": "867.xyz", "model": "18.xyz", "model_rescale": 3.922800546911778, "target_rescale": 3.74118938028637},
{"mapping": [11, 6, 8, 12, 7, 10, 1, 2, 9, 3, 13, 5, 14], "R": [[0.6353769481072102, -0.6709890347316957, -0.3821908542649793], [0.6395711496748223, 0.1799242231591894, 0.7473794340388209], [-0.4327180124718561, -0.7193059079351354, 0.5434649321639964]], "T": [-0.02798514478111329, 0.11495648334394185, -0.03583253763908546], "aligned_model": [[-0.31644449815417863, -0.5486866168841968, 0.0823007437453304, 0.7222627827624343, 0.2709051276011003, -0.7955455430770411, -0.24951151639762315, -0.3811773311104651, -0.29129466279508054, 0.3741293605701695, 0.09977774840522675, 0.5665396594967218, 0.001613787974467349], [-0.5355265500554469, 0.43217306173129755, 0.349871233411506, -0.10716167255540057, -0.5732309740728564, -0.07768741953370836, 0.8117051458790489, 0.23045205440320368, -0.27051821029396794, 0.010714713239930312, -0.38209220171706315, 0.5913326806430034, 0.036204863042694324], [-0.06594295908959448, -0.358340508484787, -0.5899469094200793, -0.11586763370949914, 0.23852789607566138, 0.12018031091887497, 0.0801432868667535, 0.5765766518489346, 0.6311161441970776, 0.4505693759434793, -0.49237716264738307, -0.08208938503492919, 0.011333093196597005]], "inverted": true, "swapped": false, "error_lsq": 0.04194674405282409, "error_max": 0.26190392235360305, "target": "867.xyz", "model": "19.xyz", "model_rescale": 3.9282355846067225, "target_rescale": 3.74118938028637},
{"mapping": [1, 4, 11, 12, 2, 3, 8, 6, 5, 7, 10, 9, 13], "R": [[-0.7393675949266239, -0.10903698360658641, -0.6644144006404412], [0.3347310806552849, -0.9157388036782237, -0.22221059173972968], [-0.5842008757403269, -0.3866954611111342, 0.7135656642105773]], "T": [-0.052529485378181646, 0.10600459806219953, 0.0713300587057431], "aligned_model": [[-0.40463629947505586, -0.4997661463310295, -0.05698496506741486, 0.7913975758793945, 0.15184628239479905, -0.7865294074523066, -0.0738974807915071, -0.3207035799629397, -0.35733814896959554, 0.3822231026303355, 0.3839731744862981, 0.4171822167840599, -0.09189728198817285], [-0.5386145098946311, 0.44929670278371686, 0.25728803992571914, 0.13913743819831131, -0.6797818572777934, -0.0581781905151032, 0.8661156029572857, 0.29887181092259707, -0.29286511027988815, -0.012187615321148731, -0.40644628439883346, 0.5190291403324411, -0.025428443310432425], [-0.0769527569881247, -0.2141480400609227, -0.6289960369415777, -0.02605410555740212, 0.210923763833487, 0.09669135740506124, 0.05142407624860619, 0.6350045634105164, 0.5568038341203436, 0.5015841281752418, -0.46634444318885854, -0.2239773566635493, -0.01207678313171498]], "inverted": true, "swapped": false, "error_lsq": 0.0443719391724529, "error_max": 0.266726918602493, "target": "867.xyz", "model": "20.xyz", "model_rescale": 4.067790424073018, "target_rescale": 3.74118938028637},
{"mapping": [6, 5, 8, 0, 3, 13, 1, 10, 11, 12, 2, 7, 14], "R": [[0.5849380004969, -0.17591625707572706, -0.7917708040027462], [0.21022045169212916, 0.9757189366757248, -0.06148104018923116], [0.7833612814436552, -0.13048381933733916, 0.607716278888508]], "T": [-0.05008770747797195, 0.022847684185223965, -0.036389711992330126], "aligned_model": [[-0.3966835834161365, -0.46954947808007175, 0.04939461750256666, 0.6365285866527577, 0.308085480115316, -0.6799472761588672, -0.22089294232889892, -0.36035476018923407, -0.2619392241073927, 0.3116107613714625, 0.2870128779177349, 0.3967198413437093, -0.06511585848608076], [-0.5997115290375244, 0.253976757182958, 0.377845368198983, -0.00819157662225833, -0.6971049399993748, 0.17472706565364463, 0.822645583000104, 0.3859258142224203, -0.31326240698197494, -0.0558280868416654, -0.4932268340038145, 0.6157390008337328, 0.052702508517010846], [-0.23600992016149397, -0.3814944721398037, -0.47141592739364035, -0.21542227451565243, 0.24132453551721475, 0.22881413847572837, 0.030348538491489788, 0.6293395490772341, 0.47368988522416255, 0.6344293452675143, -0.4532256731818073, -0.11059792021449746, 0.03410239621465763]], "inverted": false, "swapped": false, "error_lsq": 0.041432425243782434, "error_max": 0.19686108858876158, "target": "867.xyz", "model": "21.xyz", "model_rescale": 4.186013935880536, "target_rescale": 3.74118938028637},
{"mapping": [0, 7, 6, 3, 2, 1, 10, 9, 8, 11, 5, 4, 12], "R": [[-0.7343934035675879, 0.282693613746534, -0.6170499570888403], [0.6569492917928745, 0.06763317088372212, -0.7508950540581913], [-0.17054019118452612, -0.9568229067822003, -0.23538472390451892]], "T": [-0.05443208094516913, 0.03422543499947666, 0.06384230643250524], "aligned_model": [[-0.3294514350359803, -0.4889241637389745, 0.06888112573134549, 0.7399604149903275, -0.1554335577070962, -0.7581143177142363, -0.25278571662726046, -0.37281079345815993, 0.024741180210068783, 0.4515277266754162, 0.36626760338479125, 0.2546772937968289, -0.01366631837020546], [-0.3919511054614124, 0.5128628319627458, 0.13359149479659477, -0.0097865958635951, -0.672320166024929, -0.11303721955006646, 0.81816304747231, 0.21189166694883713, -0.2626178590927531, 0.17618006558512841, -0.5932378866020448, 0.6583064716767415, 0.048191978274683994], [-0.4504789474960418, -0.2832118854433172, -0.4697990415126718, -0.40449748290560783, 0.2645690316834369, -0.07131780662992993, 0.26974783719832907, 0.56635645119046, 0.7661839499181629, 0.41429848720221396, -0.10301191666152829, -0.1425321175519294, 0.04757564166952932]], "inverted": true, "swapped": false, "error_lsq": 0.0624632087680507, "error_max": 0.3162966834984815, "target": "867.xyz", "model": "22.xyz", "model_rescale": 4.166573947596378, "target_rescale": 3.74118938028637},
{"mapping": [4, 6, 5, 10, 8, 2, 12, 11, 3, 9, 7, 14, 15], "R": [[0.2566512716744472, -0.012012846525850551, -0.9664294160807791], [-0.6766284863007456, -0.716244194012451, -0.1707868439599975], [-0.6901478220455755, 0.6977463336068497, -0.19195321738368448]], "T": [-0.045548745877024725, 0.03066491099899439, 0.021712311793723446], "aligned_model": [[-0.4080243421902912, -0.5486830535996297, 0.024942175952143632, 0.6655013926489933, 0.2302339200412069, -0.7176668056808548, -0.13431876797332096, -0.2973685635610232, -0.337014365077767, 0.27788087316422416, 0.35190862415489343, 0.5057511850193039, -0.07827323076101353], [-0.6080688771742689, 0.4719276294960569, 0.12795734823341223, 0.06353745077122892, -0.7036384470935638, 0.010469157085943287, 0.660749286656839, 0.36362131685195065, -0.21677961820176572, -0.007070068886112099, -0.26480775340350565, 0.5928955620946176, 0.02544373769140829], [0.04371465911778058, -0.3405730917542822, -0.8008612063783647, -0.21124332719175393, 0.21874438962424203, 0.04737715931928285, 0.1782208353894182, 0.6909059598878183, 0.4856580519494086, 0.5261114782303835, -0.494149289072647, 0.09880215796389626, -0.03882557642407634]], "inverted": true, "swapped": false, "error_lsq": 0.0476220528114552, "error_max": 0.3122184684166238, "target": "867.xyz", "model": "23.xyz", "model_rescale": 4.274766983524099, "target_rescale": 3.74118938028637},
{"mapping": [0, 8, 4, 10, 9, 11, 2, 6, 1, 7, 12], "R": [[-0.9894856870257889, 0.09269844097388244, -0.11101835078992192], [-0.12679123334422357, -0.18666011979744312, 0.9742083877817183], [0.0695849000728834, 0.9780414095109755, 0.19645086653825428]], "T": [-0.09693185258006748, 0.040561543005700286, -0.012317379568749183], "aligned_model": [[0.2470635690454982, 0.005386522045356265, -0.3254328648106513, -0.41431013811996115, -0.496629319497638, -0.47492265194443584, -0.12182109548402256, 0.2134939241989055, 0.5314073965170911, 0.19736052456897452, 0.018298837438958063], [-0.0631310420077805, 0.7114138822928481, 0.397243754384843, -0.27184187952668876, 0.46684472122011383, -0.1724173863018597, -0.6380245335833988, 0.04840938455379421, -0.2641174823290548, 0.6315960225855275, 0.06961108995513936], [-0.6477197290211553, -0.12818390104092195, -0.659706218769039, -0.46146387138916606, 0.13533054800960637, 0.5291391572837036, 0.14797075657984723, 0.696877559874886, 0.274416639646176, 0.4138118102108655, 0.07909368263677485]], "inverted": false, "swapped": true, "error_lsq": 0.053975615364802526, "error_max": 0.30177029223257235, "target": "867.xyz", "model": "24.xyz", "model_rescale": 3.7841303162186577, "target_rescale": 3.74118938028637},
{"mapping": [12, 8, 10, 11, 3, 2, 0, 1, 4, 6, 13, 7, 15], "R": [[-0.9143332595023066, -0.3424937344611033, -0.2160850120271533], [-0.15211150254186984, -0.20405779656503387, 0.9670690287955033], [-0.3753089145788339, 0.9170923931185508, 0.13447959370011142]], "T": [-0.09271020212843548, 0.06777933252623984, -0.07279453240743096], "aligned_model": [[-0.33941460947413027, -0.5744926386270856, 0.1271825019950613, 0.6562159939919229, 0.2098886443884859, -0.7895150403075333, -0.07983087608498196, -0.37322238945939856, -0.27906453374384244, 0.3586665939272079, 0.29113284036989384, 0.37631674061218123, -0.048994185450915884], [-0.5952917703792274, 0.3807177038987197, 0.4602707728017393, -0.06614365452439831, -0.5790060323008539, -0.18783133788134282, 0.7830890663253997, 0.4844021033711742, -0.17442295931968566, -0.014202147060694309, -0.5397888292443752, 0.5178666389257135, 0.04657716951007212], [-0.3460079184559048, 0.06653616501071556, -0.7075013728155984, -0.17575935876483867, 0.3001726478715623, 0.061068197996551235, 0.09894962919474574, 0.4756348371338909, 0.6078775294337403, 0.4853850777811787, -0.38186644119136115, -0.057279903771342455, -0.023326888762233378]], "inverted": true, "swapped": false, "error_lsq": 0.05124703709285974, "error_max": 0.3772476663086852, "target": "867.xyz", "model": "25.xyz", "model_rescale": 4.19342608120988, "target_rescale": 3.74118938028637},
{"mapping": [10, 9, 4, 1, 0, 2, 5, 6, 8, 11, 7, 12], "R": [[-0.4036418972364437, -0.048619451898605115, -0.9136243033613125], [0.6641367732466845, -0.7024005816228311, -0.256038609114701], [-0.6292817852257018, -0.7101194067429702, 0.31580826928718314]], "T": [-0.043504182609598305, -0.11276195559294397, 0.008429863775801967], "aligned_model": [[-0.25980443529132224, 0.5462745436039945, 0.20071998184184947, -0.5350342572094441, -0.46238561400015354, -0.5533536070267182, -0.22313627030760025, -0.010131630001858113, 0.43283101610508523, 0.10550603210374025, 0.40959183102736996, -0.05326903621316243], [-0.7066313908870594, -0.20171851919711922, -0.6464515853104233, 0.45964900371194917, -0.3341874887693588, -0.15669713879851638, 0.4925975572660445, 0.5943110416657733, 0.01402844163875036, -0.043982121629023624, 0.5056147314910957, 0.03624389655886806], [0.0327350107626325, 0.09516571279277686, -0.49563080544550103, 0.03292063023143981, -0.5468450480197034, 0.4826809454204665, -0.5149077807755578, 0.3219857007781962, -0.47215929064443746, 0.6825793578676842, -0.16428412228125758, -0.00498184947731759]], "inverted": true, "swapped": true, "error_lsq": 0.0445766242428401, "error_max": 0.31692858574683874, "target": "867.xyz", "model": "26.xyz", "model_rescale": 3.795458400668931, "target_rescale": 3.74118938028637},
{"mapping": [10, 11, 8, 6, 7, 4, 9, 3, 3, 0, 5, 1, 12], "R": [[-0.054848969605449355, 0.9277405897529125, -0.36917338563084223], [-0.9724615086674764, -0.13351020999955987, -0.19103308086833864], [-0.22651755934893059, 0.3485289399042661, 0.9095149110134546]], "T": [-0.04379512227758234, 0.2161765796014722, -0.017948755895220457], "aligned_model": [[-0.4248668028930076, -0.5710888682359494, 0.21563686222307935, 0.7045162955285165, 0.0717022084323663, -0.8540442909963057, -0.23546288743244279, -0.2315512257717801, -0.2315512257717801, 0.4309395958582296, 0.22707858579436216, 0.4196721125350229, 0.013888682866554446], [-0.37408818826351387, 0.29337824094055376, 0.27893750860815, 0.007649176430384458, -0.542633092625021, 0.03938839368688932, 0.5389731962887517, -0.040816665985694695, -0.040816665985694695, 0.08553988206886701, -0.3754014020119495, 0.5805732928713654, 0.06555304809915294], [-0.13651648573543182, -0.49499781070301807, -0.6958188181596927, -0.2967556851197555, 0.24865271927664498, 0.08743342736283158, 0.1904741367322331, 0.6482183974312605, 0.6482183974312605, 0.6520021324146614, -0.3967935708601074, -0.07054465083471032, 0.020310011424929407]], "inverted": true, "swapped": false, "error_lsq": 0.052553679020844596, "error_max": 0.3895553157113699, "target": "867.xyz", "model": "27.xyz", "model_rescale": 3.6321398670334006, "target_rescale": 3.74118938028637},
{"mapping": [6, 1, 11, 10, 12, 4, 5, 3, 7, 8, 9, 0, 14], "R": [[-0.32360121397718183, 0.9123555257819558, -0.25077808693668857], [-0.9402121719182286, -0.28030180819085143, 0.19347342996325467], [0.1062230016959673, 0.29839284659668075, 0.9485137758676088]], "T": [-0.0038502043018593876, 0.038688281073181646, -0.018339297905672854], "aligned_model": [[-0.40506703181736203, -0.5827221805554875, 0.22856575958183983, 0.7607361990108991, 0.0714658804002179, -0.793156517277698, -0.23139658009621217, -0.15013531593211146, -0.23562656806021998, 0.3083886535991994, 0.28846446202251425, 0.3239298070248135, -0.048577525763527835], [-0.5742427028300037, 0.3641334355705519, 0.258945406429122, 0.09514069884862895, -0.7211781961487165, -0.15572712014942638, 0.8873150235122308, 0.4515298428674446, -0.2134084216228688, -0.10889052577907829, -0.38626130810957227, 0.5677198682377209, 0.05116072329620803], [-0.27766169075024544, -0.09745871820629481, -0.5751116525360566, -0.14831002304473156, 0.2985836502055066, 0.14186509786101892, -0.013377398174207668, 0.5105487724200354, 0.6770845683058542, 0.3660524387111135, -0.44324180875411184, 0.027459590472770044, -0.06255062584954488]], "inverted": false, "swapped": false, "error_lsq": 0.043816739413109915, "error_max": 0.24924788308635795, "target": "867.xyz", "model": "28.xyz", "model_rescale": 4.156811204709835, "target_rescale": 3.74118938028637},
