[{"mapping": [6, 5, 11, 0, 3, 12, 1, 2, 8, 4, 9, 13], "R": [[-0.7600595769266907, -0.5787027631760869, -0.2956561371160459], [-0.49195285419695123, 0.8096496280383843, -0.3200779109291668], [0.42460785292961034, -0.09782940104931757, -0.9000764298218449]], "T": [0.032935881368976704, 0.004562648583637564, -0.18555536649796223], "aligned_model": [[-0.4467455085974239, -0.045175179876369966, 0.5683609516328844, -0.1697466675232915, -0.48679703451963613, 0.4198415034520581, -0.08356551172793605, -0.5042267096946951, 0.23744425119156992, -0.1811993952834367, 0.3873618485596177, 0.14219737257537574], [-0.5486630592740347, -0.5053660909641008, -0.42966847570071887, 0.7377466301791816, -0.03770712555954255, 0.4055499458452616, 0.3412687922462593, 0.23449274316644073, -0.6712159982107857, -0.3882109719921117, 0.403147165815948, -0.04503691651724795], [0.03442955224178462, -0.7389743787626097, -0.2942989441424107, -0.05604294204816268, -0.2214895860322324, -0.3425045143418664, -0.6395383085225458, 0.31429135778520195, 0.14922617246723202, 0.6590032122186904, 0.3166953559185328, -0.07536611141128767]], "inverted": true, "swapped": false, "error_lsq": 0.05146252842958419, "error_max": 0.33070903420895176, "target": "869.xyz", "model": "0.xyz", "model_rescale": 3.8414455957264533, "target_rescale": 3.7362292869445217},
{"mapping": [9, 12, 10, 0, 13, 1, 11, 7, 6, 2, 4, 14], "R": [[-0.03611860834454217, 0.422620575563826, 0.9055867132645852], [0.9978377379539718, -0.034540905531553645, 0.055917569331661976], [0.05491170044857935, 0.9056482622713748, -0.4204591896946535]], "T": [0.016434168300274603, -0.09916666754195533, -0.02747770603373071], "aligned_model": [[-0.5787156161983403, 0.1036600676988676, 0.48533786160611436, -0.247441131187273, -0.6045507741640447, 0.5266746394901672, 0.008342597335120043, -0.42222275486915906, 0.15765508048471197, 0.14006903392541065, 0.18248190240796816, 0.08645901365917338], [-0.3719674620519662, -0.27052045598371166, -0.5033021129415929, 0.5758899639122599, -0.010166100043712573, 0.517062789796931, 0.2972807222328665, 0.12872865744114395, -0.7970750030888466, -0.26071438811964043, 0.25847624498148347, -0.06735621710066526], [0.16457994291418374, -0.7659349258696784, -0.31934268952124945, -0.01384905396495311, -0.4532753115423888, -0.35674022840225, -0.7818180773184845, 0.38313016863685406, 0.29347054979515813, 0.6819033492506907, 0.347138006353835, -0.07383086496139171]], "inverted": true, "swapped": false, "error_lsq": 0.044687751885072964, "error_max": 0.28918382110969226, "target": "869.xyz", "model": "1.xyz", "model_rescale": 4.316132596720782, "target_rescale": 3.7362292869445217},
{"mapping": [5, 0, 1, 6, 4, 8, 2, 3, 9, 7, 10, 11], "R": [[0.9922703949186085, 0.03655211517171676, 0.11858923325725082], [0.0927641587350558, 0.4162796650273096, -0.904492151065408], [-0.08242738757383047, 0.908501614396598, 0.4096712613993434]], "T": [0.025139799655578943, -0.08081786467062133, -0.05947542909195577], "aligned_model": [[-0.3992263544922809, -0.19442055454164325, 0.46709412373258313, -0.2094189785206587, -0.6036976010783439, 0.5308919622840207, 0.10779709592420632, -0.4735837000784434, 0.34084154901027125, -0.0863448818950359, 0.4178035349467592, -0.059986275102718034], [-0.5568148956572777, -0.49332012231306, -0.24357920454937462, 0.7027209353548212, 0.17784051581524404, 0.44360853055287586, 0.19063244623618206, 0.06264267588810182, -0.7109647090977496, -0.33152663689064066, 0.24510790018389564, 0.009989203511531403], [0.035918887419256806, -0.5938434641493746, -0.32925753575457084, 0.025053213596015117, -0.4227784662102496, -0.2965994932491692, -0.847008223220024, 0.34265757496858995, 0.17117336267798297, 0.7920980539917095, 0.31042102314902675, -0.08240406784886671]], "inverted": false, "swapped": false, "error_lsq": 0.04605615515262774, "error_max": 0.2497233599908512, "target": "869.xyz", "model": "2.xyz", "model_rescale": 3.795458400668931, "target_rescale": 3.7362292869445217},
{"mapping": [0, 4, 5, 8, 7, 3, 9, 1, 10, 2, 6, 11], "R": [[0.26873795647190146, -0.5933939673768549, -0.7587249239560163], [-0.3998010505256656, 0.6479247309968246, -0.648346098130672], [0.8763213056578512, 0.47757422715578873, -0.06311756337716601]], "T": [-0.04802414229260918, -0.09432143647834805, -0.03142973669249134], "aligned_model": [[-0.6645559260474048, -0.09325683837692864, 0.5469648752030812, -0.08078527523375048, -0.6037876852943395, 0.5074836312683026, 0.1525353019085644, -0.45877131096557244, 0.2967418299253506, 0.15434847200694435, 0.2380170352985335, -0.15718418950406435], [-0.5673855710432988, -0.5889151140382841, -0.19418534847894042, 0.6862081457020262, 0.10650596201964486, 0.4566488487550015, 0.33391033428096156, 0.12928682264793295, -0.7342869642341167, -0.2800420212770345, 0.3065400381240039, -0.15794849342334702], [0.05971206702120051, -0.4367516219223394, -0.39176275445338865, -0.01520578707845142, -0.5152660074480688, -0.18926789380049025, -0.7600915942514936, 0.38994296275220414, 0.07148422292936187, 0.6843065979857031, 0.29227818647715287, -0.0839475128410638]], "inverted": true, "swapped": false, "error_lsq": 0.0579667712997417, "error_max": 0.3244897034856159, "target": "869.xyz", "model": "3.xyz", "model_rescale": 3.7530521520055578, "target_rescale": 3.7362292869445217},
{"mapping": [3, 4, 6, 1, 5, 0, 10, 7, 9, 2, 11], "R": [[-0.6416284629384065, 0.27871599484406223, 0.7145840116916852], [0.3356689922394485, 0.939725620661824, -0.06513129448047852], [-0.6896660374385931, 0.19807360270827215, -0.6965110226794079]], "T": [-0.10971277150339942, -0.03717786887727485, 0.10202864146656947], "aligned_model": [[-0.45426073870022576, -0.28739233787684393, 0.3612521245155456, 0.5306123551287196, 0.40681234465745675, -0.26550742440981795, -0.2906362639549912, -0.649862183219635, -0.5271704620516052, 0.5538257887140055, -0.039473600357403466], [-0.5822836573306934, -0.03443820904264222, -0.32529728405859304, 0.324261058917603, -0.6229210347379457, 0.6619140564192852, -0.35963469843324414, 0.054736561377279516, 0.24808121602972832, 0.13079530328898575, -0.028009954115417117], [-0.2198740478232975, -0.5618379015441289, -0.5220408090983742, -0.2809498522359782, 0.08970599369833997, -0.20916238394846365, 0.5227588799191578, 0.06712327258425081, 0.7812611681380413, 0.3969659617337544, 0.028880495822014116]], "inverted": true, "swapped": true, "error_lsq": 0.04468654803325192, "error_max": 0.27459223315077697, "target": "869.xyz", "model": "4.xyz", "model_rescale": 3.7855080009869324, "target_rescale": 3.7362292869445217},
{"mapping": [3, 1, 12, 7, 5, 6, 4, 10, 14, 15, 8, 16], "R": [[0.0031125114933125975, 0.170447300675773, -0.9853618776695934], [0.5361621949949776, -0.8320455729078611, -0.14223313700610327], [-0.8441092422965002, -0.5278710849220404, -0.09397715026992709]], "T": [0.048733643053714505, -0.11763899551010998, -0.08775537196936284], "aligned_model": [[-0.5783447057109838, 0.1507809929274334, 0.5563059472524681, -0.21192047827748653, -0.68324574801152, 0.3950306770696587, -0.0565918225619566, -0.41411015385267264, 0.2097019188072665, 0.16745343730875653, 0.2567132053515218, 0.04597664988623119], [-0.41603231970918503, -0.35942091156262235, -0.5338743964079532, 0.5819933107604702, 0.1521617320307187, 0.39749334275192744, 0.2828103247250004, 0.16510262132458303, -0.7084057742662713, -0.20655043034786577, 0.30726123085157675, -0.16620209111582962], [-0.07547636617877404, -0.7978481704422782, -0.2671535605330507, -0.150552958957059, -0.30343333350811436, -0.2897308813149474, -0.7005748168970087, 0.39886262178884907, 0.19996189524250668, 0.7229964235223203, 0.433314847164124, -0.06493483451624087]], "inverted": true, "swapped": false, "error_lsq": 0.03846132983967985, "error_max": 0.17890477744346814, "target": "869.xyz", "model": "5.xyz", "model_rescale": 4.2253639853439635, "target_rescale": 3.7362292869445217},
{"mapping": [11, 8, 9, 2, 5, 1, 10, 6, 12, 7, 3, 13], "R": [[-0.4713793628918524, -0.0506010621589188, 0.8804777275706982], [0.5827198007057914, 0.7315154501747351, 0.3540095761714046], [-0.6619963218214088, 0.6799446144091768, -0.31533504599216666]], "T": [0.09195703122630808, 0.0011562664485751592, -0.10343526388726818], "aligned_model": [[-0.4673045434202824, 0.02447455551775629, 0.4904981865971809, -0.28498294426482973, -0.4881098554697616, 0.6335204989813035, -0.11068394404717988, -0.356181025042427, 0.025486294940268245, 0.18639132843878767, 0.09593155067666684, 0.08870981728123337], [-0.5368483191115805, -0.3110338725899737, -0.4177752781711538, 0.5546668023250334, 0.07935223115905449, 0.2563960702350588, 0.44243929836292417, 0.011898818636133728, -0.7854678755813401, -0.19197358710195175, 0.35910638627586666, 0.03557596459647792], [-0.045717451617140636, -0.7696546783131969, -0.29903111221631873, -0.062035341330225015, -0.3445764352214298, -0.5280143906875477, -0.7139419348367579, 0.3578399773942109, 0.3947091578041957, 0.6602231932808882, 0.5088272513862935, -0.053197370272645525]], "inverted": true, "swapped": false, "error_lsq": 0.0479891071251849, "error_max": 0.2460441866124867, "target": "869.xyz", "model": "6.xyz", "model_rescale": 3.89814844738969, "target_rescale": 3.7362292869445217},
{"mapping": [8, 11, 4, 5, 9, 2, 10, 6, 7, 3, 0, 12], "R": [[-0.9268827157446289, 0.17197692528753242, 0.33363508272138886], [0.1491514601874401, -0.6469217347898466, 0.7478275944229724], [0.34444487683490954, 0.7429106313851901, 0.5739699648910578]], "T": [0.06762629248846735, -0.06472018953877814, -0.033160484485800286], "aligned_model": [[-0.47962077459242786, -0.16924211318774146, 0.5782898199464093, -0.2906413566734812, -0.6866512067846595, 0.5204919888204748, 0.048435537921192595, -0.4084853579269263, 0.3511893687764526, -0.10211609886046269, 0.3560058414108476, 0.1200942713390384], [-0.4560975388693448, -0.6179442891574919, -0.2226907170902447, 0.621206723167239, 0.19287153020767792, 0.4078487821925417, 0.2616927824487505, 0.16193622919353504, -0.6104882151900068, -0.350999079673743, 0.114718232377613, -0.005717800571976614], [0.03777039959914246, -0.5746185375392979, -0.3933879994448842, -0.09419462259219799, -0.43646909962184594, -0.3036028490729619, -0.6904199079325347, 0.39030192850259077, 0.19706532529409804, 0.7027837079039153, 0.4522769223668118, -0.18207440209250936]], "inverted": true, "swapped": false, "error_lsq": 0.05150160515289825, "error_max": 0.2909708787065254, "target": "869.xyz", "model": "7.xyz", "model_rescale": 3.7474275329858107, "target_rescale": 3.7362292869445217},
{"mapping": [1, 3, 8, 10, 0, 5, 6, 12, 4, 13, 11, 14], "R": [[-0.23566837695737347, 0.6342720125168889, -0.7363147630192222], [0.7827965592694269, -0.325107915464033, -0.5305981437006525], [-0.5759253101733108, -0.7014298663732584, -0.4198882942657118]], "T": [0.0013709191372905261, -0.033022466407386604, -0.03332862546785346], "aligned_model": [[-0.6196968344732893, 0.048556628503770446, 0.5306183648803785, -0.31179465114804694, -0.4965551221518692, 0.4850437943207944, -0.07118793570881375, -0.3198855662470097, 0.3492209926916867, 0.03190125846862939, 0.2184473835780453, -0.006918392525559307], [-0.4525295480046672, -0.23342071414747204, -0.4259969822019316, 0.6576387620619126, 0.0490622197623885, 0.1321851051908831, 0.4037310873186226, 0.10390586978914804, -0.6716637280769985, -0.37653387822953793, 0.39595477369538973, -0.08599632812318792], [-0.08892065695343274, -0.7201681905184537, -0.20848137870623282, -0.04666102080403574, -0.45705613145428003, -0.5351139103459706, -0.7195644772628966, 0.47528470521109295, 0.25539877376327846, 0.7968398134774214, 0.36079862764917453, -0.006925288685338645]], "inverted": true, "swapped": false, "error_lsq": 0.04797994649085899, "error_max": 0.3033096345052155, "target": "869.xyz", "model": "8.xyz", "model_rescale": 4.019505241142653, "target_rescale": 3.7362292869445217},
{"mapping": [3, 2, 1, 11, 5, 10, 6, 8, 0, 7, 9, 12], "R": [[0.9433570076210779, -0.3177190770863462, -0.09556225315262587], [-0.28299103843364476, -0.6201870659988692, -0.7316311060459103], [0.17318668637760112, 0.7172325921366899, -0.6749694663008333]], "T": [-0.010291497657166302, -0.047673139654028626, -0.09787930061168071], "aligned_model": [[-0.609037642019449, -0.043315305432365864, 0.6434244063764153, -0.2356301602812202, -0.6524538657104542, 0.6605503738028135, -0.0700525733839446, -0.1863439874992453, 0.031424951339881865, 0.02215176785969221, 0.32267614625812036, -0.045644191121527664], [-0.6245485945957261, -0.4516430104810231, -0.21713588588341737, 0.5256853570607756, 0.045798855880426564, 0.400661342367762, 0.27821907501113885, 0.22052007601870216, -0.6438597997646869, -0.38639474615130287, 0.3791163147131405, -0.030082345141239995], [-0.315085589284171, -0.5287968493384717, -0.11347406333855987, -0.009947250910037703, -0.26938789587430356, -0.5304843559960506, -0.7446286463519822, 0.4964395122098779, 0.15798644985184895, 0.7410480489783806, 0.3196412032883311, -0.09787969786453563]], "inverted": true, "swapped": false, "error_lsq": 0.052825478855034406, "error_max": 0.29190344826365083, "target": "869.xyz", "model": "9.xyz", "model_rescale": 3.877068213659057, "target_rescale": 3.7362292869445217},
{"mapping": [4, 8, 9, 12, 5, 11, 0, 3, 2, 13, 6, 15], "R": [[0.1542946932165687, -0.9184596131695156, -0.36417727362056623], [-0.9402609746951222, -0.2497144574541567, 0.2314130272991455], [-0.3034838498348534, 0.3067158762028467, -0.9021213467015046]], "T": [0.024872923206054623, -0.0974781376349145, -0.027052457756001368], "aligned_model": [[-0.5079120903373336, 0.24718987584116986, 0.5823455297350307, -0.07895528950721042, -0.6454141093758058, 0.43227991834920887, -0.12009471120876088, -0.46702284359764196, 0.16192757231583044, 0.11660067307183263, 0.10755985591811335, 0.009245538984283121], [-0.4925745360562236, -0.3888339627033097, -0.41850613357942756, 0.6347584924389029, 0.24153985496409405, 0.30295326232042663, 0.3213255443237596, 0.09487849102231943, -0.7347550711152971, -0.3431828114451171, 0.3247471234376983, -0.04601361457327623], [0.10759391257403308, -0.7060295498422133, -0.17473665694227894, -0.13309224055678998, -0.24333361016941005, -0.49430989269089415, -0.6883798324985113, 0.32479811385139473, 0.09724352432202554, 0.7001708429818492, 0.4147543724262439, -0.09924811808512263]], "inverted": true, "swapped": false, "error_lsq": 0.04391075340545119, "error_max": 0.22819574648733598, "target": "869.xyz", "model": "10.xyz", "model_rescale": 4.260839863003843, "target_rescale": 3.7362292869445217},
{"mapping": [2, 3, 5, 7, 1, 6, 0, 8, 4, 9, 10, 11], "R": [[0.224388165326263, -0.9607693862742105, 0.16300962443914407], [-0.9744439526728254, -0.22300546630733276, 0.02697304388476987], [0.010437162491516841, -0.16489617459276062, -0.9862557058105162]], "T": [-0.034719074664233365, -0.042938333409459614, -0.03719716398411786], "aligned_model": [[-0.47829890133162994, -0.1070178193961419, 0.5236705765959833, -0.1360743164828913, -0.6536431968996272, 0.5984976844135144, 0.032581544907199125, -0.5179961414101703, 0.2931921459388792, -0.02042156773696159, 0.37235092596706615, -0.06909101437650333], [-0.5656132120960807, -0.44592355892584373, -0.3069136785757979, 0.6007254459818363, 0.011178265435720862, 0.37739043620539753, 0.4348573782776129, 0.12615719176102547, -0.6321356660769778, -0.3067360714451041, 0.20672655075966073, -0.0033764422669001343], [-0.017071689950014915, -0.6170323741416815, -0.3112937104010767, -0.10811742440270254, -0.4076900354214353, -0.3916200697215455, -0.7701474719544285, 0.4662543105231123, 0.2481510324028227, 0.7150924051713724, 0.3693680241973769, -0.07046213093147313]], "inverted": true, "swapped": false, "error_lsq": 0.041141370341743734, "error_max": 0.19941394542637914, "target": "869.xyz", "model": "11.xyz", "model_rescale": 3.890672605050136, "target_rescale": 3.7362292869445217},
{"mapping": [8, 7, 4, 9, 5, 10, 12, 6, 0, 1, 11, 13], "R": [[-0.6821975498404415, -0.7307730995878261, -0.024024568893116292], [0.7075951430516167, -0.6515710876062305, -0.273430487190796], [0.18416193016326876, -0.20353327667591722, 0.9615916954529631]], "T": [-0.017916053020916405, -0.05986236771850666, 0.036050514517795076], "aligned_model": [[-0.5597859955871766, -0.1783189753328252, 0.5654603691385648, -0.3833620399307236, -0.5497860088737098, 0.6307312620633884, 0.1004930984935857, -0.36586476403537077, 0.09321650039159467, 0.2043578727048392, 0.2509005173705057, 0.02970808378604398], [-0.5328290596562187, -0.33588049907000656, -0.36360656027467764, 0.6207647246071069, 0.13988962243982145, 0.42519546648652623, 0.2140195545984122, 0.025796914784991118, -0.5975129313380126, -0.35149870931062804, 0.3582316020147298, -0.10623348624749461], [-0.007198988356436675, -0.7545499306853601, -0.2057520069370979, -0.05890425295229744, -0.495161001099096, -0.3427846244975921, -0.6466647352098478, 0.48732928176252494, 0.2534808867265981, 0.7222289436420741, 0.2720531582549983, -0.1186458652781411]], "inverted": true, "swapped": false, "error_lsq": 0.0418183410919672, "error_max": 0.2360311385305839, "target": "869.xyz", "model": "12.xyz", "model_rescale": 4.124412569039231, "target_rescale": 3.7362292869445217},
{"mapping": [7, 5, 4, 6, 3, 1, 0, 9, 10, 11, 8, 12], "R": [[-0.5886593447260066, -0.4504233320237566, -0.6712667114011877], [0.7606562682465675, -0.589726301433113, -0.2713391438315298], [-0.27364615371672013, -0.6703295542989569, 0.689765229037683]], "T": [-0.06421401081621986, -0.026599791475353747, -0.15233240115668034], "aligned_model": [[-0.46525414983488583, -0.12286310326333372, 0.5865144718580408, -0.15834309943626518, -0.568248174988057, 0.5061760115406027, -0.004046301314110046, -0.5236566987784714, 0.15674560649020328, 0.2590218941638261, 0.16074101070487617, 0.010962453046290802], [-0.5018756086615704, -0.6162721685767073, -0.34239239405038313, 0.6093346981825645, 0.37525478336196627, 0.5514431582977162, 0.05897965145075263, 0.07369915311667866, -0.6223137934433856, -0.26740080556812346, 0.28152536945977713, -0.10364540453473589], [-0.07259922732102253, -0.6241296570950564, -0.46072132726277565, 0.03297775593990901, -0.4576450897168533, -0.21052062610094768, -0.7231418256371741, 0.28067315330207915, 0.22304920158450603, 0.7576600618231616, 0.4554095213643725, -0.09558107550987223]], "inverted": true, "swapped": false, "error_lsq": 0.050612721608765565, "error_max": 0.2502922560210633, "target": "869.xyz", "model": "13.xyz", "model_rescale": 3.9028299243045295, "target_rescale": 3.7362292869445217},
{"mapping": [3, 6, 1, 10, 7, 14, 9, 4, 2, 8, 5, 15], "R": [[0.5260093790997542, 0.8093638602666977, -0.261236051863599], [0.3477785609007549, 0.07561037008880575, 0.9345229502333446], [0.7761212570706277, -0.5824201349792294, -0.24170763474471635]], "T": [0.08031747439767731, -0.08480983731398413, 0.02812246670976251], "aligned_model": [[-0.4459747322311871, -0.06224586327415241, 0.46472647816851687, -0.20214045337437533, -0.5512376350113649, 0.4332572620661621, 0.02758953415174667, -0.4968603434310511, 0.21297989081985833, 0.30320966970387875, 0.11045171607833813, 0.04399439652234658], [-0.40990437856165746, -0.4370249460535451, -0.46459661501499827, 0.5999316887811327, 0.26881383147676835, 0.6186759192672157, 0.13653885391216541, 0.12963983177076582, -0.7805149844304053, -0.2998481977430815, 0.18267380279501083, -0.048048167164821895], [-0.04946295544438094, -0.5196260834267799, -0.332696708288182, -0.05372595128730559, -0.5165943408953191, -0.37634254951643076, -0.712870095785675, 0.3113897961330778, 0.22947986314836158, 0.7356425953090636, 0.46360640832819455, -0.07336911290429823]], "inverted": false, "swapped": false, "error_lsq": 0.048724843173810595, "error_max": 0.23022385640894347, "target": "869.xyz", "model": "14.xyz", "model_rescale": 3.942246331269136, "target_rescale": 3.7362292869445217},
{"mapping": [9, 4, 11, 1, 5, 12, 3, 2, 6, 7, 0, 14], "R": [[0.5206630766098232, 0.11721601103451407, -0.8456774606268933], [0.5260642691720439, 0.7361071493147968, 0.42591389907835536], [0.6724331530759597, -0.6666383363449786, 0.3216006578965947]], "T": [0.06753301790696253, -0.14517528330593887, -0.1719632719070882], "aligned_model": [[-0.5048866091560903, 0.13229906929372576, 0.5872131173864867, -0.11610118681275561, -0.4890532151024177, 0.46700111742098716, -0.16151354998154815, -0.38097587856325293, 0.17855389140668054, -0.0676501219102578, 0.1260642537070349, 0.06679903250012442], [-0.6212958071025675, -0.2958933312434947, -0.6291057769617483, 0.6412850511798239, 0.15942216876175652, 0.5258524290895155, 0.28597858042611896, 0.142214566291889, -0.590926271037203, -0.331018446386957, 0.27411174513312797, -0.06428826911571184], [0.13431654052752467, -0.7347717700094751, -0.27123510160487646, -0.23829619674926414, -0.15741282148759095, -0.413258329524781, -0.6994023167530863, 0.37474941568548453, 0.14705053958448827, 0.6515458935393197, 0.42927708359702393, -0.11713207143444057]], "inverted": true, "swapped": false, "error_lsq": 0.05181881643790592, "error_max": 0.2687263193335959, "target": "869.xyz", "model": "15.xyz", "model_rescale": 4.355366556412066, "target_rescale": 3.7362292869445217},
{"mapping": [5, 0, 1, 6, 4, 8, 2, 3, 9, 7, 10, 11], "R": [[0.9922703949186085, 0.03655211517171676, 0.11858923325725082], [0.0927641587350558, 0.4162796650273096, -0.904492151065408], [-0.08242738757383047, 0.908501614396598, 0.4096712613993434]], "T": [0.025139799655578943, -0.08081786467062133, -0.05947542909195577], "aligned_model": [[-0.3992263544922809, -0.19442055454164325, 0.46709412373258313, -0.2094189785206587, -0.6036976010783439, 0.5308919622840207, 0.10779709592420632, -0.4735837000784434, 0.34084154901027125, -0.0863448818950359, 0.4178035349467592, -0.059986275102718034], [-0.5568148956572777, -0.49332012231306, -0.24357920454937462, 0.7027209353548212, 0.17784051581524404, 0.44360853055287586, 0.19063244623618206, 0.06264267588810182, -0.7109647090977496, -0.33152663689064066, 0.24510790018389564, 0.009989203511531403], [0.035918887419256806, -0.5938434641493746, -0.32925753575457084, 0.025053213596015117, -0.4227784662102496, -0.2965994932491692, -0.847008223220024, 0.34265757496858995, 0.17117336267798297, 0.7920980539917095, 0.31042102314902675, -0.08240406784886671]], "inverted": false, "swapped": false, "error_lsq": 0.04605615515262774, "error_max": 0.2497233599908512, "target": "869.xyz", "model": "16.xyz", "model_rescale": 3.795458400668931, "target_rescale": 3.7362292869445217},
{"mapping": [8, 11, 4, 5, 9, 2, 10, 6, 7, 3, 0, 12], "R": [[-0.9268827157446289, 0.17197692528753242, 0.33363508272138886], [0.1491514601874401, -0.6469217347898466, 0.7478275944229724], [0.34444487683490954, 0.7429106313851901, 0.5739699648910578]], "T": [0.06762629248846735, -0.06472018953877814, -0.033160484485800286], "aligned_model": [[-0.47962077459242786, -0.16924211318774146, 0.5782898199464093, -0.2906413566734812, -0.6866512067846595, 0.5204919888204748, 0.048435537921192595, -0.4084853579269263, 0.3511893687764526, -0.10211609886046269, 0.3560058414108476, 0.1200942713390384], [-0.4560975388693448, -0.6179442891574919, -0.2226907170902447, 0.621206723167239, 0.19287153020767792, 0.4078487821925417, 0.2616927824487505, 0.16193622919353504, -0.6104882151900068, -0.350999079673743, 0.114718232377613, -0.005717800571976614], [0.03777039959914246, -0.5746185375392979, -0.3933879994448842, -0.09419462259219799, -0.43646909962184594, -0.3036028490729619, -0.6904199079325347, 0.39030192850259077, 0.19706532529409804, 0.7027837079039153, 0.4522769223668118, -0.18207440209250936]], "inverted": true, "swapped": false, "error_lsq": 0.05150160515289825, "error_max": 0.2909708787065254, "target": "869.xyz", "model": "17.xyz", "model_rescale": 3.7474275329858107, "target_rescale": 3.7362292869445217},
{"mapping": [2, 1, 3, 12, 7, 10, 11, 9, 0, 4, 5, 13], "R": [[0.6930881534354777, 0.6365406505175236, 0.338296928460972], [0.6277568100827816, -0.3023004443691062, -0.717311528367509], [-0.3543306350883177, 0.7095283233056798, -0.6091135850274074]], "T": [0.006144556374198036, -0.06231846207801793, -0.07134953565407133], "aligned_model": [[-0.508787767603759, -0.06302133420204326, 0.5214181695579024, -0.22813425838748325, -0.5902206592501432, 0.5203319883613275, 0.07787177675085771, -0.4331527935716816, 0.11803363252639429, 0.19449329659686154, 0.2661479078049776, -0.03723003839449389], [-0.5498221865917134, -0.5099818895121986, -0.23401532763863592, 0.646302972509074, 0.179210248774069, 0.3869278788680338, 0.2181819861643387, 0.1591788209396371, -0.8581469334216258, -0.2219830904932823, 0.4338061456680036, -0.1533219862311507], [-0.03945056831000683, -0.5941611194281441, -0.47829237097926014, -0.02438121961981833, -0.4630531142230694, -0.17248499133862116, -0.7330982539746508, 0.3821710898993862, 0.1594756571165048, 0.7212776027345642, 0.3863387507417164, -0.038910597248274496]], "inverted": true, "swapped": false, "error_lsq": 0.04695179844368256, "error_max": 0.28144766052402165, "target": "869.xyz", "model": "18.xyz", "model_rescale": 3.922800546911778, "target_rescale": 3.7362292869445217},
{"mapping": [13, 12, 3, 1, 8, 0, 5, 6, 11, 10, 2, 14], "R": [[-0.4147523978129637, -0.8426490111080658, 0.34339931943292445], [0.45266083810539687, 0.13631074269554921, 0.8812023303824765], [-0.7893532885559651, 0.5209242032238341, 0.324899000216216]], "T": [-0.05215738285476384, -0.09156407736882732, -0.054004221798573504], "aligned_model": [[-0.3945765093874522, 0.03364268109356878, 0.5060508615503271, -0.08884276695539314, -0.6096982621831435, 0.51975326676336, -0.07200776301552393, -0.5053848771173114, -0.026429042493766562, -0.0005885533511314975, 0.46446405516644235, 0.011366830118740685], [-0.6774267514969753, -0.42792201792282486, -0.15953179023310496, 0.638721029461664, 0.01891020821208364, 0.40468095133857673, 0.2796015903203203, 0.23054369241004724, -0.689242190213558, -0.1421257647784287, 0.18372585682231324, -0.16359817488556405], [-0.16043643340855251, -0.7597773648263091, -0.35885367558074865, 0.06141184844648727, -0.2805748600656341, -0.4077014313061425, -0.7206193504313232, 0.3541614247295039, 0.3324702776155983, 0.7493542404418045, 0.35884769438654546, -0.06285150463090286]], "inverted": true, "swapped": false, "error_lsq": 0.05152793335652934, "error_max": 0.2703198331129301, "target": "869.xyz", "model": "19.xyz", "model_rescale": 3.9282355846067225, "target_rescale": 3.7362292869445217},
{"mapping": [6, 7, 2, 11, 9, 10, 12, 4, 5, 3, 0, 13], "R": [[0.2559150531377398, -0.9644523259486579, -0.06587257813180863], [-0.4726357507716673, -0.18427251584847287, 0.8617767036740878], [-0.8432810520046148, -0.18940789549302783, -0.5029927598434117]], "T": [-0.1282524959169245, -0.10375762048582196, -0.08011501740528763], "aligned_model": [[-0.42819317831350545, -0.07041052236147599, 0.6281620770978804, -0.15365232742326818, -0.4634292938877292, 0.488188625403805, -0.10965600156260788, -0.43352432455104584, 0.16609397737714315, -0.0008267493797332326, 0.20085728708217854, 0.014140350707075422], [-0.6657324775698095, -0.45091222106153217, -0.33878748230820943, 0.5966413474534754, 0.35052468768945166, 0.4095428215478699, 0.16729617725171111, 0.14227678537653696, -0.704995998063198, -0.30689889562985995, 0.3526532135944098, -0.05527131924629622], [0.06501906234846667, -0.5941536986092923, -0.3066413252427156, 0.06874500273098251, -0.47975100654886904, -0.39437183776774737, -0.885706945367178, 0.4155098676783284, 0.11878877651544469, 0.6332231706891467, 0.4887196593377084, -0.02394986039394869]], "inverted": false, "swapped": false, "error_lsq": 0.04333957629148572, "error_max": 0.24989967268086308, "target": "869.xyz", "model": "20.xyz", "model_rescale": 4.067790424073018, "target_rescale": 3.7362292869445217},
{"mapping": [5, 13, 11, 7, 1, 12, 10, 8, 6, 2, 0, 14], "R": [[-0.5009076447462574, 0.8522471029067258, -0.1508854102352178], [-0.7925838882461449, -0.38164544933116784, 0.4755602286750163], [0.3477100969592054, 0.35780109920443753, 0.8666464457209274]], "T": [0.018958755309804773, -0.08943967845561421, -0.00027346365114520876], "aligned_model": [[-0.49215940484850823, -0.13861205354147393, 0.5012987213779097, -0.3167824480388456, -0.5848354422217206, 0.5931540900271366, 0.04784908149314218, -0.46894158031026467, 0.24592800262779874, 0.2594453423296108, 0.157303555128681, 0.034102056165250604], [-0.3796977434033606, -0.41521663382862406, -0.3003112396156464, 0.5719154885390826, 0.25182380036427665, 0.33467190305057537, 0.0648200392966227, 0.06647270575191083, -0.7674288047360979, -0.2396879182006784, 0.3731830170500524, -0.06420797523356386], [-0.05481338432450865, -0.5995766595570603, -0.3756580608398126, 0.08066567812959753, -0.4387673704843259, -0.2785591997549877, -0.8044227719799463, 0.25035073246248246, 0.1904425768716727, 0.6877044425755061, 0.5205902301182568, -0.07252534784654786]], "inverted": true, "swapped": false, "error_lsq": 0.04804516758220822, "error_max": 0.21405588953031882, "target": "869.xyz", "model": "21.xyz", "model_rescale": 4.186013935880536, "target_rescale": 3.7362292869445217},
{"mapping": [1, 0, 5, 4, 7, 3, 6, 9, 2, 8, 11, 12], "R": [[-0.9692044970581808, 0.21676288744751518, -0.1168610007984473], [0.17746985345683067, 0.2858234872933399, -0.9417055724723546], [-0.17072520023772086, -0.9334445804314737, -0.31549028711974686]], "T": [-0.07706901851584233, -0.015757317591986914, -0.020471192240385003], "aligned_model": [[-0.5911379058941465, -0.07428289360207986, 0.6161869661447257, -0.1462573622390967, -0.6949558175761389, 0.6246803841999928, -0.01814569645531206, -0.44842039600818195, 0.21214855522943646, 0.13819110168419024, 0.2695830543894223, -0.049840069684095135], [-0.5028515748152992, -0.47900964703975096, -0.30741721770464886, 0.6916156225742499, 0.1852890037304624, 0.4078394944948915, 0.17736322157519413, -0.07645946485295285, -0.681568585089823, -0.2815761111031095, 0.34409065728703564, 0.019021239978300204], [-0.20376221641245978, -0.5747075657991372, -0.20177044351692586, -0.17031326037170758, -0.3612350695962228, -0.44526781571377183, -0.5392055640399824, 0.47335485404593836, 0.13035239336481985, 0.6655838932821807, 0.3659324232160554, -0.03353076308846065]], "inverted": true, "swapped": false, "error_lsq": 0.044011549531665146, "error_max": 0.26536263472743205, "target": "869.xyz", "model": "22.xyz", "model_rescale": 4.166573947596378, "target_rescale": 3.7362292869445217},
{"mapping": [11, 2, 6, 8, 3, 0, 4, 9, 12, 14, 10, 15], "R": [[-0.5469133666511866, 0.8268586395385125, -0.1311127743539319], [-0.8193990746003967, -0.4965722528616004, 0.2863584366348727], [0.1716709815964195, 0.2640469426228511, 0.9491092066613024]], "T": [0.06772224158045861, -0.03215150982493714, -0.039258469403151225], "aligned_model": [[-0.5272112795937779, 0.022693593640108714, 0.4988902437143311, -0.2654781431734856, -0.4430489334761156, 0.4679693272103167, -0.08998853717828628, -0.4262749307867527, 0.03819974365082822, 0.11753653993861923, 0.31925479050453465, 0.12520750573839592], [-0.5498217928265821, -0.3423120635370695, -0.5947744001556774, 0.700571685089663, -0.035386920301564526, 0.5254992274432599, 0.3399299844900881, 0.07319039601334483, -0.6431554301155702, -0.26376656280290833, 0.3198289937814865, -0.03346647804392143], [-0.02641670524767315, -0.6347264290573539, -0.31612896111115685, -0.11782922385511074, -0.3563215402052212, -0.4815069159883887, -0.6528839131521876, 0.2852704859300397, 0.19565425212271592, 0.7156261351115665, 0.5721189386001249, -0.07742525777702822]], "inverted": false, "swapped": false, "error_lsq": 0.04302124257957871, "error_max": 0.2509873088050659, "target": "869.xyz", "model": "23.xyz", "model_rescale": 4.274766983524099, "target_rescale": 3.7362292869445217},
{"mapping": [2, 10, 9, 8, 7, 0, 1, 4, 6, 3, 11], "R": [[-0.5146293613790809, -0.6194907276100559, 0.592779772606761], [0.03420434232723685, -0.7056414337574075, -0.7077430536082651], [0.8567302278853717, -0.34394971343199876, 0.38433307333291694]], "T": [0.0011191005958096079, 0.17045829397590392, -0.006786537235075794], "aligned_model": [[0.20015022200094304, 0.07584102118920694, -0.590542662746073, -0.4651052590738281, -0.3794063798067358, -0.5879309404123363, 0.1556164505165113, 0.015624411235724722, 0.6161794207358327, 0.29159108355128077, 0.04787733676754888], [-0.314687777563617, 0.6354396931604394, 0.523985128260295, -0.15339558934731104, 0.49456030062289535, -0.24257854285579403, -0.6384583616784175, 0.0786983353254943, -0.20191377424313975, 0.644017936368253, 0.08991918319438612], [-0.536415022431403, -0.30999370006564975, -0.4986763922314612, -0.45654688829825685, 0.22033960017546317, 0.29696001631954383, 0.08866662422713448, 0.674143728594954, 0.4143111417118825, 0.4523890891782653, 0.03438823684110511]], "inverted": true, "swapped": true, "error_lsq": 0.040960791722720796, "error_max": 0.21897417144156003, "target": "869.xyz", "model": "24.xyz", "model_rescale": 3.7841303162186577, "target_rescale": 3.7362292869445217},
{"mapping": [1, 6, 3, 10, 7, 13, 11, 8, 4, 2, 9, 15], "R": [[-0.19945244734150186, -0.06803837641839902, 0.9775425824913377], [-0.17566025699340795, 0.9839095762771846, 0.03264076933929877], [-0.9640343330828502, -0.16520509993459548, -0.20819481163829479]], "T": [-0.043486163106964196, 0.03838040265799699, -0.010315497480578528], "aligned_model": [[-0.5362548870815782, -0.04018043805874236, 0.5445624881698776, -0.33931611895331226, -0.48850419915091914, 0.6043641038014156, 0.10802576790032255, -0.37589449197468344, 0.09719292496789349, 0.18631746389315162, 0.10681844544894202, -0.02938113877365099], [-0.48713940287848584, -0.4334223903594259, -0.3610426468813162, 0.7519886734794532, 0.17345318383065064, 0.3228344287676447, 0.25681794770917443, -0.14092025667755156, -0.6923698160895709, -0.25605385679267734, 0.36692769136508263, -0.0047369164384279405], [0.17419551157994284, -0.5575061853818744, -0.389343067534993, -0.10252709282713918, -0.46476005018434347, -0.3440458316843988, -0.7305631929556451, 0.4444523115165743, 0.04370167420735199, 0.6448881256828978, 0.4496909288399703, -0.06275226588801658]], "inverted": false, "swapped": false, "error_lsq": 0.04934589271671538, "error_max": 0.24322076435940113, "target": "869.xyz", "model": "25.xyz", "model_rescale": 4.19342608120988, "target_rescale": 3.7362292869445217},
{"mapping": [5, 0, 1, 6, 4, 8, 2, 3, 9, 7, 10, 11], "R": [[0.9922703949186085, 0.03655211517171676, 0.11858923325725082], [0.0927641587350558, 0.4162796650273096, -0.904492151065408], [-0.08242738757383047, 0.908501614396598, 0.4096712613993434]], "T": [0.025139799655578943, -0.08081786467062133, -0.05947542909195577], "aligned_model": [[-0.3992263544922809, -0.19442055454164325, 0.46709412373258313, -0.2094189785206587, -0.6036976010783439, 0.5308919622840207, 0.10779709592420632, -0.4735837000784434, 0.34084154901027125, -0.0863448818950359, 0.4178035349467592, -0.059986275102718034], [-0.5568148956572777, -0.49332012231306, -0.24357920454937462, 0.7027209353548212, 0.17784051581524404, 0.44360853055287586, 0.19063244623618206, 0.06264267588810182, -0.7109647090977496, -0.33152663689064066, 0.24510790018389564, 0.009989203511531403], [0.035918887419256806, -0.5938434641493746, -0.32925753575457084, 0.025053213596015117, -0.4227784662102496, -0.2965994932491692, -0.847008223220024, 0.34265757496858995, 0.17117336267798297, 0.7920980539917095, 0.31042102314902675, -0.08240406784886671]], "inverted": false, "swapped": false, "error_lsq": 0.04605615515262774, "error_max": 0.2497233599908512, "target": "869.xyz", "model": "26.xyz", "model_rescale": 3.795458400668931, "target_rescale": 3.7362292869445217},
{"mapping": [5, 6, 1, 3, 7, 2, 0, 10, 8, 11, 9, 12], "R": [[0.9772555606709965, -0.000399468924173238, 0.21206463534072584], [0.21114053719018583, 0.09510527870420143, -0.97281789638022], [-0.01977985572890109, 0.9954671397827127, 0.09302650654608643]], "T": [0.08157927286685998, -0.03266858010821604, 0.05598810921447851], "aligned_model": [[-0.4795769851399304, -0.034039714032137666, 0.5024167973663092, -0.17881117509834812, -0.6473422040065097, 0.6416100698634115, 0.03411288796299181, -0.5570511671593051, 0.15866892152973627, 0.07467320623742774, 0.3820234193896809, -0.0589341367246099], [-0.5105121534805539, -0.6162659419874804, -0.27022439181247565, 0.6400819403371667, 0.13237854994755002, 0.5167229808442202, 0.3588445459492272, 0.007753898139013511, -0.7534322366667778, -0.22948679099928093, 0.24871771714289687, -0.02824147837895631], [-0.09773124990078118, -0.5160550086987419, -0.28579571844554247, -0.10111093819447985, -0.26282378523508043, -0.3432227787493334, -0.6759528764679742, 0.36936266598890927, 0.12884857558368606, 0.7435850040872554, 0.17817385574364747, -0.03184688034123828]], "inverted": false, "swapped": false, "error_lsq": 0.04582837800950251, "error_max": 0.26063509884429464, "target": "869.xyz", "model": "27.xyz", "model_rescale": 3.6321398670334006, "target_rescale": 3.7362292869445217},
{"mapping": [12, 6, 13, 3, 7, 1, 4, 8, 9, 10, 0, 14], "R": [[-0.5091638267345024, -0.5348770842319215, -0.674283844021667], [-0.6005878245519014, -0.3403537136902553, 0.7235009430382705], [-0.6164790852454707, 0.7733471758148535, -0.14794486511568417]], "T": [0.05949419196598616, 0.0021085739569417367, 0.01369017036595764], "aligned_model": [[-0.6010913265696481, 0.0372467378543521, 0.6633504243328114, -0.16356003232555855, -0.623747981625636, 0.3783630676322823, -0.05239670748330235, -0.390140445858554, 0.16528151452079382, 0.08066607409785226, 0.23345303335619488, 0.1103255622571288], [-0.463161386146003, -0.5039462938193635, -0.4293024513056801, 0.6514378943058992, 0.23163824557145268, 0.3935498445967396, 0.16492040964783516, -0.008661151183496932, -0.6462022857590668, -0.24797643152270094, 0.35167110512574096, 0.002369139523193519], [-0.1614108512951416, -0.5756492553695206, -0.3264855339805553, 0.02704407328276466, -0.271588020314976, -0.424902542657774, -0.790946384320953, 0.26813529467247116, 0.13646733754782503, 0.7496798947764605, 0.500471489363395, -0.025384636333668976]], "inverted": false, "swapped": false, "error_lsq": 0.03456646268505504, "error_max": 0.14445994561239778, "target": "869.xyz", "model": "28.xyz", "model_rescale": 4.156811204709835, "target_rescale": 3.7362292869445217},
{"mapping": [8, 1, 2, 5, 4, 0, 8, 7, 10, 11], "R": [[-0.5281653512855526, -0.7146271628146771, 0.4586386157628401], [-0.4955608129100234, -0.17918948583950584, -0.8498885861526384], [0.689536686775523, -0.6761650289182508, -0.2594995399969247]], "T": [-0.04519398918241438, 0.07177942384859895, 0.12888492559526044], "aligned_model": [[-0.5437221732019255, -0.02643089764568632, 0.08884095928918909, 0.7121451706753107, -0.06643549396483131, -0.7022170489770497, -0.5437221732019255, -0.37507325733156915, 0.11288119248714762, -0.013340904018071767], [0.21588914661917344, -0.5904622886805699, 0.06463987254176093, 0.04910133262498681, -0.4650089074611172, -0.35019484935568246, 0.21588914661917344, 0.19801659210259276, 0.6011681662629766, -0.020317880647090503], [-0.37632087625440447, -0.3695232941835077, -0.6042385904269191, -0.06076791711988622, 0.5574912797431537, 0.11889694082574848, -0.37632087625440447, 0.5492084676908898, 0.22100141131632556, 0.0993601816381034]], "inverted": true, "swapped": true, "error_lsq": 0.06154339971328401, "error_max": 0.3959706180905124, "target": "869.xyz", "model": "29.xyz", "model_rescale": 4.117894457231895, "target_rescale": 3.7362292869445217},
