[{"mapping": [8, 7, 6, 2, 4, 11, 10, 9, 3, 1, 5, 13], "R": [[0.9530424307817462, 0.2945979185205009, 0.070158331885879], [0.2848560212671002, -0.7934277410424012, -0.5378935460592831], [-0.10279675227115992, 0.5326203959179003, -0.840088293916039]], "T": [0.04778607944926939, 0.2252383350753758, -0.03722546534855807], "aligned_model": [[-0.04048139389874688, 0.12649673574371578, -0.6000462561803419, -0.5422173406233578, -0.5116578641009346, 0.46225560644725255, 0.9352563097852121, 0.31599984094902367, -0.42752808462210184, 0.168193719228771, 0.02041926120492566, 0.1008310814292203], [-0.49794308919070573, -0.47184751962461446, -0.06993991878654152, 0.24009456937429355, -0.5050783289113906, -0.18063158906812296, -0.23115778722324562, -0.016741491227193178, 0.43273900056439146, 0.787491358018186, 0.32319995681658165, 0.07584778209332024], [0.2452574763805651, -0.3187755075051003, 0.24157436884681133, -0.5301083135130712, -0.2961931678508531, 0.3507777005007678, -0.17696842388270467, -0.6746031505313373, 0.027737793902202823, 0.011944158377614825, 0.7124783684195584, -0.07475615545761255]], "inverted": false, "swapped": false, "error_lsq": 0.057114890642215733, "error_max": 0.33481123431681237, "target": "87.xyz", "model": "0.xyz", "model_rescale": 3.8414455957264533, "target_rescale": 3.811601446994788},
{"mapping": [9, 0, 2, 5, 4, 13, 11, 1, 10, 12, 8, 14], "R": [[0.3864433600746304, -0.9215768073889455, 0.03684721885066039], [-0.6359369265703715, -0.2373050518924411, 0.7343504189217547], [-0.6680162833931971, -0.30721735046889, -0.6777696841054606]], "T": [-0.10848202452564373, -0.07315417893730014, -0.012894652170857071], "aligned_model": [[-0.1618728709892244, 0.26105914715849377, -0.8100082667601272, -0.6283557802262553, -0.3304172847183635, 0.5116019521911985, 0.6860925984004387, 0.23412805206739826, -0.2096166400663652, 0.3994605260286519, 0.1380795913354689, -0.082629409058676], [-0.37053448273383505, -0.6309579238166102, -0.30220013297723836, 0.26003018929366617, -0.3941577399897164, -0.2523470673614214, 0.1114232419242481, 0.04995826309720003, 0.6019961657109032, 0.4909039129729035, 0.346645156633634, -0.024726639918774863], [0.5988438969015589, -0.2918420919083451, -0.010994648820798605, -0.2432036617270758, -0.39173325754661387, 0.38489017810372383, -0.2595680119808438, -0.7977255595655354, -0.0611139643935857, 0.06535097488963941, 0.6094222164248213, -0.08396092269010397]], "inverted": true, "swapped": false, "error_lsq": 0.05727861716753593, "error_max": 0.31628766211009157, "target": "87.xyz", "model": "1.xyz", "model_rescale": 4.316132596720782, "target_rescale": 3.811601446994788},
{"mapping": [4, 5, 2, 1, 0, 3, 7, 9, 8, 10, 6, 11], "R": [[-0.3625799682989309, 0.8091551784744561, 0.4623890826309782], [0.8305078041186272, 0.5056478512593336, -0.23361728920367808], [-0.4228386854184494, 0.2993127923507284, -0.855347472346068]], "T": [0.008834484672504863, 0.007077746532075085, -0.09388304047859403], "aligned_model": [[-0.19450566438837114, 0.2714906966102936, -0.7967978095001654, -0.35163197476968566, -0.3932754593437708, 0.513473434304479, 0.8811415811335096, 0.2145233458654527, -0.41707492302126814, 0.21625907349069773, 0.06397304545030436, -5.373046883737874e-05], [-0.48356618607892277, -0.548006784236996, -0.0226527252095385, 0.20637520497102982, -0.5353616962808767, -0.20903445780959082, 0.04257043480479368, 0.018083636203363517, 0.6107980501417356, 0.5988305825393568, 0.23175652681550607, -0.023759643024902462], [0.46491123858003996, -0.2904860922055954, 0.13150131430474704, -0.4473539983829062, -0.312928931539, 0.26618925016320943, -0.28954018530776654, -0.8062891521913615, 0.10899398449045036, -0.030326611848343482, 0.6951512729737506, 0.028543058649617342]], "inverted": false, "swapped": false, "error_lsq": 0.04668757389042474, "error_max": 0.2715859432268336, "target": "87.xyz", "model": "2.xyz", "model_rescale": 3.795458400668931, "target_rescale": 3.811601446994788},
{"mapping": [1, 8, 0, 4, 7, 6, 3, 9, 10, 5, 2, 11], "R": [[0.004205142474238029, -0.07202477423186215, 0.9973939786632068], [-0.3493446219445741, 0.9344537868491709, 0.06895255877520058], [-0.9369848728208875, -0.3487241777395055, -0.021231956215381157]], "T": [-0.056314357768894284, -0.0028616098484678786, 0.009901296837267738], "aligned_model": [[-0.15425052324620017, 0.46432200636898335, -0.8160714399413752, -0.47026908581351073, -0.3582489561824839, 0.4565188884101353, 0.7078380044368713, 0.31603284794057895, -0.2456774683131173, 0.2646840177569123, 0.02591570396552862, -0.18327238001968402], [-0.5045048725899812, -0.5747178569022842, -0.1158960682020133, 0.36690166401993907, -0.4672513350830992, -0.1271575819520585, 0.021902621736612463, -0.06333348362795418, 0.6729852584364711, 0.5329185407268335, 0.17183932885256076, -0.027653272580067542], [0.3773674672493239, -0.1018177528997917, 0.15889905349561448, -0.31083432287345564, -0.5159123374413619, 0.27229197798506755, -0.21928841869403307, -0.7725661808825534, 0.225269257301725, -0.31216125719304005, 0.7518198303563538, -0.03470216871700766]], "inverted": false, "swapped": false, "error_lsq": 0.052919172155642485, "error_max": 0.3498741005547628, "target": "87.xyz", "model": "3.xyz", "model_rescale": 3.7530521520055578, "target_rescale": 3.811601446994788},
{"mapping": [1, 7, 6, 9, 5, 3, 0, 4, 2, 8, 11], "R": [[0.5154337184710291, 0.727244365567288, 0.45325899286584637], [-0.6207435126619669, 0.6815125662466868, -0.38757981569728106], [-0.590766936575847, -0.08158587376800516, 0.802706778251125]], "T": [0.014245875921412972, -0.07026421292689136, 0.09364356819861422], "aligned_model": [[-0.4741249980495262, -0.27745442039618523, 0.3862776800703811, 0.5882754782826468, 0.3136235570481097, -0.2997368429321659, -0.20229359955487825, -0.5993398325215703, -0.40491097831635064, 0.32804501459629837, -0.020161455781554406], [-0.5108323285964407, 0.02932521480316594, -0.4387234163310655, 0.2169123517359509, -0.6709320481362234, 0.6246565348189501, -0.5815750810050195, 0.09456043070379672, 0.2191444302098655, 0.5122943538160898, -0.027627083704723422], [-0.10155355526320789, -0.6089076880902963, -0.5336153589604163, -0.22893818392974272, 0.1185542042272523, -0.022366283377302315, 0.4440294463976686, -0.06126170401379044, 0.7628484492079417, 0.28477360073891433, 0.03926785030829499]], "inverted": false, "swapped": true, "error_lsq": 0.045808952959086865, "error_max": 0.2711405848263171, "target": "87.xyz", "model": "4.xyz", "model_rescale": 3.7855080009869324, "target_rescale": 3.811601446994788},
{"mapping": [4, 1, 5, 9, 2, 6, 13, 14, 10, 8, 7, 16], "R": [[-0.0839249257763385, 0.014708540858831942, 0.9963635208392772], [0.6164257790685548, 0.7863803622948541, 0.040313579557508195], [-0.7829277525628797, 0.617567473740982, -0.075063637295433]], "T": [0.048800651374650984, -0.0375936701777866, -0.10424804201642639], "aligned_model": [[0.006574455989749137, 0.07895763226028851, -0.6211105813369553, -0.4072705880701457, -0.3561072910791618, 0.4843243602716728, 0.7369975948051912, 0.09773245812204497, -0.33344819819237365, 0.3529807431023039, -0.06924470363183519, 0.03713573312185961], [-0.47107274687199385, -0.7940273374025436, -0.08081611979996439, 0.2699604553778186, -0.3698248913559837, -0.0908655388922375, 0.1440675680455914, 0.022470084524209837, 0.5571641185376749, 0.5718142774761503, 0.15906096778078, -0.031897894584543514], [0.49350911800510083, -0.10263478997828268, 0.34791786199976327, -0.5562696163401045, -0.6252640315896404, 0.37903063024132516, -0.2393472664975808, -0.7763309403202022, 0.07214148103203942, 0.07297018248769553, 0.6090273041204539, -0.15638478547372597]], "inverted": false, "swapped": false, "error_lsq": 0.04411390250439651, "error_max": 0.21964522746324477, "target": "87.xyz", "model": "5.xyz", "model_rescale": 4.2253639853439635, "target_rescale": 3.811601446994788},
{"mapping": [6, 2, 11, 8, 5, 3, 4, 10, 9, 1, 7, 13], "R": [[-0.1109995007837633, -0.7786150282455764, -0.6176064674336693], [0.4400239276449183, 0.5187102389493071, -0.7330202119376331], [0.8910993513215545, -0.35312650112855215, 0.28503266527717785]], "T": [-0.02797799898431362, 0.08330614129486547, 0.0056395336034713375], "aligned_model": [[-0.10092800345707369, 0.284515822002525, -0.7245852434561942, -0.4987519508196616, -0.2864961368027246, 0.43902177462470704, 0.6674935179508874, 0.09732751868680713, -0.2561987036445974, 0.3236443462302007, 0.04944726838031903, 0.01303140566744311], [-0.44962786218381223, -0.4684818996056853, -0.22272814993432022, 0.3363801411561848, -0.3854999005859413, -0.22703327192407352, 0.08086102812446516, -0.08230913836548526, 0.6485427383303377, 0.5875277443055424, 0.015601019948194905, 0.05280049356955102], [0.3583116375565941, -0.21356170225392587, 0.1688423165280654, -0.5044490003455026, -0.33219257553602005, 0.4399322145807014, -0.12560338148134506, -0.7462797311938442, 0.037566431691224596, -0.395394234752081, 0.7922859348180573, 0.03890723807491728]], "inverted": false, "swapped": false, "error_lsq": 0.046634587295591674, "error_max": 0.29044103169859414, "target": "87.xyz", "model": "6.xyz", "model_rescale": 3.89814844738969, "target_rescale": 3.811601446994788},
{"mapping": [10, 2, 11, 7, 4, 5, 1, 0, 8, 6, 9, 12], "R": [[-0.3190138333391309, 0.3036842186314579, -0.8977784077891795], [-0.7892054782399988, -0.6096278415999349, 0.07421999637684856], [-0.5247712713690107, 0.7322088432273989, 0.4341489636580359]], "T": [-0.07280192373542607, 0.044906530613941925, -0.15405498894934072], "aligned_model": [[-0.0356882020930146, 0.22982690737065373, -0.7841267064657728, -0.4941402169529945, -0.38605657702861096, 0.5480598102465024, 0.7499872463436273, 0.2714736542693209, -0.37625817678152773, 0.32692449923786737, 0.038349277657996755, -0.08082990044140954], [-0.49935894101145273, -0.591553722454932, 0.013625970062439319, 0.1985229703329126, -0.4810013169626992, 0.008808948939146855, -0.10513261079377473, 0.12857981553066228, 0.5797849614032143, 0.5686257186457414, 0.17558210269761068, -0.11045095355391013], [0.33716932957974277, -0.2239261658954829, 0.23114489322641846, -0.633795243318859, -0.35601599120409455, 0.3104923992674186, -0.27775967633061294, -0.6289060132180597, 0.12791334097152063, -0.00136952830535364, 0.7225949892768715, -0.08917718636266839]], "inverted": false, "swapped": false, "error_lsq": 0.04626489704137404, "error_max": 0.24972531388641805, "target": "87.xyz", "model": "7.xyz", "model_rescale": 3.7474275329858107, "target_rescale": 3.811601446994788},
{"mapping": [8, 9, 13, 12, 11, 3, 6, 10, 1, 0, 2, 14], "R": [[-0.75922348514273, -0.6269775210466068, -0.17458203719162854], [-0.16957656487889006, 0.44954883048978456, -0.877011765969615], [0.6283498136003566, -0.6362429073141163, -0.44762872410165794]], "T": [-0.02027242203288685, -0.04797858430553266, -0.05585154882685895], "aligned_model": [[0.07687455177893132, 0.02750950406185885, -0.9087768620551232, -0.4918228675553599, -0.2474767099416615, 0.5770276540047176, 0.7554279216672115, 0.16986269425210654, -0.1484124245267415, 0.36194845178023544, -0.10274974460222619, -0.06189055350131007], [-0.4621588294748969, -0.799045337087243, -0.13858280741169954, 0.16179711163093402, -0.3980584311976953, 0.04700075729207616, 0.04437091572491722, 0.12929765342932775, 0.6415754873629541, 0.4839383570183497, 0.20992810989403227, -0.03403004434609772], [0.47727836577855487, -0.1739873202638465, 0.04643512434549956, -0.39390029312460656, -0.5166142512515383, 0.32930566689130625, -0.2939663216264904, -0.7683718171548045, 0.2141431586326375, -0.12785716514350745, 0.7411874239961087, -0.015287423392471931]], "inverted": false, "swapped": false, "error_lsq": 0.05098158076813278, "error_max": 0.25612117280844926, "target": "87.xyz", "model": "8.xyz", "model_rescale": 4.019505241142653, "target_rescale": 3.811601446994788},
{"mapping": [5, 11, 4, 7, 8, 6, 10, 9, 0, 1, 2, 12], "R": [[0.2520756127338511, -0.9676953898326074, 0.004849532098247372], [0.8676491570961259, 0.22822803813296272, 0.4416977505040768], [-0.4285356760588741, -0.1071335386641239, 0.8971508118694798]], "T": [0.042342506622474324, 0.0010503563366118449, 0.02899509468114017], "aligned_model": [[-0.14629093876323812, 0.16326846126355765, -0.7772730570734293, -0.6662925770982405, -0.3011896229435952, 0.6037333797416281, 0.9260912591803027, 0.1749941902678684, -0.415343446944355, 0.31966029987510647, 0.09384076708878161, 0.03232290076825138], [-0.5199930544998022, -0.5633697408791766, -0.06919113059633691, 0.2777335600235857, -0.30392847291991565, -0.2827053529939287, 0.14790444754207227, -0.0611292592144572, 0.45789487344801166, 0.5812356777090518, 0.2579052952767918, -0.03632390006093786], [0.4077508292223202, -0.2035052092886655, 0.13335568352585447, -0.46178664193234076, -0.4660912826786303, 0.39284234692819675, -0.15968923552804568, -0.6387453396692191, 0.09579878592619115, -0.17785058832917947, 0.5594153353654857, 0.03687046414487323]], "inverted": true, "swapped": false, "error_lsq": 0.038911464902959186, "error_max": 0.18920073307216492, "target": "87.xyz", "model": "9.xyz", "model_rescale": 3.877068213659057, "target_rescale": 3.811601446994788},
{"mapping": [6, 10, 13, 2, 9, 12, 0, 8, 4, 1, 3, 15], "R": [[-0.4564039743219005, -0.23962832940020518, 0.8568977044968908], [0.38596071900549245, 0.8144130280432864, 0.4333194469881643], [-0.8017042694210486, 0.5284975718981423, -0.2792142204291012]], "T": [-0.03177056771654456, -0.026162921221162653, -0.0331508866288741], "aligned_model": [[-0.06781835070052326, 0.004230187218365919, -0.7304163074252764, -0.5800149376424728, -0.23837324098522916, 0.5634158063918386, 0.7478324932349749, 0.21260900556269907, -0.3121203261685864, 0.4197264658627871, -0.06880209685866322, 0.057252916872723644], [-0.4069888320951523, -0.7286359861675522, -0.17709290119234328, 0.12272465546577954, -0.31019154348643374, -0.252134357492385, 0.07214049331188244, 0.09681406076405208, 0.574053644070871, 0.7040137375409836, 0.20960623158100358, -0.018276259465747405], [0.4505605542879021, -0.12505473926204866, 0.26138734093489935, -0.3761027175065015, -0.5919785711900258, 0.3578546194433123, -0.1609066758517342, -0.7545926527290638, 0.10553857739015865, -0.15924246395046404, 0.5548992091661783, -0.043997333045771324]], "inverted": true, "swapped": false, "error_lsq": 0.04061265394009309, "error_max": 0.2051814470870115, "target": "87.xyz", "model": "10.xyz", "model_rescale": 4.260839863003843, "target_rescale": 3.811601446994788},
{"mapping": [3, 2, 0, 7, 1, 4, 9, 8, 6, 10, 5, 11], "R": [[-0.6064981516151363, 0.12482128907548795, 0.7852258515108612], [0.4527232108187912, 0.8660810070723263, 0.2120032631223162], [-0.6536066756646142, 0.4840695559339785, -0.5817860247071368]], "T": [0.0284082767495167, -0.011890641802184777, -0.07281348649811217], "aligned_model": [[-0.2100144227328287, 0.2931715596057687, -0.8295194348676311, -0.4175186437558253, -0.3793396491841997, 0.6433419502673366, 0.7872311822847919, 0.2711702155237886, -0.4201611962192589, 0.2604294255630644, 0.03449696395800801, -0.0257663350803763], [-0.5168203019597052, -0.642158050165333, 0.08081469441417552, 0.29753973634947856, -0.5372474467007087, -0.0549662680641369, 0.09342115159992911, -0.06715556246973106, 0.5699635388747971, 0.5694974077820798, 0.11563738119891379, -0.02249333802480061], [0.3654030422608213, -0.1277727818705067, 0.08656038755721654, -0.4402473607228311, -0.3574228672023655, 0.32228640744928116, -0.29378969644534736, -0.7463309968012294, 0.3315211212260609, -0.11138697928846078, 0.5907454283582902, -0.10120055683408792]], "inverted": false, "swapped": false, "error_lsq": 0.05401394591105211, "error_max": 0.2873548951521683, "target": "87.xyz", "model": "11.xyz", "model_rescale": 3.890672605050136, "target_rescale": 3.811601446994788},
{"mapping": [12, 7, 10, 2, 4, 5, 8, 0, 11, 6, 9, 13], "R": [[0.32892609580399923, 0.9295353869541756, 0.1666480959959924], [0.49316012044235175, -0.31956918563507203, 0.8091159565833701], [0.8053575101185954, -0.18395515755881395, -0.563524427955957]], "T": [0.0670972521479049, 0.12679257817276074, -0.12333925019536285], "aligned_model": [[-0.17658901213403666, 0.30319070856078423, -0.7366336403086002, -0.6088572042079416, -0.342957537838128, 0.4494676274806149, 0.7554977790182569, 0.19809785554957626, -0.34439920133464136, 0.36134998114072014, 0.11097227040273286, 0.038381989033300715], [-0.4332749316949939, -0.6846547280724959, -0.14340588026379353, 0.18075735388199823, -0.2724378296785685, -0.237134168404108, -0.006196349633434073, 0.13563591828818994, 0.45476523893521836, 0.6195876022430755, 0.3114739430527211, -0.039083225818850514], [0.3033615064666297, -0.01030244511516859, 0.1604739806663107, -0.33720254667704447, -0.5277242084733793, 0.44790710736760453, -0.2895009350800361, -0.6990606906430993, 0.037492234467723734, -0.07208752170376845, 0.6315039071960351, -0.1264952407849659]], "inverted": true, "swapped": false, "error_lsq": 0.04635514572552277, "error_max": 0.2616075926568889, "target": "87.xyz", "model": "12.xyz", "model_rescale": 4.124412569039231, "target_rescale": 3.811601446994788},
{"mapping": [6, 1, 3, 5, 0, 8, 2, 4, 7, 10, 9, 12], "R": [[0.6256641982366864, 0.7799101543687385, 0.016866005969849884], [0.5925829013779081, -0.4611022049249873, -0.6604772983289096], [-0.5073359991557714, 0.4232315060647607, -0.7506565634394797]], "T": [-0.08650763132422915, 0.005464282344418828, -0.007773003153741478], "aligned_model": [[-0.0361102559096204, 0.2840996812030503, -0.667834185075505, -0.44459172173895933, -0.4330116794862663, 0.48910811565508794, 0.7353913246561511, 0.1822844062749381, -0.319805072620195, 0.3379399104367985, -0.12799319688045407, 0.008044288847612296], [-0.48243626245797716, -0.7062080344024834, -0.2988680805824606, 0.40939194641315974, -0.26607836792615863, -0.15284140296581983, -0.04433971141182476, -0.0015694308700877485, 0.5799210819780662, 0.5918128637741413, 0.18750129848697905, 0.06974704279942412], [0.4472280712591919, -0.1457477558664642, 0.2718600180453543, -0.5391524395869159, -0.38588267915447133, 0.39035002145842634, -0.26153900169020755, -0.7466759894457382, 0.08522895250024974, -0.15147163796244056, 0.6036047398209153, -0.0494371516910583]], "inverted": false, "swapped": false, "error_lsq": 0.03829115919015937, "error_max": 0.20836386129895698, "target": "87.xyz", "model": "13.xyz", "model_rescale": 3.9028299243045295, "target_rescale": 3.811601446994788},
{"mapping": [6, 3, 2, 8, 0, 9, 10, 4, 12, 13, 11, 15], "R": [[-0.2757996782375053, 0.026528958631843458, 0.9608489745209696], [0.8788254837165956, 0.41187455437222364, 0.24088403980125822], [-0.3893588404728735, 0.9108543054817233, -0.1369091944722026]], "T": [0.0012516084737925226, -0.00969782138117138, -0.018240240834038912], "aligned_model": [[0.024390473420966344, -0.02715285590951624, -0.7007854277884771, -0.5818391444105548, -0.3975892864195579, 0.5411266630277125, 0.6954053164171221, 0.2590923481859735, -0.2520664999783546, 0.25958585813229884, 0.09607461662468698, 0.09127955406033886], [-0.5223778199087566, -0.6077694777761034, -0.22609143874182352, 0.30445194857251245, -0.3588655757215223, -0.20847498871029457, 0.13666796251726504, -0.203332897869816, 0.6106548385608095, 0.7301312675302932, 0.2856642882813372, -0.054625163898942355], [0.4072384005663829, -0.1920013569051289, 0.03143441706558675, -0.4155087337911778, -0.6555974633822084, 0.5012479877935925, -0.24645130345217175, -0.6143835826408737, 0.16946378734335904, -0.1545035390806428, 0.6523017113500538, 0.035124822820070185]], "inverted": false, "swapped": false, "error_lsq": 0.04311486199411942, "error_max": 0.2316810573116047, "target": "87.xyz", "model": "14.xyz", "model_rescale": 3.942246331269136, "target_rescale": 3.811601446994788},
{"mapping": [4, 3, 9, 2, 5, 13, 12, 1, 7, 8, 11, 14], "R": [[0.44474384213262474, 0.6987394887417551, -0.5603267276848589], [0.7929688161764699, -0.5980442021289242, -0.11637692585588802], [-0.4164173044636827, -0.3925637007835664, -0.820055101423259]], "T": [-0.051785331358536565, -0.03142745072300528, 0.05981967907181181], "aligned_model": [[0.11765634946341628, 0.17061706931619935, -0.8513858407678917, -0.44811519403844524, -0.3398043637213653, 0.6963171336534224, 0.6884369451011925, 0.2274770758412485, -0.538649089231355, 0.16996169399371486, 0.1451717168515299, -0.03016188109902834], [-0.49532136760192447, -0.6355769681744893, 0.02457178049264134, 0.2388393948270458, -0.2860964021308306, -0.12259784938610324, -0.11976139229295832, -0.22890464074643208, 0.6590358673533292, 0.6962216963693726, 0.14420471030126497, 0.01141811382404257], [0.37566129698428813, -0.2596931739371085, 0.13508864736498033, -0.5339196499135908, -0.44512419936888475, 0.36471393411109404, -0.2753584144281081, -0.6747936226904497, -0.07134279951873461, 0.20193196485651993, 0.7265072294512025, -0.025306065224367166]], "inverted": true, "swapped": false, "error_lsq": 0.053638455911445115, "error_max": 0.34592046788269615, "target": "87.xyz", "model": "15.xyz", "model_rescale": 4.355366556412066, "target_rescale": 3.811601446994788},
{"mapping": [4, 5, 2, 1, 0, 3, 7, 9, 8, 10, 6, 11], "R": [[-0.3625799682989309, 0.8091551784744561, 0.4623890826309782], [0.8305078041186272, 0.5056478512593336, -0.23361728920367808], [-0.4228386854184494, 0.2993127923507284, -0.855347472346068]], "T": [0.008834484672504863, 0.007077746532075085, -0.09388304047859403], "aligned_model": [[-0.19450566438837114, 0.2714906966102936, -0.7967978095001654, -0.35163197476968566, -0.3932754593437708, 0.513473434304479, 0.8811415811335096, 0.2145233458654527, -0.41707492302126814, 0.21625907349069773, 0.06397304545030436, -5.373046883737874e-05], [-0.48356618607892277, -0.548006784236996, -0.0226527252095385, 0.20637520497102982, -0.5353616962808767, -0.20903445780959082, 0.04257043480479368, 0.018083636203363517, 0.6107980501417356, 0.5988305825393568, 0.23175652681550607, -0.023759643024902462], [0.46491123858003996, -0.2904860922055954, 0.13150131430474704, -0.4473539983829062, -0.312928931539, 0.26618925016320943, -0.28954018530776654, -0.8062891521913615, 0.10899398449045036, -0.030326611848343482, 0.6951512729737506, 0.028543058649617342]], "inverted": false, "swapped": false, "error_lsq": 0.04668757389042474, "error_max": 0.2715859432268336, "target": "87.xyz", "model": "16.xyz", "model_rescale": 3.795458400668931, "target_rescale": 3.811601446994788},
{"mapping": [10, 2, 11, 7, 4, 5, 1, 0, 8, 6, 9, 12], "R": [[-0.3190138333391309, 0.3036842186314579, -0.8977784077891795], [-0.7892054782399988, -0.6096278415999349, 0.07421999637684856], [-0.5247712713690107, 0.7322088432273989, 0.4341489636580359]], "T": [-0.07280192373542607, 0.044906530613941925, -0.15405498894934072], "aligned_model": [[-0.0356882020930146, 0.22982690737065373, -0.7841267064657728, -0.4941402169529945, -0.38605657702861096, 0.5480598102465024, 0.7499872463436273, 0.2714736542693209, -0.37625817678152773, 0.32692449923786737, 0.038349277657996755, -0.08082990044140954], [-0.49935894101145273, -0.591553722454932, 0.013625970062439319, 0.1985229703329126, -0.4810013169626992, 0.008808948939146855, -0.10513261079377473, 0.12857981553066228, 0.5797849614032143, 0.5686257186457414, 0.17558210269761068, -0.11045095355391013], [0.33716932957974277, -0.2239261658954829, 0.23114489322641846, -0.633795243318859, -0.35601599120409455, 0.3104923992674186, -0.27775967633061294, -0.6289060132180597, 0.12791334097152063, -0.00136952830535364, 0.7225949892768715, -0.08917718636266839]], "inverted": false, "swapped": false, "error_lsq": 0.04626489704137404, "error_max": 0.24972531388641805, "target": "87.xyz", "model": "17.xyz", "model_rescale": 3.7474275329858107, "target_rescale": 3.811601446994788},
{"mapping": [0, 1, 8, 10, 3, 2, 7, 11, 5, 12, 6, 13], "R": [[0.5159505410784496, 0.8478932238887659, 0.12195130193798914], [-0.27696209732766797, 0.030400924272890525, 0.9603998023985707], [0.8106090523826603, -0.5292946860557637, 0.25051965892603334]], "T": [0.008636453779691891, 0.03169915904560471, -0.0145236601227249], "aligned_model": [[-0.191740347574699, 0.2447545764617624, -0.6907156571010645, -0.4301827093623455, -0.3382093252580092, 0.4712455887312264, 0.7081202662216861, 0.17487402807037322, -0.38319676861162005, 0.22644799055341058, 0.17976399556901446, 0.0363599776629032], [-0.5718722792431398, -0.5913693565026188, -0.11043405261958264, 0.2980605542805814, -0.38583098501945556, -0.3001225127188799, 0.1508705209994686, -0.04254141577632157, 0.6376598355690436, 0.7071219761405817, 0.12044399819190349, -0.02595334046662233], [0.5283327178833813, -0.2004060796338357, 0.07242015142858332, -0.475965660433983, -0.421900347808673, 0.409410167516092, -0.26738699209865907, -0.7135158401577483, 0.03545954713721889, -0.25031822305676726, 0.7323622276984155, 0.06987347921281661]], "inverted": false, "swapped": false, "error_lsq": 0.043078734051933555, "error_max": 0.24355321714428774, "target": "87.xyz", "model": "18.xyz", "model_rescale": 3.922800546911778, "target_rescale": 3.811601446994788},
{"mapping": [6, 1, 10, 9, 2, 8, 5, 0, 7, 12, 13, 14], "R": [[0.9931136988838092, -0.08102588498741406, -0.08461670669156032], [-0.11699220188676529, -0.6478942994204114, -0.7526923684190114], [0.006164883373232212, 0.7574085969544715, -0.6529121008776402]], "T": [0.015796455366438887, -0.012810693496553283, 0.04577564074721184], "aligned_model": [[-0.046487293999196225, 0.196723027055247, -0.7075842942749583, -0.6664388669618623, -0.4289668139706616, 0.45718937987590574, 0.7273087813818733, 0.2851813192978743, -0.26777654865935413, 0.463868964758626, 0.021045031159315414, -0.026541070300170923], [-0.6241248817445094, -0.6692053292356097, -0.3482128730827086, 0.17893461438738442, -0.26288702555778176, -0.1780713958065046, 0.008343946936631028, -0.04669615515579545, 0.7292653231507669, 0.6322539640670611, 0.3956121784077505, 0.07082057646827436], [0.3591180568431067, -0.2447319869766944, 0.1675390023976394, -0.35488866735506563, -0.456993118404709, 0.4359702594781994, -0.22960847517446603, -0.7446205929543793, -0.038607746025832904, 0.004102406461418559, 0.5980228290404366, 0.02306318035718799]], "inverted": true, "swapped": false, "error_lsq": 0.043298353544431935, "error_max": 0.21978990597348916, "target": "87.xyz", "model": "19.xyz", "model_rescale": 3.9282355846067225, "target_rescale": 3.811601446994788},
{"mapping": [7, 2, 6, 3, 5, 12, 10, 1, 4, 11, 9, 13], "R": [[-0.23832077606318391, 0.5570629771566384, -0.7955400977813907], [0.9104569778272484, -0.15696797743999402, -0.3826606141008912], [-0.3380403810527899, -0.8155010076877773, -0.46977314444091484]], "T": [-0.09505976616402495, 0.03939460845405371, 0.0540964621818269], "aligned_model": [[-0.04325845339114241, 0.2713111405535603, -0.7103760179689744, -0.5162828580950438, -0.43916145942426427, 0.4974719636452995, 0.7439520571225084, 0.039949296409036994, -0.3411095131711259, 0.29048210844790207, 0.22695765543950158, -0.012414304204619864], [-0.5185632101893038, -0.5658573480281103, -0.1694634903406819, 0.22784549540358867, -0.4122532797072944, -0.2095418200481905, -0.009240223993713631, -0.05269394117839364, 0.6147176457896575, 0.6431130573768324, 0.2908059406857866, 0.047164117064781845], [0.32630497231583205, -0.36799196249400434, 0.121980620051102, -0.5403885579604497, -0.3524725504881289, 0.6106314107711159, -0.1354507943260161, -0.6771989968197643, -0.034395173855084546, 0.038454573646548695, 0.6122379742081827, -0.08334636736249204]], "inverted": true, "swapped": false, "error_lsq": 0.04535101538263916, "error_max": 0.2415745731469821, "target": "87.xyz", "model": "20.xyz", "model_rescale": 4.067790424073018, "target_rescale": 3.811601446994788},
{"mapping": [5, 13, 6, 3, 11, 8, 7, 12, 2, 0, 4, 14], "R": [[0.37559393056348855, 0.8476735721662227, -0.37467147526176225], [0.15394153611908945, -0.45571627731758807, -0.8767124260811494], [-0.9139098439021022, 0.2716103636438697, -0.30165643964629774]], "T": [0.06840391310507599, -0.09929370516681231, -0.06529560577197235], "aligned_model": [[0.14431258044847378, -0.033482056939234756, -0.6284890019318463, -0.4811997587364121, -0.34415175002611836, 0.4539339534515746, 0.7866031839697042, 0.09856837875734047, -0.2689055407258588, 0.2996053867576542, -0.10678946467162553, 0.08751570500898695], [-0.42296636094536627, -0.7917040538100805, -0.1053493217367031, 0.37036266515836164, -0.3418777455417334, 0.012918645616292676, 0.100603850365084, 0.004921184339860066, 0.524074192888303, 0.5684719568504105, 0.11442629776797918, -0.14784836811744936], [0.42249534020928825, -0.0829212483712008, 0.1834221000205004, -0.5137414936583004, -0.5000174273463066, 0.33960299023350915, -0.09520767408352832, -0.8237435134852925, 0.16132462185468033, -0.13666036410923182, 0.6871029159337932, -0.12329109951106976]], "inverted": false, "swapped": false, "error_lsq": 0.04818121352355936, "error_max": 0.2602399366527947, "target": "87.xyz", "model": "21.xyz", "model_rescale": 4.186013935880536, "target_rescale": 3.811601446994788},
{"mapping": [0, 6, 1, 10, 7, 5, 3, 4, 9, 11, 2, 12], "R": [[-0.8249530837282162, 0.452509270442939, -0.33865582795886723], [-0.2656249795134211, -0.8392832826995453, -0.47439112727745014], [-0.49889455790357295, -0.30139497597716247, 0.8125670978755688]], "T": [-0.024305784397940657, 0.07353332687527642, 0.009392824998412416], "aligned_model": [[-0.06469586415590667, 0.17983855238984284, -0.6211024007519831, -0.45658200262640153, -0.4831761590798953, 0.5690592885104591, 0.8354591891835174, 0.1505477445208513, -0.4769392799604624, 0.3416912703103989, 0.01942833532191226, 0.013992941700305746], [-0.5423741323981892, -0.3954570499433282, -0.250920405230384, 0.3194647476803274, -0.3086911484016075, -0.059650879785696026, -0.1825526867454061, 0.03083542639647363, 0.4983861668845909, 0.5544734740810925, 0.1526438042563089, 0.06987562604077624], [0.38464618484322566, -0.21021128522317228, 0.28084597079602536, -0.6606478006749675, -0.41683032033675904, 0.4876381945142635, -0.208696144385485, -0.6943253582879179, 0.000805434870758813, -0.17420649270818456, 0.7452787278433209, -0.015931963564266363]], "inverted": true, "swapped": false, "error_lsq": 0.04948370258630184, "error_max": 0.25758074325853947, "target": "87.xyz", "model": "22.xyz", "model_rescale": 4.166573947596378, "target_rescale": 3.811601446994788},
{"mapping": [4, 0, 8, 10, 7, 2, 6, 5, 9, 12, 3, 15], "R": [[0.3790610973349497, 0.5665101646850365, -0.7316959189415756], [0.8234355075620698, 0.15427521589165577, 0.5460339940402791], [0.4222163537491418, -0.8094846453578449, -0.40800485236901735]], "T": [0.017360841818876527, 0.1404317128696177, -0.018989103081871045], "aligned_model": [[-0.04273339024172414, -0.07446723630110512, -0.6511441544140181, -0.46826203543072503, -0.3169980114439083, 0.5355652319425733, 0.7550598116595905, 0.23889632254981347, -0.3991529367558398, 0.3837935150646602, -0.010287471979870188, 0.057251970713191436], [-0.4484956462986482, -0.6589265017929387, -0.21913645088067885, 0.2599887039958961, -0.2496176051351548, -0.07430503541887692, 0.1112289178574554, -0.22823804030416195, 0.4998583496024726, 0.6801226573928996, 0.12174012654251815, 0.09181346727417657], [0.41621976891033996, -0.15809270317293744, 0.26010039125656415, -0.5764994438547825, -0.5164379290117582, 0.3527118226367808, -0.20352923049672567, -0.7303727021853665, 0.221381301390923, -0.08097406582876296, 0.581271546436925, -0.0474136083943581]], "inverted": false, "swapped": false, "error_lsq": 0.04083686266640093, "error_max": 0.2180533257994421, "target": "87.xyz", "model": "23.xyz", "model_rescale": 4.274766983524099, "target_rescale": 3.811601446994788},
{"mapping": [9, 8, 10, 5, 0, 1, 7, 4, 3, 2, 11], "R": [[0.5166830846252022, -0.6852750328101457, 0.5132608688271885], [0.6492520272313339, -0.07719403811675933, -0.7566458125273884], [0.5581311630774524, 0.7241817519699613, 0.4050313505341632]], "T": [-0.09518748873283898, 0.05820292460714249, -0.028063602587337276], "aligned_model": [[0.24029692589899443, 0.44833494578400623, -0.3198255367137125, -0.6920847470169615, -0.6565559369522791, -0.4978454694567922, 0.11753085936427647, 0.09300407787983574, 0.6095348531273488, 0.08175740185237458, -0.044252669809016085], [-0.1757949405581591, 0.36120640298913553, 0.6166976954378487, 0.004496468334191928, 0.3062252615705765, -0.23700152106771144, -0.6361752586063535, -0.1071033653904839, 0.03657324661577316, 0.7370938776142881, 0.009368664304377668], [-0.6186011180103337, -0.32327086490127016, -0.514141138212912, -0.33117853723542384, 0.20527905876410424, 0.4424990158904129, 0.21927266196046433, 0.576012545638818, 0.2847572038851118, 0.4357063657852397, 0.0032312404573663286]], "inverted": true, "swapped": true, "error_lsq": 0.06564721945010726, "error_max": 0.35295342332262186, "target": "87.xyz", "model": "24.xyz", "model_rescale": 3.7841303162186577, "target_rescale": 3.811601446994788},
{"mapping": [11, 6, 13, 5, 3, 7, 1, 4, 9, 8, 10, 15], "R": [[0.2685144335207602, -0.2687875259730368, -0.9250152781831872], [-0.9467008625488349, 0.10373664394653515, -0.30495275954154244], [0.17792547833381608, 0.9575969792057637, -0.2266065964963926]], "T": [0.030954453252368414, 0.11470665067098737, 0.039887187240043226], "aligned_model": [[-0.1703086350094545, 0.20108814556890955, -0.6676419607434907, -0.4711830704794689, -0.37670215177635585, 0.41282036735694333, 0.6695153279265806, 0.14739112288563314, -0.23262300370579927, 0.39459928493863883, 0.06697832338270017, 0.03358786501780195], [-0.5371939493494565, -0.5323551137452165, -0.20720717824442372, 0.17996769977705032, -0.4204116145574667, -0.23442945687312813, 0.2131821676615855, -0.03869147270642309, 0.6232684125425055, 0.5431700105637987, 0.24509684142049934, 0.051636596345633834], [0.3919473328955616, -0.2328618769423265, 0.18248639613050668, -0.676309467439185, -0.4033581423783247, 0.43369927714369316, -0.3283233173520217, -0.6809566658705717, 0.15834632395699785, -0.14352319756978774, 0.8060175835919551, 0.011200901520344225]], "inverted": false, "swapped": false, "error_lsq": 0.04127949171753283, "error_max": 0.2316373918275626, "target": "87.xyz", "model": "25.xyz", "model_rescale": 4.19342608120988, "target_rescale": 3.811601446994788},
{"mapping": [4, 5, 2, 1, 0, 3, 7, 9, 8, 10, 6, 11], "R": [[-0.3625799682989309, 0.8091551784744561, 0.4623890826309782], [0.8305078041186272, 0.5056478512593336, -0.23361728920367808], [-0.4228386854184494, 0.2993127923507284, -0.855347472346068]], "T": [0.008834484672504863, 0.007077746532075085, -0.09388304047859403], "aligned_model": [[-0.19450566438837114, 0.2714906966102936, -0.7967978095001654, -0.35163197476968566, -0.3932754593437708, 0.513473434304479, 0.8811415811335096, 0.2145233458654527, -0.41707492302126814, 0.21625907349069773, 0.06397304545030436, -5.373046883737874e-05], [-0.48356618607892277, -0.548006784236996, -0.0226527252095385, 0.20637520497102982, -0.5353616962808767, -0.20903445780959082, 0.04257043480479368, 0.018083636203363517, 0.6107980501417356, 0.5988305825393568, 0.23175652681550607, -0.023759643024902462], [0.46491123858003996, -0.2904860922055954, 0.13150131430474704, -0.4473539983829062, -0.312928931539, 0.26618925016320943, -0.28954018530776654, -0.8062891521913615, 0.10899398449045036, -0.030326611848343482, 0.6951512729737506, 0.028543058649617342]], "inverted": false, "swapped": false, "error_lsq": 0.04668757389042474, "error_max": 0.2715859432268336, "target": "87.xyz", "model": "26.xyz", "model_rescale": 3.795458400668931, "target_rescale": 3.811601446994788},
{"mapping": [7, 10, 6, 8, 5, 3, 4, 11, 1, 9, 0, 12], "R": [[0.12467227576031303, 0.630202759672587, -0.7663558607838793], [0.990099378140336, -0.02880999545193552, 0.13737978587907296], [0.06449841132047318, -0.7758959117453291, -0.6275551681517888]], "T": [0.032800539897143495, 0.15480945794716447, -0.07732291169108198], "aligned_model": [[0.0234296254001159, 0.2660443722566516, -0.7645703210541849, -0.5295396085203858, -0.42678997454802564, 0.5160734933714216, 0.7730737339444723, 0.2500189363886723, -0.37122792354335277, 0.32219592694376065, -0.04479661736529688, -0.006390027911209885], [-0.5484191825766389, -0.48991181507927895, 0.017460313098343117, 0.1766872826864626, -0.4337768528225675, -0.05026864013362384, -0.11459365258830381, 0.10922596806675915, 0.5691345227018588, 0.47038091166483376, 0.16191947823128516, 0.018194609585829163], [0.3296043099812324, -0.27127708999782524, 0.08553249101604675, -0.5399746471991207, -0.17325612641224092, 0.4417789906129571, -0.3571098750138312, -0.7572588685350383, 0.04697074058915003, -0.0450853920894764, 0.7504459696334468, 0.007994645101541298]], "inverted": false, "swapped": false, "error_lsq": 0.05279368232493261, "error_max": 0.3293987398945709, "target": "87.xyz", "model": "27.xyz", "model_rescale": 3.6321398670334006, "target_rescale": 3.811601446994788},
{"mapping": [8, 12, 10, 11, 9, 7, 4, 6, 2, 1, 3, 14], "R": [[-0.5993019126305964, 0.5279575858454777, -0.601745797713224], [0.6105446793571572, 0.7876230315293199, 0.08297683238850541], [0.5177570975138585, -0.31766452076487733, -0.7943656841916359]], "T": [-0.07520525680148109, 0.013057148833190577, 0.00520327953228529], "aligned_model": [[-0.10583248517585513, 0.2409269051974126, -0.7860185080664023, -0.598689626803633, -0.39235402062769487, 0.5233932993867849, 0.7117170307753735, 0.3160474686879264, -0.28126195467597387, 0.2681875793722918, 0.17445670785370765, -0.06305078056129924], [-0.403579330573343, -0.736350849913519, -0.2762298151298253, 0.2791103429935403, -0.30323595939487574, -0.33060200435473397, 0.19582338069240685, -0.16540188612096018, 0.7710980140054102, 0.5860115959797131, 0.20750868591814442, 0.06188076873300062], [0.3093506660152142, -0.1429784954075043, 0.1306194160692521, -0.2549998116469673, -0.4907276556907177, 0.3580000184108336, -0.1786909024469837, -0.6420842259713432, -0.12269647700551274, -0.027534431228544223, 0.6146436647153343, -0.03453661812622015]], "inverted": true, "swapped": false, "error_lsq": 0.04895971198844735, "error_max": 0.26165103001598417, "target": "87.xyz", "model": "28.xyz", "model_rescale": 4.156811204709835, "target_rescale": 3.811601446994788},
{"mapping": [0, 1, 5, 6, 3, 2, 10, 8, 9, 11], "R": [[-0.7792056260329857, -0.09293492072602683, 0.6198400542625413], [-0.37378526821431746, -0.7249340382288708, -0.5785803431530775], [0.5031134719171151, -0.6825201394294745, 0.5301349768206933]], "T": [-0.1041099858641964, -0.07600825590901383, 0.0005640971591836207], "aligned_model": [[-0.39106738125357554, 0.0717530602650932, 0.03639086025499305, 0.6378896671227816, -0.17638392694652366, -0.8812408818500815, -0.5178362984287577, -0.3344868715659669, 0.26367677572758175, -0.06576962921495647], [-0.24335783105622116, -0.6082956368406893, 0.199915743748576, 0.1597401787878936, -0.3795198021717327, -0.3532877817091946, 0.5332030994625028, 0.2894443217844717, 0.43909777022464935, -0.11821973160405169], [-0.5657820733276235, -0.39497430199132955, -0.5954013738640669, -0.24739315737763115, 0.7059827655927832, 0.1632559501195169, -0.23680080139126056, 0.5369836870784301, 0.3403258229662066, 0.052590209170074495]], "inverted": true, "swapped": true, "error_lsq": 0.053137525677627286, "error_max": 0.23419162852394645, "target": "87.xyz", "model": "29.xyz", "model_rescale": 4.117894457231895, "target_rescale": 3.811601446994788},
