[{"mapping": [11, 12, 9, 0, 5, 8, 4, 6, 3, 2, 13], "R": [[0.10766235239442279, -0.7875209216153578, -0.606811021566844], [-0.24242515848680168, -0.6127303398606921, 0.7521911812477264], [-0.9641778157630201, 0.06612358605141028, -0.2568828740071115]], "T": [0.14184808308095326, -0.007889201322630865, -0.14348130237639464], "aligned_model": [[-0.2972024833854196, 0.23178635066835301, -0.19239542704343016, 0.5312796578740653, 0.3021635647212538, -0.5306820659312681, -0.4995750889555311, -0.014486541513270196, 0.43248255327791646, 0.21883250418860428, -0.016936484444311145], [-0.5238045946492326, 0.004312910842881129, 0.48774585881427424, 0.6023135001179938, -0.6965738002554391, -0.24891452031179812, 0.4254011477651817, -0.039366350530478, 0.10460455655256036, 0.6640036857711784, 0.0062405675366650065], [-0.31119459301698627, -0.7152172768048745, -0.567002653511192, -0.4107043296202073, 0.1256166908914725, 0.1730453566880035, 0.4170898477670073, 0.6042585978685925, 0.27613407504700327, 0.22243069877848612, -0.1770621451769684]], "inverted": false, "swapped": false, "error_lsq": 0.051325744933534874, "error_max": 0.2959701261156992, "target": "870.xyz", "model": "0.xyz", "model_rescale": 3.8414455957264533, "target_rescale": 3.5992346179362844},
{"mapping": [1, 4, 3, 2, 13, 12, 10, 8, 9, 6, 14], "R": [[-0.060237128004942686, -0.3040134972604358, 0.9507614221734049], [0.5797459555526653, -0.7860268706323267, -0.2146075153956153], [0.8125676066826955, 0.5382727488248231, 0.2235985966917628]], "T": [0.10136432901833413, 0.01824735215852881, -0.0912235662600816], "aligned_model": [[-0.49906660545036874, 0.23223490864060248, -0.3397291756515526, 0.4923452573206047, 0.2684209280436716, -0.46307446196610047, -0.43969588115566083, 0.007773029040016796, 0.6698764080374859, 0.2178232412519026, 0.018358891346361483], [-0.2624252744191282, 0.117789271288261, 0.2747936911025823, 0.6002257000944964, -0.6256952132245771, -0.2678143117363356, 0.34273231320951736, -0.07080628766247334, -0.03236239237988153, 0.6991640594321176, 0.01036140594920788], [-0.6472842291304031, -0.6096650119157045, -0.6853593909268791, -0.32152737399249287, 0.272475575681774, 0.3352352471660269, 0.1740021101526687, 0.6882714724050603, 0.2825977142477568, 0.2732170095553874, -0.12456885433285772]], "inverted": false, "swapped": false, "error_lsq": 0.04419480079533696, "error_max": 0.22695054546365215, "target": "870.xyz", "model": "1.xyz", "model_rescale": 4.316132596720782, "target_rescale": 3.5992346179362844},
{"mapping": [8, 10, 9, 7, 6, 2, 0, 4, 3, 5, 11], "R": [[0.48848208828306716, -0.8716835522470967, -0.039408554509101634], [0.28911962450070194, 0.20430137677041957, -0.9352383600870338], [0.8232831178611565, 0.4454534006959585, 0.3518183844730389]], "T": [-0.04485907904303259, 0.10931480168657629, -0.10435413176912123], "aligned_model": [[-0.3248442917391773, 0.18483679739914688, -0.16832209740117882, 0.6568482653647614, 0.35285606704070344, -0.6734717224674752, -0.5160682479388708, 0.0016823060689810099, 0.5602400985260908, 0.09206952919634208, -0.0005601645923604681], [-0.5382389263772585, -0.19300104160374168, 0.7060020960855264, 0.5583976255631888, -0.5794049242605683, -0.34016943583004255, 0.4263894059572333, -0.10348962974540865, 0.15241590798297278, 0.6641802329769074, 0.032881650904977494], [-0.40321625006954287, -0.6074254327100636, -0.527051022025921, -0.43053282494653544, 0.10441311821610172, 0.2174151434826343, 0.32148583002585246, 0.6351578049644976, 0.14667233850903216, 0.19420037133143636, -0.01372480786715434]], "inverted": true, "swapped": false, "error_lsq": 0.0541884277823977, "error_max": 0.347291661668844, "target": "870.xyz", "model": "2.xyz", "model_rescale": 3.795458400668931, "target_rescale": 3.5992346179362844},
{"mapping": [2, 1, 6, 8, 0, 10, 5, 4, 7, 9, 11], "R": [[-0.652787600052723, 0.6487245685309543, 0.39118382303174726], [-0.5500487233716774, -0.05083902568197557, -0.8335837062856347], [-0.5208788257690977, -0.7593232695315181, 0.39001720630424924]], "T": [-0.00838149668464049, 0.05813496503783204, -0.05658778605844717], "aligned_model": [[-0.4666462698300666, 0.3184330867226048, -0.1750074992970565, 0.3488681822278581, 0.2916218867641785, -0.6071417089969708, -0.4577144263205707, -0.06484219704975196, 0.692724892291443, 0.2119260540964368, 0.0730445388488583], [-0.2974976418491217, -0.1818346769285698, 0.35012521800870744, 0.6016822260080648, -0.644727783631093, -0.2765911440150844, 0.4552754687937044, -0.14104056610291915, 0.13761804294948488, 0.803472588269032, -0.02051876984841891], [-0.5578303999967862, -0.5381224587109126, -0.5406061369960073, -0.4895912260447935, 0.11131060770565454, 0.20505199583672046, 0.3097507925413887, 0.5501213950429081, 0.23570413698866483, 0.3313439776219478, 0.020261584921552188]], "inverted": true, "swapped": false, "error_lsq": 0.046247294684641733, "error_max": 0.22128952724186274, "target": "870.xyz", "model": "3.xyz", "model_rescale": 3.7530521520055578, "target_rescale": 3.5992346179362844},
{"mapping": [6, 4, 0, 2, 9, 8, 7, 5, 3, 1, 10], "R": [[0.884092631366777, 0.10237103687664317, -0.45596095224456434], [-0.42806883684235575, -0.2139710595379664, -0.8780509419188806], [-0.18744943341445844, 0.9714610421880033, -0.1453483863811274]], "T": [0.07702086805589926, 0.04274308406456903, 0.004038558530959434], "aligned_model": [[-0.3827274450109816, 0.1878483792348168, -0.35154925017459754, 0.5671744592919656, 0.20965763168883456, -0.6590595528888645, -0.4659793081833761, -0.004196395324119806, 0.7882296386979027, 0.24013088714364866, 0.035737494981733994], [-0.2634768433883754, -0.0653396018118053, 0.46917187119391857, 0.40166702059838066, -0.4684204013837143, -0.47008208770156223, 0.19699018171207014, 0.06868781663068516, 0.028600607734527245, 0.7858647743755028, 0.10229962369415933], [-0.4870789297575252, -0.7141162299312539, -0.556948543849495, -0.2997361076419617, 0.13999130370570576, 0.19554691124414494, 0.20530848183010833, 0.7183846714000954, 0.2761632726229458, 0.21872704418486427, -0.05884760489729137]], "inverted": false, "swapped": false, "error_lsq": 0.05010358500032164, "error_max": 0.29413527950481205, "target": "870.xyz", "model": "4.xyz", "model_rescale": 3.7855080009869324, "target_rescale": 3.5992346179362844},
{"mapping": [6, 8, 13, 15, 5, 1, 12, 2, 9, 14, 16], "R": [[0.6239393952260412, 0.5176965015577846, -0.5853972696893901], [0.7743098299488551, -0.3083569216249433, 0.5525941513720205], [0.10556475893752088, -0.7980641209582215, -0.5932535212787564]], "T": [0.0021098311124892067, -0.07346853794114931, -0.059857891287876], "aligned_model": [[-0.3726609181021848, 0.2570524332947631, -0.27368629172610626, 0.5257292355127245, 0.3331755367064163, -0.5980619484093622, -0.475477086120918, 0.06625230285277546, 0.5812016014946447, 0.10142202303969174, 0.020319650914518185], [-0.28270416184894376, 0.08100453310111604, 0.4175354590095509, 0.48990840631450566, -0.7858300245349497, -0.2547890810184103, 0.3778707933566347, 0.08301319758659677, 0.16505946155738183, 0.5288122748360408, -0.03391789670573625], [-0.5516346773279963, -0.6973939403697471, -0.5156201236865614, -0.3560795054596967, 0.13518019631751774, 0.3644304949697624, 0.11697199171076339, 0.6592977923745438, 0.278773374515995, 0.23184797020265197, -0.02837930433689559]], "inverted": false, "swapped": false, "error_lsq": 0.03875417049030806, "error_max": 0.20496726119444192, "target": "870.xyz", "model": "5.xyz", "model_rescale": 4.2253639853439635, "target_rescale": 3.5992346179362844},
{"mapping": [0, 9, 1, 8, 12, 3, 2, 6, 11, 5, 13], "R": [[0.08957196546300839, 0.8504645815729878, 0.5183501311787011], [-0.9779475434830297, 0.17368727146104324, -0.1159798858764994], [-0.18866760505874233, -0.4965306911181835, 0.8472672586492987]], "T": [-0.04988145970040016, 0.13605510327623982, -0.07893871403588952], "aligned_model": [[-0.3535578206215201, 0.23111197881314416, -0.3188819037647424, 0.47982153983113507, 0.4724741078522908, -0.5760855257718779, -0.3995175496953267, -0.056767089365873394, 0.5986759261291236, 0.18405572235935724, -0.09606284630874735], [-0.4541137824732506, -0.04929360009734418, 0.4105105553450623, 0.5429722320375425, -0.6208463911863552, -0.18321020558617118, 0.502636386999413, -0.07183775153160982, 0.025220966893444025, 0.5703721292364503, 0.11355242201660513], [-0.5289876040884148, -0.5881390411719286, -0.7042536330016468, -0.39468870723722416, 0.08102551070210608, 0.2734650545381359, 0.36099807578074145, 0.5297082420454349, 0.3365644752556522, 0.31777703087689135, -0.046075134789410166]], "inverted": false, "swapped": false, "error_lsq": 0.04304235256331077, "error_max": 0.20757186116549176, "target": "870.xyz", "model": "6.xyz", "model_rescale": 3.89814844738969, "target_rescale": 3.5992346179362844},
{"mapping": [5, 6, 9, 8, 0, 2, 10, 4, 7, 11, 12], "R": [[0.14810975239765115, 0.9698829952310948, -0.19336617285933677], [0.17220875557731408, -0.21782803496084327, -0.9606742901148186], [-0.9738622313999139, 0.10898588324484082, -0.19928479998766227]], "T": [0.1246136393347778, -0.011598751371766233, 0.006738448858468624], "aligned_model": [[-0.41757763438660683, 0.2510191905350363, -0.3085824912659003, 0.4841342294286548, 0.3006143792452339, -0.4242841878043044, -0.5536718676528447, -0.012741441213909924, 0.6760690674479782, 0.19012624664804756, -0.019838951524421708], [-0.16475640450550705, -0.16714481308549006, 0.5003940195776049, 0.44123861824198496, -0.5773107196112504, -0.3299255169700952, 0.24800194111098456, 0.04681168458031061, -0.007752281856203705, 0.7703446367584501, 0.02606179741299801], [-0.5272540230096048, -0.6391740145132236, -0.5833042563441285, -0.34450225819950214, 0.008762309004286775, 0.3212652206707695, 0.11369598494240536, 0.6338090917717099, 0.36332896334631737, 0.20576861055630047, 0.08499864068500684]], "inverted": true, "swapped": false, "error_lsq": 0.048172765985507376, "error_max": 0.23265304369522408, "target": "870.xyz", "model": "7.xyz", "model_rescale": 3.7474275329858107, "target_rescale": 3.5992346179362844},
{"mapping": [9, 11, 7, 10, 13, 8, 3, 2, 12, 0, 14], "R": [[-0.028720291316681378, -0.9892351090320736, 0.14348882857207784], [0.8857622205587262, 0.04133978199519547, 0.4622946149972599], [-0.4632498607636703, 0.1403742194382284, 0.8750397962490327]], "T": [0.0342240231753299, 0.09906204042474359, 0.02599883343455054], "aligned_model": [[-0.3554863099605012, 0.22846320466793746, -0.15494831604539394, 0.407028125890699, 0.47520001215229163, -0.5516925248340949, -0.49129816909955704, -0.2050702212635555, 0.6287809959375157, 0.13869098386339923, 0.04559875814822257], [-0.228879782140607, -0.1169919114471725, 0.3270674797973418, 0.5727867476253993, -0.6749206717365452, -0.22006467448769784, 0.49090636352707, -0.08439336720259694, -0.04636879326861229, 0.7058094285865413, 0.061012142400666255], [-0.540499584346183, -0.5236117431043992, -0.5872751490677933, -0.43428951366377, 0.14684074302644207, 0.16766835893117038, 0.3165482937054121, 0.8119198688067791, -0.05142530718371379, 0.2608551697561321, 0.0706631320502611]], "inverted": true, "swapped": false, "error_lsq": 0.04859365128879389, "error_max": 0.2866598285388183, "target": "870.xyz", "model": "8.xyz", "model_rescale": 4.019505241142653, "target_rescale": 3.5992346179362844},
{"mapping": [7, 0, 4, 3, 1, 9, 11, 6, 2, 5, 12], "R": [[0.13605285463984565, -0.12187329129743601, 0.9831767499349642], [-0.9816974161125258, 0.11691027186004146, 0.15034018601691745], [-0.1332659144055192, -0.9856362864677524, -0.10373671893654304]], "T": [-0.006696948892172117, -0.005143579769021855, 0.09181341420293868], "aligned_model": [[-0.38352422832257554, 0.21696265235567655, -0.0848878500843029, 0.5011039578020147, 0.16805729005405798, -0.577256324319027, -0.478307746695271, 0.23708332880673574, 0.5799697301694017, 0.007348288645070261, -0.021282558954817454], [-0.22656077069420225, -0.15075997365308125, 0.39977199924213597, 0.5659657977268853, -0.6574435445720925, -0.36831914495250495, 0.2532963224337766, 0.2056964816053872, 0.06949490698986417, 0.6637268975762778, 0.031093989951340516], [-0.7010041052273389, -0.5009920569871857, -0.6275781537820787, -0.30116638914395866, 0.10827591883598958, 0.19134014124958446, 0.4049293613182554, 0.7431040426412541, 0.07686462863801742, 0.1460327371455082, 0.09758814422228992]], "inverted": true, "swapped": false, "error_lsq": 0.059929180978695824, "error_max": 0.3211122758355513, "target": "870.xyz", "model": "9.xyz", "model_rescale": 3.877068213659057, "target_rescale": 3.5992346179362844},
{"mapping": [3, 4, 13, 2, 1, 12, 10, 11, 8, 9, 15], "R": [[-0.9145317096325494, -0.12061611645537537, -0.38611333119667085], [-0.38541427072174284, 0.5496542991066278, 0.7411720390014921], [0.12283155946495933, 0.8266389199189846, -0.5491634584298022]], "T": [-0.03868711996396566, 0.06086074360468249, -0.07466309086668768], "aligned_model": [[-0.34564561544097133, 0.25712328705199766, -0.2803173480250938, 0.3832493222216563, 0.45882193424286055, -0.5510696178857017, -0.40590120579487066, -0.12907619725229602, 0.5699034220747369, 0.24383410169686004, -0.03565554343221494], [-0.29100292526950966, -0.17530513393639224, 0.5134199287654063, 0.47558497294295665, -0.649096015789688, -0.35681764587953524, 0.508052764634436, 0.06290343519351513, 0.10179110492092588, 0.5966780003243368, -0.00024552425266521904], [-0.5044651189087982, -0.635744690218578, -0.6529740044568259, -0.37521060841594134, -0.037883327736564415, 0.27348077953013894, 0.3356829715666876, 0.6577854864284979, 0.3978463730297067, 0.18749512588867515, -0.008618717796661207]], "inverted": false, "swapped": false, "error_lsq": 0.046214301574013315, "error_max": 0.24734179713249516, "target": "870.xyz", "model": "10.xyz", "model_rescale": 4.260839863003843, "target_rescale": 3.5992346179362844},
{"mapping": [2, 1, 3, 0, 8, 4, 5, 10, 7, 6, 11], "R": [[0.9864603882325588, -0.16156317810772214, -0.028164550907155472], [0.058095956379423955, 0.5048550822144383, -0.8612468901625204], [0.15336480137381384, 0.8479496951128559, 0.5074057077503026]], "T": [-0.007102376853423348, -0.030414178638100295, 0.013378194563502283], "aligned_model": [[-0.32738701515225277, 0.29721459171481396, -0.3158411827269362, 0.4577248959336798, 0.2966674984623507, -0.6931315048057188, -0.4415123714070358, 0.04634832810572731, 0.6312098610027048, 0.1695037405252693, 0.04446969780436076], [-0.41807298302308576, -0.1149509405995781, 0.29236313084708904, 0.6647442703340446, -0.6798669522914722, -0.16177301529662402, 0.47091857967130063, -0.044821167064110976, 0.08575310949761163, 0.7100133766918748, -0.018344447113262774], [-0.4529859635726484, -0.6373947010458635, -0.5382813287314974, -0.25256278902303264, 0.052727460164323475, 0.23294993735831918, 0.14208065889777888, 0.6380935320301466, 0.10648177909461151, 0.3652768294951081, -0.018991145756908516]], "inverted": false, "swapped": false, "error_lsq": 0.03821955826451794, "error_max": 0.16376814050582866, "target": "870.xyz", "model": "11.xyz", "model_rescale": 3.890672605050136, "target_rescale": 3.5992346179362844},
{"mapping": [5, 7, 8, 3, 10, 9, 6, 11, 4, 0, 13], "R": [[0.9526952472629522, 0.21819128337354377, 0.2115758249479095], [0.29824966648050977, -0.537241733953449, -0.7889350136373441], [-0.05847138006621014, 0.8147170571176829, -0.576903124063872]], "T": [-0.04568696128486707, 0.11156157698356133, 0.11152838057520542], "aligned_model": [[-0.3958905441653191, 0.21898136528014225, -0.24831510288323555, 0.5217660175789818, 0.3793577037494691, -0.6342538927778724, -0.5206363771406828, -0.10390796515044141, 0.6543354930677879, 0.22699974048099134, 0.06683010141714167], [-0.2486619001359452, -0.11054815891925136, 0.5660190272870925, 0.5818698740121404, -0.6253782058678768, -0.3975479622627906, 0.38564768028987545, -0.1288855300960297, 0.08240019186196845, 0.6353203694619888, 0.04572757602261493], [-0.4822465590312808, -0.6679471561845198, -0.4096254431027351, -0.4451316400178469, 0.3868414634813507, 0.1262545553221146, 0.2886108593644331, 0.6030135454593478, 0.1247654816557539, 0.10789111115805064, 0.004968050805668783]], "inverted": false, "swapped": false, "error_lsq": 0.04866473542271745, "error_max": 0.2827680778697482, "target": "870.xyz", "model": "12.xyz", "model_rescale": 4.124412569039231, "target_rescale": 3.5992346179362844},
{"mapping": [6, 9, 3, 7, 2, 1, 0, 4, 10, 5, 12], "R": [[-0.7182812719058611, 0.11634603317256276, 0.6859559861932162], [0.2074146730950654, 0.9768967766465861, 0.0514960305497192], [-0.6641168329549899, 0.17926597095522445, -0.7258185336868406]], "T": [0.0092339510787803, 0.09101060163232243, -0.11374312356923044], "aligned_model": [[-0.3820898234400985, 0.22646806246134893, -0.44796706553251203, 0.4732687912519997, 0.22237771963420297, -0.5396281365788068, -0.40249721756010853, 0.021146385559490187, 0.6886857034969286, 0.20773508616855707, 0.09776703399596108], [-0.25302558578615475, 0.029045116045357172, 0.4244513236098844, 0.481860988777455, -0.5921599652277411, -0.4598803887153595, 0.40402669150865167, 0.047747152440585035, -0.03709101586695297, 0.6998958380964334, 0.04109280677162824], [-0.5334068222935016, -0.7117488856218964, -0.5479526249652846, -0.2718105664218273, 0.36609354046449366, 0.12736644570299593, 0.14944077723743793, 0.6712808401530905, 0.14421998237324318, 0.2907342518874526, -0.04682266960586648]], "inverted": true, "swapped": false, "error_lsq": 0.042391073561340274, "error_max": 0.2839039228405373, "target": "870.xyz", "model": "13.xyz", "model_rescale": 3.9028299243045295, "target_rescale": 3.5992346179362844},
{"mapping": [12, 11, 14, 9, 2, 5, 10, 4, 6, 7, 15], "R": [[0.8545904094604273, -0.1967267293666947, 0.48059736371618034], [0.4751478905517761, -0.07722340124458976, -0.8765107120876586], [0.20954644869922429, 0.9774124719139307, 0.027479912384194283]], "T": [0.019156894320536466, -0.12758906585988794, 0.060076190915636575], "aligned_model": [[-0.3039103779782105, 0.15351693941472097, -0.2859374252818262, 0.3562349186890278, 0.3729492811237922, -0.46961280114538523, -0.3810138655227969, -0.2300473468048006, 0.6627103489171005, 0.22497067409439575, 0.06540619395094528], [-0.4575746260786472, 0.004063263088395108, 0.44257909917111204, 0.5039645919454872, -0.7677664522502771, -0.2361173047676896, 0.4929655361048878, 0.07701226259213084, 0.042090680844375505, 0.7094637297238974, -0.024717818719885418], [-0.4604786636169524, -0.6543968532943657, -0.5439737842639891, -0.2371843669526215, 0.14465532871101866, 0.16697633033965187, 0.1607139124504675, 0.6562295407204687, 0.021918663683879493, 0.33866416857751874, 0.044269992555260325]], "inverted": true, "swapped": false, "error_lsq": 0.04382417017940882, "error_max": 0.23081837724284304, "target": "870.xyz", "model": "14.xyz", "model_rescale": 3.942246331269136, "target_rescale": 3.5992346179362844},
{"mapping": [10, 6, 9, 7, 13, 3, 5, 1, 8, 2, 14], "R": [[-0.8147422993566702, 0.35806605674526576, 0.4560522827986965], [-0.25577045382016367, 0.4839331486041465, -0.8368931727733859], [-0.5203618554348826, -0.7984969672384317, -0.3026980883973223]], "T": [0.01433266877024512, -0.07687395940723481, -0.03696347830781899], "aligned_model": [[-0.36539741369804357, 0.3167405364871196, -0.2153404880060874, 0.4429105964804263, 0.25958378833317725, -0.5116517363773541, -0.4126602079625268, -0.19209785973231272, 0.7853235774665558, 0.011363059458301442, 0.04649268700770739], [-0.2558868167261408, 0.03660970612489735, 0.4542446994659725, 0.6123694510060679, -0.8153488599870572, -0.2769988729287542, 0.3266600357392447, 0.09438320082735883, -0.028983980455825856, 0.6625469868363075, -0.023632588248284146], [-0.613816993011777, -0.49353803797879464, -0.5967183508953484, -0.3057458981394091, 0.19848621073862238, 0.4100693560904802, 0.2030718444463687, 0.7276925605430853, -0.08301231012212267, 0.15249829703571804, 0.03840759020351407]], "inverted": false, "swapped": false, "error_lsq": 0.05254620455083443, "error_max": 0.30372639597472084, "target": "870.xyz", "model": "15.xyz", "model_rescale": 4.355366556412066, "target_rescale": 3.5992346179362844},
{"mapping": [8, 10, 9, 7, 6, 2, 0, 4, 3, 5, 11], "R": [[0.48848208828306716, -0.8716835522470967, -0.039408554509101634], [0.28911962450070194, 0.20430137677041957, -0.9352383600870338], [0.8232831178611565, 0.4454534006959585, 0.3518183844730389]], "T": [-0.04485907904303259, 0.10931480168657629, -0.10435413176912123], "aligned_model": [[-0.3248442917391773, 0.18483679739914688, -0.16832209740117882, 0.6568482653647614, 0.35285606704070344, -0.6734717224674752, -0.5160682479388708, 0.0016823060689810099, 0.5602400985260908, 0.09206952919634208, -0.0005601645923604681], [-0.5382389263772585, -0.19300104160374168, 0.7060020960855264, 0.5583976255631888, -0.5794049242605683, -0.34016943583004255, 0.4263894059572333, -0.10348962974540865, 0.15241590798297278, 0.6641802329769074, 0.032881650904977494], [-0.40321625006954287, -0.6074254327100636, -0.527051022025921, -0.43053282494653544, 0.10441311821610172, 0.2174151434826343, 0.32148583002585246, 0.6351578049644976, 0.14667233850903216, 0.19420037133143636, -0.01372480786715434]], "inverted": true, "swapped": false, "error_lsq": 0.0541884277823977, "error_max": 0.347291661668844, "target": "870.xyz", "model": "16.xyz", "model_rescale": 3.795458400668931, "target_rescale": 3.5992346179362844},
{"mapping": [5, 6, 9, 8, 0, 2, 10, 4, 7, 11, 12], "R": [[0.14810975239765115, 0.9698829952310948, -0.19336617285933677], [0.17220875557731408, -0.21782803496084327, -0.9606742901148186], [-0.9738622313999139, 0.10898588324484082, -0.19928479998766227]], "T": [0.1246136393347778, -0.011598751371766233, 0.006738448858468624], "aligned_model": [[-0.41757763438660683, 0.2510191905350363, -0.3085824912659003, 0.4841342294286548, 0.3006143792452339, -0.4242841878043044, -0.5536718676528447, -0.012741441213909924, 0.6760690674479782, 0.19012624664804756, -0.019838951524421708], [-0.16475640450550705, -0.16714481308549006, 0.5003940195776049, 0.44123861824198496, -0.5773107196112504, -0.3299255169700952, 0.24800194111098456, 0.04681168458031061, -0.007752281856203705, 0.7703446367584501, 0.02606179741299801], [-0.5272540230096048, -0.6391740145132236, -0.5833042563441285, -0.34450225819950214, 0.008762309004286775, 0.3212652206707695, 0.11369598494240536, 0.6338090917717099, 0.36332896334631737, 0.20576861055630047, 0.08499864068500684]], "inverted": true, "swapped": false, "error_lsq": 0.048172765985507376, "error_max": 0.23265304369522408, "target": "870.xyz", "model": "17.xyz", "model_rescale": 3.7474275329858107, "target_rescale": 3.5992346179362844},
{"mapping": [8, 10, 11, 12, 4, 0, 1, 2, 9, 7, 13], "R": [[-0.026871817817572197, -0.05620543034006402, -0.9980575409301148], [0.15987704408047465, -0.9858076693217488, 0.051211032820201716], [-0.9867711164111309, -0.1581903559219399, 0.03547640215721998]], "T": [0.010934908578443397, 0.07487689484662523, -0.07547965734100329], "aligned_model": [[-0.23158940290323068, 0.07261750578676768, -0.19854345783090444, 0.6373109007512525, 0.2805678192392238, -0.4694570694392044, -0.5844558137158048, -0.11783857896440614, 0.603699666965715, 0.19144176012817923, -0.01848679056062472], [-0.5089387630224492, 0.06019484042424873, 0.6614938644349202, 0.4111569241307761, -0.7009567429635061, -0.45052964871486983, 0.35913375816925164, 0.13060550403924887, 0.01729514997408739, 0.768420772004425, 0.03808730317765354], [-0.41781821372333616, -0.7628071374718582, -0.4411789966944819, -0.30744039032760073, 0.04537596706886718, 0.3630564326446716, 0.1324297947519498, 0.620325225390636, 0.22954239059584444, 0.15654070606881795, 0.019368490606827646]], "inverted": true, "swapped": false, "error_lsq": 0.05877553873259265, "error_max": 0.33818926232960606, "target": "870.xyz", "model": "18.xyz", "model_rescale": 3.922800546911778, "target_rescale": 3.5992346179362844},
{"mapping": [2, 0, 1, 5, 7, 10, 6, 13, 12, 8, 14], "R": [[-0.5455649702994759, 0.6760348771521824, 0.49531374708962617], [-0.8192739839308357, -0.5546790209219356, -0.14533176873340603], [0.17649079986285146, -0.4850855889664393, 0.8564712306556795]], "T": [-0.014304813019437567, 0.04817936209881571, 0.031378360602330325], "aligned_model": [[-0.39193882394252083, 0.27882487298855196, -0.33528110134612377, 0.5068172011669382, 0.37459326660295295, -0.7492828317778907, -0.5687735509881763, 0.19181709595131727, 0.7613663877416751, 0.07178131450998317, 0.025342708550255756], [-0.3130943218293818, 0.010019413114679104, 0.45969003924692864, 0.48346296436362646, -0.6131681371973882, -0.2693913747775524, 0.44971478922910846, 0.0039453080655540915, 0.009122333353290185, 0.6042270395284125, -0.03856509144349028], [-0.45852248843028753, -0.7503258297096214, -0.49361326681754725, -0.31718117823633063, 0.2540637617837507, 0.1291371775193006, 0.11564870703427174, 0.6851144342025409, 0.1555668519447184, 0.2717755592003141, 0.0457305404192276]], "inverted": false, "swapped": false, "error_lsq": 0.04160762833978348, "error_max": 0.2047194907667143, "target": "870.xyz", "model": "19.xyz", "model_rescale": 3.9282355846067225, "target_rescale": 3.5992346179362844},
{"mapping": [11, 8, 4, 6, 12, 10, 1, 2, 7, 5, 13], "R": [[-0.6402803537104657, -0.7250937088953973, 0.2535353663154666], [0.3030164938166383, 0.064873667554815, 0.9507746377207684], [-0.7058484774563675, 0.6855877190982231, 0.1781780185494934]], "T": [0.057159430976222475, 0.10314817937998749, -0.13229221227868412], "aligned_model": [[-0.4700684835975688, 0.33130464073204313, -0.2180316281293266, 0.5009084602765196, 0.3129193915336549, -0.42593403388590423, -0.4554750995831456, -0.05682571646152601, 0.5370360611066128, 0.18876311466603712, -0.07933016720043379], [-0.25219955602288485, -0.016546035026532513, 0.29494955683820845, 0.5703877688741057, -0.6770060067040866, -0.4428547870851483, 0.44542424126628916, 0.1262957469598393, -0.04701860165409344, 0.6648992126240039, 0.11963142158408574], [-0.46262822963703354, -0.8316771407220476, -0.6678759662642838, -0.240079127354105, 0.08848059804614211, 0.32676749387100845, 0.2937990125129013, 0.6832982404845936, 0.23549323347493115, 0.261162231510102, -0.04934607701187192]], "inverted": true, "swapped": false, "error_lsq": 0.048904235250371214, "error_max": 0.2683122080293173, "target": "870.xyz", "model": "20.xyz", "model_rescale": 4.067790424073018, "target_rescale": 3.5992346179362844},
{"mapping": [0, 8, 7, 1, 6, 3, 12, 11, 13, 10, 14], "R": [[0.7029984592593613, -0.4988551422490686, -0.5068892515437923], [-0.6841199458853886, -0.6691123391256281, -0.29029050496287967], [-0.19435294163129443, 0.5508468250625507, -0.8116616963968244]], "T": [0.06873378964678466, -0.058650315076497636, -0.10425769974526455], "aligned_model": [[-0.5038884243564887, 0.22231424126183114, -0.12820459836444653, 0.44814507472684545, 0.2505898248540871, -0.5607954365636998, -0.48756610104373177, -0.0009640077039965306, 0.6009321651247798, 0.25494483828752545, 0.06975896323425729], [-0.1585961838934528, -0.04883121566079661, 0.3802416267029727, 0.5969851660590111, -0.6865238112217668, -0.4269515648255818, 0.3183802607321842, -0.012761790492484867, 0.1922550065700679, 0.6238956444762495, 0.007869823207384205], [-0.5123908310362347, -0.6533337663275155, -0.6745673454443094, -0.4196848607649295, 0.24252776418361593, 0.3336831175245025, 0.26369915019882983, 0.5368887065732143, 0.2751298511643749, 0.3089532391418902, -0.06351075630310149]], "inverted": true, "swapped": false, "error_lsq": 0.047058296037951745, "error_max": 0.23695719199242535, "target": "870.xyz", "model": "21.xyz", "model_rescale": 4.186013935880536, "target_rescale": 3.5992346179362844},
{"mapping": [6, 0, 1, 2, 3, 4, 9, 11, 5, 8, 12], "R": [[0.908351737871147, -0.0988140731546874, -0.40636547497671094], [-0.08800967308497606, 0.9047577582366946, -0.41673456342615367], [0.4088415558011972, 0.4143056575248416, 0.8131416877721653]], "T": [-0.11819036088673054, 0.10264926449478644, -0.03642964798861508], "aligned_model": [[-0.1335257665226611, 0.1592872077088522, -0.29421935555352197, 0.4623504344710203, 0.2906642112532656, -0.5322530320346012, -0.4364171269120867, -0.03285019790713831, 0.6363061685508592, 0.15793194638570826, -0.11200794998273361], [-0.4016129836407128, 0.009211614902944518, 0.45391881712187276, 0.5355263809356328, -0.6946986530513098, -0.4285874189250705, 0.608520687588776, 0.029282862608028884, -0.06743319181103787, 0.6793895346467198, 0.06244531127794291], [-0.2716683766378498, -0.6967811040871137, -0.6534764293319031, -0.19545477132527422, 0.18586045966737721, 0.23551858112756568, 0.13172679381554916, 0.5851010482514555, -0.05502322856004176, 0.3864122408010789, -0.014820944810506793]], "inverted": false, "swapped": false, "error_lsq": 0.05276929273654565, "error_max": 0.3202543187164042, "target": "870.xyz", "model": "22.xyz", "model_rescale": 4.166573947596378, "target_rescale": 3.5992346179362844},
{"mapping": [5, 7, 0, 8, 14, 6, 2, 11, 9, 3, 15], "R": [[0.04525138219685021, -0.5388806251859646, 0.84116584821809], [-0.20174004234024667, -0.829609182100047, -0.5206242025605868], [0.978393207113495, -0.14613786906368742, -0.14625476231458062]], "T": [0.041232647466499996, 0.034090417987427984, 0.007643536624023853], "aligned_model": [[-0.39112911554001994, 0.1263280651594941, -0.22186681147228207, 0.5279331607243876, 0.404249123130689, -0.6581208087702027, -0.4741229563606646, 0.15116021685193448, 0.5931457592997748, 0.12579040504411493, -0.018100498610262493], [-0.35759321624608553, -0.08232852433065019, 0.4005121325044789, 0.5756429062904533, -0.6548735703355464, -0.21852925267339998, 0.36943344474439876, 0.10468456787817834, 0.08714896911021436, 0.5289628932217705, 0.03290261148997413], [-0.5845635367589834, -0.6927813682782866, -0.6729955488497091, -0.34438295815796915, 0.14737694140147017, 0.16949432349840726, 0.2810715805377816, 0.785477531070536, 0.237917011912334, 0.33836679087891397, -0.0275864983441571]], "inverted": false, "swapped": false, "error_lsq": 0.04000081109091163, "error_max": 0.23059172987303533, "target": "870.xyz", "model": "23.xyz", "model_rescale": 4.274766983524099, "target_rescale": 3.5992346179362844},
{"mapping": [3, 6, 5, 7, 0, 2, 4, 1, 8, 9, 10], "R": [[-0.8916442805711162, 0.35517024449588963, -0.28075714478806524], [0.13113407188371035, -0.39094435946524136, -0.9110248970217609], [-0.4333293575515217, -0.8491269664938466, 0.302008381766042]], "T": [0.08516390762820092, 8.256070252231351e-05, -0.06879207916975982], "aligned_model": [[-0.30795692896906945, 0.355481145788804, -0.301817137252561, 0.28939169767965056, 0.2727559027263171, -0.7706134863468634, -0.4854987455707458, -0.030978177096372378, 0.8046279428155105, 0.22468055159236297, 0.1151937740899298], [-0.2992897453205213, -0.15591952659254837, 0.42181815046481663, 0.5739297444324767, -0.6893369300923683, -0.21942536638035098, 0.38653521356629805, -0.025818941187037217, 0.14970401081231532, 0.6398759258930251, 0.0038904260576814002], [-0.33683407963130463, -0.6667945838714652, -0.650707633046054, -0.24206324231498408, 0.120097706809974, 0.3158283085877807, 0.04380938729052643, 0.5721630743780564, 0.0018906729229042352, 0.4778933989220461, 0.002111258862857332]], "inverted": true, "swapped": false, "error_lsq": 0.05543814906882269, "error_max": 0.28393648729729093, "target": "870.xyz", "model": "24.xyz", "model_rescale": 3.7841303162186577, "target_rescale": 3.5992346179362844},
{"mapping": [9, 8, 2, 1, 10, 13, 3, 11, 7, 6, 15], "R": [[-0.3694553971859675, -0.08544482501661986, 0.9253117806275022], [-0.3073291451437358, 0.9509632366634144, -0.034895831554269924], [-0.8769558176073524, -0.2972677318386956, -0.37759818534004874]], "T": [0.021053125242384618, 0.03874310793540381, -0.10619428533193309], "aligned_model": [[-0.2121909480509176, 0.269347907428544, -0.31822277606748617, 0.4789753257846642, 0.320667986716013, -0.5603081603215825, -0.48587059058188325, -0.002505747092932553, 0.5382027801996974, 0.12020702041389353, 0.016963741028952987], [-0.3477516653532206, 0.13691763557743786, 0.2424692223973422, 0.5127175617186016, -0.6642599548786948, -0.16926645226445688, 0.5111413681151911, -0.06602909723677536, -0.044925529106436685, 0.5853770800695339, 0.08957279261526441], [-0.478161623979088, -0.633611811491478, -0.7482071831804404, -0.4507111488011101, 0.039657467264098634, 0.37417127940383427, 0.30474380945507795, 0.6539999883378528, 0.2789827566284524, 0.3557432189088565, -0.059212483635718204]], "inverted": true, "swapped": false, "error_lsq": 0.045768080881286075, "error_max": 0.211667563621285, "target": "870.xyz", "model": "25.xyz", "model_rescale": 4.19342608120988, "target_rescale": 3.5992346179362844},
{"mapping": [8, 10, 9, 7, 6, 2, 0, 4, 3, 5, 11], "R": [[0.48848208828306716, -0.8716835522470967, -0.039408554509101634], [0.28911962450070194, 0.20430137677041957, -0.9352383600870338], [0.8232831178611565, 0.4454534006959585, 0.3518183844730389]], "T": [-0.04485907904303259, 0.10931480168657629, -0.10435413176912123], "aligned_model": [[-0.3248442917391773, 0.18483679739914688, -0.16832209740117882, 0.6568482653647614, 0.35285606704070344, -0.6734717224674752, -0.5160682479388708, 0.0016823060689810099, 0.5602400985260908, 0.09206952919634208, -0.0005601645923604681], [-0.5382389263772585, -0.19300104160374168, 0.7060020960855264, 0.5583976255631888, -0.5794049242605683, -0.34016943583004255, 0.4263894059572333, -0.10348962974540865, 0.15241590798297278, 0.6641802329769074, 0.032881650904977494], [-0.40321625006954287, -0.6074254327100636, -0.527051022025921, -0.43053282494653544, 0.10441311821610172, 0.2174151434826343, 0.32148583002585246, 0.6351578049644976, 0.14667233850903216, 0.19420037133143636, -0.01372480786715434]], "inverted": true, "swapped": false, "error_lsq": 0.0541884277823977, "error_max": 0.347291661668844, "target": "870.xyz", "model": "26.xyz", "model_rescale": 3.795458400668931, "target_rescale": 3.5992346179362844},
{"mapping": [10, 5, 7, 6, 11, 4, 3, 9, 1, 0, 12], "R": [[0.3946155279507324, -0.3648548766309752, 0.8433027357353708], [0.029571657201579227, -0.9122659190597744, -0.4085295705482987], [0.9183703513237549, 0.1861499715837232, -0.34920493394117735]], "T": [0.1402197576960628, -0.004340367317729105, 0.10309044997248382], "aligned_model": [[-0.34324055369335593, 0.23713170592008587, -0.3054505412007522, 0.6926913571343052, 0.08705566309985333, -0.5495481541911015, -0.48004377835193945, 0.05694766780943844, 0.6611606981841368, 0.025399413091289097, 0.08316306165500321], [-0.2515690822251775, 0.021950845708104155, 0.39160888680862316, 0.3589110544226629, -0.7172788538265484, -0.4655916688371792, 0.3725268956090436, -0.048079478026614816, 0.21980600120683794, 0.8153992069982865, 0.08827915381574852], [-0.3582451310807119, -0.6430846730980249, -0.44900580202296725, -0.3908837356825968, 0.0814829227281741, 0.204730241461938, 0.23844469198642468, 0.5220498028406565, 0.27259594413677035, 0.18129857524059467, -0.02198856759991996]], "inverted": false, "swapped": false, "error_lsq": 0.057496521842014994, "error_max": 0.289725034150738, "target": "870.xyz", "model": "27.xyz", "model_rescale": 3.6321398670334006, "target_rescale": 3.5992346179362844},
{"mapping": [4, 6, 12, 9, 2, 3, 8, 0, 11, 10, 14], "R": [[0.18526669174668509, 0.14055543901406892, 0.9725844032744927], [-0.27045073671613445, -0.9442049146085761, 0.18797201450937195], [0.9447394624651492, -0.2978611216533198, -0.1369163988296776]], "T": [-0.031968234320136804, 0.03206976157542259, -0.02204507921424263], "aligned_model": [[-0.33318904539864225, 0.13719757079348555, -0.3499495188219638, 0.4267253837606401, 0.41930854994944017, -0.5676593915319108, -0.35917591646871455, -0.006028650385488436, 0.5623834324489856, 0.2316505916057907, 0.004003533505340884], [-0.4868707574611096, 0.00873259931339803, 0.5577621369286315, 0.45189745212133076, -0.5537405549226151, -0.2473888740712364, 0.4212005159098651, 0.013477177486165039, 0.02699563670968473, 0.6113220545384053, -0.01742442489873277], [-0.5933891200813308, -0.7801649538901294, -0.5752585642830886, -0.26682464576971415, 0.2722663218496541, 0.3042951343817394, 0.07037788637670793, 0.6011668815358922, 0.221360314900855, 0.42476979152213823, -0.041204777632386475]], "inverted": true, "swapped": false, "error_lsq": 0.04762305535251303, "error_max": 0.20674844244121537, "target": "870.xyz", "model": "28.xyz", "model_rescale": 4.156811204709835, "target_rescale": 3.5992346179362844},
{"mapping": [9, 7, 8, 4, 5, 6, 3, 2, 0, 10], "R": [[-0.24887933610311222, 0.9658700339709274, -0.07179243370908756], [-0.41976630924659103, -0.04076717952684869, 0.906716208465979], [0.872843240039338, 0.2557989729268383, 0.4155858079472942]], "T": [-0.06022873020488234, 0.014270319509819659, 0.0017290061902234186], "aligned_model": [[-0.6888630150188881, -0.03997175390713638, 0.10871046413440447, 0.7342410554109018, 0.0952082283537358, -0.5693825757357738, -0.4942623382164777, -0.5966276003745394, 0.12207188390107127, -0.02819897443670981], [-0.11363687816436419, -0.5647296954913198, 0.11828384413377674, -0.0020931493374286604, -0.4839666737082114, -0.3832992955631677, 0.5666537233854534, 0.46837303705547906, 0.3329366727838502, -0.019801254467863554], [-0.4455356596487509, -0.2640229542984087, -0.6342499530386138, -0.20017644408002955, 0.5406101075661521, 0.2071041012563919, -0.4329214315752048, 0.45081571930799536, 0.575234206721311, -0.038070965235743166]], "inverted": true, "swapped": true, "error_lsq": 0.059959269770302415, "error_max": 0.27959266458983195, "target": "870.xyz", "model": "29.xyz", "model_rescale": 4.117894457231895, "target_rescale": 3.5992346179362844},
{"mapping": [7, 8, 1, 5, 10, 13, 3, 11, 9, 2, 14], "R": [[0.8457162710658457, 0.06798776089653319, -0.5292840950026336], [0.5259550364309342, 0.06144622015715281, 0.8482898453248945], [0.09019583420211724, -0.9957921602406169, 0.016207562923204532]], "T": [-0.038036650207912207, 0.05712277359690637, 0.0008956653524849131], "aligned_model": [[-0.2614904836329347, 0.165262813336725, -0.3917075937954838, 0.6044989897608152, 0.15602521480898746, -0.5875024033757283, -0.3328654127960044, 0.13244405308307405, 0.5365947542513073, 0.18076682991013115, -0.03676022209392597], [-0.45315268596434405, 0.10710077448610632, 0.4184314330157833, 0.4920163372962568, -0.6270897178004844, -0.4959983242594899, 0.4705351889630557, 0.016210647785122614, 0.0392907442350893, 0.8155946887355361, 0.0030238751611550013], [-0.3407049794819732, -0.6758326510394979, -0.6952374714464878, -0.3056452147154294, 0.09316821736602299, 0.12418694497831514, 0.20564521146606488, 0.7042918254755213, 0.2444213936614792, 0.2883086853726843, -0.005207692726362335]], "inverted": true, "swapped": false, "error_lsq": 0.04844778471319746, "error_max": 0.2375726236269064, "target": "870.xyz", "model": "30.xyz", "model_rescale": 4.100398675895297, "target_rescale": 3.5992346179362844},
