[{"mapping": [4, 7, 9, 8, 3, 10, 11, 6, 2, 0, 12, 1, 5, 13], "R": [[0.700870268951422, 0.7123923277059245, -0.03574965070733985], [-0.6048840942556448, 0.5670445616952084, -0.5590846962387879], [-0.3780160031222093, 0.41347023650756815, 0.8283394623618303]], "T": [0.0486827860249415, -0.0168990073159673, 0.09698272507348234], "aligned_model": [[0.3728073991581452, -0.16665284964523483, -0.05483692165727451, -0.21984805743925454, 0.5146839173257247, -0.839060948643548, -0.5856061220524691, 0.4194342911467508, 0.7365789784339066, 0.4502354500769049, -0.256045278141948, 0.12143597200199889, -0.14639830197334486, -0.036827157018992515], [-0.2867344074695103, 0.029090726257466587, 0.5571398351892023, -0.5245500141599154, -0.21761392220816325, 0.3510725573672302, -0.2849748961675592, -0.6349331387751138, 0.1341745771408522, 0.6336412453982968, 0.44318525392181685, 0.17687716469360712, -0.6228471208303389, -0.009830959625658997], [-0.7606514152196318, -0.6261424306857644, -0.34630752880194465, -0.43288591240323565, 0.22250871586400056, -0.20622828030572216, -0.016484185299877885, -0.15821017841151835, -0.21161709015381203, 0.20169792058903002, 0.2718629339136724, 0.6356866163852822, 0.5058488563137415, -0.04150176719142769]], "inverted": true, "swapped": false, "error_lsq": 0.045516983968736734, "error_max": 0.23121707930056967, "target": "871.xyz", "model": "0.xyz", "model_rescale": 3.8414455957264533, "target_rescale": 4.075231641692852},
{"mapping": [11, 0, 4, 13, 10, 7, 9, 8, 1, 3, 2, 6, 6, 14], "R": [[-0.013528832976467588, -0.2208674863789601, 0.9752099897657605], [0.6195853349058769, 0.7636455903545722, 0.18154730816398557], [-0.7848127059673966, 0.6066819313220533, 0.12651502187280414]], "T": [0.02304114509853906, -0.02497919834794134, -0.08151785195116201], "aligned_model": [[0.496694437039868, -0.1609706537805666, -0.057148982869340725, -0.20330146062874863, 0.552215307915046, -0.5633345024242398, -0.5778803156899649, 0.04357059860807061, 0.657377459406287, 0.5255508565081225, -0.32040841219050353, -0.09535264559597358, -0.09535264559597358, 0.10824133086928284], [-0.27985125984308323, 0.2676286142361518, 0.5107333626767033, -0.5364717715483405, -0.2398521088272009, 0.17494889491440438, -0.341113119084593, -0.8034754961145459, 0.36935837831521434, 0.5715834510154159, 0.3958158607784605, -0.17111384527242962, -0.17111384527242962, -0.0033802152415156675], [-0.7425459855675252, -0.7187287239513145, -0.13049570597828503, -0.5933687804769835, 0.29555725748992934, -0.2522438302082691, -0.01471648881444014, 0.05199040023895954, -0.5181105765248012, -0.01099213065967107, 0.41806061779228, 0.6765420065540102, 0.6765420065540102, -0.09991381185510696]], "inverted": true, "swapped": false, "error_lsq": 0.055713339566738684, "error_max": 0.40403402165928287, "target": "871.xyz", "model": "1.xyz", "model_rescale": 4.316132596720782, "target_rescale": 4.075231641692852},
{"mapping": [3, 1, 0, 12, 7, 6, 4, 10, 8, 5, 9, 13], "R": [[-0.2976389912757724, -0.7887481392824962, 0.5378544446695046], [-0.19801087976638648, -0.5001326851971895, -0.8430059244700425], [0.9339179419876689, -0.3574124647740331, -0.00732172504729256]], "T": [-0.050452712230720266, 0.13114592572530398, 0.010904459159323261], "aligned_model": [[-0.17559643443660075, 0.43765551203549785, 0.1384151070415248, -0.8498037591594079, -0.4072178435276611, -0.3937163542079768, -0.19534962585384696, -0.061391070788241305, 0.5125807109313032, 0.08445972146735825, 0.5049896386530989, 0.0027829524767325406], [-0.5763402007507632, -0.41551716304240155, -0.589930216088586, 0.3226888258483203, -0.27705769227854943, -0.006178456700001861, 0.43973537929921364, 0.5781110616455956, -0.010189605206738062, -0.08236277668043682, 0.596195792707594, 0.03362147898773342], [0.12667267331983031, 0.09908878427802423, -0.526409421767088, -0.07430712886073204, -0.3909771495441236, 0.3411063415960216, -0.6481294504859486, 0.5490129584786986, -0.5887432044105451, 0.7577522950324636, -0.1052063712901081, -0.09060186513707172]], "inverted": true, "swapped": true, "error_lsq": 0.04642974422692039, "error_max": 0.3491187396363687, "target": "871.xyz", "model": "2.xyz", "model_rescale": 3.795458400668931, "target_rescale": 4.075231641692852},
{"mapping": [0, 8, 1, 10, 7, 6, 2, 4, 9, 11, 3, 13], "R": [[-0.3465863746575428, 0.1718131475572151, -0.9221486470348605], [0.7193275223529911, 0.6796398617672641, -0.14372742912360537], [0.6020347170116092, -0.7131408701115486, -0.35914384150267004]], "T": [0.11778246937423342, 0.09291811485154998, 0.1506633583556027], "aligned_model": [[-0.32678921166117486, -0.060246554627625876, -0.5889740541753904, 0.25970101090640973, 0.14805854926979473, 0.06983753208404003, -0.24405990019635398, 0.6782274011247028, 0.22172150280936667, 0.7795350769831121, -0.3976413380663447, 0.053933811293029], [-0.033933855027604556, -0.5797353885808988, -0.07561822370150166, 0.17188448122788585, 0.36278354520356537, 0.5685220391800704, -0.24534207328028035, -0.18198176803538552, -0.5845806657561289, 0.14154627447018325, 0.5017743467552954, 0.04045033283450894], [-0.6434352880638385, -0.31020822816193017, 0.02044290903526494, 0.8311644075881706, -0.46713627628487553, 0.2819012615248899, 0.5052725841243118, -0.2504348756979079, 0.41231463102004806, 0.4444238373181565, -0.16042301249740262, 0.024889480734213515]], "inverted": true, "swapped": true, "error_lsq": 0.042509808579036405, "error_max": 0.2653142954475068, "target": "871.xyz", "model": "3.xyz", "model_rescale": 3.7530521520055578, "target_rescale": 4.075231641692852},
{"mapping": [3, 8, 2, 9, 5, 4, 6, 7, 12, 11, 13], "R": [[0.2221019233818607, -0.9167578109575412, -0.332002788660601], [-0.7785544342570128, 0.03823459006380808, -0.6264112938169263], [0.5869614370031655, 0.3976093964822639, -0.7052538828678572]], "T": [-0.02199568955903073, -0.08008282324770478, 0.007356202378422379], "aligned_model": [[-0.5109190520676367, -0.17309589889327054, 0.4141811363515434, 0.5042568210111696, 0.2957306179581085, -0.23127300752286864, -0.10408779890972439, -0.6921532139520503, -0.3172125482813879, 0.2715819794597533, -0.11880943270843144], [-0.6175117065215582, 0.19144295212580703, -0.33502409692424373, 0.23859698790859718, -0.7897404871144946, 0.6293277496850607, -0.3677736134567687, -0.0066195637356543935, 0.21785245321350022, 0.3838826469352174, -0.0772299638011167], [-0.034164765696304, -0.7672418665406475, -0.33301459808260875, -0.39235717238303147, 0.13775947819758672, -0.051702274523310776, 0.40259801682618424, 0.03756252747953617, 0.7193908721189579, 0.4818291998364363, -0.10782863998748252]], "inverted": true, "swapped": true, "error_lsq": 0.043513967381625676, "error_max": 0.19033875041439594, "target": "871.xyz", "model": "4.xyz", "model_rescale": 3.7855080009869324, "target_rescale": 4.075231641692852},
{"mapping": [9, 3, 5, 2, 8, 0, 1, 14, 10, 7, 4, 6, 11, 16], "R": [[0.5980398437295468, 0.7784392336152262, 0.1907372666273659], [-0.5910629583086819, 0.5890976649093814, -0.551006824380337], [-0.5412882084687682, 0.2167863020738478, 0.8124104717480062]], "T": [0.10227758503292698, -0.13575797294020892, -0.005192401662439505], "aligned_model": [[0.33809950957965584, -0.025429553291992354, -0.042620914897336395, -0.28645383188102636, 0.7503729119063768, -0.5491895750713784, -0.6408864234930236, 0.17026348013998843, 0.6320342334346544, 0.27752292186711613, -0.33367564042292913, 0.1146448768871285, -0.20101834667906388, 0.10623672349319609], [-0.28068266624869403, 0.046139982808975466, 0.5821222207403394, -0.414740922131066, -0.08447795261624547, 0.21991279966031757, -0.20717175717570116, -0.7384832180872427, 0.2505328158709394, 0.5563247702003522, 0.3705280230395595, 0.06588124461272046, -0.44734074638248095, -0.17484769355956203], [-0.6611641025928691, -0.663235429065943, -0.3498018862365606, -0.56807967913772, 0.26434921064258166, -0.2451147310607042, 0.12015219073060068, -0.3048548708870803, -0.32315717019523443, 0.22213999910968116, 0.3120142492053462, 0.6155053863985444, 0.6606634246252916, -0.04184033694314115]], "inverted": false, "swapped": false, "error_lsq": 0.04053803709042172, "error_max": 0.20942572829286032, "target": "871.xyz", "model": "5.xyz", "model_rescale": 4.2253639853439635, "target_rescale": 4.075231641692852},
{"mapping": [4, 10, 8, 2, 0, 5, 6, 3, 1, 9, 11, 12, 7, 13], "R": [[0.40009838368112743, 0.044551371157750465, -0.9153886926894574], [-0.18383000878501413, 0.9824194710074732, -0.03253476379964441], [0.8978462069006312, 0.1812930178284905, 0.40125432139827183]], "T": [0.044044239652246506, 0.026639156237830926, -0.09906351065916384], "aligned_model": [[0.36960662858467125, -0.09920062618384178, -0.005400604913140608, -0.3016592118987859, 0.7224187380818916, -0.5165827945979462, -0.426994641039453, 0.03576925244987258, 0.6217402924639714, 0.4274685983781205, -0.5479440622215079, -0.09503380393394585, 0.08561491150286334, 0.04009769489859602], [-0.41003965176060103, 0.2519151324305219, 0.7474569484676736, -0.33546657098724514, -0.20966121820439818, 0.17743226660546255, -0.3450835717196519, -0.6779459410182177, 0.20863827440655122, 0.43116438331364426, 0.3079191240381588, 0.10068956294755668, -0.4691480126616762, -0.034173825125566985], [-0.5509839259583702, -0.8320328942975054, -0.25347139047587286, -0.5457627136288293, 0.2573531307107213, -0.3514521648894472, 0.1325882851889738, -0.018435736227351632, -0.5136107015914236, 0.1498170415748286, 0.3204424117925504, 0.8210003999075929, 0.5188832333434336, -0.09675872085650818]], "inverted": false, "swapped": false, "error_lsq": 0.0461598378360854, "error_max": 0.23839294993743337, "target": "871.xyz", "model": "6.xyz", "model_rescale": 3.89814844738969, "target_rescale": 4.075231641692852},
{"mapping": [1, 0, 8, 5, 9, 7, 3, 2, 6, 12, 4, 11, 13], "R": [[-0.6415194454606352, -0.7664521291918045, 0.03168492943386096], [-0.7251663665424222, 0.5924573665162356, -0.35089600980391417], [0.2501730239884802, -0.24808345877546262, -0.9358782268812876]], "T": [-0.06554242177429054, 0.03974545760111194, 0.09318105358210874], "aligned_model": [[0.03796792352505464, -0.08597614546877533, 0.5187144270309854, -0.302224134133371, 0.6484697384800953, -0.4220672468564399, -0.5470696011027384, 0.29889938097834273, -0.5183214675020876, -0.5946635169740557, 0.18043570701773184, -0.029110796741631223, -0.036422467348888064], [-0.3315079156650771, 0.3297179892977295, 0.30322303898034864, -0.712220298362478, -0.03528792564237745, 0.49461992605596333, -0.10902226405763649, -0.44187903896023223, -0.12150253670329486, 0.4945560880394311, 0.7318707503216492, 0.26887873380570715, 0.09233471836075263], [-0.5363609924072723, -0.7784991950661508, -0.44140587766562256, 0.10309516527175713, 0.24426359820969523, -0.25524346783234164, -0.4317947461782413, 0.013697879198062146, 0.214471684544901, 0.5360015032017303, 0.19808863114145472, 0.7807471296930404, -0.04478628127471698]], "inverted": true, "swapped": true, "error_lsq": 0.05025624122585384, "error_max": 0.2656518516039593, "target": "871.xyz", "model": "7.xyz", "model_rescale": 3.7474275329858107, "target_rescale": 4.075231641692852},
{"mapping": [11, 7, 5, 10, 4, 6, 0, 12, 9, 8, 3, 2, 1, 14], "R": [[0.8083755447832991, 0.013772956289114378, 0.5885059764109136], [-0.12603155214962505, -0.9724958239529807, 0.19587730919320337], [0.5750174140485321, -0.23251274818614057, -0.7844060144286679]], "T": [0.07821051177472615, -0.12855635111725966, -0.05347602959722898], "aligned_model": [[0.3608437035279823, -0.05086222212720909, -0.038953181442945434, -0.3423349665359867, 0.7025756421495299, -0.600148533131469, -0.5600780415409204, 0.20471659563652939, 0.5016655337422331, 0.4014332613702146, -0.3255544545821918, 0.15904613718428878, -0.211375525227683, 0.10892642254899312], [-0.2835598522164627, 0.13060802797714488, 0.5438537498731606, -0.4270682409764317, 0.004217401893818168, 0.2302494279711193, -0.2170922843391854, -0.7210901569883217, 0.29145990367515, 0.4209289455143836, 0.39059662613526375, 0.02469636634258049, -0.49774525515903606, -0.14635775897097122], [-0.5850513762379695, -0.6699593512659576, -0.2706367744373955, -0.6096194571169485, 0.3990338159629901, -0.33280651036236275, 0.08422781516283327, -0.16984835639901097, -0.5274091790698676, 0.18901784411114286, 0.23216110933475598, 0.7702767865470713, 0.5335855518024772, -0.005395663438965567]], "inverted": false, "swapped": false, "error_lsq": 0.04271109698268828, "error_max": 0.258684287815609, "target": "871.xyz", "model": "8.xyz", "model_rescale": 4.019505241142653, "target_rescale": 4.075231641692852},
{"mapping": [3, 6, 7, 0, 1, 8, 4, 5, 2, 10, 11, 9, 13], "R": [[-0.8215096325474198, -0.3667089619991344, 0.4366308060837219], [-0.49534990046208216, 0.07972877478882423, -0.865027050781002], [0.2824011326889619, -0.9269130809629295, -0.2471472043050476]], "T": [-0.06347970214271478, 0.016801006338536983, 0.030448008476021974], "aligned_model": [[-0.21810896080468425, -0.535404401498356, -0.0717593312357026, 0.44108893400604954, 0.26733124782226525, 0.7557643287670319, 0.23971571108134918, -0.4325861337766802, 0.1691533545594199, -0.4257665696441115, -0.3416412555616358, 0.4274316854859026, 0.04448216254032833], [-0.5487752672389651, -0.12072394208833387, 0.026015551737619158, -0.3624232401930136, -0.6422364869037401, -0.018146731844782105, 0.6344436087086727, -0.5647410506955098, -0.2945160286541215, 0.1120567191660009, 0.6456546800868179, 0.22782253794327695, -0.031052121909862493], [-0.4006124523707148, -0.033545458182653975, -0.6442866949222841, -0.6373300417349843, -0.0027234295122931206, -0.12504334736349076, -0.2472900293117823, 0.4140341119062225, 0.4995547372110971, 0.6213226248420364, 0.2622790629062217, 0.5331857448545244, -0.0628413342780193]], "inverted": true, "swapped": true, "error_lsq": 0.04452827221187505, "error_max": 0.30077321209788055, "target": "871.xyz", "model": "9.xyz", "model_rescale": 3.877068213659057, "target_rescale": 4.075231641692852},
{"mapping": [14, 6, 12, 13, 8, 3, 4, 2, 10, 0, 5, 1, 7, 15], "R": [[-0.28945988241233106, 0.9383883817878618, -0.1887861790476144], [0.8396289071098821, 0.15421948431457094, -0.520806729030274], [-0.45960447650050684, -0.3092629877358528, -0.8325383652405389]], "T": [0.07092844717199444, -0.03618404252105007, -0.13582350896187873], "aligned_model": [[0.38274464321205115, -0.09854297654884096, 0.046120646423471044, -0.2507050950535199, 0.6261807473659893, -0.5321489866028049, -0.45125358436808827, 0.11416078526331354, 0.5527506806219398, 0.31299359344053707, -0.3705596139762041, -0.13243353036976407, 0.013039065219278369, 0.09755399694400757], [-0.45376375558975374, 0.23372067916084266, 0.7045974799837398, -0.4762880441992334, -0.1739047063048475, 0.1413166238923611, -0.35164660755148824, -0.6975850688789778, 0.11134434624236197, 0.5602729956280377, 0.4611341112740409, 0.1351992355563949, -0.48504382952009323, 0.03434344103882638], [-0.7171318520631571, -0.6637775343094472, -0.2297518042250069, -0.6840012430828382, 0.3819127537282346, -0.22272842840043894, 0.157263467456487, -0.10365201186673145, -0.6351164984200286, 0.3325881713346281, 0.27497861860317724, 0.6901173413955601, 0.5434851693936351, -0.08660989495128166]], "inverted": false, "swapped": false, "error_lsq": 0.04464616571515725, "error_max": 0.25966296968493296, "target": "871.xyz", "model": "10.xyz", "model_rescale": 4.260839863003843, "target_rescale": 4.075231641692852},
{"mapping": [0, 3, 6, 7, 11, 4, 8, 1, 5, 10, 9, 13], "R": [[0.022609190044241778, -0.4155197290255786, 0.9093031283989148], [-0.7968388257260026, -0.5567793841003854, -0.23461586318150143], [0.603768755684781, -0.7192635624243073, -0.3436905838505703]], "T": [-0.09263556124526542, 0.015840566546825398, 0.037476690653900295], "aligned_model": [[0.3789146208930384, 0.22331733064875567, -0.23955262832469057, -0.2172353285666624, -0.724136613292288, -0.49121715576229696, 0.34534601473080806, 0.6250303375504498, 0.2586183401725137, -0.26553647467631286, 0.07647611972962998, -0.011125914008814325], [-0.0454278679192733, -0.5644885226809171, -0.4395230231381928, -0.22083468164631279, 0.23430000542370547, 0.48994309486684656, 0.561864017145935, -0.11015689235054449, -0.4511946208282855, 0.0007689399309904407, 0.6793686748012083, 0.03845938192777443], [-0.7487895916890893, -0.26746882591171356, 0.16701654423832787, -0.5821038972852312, 0.32042249008279716, -0.3710667778408347, -0.4170452767223166, -0.0806204916628411, 0.5666910623502845, 0.7152202687583261, 0.30091738188714706, -0.08699480880935162]], "inverted": true, "swapped": true, "error_lsq": 0.03888531300600726, "error_max": 0.20669101305666118, "target": "871.xyz", "model": "11.xyz", "model_rescale": 3.890672605050136, "target_rescale": 4.075231641692852},
{"mapping": [3, 8, 8, 7, 2, 5, 12, 4, 0, 6, 9, 11, 10, 13], "R": [[0.5453475947124803, 0.18279152025933446, -0.8180362223414035], [-0.7530830891007148, -0.32167616124927634, -0.5739253507159752], [-0.3680514391383869, 0.9290380548746167, -0.03776811807532135]], "T": [0.11291684921129284, 0.09385301814361213, 0.02087733268749503], "aligned_model": [[0.3381396991191812, 0.0502741071096362, 0.0502741071096362, -0.40156839395238153, 0.4665544815778794, -0.6277939014249431, -0.45773748457885366, 0.3704720716868033, 0.5879055359600468, 0.2282649121903546, -0.4671849863505576, 0.20921462241123673, -0.08381226576529112, 0.04689786647861864], [-0.2963447969858445, 0.40137425116464837, 0.40137425116464837, -0.32394237484846006, -0.3486852089264685, 0.200633123517162, -0.377650586461768, -0.5527166151196672, 0.05557704918384418, 0.655546721132134, 0.42641565347686516, 0.10592710583993772, -0.5569313168242822, -0.04688035558053799], [-0.7854002181283531, -0.6277347423938588, -0.6277347423938588, -0.5155144219450835, 0.45060338056278143, -0.191060806455457, 0.10555394643491925, -0.0607931059211015, -0.327856430243628, 0.07791549825738514, 0.41925450319225055, 0.5624889270780562, 0.601668094600499, -0.04381362805175837]], "inverted": false, "swapped": false, "error_lsq": 0.05488165500735014, "error_max": 0.42528472015468377, "target": "871.xyz", "model": "12.xyz", "model_rescale": 4.124412569039231, "target_rescale": 4.075231641692852},
{"mapping": [4, 9, 10, 0, 11, 12, 8, 3, 2, 1, 6, 5, 13], "R": [[0.8131648426003013, -0.051902619621748594, -0.5797146339667714], [0.08805346410856785, -0.9735816100690003, 0.21067851336558857], [-0.5753342734596201, -0.22236224187539888, -0.7871121312563022]], "T": [0.1472918355632636, 0.06346803415427144, 0.0334017562885866], "aligned_model": [[-0.1847725719976823, -0.06395286283804916, 0.7318908876664195, -0.6248826675247628, 0.5552758167354103, 0.5583575585949483, -0.6605260962888547, 0.05183462305117609, 0.10550695879994665, -0.22740078588272225, 0.5330773525792633, 0.586792301070171, 0.006097793544493885], [-0.25285286190199296, 0.6243476097069465, 0.415243147022186, -0.21584160829836802, -0.029249979132939807, -0.6006098608124604, 0.24657155257311808, -0.20040839036053515, 0.656147016937594, 0.3590494429994733, -0.12856546633522922, 0.43664684217922123, 0.03700793193146361], [0.616687775704657, 0.4565554966814078, 0.1881804877176343, -0.37898243654595715, 0.6263004590231711, 0.30347084802515867, 0.13569045970687887, -0.6380571053986125, -0.10107205429370783, -0.5297178727362155, -0.21157552148869563, -0.5043211637901508, -0.011461291637729396]], "inverted": true, "swapped": true, "error_lsq": 0.0633044188643239, "error_max": 0.3660196016619649, "target": "871.xyz", "model": "13.xyz", "model_rescale": 3.9028299243045295, "target_rescale": 4.075231641692852},
{"mapping": [0, 3, 6, 4, 12, 7, 10, 5, 2, 1, 9, 14, 13, 15], "R": [[0.47138648064021776, 0.23429165064426435, -0.8502365602042855], [-0.7939017270305347, 0.5325774896377327, -0.2933960895259258], [0.38407659872421773, 0.813307223605912, 0.437054374583849]], "T": [0.1354342590545688, -0.02838290971547429, -0.09173316096183633], "aligned_model": [[0.3105825654739933, -0.04624500301422277, 0.019044357111784205, -0.25357047227848, 0.5909981660233288, -0.7348392118201545, -0.5061843899516689, 0.18076391556888516, 0.7369286664832213, 0.46488015254053017, -0.35727919773183286, -0.23881307190839157, 0.09883267161344478, 0.044801223460928546], [-0.34900943077708907, 0.15637429892939742, 0.6069707839735541, -0.432072943824796, -0.1999846569111004, 0.2003305063324623, -0.33304636447482716, -0.5346165132487034, 0.1661446165158822, 0.508605026333063, 0.4878431267867681, -0.009383720958811528, -0.5608723687364837, 0.03641454079289548], [-0.8358689778629329, -0.6587841858494082, -0.2566189908281231, -0.4726175912606157, 0.4055139164430022, -0.19633820409320574, 0.1337846667824023, -0.030295431924964, -0.46924248392770324, 0.06735208520000811, 0.21090455182763462, 0.7099080423683328, 0.49798427274988316, -0.06810541503151786]], "inverted": false, "swapped": false, "error_lsq": 0.040596537992542404, "error_max": 0.26659698645583924, "target": "871.xyz", "model": "14.xyz", "model_rescale": 3.942246331269136, "target_rescale": 4.075231641692852},
{"mapping": [9, 5, 3, 2, 11, 1, 0, 6, 10, 4, 12, 13, 8, 14], "R": [[-0.7341102362668983, -0.43696871466691223, -0.5197504241561572], [-0.49419153243826797, 0.8687501127324324, -0.03237237856108682], [0.46567895622894, 0.23309136412517023, -0.8537045892437221]], "T": [0.0853259472268877, -0.03248850265640341, -0.08236155441725358], "aligned_model": [[0.4110855290626274, -0.20648023770114365, -0.12182026903078157, -0.3864614160905133, 0.5748497294274566, -0.6220741215514798, -0.5260780220703413, 0.38232782970183654, 0.7490368631028532, 0.43372341632905975, -0.4466100049741689, 0.1297231047613433, -0.05122247191384553, -0.010099557481536639], [-0.4156412573417094, 0.13679631822583446, 0.6407645909689913, -0.37392276969990074, -0.18453135638671056, 0.3398160389569612, -0.4409027289356889, -0.5038214858669148, 0.08949440723357541, 0.4229259051720067, 0.38419529358344257, 0.32038670779280165, -0.6185040920795097, -0.05335867089096773], [-0.711040301912051, -0.619922116629299, -0.2250803251329968, -0.5758058205121902, 0.4189970616911607, -0.21508648337576475, -0.07233713580353303, -0.033122443106859634, -0.31389666165808244, 0.039625730117259325, 0.3775243171529155, 0.6486909914086987, 0.4042401147856451, -0.08521067243210967]], "inverted": true, "swapped": false, "error_lsq": 0.04731847851449061, "error_max": 0.2906022205236297, "target": "871.xyz", "model": "15.xyz", "model_rescale": 4.355366556412066, "target_rescale": 4.075231641692852},
{"mapping": [3, 1, 0, 12, 7, 6, 4, 10, 8, 5, 9, 13], "R": [[-0.2976389912757724, -0.7887481392824962, 0.5378544446695046], [-0.19801087976638648, -0.5001326851971895, -0.8430059244700425], [0.9339179419876689, -0.3574124647740331, -0.00732172504729256]], "T": [-0.050452712230720266, 0.13114592572530398, 0.010904459159323261], "aligned_model": [[-0.17559643443660075, 0.43765551203549785, 0.1384151070415248, -0.8498037591594079, -0.4072178435276611, -0.3937163542079768, -0.19534962585384696, -0.061391070788241305, 0.5125807109313032, 0.08445972146735825, 0.5049896386530989, 0.0027829524767325406], [-0.5763402007507632, -0.41551716304240155, -0.589930216088586, 0.3226888258483203, -0.27705769227854943, -0.006178456700001861, 0.43973537929921364, 0.5781110616455956, -0.010189605206738062, -0.08236277668043682, 0.596195792707594, 0.03362147898773342], [0.12667267331983031, 0.09908878427802423, -0.526409421767088, -0.07430712886073204, -0.3909771495441236, 0.3411063415960216, -0.6481294504859486, 0.5490129584786986, -0.5887432044105451, 0.7577522950324636, -0.1052063712901081, -0.09060186513707172]], "inverted": true, "swapped": true, "error_lsq": 0.04642974422692039, "error_max": 0.3491187396363687, "target": "871.xyz", "model": "16.xyz", "model_rescale": 3.795458400668931, "target_rescale": 4.075231641692852},
{"mapping": [1, 0, 8, 5, 9, 7, 3, 2, 6, 12, 4, 11, 13], "R": [[-0.6415194454606352, -0.7664521291918045, 0.03168492943386096], [-0.7251663665424222, 0.5924573665162356, -0.35089600980391417], [0.2501730239884802, -0.24808345877546262, -0.9358782268812876]], "T": [-0.06554242177429054, 0.03974545760111194, 0.09318105358210874], "aligned_model": [[0.03796792352505464, -0.08597614546877533, 0.5187144270309854, -0.302224134133371, 0.6484697384800953, -0.4220672468564399, -0.5470696011027384, 0.29889938097834273, -0.5183214675020876, -0.5946635169740557, 0.18043570701773184, -0.029110796741631223, -0.036422467348888064], [-0.3315079156650771, 0.3297179892977295, 0.30322303898034864, -0.712220298362478, -0.03528792564237745, 0.49461992605596333, -0.10902226405763649, -0.44187903896023223, -0.12150253670329486, 0.4945560880394311, 0.7318707503216492, 0.26887873380570715, 0.09233471836075263], [-0.5363609924072723, -0.7784991950661508, -0.44140587766562256, 0.10309516527175713, 0.24426359820969523, -0.25524346783234164, -0.4317947461782413, 0.013697879198062146, 0.214471684544901, 0.5360015032017303, 0.19808863114145472, 0.7807471296930404, -0.04478628127471698]], "inverted": true, "swapped": true, "error_lsq": 0.05025624122585384, "error_max": 0.2656518516039593, "target": "871.xyz", "model": "17.xyz", "model_rescale": 3.7474275329858107, "target_rescale": 4.075231641692852},
{"mapping": [3, 11, 7, 10, 0, 12, 5, 8, 1, 2, 9, 6, 4, 13], "R": [[0.42068936301427035, -0.09499612703953035, -0.9022173771847544], [0.4998199528863095, 0.8542236599607891, 0.1431151755053321], [0.7571000426253951, -0.5111532789787072, 0.40684376712190284]], "T": [0.026261077006220924, 0.002587080611782845, -0.12396964633880538], "aligned_model": [[0.3613876701058457, -0.011667533483757413, -0.11449682513512878, -0.3242268977082967, 0.7057303797932394, -0.6728354182707887, -0.5732665160385566, 0.16223846828250804, 0.616071166185098, 0.4357167746036639, -0.36556061703041876, 0.06673956825016823, -0.07371276622444305, 0.09778291824223218], [-0.35002948778617077, 0.17468330661773812, 0.707599741862327, -0.42427945459836847, -0.21883437012794796, 0.23981616033160458, -0.3745151813333136, -0.7010219097414897, 0.22511682506618744, 0.4520163633350349, 0.27031921388303215, 0.1675593823351911, -0.4526545699706923, 0.027920880859078973], [-0.5971935928989136, -0.824455885537593, -0.3488332549941168, -0.5379533551507016, 0.31012296878302004, -0.24323144801976437, 0.02293333485668049, -0.06653282039547727, -0.40879062229657986, 0.24235271899743377, 0.34775000637068176, 0.6284560595425304, 0.5630427933340437, -0.05009064799845135]], "inverted": false, "swapped": false, "error_lsq": 0.037446873103808356, "error_max": 0.24237615132791676, "target": "871.xyz", "model": "18.xyz", "model_rescale": 3.922800546911778, "target_rescale": 4.075231641692852},
{"mapping": [10, 11, 13, 9, 1, 7, 3, 2, 6, 8, 12, 5, 0, 14], "R": [[-0.21762733744023505, -0.836008600940139, -0.5037141661227978], [-0.41307761888870786, -0.3886943298110371, 0.8235797464398844], [-0.8843105918012685, 0.38730651572993224, -0.26074593017193987]], "T": [0.10335468689964697, 0.059866911412407374, -0.06065297996989212], "aligned_model": [[0.38143617260240237, -0.13975634002158308, -0.11375914539239754, -0.2727096696338882, 0.6548060458961841, -0.6546186024617168, -0.41860341633928466, 0.1392706105852527, 0.7709981858750455, 0.425684522395979, -0.47238253399929875, 0.07441809824715498, -0.07768209532209444, 0.01279853913961071], [-0.2701266348510501, 0.17891672193168365, 0.6537560292643685, -0.5191802947692169, -0.3113565573572524, 0.09954578884760604, -0.2242072079529561, -0.6391842285401576, 0.09801225377649594, 0.5306432955950454, 0.4322659673480439, 0.15583707096164348, -0.489889922172891, 0.04866461865084879], [-0.7421040743245213, -0.7194152921686351, -0.32892717989352754, -0.49195695476407036, 0.2650425202006498, -0.3098779754235027, 0.1760131915779552, -0.21285847574654077, -0.22966440871045107, 0.16039843320461705, 0.32465162703126793, 0.6959751469848, 0.5422033404630467, -0.09190364383829558]], "inverted": false, "swapped": false, "error_lsq": 0.03504717256814808, "error_max": 0.21798400976082602, "target": "871.xyz", "model": "19.xyz", "model_rescale": 3.9282355846067225, "target_rescale": 4.075231641692852},
{"mapping": [12, 2, 1, 7, 11, 5, 6, 9, 10, 0, 3, 4, 8, 13], "R": [[0.24312490854630886, 0.32053233841990325, -0.9155049420245736], [0.36927911507831934, 0.8421666942269427, 0.3929226314452208], [0.8969521804485023, -0.4336061336765569, 0.08638580222898647]], "T": [-0.04675533938583469, -0.10792543411362485, -0.05040244731280359], "aligned_model": [[0.3746181323064587, -0.08779991737305443, -0.04340986919543417, -0.2701355289866218, 0.5939521468435724, -0.6095187572322731, -0.6721396238721596, 0.40597367998833883, 0.6237595171821377, 0.3433694989602158, -0.35751670688912396, 0.03666542939018812, -0.04348508114694845, 0.015567451596069905], [-0.6350898821297347, 0.30519432663736434, 0.6249064004936076, -0.4054916615656282, -0.033517415424861335, 0.24927579703916278, -0.22893819797211287, -0.6283829430326173, 0.1358042856578617, 0.5130444024947904, 0.4655418851652632, -0.00576193234416103, -0.6479658254682654, 0.03507766118154232], [-0.5674482744591213, -0.7619947577369498, -0.20675815178825802, -0.5500557346566595, 0.2615599465271613, -0.2587165568813098, 0.09483687848403898, 0.0004428244842948209, -0.5333517198179079, 0.2695913975105375, 0.32498758362585684, 0.5676359327113097, 0.48529080469319613, -0.08844391810339658]], "inverted": true, "swapped": false, "error_lsq": 0.04663206370486567, "error_max": 0.27656240119514586, "target": "871.xyz", "model": "20.xyz", "model_rescale": 4.067790424073018, "target_rescale": 4.075231641692852},
{"mapping": [9, 1, 5, 10, 0, 13, 11, 12, 7, 8, 6, 2, 3, 14], "R": [[-0.34834336508488195, -0.2990508345976841, 0.8883836436628993], [0.8799597901200373, -0.4309003721693938, 0.19998909229299905], [0.32299793772289087, 0.8514067580132934, 0.4132539953056147]], "T": [0.0054917299578575544, 0.06734509778359807, 0.009232461137849257], "aligned_model": [[0.25593319395072345, 0.17473172776588655, -0.1503563115227843, -0.31101679693425266, 0.6340017470597684, -0.5501787612758674, -0.4726883098706231, 0.07627573194187302, 0.6588190818722456, 0.37260446283913423, -0.4908506250846116, 0.20455954286954678, -0.07553942262963191, -0.01639488941004135], [-0.34531858469642984, 0.28144356676029664, 0.6051256534185556, -0.28585855610345035, -0.08184870507242656, 0.1472295640138617, -0.366651851516262, -0.6901245861744676, 0.08547687602144184, 0.4895070530774702, 0.23598730315526653, 0.15523483487618894, -0.5066191730150951, 0.020113505987261762], [-0.5998961441205338, -0.764605228563674, -0.17776909715910813, -0.6588665980136309, 0.304485568001896, -0.4090644218344895, 0.041212947175357006, -0.0815594429355992, -0.35062663221294155, -0.10110983167840734, 0.5314976962948977, 0.7208287873757551, 0.631923383512415, -0.048874731249143745]], "inverted": true, "swapped": false, "error_lsq": 0.04918722768038188, "error_max": 0.26327583476615574, "target": "871.xyz", "model": "21.xyz", "model_rescale": 4.186013935880536, "target_rescale": 4.075231641692852},
{"mapping": [9, 4, 11, 5, 1, 10, 2, 8, 12, 7, 0, 6, 13], "R": [[0.8383096072181233, -0.11904478545785899, -0.5320388533754735], [-0.12066304900854471, 0.9111570268047902, -0.39399657499554075], [0.5316741775277013, 0.3944885442690923, 0.7494673824728433]], "T": [0.05924798955926873, -0.01851661057197811, 0.011931850776494828], "aligned_model": [[-0.12335777850076314, -0.3177588239851942, 0.43654774572344585, 0.5460176233477273, -0.2702398858656656, 0.6632507283807948, 0.06860971860278729, -0.7351530345951695, 0.40723028568504344, -0.2560727275166136, -0.716462047987518, 0.43777618127452694, -0.0818139491401763], [-0.5112427687574912, 0.36734818041589384, 0.21117827320941646, -0.443164585345072, -0.4391311448773066, -0.287603936616782, -0.6270279995758388, -0.24703601027479083, 0.7146568869580383, 0.516359778482945, 0.1183555218048641, 0.15848743131255116, -0.012222967190334017], [-0.5000694923801381, -0.4975016445041165, -0.5637951547985949, 0.4639257023500247, 0.52123313674884, -0.21660904253164065, 0.03883548944545911, -0.10324447104372986, -0.14387809001375496, 0.27631882830970755, 0.48507878262096876, 0.2785911358389832, 0.0639943812933376]], "inverted": true, "swapped": true, "error_lsq": 0.0510540922133909, "error_max": 0.3237040893362042, "target": "871.xyz", "model": "22.xyz", "model_rescale": 4.166573947596378, "target_rescale": 4.075231641692852},
{"mapping": [4, 0, 7, 1, 9, 5, 6, 2, 8, 10, 13, 14, 12, 15], "R": [[-0.14375596962411336, 0.9283380421874694, -0.3428158406855899], [0.6773309283259199, -0.16025966747550469, -0.7180108999965034], [-0.7214963858056249, -0.3354181247460808, -0.6057537840255263]], "T": [0.14919529648233093, -0.14375433586974953, 0.005190035756152428], "aligned_model": [[0.38958174241652727, -0.007771131240093099, -0.00706872042424514, -0.33054609350861835, 0.6699773093052748, -0.5489253534718719, -0.5124207742198845, -0.010047937118726535, 0.7612867585118483, 0.1445346342833008, -0.34434149502367584, 0.08178129234129844, -0.06952081564530554, 0.09338095536553676], [-0.32761187291940547, 0.13098024932581961, 0.49489863757298413, -0.29963431191966994, -0.07681138908188057, 0.259187443499876, -0.5188528570155494, -0.7351439974134498, 0.17130475434187512, 0.5702026771300683, 0.47126668647020575, 0.1774720778129795, -0.42922539176438, -0.14433580530726123], [-0.6643353752968965, -0.7475637162129058, -0.27604578021185733, -0.4984454402216323, 0.29631527217088494, -0.19810153255721225, 0.031130475028818355, -0.27357348402467974, -0.4192636743310342, 0.2314308254478505, 0.31338431929434063, 0.7250835740091716, 0.5529590507354528, -0.03539825923750877]], "inverted": true, "swapped": false, "error_lsq": 0.04436584910051809, "error_max": 0.30929051805395075, "target": "871.xyz", "model": "23.xyz", "model_rescale": 4.274766983524099, "target_rescale": 4.075231641692852},
{"mapping": [8, 7, 3, 2, 6, 10, 9, 11, 4, 12, 13], "R": [[-0.8991934917243901, 0.3690121494198255, -0.23511932719591516], [0.370955882720267, 0.9278888728207677, 0.03760282929026697], [0.23204050835086315, -0.05340667819632465, -0.9712388631064489]], "T": [-0.13286141687276837, 0.08514531481661161, -0.014368982457030506], "aligned_model": [[0.33727822565776144, 0.23215944168928587, -0.3620194262472132, -0.479836831898746, -0.42801388550065234, -0.5674713126696588, -0.014340883737468071, 0.02966628318380246, 0.5872373427744877, 0.10631675641094346, -0.061081005704467506], [-0.30596071344114795, 0.6049457233721106, 0.5924178686443203, -0.3754673610103184, 0.4502924841498601, -0.15246671219993568, -0.6378624594177447, -0.006751227247836264, 0.019028988283292247, 0.6319891520799195, 0.09542078803096367], [-0.5823165852408579, -0.24237707037275938, -0.48315572783942856, -0.21068908465450847, 0.14460825511962022, 0.47970894717394513, 0.024127127804292797, 0.6868558052225505, 0.15186780112923595, 0.5571792767636864, -0.14624231108419938]], "inverted": true, "swapped": true, "error_lsq": 0.047513302285397296, "error_max": 0.2363614246991243, "target": "871.xyz", "model": "24.xyz", "model_rescale": 3.7841303162186577, "target_rescale": 4.075231641692852},
{"mapping": [14, 9, 8, 12, 11, 2, 5, 13, 10, 0, 4, 6, 3, 15], "R": [[-0.557379511108027, -0.7833489341299537, 0.2751227507757996], [0.11663390981148117, 0.2542079686133795, 0.9600910580645705], [-0.8220247025966219, 0.5672237266642899, -0.05032526433125717]], "T": [0.11737240393429113, 0.1219473378430379, -0.061456850983148514], "aligned_model": [[0.28920885187915824, -0.010022584706041338, -0.13475323581295132, -0.2694895114360448, 0.6356833075867657, -0.5770140731234048, -0.6564207305255262, 0.2288197177801348, 0.7755211243150071, 0.41083069539888917, -0.4616334809074635, 0.13622579713623495, -0.17164945582955324, 0.11459394981616157], [-0.3486956171856954, 0.06422805381014354, 0.6283661281699785, -0.43557841873666214, -0.3263104250760179, 0.22458094111824278, -0.28460468114341864, -0.6522846517879758, 0.16869273188331746, 0.7858269252198382, 0.20546332595340827, 0.04822280201123244, -0.4361644047017048, 0.10195419119752501], [-0.6764905137611095, -0.6294178616574584, -0.2330099163148558, -0.40009352297004935, 0.2847314710331278, -0.3372951947379131, 0.011333164572353366, -0.07347016607884795, -0.47365854345231356, 0.05885970642555441, 0.4016647398619778, 0.6570385871542046, 0.44250697216834606, 0.00487733234977604]], "inverted": true, "swapped": false, "error_lsq": 0.0419571888891463, "error_max": 0.2353876697117976, "target": "871.xyz", "model": "25.xyz", "model_rescale": 4.19342608120988, "target_rescale": 4.075231641692852},
{"mapping": [3, 1, 0, 12, 7, 6, 4, 10, 8, 5, 9, 13], "R": [[-0.2976389912757724, -0.7887481392824962, 0.5378544446695046], [-0.19801087976638648, -0.5001326851971895, -0.8430059244700425], [0.9339179419876689, -0.3574124647740331, -0.00732172504729256]], "T": [-0.050452712230720266, 0.13114592572530398, 0.010904459159323261], "aligned_model": [[-0.17559643443660075, 0.43765551203549785, 0.1384151070415248, -0.8498037591594079, -0.4072178435276611, -0.3937163542079768, -0.19534962585384696, -0.061391070788241305, 0.5125807109313032, 0.08445972146735825, 0.5049896386530989, 0.0027829524767325406], [-0.5763402007507632, -0.41551716304240155, -0.589930216088586, 0.3226888258483203, -0.27705769227854943, -0.006178456700001861, 0.43973537929921364, 0.5781110616455956, -0.010189605206738062, -0.08236277668043682, 0.596195792707594, 0.03362147898773342], [0.12667267331983031, 0.09908878427802423, -0.526409421767088, -0.07430712886073204, -0.3909771495441236, 0.3411063415960216, -0.6481294504859486, 0.5490129584786986, -0.5887432044105451, 0.7577522950324636, -0.1052063712901081, -0.09060186513707172]], "inverted": true, "swapped": true, "error_lsq": 0.04642974422692039, "error_max": 0.3491187396363687, "target": "871.xyz", "model": "26.xyz", "model_rescale": 3.795458400668931, "target_rescale": 4.075231641692852},
{"mapping": [11, 7, 12, 10, 5, 8, 4, 9, 0, 6, 2, 1, 13], "R": [[-0.45501959785465146, -0.8671925758929333, 0.20232202520825612], [-0.6535912047928896, 0.1709262184598207, -0.7372942186538591], [0.604793933985428, -0.46771921508444, -0.6445642196517155]], "T": [-0.06209900580967353, -0.06427515597227305, -0.09810352508385563], "aligned_model": [[0.021739851029900913, 0.3664520937267807, 0.6023080773779207, -0.14715403111462175, -0.02491094513107392, -0.6046576942288135, -0.1133772434645896, -0.755492163277301, -0.04528393854956999, 0.34350898310789774, -0.5427656498504284, -0.3118025607780666, -0.08888839602677862], [-0.5978633483954104, -0.18048918232107058, -0.5177549886837123, -0.006973562379618645, 0.620724132937183, -0.17998871412328876, -0.7574192775764937, -0.2639997707702364, 0.12130062007511967, 0.1314311136619134, 0.2793007528399304, 0.522669497766155, -0.049055769773556857], [-0.5826972905986393, 0.4100880089274132, -0.28739447225403203, -0.7901587306115971, -0.4866418668909656, 0.5254348702111925, 0.1616464114424186, -0.23071316388935376, 0.8016780856103759, -0.3052325004321523, -0.2464704030660681, 0.2733944621220416, 0.049203251528792]], "inverted": false, "swapped": true, "error_lsq": 0.05593523496022322, "error_max": 0.3712302666068879, "target": "871.xyz", "model": "27.xyz", "model_rescale": 3.6321398670334006, "target_rescale": 4.075231641692852},
