[{"mapping": [12, 10, 0, 13, 4, 11, 6, 2, 3, 7, 1, 5, 9, 14], "R": [[-0.7346752397429521, -0.08030498913617423, 0.6736493159118289], [-0.6065456383400519, 0.5225535581987015, -0.599199605661198], [-0.3038991291848249, -0.8488161682801024, -0.4326158015456554]], "T": [-0.001556768614823241, 0.11946487415744955, 0.09330613402719878], "aligned_model": [[0.10116027774297259, 0.04544201586571083, -0.30783828601223157, -0.5545784924607207, -0.6468352137134721, 0.17718003257454007, -0.555222479751906, -0.06679994282801707, -0.397189212193546, 0.32847401005373816, 0.4974233969473413, 0.17015425540906068, 0.5695339511119314, 0.0105877883829022], [-0.7446455164498829, -0.4538996738885823, -0.31796369720073736, -0.37267732752427474, 0.15686638664624492, 0.31643238003387936, 0.30154342738417605, 0.4293941952171133, 0.7177299914732699, -0.056070914078220485, 0.6230342780340504, 0.84490189150003, -0.23758285302551024, 0.02821076368847894], [0.26246613485043324, -0.3801753692105724, 0.6359630784389884, -0.20304714703703447, 0.47951635311034796, -0.5853181878205432, -0.25406606040454227, 0.5373760692196886, 0.17339977737726814, 0.6204957723803812, 0.4974974178733381, 0.0016545525254008098, -0.04767298149918747, 0.15949867737586693]], "inverted": false, "swapped": true, "error_lsq": 0.054082695605520745, "error_max": 0.36105381112022417, "target": "872.xyz", "model": "0.xyz", "model_rescale": 3.8414455957264533, "target_rescale": 4.353536395721796},
{"mapping": [5, 1, 4, 7, 2, 0, 9, 3, 11, 12, 8, 13, 10, 6, 14], "R": [[-0.8936249658739449, 0.2529603531922694, -0.37073640242041644], [0.15949716281952359, -0.5931253892687256, -0.7891532979449207], [-0.41951766997268786, -0.7643384932853146, 0.48968519710424374]], "T": [0.032411042603520464, 0.005762911899020607, -0.04636313835905625], "aligned_model": [[0.24141588753424276, -0.7461238033494337, -0.20383827060020987, 0.046625413701652386, 0.3952045306284931, -0.5329818073660331, 0.46519445686006256, -0.36950864586088394, -0.5845749368028851, -0.07493828809070516, 0.4649993437599497, -0.07054378744217782, 0.21448312931012098, 0.755346965503585, -0.02622509491483213], [-0.6159278718218089, -0.3414798946927379, -0.18066565238433324, 0.3818893304346775, -0.2756502581941297, 0.35080430201542184, 0.5089718408239425, -0.6541861371772827, 0.2156455258105962, 0.043018777425789065, 0.3017376799396189, 0.7045571577239909, -0.44696260903337953, -0.28904573878719336, -0.04881280403206287], [-0.11070852836144135, 0.10129802131412982, -0.49940605826643525, -0.5672104010656448, -0.6241106960027283, -0.34097259818174097, -0.20444213819181167, -0.17405299186361212, 0.5027661649234554, 0.708208041550716, 0.5448802090762273, 0.22919793583594317, 0.4335021118406024, -0.06824200132878472, -0.005776272565711428]], "inverted": true, "swapped": false, "error_lsq": 0.05293050454810784, "error_max": 0.35092722425844824, "target": "872.xyz", "model": "1.xyz", "model_rescale": 4.316132596720782, "target_rescale": 4.353536395721796},
{"mapping": [7, 2, 0, 10, 12, 9, 13, 11, 4, 8, 6, 14], "R": [[0.2431066492473523, -0.19875383306194938, 0.9494188069207958], [-0.4908280913371249, -0.8694336331475924, -0.05632887630809319], [0.8366522227581061, -0.45230749650537544, -0.3089190618251972]], "T": [0.09006057246548618, 0.007423281825345558, 0.061796251563930045], "aligned_model": [[-0.04477371477011666, 0.515668310765265, 0.048784033589419545, -0.5522083857238259, -0.6142381343529595, -0.5196999454687038, -0.14346421936515572, -0.048013589672492335, 0.5504982479632968, -0.018801726734103547, 0.3937256618452324, 0.030332016555924296], [-0.6242160054095425, -0.3336702072637341, -0.4207563812713486, 0.350119804112471, -0.29325103485099785, -0.1320774159737699, 0.4341350799050666, 0.5800539034604913, -0.08676539576784593, 0.04436498242158443, 0.5637299008532008, -0.06889080247459467], [0.08445829944411214, 0.06672047497114728, -0.5663654359870357, -0.09691796823285731, -0.3847582820729168, 0.34856177728368976, -0.5700624778204048, 0.49110233070739717, -0.5264784446155436, 0.7805009686744142, -0.18043549659510028, 0.0029327154525192745]], "inverted": true, "swapped": true, "error_lsq": 0.04570258117748727, "error_max": 0.2798673341685663, "target": "872.xyz", "model": "2.xyz", "model_rescale": 3.795458400668931, "target_rescale": 4.353536395721796},
{"mapping": [12, 0, 7, 3, 10, 11, 2, 13, 4, 6, 9, 14], "R": [[-0.7838258313543609, -0.5560346807075798, 0.2764823682480765], [0.2854426620359402, -0.7180246507578456, -0.6347937362591962], [0.551488488358081, -0.4186478648631733, 0.7215222882586685]], "T": [-0.02538517805634017, 0.11070009206546423, 0.1791733992164934], "aligned_model": [[-0.19156226960792216, -0.09036419365356724, -0.5996106688791201, 0.23500879697701044, 0.2273280566944083, 0.22740645692721556, -0.24095211733060778, 0.6052366395807844, 0.26640073068812625, 0.6229410326084475, -0.3960068117956161, -0.07252182646559396], [-0.10978311706308623, -0.5730053599252005, -0.14782747968410365, -0.08200869468290566, 0.4191638574547068, 0.7884934579706296, -0.22913805647249774, -0.05624262137329182, -0.5650128591369313, 0.09731418150378564, 0.4941823228525988, 0.049633413846005725], [-0.6632190232223458, -0.14938902211059552, 0.033947289505931955, 0.824091590920196, -0.4502125324905007, 0.26842895977818954, 0.5473471227031019, -0.27942064181425763, 0.3379640450529165, 0.37882234777837465, -0.25566425317126246, 0.09607554770935205]], "inverted": true, "swapped": true, "error_lsq": 0.04737872803217282, "error_max": 0.25931134562604424, "target": "872.xyz", "model": "3.xyz", "model_rescale": 3.7530521520055578, "target_rescale": 4.353536395721796},
{"mapping": [4, 12, 13, 10, 6, 9, 3, 7, 1, 11, 14], "R": [[-0.4789953705192172, -0.8224334654664793, -0.30686581742180885], [0.48379480276446823, 0.0443593382801889, -0.8740565416066819], [0.73246571512887, -0.5671291246163795, 0.3766411185367471]], "T": [-0.09914276300270905, -0.04257167417905419, 0.10556405821665647], "aligned_model": [[-0.3416110768907074, -0.2474357356101483, 0.3290066849989781, 0.3788400785356313, 0.3488605854338067, -0.06618196155759315, -0.12048450212868783, -0.6757760688338771, -0.621681808808195, 0.516929284342798, -0.16226587703680068], [-0.7383615205755886, 0.24108602759974637, -0.38465262528379873, 0.2389014401459368, -0.5462885389846018, 0.6164832215506941, -0.5846899781388447, 0.2127389587203006, 0.2245305437153803, 0.2081917547188691, -0.02073592515374727], [-0.04944266609371585, -0.7211161502940838, -0.4736862451810053, -0.3918751980891782, 0.18255808784579058, -0.08953343187967534, 0.5814983471651525, -0.03576022823759652, 0.6726119352842254, 0.40363610970885305, 0.013940217016550294]], "inverted": true, "swapped": true, "error_lsq": 0.050269860425768, "error_max": 0.2321911846637817, "target": "872.xyz", "model": "4.xyz", "model_rescale": 3.7855080009869324, "target_rescale": 4.353536395721796},
{"mapping": [6, 15, 8, 10, 7, 9, 5, 13, 14, 12, 1, 2, 11, 4, 16], "R": [[-0.9690735612245931, -0.057997261889653345, -0.23985985605930005], [0.2439935953291299, -0.3706371530792761, -0.8961558046431737], [-0.036926391292000774, -0.9269651656726872, 0.3733256263043803]], "T": [0.015883772885204955, 0.020010443880128636, -0.004440506380011399], "aligned_model": [[0.33967788375030017, -0.7558114592247792, -0.29875449582135627, -0.18100050889453856, 0.43471792846522217, -0.4474495037063221, 0.48529158298005604, -0.3118577678315245, -0.5290200853341237, -0.12322869751650561, 0.50597726093481, -0.08912841777064384, 0.22137190366373632, 0.7483621870044407, -0.024612717827825592], [-0.5411511231837316, -0.0869526063905239, -0.4299527514252972, 0.2036437868183714, -0.15791019774150014, 0.543973641809367, 0.483742270059463, -0.5968669128405798, 0.2014210293882291, -0.1473876759211805, 0.12576128061083403, 0.634655077243144, -0.5520011417967771, -0.07518652781431766, 0.04810549923560814], [-0.0840152353238014, -0.2734451184248079, -0.4447196867865907, -0.6815517594423754, -0.5996645543488669, -0.13747757364988064, -0.47317534168632747, 0.1876934264098386, 0.3531449845115617, 0.6403004129634662, 0.5627711582492496, 0.39175401916318126, 0.5084080114699255, -0.042039619333967736, 0.016947674942558562]], "inverted": false, "swapped": false, "error_lsq": 0.03807035123014884, "error_max": 0.22267543103072485, "target": "872.xyz", "model": "5.xyz", "model_rescale": 4.2253639853439635, "target_rescale": 4.353536395721796},
{"mapping": [6, 10, 0, 4, 13, 7, 2, 3, 9, 11, 12, 1, 5, 14], "R": [[0.18385121824283257, -0.8382499384630743, 0.5133573513813535], [0.5542750968169022, -0.3428997064350159, -0.7584186893631997], [0.8117745047728709, 0.42397739561612496, 0.4015785370351955]], "T": [0.059749701257222294, 0.019898643173881424, 0.03229657621051421], "aligned_model": [[0.5203816287423204, -0.2394942145782591, -0.4652995372732586, 0.10379349769069796, -0.07982435628745671, -0.4110503890287342, 0.15101548814202206, 0.6478385802346125, -0.34397179717543863, 0.473104427529989, -0.7828244534700513, 0.17739137490484616, 0.6735460325549167, -0.05054412922842267], [-0.3055253675520315, 0.24022562216270313, -0.5241101153536263, -0.7265692484064108, -0.3690289419866671, 0.06550851883385214, -0.21947188931837144, -0.3320912101548671, 0.5702890058420825, 0.4969493408757864, -0.01751918120560795, 0.31278933839133455, 0.25833345630598153, -0.004680181799168005], [-0.34490787938726464, -0.6134972188758773, 0.12177534476476591, 0.12054230701395327, -0.6496980402498053, 0.47267034567921395, 0.5138391677789579, 0.25838458184282187, -0.05477925880928389, -0.3321681199727883, -0.2406894396417066, 0.7848319051876284, 0.39360870978225304, 0.04164580381858002]], "inverted": true, "swapped": true, "error_lsq": 0.03936868179595816, "error_max": 0.25220539570433065, "target": "872.xyz", "model": "6.xyz", "model_rescale": 3.89814844738969, "target_rescale": 4.353536395721796},
{"mapping": [2, 1, 7, 3, 0, 8, 5, 4, 6, 11, 9, 13, 14], "R": [[-0.23097078102452193, 0.9714808576051972, -0.0536417898619424], [0.22205632148862398, -0.0010437760014961328, -0.9750332818004726], [-0.9472821588100682, -0.23711569715716668, -0.21548238387814367]], "T": [-0.033170195784977936, 0.14676687104890676, 0.04999818621858204], "aligned_model": [[0.08444491281056826, -0.10770403437816628, 0.453331724849874, -0.35938506235107975, 0.6780386550191141, -0.47017547973766793, -0.6029386562470526, 0.25963945518019993, -0.3802158093628921, -0.6732298399648654, 0.07477934421109944, 0.11544807964181558, 0.07659851123327524], [-0.2036271346089147, 0.18619155840954119, 0.3089039645896763, -0.4746824519771602, -0.10070217223911324, 0.5900206337092675, -0.00561955362265984, -0.536270247002846, -0.26553751376408685, 0.44593052136434563, 0.8253913339416686, 0.019597370968066907, 0.17418495570270023], [-0.35112734301747134, -0.7616817661107529, -0.3433076575262145, -0.11806660026500926, 0.16211297297794838, -0.3272346908105624, -0.41506722136674357, 0.1710943539318512, 0.46222409158929073, 0.22915949592621093, 0.013686537436301549, 0.8230458997379446, 0.057436958333502194]], "inverted": true, "swapped": true, "error_lsq": 0.04046546979303835, "error_max": 0.23069745191169894, "target": "872.xyz", "model": "7.xyz", "model_rescale": 3.7474275329858107, "target_rescale": 4.353536395721796},
{"mapping": [4, 7, 9, 5, 8, 6, 3, 11, 10, 12, 1, 0, 13, 2, 14], "R": [[0.7024153986701758, -0.29374159196330285, -0.6483274518805158], [-0.7083299233381293, -0.1990719618927395, -0.6772289669616735], [0.06986649708421, 0.9349257891079056, -0.34789717079352905]], "T": [-0.0037230237729451096, -0.036947334653834485, 0.06348784107531724], "aligned_model": [[0.5631650075302622, -0.6136817382820605, -0.3619082686625167, -0.19088888217054248, 0.3315453028171973, -0.37612312154478955, 0.23925507062210957, -0.48443603385448164, -0.6467342234688775, -0.1363650854596324, 0.4933726204248246, 0.008807817233862016, 0.2710922937898665, 0.8296538949450238, 0.0477804389507009], [-0.548046331926062, 0.022755947745337624, -0.4669208472676081, 0.14120102750796623, -0.22791626614202304, 0.63005477566653, 0.482877961994046, -0.42596322213857907, 0.23311789643183561, -0.268965304283846, 0.2895425792104471, 0.5948153644429035, -0.7888652261756959, 0.047557007926933736, -0.06135171494107655], [-0.10867957976272372, -0.2336039235179972, -0.45339372067976136, -0.6045342891952643, -0.49895000637827436, -0.22524118483902583, -0.36648639488970314, 0.1272184994170601, 0.36158971579686844, 0.6195601061988599, 0.522946301346048, 0.25038917247942455, 0.47239841116948544, -0.01976732863192618, 0.08148502020009321]], "inverted": false, "swapped": false, "error_lsq": 0.050257904547920604, "error_max": 0.2739478781667564, "target": "872.xyz", "model": "8.xyz", "model_rescale": 4.019505241142653, "target_rescale": 4.353536395721796},
{"mapping": [0, 7, 2, 4, 13, 6, 5, 12, 10, 9, 1, 11, 14], "R": [[0.4745998510785208, 0.826191326867366, -0.3035833868402343], [-0.8799287153460493, 0.45392841816198576, -0.1402656304816287], [0.021918879207141306, 0.3337017869207459, 0.9424238325404362]], "T": [0.06856607378734296, 0.006673726676058533, 0.018487570225465613], "aligned_model": [[-0.2717382731626646, -0.5695914029588325, -0.1071939260857619, 0.2046978691254117, 0.4625057057509903, 0.7189821241941087, 0.26396666484759795, -0.3973822685513367, 0.19081498737190478, -0.300874240891487, -0.36518615583647923, 0.5066587931976987, -0.015959105259973752], [-0.5562528226130905, -0.0034272555754736155, 0.2126129059826513, -0.3160982360087908, -0.6822297632693897, -0.10320711910470484, 0.7206615008124018, -0.6888364391197528, -0.4322162673635613, 0.0038839220288047066, 0.6713180914502301, 0.3060413347864563, -0.06887162389172202], [-0.3648338794879618, -0.08307545275811405, -0.45501896620979065, -0.6480166477448619, 0.0964990362319924, -0.14041781609658543, -0.10872729404417793, 0.3100530280442249, 0.6080393498566313, 0.5990122221905474, -0.1713566178672219, 0.518215313189366, 0.016331218739830955]], "inverted": false, "swapped": true, "error_lsq": 0.049638786503619414, "error_max": 0.3081890897148097, "target": "872.xyz", "model": "9.xyz", "model_rescale": 3.877068213659057, "target_rescale": 4.353536395721796},
{"mapping": [5, 13, 4, 7, 1, 2, 8, 3, 14, 6, 11, 9, 12, 0, 15], "R": [[0.16074151591699723, 0.3233590466318812, -0.9325240436696668], [-0.7340577146213922, 0.6707541612439316, 0.10605718636079475], [0.6597889334215331, 0.6674786754161294, 0.3451822434587345]], "T": [-0.06502781512422147, -0.019492611761055805, 0.06477507000777696], "aligned_model": [[0.32477803915579906, -0.8296359863957228, -0.3260465419374471, 0.018220758155654923, 0.45945140149704994, -0.47039432193697284, 0.3949572366797843, -0.25947876186859675, -0.5602383745187776, -0.2755138911741143, 0.5034030417512647, -0.11464609926746427, 0.3643326991513037, 0.7219073128028882, 0.02343858077629661], [-0.6477800191678686, -0.05662949393522161, -0.25723944346705424, 0.21622521255035812, -0.24960836450577398, 0.393139518093976, 0.5366630591136358, -0.6196153662884123, 0.44981776229464726, -0.3341033001833289, 0.22975381497129682, 0.6334526958691215, -0.46465171424578194, -0.13990188970187747, -0.03562882334660711], [-0.18880287048701147, 0.1726346656444371, -0.5126644056184856, -0.7122663392913456, -0.5870492175686401, -0.26044497629200547, -0.20803907493138415, -0.004527538434757575, 0.44429558500849764, 0.5516223783544801, 0.4640467268739493, 0.14751414797016837, 0.483914829478982, 0.06563869834412159, 0.06905818966215764]], "inverted": false, "swapped": false, "error_lsq": 0.04361249564888557, "error_max": 0.3213337815922376, "target": "872.xyz", "model": "10.xyz", "model_rescale": 4.260839863003843, "target_rescale": 4.353536395721796},
{"mapping": [1, 7, 12, 9, 10, 11, 5, 2, 0, 13, 6, 14], "R": [[-0.38032815278584853, -0.2729151658219704, -0.8836672498530602], [0.04877365291008795, 0.9482209296976748, -0.31384422770712833], [0.9235646306460155, -0.16246347511869846, -0.34732404505309666]], "T": [0.05482741078542204, 0.09171914849987112, -0.04691988052775444], "aligned_model": [[0.5140084978715179, 0.23400838635541005, -0.38560541227548023, -0.43639190664147426, -0.6584950141607944, -0.3711444458450495, 0.3854969784114128, 0.5893674565282436, 0.2705984594137126, -0.3027407473054939, 0.07660525708582135, 0.04319113965630431], [-0.016764909876738038, -0.4903599561672349, -0.6222910655843943, -0.23005224192395435, 0.02537799977076574, 0.6268463971096112, 0.5732821329485136, 0.011797276180005645, -0.4664239968596971, 0.15140143413315035, 0.6274211004538917, -0.017155664650985364], [-0.7127410895792855, -0.2631145532437632, 0.2395430441247888, -0.4056252682075526, 0.15780064765916127, -0.29883418704497844, -0.5190409278757496, -0.12033920358326033, 0.42376872791740366, 0.6633232313854954, 0.3689104992926252, -0.01747284344938]], "inverted": false, "swapped": true, "error_lsq": 0.04353835053546155, "error_max": 0.222772316055976, "target": "872.xyz", "model": "11.xyz", "model_rescale": 3.890672605050136, "target_rescale": 4.353536395721796},
{"mapping": [10, 11, 8, 12, 9, 4, 6, 0, 13, 3, 1, 5, 2, 14], "R": [[-0.16275917093335757, -0.40842264077274043, 0.898165017567099], [-0.9354150724185686, 0.35344222090615707, -0.008788559215676894], [-0.3138599919856787, -0.8415875135629951, -0.4395706569433466]], "T": [0.10716925661020307, 0.007589702314888781, 0.11056287181403526], "aligned_model": [[0.5135186143255616, 0.10880943345803892, 0.3548412615478988, 0.7504133200010754, 0.7717675128216185, -0.4030708531329886, -0.43369729664124035, 0.16488630468964602, 0.007363651175136404, -0.5824809406311275, 0.15939916326047757, -0.23709233293389267, -0.14122956364770778, 0.1764475605011972], [-0.3902998696703999, 0.28155893864228715, 0.6440655908440033, -0.5817798635107316, 0.11174704665981602, -0.3900108120550216, -0.2118721767508268, -0.5301423035889975, -0.7226684982335064, 0.20140092525490405, 0.7099302180743046, 0.6701930570916673, 0.19441054468068622, -0.05438027761042036], [-0.3707941813145721, -0.5648719363206841, -0.14105028586664023, 0.26783096914296634, -0.034223889041024, 0.49593326449057695, -0.23536431114394143, 0.6464189293944657, -0.19377911111753346, 0.19820411793457657, 0.5227809947251612, 0.029419132085440156, 0.558789334807901, 0.17549740758016869]], "inverted": false, "swapped": true, "error_lsq": 0.04680725767913285, "error_max": 0.26924220971810614, "target": "872.xyz", "model": "12.xyz", "model_rescale": 4.124412569039231, "target_rescale": 4.353536395721796},
{"mapping": [2, 7, 12, 5, 0, 4, 8, 6, 9, 11, 13, 10, 14], "R": [[0.8959082923382202, -0.42155051995740994, 0.14015523837249805], [-0.2423741790801443, -0.19943720002955076, 0.9494627747097826], [-0.3722943580486287, -0.8846015839732657, -0.280850402522676]], "T": [0.021387544683061838, 0.05913487136890244, 0.0025535418012873675], "aligned_model": [[-0.1956904883113773, 0.008427551044778001, 0.7036527732344748, -0.6868251646262651, 0.5680156555440802, 0.3412622629498181, -0.5729316765282082, 0.15179407735125314, 0.017893946594638832, -0.2572062768068132, 0.724242886295055, 0.47070787943701453, 0.09395488133130835], [-0.2328378444393709, 0.33816315950275116, 0.5710106842775937, -0.1640011832681142, -0.05712982724468038, -0.5633130772239254, 0.43805367294396963, -0.4399523924921676, 0.746754629788184, 0.21839602430323857, -0.09325370730554919, 0.4794324450934525, 0.10616279257309538], [0.4089277830993622, 0.5853376318321015, 0.24411093604807432, -0.11053321156877, 0.5195727972752694, 0.28036677776382607, -0.17898809237271895, -0.4382092061567534, -0.023324310948652636, -0.6518892597234822, -0.3418798055625076, -0.41768652162059766, 0.07589256290268802]], "inverted": false, "swapped": true, "error_lsq": 0.041404802265718604, "error_max": 0.2552744659535872, "target": "872.xyz", "model": "13.xyz", "model_rescale": 3.9028299243045295, "target_rescale": 4.353536395721796},
{"mapping": [4, 13, 5, 8, 0, 12, 2, 10, 11, 9, 6, 1, 7, 3, 15], "R": [[0.6840309055454465, 0.5689398789960507, 0.4565184928857054], [-0.0413678780703452, -0.5945735885290053, 0.8029763050599303], [0.7282790803823997, -0.5681458104322346, -0.38317087463123567]], "T": [-0.006549884555304978, 0.005324746851969719, -0.025248307000843455], "aligned_model": [[0.2210732923712817, -0.7486902848287029, -0.2557677009907407, -0.0737560288071133, 0.5500012936467338, -0.5614565711567158, 0.3747286197723265, -0.2857189337680776, -0.4379255534117292, -0.06011302223012535, 0.39144663331438195, 0.02486149059963771, 0.2345662840345784, 0.5993306944681319, 0.0019548798570783975], [-0.5882775060153995, -0.21447186762841608, -0.21034489707674953, 0.22782259729843898, -0.12433410988830894, 0.3734105457836091, 0.5564691910633173, -0.6593633393824848, 0.3845787164587607, -0.09622885497829071, 0.21289747015906918, 0.585101835206856, -0.6237716354238615, -0.13581456774553402, -0.03377992977989734], [-0.2601681414110957, -0.2084651903392394, -0.4170121622937555, -0.761784253359967, -0.6257945384896899, -0.2273168665314807, -0.3302340006135661, 0.16344984356929107, 0.43944314675539914, 0.741343704894266, 0.4676214512027974, 0.2664203561640771, 0.5803329764691517, 0.015713419956435076, 0.08138105274053992]], "inverted": true, "swapped": false, "error_lsq": 0.03947841104061154, "error_max": 0.26444661670284675, "target": "872.xyz", "model": "14.xyz", "model_rescale": 3.942246331269136, "target_rescale": 4.353536395721796},
{"mapping": [12, 7, 0, 2, 1, 9, 5, 8, 6, 11, 4, 10, 13, 3, 14], "R": [[0.36126181275538094, -0.9309376867295385, -0.05333784839447406], [0.8366336145275899, 0.3488616983281324, -0.42230286582275467], [0.41174518538435456, 0.10793766194552734, 0.9048841712874288]], "T": [0.026996449644794484, 0.015224459687298127, 0.058075021661539286], "aligned_model": [[0.5292069552494585, -0.7494786762062345, -0.271972159767797, -0.2312221566659367, 0.5132637247447899, -0.4078048121446674, 0.2415067362224257, -0.5258672017209668, -0.4876551997893807, -0.20411266842468678, 0.4172412822577919, 0.0340996701228435, 0.3696176332657626, 0.7251372645749181, 0.02257470115262561], [-0.6178835806465985, 0.06408094013497401, -0.36712705760165765, 0.13434391886571934, -0.22545640618181007, 0.6791112758609559, 0.318890283085401, -0.520741201738021, 0.09120006052367714, -0.14849665926631916, 0.1484625478318086, 0.5826663022810823, -0.5341842001144738, 0.08566273863158762, -0.03663531361521695], [-0.06454257694334818, -0.2964372226713376, -0.4943220915468774, -0.6502904379985647, -0.5438039476935466, -0.07744052796084776, -0.45627112913717044, 0.13503942290802046, 0.26338156600597795, 0.716782085089792, 0.47475302613148246, 0.49046352240568863, 0.5496955008670987, -0.09744276474476231, -0.024633625998441613]], "inverted": false, "swapped": false, "error_lsq": 0.053086861145462905, "error_max": 0.33691314941572503, "target": "872.xyz", "model": "15.xyz", "model_rescale": 4.355366556412066, "target_rescale": 4.353536395721796},
{"mapping": [7, 2, 0, 10, 12, 9, 13, 11, 4, 8, 6, 14], "R": [[0.2431066492473523, -0.19875383306194938, 0.9494188069207958], [-0.4908280913371249, -0.8694336331475924, -0.05632887630809319], [0.8366522227581061, -0.45230749650537544, -0.3089190618251972]], "T": [0.09006057246548618, 0.007423281825345558, 0.061796251563930045], "aligned_model": [[-0.04477371477011666, 0.515668310765265, 0.048784033589419545, -0.5522083857238259, -0.6142381343529595, -0.5196999454687038, -0.14346421936515572, -0.048013589672492335, 0.5504982479632968, -0.018801726734103547, 0.3937256618452324, 0.030332016555924296], [-0.6242160054095425, -0.3336702072637341, -0.4207563812713486, 0.350119804112471, -0.29325103485099785, -0.1320774159737699, 0.4341350799050666, 0.5800539034604913, -0.08676539576784593, 0.04436498242158443, 0.5637299008532008, -0.06889080247459467], [0.08445829944411214, 0.06672047497114728, -0.5663654359870357, -0.09691796823285731, -0.3847582820729168, 0.34856177728368976, -0.5700624778204048, 0.49110233070739717, -0.5264784446155436, 0.7805009686744142, -0.18043549659510028, 0.0029327154525192745]], "inverted": true, "swapped": true, "error_lsq": 0.04570258117748727, "error_max": 0.2798673341685663, "target": "872.xyz", "model": "16.xyz", "model_rescale": 3.795458400668931, "target_rescale": 4.353536395721796},
{"mapping": [2, 1, 7, 3, 0, 8, 5, 4, 6, 11, 9, 13, 14], "R": [[-0.23097078102452193, 0.9714808576051972, -0.0536417898619424], [0.22205632148862398, -0.0010437760014961328, -0.9750332818004726], [-0.9472821588100682, -0.23711569715716668, -0.21548238387814367]], "T": [-0.033170195784977936, 0.14676687104890676, 0.04999818621858204], "aligned_model": [[0.08444491281056826, -0.10770403437816628, 0.453331724849874, -0.35938506235107975, 0.6780386550191141, -0.47017547973766793, -0.6029386562470526, 0.25963945518019993, -0.3802158093628921, -0.6732298399648654, 0.07477934421109944, 0.11544807964181558, 0.07659851123327524], [-0.2036271346089147, 0.18619155840954119, 0.3089039645896763, -0.4746824519771602, -0.10070217223911324, 0.5900206337092675, -0.00561955362265984, -0.536270247002846, -0.26553751376408685, 0.44593052136434563, 0.8253913339416686, 0.019597370968066907, 0.17418495570270023], [-0.35112734301747134, -0.7616817661107529, -0.3433076575262145, -0.11806660026500926, 0.16211297297794838, -0.3272346908105624, -0.41506722136674357, 0.1710943539318512, 0.46222409158929073, 0.22915949592621093, 0.013686537436301549, 0.8230458997379446, 0.057436958333502194]], "inverted": true, "swapped": true, "error_lsq": 0.04046546979303835, "error_max": 0.23069745191169894, "target": "872.xyz", "model": "17.xyz", "model_rescale": 3.7474275329858107, "target_rescale": 4.353536395721796},
{"mapping": [6, 13, 4, 10, 5, 1, 3, 0, 11, 2, 9, 12, 7, 14], "R": [[0.2618021195929612, 0.1463162170008465, -0.9539660448984513], [0.4261813521736223, -0.9043762207044763, -0.021751011097215528], [-0.8659267320253461, -0.4008680781340035, -0.2991248546962535]], "T": [-0.0006065960004873507, -0.10651668257665489, 0.027939273076856657], "aligned_model": [[0.4847036720761248, 0.1649362802378911, 0.6447647557604741, -0.41986814814679213, 0.18979208542973866, -0.09226779787291423, 0.6438402326832414, 0.1580906391837963, -0.19737028107738433, 0.29906425002061837, -0.6883178532944746, -0.47502631274546986, -0.25578592311413717, -0.04170795125783616], [-0.32093904066003054, 0.1960579753927039, 0.2813456862844437, -0.013402554733912997, -0.7305741382816823, -0.3336792137783329, -0.38329873079679344, 0.6371147063019087, -0.7329889677224374, -0.024861610150497662, -0.08713173129454385, 0.5972899964949666, 0.2767034609826562, -0.0012275965272146444], [-0.3949824179627068, -0.6910227380201204, 0.028220906384043547, -0.5809039207710621, 0.40002016264606016, 0.8063539135941193, 0.19806027559159947, 0.06609981916134028, -0.2884316182091092, 0.476315004320033, 0.014513517453601143, -0.2278629073366982, 0.4814675248884282, 0.03694719692212639]], "inverted": false, "swapped": true, "error_lsq": 0.04369583666158939, "error_max": 0.35175456473703154, "target": "872.xyz", "model": "18.xyz", "model_rescale": 3.922800546911778, "target_rescale": 4.353536395721796},
{"mapping": [3, 10, 9, 11, 7, 4, 13, 2, 6, 1, 5, 8, 0, 12, 14], "R": [[0.5703289669699345, -0.6509196517794114, -0.5010274207689405], [0.33361053534191015, 0.740938628560152, -0.582849860098023], [0.7506189979902529, 0.1652681325445737, 0.6397324161095308]], "T": [0.010751102202032407, 0.038978329018880084, 0.055304193562756995], "aligned_model": [[0.39756893599927484, -0.7331189993055197, -0.23513694191140055, -0.19098492267315895, 0.3801486397800638, -0.4371419908367827, 0.22357088384054552, -0.38492910744030523, -0.5288860873064015, -0.30295091190444007, 0.5416453500900965, 0.11840264835894002, 0.292487205561589, 0.7862010276786713, 0.047659362939773825], [-0.4603789267366828, -0.051057702985814704, -0.5733021587100685, 0.14476710581634428, -0.19121824036807716, 0.5363246158191313, 0.529045513803003, -0.5580249459897637, 0.36387604854413014, -0.12444172081594436, 0.005479212718393925, 0.5620355703612165, -0.6179099758942396, 0.09145191719892358, -0.0027526647094431866], [-0.045510181234627065, -0.24327817746289382, -0.4215551777653682, -0.6194957202932372, -0.6145958122085656, -0.22020549284824842, -0.3763850948858736, 0.06768256640151475, 0.336375265464228, 0.705587176265958, 0.6026275230053892, 0.35398951444577376, 0.48839212760042955, -0.06526935323876752, -0.023428364532548554]], "inverted": true, "swapped": false, "error_lsq": 0.04469163937280899, "error_max": 0.3657420572620861, "target": "872.xyz", "model": "19.xyz", "model_rescale": 3.9282355846067225, "target_rescale": 4.353536395721796},
{"mapping": [5, 3, 6, 2, 1, 4, 0, 13, 7, 9, 11, 8, 10, 14], "R": [[-0.9763736664301097, -0.09242231228011888, -0.1953268534908126], [0.008001683743661954, 0.8878349943997679, -0.4600923774378694], [0.21594081726040495, -0.4507850251638364, -0.8661191745533336]], "T": [0.002606692716519504, -0.07008258943074289, 0.05106772451250856], "aligned_model": [[-0.5365999152459292, -0.19496644762619522, 0.37034789198516804, -0.3676701888536701, -0.8120008224424629, 0.18310840352225355, 0.22395925268162914, 0.7921465494900806, -0.3194649298098572, -0.03534225624713505, 0.07834340138163243, -0.44597466893006, 0.5713449722696123, 0.02529157690960981], [-0.5876930530900565, -0.6182170778175667, -0.6116881927122434, -0.07572199693864323, -0.02179568587890561, -0.13224463336032402, 0.4350206008615548, -0.08762086762160617, 0.48030044623472457, 0.33482123139985365, -0.5236091608649016, -0.2128862013774395, 0.10567759261290513, 0.038539085977484774], [0.12508931686252212, -0.37481325600916787, -0.1272453191857325, -0.34939974137379176, 0.0469549062385253, -0.6772841759177255, -0.4738155897693412, -0.05930194651737235, -0.05386285550088078, 0.6061493165406356, 0.6166219771157827, 0.6061659592647929, 0.49915884514083503, 0.027765720354601432]], "inverted": true, "swapped": true, "error_lsq": 0.050698465095780916, "error_max": 0.30556437786072743, "target": "872.xyz", "model": "20.xyz", "model_rescale": 4.067790424073018, "target_rescale": 4.353536395721796},
{"mapping": [2, 7, 8, 5, 4, 1, 13, 0, 9, 12, 11, 10, 3, 6, 14], "R": [[0.5504052773906661, 0.6990591455589816, -0.4564760033461237], [-0.024779704322677176, -0.5328259077735215, -0.8458619971715264], [-0.8345298058632684, 0.47687824758073116, -0.2759477126380037]], "T": [0.04293095303058765, -0.04763139956933553, -0.036228472915896225], "aligned_model": [[0.3062926011145925, -0.6924625306585643, -0.27878859173572623, 0.10870221290908903, 0.3093814720747314, -0.52604165463739, 0.2538881535745261, -0.3050187332934236, -0.5528208738265601, -0.13674513621491402, 0.4073299028156691, -0.12468159213233575, 0.41941868290996154, 0.7637929682678697, 0.02228821170342031], [-0.7376427543480061, -0.13621018198109242, -0.15601532711898058, 0.2157725840200732, -0.38257056729777444, 0.48963681544627385, 0.619001831382238, -0.6596274415791903, 0.284434174888006, -0.04453921287069054, 0.1886684772758495, 0.6653701666557252, -0.5276557924251064, -0.17518085577469866, 0.010451731778482895], [-0.12704093975780173, -0.1257504292325996, -0.4943958609841899, -0.5604026840910654, -0.7139395983659406, -0.28304447348364914, -0.07116699044209185, 0.05784538037104515, 0.3364136000248507, 0.7085673435550011, 0.44273710787005965, 0.3309521676662099, 0.5567121549420232, -0.14414507916874392, 0.011589099810056493]], "inverted": true, "swapped": false, "error_lsq": 0.0420883685128858, "error_max": 0.3519783467258067, "target": "872.xyz", "model": "21.xyz", "model_rescale": 4.186013935880536, "target_rescale": 4.353536395721796},
{"mapping": [8, 11, 5, 7, 0, 1, 9, 10, 3, 6, 13, 4, 14], "R": [[-0.7370535498384698, -0.3394034802349756, -0.5844290737761918], [0.3244892979020614, 0.5808379086254936, -0.7465480690823535], [0.5928395737613491, -0.7398868842653922, -0.31797584542620916]], "T": [0.0008122862330796872, -0.06377758601278899, 0.03714265439255911], "aligned_model": [[0.1058709840165537, -0.3648910733865754, 0.4104557847469813, 0.3530264267852543, 0.09112611736783688, 0.7094882774424797, -0.22838516321581304, -0.7085561747891972, 0.36367982798940507, -0.24894853442784762, -0.6277532676463566, 0.20645849844180286, -0.0029976679012986866], [-0.29398275729889645, 0.08683790517425072, 0.2274623641045928, -0.5627169624225468, -0.21058739568394022, -0.2865484455007683, -0.6737080412387577, -0.2912635722935647, 0.5579008125627696, 0.566688631053494, 0.17893372942908042, 0.36162886589864524, -0.1416884742382653], [-0.6452944555010918, -0.5751073266211436, -0.5209926785464397, 0.24848772878510217, 0.7787078733370203, -0.30062268978684664, -0.1841177569175233, 0.05081880735042858, -0.014860120517269884, 0.05945055208157081, 0.4635917167105275, 0.6233853210809903, 0.11943258988002124]], "inverted": false, "swapped": true, "error_lsq": 0.04975378290985106, "error_max": 0.3707204325934936, "target": "872.xyz", "model": "22.xyz", "model_rescale": 4.166573947596378, "target_rescale": 4.353536395721796},
{"mapping": [4, 6, 2, 11, 3, 12, 9, 1, 13, 5, 7, 14, 0, 8, 15], "R": [[-0.403679542815214, -0.8439756046750043, 0.3531968366590519], [0.45696204142195784, 0.14845343414404, 0.8770104164662574], [-0.7926086798742347, 0.5154287114667774, 0.3257372007980066]], "T": [0.03274948626654393, 0.051213071963878726, -0.054725132052778874], "aligned_model": [[0.4055065149097048, -0.6836385758118211, -0.2332819731394957, -0.09586422693151467, 0.2836663309965606, -0.46165131452843605, 0.39492296495923707, -0.25293791785593467, -0.25517504319229023, -0.3271172006482718, 0.25202309445886767, -0.1579138701751762, 0.2787859627985322, 0.8273104784047295, -0.000100131373745517], [-0.5668603266038378, -0.20538663799338544, -0.442486501830043, 0.30946740291561214, -0.1256809227189268, 0.4019105425226882, 0.45839414945175805, -0.5707237264322889, 0.4306659677715937, -0.15487039915965478, -0.020947700874631325, 0.8019402122206679, -0.5757202994913609, -0.08710047020061432, 0.0012923584735322485], [-0.19216961155147816, -0.06196152122946866, -0.42660849095861164, -0.7887936171061041, -0.5716157430063505, -0.30364376845060365, -0.3066836757649084, 0.1444641919423236, 0.6452235118453238, 0.665752176250526, 0.6221068672379492, 0.10662544468150723, 0.4069851264530351, 0.00545238906166625, -0.020202480691642002]], "inverted": false, "swapped": false, "error_lsq": 0.050233914365104625, "error_max": 0.44826659037288535, "target": "872.xyz", "model": "23.xyz", "model_rescale": 4.274766983524099, "target_rescale": 4.353536395721796},
{"mapping": [6, 10, 0, 2, 7, 1, 5, 8, 11, 9, 14], "R": [[-0.43205863935945876, -0.7959090670299076, -0.4240920762929148], [-0.40636830051223, 0.5916197137064323, -0.6963123714919343], [0.8051025627171084, -0.12851019949210818, -0.5790466234534517]], "T": [-0.03843155311032079, 0.10687323213079505, -0.10823163178706524], "aligned_model": [[0.34028886244302214, 0.4834797991799371, -0.5026945640521009, -0.5030543571199979, -0.5745001032610433, -0.5369448799573903, -0.03683068235784985, 0.12698306860573513, 0.596798476406901, 0.08236573401871175, -0.0959966499478501], [-0.21788355347433222, 0.6382570919855859, 0.5076791140914305, -0.17447963051836843, 0.39043138898283924, -0.24293498654273002, -0.5685379123128551, -0.08986441056946967, -0.09833560287007856, 0.567829737337867, 0.20342529513359453], [-0.5680899118526974, -0.12773184828217138, -0.5592783964524304, -0.15800290712822482, 0.11512307228031785, 0.4349558286596879, 0.22034222211516424, 0.5727121711027925, 0.1844220138608732, 0.3881854472792083, -0.12307125756094259]], "inverted": true, "swapped": true, "error_lsq": 0.05412186361078932, "error_max": 0.33529344316241894, "target": "872.xyz", "model": "24.xyz", "model_rescale": 3.7841303162186577, "target_rescale": 4.353536395721796},
{"mapping": [10, 2, 9, 12, 14, 5, 13, 8, 4, 1, 6, 3, 7, 11, 15], "R": [[0.7250193063787259, 0.666599828996399, 0.17318104214977675], [0.2440929023490103, -0.48382750594847995, 0.8404341732167429], [0.644023027849896, -0.5670587381124157, -0.5134965697348008]], "T": [0.020736332126098284, -0.15997130400091766, 0.049285063220034585], "aligned_model": [[0.4859691202033788, -0.6950201067401567, -0.19563312941367791, -0.16158849443799086, 0.230165220871596, -0.4717916143201533, 0.4413360709442776, -0.4525054129905485, -0.4181672418503653, -0.4057299491834174, 0.23108958202850827, 0.11554757107349067, 0.4861486336498244, 0.7429864137842169, 0.041728429251963337], [-0.7186161329615771, -0.04653736755634291, -0.3523000645163301, 0.24542878721801772, -0.224388594321606, 0.5342186423964652, 0.33250723614354005, -0.48993575944120493, 0.2946967269674, -0.35970955052243114, 0.25534599877735786, 0.6354007630816305, -0.4348217690479588, 0.09269580210072811, -0.1100910702665788], [-0.2277158632234599, -0.15956533829120745, -0.45898121789422164, -0.5651905913719024, -0.7131379922925383, -0.1625056016684823, -0.3895323754424502, 0.17821718669517364, 0.44595240145754933, 0.6248435203603566, 0.6018151533612879, 0.13528501384354483, 0.41074622510893327, 0.11206819950476213, 0.09263207856581764]], "inverted": false, "swapped": false, "error_lsq": 0.04865063209474236, "error_max": 0.34999315647364193, "target": "872.xyz", "model": "25.xyz", "model_rescale": 4.19342608120988, "target_rescale": 4.353536395721796},
{"mapping": [7, 2, 0, 10, 12, 9, 13, 11, 4, 8, 6, 14], "R": [[0.2431066492473523, -0.19875383306194938, 0.9494188069207958], [-0.4908280913371249, -0.8694336331475924, -0.05632887630809319], [0.8366522227581061, -0.45230749650537544, -0.3089190618251972]], "T": [0.09006057246548618, 0.007423281825345558, 0.061796251563930045], "aligned_model": [[-0.04477371477011666, 0.515668310765265, 0.048784033589419545, -0.5522083857238259, -0.6142381343529595, -0.5196999454687038, -0.14346421936515572, -0.048013589672492335, 0.5504982479632968, -0.018801726734103547, 0.3937256618452324, 0.030332016555924296], [-0.6242160054095425, -0.3336702072637341, -0.4207563812713486, 0.350119804112471, -0.29325103485099785, -0.1320774159737699, 0.4341350799050666, 0.5800539034604913, -0.08676539576784593, 0.04436498242158443, 0.5637299008532008, -0.06889080247459467], [0.08445829944411214, 0.06672047497114728, -0.5663654359870357, -0.09691796823285731, -0.3847582820729168, 0.34856177728368976, -0.5700624778204048, 0.49110233070739717, -0.5264784446155436, 0.7805009686744142, -0.18043549659510028, 0.0029327154525192745]], "inverted": true, "swapped": true, "error_lsq": 0.04570258117748727, "error_max": 0.2798673341685663, "target": "872.xyz", "model": "26.xyz", "model_rescale": 3.795458400668931, "target_rescale": 4.353536395721796},
