[{"mapping": [11, 5, 8, 10, 7, 4, 9, 12, 0, 1, 3, 2, 6, 13], "R": [[-0.8767993675067727, 0.3190814756193444, -0.35973584900077044], [0.1624277760789533, -0.5076111368236957, -0.8461371941538799], [-0.45259262775455017, -0.8003236505871466, 0.39324542923356937]], "T": [0.05856151889119829, 0.1615672844533434, 0.007898599993859364], "aligned_model": [[0.08447862780039986, 0.470787840853215, 0.5088625204120301, -0.5593616596868042, 0.055587285517735535, 0.5679460050988299, -0.4306382474110494, -0.5042266891033357, -0.4020006245189639, -0.18010520039649638, 0.3953845143643203, 0.22927362610601237, 0.8034650413582498, 0.04300592819813185], [-0.0634021160615248, 0.5693213790998128, -0.36781627215135776, -0.3583192267349446, -0.5922757156667873, -0.5782249185718296, -0.341831811616865, 0.2252783112080634, 0.294137234907623, 0.6842520519356348, 0.40242553543298176, -0.0019471481314621841, 0.04787810905941453, 0.007721069382004314], [-0.6522369263498229, -0.47811304412827815, -0.3492584938018442, -0.5948599631988616, -0.04783619686761478, 0.3344551313406216, 0.21769876798652255, -0.11180998777563314, 0.6126466093949766, 0.0615916569882555, 0.3268623572661789, 0.739594337439726, 0.1372809705165879, -0.04337739791756394]], "inverted": false, "swapped": false, "error_lsq": 0.04843989300741305, "error_max": 0.3547850890863056, "target": "873.xyz", "model": "0.xyz", "model_rescale": 3.8414455957264533, "target_rescale": 3.922918949549073},
{"mapping": [4, 7, 2, 3, 5, 6, 10, 1, 12, 0, 13, 8, 9, 14], "R": [[-0.3599444367094833, 0.2446472539552498, -0.900326453912162], [0.6687840069460409, -0.6051903384676645, -0.431824740234498], [-0.6505136082628025, -0.7575568462878209, 0.054218724693227305]], "T": [0.09765737272823238, 0.036398495963936524, 0.017544871057820176], "aligned_model": [[0.04952912717221459, 0.5472927790417851, 0.4904549317702297, -0.46499893120765845, -0.03753985663620249, 0.47691422147788787, -0.2305445871460966, -0.7076120267074826, -0.32025175220752133, 0.007850086316891408, 0.24737213873957684, 0.2763684913241212, 0.7391059969794593, 0.008518349675070258], [0.0389447724950691, 0.34665220683627823, -0.3877950741124223, -0.25463350569037035, -0.5864831760681659, -0.6276839172249083, -0.4503517912503179, 0.21186534099668974, 0.10762057919054618, 0.6572596337249116, 0.6525978525949861, 0.0021542222136744227, 0.19122336965625558, 0.02582596872853696], [-0.5242063848740118, -0.3208714973617783, -0.4411212606054544, -0.4429930097884203, -0.14997502865909768, 0.17624573732326934, 0.36931032109787193, -0.24560997270424448, 0.6520280639190394, -0.3457504199008512, 0.4331538728431263, 0.7864350214083721, 0.19098823624025424, 0.015004141955174907]], "inverted": true, "swapped": false, "error_lsq": 0.037995448675592, "error_max": 0.21128297193766776, "target": "873.xyz", "model": "1.xyz", "model_rescale": 4.316132596720782, "target_rescale": 3.922918949549073},
{"mapping": [12, 11, 10, 3, 9, 2, 7, 4, 8, 5, 6, 13], "R": [[-0.09530942662395941, -0.17798564785301396, 0.9794065664242585], [-0.7889596737580622, -0.5864512221319986, -0.1833510219318607], [0.6070080282666651, -0.7901873658938294, -0.0845291689394102]], "T": [-0.13614796204071913, 0.016973056778908792, -0.09729472603499943], "aligned_model": [[-0.1007376469795643, 0.5145935999522637, 0.14511910401395775, -0.5375736236272413, -0.4890505833164105, -0.4101112941420496, -0.14967973865199274, -0.02989139774240318, 0.485704781423415, 0.03984012123341418, 0.27875914224737264, -0.14916390977898078], [-0.5814176678813193, -0.32643356593685147, -0.5755154822535592, 0.6656237029070093, -0.3671804373970283, -0.13746550854360634, 0.42403779289586685, 0.4783344796327947, 0.08683567055082206, -0.1080405092508741, 0.45638149285906343, -0.0023835398413373683], [0.2567671160405073, 0.0317374197417067, -0.5008656410010826, -0.03648518281576683, -0.6194216893626572, 0.5083453977550791, -0.6965975725377351, 0.42308679570565755, -0.536549120778778, 0.7288206678129471, -0.07852029932253558, -0.031059430027921428]], "inverted": false, "swapped": true, "error_lsq": 0.048778204470175564, "error_max": 0.2909885185085143, "target": "873.xyz", "model": "2.xyz", "model_rescale": 3.795458400668931, "target_rescale": 3.922918949549073},
{"mapping": [0, 12, 5, 8, 3, 6, 11, 9, 10, 7, 4, 13], "R": [[-0.6244860032488652, 0.7603117882524234, -0.17872665271486732], [-0.7491780458024543, -0.6478085103398007, -0.13811730383606596], [-0.22079286092143968, 0.047645761361644244, 0.9741562472162232]], "T": [0.0727658900221002, 0.004070632880344963, -0.0064152204900217655], "aligned_model": [[0.1842108573371744, -0.32531656315595225, -0.7783234364700897, 0.3461032129768332, 0.16641651638295385, -0.01445934744592027, -0.24228477827089362, 0.6344432579733126, 0.3444052257381798, 0.6867307607109941, -0.4192120264399144, 0.010590146406887532], [-0.0008809133821227385, -0.5659245546099223, -0.054586182147928014, 0.0754335183902044, 0.6338617326104259, 0.46448577495199134, -0.29571956448219866, -0.4327395109600237, -0.5995306012383261, 0.3676978164328298, 0.5049978507648778, -0.011326321040098198], [-0.6943574722486734, -0.04276057089007839, -0.04209683312655082, 0.7040213277746937, -0.4308922563024504, 0.3756709123194686, 0.600965136162478, -0.2024921584356959, 0.38715934195087054, 0.11956540951381997, -0.050815673410266084, -0.035195732668515355]], "inverted": false, "swapped": true, "error_lsq": 0.055735716544641094, "error_max": 0.3261119560860523, "target": "873.xyz", "model": "3.xyz", "model_rescale": 3.7530521520055578, "target_rescale": 3.922918949549073},
{"mapping": [1, 11, 10, 8, 9, 6, 0, 2, 3, 7, 13], "R": [[0.6372905849320916, -0.6993831008734408, -0.32361085978310916], [0.5586398608783147, 0.7085405593399057, -0.43115169210864834], [0.5308316269729695, 0.09398698837043362, 0.8422495056824232]], "T": [-0.14026356629175904, 0.023221234042655733, 0.007569099430372596], "aligned_model": [[-0.30144399093042995, -0.1116832435731111, 0.30140833340577466, 0.44420859444397864, 0.26239643619240016, -0.03872247169310729, -0.37959113051851956, -0.8003331904753093, -0.2790947432856966, 0.44929787692048984, -0.20824286804126463], [-0.7860026925201183, 0.17160851025601404, -0.3424456896100291, 0.37067230108806315, -0.5839116503019971, 0.6178167164453976, -0.3611455954632704, -0.149993304212159, 0.2970644222077576, 0.2209845643692943, 0.01255577605539315], [-0.05655350159080608, -0.7240088971531297, -0.5064707323943106, -0.34199647666736405, 0.12582862831238784, -0.033973365584075405, 0.5373742501054669, 0.011026310265756597, 0.7085140584957484, 0.37953103303395336, -0.006440529578310247]], "inverted": true, "swapped": true, "error_lsq": 0.056894327079926116, "error_max": 0.34359184099799794, "target": "873.xyz", "model": "4.xyz", "model_rescale": 3.7855080009869324, "target_rescale": 3.922918949549073},
{"mapping": [14, 2, 12, 15, 13, 11, 8, 10, 7, 3, 0, 4, 1, 16], "R": [[0.40419727587069704, 0.8984122317601052, -0.17169747814844294], [0.04901786371832023, 0.16616895460773334, 0.98487822981375], [0.9133574389116235, -0.4065013411397316, 0.023126790447438525]], "T": [0.03144779895242484, -0.0005504487551748552, 0.030246879701543217], "aligned_model": [[0.15271604506496966, 0.39990282319644016, 0.5498522481234076, -0.533145616716246, 0.025028683869620684, 0.5357630296597464, -0.5329076624854157, -0.6504444292015058, -0.35698151631852376, -0.03017164946964166, 0.44705221885179613, 0.28441090718905104, 0.7544770106820363, 0.03690687614654046], [-0.06704309127945682, 0.45770491436996447, -0.3339963905941191, -0.26967344550833217, -0.712475030803279, -0.5821543744890242, -0.4190593130337412, 0.2563157032450551, 0.08255104466549193, 0.6626401592442374, 0.5879425863799745, 0.1335573858814783, 0.12165700740261301, 0.009229326609901108], [-0.631999403419619, -0.41699869585519767, -0.2580860770706969, -0.506526065115946, -0.10387926731157454, 0.22984459999898613, 0.07102821892877774, 0.03290078515334681, 0.6655312890059943, -0.16672486049681803, 0.3292833274433532, 0.7121746899759747, 0.21839053660888877, -0.02230125695221928]], "inverted": true, "swapped": false, "error_lsq": 0.042255276775927754, "error_max": 0.3072042889140589, "target": "873.xyz", "model": "5.xyz", "model_rescale": 4.2253639853439635, "target_rescale": 3.922918949549073},
{"mapping": [11, 5, 6, 12, 7, 3, 0, 9, 1, 8, 10, 4, 2, 13], "R": [[-0.62884701783454, -0.6313276188672836, 0.4538467426521557], [-0.7487829220040565, 0.6489740044686484, -0.1347474572635576], [-0.20946494665139864, -0.4245682267660794, -0.8808327065595567]], "T": [0.05381053187728552, 0.04506752373860677, 0.02934009656387608], "aligned_model": [[0.11077441163313967, 0.4906484302433878, 0.45921397012737375, -0.3451979828793, -0.0246715815910227, 0.38545152978161973, -0.47216761196111984, -0.54652609030837, -0.23630611917812916, -0.20947092152286972, 0.40063666446529483, 0.27888053208727837, 0.7041991898880784, 0.08699454780691372], [0.09621349439641474, 0.39885177597798027, -0.3163371277068277, -0.4367608150714145, -0.72371895579191, -0.5520846481649563, -0.45604785740514386, 0.1524503202082907, 0.35417998479906077, 0.7082887545222702, 0.6879585169947471, -0.06824414876590298, 0.08561081144933028, -0.0031636233511755443], [-0.745058376382591, -0.26177950062806715, -0.31526503730925726, -0.6634639316723567, -0.1501010436006185, 0.2202144133228811, 0.36888834985353597, 0.0036242926594449304, 0.6284958335436757, -0.16219410647045335, 0.3030466528122005, 0.6907138729462108, 0.1890975608331807, 0.04641884098546451]], "inverted": false, "swapped": false, "error_lsq": 0.04324197811973697, "error_max": 0.24578627973640021, "target": "873.xyz", "model": "6.xyz", "model_rescale": 3.89814844738969, "target_rescale": 3.922918949549073},
{"mapping": [2, 5, 4, 1, 3, 11, 12, 0, 9, 8, 6, 7, 13], "R": [[-0.42483705564502255, -0.6874979412818094, -0.5889482633340061], [-0.43530660499312046, -0.415282024891762, 0.7987796939401761], [-0.7937390224754176, 0.5957242823110971, -0.12284520204182492]], "T": [-0.0849846855664529, 0.09813662714897439, 0.052618722773689605], "aligned_model": [[0.10070149605997182, 0.013235168707771583, 0.43591002409490476, -0.4515762123882606, 0.6505556950381824, -0.6017637674351619, -0.4874238764622762, 0.24657156522854956, -0.43901704535972763, -0.4305000560643608, 0.12144331512386645, 0.06427529784326348, -0.0737798034825003], [-0.2180262093171779, 0.19807790160594327, 0.3948923292857226, -0.6291972552007257, 0.023291122502869493, 0.5305846582959187, -0.13495649655118191, -0.5128875445216151, -0.3860231056823702, 0.6887538180483137, 0.6641151912332601, 0.2674708635474391, 0.07768599222408952], [-0.5229408659137701, -0.7896588104567773, -0.3155476836507714, -0.09411326630390095, 0.25001811989376405, -0.26982517091003044, -0.46545022157719773, 0.10190314727111688, 0.4827131011936861, 0.3936707792438178, 0.10395977373299428, 0.7411650784610808, -0.013618950147716094]], "inverted": false, "swapped": true, "error_lsq": 0.04376448940714329, "error_max": 0.2550623979811368, "target": "873.xyz", "model": "7.xyz", "model_rescale": 3.7474275329858107, "target_rescale": 3.922918949549073},
{"mapping": [4, 2, 8, 13, 9, 5, 11, 12, 10, 1, 0, 6, 3, 14], "R": [[0.10046983728201742, 0.9253413115453336, 0.36558072835433586], [0.050127875956346324, -0.37168113488081733, 0.9270061111048906], [0.9936765106656341, -0.07481036773916716, -0.08372813762469855]], "T": [0.013081909440861975, 0.002435147651506547, 0.03812051330254287], "aligned_model": [[0.13272083048372066, 0.4828379583367071, 0.48295991085749984, -0.5492833962574921, 0.02490324065802431, 0.5183064550242324, -0.44072844827039004, -0.5759961623566008, -0.35496426720628715, 0.05286897260298791, 0.19708909939429603, 0.40044063468245045, 0.7013320896888247, 0.009972050954301858], [-0.154660482637632, 0.3772775210935455, -0.3318784410861375, -0.04265697254788558, -0.7590045837398581, -0.4232760073980141, -0.403840738941904, 0.17575733506143695, 0.06666258956888917, 0.7280471699094672, 0.5050305008340458, 0.03302718012608758, 0.13314577278032558, 0.02356563906839699], [-0.7190012320999284, -0.5512961011968699, -0.32610387361654836, -0.6617536127624867, 0.05837469003967703, 0.31477848811687437, 0.16252316117062732, -0.021788279692940837, 0.6981812735727069, -0.1534675938688011, 0.42250639055575434, 0.7564208988836939, 0.1909634354536601, -0.017699823662168157]], "inverted": true, "swapped": false, "error_lsq": 0.048600541869024405, "error_max": 0.36387092864058534, "target": "873.xyz", "model": "8.xyz", "model_rescale": 4.019505241142653, "target_rescale": 3.922918949549073},
{"mapping": [1, 0, 2, 12, 10, 11, 4, 9, 8, 7, 3, 6, 13], "R": [[-0.21600847171492055, 0.29540006854089196, -0.9306337301287876], [0.3631170063794271, 0.9090753759042051, 0.20427432683201177], [0.9063588581932808, -0.2938039489705079, -0.3036327711955805]], "T": [0.02657742783660607, -0.02005744974799529, 0.035599103818747514], "aligned_model": [[-0.3070629262993935, -0.6127162039275345, -0.03284098405594286, 0.2616229273110094, 0.2760000394930105, 0.7350412768550854, 0.19816565806703026, -0.3911667981106175, 0.47597365190088853, -0.22582702488458076, -0.44362150003482803, 0.34965187770185047, 0.03648077772519862], [-0.5872113054903089, 0.039390977831736194, 0.16060117622606818, -0.3506379925081722, -0.7368048610117663, -0.2502831906713113, 0.6430680574274676, -0.6170079021082812, -0.18875487166566596, 0.02011768472164463, 0.5686760966850986, 0.36470021144759956, -0.0024758527700500695], [-0.4663519083116492, -0.2354702178484678, -0.6197931836921241, -0.5302235324474586, 0.16630803228033594, -0.020231591359481153, -0.12491192104572096, 0.1533728366253547, 0.6306707434502574, 0.7136305640116888, 0.16936682257771024, 0.3719985687129176, -0.03166171890948371]], "inverted": true, "swapped": true, "error_lsq": 0.05840561408904495, "error_max": 0.3635790930015478, "target": "873.xyz", "model": "9.xyz", "model_rescale": 3.877068213659057, "target_rescale": 3.922918949549073},
{"mapping": [3, 5, 4, 13, 2, 7, 9, 10, 11, 12, 0, 8, 1, 15], "R": [[0.2296296499202126, 0.7042246310315744, 0.6718168596618899], [-0.8446491323767046, -0.19876085604765267, 0.4970532821322925], [0.4835680583462898, -0.6815876987971886, 0.5491813378070601]], "T": [-0.04062326697453965, -0.03390424506648922, -0.07617093555174705], "aligned_model": [[0.1732371531123204, 0.5524895846239994, 0.4469147568337444, -0.39542780499509184, -0.06450341138057543, 0.5642693101631729, -0.37408050275451643, -0.6994388899755761, -0.26917567740441417, -0.07601828263160824, 0.2885572490699564, 0.15007498282444343, 0.7917751591579616, -0.006214658051541172], [0.1248581353752557, 0.4322118894520528, -0.37819566891768197, -0.4653190911795921, -0.6940575680634425, -0.5086210156008373, -0.3761482449958317, 0.14861592223597414, 0.4158095937875185, 0.7084026072674047, 0.553669416675943, -0.1701015366858977, 0.1003494686667846, 0.035722574073112974], [-0.6522087554949929, -0.28098386642446177, -0.3953272774104076, -0.6106178144058587, -0.013062403729717412, 0.19775519922539275, 0.3791538060536199, 0.11319416914686135, 0.46250942894429603, -0.1531316109536201, 0.34828567650307674, 0.6589531431501007, 0.12875688277556907, -0.03063875648660786]], "inverted": true, "swapped": false, "error_lsq": 0.03913025382211564, "error_max": 0.30043838490831254, "target": "873.xyz", "model": "10.xyz", "model_rescale": 4.260839863003843, "target_rescale": 3.922918949549073},
{"mapping": [10, 1, 0, 9, 3, 7, 8, 11, 2, 4, 6, 13], "R": [[0.6208539382217961, -0.03425559409412138, 0.7831774649897335], [-0.7658810708576815, -0.23962778311571764, 0.5966613033044272], [0.16723209230401148, -0.9702603154990446, -0.1750095639424235]], "T": [0.013168123308710327, 0.016435479895822447, -0.0007642557173367925], "aligned_model": [[0.4410815334321919, 0.09095213858327723, -0.47524465497910856, -0.17951778125227233, -0.6507424141028829, -0.4485633480344388, 0.26595536872120173, 0.731981647815063, 0.11683146891894026, -0.018188459379685495, 0.04623629734159025, 0.0381168520302539], [-0.031571602074573046, -0.7534303371126128, -0.4739907036481295, -0.30448401990723334, 0.12774695672263747, 0.460965073453046, 0.6393225182133482, 0.21171164812716642, -0.4708984398847447, 0.2143232265421709, 0.5799503471988579, -0.026566162096999392], [-0.6392066949830675, -0.2943463930142071, 0.08074744163156601, -0.6368566624117331, 0.3631321258112432, -0.33876750868636946, -0.36495704629867576, -0.0574768538018144, 0.46556899288027714, 0.6736235797102474, 0.21588672669467965, 0.048830369863358286]], "inverted": false, "swapped": true, "error_lsq": 0.04903900068374547, "error_max": 0.2934839069498602, "target": "873.xyz", "model": "11.xyz", "model_rescale": 3.890672605050136, "target_rescale": 3.922918949549073},
{"mapping": [9, 12, 11, 6, 1, 2, 0, 8, 3, 5, 7, 4, 10, 13], "R": [[0.10496460852381162, 0.8437069963378563, 0.5264417681833347], [-0.15550083778608434, -0.5089300196894506, 0.8466461625181572], [0.9822433101860604, -0.17073001900500193, 0.0777775044937985]], "T": [0.02139213904491486, -0.07615889675091458, -0.08233646033871435], "aligned_model": [[0.22046664633100463, 0.5155845544494726, 0.38524801768775496, -0.3290726345519365, -0.2462679171323661, 0.5443639154748834, -0.3106831692667942, -0.6360134120301582, -0.3581453983857024, -0.039662420064565405, 0.01775017119478637, 0.32764509506166567, 0.910464194899309, 0.08078132492492152], [0.18226713051526683, 0.4793542178116791, -0.4048577897664231, -0.3172889356618255, -0.7908423667391579, -0.4855362852459435, -0.32566800064672796, 0.20558741366985572, 0.16868823956752163, 0.6415232856100708, 0.697413241407418, -0.1311782239864888, -0.031387504640819575, 0.03912206019633749], [-0.7890229148584121, -0.03426169720202592, -0.3319924260248528, -0.47103826216639777, 0.06893786809468876, 0.1715824411108654, 0.3373845618057661, 0.005001983762926682, 0.7233088049733828, -0.37589532627292555, 0.2761841853871988, 0.5455481185344161, 0.0018473052573155374, 0.025053178491304492]], "inverted": false, "swapped": false, "error_lsq": 0.04948344075444894, "error_max": 0.3214990616900601, "target": "873.xyz", "model": "12.xyz", "model_rescale": 4.124412569039231, "target_rescale": 3.922918949549073},
{"mapping": [9, 7, 3, 10, 0, 1, 8, 12, 6, 11, 2, 4, 13], "R": [[0.2107814226003064, -0.6397227283000632, -0.7391387033452619], [-0.8027098086819805, -0.5447926307802575, 0.2426065796578168], [-0.5578782617492186, 0.5421769271592529, -0.6283438745812844]], "T": [0.1251035310885846, 0.15651163135893348, -0.0034189936790226545], "aligned_model": [[-0.1481766813307627, -0.14325067251842252, 0.6437677170255269, -0.5370380331814235, 0.6175034511407641, 0.20719689092916396, -0.5483824481633098, 0.14311082874412234, 0.02804523533488687, -0.3134272216873023, 0.6660336168538317, 0.5791815338002851, 0.17273409056239758], [-0.29714864079941244, 0.5670014734537294, 0.5759751020388226, -0.23484847956118354, -0.10983143170388171, -0.6545753923141187, 0.509542634954433, -0.39981928485404733, 0.7247440909779677, 0.10212677305299556, -0.14318698193056428, 0.5790444656235293, 0.1284610475702075], [0.5106247943292062, 0.5299971863698638, 0.37158218237334867, -0.04122279223229092, 0.4116866938222883, 0.1391738563148424, -0.08286576145536612, -0.42157779925747085, -0.1858243583101344, -0.605727095675592, -0.29200610504361024, -0.33541435440722095, -0.04672836586002468]], "inverted": false, "swapped": true, "error_lsq": 0.03175760096190508, "error_max": 0.17155966423244595, "target": "873.xyz", "model": "13.xyz", "model_rescale": 3.9028299243045295, "target_rescale": 3.922918949549073},
{"mapping": [1, 6, 2, 12, 8, 0, 5, 14, 10, 9, 7, 4, 3, 15], "R": [[0.6496358834925249, 0.5152006080189906, 0.559054158714296], [0.7567794322362646, -0.36809669607858964, -0.5401756318829866], [-0.07251282523142932, 0.7739981626805642, -0.629022045992084]], "T": [0.04685248399382265, -0.05690644745073969, -0.03679493243287318], "aligned_model": [[0.135259758828412, 0.449302633143528, 0.4994330959331853, -0.45458587495962105, 0.03078073648834463, 0.6046446560454727, -0.21225877474623672, -0.6953447840366338, -0.3135700156984033, -0.043986171200602095, 0.19294621922026955, 0.2120726713087872, 0.6305990568688637, 0.04716576139690907], [0.08441103529540334, 0.3932536980790864, -0.4640947292644557, -0.37718149252208233, -0.8282472405906826, -0.5715655452525418, -0.3981075613567532, 0.42457887448615766, 0.27204901502662604, 0.7062869179028964, 0.6985884482199656, -0.12396373859208726, 0.05480552959919408, 0.056383271060036384], [-0.6648174468138633, -0.3192803003285975, -0.450942566020185, -0.3976602211979649, -0.07260330195716291, 0.29668717367248676, 0.2434638571145562, -0.05591959897642051, 0.526442608459852, -0.13744125509953697, 0.4412343961446373, 0.617092583345721, 0.1514862882939711, -0.02510439574424271]], "inverted": true, "swapped": false, "error_lsq": 0.03865920886827676, "error_max": 0.20339195003530763, "target": "873.xyz", "model": "14.xyz", "model_rescale": 3.942246331269136, "target_rescale": 3.922918949549073},
{"mapping": [4, 13, 3, 10, 5, 1, 2, 6, 7, 11, 8, 0, 12, 14], "R": [[-0.4031907250255465, -0.8983352585739235, 0.17444484072707991], [-0.34842201703925485, 0.32696453418929955, 0.8784624587452055], [-0.8461910761144149, 0.2934074923809828, -0.44482885036723085]], "T": [0.006942546608935396, -0.013794199161049127, -0.06752365003079536], "aligned_model": [[0.13251036707414104, 0.5866845190385519, 0.4479324610984812, -0.4447191266180274, -0.012806069025477443, 0.5758697434578617, -0.18081262847641894, -0.4203244628954375, -0.520218309797321, -0.10116792315012309, 0.010414092515676876, 0.1382857879976747, 0.8206195078667953, 0.050191009505897846], [0.0130947531381137, 0.46165491282768145, -0.49231368083034704, -0.03143853389874984, -0.6358944811059524, -0.5271376441736808, -0.44238320902547346, 0.33107715452998704, 0.08641982555066596, 0.6386160587863358, 0.5967679194308133, -0.040818253057864684, 0.009594730579015135, -0.04004307065978078], [-0.6395146321541816, -0.3818121064173791, -0.3726382702673485, -0.6195118079043553, 0.05649566126269015, 0.19599444788432907, 0.5355579145121665, 0.03875918645244526, 0.5980874142200487, -0.34462292161058944, 0.40791590869084177, 0.6554812851672565, 0.0063615233569553065, 0.01608421770037126]], "inverted": false, "swapped": false, "error_lsq": 0.05132144978844627, "error_max": 0.34135197137503465, "target": "873.xyz", "model": "15.xyz", "model_rescale": 4.355366556412066, "target_rescale": 3.922918949549073},
{"mapping": [12, 11, 10, 3, 9, 2, 7, 4, 8, 5, 6, 13], "R": [[-0.09530942662395941, -0.17798564785301396, 0.9794065664242585], [-0.7889596737580622, -0.5864512221319986, -0.1833510219318607], [0.6070080282666651, -0.7901873658938294, -0.0845291689394102]], "T": [-0.13614796204071913, 0.016973056778908792, -0.09729472603499943], "aligned_model": [[-0.1007376469795643, 0.5145935999522637, 0.14511910401395775, -0.5375736236272413, -0.4890505833164105, -0.4101112941420496, -0.14967973865199274, -0.02989139774240318, 0.485704781423415, 0.03984012123341418, 0.27875914224737264, -0.14916390977898078], [-0.5814176678813193, -0.32643356593685147, -0.5755154822535592, 0.6656237029070093, -0.3671804373970283, -0.13746550854360634, 0.42403779289586685, 0.4783344796327947, 0.08683567055082206, -0.1080405092508741, 0.45638149285906343, -0.0023835398413373683], [0.2567671160405073, 0.0317374197417067, -0.5008656410010826, -0.03648518281576683, -0.6194216893626572, 0.5083453977550791, -0.6965975725377351, 0.42308679570565755, -0.536549120778778, 0.7288206678129471, -0.07852029932253558, -0.031059430027921428]], "inverted": false, "swapped": true, "error_lsq": 0.048778204470175564, "error_max": 0.2909885185085143, "target": "873.xyz", "model": "16.xyz", "model_rescale": 3.795458400668931, "target_rescale": 3.922918949549073},
{"mapping": [2, 5, 4, 1, 3, 11, 12, 0, 9, 8, 6, 7, 13], "R": [[-0.42483705564502255, -0.6874979412818094, -0.5889482633340061], [-0.43530660499312046, -0.415282024891762, 0.7987796939401761], [-0.7937390224754176, 0.5957242823110971, -0.12284520204182492]], "T": [-0.0849846855664529, 0.09813662714897439, 0.052618722773689605], "aligned_model": [[0.10070149605997182, 0.013235168707771583, 0.43591002409490476, -0.4515762123882606, 0.6505556950381824, -0.6017637674351619, -0.4874238764622762, 0.24657156522854956, -0.43901704535972763, -0.4305000560643608, 0.12144331512386645, 0.06427529784326348, -0.0737798034825003], [-0.2180262093171779, 0.19807790160594327, 0.3948923292857226, -0.6291972552007257, 0.023291122502869493, 0.5305846582959187, -0.13495649655118191, -0.5128875445216151, -0.3860231056823702, 0.6887538180483137, 0.6641151912332601, 0.2674708635474391, 0.07768599222408952], [-0.5229408659137701, -0.7896588104567773, -0.3155476836507714, -0.09411326630390095, 0.25001811989376405, -0.26982517091003044, -0.46545022157719773, 0.10190314727111688, 0.4827131011936861, 0.3936707792438178, 0.10395977373299428, 0.7411650784610808, -0.013618950147716094]], "inverted": false, "swapped": true, "error_lsq": 0.04376448940714329, "error_max": 0.2550623979811368, "target": "873.xyz", "model": "17.xyz", "model_rescale": 3.7474275329858107, "target_rescale": 3.922918949549073},
{"mapping": [8, 3, 0, 4, 6, 2, 9, 5, 12, 10, 11, 7, 1, 13], "R": [[0.22290684182261233, 0.3181956919622194, -0.9214467111479392], [-0.9670112348855403, 0.1917248394548196, -0.1677225612169293], [0.1232956263369136, 0.9284358284516536, 0.35043558748146597]], "T": [0.10662735407427372, 0.036104274832563926, 0.04153494260224497], "aligned_model": [[0.030279058784522625, 0.4924094724479981, 0.49894503974815707, -0.35061250977414643, -0.09315402646905806, 0.4509221823031595, -0.3506717943090846, -0.5788434509790381, -0.4153810955628504, -0.16165052839087085, 0.3742593124126501, 0.24079220088557735, 0.7954100079338354, 0.14975509956142322], [0.18901928443755506, 0.490650426631808, -0.46376888052195087, -0.39731597993746925, -0.7076031324246561, -0.5594603201947885, -0.3724100663960086, 0.19778125669986316, 0.25308656991910383, 0.6505947660702315, 0.6166503218868434, 0.03442530132100022, 0.05409208794776944, -0.05854515334853788], [-0.6567790189240549, -0.28273212994261676, -0.5019317563262896, -0.4991168970168982, -0.003024050196918565, 0.2164538044051687, 0.30933652541033085, -0.1234204017311209, 0.531088602010408, -0.12237901172125021, 0.3778028178619407, 0.7827611273558223, 0.10296222588246559, 0.021615983826263556]], "inverted": false, "swapped": false, "error_lsq": 0.03843626499074692, "error_max": 0.24534320154373065, "target": "873.xyz", "model": "18.xyz", "model_rescale": 3.922800546911778, "target_rescale": 3.922918949549073},
{"mapping": [8, 4, 13, 5, 12, 7, 3, 1, 2, 6, 10, 9, 11, 14], "R": [[0.5691921014585776, -0.2740462663413359, 0.775189651338008], [0.3023433085806764, -0.8069976327251753, -0.5072901975521048], [0.7645971981335392, 0.5231189775570536, -0.37648062357311907]], "T": [-0.0013016831832860648, -0.011044139932821759, -0.0555595966136881], "aligned_model": [[-0.03263480989401098, 0.5231533664326448, 0.5811446767863916, -0.5582062989378807, 0.04006521952391261, 0.4374061774070703, -0.1893281824281195, -0.6121967552880245, -0.24441224512682946, -0.03512178241854903, 0.3042100315080019, 0.16080207521760814, 0.6633967911020798, 0.04418070470798044], [0.060808524400513916, 0.4518349744499593, -0.21462902533005512, -0.39673698053387335, -0.766467983758397, -0.5637492298756951, -0.5031056317974116, 0.4048410254301011, 0.24822503477948266, 0.6329807218554754, 0.6099474462181954, -0.010430281208464703, 0.04644297966997675, -0.07276509220904392], [-0.6623924268234169, -0.2414546355273962, -0.3574257573804316, -0.40717302332836086, -0.2705889902014475, 0.31895811413725667, 0.30730507153524084, -0.09833533792867295, 0.5663774681310346, -0.3002143537703674, 0.3587261615042313, 0.7422280822863779, 0.19366877683380912, 0.0029586714253935914]], "inverted": false, "swapped": false, "error_lsq": 0.04495109690915413, "error_max": 0.2730358202143817, "target": "873.xyz", "model": "19.xyz", "model_rescale": 3.9282355846067225, "target_rescale": 3.922918949549073},
{"mapping": [4, 0, 3, 8, 6, 5, 7, 9, 12, 11, 10, 2, 1, 13], "R": [[0.30519787501783013, 0.7793850857365942, 0.5471865725837604], [0.30200087764010297, 0.46572694426750816, -0.8318015888947659], [-0.9031332830702281, 0.4191149025203127, -0.09323610618306746]], "T": [0.0010059531793616405, -0.08891216097712668, -0.005905747178705048], "aligned_model": [[0.07632004546641541, 0.5376452619244776, 0.6139709788900034, -0.5400829861347085, -0.009887819700963973, 0.45561740613135865, -0.24384029341941324, -0.5921278176082738, -0.5835662563203361, -0.044414138340651166, 0.13039475625549274, 0.4268564996260426, 0.7242242020965928, 0.13134912972623902], [0.009462918072068116, 0.40397900279831267, -0.29441451359884996, -0.18279424249977186, -0.7262616765146166, -0.5789970674272695, -0.35995234560994416, 0.26445233971450116, 0.23406183169271666, 0.553940103783108, 0.615550882092224, -0.054148595260753815, 0.04448100922911513, -0.002163164380076202], [-0.6255975869384794, -0.33647123415291363, -0.39113000584376667, -0.5322426104603257, -0.14912227839498235, 0.19617187049138918, 0.498757814236544, -0.047746933108147066, 0.5201716969368043, -0.3190209852379625, 0.4728684246178337, 0.6984798126886338, 0.1378385496891535, 0.029681286369468797]], "inverted": true, "swapped": false, "error_lsq": 0.03926673144798907, "error_max": 0.23522429082195556, "target": "873.xyz", "model": "20.xyz", "model_rescale": 4.067790424073018, "target_rescale": 3.922918949549073},
{"mapping": [11, 13, 6, 3, 2, 4, 0, 12, 7, 10, 1, 8, 5, 14], "R": [[-0.8930907167985589, 0.2838975064572318, 0.3489859272171336], [0.4467454051319817, 0.651033374388813, 0.6136563276178101], [-0.052985984577980774, 0.7039586289401399, -0.708261769530885]], "T": [0.08396192653963948, -0.011273229859134887, 0.011282805988038358], "aligned_model": [[-0.026610427303527542, 0.4896788205088061, 0.4406089223667036, -0.41450154482261514, -0.018452851159826325, 0.5939723229701029, -0.4069320707987308, -0.5802252113532634, -0.2160996330502702, 0.02266808802418173, 0.24813683390463626, 0.25180741192104034, 0.6366465471009168, 0.061761760284120795], [0.153573124378273, 0.4764983073924451, -0.45153945867692263, -0.4533424729997585, -0.7483164561493822, -0.5741908161972007, -0.37976737587515896, 0.2396272500132501, 0.199813225965038, 0.7696672300337921, 0.6422094679721961, -0.07707810126600388, 0.0706080603901584, 0.059434497110037635], [-0.6040477458614246, -0.2846838044132706, -0.4646641141884295, -0.5177294515612425, 0.011936585281232126, 0.2671845083279143, 0.36862462728808737, -0.276672506439304, 0.6609515876243786, -0.22884608651749308, 0.47959046629864943, 0.5522684884799698, 0.20181176798603437, -0.013086501411851576]], "inverted": false, "swapped": false, "error_lsq": 0.03804155106842862, "error_max": 0.26083491701830097, "target": "873.xyz", "model": "21.xyz", "model_rescale": 4.186013935880536, "target_rescale": 3.922918949549073},
{"mapping": [1, 9, 0, 5, 11, 2, 12, 10, 3, 7, 8, 6, 13], "R": [[-0.18290249234751138, 0.8434919976439248, 0.505042501383527], [0.9448790281802841, 0.00891677268112584, 0.3272982023629752], [0.27157006535726735, 0.537067724850055, -0.7986287989587123]], "T": [0.03607765986313813, 0.05079728178479568, 0.046799715873834344], "aligned_model": [[-0.07458052651544225, -0.4346219756253541, 0.3534539330532652, 0.5946084533017754, -0.24573559182639762, 0.5635911941656513, 0.04860779969628078, -0.6591980570386478, 0.5185785211204249, -0.27027611334845436, -0.5183420612516006, 0.09594579465868927, 0.08654266503303527], [-0.3961401779728292, 0.10148580648847857, 0.19467823577905696, -0.5359804684045978, -0.4460981452461343, -0.3380347520325843, -0.6332123298831834, -0.27646712402602414, 0.635791554049333, 0.7068333763293119, 0.20177073242197616, 0.3019357600855102, 0.0023941919577796233], [-0.6409036165471323, -0.5194186692382721, -0.5567560914867264, 0.316618295223022, 0.5281708922458442, -0.14358478439998879, -0.08226997277383556, -0.003330124684403038, -0.055975005496606625, 0.07530793378211914, 0.5511327731885367, 0.5935404488894216, 0.04034748263336675]], "inverted": true, "swapped": true, "error_lsq": 0.040927893681193546, "error_max": 0.2852372491108146, "target": "873.xyz", "model": "22.xyz", "model_rescale": 4.166573947596378, "target_rescale": 3.922918949549073},
{"mapping": [12, 2, 6, 14, 13, 5, 10, 9, 8, 3, 4, 0, 1, 15], "R": [[-0.18678304785987992, 0.42557399971568566, -0.8854371032423294], [0.31181122422288976, -0.8290133345565428, -0.4642312479530697], [-0.9316039144834014, -0.36279975453882995, 0.022146887496173773]], "T": [0.0035096008610886326, 0.06409094029405772, -0.0512853410197548], "aligned_model": [[-0.0013425749310598048, 0.527152224770927, 0.6352180583819838, -0.4696300936815169, -0.07253376184504425, 0.43967674532796563, -0.427530801476933, -0.5576495143594433, -0.35522621244947383, -0.045700231942135947, 0.26396500934767775, 0.3939520103680306, 0.6864046163307197, 0.0657034947505778], [-0.06897983592669311, 0.45352904587383996, -0.12404299709652862, -0.4383408537857151, -0.7789494224535722, -0.598359227870644, -0.4982167195029463, 0.26268030447307333, 0.39366680409748767, 0.6622848727423906, 0.5699794804852072, 0.026783286614220456, 0.023682265511506942, 0.04147947892913683], [-0.6928848891300273, -0.2154365016502589, -0.43162424024694424, -0.43816889580873336, -0.033579617017826136, 0.1976724425249948, 0.19152219673385737, -0.12946384268087704, 0.5942899887968501, -0.08547691240134436, 0.41357300133622094, 0.664898034013018, 0.14901592636563096, -0.031698869941310555]], "inverted": false, "swapped": false, "error_lsq": 0.04154833620783805, "error_max": 0.2834423312718041, "target": "873.xyz", "model": "23.xyz", "model_rescale": 4.274766983524099, "target_rescale": 3.922918949549073},
{"mapping": [5, 0, 3, 6, 7, 8, 11, 10, 12, 9, 13], "R": [[0.9563647378683793, 0.12930358126857522, -0.26200586259293435], [-0.29180811382120225, 0.3777593637646066, -0.8787183210769379], [-0.01464625788585397, 0.916830653370229, 0.39900756906437307]], "T": [-0.04599000565325121, 0.13214882248144233, -0.03673391443082844], "aligned_model": [[0.4000251003164524, 0.22402255807701163, -0.37417181292226637, -0.5341906506532285, -0.6593770133052129, -0.5510569538203882, 0.04596649856648182, 0.11125655645915991, 0.5862222886429539, 0.12406863337958435, 0.00712949921752689], [-0.37904011346142286, 0.7336760263488484, 0.5791860682694365, -0.17420978427179812, 0.45398029015523095, -0.23938843467028892, -0.5636469872582686, -0.05963536194319627, -0.14343347525264666, 0.5941050510612393, 0.11399325226634949], [-0.5552155805627845, -0.2624932525328933, -0.5640311980432499, -0.21944869838477668, 0.17593859308534102, 0.40075149912708646, 0.21910622345648437, 0.6923172909359823, 0.05838259256113789, 0.5131817474585446, -0.07892278307929473]], "inverted": false, "swapped": true, "error_lsq": 0.05183490301791029, "error_max": 0.26701381514397443, "target": "873.xyz", "model": "24.xyz", "model_rescale": 3.7841303162186577, "target_rescale": 3.922918949549073},
{"mapping": [5, 2, 12, 3, 13, 14, 11, 6, 7, 1, 0, 10, 9, 15], "R": [[0.9462348746990751, -0.306695355276295, 0.10284707557909961], [0.08642757865739703, 0.5460779482466162, 0.8332641526467977], [-0.3117207653504099, -0.7795747773566775, 0.5432249358770651]], "T": [0.09953947959761128, 0.10500879531747585, 0.06073921493435812], "aligned_model": [[0.17687536687638078, 0.5567214182899356, 0.4506354467218964, -0.38111161316271847, -0.019347900744153143, 0.5819042485882413, -0.4247106584508324, -0.6025873200434193, -0.2689143503350319, -0.014889021981004377, -0.0045044006127975544, 0.3297611159735204, 0.6684695996311114, 0.034157037841146015], [-0.07555951307550691, 0.319422273190321, -0.3952284785453436, -0.2541236869802634, -0.6595225967123028, -0.504997749612698, -0.3800907360457563, 0.17177734645576775, 0.21139740418879271, 0.832291526079255, 0.6862494436466045, -0.09410291079409956, -0.030090897486240373, 0.09977505778223365], [-0.7941017012521482, -0.499443401153664, -0.3883333829109047, -0.4768482428993566, -0.054835603549263104, 0.2173125430893455, 0.34228460486295614, -0.09606119975822631, 0.5858380620199826, -0.044152831310177956, 0.4996744368889077, 0.7767054375391224, 0.04634129671219317, 0.03825780261448368]], "inverted": true, "swapped": false, "error_lsq": 0.04092930209174026, "error_max": 0.23121561963860882, "target": "873.xyz", "model": "25.xyz", "model_rescale": 4.19342608120988, "target_rescale": 3.922918949549073},
{"mapping": [12, 11, 10, 3, 9, 2, 7, 4, 8, 5, 6, 13], "R": [[-0.09530942662395941, -0.17798564785301396, 0.9794065664242585], [-0.7889596737580622, -0.5864512221319986, -0.1833510219318607], [0.6070080282666651, -0.7901873658938294, -0.0845291689394102]], "T": [-0.13614796204071913, 0.016973056778908792, -0.09729472603499943], "aligned_model": [[-0.1007376469795643, 0.5145935999522637, 0.14511910401395775, -0.5375736236272413, -0.4890505833164105, -0.4101112941420496, -0.14967973865199274, -0.02989139774240318, 0.485704781423415, 0.03984012123341418, 0.27875914224737264, -0.14916390977898078], [-0.5814176678813193, -0.32643356593685147, -0.5755154822535592, 0.6656237029070093, -0.3671804373970283, -0.13746550854360634, 0.42403779289586685, 0.4783344796327947, 0.08683567055082206, -0.1080405092508741, 0.45638149285906343, -0.0023835398413373683], [0.2567671160405073, 0.0317374197417067, -0.5008656410010826, -0.03648518281576683, -0.6194216893626572, 0.5083453977550791, -0.6965975725377351, 0.42308679570565755, -0.536549120778778, 0.7288206678129471, -0.07852029932253558, -0.031059430027921428]], "inverted": false, "swapped": true, "error_lsq": 0.048778204470175564, "error_max": 0.2909885185085143, "target": "873.xyz", "model": "26.xyz", "model_rescale": 3.795458400668931, "target_rescale": 3.922918949549073},
{"mapping": [7, 10, 8, 6, 5, 0, 9, 3, 1, 11, 2, 12, 13], "R": [[0.024410732063822882, 0.4164871332435971, 0.9088138335229271], [0.8139286994697732, -0.5361170220964127, 0.22382718958589104], [0.5804517106009354, 0.7342458760258752, -0.35207783968810524]], "T": [-0.1346665252016459, -0.11612374757793775, -0.13604859669699748], "aligned_model": [[-0.0863802330466101, 0.506876965806467, 0.5130441396733327, 0.006569576582750036, -0.2608008925937747, -0.7361263611697056, -0.05235598285348045, -0.7640775523161942, -0.24133636263599817, 0.49205248566219006, -0.5280144578582973, 0.013060926076244705, -0.16283586850566747], [-0.8080907477268316, -0.19366114087404157, -0.38926004416582843, -0.1629394557034088, 0.7141915694125167, -0.2300003437963513, -0.527386738808626, -0.3958486922488233, 0.03526727588487738, 0.28075905333111745, 0.4202184794641828, 0.43117256287354755, -0.052540274385416474], [-0.3455690369632556, 0.28279888929804137, -0.43670371598170526, -0.7220868301007379, -0.2901051993862761, 0.19709885842759817, 0.4712556595757003, -0.46949085155470177, 0.6705718247942438, -0.2240787474312258, 0.01666537354030323, 0.2680905952791756, -0.1263101573977345]], "inverted": false, "swapped": true, "error_lsq": 0.05147420874090906, "error_max": 0.24668359062494552, "target": "873.xyz", "model": "27.xyz", "model_rescale": 3.6321398670334006, "target_rescale": 3.922918949549073},
