[{"mapping": [7, 10, 11, 9, 4, 2, 8, 12, 5, 6, 1, 13], "R": [[-0.36242918667399104, 0.6058239323967947, 0.7082530957095164], [0.6725576099816943, -0.3560811248502038, 0.6487468641782592], [0.6452219353854459, 0.7114658076539573, -0.2783973035730806]], "T": [0.12203382276339203, -0.0017891090937522062, 0.06197442322039429], "aligned_model": [[-0.6075259425172455, -0.24713097303762732, -0.12978227454797386, -0.2298260573568675, -0.7091025793619011, -0.04866645425899899, -0.5196985480371525, 0.3227365074910033, 0.389575305981063, -0.1731983607539841, 0.6902172306973696, -0.02471330701750274], [-0.18663538279208106, -0.5731401497540075, 0.11983005265689767, -0.6398183897962934, 0.20681952730731665, -0.05668615022470038, 0.3671115938688531, -0.48423704931974865, 0.6044773018678983, 0.6360239633121701, -0.1026605438913352, -0.0441104103154594], [-0.008515905612521468, -0.6814664059780432, -0.5774466223147232, 0.13850176142172638, 0.4851752555591198, 0.8097083168678936, -0.18836727774672005, -0.18718862638453443, -0.30307879774740576, 0.36293742206133683, 0.06803099100916339, 0.005281834468689094]], "inverted": true, "swapped": false, "error_lsq": 0.041935780900135645, "error_max": 0.22536374374880364, "target": "874.xyz", "model": "0.xyz", "model_rescale": 3.8414455957264533, "target_rescale": 3.9515529001322474},
{"mapping": [12, 11, 1, 13, 8, 9, 10, 0, 5, 6, 4, 14], "R": [[-0.6040721487737064, -0.7454166142459439, 0.2818703785111706], [0.6080247248462903, -0.6597364788825693, -0.4416488564541089], [0.5151725662838715, -0.09540361438510961, 0.851760164195736]], "T": [0.03201311400924334, 0.02373191959975101, 0.062341030001363845], "aligned_model": [[-0.6713849407146911, -0.36945171313680863, 0.12501630477257467, -0.29363941816083455, -0.6795362408271245, 0.01510222436974562, -0.418320377668993, 0.41214660684699683, 0.11896764086131473, -0.08898260493142067, 0.5487659634829444, 0.01420110238647947], [-0.09094791015347725, -0.50715733432297, -0.11601877015151046, -0.6263633779539582, -0.006996439823189302, -0.1556414516443902, 0.4862854617338497, -0.5642919865400631, 0.6603097594419863, 0.6662348825103593, 0.06554040790847777, 0.036021121914394924], [-0.21036624369229476, -0.4698694497563546, -0.7863744950072387, 0.27722130603688155, 0.4044750403828138, 0.7204055370928445, -0.16487091366022347, -0.12539224605328655, -0.08439120593954688, 0.48963150781799347, -0.10208456932653975, -0.024812322291068]], "inverted": false, "swapped": false, "error_lsq": 0.045122050449197044, "error_max": 0.26857656259951146, "target": "874.xyz", "model": "1.xyz", "model_rescale": 4.316132596720782, "target_rescale": 3.9515529001322474},
{"mapping": [9, 7, 10, 5, 0, 4, 1, 3, 8, 2, 6, 11], "R": [[-0.22384598725731786, 0.5444747997446736, -0.808356460004987], [0.758139982507403, -0.4239333351867811, -0.49548389907350854], [-0.6124677468344525, -0.7237594350061419, -0.31789233920797627]], "T": [-0.15244135979040735, -0.009631286093507876, -0.04071556655655942], "aligned_model": [[-0.7950521946746314, -0.1991936737400054, 0.10322213854640366, -0.4546198443207711, -0.5707537030907286, 0.21127189024998422, -0.48577757258621906, 0.20381159615911604, 0.14507089085609642, -0.06600860805973613, 0.6670627628093144, -0.04614913486864028], [-0.1611620166628914, -0.7250184891646909, 0.1274135502706784, -0.5222257433783931, 0.04809057754169472, -0.11116125677008944, 0.4098840286873921, -0.5603489768705443, 0.6669208540296471, 0.6516379103020083, 0.04431762209048307, -0.021373697155784653], [-0.3784155189026055, -0.575969235952767, -0.6002606380507028, 0.20766915069622308, 0.5298955343585193, 0.6313960818592458, -0.12726689992603962, -0.012239870225361164, -0.24270511634298295, 0.46522695100022193, -0.0007346792811943892, 0.026976186371424404]], "inverted": false, "swapped": false, "error_lsq": 0.0481501871445881, "error_max": 0.245856362753696, "target": "874.xyz", "model": "2.xyz", "model_rescale": 3.795458400668931, "target_rescale": 3.9515529001322474},
{"mapping": [9, 9, 5, 8, 7, 1, 4, 6, 10, 0, 2, 11], "R": [[-0.9616453324980947, -0.06239126779884467, 0.2671059418790267], [-0.25869698769857474, 0.5300040044703147, -0.8075714357263476], [-0.09118181310059928, -0.8456968043855219, -0.5258163101424336]], "T": [-0.021497475093955373, 0.022231311206215458, 0.03162407922655132], "aligned_model": [[-0.6576633716234785, -0.6576633716234785, -0.07258635019229753, -0.154326483023344, -0.7218007682260489, 0.14086550538255832, -0.3166499602480891, 0.3192050373594495, 0.32558250701684494, -0.12106038596238636, 0.7326068259124855, -0.10362463749203248], [-0.3828112589298951, -0.3828112589298951, 0.01095074832885317, -0.7289699305340435, -0.00810830609625613, -0.13343166947461088, 0.543904081119508, -0.45723973483663116, 0.5564512673881858, 0.6152489498436743, 0.10078620566836521, 0.11300526937225516], [-0.3994073712241033, -0.3994073712241033, -0.6691521270558681, 0.20078697732102951, 0.33486837326397717, 0.6195663731432207, -0.1957462463701023, -0.004784856976251958, -0.33328037379514475, 0.5322489399955688, 0.14511920323902155, 0.09276042528673692]], "inverted": false, "swapped": false, "error_lsq": 0.05887491700029618, "error_max": 0.3929109394739171, "target": "874.xyz", "model": "3.xyz", "model_rescale": 3.7530521520055578, "target_rescale": 3.9515529001322474},
{"mapping": [6, 4, 9, 5, 8, 3, 2, 0, 1, 7, 11], "R": [[0.8945396791571777, 0.13995937078997966, 0.42451164523655527], [-0.056549361932763824, -0.9066486090395058, 0.4180795012814273], [0.44339703661433194, -0.3979945656096357, -0.8031185427238163]], "T": [0.11189546771498579, -0.06450913454820745, 0.07448001157637167], "aligned_model": [[-0.3643328200141034, -0.28553208860043544, 0.23890506420127736, 0.49951640851345713, 0.31209142477415486, -0.11881244134587249, -0.15753962892467135, -0.6442827420542935, -0.5432322463005208, 0.31273306841727866, 0.08868560377893389], [-0.5171605594494804, 0.024012402642233366, -0.45315421057742555, 0.3067770848307666, -0.6154353821436169, 0.6158089863206311, -0.4526728873824116, 0.018368985019053083, 0.27336265519077213, 0.2971862920306055, -0.029890008166781105], [-0.1520866519031399, -0.6217021062688758, -0.6261061690808402, -0.414476293046374, 0.12335562086357942, 0.07415584047845757, 0.6171209394322942, -0.05389493671657432, 0.5957145464578496, 0.5435718499602726, 0.0071781370686669205]], "inverted": false, "swapped": true, "error_lsq": 0.048936990845427464, "error_max": 0.2101132770862099, "target": "874.xyz", "model": "4.xyz", "model_rescale": 3.7855080009869324, "target_rescale": 3.9515529001322474},
{"mapping": [3, 2, 1, 14, 10, 8, 5, 12, 4, 7, 11, 16], "R": [[0.41900167156039453, 0.20244986638010654, -0.8851280420550875], [0.8074640471741319, -0.5289076298672897, 0.26126333762956133], [-0.41525824705930564, -0.8241788462893498, -0.3850841694725837]], "T": [-0.07624539705306665, -0.061170149938791836, 0.08232128187599659], "aligned_model": [[-0.7045927349370498, -0.39068393356904896, 0.24035023385630305, -0.14624308151924675, -0.6286467515816555, -0.006664936334063953, -0.6103491411863577, 0.3765242921889812, 0.13230162493415232, -0.16181399799732482, 0.7089067650669647, -0.09620379164147089], [-0.09943363055464927, -0.4654537985001917, 0.0046940967341526155, -0.7333465821996102, 0.12711561769680912, -0.00025623546282280835, 0.5090135776384056, -0.5076371542704714, 0.5715299891437169, 0.6403719488888341, -0.08907026136986851, -0.11055320482479486], [-0.21116148495114095, -0.4500966233810126, -0.6021734562255273, 0.051071216030303866, 0.5186302174882961, 0.7800016732250484, -0.12916619276086183, -0.16002575350283488, -0.23892544182805114, 0.33109059264579505, -0.04094223422148356, 0.07526943308545037]], "inverted": true, "swapped": false, "error_lsq": 0.04264869128109552, "error_max": 0.2622922502995794, "target": "874.xyz", "model": "5.xyz", "model_rescale": 4.2253639853439635, "target_rescale": 3.9515529001322474},
{"mapping": [11, 12, 6, 9, 8, 1, 5, 0, 2, 10, 4, 13], "R": [[0.1042627956551303, -0.8073226024486896, -0.5808265532993924], [-0.9158235362985127, -0.30566131646750444, 0.26045807719677094], [-0.38780990163205425, 0.5047785407392309, -0.7712341440868066]], "T": [-0.06079978364181825, -0.041254615542406864, -0.031245676744728636], "aligned_model": [[-0.7220180057501989, -0.4572587248078454, -0.08523401651387884, -0.24681824997383, -0.61513787523171, 0.2237549298710076, -0.4096017470786575, 0.3893924399092997, 0.16837382660907857, -0.1070282621257331, 0.5897907782045183, -0.01533054583186802], [-0.038978973549958135, -0.6770064475125975, 0.12314800439756485, -0.5276116811559117, 0.007501985084117993, -0.10357210058260469, 0.4794372760443122, -0.7031942365383522, 0.5687657745710769, 0.582418366886898, 0.16812375124517673, -0.03205735597021237], [-0.4415371256180179, -0.5880074575676321, -0.6526092699362965, 0.28726705831729393, 0.4547553003186035, 0.6424389141686786, -0.12045560214059, 0.01593005151084684, -0.19101486040539467, 0.43502400182544976, 0.15261278121779812, -0.07083184608675822]], "inverted": false, "swapped": false, "error_lsq": 0.049849946655241256, "error_max": 0.2742792386128391, "target": "874.xyz", "model": "6.xyz", "model_rescale": 3.89814844738969, "target_rescale": 3.9515529001322474},
{"mapping": [2, 1, 5, 0, 4, 7, 10, 6, 9, 11, 8, 12], "R": [[0.8758423306212583, 0.385710662814946, -0.2900474038545727], [-0.014334672868151044, -0.5799556117702144, -0.8145219490781076], [-0.48238442040107976, 0.7175505368732514, -0.5024206384964922]], "T": [-0.08301671113918327, -0.07601764101415749, 0.12300946607223143], "aligned_model": [[-0.737184329466373, -0.3434717944829395, -0.03734269355207945, -0.18142334014063005, -0.6119975903830146, -0.04147999033332514, -0.45366076406087374, 0.42046797755004395, 0.2956721083193665, 0.0738945792593618, 0.5392348976746192, -0.20982451310397318], [-0.1055063219929321, -0.5862118508613245, -0.054481424472414955, -0.6601750261957757, 0.1037475138968756, -0.2567136402612565, 0.4475038863929121, -0.34149475698901205, 0.49766819643476495, 0.6285329636870796, 0.1483312100497815, 0.025773613230811315], [-0.1466996167322425, -0.4988117540808462, -0.6516044245335, 0.11369967688799468, 0.4445051998829762, 0.7530081456158829, -0.23399453870541562, -0.2422314409699068, -0.44745106451882743, 0.4895168487858601, 0.26498587492123304, 0.07864903905077238]], "inverted": true, "swapped": false, "error_lsq": 0.05333762152965863, "error_max": 0.324016588552666, "target": "874.xyz", "model": "7.xyz", "model_rescale": 3.7474275329858107, "target_rescale": 3.9515529001322474},
{"mapping": [0, 10, 5, 12, 1, 13, 3, 11, 8, 2, 9, 14], "R": [[0.3790760586884137, -0.23921548231215448, 0.8939112342684937], [0.3494590841737147, -0.8574694135489437, -0.3776566606277449], [0.8568428620334813, 0.455545999708256, -0.24145010236502007]], "T": [-0.11015532085197445, -0.054715296693479624, -0.017117772670914064], "aligned_model": [[-0.730183042329686, -0.32852552558242565, 0.12758650900148022, -0.1687817219396752, -0.7341998192705967, 0.23656137928071352, -0.38022613480656975, 0.2957112840008088, 0.25196780425560894, -0.34019213410181726, 0.5948178252413899, -0.11165187646904774], [-0.05309022851158356, -0.6761617446858107, 0.26970319651698194, -0.5538241529315114, 0.075889113380638, -0.2493917054827253, 0.4963366555782578, -0.5222599581850665, 0.5232077985576469, 0.6326965465871182, -0.06365056568798849, -0.032480592216447265], [-0.24022362508075795, -0.3931259183964534, -0.6097837221085991, 0.3407871218466427, 0.38076760292423706, 0.7891082839674156, -0.3879789843553143, -0.07328043077983133, -0.026176144169120966, 0.41082792261912404, -0.3056891925025016, 0.038339031639140084]], "inverted": false, "swapped": false, "error_lsq": 0.057481349072797026, "error_max": 0.40446963099925765, "target": "874.xyz", "model": "8.xyz", "model_rescale": 4.019505241142653, "target_rescale": 3.9515529001322474},
{"mapping": [4, 3, 5, 0, 7, 1, 8, 2, 11, 9, 6, 12], "R": [[-0.011296118546464617, -0.961725807471212, 0.2737806949907716], [-0.18390980873000118, -0.26712921269031364, -0.9459488178439401], [0.9828782121700933, -0.06103650523497278, -0.17385328604896294]], "T": [0.03307798056734687, 0.008396848241606919, 0.06285332097174708], "aligned_model": [[-0.6839550174604567, -0.16781008464176964, 0.048163465632004354, -0.41806670521642253, -0.8288142348820164, 0.1547531287545175, -0.42807280857812813, 0.24059441171970428, 0.12441052251544032, -0.0729760638291432, 0.7140555510455054, 0.030602382220947005], [-0.1942326580343009, -0.607658106030689, 0.021113671571237856, -0.42774491229574624, 0.048475534072919886, -0.15109163642292456, 0.4987537253698227, -0.5380427105405996, 0.5661338880430256, 0.5705701705974298, 0.036359401708196744, 0.02433799488113708], [-0.30101428430352717, -0.5015765562626744, -0.6080680080130486, 0.2328383652419177, 0.3369326853272551, 0.7078834627043628, 0.00783501393062322, -0.028321794143916987, -0.19760259700256194, 0.4370908882054579, -0.18923690509064928, 0.02681167501074301]], "inverted": true, "swapped": false, "error_lsq": 0.05353064714058848, "error_max": 0.2846391682877157, "target": "874.xyz", "model": "9.xyz", "model_rescale": 3.877068213659057, "target_rescale": 3.9515529001322474},
{"mapping": [9, 8, 7, 11, 14, 6, 2, 0, 4, 13, 5, 15], "R": [[-0.542171998190685, 0.6670729898980319, 0.5109433926830061], [0.2611117766645303, 0.7117204111396425, -0.6521308890508953], [-0.7986677434734751, -0.2201537701601293, -0.5600554910178712]], "T": [-0.03757533516283944, -0.002930245762876262, 0.09117964966076422], "aligned_model": [[-0.6640740641224688, -0.3058703297689359, -0.015601542859283737, -0.16940779919791465, -0.7322226587293383, 0.0437408098843496, -0.4639904825229518, 0.3443034872057267, 0.23788405661088902, -0.29864793333812506, 0.7301817147661496, 0.00658928935208624], [-0.13558804759761817, -0.4130749813806769, 0.20083749546764268, -0.7258472982374168, 0.17109652275386422, 0.04491575161048739, 0.40185073609030453, -0.6699117961674311, 0.5221282190712201, 0.6326091283269877, -0.10292532516110225, -0.0791160418567516], [-0.06865324471331699, -0.5047415091534008, -0.6989358036132628, 0.1594907975918838, 0.4021480183738957, 0.7006080869812265, -0.21651798890887727, -0.11635399117879652, -0.2352041914445833, 0.44553723519709987, -0.01627051843127822, 0.07246505490339096]], "inverted": true, "swapped": false, "error_lsq": 0.03670593563962244, "error_max": 0.21032073958595607, "target": "874.xyz", "model": "10.xyz", "model_rescale": 4.260839863003843, "target_rescale": 3.9515529001322474},
{"mapping": [0, 6, 5, 7, 1, 8, 3, 10, 4, 2, 9, 11], "R": [[-0.32365376198352125, 0.4005799411104707, 0.8571953996224235], [-0.8674339891352985, -0.4874559934784185, -0.09972426442341492], [0.3778974951580618, -0.7758365583045828, 0.5052436223757434]], "T": [-0.07958499256866067, -0.012713248027913161, 0.026486051330798805], "aligned_model": [[-0.8477896937288383, -0.3073519281931162, -0.08713309135788469, -0.33705559635026827, -0.6286812940515245, 0.1852965631414145, -0.532605726230671, 0.35949972714338563, 0.4324725835671781, -0.07188828659597732, 0.6789182794526167, -0.13079698951613197], [-0.36019010293212167, -0.5154378355472641, 0.14116121810131396, -0.5868924566953022, 0.1580044091879651, -0.13458379059425074, 0.48763754080173183, -0.4239946500568256, 0.41494557374351826, 0.5952756102659151, 0.10690365627257445, -0.03585480962774512], [-0.21673327741654785, -0.6048977834274022, -0.6314475145601741, 0.20987840069322666, 0.4653588989231891, 0.6826862794303782, -0.1931827320742464, -0.150674918701335, -0.2751889882137116, 0.3437358504626286, 0.24119013535296, 0.05284759513501597]], "inverted": false, "swapped": false, "error_lsq": 0.04352395225822306, "error_max": 0.2573076300230377, "target": "874.xyz", "model": "11.xyz", "model_rescale": 3.890672605050136, "target_rescale": 3.9515529001322474},
{"mapping": [7, 3, 8, 4, 12, 11, 5, 0, 6, 9, 1, 13], "R": [[-0.052688199038270905, 0.18300271085158662, -0.9816995270973057], [-0.9928179332787224, -0.11533551416595558, 0.031784753141100186], [-0.10740812372567338, 0.976323576993327, 0.18776519369863315]], "T": [-0.010030241051539449, 0.027218591659821788, 0.09851724800502239], "aligned_model": [[-0.7744860846150764, -0.22306759124004233, -0.04016991712828924, -0.17236316158502685, -0.7084254418106865, 0.19699576861828788, -0.5982519483071898, 0.2738437361063981, 0.4017567361971333, -0.20740882104897007, 0.7190639094300059, -0.15460263733636165], [-0.1281364483344147, -0.6116866966879211, 0.13307994271386744, -0.6409672258462801, 0.023400432196253484, 0.11902596220865425, 0.49050785549374015, -0.37130313234084555, 0.4045534024204857, 0.7259425128400286, -0.23900793881120616, -0.05843430293285231], [-0.24562842618884423, -0.5335256903686165, -0.613575456716163, 0.23354605981906412, 0.35805859723472405, 0.5999888842202223, -0.11203075831309338, -0.23207395021308835, -0.04328638346530407, 0.37895796215001765, 0.04519328906356403, 0.0879478183814984]], "inverted": false, "swapped": false, "error_lsq": 0.04736776973915763, "error_max": 0.2513365760777963, "target": "874.xyz", "model": "12.xyz", "model_rescale": 4.124412569039231, "target_rescale": 3.9515529001322474},
{"mapping": [6, 3, 0, 9, 8, 10, 1, 7, 4, 2, 5, 12], "R": [[-0.5328635381568156, 0.8451554381641082, -0.04205633180193541], [-0.4866170908004923, -0.3467104474379732, -0.8018701095428276], [-0.6922862533980185, -0.40682201388198624, 0.5960164363313647]], "T": [-0.09014495255998266, -0.09274349587667223, -0.05297486706889411], "aligned_model": [[-0.7372942881376737, -0.2918806258147641, 0.08786519886351195, -0.3565645452260862, -0.6471316642687623, 0.2640397768846741, -0.6018932479907682, 0.313646393363527, 0.3051052393230228, -0.2236628061436372, 0.6504875906954195, -0.0498324742682813], [-0.18682326101006236, -0.5090342996812052, 0.07775978100969401, -0.6194017704616044, 0.029931561320058656, 0.022682833939127497, 0.5076540429116982, -0.5257352330097101, 0.5869920552301877, 0.5889893145442857, -0.09239588522730391, -0.03364477664565599], [-0.19425313870993222, -0.5958911226462554, -0.5783398944119987, 0.19257132910453867, 0.3824705993445962, 0.5840805560388451, -0.2542229141383891, 0.15329771726513458, -0.056597314781108146, 0.4567396330376625, -0.21174890181665718, 0.04546539731754527]], "inverted": true, "swapped": false, "error_lsq": 0.050028791691442, "error_max": 0.3042357910461029, "target": "874.xyz", "model": "13.xyz", "model_rescale": 3.9028299243045295, "target_rescale": 3.9515529001322474},
{"mapping": [11, 14, 13, 9, 1, 3, 12, 10, 5, 2, 4, 15], "R": [[-0.08718936417395955, 0.9293088890446392, -0.35886348869390394], [-0.627198050384545, 0.2286665656037618, 0.7445362364376947], [0.7739642242176101, 0.28999412152248805, 0.56292343095099]], "T": [-0.0428655051683791, 0.08020938880428738, 0.12354477203408934], "aligned_model": [[-0.7029739431238329, -0.32860605061683207, -0.002239521885284604, -0.3222195269551706, -0.6510156522219624, 0.241632615394842, -0.4286408761420272, 0.3426598659365274, 0.23944696964344542, -0.2493832596279647, 0.6301660911884156, -0.055942164309973105], [-0.15765132089435072, -0.4717554590172426, 0.10234138717028049, -0.6399757801903456, 0.11000192866794695, 0.0004619882787125773, 0.41323809660618016, -0.4200240944038338, 0.30639722385798873, 0.6306359498453431, 0.004801339894929368, -0.03149689689609901], [-0.1078333195381194, -0.5063264848423686, -0.6705024909961687, 0.18788845342845223, 0.3504027869905447, 0.6725353154349386, -0.3502795961560998, -0.2720424529376845, -0.23872662277164933, 0.5668627025865, 0.1501035812660037, 0.1414900731396322]], "inverted": true, "swapped": false, "error_lsq": 0.0380759519110141, "error_max": 0.20894021045179736, "target": "874.xyz", "model": "14.xyz", "model_rescale": 3.942246331269136, "target_rescale": 3.9515529001322474},
{"mapping": [13, 11, 8, 10, 3, 5, 12, 6, 0, 1, 7, 14], "R": [[0.295995591081566, -0.8094924908921031, 0.5070586921151956], [0.7472728982313104, 0.5268902804255305, 0.4049319053397538], [-0.5949536331759409, 0.25905315976147486, 0.7608689997551115]], "T": [-0.1065417668875107, -0.12104743252731676, 0.06904626470038856], "aligned_model": [[-0.7713824967325814, -0.2796271076066602, 0.1828883434419848, -0.18453954926462746, -0.5941705491952141, 0.04399208966127506, -0.6222064863745965, 0.2400328388880723, 0.3199896373447224, -0.2748119579840463, 0.7276810880742085, -0.07496130297235468], [-0.0469235686189971, -0.5540512480399848, 0.03077065377798427, -0.7974209092684192, 0.11673941826393625, 0.11312817381463552, 0.49411151261383923, -0.44421095144958145, 0.4542892697461772, 0.590209387200457, -0.0810937348835775, -0.02857364023695981], [-0.39293025336485965, -0.4756189400228038, -0.6323968236489397, 0.2822029721917718, 0.5404521564290892, 0.6393802910534045, -0.08504989830139968, -0.228007218712446, -0.0976154378260098, 0.41896098996882747, -0.11386201404376785, 0.0680561218811147]], "inverted": true, "swapped": false, "error_lsq": 0.048725831244580915, "error_max": 0.22794105763316388, "target": "874.xyz", "model": "15.xyz", "model_rescale": 4.355366556412066, "target_rescale": 3.9515529001322474},
{"mapping": [9, 7, 10, 5, 0, 4, 1, 3, 8, 2, 6, 11], "R": [[-0.22384598725731786, 0.5444747997446736, -0.808356460004987], [0.758139982507403, -0.4239333351867811, -0.49548389907350854], [-0.6124677468344525, -0.7237594350061419, -0.31789233920797627]], "T": [-0.15244135979040735, -0.009631286093507876, -0.04071556655655942], "aligned_model": [[-0.7950521946746314, -0.1991936737400054, 0.10322213854640366, -0.4546198443207711, -0.5707537030907286, 0.21127189024998422, -0.48577757258621906, 0.20381159615911604, 0.14507089085609642, -0.06600860805973613, 0.6670627628093144, -0.04614913486864028], [-0.1611620166628914, -0.7250184891646909, 0.1274135502706784, -0.5222257433783931, 0.04809057754169472, -0.11116125677008944, 0.4098840286873921, -0.5603489768705443, 0.6669208540296471, 0.6516379103020083, 0.04431762209048307, -0.021373697155784653], [-0.3784155189026055, -0.575969235952767, -0.6002606380507028, 0.20766915069622308, 0.5298955343585193, 0.6313960818592458, -0.12726689992603962, -0.012239870225361164, -0.24270511634298295, 0.46522695100022193, -0.0007346792811943892, 0.026976186371424404]], "inverted": false, "swapped": false, "error_lsq": 0.0481501871445881, "error_max": 0.245856362753696, "target": "874.xyz", "model": "16.xyz", "model_rescale": 3.795458400668931, "target_rescale": 3.9515529001322474},
{"mapping": [2, 1, 5, 0, 4, 7, 10, 6, 9, 11, 8, 12], "R": [[0.8758423306212583, 0.385710662814946, -0.2900474038545727], [-0.014334672868151044, -0.5799556117702144, -0.8145219490781076], [-0.48238442040107976, 0.7175505368732514, -0.5024206384964922]], "T": [-0.08301671113918327, -0.07601764101415749, 0.12300946607223143], "aligned_model": [[-0.737184329466373, -0.3434717944829395, -0.03734269355207945, -0.18142334014063005, -0.6119975903830146, -0.04147999033332514, -0.45366076406087374, 0.42046797755004395, 0.2956721083193665, 0.0738945792593618, 0.5392348976746192, -0.20982451310397318], [-0.1055063219929321, -0.5862118508613245, -0.054481424472414955, -0.6601750261957757, 0.1037475138968756, -0.2567136402612565, 0.4475038863929121, -0.34149475698901205, 0.49766819643476495, 0.6285329636870796, 0.1483312100497815, 0.025773613230811315], [-0.1466996167322425, -0.4988117540808462, -0.6516044245335, 0.11369967688799468, 0.4445051998829762, 0.7530081456158829, -0.23399453870541562, -0.2422314409699068, -0.44745106451882743, 0.4895168487858601, 0.26498587492123304, 0.07864903905077238]], "inverted": true, "swapped": false, "error_lsq": 0.05333762152965863, "error_max": 0.324016588552666, "target": "874.xyz", "model": "17.xyz", "model_rescale": 3.7474275329858107, "target_rescale": 3.9515529001322474},
{"mapping": [3, 8, 0, 5, 11, 12, 1, 4, 2, 7, 6, 13], "R": [[0.7804400031911616, -0.22507582723486694, 0.5833131863874843], [0.5195177613709088, 0.7525341260665399, -0.40471432483349123], [-0.3478716674854954, 0.6188968097347163, 0.7042386256525919]], "T": [-0.1502939557771474, -0.02328392363082589, 0.06412396714318647], "aligned_model": [[-0.7550192617135099, -0.3180490587438948, 0.07689864308189812, -0.011947503639687412, -0.7559113451573158, -0.07261435554879711, -0.46049442855480704, 0.38731655265670684, 0.2493590643184362, -0.13922299925956122, 0.5986802235953084, -0.0861109837545933], [-0.07562356878778696, -0.5568467086759926, 0.07002464530003631, -0.6717739327801077, 0.21190531180475208, -0.16240504040027093, 0.5111939746578434, -0.5661442690352573, 0.5088780280789305, 0.5351324675954163, 0.019411270191501753, 0.0232221849704446], [-0.23944982489797517, -0.38756556235928186, -0.7351378327500754, 0.3531584008787461, 0.3797982660996138, 0.7947730743695526, -0.2467256102075313, -0.2606889153437615, -0.18268333520142488, 0.5695622422747235, -0.11535753752557326, -0.006111419733031448]], "inverted": false, "swapped": false, "error_lsq": 0.04613276288384683, "error_max": 0.2872665624973821, "target": "874.xyz", "model": "18.xyz", "model_rescale": 3.922800546911778, "target_rescale": 3.9515529001322474},
{"mapping": [5, 1, 2, 8, 12, 13, 3, 6, 9, 7, 10, 14], "R": [[0.8107522190384316, -0.5823691992589487, -0.0593881728861049], [0.5830366636631718, 0.7942407494056959, 0.17102596530350622], [-0.0524317475273967, -0.17328516306357372, 0.9834750449875452]], "T": [-0.10018138927403808, -0.08866939072385902, 0.02188285289770054], "aligned_model": [[-0.8265548644919541, -0.15598031084841912, 0.16320699780564407, -0.26952491746219887, -0.7119492288036259, -0.018884539088653424, -0.45249200879513124, 0.2777155110606703, 0.26283133874242864, -0.13335805459417588, 0.6781417363226409, -0.1002671125670425], [-0.29361248423984065, -0.5028453250796975, 0.20397738212723868, -0.6195982186641548, 0.16675149909882822, -0.07322251690876748, 0.42542915734792897, -0.6471131414368841, 0.5867390203920365, 0.6228208409619255, -0.02557370506463863, 0.0032218543855346005], [-0.09175527057176747, -0.5891227114693107, -0.5765429041341871, 0.2745248983777598, 0.4451018554554783, 0.703766980194605, -0.12209337371019507, -0.12338339204619478, -0.25159186879870754, 0.3836728170379452, -0.18018815906570607, 0.05118307433426149]], "inverted": false, "swapped": false, "error_lsq": 0.046564662118336396, "error_max": 0.25709267857343726, "target": "874.xyz", "model": "19.xyz", "model_rescale": 3.9282355846067225, "target_rescale": 3.9515529001322474},
{"mapping": [3, 5, 2, 6, 4, 8, 0, 7, 10, 11, 12, 13], "R": [[-0.7813605317639488, -0.16132228493563477, -0.6028688412786859], [0.43681603408284264, 0.548559075111862, -0.7129338633285388], [0.4457212938257452, -0.8204011588823877, -0.358154249918578]], "T": [-0.07157732894048881, -0.08099457992026801, 0.05336096232337904], "aligned_model": [[-0.803595759106935, -0.3401136600837331, 0.12849780267792166, -0.28477509992431077, -0.5353575693228824, -0.07930766657926153, -0.579722758031972, 0.3971426380209343, 0.3051183264824584, -0.13506263658714768, 0.760886474186567, -0.12082554445145587], [-0.14001189788617371, -0.5036873848361193, -0.04331557169355672, -0.6936702228051215, 0.08911942566010794, -0.2137815225374993, 0.5263094467326972, -0.438052506930383, 0.5847870932370378, 0.5722371482964067, 0.08422102200365741, 0.022819333678455983], [-0.11101982493084969, -0.4333722128117127, -0.7449287372261046, 0.13094524630039067, 0.44748906164650676, 0.8023131963667423, -0.061386718704889674, -0.1488987857990403, -0.34295897896749267, 0.3407998189346939, 0.1033826239483093, -0.058792743152572054]], "inverted": true, "swapped": false, "error_lsq": 0.044380019691476584, "error_max": 0.24369949621872886, "target": "874.xyz", "model": "20.xyz", "model_rescale": 4.067790424073018, "target_rescale": 3.9515529001322474},
{"mapping": [10, 1, 7, 13, 11, 6, 12, 5, 0, 3, 4, 14], "R": [[-0.7241691548610993, -0.004397236974255037, -0.6896083667232824], [0.5386620942638374, -0.6280035256861545, -0.5616535586365105], [-0.43060676185013347, -0.7781980699235586, 0.4571494073234599]], "T": [-0.022584605704083854, 0.010581211864458597, -0.009827258658680938], "aligned_model": [[-0.7585190339428448, -0.20069595771864338, 0.03794714367389951, -0.3789490262118633, -0.5131590792353262, 0.202554431585722, -0.6303398705609515, 0.2395668878207716, 0.24203300101543848, -0.17006449420177827, 0.7398447701669489, -0.09733422511119025], [-0.32002053709198247, -0.4991081416319453, 0.11166894287938636, -0.5650644594373588, 0.06543310405159453, -0.03402154397640936, 0.47100169643454415, -0.5180407167167324, 0.5934412490274004, 0.7022055343634235, -0.15560246883448264, -0.004918296147928394], [-0.1526201943155217, -0.6277254788331545, -0.7465640740576948, 0.16838600118702246, 0.4077373588823448, 0.693649756427804, -0.08506277104939496, -0.027193084975779238, -0.31757671651913766, 0.4630897485078779, 0.17335823698586514, -0.025906836636250465]], "inverted": false, "swapped": false, "error_lsq": 0.044436451659589954, "error_max": 0.2158225138283689, "target": "874.xyz", "model": "21.xyz", "model_rescale": 4.186013935880536, "target_rescale": 3.9515529001322474},
{"mapping": [6, 3, 5, 4, 7, 9, 0, 11, 2, 1, 8, 12], "R": [[0.5141710836175343, 0.853593432104948, 0.08370393920758173], [-0.10596849309660647, 0.16006813068978284, -0.9814014835979787], [-0.851116193737615, 0.49573828398135095, 0.17275641392672053]], "T": [-0.08525104697124633, -0.03130775073511743, 0.07622112128173969], "aligned_model": [[-0.5882824539375857, -0.35411098770587524, 0.0483577028966265, -0.4254792679163595, -0.6468599690627029, 0.26019439590170435, -0.47046560553242434, 0.2864861475276541, 0.316304318606897, -0.2934230307290332, 0.6774311179655502, -0.0972678207342684], [-0.13735562476712473, -0.5353687344928271, 0.1036635294295909, -0.6599573987988886, -0.006009410583868967, 0.03199316975407344, 0.5074259986933365, -0.5298550997374474, 0.5021690141316659, 0.594257325001625, 0.04493411162560159, -0.0689225173362265], [-0.1372410557800322, -0.6490205706099843, -0.673759032858555, 0.20529678293135437, 0.547686021877444, 0.5881890887385566, -0.2121607992778689, -0.03435906564473963, -0.24604434783908624, 0.3931690620057294, 0.08930639600971102, 0.0525094660514521]], "inverted": false, "swapped": false, "error_lsq": 0.04035430139620259, "error_max": 0.22948935444314947, "target": "874.xyz", "model": "22.xyz", "model_rescale": 4.166573947596378, "target_rescale": 3.9515529001322474},
{"mapping": [4, 8, 7, 9, 2, 12, 1, 10, 5, 6, 13, 15], "R": [[0.07578364650215852, -0.6776951875940588, -0.7314274206199065], [0.24565759975006687, -0.6982375302986238, 0.6723962336059852], [-0.9663897674374828, -0.23063734301784766, 0.11356598697583664]], "T": [-0.17250802019009406, -0.14064002419126934, 0.10539844400942541], "aligned_model": [[-0.8042741619562411, -0.45626797020163024, 0.15271386943411394, -0.15012915662482337, -0.6873195311272169, 0.054315036265149746, -0.40263711815431036, 0.457741977050949, 0.25014954555452984, -0.1559668447470344, 0.6307280590141883, -0.1761691572274918], [-0.08819489205940254, -0.6158288140089413, -0.029883829521964195, -0.7323311394018419, 0.22351313830171823, -0.07425916752007533, 0.5061784992693823, -0.36164473284192283, 0.48628052492877427, 0.5317108703224214, 0.07671946199701282, -0.07528555654565125], [-0.2660508305869608, -0.48430914880438014, -0.521780506133076, 0.2046454939831648, 0.34028314262149795, 0.716566373597617, -0.08634476146471917, -0.2335456411078453, -0.24013475036008483, 0.461457843728722, -0.050741857400051465, 0.08352658753009712]], "inverted": true, "swapped": false, "error_lsq": 0.04288746848377869, "error_max": 0.2645510768454061, "target": "874.xyz", "model": "23.xyz", "model_rescale": 4.274766983524099, "target_rescale": 3.9515529001322474},
{"mapping": [2, 7, 10, 8, 5, 9, 6, 4, 0, 3, 11], "R": [[-0.5363291562415431, -0.5938736069232247, -0.59972091439705], [0.44825112152721114, -0.8024923988376451, 0.3937980216524703], [-0.7151377267455773, -0.05762021179934394, 0.6966045815075916]], "T": [-0.0503486966975019, 0.13630162382294111, -0.0528222430744417], "aligned_model": [[0.3070342852543788, 0.12575997965093155, -0.4779005048232838, -0.36574634144813833, -0.4839339026117227, -0.614198215784172, 0.08620075189048672, -0.03161484299279786, 0.5325201032667151, 0.35445687578585294, -0.0526834842301755], [-0.21345795134998555, 0.6360904403141686, 0.5081753898604275, -0.24015652112228827, 0.5361412509402393, -0.2841379045708894, -0.5189069540996943, -0.10866405328515852, -0.1624611808772958, 0.6208185027462132, 0.14214551268774633], [-0.5701917345270462, -0.38509223769834944, -0.5311047383121379, -0.3765359553044596, 0.3706324299137985, 0.3512838717505271, 0.1344612719654171, 0.715354250992671, 0.35480398711446015, 0.2898654171899985, 0.02608987093669809]], "inverted": false, "swapped": true, "error_lsq": 0.045586983982050626, "error_max": 0.23135281144445322, "target": "874.xyz", "model": "24.xyz", "model_rescale": 3.7841303162186577, "target_rescale": 3.9515529001322474},
{"mapping": [12, 2, 4, 9, 13, 10, 3, 8, 6, 11, 0, 15], "R": [[-0.3026521913151826, 0.11339251534272801, 0.9463317539617739], [-0.9376332346411183, 0.1427311480717499, -0.31697276959788556], [-0.17101335733957201, -0.9832446068168235, 0.06312269621204777]], "T": [-0.014596278097238319, -0.05902616895673144, 0.04391308692441386], "aligned_model": [[-0.7390564645761855, -0.23148831242855805, -0.013298286897771655, -0.26079056169367654, -0.6782958563177847, 0.14205786050925007, -0.48260222420963594, 0.3109158979581733, 0.11605957633502278, -0.1507168981720437, 0.7160664780343367, -0.015966661260943975], [-0.26763088518389777, -0.5618020726745402, 0.12392368874915041, -0.5712710207946033, 0.2588094062967156, -0.2213440522191446, 0.4953506836745533, -0.48058819990161666, 0.5983152945822751, 0.5782500048770515, -0.1102147716471695, 0.005176287160735822], [-0.038630338027597196, -0.47470745259517, -0.6794346908717158, 0.1822398559033679, 0.30940021324925043, 0.788471674886347, -0.3062848960840861, -0.21257289893866893, -0.2260085688537063, 0.44984143554878725, 0.11349478788382034, 0.017762823503352464]], "inverted": true, "swapped": false, "error_lsq": 0.03685169210753862, "error_max": 0.1997304120918575, "target": "874.xyz", "model": "25.xyz", "model_rescale": 4.19342608120988, "target_rescale": 3.9515529001322474},
{"mapping": [9, 7, 10, 5, 0, 4, 1, 3, 8, 2, 6, 11], "R": [[-0.22384598725731786, 0.5444747997446736, -0.808356460004987], [0.758139982507403, -0.4239333351867811, -0.49548389907350854], [-0.6124677468344525, -0.7237594350061419, -0.31789233920797627]], "T": [-0.15244135979040735, -0.009631286093507876, -0.04071556655655942], "aligned_model": [[-0.7950521946746314, -0.1991936737400054, 0.10322213854640366, -0.4546198443207711, -0.5707537030907286, 0.21127189024998422, -0.48577757258621906, 0.20381159615911604, 0.14507089085609642, -0.06600860805973613, 0.6670627628093144, -0.04614913486864028], [-0.1611620166628914, -0.7250184891646909, 0.1274135502706784, -0.5222257433783931, 0.04809057754169472, -0.11116125677008944, 0.4098840286873921, -0.5603489768705443, 0.6669208540296471, 0.6516379103020083, 0.04431762209048307, -0.021373697155784653], [-0.3784155189026055, -0.575969235952767, -0.6002606380507028, 0.20766915069622308, 0.5298955343585193, 0.6313960818592458, -0.12726689992603962, -0.012239870225361164, -0.24270511634298295, 0.46522695100022193, -0.0007346792811943892, 0.026976186371424404]], "inverted": false, "swapped": false, "error_lsq": 0.0481501871445881, "error_max": 0.245856362753696, "target": "874.xyz", "model": "26.xyz", "model_rescale": 3.795458400668931, "target_rescale": 3.9515529001322474},
{"mapping": [0, 2, 1, 3, 7, 10, 6, 9, 8, 5, 11, 12], "R": [[-0.24795899650914735, -0.8840434058031248, -0.39621155044519907], [0.43854575325910156, 0.26224949070001347, -0.8595945712520472], [0.8638251896932527, -0.38690110013231466, 0.32266636076266264]], "T": [0.040472370276958686, -0.0675439210322206, -0.043019101615752474], "aligned_model": [[-0.7400146027070337, -0.27784435513635675, -0.0748888888561493, -0.3552064788364415, -0.5289993475748087, 0.10801488400960396, -0.37359380777571405, 0.17977780474515193, 0.3115282884322752, -0.16366069180320533, 0.7143121482844633, -0.08654040550160211], [-0.30306812569348507, -0.6605685959848, 0.11435884822586082, -0.6180005379132923, 0.00945348475885402, -0.0029138513486597073, 0.6161660049216667, -0.4309501807276527, 0.5883548976363752, 0.552854795655698, 0.0033181800368554115, -0.02203055664791071], [-0.20624172907247998, -0.6103207066890449, -0.5943414510436478, 0.2494057949713834, 0.5314210264200747, 0.663342980775853, -0.24863256669245473, -0.22441418549955675, -0.20757042798017658, 0.33154143178037826, 0.18609464293094058, 0.05328713570271174]], "inverted": true, "swapped": false, "error_lsq": 0.04515906608886095, "error_max": 0.2257190054978927, "target": "874.xyz", "model": "27.xyz", "model_rescale": 3.6321398670334006, "target_rescale": 3.9515529001322474},
{"mapping": [8, 10, 9, 0, 7, 1, 12, 11, 6, 4, 13, 14], "R": [[-0.0829775588931291, -0.6249212733802512, -0.7762655001975438], [0.9564128465973736, -0.26878426495031515, 0.11414677296633424], [-0.27998069859125346, -0.7329586761829922, 0.6199857961473225]], "T": [-0.15435895567933783, -0.11566329149066253, 0.06076695984797599], "aligned_model": [[-0.6365078060831642, -0.29402233192445193, 0.0957962865136553, -0.2568095975340219, -0.7473663981922787, 0.15467832766840345, -0.5541202977862149, 0.305980520075949, 0.16396773989322833, -0.04845242259738042, 0.626035058479592, -0.0962945312331332], [-0.12963780446031878, -0.6237995837436032, -0.0005502295379966743, -0.7251157218218645, 0.3118441017630031, -0.049181527122422894, 0.4907586872987944, -0.5000371435740539, 0.5762140842756751, 0.5214329472230927, 0.0803511181991108, -0.1053045655799069], [-0.12461592726972094, -0.5110400730117608, -0.5481201388751581, 0.14727300221960016, 0.3185788793582531, 0.6501253640926583, -0.33414186995700246, -0.16916812950255344, -0.09376863129303935, 0.5797654581371109, -0.07722168378957776, 0.0859056954951718]], "inverted": false, "swapped": false, "error_lsq": 0.04366117188003831, "error_max": 0.2192868211195592, "target": "874.xyz", "model": "28.xyz", "model_rescale": 4.156811204709835, "target_rescale": 3.9515529001322474},
{"mapping": [1, 7, 2, 8, 5, 3, 0, 4, 9, 11], "R": [[0.6958395259879565, 0.7140424337904436, -0.07714114867874235], [-0.7139671050670469, 0.6760986276278335, -0.18204839631795905], [-0.0778352552191904, 0.1817527124044646, 0.9802589579180512]], "T": [0.011546508802248723, -0.07726735076272573, -0.0318349410896364], "aligned_model": [[-0.6382011666688769, -0.06951724762597641, 0.15164687400127116, 0.549937087608137, -0.03027971712780688, -0.6367273806291632, -0.5806157055684883, -0.38626510806840914, 0.3181067424198311, -0.03515900422993041], [-0.11845840937883689, -0.6428338369322975, 0.10348718891163891, 0.13426414400925207, -0.3440967790664968, -0.37511589477872376, 0.39521617094425554, 0.41817536707119274, 0.40381126013444746, -0.05572888028822763], [-0.6572678817280937, -0.28633384760559744, -0.714055749155544, -0.1384979059283475, 0.6421341541158377, 0.052344623423736844, -0.17763490188869674, 0.4648910367905154, 0.5448639600284481, 0.028343238922841275]], "inverted": false, "swapped": true, "error_lsq": 0.049648351189566446, "error_max": 0.2343028639579384, "target": "874.xyz", "model": "29.xyz", "model_rescale": 4.117894457231895, "target_rescale": 3.9515529001322474},
