[{"mapping": [10, 6, 14, 11, 15, 5, 13, 7, 8, 4, 1, 0, 9, 16], "R": [[-0.3907493798519872, -0.9203219482127488, -0.01795644127265089], [0.6204028696691758, -0.248898886012755, -0.7437402932797585], [0.6800111774460322, -0.3017562860645994, 0.6682274630460504]], "T": [0.014817567228221785, 0.10602089520309438, 0.09411072611956], "aligned_model": [[0.10418073156880098, 0.1757127565241737, -0.44614219563658664, -0.4188332354473057, -0.6745021179539928, 0.27618815660200774, -0.7595172556792056, -0.063395930551368, -0.47677522474310324, 0.3285972319273053, 0.6098025153032601, 0.2512311019693845, 0.5850411161560934, -0.12009554891115998], [-0.5361806941773974, -0.4108049091166857, -0.4543065131962201, -0.30976410420653794, 0.11400722900228483, 0.1976310913959478, 0.32591033385589496, 0.46125118243373453, 0.7682073433574006, -0.07528127911000324, 0.46322015975185693, 0.6541303249135932, -0.09956683127941887, 0.1368199981855853], [0.3009254403401913, -0.36776335973996627, 0.41810621261893033, -0.1712582075479988, 0.5339218787716609, -0.5916048823213238, -0.10914953816031822, 0.6827282410570308, 0.23334005110932493, 0.6348476023395426, 0.3683650072579842, -0.13614081269099396, 0.013110774597719824, 0.08815967954804975]], "inverted": false, "swapped": true, "error_lsq": 0.04231323706332316, "error_max": 0.381511819725467, "target": "876.xyz", "model": "0.xyz", "model_rescale": 3.8414455957264533, "target_rescale": 4.202688639058287},
{"mapping": [7, 14, 9, 10, 4, 6, 5, 1, 2, 0, 11, 15, 13, 8, 16], "R": [[-0.5858468344558794, 0.2973900943750728, -0.7538850166475063], [0.7194555031686248, 0.6190547639231516, -0.3148888347090637], [0.37305129073413823, -0.7268633510032243, -0.5766302137851929]], "T": [-0.005716715791651098, -0.05717193040864506, -0.03108427688361413], "aligned_model": [[-0.5433471646645502, -0.3817244279676295, 0.031482217443384204, -0.2927733135097058, -0.5742081611839047, 0.3837048085595283, 0.6775594972484167, -0.2523208581014481, 0.53197986093986, 0.2828164734342074, 0.2198158008418293, -0.4194431291567145, 0.24717700508404947, -0.04686983020601707, 0.008195374743239179], [0.25011353363507743, 0.06725210564980928, -0.6548143709282715, -0.4517685849700566, -0.368071723639414, -0.5077521253473274, -0.2929506191973116, -0.3467653546972955, 0.5186284044271617, 0.010384664797100318, 0.06603573904129192, 0.5701171047638357, 0.694358467030994, 0.7197532796342175, 0.07252400784320297], [0.277631824290594, -0.7199678973094066, 0.0931008825945064, -0.5055028394182495, 0.031232019366742653, -0.42050976325933126, 0.12529646138765085, 0.61089380635382, 0.2049845681841516, 0.535939340464349, -0.6354896123007813, -0.3535717667818858, -0.27706668661875705, 0.27588935284430854, -0.07767790245817648]], "inverted": false, "swapped": true, "error_lsq": 0.04100074430779522, "error_max": 0.24348923736138572, "target": "876.xyz", "model": "1.xyz", "model_rescale": 4.316132596720782, "target_rescale": 4.202688639058287},
{"mapping": [1, 9, 4, 8, 7, 0, 15, 2, 10, 5, 11, 16], "R": [[-0.8905806253367871, 0.155138976422358, 0.4275488834851057], [0.06459367931359922, 0.9736418952795548, -0.21874440872664275], [-0.4502152889090611, -0.16719257684197492, -0.8771276052442264]], "T": [0.07198788245633261, 0.009544590502448916, -0.050157477576375877], "aligned_model": [[-0.2357900810218134, 0.4012368705913344, 0.10049809934920137, -0.6781844312076168, -0.48226582007659036, -0.2951698203262543, -0.23272711888355466, -0.3503812257374589, 0.5976347204096134, 0.29179919170930557, 0.46163851544650036, 0.019519654379114293], [-0.6590347930040663, -0.473348702569993, -0.4852926735264336, 0.3791722061301358, -0.16588401690115934, -0.13783616843716537, 0.4674070791107592, 0.5154329025505309, -0.12892854478998428, 0.0377210593317251, 0.5289193995610245, 0.13444868028560725], [0.07267634065003806, 0.12981855554030355, -0.472114555197551, -0.06265130613097572, -0.42539623360381706, 0.45263990771197693, -0.6552772751274614, 0.441852162587479, -0.45967130532087785, 0.6553933594469755, -0.14901620140378646, -0.07899498794288272]], "inverted": false, "swapped": true, "error_lsq": 0.044285118923170476, "error_max": 0.24160907049385563, "target": "876.xyz", "model": "2.xyz", "model_rescale": 3.795458400668931, "target_rescale": 4.202688639058287},
{"mapping": [15, 11, 13, 5, 7, 0, 3, 10, 6, 9, 8, 16], "R": [[0.4059968003885119, 0.7429777032737295, -0.5321190942941113], [-0.6293004561060449, 0.6495136559218273, 0.42674693521545803], [0.6626820761262636, 0.1616048984689402, 0.7312566736596863]], "T": [0.1991243557904024, 0.08005110553664532, 0.022641976905147486], "aligned_model": [[-0.24511514089443723, -0.05025009778230036, -0.6092677993027223, 0.16617529703619108, 0.1483717060705937, 0.07248194841797864, -0.29545913214767483, 0.6335154763524073, 0.43200330829060546, 0.7445737523290227, -0.4744267502033429, 0.07070125757724391], [-0.011841817618314848, -0.5272678662536122, -0.07601140600040626, 0.0213785663095864, 0.560195434816426, 0.5636131172876836, -0.26163428187438553, -0.3761357890640701, -0.46793391390595185, 0.07886868995917168, 0.5262289815684279, 0.05630933006515444], [-0.6577007456719859, 0.0045614968231704675, -0.08416220985683054, 0.7591097639558818, -0.4730011191820802, 0.42196710623864336, 0.4587469109779343, -0.23499896342343132, 0.41226186485601385, 0.29916640419457013, -0.19367580028584894, -0.023503277986936875]], "inverted": true, "swapped": true, "error_lsq": 0.04214183330841792, "error_max": 0.22029135221061263, "target": "876.xyz", "model": "3.xyz", "model_rescale": 3.7530521520055578, "target_rescale": 4.202688639058287},
{"mapping": [5, 13, 11, 14, 6, 7, 9, 0, 1, 4, 16], "R": [[0.26181550162844136, -0.305104839731295, -0.9156220180181276], [-0.9409012469248452, 0.13050005677514656, -0.31252932457123905], [0.21484293482057773, 0.9433349203513164, -0.25290658631885554]], "T": [-0.07239034614211083, -0.01627371385957064, -0.010004545643367566], "aligned_model": [[-0.44189795743165383, -0.19306661370833744, 0.30370961886826686, 0.6433277930323059, 0.21355275710241362, -0.18257370067349898, -0.022217484647575877, -0.7010686567289711, -0.42304182212210795, 0.21791622033613184, -0.07644055158176787], [-0.6562310691318985, 0.08364679877339218, -0.30171632509279456, 0.17310621576138116, -0.6655177729956613, 0.6625748788787613, -0.3114667822393284, -0.0702463943854979, 0.21373113566668908, 0.314905668605589, 0.02441700447371397], [0.018833230406257027, -0.8253042744760815, -0.4665373345672361, -0.298633321702356, 0.04515466502288816, 0.06615780472373577, 0.5232176758822172, 0.09573858191348437, 0.6072110774092563, 0.46933545872000704, -0.1423427860868559]], "inverted": true, "swapped": true, "error_lsq": 0.04658948108538242, "error_max": 0.21983077964282946, "target": "876.xyz", "model": "4.xyz", "model_rescale": 3.7855080009869324, "target_rescale": 4.202688639058287},
{"mapping": [7, 5, 6, 11, 3, 4, 1, 10, 8, 0, 2, 12, 9, 13, 14, 15, 16], "R": [[0.5947837996507228, 0.8038614531505255, -0.006244662662992118], [0.35148996098011515, -0.2530684592612886, 0.9013385392056167], [0.722970980747669, -0.5382964973560976, -0.4330702505724802]], "T": [0.071567885571552, 0.11975926039485874, -0.0032591810211754033], "aligned_model": [[0.2954434554635045, 0.07221972908780042, 0.014168973902649984, -0.3665426903048302, 0.06971781635303173, -0.3407315875013457, -0.6850392388573008, 0.6878999198564363, 0.6721349658314897, -0.48578150782997576, -0.25850475497366976, -0.3134206849726252, 0.38476193154955207, 0.21824435151324023, 0.10838255818296089, 0.7739184207108657, 0.07614374549648682], [-0.3277338697128426, -0.6876326701405557, 0.25231934567411873, 0.6539041328856353, -0.37968613967422643, -0.23852761656149846, 0.10419090430957947, -0.2667527957354255, 0.327275684494115, -0.42127642588167, 0.011697489764678881, 0.6601631533807355, -0.03244256481500188, 0.7921811408453227, 0.5007812766836934, 0.4551850184997769, 0.13600183896260482], [-0.5609321134716163, -0.060013830395744934, -0.6398204559955046, -0.3971939558220513, 0.4794078625947716, -0.5018977697505468, -0.023438986314445, 0.03806306546278226, -0.305857908382563, 0.0682665008752457, 0.6487840639177372, 0.1477795425109477, 0.6177545975826169, -0.22953880428787, 0.5545618489844844, 0.2678706647633058, 0.04775054690598697]], "inverted": false, "swapped": false, "error_lsq": 0.034723034325271934, "error_max": 0.2514003131595079, "target": "876.xyz", "model": "5.xyz", "model_rescale": 4.2253639853439635, "target_rescale": 4.202688639058287},
{"mapping": [4, 0, 3, 6, 5, 13, 11, 10, 8, 7, 2, 15, 12, 16], "R": [[0.003949106917894102, -0.4912137492060566, 0.8710301126513827], [0.9954848891110069, -0.08067688687765655, -0.05001075359736559], [0.09483796764059027, 0.86729481291811, 0.4886772630061105]], "T": [0.13527926216047112, -0.106668215185344, -0.09572453544334684], "aligned_model": [[0.7629174836251578, -0.21739163383753005, -0.5008206623001151, 0.13707210641207393, -0.3015760837629734, -0.46547922519075435, -0.030315731805134194, 0.6616696430604777, -0.32285550300300914, 0.3468734668978983, -0.6629152871586106, 0.15368589588960657, 0.7570640479752669, 0.056133635955429625], [0.03363934394376006, 0.03526522082139355, -0.4285680012722727, -0.8144276743858297, -0.5848375759745258, 0.14899527933260373, -0.42840688457442366, -0.4299962071291187, 0.5874936056794003, 0.5507332051745336, 0.08813960786953381, 0.4087919277485115, 0.32579350019816955, -0.04751620079674499], [-0.19626595726216112, -0.6103207036474015, 0.11237798220667079, -0.022259041776821337, -0.4526900489542712, 0.4170970082534689, 0.4523752565145867, 0.1898506019259718, -0.00745747716660862, -0.13847675319162442, -0.1321595097313748, 0.5387999296372361, 0.3193415979162339, 0.0013453242075432414]], "inverted": false, "swapped": true, "error_lsq": 0.042538920977722335, "error_max": 0.3474213918048171, "target": "876.xyz", "model": "6.xyz", "model_rescale": 3.89814844738969, "target_rescale": 4.202688639058287},
{"mapping": [0, 5, 3, 1, 13, 6, 9, 7, 4, 10, 11, 12, 16], "R": [[0.5398365777894004, 0.6842712474792946, -0.490254351488856], [-0.6614121276909176, 0.705060184755912, 0.2557814168686463], [0.5206826928408527, 0.18618000898348128, 0.8332025789871926]], "T": [-0.028023569488664135, 0.03874455765929864, -0.02751573550080259], "aligned_model": [[0.1038291241164126, -0.08246476884195708, 0.37724863696200756, -0.3797433749158548, 0.7664489093806802, -0.3582585343284102, -0.5976611211849698, 0.1267445109070904, -0.4752998110013315, -0.47676790057008167, 0.15699566592355305, -0.11394187110625059, 0.10150233556333454], [-0.3668219737129647, 0.20150050446273093, 0.49357788444135064, -0.6083262173129541, 0.27390408455875953, 0.603336109091787, 0.012859223903368702, -0.49540747980489264, -0.21033340727822342, 0.40016319816789425, 0.663181985417757, -0.07491521724912499, 0.07106257078499731], [-0.5044452201112258, -0.7468623600766311, -0.4522866473589771, -0.14754241753381556, 0.025152997736929906, -0.3077033390565062, -0.24848000947392404, 0.3841940278708121, 0.3745149310587961, 0.33468044639122446, 0.057317257449657655, 0.8243169072290892, 0.009418456710865702]], "inverted": false, "swapped": true, "error_lsq": 0.0439392317836111, "error_max": 0.2764713949177863, "target": "876.xyz", "model": "7.xyz", "model_rescale": 3.7474275329858107, "target_rescale": 4.202688639058287},
{"mapping": [0, 1, 9, 5, 10, 3, 2, 13, 6, 11, 8, 15, 7, 12, 16], "R": [[-0.3184503972481103, -0.31977768268921936, 0.8923741245388248], [0.936715293659226, -0.25059147290177697, 0.24447570908748434], [0.14544347052181822, 0.9137538767977027, 0.3793416000384588]], "T": [0.09236464276091551, -0.07273778927798262, -0.059425566738415786], "aligned_model": [[-0.35052835073549704, 0.18337315818755573, 0.4441238849714184, -0.2005628303368826, 0.7288379172425831, -0.366327150090617, -0.7225437934567192, -0.4881512960408063, 0.34117631743672644, 0.11635319905207954, -0.5569067685474693, 0.017988645708385667, 0.06352602085744656, 0.5806697705127916, 0.01112499757775079], [-0.05442153793483413, 0.24924139852617105, -0.31831680965282505, -0.6676378714037347, -0.20056384560322305, -0.5934641556711064, -0.16037429805551034, -0.04102448783039901, -0.7384232424073823, -0.436534259522608, 0.42366174401172074, 0.41256352591165596, 0.6178056242781589, 0.5414783534616396, -0.04487217612812982], [-0.5207729290583154, -0.7264043268901941, -0.4952450034893613, -0.3868401303834331, 0.1448860892111977, 0.20514036936733285, 0.008664203036915202, 0.5332429996135518, -0.02365584246124007, 0.4868596451753533, 0.11826322858044122, 0.5944934683432053, -0.09251053270462573, 0.3014289502273, 0.049244467128133296]], "inverted": false, "swapped": true, "error_lsq": 0.0383695875513781, "error_max": 0.27835521882135406, "target": "876.xyz", "model": "8.xyz", "model_rescale": 4.019505241142653, "target_rescale": 4.202688639058287},
{"mapping": [7, 13, 0, 1, 4, 9, 5, 12, 10, 11, 3, 6, 16], "R": [[0.6375728947649097, 0.754221976232304, -0.15700323063342042], [0.6051304307581834, -0.36416828319924943, 0.707953828495988], [0.47677873865296105, -0.5463796043777157, -0.6885864958656553]], "T": [-0.00909996740682386, -0.08136820272075694, -0.024404578669858443], "aligned_model": [[-0.25744230567260307, -0.7881502639078315, 0.05858533819895371, 0.40678757431577517, 0.2901984318226055, 0.6020787820683909, 0.2762594326485542, -0.21159451288844208, 0.2624981813033345, -0.2551437255164544, -0.2756479106998101, 0.3566452014483116, -0.14537345137960808], [-0.6385193077032367, 0.2006437113344725, 0.1604226763906183, -0.3836639074772765, -0.6570526999668544, -0.06227939868119556, 0.583613784153201, -0.8717352266475776, -0.3335537106990184, 0.19467643690336967, 0.59995219426926, 0.3328608839319863, -0.06198720769368975], [-0.35103160806811834, 0.028608948715556984, -0.6128660877378757, -0.5652083076496791, 0.027867340585893366, -0.015552746716086509, -0.17698858382355337, 0.25885374291051305, 0.5464000269045127, 0.5183777730892328, 0.10328236116932267, 0.4238906146658534, -0.008929980001693025]], "inverted": true, "swapped": true, "error_lsq": 0.04108571266337963, "error_max": 0.25449543989925477, "target": "876.xyz", "model": "9.xyz", "model_rescale": 3.877068213659057, "target_rescale": 4.202688639058287},
{"mapping": [2, 5, 10, 1, 9, 0, 7, 6, 11, 14, 15, 13, 8, 4, 12, 16], "R": [[0.8243949314354793, -0.2745125130379088, -0.494990784973926], [0.43492019430498896, 0.8668975179146607, 0.24358390344830128], [0.3622394534133494, -0.4160908237620876, 0.834056955352442]], "T": [-0.04527062408968531, -0.08497297544374105, -0.09466942030588163], "aligned_model": [[0.37229131929471804, -0.1886716011162371, -0.5947826813857983, 0.343020421389723, -0.30003652349663795, 0.3879777122213144, 0.4802433276222192, -0.6893476969944549, -0.49609597513620796, -0.44718173940136197, 0.14158965102624155, 0.14654329967131863, 0.6557588339553967, -0.06707743042105983, -0.01906261180986797, -0.009759780102210736], [0.11931272120786565, -0.48574380751217644, -0.049490650998515004, -0.6547779264731303, -0.6291315863045523, -0.429812580595179, 0.06182485250352207, -0.2666499462607095, 0.3371884813630389, 0.4981716151480946, 0.6707408113126191, 0.5998143610874371, 0.3361752557970351, -0.26048063966697516, 0.3135627005670276, 0.041095215958146386], [-0.7731246593733164, -0.6994270648599206, 0.3052786839527958, 0.19057818360288062, 0.019207460157558406, -0.41515749071374974, 0.3308443531000429, -0.33650003782801274, -0.3180235395685701, 0.26565491235601457, 0.1556087649088748, -0.523078384510868, -0.269972119800978, 0.5317857246885555, 0.6710993471717795, -0.13973980617304496]], "inverted": false, "swapped": true, "error_lsq": 0.03445956308707553, "error_max": 0.22687705474275566, "target": "876.xyz", "model": "10.xyz", "model_rescale": 4.260839863003843, "target_rescale": 4.202688639058287},
{"mapping": [15, 11, 6, 10, 9, 4, 7, 13, 3, 5, 0, 16], "R": [[0.6107064194415847, 0.6696714550573142, -0.42258467972024166], [0.6399367018000692, -0.7317031751355888, -0.2347157455002694], [-0.46638898672898427, -0.12708503365037827, -0.875403168420125]], "T": [-0.03593672713767615, 0.12176830372412661, -0.05400166339747724], "aligned_model": [[0.5219457739746433, 0.13096782871032742, -0.412430492524485, -0.46408243637560953, -0.62175869024016, -0.4346799957701101, 0.17664926157728297, 0.7500335904333865, 0.31074791040389754, -0.16174575847033887, 0.06824134454408878, 0.09501031283120753], [0.052577618573993415, -0.5094742162076711, -0.4295028497107116, -0.22083005152715135, 0.17019321213390748, 0.389170845449959, 0.649855235972552, -0.14502659971512505, -0.3495689920855315, -0.039684382638173976, 0.5210409319255426, 0.08432775336134397], [-0.6478358354906191, -0.12490022204565394, 0.19232414757942068, -0.4571128158135558, 0.11466919054872927, -0.4935744242600652, -0.4473308848933827, -0.03579019367836879, 0.4033823762293517, 0.6566445399956589, 0.4349353215206308, -0.07923312229664102]], "inverted": false, "swapped": true, "error_lsq": 0.04495884741211046, "error_max": 0.20811126577673425, "target": "876.xyz", "model": "11.xyz", "model_rescale": 3.890672605050136, "target_rescale": 4.202688639058287},
{"mapping": [15, 12, 10, 13, 11, 0, 7, 2, 8, 1, 6, 4, 5, 16], "R": [[0.2557645701224776, -0.9448200525105951, -0.2046938031400562], [0.6967947007432814, 0.3269378228887745, -0.6384268203802446], [0.6701206083132685, 0.020657403966233834, 0.7419647174732977]], "T": [0.049587969390359685, 0.10366785886163524, 0.16628739682666838], "aligned_model": [[0.4365325777518182, 0.09531614654309185, 0.2645344161555871, 0.5937836740328031, 0.6974853170980027, -0.358338900414597, -0.27359568364503833, 0.17946903549561688, 0.023250677785736695, -0.6939356619981099, 0.35623761331534204, -0.26829453842151463, 0.018419434467997778, 0.13901172662695715], [-0.267490469172323, 0.2295764950977491, 0.6947950035201133, -0.5233012846118613, 0.1897682274856351, -0.22798144042252863, -0.2033137148315934, -0.6010280346843505, -0.7120914308971099, 0.1570221006844511, 0.5970476496988079, 0.4574420998390455, 0.13955792145575366, 0.0021493966659758], [-0.451106015428, -0.6869272885490146, -0.09361201916511608, 0.16167801356306866, 0.2308366703103188, 0.5308905902389862, -0.36294896522300113, 0.5699292431759144, -0.016420836205464917, 0.13252723984832845, 0.5772207527520424, -0.2781437264551754, 0.9042937210091434, 0.13657305548483123]], "inverted": true, "swapped": true, "error_lsq": 0.04162829518015238, "error_max": 0.22948688077012067, "target": "876.xyz", "model": "12.xyz", "model_rescale": 4.124412569039231, "target_rescale": 4.202688639058287},
{"mapping": [0, 13, 15, 5, 7, 1, 3, 9, 11, 6, 4, 14, 16], "R": [[-0.5909383106268815, 0.2094672283448233, -0.7790477477555438], [-0.04973432322721432, -0.9733243577547206, -0.2239781053908882], [-0.8051822216905802, -0.09361183072079353, 0.585592362503579]], "T": [0.1306615253085198, 0.03697119864590902, -0.004780625908248262], "aligned_model": [[-0.19665969083879756, -0.06464595595878314, 0.5987988655335315, -0.5735431785071803, 0.6578304804608519, 0.3125797433129829, -0.4970945316533252, 0.05413327564063758, -0.041495809802331585, -0.24993338552061786, 0.6764025233981387, 0.564046246091169, 0.12687972535348144], [-0.3621460423243045, 0.6880488989981877, 0.6191185982000753, -0.162336544518423, -0.09028129987686163, -0.675199265284769, 0.42925067407850614, -0.40055695031303884, 0.6220041484384616, 0.1353317313746199, -0.2425332428470645, 0.6367833568643163, 0.1500013137187714], [0.3732370018436504, 0.47188837255741356, 0.32780183872842295, -0.11101182346399371, 0.4249590411407172, 0.12379933371077695, 0.055122547095301816, -0.4251313688004347, -0.24860259984745026, -0.5979050349408103, -0.22334081414782325, -0.29430927993295397, 0.07519086702502283]], "inverted": true, "swapped": true, "error_lsq": 0.03983910827262211, "error_max": 0.24744706502783512, "target": "876.xyz", "model": "13.xyz", "model_rescale": 3.9028299243045295, "target_rescale": 4.202688639058287},
{"mapping": [12, 13, 15, 7, 4, 10, 8, 1, 14, 0, 9, 3, 11, 6, 5, 16], "R": [[-0.7196168938305817, 0.394971780958359, 0.5710944040701219], [-0.32513758596312264, 0.5350571251859673, -0.7797431775795165], [-0.613544681590264, -0.7468006193317669, -0.2566159750638904]], "T": [-0.03837619635484175, 0.04586804833544606, 0.16601559356269616], "aligned_model": [[0.042281999735773505, -0.13376104582028459, -0.08210964984166924, -0.5090985394756277, -0.014347538806475497, 0.5290416158930437, -0.6664580713660148, -0.5019901530121016, 0.47401566410805357, -0.5394088717555156, 0.12653884349960043, 0.13563472302298932, 0.4650867282866559, 0.5526009204989379, 0.0042100159886516095, -0.05439736937542134], [-0.6607789373403475, 0.5554973472163326, -0.10737785348448542, -0.3714804404893923, -0.5974217633915073, -0.32977164593696323, 0.25505326615053386, -0.3234852413892485, -0.2222238135002747, 0.30515923709920856, -0.13167952032480396, 0.7622849479876517, 0.3361480218362329, 0.28004226557670264, 0.5960888969446604, 0.1061975151668007], [-0.3239473063021798, -0.482398029403291, -0.6360207762647205, -0.12211146461571501, 0.26258353564595116, 0.1766376928235297, -0.34515353021590933, 0.6192859988561953, -0.37896616558587026, 0.46778606110603516, 0.7274976428495167, 0.07648196935450517, -0.13994760005193888, 0.48575349946779767, 0.6583125983977205, 0.04236598356270545]], "inverted": false, "swapped": true, "error_lsq": 0.033063762158381575, "error_max": 0.206098805534651, "target": "876.xyz", "model": "14.xyz", "model_rescale": 3.942246331269136, "target_rescale": 4.202688639058287},
{"mapping": [14, 13, 15, 2, 0, 8, 4, 12, 10, 7, 1, 9, 3, 5, 16], "R": [[0.4469487556959376, -0.6720327161167837, -0.5904310613869765], [0.2702980264238608, -0.5277186577079124, 0.8052651707470809], [-0.8527460270755995, -0.5195046167029297, -0.0542140805614485]], "T": [-0.08958278628047162, 0.0052169525835803155, 0.09681493473443659], "aligned_model": [[-0.7578700977874422, -0.26996283428298995, -0.3464451432639933, 0.18920765561571, 0.4763801178120484, 0.2877979805254202, -0.04654266687777803, -0.31845509034424674, -0.5932753891639093, 0.25481479720866124, 0.5272208047994971, -0.021209339411675965, -0.3162503111067035, 0.03322764094623523, -0.12434408813662312], [0.29020467010915335, -0.52291391441489, 0.13835085616531018, -0.7081358263692134, -0.2755971148714484, -0.250391160442537, 0.6507682441799678, 0.7045532303587523, 0.4126962733170516, 0.3887606130144495, 0.35728587908187776, 0.20396222117389082, -0.7018977573516837, -0.5309158865896448, -0.058585637479385215], [-0.2250512688256543, -0.5178405328563916, -0.6680094589575989, -0.20284459891183426, 0.19761438007780582, -0.6044606313412029, 0.1684780614699389, -0.35536377907834604, 0.3052264208311706, -0.3647704334502371, 0.3257573178310965, 0.6711037045662446, 0.1094586769086158, 0.5911752147125062, -0.02111059261559635]], "inverted": false, "swapped": true, "error_lsq": 0.03924329614013292, "error_max": 0.24941596716774747, "target": "876.xyz", "model": "15.xyz", "model_rescale": 4.355366556412066, "target_rescale": 4.202688639058287},
{"mapping": [1, 9, 4, 8, 7, 0, 15, 2, 10, 5, 11, 16], "R": [[-0.8905806253367871, 0.155138976422358, 0.4275488834851057], [0.06459367931359922, 0.9736418952795548, -0.21874440872664275], [-0.4502152889090611, -0.16719257684197492, -0.8771276052442264]], "T": [0.07198788245633261, 0.009544590502448916, -0.050157477576375877], "aligned_model": [[-0.2357900810218134, 0.4012368705913344, 0.10049809934920137, -0.6781844312076168, -0.48226582007659036, -0.2951698203262543, -0.23272711888355466, -0.3503812257374589, 0.5976347204096134, 0.29179919170930557, 0.46163851544650036, 0.019519654379114293], [-0.6590347930040663, -0.473348702569993, -0.4852926735264336, 0.3791722061301358, -0.16588401690115934, -0.13783616843716537, 0.4674070791107592, 0.5154329025505309, -0.12892854478998428, 0.0377210593317251, 0.5289193995610245, 0.13444868028560725], [0.07267634065003806, 0.12981855554030355, -0.472114555197551, -0.06265130613097572, -0.42539623360381706, 0.45263990771197693, -0.6552772751274614, 0.441852162587479, -0.45967130532087785, 0.6553933594469755, -0.14901620140378646, -0.07899498794288272]], "inverted": false, "swapped": true, "error_lsq": 0.044285118923170476, "error_max": 0.24160907049385563, "target": "876.xyz", "model": "16.xyz", "model_rescale": 3.795458400668931, "target_rescale": 4.202688639058287},
{"mapping": [0, 5, 3, 1, 13, 6, 9, 7, 4, 10, 11, 12, 16], "R": [[0.5398365777894004, 0.6842712474792946, -0.490254351488856], [-0.6614121276909176, 0.705060184755912, 0.2557814168686463], [0.5206826928408527, 0.18618000898348128, 0.8332025789871926]], "T": [-0.028023569488664135, 0.03874455765929864, -0.02751573550080259], "aligned_model": [[0.1038291241164126, -0.08246476884195708, 0.37724863696200756, -0.3797433749158548, 0.7664489093806802, -0.3582585343284102, -0.5976611211849698, 0.1267445109070904, -0.4752998110013315, -0.47676790057008167, 0.15699566592355305, -0.11394187110625059, 0.10150233556333454], [-0.3668219737129647, 0.20150050446273093, 0.49357788444135064, -0.6083262173129541, 0.27390408455875953, 0.603336109091787, 0.012859223903368702, -0.49540747980489264, -0.21033340727822342, 0.40016319816789425, 0.663181985417757, -0.07491521724912499, 0.07106257078499731], [-0.5044452201112258, -0.7468623600766311, -0.4522866473589771, -0.14754241753381556, 0.025152997736929906, -0.3077033390565062, -0.24848000947392404, 0.3841940278708121, 0.3745149310587961, 0.33468044639122446, 0.057317257449657655, 0.8243169072290892, 0.009418456710865702]], "inverted": false, "swapped": true, "error_lsq": 0.0439392317836111, "error_max": 0.2764713949177863, "target": "876.xyz", "model": "17.xyz", "model_rescale": 3.7474275329858107, "target_rescale": 4.202688639058287},
{"mapping": [15, 10, 11, 4, 8, 0, 13, 6, 7, 3, 1, 9, 5, 16], "R": [[-0.003568440814111063, -0.9946565964973222, -0.10317713542505186], [0.9838178509472457, 0.014990992331335995, -0.1785432897267902], [0.1791359885330106, -0.10214462880291422, 0.9785074207276182]], "T": [-0.01720324426326199, -0.023880723887460174, -0.013527100580791727], "aligned_model": [[0.5128526258392585, 0.06023787062693704, 0.5758005434953153, -0.3707665608543477, 0.189262454327759, -0.3582515524300352, 0.6698160100760108, 0.1071192797785053, -0.19442807157923528, 0.4528461146030487, -0.7415795790166227, -0.45629122997521443, -0.1299464138962426, 0.09817615688773984], [-0.5418532942138744, 0.3735268021348776, 0.25693329495161166, -0.060670436828986006, -0.7836078336815687, -0.210249988125674, -0.38153442904322415, 0.673630606224743, -0.6383415909197088, 0.18876292194256425, -0.20248954844320952, 0.3975424494585748, 0.3854621200788592, -0.0967028320237518], [-0.3590765917737853, -0.5605655951561924, -0.04252451216327472, -0.5588380429579483, 0.26883048143834903, 0.494689021078976, 0.28538574556120655, 0.05239481928604688, -0.27773476617898224, 0.5206877664449542, -0.027370047986865008, -0.07341408538603827, 0.5919812168601987, 0.01034930959500966]], "inverted": true, "swapped": true, "error_lsq": 0.03722928329617474, "error_max": 0.2166044134258574, "target": "876.xyz", "model": "18.xyz", "model_rescale": 3.922800546911778, "target_rescale": 4.202688639058287},
{"mapping": [1, 4, 7, 0, 11, 9, 14, 2, 6, 8, 15, 13, 5, 3, 16], "R": [[0.8101301249441271, 0.5584732923648421, -0.1783164669153889], [0.24490452640862814, -0.598747539529225, -0.7625766563777474], [-0.5326452417909869, 0.5741158120300058, -0.6218360561872784]], "T": [-0.03719795282110594, 0.035501393269318685, -0.08416491376375818], "aligned_model": [[-0.2800075210378868, -0.24443219310313494, 0.35871976184642046, -0.021411255205067606, 0.045401947061833384, -0.632300091313942, 0.1514017379978686, 0.43598671352822116, -0.5483472641004837, 0.7347531910814141, 0.6528272506482933, 0.6590460441885455, -0.3884719361883949, 0.08474772956327128, 0.0881367219206603], [0.5801373544097976, -0.06251194618365628, 0.21163246941136732, 0.6596001258303757, -0.4857652608880507, 0.13763272169910823, -0.7197450204258903, 0.4261377925535839, -0.2627123496722057, 0.35718189422147517, -0.352290342003452, -0.10379728477234763, 0.3489566483255668, -0.016771118796887738, -7.417867420542179e-05], [-0.5327504654345112, -0.6934036852134065, -0.6236123109412142, 0.055773035574758656, 0.3067432431656724, -0.18114345620024636, -0.2437167676525453, 0.46345868773963034, 0.3109537902194438, -0.07182567111097513, -0.2894501994896882, 0.346068387082556, 0.48615543514766285, 0.6465512274730061, -0.03714208319681468]], "inverted": false, "swapped": true, "error_lsq": 0.03739556206280966, "error_max": 0.2894268016571485, "target": "876.xyz", "model": "19.xyz", "model_rescale": 3.9282355846067225, "target_rescale": 4.202688639058287},
{"mapping": [13, 3, 5, 11, 15, 6, 10, 9, 12, 7, 0, 8, 1, 16], "R": [[0.5322557092453268, 0.8407767834148505, 0.09898616290336718], [-0.29593163523379284, 0.29432701107202275, -0.9087332269820793], [-0.7931761010290262, 0.454385311188629, 0.4054696804107617]], "T": [0.053916246681546744, -0.07653385519034404, 0.027664899907887338], "aligned_model": [[-0.6826366517174255, -0.1778008191754273, 0.4262215677230758, -0.3066465858799074, -0.7011283766366272, 0.3171613662374319, 0.13613712284959403, 0.6386084395915448, -0.2855650037377788, -0.142461511380677, 0.30064990344166576, -0.4852014534223245, 0.5743810414801804, -0.07919622028864848], [-0.45862578353060046, -0.7154502058122688, -0.6938961781927131, -0.20067455891854175, 0.21899671201328563, -0.2520642737324885, 0.39054096520148895, 0.016145311818993507, 0.7142863432003356, 0.29191850692031807, -0.4799552431392007, -0.2973587069420087, 0.10254044254599749, -0.1135212440077614], [0.055162252335789946, -0.2717384105822385, -0.13715445198025605, -0.5070634281281193, 0.13362980235698615, -0.6096850230813357, -0.46045580467249453, -0.12572288556161776, 0.10029577926600519, 0.5794394191506422, 0.4585996558027969, 0.6277712741933567, 0.5315127013501869, 0.03759227679398113]], "inverted": true, "swapped": true, "error_lsq": 0.037007319563758155, "error_max": 0.21714831919788952, "target": "876.xyz", "model": "20.xyz", "model_rescale": 4.067790424073018, "target_rescale": 4.202688639058287},
{"mapping": [0, 4, 2, 3, 8, 7, 13, 1, 7, 9, 10, 11, 6, 14, 16], "R": [[-0.91459912527496, -0.40435992365016515, -0.0012215530732866964], [0.32436877151993126, -0.735468682705699, 0.5948703361420828], [-0.24144013773382592, 0.543671655417842, 0.8038207455560565]], "T": [0.1384255361410916, 0.05850772779144551, 0.0050202383726460995], "aligned_model": [[0.17084847099424713, 0.1810374231089022, -0.171425122102301, 0.20645609148122115, -0.5984198903657969, -0.37886630421040407, -0.4271439411581462, 0.26875606076083214, -0.37886630421040407, 0.690763770164815, 0.399240536930316, 0.1486390231526732, 0.7278541656310042, -0.09906236519401646, 0.028632338924572384], [-0.0392392593092716, 0.6925396395233098, -0.5642688400262469, -0.6810187944689227, -0.1282164569486018, 0.49011367546690915, -0.542723369425999, 0.5890789736467577, 0.49011367546690915, 0.31001883111115525, 0.3177739845445022, -0.37416397921393924, -0.21263610122177037, 0.1145822686744414, -0.02105910789138552], [-0.6264267960484902, 0.1461311440041772, -0.43376678285837605, 0.009668942218760255, -0.3438809889733323, -0.15278326263088882, 0.0939744531093366, -0.5032335576551573, -0.15278326263088882, -0.07012522936255937, 0.5776785361685723, 0.49902604197333766, 0.2972166789116031, 0.761247006901798, 0.03330665049324841]], "inverted": false, "swapped": true, "error_lsq": 0.042735440740144695, "error_max": 0.31167418603197067, "target": "876.xyz", "model": "21.xyz", "model_rescale": 4.186013935880536, "target_rescale": 4.202688639058287},
{"mapping": [6, 5, 9, 14, 13, 10, 11, 3, 1, 0, 2, 7, 16], "R": [[0.20067422924613493, -0.4154001418658979, 0.887227465678482], [0.3220814770116993, -0.8273300086140227, -0.46020493153885667], [0.9251991006710027, 0.3781108025229025, -0.032231120567779326]], "T": [0.12327232304406803, 0.02740675016661686, 0.03895741078214997], "aligned_model": [[-0.0018953581334577724, -0.4271049782844483, 0.30705201426168427, 0.5094957891326414, -0.3684121875584812, 0.6031807305883178, -0.048797185527010054, -0.5402044804594424, 0.374700863322706, -0.24221187127070276, -0.6236408844523934, 0.4503791421863661, 0.06603244161744587], [-0.3300297135244215, 0.15370556233434962, 0.22769259537700837, -0.6362900444513667, -0.33940060066307065, -0.3621075909808025, -0.6055638830503175, -0.2987982408426479, 0.7218564845029732, 0.5525036449912177, 0.13513816065470113, 0.3376241858897927, -0.037373900691322744], [-0.5634511475490106, -0.43858457158474545, -0.5088498605122376, 0.24331440702201246, 0.5983850000589792, -0.2459065584571818, 0.005925349748734932, -0.03131405630983475, -0.06751826421596495, 0.03389458324683556, 0.3659233684888172, 0.5638790797347567, 0.14718223166418534]], "inverted": false, "swapped": true, "error_lsq": 0.03669577338247766, "error_max": 0.20132559936547653, "target": "876.xyz", "model": "22.xyz", "model_rescale": 4.166573947596378, "target_rescale": 4.202688639058287},
{"mapping": [14, 15, 7, 4, 12, 13, 8, 11, 10, 9, 3, 1, 0, 3, 5, 16], "R": [[-0.1687352823451438, 0.850344684173679, 0.4984398886420214], [-0.2822361052556204, -0.526199162107684, 0.8021578539709685], [0.9443893187568584, -0.005325400899203192, 0.32878633597401796]], "T": [0.008370160394624668, -0.0009352483766137121, 0.056879325063060183], "aligned_model": [[-0.6986766926321125, -0.46948819587061685, 0.21820142617540866, 0.1321813247194661, -0.28892585931215187, -0.41019793442858654, 0.11194543109935987, -0.6021076781282579, -0.3600933846721761, 0.27778147548361054, -0.2665988243990921, 0.6960023957048416, 0.5476775659994888, -0.2665988243990921, 0.23472228232948011, -0.06859126664881295], [-0.25545735250331636, 0.1829181865087709, -0.023960326124584708, -0.5710683957751487, -0.43707775586843545, 0.6914023137128237, 0.6385278545075005, 0.11769348896570442, -0.5682591116968037, -0.42274374599789266, 0.5364946297514788, -0.2551681163144045, 0.3288871430901733, 0.5364946297514788, 0.250962588457604, 0.10006140715673048], [-0.20143642937661718, -0.5807009175203782, -0.6020722458339054, -0.23181344505673043, -0.6267244637141307, -0.1294804569430584, -0.47217480593181765, 0.2680543394469849, 0.13143958677271889, 0.40827274534179653, 0.48944195351191994, -0.08219393467865616, 0.15534652679991928, 0.48944195351191994, 0.7143176152389329, 0.0015425115951949661]], "inverted": true, "swapped": true, "error_lsq": 0.038652704227804396, "error_max": 0.3807864739358664, "target": "876.xyz", "model": "23.xyz", "model_rescale": 4.274766983524099, "target_rescale": 4.202688639058287},
{"mapping": [3, 15, 8, 0, 7, 1, 9, 4, 10, 12, 16], "R": [[0.5400407625405029, -0.6016406035966404, -0.5885444408866188], [-0.8400363677262264, -0.4284416838907655, -0.3328312251009119], [-0.0519121921324901, 0.6741411629686441, -0.7367759609944422]], "T": [0.024995289802956067, -0.05935531615874559, -0.06932572009959176], "aligned_model": [[0.24418579468217005, 0.19273930015119278, -0.43387630598898275, -0.5283526096466902, -0.36661154586047484, -0.5573519201448699, 0.025816747743528184, -0.00267878724264492, 0.5537082209585846, 0.20714960946465633, 0.04516619984160544], [-0.23695128015959893, 0.7363557255427788, 0.5018533311370418, -0.2930327859427099, 0.44799395126869423, -0.25096792082232855, -0.562919436409661, 0.04101612087341239, -0.09429625844233347, 0.5864136064951119, 0.040121477703076336], [-0.756322401441833, -0.1551461431409333, -0.4864838231615794, -0.2896255606829117, 0.1914755341047537, 0.3560801455778892, 0.27766808846398966, 0.5732349741396718, 0.3577840427753763, 0.4744772337065967, -0.16357565631944274]], "inverted": true, "swapped": true, "error_lsq": 0.04469684322115635, "error_max": 0.19388309275596843, "target": "876.xyz", "model": "24.xyz", "model_rescale": 3.7841303162186577, "target_rescale": 4.202688639058287},
{"mapping": [12, 4, 6, 0, 9, 5, 1, 7, 10, 11, 15, 8, 3, 2, 13, 16], "R": [[-0.7587941777162395, 0.6038212786348909, 0.2441951255280536], [-0.6173591029164462, -0.7862569514747515, 0.025840748902298247], [0.20760330900575052, -0.1311482738176769, 0.9693817598678587]], "T": [-0.013361095230238634, -0.13483102173449488, 0.058655613113270874], "aligned_model": [[0.15666051285615754, 0.21312867408599337, -0.6328990529417113, 0.36571704046756714, -0.07140689328114777, -0.23780215807246294, 0.5769174983656106, 0.5660741461112953, -0.3946293497543349, -0.6033835509850443, 0.046653674742785284, 0.4630616275169328, -0.4502429728517555, 0.09710258636379061, -0.14972300162538252, -0.027386232525515253], [0.153550064601415, -0.3855019091840114, -0.47307688301253703, -0.28767838532503487, -0.7405906926019685, -0.4813096400390332, -0.5895182860201997, 0.1112526890604201, -0.31946238977210756, 0.15363791803559643, 0.6042777488265176, 0.4990254421952375, 0.09724759873961569, 0.27056683116456137, 0.6237387459711778, 0.0006536157283117128], [-0.737490323278238, -0.4977534237236794, 0.14857947769278035, 0.5508634228342307, -0.0019092913929631902, 0.6722447957620329, 0.01810333337865304, -0.2285274216658189, -0.4740044647888198, 0.05548893598378664, -0.2859829113863892, 0.32471301774458644, 0.6125716563532025, 0.765651008961766, 0.36726192581683564, 0.08381027752528775]], "inverted": true, "swapped": true, "error_lsq": 0.03982532691948183, "error_max": 0.24133183559178664, "target": "876.xyz", "model": "25.xyz", "model_rescale": 4.19342608120988, "target_rescale": 4.202688639058287},
{"mapping": [1, 9, 4, 8, 7, 0, 15, 2, 10, 5, 11, 16], "R": [[-0.8905806253367871, 0.155138976422358, 0.4275488834851057], [0.06459367931359922, 0.9736418952795548, -0.21874440872664275], [-0.4502152889090611, -0.16719257684197492, -0.8771276052442264]], "T": [0.07198788245633261, 0.009544590502448916, -0.050157477576375877], "aligned_model": [[-0.2357900810218134, 0.4012368705913344, 0.10049809934920137, -0.6781844312076168, -0.48226582007659036, -0.2951698203262543, -0.23272711888355466, -0.3503812257374589, 0.5976347204096134, 0.29179919170930557, 0.46163851544650036, 0.019519654379114293], [-0.6590347930040663, -0.473348702569993, -0.4852926735264336, 0.3791722061301358, -0.16588401690115934, -0.13783616843716537, 0.4674070791107592, 0.5154329025505309, -0.12892854478998428, 0.0377210593317251, 0.5289193995610245, 0.13444868028560725], [0.07267634065003806, 0.12981855554030355, -0.472114555197551, -0.06265130613097572, -0.42539623360381706, 0.45263990771197693, -0.6552772751274614, 0.441852162587479, -0.45967130532087785, 0.6553933594469755, -0.14901620140378646, -0.07899498794288272]], "inverted": false, "swapped": true, "error_lsq": 0.044285118923170476, "error_max": 0.24160907049385563, "target": "876.xyz", "model": "26.xyz", "model_rescale": 3.795458400668931, "target_rescale": 4.202688639058287},
