[{"mapping": [3, 8, 6, 4, 7, 5, 9, 12, 11, 2, 1, 0, 13], "R": [[-0.22438557147913674, -0.25200247866203107, -0.9413532100440164], [-0.9706556967160642, 0.1435198634689851, 0.19294964944900989], [0.08647909426348754, 0.9570249733094933, -0.2768114280829649]], "T": [-0.13408892963259034, 0.1077336461858249, -0.045080972036328465], "aligned_model": [[-0.47985960657490134, 0.10721354606523653, -0.3633820448731529, 0.31294296928602355, 0.5329357629781234, -0.7162554953110072, 0.5495390495886638, 0.05737466365055294, 0.009697264523470028, -0.017576539436290478, -0.48604539322079926, -0.0017829163154364225, 0.00616918428284538], [-0.20381719432218107, -0.3303488004102775, -0.6052028266268021, -0.7357996838322304, -0.1643382147577689, 0.12176199157593562, 0.23030920233123497, 0.6464252464958078, 0.26197028002133715, -0.39082746114290257, 0.4895451507661197, 0.298934157148384, 0.08055140165900421], [0.1927824731235854, -0.6454442094427945, -0.19900477534309982, -0.09000567692071346, -0.27409940886127415, -0.5280784417744325, 0.18809533642088677, 0.04587429266111838, -0.7103616887240185, 0.5286087791355065, 0.2066941977711508, 0.690683880364494, -0.12336666241948853]], "inverted": true, "swapped": false, "error_lsq": 0.04680553278554022, "error_max": 0.254249660878697, "target": "878.xyz", "model": "0.xyz", "model_rescale": 3.8414455957264533, "target_rescale": 4.035869771839318},
{"mapping": [0, 9, 7, 2, 6, 13, 10, 12, 8, 4, 11, 1, 14], "R": [[-0.7188606375542973, 0.5340740692036225, 0.4449767099290856], [-0.22164681067481612, -0.7827969751508725, 0.581465035072898], [0.6588718199260851, 0.3193646572476807, 0.6810977467356356]], "T": [0.02156046153097268, -0.08746688125530111, -0.021546919714496154], "aligned_model": [[-0.627557345088281, -0.12474112725067057, -0.3220328243040325, 0.3997288783219497, 0.6926531271906702, -0.557707946035705, 0.540769157767968, 0.010604255979063025, 0.12068700512578445, -0.02765701022867101, -0.4595119256420836, -0.16713408979623334, 0.032870288603569324], [-0.2634894880983937, -0.3500872100837299, -0.6101526650675563, -0.7211408914335291, -0.25580629655227294, 0.18277258394974105, 0.3552074184724885, 0.671046832043504, 0.387525012757004, -0.4731616231502602, 0.5751977334711958, 0.23483421057519616, -0.03358236797772613], [0.2489701490947346, -0.6340304607174004, -0.16885010184168092, -0.014431796041677769, -0.3839329695824205, -0.42930388664478436, 0.031773756601363085, -0.10416926635652243, -0.6451325405221926, 0.3587614307017948, 0.21448352073540472, 0.7588467397119727, 0.049393520852329106]], "inverted": true, "swapped": false, "error_lsq": 0.04061211918702753, "error_max": 0.3019393193959832, "target": "878.xyz", "model": "1.xyz", "model_rescale": 4.316132596720782, "target_rescale": 4.035869771839318},
{"mapping": [5, 7, 10, 3, 0, 1, 9, 4, 11, 8, 6, 12], "R": [[0.36645280674622627, 0.8857585241314718, 0.28485817059766766], [0.8622455063787766, -0.43833462325799943, 0.25376257561522914], [0.34963556334763796, 0.1526256694717657, -0.9243702601560022]], "T": [-0.042068977207035514, 0.04081084643725879, -0.08095395954414428], "aligned_model": [[-0.18023030982784494, 0.5307211577160897, 0.29266319694939213, -0.49360658505774235, -0.48004112274027305, -0.4934935145639471, -0.203325446621878, -0.08729959174479102, 0.36547174188957066, 0.1243302823062436, 0.3971053828345162, -0.17448663650755536], [-0.6959316404279181, -0.2898685773182597, -0.5314664686718984, 0.6871005788299602, -0.27559658336617937, -0.1335921218486136, 0.2745939729353024, 0.5080715715607373, 0.07921365606240652, -0.15080264998647583, 0.4490672626484427, 0.091987427323476], [0.13546339225060025, 0.17286071732036593, -0.4133442666194814, -0.13203428370746623, -0.46494140804900097, 0.44792467903215805, -0.7434980368132079, 0.5594177664525906, -0.7002818682843726, 0.6731817845594356, -0.0335191297572425, -0.05197088517495801]], "inverted": false, "swapped": true, "error_lsq": 0.048830114206608245, "error_max": 0.3010554997183239, "target": "878.xyz", "model": "2.xyz", "model_rescale": 3.795458400668931, "target_rescale": 4.035869771839318},
{"mapping": [9, 0, 2, 8, 6, 4, 1, 10, 5, 7, 3, 12], "R": [[-0.0004412166115009275, 0.9867250658641717, 0.16239904471162198], [0.9998581036076113, -0.0022994658947384505, 0.01668787304571981], [0.0168397736948233, 0.16238336383984842, -0.9865840385744958]], "T": [0.11385041297367524, 0.04691795386341104, -0.05092767467681108], "aligned_model": [[-0.12630858411015425, -0.16532134017595854, -0.5807076452718942, 0.34225414287904943, 0.3580418713564322, -0.1105751021439246, -0.23302010694398492, 0.6458806911863652, 0.27537064693700186, 0.7704797977656364, -0.5547679836493542, -0.02802256208564946], [-0.03099248705803708, -0.517364873315365, -0.21795305549707114, 0.19387732963080748, 0.5789668466535249, 0.6492705153792175, -0.09443745223833563, -0.43685522033610397, -0.5708630072906998, 0.056250578906705026, 0.42376598423373774, 0.05210388622132907], [-0.7261139251312836, -0.2583587372049738, 0.07042224036163569, 0.6969759582548161, -0.18910144319361105, 0.4151827424884412, 0.5603109155602666, -0.23241477898872817, 0.39737179442573906, 0.21479786660573347, -0.23833319946104198, -0.02196800307789302]], "inverted": false, "swapped": true, "error_lsq": 0.05598561704756564, "error_max": 0.2838841226854663, "target": "878.xyz", "model": "3.xyz", "model_rescale": 3.7530521520055578, "target_rescale": 4.035869771839318},
{"mapping": [9, 10, 0, 5, 2, 7, 3, 6, 4, 1, 12], "R": [[-0.7137121476746955, -0.30356558802555944, -0.6312391813158227], [0.14015029155781294, 0.82108927486671, -0.5533265748860436], [0.6862746287295152, -0.48338425343152913, -0.543476584129077]], "T": [-0.1659602229903035, -0.009754655895288906, -0.028101281018439846], "aligned_model": [[-0.3922047922904277, -0.13160776561741303, 0.2379572968653515, 0.46778460235123936, 0.3728199799750261, -0.28730824693735313, -0.2752036194627996, -0.7265479573152109, -0.2498697453425231, 0.4188370590566168, -0.09645720883730127], [-0.6529878009212852, 0.18733817369047137, -0.4250142375394167, 0.33244263463738744, -0.46148165273910585, 0.6455154194918156, -0.5704569530258415, 0.14058893998761474, 0.22400576232210573, 0.1387864851389403, -0.09153341272833973], [-0.26195458864914695, -0.742247341177, -0.35026543096916846, -0.32807299076221835, 0.2419949295592712, -0.2684241795085634, 0.5176684903468063, 0.12980906783141696, 0.7260668700751147, 0.3590172937721942, 0.06923865672661003]], "inverted": false, "swapped": true, "error_lsq": 0.052662911315262455, "error_max": 0.24126076079559944, "target": "878.xyz", "model": "4.xyz", "model_rescale": 3.7855080009869324, "target_rescale": 4.035869771839318},
{"mapping": [13, 14, 12, 1, 2, 15, 5, 10, 9, 6, 8, 7, 16], "R": [[0.4180857154612254, 0.36680669949095873, 0.8310578678622955], [-0.34225584079118715, -0.7838299284529511, 0.5181424347665023], [0.8414661454696752, -0.5010623598615157, -0.20216636109505465]], "T": [0.020653904295945533, -0.0816314919846918, 0.000611320953163276], "aligned_model": [[-0.6561134015910423, -0.1629017180098724, -0.16760844959691146, 0.4353244439937717, 0.45147216013526387, -0.5576986412871032, 0.6543145491957456, 0.009839782651356696, 0.1327116835979647, -0.21729932835724558, -0.5465230863787847, 0.11729556394382355, 0.018156886346361336], [-0.3366971658835135, -0.23067544983980948, -0.690855446819384, -0.7073527487338073, -0.2664275432106561, 0.336855746907442, 0.35617910132792496, 0.6469172782914605, 0.2944305210043029, -0.23368936673763424, 0.2927659997772083, 0.32182249065964597, -0.08411016783751857], [0.04298058524234547, -0.6332582481852163, -0.23702016259321007, 0.0987193805017596, -0.5703805681884864, -0.411329051659065, 0.24940705264429838, -0.007389814994116527, -0.5934715316302178, 0.5891125782691329, 0.18349558319345308, 0.6245141542411958, -0.053001860850953]], "inverted": true, "swapped": false, "error_lsq": 0.04148748381411193, "error_max": 0.22484369170080132, "target": "878.xyz", "model": "5.xyz", "model_rescale": 4.2253639853439635, "target_rescale": 4.035869771839318},
{"mapping": [6, 2, 5, 8, 1, 3, 9, 0, 4, 11, 7, 12, 13], "R": [[0.06822595041074922, -0.7216579849799096, 0.6888795049972725], [-0.8039700094519597, 0.3690847340158637, 0.4662710402955085], [-0.5907431282650408, -0.5856502470170881, -0.5550102202450492]], "T": [0.03768912546686466, -0.08814113604549964, -0.10529960079432779], "aligned_model": [[-0.586079767966854, -0.35897088698427765, -0.15417615773049342, 0.5744420619131096, 0.6259229334005211, -0.5084050179977774, 0.5307926447245866, 0.21924834758534273, 0.013185640434603088, -0.21600724341381516, -0.43254015552512054, -0.18590621835283277, -0.010535735443664512], [-0.1405024654470224, -0.3708708506203089, -0.6912964452629212, -0.5535376682446403, 0.05068774458682493, 0.2924462738188446, 0.10864831070592448, 0.6922232880795833, 0.15501208041929776, -0.4645376754593047, 0.47691155072400604, 0.20381522568030294, -0.059836120074925184], [0.042648453910317546, -0.5667065307985696, -0.1168170882425224, 0.09759748797739087, -0.5217288397587801, -0.350133999163329, 0.19589678103703004, -0.07168020534675043, -0.7695189958368268, 0.5267744347009288, 0.193014161039141, 0.7526691454540514, -0.1296367089811608]], "inverted": true, "swapped": false, "error_lsq": 0.05305367987703431, "error_max": 0.2783556355583673, "target": "878.xyz", "model": "6.xyz", "model_rescale": 3.89814844738969, "target_rescale": 4.035869771839318},
{"mapping": [4, 10, 2, 1, 5, 11, 6, 8, 9, 0, 7, 3, 12], "R": [[0.7986517236773167, -0.2073856859274597, 0.5649306165713166], [0.5930521994886557, 0.4306482773760862, -0.6803169481018956], [-0.10219839993326006, 0.8783696479645724, 0.46692852620682196]], "T": [-0.12257982199443532, -0.00923944270732336, 0.0023256646824206806], "aligned_model": [[-0.6897143171152788, -0.1833934371449273, -0.18969332745151132, 0.4465749731227743, 0.5242216213174055, -0.5983745119586308, 0.4988291358168524, -0.03399491493661219, 0.3149988615045829, 0.045423637358440766, -0.5554469746456006, 0.11137807972710442, -0.1798383809512712], [-0.3058004847949705, -0.3117785633332435, -0.6938694606720237, -0.6169377763933342, -0.24507525712662107, 0.47142778056760515, 0.2234967327003527, 0.6582788122796166, 0.2867566270194323, -0.27235093282777834, 0.20375230605039452, 0.4085176268554699, -0.10725416141923799], [-0.07452354575066439, -0.6637640047730883, -0.1659757328396543, 0.14916628053571077, -0.35629107445803576, -0.44255499649994073, 0.1329420144870109, -0.06293432164520071, -0.7179916969632595, 0.5058706665247278, 0.4478985797734952, 0.6528060008358461, -0.12227007323602601]], "inverted": true, "swapped": false, "error_lsq": 0.0536910645097048, "error_max": 0.35601709059833314, "target": "878.xyz", "model": "7.xyz", "model_rescale": 3.7474275329858107, "target_rescale": 4.035869771839318},
{"mapping": [2, 0, 1, 12, 10, 3, 11, 5, 6, 13, 8, 4, 14], "R": [[-0.3840119615789147, 0.6149608011304109, 0.6887365435617292], [-0.21920312980117895, -0.7853219716114667, 0.578981337168692], [0.8969307672555791, 0.07136255304655531, 0.4363743631023665]], "T": [0.050434148549180824, -0.012231292195937687, -0.03857498772203695], "aligned_model": [[-0.7494829561505806, -0.10331692985974927, -0.3571146898273302, 0.41446555007920916, 0.6335486225436318, -0.4648469723473425, 0.6245062598208898, -0.0442293358867015, 0.08402932154856961, 0.16834471177294213, -0.363275045757464, -0.34918330726739505, 0.01752521597464851], [-0.18875746757445633, -0.2445655897282146, -0.6239017853770253, -0.4827409787740762, -0.12541254424617887, 0.2822432194054155, 0.10204842668573616, 0.6645882009473744, 0.3198657379752572, -0.42263573842212276, 0.437865668764887, 0.023329426374676276, -0.04276332712561073], [0.1552306645815778, -0.6357304262011955, -0.19530715468024074, 0.12496214058704398, -0.5102007653156467, -0.4409487759455983, 0.17085593765011337, -0.2529943488757708, -0.7839078162626548, 0.752485767397696, 0.26386135952561335, 0.6331892344176617, 0.0008822791123207843]], "inverted": false, "swapped": false, "error_lsq": 0.051954565802847553, "error_max": 0.39337100713483164, "target": "878.xyz", "model": "8.xyz", "model_rescale": 4.019505241142653, "target_rescale": 4.035869771839318},
{"mapping": [4, 11, 8, 9, 10, 5, 1, 2, 6, 7, 3, 0, 12], "R": [[-0.8369572121132807, 0.5426351672451462, 0.07106124372959698], [0.047900525877413364, 0.20198465964972112, -0.9782166104124657], [-0.5451680151221567, -0.8153215761495697, -0.19504502750070107]], "T": [0.021094881003456648, 0.0035297643555682393, -0.09788569771543931], "aligned_model": [[-0.6600484854706596, -0.12749655413405575, -0.22543099582193143, 0.3264373729427165, 0.8238834480459288, -0.5531558903293912, 0.6317371780646607, 0.012412454370249092, 0.13957614680235236, -0.1635172982278456, -0.6038016303291036, -0.07914056368931013, -0.01048473758028201], [-0.07886781825206612, -0.3819640383832408, -0.6215060666953498, -0.6071007594470134, 0.046820509453289035, 0.13695608582266083, 0.06527543399799232, 0.5895500742716446, 0.3460707829199735, -0.4858991126767337, 0.5575971669978413, 0.13621495928045987, -0.003983968383796631], [0.36778481233629945, -0.5632507559726487, -0.029386549223917285, -0.13304799922359506, -0.5358767777987747, -0.41875668036321106, 0.18426454504678358, -0.017406047801420896, -0.7277187535504347, 0.6410065188371952, 0.10453582089216157, 0.5305994435139112, -0.12036948070142826]], "inverted": false, "swapped": false, "error_lsq": 0.056183383998169516, "error_max": 0.32933512337554416, "target": "878.xyz", "model": "9.xyz", "model_rescale": 3.877068213659057, "target_rescale": 4.035869771839318},
{"mapping": [3, 2, 4, 1, 8, 13, 11, 10, 9, 5, 6, 12, 15], "R": [[-0.3152089398319231, 0.5687906426430828, -0.7596844931231017], [0.38884025688047963, 0.8076200912251431, 0.44334303070942027], [0.8657058269869491, -0.15565022676231577, -0.4757377723385879]], "T": [-0.06109539256630273, -0.010788137525770899, -0.10004177032949935], "aligned_model": [[-0.5379494254277403, -0.1531807503991026, -0.35506513672579587, 0.3168706116601903, 0.6468255870658102, -0.7341864444443853, 0.5138709931604428, 0.04111409539166996, 0.2372327626918331, -0.044499496744235846, -0.44981595803215896, 0.025366169335133103, 0.0043874371116672875], [-0.2410948900005013, -0.15776606907225366, -0.6072561084527696, -0.7460244571789437, -0.14220584733813676, 0.1489117010192174, 0.3925501391929211, 0.6905106961552981, 0.27019751341937515, -0.47690225376763173, 0.37453619169998864, 0.2132677089782176, -0.019561075749119857], [0.24971582263533004, -0.7405674391833147, -0.22613074257529894, 0.16354097591036837, -0.37735063775439803, -0.44512566362797273, 0.12664560488496449, -0.13076547304937142, -0.6174320288799122, 0.527220255561166, 0.18408154517887487, 0.6074316155123111, -0.03888573862182644]], "inverted": false, "swapped": false, "error_lsq": 0.03619472160460145, "error_max": 0.18533810414361973, "target": "878.xyz", "model": "10.xyz", "model_rescale": 4.260839863003843, "target_rescale": 4.035869771839318},
{"mapping": [10, 5, 1, 0, 3, 9, 11, 7, 8, 4, 6, 12], "R": [[-0.011389707771752577, 0.9994211009656685, -0.03205834526991591], [0.5789945916901834, 0.032730632072740906, 0.8146741486739569], [0.8152518244998853, -0.0092827080472202, -0.5790322046146641]], "T": [-0.03525563219984588, 0.056994040401326856, -0.047840072656623614], "aligned_model": [[0.45836197391626343, 0.21882083910171543, -0.25509624444471557, -0.3412698636535928, -0.732803131566846, -0.40053325624192404, 0.1922249549278818, 0.6602118662873847, 0.3315959059829425, -0.173674996459697, 0.16995041613941872, -0.16888981489470095], [0.0009617534593009402, -0.6360192551906655, -0.5658265323108485, -0.15958865883928328, 0.31817115601828616, 0.5038744602506436, 0.6143382775803587, -0.03913686040965336, -0.40826215850685055, 0.009352713095053228, 0.5213029811690547, 0.013910629217537239], [-0.5985054082225364, -0.30060920606765906, 0.23086723265026388, -0.5944906439034658, 0.2155984010355253, -0.4796884270787837, -0.4822951978614896, 0.04672799071337949, 0.48327364814466833, 0.7325602891582684, 0.27481325247819055, -0.012073853650856836]], "inverted": false, "swapped": true, "error_lsq": 0.039393146976417145, "error_max": 0.2204620935799143, "target": "878.xyz", "model": "11.xyz", "model_rescale": 3.890672605050136, "target_rescale": 4.035869771839318},
{"mapping": [4, 11, 2, 1, 6, 12, 8, 5, 9, 0, 7, 3, 13], "R": [[0.527308778735496, 0.44197197087957785, 0.7256763940113399], [0.40459099678294785, 0.6204150751937543, -0.6718565768037915], [-0.7471623499552561, 0.6478780065947215, 0.148332435361217]], "T": [0.025072751582729466, -0.07154235468764186, -0.14432436065403392], "aligned_model": [[-0.5194282882975055, -0.0441259408691283, -0.39949532599044346, 0.3862120781440571, 0.5771165818004889, -0.570141236448889, 0.42754694151292155, 0.00034889040531964344, 0.13689895679925101, 0.1614468495256518, -0.3886961477767896, -0.14464015239265932, -0.11207276176894658], [-0.338873908174911, -0.40047410363161084, -0.6311531647552837, -0.7280810294539761, -0.13264489792298378, 0.3384192553076793, 0.314031299026369, 0.6916367777936563, 0.3001239294383842, -0.3378839888293554, 0.5764118370405249, 0.04826075644773367, -0.0006095133805650993], [0.2065452759698373, -0.5799590807979489, -0.25451429861547437, 0.06504050205490905, -0.2978575253782595, -0.3253877018543254, 0.3123358301222112, -0.2923734209976673, -0.8189942718641203, 0.3647520374240851, 0.2243419296697649, 0.7556244716628711, -0.07717565140496223]], "inverted": true, "swapped": false, "error_lsq": 0.05081093541797354, "error_max": 0.36199209987460435, "target": "878.xyz", "model": "12.xyz", "model_rescale": 4.124412569039231, "target_rescale": 4.035869771839318},
{"mapping": [3, 8, 6, 1, 2, 9, 4, 10, 11, 0, 7, 5, 12], "R": [[-0.6850030732207465, -0.2833331895013652, -0.6711878227479371], [-0.7138465191849364, 0.44512379701987104, 0.540636617677866], [0.14558137492716203, 0.849462835592939, -0.5071675800174148]], "T": [-0.13653852059024868, -0.05409183596233288, 0.050043629212955444], "aligned_model": [[-0.6741225779930355, -0.020731832405625983, -0.35405797507555925, 0.32888922924843517, 0.6006190557813578, -0.6417306211577534, 0.5827469281505231, 0.15055281366950718, 0.14418155779579844, -0.04334238237810137, -0.45527021123415246, -0.05238575497894653, -0.05437778477911907], [-0.4469550761958591, -0.2156834234873007, -0.5961325702246105, -0.7018773249959994, 0.007820110644453517, 0.033050602277857756, 0.07019639092906163, 0.582806301810267, 0.37449443370770535, -0.29824188879313007, 0.4774046191268578, 0.38845997036274876, 0.023821103743609108], [0.30580764440175917, -0.6394294237131998, -0.27628434094115717, -0.11309823784221176, -0.3917268226217258, -0.33183123115643165, 0.3423741538516024, -0.18775670760820717, -0.8032223951767113, 0.5681870696993584, 0.1449082808116775, 0.6589870500909458, 0.005463056195221833]], "inverted": true, "swapped": false, "error_lsq": 0.04708257319957725, "error_max": 0.23454561955574144, "target": "878.xyz", "model": "13.xyz", "model_rescale": 3.9028299243045295, "target_rescale": 4.035869771839318},
{"mapping": [6, 11, 1, 2, 12, 9, 5, 10, 14, 3, 7, 4, 15], "R": [[0.9629631653434139, -0.19369070627808077, -0.18757892337171386], [0.1414776884244427, -0.2292621715363716, 0.9630279956369409], [-0.22953432394713735, -0.9538987194686476, -0.19336811300264856]], "T": [0.10912964584576836, -0.09305258968997507, 0.032416201723518785], "aligned_model": [[-0.4947750812090389, -0.07307344090857022, -0.11936509571397845, 0.24351801853204214, 0.5721631377265882, -0.5507976492938039, 0.5542609899856493, 0.02163735024244623, -0.014409299601817152, -0.2181165861386931, -0.5847063258609515, 0.16656342317616493, 0.008071003707290164], [-0.3753347676699894, -0.19760824526129583, -0.5901943339581293, -0.787331007970991, -0.22785317659317741, 0.12450970390222174, 0.14986773131525075, 0.6466046077613588, 0.43019591812113867, -0.20591360545146625, 0.4597910266230041, 0.3191227480816148, -0.0466933499938791], [0.037326892607224965, -0.6759105861386716, -0.3180677421717298, 0.23751864625241853, -0.4692500978503046, -0.3111068251616274, 0.10276986376106687, 0.007820866444775636, -0.6704349779824655, 0.5509349959937049, 0.2156743150635554, 0.5673705231726934, 0.007732222000279402]], "inverted": false, "swapped": false, "error_lsq": 0.045820240369026696, "error_max": 0.24947478106850796, "target": "878.xyz", "model": "14.xyz", "model_rescale": 3.942246331269136, "target_rescale": 4.035869771839318},
{"mapping": [5, 4, 3, 1, 13, 10, 8, 6, 11, 2, 9, 7, 14], "R": [[-0.8366326062657682, -0.20192561355041574, 0.5091875182339379], [0.04842612526196935, 0.8986682898522728, 0.43594749134053273], [-0.5456196408901174, 0.3893858644150812, -0.7420767184521151]], "T": [-0.009112277306815915, -0.05929611803861611, -0.09811966999995271], "aligned_model": [[-0.3872862245776341, -0.15623031880145619, -0.19195038102402245, 0.10242690850445715, 0.5302862284965788, -0.5284388305429342, 0.6045034586827254, 0.008199777465096127, 0.24714269315887977, -0.1569053746295908, -0.6146396162386778, 0.019059257105864667, 0.03480286704404117], [-0.4514389678997886, -0.15228522121077442, -0.7149494945137664, -0.8176204920302051, -0.1898397410128132, 0.25227509877286997, 0.354703119718461, 0.4921351925727063, 0.44443817743286873, -0.18381450648883618, 0.35046876957505846, 0.4217739075072461, -0.10668259351736514], [0.22743832651907114, -0.6579172097235779, -0.3288507000901371, 0.16483391833730787, -0.6922050686954199, -0.4752454103063726, 0.1275377827251104, -0.006396217298505993, -0.5393635643871978, 0.6403248370288337, 0.23891398531864105, 0.6081079868495776, -0.024800570286410015]], "inverted": false, "swapped": false, "error_lsq": 0.05355825406301906, "error_max": 0.3106465731646896, "target": "878.xyz", "model": "15.xyz", "model_rescale": 4.355366556412066, "target_rescale": 4.035869771839318},
{"mapping": [5, 7, 10, 3, 0, 1, 9, 4, 11, 8, 6, 12], "R": [[0.36645280674622627, 0.8857585241314718, 0.28485817059766766], [0.8622455063787766, -0.43833462325799943, 0.25376257561522914], [0.34963556334763796, 0.1526256694717657, -0.9243702601560022]], "T": [-0.042068977207035514, 0.04081084643725879, -0.08095395954414428], "aligned_model": [[-0.18023030982784494, 0.5307211577160897, 0.29266319694939213, -0.49360658505774235, -0.48004112274027305, -0.4934935145639471, -0.203325446621878, -0.08729959174479102, 0.36547174188957066, 0.1243302823062436, 0.3971053828345162, -0.17448663650755536], [-0.6959316404279181, -0.2898685773182597, -0.5314664686718984, 0.6871005788299602, -0.27559658336617937, -0.1335921218486136, 0.2745939729353024, 0.5080715715607373, 0.07921365606240652, -0.15080264998647583, 0.4490672626484427, 0.091987427323476], [0.13546339225060025, 0.17286071732036593, -0.4133442666194814, -0.13203428370746623, -0.46494140804900097, 0.44792467903215805, -0.7434980368132079, 0.5594177664525906, -0.7002818682843726, 0.6731817845594356, -0.0335191297572425, -0.05197088517495801]], "inverted": false, "swapped": true, "error_lsq": 0.048830114206608245, "error_max": 0.3010554997183239, "target": "878.xyz", "model": "16.xyz", "model_rescale": 3.795458400668931, "target_rescale": 4.035869771839318},
{"mapping": [4, 10, 2, 1, 5, 11, 6, 8, 9, 0, 7, 3, 12], "R": [[0.7986517236773167, -0.2073856859274597, 0.5649306165713166], [0.5930521994886557, 0.4306482773760862, -0.6803169481018956], [-0.10219839993326006, 0.8783696479645724, 0.46692852620682196]], "T": [-0.12257982199443532, -0.00923944270732336, 0.0023256646824206806], "aligned_model": [[-0.6897143171152788, -0.1833934371449273, -0.18969332745151132, 0.4465749731227743, 0.5242216213174055, -0.5983745119586308, 0.4988291358168524, -0.03399491493661219, 0.3149988615045829, 0.045423637358440766, -0.5554469746456006, 0.11137807972710442, -0.1798383809512712], [-0.3058004847949705, -0.3117785633332435, -0.6938694606720237, -0.6169377763933342, -0.24507525712662107, 0.47142778056760515, 0.2234967327003527, 0.6582788122796166, 0.2867566270194323, -0.27235093282777834, 0.20375230605039452, 0.4085176268554699, -0.10725416141923799], [-0.07452354575066439, -0.6637640047730883, -0.1659757328396543, 0.14916628053571077, -0.35629107445803576, -0.44255499649994073, 0.1329420144870109, -0.06293432164520071, -0.7179916969632595, 0.5058706665247278, 0.4478985797734952, 0.6528060008358461, -0.12227007323602601]], "inverted": true, "swapped": false, "error_lsq": 0.0536910645097048, "error_max": 0.35601709059833314, "target": "878.xyz", "model": "17.xyz", "model_rescale": 3.7474275329858107, "target_rescale": 4.035869771839318},
{"mapping": [10, 8, 3, 1, 0, 5, 2, 9, 4, 11, 12, 7, 13], "R": [[-0.8878643252473278, -0.05156769787330398, 0.45720642218712904], [-0.4556590008803375, -0.0392650642165745, -0.8892879902758168], [0.06381077393230886, -0.9978973029666511, 0.01136476405579312]], "T": [-0.01758364993868586, -0.015204389786807087, -0.026326887013645106], "aligned_model": [[-0.6620220856966557, -0.18215531257779852, -0.12235575349475375, 0.4061509581488145, 0.6192440271389366, -0.5776176032092716, 0.6605294914574963, 0.00635699362781619, 0.02794589343710199, -0.2966243213214087, -0.5182963265281575, 0.06685866043909824, 0.08295582322210972], [-0.2500248035192012, -0.3326961472060996, -0.6830763413771969, -0.48668964299686174, -0.22058958246454208, 0.30748073057106745, 0.15942544144882972, 0.6534836995905988, 0.3411067137366944, -0.4060636935195283, 0.424578914540929, 0.19079609110131027, 0.0014318689996612628], [-0.10377265046023444, -0.6500011634157645, -0.08598460993796596, 0.2505648873749413, -0.5277347281145981, -0.3510671231317419, 0.08986137968354466, -0.02901957460998431, -0.7747888300718495, 0.5132117772226692, 0.3129582203086259, 0.6932928598862185, -0.055142348742939995]], "inverted": true, "swapped": false, "error_lsq": 0.04850601984057948, "error_max": 0.27678788352256, "target": "878.xyz", "model": "18.xyz", "model_rescale": 3.922800546911778, "target_rescale": 4.035869771839318},
{"mapping": [2, 3, 0, 5, 12, 9, 8, 11, 7, 1, 10, 6, 14], "R": [[0.7219283220297672, 0.16686065155043084, -0.67154822672348], [-0.6470686222877183, 0.5066806956441414, -0.569716482745798], [0.2451972591648588, 0.8458322502870973, 0.4737574363240185]], "T": [0.0736619283519457, 0.039294794956166515, 0.020528663181501795], "aligned_model": [[-0.6289468191745251, -0.0704921086113408, -0.18210608512859455, 0.4644417687420162, 0.5924311725065956, -0.6131135884100636, 0.5796610753645464, -0.06977812554671446, 0.042229892734654065, -0.15955762047013194, -0.5119248507271575, 0.013413128295052604, 0.05471260506899128], [-0.100107981748372, -0.2888399837793937, -0.732040959290094, -0.6161339756018953, -0.16307380072059524, 0.20542294170866054, 0.023009483346269913, 0.6918874690540512, 0.2868479133899931, -0.4097538531298137, 0.5313956604053836, 0.20668603359316046, 0.06386430167830667], [0.026593029111639334, -0.5092792493645999, -0.17457775182950847, 0.00510260551359322, -0.5349346275673486, -0.383802901685552, 0.36417136406413086, -0.22603038739285122, -0.7383787750145515, 0.5608498432542672, 0.27650817340683026, 0.6869504719725926, -0.07079369847772118]], "inverted": true, "swapped": false, "error_lsq": 0.04189572230068177, "error_max": 0.269093189753751, "target": "878.xyz", "model": "19.xyz", "model_rescale": 3.9282355846067225, "target_rescale": 4.035869771839318},
{"mapping": [11, 3, 4, 8, 6, 1, 7, 2, 5, 9, 10, 12, 13], "R": [[-0.5631702663865507, -0.7096647486445197, 0.42333815749281634], [-0.747862113262371, 0.6556287241425015, 0.10417886362413653], [-0.3514847231457471, -0.2579281307081229, -0.8999619818551067]], "T": [0.01962965797344883, -0.07760254951810783, -0.062497854121189265], "aligned_model": [[-0.5599037932731986, -0.1736808440866222, -0.20782319505665647, 0.2762426669900048, 0.5438928078820379, -0.4262235512087398, 0.4582017188108887, -0.09914667135853393, 0.24795952228937335, 0.0037373855090186564, -0.5626997034975565, 0.12294920301755823, -0.11253510137424629], [-0.39212297679956043, -0.23017634080270805, -0.6355337107289084, -0.7557772040980351, -0.21142933539972267, 0.30234236536019066, 0.31578525263059465, 0.729296933019501, 0.2704145980075813, -0.32100156702798377, 0.4115900094590469, 0.21624663264432223, -0.0004714073586570555], [0.21782526485902762, -0.7736288948920752, -0.2531437665826035, 0.167394469841685, -0.4286707573862792, -0.5297853179233747, 0.1399826658135366, -0.17878035078701157, -0.6232470764462374, 0.584749532268998, 0.3422458969134865, 0.7285597133300771, -0.11112328301830857]], "inverted": true, "swapped": false, "error_lsq": 0.038977441741617096, "error_max": 0.22198073334951124, "target": "878.xyz", "model": "20.xyz", "model_rescale": 4.067790424073018, "target_rescale": 4.035869771839318},
{"mapping": [5, 11, 13, 9, 12, 6, 0, 2, 3, 8, 4, 8, 14], "R": [[0.905485480292646, -0.020017610443992334, -0.42390487170037205], [-0.33425602621769057, -0.6490923009406198, -0.6833389303974791], [-0.2614745760420215, 0.7604462375025105, -0.5944346607928582]], "T": [-0.03556909079589923, -0.10009852092232466, -0.03923058242566753], "aligned_model": [[-0.511284517665007, -0.05406228832680865, -0.43240741052485765, 0.49468464627523145, 0.5679549761012087, -0.5499572800416611, 0.47352065615166106, -0.03367570521590621, 0.2600407180107952, -0.07688643921151103, -0.5393486564232493, -0.07688643921151103, -0.010721815275056924], [-0.24139503833715226, -0.27730687435182777, -0.6472485346092038, -0.6625975230575823, -0.2791784830484789, 0.27070285945169326, 0.34214728707260655, 0.6432429701728812, 0.37634561921055587, -0.03150708970380503, 0.4059850559602678, -0.03150708970380503, -0.16851991015048773], [0.28045089602291223, -0.6607508597288582, -0.2216304606995927, 0.04124143996615448, -0.4759260538225641, -0.4206332958042705, 0.18371403936355257, -0.07331539203836131, -0.6790437105506926, 0.525354211036175, 0.3248546510050752, 0.525354211036175, -0.06729157979478484]], "inverted": false, "swapped": false, "error_lsq": 0.047500849390214886, "error_max": 0.3328449542964477, "target": "878.xyz", "model": "21.xyz", "model_rescale": 4.186013935880536, "target_rescale": 4.035869771839318},
{"mapping": [1, 6, 7, 10, 4, 0, 11, 5, 3, 9, 2, 8, 12], "R": [[0.20291338307531254, 0.06714339603212666, 0.9768919711709194], [0.978695918853362, -0.045808858945611625, -0.20013956845630018], [0.03131225620590877, 0.9966911822682962, -0.07500819821807128]], "T": [-0.04377833423031875, -0.02766220738729007, -0.017868270997287786], "aligned_model": [[-0.6916207113022756, -0.06967714292107605, -0.19117249354323868, 0.34555353347068263, 0.4866550706330054, -0.6682991074355837, 0.5267936522443806, -0.16411735451169435, 0.35816951374747835, -0.006035824682219845, -0.4726853077376207, 0.06833918766187246, -0.010932570980382458], [-0.34955246733706324, -0.07171465836512636, -0.6964755509326522, -0.7520791786113772, -0.34844977529070176, 0.10273833287644309, 0.19452226510842913, 0.7113160921856766, 0.4546861936144341, -0.32350759733817946, 0.4844263651711982, 0.30839286426458346, -0.015139636440003325], [0.09080624741236333, -0.5721619497348678, -0.2810932948399385, 0.12334143558421932, -0.39648666470285054, -0.35662768996655536, 0.13720476709758467, -0.21272300938673866, -0.694711385975704, 0.5266514884753597, 0.303851024036143, 0.6619587517117421, -0.04763162371983727]], "inverted": false, "swapped": false, "error_lsq": 0.04241897788125794, "error_max": 0.2526843421533891, "target": "878.xyz", "model": "22.xyz", "model_rescale": 4.166573947596378, "target_rescale": 4.035869771839318},
{"mapping": [7, 4, 8, 9, 11, 1, 12, 6, 2, 10, 5, 13, 15], "R": [[0.9733400546412642, -0.08172236051241585, 0.21431424083158762], [0.18652662802201966, 0.8257825651524507, -0.5322508545122064], [-0.1334801673271206, 0.5580363884931856, 0.8190106434276704]], "T": [0.048498501001290814, -0.09143113770023226, -0.08784031343742678], "aligned_model": [[-0.554140209334298, -0.3253872950143145, -0.279349067279478, 0.39869078703611255, 0.7866930189203041, -0.4147104147614297, 0.5740209669708694, 0.07247804409566444, 0.08475241316116798, -0.140979735992609, -0.5259440406287842, -0.16514891039724966, -5.112132627521637e-06], [-0.21262471539557387, -0.30365513128213306, -0.8122881177368012, -0.5709532594146469, -0.11145945953080368, 0.3647510276811986, 0.26649680160186023, 0.6621581836604563, 0.2530392314396583, -0.33552783533748565, 0.3827195898398852, 0.15986264007336626, -0.04335570669331942], [0.2775749971075438, -0.6836791351421898, -0.25203631377278934, 0.0008899737834870552, -0.36489815480881016, -0.3801319370139075, 0.07057396387818544, -0.1909700773806548, -0.6647589019980861, 0.5944030690972443, 0.2812922306982842, 0.6919156482266828, -0.09779726668406961]], "inverted": false, "swapped": false, "error_lsq": 0.04278913926765699, "error_max": 0.23992076910881288, "target": "878.xyz", "model": "23.xyz", "model_rescale": 4.274766983524099, "target_rescale": 4.035869771839318},
{"mapping": [3, 0, 11, 6, 10, 7, 4, 8, 1, 5, 12], "R": [[-0.26212468922140986, -0.8071429575495648, -0.5289715430708166], [-0.9327517282221005, 0.07131455779610724, 0.35339559610305055], [-0.24751739494278785, 0.5860328317803425, -0.7715572948759208]], "T": [-0.060714481261342844, 0.10252737943746038, -0.08405633526940315], "aligned_model": [[0.35534531798332175, 0.2572507543400147, -0.6226569942852094, -0.47268637136195535, -0.4700427191790091, -0.5398403174413212, 0.15531155211986916, -0.012771260179458198, 0.5195125509779237, 0.13622939370457604, 0.07424279727932287], [-0.2663517255671489, 0.6629494483448329, 0.39890413505746175, -0.31057796591718306, 0.6831458167036044, 0.08429457564090925, -0.6489845986711065, -0.268259129939115, -0.02654451263608848, 0.5376902447210021, 0.06932024350631498], [-0.6453123181861881, -0.23963537028899845, -0.46813015999326035, -0.23041417885411788, 0.12892933089503766, 0.43744659676734254, 0.053845226909376265, 0.6183281592416763, 0.316680686170487, 0.5328398527017333, -0.12501139134151062]], "inverted": false, "swapped": true, "error_lsq": 0.05814739037186778, "error_max": 0.29852349986555643, "target": "878.xyz", "model": "24.xyz", "model_rescale": 3.7841303162186577, "target_rescale": 4.035869771839318},
{"mapping": [8, 12, 2, 4, 3, 14, 6, 11, 13, 1, 10, 0, 15], "R": [[-0.7362005178156892, 0.5802714970771804, -0.348272576077588], [-0.6115688217136038, -0.7908019767724654, -0.024815516125911444], [-0.28981437831092094, 0.1947234531651723, 0.9370647805310397]], "T": [-0.11178259073412816, 0.004414883508312782, 0.003407386637602032], "aligned_model": [[-0.37788500266345443, -0.227886465287866, -0.3050946398733344, 0.38733841672817243, 0.5605984816180891, -0.5929036221007327, 0.5895810250417841, 0.26740955894490065, 0.07233270744657247, 0.008737426675041682, -0.6090442056544999, -0.219412342269022, -0.04280089396232324], [-0.3954912933388814, -0.21810151264013544, -0.703381296824287, -0.5467538328133701, -0.07794517970809783, 0.2735810647447138, 0.08404115540968637, 0.650585261245111, 0.3393310642718793, -0.4076246146418324, 0.5952884372866347, 0.09427109920759874, 0.011362896706641541], [0.3479684693554837, -0.7122589114279507, -0.1710863000430479, 0.06501589998179377, -0.43262288887388417, -0.5670056938276947, 0.15759943420120331, -0.16423725455312177, -0.6791852489142463, 0.6106427373633924, 0.09750539431767524, 0.7256757899589252, 0.004366668452391868]], "inverted": true, "swapped": false, "error_lsq": 0.048799430356310916, "error_max": 0.28791582537386734, "target": "878.xyz", "model": "25.xyz", "model_rescale": 4.19342608120988, "target_rescale": 4.035869771839318},
{"mapping": [5, 7, 10, 3, 0, 1, 9, 4, 11, 8, 6, 12], "R": [[0.36645280674622627, 0.8857585241314718, 0.28485817059766766], [0.8622455063787766, -0.43833462325799943, 0.25376257561522914], [0.34963556334763796, 0.1526256694717657, -0.9243702601560022]], "T": [-0.042068977207035514, 0.04081084643725879, -0.08095395954414428], "aligned_model": [[-0.18023030982784494, 0.5307211577160897, 0.29266319694939213, -0.49360658505774235, -0.48004112274027305, -0.4934935145639471, -0.203325446621878, -0.08729959174479102, 0.36547174188957066, 0.1243302823062436, 0.3971053828345162, -0.17448663650755536], [-0.6959316404279181, -0.2898685773182597, -0.5314664686718984, 0.6871005788299602, -0.27559658336617937, -0.1335921218486136, 0.2745939729353024, 0.5080715715607373, 0.07921365606240652, -0.15080264998647583, 0.4490672626484427, 0.091987427323476], [0.13546339225060025, 0.17286071732036593, -0.4133442666194814, -0.13203428370746623, -0.46494140804900097, 0.44792467903215805, -0.7434980368132079, 0.5594177664525906, -0.7002818682843726, 0.6731817845594356, -0.0335191297572425, -0.05197088517495801]], "inverted": false, "swapped": true, "error_lsq": 0.048830114206608245, "error_max": 0.3010554997183239, "target": "878.xyz", "model": "26.xyz", "model_rescale": 3.795458400668931, "target_rescale": 4.035869771839318},
{"mapping": [10, 3, 4, 9, 2, 7, 1, 6, 0, 11, 5, 8, 12], "R": [[-0.9633798922390321, 0.24163169916968374, -0.1162467426893454], [0.2673604699328438, 0.8325766164959558, -0.4851129319874246], [-0.02043434233833745, -0.4984278278953917, -0.8666903357212897]], "T": [0.04875243182281869, -0.07970762708104187, 0.027702027913172285], "aligned_model": [[-0.6435415346978008, -0.11845457892021982, -0.35358521582584934, 0.3275983580583787, 0.7261750698413805, -0.5651158509856946, 0.5244036516438022, 0.04005098426349883, 0.21134531996287506, -0.1422332107657149, -0.48738269149577246, 0.056574584424978494, -0.06486444086053363], [-0.24724369568361462, -0.32499963713898505, -0.8118493076893436, -0.39326593659216114, -0.19128057683040975, 0.18339690196523725, 0.26413894839592755, 0.7384089629087999, 0.2596604801643225, -0.49425294157134225, 0.4189666947118542, 0.2893000073762214, 0.008183348889154507], [0.04633420828943372, -0.6482788920897288, -0.0032197999301672373, -0.06340464623186562, -0.5231926628249035, -0.43506123422685433, 0.10437418822446459, 0.13631367401814554, -0.7136926258333248, 0.5783845664891811, 0.20304032438256525, 0.6558133952256067, -0.055032399501632225]], "inverted": true, "swapped": false, "error_lsq": 0.05018081462558017, "error_max": 0.334863011385967, "target": "878.xyz", "model": "27.xyz", "model_rescale": 3.6321398670334006, "target_rescale": 4.035869771839318},
{"mapping": [9, 8, 10, 0, 3, 12, 1, 4, 7, 11, 6, 13, 14], "R": [[0.6676842158935224, 0.5374945483430125, -0.5150702848623604], [-0.7135638760092089, 0.6592843007564207, -0.23700380931713277], [0.2121894971514059, 0.5257792514712409, 0.8237304146509191]], "T": [0.017004490779643867, -0.08832361470850969, -0.056520606444037946], "aligned_model": [[-0.5833840442117336, -0.13968458147560917, -0.2753637487926233, 0.3610606148299918, 0.5745892069141422, -0.5990805534418463, 0.5159874136665666, 0.20598215027200326, 0.06805676221720694, -0.02659631001746373, -0.4260182382826086, -0.19920849916645358, 0.03463027213175565], [-0.20607573553253505, -0.26189379510443034, -0.8085713445786324, -0.6088016286591548, -0.08467574765602168, 0.21195594066960827, 0.276446506780486, 0.7178489998365738, 0.3016062355297031, -0.4504044641141477, 0.5124062028871862, 0.15783908118460793, -0.05851700233758155], [0.21225477619466393, -0.5173367768500674, -0.07739291113121499, -0.06834070446774324, -0.4573273645724797, -0.5188853301941025, 0.19887320178637158, -0.08551046897156872, -0.7245294098876205, 0.4721780459868678, 0.15972458986432492, 0.6912314928798298, -0.0025610446463404032]], "inverted": true, "swapped": false, "error_lsq": 0.04078872244184037, "error_max": 0.21500317972457442, "target": "878.xyz", "model": "28.xyz", "model_rescale": 4.156811204709835, "target_rescale": 4.035869771839318},
