[{"mapping": [5, 7, 6, 4, 8, 1, 2, 0, 11, 9, 12, 13], "R": [[0.08287113154431941, 0.30464716598861025, -0.9488532446125018], [-0.3715794660375375, -0.8740213565731394, -0.3130740626007006], [-0.924695125960888, 0.3785191838059956, 0.04076949245477973]], "T": [-0.09014258674163127, -0.08608698218198771, 0.1671544021196737], "aligned_model": [[-0.8288439389472301, 0.3732712502731184, -0.20278905333003766, 0.42670370756498494, -0.13836159046574353, -0.31352808356507483, 0.4344530271927238, 0.3864309523800073, -0.38279708871443435, 0.5592401279265168, -0.00472839977697688, -0.01621222056526546], [-0.05430039242931539, 0.4445352770816927, -0.22756748956624698, 0.06904687304534846, 0.45114896067177257, -0.4267980234109562, -0.5521212663130226, -0.5488126922412648, 0.5471159410820466, 0.1620608111411854, 0.05153246236372122, 0.05429770435960171], [0.006807324182118435, -0.10685675844252535, -0.5757051564666669, -0.6216469807612786, -0.39820530727655246, 0.5758829423717426, -0.14728117675939417, 0.5598056642338307, 0.14549242418106842, 0.3983857458499145, 0.7229287386283896, 0.1301908660733569]], "inverted": true, "swapped": false, "error_lsq": 0.046496066174475374, "error_max": 0.23305452706471197, "target": "879.xyz", "model": "0.xyz", "model_rescale": 3.8414455957264533, "target_rescale": 3.8597997419870405},
{"mapping": [9, 0, 8, 11, 13, 2, 10, 5, 7, 1, 4, 14], "R": [[0.4335103746974289, -0.1864985680537604, 0.8816388371343404], [0.8486780904665451, -0.24447361191785916, -0.4690182851850181], [0.3030086694993294, 0.9515518573308199, 0.052295401504465405]], "T": [-0.0012689590039967405, -0.0673325128769692, 0.07807893584342473], "aligned_model": [[-0.6524834044829372, 0.1355927904763048, -0.2513643279207155, 0.5757075432503782, -0.17531290774757918, -0.3590173362787549, 0.2820000383189206, 0.1351238914840698, -0.4105534727646198, 0.8286457104691138, 0.09703491662484795, 0.08746524854355958], [0.04331651777159026, 0.6400654784070648, -0.39022600453157685, 0.24897144998431506, 0.34386735359155096, -0.25445245490536816, -0.6709036218309594, -0.5811661949062205, 0.37588527017973217, 0.15110824150477817, 0.144793609308749, -0.08112147878909222], [-0.09276080780404056, 0.1579182304524822, -0.5983044591287444, -0.4635069955234531, -0.5346774385512789, 0.6958223724504004, -0.07632926342756435, 0.46755900276661894, 0.2994365327610704, 0.1877291496471965, 0.5691553974774448, 0.07775660469387183]], "inverted": true, "swapped": false, "error_lsq": 0.048476581391067634, "error_max": 0.27147970487105205, "target": "879.xyz", "model": "1.xyz", "model_rescale": 4.316132596720782, "target_rescale": 3.8597997419870405},
{"mapping": [1, 4, 8, 6, 2, 9, 10, 7, 0, 3, 5, 11], "R": [[-0.6069246582812077, 0.7305491171011944, -0.3129543843324536], [-0.6423565100150821, -0.6827831847497269, -0.34811669977791126], [-0.4679963388868372, -0.010252322940977027, 0.8836709323401052]], "T": [-0.01107933356462813, -0.039267577025980126, 0.08236495658123329], "aligned_model": [[-0.5262097339287203, 0.29876677855409856, -0.18136105100978214, 0.5980775302841389, -0.3787313657498896, -0.40397177783301574, 0.13796744888265317, 0.4227421520484573, -0.40844021284431914, 0.6060785832833624, 0.052065665375268536, 0.07585467291033614], [-0.15399034959143004, 0.6536508018363621, -0.24195934665830726, 0.043080538231927014, 0.45384312316010733, -0.4069189458486961, -0.5876102128644868, -0.5581621461587534, 0.5065510193223254, 0.021992619017453502, 0.20538114214774966, 0.034279923190311486], [-0.044428653196363896, -0.05250252718129554, -0.6366317743154627, -0.4637510257328859, -0.4854371412812491, 0.5926780991433349, -0.19029088684245204, 0.6680342015691582, 0.30168310467865284, 0.29772582324850977, 0.6755930705749417, 0.027126035149115615]], "inverted": false, "swapped": false, "error_lsq": 0.036664335410582234, "error_max": 0.21376595388525033, "target": "879.xyz", "model": "2.xyz", "model_rescale": 3.795458400668931, "target_rescale": 3.8597997419870405},
{"mapping": [10, 7, 5, 9, 4, 2, 3, 6, 0, 8, 1, 11], "R": [[-0.6611672211502349, 0.5479684187444991, -0.5124339154809427], [-0.48924971863258276, 0.20289216247809394, 0.8482154698087637], [0.5687641149847757, 0.8115204140769451, 0.13394774743148408]], "T": [-0.03378212206177211, 0.023457740473233197, 0.09909258032982345], "aligned_model": [[-0.7114672034343111, 0.3587754656305921, -0.09384655711640397, 0.5587833902215621, -0.38362396939377097, -0.43783525368757603, 0.47221477098790154, 0.22268891019256487, -0.4396508725695426, 0.7080859894857384, 0.10560896212583828, -0.06689494247000442], [-0.182286808032455, 0.6628109032865701, -0.34819473201135503, 0.02923943022564664, 0.3303971597459039, -0.3921929111813182, -0.535934651733178, -0.44676742109162154, 0.6458334242909397, -0.1274202745181686, 0.1790300493236021, 0.15562399747999714], [-0.09435727530581288, -0.04383526916672022, -0.49428025262335834, -0.5360352245435498, -0.3417629607213089, 0.60079061103904, -0.16190037226015536, 0.3448713500936195, 0.3443006750768043, 0.29256213011097165, 0.6929243951794654, 0.08652051893500805]], "inverted": true, "swapped": false, "error_lsq": 0.04565579819495324, "error_max": 0.25333030071391155, "target": "879.xyz", "model": "3.xyz", "model_rescale": 3.7530521520055578, "target_rescale": 3.8597997419870405},
{"mapping": [9, 3, 6, 2, 7, 4, 10, 1, 8, 0, 11], "R": [[0.4580514654338971, 0.8790672758656781, 0.13202113283847983], [0.6115960338868526, -0.4194305937514681, 0.6708414629099508], [0.6450884794721817, -0.22653631392645873, -0.7297548575548379]], "T": [-0.0013737830773983273, -0.01716854684875732, 0.03721481041261038], "aligned_model": [[-0.42249671608419864, -0.30081641189843844, 0.38428282946281733, 0.4174470319789715, 0.22066676810915428, -0.19466793194589482, -0.295669099988929, -0.6084374570344447, -0.3093973726709701, 0.45358673029353375, -0.006298767776395984], [-0.6361115569044492, -0.02689370464123339, -0.35638990100368706, 0.45244809828594434, -0.7887515700473477, 0.573454363030616, -0.4696763496425196, 0.14961413220673175, 0.23644475864392503, 0.4381903469496262, -0.10512525856326033], [-0.21378134953999667, -0.6729834701836339, -0.4212579385172676, -0.3571617329649367, 0.17326870730296362, 0.009862167810569367, 0.46984710209800784, -0.04420666041667995, 0.6433371992265862, 0.41927522918829524, 0.08663152324140898]], "inverted": true, "swapped": true, "error_lsq": 0.0479549337129248, "error_max": 0.23783600152365741, "target": "879.xyz", "model": "4.xyz", "model_rescale": 3.7855080009869324, "target_rescale": 3.8597997419870405},
{"mapping": [8, 5, 6, 1, 7, 15, 12, 14, 10, 2, 9, 16], "R": [[-0.17375667590596022, -0.9282352710421717, -0.32891928975263496], [-0.3121257230154545, 0.36868900110529046, -0.8755832076370945], [0.9340161404441527, -0.049474256510328773, -0.3537882803776282]], "T": [0.056538796669551125, -0.03412567998274698, -0.03878493295947635], "aligned_model": [[-0.6341593382488578, 0.12568711274656746, -0.23985145847927986, 0.689224324509859, -0.36634263242065274, -0.43977842345931856, 0.3945415359630225, 0.26672218013033033, -0.39703962736860776, 0.6862900514499792, 0.13052994198049617, 0.0770150231690501], [-0.15664578394435807, 0.7696021541235464, -0.14372005913903813, -0.10568604643965024, 0.4609523461181078, -0.2975111150272387, -0.6218400043339095, -0.4329661153090778, 0.41913340158715, 0.005443226928954582, 0.12537819858849966, -0.052002037368422724], [0.0180902330542407, -0.10468883030874804, -0.6099407407537424, -0.4482871622615335, -0.40951194422061565, 0.5642204039122888, -0.09719113291050197, 0.4656421192478288, 0.3073177863244934, 0.3454459172946139, 0.6511410358120623, 0.007560640623617547]], "inverted": false, "swapped": false, "error_lsq": 0.03869014294729777, "error_max": 0.2234019229670708, "target": "879.xyz", "model": "5.xyz", "model_rescale": 4.2253639853439635, "target_rescale": 3.8597997419870405},
{"mapping": [0, 2, 1, 10, 4, 12, 8, 11, 3, 5, 6, 13], "R": [[-0.8455316929317135, 0.27994907686506143, 0.45464785341012093], [-0.3047760840777993, -0.952223906136325, 0.019523605114880285], [0.43839217011966936, -0.12205796551179904, 0.890457274793624]], "T": [-0.021595085147855884, -0.0692195486527993, 0.03472184458458378], "aligned_model": [[-0.8106403785087802, 0.31935433523367257, -0.15655438407661662, 0.5638571741842557, -0.20697864089616722, -0.37154901116039524, 0.3959299530283416, 0.31393200038282393, -0.35073787630237335, 0.5898222904822792, 0.0515603373838574, -0.04515710977830968], [-0.14114435563259317, 0.5083165413617579, -0.1529179283704677, 0.0799840546388916, 0.4539087418665435, -0.5124383110115776, -0.6268960493593175, -0.39281871687037184, 0.5170373925065672, 0.010891772167856195, 0.24220489717411334, -0.0159898726868392], [-0.08895918262853336, 0.015300992146296995, -0.6818577747345544, -0.4587317106734981, -0.40446039677195, 0.7779803075909559, -0.21131603594276263, 0.6578261231907988, 0.2605033643593846, 0.17787293785534167, 0.5927371372233394, 0.052902564199185154]], "inverted": false, "swapped": false, "error_lsq": 0.03647987464798034, "error_max": 0.22158182078141178, "target": "879.xyz", "model": "6.xyz", "model_rescale": 3.89814844738969, "target_rescale": 3.8597997419870405},
{"mapping": [8, 0, 6, 1, 3, 11, 5, 10, 7, 2, 4, 12], "R": [[-0.4038611134432143, -0.5551022235267025, 0.7271572886825229], [-0.5001356228775264, 0.7995342219357943, 0.3325798951867544], [-0.7660029763501678, -0.22936117672621684, -0.6005271774311711]], "T": [-0.02580902762880045, 0.013476489183262164, 0.10102831438211532], "aligned_model": [[-0.6504952119466206, 0.21066533462920398, -0.13989407221866088, 0.6657095422593364, -0.454274858431258, -0.5428816041963568, 0.3735538312158415, 0.3273985599655532, -0.36871618434231895, 0.6448378108635785, 0.15569080920002623, 0.07124473297426367], [-0.19843739856508646, 0.4546231900891854, -0.14388413953022336, 0.040635510976395894, 0.4416854096987936, -0.29705808300032993, -0.5143651408062251, -0.5148264476390575, 0.5436825758844807, 0.008108114369975924, 0.2106095381912688, -0.06063496388461495], [-0.04912643118576984, -0.21595725586170314, -0.5467355979807179, -0.38462698216981805, -0.4332338767708749, 0.6409770149672281, -0.30451961700245456, 0.4685117426653719, 0.28150232094701166, 0.32851862866605885, 0.6872809549767569, 0.21720742456291509]], "inverted": true, "swapped": false, "error_lsq": 0.041177745825725566, "error_max": 0.20596622607428802, "target": "879.xyz", "model": "7.xyz", "model_rescale": 3.7474275329858107, "target_rescale": 3.8597997419870405},
{"mapping": [7, 12, 9, 13, 11, 6, 8, 3, 10, 1, 0, 14], "R": [[-0.7778368363380338, -0.09622167747457196, 0.621056555250501], [0.12273186900862805, -0.9924398652665433, -4.646907083707963e-05], [0.6163657553476571, 0.07618728643090676, 0.783765751370272]], "T": [0.12396224002249903, -0.027547607776461695, 0.031089884805642436], "aligned_model": [[-0.5536457559740721, 0.23691526210668812, -0.32781335236911047, 0.6367852927905849, -0.23752021380019664, -0.4227053332739291, 0.2585291703213325, 0.1150089946059552, -0.40104350501644404, 0.6984189983162598, 0.10839054024299569, 0.18151859202252416], [-0.07684328754124684, 0.5594138734264112, -0.3198091139145167, 0.3277461270274617, 0.2556818471530484, -0.22610175955009454, -0.6500954796204607, -0.5721217354870336, 0.45950480575681235, 0.17090388574332827, 0.06961765915280485, -0.027758656361951534], [-0.016815977487566986, -0.12175138313444502, -0.5081896959662653, -0.6161277812474937, -0.3879464704530896, 0.6043864149864836, -0.21291053402387758, 0.49745175697080257, 0.28091437086691556, 0.4731512579431754, 0.6826492993608332, 0.014987067998531882]], "inverted": true, "swapped": false, "error_lsq": 0.04942046387374587, "error_max": 0.2731948586869136, "target": "879.xyz", "model": "8.xyz", "model_rescale": 4.019505241142653, "target_rescale": 3.8597997419870405},
{"mapping": [10, 8, 1, 7, 9, 6, 0, 3, 11, 4, 5, 12], "R": [[-0.1882359077168112, 0.9763961615183665, 0.10591401615569196], [-0.35154327862841406, 0.0337120528725712, -0.9355644396525034], [-0.9170521066423727, -0.21334018201763355, 0.3368996889868995]], "T": [-0.05410062187389833, -0.07461199521890947, 0.0714176190775358], "aligned_model": [[-0.9283953073284462, 0.21900015958818927, -0.2821708087133413, 0.6432424530941242, -0.23973719779176197, -0.6151828943888025, 0.45313899308005623, 0.47782075666181956, -0.2505583345572724, 0.7587374495700513, 0.1045197929035255, -0.04757637214555317], [-0.15948729676824808, 0.5280522633712941, -0.3785472814977355, 0.1576880219249726, 0.4151661569910724, -0.1954894509823153, -0.3879097842141922, -0.4925483726332969, 0.4721933841532371, 0.006136921165434642, 0.05713092724687223, -0.05224732297253222], [-0.18662258009815552, -0.06403970249948052, -0.4870737719037274, -0.4571023217996188, -0.36789603280424876, 0.517104910936496, -0.18780920535064943, 0.6013701067895638, 0.2942578493096222, 0.2141360599222837, 0.7101727251533858, 0.10330028815853298]], "inverted": true, "swapped": false, "error_lsq": 0.0484475093245102, "error_max": 0.28549718927062817, "target": "879.xyz", "model": "9.xyz", "model_rescale": 3.877068213659057, "target_rescale": 3.8597997419870405},
{"mapping": [4, 12, 13, 10, 3, 7, 9, 8, 5, 11, 0, 15], "R": [[0.21801580254954595, 0.9743227691267138, -0.05625167908542453], [0.9266105648175635, -0.22474462434329334, -0.3014676019032024], [-0.30636901117305115, 0.013601301042332148, -0.9518156510600162]], "T": [-0.00464525745700806, -0.04699511507973037, -0.0623679135266882], "aligned_model": [[-0.6730095163994506, 0.2759042240623983, -0.24698235604355545, 0.6411818692859668, -0.4291933199908803, -0.4582397941839611, 0.35781385316687797, 0.24029923665668726, -0.35049858617673996, 0.6550375344816859, 0.2541065470983604, 0.026418998015198786], [-0.14144475136530704, 0.640344107193356, -0.24968081823507482, -0.06497476184543069, 0.3765972545781137, -0.49827696204644095, -0.5985973585780275, -0.4599830233152942, 0.5438721179976516, 0.08374145498357805, 0.33846398488919943, 7.6921528239772e-05], [-0.012777961733883472, 0.021608259628265257, -0.7679384148578795, -0.35527546570821206, -0.26994871633516715, 0.4444686087036888, -0.06045428006130713, 0.5415907922328173, 0.3148015843538925, 0.2415758962996601, 0.5843428576255115, 0.007805165666617896]], "inverted": false, "swapped": false, "error_lsq": 0.04208924404518346, "error_max": 0.22286508111335823, "target": "879.xyz", "model": "10.xyz", "model_rescale": 4.260839863003843, "target_rescale": 3.8597997419870405},
{"mapping": [9, 3, 8, 1, 2, 10, 7, 6, 4, 0, 5, 11], "R": [[0.4393560002557708, -0.21535103125754346, -0.8721182479317606], [-0.8681182395271159, -0.35137988875080683, -0.35057509321372515], [-0.2309481050790254, 0.9111290287976689, -0.34133102062751963]], "T": [-0.006148373140506383, -0.014528523016885252, 0.029788813784130827], "aligned_model": [[-0.7921913894987757, 0.3649878829014835, -0.3121864870655343, 0.4503084932631082, -0.16278378313466446, -0.3378629882145153, 0.3340499869082034, 0.3791487110650791, -0.554398912658544, 0.8355332299150365, 0.042854216323480784, 0.04537973016823057], [-0.071302883616188, 0.5891540263969087, -0.32651002291684794, 0.1351863023727944, 0.49368478456426235, -0.4382432736385766, -0.5667063031536059, -0.31342858304946675, 0.38379506645601336, -0.16814831246857967, 0.2873069004865279, -0.034649535648678634], [-0.0912331245995567, 0.07051141680952273, -0.5399669440666559, -0.511037630939888, -0.4032720462284557, 0.3519145909180023, -0.06492340414838979, 0.7120352836683076, 0.3070297245257235, 0.22474344651107148, 0.6323707796545316, 0.0016262337097905054]], "inverted": false, "swapped": false, "error_lsq": 0.05213590182591835, "error_max": 0.2709643339324928, "target": "879.xyz", "model": "11.xyz", "model_rescale": 3.890672605050136, "target_rescale": 3.8597997419870405},
{"mapping": [11, 4, 1, 0, 2, 9, 8, 5, 10, 7, 12, 13], "R": [[0.48882606243780324, -0.8306059105007192, 0.2667262681529968], [0.7413864777433795, 0.5566707593052894, 0.3747849468078173], [-0.4597773062046656, 0.014542598658559586, 0.8879151657244274]], "T": [-0.006214820597107647, -0.13872322779715954, -0.035695175603434125], "aligned_model": [[-0.5400844167987439, 0.20992490523515436, -0.18191279341978006, 0.28973588356491087, -0.34362729712535217, -0.41378747743692346, 0.5458866027908732, 0.24708998063343524, -0.3790703246586452, 0.6689540783441469, 0.09115595601175248, 0.09857359283175986], [-0.006364963230910042, 0.5097102832008394, -0.1797884956041991, -0.08777410526007048, 0.4522339362095821, -0.4795208457840603, -0.5934055627842797, -0.436964176312557, 0.5755661048337514, 0.03314590140538834, 0.2160337107460719, -0.032733621634993035], [-0.05075199956350882, -0.1902093968165774, -0.7924924777366922, -0.5441358381845478, -0.24181791733484556, 0.53312986691174, -0.12309676816191381, 0.6365110398820005, 0.3520031953284886, 0.4558047029377648, 0.6122234868559012, 0.042630431696194494]], "inverted": false, "swapped": false, "error_lsq": 0.05181104526718427, "error_max": 0.3698969540866423, "target": "879.xyz", "model": "12.xyz", "model_rescale": 4.124412569039231, "target_rescale": 3.8597997419870405},
{"mapping": [2, 6, 11, 9, 8, 4, 7, 5, 1, 3, 0, 12], "R": [[0.6873808834923767, 0.5409582875749075, 0.48463558692409636], [0.7112446505687804, -0.6365074846293551, -0.2983106921451274], [0.14710053720681424, 0.5497475357969648, -0.8222767653525372]], "T": [0.13322897065295403, -0.03915209099615736, 0.11222902993201059], "aligned_model": [[-0.7045147038962712, 0.23077192491016743, -0.39585187217604034, 0.49408688342567453, -0.19503604071684888, -0.4564280490051499, 0.4720471913838621, 0.24978533151344448, -0.36769915203546966, 0.7191147393710882, 0.20438289902366716, 0.04217953817446407], [-0.05044066784414083, 0.5935225890882619, -0.23333196862394828, 0.04089290669975253, 0.29947287377643544, -0.31778131103144475, -0.5384359227865484, -0.6436454423726353, 0.5747500445169604, 0.31919669820995716, 0.035306709518398836, -0.10936834336648571], [-0.08890181661925703, -0.0822470252494241, -0.708088285630883, -0.4093221536862126, -0.4285771612692236, 0.5514859167988833, -0.05805174740204508, 0.5535319666510012, 0.29947080630955414, 0.3047839235441949, 0.6833335728113106, 0.07238032955610471]], "inverted": true, "swapped": false, "error_lsq": 0.041766312632574666, "error_max": 0.26639824511577465, "target": "879.xyz", "model": "13.xyz", "model_rescale": 3.9028299243045295, "target_rescale": 3.8597997419870405},
{"mapping": [7, 5, 3, 8, 4, 9, 1, 11, 10, 12, 14, 15], "R": [[-0.7312683990913657, -0.3488232107265157, 0.586147503746963], [-0.6732821925110037, 0.5067963287517377, -0.5383758635111128], [-0.10925940571834958, -0.78833993227681, -0.605460596108341]], "T": [0.1054869532550525, -0.0388965052577658, -0.09537576399248299], "aligned_model": [[-0.782559810176526, 0.279146447029225, -0.2785653453765483, 0.703765458553212, -0.28177915805823617, -0.37186418188213755, 0.3395738075505869, 0.300323491521846, -0.35045490981931127, 0.7183702668239565, 0.002363986133605528, 0.014518637672915391], [-0.04205874075235946, 0.4415701995359674, -0.2159634070286899, 0.2534456413121684, 0.41928134127241523, -0.38330994345650315, -0.628049396117948, -0.39205103548104264, 0.438983433050323, 0.048840125206450806, 0.10529213131638895, -0.0758421830726072], [0.08348424289151771, -0.12848104245230613, -0.5534593692996153, -0.4866634573776786, -0.41075061057977497, 0.40896611790413556, 0.047105714031565826, 0.5236373937650198, 0.2497334710446421, 0.22229799410609213, 0.771587870491633, -0.03765999871122715]], "inverted": true, "swapped": false, "error_lsq": 0.04440616283830549, "error_max": 0.20987085871629788, "target": "879.xyz", "model": "14.xyz", "model_rescale": 3.942246331269136, "target_rescale": 3.8597997419870405},
{"mapping": [13, 6, 4, 9, 11, 12, 5, 1, 8, 2, 0, 14], "R": [[-0.15889978570472912, -0.46516709154430824, 0.8708446675769453], [0.37168751129878363, -0.8453424759895823, -0.38372450043269235], [0.9146579973123877, 0.2627083463310822, 0.3072215368760471]], "T": [0.035563461127471996, -0.0287352178210977, -0.07045205580915698], "aligned_model": [[-0.7720253129481147, 0.11730734398123296, -0.2847315649549238, 0.7099563420991952, -0.439802317862398, -0.46705090656294335, 0.5121087878749377, 0.12061375549113507, -0.18952411538790526, 0.6758293537965471, 0.25190877410329615, 0.058248550342528724], [-0.11320666641164187, 0.5009835505310363, -0.3010288080831396, 0.2237963490707547, 0.4060758811157514, -0.42390722843141637, -0.4316352643773354, -0.6155828474827189, 0.6093260622912787, -0.008974237075690093, 0.1632335697551059, -0.03894219511742168], [-0.030517198035247828, -0.23015601133283795, -0.4790242940873951, -0.430430327306433, -0.3852181738448086, 0.4387572700914109, 0.045114644538507276, 0.4818320583656122, 0.3051199239864356, 0.34465878356285745, 0.605610199473722, 0.02405145040218079]], "inverted": true, "swapped": false, "error_lsq": 0.0539122704003758, "error_max": 0.3149891696148249, "target": "879.xyz", "model": "15.xyz", "model_rescale": 4.355366556412066, "target_rescale": 3.8597997419870405},
{"mapping": [1, 4, 8, 6, 2, 9, 10, 7, 0, 3, 5, 11], "R": [[-0.6069246582812077, 0.7305491171011944, -0.3129543843324536], [-0.6423565100150821, -0.6827831847497269, -0.34811669977791126], [-0.4679963388868372, -0.010252322940977027, 0.8836709323401052]], "T": [-0.01107933356462813, -0.039267577025980126, 0.08236495658123329], "aligned_model": [[-0.5262097339287203, 0.29876677855409856, -0.18136105100978214, 0.5980775302841389, -0.3787313657498896, -0.40397177783301574, 0.13796744888265317, 0.4227421520484573, -0.40844021284431914, 0.6060785832833624, 0.052065665375268536, 0.07585467291033614], [-0.15399034959143004, 0.6536508018363621, -0.24195934665830726, 0.043080538231927014, 0.45384312316010733, -0.4069189458486961, -0.5876102128644868, -0.5581621461587534, 0.5065510193223254, 0.021992619017453502, 0.20538114214774966, 0.034279923190311486], [-0.044428653196363896, -0.05250252718129554, -0.6366317743154627, -0.4637510257328859, -0.4854371412812491, 0.5926780991433349, -0.19029088684245204, 0.6680342015691582, 0.30168310467865284, 0.29772582324850977, 0.6755930705749417, 0.027126035149115615]], "inverted": false, "swapped": false, "error_lsq": 0.036664335410582234, "error_max": 0.21376595388525033, "target": "879.xyz", "model": "16.xyz", "model_rescale": 3.795458400668931, "target_rescale": 3.8597997419870405},
{"mapping": [8, 0, 6, 1, 3, 11, 5, 10, 7, 2, 4, 12], "R": [[-0.4038611134432143, -0.5551022235267025, 0.7271572886825229], [-0.5001356228775264, 0.7995342219357943, 0.3325798951867544], [-0.7660029763501678, -0.22936117672621684, -0.6005271774311711]], "T": [-0.02580902762880045, 0.013476489183262164, 0.10102831438211532], "aligned_model": [[-0.6504952119466206, 0.21066533462920398, -0.13989407221866088, 0.6657095422593364, -0.454274858431258, -0.5428816041963568, 0.3735538312158415, 0.3273985599655532, -0.36871618434231895, 0.6448378108635785, 0.15569080920002623, 0.07124473297426367], [-0.19843739856508646, 0.4546231900891854, -0.14388413953022336, 0.040635510976395894, 0.4416854096987936, -0.29705808300032993, -0.5143651408062251, -0.5148264476390575, 0.5436825758844807, 0.008108114369975924, 0.2106095381912688, -0.06063496388461495], [-0.04912643118576984, -0.21595725586170314, -0.5467355979807179, -0.38462698216981805, -0.4332338767708749, 0.6409770149672281, -0.30451961700245456, 0.4685117426653719, 0.28150232094701166, 0.32851862866605885, 0.6872809549767569, 0.21720742456291509]], "inverted": true, "swapped": false, "error_lsq": 0.041177745825725566, "error_max": 0.20596622607428802, "target": "879.xyz", "model": "17.xyz", "model_rescale": 3.7474275329858107, "target_rescale": 3.8597997419870405},
{"mapping": [11, 8, 1, 0, 3, 12, 2, 9, 10, 4, 5, 13], "R": [[-0.6870609538564657, 0.717720822019142, -0.11324339859793453], [0.6793637811777489, 0.6898225546266665, 0.2502192957231951], [0.2577054491269354, 0.0949824445279597, -0.9615436738504278]], "T": [-0.020153520807386856, -0.09056368475184007, 0.04889580670939781], "aligned_model": [[-0.7270820744388451, 0.24647359839537725, -0.19189929652739735, 0.6143278408262628, -0.286868894987953, -0.3698754348287829, 0.3121761571013582, 0.2522146545825768, -0.3876360631236701, 0.7108023244383284, 0.05960204372082337, 0.06060383481450975], [-0.07217404723429777, 0.5737687966208899, -0.22692790152147244, 0.012349792180745875, 0.37613285443779365, -0.29180427019644073, -0.618394450902774, -0.47529227250049666, 0.42838629595367184, 0.1669729414297612, 0.23120004684812273, -0.1340796193309405], [-0.09824529257480014, -0.0176382801745937, -0.6071732488913166, -0.4858794814126555, -0.365406535540044, 0.6785256447385573, -0.28990264561184637, 0.5237891175274609, 0.31738578619087965, 0.34656048465544825, 0.6918010000497125, -0.0040182231427983925]], "inverted": true, "swapped": false, "error_lsq": 0.029215696324375914, "error_max": 0.1548497921840335, "target": "879.xyz", "model": "18.xyz", "model_rescale": 3.922800546911778, "target_rescale": 3.8597997419870405},
{"mapping": [12, 6, 5, 1, 8, 7, 0, 9, 13, 2, 11, 14], "R": [[-0.3916230678213734, 0.21576664138409812, 0.8944697475130178], [-0.005309946157832021, 0.9715707113968457, -0.23669000238207788], [-0.9201104157773549, -0.09744285105462125, -0.3793437933542211]], "T": [0.0378464171835495, 0.08407137028347504, 0.042235634865937385], "aligned_model": [[-0.6554576454102571, 0.4043523147082073, -0.204913731712773, 0.577118135888742, -0.21320579193552944, -0.3590986059833273, 0.26831359149498935, 0.38911648392397324, -0.5116423894404348, 0.656804646030936, -0.062247816366768155, 0.0036994987748298624], [-0.2724260022594762, 0.6425684548176196, -0.21617370227135974, 0.10967190729132954, 0.4777411713376074, -0.3073754741349494, -0.6216422671687856, -0.3154508675743757, 0.39137021760490526, -0.2224246713297175, 0.27541507556860706, 0.02886432390315801], [-0.06194279249504954, -0.12958463623039457, -0.6161366964938277, -0.46423613122325225, -0.35322299768119625, 0.6144375534546125, -0.3415556875420579, 0.6584616547516744, 0.3169049208264447, 0.23218260168914417, 0.7209199087566293, 0.11357062800127661]], "inverted": true, "swapped": false, "error_lsq": 0.04857176732576609, "error_max": 0.29188741437646254, "target": "879.xyz", "model": "19.xyz", "model_rescale": 3.9282355846067225, "target_rescale": 3.8597997419870405},
{"mapping": [11, 3, 8, 6, 4, 10, 7, 2, 0, 5, 1, 13], "R": [[-0.5017335153724772, -0.08901276253911297, 0.8604302456661623], [0.8403372586421257, 0.1857750928874537, 0.5092356101064572], [-0.20517497725067224, 0.9785521667074342, -0.018408849566789953]], "T": [0.02241804702073974, -0.1414217892655956, -0.07617183383766804], "aligned_model": [[-0.6780939909585788, 0.23208008249269818, -0.20327173612253896, 0.5508002832377223, -0.25624277954278013, -0.4249115718464478, 0.37727662774749154, 0.3329664837336845, -0.4031499427411494, 0.6484552862240058, 0.12903061564690094, -0.012100667898419938], [0.0022816488227861698, 0.5731081579177857, -0.11802797875723271, 0.008590950666253427, 0.3530714015618097, -0.46093027024163025, -0.6529970539368788, -0.36796172498349355, 0.42322975241010785, 0.06126109775118524, 0.23446436481775731, -0.08595218024388673], [-0.03150218134746824, 0.03265764103668309, -0.8022148288061648, -0.4299407476296301, -0.35400716799097454, 0.5871869617322628, -0.05463320248085553, 0.6524951246145146, 0.29833785998896023, 0.1576810572923923, 0.56323739012299, 0.07050041928129416]], "inverted": true, "swapped": false, "error_lsq": 0.03667855231776564, "error_max": 0.20378272408346637, "target": "879.xyz", "model": "20.xyz", "model_rescale": 4.067790424073018, "target_rescale": 3.8597997419870405},
{"mapping": [1, 6, 8, 2, 5, 9, 0, 12, 13, 3, 11, 14], "R": [[-0.03530439813612357, 0.9385226532285351, 0.3434076715059182], [0.7232814453655649, 0.2611218606512824, -0.6392803177635858], [-0.6896503101298114, 0.2258109901375105, -0.6880347712659381]], "T": [0.0032454243499261716, 0.019282819920169326, -0.008593514426604172], "aligned_model": [[-0.7884136318183117, 0.4086522490466509, -0.24069780281644612, 0.6397981295778757, -0.37356492716377454, -0.40242778014602093, 0.35550213578602136, 0.19928461476603823, -0.43529333092989925, 0.7896384323063589, 0.17460920182887735, -0.03424860046478183], [-0.19627273316771776, 0.6319253449268518, -0.1643152587150497, 0.011790851018737659, 0.33638117422712693, -0.48586063466504503, -0.5475757424490764, -0.361716152534698, 0.46968699188374724, -0.015893086183889935, 0.28290152207008906, 0.009085889373487189], [-0.01940293617841659, -0.09731411935086637, -0.49020678684147956, -0.39390696527914165, -0.33406043063442115, 0.4207190068356984, -0.2515844793571098, 0.6265618096532761, 0.2995352688323162, 0.3140420529211571, 0.5563594832856694, 0.05905642192732189]], "inverted": true, "swapped": false, "error_lsq": 0.04138554135255713, "error_max": 0.2116385294482899, "target": "879.xyz", "model": "21.xyz", "model_rescale": 4.186013935880536, "target_rescale": 3.8597997419870405},
{"mapping": [4, 0, 7, 1, 6, 11, 9, 8, 3, 2, 5, 12], "R": [[-0.05155693410393082, -0.48663418169859407, 0.872083170201296], [-0.2968098567419375, 0.8412524249725337, 0.451883022936979], [-0.953543806799999, -0.23554517757825447, -0.18781021759477057]], "T": [0.019154418411130414, -0.0826678383026874, 0.022935566256856353], "aligned_model": [[-0.683899676143201, 0.36368389150700187, -0.14251937436818318, 0.5378714848508371, -0.2748271859538394, -0.3116752654750884, 0.22926227719426737, 0.37189396422719045, -0.5818171767665216, 0.6474608003666876, 0.15870855351217253, -0.02130360297873521], [-0.14828872300023324, 0.5147909794777786, -0.08935846754295909, -0.020555808541602966, 0.35100842452151026, -0.36253480963874873, -0.6563296661794839, -0.5314317821919934, 0.48200733662333317, 0.06400948749952934, 0.434942622547308, -0.06812142778987537], [-0.1474316500447734, -0.19184535522133364, -0.6927043991514306, -0.4891171035687084, -0.1650872099566396, 0.4824920669472328, -0.08759748379130947, 0.5346521540141925, 0.43804247218409387, 0.38819719215590853, 0.5807373503250965, 0.03946029192167503]], "inverted": true, "swapped": false, "error_lsq": 0.05007149682636253, "error_max": 0.2802071206202468, "target": "879.xyz", "model": "22.xyz", "model_rescale": 4.166573947596378, "target_rescale": 3.8597997419870405},
{"mapping": [1, 12, 5, 14, 6, 4, 7, 8, 2, 9, 3, 15], "R": [[-0.30688078251448414, 0.201841722608653, -0.9300989755599506], [-0.9421663704029261, -0.2027462427403225, 0.26686418181625426], [-0.1347097465110615, 0.958203464859658, 0.2523874088100905]], "T": [0.12321236605299822, 0.019463868164483998, 0.06646434718660428], "aligned_model": [[-0.5686364421540999, 0.27358908794497216, -0.23447691058921483, 0.739724537340113, -0.3827003582706131, -0.3032440881213128, 0.10862955550028809, 0.29041268156362726, -0.4172208872311203, 0.647220996537876, 0.07640079191436173, 0.06313972553771059], [-0.08223989625749845, 0.5996742401661923, -0.3202349117369907, 0.19502664710952192, 0.42917071959983943, -0.2610513275892549, -0.6320153096337694, -0.5688072066640985, 0.3505491830856913, 0.06159802885467249, 0.19427837362979125, 0.00418962522046621], [-0.0717406880037144, -0.1983452466046331, -0.6026582884415482, -0.3972901315240481, -0.32761717131084217, 0.5949524085549848, -0.22807235711680074, 0.595671619655867, 0.29256974777969136, 0.3564450947585598, 0.6397663768547778, 0.03611696121170971]], "inverted": true, "swapped": false, "error_lsq": 0.04107946448570652, "error_max": 0.23369850811765205, "target": "879.xyz", "model": "23.xyz", "model_rescale": 4.274766983524099, "target_rescale": 3.8597997419870405},
{"mapping": [9, 10, 5, 6, 0, 2, 3, 4, 1, 8, 11], "R": [[-0.4904767425598252, -0.8163244772111099, -0.30503592069445123], [0.7047955355496741, -0.1657146619819654, -0.6897839544911518], [0.5125386015483628, -0.5533109421565884, 0.6566210347016287]], "T": [-0.09367060532912747, 0.07059092666708318, 0.018048430801532803], "aligned_model": [[0.39762691300495834, 0.3083133845096318, -0.4263477059448597, -0.4593467110429479, -0.5797358242464243, -0.6172948600568966, 0.13740224935783737, -0.0020508285119027886, 0.468319022346028, 0.2230697355540222, -0.0700606710113714], [-0.23895709345949984, 0.4588557399711094, 0.7188752872324338, -0.36547776387297565, 0.5073488241894468, -0.26821990797580597, -0.6626080008431142, 0.04905587877321889, -0.056425470420362875, 0.6571009106741795, 0.11603812697485365], [-0.5169663525703722, -0.38963165409047856, -0.3763707733788065, -0.3694105918868937, 0.3831430711262112, 0.4211717179828289, 0.07432216300332058, 0.6329372621577879, 0.28451928369096796, 0.3048657695518533, -0.06901346156484146]], "inverted": true, "swapped": true, "error_lsq": 0.05501857210562881, "error_max": 0.28756111158894093, "target": "879.xyz", "model": "24.xyz", "model_rescale": 3.7841303162186577, "target_rescale": 3.8597997419870405},
{"mapping": [9, 3, 2, 4, 12, 10, 1, 7, 13, 6, 11, 15], "R": [[-0.6903694333979239, 0.7032300565808447, 0.1698750509967008], [-0.18770639753520335, 0.052655403453680916, -0.9808127837724621], [-0.6986818687744702, -0.7090097996561346, 0.09564909951161071]], "T": [-0.031562427173747895, -0.1419360814787459, 0.060510576210893], "aligned_model": [[-0.575459589949734, 0.3397885903914437, -0.18608086742052637, 0.5029591032382643, -0.45545888577639365, -0.49271300939267754, 0.4299627438356992, 0.20531616396130437, -0.2587085330390308, 0.6351243334927148, 0.12102696266480482, 0.027081677966719328], [-0.19342344459431707, 0.5657314414535001, -0.16050327829898775, 0.006406086741270661, 0.388606048486722, -0.41849893713959174, -0.6394435204894162, -0.38959539720156267, 0.5679057148885328, 0.0920102844459453, 0.25781777796235716, -0.10687461046988961], [-0.1484526652689459, -0.041012752996668796, -0.6774408712117427, -0.43847407035865815, -0.27714123726561674, 0.6227456095066304, -0.24365592170915829, 0.613103515450835, 0.2982694204025507, 0.21158775273242514, 0.6979593185685252, 0.07231022796382774]], "inverted": true, "swapped": false, "error_lsq": 0.04060630444523514, "error_max": 0.2314637410489643, "target": "879.xyz", "model": "25.xyz", "model_rescale": 4.19342608120988, "target_rescale": 3.8597997419870405},
{"mapping": [1, 4, 8, 6, 2, 9, 10, 7, 0, 3, 5, 11], "R": [[-0.6069246582812077, 0.7305491171011944, -0.3129543843324536], [-0.6423565100150821, -0.6827831847497269, -0.34811669977791126], [-0.4679963388868372, -0.010252322940977027, 0.8836709323401052]], "T": [-0.01107933356462813, -0.039267577025980126, 0.08236495658123329], "aligned_model": [[-0.5262097339287203, 0.29876677855409856, -0.18136105100978214, 0.5980775302841389, -0.3787313657498896, -0.40397177783301574, 0.13796744888265317, 0.4227421520484573, -0.40844021284431914, 0.6060785832833624, 0.052065665375268536, 0.07585467291033614], [-0.15399034959143004, 0.6536508018363621, -0.24195934665830726, 0.043080538231927014, 0.45384312316010733, -0.4069189458486961, -0.5876102128644868, -0.5581621461587534, 0.5065510193223254, 0.021992619017453502, 0.20538114214774966, 0.034279923190311486], [-0.044428653196363896, -0.05250252718129554, -0.6366317743154627, -0.4637510257328859, -0.4854371412812491, 0.5926780991433349, -0.19029088684245204, 0.6680342015691582, 0.30168310467865284, 0.29772582324850977, 0.6755930705749417, 0.027126035149115615]], "inverted": false, "swapped": false, "error_lsq": 0.036664335410582234, "error_max": 0.21376595388525033, "target": "879.xyz", "model": "26.xyz", "model_rescale": 3.795458400668931, "target_rescale": 3.8597997419870405},
{"mapping": [11, 7, 4, 3, 10, 8, 9, 1, 5, 0, 6, 12], "R": [[-0.33800865145120385, 0.6812567876210973, 0.649337617010074], [0.9336368297794213, 0.3296847568237304, 0.14010792696171587], [-0.11862723811827691, 0.6536032056517629, -0.747482727518281]], "T": [0.03589087499609794, -0.17349227537628947, 0.06384180860212446], "aligned_model": [[-0.6035016627642615, 0.23822951234469233, -0.22177448611964057, 0.5321355228181253, -0.29504083207588744, -0.46357630195907273, 0.18238240561252184, 0.22016148698135105, -0.2627805458318595, 0.822109966588491, 0.06742100991201772, 0.07707261446611076], [-0.37077006170117244, 0.6008227077434911, -0.1616402367808485, 0.06047891640910891, 0.3232160201938386, -0.20318279179112492, -0.5218808218954488, -0.43770176383465326, 0.44877027045979007, 0.07136801800139608, 0.17384783788307318, -0.013189928902886394], [-0.18881061947339467, -0.07652728123443336, -0.7313507929094925, -0.43019795677144274, -0.3253258967325703, 0.5933724710624062, -0.13997169003654056, 0.560420964747828, 0.36458285054759026, 0.1786293028492763, 0.8118709898437542, 0.07310598392102319]], "inverted": true, "swapped": false, "error_lsq": 0.04341886557692468, "error_max": 0.29827967232819175, "target": "879.xyz", "model": "27.xyz", "model_rescale": 3.6321398670334006, "target_rescale": 3.8597997419870405},
{"mapping": [9, 0, 13, 5, 11, 12, 1, 7, 10, 3, 8, 14], "R": [[0.488894014785427, 0.41326122680754207, -0.7682433213015992], [0.7815290827823546, -0.5987436214548177, 0.1752665642173136], [-0.3875499130078067, -0.6860912724883589, -0.6156978404566208]], "T": [0.001553746106928329, -0.06641079076297675, 0.06799031393088298], "aligned_model": [[-0.6616127646480257, 0.2751127966475657, -0.4097436094792394, 0.7124553510879122, -0.2427295334724974, -0.4042865491118312, 0.4316341870649885, 0.29925339260279743, -0.3441204251932391, 0.6534123631277415, -0.021058532261313982, 0.00452201360772949], [-0.01648160871184408, 0.4887231466723917, -0.33824867731965663, 0.19376219276501677, 0.2862631520367451, -0.43034230915423516, -0.37540248842746, -0.44530659110998294, 0.6174987323418608, -0.007014543371818949, 0.09103875641627167, -0.09435159635272518], [0.0024966729186948478, -0.012031255627929754, -0.5827139050767037, -0.3779897845560406, -0.40999776730831683, 0.6895667256118063, -0.34044834881549046, 0.6751972613215506, 0.2000840855443191, 0.27562583395049367, 0.5596486716902217, 0.010360136161398956]], "inverted": true, "swapped": false, "error_lsq": 0.04799576833060923, "error_max": 0.2972390653734632, "target": "879.xyz", "model": "28.xyz", "model_rescale": 4.156811204709835, "target_rescale": 3.8597997419870405},
{"mapping": [7, 10, 5, 0, 1, 9, 6, 3, 2, 11], "R": [[0.952908386628678, -0.2649975792450878, 0.14745131293743569], [0.09996063889601645, 0.7335209952400625, 0.6722758512794644], [-0.2863101069893105, -0.6258779693648531, 0.7254676354597069]], "T": [-0.008259025617248034, -0.017106023683053893, 0.06410250193901568], "aligned_model": [[-0.4933401898850569, -0.18729872386242452, 0.19949300170226872, 0.6709126453989308, -0.05757445957281614, -0.7352526566561053, -0.45123115604785324, -0.485525316239098, 0.23381071007776458, -0.05106848080502175], [-0.08240133290312932, -0.595229247554503, -0.10136020448133995, 0.20428750459260064, -0.40789906850744384, -0.32320227382128464, 0.48564419965547234, 0.1681709400086202, 0.6389068561513964, -0.06819704251418514], [-0.5867322064048138, -0.27095282099589024, -0.7335525000616038, -0.15955281637429813, 0.5619187393939775, 0.09902230709678472, -0.09406612964402022, 0.640324159786462, 0.31416823535791916, -0.01179024117941753]], "inverted": true, "swapped": true, "error_lsq": 0.05304995100954572, "error_max": 0.25882242937114763, "target": "879.xyz", "model": "29.xyz", "model_rescale": 4.117894457231895, "target_rescale": 3.8597997419870405},
