[{"mapping": [2, 1, 4, 3, 11, 6, 0, 13, 12, 5, 9, 7, 10, 15], "R": [[-0.5522141052155576, 0.5026792426456866, 0.665111389929642], [0.2539300967268892, -0.6584626675548109, 0.7084817721105291], [0.7940901006669546, 0.560125427426538, 0.2359669840740104]], "T": [0.061928663784407194, 0.09382986237267538, 0.18153665295207472], "aligned_model": [[0.2799179038732391, 0.2178307354558938, -0.6522634995244011, -0.4072225457401723, -0.7287551750041815, -0.10822328410890375, -0.7147128059427819, -0.16163579992529564, -0.27590705832497503, 0.2672544243061743, 0.7122326600626265, 0.24475936117373306, 0.6743926160734857, 0.02382456875386249], [-0.589782804074988, -0.31244703304331395, -0.29320881077243655, -0.2630348307635952, 0.17084240244522858, 0.16093691029482188, 0.3057715486213012, 0.5425804765694215, 0.5622573881416659, -0.24653160497701077, 0.530320767795465, 0.6316979814012529, -0.043162422988971105, 0.07903336316119285], [0.15326633421304262, -0.33208460248400345, 0.22992034261573013, -0.2160559953456797, 0.4808224604140401, -0.5554380603923246, -0.08456684708451023, 0.7355070004558557, 0.1769629585433713, 0.8093964783804954, 0.16475375033972464, -0.1859607075639334, 0.3121939883086897, 0.20887098677933494]], "inverted": false, "swapped": true, "error_lsq": 0.04783660259530621, "error_max": 0.26169179681329874, "target": "88.xyz", "model": "0.xyz", "model_rescale": 3.8414455957264533, "target_rescale": 4.118944695389727},
{"mapping": [5, 14, 1, 9, 10, 8, 6, 2, 0, 3, 7, 13, 12, 11, 15], "R": [[0.3740482678768087, 0.882148180058975, 0.28618609630273295], [-0.9273977960812807, 0.3573217323851648, 0.11070007854038816], [-0.004606638898651094, -0.3068155276121185, 0.9517578530772177]], "T": [-0.051702536232363, 0.03378938122763958, -0.017072107851083776], "aligned_model": [[-0.7749130632509489, -0.6439149741157876, 0.2076980263974305, -0.19153978090543788, -0.4643419081597875, 0.17242697987518685, 0.6728103387385849, -0.3141045295464213, 0.5686018096666582, 0.3890977368352506, 0.33802896419918393, -0.3048171984997472, 0.22917990062667537, 0.050915676613143, -0.06308382496943812], [0.06341512526641431, 0.16460033675885266, -0.5069697371174806, -0.30123835413313127, -0.4220621970671067, -0.6227327846255157, -0.1856354099789993, -0.4156895838188443, 0.5756027978693805, 0.05000740064168116, -0.08259825960049554, 0.6635845657593118, 0.47381146717784695, 0.821856315315121, 0.07109284559597986], [0.15115810845065059, -0.48606247280576387, 0.28864686403323336, -0.7112646066967573, -0.19839614289935176, -0.2667118831821653, 0.04226274166441536, 0.47765877993473815, 0.18433063196997873, 0.5405722911128483, -0.5577631120256271, -0.3293737607048733, -0.2641831380620534, 0.2814306033399501, 0.01287688321031227]], "inverted": true, "swapped": true, "error_lsq": 0.04715768447391005, "error_max": 0.2546737849166065, "target": "88.xyz", "model": "1.xyz", "model_rescale": 4.316132596720782, "target_rescale": 4.118944695389727},
{"mapping": [6, 12, 4, 10, 2, 8, 5, 9, 11, 7, 13, 15], "R": [[0.7747731578861643, -0.6308071397367676, 0.04253123882769888], [0.3733756683464249, 0.5108011574965534, 0.7743854258617228], [-0.5102128615646231, -0.5840929120930157, 0.6312830632424249]], "T": [-0.053297172692711725, -0.01853989782794099, -0.078229750168237], "aligned_model": [[-0.08867624648627183, 0.4884077413240978, 0.22311437526262295, -0.544666728167186, -0.6562454645882315, -0.5553443053781715, -0.24829169972705745, -0.24356994567708828, 0.6441926801929063, 0.06117605689349147, 0.5457714932719383, -0.02805940228926981], [-0.6582087128556864, -0.06927636338206593, -0.504346441752184, 0.38581887253480573, -0.12681451243774164, -0.10729219116675892, 0.4735970076057442, 0.4705013334378152, -0.21307582661303048, -0.03120039601556276, 0.41679083530305727, -0.023717176917411827], [0.3293961783253786, 0.11557385636395873, -0.6696678450728781, -0.000768384519281573, -0.45289595170658115, 0.45435556568630675, -0.5997572734247649, 0.5034370014131418, -0.5213409510324979, 0.5884928899567146, -0.17745280867877583, -0.12011381610129997]], "inverted": false, "swapped": true, "error_lsq": 0.051083375847727756, "error_max": 0.246087817829126, "target": "88.xyz", "model": "2.xyz", "model_rescale": 3.795458400668931, "target_rescale": 4.118944695389727},
{"mapping": [4, 6, 12, 9, 5, 14, 7, 2, 8, 10, 13, 15], "R": [[0.5397847642164568, -0.8405266067423378, 0.046340389273242105], [-0.7552821223624042, -0.5078798281548528, -0.41425474745998936], [0.3717274861501721, 0.18860833362184398, -0.9089805127332845]], "T": [0.017489056665181565, -0.040025631024566743, -0.05468462929940312], "aligned_model": [[-0.1936626338704709, -0.17143300097503966, -0.5545219604546074, 0.14978791036354938, 0.42492531903201913, 0.08460660574454856, -0.2569450693172695, 0.6614629570030768, 0.34722383038073024, 0.5431227335443336, -0.44402554319189763, 0.002762677484592288], [-0.1321408553455586, -0.7729573667227521, -0.012277946512222443, 0.08331442396639979, 0.5485340668670251, 0.6349015662249071, -0.2989639323823972, -0.14612118301016422, -0.48228410334879346, 0.13727865737195277, 0.5462358431729586, -0.019750124991645752], [-0.8351589152943629, 0.0061947293141929385, 0.020226671647503643, 0.7075394244126584, -0.2541983654269691, 0.3027332677198855, 0.5069383349280308, -0.35416108409387737, 0.4344552630981321, 0.2665983385519336, -0.015402482212867157, -0.09699375200515983]], "inverted": true, "swapped": true, "error_lsq": 0.04745652440819074, "error_max": 0.2914092887234549, "target": "88.xyz", "model": "3.xyz", "model_rescale": 3.7530521520055578, "target_rescale": 4.118944695389727},
{"mapping": [7, 14, 10, 5, 1, 13, 6, 12, 0, 4, 15], "R": [[-0.1933642133857738, 0.8237637835872231, -0.5329385610290962], [0.9786877668175593, 0.12366744822010856, -0.16394089585086957], [-0.06914142075022628, -0.5532807525124922, -0.8301203965906698]], "T": [0.014625314507883548, -0.09777723926581869, -0.022511762608093087], "aligned_model": [[-0.5431204288545055, -0.09842820545313971, 0.2730939234554212, 0.4929726127665031, 0.3407555354514392, -0.3565774676069985, -0.21292970722180465, -0.4963759818676599, -0.3684618642083753, 0.27966955318259384, 0.02760163280173121], [-0.474605198291141, 0.178073858092651, -0.35892864220657095, 0.2714477823020961, -0.6249147737904198, 0.5038552833969926, -0.5897173996622453, 0.12080683319005203, 0.1542098189141111, 0.3410481553731355, -0.054072359004314834], [-0.09109647241564475, -0.7288432101606517, -0.5478157139690722, -0.4550268519103423, 0.24004921015572336, -0.264354958323369, 0.5092780079182981, 0.1345771265053348, 0.6906846055926164, 0.6094646504267786, -0.0040856165743546995]], "inverted": false, "swapped": true, "error_lsq": 0.0518740133763512, "error_max": 0.28485250918383037, "target": "88.xyz", "model": "4.xyz", "model_rescale": 3.7855080009869324, "target_rescale": 4.118944695389727},
{"mapping": [15, 6, 7, 8, 10, 5, 13, 12, 11, 1, 4, 9, 14, 2, 0, 16], "R": [[-0.5539194809074159, 0.17697670830444479, 0.8135431478348167], [0.7471339919022573, -0.3255071150276834, 0.5795135168488759], [0.36737447763209774, 0.9288295660583152, 0.0480794176385837]], "T": [0.014558726873028775, -0.05914556333822782, -0.0353751428713584], "aligned_model": [[0.21390718171634224, -0.601774077923056, -0.19436309552667994, -0.22905611419434246, 0.35896639738236513, 0.36523783151463957, -0.48117370461474246, -0.19822481076854792, -0.6675158275204112, -0.1403461211716487, -0.31067057782287455, 0.6765891087093903, 0.30655411134851046, 0.5574217771658286, 0.23521034595432982, 0.050677139076436124], [-0.6017745845821515, 0.1317847346961251, 0.5478656305147654, -0.20616352862877899, 0.14650904879930435, 0.6673648942341137, -0.5635374050056771, -0.5290416852856908, -0.2610101735873428, 0.09923847696311189, 0.5570191095730702, -0.27163312027359865, -0.6552636392725855, -0.20911692222987902, 0.47671273694580407, -0.09774187524891151], [-0.622854542970886, -0.13415045907772088, -0.4217150897293773, -0.6790733649111322, -0.6436956267243832, -0.1010254682710731, -0.19255613824274365, 0.40845597782391646, 0.3202387062379011, 0.6885191331244176, 0.2127534106819966, -0.18860317856418235, 0.09531278129229315, 0.4427398932001714, 0.4867767778701266, -0.02575551696474807]], "inverted": true, "swapped": false, "error_lsq": 0.043580145477800494, "error_max": 0.24379727843847054, "target": "88.xyz", "model": "5.xyz", "model_rescale": 4.2253639853439635, "target_rescale": 4.118944695389727},
{"mapping": [11, 0, 1, 2, 3, 8, 10, 5, 7, 12, 6, 9, 14, 15], "R": [[-0.8767310815969419, -0.44404748166248986, -0.1848362642747829], [-0.19927359257381216, 0.6851004370784624, -0.7006621342827273], [0.4377586616671142, -0.5774592844037587, -0.6891357841465762]], "T": [0.11149738272614246, -0.057640472779909635, 0.020623732706442993], "aligned_model": [[0.5211752191975579, -0.03141635236918727, -0.4426129445713541, 0.011637796607347636, -0.23863718619870294, -0.4689591500063475, 0.1477587625263249, 0.6830013444757328, -0.24410452844579333, 0.18225951339823282, -0.5894460797130436, 0.031879441607974596, 0.6686551605921842, 0.14287115565685765], [-0.007944771041293652, 0.16091186680863778, -0.4304434265130033, -0.7357409557653529, -0.3953501991102237, 0.0037612805682123857, -0.1951377043984761, -0.4327594605191151, 0.5034476809817425, 0.4062662321712726, 0.05171045299508345, 0.38657766054629, 0.20429596828075897, -0.07449547836954262], [-0.7212510992772636, -0.7860440197066023, 0.10519836605587704, 0.2347559243052044, -0.4979253054488306, 0.47104070615263494, 0.6457076806821317, 0.31196807110916036, 0.14911829228250975, -0.31606830859517876, -0.25012967328818136, 0.6609615321440644, 0.47750834778883755, -0.013282305272914761]], "inverted": true, "swapped": true, "error_lsq": 0.046474356856777865, "error_max": 0.3043827467105311, "target": "88.xyz", "model": "6.xyz", "model_rescale": 3.89814844738969, "target_rescale": 4.118944695389727},
{"mapping": [7, 9, 14, 6, 13, 10, 8, 12, 3, 2, 5, 4, 15], "R": [[-0.9005164105429599, 0.17780570536375134, -0.39680640806685813], [-0.1373313588031828, -0.9821628103829836, -0.12843796864584434], [-0.4125655005354841, -0.06116653530075311, 0.9088720276954325]], "T": [-0.057948533585335985, 0.06091707077161437, 0.03689756296420403], "aligned_model": [[-0.040381409834136, -0.006100736365912421, 0.42846318268015393, -0.4835779462104433, 0.6883527157097346, -0.24883721798774572, -0.5780364407460017, 0.3414864069926466, -0.41219165143724784, -0.5768898879546868, 0.10765542313502334, -0.035767730055718, -0.03554290702144445], [-0.38059951418792415, 0.14929885109920116, 0.5108059765356027, -0.5678137500321251, 0.09662505010333941, 0.5306113354431662, -0.04176739074168617, -0.35624991426637775, -0.26347321861214756, 0.5071982577761552, 0.7744410767932098, -0.06358832157870047, 0.06829282713877194], [-0.47548704719716345, -0.7397630648147147, -0.34882598420563604, 0.025765292682057142, 0.03774290424782366, -0.35540222837709085, -0.4754888945690113, 0.035603131990640635, 0.5611283653729501, 0.25410200650742154, 0.16208294200958562, 0.8407736611892896, 0.08004394600014411]], "inverted": true, "swapped": true, "error_lsq": 0.04740568048171248, "error_max": 0.27210326454465333, "target": "88.xyz", "model": "7.xyz", "model_rescale": 3.7474275329858107, "target_rescale": 4.118944695389727},
{"mapping": [3, 4, 11, 0, 13, 7, 6, 8, 12, 9, 1, 10, 2, 5, 15], "R": [[0.8888925285402506, 0.3824367130652503, 0.25221465699908785], [-0.25964838138653035, 0.8741569246967643, -0.41040515231664754], [-0.3774291864027939, 0.29931894611691934, 0.8763306326648533]], "T": [0.054602840620819465, -0.03632105972638752, 0.08088720250325773], "aligned_model": [[-0.32793091743906555, 0.13640518323335146, 0.46300349030055366, -0.07209426518772646, 0.694995082171431, -0.24724817746092817, -0.6348219220600073, -0.5152607862572557, 0.16580879750173708, 0.019662678677396322, -0.5309283962103435, 0.08153988775080338, -0.1059271635865702, 0.5908422520911835, 0.08410797881418708], [0.0768271398982606, 0.11225971611484906, -0.29725253574636346, -0.5242037070478999, -0.42058124857267287, -0.5497052346747732, -0.2891318674259187, 0.008099831451612444, -0.5785620221448243, -0.24490384316752944, 0.2949063053103911, 0.30554247006268753, 0.6632743981715538, 0.46178005100689834, -0.02923149125667822], [-0.50767085703915, -0.71500380250976, -0.6161117451008645, -0.6008903927753866, 0.05890508889186144, 0.4019886493343455, -0.11241815560812293, 0.5465669667863902, -0.08399522391477252, 0.8351906371021185, 0.05609266516516295, 0.6225088793928809, 0.059884572155077004, 0.20955395753137276, 0.042193416285108046]], "inverted": false, "swapped": true, "error_lsq": 0.04461094621862933, "error_max": 0.29151791722652537, "target": "88.xyz", "model": "8.xyz", "model_rescale": 4.019505241142653, "target_rescale": 4.118944695389727},
{"mapping": [10, 2, 5, 14, 9, 13, 11, 8, 7, 6, 4, 12, 15], "R": [[-0.6642873006208002, 0.4195399262266517, -0.6186344902571039], [-0.5952298994831385, 0.20370957989952762, 0.7773054572164351], [0.45213244629778987, 0.8845838893846609, 0.11440102117499878]], "T": [-0.043570111710609497, -0.02773978977397469, 0.04228922947817678], "aligned_model": [[-0.20910316705325943, -0.695993501441994, -0.10301586323444589, 0.4155622252765068, 0.22646974010033905, 0.6328564105309799, 0.28714269393128594, -0.33555199854754286, 0.2399481993765325, -0.27916299503384046, -0.24545382117626025, 0.4243206079179898, -0.03831775890511517], [-0.5491654078093821, -0.05791676836078159, -0.022100235280902512, -0.35999697800003033, -0.7630812229781098, 0.16213485839712338, 0.7538766871382264, -0.623963304925011, -0.4082084847601378, -0.013309678153153218, 0.7605822177240775, 0.16742541203700234, 0.017101133085137193], [-0.29187308262475464, -0.2561699267535906, -0.6984178346356782, -0.4740262729968186, 0.04955001177309736, -0.21194709184368773, 0.02257674607626247, 0.3629752276361286, 0.5246215078664893, 0.7640056104533005, 0.04360923468383011, 0.31899676316543, 0.022802601243870024]], "inverted": true, "swapped": true, "error_lsq": 0.048862285981830296, "error_max": 0.2540565111634757, "target": "88.xyz", "model": "9.xyz", "model_rescale": 3.877068213659057, "target_rescale": 4.118944695389727},
{"mapping": [13, 5, 12, 3, 6, 11, 4, 7, 1, 8, 0, 14, 2, 9, 8, 15], "R": [[-0.16958790483081354, 0.7455589699815994, 0.644501175185175], [0.5714946930314864, 0.6071853200185824, -0.5520143141176495], [-0.8028908757558166, 0.2747140503030531, -0.5290542809524839]], "T": [0.05885965179948704, -0.0677793078726439, -0.12825244973529898], "aligned_model": [[0.3947773298075375, -0.6816589318738974, -0.16091705604306838, -0.32384433252314515, 0.2184667143735143, 0.2543252294671771, -0.356029997297062, -0.2826521598404075, -0.7001212450318254, 0.10020238553070687, -0.328742995305463, 0.806631324829756, 0.3039313971720664, 0.580839258093992, 0.10020238553070687, 0.016030256434950894], [-0.6152751562699117, 0.13962627026918545, 0.5565417732065209, -0.2224522628153598, 0.07359412379057233, 0.6073006793522027, -0.6022713971153116, -0.4774740639410195, -0.016102712477807354, 0.10075534927965198, 0.5731387799638852, -0.27403538085934864, -0.6149495759826495, -0.10487342798630091, 0.10075534927965198, 0.006933349917718087], [-0.5584223063653364, -0.26829028616727174, -0.4748308710537085, -0.6103056419465902, -0.7069092681701157, 0.09694856060710916, -0.11165530074755366, 0.48965244487010856, 0.28910128265123386, 0.6235519021504063, 0.14147746754306473, -0.2166690997973844, 0.156176619218574, 0.27399948719637124, 0.6235519021504063, -0.1020095973647365]], "inverted": false, "swapped": false, "error_lsq": 0.04891911764940449, "error_max": 0.38593772241914887, "target": "88.xyz", "model": "10.xyz", "model_rescale": 4.260839863003843, "target_rescale": 4.118944695389727},
{"mapping": [8, 10, 5, 2, 4, 3, 6, 7, 13, 11, 0, 15], "R": [[-0.21871052373451594, -0.5227856695594815, 0.8239301247745578], [-0.19964923091549167, -0.8025355097745759, -0.5622072039254872], [0.9551470522399295, -0.2874576477572066, 0.07114920479715336]], "T": [0.07121997846405687, -0.1003265584516654, -0.060962772719595486], "aligned_model": [[0.4465299190682098, 0.16480573543550944, -0.3131932415845495, -0.4289965163670088, -0.5695638421491858, -0.32241380497152355, 0.2612040992025477, 0.7146920445543492, 0.22123758637127072, -0.2640286687115012, 0.013221292072990887, 0.03540404617302148], [-0.06830197868157127, -0.6165627861521437, -0.729403657180755, -0.27910534191836717, 0.3095294471803137, 0.47880415462108816, 0.5644055830582784, 0.092643152991072, -0.32588121178145596, 0.21156737793084757, 0.6317135371735474, -0.09632977170792], [-0.6947547626095999, -0.42932696979406176, 0.032316575925929715, -0.5441463841189118, 0.22821625825396574, -0.18423175624779975, -0.3750073289096354, -0.1415225516954393, 0.6353569417566637, 0.6538899224651014, 0.36289542806880487, -0.027507295699512865]], "inverted": false, "swapped": true, "error_lsq": 0.041255834884456256, "error_max": 0.22567990773682786, "target": "88.xyz", "model": "11.xyz", "model_rescale": 3.890672605050136, "target_rescale": 4.118944695389727},
{"mapping": [12, 0, 6, 13, 7, 5, 4, 14, 11, 2, 8, 1, 10, 15], "R": [[-0.0819972302273485, 0.7040625278552113, -0.7053881279871197], [0.9710392545085821, 0.2158053799438332, 0.1025222131575157], [0.22440860152512082, -0.6765530244241229, -0.7013677955995071]], "T": [0.07728983594455226, 0.007406297916772571, 0.15191827980473707], "aligned_model": [[0.5154127925357382, 0.27486272969836545, 0.2514112334465145, 0.4131101543399513, 0.6792670525182384, -0.3455367484120812, -0.3614687004088996, 0.2958245542151252, 0.04903995304111981, -0.5756508528073856, 0.2219792815171343, -0.22803174632774575, -0.035955363000144555, 0.055611494437763156], [-0.19283682924481763, -0.06557991328391262, 0.6095310681359706, -0.659982524556028, 0.31456818756272403, -0.43370819901931185, -0.22516127612016434, -0.4566513164735496, -0.5647199183188719, 0.23276058649121023, 0.6644922931787379, 0.6059780623995872, 0.13217846981969059, -0.02871617074349955], [-0.16671819902986715, -0.6693857371280632, -0.2767007461171349, 0.14428922479083686, 0.1844527482461568, 0.5748228044097694, -0.49276275167568717, 0.7217183741605617, -0.47462572951134685, 0.34820556680277737, 0.4533786766149428, 0.11112931194920986, 0.7704308087152362, 0.12655608312946914]], "inverted": true, "swapped": true, "error_lsq": 0.054204234316153656, "error_max": 0.4093183774014166, "target": "88.xyz", "model": "12.xyz", "model_rescale": 4.124412569039231, "target_rescale": 4.118944695389727},
{"mapping": [3, 2, 5, 6, 11, 0, 8, 12, 10, 7, 13, 14, 15], "R": [[-0.9496010810211805, -0.2863895295477228, -0.12743164555493963], [0.313460636433359, -0.8681928740380394, -0.38468631750604676], [-0.00046511310373716086, -0.40524334767520065, 0.914208735921287]], "T": [0.08883111460641775, 0.16843051360881, 0.017116500567840677], "aligned_model": [[-0.19897854105778084, -0.09996962525578983, 0.572553391152066, -0.547386810018916, 0.6163000168313909, 0.09738135192641473, -0.5500527275279519, 0.2513066265744743, 0.01159203020691442, -0.2355177872599596, 0.7422842093066084, 0.5839838134508843, 0.12380235918140252], [-0.23288076859711448, 0.6066990309695948, 0.6810538679759446, -0.24607198924787732, -0.4467656071652677, -0.6712497370874417, 0.4461221151905476, -0.3028322510033225, 0.7932024142288794, 0.0023477151035471155, -0.013203551573794658, 0.5810344127613084, 0.15002972495347403], [0.5286338878253362, 0.5536980738273588, 0.2525790506860348, 0.016022483772790176, 0.27008714899993524, 0.13444635028261567, -0.2243171804815746, -0.27458772534021486, -0.10389802096312623, -0.5529692660148512, -0.296331180044425, -0.398047162729344, 0.046381621147304285]], "inverted": true, "swapped": true, "error_lsq": 0.05294435727682413, "error_max": 0.4611248912596484, "target": "88.xyz", "model": "13.xyz", "model_rescale": 3.9028299243045295, "target_rescale": 4.118944695389727},
{"mapping": [8, 1, 6, 2, 0, 7, 12, 13, 11, 14, 9, 0, 5, 4, 10, 15], "R": [[-0.03707038047178274, 0.9679710944333985, -0.24830978078417681], [0.9683897874202746, -0.02653871963231902, -0.24802603891606295], [-0.246671859991756, -0.24965507545749166, -0.9363895219333253]], "T": [-0.010280546679770342, -0.04158889713408978, -0.07923138053865647], "aligned_model": [[0.14481816418174495, -0.5862552881883518, -0.24430371206565432, -0.13249649497064042, 0.6086396066926318, 0.2838227017540577, -0.42621781157652855, -0.057782752449054495, -0.7052058485889766, -0.3973582643330022, -0.3231537738711416, 0.6086396066926318, 0.24258882656455738, 0.6557674623118273, 0.29784495633243163, -0.02790781516099306], [-0.7277483244878532, 0.08346044059017316, 0.5264657955395343, -0.2097798468708098, -0.20504315885379734, 0.7215261890080354, -0.5849602896435251, -0.5382306796152804, 0.02217748574636494, 0.025379182972467912, 0.5775530288066937, -0.20504315885379734, -0.44593556940355694, 0.021067747382113908, 0.11168934770015465, 0.05863350759476087], [-0.3980366341030781, -0.3527538037906666, -0.337988576464649, -0.7855774968058924, -0.605954227318513, 0.31036661791633674, 0.047196505758027474, 0.5402376115313197, 0.16339871140928763, 0.7136978530794256, 0.26662852710149804, -0.605954227318513, 0.10694778681038292, 0.029476799921727498, 0.5817656361739645, -0.028083789126081435]], "inverted": true, "swapped": false, "error_lsq": 0.04951461449142884, "error_max": 0.33000571519044675, "target": "88.xyz", "model": "14.xyz", "model_rescale": 3.942246331269136, "target_rescale": 4.118944695389727},
{"mapping": [4, 2, 3, 10, 9, 1, 12, 0, 11, 6, 7, 13, 5, 14, 15], "R": [[-0.6765230373768396, -0.2881971186107831, 0.6776865062275167], [0.18898361757472212, -0.9573677604398816, -0.21847691767941319], [0.7117596309055375, -0.019733020416755814, 0.7021458792291282]], "T": [-0.026593950405958855, -0.05674356516968229, -0.04235791033998689], "aligned_model": [[-0.7307054371630441, -0.20376212432470409, -0.3089189372564312, 0.2509194464737013, 0.6417166020496712, 0.15367085507713737, -0.020346482605289387, -0.30535571199525835, -0.6867009336562566, 0.28825659065010656, 0.5635297986349324, -0.253413153336423, -0.39487122564499666, 0.05485479009805366, -0.07458004046898911], [0.24144406962455264, -0.5616360336184515, 0.2733545876005572, -0.6333263013809166, -0.29617384007503206, -0.15859197506288966, 0.437454502368088, 0.7383714862831973, 0.43049993207167014, 0.42535607918983487, 0.2521100264577225, 0.09913757226349526, -0.6598636612918464, -0.4413868489449557, -0.048604905603375256], [-0.32078476022997227, -0.521252294205368, -0.6052637567509109, -0.0037705906593622426, 0.2889054484057763, -0.6829081948941473, 0.2564856606127496, -0.13715379015738877, 0.17567053702010818, -0.537368858771335, 0.07658286113142956, 0.6522610134331506, 0.18749107263227263, 0.6158173603957244, -0.035349227602211084]], "inverted": false, "swapped": true, "error_lsq": 0.04549638079097943, "error_max": 0.33174400549757427, "target": "88.xyz", "model": "15.xyz", "model_rescale": 4.355366556412066, "target_rescale": 4.118944695389727},
{"mapping": [6, 12, 4, 10, 2, 8, 5, 9, 11, 7, 13, 15], "R": [[0.7747731578861643, -0.6308071397367676, 0.04253123882769888], [0.3733756683464249, 0.5108011574965534, 0.7743854258617228], [-0.5102128615646231, -0.5840929120930157, 0.6312830632424249]], "T": [-0.053297172692711725, -0.01853989782794099, -0.078229750168237], "aligned_model": [[-0.08867624648627183, 0.4884077413240978, 0.22311437526262295, -0.544666728167186, -0.6562454645882315, -0.5553443053781715, -0.24829169972705745, -0.24356994567708828, 0.6441926801929063, 0.06117605689349147, 0.5457714932719383, -0.02805940228926981], [-0.6582087128556864, -0.06927636338206593, -0.504346441752184, 0.38581887253480573, -0.12681451243774164, -0.10729219116675892, 0.4735970076057442, 0.4705013334378152, -0.21307582661303048, -0.03120039601556276, 0.41679083530305727, -0.023717176917411827], [0.3293961783253786, 0.11557385636395873, -0.6696678450728781, -0.000768384519281573, -0.45289595170658115, 0.45435556568630675, -0.5997572734247649, 0.5034370014131418, -0.5213409510324979, 0.5884928899567146, -0.17745280867877583, -0.12011381610129997]], "inverted": false, "swapped": true, "error_lsq": 0.051083375847727756, "error_max": 0.246087817829126, "target": "88.xyz", "model": "16.xyz", "model_rescale": 3.795458400668931, "target_rescale": 4.118944695389727},
{"mapping": [7, 9, 14, 6, 13, 10, 8, 12, 3, 2, 5, 4, 15], "R": [[-0.9005164105429599, 0.17780570536375134, -0.39680640806685813], [-0.1373313588031828, -0.9821628103829836, -0.12843796864584434], [-0.4125655005354841, -0.06116653530075311, 0.9088720276954325]], "T": [-0.057948533585335985, 0.06091707077161437, 0.03689756296420403], "aligned_model": [[-0.040381409834136, -0.006100736365912421, 0.42846318268015393, -0.4835779462104433, 0.6883527157097346, -0.24883721798774572, -0.5780364407460017, 0.3414864069926466, -0.41219165143724784, -0.5768898879546868, 0.10765542313502334, -0.035767730055718, -0.03554290702144445], [-0.38059951418792415, 0.14929885109920116, 0.5108059765356027, -0.5678137500321251, 0.09662505010333941, 0.5306113354431662, -0.04176739074168617, -0.35624991426637775, -0.26347321861214756, 0.5071982577761552, 0.7744410767932098, -0.06358832157870047, 0.06829282713877194], [-0.47548704719716345, -0.7397630648147147, -0.34882598420563604, 0.025765292682057142, 0.03774290424782366, -0.35540222837709085, -0.4754888945690113, 0.035603131990640635, 0.5611283653729501, 0.25410200650742154, 0.16208294200958562, 0.8407736611892896, 0.08004394600014411]], "inverted": true, "swapped": true, "error_lsq": 0.04740568048171248, "error_max": 0.27210326454465333, "target": "88.xyz", "model": "17.xyz", "model_rescale": 3.7474275329858107, "target_rescale": 4.118944695389727},
{"mapping": [10, 2, 5, 1, 9, 7, 14, 11, 8, 13, 6, 3, 12, 15], "R": [[-0.5421243513962679, -0.7507451838026604, -0.3774690141194178], [-0.632006831068392, 0.06825016418681351, 0.7719516050707855], [-0.5537766274465408, 0.657056758648431, -0.511476160547442]], "T": [0.034141426890114346, 0.029042519168081024, 0.019206952602723055], "aligned_model": [[0.37074155580577184, 0.14030953269177765, 0.7223215230655423, -0.36114026835609686, 0.19340740126108757, -0.299172231844174, 0.6949093997467156, 0.048426456642427035, -0.27891964761173543, 0.4412978232824589, -0.7206534161821084, -0.46216319485838464, -0.12313655167101256, 0.04861926591060773], [-0.43662186512006923, 0.05904953202842482, 0.13788116959799304, -0.11660072707358436, -0.7078947544392248, -0.4220310097157453, -0.24252299606464434, 0.7960302666289134, -0.5967609794564597, 0.23221513447955494, -0.048739369445645844, 0.4596994045777535, 0.17074519124354648, 0.07595924427042083], [-0.2650593887114691, -0.6903511563168233, -0.23920136804089384, -0.5058774139170963, 0.23194873996059032, 0.3976487100805338, 0.2974458734504438, 0.382813322139864, -0.2130389438422025, 0.611816340271801, -0.009454729780428186, -0.25236541356578407, 0.5565729646449521, 0.021897182288166984]], "inverted": true, "swapped": true, "error_lsq": 0.044130271170947255, "error_max": 0.2656173975681642, "target": "88.xyz", "model": "18.xyz", "model_rescale": 3.922800546911778, "target_rescale": 4.118944695389727},
{"mapping": [4, 5, 2, 3, 9, 11, 14, 6, 13, 1, 10, 8, 0, 7, 15], "R": [[-0.9528943127835655, 0.2874010329581423, 0.09691787719161776], [-0.19548554264015042, -0.33764646146682525, -0.9207498409870174], [-0.23190047710908795, -0.8963233307872358, 0.3779241397463952]], "T": [0.05866723024221286, 0.008380533035490648, -0.014994144389706353], "aligned_model": [[-0.35375544852474905, -0.02665335851825819, 0.48295421422871787, 0.07091322197524659, 0.3880928308962457, -0.7219525752154342, -0.11231634390855476, 0.33141749770374734, -0.5857085855918698, 0.6147901215318379, 0.48373110727736307, 0.7322649281438853, -0.4366735378825632, 0.2085847361730619, 0.020362028598941602], [0.6483423549446269, -0.3194138076117202, 0.20518647129244832, 0.7191390394702764, -0.6299765707443244, 0.33641821960422785, -0.7239500752462639, 0.5048085079309566, -0.36726171942018265, 0.38660596892158855, -0.41220235095381746, -0.06919726578971229, 0.5797690883920217, -0.16647134722488016, 0.02581499146933363], [-0.3023384719908191, -0.6764197442499682, -0.5598728238498508, -0.029401149738126783, 0.29754424621199327, -0.07588629754544966, -0.16410999745518914, 0.490726457032285, 0.028755543922470234, -0.044080484284720806, -0.24603755269156452, 0.27452828684055103, 0.36848332019299024, 0.6211937592569495, -0.04042592448822123]], "inverted": false, "swapped": true, "error_lsq": 0.041700904109284224, "error_max": 0.26202858487844677, "target": "88.xyz", "model": "19.xyz", "model_rescale": 3.9282355846067225, "target_rescale": 4.118944695389727},
{"mapping": [9, 14, 13, 10, 8, 5, 2, 4, 1, 6, 12, 7, 0, 15], "R": [[-0.7447781268498408, 0.09500726694304995, 0.6605143155103113], [0.6564431518444918, -0.07361016081589483, 0.7507755540913197], [0.11994969846778486, 0.99275130997278, -0.007543632070649009]], "T": [0.030255035676934862, -0.0946962228742327, 0.005106902957255625], "aligned_model": [[-0.6547680606391182, -0.1447555749195576, 0.34584565058561195, -0.4403672242207187, -0.6453030445567807, 0.1594738561490913, -0.028531653156006385, 0.774058901196859, -0.2183100310193528, -0.11318175831699598, 0.23068882588385817, -0.390833188956423, 0.580368869359164, 0.07813725169504554], [-0.4746889542114357, -0.7453955942944469, -0.7716925100272856, -0.13937603011923289, 0.17305910066054758, -0.27355473453444845, 0.4128240973899913, 0.23396329584562636, 0.5308077463704152, 0.3565012007676564, -0.4079061408172147, -0.27325740878865357, -0.0006002959719574458, -0.09780168484472576], [0.01218825570827892, -0.360598790604006, 0.0229932120166571, -0.4278696803564744, 0.12962107333234762, -0.704487830689886, -0.49948406721438315, 0.0359142472044081, 0.016654968315131812, 0.5987680355821201, 0.4470391192045076, 0.5036889898009392, 0.6434038950647563, -0.005648270120714517]], "inverted": true, "swapped": true, "error_lsq": 0.0446012199348341, "error_max": 0.2549343035466334, "target": "88.xyz", "model": "20.xyz", "model_rescale": 4.067790424073018, "target_rescale": 4.118944695389727},
{"mapping": [12, 8, 13, 11, 14, 10, 5, 7, 9, 6, 1, 4, 3, 2, 15], "R": [[-0.22671074772761607, -0.8007920470938124, -0.5543774293530417], [-0.8961702928291588, -0.0513939775693531, 0.44072379708849435], [-0.3814197728425792, 0.5967334047804784, -0.705994476255879]], "T": [0.044205306806404984, 0.007182626851838219, 0.007707577771130191], "aligned_model": [[0.3019931425166019, 0.09686421690910095, -0.1974998940871759, 0.3336962520923196, -0.6321026261038765, -0.4612521635443376, -0.5914318004758713, 0.24654907465968479, -0.3296018942703145, 0.7189493499014495, 0.3022532842788403, 0.4390972624685321, 0.6217742618725501, -0.12777174409733483, 0.04692723178734649], [-0.1918774199149307, 0.7395007138047368, -0.46258962617504346, -0.7768028057472783, -0.05012988797636893, 0.3745956512446079, -0.2762528512262148, 0.44416675182625687, 0.5652417440731672, 0.3544842912525342, 0.40473902223184777, -0.6138209411815273, -0.13964787493137681, 0.1102977910041625, -0.04100941835672543], [-0.4692607338102939, 0.0748839901710059, -0.5206237152981568, -0.1414423228922272, -0.34880595018795146, 0.1507835490515736, 0.26817322692618834, -0.4675664079389227, -0.395454253286405, 0.03395256917961546, 0.4857591644758371, 0.3550190718370232, 0.3955091848796266, 0.6972262173510102, 0.017095983163217286]], "inverted": false, "swapped": true, "error_lsq": 0.0477656330467592, "error_max": 0.3757534808518359, "target": "88.xyz", "model": "21.xyz", "model_rescale": 4.186013935880536, "target_rescale": 4.118944695389727},
{"mapping": [13, 14, 5, 0, 6, 11, 12, 7, 2, 10, 8, 3, 15], "R": [[-0.4843041281636828, -0.1497459691754347, 0.8619893596555152], [0.4553428549854438, -0.8844324001521585, 0.10218715171095463], [0.7470692041955153, 0.44199035541152065, 0.4965200196023092]], "T": [-0.007124133397817559, 0.031984793030524365, 0.0062698521799494575], "aligned_model": [[0.04773009003547132, -0.3108255789840951, 0.20168355548529768, 0.3925832196735313, -0.1115621432696447, 0.6323051378883807, -0.024379937598744735, -0.5598520938471332, 0.2193354982337948, -0.3610018908834172, -0.561264924354886, 0.4558584238901546, 0.03796467915451577], [-0.3933721102937206, 0.10885192814099134, 0.4920280575062183, -0.6482661106611606, -0.20742443050698037, -0.49111623780494373, -0.541571576706827, -0.3078662241817848, 0.6924428878116704, 0.53652304836431, 0.28764066753279505, -0.03136366988009855, 0.02245043022562363], [-0.6055339137901233, -0.6934700391938786, -0.5386816141462908, 0.3167453963520823, 0.719265430806461, -0.18912558625021977, -0.059407911689265146, 0.19804204828443864, 0.1740671636099308, -0.17025776618714647, 0.41996475099359115, 0.5421516530278541, -0.010880050482088031]], "inverted": true, "swapped": true, "error_lsq": 0.05638854230698706, "error_max": 0.31556555185733437, "target": "88.xyz", "model": "22.xyz", "model_rescale": 4.166573947596378, "target_rescale": 4.118944695389727},
{"mapping": [13, 9, 8, 10, 7, 4, 14, 12, 9, 11, 3, 5, 6, 1, 2, 15], "R": [[0.5380014374075335, -0.4812122468070895, 0.6920904759280396], [0.3413108298017411, 0.8750832297515407, 0.3431271753558133], [-0.770753767948931, 0.051615061081866837, 0.6350389867260438]], "T": [-0.007943448550020406, -0.013802574877934994, 0.007967180678711754], "aligned_model": [[0.13463298450602504, -0.5962038987254606, -0.21720655095468097, -0.1901021081517771, 0.2573174345443461, 0.25174034400288325, -0.439464460465155, -0.17946847491612486, -0.5962038987254606, -0.4836056193556203, -0.21056031688968777, 0.6325560013579931, 0.4997882542021721, 0.6912797358653321, 0.32613849740443157, 0.06080163962632393], [-0.6584741444147486, 0.09439792082147475, 0.6497738552918254, -0.2969246624737111, -0.003705553885996464, 0.670539727407982, -0.6454679029551669, -0.5201774492188389, 0.09439792082147475, -0.04790939308576173, 0.43055589932583893, -0.3752071183945797, -0.4020860389227592, 0.07719710801830795, 0.1837070484062921, -0.019405519129954654], [-0.5220174106668296, -0.04391211935400187, -0.4042880988706462, -0.6610629676341871, -0.6560541756926784, 0.07194729127524564, -0.19393946309773025, 0.3868405199301796, -0.04391211935400187, 0.6361992648981077, 0.35856467508445355, -0.3796011252938009, 0.4209467219838165, 0.11239446138628571, 0.5576838725177906, 0.0055779676625740925]], "inverted": true, "swapped": false, "error_lsq": 0.04866326693962653, "error_max": 0.3801343384561091, "target": "88.xyz", "model": "23.xyz", "model_rescale": 4.274766983524099, "target_rescale": 4.118944695389727},
{"mapping": [13, 10, 9, 7, 8, 6, 0, 3, 4, 2, 15], "R": [[-0.7245342411183404, -0.5360448393915077, 0.4332505783132935], [0.4797409850126253, -0.8435466162393883, -0.2414077329544233], [0.49487242875935866, 0.032939890601076945, 0.8683410867055656]], "T": [0.05257140547044317, 0.12672584942331055, -0.04959725140989794], "aligned_model": [[0.36104537026334005, -0.03768289744498102, -0.44049589292252533, -0.5641976026985452, -0.5780688379296625, -0.47805807779084775, 0.07116280521432311, 0.11141163239240362, 0.5732979375782854, 0.26476931066243736, 0.09671095663384727], [-0.20810371747224843, 0.7357761273752536, 0.4557118445522609, -0.04481522962405288, 0.48550345721231186, -0.16123239987638005, -0.6798512047138394, -0.1502114252129213, -0.27687578780622824, 0.6537794948917147, 0.10590537191761226], [-0.6420280940123968, -0.22809721812297032, -0.5618024038408337, -0.2685792966166874, 0.08134900942993042, 0.41094500236915027, 0.21115193688536824, 0.6026134156286524, 0.4280636735689925, 0.3895283584950495, -0.04357794976267759]], "inverted": true, "swapped": true, "error_lsq": 0.048339665814248894, "error_max": 0.26932858975061247, "target": "88.xyz", "model": "24.xyz", "model_rescale": 3.7841303162186577, "target_rescale": 4.118944695389727},
{"mapping": [10, 0, 6, 7, 11, 3, 0, 8, 1, 2, 4, 14, 9, 12, 5, 15], "R": [[0.24718962186937604, -0.4989435363647127, -0.8306338774453818], [-0.5349319632450795, 0.6444964047410953, -0.5463260738556849], [0.8079264109675087, 0.5793787464134984, -0.10758802287189483]], "T": [0.03144359604095052, -0.08774662781555295, -0.06225673308592265], "aligned_model": [[0.18892122046410975, -0.6093205784298616, -0.22137839750731733, -0.25314508832042903, 0.2917255054091177, 0.3001683252843124, -0.6093205784298616, -0.3519971818804496, -0.6744422388902565, 0.04507900012071043, -0.2633684560074249, 0.7304414654950078, 0.3324097116220428, 0.6716996938212647, 0.3441674698851564, 0.01979969068941737], [-0.6857701694344622, -0.37318855072336166, 0.5350730686809388, -0.15572539593614568, 0.20516188328597798, 0.6712609460965304, -0.37318855072336166, -0.35485780660876487, -0.043182520511231476, -0.11298097618379174, 0.4693170837155003, -0.46217264359136123, -0.49084037128740143, 0.004229688052138192, 0.4211292683252924, -0.023053255544817464], [-0.5342988358191574, -0.2842345038491783, -0.3272154420904133, -0.6429405781501063, -0.7224729862504683, -0.03586714668661825, -0.2842345038491783, 0.29979653872583056, 0.16747272124426443, 0.6913813308049838, 0.3370804904741013, -0.08475338882636897, 0.23619852281017278, 0.3337033570780572, 0.580073280612961, -0.08432156145430447]], "inverted": true, "swapped": false, "error_lsq": 0.05237469175186848, "error_max": 0.4320716935159527, "target": "88.xyz", "model": "25.xyz", "model_rescale": 4.19342608120988, "target_rescale": 4.118944695389727},
{"mapping": [6, 12, 4, 10, 2, 8, 5, 9, 11, 7, 13, 15], "R": [[0.7747731578861643, -0.6308071397367676, 0.04253123882769888], [0.3733756683464249, 0.5108011574965534, 0.7743854258617228], [-0.5102128615646231, -0.5840929120930157, 0.6312830632424249]], "T": [-0.053297172692711725, -0.01853989782794099, -0.078229750168237], "aligned_model": [[-0.08867624648627183, 0.4884077413240978, 0.22311437526262295, -0.544666728167186, -0.6562454645882315, -0.5553443053781715, -0.24829169972705745, -0.24356994567708828, 0.6441926801929063, 0.06117605689349147, 0.5457714932719383, -0.02805940228926981], [-0.6582087128556864, -0.06927636338206593, -0.504346441752184, 0.38581887253480573, -0.12681451243774164, -0.10729219116675892, 0.4735970076057442, 0.4705013334378152, -0.21307582661303048, -0.03120039601556276, 0.41679083530305727, -0.023717176917411827], [0.3293961783253786, 0.11557385636395873, -0.6696678450728781, -0.000768384519281573, -0.45289595170658115, 0.45435556568630675, -0.5997572734247649, 0.5034370014131418, -0.5213409510324979, 0.5884928899567146, -0.17745280867877583, -0.12011381610129997]], "inverted": false, "swapped": true, "error_lsq": 0.051083375847727756, "error_max": 0.246087817829126, "target": "88.xyz", "model": "26.xyz", "model_rescale": 3.795458400668931, "target_rescale": 4.118944695389727},
