[{"mapping": [0, 8, 12, 10, 7, 9, 11, 6, 13, 5, 1, 2, 3, 14], "R": [[0.1364422227683781, 0.7160290735179278, 0.6846063728326535], [-0.9899268903237124, 0.07218331536600078, 0.12179622652938402], [0.037792481528061195, -0.6943284056264949, 0.718665286124299]], "T": [-0.073114074237544, 0.006013600073712294, 0.25585887098398374], "aligned_model": [[0.21442619144326192, 0.18835917424680237, -0.5362344313094413, -0.42106406393076856, -0.6048506603889702, -0.046774880328069465, -0.7644107706298469, -0.01740272602973457, -0.4725144392741116, 0.28592781249351645, 0.7101028330985824, 0.23467593775155515, 0.5964476471588677, 0.00480447682666027], [-0.7431997536521209, -0.367691705989158, -0.365042249958494, -0.31143080713000315, 0.34511939494548194, 0.24700329287305153, 0.15430750484426928, 0.4467211405491631, 0.7232782068550392, -0.12295835083436277, 0.58562823498058, 0.7230744295333896, -0.1751612525357229, 0.09562524732892184], [0.18773318083096285, -0.24629731630447305, 0.2007545857856444, -0.31577719018081785, 0.5698362839831779, -0.43192149157503223, -0.02338466857046173, 0.612610825190574, -0.10902439873169362, 0.7652968507956952, 0.3684246855206665, 0.004409424752468083, 0.10043291867145143, 0.21449439701167128]], "inverted": true, "swapped": true, "error_lsq": 0.04026589973814544, "error_max": 0.2981969167979151, "target": "880.xyz", "model": "0.xyz", "model_rescale": 3.8414455957264533, "target_rescale": 4.210777965462153},
{"mapping": [13, 1, 3, 11, 7, 0, 4, 2, 12, 10, 8, 6, 9, 5, 14], "R": [[0.015520465496023081, 0.8176851929072184, 0.5754563758019127], [-0.01820094343978773, 0.5756613795552004, -0.8174855972716005], [-0.9997138794718661, 0.002213908057913827, 0.023817174526435753]], "T": [0.056358944033919806, -0.007417662447208984, 0.03540615957616099], "aligned_model": [[-0.6924264780726771, 0.3458203959424361, 0.727333281990358, -0.3196912234876691, -0.11408089288470025, -0.15227571114409874, 0.3942196381144333, 0.5145932700978777, -0.24022833443912803, 0.30887769116287545, -0.4364359538959933, 0.3254126973901028, -0.3685000490583171, 0.6569025181185224, 0.09447753622609682], [-0.07455729304024677, -0.5967992505931186, -0.28646733030496596, -0.6884070061849413, 0.5460189135195621, 0.07879474461122775, 0.20390056441941154, 0.5576981731633109, -0.674437247521653, -0.4585043782541876, -0.2095737532180328, 0.2582614386418292, 0.47679074818075284, -0.04365238106443886, -0.08489179315777381], [-0.06287742137104427, -0.5279226099557714, -0.25665822153261286, -0.31259554638605314, -0.24318533438668832, -0.6534743605687381, -0.33474515169744784, 0.15897849619469734, 0.25769066925270206, 0.4838884419255162, 0.6190057663607066, 0.7188180901371614, 0.2602321613180305, 0.3043991813721088, 0.010733683670462357]], "inverted": true, "swapped": false, "error_lsq": 0.04095788159838339, "error_max": 0.2230559019756293, "target": "880.xyz", "model": "1.xyz", "model_rescale": 4.316132596720782, "target_rescale": 4.210777965462153},
{"mapping": [2, 9, 13, 5, 6, 3, 4, 0, 11, 8, 12, 14], "R": [[-0.05926972101570831, 0.057586647533494906, 0.9965795894942727], [-0.8342919126120003, 0.5453210952228632, -0.08112895694601024], [-0.5481278178681782, -0.8362467824337443, 0.015723045133792996]], "T": [-0.053980500872403005, 0.07501038103828167, -0.09083889053282587], "aligned_model": [[-0.2367934845615425, 0.34633601900576183, 0.345553635117979, -0.6304380273512111, -0.4154642009493349, -0.3948641614616193, -0.3929510801369625, -0.07576263077546452, 0.6014695005547931, 0.16624325429069, 0.38283238759097066, -0.09835265669227936], [-0.7241873081387169, -0.4591503488406597, -0.6211476210659501, 0.3446025207662245, -0.1471485708383404, 0.009135499736748265, 0.4877607702597986, 0.6203775485273051, -0.029812017518849265, 0.10161374782673752, 0.4689779446408639, -0.038245737614181416], [-0.09037494591739845, 0.20281160046108312, -0.49440484367503834, -0.08142113146200826, -0.4710674823838933, 0.5294459493483686, -0.49042065378469146, 0.5013953155795957, -0.46132063017423475, 0.5502371661265731, -0.18666921207081533, -0.05895267083812001]], "inverted": false, "swapped": true, "error_lsq": 0.05409140224538005, "error_max": 0.32323154910972995, "target": "880.xyz", "model": "2.xyz", "model_rescale": 3.795458400668931, "target_rescale": 4.210777965462153},
{"mapping": [7, 5, 1, 8, 13, 9, 3, 12, 0, 10, 2, 14], "R": [[0.4781658773896322, -0.3583986399708231, -0.8018153207361828], [-0.6861446387084102, 0.4174418161053683, -0.5957750120123848], [0.54823619770306, 0.8350405649031167, -0.04630687307922104]], "T": [0.0955677044337129, -0.114511222906498, -0.061771475190978024], "aligned_model": [[0.1896934539196358, -0.2508330565482879, -0.8650332422880067, 0.2803795526424333, 0.07599386936524535, 0.14497097251464827, -0.24389983873447438, 0.6769400042541345, 0.35096022715982056, 0.7194520879636868, -0.482511685824511, -0.0028085186807600138], [-0.024422377905117143, -0.6483682089744228, 0.012175031369721659, -0.03188756898201507, 0.694608652413631, 0.5452798133106203, -0.24990336947327735, -0.2159828184770642, -0.5991835971930615, 0.1790910997864011, 0.46682172924550597, -0.04245933983121254], [-0.7541172676468035, -0.07043906081989679, 0.09070582040575031, 0.585687144690188, -0.45173411518815787, 0.2448988982127745, 0.5479212395539408, -0.1448928052971675, 0.5285746202367333, 0.20873524471298566, -0.06550857790596512, -0.03105971031528143]], "inverted": true, "swapped": true, "error_lsq": 0.050085458120353456, "error_max": 0.3036789720195256, "target": "880.xyz", "model": "3.xyz", "model_rescale": 3.7530521520055578, "target_rescale": 4.210777965462153},
{"mapping": [13, 12, 10, 0, 9, 5, 2, 6, 1, 3, 14], "R": [[-0.6847081228340703, -0.6586261252173196, 0.3120679632808592], [-0.5811583173968138, 0.23501396271447433, -0.7791170948257677], [0.4398065445688004, -0.7148286959198404, -0.5436820199749044]], "T": [-0.11302027297263693, 0.026093177227746178, -0.15888382604968693], "aligned_model": [[-0.49343818782321963, 0.008351091833150207, 0.3516807898089269, 0.5333667492644726, 0.1861630767261735, -0.234710567468134, -0.31919148405730835, -0.6218814946182075, -0.298970418598627, 0.34523456238276184, -0.11840451500478372], [-0.7800138236923069, -0.03622281937610555, -0.39655496178414873, 0.47575966640101175, -0.5945045897045399, 0.6293652815165246, -0.38111712290468586, 0.09745810387960127, 0.1697427459343493, 0.2979599964923888, -0.014669118447742525], [-0.046622161268999096, -0.7390433727238706, -0.5513496287075867, -0.3280731562267305, 0.08019638483107944, 0.0033694828092110107, 0.5221528483091327, 0.0872180872517479, 0.793397779511281, 0.31163226409597095, -0.04004775063591985]], "inverted": false, "swapped": true, "error_lsq": 0.04150970060514742, "error_max": 0.24569990695790758, "target": "880.xyz", "model": "4.xyz", "model_rescale": 3.7855080009869324, "target_rescale": 4.210777965462153},
{"mapping": [2, 4, 7, 0, 12, 1, 6, 13, 3, 10, 9, 15, 14, 8, 16], "R": [[-0.30739501450085993, 0.8440828294796664, 0.4393546199115433], [0.3401826742584567, -0.33372131641842684, 0.8791506304964567], [0.8886979538596795, 0.419707350359215, -0.18455808532834944]], "T": [0.10398507558325437, -0.052855388517649426, -0.0013376613547643676], "aligned_model": [[-0.6319987302174883, 0.3063617553685824, 0.6645062031244109, -0.27298947520390743, -0.17654711382395682, -0.2526473603634922, 0.6373658876476895, 0.42244010341761545, -0.3524732407749631, 0.34324647099236355, -0.2912845385491492, 0.24011073957527046, -0.33309972603699745, 0.6777781373718099, 0.06322927353233146], [-0.10771457495545778, -0.4027827611761217, -0.5397548367687548, -0.5489495473263091, 0.5198933738948306, -0.015236027866787502, 0.05478262573600695, 0.5965467923715371, -0.5287421240833199, -0.4801559941126267, -0.19903149309533413, 0.24337310708238824, 0.3491977501338494, 0.0974575971040591, -0.03470973774122395], [0.03188875646491892, -0.620688367504966, -0.10190835663260525, -0.47065062407288416, -0.23866825118996038, -0.6680475145325017, -0.3618872907762572, 0.04026572286795511, 0.21682334739636736, 0.5382292494165841, 0.5725164122938916, 0.7556541409014603, 0.3227110208303867, 0.37744644940019223, 0.028603149470447998]], "inverted": false, "swapped": false, "error_lsq": 0.037961020317795476, "error_max": 0.25346728766334414, "target": "880.xyz", "model": "5.xyz", "model_rescale": 4.2253639853439635, "target_rescale": 4.210777965462153},
{"mapping": [4, 7, 2, 1, 6, 9, 3, 5, 11, 12, 13, 8, 0, 14], "R": [[0.8075928720622901, -0.3070773586804026, 0.5034851028382555], [0.41595606393455503, -0.30861012454573283, -0.8554182274793655], [0.4180601701552705, 0.9002573447707797, -0.12150064738926966]], "T": [0.11064408325829814, 0.03408259386128212, 0.018474869670839777], "aligned_model": [[0.5514751794115684, -0.0820023771583914, -0.5144770948649687, -0.07781306418150016, 0.004704474965443989, -0.4828905468282616, 0.31161884695604425, 0.6015781047170968, -0.33366215643358255, 0.25055427056947066, -0.7495157800696107, 0.15212845749024428, 0.7065896518007858, 0.03577418638344439], [-0.07857006280037926, 0.12947897108643358, -0.4859069024529705, -0.908485090140837, -0.38215878367313405, 0.1492567344948301, -0.3106689532293796, -0.36173923049737544, 0.580074047615045, 0.6022661037078366, 0.0879114118531196, 0.23236835174111947, 0.24793287385737486, -0.05666032492669276], [-0.4692820847073736, -0.6524239494833541, 0.12322306784348075, 0.21367470622668888, -0.35584953830208726, 0.4262286832771218, 0.6067349888059588, -0.06743651350245188, -0.2684823689843642, -0.09462698641361045, -0.23521083375809448, 0.6658901589567682, 0.5162279214222965, 0.06289095755046947]], "inverted": true, "swapped": true, "error_lsq": 0.052226428620022615, "error_max": 0.39025784513304274, "target": "880.xyz", "model": "6.xyz", "model_rescale": 3.89814844738969, "target_rescale": 4.210777965462153},
{"mapping": [5, 4, 12, 1, 8, 7, 6, 3, 2, 13, 11, 9, 14], "R": [[0.9327337400307495, 0.19524711378475978, -0.3031275882643669], [-0.120402594597112, -0.6237838343657691, -0.7722674039464713], [-0.3398690710001926, 0.7568172121078246, -0.5583159697114227]], "T": [0.0776269188170806, 0.09962843853840184, -0.1147947401195989], "aligned_model": [[0.05895021055052964, -0.04404229122271143, 0.41866294002786436, -0.4599623489117516, 0.6065499967961725, -0.374780395305479, -0.4495427302921733, 0.33836708565592544, -0.5025017396673072, -0.5087129493278791, -0.015001085465491878, 0.07000534814826369, 0.010639759918260869], [-0.3183080801217897, 0.1320270264541901, 0.5732895039240858, -0.7029112879564308, -0.0887654727354261, 0.5805446098272407, -0.009501260746725665, -0.541168876241384, -0.1881031169586945, 0.527608957681388, 0.8175963115966854, 0.15567490979652185, 0.0257980409508244], [-0.5944322519570259, -0.7698340196763981, -0.23537259297476265, 0.05544238320569815, 0.2659057506348164, -0.3604888820166949, -0.3012933116241492, 0.04856932997386361, 0.3879965090207499, 0.41451349003441085, 0.11715642951896589, 0.6122625595571084, -0.03815036286028686]], "inverted": true, "swapped": true, "error_lsq": 0.04588695035213112, "error_max": 0.22657950321195308, "target": "880.xyz", "model": "7.xyz", "model_rescale": 3.7474275329858107, "target_rescale": 4.210777965462153},
{"mapping": [10, 13, 4, 12, 0, 1, 2, 3, 11, 9, 7, 5, 6, 8, 14], "R": [[-0.764069606398146, 0.6440133602494104, 0.038005636408903476], [0.45477418826766136, 0.4958957608564858, 0.7397755281503011], [0.4575784897305295, 0.582523979064236, -0.6717795319530786]], "T": [0.0367749654380269, -0.0961006318769244, -0.025953867029648494], "aligned_model": [[-0.7100316048161563, 0.3152496277939693, 0.75235773617748, -0.27069695684472994, -0.29856880383548906, 0.03736955365647701, 0.6740880381747804, 0.24807038242450924, -0.20747756018788827, 0.21125985968953548, -0.28503255339618083, 0.18503973117058142, -0.34640971081260447, 0.6635383324900685, 0.07524231437576637], [-0.11475971501737953, -0.8025379444066059, -0.3528959265372291, -0.4829168241832004, 0.4456313094395743, 0.24753902775742487, 0.25649824464319504, 0.5597595506168036, -0.6169056376228865, -0.478983092322271, -0.15689635467905783, 0.16989329106208817, 0.4736046557002769, -0.0357266819307616, -0.10712975332323538], [0.10517639236841583, -0.5071087429107454, -0.21094932834343438, -0.39538162610681366, -0.194133229003257, -0.6943199724248067, -0.4479675817895286, 0.17237970240430905, 0.20980619172750598, 0.6091024164994226, 0.5712240234140236, 0.6223410166642405, 0.4162491266180901, 0.23621589428162607, -0.07034643906601865]], "inverted": true, "swapped": false, "error_lsq": 0.05487611362531244, "error_max": 0.36283638245644284, "target": "880.xyz", "model": "8.xyz", "model_rescale": 4.019505241142653, "target_rescale": 4.210777965462153},
{"mapping": [12, 8, 5, 4, 7, 6, 1, 11, 13, 9, 3, 2, 14], "R": [[-0.7567432112372979, -0.37435468907139147, 0.5359088346132433], [0.02163703806860101, 0.8050004434276689, 0.5928795195188267], [-0.6533540776867323, 0.4602530313333294, -0.6010786939483058]], "T": [-0.0850166461911006, -0.11973173561011982, -0.10445004549445028], "aligned_model": [[-0.4091005428388281, -0.6899768105693781, 0.12590058269438675, 0.23973381182617404, 0.3778882129959977, 0.4816624082283536, 0.43729029888091653, -0.1373469804076231, 0.25656114822879333, -0.31937735860829264, -0.32643835909674307, 0.3232071657331361, -0.04030280532571702], [-0.6091506796613959, 0.16348955217437336, 0.15270392233399924, -0.32806229273117726, -0.648150294816663, -0.06395354914571405, 0.7001856511951492, -0.7478093794225756, -0.38695218474122384, 0.02327346059924748, 0.5407425280994582, 0.29480418654520735, -0.027742692314626338], [-0.2075912902130591, 0.013844728463155376, -0.6395805255298286, -0.6485686372739767, -0.051428628422588406, -0.12348923083126209, 0.025872038135496905, 0.3205666229806664, 0.6823452329460922, 0.5711505633163759, -0.20829491125405677, 0.4731752978351723, -0.031297766108308006]], "inverted": true, "swapped": true, "error_lsq": 0.05472084513066632, "error_max": 0.4171877612713739, "target": "880.xyz", "model": "9.xyz", "model_rescale": 3.877068213659057, "target_rescale": 4.210777965462153},
{"mapping": [12, 14, 2, 6, 11, 10, 9, 8, 3, 4, 5, 1, 0, 7, 15], "R": [[-0.9766176417929384, -0.06424093431136038, 0.20516111741166648], [-0.20057517858079274, 0.6157583174065202, -0.7619785379405213], [-0.07737945125214579, -0.7853119105829829, -0.6142455727316414]], "T": [0.07833889724979369, -0.17532931223954612, -0.023859305613996126], "aligned_model": [[-0.6481301469907177, 0.3535976193556225, 0.7154335698434178, -0.3629115754040553, -0.20420762770425788, -0.12010874675959972, 0.4998137933696192, 0.46358059966918896, -0.22459765204015036, 0.3652531608463075, -0.34623012012596743, 0.1265070384791681, -0.29638261065002314, 0.6905567543378566, 0.03182432983370996], [-0.0054641619830278765, -0.3788978678546243, -0.3382665981470799, -0.5032371227359114, 0.44917776159054984, -0.019614019896679324, 0.09547854052819021, 0.49065323969007263, -0.634756065576094, -0.5273770200556696, -0.1384961966738258, 0.16434002824501287, 0.45743812595604677, -0.0014291922394469303, -0.10537530165077753], [0.015937355076799862, -0.725510234287252, -0.11283782528821118, -0.30328561669275367, -0.2973801498585707, -0.6868691545435385, -0.453588665467106, 0.03426992154770411, 0.2922385402362487, 0.4779706421882994, 0.6314115645800275, 0.7731420617052366, 0.28102624063322157, 0.4872518497556159, 0.008511314747308058]], "inverted": false, "swapped": false, "error_lsq": 0.04117790240147894, "error_max": 0.24436885490872903, "target": "880.xyz", "model": "10.xyz", "model_rescale": 4.260839863003843, "target_rescale": 4.210777965462153},
{"mapping": [13, 11, 12, 7, 5, 6, 2, 9, 8, 0, 3, 14], "R": [[-0.2884844959264905, 0.757115803515131, -0.5861333940987123], [-0.31998802889432554, 0.5007274365069496, 0.8042883162731529], [0.9024324667111456, 0.41958037894641415, 0.09781589149427908]], "T": [-0.12080699251004048, 0.006208991586574392, 0.005285519709171342], "aligned_model": [[0.38098365746812324, 0.11637031940618156, -0.21478147568052633, -0.38433955948358756, -0.6069941814194948, -0.3383782719506597, 0.34404839444758784, 0.6054259508274323, 0.2862382006258031, -0.2277928102424026, 0.04730674096666432, -0.04918831587099051], [-0.09571517733955826, -0.5861901943372118, -0.5739439112258424, -0.23258901159979878, 0.3699948007268884, 0.3309896906813559, 0.5410208148648102, -0.012449152166602034, -0.04557511044474306, -0.09759095843873622, 0.47010431845421835, 0.10502239635815372], [-0.732919448869426, -0.407835874371233, 0.10423397647283864, -0.6028628609182773, 0.1959522400132716, -0.4091768829757416, -0.4070535780417802, -0.05834778899161113, 0.5454867501838844, 0.7967529976427913, 0.516982061574093, -0.025033514323304952]], "inverted": true, "swapped": true, "error_lsq": 0.05016147098910725, "error_max": 0.2996430411862741, "target": "880.xyz", "model": "11.xyz", "model_rescale": 3.890672605050136, "target_rescale": 4.210777965462153},
{"mapping": [6, 7, 4, 1, 5, 9, 11, 3, 2, 10, 0, 12, 8, 14], "R": [[0.027702024362169786, -0.10476935089950581, 0.9941106482471326], [0.7791566422400196, -0.6207438198075126, -0.08713229610217305], [0.6262168352092558, 0.776981655692639, 0.06443587523755134]], "T": [0.09240731157636674, 0.05340655332982195, 0.05432982959598087], "aligned_model": [[0.44549672665395745, 0.04508021251456949, 0.5272239274787547, 0.708277861245792, 0.7016322247830404, -0.4129206939707998, -0.5361642290569375, 0.36228715238465237, 0.14349060104928102, -0.5975184101288007, 0.14941544079347224, -0.2651687024491826, -0.17625268278669826, 0.11499640628259254], [-0.19117559597401093, 0.10949839927249846, 0.4375287782886384, -0.6925683911849262, 0.21986842859820202, -0.4299222403359772, 0.09472330829735204, -0.12500359301365488, -0.7618836585726538, 0.2268529212084308, 0.5313128372691157, 0.5224816371213078, 0.05857044057564496, -0.06813075172220182], [-0.3199779108841708, -0.6463357136943912, -0.27478132147735834, 0.2164339928484818, 0.1331165355401156, 0.26132861296539694, -0.3711697627454616, 0.6872825480802511, -0.015169210314142395, 0.26055007451816264, 0.7000827393240174, -0.031153216584859478, 0.6772101500283496, 0.07737291775246972]], "inverted": true, "swapped": true, "error_lsq": 0.058193884317187035, "error_max": 0.35780186635065503, "target": "880.xyz", "model": "12.xyz", "model_rescale": 4.124412569039231, "target_rescale": 4.210777965462153},
{"mapping": [12, 10, 13, 0, 7, 4, 8, 5, 9, 3, 6, 2, 14], "R": [[-0.9088327209923299, -0.36882528134045883, 0.19491279357140537], [-0.40846175927336864, 0.6918523418466307, -0.5953984617822232], [0.08474713248825924, -0.6207320266632488, -0.7794290696462078]], "T": [0.11054948965803427, 0.03195827016049112, 0.007580075683736054], "aligned_model": [[-0.12421342119925355, -0.29235299460189057, 0.7234769211379165, -0.6592132753787697, 0.663668713716814, 0.28755628397771515, -0.4728607524837578, 0.08777935983398451, 0.07111048779701357, -0.2786694426243873, 0.6206650074392841, 0.5842473055889689, 0.15610411430611973], [-0.07363888387148078, 0.4276398756171329, 0.6300344807998093, -0.18192804932197765, -0.145640297596356, -0.6092392153805705, 0.3615092237845885, -0.47634391812954724, 0.7601088006708205, 0.12781201369231904, -0.12754005507047544, 0.5478370218911414, 0.10687437942307332], [0.5451068266188928, 0.4868645305713089, 0.2791565442109389, -0.09419954579749167, 0.4061227029503615, 0.05721778547604008, -0.0983133151113631, -0.3747578669670381, 0.014858972774947988, -0.5794592204741109, -0.18975540046933245, -0.4185856682831796, -0.082558264532135]], "inverted": true, "swapped": true, "error_lsq": 0.044024458733407865, "error_max": 0.25507408346903226, "target": "880.xyz", "model": "13.xyz", "model_rescale": 3.9028299243045295, "target_rescale": 4.210777965462153},
{"mapping": [7, 0, 8, 4, 6, 3, 2, 1, 10, 13, 14, 11, 9, 12, 15], "R": [[0.6689781513968879, 0.16475464903419063, -0.7247924796624365], [-0.6373201756402497, 0.6289276966769616, -0.44527850394387253], [0.38248036116313744, 0.7598064608663399, 0.5257403497452744]], "T": [0.13591174710473913, -0.09217548909174567, -0.02290234501802826], "aligned_model": [[-0.7689448799599159, 0.32462412674833785, 0.802622070468259, -0.17661065768642942, -0.13581761271166587, -0.12503020482129618, 0.6466019492172361, 0.34344891555677737, -0.3995694637189821, 0.26698439419240816, -0.17211289076612235, 0.18742488978054475, -0.4387683481304436, 0.6543628463428663, 0.03478325154854475], [-0.07377413750572037, -0.4178532003483969, -0.4335739296594582, -0.5995849133337185, 0.4869721144775102, 0.005459664103806397, 0.20524374022428865, 0.515313489362405, -0.516609542916822, -0.5752473067068378, -0.10030199666722184, 0.35630192338646904, 0.3200813081992496, -0.12029697563803374, -0.04795608778078354], [-0.06193861730616709, -0.7615078387727177, -0.21118832180883587, -0.34574703922359085, -0.21041093293599974, -0.5806353634270721, -0.4620914717676981, 0.07751787461153098, 0.2745337134169703, 0.5952504936931731, 0.8066188633438214, 0.5619660974255982, 0.2943240373834277, 0.4404095679025125, 0.005186781798076752]], "inverted": false, "swapped": false, "error_lsq": 0.038488701850173695, "error_max": 0.2595767363226052, "target": "880.xyz", "model": "14.xyz", "model_rescale": 3.942246331269136, "target_rescale": 4.210777965462153},
{"mapping": [1, 9, 10, 5, 7, 2, 6, 8, 3, 4, 12, 13, 12, 11, 14], "R": [[0.41225467816115335, 0.6347049747614104, 0.653602077220813], [-0.9104606123781225, 0.31321519008100235, 0.2701068640567577], [-0.033279928520026814, -0.7064317657889113, 0.7069983073827425]], "T": [0.12592117115703605, -0.09619284498956068, 0.0005386008995942118], "aligned_model": [[-0.6751749324447178, 0.41353379043417005, 0.6460166793843933, -0.31494565373874234, 0.216194578227339, -0.30409952981898725, 0.5637041541022785, 0.2977857977248683, -0.3155347393040172, 0.3242450151383587, -0.399066380143998, 0.21094999086617755, -0.399066380143998, 0.7351043232468556, 0.044351672530138164], [-0.16226545586413849, -0.3159195431504547, -0.5774506320219948, -0.4154385939969698, 0.3936111790389907, 0.0449108878454233, 0.15248161198516705, 0.6582127416256622, -0.5784070548782165, -0.4863649228728676, 0.0820925756995439, 0.059890486255818526, 0.0820925756995439, 0.11236801570740401, -0.04563972187617634], [0.10310993542792776, -0.7186007913465957, -0.08248019688460104, -0.325801946130847, -0.6943874657797302, -0.6141319221870505, -0.2429700511649902, 0.013793309732007188, 0.299091888272399, 0.3905352412329429, 0.601103866221692, 0.7938468260123379, 0.601103866221692, 0.31598951507136064, -0.017914230365515867]], "inverted": false, "swapped": false, "error_lsq": 0.057596167292145964, "error_max": 0.4743767949132928, "target": "880.xyz", "model": "15.xyz", "model_rescale": 4.355366556412066, "target_rescale": 4.210777965462153},
{"mapping": [2, 9, 13, 5, 6, 3, 4, 0, 11, 8, 12, 14], "R": [[-0.05926972101570831, 0.057586647533494906, 0.9965795894942727], [-0.8342919126120003, 0.5453210952228632, -0.08112895694601024], [-0.5481278178681782, -0.8362467824337443, 0.015723045133792996]], "T": [-0.053980500872403005, 0.07501038103828167, -0.09083889053282587], "aligned_model": [[-0.2367934845615425, 0.34633601900576183, 0.345553635117979, -0.6304380273512111, -0.4154642009493349, -0.3948641614616193, -0.3929510801369625, -0.07576263077546452, 0.6014695005547931, 0.16624325429069, 0.38283238759097066, -0.09835265669227936], [-0.7241873081387169, -0.4591503488406597, -0.6211476210659501, 0.3446025207662245, -0.1471485708383404, 0.009135499736748265, 0.4877607702597986, 0.6203775485273051, -0.029812017518849265, 0.10161374782673752, 0.4689779446408639, -0.038245737614181416], [-0.09037494591739845, 0.20281160046108312, -0.49440484367503834, -0.08142113146200826, -0.4710674823838933, 0.5294459493483686, -0.49042065378469146, 0.5013953155795957, -0.46132063017423475, 0.5502371661265731, -0.18666921207081533, -0.05895267083812001]], "inverted": false, "swapped": true, "error_lsq": 0.05409140224538005, "error_max": 0.32323154910972995, "target": "880.xyz", "model": "16.xyz", "model_rescale": 3.795458400668931, "target_rescale": 4.210777965462153},
{"mapping": [5, 4, 12, 1, 8, 7, 6, 3, 2, 13, 11, 9, 14], "R": [[0.9327337400307495, 0.19524711378475978, -0.3031275882643669], [-0.120402594597112, -0.6237838343657691, -0.7722674039464713], [-0.3398690710001926, 0.7568172121078246, -0.5583159697114227]], "T": [0.0776269188170806, 0.09962843853840184, -0.1147947401195989], "aligned_model": [[0.05895021055052964, -0.04404229122271143, 0.41866294002786436, -0.4599623489117516, 0.6065499967961725, -0.374780395305479, -0.4495427302921733, 0.33836708565592544, -0.5025017396673072, -0.5087129493278791, -0.015001085465491878, 0.07000534814826369, 0.010639759918260869], [-0.3183080801217897, 0.1320270264541901, 0.5732895039240858, -0.7029112879564308, -0.0887654727354261, 0.5805446098272407, -0.009501260746725665, -0.541168876241384, -0.1881031169586945, 0.527608957681388, 0.8175963115966854, 0.15567490979652185, 0.0257980409508244], [-0.5944322519570259, -0.7698340196763981, -0.23537259297476265, 0.05544238320569815, 0.2659057506348164, -0.3604888820166949, -0.3012933116241492, 0.04856932997386361, 0.3879965090207499, 0.41451349003441085, 0.11715642951896589, 0.6122625595571084, -0.03815036286028686]], "inverted": true, "swapped": true, "error_lsq": 0.04588695035213112, "error_max": 0.22657950321195308, "target": "880.xyz", "model": "17.xyz", "model_rescale": 3.7474275329858107, "target_rescale": 4.210777965462153},
{"mapping": [0, 5, 3, 4, 10, 11, 8, 2, 12, 9, 7, 6, 13, 14], "R": [[-0.4713490127872255, -0.8794693530521308, -0.0660588009774189], [0.7135969475749769, -0.3362889716192383, -0.6145641740119175], [0.5182755102801822, -0.33681357545286306, 0.7860961206076997]], "T": [0.024832665057039113, -0.037913536979050415, -0.07198572921266536], "aligned_model": [[0.5705462172564421, 0.06338837087158039, 0.6761532465429024, -0.37527792485182737, 0.20476343498806965, -0.3925171161554868, 0.6396228320177888, 0.1062078633221349, -0.1408893426616742, 0.32417890552105877, -0.6734597087710301, -0.3026491467110659, -0.35481001214519714, 0.06959002865918085], [-0.4915561159055122, 0.15306438179022666, 0.16572185500372014, -0.062465311171584735, -0.5935081997521676, -0.35906087063346365, -0.28242467458912324, 0.6677843003853561, -0.6080721122583643, 0.04644422570621382, -0.007844382430569674, 0.41316629458977117, 0.24842369948446025, 0.07073515129227059], [-0.45283516531383994, -0.6778840605478574, -0.2710047732626618, -0.6051257194213461, 0.3835879993390313, 0.4762320279116582, 0.0777877867291776, 0.3372897135912022, -0.020460915599354784, 0.5876256779718421, 0.016342973028190905, -0.18980548941526015, 0.6902553041305132, -0.027210640479640856]], "inverted": false, "swapped": true, "error_lsq": 0.03959356621453842, "error_max": 0.22021800773418365, "target": "880.xyz", "model": "18.xyz", "model_rescale": 3.922800546911778, "target_rescale": 4.210777965462153},
{"mapping": [10, 7, 12, 11, 2, 9, 3, 0, 4, 8, 6, 1, 1, 5, 14], "R": [[-0.7172958007127415, 0.6387306568418468, 0.2784059666929748], [-0.011892532947803347, 0.38828591182133815, -0.9214622175331757], [-0.6966672820937929, -0.6642719312837589, -0.27091972864409997]], "T": [0.10487077816085463, -0.16900843315870312, 0.07035478834833464], "aligned_model": [[-0.6820857686105052, 0.30694531885328136, 0.8181947683076127, -0.26916135518213014, -0.23074695398419606, -0.20983288984727924, 0.48801552127692327, 0.5339853222571794, -0.43289553797464386, 0.24727379462304488, -0.3672168430727544, -0.020271510949097626, -0.020271510949097626, 0.7586680818867522, 0.12339794942502968], [-0.10424765724735727, -0.41262755971511644, -0.43325362478554164, -0.5755670471418597, 0.40761418139998745, 0.12850025122438063, 0.10880969732812701, 0.5445886051174367, -0.6338785981254176, -0.4605261648290268, -0.17643574221450353, 0.37595300329478115, 0.37595300329478115, 0.04357086502318591, -0.18427906342712083], [-0.09428446171179744, -0.663148190676625, -0.12953870416634466, -0.379149015185957, -0.19040575513380142, -0.6189879203052469, -0.35995490917245054, -0.0009376424238228265, 0.20662752240045398, 0.5891316643228496, 0.5731926199315337, 0.555472778316468, 0.555472778316468, 0.4018556900227598, -0.02305861020145765]], "inverted": false, "swapped": false, "error_lsq": 0.04598785987138829, "error_max": 0.32575019570194924, "target": "880.xyz", "model": "19.xyz", "model_rescale": 3.9282355846067225, "target_rescale": 4.210777965462153},
{"mapping": [7, 11, 10, 13, 6, 9, 2, 8, 1, 5, 12, 4, 0, 14], "R": [[0.694483474076573, 0.6304655939663621, -0.34670713730636793], [-0.14498941573391072, 0.5946089811108087, 0.7908338819926126], [0.704748730796781, -0.498952196514865, 0.5043569490284815]], "T": [-0.005946729851617753, -0.09477630016927908, 0.1372591006964497], "aligned_model": [[-0.6096171881552239, -0.13641606074625537, 0.481456109662224, -0.37898329130945296, -0.5259716943374598, 0.29169699175106045, -0.2353841612373472, 0.6622554607382007, -0.23501027215416095, -0.14339070162324175, 0.1413120583899742, -0.4040364576609697, 0.6404797011963375, -0.01586767542900884], [-0.4555460598070485, -0.7496567199147401, -0.5999345631215901, -0.3250775378256227, 0.1361396721244868, -0.10485313874555093, 0.3618624522189521, -0.028062537776563715, 0.8280152955404657, 0.28532652024061766, -0.6467192401532601, -0.13234890957950518, -0.044440050048213345, -0.0018230957275918308], [0.09547978352066655, -0.22601565558014663, -0.09909134847022863, -0.6469181955832821, 0.1080923828077757, -0.5284122030323108, -0.5038159834646998, 0.04113491912408691, -0.10365265910985177, 0.6288919884929796, 0.3071803516105204, 0.6711527142260718, 0.6150041107322193, 0.05315295196988171]], "inverted": true, "swapped": true, "error_lsq": 0.05000722228706964, "error_max": 0.3108770171241786, "target": "880.xyz", "model": "20.xyz", "model_rescale": 4.067790424073018, "target_rescale": 4.210777965462153},
{"mapping": [3, 4, 8, 2, 11, 6, 5, 13, 0, 7, 12, 9, 12, 1, 14], "R": [[-0.4079836780546684, 0.9096157019871627, 0.07841296537809317], [0.12068798761263211, -0.03140021107387547, 0.9921937494212152], [0.9049771975508543, 0.4142623582259404, -0.09696891496806964]], "T": [0.10730044420778478, -0.05100148612734086, -0.03591985659952193], "aligned_model": [[-0.7399721067414298, 0.33613238454559186, 0.5143136874341969, -0.2964677325723209, -0.26220532688454384, -0.1511714026052578, 0.6195727049849176, 0.41494688612364033, -0.16385550844222746, 0.40292374427000444, -0.3840968670650593, 0.2301739672440447, -0.3840968670650593, 0.7973204018075029, 0.11048042102611842], [-0.06255779045137803, -0.48263066908953844, -0.4503257811265308, -0.5484225675761435, 0.47945221893835915, 0.09609805611253382, -0.010851412175315947, 0.5718712069621541, -0.6616904597022117, -0.45935355311630127, 0.16825209379481493, 0.12493706281639515, 0.16825209379481493, 0.06400341310744946, 0.007140236907633921], [-0.11168721691516695, -0.6713761385205513, -0.02897550733045625, -0.414424095266548, -0.04671827734900659, -0.7134971081164584, -0.32649037000000103, -0.12256153281340612, 0.2048942966753507, 0.5140977895309932, 0.5094886298240263, 0.7110725287707177, 0.5094886298240263, 0.39297573972305366, 0.01600047629645622]], "inverted": false, "swapped": false, "error_lsq": 0.05571634489811709, "error_max": 0.3711306455814053, "target": "880.xyz", "model": "21.xyz", "model_rescale": 4.186013935880536, "target_rescale": 4.210777965462153},
{"mapping": [4, 5, 6, 11, 10, 7, 12, 0, 2, 3, 8, 9, 14], "R": [[-0.9214861443712856, -0.29593813362869625, -0.2515629281036978], [-0.3853613398970265, 0.77759036454272, 0.49683987630129733], [0.04857904326467017, 0.5547736890252493, -0.8305818626245132]], "T": [0.015958621216460127, -0.032923981156114855, -0.054394759105164794], "aligned_model": [[-0.016284414355104644, -0.28320538539878753, 0.3630356933185255, 0.4988106659045309, -0.07391067694508294, 0.5755823988993997, -0.06654344397382098, -0.774429009978942, 0.4783979095527164, -0.47969004946560134, -0.433726097366495, 0.21680124111954568, 0.05373520411234136], [-0.3055568848201125, 0.10541906218054406, 0.16321652870979322, -0.4876191266789734, -0.37199322226315373, -0.37495391652475385, -0.5979070050588472, -0.14989410654972393, 0.6337757614468481, 0.47284683955691775, 0.10082519399822168, 0.24512888003415043, 0.08566865551518288], [-0.6623102215091103, -0.5988522830033435, -0.46141472641865355, 0.31704216231811266, 0.5979575171992035, -0.3116011039041509, 0.11644722392537747, 0.04683046337643289, 0.06307483888506486, 0.007433428608895884, 0.4355843872909684, 0.589158238485169, -0.03647036391862048]], "inverted": true, "swapped": true, "error_lsq": 0.04557361398217975, "error_max": 0.2362985933324892, "target": "880.xyz", "model": "22.xyz", "model_rescale": 4.166573947596378, "target_rescale": 4.210777965462153},
{"mapping": [13, 11, 3, 14, 6, 12, 2, 1, 10, 8, 7, 0, 5, 4, 15], "R": [[-0.14307930763432458, 0.7783150936122797, 0.611354174584742], [0.22133735057165244, -0.5769009858716185, 0.7862537947395081], [0.9646440218903574, 0.24781216183969534, -0.0897276070979991]], "T": [0.11962884869103982, -0.17013219157591936, -0.04099410786868195], "aligned_model": [[-0.7127468314452803, 0.44283785542232434, 0.6884071398645024, -0.5087604750648366, 0.000730097545829006, -0.09778834859851152, 0.5725742260747934, 0.232649205142627, -0.4739915625624699, 0.4622459123913746, -0.23710101008724574, 0.2519668648963381, -0.4116510577594418, 0.7229547001828035, 0.1116716700573126], [-0.09158725809029378, -0.4244224391245121, -0.32683885612715813, -0.5357298182763461, 0.49295244645858977, -0.1374854818643479, 0.277010821975248, 0.504433460808289, -0.49634856160845203, -0.5960970438931679, -0.12066679121710905, 0.20579452439802226, 0.37427315496287156, -0.015840163331442836, -0.10527384587345534], [0.09240214184277627, -0.7140213995856346, -0.15658359178086922, -0.3531527155681878, -0.39495665072543285, -0.6582827841757901, -0.2594268199979815, 0.15972121421253138, 0.27859769485800007, 0.5550315899606078, 0.5768138150924783, 0.6716920197652916, 0.2943064451629111, 0.34893588624120686, -0.018789000968878335]], "inverted": true, "swapped": false, "error_lsq": 0.0433098691252601, "error_max": 0.2697015767675157, "target": "880.xyz", "model": "23.xyz", "model_rescale": 4.274766983524099, "target_rescale": 4.210777965462153},
{"mapping": [5, 3, 1, 6, 2, 13, 7, 11, 12, 8, 14], "R": [[-0.9623562593310133, 0.24504766767763594, 0.11756730281915401], [-0.2489765466257565, -0.9683080234027228, -0.019754772694839412], [0.10900050163523212, -0.048282630206557625, 0.9928684093391252]], "T": [0.12939840224747917, 0.06458295976451657, 0.03759886253170241], "aligned_model": [[0.27380387298839304, 0.20537459090479512, -0.5252173744955428, -0.2679655396873037, -0.6457159048180683, -0.571611949615024, -0.09991977314036554, 0.03546902271015838, 0.5457665226024287, 0.40351006675902656, 0.026401169749577846], [0.022554055233782566, 0.6929977593558669, 0.4708419583316957, -0.20233208634337485, 0.3308349818433655, -0.11952318865604696, -0.5920879906798717, -0.2922294312586792, -0.17813862790461032, 0.6491351262105521, 0.1335339751108036], [-0.580828600496189, -0.28584651313674847, -0.5694305621752205, -0.2713624670753324, 0.016493878357182128, 0.5684645526514104, 0.14946838617647332, 0.7022200691523987, 0.38820292761967246, 0.24579663381308628, 0.016388129134844453]], "inverted": false, "swapped": true, "error_lsq": 0.055379429539711, "error_max": 0.3050153164550236, "target": "880.xyz", "model": "24.xyz", "model_rescale": 3.7841303162186577, "target_rescale": 4.210777965462153},
{"mapping": [11, 0, 8, 7, 14, 10, 9, 12, 6, 4, 3, 5, 13, 2, 15], "R": [[0.8233696423632275, 0.4154475685620816, 0.3866080053626739], [0.5631947171418021, -0.5143698934103642, -0.646711159124826], [-0.06981506011038234, 0.7502179220259038, -0.6574944310432742]], "T": [0.1067417659020822, -0.14379270017066137, -0.06762789601790183], "aligned_model": [[-0.6609138212465402, 0.23263826506700389, 0.6467952403329595, -0.27660382473076495, 0.003947029285599868, -0.12283528751068204, 0.4216758596945701, 0.20566099643837862, -0.2792358231992379, 0.3338206619890231, -0.24914168449819932, 0.36496601650937255, -0.40678329051278783, 0.7633908076672755, 0.06661724077414777], [-0.1323915949314409, -0.712175137772361, -0.3448738661080958, -0.5219001954551967, 0.6079402968853382, 0.06330979022277813, 0.3172956656520849, 0.517604078102992, -0.6137767964886196, -0.48406023942346105, -0.0991992087031695, 0.151318557126157, 0.38607522116378556, 0.046743550403193945, -0.17773597147724923], [-0.06605198944897121, -0.5175405825200279, -0.19940950740296082, -0.4321638205195451, -0.29920877945112906, -0.7815312790441673, -0.24185402493126923, 0.29006078698377546, 0.32245248308716606, 0.5563572957464025, 0.6537321235860961, 0.7169537298558358, 0.1922413011676391, 0.25065028591314414, -0.022400178688959556]], "inverted": true, "swapped": false, "error_lsq": 0.04892011968319405, "error_max": 0.3421781677172136, "target": "880.xyz", "model": "25.xyz", "model_rescale": 4.19342608120988, "target_rescale": 4.210777965462153},
{"mapping": [2, 9, 13, 5, 6, 3, 4, 0, 11, 8, 12, 14], "R": [[-0.05926972101570831, 0.057586647533494906, 0.9965795894942727], [-0.8342919126120003, 0.5453210952228632, -0.08112895694601024], [-0.5481278178681782, -0.8362467824337443, 0.015723045133792996]], "T": [-0.053980500872403005, 0.07501038103828167, -0.09083889053282587], "aligned_model": [[-0.2367934845615425, 0.34633601900576183, 0.345553635117979, -0.6304380273512111, -0.4154642009493349, -0.3948641614616193, -0.3929510801369625, -0.07576263077546452, 0.6014695005547931, 0.16624325429069, 0.38283238759097066, -0.09835265669227936], [-0.7241873081387169, -0.4591503488406597, -0.6211476210659501, 0.3446025207662245, -0.1471485708383404, 0.009135499736748265, 0.4877607702597986, 0.6203775485273051, -0.029812017518849265, 0.10161374782673752, 0.4689779446408639, -0.038245737614181416], [-0.09037494591739845, 0.20281160046108312, -0.49440484367503834, -0.08142113146200826, -0.4710674823838933, 0.5294459493483686, -0.49042065378469146, 0.5013953155795957, -0.46132063017423475, 0.5502371661265731, -0.18666921207081533, -0.05895267083812001]], "inverted": false, "swapped": true, "error_lsq": 0.05409140224538005, "error_max": 0.32323154910972995, "target": "880.xyz", "model": "26.xyz", "model_rescale": 3.795458400668931, "target_rescale": 4.210777965462153},
{"mapping": [7, 12, 4, 6, 1, 9, 10, 13, 8, 5, 2, 3, 14], "R": [[-0.7173711611285482, 0.5346670437618223, -0.4466651648562627], [-0.05742876146648822, -0.6843229427150805, -0.7269140578020197], [-0.6943202103766705, -0.49581575447817944, 0.5216188101226124]], "T": [0.025278235384998682, -0.12772996464768457, -0.004925786351420429], "aligned_model": [[0.004606404730458695, 0.2336289210237413, 0.5579926726272699, -0.022931693143490722, -0.2798792727648536, -0.6362548679837385, -0.17276256772021592, -0.7435437517546666, -0.07102256564232938, 0.48877136769415314, -0.6470713477332395, 0.05321776544256729, -0.06507468195439978], [-0.6140472522167105, -0.6215672747782126, -0.21655411527185806, -0.01890155125488449, 0.7045081681496175, -0.11596925442182807, -0.5281043999169992, -0.4852056826005102, 0.07743764112534693, 0.24441533019382464, 0.22437967762882063, 0.5164326701008275, -0.04494245348051967], [-0.514225819995784, 0.25567754083696254, -0.39640391032832817, -0.5620891615035905, -0.4248204125084221, 0.3017454564077327, 0.5859109807041357, -0.30199956744905826, 0.6344623282921324, -0.23242060311137913, -0.31492995814984803, 0.29435390772028147, -0.03312411881540857]], "inverted": false, "swapped": true, "error_lsq": 0.046865303982047295, "error_max": 0.29318960335624716, "target": "880.xyz", "model": "27.xyz", "model_rescale": 3.6321398670334006, "target_rescale": 4.210777965462153},
