[{"mapping": [9, 10, 6, 5, 2, 1, 4, 13, 0, 11, 12, 8, 14, 15], "R": [[0.4644715994516258, 0.05047481841159317, 0.8841484185413473], [0.26184725891094535, -0.9615627518453139, -0.08266249006950957], [0.8459918121965915, 0.26990621884273824, -0.459835282167803]], "T": [-0.07656713727651654, 0.09621368622589606, 0.19855997589961533], "aligned_model": [[0.004959679080057899, 0.23628259954219366, -0.4795286455447213, -0.43983545866266266, -0.6475774453437787, 0.05817663393128508, -0.753356738407264, -0.044181691664738065, -0.4714169107413677, 0.33504379179578364, 0.5816122560696496, 0.3039828402576953, 0.6821561249832527, 0.005175065832918116], [-0.6399567825054138, -0.31713831158138256, -0.32658606060740947, -0.29577128382868634, 0.28145084346502164, 0.2502735670894973, 0.12147284836312186, 0.4446417730859616, 0.6157460355648555, 0.012010140131725536, 0.5414378470872585, 0.5739212557689131, -0.16164897801083117, 0.13542043778740326], [0.14253213811546472, -0.446125825240355, 0.30306055631091844, -0.23422974237479077, 0.6219400791326984, -0.5740955505948957, -0.0050818969508872325, 0.8207560801398348, -0.04626069448072834, 0.7470529934543728, 0.4529574789151038, -0.17414361933294709, 0.1491605642509088, 0.14006552583513618]], "inverted": false, "swapped": true, "error_lsq": 0.04159380107345766, "error_max": 0.2583718009605694, "target": "881.xyz", "model": "0.xyz", "model_rescale": 3.8414455957264533, "target_rescale": 4.366760408142867},
{"mapping": [6, 4, 13, 0, 2, 3, 12, 7, 14, 11, 8, 5, 10, 9, 15], "R": [[-0.4476578078952598, 0.27127037019874556, -0.8520650639960814], [0.5981550116906199, -0.6174587739706583, -0.510837786813041], [-0.6646902052985324, -0.7383475121505368, 0.11414850976385016]], "T": [-0.026167327527906424, 0.049187531977905076, -0.08326574472953074], "aligned_model": [[-0.547091774014743, -0.6421351065209894, 0.05800353413788701, -0.21936711084020288, -0.546806397628714, 0.29458361006481437, 0.7125185526677065, -0.3025710269356221, 0.6177247873740277, 0.29062356979215764, 0.5135606934995074, -0.4536249077341972, 0.19876989225435518, -0.17054430906497614, 0.06840014645353354], [0.24167094411681164, 0.0073755220161914395, -0.5776443852097773, -0.30292957433006423, -0.45782096454332727, -0.5128236362511727, -0.31485800965861105, -0.11643838480883079, 0.437468440552743, -0.11468410731438503, -0.03738538580910918, 0.5339396169654466, 0.811164080498496, 0.6815482058621857, 0.0684621659564181], [0.12565010310911384, -0.42821161427132004, 0.24775684448969026, -0.652866265650788, 0.023942609863775513, -0.43924708731587603, 0.050737131340183456, 0.5605259853732882, 0.19822195407100468, 0.5084673011819891, -0.5449253276723499, -0.3182518369559725, -0.3138077165515052, 0.2786844794048731, -0.13149477307657176]], "inverted": true, "swapped": true, "error_lsq": 0.04099009872423404, "error_max": 0.23689095421908385, "target": "881.xyz", "model": "1.xyz", "model_rescale": 4.316132596720782, "target_rescale": 4.366760408142867},
{"mapping": [8, 12, 3, 5, 0, 10, 2, 9, 13, 14, 7, 15], "R": [[0.9894812703856585, 0.13233457030758108, 0.05843267114800842], [-0.08005774979402823, 0.8373684834542924, -0.5407446528772849], [-0.12048888850802879, 0.5303787179167038, 0.83915483870805]], "T": [-0.08732936738647573, 0.07773514156394529, -0.06583770567507496], "aligned_model": [[-0.1448411715699155, 0.5253160777400256, 0.0626009505525178, -0.6913791418929056, -0.4329490822566461, -0.5231638521149011, -0.0013892880282778408, -0.18600509563404827, 0.5000410491657488, 0.23109377511567336, 0.3479801211388179, -0.08949578758430823], [-0.62724072919295, -0.4779899938458699, -0.5397773768200809, 0.3797645037274461, -0.24110702896825248, -0.009581887419035956, 0.37536863555651906, 0.5916492380164509, 0.04333269455594771, -0.09975058100110179, 0.6334807361217203, -0.015371782989812746], [0.04201493142474816, 0.04360583785418237, -0.4422146747527926, 0.06387414661792096, -0.5802733666121476, 0.6318575375947808, -0.7319044396953511, 0.46131322294622434, -0.47005473442482104, 0.6494943604153717, -0.207086508983177, -0.01136785117551814]], "inverted": false, "swapped": true, "error_lsq": 0.04725862758323046, "error_max": 0.24794375386469047, "target": "881.xyz", "model": "2.xyz", "model_rescale": 3.795458400668931, "target_rescale": 4.366760408142867},
{"mapping": [5, 9, 7, 12, 0, 3, 11, 1, 14, 8, 2, 15], "R": [[-0.38397061679809197, -0.578493457042133, 0.7196609518343581], [0.12288579573274244, -0.8044889075440099, -0.5811167514757908], [0.9151314914496294, -0.134695648771915, 0.3799887308317043]], "T": [-0.025003830441666576, -0.00028662232406958654, -0.031291004499493714], "aligned_model": [[0.015314044246060997, -0.2362513648346515, -0.7223054224794869, 0.22705127103129671, 0.21032941849151968, 0.3040857026156262, -0.32721346592665007, 0.7211288887234927, 0.23822965848255803, 0.6300337317928979, -0.5401677600382215, 0.07306912363912285], [-0.22096176431425574, -0.6779903488327518, -0.08245399782410143, 0.09169720329671138, 0.6019351597122035, 0.5746168942050777, -0.19239066068004843, -0.054785727543347894, -0.605384767209382, 0.16090259153589345, 0.5070599901113486, -0.016475527167638133], [-0.6813679084144963, -0.2499799107412413, 0.1278245297875644, 0.758740614124955, -0.29149199113864943, 0.295276690419879, 0.5595759509822597, -0.3127207582836677, 0.42604782999604895, 0.20719297126464284, -0.160989996969363, 0.010663409611168143]], "inverted": false, "swapped": true, "error_lsq": 0.04427565867274987, "error_max": 0.21874054596828715, "target": "881.xyz", "model": "3.xyz", "model_rescale": 3.7530521520055578, "target_rescale": 4.366760408142867},
{"mapping": [0, 6, 5, 9, 1, 11, 8, 13, 12, 14, 15], "R": [[0.5621167763592709, -0.5283170231077139, -0.6363221297660995], [-0.7225194283711478, -0.688100797928647, -0.06695496632953546], [-0.4024803167382118, 0.49739161129291554, -0.768512315876425]], "T": [-0.12142933498332645, -0.06644530053055805, -0.1074103752485039], "aligned_model": [[-0.46558805499953404, -0.019787905525229743, 0.3075318809820944, 0.46143524617055864, 0.29708522410317095, -0.2698583483898709, -0.10151418766448614, -0.7466348885709506, -0.379694612238373, 0.3409872908124172, -0.08576204223459113], [-0.6719526434143034, 0.042638087847194014, -0.3667033341637448, 0.27753195982181733, -0.6742035412303663, 0.5708430768298406, -0.4168924300580735, 0.2576314737403268, 0.1983541185413217, 0.3448499944286265, -0.09489340402829308], [-0.13335260743957822, -0.6817167469458204, -0.5532359226901459, -0.41348426146041584, 0.19977422411745743, 0.11437947229513053, 0.5160645429418408, 0.009513536221798277, 0.640468673130521, 0.40405955417523515, -0.009639687100706618]], "inverted": true, "swapped": true, "error_lsq": 0.04381084142115216, "error_max": 0.237377519168213, "target": "881.xyz", "model": "4.xyz", "model_rescale": 3.7855080009869324, "target_rescale": 4.366760408142867},
{"mapping": [2, 12, 5, 9, 0, 1, 4, 7, 14, 6, 11, 8, 15, 10, 13, 16], "R": [[0.4969180494314144, 0.8636265168504835, -0.0849805362537817], [-0.752607511164002, 0.47763970115044907, 0.4532573772421544], [0.4320351678842885, -0.16127478190222916, 0.8873195920487631]], "T": [0.021693782753831985, -0.04072774173190545, 0.029793319610834514], "aligned_model": [[-0.3370434458841856, -0.4350797062921642, 0.12352917605405303, 0.30745414679419625, -0.4699964600546927, -0.7243288118108612, -0.30912659111288493, 0.3357055431612792, -0.026150782240291444, -0.007309377407698103, -0.44942459742971724, 0.612273851232758, 0.6581724988647248, 0.6757903303966621, 0.10150454856619873, 0.020757426955171875], [-0.6716974621460877, -0.15328583931505652, -0.0028313624869011206, -0.6845515644793606, -0.08751836354792321, 0.029366136389980133, 0.47580949897649344, 0.4903201097542664, -0.5908000243765873, 0.6011369752273368, 0.39372328041755306, 0.22597383094477125, -0.350141971750578, -0.13188109303430146, 0.1907865537288428, -0.09153951850785703], [-0.107940119641422, 0.521478094017529, -0.7722644474675796, -0.07386920426069013, -0.5739659255833719, -0.07810049688560627, -0.38342326168931984, -0.39535873040615094, 0.4207265364132209, 0.14488271916804432, 0.5006818515447302, 0.30437541627927106, 0.4522572646826447, -0.2781239533414267, 0.7116283521026796, 0.0472300272838541]], "inverted": false, "swapped": false, "error_lsq": 0.037824342668332775, "error_max": 0.23579742659883166, "target": "881.xyz", "model": "5.xyz", "model_rescale": 4.2253639853439635, "target_rescale": 4.366760408142867},
{"mapping": [9, 11, 8, 10, 14, 3, 1, 5, 13, 7, 12, 0, 4, 15], "R": [[-0.6388991209587778, 0.6179326674594079, -0.4582217058636595], [0.5104745651684908, -0.10507169032636449, -0.8534492710220105], [-0.575520313763243, -0.7791785150903878, -0.24830869913757958]], "T": [0.11318353953744906, 0.042923359941584555, 0.028887192940441078], "aligned_model": [[0.600328004786054, -0.19136451330928586, -0.4269623262966754, 0.30754890604270335, -0.2010479928429463, -0.4850728157754931, 0.0372869927953354, 0.7110159408425818, -0.2620849606984088, 0.31277086797353465, -0.6918881464922818, 0.04198465518422431, 0.5820227466784291, 0.03952479387001198], [-0.2690064021006884, 0.23860880443078972, -0.3068519771800984, -0.7599361525138357, -0.4717518699204373, 0.21735508125325184, -0.595481796529058, -0.2312966366053514, 0.6275829831344998, 0.5376242721552151, 0.03723117374588594, 0.21306478013770688, 0.24235711343282162, -0.03440022680571121], [-0.43707717581964334, -0.5595990641083054, 0.34166576391834613, -0.01575943821369001, -0.501171667939133, 0.42527506028544804, 0.5038245190981502, 0.22969268031311535, -0.13520308303834216, -0.4545739191350251, -0.19013320827895852, 0.7010032411500389, 0.5193646925920202, 0.044249808107427076]], "inverted": false, "swapped": true, "error_lsq": 0.042769855143155754, "error_max": 0.2583836697352386, "target": "881.xyz", "model": "6.xyz", "model_rescale": 3.89814844738969, "target_rescale": 4.366760408142867},
{"mapping": [3, 0, 4, 12, 6, 1, 8, 11, 14, 10, 5, 9, 15], "R": [[0.09839990656441183, 0.3239437806297075, -0.9409452084895524], [-0.9932646074476079, 0.09009988395683727, -0.07285211392206925], [0.061179064883869455, 0.9417762143430344, 0.33062771226507753]], "T": [0.08928782667449504, 0.004117123880702456, -0.032451814968472034], "aligned_model": [[-0.1377869022235404, 0.13752543481145874, 0.4822129308582704, -0.3565207031267717, 0.5504907493160932, -0.5126740788361281, -0.5279016511974611, 0.12084507841668014, -0.471022427115605, -0.45459172777969953, 0.18934460312087292, 0.14580044697823225, -0.01708995231817928], [-0.30212727953139956, 0.22447818053558177, 0.5076039163727815, -0.6896777193767791, 0.27642167093823183, 0.4859835531345672, -0.06535114308368417, -0.6109117904165626, -0.264827982078491, 0.48633643477880445, 0.6656510980314261, 0.2562770621942049, -0.006074736028195936], [-0.6649957789148913, -0.6918996932208429, -0.3362002538728698, -0.15912551786890333, 0.2228912330532724, -0.24300703828451176, -0.387672993374786, 0.280760507352548, 0.47579555949683716, 0.36253448929277265, 0.12655910555885985, 0.6639348511016205, -0.04729943948281058]], "inverted": false, "swapped": true, "error_lsq": 0.04949739009481364, "error_max": 0.2625969088127782, "target": "881.xyz", "model": "7.xyz", "model_rescale": 3.7474275329858107, "target_rescale": 4.366760408142867},
{"mapping": [11, 7, 2, 3, 4, 8, 12, 8, 0, 1, 14, 10, 9, 5, 15], "R": [[0.65506905838187, -0.12772241138553925, 0.744695585041669], [0.09032716445825258, -0.9653024656858402, -0.24501459773199089], [0.75015033967307, 0.22776772240750134, -0.6208029739922944]], "T": [0.058515279506406975, -0.021308733596125423, -0.08703216460637273], "aligned_model": [[-0.4127134518206168, 0.14469972881958135, 0.48636193899838776, -0.20974995766100676, 0.7359058547466537, -0.35051208878586304, -0.7195975447662328, -0.35051208878586304, 0.35854654509551254, 0.030776717792225378, -0.5982197896757876, -0.030136386405216348, 0.16185643088263374, 0.5738545293691084, -0.0184067154647701], [0.19169371396765983, 0.2783345726599751, -0.29868711889865107, -0.7093822174749866, -0.21160893508828274, -0.42730903032629075, -0.2888979647352419, -0.42730903032629075, -0.6320517392050622, -0.1961824679624218, 0.3953281719193361, 0.40433420879777104, 0.708535044646941, 0.2476614084437396, -0.045340654438601566], [-0.5452153425130689, -0.7359426906567645, -0.6158277352036263, -0.09403764536909479, -0.01575773906408509, 0.3369856986283981, -0.22515961611974697, 0.3369856986283981, 0.063737815924055, 0.6924142046945126, 0.11223444584647443, 0.6167601213925932, 0.004517631768079067, 0.28039612847602324, -0.015296320735886118]], "inverted": true, "swapped": true, "error_lsq": 0.045283250012002944, "error_max": 0.3674174283484589, "target": "881.xyz", "model": "8.xyz", "model_rescale": 4.019505241142653, "target_rescale": 4.366760408142867},
{"mapping": [12, 14, 8, 3, 13, 0, 1, 7, 6, 9, 10, 5, 15], "R": [[-0.4233995708669785, -0.5846745603783348, -0.6920176745113231], [-0.8432201879203713, -0.024948702744813533, 0.5369890845397929], [-0.33122880018680795, 0.8108842215000562, -0.48244612263863806]], "T": [0.08161817419433859, -0.15069492534299977, 0.0903149431760119], "aligned_model": [[-0.2938481376358901, -0.675565876981716, 0.07936014051469636, 0.3675405369526148, 0.10860651277152686, 0.7251326908476133, 0.1998666251212406, -0.07870241109432369, 0.18362690799256187, -0.3499925102592162, -0.2632505501959158, 0.27230230536094197, 0.044624538347041914], [-0.45020408339077034, 0.021384461017296102, 0.1256503118843572, -0.32391665909762657, -0.8337570474652394, -0.07158223204464123, 0.5703493943547812, -0.7132725510388075, -0.1827612979724984, 0.08771924188310576, 0.5980377379268145, 0.33262515764189227, -0.09689420558460478], [-0.5919328634946055, -0.11378170453553206, -0.5696539867327535, -0.5682464183387411, -0.11529806184762616, -0.1653950778946645, -0.23372099044627936, 0.5099605866726017, 0.673944911863075, 0.6458359611001753, 0.15973810934278804, 0.5408305253928257, 0.00442250296261526]], "inverted": false, "swapped": true, "error_lsq": 0.05181165948061112, "error_max": 0.3468364056418393, "target": "881.xyz", "model": "9.xyz", "model_rescale": 3.877068213659057, "target_rescale": 4.366760408142867},
{"mapping": [10, 14, 12, 11, 6, 13, 3, 5, 9, 4, 2, 1, 8, 0, 7, 15], "R": [[-0.07989866809606394, 0.020730612157906454, -0.9965873993564406], [-0.07447838830470638, -0.9971132350445054, -0.014770449370763883], [-0.9940166862341943, 0.07304408407694209, 0.08121200200310436]], "T": [-0.059483141914360355, -0.0119971369968029, 0.014012531732088558], "aligned_model": [[-0.3105654088314306, -0.6775275265893487, 0.19117429871602612, 0.30415898270741704, -0.42978387071208335, -0.8054379436381597, -0.19257786087857945, 0.41829856880611527, -0.15860878435270917, -0.07148535417674518, -0.32287161310686907, 0.6819158126749337, 0.4512010747639005, 0.6706767080635986, 0.3070766278171718, 0.021084038529310664], [-0.6590721541702967, -0.4153566302365372, -0.17726276453716802, -0.6351055858585917, -0.10122846171974005, 0.1783836170502573, 0.4697351031364024, 0.4323895544172951, -0.4576700024227346, 0.6337107664457917, 0.09800022237534152, 0.43070453813762244, -0.3055424316307588, -0.19079115741248545, 0.3754837936027746, -0.033509221382581375], [-0.13248796946017974, 0.2686569984375037, -0.6701317041742323, -0.14140800237238343, -0.47098202088155955, 0.08433392419093572, -0.3771155640732428, -0.41638327172976763, 0.49066241155361656, 0.21651668002922467, 0.6130805179603074, 0.09915609972468747, 0.5123655458115391, -0.2480281662091876, 0.6318952334262369, -0.019916590017092117]], "inverted": false, "swapped": false, "error_lsq": 0.041001139117797375, "error_max": 0.25006222904531045, "target": "881.xyz", "model": "10.xyz", "model_rescale": 4.260839863003843, "target_rescale": 4.366760408142867},
{"mapping": [13, 6, 5, 0, 1, 8, 12, 11, 9, 10, 14, 15], "R": [[-0.7913991545331142, -0.5966137885957483, 0.13318920925398], [-0.44858920366646987, 0.4187866527634819, -0.7895476336618594], [0.4152771418681205, -0.684594571059826, -0.5990619072493746]], "T": [0.029472955046965302, -0.10700294207380212, -0.15516863256723748], "aligned_model": [[0.46956098571209165, 0.16014429782451495, -0.31884831923743584, -0.48405515849526354, -0.6766152928550293, -0.36617030967298786, 0.2823384318388285, 0.6637697898225036, 0.2639991317616483, -0.3109500244451384, 0.289470239699755, -0.01374512285935657], [0.020063376068990363, -0.6661626011726289, -0.565107138130901, -0.19658637916079832, 0.1569972846665718, 0.48319896697574616, 0.6536338945921574, 0.16611147540292942, -0.36428901269401937, 0.0442054669241887, 0.45216537338147667, -0.011152201320779237], [-0.7026680544765856, -0.005758290931897475, 0.2213096081734597, -0.6177927247434057, 0.11059472052953631, -0.23918583875305008, -0.3867575142830346, -0.17601149160811858, 0.5009823026027768, 0.5834806930212351, 0.35895844426950185, -0.13097377640491326]], "inverted": true, "swapped": true, "error_lsq": 0.04287670726079721, "error_max": 0.26356145106183115, "target": "881.xyz", "model": "11.xyz", "model_rescale": 3.890672605050136, "target_rescale": 4.366760408142867},
{"mapping": [8, 1, 10, 12, 14, 2, 0, 13, 3, 4, 9, 5, 7, 15], "R": [[-0.4775043035992145, -0.17817300103641115, -0.8603743497721842], [0.6428044305719703, -0.7384122445790141, -0.20383773225982443], [-0.5989925743122987, -0.6503858383740084, 0.4671254190913442]], "T": [0.0687906289633579, 0.023032223793259993, 0.1821160165826186], "aligned_model": [[0.36897983337705514, 0.14070126662371002, 0.3911311690953967, 0.6834412368411024, 0.8485377045333058, -0.49521429637307174, -0.39750781497393733, 0.09509742524571561, 0.08381922501081941, -0.6166881564763581, 0.23289668893299514, -0.2697783946586278, 0.0025274852606215065, 0.14193246235496665], [-0.2721285107282819, 0.21280095108962602, 0.6502256218798653, -0.5403759216409494, 0.21400853044823304, -0.28204015623974776, -0.30275097351390123, -0.5641740737119089, -0.6423629685902592, 0.14453131064071256, 0.6999931622885027, 0.5930503787275752, 0.01443311118465206, 0.006942057993646226], [-0.39641432804023596, -0.5909969012535257, -0.25041101343314, 0.15180679893103505, 0.1712997044038787, 0.540509062402432, -0.22061023758311643, 0.5871785519666934, -0.1380149139819571, 0.05758084702807775, 0.44004195218616426, -0.0005677254536515797, 0.8989381647863928, 0.104450473397814]], "inverted": true, "swapped": true, "error_lsq": 0.046437359226325366, "error_max": 0.2793810326830681, "target": "881.xyz", "model": "12.xyz", "model_rescale": 4.124412569039231, "target_rescale": 4.366760408142867},
{"mapping": [14, 9, 7, 1, 11, 12, 5, 3, 6, 0, 13, 2, 15], "R": [[0.8779286204408064, 0.09286626195451288, -0.46969904705193777], [-0.4224694404485063, 0.6118790046454502, -0.6686730558062133], [0.2253018182306317, 0.7854807069971159, 0.5764192481495414]], "T": [0.027283679852986242, 0.1293720634718398, -0.020198353849618177], "aligned_model": [[-0.06972001498678676, -0.1601435145666249, 0.6078025340139037, -0.7055715831518621, 0.5506052165571984, 0.3555729721347655, -0.46778332328754185, 0.1634208822760015, 0.0553701440029149, -0.11923786728210159, 0.7018024948498014, 0.47863834826392493, -0.023457981313835592], [-0.28434122804371875, 0.5351165491053815, 0.49635967465002084, -0.1607657836913012, -0.06462893421087759, -0.625853330138966, 0.606657902527444, -0.4176914424938688, 0.7184319742381045, 0.06545793802380373, -0.047723356402878336, 0.49091281318499735, 0.03555259976033606], [0.6609962143784343, 0.5730765896580677, 0.19571064159041898, -0.15297668989563898, 0.38705656206002553, 0.11397877609166052, -0.025668322211890367, -0.4973237210303427, 0.045204600471942226, -0.6985815693360692, -0.17264677596947645, -0.4731702489548861, -0.003957975884406308]], "inverted": false, "swapped": true, "error_lsq": 0.04239451876347703, "error_max": 0.2353725719953026, "target": "881.xyz", "model": "13.xyz", "model_rescale": 3.9028299243045295, "target_rescale": 4.366760408142867},
{"mapping": [12, 13, 1, 8, 11, 14, 9, 6, 5, 7, 10, 3, 0, 2, 4, 15], "R": [[0.3426671809347681, 0.5869774243603253, 0.7335098543315812], [0.8841987722784048, 0.06232145647084589, -0.4629347331586969], [-0.3174456397740886, 0.8072010526223755, -0.49764920017392633]], "T": [0.06758574759611868, -0.06155732549857683, 0.019900144047298736], "aligned_model": [[-0.27673959818856797, -0.5854840516756649, 0.12042237059626318, 0.32595666990726324, -0.40600456691799847, -0.7957738256794274, -0.28352452101397707, 0.2940402834083319, -0.06322143426426147, -0.07772629658706987, -0.40353194089619715, 0.568001575998388, 0.7601838446780226, 0.6477339082110078, 0.2248771486538113, 0.027518183562624796], [-0.6223173508442241, -0.42599516764396633, -0.07706408622671297, -0.768333268266848, -0.05028471507232795, 0.10664858317476551, 0.5631742337253576, 0.40407011699333384, -0.3803008358926474, 0.7979773256650486, 0.26302183738694496, 0.2933780703192795, -0.23706733362243948, -0.38316288249156166, 0.1158163662560769, 0.043308292334512236], [-0.2064370804331011, 0.2907068062377965, -0.6275306147095485, 0.19373740353367405, -0.5470582588276597, -0.07688659215035709, -0.2755275368660513, -0.40000185673116195, 0.3985740003016791, 0.2662993102421091, 0.49744500336332714, 0.13077984786293503, 0.44028154493417887, -0.29970546760896893, 0.6548499550633677, 0.0006876580041873387]], "inverted": true, "swapped": false, "error_lsq": 0.040251573208008457, "error_max": 0.21863145126545583, "target": "881.xyz", "model": "14.xyz", "model_rescale": 3.942246331269136, "target_rescale": 4.366760408142867},
{"mapping": [7, 9, 11, 10, 1, 14, 3, 13, 2, 12, 8, 0, 5, 4, 15], "R": [[0.18620400019095631, 0.5198125048570645, -0.8337403853161433], [-0.7883383233516286, 0.5854998628358562, 0.18897777264624785], [0.5863878906048706, 0.6220810802567607, 0.5188105351075212]], "T": [-0.13656443978846222, -0.028414488504081733, -0.03218358824091249], "aligned_model": [[-0.7727255976742438, -0.32882234051827003, -0.285362091196507, 0.3399891280268045, 0.532789461593758, 0.27230992649735253, 0.20277884967658932, -0.40703492195340657, -0.7107399239171965, 0.2712669527787507, 0.5375096976924238, -0.017801968596188295, -0.2183771751611009, -0.4107936701276924, -0.030692290588863122], [0.10153642383771022, -0.6258985747779121, 0.302050133498901, -0.6839786456296496, -0.3449743814471528, -0.1316577834569064, 0.5662049387936713, 0.6213079215015954, 0.27245291113789655, 0.5842503833750343, 0.1890619492959772, 0.16663990074264107, -0.6555755570129983, -0.24464576062558646, -0.018629169351570333], [-0.3431666789153994, -0.429401872916449, -0.6204103956483907, -0.19797546682690884, 0.2688846470111481, -0.7153797671048356, 0.24482598203695677, -0.1517053400102959, 0.31338494246315207, -0.42519512341867455, 0.06910231147104212, 0.6263045490343736, 0.23781400580955436, 0.5827916698247437, -0.05051098244950045]], "inverted": true, "swapped": true, "error_lsq": 0.04328474348892074, "error_max": 0.357766816586849, "target": "881.xyz", "model": "15.xyz", "model_rescale": 4.355366556412066, "target_rescale": 4.366760408142867},
{"mapping": [8, 12, 3, 5, 0, 10, 2, 9, 13, 14, 7, 15], "R": [[0.9894812703856585, 0.13233457030758108, 0.05843267114800842], [-0.08005774979402823, 0.8373684834542924, -0.5407446528772849], [-0.12048888850802879, 0.5303787179167038, 0.83915483870805]], "T": [-0.08732936738647573, 0.07773514156394529, -0.06583770567507496], "aligned_model": [[-0.1448411715699155, 0.5253160777400256, 0.0626009505525178, -0.6913791418929056, -0.4329490822566461, -0.5231638521149011, -0.0013892880282778408, -0.18600509563404827, 0.5000410491657488, 0.23109377511567336, 0.3479801211388179, -0.08949578758430823], [-0.62724072919295, -0.4779899938458699, -0.5397773768200809, 0.3797645037274461, -0.24110702896825248, -0.009581887419035956, 0.37536863555651906, 0.5916492380164509, 0.04333269455594771, -0.09975058100110179, 0.6334807361217203, -0.015371782989812746], [0.04201493142474816, 0.04360583785418237, -0.4422146747527926, 0.06387414661792096, -0.5802733666121476, 0.6318575375947808, -0.7319044396953511, 0.46131322294622434, -0.47005473442482104, 0.6494943604153717, -0.207086508983177, -0.01136785117551814]], "inverted": false, "swapped": true, "error_lsq": 0.04725862758323046, "error_max": 0.24794375386469047, "target": "881.xyz", "model": "16.xyz", "model_rescale": 3.795458400668931, "target_rescale": 4.366760408142867},
{"mapping": [3, 0, 4, 12, 6, 1, 8, 11, 14, 10, 5, 9, 15], "R": [[0.09839990656441183, 0.3239437806297075, -0.9409452084895524], [-0.9932646074476079, 0.09009988395683727, -0.07285211392206925], [0.061179064883869455, 0.9417762143430344, 0.33062771226507753]], "T": [0.08928782667449504, 0.004117123880702456, -0.032451814968472034], "aligned_model": [[-0.1377869022235404, 0.13752543481145874, 0.4822129308582704, -0.3565207031267717, 0.5504907493160932, -0.5126740788361281, -0.5279016511974611, 0.12084507841668014, -0.471022427115605, -0.45459172777969953, 0.18934460312087292, 0.14580044697823225, -0.01708995231817928], [-0.30212727953139956, 0.22447818053558177, 0.5076039163727815, -0.6896777193767791, 0.27642167093823183, 0.4859835531345672, -0.06535114308368417, -0.6109117904165626, -0.264827982078491, 0.48633643477880445, 0.6656510980314261, 0.2562770621942049, -0.006074736028195936], [-0.6649957789148913, -0.6918996932208429, -0.3362002538728698, -0.15912551786890333, 0.2228912330532724, -0.24300703828451176, -0.387672993374786, 0.280760507352548, 0.47579555949683716, 0.36253448929277265, 0.12655910555885985, 0.6639348511016205, -0.04729943948281058]], "inverted": false, "swapped": true, "error_lsq": 0.04949739009481364, "error_max": 0.2625969088127782, "target": "881.xyz", "model": "17.xyz", "model_rescale": 3.7474275329858107, "target_rescale": 4.366760408142867},
{"mapping": [5, 9, 10, 7, 0, 3, 1, 14, 2, 8, 13, 11, 12, 15], "R": [[0.876170824896632, -0.011957015356685169, -0.4818523792446353], [-0.4312535720370226, -0.46594562913263654, -0.772602761642424], [-0.21527898691062353, 0.8847325587294457, -0.41340447181759427]], "T": [0.03283749801862322, -0.12003152070272043, -0.06904573753991997], "aligned_model": [[0.551035992548169, 0.29488569054384667, 0.7736691599029997, -0.504789590374474, 0.11413365607106642, -0.17559400521376622, 0.7336600498446517, 0.16756414897151484, -0.4366699214001613, 0.26384659712517883, -0.6613931683122437, -0.46174561151579124, -0.3233238956313226, 0.0795685453232084], [-0.3516616771594974, 0.24004084431497424, 0.2413720684343354, -0.04145991587070773, -0.7185418712584584, -0.3191431947089705, -0.1638588253220204, 0.664265620354976, -0.654501891420031, -0.015936075393673685, -0.14547498427771333, 0.3610884923674751, 0.3336762392264336, -0.06945658777588837], [-0.4572992902636026, -0.6635298299838723, -0.13912075890115358, -0.541361688833735, 0.27870943671913195, 0.6109331468271717, 0.3128100095889904, 0.03735524095346396, -0.2521317667468812, 0.6000803430272272, 0.09519601421417459, -0.10467529268060444, 0.5338150150673008, 0.014014139674043705]], "inverted": true, "swapped": true, "error_lsq": 0.035500288274799424, "error_max": 0.19318250235022402, "target": "881.xyz", "model": "18.xyz", "model_rescale": 3.922800546911778, "target_rescale": 4.366760408142867},
{"mapping": [1, 5, 0, 8, 7, 10, 6, 12, 9, 3, 2, 13, 14, 11, 15], "R": [[-0.5052894275478669, 0.6210449053198404, 0.5991542539151498], [0.007440701933419336, 0.697419084395295, -0.7166249065417464], [-0.862917858410108, -0.35764486057749967, -0.3570194999428096]], "T": [0.08205332768355389, -0.00845957788600897, -0.052580828405973015], "aligned_model": [[-0.2555604758463952, -0.33643548861667594, 0.484584505870935, 0.1304520588753706, 0.2433859185691026, -0.6872032232581297, -0.05984156201874807, 0.3502543606099891, -0.5480357680177639, 0.621613979342079, 0.6393906768389895, 0.6760101238364233, -0.39291476678856385, 0.1757505730597979, 0.054599924431207786], [0.5705129436301265, -0.2366613037448606, 0.20154430717648014, 0.7043937347922674, -0.6060127642031633, 0.26361659079643757, -0.5606292715329243, 0.5211318327128615, -0.37923491605362225, 0.49497296561999055, -0.45716820179856926, -0.10292022885548964, 0.31167896006678075, -0.10233397884204656, 0.0947208352703105], [-0.48812030123111966, -0.5482764136819709, -0.5813760487948523, -0.09037626095930214, 0.31511568469534934, -0.18886557215477312, -0.21699629017473798, 0.5337159399100726, 0.07874350105764828, -0.08242057993488007, -0.21886954785996016, 0.3319597424761975, 0.5100123371440396, 0.6254802362976182, -0.03706725962600019]], "inverted": true, "swapped": true, "error_lsq": 0.030473220569175563, "error_max": 0.1762617859055882, "target": "881.xyz", "model": "19.xyz", "model_rescale": 3.9282355846067225, "target_rescale": 4.366760408142867},
{"mapping": [12, 8, 1, 14, 11, 10, 9, 5, 7, 2, 0, 13, 4, 15], "R": [[-0.9730974268973308, -0.016929504332800452, -0.22977116801034908], [0.10595666848419973, 0.8526895106296867, -0.511560145892773], [0.20458392451393576, -0.5221436491475804, -0.8279561748578997]], "T": [-0.017642127733094166, -0.07268396078739436, 0.07231928203431304], "aligned_model": [[-0.7308484794267138, -0.10300167233688438, 0.41811673890444034, -0.4230689744685975, -0.6652578719580409, 0.33343396368725664, 0.13094991767829053, 0.6192451392441536, -0.3271963817971358, 0.01052357555485171, 0.30411512455792034, -0.5646928291479192, 0.567833759244251, -0.03762919065119584], [-0.5023270017037581, -0.7747799931076722, -0.6655620607846242, -0.17990680599057246, 0.1466852291535541, -0.23316953637165191, 0.4189083552642144, 0.11184466450850622, 0.5534507457177795, 0.2289810499748307, -0.4559899703132193, -0.0002943501864025033, 0.03902229937242713, -0.1639805381085755], [0.018594854845521258, -0.03587354048372776, -0.23992527289653565, -0.6123169553832299, -0.026824001901308264, -0.6593531666561439, -0.4643278070880993, -0.11001783959509404, 0.24676192076416353, 0.7415137250737636, 0.557402924223893, 0.5251704886030154, 0.45296596737105493, 0.01841186036640998]], "inverted": false, "swapped": true, "error_lsq": 0.0397401495116293, "error_max": 0.2532424507215162, "target": "881.xyz", "model": "20.xyz", "model_rescale": 4.067790424073018, "target_rescale": 4.366760408142867},
{"mapping": [14, 5, 11, 12, 7, 6, 13, 10, 9, 1, 0, 3, 8, 4, 15], "R": [[-0.336259513761064, -0.5780395660330396, 0.7435050769870429], [-0.9126270508440516, 0.39487883441090293, -0.10574768178062338], [-0.2324680740937605, -0.7141015097551764, -0.6603163092734541]], "T": [-0.017666304607708058, 0.04055963564182366, 0.04627048062746851], "aligned_model": [[0.2743344013963763, -0.009795194460740037, -0.2867245397683264, 0.27486549060470705, -0.7049099370421607, -0.4614159067003355, -0.3476025624948502, 0.4664402650711507, -0.23446528234846514, 0.7130400719670548, 0.19859606765238386, 0.32334731301318154, 0.6476510331018049, -0.16752908834853897, 0.08261182226427326], [-0.14912004080621552, 0.7273260780468496, -0.451187894350232, -0.7153392592727933, -0.10891355011210599, 0.43442911586591926, -0.5718798222298107, 0.5347323904715506, 0.4835767486733278, 0.35619190938340284, 0.07112406627692669, -0.4593518605026008, -0.21020503881489241, 0.48744563161207044, 0.012066665686450699], [-0.6771599944067891, 0.0810976184202672, -0.35764834444990323, -0.15168094330630755, -0.10752385452623227, 0.04293917982618241, 0.20639205039704334, -0.4073689485319214, -0.5091273409705969, 0.11928659117315348, 0.7081267854133134, 0.4696599491669636, 0.1262748273031753, 0.5735144986151368, 0.018467499497656234]], "inverted": false, "swapped": true, "error_lsq": 0.04460122583297909, "error_max": 0.3417253563220934, "target": "881.xyz", "model": "21.xyz", "model_rescale": 4.186013935880536, "target_rescale": 4.366760408142867},
{"mapping": [7, 6, 2, 12, 14, 13, 11, 9, 0, 5, 10, 8, 15], "R": [[-0.5048648671313245, 0.829515642056438, 0.23877869569994242], [0.8514390392966065, 0.43305092690204466, 0.29583518565402583], [0.14199657847336347, 0.3526622949692461, -0.9249142000255389]], "T": [0.030600704905327847, 0.05679120023175537, 0.006517536402170208], "aligned_model": [[-0.04349160728851234, -0.330714475986816, 0.34957979879911794, 0.5208322838582051, -0.2437489333750591, 0.5556168539570046, 0.11472182073220986, -0.6874875933028277, 0.4545986909436709, -0.470369777093663, -0.5694881619173715, 0.36051629086264436, 0.04800884523462259], [-0.36414519806236983, 0.16495253893350487, 0.18795338238463177, -0.47139265179662865, -0.4798530174082523, -0.3255257480085622, -0.625576593110765, -0.11969335070740858, 0.6097215458057889, 0.5214456559655797, 0.2063526239115422, 0.16386267964606746, 0.050854791992964846], [-0.5728110568602706, -0.451533158654082, -0.6420694722453593, 0.42703813546311276, 0.5369321891235793, -0.2897437254180393, -0.061718941333850044, -0.06373272110909348, -0.009328820882473662, -0.07125034416456735, 0.5559530163018706, 0.6323147733229914, 0.11282968779152769]], "inverted": true, "swapped": true, "error_lsq": 0.044578905116976895, "error_max": 0.24421246966172752, "target": "881.xyz", "model": "22.xyz", "model_rescale": 4.166573947596378, "target_rescale": 4.366760408142867},
{"mapping": [7, 5, 8, 10, 0, 1, 4, 3, 13, 2, 6, 9, 14, 9, 12, 15], "R": [[0.6002992248297486, -0.430961393986398, 0.6737307455965651], [0.5771524580188768, -0.3497321135056138, -0.737958324694332], [0.5536568259053358, 0.8318411661346155, 0.03878651121500168]], "T": [0.08043689108691195, 0.06420344316794133, 0.05002696640602437], "aligned_model": [[-0.22242818617956844, -0.5587260433447896, 0.22635309124716335, 0.24047833221292214, -0.5543675928878801, -0.6158311272560948, -0.2150522431103324, 0.27619421673090966, -0.05391632698644282, -0.2327804930227066, -0.3791251488669706, 0.6573755932837316, 0.5362061781687086, 0.6573755932837316, 0.30285448158213524, 0.012117424938031862], [-0.5422222892788403, -0.4073016062835987, -0.08611109907319711, -0.6673985327520069, -0.11709916371697457, 0.21677261994436706, 0.38001081970046546, 0.5453023835097327, -0.6584837486458163, 0.6584978583251235, 0.3244530164740276, 0.0362913175703303, -0.36648954014946855, 0.0362913175703303, 0.22821277180387642, 0.06214306079624022], [-0.17781118590602563, 0.29541586752362253, -0.7311216373454105, 0.05932852844773817, -0.4305023195904131, 0.05573255994284196, -0.5439472635598902, -0.25270976918247273, 0.4701288284316798, 0.08899179148714273, 0.5979142933212303, -0.11371616607337644, 0.532474553501603, -0.11371616607337644, 0.6441756942409881, 0.05957651305052493]], "inverted": false, "swapped": false, "error_lsq": 0.040974712136294396, "error_max": 0.31649495500924163, "target": "881.xyz", "model": "23.xyz", "model_rescale": 4.274766983524099, "target_rescale": 4.366760408142867},
{"mapping": [2, 11, 3, 0, 8, 1, 5, 10, 9, 14, 15], "R": [[-0.2996148983035971, -0.9273553346348434, 0.22414949484400576], [-0.8355508971165247, 0.14164577496728525, -0.5308400632598185], [0.4605275355961857, -0.34633590307419043, -0.8172917662618957]], "T": [0.052096798269015324, 0.06855591044626155, -0.10064118904124136], "aligned_model": [[0.1687811114784817, 0.4468385820023874, -0.5273142384044027, -0.504536442920079, -0.5583700992796414, -0.5408645243760962, 0.10541887112729541, -0.014443598611493538, 0.6021566902631064, 0.21778532090718877, -0.015556968228671586], [-0.17959351192183995, 0.6252014863600756, 0.3846664391760608, -0.20948312923999587, 0.38252163996450883, -0.09696729596878456, -0.5460100548536581, -0.06772498997077778, -0.1149374736281332, 0.6124892978768429, 0.12542412344918502], [-0.7821270094248873, -0.20872916896265914, -0.4320283005250783, -0.41466522231584746, 0.10106767289758367, 0.4091487984816203, 0.2033135134335094, 0.7125958648826409, 0.36357534733424995, 0.46617291423855584, -0.03875797601811008]], "inverted": true, "swapped": true, "error_lsq": 0.04916095760668929, "error_max": 0.27688571412418256, "target": "881.xyz", "model": "24.xyz", "model_rescale": 3.7841303162186577, "target_rescale": 4.366760408142867},
{"mapping": [3, 13, 4, 6, 5, 12, 2, 8, 11, 9, 14, 0, 7, 1, 10, 15], "R": [[0.3705095449437992, -0.12577676717504638, -0.9202732648211254], [-0.8860175837803616, 0.2494735085508548, -0.39081429063346285], [0.278739158242162, 0.9601787194946163, -0.01900811121942947]], "T": [0.07970514911715305, 0.018581352648934145, 0.07637631062431394], "aligned_model": [[-0.34542069948305715, -0.5593692989008803, 0.09607812034781875, 0.2590192742376309, -0.5304160530260963, -0.6579668843201613, -0.17247825091875718, 0.3738518670178254, -0.0100082662918579, -0.20385478474999047, -0.47149045201747725, 0.8044571331217213, 0.5453677831068758, 0.6435056169465606, 0.2223274870758047, 0.0831251576465878], [-0.6062154205602885, -0.31342197868667676, -0.24816317870221213, -0.6547278870271004, -0.06722301020316329, 0.16220170380737864, 0.43910701888106074, 0.4295436335975049, -0.5743898156713309, 0.5241429972494317, 0.33746994621662507, 0.13113998367546018, -0.23645089141735484, 0.08904819457549396, 0.27900054466958735, -0.04819265460982566], [-0.202727420401349, 0.3819211275391866, -0.6202467033981145, -0.11474554721038538, -0.5479060577431621, -0.025530864028497288, -0.49664613633005794, -0.23029206991837142, 0.5557136300552511, 0.15474655970025528, 0.5494433634749802, 0.1346435022030202, 0.4517726690143835, -0.4034151549807365, 0.7954700586292018, 0.05801316561080207]], "inverted": false, "swapped": false, "error_lsq": 0.037018086479235074, "error_max": 0.2803872158095307, "target": "881.xyz", "model": "25.xyz", "model_rescale": 4.19342608120988, "target_rescale": 4.366760408142867},
{"mapping": [8, 12, 3, 5, 0, 10, 2, 9, 13, 14, 7, 15], "R": [[0.9894812703856585, 0.13233457030758108, 0.05843267114800842], [-0.08005774979402823, 0.8373684834542924, -0.5407446528772849], [-0.12048888850802879, 0.5303787179167038, 0.83915483870805]], "T": [-0.08732936738647573, 0.07773514156394529, -0.06583770567507496], "aligned_model": [[-0.1448411715699155, 0.5253160777400256, 0.0626009505525178, -0.6913791418929056, -0.4329490822566461, -0.5231638521149011, -0.0013892880282778408, -0.18600509563404827, 0.5000410491657488, 0.23109377511567336, 0.3479801211388179, -0.08949578758430823], [-0.62724072919295, -0.4779899938458699, -0.5397773768200809, 0.3797645037274461, -0.24110702896825248, -0.009581887419035956, 0.37536863555651906, 0.5916492380164509, 0.04333269455594771, -0.09975058100110179, 0.6334807361217203, -0.015371782989812746], [0.04201493142474816, 0.04360583785418237, -0.4422146747527926, 0.06387414661792096, -0.5802733666121476, 0.6318575375947808, -0.7319044396953511, 0.46131322294622434, -0.47005473442482104, 0.6494943604153717, -0.207086508983177, -0.01136785117551814]], "inverted": false, "swapped": true, "error_lsq": 0.04725862758323046, "error_max": 0.24794375386469047, "target": "881.xyz", "model": "26.xyz", "model_rescale": 3.795458400668931, "target_rescale": 4.366760408142867},
