[{"mapping": [4, 11, 1, 10, 8, 7, 5, 9, 12, 2, 0, 6, 3, 13], "R": [[0.8208288345919614, 0.15753904462379034, 0.5490186460598823], [0.5393337625193652, 0.10266959210191923, -0.8358098153673065], [-0.1880402002474681, 0.9821610887612323, -0.0006919640476045277]], "T": [0.10405782855059068, -0.10003892785593119, 0.05008093279135049], "aligned_model": [[0.3334535790536586, -0.15192823929081203, 0.12719536519711608, -0.8152008980730722, 0.17615819452420695, -0.22419165267967286, 0.4921935933703382, -0.46794151326351985, -0.39136638068239527, 0.39092625074559706, -0.07036093497873222, 0.7395389020902757, 0.584946990191446, 0.012868726721099288], [0.7343159674299341, -0.36169363904359764, -0.48635263701067777, -0.1948688798714995, 0.12201129420120152, 0.4229194528042912, -0.6636999134718528, 0.34301924018883356, -0.30424414068868444, 0.524430635449508, 0.13335049678503477, 0.17301789153679595, -0.023047248840748796, -0.02153023990229974], [-0.35566988356608775, -0.5441158242072689, 0.47818195584549417, -0.3516647558832046, -0.6956230082828192, -0.3859939376664299, -0.2724685700820457, 0.16523033338583012, 0.2691126472333611, 0.3950483490239066, 0.7645876899149538, -0.27572585465119254, 0.23986555117890807, -0.05974072208021481]], "inverted": true, "swapped": false, "error_lsq": 0.052056943410997834, "error_max": 0.31669176194783605, "target": "882.xyz", "model": "0.xyz", "model_rescale": 3.8414455957264533, "target_rescale": 4.034005080699658},
{"mapping": [0, 3, 6, 1, 4, 11, 2, 12, 10, 13, 8, 7, 9, 14], "R": [[0.035499632903207345, 0.3670885322570564, -0.9295083569011618], [0.48449882667639566, -0.8198034778201817, -0.3052591435209283], [-0.8740713146036388, -0.4395091207691769, -0.20695668568029313]], "T": [0.10314517532767697, -0.022995795378270078, -0.03974702108104053], "aligned_model": [[0.2748134505160966, -0.30821509532321667, 0.2591608540069056, -0.5046485347906303, 0.25014705794389014, -0.44994266354547385, 0.5372793041078867, -0.4873938304425912, -0.4192638266294729, 0.21891681804297852, -0.010809498970421896, 0.6960146176247494, 0.659804054009545, 0.020429276375288588], [0.47193371723351046, -0.3769627219565686, -0.6472455801604821, 0.1485338040717589, -0.17249465569656686, 0.6214829681513897, -0.5988507946851754, 0.27021948294488957, -0.3517381226649369, 0.6688698827641848, 0.14896961793367025, 0.12942919923323498, 0.1103523959822713, -0.02487091358494203], [-0.5408379812338506, -0.6044301398820128, 0.4029701436971779, -0.6310695165282181, -0.5416013546470766, -0.11050271328938653, -0.19634620888200874, 0.34441183549890086, 0.255885550423979, 0.24794345632620932, 0.7229748327625731, -0.2352654282532621, 0.33154643784189697, -0.07465494367173248]], "inverted": true, "swapped": false, "error_lsq": 0.049745454964077195, "error_max": 0.24989006383351536, "target": "882.xyz", "model": "1.xyz", "model_rescale": 4.316132596720782, "target_rescale": 4.034005080699658},
{"mapping": [10, 9, 12, 1, 2, 8, 6, 3, 11, 7, 4, 13], "R": [[0.39920723527109736, 0.876073735245206, -0.2704226205788254], [-0.224988728040279, -0.19232223921308364, -0.955192246910999], [-0.8888271235521699, 0.4421616974790762, 0.12033028596491335]], "T": [0.00928370159593557, 0.014525647657396125, 0.037588434876332504], "aligned_model": [[-0.10067243376042224, 0.47560526161603317, 0.12264378221252441, -0.334433649838678, -0.5556116764242414, -0.4414476430938119, -0.2701692167205935, -0.09245566676949805, 0.4679112319114246, 0.05042838129942774, 0.29926682741686733, -0.02325664321725121], [-0.6309191091022491, -0.2798176286128556, -0.49577316254778186, 0.6046419566495104, -0.31267428275963577, -0.2404383887430418, 0.2903928644449497, 0.6228992050651829, -0.05759937909097804, -0.10721675824635139, 0.5798943439410595, 0.03938676674317152], [0.0709405797058178, 0.12643520549709403, -0.5290339895952355, -0.055303361069582536, -0.47809305629057824, 0.33252299530538254, -0.7128328422874612, 0.5846045267388355, -0.4440735485873522, 0.8094687810976989, -0.22683323140008427, -0.028543597905114147]], "inverted": false, "swapped": true, "error_lsq": 0.04432458559762247, "error_max": 0.2694412209664173, "target": "882.xyz", "model": "2.xyz", "model_rescale": 3.795458400668931, "target_rescale": 4.034005080699658},
{"mapping": [6, 1, 2, 7, 11, 9, 8, 4, 3, 5, 12, 13], "R": [[0.14780949321980313, -0.6659097682782498, 0.7312431430281672], [-0.605947050906555, -0.6453187025190705, -0.46517947469417853], [0.7816524324863023, -0.3743366836027574, -0.4988902906426776]], "T": [0.021995298582564007, 0.037419117427051445, 0.12191278990023122], "aligned_model": [[-0.2667852464063135, 0.09863939308656512, -0.7576588091533167, 0.23897674922081397, 0.14692399169062367, 0.2110676755080932, -0.35776467100749265, 0.4833632721300015, 0.5005764157323529, 0.7004148551606315, -0.3956135609079736, -0.00883623931042039], [-0.19940183065295655, -0.5943821393850891, -0.015196791067042394, -0.0010118926277824028, 0.4958012432714654, 0.5451132007058174, -0.14822150583039703, -0.11126731527787023, -0.5685892479890754, 0.08606292606227273, 0.5860934454623206, 0.010768952618046404], [-0.6382519182126145, -0.1425879024202629, -0.16350798959822568, 0.8727493063877007, -0.34906294801582893, 0.257875521419885, 0.5419981673801596, -0.3666388770798129, 0.41072045001031776, 0.43268946971396394, -0.2228707330795008, 0.055658884133319125]], "inverted": true, "swapped": true, "error_lsq": 0.05367524919222971, "error_max": 0.26816514497324945, "target": "882.xyz", "model": "3.xyz", "model_rescale": 3.7530521520055578, "target_rescale": 4.034005080699658},
{"mapping": [4, 12, 6, 2, 1, 10, 3, 9, 7, 8, 13], "R": [[-0.18351860432444836, -0.9741593665718766, 0.13166035996869654], [-0.03278993287031662, 0.13992692431697676, 0.9896187529314262], [-0.9824692067282144, 0.1772963179862212, -0.05762181409294631]], "T": [-0.1562848614933667, -0.06031856337205103, 0.035517337182788745], "aligned_model": [[-0.3105949422902512, -0.17520911070129558, 0.32995335186331354, 0.4834886950808803, 0.25857467076942553, -0.12527534018585848, -0.13351677211391064, -0.6576786660852788, -0.40274509698630934, 0.1769657970866189, -0.10576298399212926], [-0.7071976250780283, 0.29505326422992284, -0.4399516848946801, 0.23634520351177044, -0.5948365555173741, 0.5868062021690279, -0.5162705409693302, 0.16859879706476388, 0.2128029403694731, 0.3189070042152031, -0.09305364678640239], [-0.14164550340636448, -0.6483460208259634, -0.5448100195638697, -0.40581517763142505, 0.16662739070039256, -0.06483005295483871, 0.7220195567102049, -0.054973574417827194, 0.7261513672310366, 0.35219346088497044, -0.013740649480999588]], "inverted": false, "swapped": true, "error_lsq": 0.0452564124203405, "error_max": 0.25672214781208413, "target": "882.xyz", "model": "4.xyz", "model_rescale": 3.7855080009869324, "target_rescale": 4.034005080699658},
{"mapping": [1, 6, 15, 4, 11, 0, 13, 5, 10, 2, 9, 12, 14, 16], "R": [[0.5259682810014416, -0.6297309746086118, 0.5716609720794982], [-0.26620110631448984, -0.7602632387271737, -0.5925679529277721], [0.8077712166061196, 0.1594951643735843, -0.5675094309032345]], "T": [0.002266791791520957, -0.044860883043601044, -0.022522389859903715], "aligned_model": [[0.12838048908742059, -0.17274186894549426, 0.28012177800548616, -0.4596721027643148, 0.36184028768955195, -0.31924610047499874, 0.4445942178289649, -0.7185826849691579, -0.4318347609763678, 0.28194620124342784, 0.10268153372185881, 0.6138065517750134, 0.5856125198280004, 0.03938592187614285], [0.531755290088272, -0.3599634463143305, -0.6003502558790561, 0.19075854747352372, -0.1283587097457376, 0.6513044279425934, -0.5569935364629782, 0.2792071200325861, -0.3290336990434879, 0.5636248301706984, 0.07554848265021356, 0.08623582749284857, 0.025179562251165452, -0.03128616109007233], [-0.4965614844781451, -0.5667276924380896, 0.5192767149647222, -0.5498711601482834, -0.726916627687009, -0.1655510695238995, -0.2812388994840791, 0.15200326973023032, 0.48910826462190793, 0.2894235226336079, 0.6719792181334251, -0.2906604838637356, 0.31288705565016217, 0.013873342052374983]], "inverted": false, "swapped": false, "error_lsq": 0.04449140515977507, "error_max": 0.2636537028052709, "target": "882.xyz", "model": "5.xyz", "model_rescale": 4.2253639853439635, "target_rescale": 4.034005080699658},
{"mapping": [12, 9, 10, 0, 9, 7, 8, 3, 4, 6, 2, 11, 5, 13], "R": [[0.3695086094537948, -0.6202141675226129, -0.6919521471487429], [-0.5636656870995589, 0.44240265783126853, -0.6975391612880326], [0.7387451392233355, 0.6477764079897184, -0.18612185397161948]], "T": [0.040112691672040415, -0.05822180706413378, -0.022488655049727094], "aligned_model": [[0.2470713482847915, 0.030528117029952492, 0.25280553696909097, -0.6050423930316737, 0.030528117029952492, -0.2797764420851761, 0.5403060358250443, -0.4102576570345611, -0.5174993019229375, 0.16522956229045016, 0.03750513037610177, 0.6948727518902437, 0.5466156473167604, 0.003405529987493966], [0.6097752068029254, -0.27539317335078073, -0.6399132091590829, 0.03233898254470856, -0.27539317335078073, 0.6380250907056347, -0.5501373278438084, 0.39749210370063837, -0.27309775830475075, 0.5176067299522181, -0.020781966095008028, 0.3362304895941635, -0.07834856941601355, -0.020775146213825105], [-0.6407862115601576, -0.5928755071768641, 0.4517574210303987, -0.49007427222904754, -0.5928755071768641, -0.22816416520332555, -0.2542010079353409, 0.2816508741793976, 0.35673225996420027, 0.23535865008913426, 0.6474091513129502, -0.16826395479984985, 0.3567090978590669, 0.008647141809491023]], "inverted": true, "swapped": false, "error_lsq": 0.0466749152160574, "error_max": 0.3644916899155066, "target": "882.xyz", "model": "6.xyz", "model_rescale": 3.89814844738969, "target_rescale": 4.034005080699658},
{"mapping": [11, 12, 2, 0, 1, 10, 9, 4, 5, 7, 8, 3, 13], "R": [[0.1511706709901411, -0.9162546420645998, -0.3709782461647343], [-0.4682736281972376, -0.3968881115369588, 0.7894299437287781], [-0.8705557060679033, 0.054380675020619385, -0.4890557277212036]], "T": [-0.005917600308189386, 0.1355500242257016, -0.031818805148758754], "aligned_model": [[-0.05483128891821234, -0.0011077253069276816, 0.4955206555245037, -0.3817455723295346, 0.5620514620847992, -0.27530593333670167, -0.503371232118577, 0.24310043104918047, -0.48450417920133126, -0.5436704659445797, -0.015418462307753678, 0.041964378359070575, 0.06594973335028621], [-0.32797925306074915, 0.15259771782799683, 0.5723163517041644, -0.6615542120660872, 0.023741553445437352, 0.5984410945431344, -0.015014105217301843, -0.49376404087495407, -0.20684292624178416, 0.43358465728464346, 0.7177004413074887, 0.047091324442328525, 0.12346266237616826], [-0.5117016632774605, -0.8025344444954453, -0.5317076264620989, -0.04539964011149477, 0.34223703506225517, -0.40992386243343876, -0.23641068523823625, 0.09309965273538251, 0.429617445654857, 0.4522375758062126, 0.09531272277282055, 0.7864588150611993, -0.05901029423825727]], "inverted": false, "swapped": true, "error_lsq": 0.04218271180163155, "error_max": 0.2381522451628934, "target": "882.xyz", "model": "7.xyz", "model_rescale": 3.7474275329858107, "target_rescale": 4.034005080699658},
{"mapping": [9, 12, 0, 13, 11, 4, 10, 2, 1, 8, 3, 7, 6, 14], "R": [[0.8382255893950133, 0.2608904632810269, -0.4788674424643982], [-0.4757956791195738, 0.7789560838293014, -0.4084677358084261], [0.2664513708250085, 0.5702311685924664, 0.777071477633264]], "T": [0.052646615375123336, 0.0032613525032081404, -0.0614458181913416], "aligned_model": [[0.45156731157416546, -0.17364383868302372, 0.15769978973035656, -0.6068750861481298, 0.2931727554334322, -0.4971761428231492, 0.5285547646960143, -0.5666882239761026, -0.46686451689948155, -0.02069632916155783, 0.2215177536766334, 0.7129504059192883, 0.7087789651084313, -0.006005625521343025], [0.5263244023204419, -0.3953978206968552, -0.43917505038910853, 0.08771285870891198, -0.015042469994557047, 0.5508108997350762, -0.5618784296595111, 0.282715433405419, -0.38285316156991894, 0.6616444802530917, 0.1972799743884623, 0.042698819670566296, -0.1719565565044485, 0.01474489989866789], [-0.4456433769399158, -0.47436967657803636, 0.41544735389288756, -0.6664341627171099, -0.6344136197478412, -0.1619956751725728, -0.2328862443320308, 0.4354639012575115, 0.3204253453110673, 0.10092038961525301, 0.6078626682296145, -0.2236839835546384, 0.3921257003084176, -0.061794649409417354]], "inverted": true, "swapped": false, "error_lsq": 0.05178440668681894, "error_max": 0.2757041084101216, "target": "882.xyz", "model": "8.xyz", "model_rescale": 4.019505241142653, "target_rescale": 4.034005080699658},
{"mapping": [9, 10, 11, 0, 5, 4, 6, 7, 3, 8, 2, 1, 13], "R": [[0.03403538002567458, -0.0595224485358742, -0.9976465661880476], [0.4757899187856859, -0.8768836578992935, 0.06854927928917963], [-0.878900191198306, -0.4770032794745228, -0.0015248875800972783]], "T": [-0.051624635868707, -0.03893735252255362, 0.034919159038914974], "aligned_model": [[-0.24109849532479377, -0.7004591200480902, 0.07048789514202819, 0.40231978318277384, 0.21968323037082219, 0.6030363567217121, 0.280227125412184, -0.2949133378700861, 0.41028976178184273, -0.4518693624022071, -0.4042090066774565, 0.4498892562447294, -0.02368331479228243], [-0.3873899764888076, 0.002430031492770275, 0.07409908374686205, -0.49459436610358276, -0.7357146023763824, -0.0020330261404535033, 0.7288893596812772, -0.6823548231644149, -0.41948871310121527, -0.00559231218300052, 0.7132372807574612, 0.2384412070805703, 0.03344908491297452], [-0.35835928647859505, -0.049367275072114886, -0.6130397834926101, -0.5676730891129427, 0.025174140575193564, -0.17414506331769763, -0.09791644098947096, 0.40793113323983277, 0.6019391237577851, 0.4751964205977947, 0.0797696374875531, 0.41774119636107365, 0.02945278048807738]], "inverted": false, "swapped": true, "error_lsq": 0.04267948596932213, "error_max": 0.29114684278575187, "target": "882.xyz", "model": "9.xyz", "model_rescale": 3.877068213659057, "target_rescale": 4.034005080699658},
{"mapping": [12, 9, 7, 14, 11, 6, 8, 13, 2, 3, 4, 0, 1, 15], "R": [[0.1683719079253777, -0.10625496568140524, -0.979979991065946], [0.9329037713306783, -0.3038936563707526, 0.19323353501556817], [-0.3183417252867836, -0.9467621284597617, 0.04795850347723196]], "T": [0.011695323579508858, 0.0963304073781888, -0.059339146101039575], "aligned_model": [[0.40900253828040645, -0.2530513560341888, 0.248372518007301, -0.6906097243163503, 0.33351294806525184, -0.23024901920714236, 0.3438478165419632, -0.7025254046813494, -0.3821387272311592, 0.035389585637268135, 0.018242060863361952, 0.7608206174037204, 0.7502379681787364, 0.09544016141771428], [0.6285461907396539, -0.42448413724825024, -0.4915021781083679, -0.06553017310776697, -0.0016971171160265197, 0.6298918564103848, -0.5763873486404943, 0.2785324796406952, -0.36570743494331476, 0.6090924262165147, 0.05946077065095451, 0.1001523010792021, -0.08376323545795979, 0.10102387945101333], [-0.4015211923879349, -0.3664331213573607, 0.4551735617058595, -0.3594896397260376, -0.7162099836905866, -0.2519000201773861, -0.23947375677903315, 0.17374807394641137, 0.20856219886470445, 0.313856562221829, 0.6164481354184552, -0.32871383480641303, 0.3590239164676096, -0.09204692953692713]], "inverted": false, "swapped": false, "error_lsq": 0.04544027005043017, "error_max": 0.27349889872478306, "target": "882.xyz", "model": "10.xyz", "model_rescale": 4.260839863003843, "target_rescale": 4.034005080699658},
{"mapping": [2, 10, 7, 8, 3, 1, 6, 11, 9, 5, 4, 13], "R": [[0.9729669073247178, 0.11509930563157608, 0.20021874810842086], [0.23046493908702442, -0.42805940838283124, -0.8738713033087623], [-0.014876461359757231, 0.8963912609670345, -0.4430139931868316]], "T": [0.028228387467130682, -0.027046189413034417, -0.04473179820673863], "aligned_model": [[0.3311763441745878, 0.23306307429383388, -0.5108835084474269, -0.29061323087967156, -0.7110742746685698, -0.30305969133857286, 0.3800753263123031, 0.6393830949636726, 0.2881974979613627, -0.271763546958458, 0.11884289409857618, 0.05555466958249305], [-0.02629534641848772, -0.5969949189218331, -0.5196727801952274, -0.37384321002556425, 0.23095445349946483, 0.5459429823909793, 0.5993410830406849, 0.12961551201136426, -0.3478412570265722, -0.07770959785636108, 0.5805811732776885, 0.029000411756798246], [-0.8195323884666922, -0.295735479653173, 0.2363211731059256, -0.40972994722009104, 0.21326651806825758, -0.23692799849783708, -0.4932532186619349, 0.17772388765572333, 0.33142521217388043, 0.638378381710577, 0.2654758627112676, -0.09123392553039851]], "inverted": false, "swapped": true, "error_lsq": 0.04805925670973413, "error_max": 0.2663419077100151, "target": "882.xyz", "model": "11.xyz", "model_rescale": 3.890672605050136, "target_rescale": 4.034005080699658},
{"mapping": [2, 6, 5, 1, 11, 1, 9, 0, 8, 4, 7, 10, 12, 13], "R": [[0.15998126225532966, -0.6037406374586112, -0.7809630198724276], [-0.9140231697086696, -0.38937893079864605, 0.11377914345705098], [-0.37278363827146227, 0.6956157638604615, -0.6141262639766505]], "T": [0.0031869923479689935, -0.032086345253405785, -0.057324226740862905], "aligned_model": [[0.2700778162580186, -0.3273418401961493, 0.27843735314934664, -0.5396108559794601, 0.25729491563373047, -0.5396108559794601, 0.4219569548271804, -0.4751578440441209, -0.5016153733887097, 0.13386379607307217, 0.2214200732371373, 0.8068260830605872, 0.6506451097802882, 0.07910665049407309], [0.5461555081573625, -0.37426243084849864, -0.6091471363722795, 0.30680364538759086, 0.03874837049010356, 0.30680364538759086, -0.653572099818187, 0.30099973000756297, -0.3229382601392127, 0.6199984857901899, -0.07630716120685221, 0.34172679827030117, -0.0549348625287939, 0.027554046989359954], [-0.37350420830734765, -0.38247736181017034, 0.3856320510869051, -0.4998424303039445, -0.540204926566592, -0.4998424303039445, -0.2675802407323917, 0.037197853809053244, 0.366669618723956, 0.16350600197834503, 0.7657085867717179, -0.17551242433301995, 0.3106541397080174, 0.08061974044260545]], "inverted": true, "swapped": false, "error_lsq": 0.05453249814822956, "error_max": 0.41183456784841505, "target": "882.xyz", "model": "12.xyz", "model_rescale": 4.124412569039231, "target_rescale": 4.034005080699658},
{"mapping": [2, 8, 7, 6, 10, 12, 1, 11, 3, 4, 9, 5, 13], "R": [[-0.1026361599500797, 0.8717391383230924, 0.4790998782993108], [-0.9420755844412985, 0.06942375977337681, -0.32813706705965767], [-0.3193108389489582, -0.48502702635486317, 0.814118770103645]], "T": [0.13136311106317905, 0.13094211904454583, 0.005647898260003429], "aligned_model": [[-0.2822224245733858, 0.1751297101535282, 0.6415173192236181, -0.6014967492301637, 0.47264458423620737, 0.20314414870216835, -0.47752126465786765, 0.18947858272880203, -0.003061130204861595, -0.17837576277370576, 0.6326987643452655, 0.5336088383488675, 0.06175369121128488], [-0.33590260110426634, 0.34686288737757986, 0.6988294806013751, -0.28626404737202626, -0.14700840601582144, -0.6255070437802355, 0.43399998553500874, -0.40896334878883694, 0.9187320264016683, 0.13565598260392642, -0.05179325806932161, 0.5725944301938621, 0.09624928892556509], [0.5561903533776726, 0.5593757253424481, 0.1775781033612912, -0.07299170975456447, 0.4915204257641464, 0.135834311473574, -0.10581289363920866, -0.38507473368957756, -0.1968689514357618, -0.6089173164400854, -0.15945163224840775, -0.4441777018552459, 0.004494100711558183]], "inverted": false, "swapped": true, "error_lsq": 0.04420321665385781, "error_max": 0.3637986379784853, "target": "882.xyz", "model": "13.xyz", "model_rescale": 3.9028299243045295, "target_rescale": 4.034005080699658},
{"mapping": [0, 10, 9, 13, 4, 8, 7, 12, 11, 2, 1, 3, 6, 15], "R": [[0.8485517254682207, 0.4845223796941947, 0.21259828969298009], [-0.40138385060962506, 0.32766509381780945, 0.8552932776323899], [0.3447476956771369, -0.8110941066663232, 0.4725202392030032]], "T": [0.015402552550164386, 0.06913471209988664, -0.05833667919339452], "aligned_model": [[0.4087640889542583, -0.10004422347354362, 0.18009879236395798, -0.7063223594158738, 0.2615016876533346, -0.2749946549243674, 0.49934847417902234, -0.6224222235267529, -0.33219544178150184, 0.2151089291224056, 0.03313659106207116, 0.6251217215090663, 0.4918631541803882, 0.05732744702306904], [0.6556145394838333, -0.5054291455986022, -0.6167348804787982, -0.1192994470189079, 0.02545865757216187, 0.7557698484686288, -0.6661289355401364, 0.25147896136016346, -0.24304033193685237, 0.710575670804824, 0.13833995071511546, 0.14750266626459993, -0.10233286271242864, -0.034146411817362804], [-0.49253078670089584, -0.5186637557176162, 0.26307195017241525, -0.3344835077466864, -0.6883294504575347, -0.2601009251650145, -0.27237328642461917, 0.15183091760740247, 0.514008552773457, 0.24302793254438304, 0.5874921638982357, -0.16221374115730716, 0.3752442568858861, -0.034956350348916136]], "inverted": true, "swapped": false, "error_lsq": 0.038016644323122295, "error_max": 0.2240750244233277, "target": "882.xyz", "model": "14.xyz", "model_rescale": 3.942246331269136, "target_rescale": 4.034005080699658},
{"mapping": [10, 8, 12, 7, 11, 9, 13, 2, 0, 5, 1, 4, 3, 14], "R": [[-0.6084256621379764, 0.6417369306558993, -0.4668960542608076], [-0.7670478374035143, -0.32458556628439283, 0.5534273441875025], [0.2036070450317409, 0.694851007045529, 0.6897291129285881]], "T": [0.10156973685015219, 0.06197896585192965, -0.11864028598561546], "aligned_model": [[0.4181698066294436, -0.33716064313734345, 0.3697488653847159, -0.7233762644886004, 0.30173921630792583, -0.2663362919933641, 0.6215051798769149, -0.520205963555886, -0.5024487602430725, -0.012283031480784024, 0.10229554859133913, 0.674052185413641, 0.567022613593557, 0.043569522027046795], [0.5582076472152546, -0.4819252727134846, -0.5433463905598958, 0.15997375761492744, -0.1996758365071326, 0.7367356572566619, -0.5533940649739988, 0.28480182497702977, -0.23456121635107463, 0.44027817357202026, -0.0835766344134191, 0.13297805104364652, 0.15804637852759507, 0.023086204878107815], [-0.5217804696082923, -0.45109292807828405, 0.3606690359204864, -0.32073091860268876, -0.7554918923686049, -0.3584545213376782, -0.2277870427949288, 0.26397292663959293, 0.17791166288086727, 0.3780556116930831, 0.6785136992702627, -0.22298084814289287, 0.42050032856103414, -0.05028067386876753]], "inverted": true, "swapped": false, "error_lsq": 0.05086399112516552, "error_max": 0.28926691469297783, "target": "882.xyz", "model": "15.xyz", "model_rescale": 4.355366556412066, "target_rescale": 4.034005080699658},
{"mapping": [10, 9, 12, 1, 2, 8, 6, 3, 11, 7, 4, 13], "R": [[0.39920723527109736, 0.876073735245206, -0.2704226205788254], [-0.224988728040279, -0.19232223921308364, -0.955192246910999], [-0.8888271235521699, 0.4421616974790762, 0.12033028596491335]], "T": [0.00928370159593557, 0.014525647657396125, 0.037588434876332504], "aligned_model": [[-0.10067243376042224, 0.47560526161603317, 0.12264378221252441, -0.334433649838678, -0.5556116764242414, -0.4414476430938119, -0.2701692167205935, -0.09245566676949805, 0.4679112319114246, 0.05042838129942774, 0.29926682741686733, -0.02325664321725121], [-0.6309191091022491, -0.2798176286128556, -0.49577316254778186, 0.6046419566495104, -0.31267428275963577, -0.2404383887430418, 0.2903928644449497, 0.6228992050651829, -0.05759937909097804, -0.10721675824635139, 0.5798943439410595, 0.03938676674317152], [0.0709405797058178, 0.12643520549709403, -0.5290339895952355, -0.055303361069582536, -0.47809305629057824, 0.33252299530538254, -0.7128328422874612, 0.5846045267388355, -0.4440735485873522, 0.8094687810976989, -0.22683323140008427, -0.028543597905114147]], "inverted": false, "swapped": true, "error_lsq": 0.04432458559762247, "error_max": 0.2694412209664173, "target": "882.xyz", "model": "16.xyz", "model_rescale": 3.795458400668931, "target_rescale": 4.034005080699658},
{"mapping": [11, 12, 2, 0, 1, 10, 9, 4, 5, 7, 8, 3, 13], "R": [[0.1511706709901411, -0.9162546420645998, -0.3709782461647343], [-0.4682736281972376, -0.3968881115369588, 0.7894299437287781], [-0.8705557060679033, 0.054380675020619385, -0.4890557277212036]], "T": [-0.005917600308189386, 0.1355500242257016, -0.031818805148758754], "aligned_model": [[-0.05483128891821234, -0.0011077253069276816, 0.4955206555245037, -0.3817455723295346, 0.5620514620847992, -0.27530593333670167, -0.503371232118577, 0.24310043104918047, -0.48450417920133126, -0.5436704659445797, -0.015418462307753678, 0.041964378359070575, 0.06594973335028621], [-0.32797925306074915, 0.15259771782799683, 0.5723163517041644, -0.6615542120660872, 0.023741553445437352, 0.5984410945431344, -0.015014105217301843, -0.49376404087495407, -0.20684292624178416, 0.43358465728464346, 0.7177004413074887, 0.047091324442328525, 0.12346266237616826], [-0.5117016632774605, -0.8025344444954453, -0.5317076264620989, -0.04539964011149477, 0.34223703506225517, -0.40992386243343876, -0.23641068523823625, 0.09309965273538251, 0.429617445654857, 0.4522375758062126, 0.09531272277282055, 0.7864588150611993, -0.05901029423825727]], "inverted": false, "swapped": true, "error_lsq": 0.04218271180163155, "error_max": 0.2381522451628934, "target": "882.xyz", "model": "17.xyz", "model_rescale": 3.7474275329858107, "target_rescale": 4.034005080699658},
{"mapping": [3, 2, 4, 7, 1, 11, 0, 12, 9, 10, 5, 8, 8, 13], "R": [[0.1911933489722401, 0.7936204447282645, 0.5775912854416096], [0.9402851444779695, -0.31691943884841356, 0.12420111253145377], [0.28161844822884635, 0.5193540786297133, -0.8068224033998178]], "T": [-0.01994969339668399, 0.016409125106227006, -0.08379387667351518], "aligned_model": [[0.44262745345566373, -0.18392712394738503, 0.3360207638057971, -0.7020183380051822, 0.08653188424783032, -0.20502081201055297, 0.5315269222341189, -0.5869287417981629, -0.4391503924318118, 0.15390670309014956, -0.0026831642520005264, 0.654110445046625, 0.654110445046625, -0.002814061556180674], [0.42529047265958797, -0.5481760826991331, -0.4885214628188755, 0.11541286544991039, 0.046431733421794255, 0.6384942976599303, -0.5499113768154987, 0.29442010163010157, -0.35487872413391536, 0.6016631093646708, 0.15047413495658957, 0.07337179402915306, 0.07337179402915306, -0.07981437716722982], [-0.36562291730297797, -0.4815220114679383, 0.47078340107709066, -0.38776740426462597, -0.7666399306431797, -0.4008039411034869, -0.35636867796004185, 0.3168076446909135, 0.28245777559738533, 0.23821714452558412, 0.6268033206017145, 0.15962476544262244, 0.15962476544262244, -0.12456996447249258]], "inverted": true, "swapped": false, "error_lsq": 0.049509323675950054, "error_max": 0.30299787227320246, "target": "882.xyz", "model": "18.xyz", "model_rescale": 3.922800546911778, "target_rescale": 4.034005080699658},
{"mapping": [9, 13, 5, 4, 7, 10, 12, 6, 8, 2, 1, 3, 0, 14], "R": [[-0.05373761420434664, 0.9832977535654422, -0.173890185613737], [0.7725331344705896, -0.06939940465984851, -0.6311705623505464], [-0.6326964714337129, -0.16825353032258697, -0.755900737246178]], "T": [-0.008332719835812706, -0.01595392044368058, -0.03636091666565333], "aligned_model": [[0.3505492709160685, -0.27734799790432557, 0.32270205918828915, -0.6705389535622631, 0.40147495002207423, -0.366063533096958, 0.40290803051327634, -0.5901345195049199, -0.3734903991650095, 0.2453833692625875, -0.06581179023091338, 0.6239770874949624, 0.6847330404135303, 0.04795136857913495], [0.6113146441618005, -0.3969560741549333, -0.512604175231663, 0.10304799208142579, -0.06975343074684118, 0.681485966480403, -0.6481483926721855, 0.1840152018481931, -0.451793209773757, 0.6421344769997922, 0.22241464917610743, -0.02286491516477834, 0.06396728765670548, -0.008631741094031569], [-0.4111689348385971, -0.5406246233244739, 0.43933669703575196, -0.3031728128047905, -0.7200087101057, -0.22664206821290228, -0.2595765951081719, 0.27554738387268973, 0.18968031215065867, 0.08884599237167062, 0.662108556840367, -0.13272371701095353, 0.4237641621364622, -0.11434167283882118]], "inverted": false, "swapped": false, "error_lsq": 0.04915726352512385, "error_max": 0.31719817062356676, "target": "882.xyz", "model": "19.xyz", "model_rescale": 3.9282355846067225, "target_rescale": 4.034005080699658},
{"mapping": [8, 10, 1, 12, 11, 9, 0, 7, 2, 6, 5, 4, 3, 13], "R": [[-0.9317355385272248, 0.07208036446835524, -0.35591193756811756], [0.1256680081014891, 0.9835452214670986, -0.1297934862350206], [0.3406999236647795, -0.16565994804823972, -0.9254622324154931]], "T": [0.039564213117493044, 0.14019186850911, -0.02378185155538964], "aligned_model": [[0.2915158183255869, -0.3729218391345034, 0.20893435227772877, -0.6992845742030835, 0.2726779959262437, -0.19047591723229113, 0.5418749859034945, -0.5075744408297139, -0.41938619436964664, 0.19529116887153403, 0.07261878389459304, 0.6274160650782244, 0.6573007801915027, 0.05830499822586398], [0.7575944778864948, -0.5290606290936182, -0.5158186449762725, 0.2106181168840136, -0.11741911581913947, 0.3750694666182287, -0.4485911915006865, 0.32672300478981264, -0.41227381500191085, 0.5776469499755597, 0.039745415829661554, 0.21811871115253528, -0.06580260807885038, -0.01892185909959035], [-0.38978183201337707, -0.37618886076709507, 0.2963193175522843, -0.4384346681168056, -0.6504059145660431, -0.6323365964821961, -0.22679757504859355, 0.20847491354369468, 0.3797802903384789, 0.43581168735461845, 0.6665137791300791, -0.24224340945924, 0.3534751940467126, -0.013162355349328397]], "inverted": false, "swapped": false, "error_lsq": 0.052294642846403616, "error_max": 0.40509209255218653, "target": "882.xyz", "model": "20.xyz", "model_rescale": 4.067790424073018, "target_rescale": 4.034005080699658},
{"mapping": [4, 7, 10, 0, 8, 2, 1, 3, 12, 6, 11, 5, 13, 14], "R": [[-0.6444830101539349, 0.5536291473754205, 0.5273864017959583], [-0.7106982886292637, -0.6881605140168543, -0.14609260586181155], [0.2820453725242778, -0.4689668155897856, 0.8369710471176511]], "T": [0.05629637881123729, 0.03604502661388722, -0.04793099458651533], "aligned_model": [[0.3137653420142795, -0.10246827098840405, 0.297376449392702, -0.5217422435835929, 0.21135009618810258, -0.32954135976127163, 0.4892676747012588, -0.6024589559623289, -0.46774085351357864, 0.18489784029403017, -0.010757651596893951, 0.605031622812033, 0.606585701132272, 0.06272659179692594], [0.6276517932865686, -0.48403941480429025, -0.5731561199642952, 0.03784408867184288, -0.028219734217551133, 0.626341359236438, -0.6198055562918586, 0.4021155333762146, -0.33760777694092164, 0.7144523697949506, 0.06337889207155578, 0.11525708578827543, -0.12190669488397132, -0.024677545556719617], [-0.5235186955949881, -0.5587831424507733, 0.4440458180072617, -0.4606368752285985, -0.5929046471312477, -0.28542080641967826, -0.28394152637763587, 0.34675724901463306, 0.3677400633795951, 0.21811795489059144, 0.5945554805896672, -0.25061597807228386, 0.35500376501175646, 0.0006253105448903312]], "inverted": false, "swapped": false, "error_lsq": 0.03182107235398286, "error_max": 0.21676366553887969, "target": "882.xyz", "model": "21.xyz", "model_rescale": 4.186013935880536, "target_rescale": 4.034005080699658},
{"mapping": [1, 6, 4, 7, 10, 3, 8, 2, 0, 11, 12, 9, 13], "R": [[0.6034575032861628, -0.6588008412966174, 0.4492443580441501], [-0.7948703245890633, -0.4521944923196207, 0.40460018314810264], [-0.06340511663350716, -0.6012500250500369, -0.7965413978959422]], "T": [0.05274489676687513, -0.1038490237217595, 0.031157405304096504], "aligned_model": [[0.08212949883187148, -0.5348232000201949, 0.2286582264077138, 0.6153658441921657, -0.25460830376650934, 0.6959303587441711, -0.03712989622799265, -0.7481390847666288, 0.5065115516730203, -0.1415449118817437, -0.5573141610134318, 0.20595475521119053, -0.0024166419604064945], [-0.2639041956162204, 0.11614852258255204, 0.34981438746867954, -0.5132645144762146, -0.2907329841083441, -0.41788624840388466, -0.6692765308162979, -0.3218466831133338, 0.6510218344851676, 0.5322867264078576, 0.24247143593566603, 0.19503156142435804, -0.09090665222389219], [-0.6385639163522144, -0.5377833291595012, -0.455560997262, 0.38913784107469784, 0.5792541547634061, -0.3779745687579785, 0.19658429454491594, -0.02501956086919665, 0.0638999994515258, 0.1027274760265855, 0.35085482589289535, 0.4774584756288369, -0.02213513364662658]], "inverted": true, "swapped": true, "error_lsq": 0.044140024065599436, "error_max": 0.23018185213356512, "target": "882.xyz", "model": "22.xyz", "model_rescale": 4.166573947596378, "target_rescale": 4.034005080699658},
{"mapping": [14, 3, 0, 11, 9, 12, 8, 6, 1, 13, 5, 10, 7, 15], "R": [[-0.6137423917624449, -0.13776458951484055, 0.7773938476920957], [0.42351334103593713, 0.7735497412507768, 0.4714416695365763], [-0.6663007778160638, 0.6185804035747203, -0.4164151267605976]], "T": [-0.02699458132179893, -0.043022857506394854, -0.1312234953266305], "aligned_model": [[0.24507173537365184, -0.27976608131108455, 0.2000758085693435, -0.5016185839010812, 0.190894827364242, -0.37559242651022245, 0.46796991173834074, -0.5870496737337517, -0.3131204667466618, 0.4016997544595495, 0.14646912081478153, 0.6470291844625875, 0.538130196638069, -0.04390132429223023], [0.659143240245464, -0.4475954385046036, -0.5572766215217129, 0.0689345876006337, -0.04174241838705918, 0.4811787866852764, -0.6520989873158848, 0.24107809074265785, -0.2610238873533199, 0.5717368109724896, 0.20081673560022906, 0.2771065261417068, -0.09264207651277215, -0.04998706882686697], [-0.37395885267686013, -0.4970844627906096, 0.46100776614879746, -0.7511355165741072, -0.6906622608230905, -0.31308479903347564, -0.32645555961730605, 0.29858178225182364, 0.4841679163315594, 0.26261004232152974, 0.6443502136630523, -0.06680009905633219, 0.3041631903807104, -0.06467539036250201]], "inverted": false, "swapped": false, "error_lsq": 0.04342173407828446, "error_max": 0.31101116039380666, "target": "882.xyz", "model": "23.xyz", "model_rescale": 4.274766983524099, "target_rescale": 4.034005080699658},
{"mapping": [10, 1, 6, 11, 4, 0, 9, 5, 7, 3, 13], "R": [[0.8211512471735137, 0.0943299241839122, -0.5628609905374866], [0.33966026968438334, 0.7117826606864391, 0.6148140736385802], [0.45863005839490634, -0.6960368591889304, 0.5524410920515364]], "T": [0.05947709163380521, 0.07188238094092327, -0.1346070109208818], "aligned_model": [[0.36261721288360804, -0.014882972016390023, -0.4428619037640338, -0.5385098742400228, -0.49281281982814795, -0.5443091224746797, -0.037214576956860715, 0.08131401699992385, 0.6605299603541851, 0.32654876937342125, 0.019476013627071798], [-0.3825469503451265, 0.7561725690548308, 0.5235655249852822, -0.21597334573129912, 0.3755228624756166, -0.21230512686481084, -0.4479607676976569, -0.052499338426380646, -0.11697955748917209, 0.5717710075885014, 0.11681965369369833], [-0.49710073645460595, -0.09960299751196866, -0.6454559310164106, -0.21881013810704764, 0.1418511328649214, 0.44114114166494034, 0.04539668991191037, 0.6024505147580553, 0.3294834804290068, 0.46412495672630705, -0.18391167924353113]], "inverted": true, "swapped": true, "error_lsq": 0.05169492205124151, "error_max": 0.3037817774248808, "target": "882.xyz", "model": "24.xyz", "model_rescale": 3.7841303162186577, "target_rescale": 4.034005080699658},
{"mapping": [0, 9, 5, 10, 8, 7, 2, 11, 13, 6, 3, 1, 4, 15], "R": [[-0.2039119155712884, -0.9206862851000149, -0.33280128472826276], [0.8538219989109715, -0.0009341222424139595, -0.5205642338763867], [0.4789654735612171, -0.39030230827445883, 0.7862926829698397]], "T": [-0.02014055502561956, -0.0005312894514410763, -0.1289614471626713], "aligned_model": [[0.18566855735840226, -0.15066505081960477, 0.3449016498783795, -0.6216321675825787, 0.40168598535284267, -0.23027087284270642, 0.4620653549319185, -0.5472437408941513, -0.5540413458588739, 0.16603601368341708, 0.04274078074281549, 0.6293196376289156, 0.6149334080277459, -0.007206226680988274], [0.5281431338607275, -0.4864767759920819, -0.5926176104709893, 0.14645148686197468, -0.06965534082358912, 0.6037430485723112, -0.5753548257466417, 0.3745767414053285, -0.24977165829916434, 0.46744816238996867, -0.06197305365301884, 0.29049468062789013, -0.011979006298830773, 0.034599297132353116], [-0.597444011135804, -0.42722483518511967, 0.40537620128075147, -0.5999805643628422, -0.5373020145731373, -0.24516529408825874, -0.20543621718733246, 0.2844194495859411, 0.38565411940650784, 0.3890732719064004, 0.6718336170434753, -0.34469678664075065, 0.26251569660057583, -0.07059866248721748]], "inverted": false, "swapped": false, "error_lsq": 0.04347334300683913, "error_max": 0.24770057458575592, "target": "882.xyz", "model": "25.xyz", "model_rescale": 4.19342608120988, "target_rescale": 4.034005080699658},
{"mapping": [10, 9, 12, 1, 2, 8, 6, 3, 11, 7, 4, 13], "R": [[0.39920723527109736, 0.876073735245206, -0.2704226205788254], [-0.224988728040279, -0.19232223921308364, -0.955192246910999], [-0.8888271235521699, 0.4421616974790762, 0.12033028596491335]], "T": [0.00928370159593557, 0.014525647657396125, 0.037588434876332504], "aligned_model": [[-0.10067243376042224, 0.47560526161603317, 0.12264378221252441, -0.334433649838678, -0.5556116764242414, -0.4414476430938119, -0.2701692167205935, -0.09245566676949805, 0.4679112319114246, 0.05042838129942774, 0.29926682741686733, -0.02325664321725121], [-0.6309191091022491, -0.2798176286128556, -0.49577316254778186, 0.6046419566495104, -0.31267428275963577, -0.2404383887430418, 0.2903928644449497, 0.6228992050651829, -0.05759937909097804, -0.10721675824635139, 0.5798943439410595, 0.03938676674317152], [0.0709405797058178, 0.12643520549709403, -0.5290339895952355, -0.055303361069582536, -0.47809305629057824, 0.33252299530538254, -0.7128328422874612, 0.5846045267388355, -0.4440735485873522, 0.8094687810976989, -0.22683323140008427, -0.028543597905114147]], "inverted": false, "swapped": true, "error_lsq": 0.04432458559762247, "error_max": 0.2694412209664173, "target": "882.xyz", "model": "26.xyz", "model_rescale": 3.795458400668931, "target_rescale": 4.034005080699658},
{"mapping": [7, 8, 3, 5, 4, 12, 10, 9, 2, 1, 11, 6, 13], "R": [[-0.7842525417244767, -0.5607368013140578, -0.2655601446956552], [0.5429701082661907, -0.4131726075401118, -0.7310758222701023], [0.3002189406551485, -0.7175392923252245, 0.6284949893525937]], "T": [-0.08970426459508249, -0.10112581867834453, -0.07130613208388269], "aligned_model": [[0.1366734284358795, 0.2263428662617676, 0.5402970566228393, -0.09526618670558296, -0.10828958567734293, -0.6836377285373185, -0.3424641096367248, -0.5525684493289126, -0.06705759194946537, 0.4407747514426361, -0.6653911459350472, -0.04965439475831035, -0.08008252741316127], [-0.7602141593621337, -0.5141067953963723, -0.11965388968994406, -0.2863726880882697, 0.4839404834034478, -0.0029194410781436253, -0.5551854257724299, -0.33655187468247116, 0.04315156886595384, 0.3376965393539759, 0.23847956384338048, 0.6303369716483989, -0.03671934978847821], [-0.4272121115484339, 0.21974837110252332, -0.6027672642781303, -0.7957742970010364, -0.4332492237479875, 0.410269306758757, 0.32837372134363285, -0.2770215396737137, 0.7476963993939344, -0.10347309035424833, -0.0994538882333123, 0.35376673504285766, -0.028766456705416846]], "inverted": false, "swapped": true, "error_lsq": 0.0508644923394972, "error_max": 0.3009368973071151, "target": "882.xyz", "model": "27.xyz", "model_rescale": 3.6321398670334006, "target_rescale": 4.034005080699658},
