[{"mapping": [3, 5, 6, 8, 7, 11, 1, 0, 9, 2, 4, 12, 13], "R": [[-0.44485200085329407, 0.5395682478578455, 0.7148236168737263], [0.8599675298469353, 0.48024982113369763, 0.172672976779844], [-0.2501250586122509, 0.6915390192929582, -0.6776512671349121]], "T": [-0.19414912643986637, 0.06939506554338587, 0.024544900408206838], "aligned_model": [[-0.3043068985407015, -0.48075833378191873, 0.1477591786390301, 0.4285828586382574, 0.5190170352018214, -0.0057085331867027245, -0.7613064471496517, -0.43011699265485853, 0.14595659132037797, 0.05045913396196117, 0.6813046216658386, -0.4324824156204224, -0.05518399269917121], [-0.4392295063505785, 0.037072993330033555, -0.48725471036824847, 0.15537920526287377, 0.2993103621240032, 0.5743387364725023, 0.05893996284860874, -0.0852200473035466, 0.3715866478849096, -0.5191915417778696, -0.3136166775145723, 0.5109993660622605, 0.15438333586525094], [0.07319277712646106, 0.7239816068772003, 0.4217677875676164, 0.48864697334050833, -0.0750917633405257, 0.4679226996339968, -0.08160300496873094, -0.6936652133982619, -0.5496950495020565, -0.4055607261940846, 0.00760482312213312, -0.264077158702352, 0.02218953047388099]], "inverted": false, "swapped": false, "error_lsq": 0.05296512466314441, "error_max": 0.28135702984491767, "target": "883.xyz", "model": "0.xyz", "model_rescale": 3.8414455957264533, "target_rescale": 4.06774636465479},
{"mapping": [12, 1, 10, 5, 2, 4, 11, 13, 9, 8, 6, 0, 14], "R": [[0.6477527833954798, -0.7316107080126506, 0.21251377255283263], [-0.7354381530991021, -0.5276640405764045, 0.42508985314726633], [-0.19886441252670248, -0.43164387196369536, -0.8798502788694215]], "T": [0.0038070134514946036, 0.11233246331518079, -0.005548840294297334], "aligned_model": [[-0.3958535575877069, -0.5817568790937877, 0.1366659679317218, 0.4348716586443918, 0.6397285895311079, 0.05098790475747799, -0.8086849692674035, -0.4490772250496734, 0.24444726443404513, 0.02749114122336679, 0.730538654537796, -0.484814576612377, -0.04132816765509931], [-0.5373636352599084, 0.21298862402423793, -0.4590942426144987, 0.00810076524909234, 0.47169320803521764, 0.5895709064098065, -0.13763078950358323, -0.005804924953806162, 0.16965382156211445, -0.548623233687293, -0.17343996732816444, 0.6386158111830827, 0.08883178341932896], [0.015804176354419747, 0.6233240850469607, 0.34687323389397856, 0.4819363489837719, 0.09965729949379601, 0.2510338301579012, 0.05478814991693584, -0.6020271924995806, -0.6414074814160668, -0.4378439087281517, -0.02046237481326206, -0.10450412811447199, 0.06844124375955501]], "inverted": false, "swapped": false, "error_lsq": 0.04288358937994475, "error_max": 0.2202147012973794, "target": "883.xyz", "model": "1.xyz", "model_rescale": 4.316132596720782, "target_rescale": 4.06774636465479},
{"mapping": [2, 0, 9, 4, 10, 3, 8, 5, 7, 1, 11, 12], "R": [[0.9565987139712068, 0.12260391173044102, 0.26436183774710686], [0.07031213260848948, -0.9774924470458342, 0.19890882327436737], [0.2827986994960897, -0.17168807994948732, -0.9436885602605232]], "T": [-0.01019055898487007, -0.021931546467193065, -0.05444548359668307], "aligned_model": [[-0.2249798395962411, 0.4777510682911685, 0.1290614469103232, -0.6430092665835072, -0.6178592371378326, -0.4064389033349213, -0.12582797056715342, -0.15846424157560426, 0.4966594892439449, 0.2510305408143124, 0.38122932029449597, 0.038656147872795275], [-0.7341864882812367, -0.5290037723336621, -0.6474932647263277, 0.3762317697080885, -0.17861540979491702, -0.10888663499676757, 0.38303023672040015, 0.5958046466905209, 0.12603342789019206, 0.11746055870130154, 0.5749221002332081, 0.037479257930180504], [0.046132527846538304, 0.08181715099314561, -0.46496283819568135, -0.03980303057006264, -0.4922463565621835, 0.39850404539414297, -0.60310740180925, 0.39418342091009456, -0.5480990342089175, 0.7149415766910614, 0.024745954666540323, -0.06284755394600709]], "inverted": true, "swapped": true, "error_lsq": 0.040648418417931126, "error_max": 0.23462336835889197, "target": "883.xyz", "model": "2.xyz", "model_rescale": 3.795458400668931, "target_rescale": 4.06774636465479},
{"mapping": [11, 7, 6, 2, 5, 3, 0, 8, 9, 10, 1, 12], "R": [[0.9278561872685098, 0.09216920799421727, -0.3613692472323326], [0.3015462119913014, 0.3847329280173845, 0.8723820585803375], [0.21943741199084793, -0.9184146183488637, 0.32918355217396583]], "T": [0.1343567459453651, 0.03645233197782075, 0.06442146179288322], "aligned_model": [[-0.16888783886684453, 0.03155699864761988, -0.5375980353914412, 0.1789099810070749, 0.04961869375992542, 0.1781232983566037, -0.38675149663307695, 0.5888178471004832, 0.20319135017580334, 0.8646214819753009, -0.5140980746182966, 0.10579962023041288], [-0.013280299598696275, -0.6206343861041188, -0.16393023500412443, 0.10978049066274967, 0.5931501211826335, 0.6092470200471121, -0.22224213641154153, -0.26577207822809934, -0.4859130510937307, 0.00012559487505579142, 0.5324268665582791, 0.012811138404190094], [-0.5846428404972549, -0.2186928083067095, -0.0824056648474148, 0.810206594374221, -0.47200935131468347, 0.26374017101003483, 0.4831100704280813, -0.3604567215834586, 0.6136384378169916, 0.2899750990666334, -0.05020260739532645, -0.0034889481120142923]], "inverted": false, "swapped": true, "error_lsq": 0.05204956367558027, "error_max": 0.2781622812762032, "target": "883.xyz", "model": "3.xyz", "model_rescale": 3.7530521520055578, "target_rescale": 4.06774636465479},
{"mapping": [10, 2, 3, 1, 4, 0, 8, 9, 7, 11, 12], "R": [[0.219826284777861, -0.7698306437426076, -0.5991971165448022], [0.9357867756730603, 0.33995510445359944, -0.09345393213428524], [0.27564381907849855, -0.5401771069850932, 0.7951284035255156]], "T": [-0.01661356581681469, -0.03711618609675922, 0.017005515565671613], "aligned_model": [[-0.4250759299788884, -0.39315865325192717, 0.28796194386127544, 0.6472923979088678, 0.2797269179685598, -0.26279698323472095, -0.16583905880067856, -0.7402888922770638, -0.31723500559389645, 0.4141422080281482, 0.01347065781552913], [-0.6756460809464573, -0.000358387573665693, -0.24038475343248406, 0.3879728702495433, -0.723542384000426, 0.5926464663325727, -0.4196085465324339, 0.14736392999523984, 0.23765783657552214, 0.1730750821134372, -0.011972674466501972], [-0.08748721265589765, -0.6313926144178816, -0.4684353789539058, -0.2241401582622017, 0.031473997397211205, -0.2208379330574479, 0.5736268444317939, -0.12963755983664674, 0.6141741847614413, 0.5517803985176061, 0.0837062093212459]], "inverted": true, "swapped": true, "error_lsq": 0.051300147082889776, "error_max": 0.2669979679214406, "target": "883.xyz", "model": "4.xyz", "model_rescale": 3.7855080009869324, "target_rescale": 4.06774636465479},
{"mapping": [8, 11, 7, 4, 0, 1, 13, 14, 2, 10, 5, 12, 16], "R": [[-0.4315181496938296, 0.012312732937100584, -0.9020202232169927], [-0.20061233390357502, -0.9761784244338212, 0.08264608372852916], [-0.8795150811501611, 0.21661966733776084, 0.42370879357396346]], "T": [-0.08172657345631021, -0.04242704806491629, -0.061198057162737476], "aligned_model": [[-0.44917641144173015, -0.5214162213479008, 0.2572093376990505, 0.3285272033967077, 0.5814420606603147, 0.11432734192075342, -0.7841752265288495, -0.4191801164525705, 0.14941757465674138, 0.14670676327494733, 0.6954346290841076, -0.5010258480477211, -0.09487528107999041], [-0.6378681576941649, 0.35217834556311034, -0.5494619131871694, 0.06872809810652253, 0.35056375024408337, 0.631098554734197, -0.08429870603808268, 0.21216618713175436, 0.45373780173887945, -0.6827100466595353, -0.26524747004392407, 0.49352038189952396, -0.02490869925956714], [0.014567208570299875, 0.47115128787018273, 0.37401173771285184, 0.544059867959097, 0.058131228802019416, 0.22345974376459393, 0.11108163673805792, -0.5894070966956039, -0.557361852890479, -0.3235340372622876, -0.022795330250028237, -0.05749216296822067, -0.11025894931469751]], "inverted": false, "swapped": false, "error_lsq": 0.044331918717530276, "error_max": 0.22861106154319824, "target": "883.xyz", "model": "5.xyz", "model_rescale": 4.2253639853439635, "target_rescale": 4.06774636465479},
{"mapping": [8, 12, 5, 6, 3, 7, 9, 1, 4, 10, 2, 0, 13], "R": [[-0.45728244570328935, -0.8193043049751325, 0.34588035604936157], [0.8046942626151115, -0.5467768202990864, -0.23130553927206868], [0.37862898537478623, 0.17255597536114345, 0.9093209151895849]], "T": [-0.07756663513670568, -0.034413428389011944, 0.029849939341502582], "aligned_model": [[-0.5138647144589635, -0.4439411058171149, 0.2186599993427792, 0.349712807935019, 0.40880079995422053, 0.003376116065284762, -0.6838687745109973, -0.3462530685187332, 0.25754665874794713, 0.14238045538636068, 0.5606059882576837, -0.4180402790767066, -0.03189907751291947], [-0.6299201404199682, 0.3327179327515065, -0.5560362178247603, 0.10044154835060161, 0.4815518059496493, 0.6505414058648111, 0.018828544959578496, -0.08342993467174249, 0.18751686895676367, -0.6488906043363075, -0.20213812990751162, 0.6603109746428998, 0.006004072220106432], [0.00017473918245737574, 0.8059479198631578, 0.23208918631624642, 0.4913305791304152, 0.04521443527419972, 0.42186570699260345, -0.016619787895573265, -0.6514068144500079, -0.5526939092985115, -0.3974129212015281, -0.0917055594550777, -0.1810963830743449, 0.029926090651749393]], "inverted": false, "swapped": false, "error_lsq": 0.03833240710808124, "error_max": 0.20814445322677985, "target": "883.xyz", "model": "6.xyz", "model_rescale": 3.89814844738969, "target_rescale": 4.06774636465479},
{"mapping": [7, 0, 8, 6, 5, 1, 4, 4, 10, 11, 9, 2, 12], "R": [[-0.8455414932423164, 0.5103942236626198, 0.15670775238444978], [0.17156709357862296, 0.5376832249777421, -0.8255068031085625], [-0.5055930335818901, -0.6711143613642662, -0.5422003304721376]], "T": [-0.0966298229394971, -0.05534356325455217, 0.10201043710807825], "aligned_model": [[-0.5846061062472929, -0.38852893602145455, 0.26356785305642383, 0.3447266327458903, 0.47779001369212926, -0.027635742125361434, -0.5578607896614262, -0.5578607896614262, 0.14870113406011062, 0.030895560078615908, 0.7592466404450969, -0.30661820628103276, -0.09860145828641309], [-0.4676536299353219, 0.21928458393109965, -0.6091361140936808, 0.001269399440219865, 0.46569460896005055, 0.7292200017251838, -0.03463884551318752, -0.03463884551318752, 0.2347504552122636, -0.6644156925093314, -0.07741390169189893, 0.5394132166399052, 0.015762889883512488], [0.25417559536963624, 0.5383413620075764, 0.2478124163709216, 0.6112994537847894, 0.13573992575214155, 0.40941317189217363, -0.3478040784250237, -0.3478040784250237, -0.5261311433015917, -0.41578178692984913, -0.15281157650172542, -0.220040950332111, -0.050795029226128746]], "inverted": false, "swapped": false, "error_lsq": 0.05126566078363401, "error_max": 0.4012719358440132, "target": "883.xyz", "model": "7.xyz", "model_rescale": 3.7474275329858107, "target_rescale": 4.06774636465479},
{"mapping": [8, 5, 2, 3, 0, 6, 9, 11, 12, 4, 1, 7, 14], "R": [[-0.004853527554848219, -0.37186620630306644, 0.9282736492436054], [0.9467433619980836, -0.3005758986928328, -0.1154605371439176], [0.321952558279695, 0.878276524640595, 0.35352071577546684]], "T": [0.0068400918038234865, 0.044856102344318444, -0.12780377018841638], "aligned_model": [[-0.30949369308944996, -0.4360109026672463, 0.41091432478211903, 0.12538774546833825, 0.4866767687291277, -0.003950454526960467, -0.7546183935793398, -0.4032551826188733, 0.18626069565903092, -0.10920964059248456, 0.7416314662151471, -0.46212665035096, 0.03100972236541138], [-0.43276282140129374, 0.17803131437017394, -0.6148489243229636, 0.045362268480931604, 0.4035930917517515, 0.6580496452519852, 0.02219460701884808, 0.24691387236712256, 0.12828381300982455, -0.726892738520292, -0.11266668623306983, 0.5298905034243512, -0.007649818661742552], [0.24236297071587376, 0.4191595042823115, 0.20401363122803928, 0.5793600966706681, 0.14656418263248827, 0.411469204699044, -0.12499810520637122, -0.5490809699743195, -0.7121758116181044, -0.184035719117841, -0.11943554341242801, -0.03458651617565234, -0.1430036426879223]], "inverted": true, "swapped": false, "error_lsq": 0.04991627185472746, "error_max": 0.2660567515015137, "target": "883.xyz", "model": "8.xyz", "model_rescale": 4.019505241142653, "target_rescale": 4.06774636465479},
{"mapping": [4, 5, 8, 11, 10, 6, 3, 0, 1, 7, 9, 2, 12], "R": [[0.461172688554612, -0.4763037477171159, -0.7486350855002329], [0.10031861731003076, -0.8103146663398554, 0.5773441924324973], [-0.8816211920957405, -0.3413574100926461, -0.3259128598606177]], "T": [-0.002732069615252873, 0.09311901235006279, 0.008914703671966747], "aligned_model": [[-0.5554474133674406, -0.4003873119689489, 0.21730623491574672, 0.2790122912392271, 0.6527567325244323, 0.0326667238102158, -0.8606519135697074, -0.3378198940096917, 0.30280258820330097, -0.01844051096804874, 0.6221600382999783, -0.41728571291721445, -0.013456046397989132], [-0.5250013588215428, 0.07082150821722209, -0.5119566212965192, -0.027957087907920647, 0.7279951498200088, 0.708916800420969, 0.09259179044070401, -0.16931797250530892, 0.2933171330444414, -0.7146955745086919, -0.18403496644301262, 0.4732863273048782, 0.08353299877039971], [0.0036585865976969893, 0.5491904190988465, 0.21288419524463356, 0.5504035928156027, -0.06488555756409863, 0.39310456246303044, 0.05825101005975477, -0.48250065729440855, -0.5593058411103341, -0.3994635868922858, 0.0029492250768030828, -0.17436173147934866, 0.045689065019893796]], "inverted": true, "swapped": false, "error_lsq": 0.04678633838535319, "error_max": 0.31791605655885535, "target": "883.xyz", "model": "9.xyz", "model_rescale": 3.877068213659057, "target_rescale": 4.06774636465479},
{"mapping": [12, 1, 3, 4, 2, 7, 0, 11, 9, 6, 13, 8, 15], "R": [[-0.2971774247511306, -0.29545778623333563, 0.9079594015000795], [-0.9520423323915721, 0.16420032020361103, -0.2581736860709218], [-0.0728077987079774, -0.9411391774860549, -0.3300849482302556]], "T": [0.03400917551924164, -0.048150376210873036, -0.05521448304367317], "aligned_model": [[-0.476291954647475, -0.4599154591966059, 0.1622803133181298, 0.3109001531076354, 0.5092727573750416, 0.041063785169294806, -0.7591258562528305, -0.5316522662599985, 0.15243497742957007, 0.16692686882048224, 0.7780397029015163, -0.3349263794063384, -0.055790836564562074], [-0.5903267459823871, 0.2419337575191371, -0.5024819985945916, 0.08015751122212089, 0.4149096944722075, 0.619991882779713, -0.03197523855606002, -0.015915351603149025, 0.4049341960401802, -0.6195328090737083, -0.2503884761640168, 0.617099523052976, -0.05090781857679458], [-0.11712374184624721, 0.596549477897986, 0.3689206780054689, 0.548904008891143, -0.04778100135064135, 0.4136380776302025, 0.011428010393712482, -0.5281238958665464, -0.520332751583653, -0.245371200905737, -0.11140007918955118, -0.18425735828012646, -0.049436941760224826]], "inverted": false, "swapped": false, "error_lsq": 0.04056447396804583, "error_max": 0.22533861978809225, "target": "883.xyz", "model": "10.xyz", "model_rescale": 4.260839863003843, "target_rescale": 4.06774636465479},
{"mapping": [10, 9, 0, 2, 1, 3, 4, 8, 7, 6, 11, 12], "R": [[-0.37905581824711126, -0.2946295125704923, 0.8772172689678922], [-0.20420133378972416, -0.897959520716564, -0.38983395751650013], [0.902562187293214, -0.3268977660935493, 0.2802130414372902]], "T": [0.00581739669834545, 0.05757257633742068, -0.06991401330889767], "aligned_model": [[0.42610852420746803, 0.073021563415275, -0.4170965268366328, -0.35772855831452705, -0.6574796118218509, -0.36657965256423297, 0.27196903726949595, 0.6868580580024651, 0.42235340751364614, -0.284127999868026, 0.13060762864048361, 0.03099277945056646], [-0.02060341248368807, -0.6815120889504064, -0.47696162705166106, -0.3677147570418437, 0.4176364128093685, 0.3614079715609173, 0.6357671886072583, 0.16830286725459634, -0.26239684566731575, -0.08474090277128121, 0.4034876408032481, 0.08040605846374205], [-0.7045198301068342, -0.23867579937546995, 0.15188269123554643, -0.5704362368423614, 0.26176984619451177, -0.44239448789013036, -0.46242164257049645, -0.02176447934994688, 0.4266761131880255, 0.5695491577205696, 0.5469208491593877, -0.00040810396729708265]], "inverted": true, "swapped": true, "error_lsq": 0.04545896761793139, "error_max": 0.24584730169593857, "target": "883.xyz", "model": "11.xyz", "model_rescale": 3.890672605050136, "target_rescale": 4.06774636465479},
{"mapping": [4, 7, 10, 12, 9, 5, 3, 0, 6, 2, 11, 8, 13], "R": [[-0.7433929313254064, 0.6685545302542903, 0.02004469335970407], [-0.668711981406344, -0.743519805548607, -0.0016076941759189233], [0.013828795284514589, -0.014599275099361446, 0.9997977923498091]], "T": [0.023757688259369872, 0.06471160500729521, -0.15147193195512323], "aligned_model": [[-0.34190095815355115, -0.4408577611315361, 0.38501279851866754, 0.11328261537629626, 0.6645242937339306, 0.09179604489300501, -0.8945435526300597, -0.44305959002755435, 0.22738767957115763, 0.15448054907549252, 0.48311137653478087, -0.434820460791554, -0.06119722917521532], [-0.5084183317763854, 0.24933774239688572, -0.5792552695477132, -0.03867353282865903, 0.4245560981127235, 0.6081637832176162, 0.020529508212972787, -0.04586456202594699, 0.3994899450679902, -0.6320086567317927, -0.2151761153241824, 0.6130463452480462, 0.021771172514072172], [0.0184482660524887, 0.5391870604979452, 0.35285129200938803, 0.5809411669476903, 0.10494669863108666, 0.4007985578052037, -0.06296244486008945, -0.49578150156398626, -0.5739842200676989, -0.20675795377758313, -0.2673132759160645, -0.24217000082248974, -0.012590362900104929]], "inverted": false, "swapped": false, "error_lsq": 0.04281522566510068, "error_max": 0.24529984549130684, "target": "883.xyz", "model": "12.xyz", "model_rescale": 4.124412569039231, "target_rescale": 4.06774636465479},
{"mapping": [8, 1, 2, 4, 5, 0, 6, 9, 7, 11, 10, 3, 12], "R": [[-0.8226568941325436, 0.5684354725399353, -0.010805003215997935], [0.5511206133782495, 0.7926421093018827, -0.2607384821445518], [-0.13964850176704152, -0.2204531699018254, -0.9653490020891191]], "T": [-0.06577855262215926, 0.1655163252756679, -0.023519776260578926], "aligned_model": [[-0.4072946979997933, -0.47574923890701304, 0.12508130732399805, 0.44038346539666473, 0.5624254520748297, -0.040343406816678445, -0.7274754237208113, -0.34080222766869017, 0.28209501040192514, 0.09236635754989703, 0.4956482456714445, -0.5195848130744831, 0.016465775562569757], [-0.4653353645027884, -0.06016627591153234, -0.551878005879032, 0.09469035388609706, 0.5886234439889693, 0.6290063861192801, 0.06777075320165106, 0.027199581365164205, 0.2891792116445211, -0.788006250400306, -0.2833737766059315, 0.6929969850765885, 0.07679108455294581], [-0.04051944827246308, 0.6427051848578397, 0.41387409788188695, 0.5740251584860578, -0.014247578624308158, 0.32475800116867964, -0.008827305322828893, -0.5837623384765254, -0.5302437141201365, -0.2608755143404147, -0.19057455436653903, -0.18029160815709672, -0.01040709867836571]], "inverted": true, "swapped": false, "error_lsq": 0.0454267415500411, "error_max": 0.29679660161922167, "target": "883.xyz", "model": "13.xyz", "model_rescale": 3.9028299243045295, "target_rescale": 4.06774636465479},
{"mapping": [13, 10, 8, 4, 3, 7, 14, 11, 1, 12, 2, 9, 15], "R": [[0.19744335950571837, 0.5424955942054818, 0.8165259641032472], [0.964890196306107, 0.03962693023640351, -0.25964709794719876], [-0.173213824100326, 0.8391234930972205, -0.5156246061553509]], "T": [0.10558260516265437, -0.005180816549548984, 0.030630093945823465], "aligned_model": [[-0.4843188068841485, -0.4283897758758122, 0.4745498503995562, 0.2106750435649969, 0.5348512115964446, -0.19100571606254396, -0.7703613097594625, -0.34518259190444267, 0.18040458726594444, -0.13143106376036767, 0.7415330588597023, -0.337035543676399, 0.04892686203039205], [-0.5068415192533422, 0.1652587991985443, -0.6778647285672114, 0.10148151460259651, 0.4068742715961877, 0.7740709931020748, 0.031892568114158984, 0.01068015880401002, 0.08226534763386069, -0.5758197812113637, -0.177815494211414, 0.5899274405284746, 0.09338855619905076], [0.2123007168411022, 0.5217272693813245, 0.11932443430939865, 0.6916459790700379, 0.2167174742319464, 0.3847909905799079, -0.08936355106692287, -0.5545330071737031, -0.6088647028324999, -0.2894261225446965, -0.29787265804704394, -0.19471584708598033, 0.023882306372915316]], "inverted": true, "swapped": false, "error_lsq": 0.04620645769125166, "error_max": 0.30357633764385566, "target": "883.xyz", "model": "14.xyz", "model_rescale": 3.942246331269136, "target_rescale": 4.06774636465479},
{"mapping": [5, 9, 3, 4, 11, 6, 2, 0, 8, 1, 13, 7, 14], "R": [[-0.09630560675786198, 0.43556503674051306, -0.8949906864745775], [0.11619767851096333, -0.8881022835232378, -0.44471612688261386], [-0.9885460685348268, -0.14682449649171578, 0.03491758316795818]], "T": [0.050106454990894056, 0.004397989905343857, 0.09925575854461559], "aligned_model": [[-0.4149021699345969, -0.527629997164794, 0.16769975795901945, 0.4778089559074591, 0.561567102562974, -0.021293788083143222, -0.6732440218914562, -0.3387457420977685, 0.1356792444208271, -0.13387748708645672, 0.8259945097191765, -0.5611399114163256, 0.005299352898944787], [-0.41119084927788757, 0.3478704515802547, -0.6869718873292252, -0.15289193390143252, 0.5032968981476605, 0.5580683304747005, -0.08126672525955438, 0.012915429701566405, 0.5191825147555575, -0.706654876986897, -0.09356604686514373, 0.5389036158560012, -0.030196794359973144], [0.2168672107095825, 0.5424369472856277, 0.2565053641096213, 0.4680299814794335, 0.1594131354515505, 0.1330277676823888, -0.12894056659950148, -0.5247946439926275, -0.472159254359063, -0.24308203563333003, -0.12284921784021986, -0.16844019493639217, 0.019598788678715465]], "inverted": true, "swapped": false, "error_lsq": 0.04891639298960932, "error_max": 0.305108377088511, "target": "883.xyz", "model": "15.xyz", "model_rescale": 4.355366556412066, "target_rescale": 4.06774636465479},
{"mapping": [2, 0, 9, 4, 10, 3, 8, 5, 7, 1, 11, 12], "R": [[0.9565987139712068, 0.12260391173044102, 0.26436183774710686], [0.07031213260848948, -0.9774924470458342, 0.19890882327436737], [0.2827986994960897, -0.17168807994948732, -0.9436885602605232]], "T": [-0.01019055898487007, -0.021931546467193065, -0.05444548359668307], "aligned_model": [[-0.2249798395962411, 0.4777510682911685, 0.1290614469103232, -0.6430092665835072, -0.6178592371378326, -0.4064389033349213, -0.12582797056715342, -0.15846424157560426, 0.4966594892439449, 0.2510305408143124, 0.38122932029449597, 0.038656147872795275], [-0.7341864882812367, -0.5290037723336621, -0.6474932647263277, 0.3762317697080885, -0.17861540979491702, -0.10888663499676757, 0.38303023672040015, 0.5958046466905209, 0.12603342789019206, 0.11746055870130154, 0.5749221002332081, 0.037479257930180504], [0.046132527846538304, 0.08181715099314561, -0.46496283819568135, -0.03980303057006264, -0.4922463565621835, 0.39850404539414297, -0.60310740180925, 0.39418342091009456, -0.5480990342089175, 0.7149415766910614, 0.024745954666540323, -0.06284755394600709]], "inverted": true, "swapped": true, "error_lsq": 0.040648418417931126, "error_max": 0.23462336835889197, "target": "883.xyz", "model": "16.xyz", "model_rescale": 3.795458400668931, "target_rescale": 4.06774636465479},
{"mapping": [7, 0, 8, 6, 5, 1, 4, 4, 10, 11, 9, 2, 12], "R": [[-0.8455414932423164, 0.5103942236626198, 0.15670775238444978], [0.17156709357862296, 0.5376832249777421, -0.8255068031085625], [-0.5055930335818901, -0.6711143613642662, -0.5422003304721376]], "T": [-0.0966298229394971, -0.05534356325455217, 0.10201043710807825], "aligned_model": [[-0.5846061062472929, -0.38852893602145455, 0.26356785305642383, 0.3447266327458903, 0.47779001369212926, -0.027635742125361434, -0.5578607896614262, -0.5578607896614262, 0.14870113406011062, 0.030895560078615908, 0.7592466404450969, -0.30661820628103276, -0.09860145828641309], [-0.4676536299353219, 0.21928458393109965, -0.6091361140936808, 0.001269399440219865, 0.46569460896005055, 0.7292200017251838, -0.03463884551318752, -0.03463884551318752, 0.2347504552122636, -0.6644156925093314, -0.07741390169189893, 0.5394132166399052, 0.015762889883512488], [0.25417559536963624, 0.5383413620075764, 0.2478124163709216, 0.6112994537847894, 0.13573992575214155, 0.40941317189217363, -0.3478040784250237, -0.3478040784250237, -0.5261311433015917, -0.41578178692984913, -0.15281157650172542, -0.220040950332111, -0.050795029226128746]], "inverted": false, "swapped": false, "error_lsq": 0.05126566078363401, "error_max": 0.4012719358440132, "target": "883.xyz", "model": "17.xyz", "model_rescale": 3.7474275329858107, "target_rescale": 4.06774636465479},
{"mapping": [9, 4, 12, 10, 3, 8, 6, 2, 1, 7, 11, 0, 13], "R": [[-0.8312683567550608, 0.4215199627625017, -0.36237251558367434], [-0.019341417353540447, -0.6734383267854737, -0.7389903447211863], [-0.5555347231564354, -0.6072904914528803, 0.5679607648054767]], "T": [0.012900653150570748, -0.00258996785560784, 0.03795147892848174], "aligned_model": [[-0.4592704242968849, -0.613668500291892, 0.14969916258325366, 0.49147874034615785, 0.49923118534124866, 0.022847006818683666, -0.7539285009459588, -0.4245098953333995, 0.23459515542360093, 0.16923214262552155, 0.6918746287195896, -0.43674967789856356, -0.06761521729749707], [-0.45698034640372404, 0.25948277218937765, -0.6750377337662179, 0.02701557349556275, 0.46942011173839054, 0.5833038205341949, -0.0655169782679515, -0.006550335068166067, 0.26164653146878114, -0.5977516985872595, -0.16912923881915765, 0.6538666475136986, 0.03372900050809755], [0.1732586234592992, 0.5153975982972695, 0.3351670459035735, 0.5344652217805541, 0.0021984436722461073, 0.45446557231987417, -0.016930678905350917, -0.5210557226138388, -0.5616726007217457, -0.3965163124063251, -0.14369563371849986, -0.21899536908905556, -0.020472905942214674]], "inverted": false, "swapped": false, "error_lsq": 0.03776478398014273, "error_max": 0.23532576559791124, "target": "883.xyz", "model": "18.xyz", "model_rescale": 3.922800546911778, "target_rescale": 4.06774636465479},
{"mapping": [3, 13, 5, 8, 6, 4, 7, 9, 10, 0, 1, 11, 14], "R": [[-0.4298939572604319, -0.5969044790845647, -0.677418798351323], [0.5701861710607526, -0.761225506662814, 0.3089068764806319], [-0.700056366189212, -0.25345763128129867, 0.6675929248450954]], "T": [-0.0012180684867598504, -0.01876029914886748, 0.0678909940010422], "aligned_model": [[-0.3694290227614547, -0.37939425161012963, 0.2038920185746184, 0.30192625585227106, 0.5615378484964088, 0.07444869280507788, -0.7960479589482137, -0.4069415436181676, 0.08551079937240919, 0.10756275315944566, 0.6748344333024423, -0.46039085003853003, -0.09429336879231764], [-0.5025302334602374, 0.3267014202322722, -0.6644009325646283, 0.04996231534215094, 0.3800580136355445, 0.6926553418350251, -0.057424445428626625, 0.044207489961010066, 0.575963741163805, -0.7866489596190329, -0.22538384181240922, 0.5114382109826235, -0.02709999373186984], [-0.13094709941567886, 0.5255510444540519, 0.41947561376402903, 0.5949311963577222, 0.06370731125261117, 0.17756991673119357, -0.0025472632186392397, -0.6350789236888199, -0.4700514440137919, -0.24348719027041482, -0.15175132973819982, -0.05577593490544569, 0.044017384727168235]], "inverted": false, "swapped": false, "error_lsq": 0.0440754022337498, "error_max": 0.316634894295889, "target": "883.xyz", "model": "19.xyz", "model_rescale": 3.9282355846067225, "target_rescale": 4.06774636465479},
{"mapping": [10, 9, 2, 7, 6, 8, 11, 0, 3, 1, 5, 4, 13], "R": [[0.4725076543120879, 0.1293703086200445, -0.8717796968638596], [-0.4651455081860846, 0.8767875337833115, -0.12199703609714246], [0.7485827762050083, 0.4631489434833386, 0.4744648388652942]], "T": [-0.0005863465941417512, 0.0910250017534979, 0.1332351103044177], "aligned_model": [[-0.484943650359033, -0.47832862045607566, 0.27108388505428144, 0.3411393382735623, 0.546698737005364, -0.19226884750172513, -0.6989424759942167, -0.4298150956427129, 0.22014976537662861, 0.08525359889944084, 0.6185765574429245, -0.25489189357100783, -0.04049549273357071], [-0.6130896198332576, 0.27546370158094324, -0.6867000314480128, -0.09584848301105064, 0.4460195323008612, 0.803032035231106, 0.12530740853426253, -0.08163115398860935, 0.18375990696676558, -0.41635330846309615, -0.10518736942044779, 0.5140386685042782, -0.03131316041811549], [0.24211555367608145, 0.598175440894242, 0.14066937742893842, 0.619444564524793, 0.09715222505388404, 0.32011844892082925, -0.023246851725135076, -0.519566177279633, -0.5802288869432856, -0.4114662302355382, -0.12333487217848349, -0.2614242003150948, 0.03720489021418731]], "inverted": false, "swapped": false, "error_lsq": 0.04637501594120292, "error_max": 0.30950108283763184, "target": "883.xyz", "model": "20.xyz", "model_rescale": 4.067790424073018, "target_rescale": 4.06774636465479},
{"mapping": [4, 7, 2, 0, 12, 9, 5, 13, 11, 6, 3, 1, 14], "R": [[-0.584206628337188, 0.8099602255938184, 0.05164347357513349], [-0.7771951359821546, -0.5399724879087525, -0.32310591592744353], [-0.23381688564467473, -0.22889767420758741, 0.9449526542265396]], "T": [-0.0805081083403034, 0.005192567991688619, -0.004227280602241189], "aligned_model": [[-0.4497876456364362, -0.2792258747519785, 0.217600182528697, 0.20541759343263694, 0.5185245977474303, -0.044927155453147204, -0.6378852486185248, -0.3710671667669732, 0.3028640757089624, 0.04487714060105526, 0.7335667829270062, -0.6660074085066654, -0.07073406741820291], [-0.689894657065805, 0.39450829554175565, -0.6120426597396484, -0.07588747395743357, 0.48285917589726596, 0.7687019432637138, -0.13695813997617584, 0.23648442289805546, 0.13264984916339195, -0.5947986062152776, -0.2362285356049224, 0.5726655351317618, 0.0754389771989457], [0.14729455819502854, 0.600428382402169, 0.28538289204633793, 0.6408545354367314, -0.007107493593247876, 0.13661777302852757, -0.13685465551930992, -0.5976942270258622, -0.5090170031132697, -0.41877044230802896, -0.056600353809113255, 0.08780587836104017, -0.036726562065217225]], "inverted": true, "swapped": false, "error_lsq": 0.05420662939249416, "error_max": 0.32792839116043043, "target": "883.xyz", "model": "21.xyz", "model_rescale": 4.186013935880536, "target_rescale": 4.06774636465479},
{"mapping": [5, 3, 0, 6, 7, 4, 11, 8, 9, 2, 1, 11, 12], "R": [[0.8660927457042805, 0.11059821867283579, 0.48749501522048017], [0.49616721797935825, -0.07150559159508983, -0.8652774365330811], [-0.06083952367535868, 0.9912895562836481, -0.11680568463017392]], "T": [0.029002253481010945, 0.060226132423581824, -0.033161780261169914], "aligned_model": [[-0.4225527025280419, -0.5271787163953566, 0.377802402278012, 0.13476404374692455, 0.6509941834565363, -0.04361578185495131, -0.5283899319836177, -0.36380818860600705, 0.16964243882989605, -0.10211218780605096, 0.6850460488065627, -0.5283899319836177, 0.0010141298335716031], [-0.5174092802395669, 0.04831630339803161, -0.4910177680392554, 0.07506519544801527, 0.3949690175201825, 0.6735843638772092, 0.3392965248607603, -0.08447130971634609, 0.279381336783615, -0.6031765204266513, -0.2131595440553114, 0.3392965248607603, 0.07682328226418358], [0.2137678207509246, 0.7036282437324733, 0.27709143794627916, 0.5131413360996104, 0.16532494424044122, 0.349113578113509, -0.13514043665447323, -0.6753694861703872, -0.5967592384751644, -0.3371438954295564, -0.20633812519132871, -0.13514043665447323, -0.0005624602720681604]], "inverted": true, "swapped": false, "error_lsq": 0.05002146063116629, "error_max": 0.4209372418230486, "target": "883.xyz", "model": "22.xyz", "model_rescale": 4.166573947596378, "target_rescale": 4.06774636465479},
{"mapping": [4, 11, 8, 9, 14, 12, 2, 1, 5, 0, 10, 6, 15], "R": [[0.2970030916598542, -0.14666132621350614, -0.94354629930798], [-0.668989980843328, -0.7370435379917668, -0.09601681433906678], [-0.6813527493712286, 0.6597403114088713, -0.31701916728550245]], "T": [-0.003326099563495194, 0.025742900617967298, 0.08273649042045364], "aligned_model": [[-0.4065668418077213, -0.3153201742710864, 0.19689751727626723, 0.250711168668149, 0.5693291975319282, -0.06984565573814477, -0.6731842268046302, -0.4180403257657168, 0.17659828594343158, -0.08414061590357633, 0.7320545745281205, -0.4268571764584721, -0.028419921404688266], [-0.5864084462606978, 0.3524826896424946, -0.7323721288468737, -0.05175200155073556, 0.5450139750330827, 0.6547869658486741, 0.05181408827479962, -0.06335168302218463, 0.14588158463196854, -0.553427890834294, 0.016658998697879384, 0.5132754676597197, 0.024896507261793627], [0.032525478943329966, 0.7292611496887333, 0.28085576151822744, 0.6211682621142876, 0.25126312097055425, 0.2537922353504935, 0.02425895856202709, -0.4901276528269851, -0.7199190355087487, -0.4871634754641696, -0.05894618319402148, -0.31980674321380353, 0.018451405095860907]], "inverted": true, "swapped": false, "error_lsq": 0.04669386957442548, "error_max": 0.2619850461569854, "target": "883.xyz", "model": "23.xyz", "model_rescale": 4.274766983524099, "target_rescale": 4.06774636465479},
{"mapping": [2, 3, 1, 0, 11, 7, 9, 8, 10, 4, 12], "R": [[-0.9597040952567887, 0.2181011551614006, -0.17720026993380106], [-0.08990109110464828, -0.8357295081855324, -0.5417323905455187], [-0.2662439546084437, -0.5039722961286972, 0.8216605633527913]], "T": [-0.0818706258583758, 0.12089955253902984, 0.029083179618642496], "aligned_model": [[0.3304048378953917, 0.25319335760258155, -0.47993902872828287, -0.3987415847612205, -0.6488560689955364, -0.5342056680478474, 0.04325540921979394, -0.023614138265653783, 0.599721231196182, 0.38395181742684825, -0.14527546058418161], [-0.24517068628836802, 0.4762454940523675, 0.6163951217672832, -0.3115828237504577, 0.46040330669084134, -0.25386453313479573, -0.6232920459329022, 0.09861210678809335, -0.06317788064697943, 0.619851078921495, 0.14116739277690588], [-0.4804057759254573, -0.3331302967618327, -0.49593944657339817, -0.4466568429381266, 0.31011661100399, 0.4503067814677202, -0.06973697537781161, 0.7179267095380847, 0.3240894486933754, 0.3344759924311511, 0.0685202284638825]], "inverted": true, "swapped": true, "error_lsq": 0.0504987971206663, "error_max": 0.23479775670160827, "target": "883.xyz", "model": "24.xyz", "model_rescale": 3.7841303162186577, "target_rescale": 4.06774636465479},
{"mapping": [0, 8, 10, 9, 12, 2, 1, 6, 3, 7, 13, 4, 15], "R": [[0.15426011249166507, -0.624510506432704, -0.7656307498064759], [0.4929420815702275, 0.7202197993476409, -0.48815114958878797], [0.8562779466454046, -0.3021093642752762, 0.41894869626950554]], "T": [0.01130815035979816, -0.043456445160561075, 0.03798496354892577], "aligned_model": [[-0.5668690221032948, -0.40487456968025015, 0.2795210913004529, 0.2886561709186798, 0.5749576201629921, -0.09024946158974306, -0.7230150123830154, -0.23843316213418375, 0.2214524282797568, -0.17476655526157356, 0.7161897917558282, -0.3782836597395345, -0.001069853732254985], [-0.47713180760901575, 0.08163017893738264, -0.7061485544046147, 0.07785912677514993, 0.4507777647267746, 0.6012482357242741, 0.05821002807729331, -0.02495674304663994, 0.3791824844471074, -0.6270872570492068, 0.024338255107504037, 0.5139190166600283, -0.034342601810410274], [0.1757049207061136, 0.4387380841240619, 0.34483361017268194, 0.5384860285069388, 0.152892436742601, 0.4159200820911316, 0.09689009644896845, -0.6397417439803764, -0.6148684696738265, -0.18009034326589787, -0.2944992428570963, -0.2690250671050669, -0.02962710987444741]], "inverted": true, "swapped": false, "error_lsq": 0.04023738632378449, "error_max": 0.2558827630389928, "target": "883.xyz", "model": "25.xyz", "model_rescale": 4.19342608120988, "target_rescale": 4.06774636465479},
{"mapping": [2, 0, 9, 4, 10, 3, 8, 5, 7, 1, 11, 12], "R": [[0.9565987139712068, 0.12260391173044102, 0.26436183774710686], [0.07031213260848948, -0.9774924470458342, 0.19890882327436737], [0.2827986994960897, -0.17168807994948732, -0.9436885602605232]], "T": [-0.01019055898487007, -0.021931546467193065, -0.05444548359668307], "aligned_model": [[-0.2249798395962411, 0.4777510682911685, 0.1290614469103232, -0.6430092665835072, -0.6178592371378326, -0.4064389033349213, -0.12582797056715342, -0.15846424157560426, 0.4966594892439449, 0.2510305408143124, 0.38122932029449597, 0.038656147872795275], [-0.7341864882812367, -0.5290037723336621, -0.6474932647263277, 0.3762317697080885, -0.17861540979491702, -0.10888663499676757, 0.38303023672040015, 0.5958046466905209, 0.12603342789019206, 0.11746055870130154, 0.5749221002332081, 0.037479257930180504], [0.046132527846538304, 0.08181715099314561, -0.46496283819568135, -0.03980303057006264, -0.4922463565621835, 0.39850404539414297, -0.60310740180925, 0.39418342091009456, -0.5480990342089175, 0.7149415766910614, 0.024745954666540323, -0.06284755394600709]], "inverted": true, "swapped": true, "error_lsq": 0.040648418417931126, "error_max": 0.23462336835889197, "target": "883.xyz", "model": "26.xyz", "model_rescale": 3.795458400668931, "target_rescale": 4.06774636465479},
{"mapping": [8, 11, 1, 9, 3, 4, 5, 5, 7, 6, 0, 10, 12], "R": [[0.4837705213412393, -0.4954354855651811, -0.7214636250872378], [-0.42399405507037485, 0.588479428167884, -0.6884192065073286], [0.7656338053836215, 0.6389332064198835, 0.07462729921283039]], "T": [0.0355892635050097, -0.023812659567511597, 0.20009213123837016], "aligned_model": [[-0.5267957458293627, -0.5074313094982462, 0.1852169528001686, 0.27506646699909776, 0.5509890986283785, -0.09073926733605052, -0.41803154419240607, -0.41803154419240607, 0.1089604879617435, -0.11712458646925263, 0.7338431608528708, -0.3167414161110974, 0.044035052180422425], [-0.486914704691938, 0.21938694329899497, -0.5920443553219639, 0.051547891684196254, 0.46683989881195714, 0.7598124775481584, -0.09471892176551493, -0.09471892176551493, 0.3207770706397102, -0.633528796508484, -0.13618626683145946, 0.5260402145278047, 0.011205596909680187], [0.19672951563089505, 0.5970268893462024, 0.2713484649038056, 0.548439294908606, 0.003369901283687804, 0.4624581530715559, -0.39661628389023035, -0.39661628389023035, -0.5320845413529174, -0.3348019443090056, -0.23704269844456, -0.08488389855993422, 0.03828671333791123]], "inverted": false, "swapped": false, "error_lsq": 0.05286601418912747, "error_max": 0.5199596732521469, "target": "883.xyz", "model": "27.xyz", "model_rescale": 3.6321398670334006, "target_rescale": 4.06774636465479},
{"mapping": [4, 3, 12, 8, 10, 0, 1, 13, 11, 6, 9, 2, 14], "R": [[0.1746308204513602, 0.9014994000574976, -0.39598346966061193], [-0.9824004436480211, 0.1324511094562137, -0.13170448710651111], [-0.06628306622853122, 0.4120139989124036, 0.908763456478942]], "T": [-0.02090316380788272, 0.03365446408285869, 0.11551290199454563], "aligned_model": [[-0.6220373892952719, -0.39778178872525266, 0.3913526592828632, 0.28825676625734953, 0.6242633996824781, -0.0023876760025878, -0.6754294287987053, -0.12379163608201967, 0.12052739951431386, -0.04275860478849046, 0.4791519215853024, -0.47428245107457295, -0.06186736576154659], [-0.5365244699743583, 0.21976178771618698, -0.6452392543786967, -0.01905229466894485, 0.4676401067233956, 0.635129494754024, 0.05579611745185936, -0.09492578842302335, 0.4386070876899524, -0.6341914938793699, -0.11371690408295718, 0.5125318097039208, 0.03168192790363804], [0.11457563784627202, 0.6585475658353402, 0.34498661774683653, 0.5262095674527679, 0.12490440520354791, 0.2807299059932229, -0.020031599072651077, -0.6840860054913684, -0.3625421207913369, -0.2812383466157422, -0.3025765054742144, -0.33009608967964515, 0.06623024908275663]], "inverted": false, "swapped": false, "error_lsq": 0.044863390879562245, "error_max": 0.26612243865301516, "target": "883.xyz", "model": "28.xyz", "model_rescale": 4.156811204709835, "target_rescale": 4.06774636465479},
