[{"mapping": [3, 5, 0, 2, 7, 9, 6, 4, 1, 11, 11, 12, 8, 13], "R": [[-0.35670157032714195, 0.11089036273615899, -0.9276137758670869], [0.6933958642624469, -0.6339926013306478, -0.34242598745091307], [-0.626072012750838, -0.7653474432636733, 0.1492552375626166]], "T": [-0.025877720005157343, -0.19438778802685464, -0.04764014356431231], "aligned_model": [[-0.3239042395468854, -0.7223706907351723, 0.3758793919213933, 0.1811068292049529, 0.465443944321095, 0.7065658621088293, -0.4197409036223696, 0.21833920688025285, -0.19800773177173367, -0.08548805320413157, -0.08548805320413157, 0.2801569139071851, -0.08219275751216595, 0.07293021114752063], [-0.15618162487584092, -0.17781143448525297, -0.6424663458972784, -0.001788064963839986, 0.3527762575982757, -0.17831295726997481, 0.39213123073546685, 0.6721099502415722, -0.7400565819194516, 0.025231995698311777, 0.025231995698311777, -0.6201551268970238, 0.5194210519368258, -0.09064121629339833], [-0.47533254301145517, 0.24735820671673556, -0.530578300654664, -0.7627072652207629, 0.12731416994150188, -0.04429789875043497, -0.3398960543833257, -0.3684890002077909, -0.12287936102441585, 0.6121140527964983, 0.6121140527964983, 0.19768572945188415, 0.26522514400046276, 0.029906641348291747]], "inverted": true, "swapped": false, "error_lsq": 0.054746485407420095, "error_max": 0.3728208863553258, "target": "884.xyz", "model": "0.xyz", "model_rescale": 3.8414455957264533, "target_rescale": 4.00848545525226},
{"mapping": [8, 10, 9, 13, 0, 7, 12, 11, 6, 5, 3, 2, 1, 14], "R": [[-0.7098350307453775, -0.22636465217851967, 0.6670032034186999], [-0.6562721472610124, 0.5564622606115565, -0.5095651295413539], [-0.25581457709858857, -0.7994428039323229, -0.5435532222190356]], "T": [0.09091153979016961, -0.0924030653647366, -0.02443279693802363], "aligned_model": [[-0.37366074778737834, -0.5805633032852595, 0.32852633527025565, 0.25823980988032413, 0.6866554123317968, 0.6916275666391453, -0.45657736582154596, -0.037450633528816474, -0.27902659144306097, -0.2408576668818648, -0.008205367320117757, 0.2897770665294963, 0.05444014491788432, 0.05030527039378012], [-0.24284293983602812, -0.08224273743058365, -0.5356457190400423, 0.13479489835067643, 0.3191169667060706, -0.3012598388024464, 0.3086353785978178, 0.6990797251569967, -0.773064677491759, -0.3298560111954919, 0.20327989845115219, -0.6647762521509647, 0.668518034334782, -0.02424759634347594], [-0.6455952807412532, 0.10747475881026763, -0.48550203135436526, -0.7281581240021675, -0.05989927464182699, -0.11648770126740657, -0.37330757184049806, -0.3131256214050176, 0.07492877823040253, 0.4931269358494094, 0.6939851215982547, 0.3968107964153929, 0.38564866881833954, 0.01763811932949172]], "inverted": false, "swapped": false, "error_lsq": 0.04208735811731735, "error_max": 0.24261666267434326, "target": "884.xyz", "model": "1.xyz", "model_rescale": 4.316132596720782, "target_rescale": 4.00848545525226},
{"mapping": [11, 8, 9, 4, 10, 5, 12, 3, 1, 2, 0, 13], "R": [[-0.8327128587404888, -0.41371151604499606, -0.36801097317878134], [-0.06655080896605572, 0.7345960870687577, -0.6752329810437534], [0.5496910811666916, -0.5377837579873728, -0.63924044375397]], "T": [-0.02707054150346811, 0.11869431134036784, -0.15145191478071393], "aligned_model": [[-0.2275250753169341, 0.4152723123664942, 0.1173173282509837, -0.5783779304451601, -0.5020370863716181, -0.4126997258876108, -0.27718862196224925, -0.18658276252556913, 0.5466036700129856, 0.24411020373522396, 0.4824570898125432, -0.023540847037308417], [-0.6551304282619026, -0.4008722097796951, -0.4661210817222879, 0.30605712764201387, -0.20212875816915554, -0.14823540615833347, 0.40195096129118074, 0.5609558469692013, 0.021165380116979493, 0.10088565982921543, 0.3775539632996151, 0.11669537268414923], [0.1665468871284149, 0.13008676371855463, -0.5307269154592549, -0.08429100443267182, -0.5124184382007745, 0.48982744511565723, -0.7155997769760246, 0.4465082032807526, -0.5519915233111364, 0.6799469604429463, 0.07718116751269807, -0.14581130760974062]], "inverted": false, "swapped": true, "error_lsq": 0.03716802746882733, "error_max": 0.22511277354403048, "target": "884.xyz", "model": "2.xyz", "model_rescale": 3.795458400668931, "target_rescale": 4.00848545525226},
{"mapping": [3, 0, 6, 9, 4, 10, 1, 5, 8, 11, 12, 13], "R": [[0.6874657134526153, -0.674415230308937, 0.26936033478303856], [0.3694893396816259, 0.6441365198047672, 0.6697505294626048], [-0.6251947861976483, -0.3609047533368698, 0.6920110102665494]], "T": [-0.00917125034376217, 0.020343459708349516, 0.01402293098326101], "aligned_model": [[0.07354881121989454, -0.2664148241048078, -0.6978043199046107, 0.14142047743324138, 0.10995908954986608, 0.20408947664231294, -0.3915286722061241, 0.6997237908129674, 0.3528767580960492, 0.8097899808800251, -0.43645126873953055, -0.0059054739357181155], [-0.19206138530055575, -0.529388262453893, -0.1803720768822253, 0.1207160531296851, 0.4337074632841744, 0.6175586116500845, -0.22119980143605353, -0.02866799376113768, -0.5016465385915487, 0.0059520455871424245, 0.5469400186933738, 0.014230911370663225], [-0.7116748646423757, -0.08854699742236144, -0.025868831447463554, 0.7024660303385938, -0.384089380528908, 0.25208052132653763, 0.5567066568575497, -0.3413167057222752, 0.38995946683656296, 0.2770920753437271, 0.04843287544886101, 0.013530584250652218]], "inverted": false, "swapped": true, "error_lsq": 0.04751303187491302, "error_max": 0.21909920104200234, "target": "884.xyz", "model": "3.xyz", "model_rescale": 3.7530521520055578, "target_rescale": 4.00848545525226},
{"mapping": [10, 11, 5, 2, 4, 8, 12, 9, 1, 0, 13], "R": [[0.3974742065647696, 0.11566821629157803, -0.9102939738653835], [-0.5697466057975749, -0.746527703491418, -0.34363526172669245], [-0.7193073475906177, 0.6552230548902827, -0.23082393299308457]], "T": [0.0087375320506426, -0.12087892824674458, 0.15729540049996193], "aligned_model": [[-0.45287066654204405, -0.268656267160465, 0.31933098468753224, 0.5985836383735651, 0.20861051430103358, -0.15258774648328455, -0.20605880136692672, -0.671249999006712, -0.3777353506832873, 0.3294323514901308, 0.011400944835663382], [-0.5748053321873197, 0.010154859733427377, -0.1998945344465008, 0.38681530909010325, -0.6539155185883644, 0.5129109435631123, -0.6010239747962954, 0.056517936957955414, 0.30482747696497875, 0.3409903738705709, -0.11537418184732182], [-0.041918510914523616, -0.6464413800005523, -0.5696769514624744, -0.2419643728439974, 0.017731672274168025, -0.18499855303550178, 0.5866896992017261, 0.043921078640764555, 0.5677326537547602, 0.40775775965257366, 0.15399768197837324]], "inverted": false, "swapped": true, "error_lsq": 0.04660043762108798, "error_max": 0.22660016329393617, "target": "884.xyz", "model": "4.xyz", "model_rescale": 3.7855080009869324, "target_rescale": 4.00848545525226},
{"mapping": [6, 8, 4, 1, 2, 0, 13, 12, 7, 10, 9, 5, 14, 16], "R": [[0.24964349124252008, 0.7023547213108098, 0.6666153109047679], [-0.643186702111591, 0.6348859177538537, -0.42805459659331146], [-0.7238708403486505, -0.32189705946196767, 0.6102403539611888]], "T": [-0.02708446154989271, 0.0050925747949459935, -0.028557885968176835], "aligned_model": [[-0.3636595142150649, -0.7059944388108623, 0.20575364596911003, 0.5074272167352034, 0.5791894060910633, 0.6791993740767149, -0.5846077926838903, 0.04322277842243126, -0.2283779962281304, -0.2464690213772202, 0.13062658507579442, 0.3573104111332393, 0.023430074897266572, -0.013820799191016475], [-0.280556186970782, -0.10097736867771354, -0.527758411056869, 0.0792449144672017, 0.36984401290150476, -0.2957270042559346, 0.364837983036662, 0.5666749293445037, -0.7163648908781054, -0.34825300375595325, 0.23253062198660462, -0.6540219826689839, 0.6412748756931655, 0.04874064014140314], [-0.509389547667056, 0.12356142191493376, -0.48556666753486194, -0.5595029257673542, 0.18398404729103995, -0.16692192650158666, -0.31945067612573713, -0.4063771735597472, -0.04725307244137565, 0.5697577423603705, 0.6274247202882067, 0.24146401427946995, 0.1959811087838373, -0.00017349152111677604]], "inverted": true, "swapped": false, "error_lsq": 0.03238492266986438, "error_max": 0.1828480984054042, "target": "884.xyz", "model": "5.xyz", "model_rescale": 4.2253639853439635, "target_rescale": 4.00848545525226},
{"mapping": [6, 3, 5, 11, 9, 8, 7, 12, 2, 4, 1, 10, 0, 13], "R": [[-0.26883932925374243, 0.9583935669915999, -0.09595408170326014], [0.9511322195823835, 0.24844388304327902, -0.18336613059850082], [-0.15189771531753474, -0.14056104626636629, -0.9783504874807484]], "T": [0.07577527794514843, -0.053711707819272876, -0.008020820053554645], "aligned_model": [[-0.32915445725610815, -0.633390636622053, 0.23958426133741395, 0.2972721364443218, 0.4603028927128859, 0.807582188554058, -0.48170706527857604, 0.04854827133234757, -0.24472302173034233, -0.3028814940399828, 0.3139636067619988, 0.37421755406517776, -0.18137092631436869, 0.014986619927866242], [-0.15398031487600267, -0.044769729139857654, -0.5643551605553235, -0.0174833443915434, 0.39665441009606955, -0.15462605562100368, 0.44233980660214717, 0.633500144033903, -0.6430709730100734, -0.27743769515044525, -0.05900661018132886, -0.7219313860835893, 0.6022460961238758, -0.05859005854012423], [-0.4976084874961207, -0.004384980163801497, -0.34440028968343894, -0.7531251323290468, 0.1399835744767484, -0.019845184369921554, -0.27734877638358946, -0.6391644845646284, -0.0184183426484687, 0.5464853059982847, 0.6862010940219655, 0.2620294415530006, 0.37493849685570135, -0.007804661467661596]], "inverted": false, "swapped": false, "error_lsq": 0.04668930818816007, "error_max": 0.27505220233761724, "target": "884.xyz", "model": "6.xyz", "model_rescale": 3.89814844738969, "target_rescale": 4.00848545525226},
{"mapping": [12, 7, 6, 10, 1, 3, 4, 9, 11, 2, 0, 8, 13], "R": [[-0.9860225056342008, 0.1388522644931026, 0.09208510752553939], [-0.10937848625747361, -0.12254230111659642, -0.9864176251370781], [-0.12568200001144286, -0.9827021080073995, 0.13601691729684512]], "T": [-0.08301767248404182, 0.03403087852012356, -0.046785296705875945], "aligned_model": [[0.14543533853267096, -0.068805130071982, 0.4488425901965719, -0.21959917827094402, 0.5959144381241168, -0.5567360955970398, -0.5109432957049386, 0.216901138853933, -0.5257135480129251, -0.4486510603417273, 0.16164807727648173, -0.005198307679413247, -0.08446316640058155], [-0.2859835569054392, 0.3123743509753049, 0.3911682127188506, -0.6225664509481413, 0.01184809905233978, 0.591994337564686, -0.09223422152417171, -0.4755650122579369, -0.3161918070802851, 0.689580316588391, 0.5877213126816254, 0.1333997589635778, 0.038235925641684196], [-0.6003701386316079, -0.8081718801228335, -0.3718563186906156, -0.14187962311703034, 0.14713500874597807, -0.25381995882461883, -0.42690637664591197, 0.34953169982934174, 0.6024253147624593, 0.40226636436678465, 0.06486320000645043, 0.6805045834592206, -0.041446844301320826]], "inverted": false, "swapped": true, "error_lsq": 0.044769311624655736, "error_max": 0.21308244265796095, "target": "884.xyz", "model": "7.xyz", "model_rescale": 3.7474275329858107, "target_rescale": 4.00848545525226},
{"mapping": [0, 3, 1, 12, 11, 13, 6, 10, 2, 8, 9, 4, 7, 14], "R": [[0.5461669403654661, 0.7008579266410909, 0.4588026154199395], [-0.7700037993640308, 0.2043800299487039, 0.6044195168284398], [0.3298421171057193, -0.6833937152348698, 0.6512888819569231]], "T": [0.04472641697969114, -0.030973476163362025, -0.06009221336982756], "aligned_model": [[-0.38585660912751185, -0.6490194085607791, -0.04282039201589695, 0.5516523287311897, 0.46192759322810534, 0.8595394033393399, -0.6231714976277403, 0.05474052571866631, -0.17019971446424648, -0.13576644112896424, 0.1716214127244678, 0.3128161875000037, -0.09083117692344377, 0.06859771850144859], [0.003214057130587554, -0.19121571355938596, -0.5268599367052149, 0.03798417412881746, 0.4044947756483858, -0.4053795442518552, 0.42343738672623715, 0.6113866393547862, -0.8441773139126825, -0.3409785201638026, 0.3213275648588277, -0.6299485873538554, 0.6019500088147984, -0.08574586140893992], [-0.5577293380124736, 0.02460543644467522, -0.6179757088559517, -0.4049306991286664, 0.09087313295450902, 0.003245943619102132, -0.1799306118434339, -0.4632504444726263, -0.026989764183000198, 0.5200194282325266, 0.603324757047732, 0.3660328116665203, 0.1518267164649336, -0.061584086134824224]], "inverted": false, "swapped": false, "error_lsq": 0.04577976222038594, "error_max": 0.2789454204227857, "target": "884.xyz", "model": "8.xyz", "model_rescale": 4.019505241142653, "target_rescale": 4.00848545525226},
{"mapping": [3, 5, 4, 7, 6, 12, 10, 0, 1, 8, 11, 9, 13], "R": [[0.530183062642008, -0.7055943055302321, -0.47015167349574555], [-0.44193682383196087, 0.2432530137516988, -0.863434893342882], [0.7236005554370857, 0.6655558934484956, -0.18285947847217485]], "T": [0.030941604936693436, -0.08251142438582545, 0.018585908307632973], "aligned_model": [[-0.44175809472629224, -0.6460137858399674, 0.022869170965761836, 0.33188029764489696, 0.3912724453156992, 0.6517283808750564, 0.3169694569685951, -0.14197586271348103, 0.3835592817451872, -0.37561970329970706, -0.45601189983183876, 0.25789375217440036, 0.02490733246286586], [-0.44561491600159786, 0.24003008344133522, 0.07987645575246385, -0.5594138194231479, -0.6985730937482909, -0.05972348635353872, 0.5135362342613634, -0.626179533533263, -0.2696495349730299, 0.01953565438885646, 0.5903040997167545, 0.3632505432213047, -0.08400045863515129], [-0.45396733277660545, -0.24390015606305948, -0.5445484114660295, -0.5639830775355147, 0.1005815718854072, -0.2555685792237063, -0.1288344030021954, 0.24972298729638936, 0.6014118454057834, 0.6261835499162903, 0.24287487478336156, 0.5250396753329937, 0.02169094949076414]], "inverted": true, "swapped": true, "error_lsq": 0.05435640597295788, "error_max": 0.2873863542472809, "target": "884.xyz", "model": "9.xyz", "model_rescale": 3.877068213659057, "target_rescale": 4.00848545525226},
{"mapping": [12, 3, 0, 11, 9, 8, 6, 10, 1, 4, 2, 7, 14, 15], "R": [[0.7053994597507193, -0.6358804485254531, 0.3131575599701566], [-0.1308928479484971, -0.5510692793771176, -0.8241296692163897], [0.6966194546087019, 0.5403505385486842, -0.4719561748201012]], "T": [-0.07065187873182076, -4.979229990947909e-05, 0.004887972811797814], "aligned_model": [[-0.3737391263829263, -0.6818181922405436, 0.12189904690687071, 0.315341899221405, 0.4928531215244246, 0.6534899684700737, -0.5107544942177855, 0.10101156259393994, 0.018392754968569278, -0.3014824958468601, 0.19801853684024429, 0.2919391667461871, 0.11007654893362358, -0.05199836762258336], [-0.0955580783647341, -0.15715929333859086, -0.49086646439611625, 0.06124349962846587, 0.32499683198878004, -0.2626848367876049, 0.3658337084460499, 0.5790234935147271, -0.8631693508770748, -0.36380424487284546, 0.13943333398528812, -0.5363310679727447, 0.7316048564368236, -0.05307325808372011], [-0.6712861935963601, 0.07236896749740648, -0.5915926815785, -0.6211369564120175, 0.11647699836713447, -0.03943306447381151, -0.22477161625241351, -0.3671558042197704, 0.006401582456657784, 0.5268942986169787, 0.5954097956325524, 0.5020968791265279, 0.20870224378929714, -0.06543687515465887]], "inverted": true, "swapped": false, "error_lsq": 0.04036684607671171, "error_max": 0.263887419665747, "target": "884.xyz", "model": "10.xyz", "model_rescale": 4.260839863003843, "target_rescale": 4.00848545525226},
{"mapping": [7, 3, 2, 0, 8, 1, 12, 4, 5, 11, 10, 13], "R": [[0.6674600381598752, 0.7336376694098001, 0.1275651499531711], [-0.45970376107830974, 0.27119415871693464, 0.8456513349651088], [0.5858067509939386, -0.6230806515217521, 0.5182672594223512]], "T": [-0.0196823790180123, 0.1313118021854294, -0.10015606598761498], "aligned_model": [[0.49178951814060257, 0.2401952765452121, -0.36349324695563756, -0.40070085995246735, -0.6634772002065455, -0.5356762065900537, 0.38426132217332376, 0.5491272271652677, 0.1507734260913126, -0.18874684448034174, 0.31915963161394734, -0.024313394450489533], [-0.016698306983400385, -0.5746633133255312, -0.654400709594954, -0.1924122649776869, 0.02623023431868267, 0.5174473732660276, 0.5746192624858482, 0.02669714810267791, -0.36418782012977013, 0.10484297955834629, 0.5990505721810527, 0.12655335063164103], [-0.7116101692761359, -0.21266587783755342, 0.07168738107907865, -0.45922076535490797, 0.24533878207127116, -0.38945809162884715, -0.41853347762845206, -0.004937076401838353, 0.49702523156936795, 0.7429492617794498, 0.2537140042038868, -0.09811112517981498]], "inverted": false, "swapped": true, "error_lsq": 0.042340774536631515, "error_max": 0.2053406702572688, "target": "884.xyz", "model": "11.xyz", "model_rescale": 3.890672605050136, "target_rescale": 4.00848545525226},
{"mapping": [0, 8, 4, 2, 11, 10, 0, 1, 7, 5, 9, 12, 6, 13], "R": [[-0.08951466532417639, 0.9635273944424906, 0.25219453771001155], [-0.4148046450721109, 0.1941401051262237, -0.8889582251198194], [-0.9054966764812012, -0.18418626371270086, 0.38229725233259865]], "T": [-0.003502440253921272, 0.037831272486530475, -0.0020499357325045597], "aligned_model": [[-0.3465395364875738, -0.7134471079094227, 0.15153000343769912, 0.5346799475151668, 0.48172514442989867, 0.7975690970013344, -0.3465395364875738, -0.10142153765782799, -0.2937752100401387, -0.1810231062565509, 0.2794702001213539, 0.3019593513348132, -0.1777492966823244, -0.0032084824242153732], [0.13570761953738908, 0.0001945694874907547, -0.34541344118373174, 0.0487039300287768, 0.29722916835706964, -0.34946601258869, 0.13570761953738908, 0.6162045101254208, -0.7523999321767331, -0.3560726790215168, 0.12545950865553374, -0.5956701395420578, 0.5475821585523504, -0.12827775046198667], [-0.4726243836605445, 0.11522364736707863, -0.5678639287301547, -0.4665987883624729, 0.003343261380114787, -0.09051297668988498, -0.4726243836605445, -0.513121886378351, 0.13300758006534513, 0.6447098898313508, 0.717719605889226, 0.24391998434362627, 0.20252379454948563, -0.029563842145251915]], "inverted": false, "swapped": false, "error_lsq": 0.04893586337537944, "error_max": 0.3039415733061824, "target": "884.xyz", "model": "12.xyz", "model_rescale": 4.124412569039231, "target_rescale": 4.00848545525226},
{"mapping": [11, 8, 1, 5, 9, 10, 2, 4, 0, 3, 12, 6, 13], "R": [[-0.6741628832375303, 0.5903737987523374, 0.44380534540673894], [-0.6848486301691714, -0.2746731845420407, -0.6749348082955446], [-0.2765623991439719, -0.7589554792214552, 0.5894911534022047]], "T": [0.1890891844666889, 0.08378279589422435, -0.06671966321930126], "aligned_model": [[-0.2891883419195551, -0.1094040623066018, 0.6491161563424092, -0.5411526565169695, 0.47525537230582426, 0.40942108562221524, -0.5803159772280837, 0.07254051812199522, 0.0915873154648763, -0.33741574460441515, 0.7495101789259213, 0.5935513220397518, 0.18379314126238927], [-0.27043389766627945, 0.3976170999545122, 0.5082144708370969, -0.22570561883171789, -0.033661805482759294, -0.5282987158776551, 0.4997993720164543, -0.3604648792101379, 0.6827003456770541, 0.18875474788985216, -0.1789111334162908, 0.5802572413837715, 0.08761814923457668], [0.5544816950530843, 0.5310180794032274, 0.2608149301267275, -0.020197257982300015, 0.5743903940875408, 0.12203300029490702, -0.06160694094995037, -0.4308839962485125, -0.17011679523580828, -0.6055787972258799, -0.34596221514505787, -0.39232231688960406, -0.06437169832053488]], "inverted": false, "swapped": true, "error_lsq": 0.03638969593192869, "error_max": 0.20445928225226784, "target": "884.xyz", "model": "13.xyz", "model_rescale": 3.9028299243045295, "target_rescale": 4.00848545525226},
{"mapping": [9, 1, 7, 10, 5, 4, 11, 13, 3, 2, 8, 0, 12, 15], "R": [[-0.4216954548909746, 0.7975239264461539, -0.4314261583054554], [-0.8127387687846891, -0.5434142712858523, -0.21013477455484184], [-0.40203064191506854, 0.26202388537836774, 0.877333942380313]], "T": [-0.017748573719029815, -0.06087834994730692, -0.018012875049302948], "aligned_model": [[-0.39054279503780154, -0.6579181580882174, 0.11961875705713186, 0.41268767414956353, 0.396426280844147, 0.5915624114828493, -0.5851444332817984, 0.29128154079533086, 0.05205690002738449, -0.29104262078400106, 0.24385049428059558, 0.4260388498937532, -0.1755996154126443, -0.0500453560316544], [-0.18383864348525508, -0.04117995263049206, -0.5335805782027797, 0.04422205271040255, 0.21747522237712427, -0.3436178320126996, 0.33081836599847236, 0.6481562654249781, -0.6779862949144294, -0.26188969101314924, 0.19479126638061037, -0.49842252752818794, 0.5825522993647632, -0.09801082316265361], [-0.6864069887487391, 0.09150256739849337, -0.7784803468552403, -0.6172049510407739, 0.09635631781727122, -0.1083554590084612, -0.2835167537521284, -0.2035436119161394, 0.036708467511390674, 0.6354812520532637, 0.6622121865781607, 0.5286352975013127, 0.1948728621971716, -0.12072326593655873]], "inverted": true, "swapped": false, "error_lsq": 0.04289553898716909, "error_max": 0.30374296103014065, "target": "884.xyz", "model": "14.xyz", "model_rescale": 3.942246331269136, "target_rescale": 4.00848545525226},
{"mapping": [6, 10, 8, 0, 1, 12, 9, 2, 11, 4, 3, 13, 5, 14], "R": [[-0.7371908182431214, -0.6704125410183298, -0.08424204617281955], [0.13476737361676092, -0.023716225494788135, -0.9905934058213394], [0.6621083389495088, -0.7416094426944863, 0.10783312107092058]], "T": [-0.03697953239756621, -0.05974663650819849, -0.03891829764702078], "aligned_model": [[-0.3781805693174487, -0.6924021130013877, 0.16477408352007353, 0.41610271178852853, 0.6074846234575734, 0.7164270696487081, -0.6743424198464277, 0.09265231960074691, -0.2850831999288634, -0.1925879225636559, 0.22884964075891365, 0.31267609807011365, 0.02577723675492749, 0.04108237095283679], [-0.2568015764021617, -0.12690050067793607, -0.47320299319116715, 0.16931943245051267, 0.382176776068648, -0.22524590061927036, 0.347896270085215, 0.568079343162785, -0.7294879874619534, -0.29329806195298946, 0.19454005453907441, -0.7192869911353378, 0.5593471433262419, -0.0176458788849572], [-0.4358321326371913, 0.2347824794889998, -0.661164427301834, -0.5708606807331522, 0.17558364876600152, 0.23138661117730833, -0.3141602213056179, -0.4532587866619656, -0.102180590023354, 0.4757697025096071, 0.5785127187068853, 0.2830713096477997, 0.08583761557940786, -0.07994967341387199]], "inverted": false, "swapped": false, "error_lsq": 0.04630659478404331, "error_max": 0.35620345533697056, "target": "884.xyz", "model": "15.xyz", "model_rescale": 4.355366556412066, "target_rescale": 4.00848545525226},
{"mapping": [11, 8, 9, 4, 10, 5, 12, 3, 1, 2, 0, 13], "R": [[-0.8327128587404888, -0.41371151604499606, -0.36801097317878134], [-0.06655080896605572, 0.7345960870687577, -0.6752329810437534], [0.5496910811666916, -0.5377837579873728, -0.63924044375397]], "T": [-0.02707054150346811, 0.11869431134036784, -0.15145191478071393], "aligned_model": [[-0.2275250753169341, 0.4152723123664942, 0.1173173282509837, -0.5783779304451601, -0.5020370863716181, -0.4126997258876108, -0.27718862196224925, -0.18658276252556913, 0.5466036700129856, 0.24411020373522396, 0.4824570898125432, -0.023540847037308417], [-0.6551304282619026, -0.4008722097796951, -0.4661210817222879, 0.30605712764201387, -0.20212875816915554, -0.14823540615833347, 0.40195096129118074, 0.5609558469692013, 0.021165380116979493, 0.10088565982921543, 0.3775539632996151, 0.11669537268414923], [0.1665468871284149, 0.13008676371855463, -0.5307269154592549, -0.08429100443267182, -0.5124184382007745, 0.48982744511565723, -0.7155997769760246, 0.4465082032807526, -0.5519915233111364, 0.6799469604429463, 0.07718116751269807, -0.14581130760974062]], "inverted": false, "swapped": true, "error_lsq": 0.03716802746882733, "error_max": 0.22511277354403048, "target": "884.xyz", "model": "16.xyz", "model_rescale": 3.795458400668931, "target_rescale": 4.00848545525226},
{"mapping": [12, 7, 6, 10, 1, 3, 4, 9, 11, 2, 0, 8, 13], "R": [[-0.9860225056342008, 0.1388522644931026, 0.09208510752553939], [-0.10937848625747361, -0.12254230111659642, -0.9864176251370781], [-0.12568200001144286, -0.9827021080073995, 0.13601691729684512]], "T": [-0.08301767248404182, 0.03403087852012356, -0.046785296705875945], "aligned_model": [[0.14543533853267096, -0.068805130071982, 0.4488425901965719, -0.21959917827094402, 0.5959144381241168, -0.5567360955970398, -0.5109432957049386, 0.216901138853933, -0.5257135480129251, -0.4486510603417273, 0.16164807727648173, -0.005198307679413247, -0.08446316640058155], [-0.2859835569054392, 0.3123743509753049, 0.3911682127188506, -0.6225664509481413, 0.01184809905233978, 0.591994337564686, -0.09223422152417171, -0.4755650122579369, -0.3161918070802851, 0.689580316588391, 0.5877213126816254, 0.1333997589635778, 0.038235925641684196], [-0.6003701386316079, -0.8081718801228335, -0.3718563186906156, -0.14187962311703034, 0.14713500874597807, -0.25381995882461883, -0.42690637664591197, 0.34953169982934174, 0.6024253147624593, 0.40226636436678465, 0.06486320000645043, 0.6805045834592206, -0.041446844301320826]], "inverted": false, "swapped": true, "error_lsq": 0.044769311624655736, "error_max": 0.21308244265796095, "target": "884.xyz", "model": "17.xyz", "model_rescale": 3.7474275329858107, "target_rescale": 4.00848545525226},
{"mapping": [5, 8, 12, 9, 2, 7, 4, 6, 10, 3, 1, 11, 0, 13], "R": [[0.41696144340852515, 0.906051091533812, 0.07221200898096432], [0.9011851122858605, -0.40175895107921805, -0.16265035696870628], [-0.11835771248634523, 0.13289531503448154, -0.9840377468049106]], "T": [0.05473594197232681, -0.08560708085068874, -0.007053785443103269], "aligned_model": [[-0.3514643134411213, -0.6472365739407963, 0.28740662608531287, 0.25534254188636124, 0.467541601820758, 0.7777544174269914, -0.48072138818577725, 0.13064557677920116, -0.32861767514442985, -0.2313301167572722, 0.32353941039317335, 0.3073669576268344, -0.19988932053185063, 0.07289218587725362], [-0.33474361631208177, -0.020804208327696097, -0.5579714667184323, 0.10337809134026507, 0.4839972110747804, -0.29052527161278013, 0.38414541238153105, 0.5691736523505384, -0.6592099706585197, -0.3149327039253409, 0.031774386985298025, -0.667982197027609, 0.6356396431523221, 0.017550166604428236], [-0.5512525321070746, 0.13397679930385448, -0.5380652382684488, -0.6167797588270171, 0.08768354419452597, -0.058746157049566664, -0.43348533294243413, -0.40767671318474175, -0.028480392992154185, 0.5640549169538838, 0.6194322105562236, 0.3375524475146669, 0.33075019557321383, 0.008573585074092092]], "inverted": false, "swapped": false, "error_lsq": 0.03630876735737123, "error_max": 0.19909418148909633, "target": "884.xyz", "model": "18.xyz", "model_rescale": 3.922800546911778, "target_rescale": 4.00848545525226},
{"mapping": [2, 9, 0, 1, 8, 5, 10, 6, 3, 7, 13, 12, 4, 14], "R": [[-0.9791199118248463, -0.1732570360049465, 0.10633060586155998], [0.1796463355632041, -0.9822638461709, 0.05371155019419447], [0.09513880589338089, 0.07169195199136008, 0.9928790820804165]], "T": [0.07653599733077031, 0.008098363184381396, -0.01521659437681512], "aligned_model": [[-0.4209124659084464, -0.6943691817173236, 0.1787303933999728, 0.28784603022092314, 0.6084145228564838, 0.704784649448507, -0.5488235409060349, 0.17077147920461677, -0.05875938296714352, -0.324128028295977, 0.135812323068012, 0.40668507834598755, -0.08143459660609965, 0.018612649751160996], [-0.12651385979868623, -0.24092377546441338, -0.6555734536714345, 0.11364458591326065, 0.294790483556554, -0.39863104858479464, 0.47900769898836326, 0.6191246491458445, -0.6168895344593845, -0.4123363697635553, 0.20155548661662898, -0.5087710123546577, 0.6779296278486365, -0.04692434866565787], [-0.5127641183705386, -0.0954435555219954, -0.5127491667780897, -0.7167799121204627, 0.08123814227577068, -0.16491140691172612, -0.2095629158038198, -0.32105041156068365, 9.782542851003578e-05, 0.5333396861981337, 0.641193647332284, 0.4771873835734089, 0.20892288769112038, 0.038819488367111146]], "inverted": false, "swapped": false, "error_lsq": 0.0399005782316188, "error_max": 0.2534704553641174, "target": "884.xyz", "model": "19.xyz", "model_rescale": 3.9282355846067225, "target_rescale": 4.00848545525226},
{"mapping": [7, 5, 12, 9, 11, 10, 6, 8, 2, 1, 0, 10, 4, 13], "R": [[-0.26314499936350655, -0.12499537687788687, 0.9566247253072311], [-0.7478179617459799, 0.6528955787097265, -0.12039792104259733], [-0.6095268701214642, -0.7470632630911831, -0.26527999460849916]], "T": [-0.08944730046527932, 0.06657504649892138, -0.10333516823434924], "aligned_model": [[-0.30627503596882083, -0.7234789763563667, 0.36357436016563616, 0.44946408149939504, 0.5563801055745434, 0.4773715214444246, -0.6668271456932027, 0.06055678195300465, -0.271898705189246, -0.22877968613044491, 0.21685172458506452, 0.4773715214444246, 0.035876143723884424, -0.05695676115765753], [-0.3170980000471715, -0.1376742160696014, -0.3706644574101559, 0.17109302039011298, 0.2623256958218039, -0.5466097269851431, 0.3201253112848011, 0.7049285662036093, -0.7074563176293303, -0.25055576226094595, 0.18083766725365047, -0.5466097269851431, 0.6279086967444811, -0.011061621004263972], [-0.5436515350094995, 0.106369922203498, -0.6746383596206018, -0.5241383773005228, 0.13739666643547246, 0.10869125862715578, -0.27418256098195215, -0.4888544780836368, 0.1118464820518377, 0.5611310331233861, 0.6269537807086758, 0.10869125862715578, 0.15851672192184796, 0.03340576109620666]], "inverted": false, "swapped": false, "error_lsq": 0.04809494477652996, "error_max": 0.33420298935894105, "target": "884.xyz", "model": "20.xyz", "model_rescale": 4.067790424073018, "target_rescale": 4.00848545525226},
{"mapping": [12, 10, 3, 0, 8, 2, 9, 7, 11, 13, 5, 6, 1, 14], "R": [[0.6233547528307565, 0.2765796686892769, 0.7313908250662134], [-0.11615925981797276, -0.8922229674619017, 0.43640027806134524], [0.7732631366371007, -0.35699000434355094, -0.5240441377564912]], "T": [0.1284837730282622, -0.07233690798210386, 0.012361989847199176], "aligned_model": [[-0.34986462851687744, -0.6793490108714562, 0.2299608401776198, 0.48073635713758167, 0.4183908378226561, 0.7746516993068218, -0.4716144146701017, 0.10155922162365266, -0.2650136940183755, -0.3291163217332913, 0.24530078697012758, 0.4378786702577339, -0.26098306377306213, 0.05069265018160926], [-0.24704107727548286, -0.01072097246677818, -0.7248302192203512, 0.12721345446671672, 0.40685514513499005, -0.3404396214494871, 0.32494889371586105, 0.6103769630989312, -0.5847560226105498, -0.17098097188994688, 0.13341911783244814, -0.6771090247527702, 0.6017123189097852, -0.06915885418666223], [-0.5600671558716467, 0.13441317296752237, -0.5240146504746296, -0.5712095990395543, 0.11958496656756855, -0.2412319328308184, -0.2810593051523883, -0.28737255266332745, -0.01251065316531362, 0.5329337975809262, 0.5531802254426654, 0.30575999093184164, 0.27174264455613506, 0.0073886249500415245]], "inverted": true, "swapped": false, "error_lsq": 0.034014046832253, "error_max": 0.1797564796187535, "target": "884.xyz", "model": "21.xyz", "model_rescale": 4.186013935880536, "target_rescale": 4.00848545525226},
{"mapping": [11, 10, 9, 2, 3, 8, 5, 4, 1, 12, 7, 0, 13], "R": [[-0.589302590251734, -0.7835468878728, -0.19691808354604487], [-0.8000841895344131, 0.5321443888995379, 0.2769253311270015], [-0.11219512814582847, 0.32074386021806817, -0.9404975435123444]], "T": [-0.016002250793098104, 0.06282152651668854, 0.024838922376652292], "aligned_model": [[0.18930643038054815, -0.3886537830893834, 0.263337980634473, 0.4174841735708907, -0.2024186619222368, 0.6489811034494837, -0.10729720378155455, -0.5657897989915781, 0.4429420087613371, -0.4781989756821857, -0.5330756015344068, 0.3827604806995388, -0.010804117071701026], [-0.4923258325639582, 0.14279722549877794, 0.3046053509523572, -0.5991776497199868, -0.4183006296708576, -0.17278068155067647, -0.7176231198799103, -0.1393869533977629, 0.5968713662971263, 0.5590071876277045, 0.29853867395603434, 0.09830289425317829, 0.058428827744067144], [-0.5994764954235641, -0.535118410598837, -0.5836148921254981, 0.3975678385263298, 0.5837361489142683, -0.1923461044180359, -0.092515007389414, 0.044854726371477874, -0.03179063385351495, -0.010234878998551036, 0.6031633908057378, 0.4924169044524054, 0.026236975072541885]], "inverted": false, "swapped": true, "error_lsq": 0.04232561192526158, "error_max": 0.2261347180677174, "target": "884.xyz", "model": "22.xyz", "model_rescale": 4.166573947596378, "target_rescale": 4.00848545525226},
{"mapping": [1, 7, 6, 2, 3, 12, 0, 4, 13, 10, 9, 14, 8, 15], "R": [[-0.9736340462254829, 0.19021971279329264, 0.1259095107425635], [0.21983064048795026, 0.92980439831359, 0.2951919212637105], [-0.06091989439626448, 0.3150876731031228, -0.9471053398250946]], "T": [0.1325331103851307, -0.04090167985428031, -0.014042710819801279], "aligned_model": [[-0.16022539672938432, -0.5667351217414365, 0.2589551229571483, 0.3937186040087103, 0.47963154885745785, 0.603574250518066, -0.5481210453445906, -0.03481347053542891, -0.3090051335072628, -0.29864771127716383, 0.38639895416702696, 0.26829832208136906, -0.18469990749424028, 0.0949009139343674], [-0.031228670901971428, -0.10786292577562433, -0.4614275198693705, 0.14920250005980687, 0.4474465376084611, -0.49577152337037, 0.2749514134790526, 0.6083785648982563, -0.7319002074137486, -0.34260638427201817, 0.13624218799445253, -0.625681870399474, 0.6149370309857136, -0.055190003716462266], [-0.6638872693697906, 0.11985941288801145, -0.6355595043046655, -0.6043407523961656, -0.06369494669191007, -0.03843584491793228, -0.3360714464283486, -0.3145153368489934, 0.19661851719050996, 0.518872482683736, 0.5003708871017454, 0.5012996018804549, 0.33712382795071955, -0.07010205493834804]], "inverted": true, "swapped": false, "error_lsq": 0.04113873872722574, "error_max": 0.24698523428553723, "target": "884.xyz", "model": "23.xyz", "model_rescale": 4.274766983524099, "target_rescale": 4.00848545525226},
{"mapping": [2, 4, 7, 0, 12, 1, 8, 9, 11, 10, 13], "R": [[0.8031774894758656, -0.5413363991855825, 0.24871836143725595], [0.4633944424551143, 0.8300728805212263, 0.3102331441430912], [-0.3743948598751852, -0.13391757143848554, 0.9175481311403008]], "T": [-0.08428089295081485, 0.1278079970892743, -0.023034836234016663], "aligned_model": [[0.25820083620924383, 0.13397199031273904, -0.5244925237050888, -0.3866848763608604, -0.44908492677010936, -0.5613797750127878, 0.1615920289642624, -0.017257903740010697, 0.6846976198229001, 0.16203333584371615, -0.08170110160592946], [-0.43173682307161865, 0.6358396761259525, 0.6290480678778019, -0.2954843028516856, 0.6634319264970434, -0.2358858158958321, -0.5470386866693244, -0.062122999813884666, -0.11302298981225309, 0.5506659023245878, 0.12189257653269603], [-0.6015640868365043, -0.2175206762206009, -0.48385880046780666, -0.3520869178782197, 0.17965018415040648, 0.34999256023690667, 0.14728561884612476, 0.6597100373224127, 0.2782664555038362, 0.445300497022854, -0.025608437657832092]], "inverted": false, "swapped": true, "error_lsq": 0.048007263354161715, "error_max": 0.27035466741910946, "target": "884.xyz", "model": "24.xyz", "model_rescale": 3.7841303162186577, "target_rescale": 4.00848545525226},
{"mapping": [11, 3, 7, 10, 9, 0, 13, 14, 6, 4, 2, 1, 12, 15], "R": [[0.4642221793677666, -0.2544727980530858, 0.8483757205590425], [0.7137679010077442, -0.4596571727827379, -0.528441734726147], [0.5244360320134767, 0.8508577310928154, -0.031748539581310076]], "T": [0.11875623859896775, -0.05994829375071656, -0.019747404791304934], "aligned_model": [[-0.3483009923382744, -0.6668143844484549, 0.23087600305881492, 0.505250800088439, 0.37314995727221745, 0.635142596450549, -0.4774822189423831, 0.12000429647601749, -0.345800926797071, -0.1781958794609392, 0.23729994193869192, 0.43785343732230675, -0.2042312777921961, 0.06447857706692126], [-0.1965688241236953, -0.118790038857542, -0.4871109040339219, 0.13258589389602068, 0.4608296953940718, -0.5715869555112449, 0.34832274027449783, 0.6680362985481023, -0.6133108645286773, -0.37924143620362016, 0.238138830883684, -0.5892171896466318, 0.590477672849748, -0.1030757896340871], [-0.6135655106726663, 0.14882997468417122, -0.4969966299281993, -0.6669008995693761, 0.0590867911393306, -0.13332979149042112, -0.3194380149140336, -0.3349232890807277, -0.018027641949268886, 0.5857075246796177, 0.6628099074198535, 0.39388021445968313, 0.19887792003510865, -0.018472981014048998]], "inverted": true, "swapped": false, "error_lsq": 0.03464882855612766, "error_max": 0.203479081152163, "target": "884.xyz", "model": "25.xyz", "model_rescale": 4.19342608120988, "target_rescale": 4.00848545525226},
{"mapping": [11, 8, 9, 4, 10, 5, 12, 3, 1, 2, 0, 13], "R": [[-0.8327128587404888, -0.41371151604499606, -0.36801097317878134], [-0.06655080896605572, 0.7345960870687577, -0.6752329810437534], [0.5496910811666916, -0.5377837579873728, -0.63924044375397]], "T": [-0.02707054150346811, 0.11869431134036784, -0.15145191478071393], "aligned_model": [[-0.2275250753169341, 0.4152723123664942, 0.1173173282509837, -0.5783779304451601, -0.5020370863716181, -0.4126997258876108, -0.27718862196224925, -0.18658276252556913, 0.5466036700129856, 0.24411020373522396, 0.4824570898125432, -0.023540847037308417], [-0.6551304282619026, -0.4008722097796951, -0.4661210817222879, 0.30605712764201387, -0.20212875816915554, -0.14823540615833347, 0.40195096129118074, 0.5609558469692013, 0.021165380116979493, 0.10088565982921543, 0.3775539632996151, 0.11669537268414923], [0.1665468871284149, 0.13008676371855463, -0.5307269154592549, -0.08429100443267182, -0.5124184382007745, 0.48982744511565723, -0.7155997769760246, 0.4465082032807526, -0.5519915233111364, 0.6799469604429463, 0.07718116751269807, -0.14581130760974062]], "inverted": false, "swapped": true, "error_lsq": 0.03716802746882733, "error_max": 0.22511277354403048, "target": "884.xyz", "model": "26.xyz", "model_rescale": 3.795458400668931, "target_rescale": 4.00848545525226},
{"mapping": [3, 0, 2, 5, 11, 12, 6, 4, 1, 8, 10, 9, 13], "R": [[-0.30596876569586084, -0.7795592635384045, -0.5465075196646536], [-0.06497914737103405, -0.5555991615327229, 0.8289072819749315], [-0.9498214699750078, 0.28913133060184854, 0.11934089340590576]], "T": [-0.17974522553027014, -0.11181230412171383, 0.0011450755082335548], "aligned_model": [[-0.025956810638198408, 0.3067068505900564, 0.5337788948164129, -0.04598180061974791, -0.0030317499073626297, -0.7650684287697966, -0.10239254245211293, -0.6029090757599043, 0.044205560770181396, 0.4288423610599733, -0.7073901956747498, -0.18788199062630592, -0.17324468996718914], [-0.6941126605404498, -0.43296894967484173, -0.32218481285827566, -0.01758208104563938, 0.5531693292243423, -0.2289506633350512, -0.5601188155817847, -0.29863717888850994, 0.07692868048935497, 0.3043630636020928, 0.3036251136043725, 0.5498160664392834, -0.11146558817797904], [-0.46347426944401604, 0.19893941178013094, -0.4589711833127332, -0.7763049682740377, -0.5152673184253554, 0.3247676131713402, 0.5571409550204645, -0.35883280150668895, 0.6440049804873503, -0.03490780895278161, -0.08728585311845477, 0.2636105386791732, -0.0012826340049657122]], "inverted": false, "swapped": true, "error_lsq": 0.041327255386780205, "error_max": 0.2499608350548326, "target": "884.xyz", "model": "27.xyz", "model_rescale": 3.6321398670334006, "target_rescale": 4.00848545525226},
