[{"mapping": [8, 1, 4, 2, 6, 9, 11, 5, 12, 0, 13], "R": [[-0.05654343862603541, -0.7357997106030884, -0.674834517066781], [0.6752785486422973, 0.46967495687890937, -0.5686864835956164], [0.7353922227572823, -0.48785676254122606, 0.47031272356900744]], "T": [-0.04367923302421205, 0.04390607100996933, -0.0070526070592130535], "aligned_model": [[-0.6375836294842832, 0.45020388433435654, -0.5923019604978028, 0.06863897520243274, -0.06197210928759456, -0.4694358728908952, -0.48305449819273394, 0.19176470528488826, -0.0582723475469212, 0.26491980732452436, -0.20636992782836], [0.0735909989575885, 0.23624774433044426, -0.6334744261122137, -0.7165898492968881, -0.29029588190585426, -0.20716759814478694, 0.5559772981225597, 0.5295742022224709, 0.30845825614758826, -0.34730799073263163, 0.03979086802758871], [-0.5139801211485979, 0.22126353454149356, -0.3989365077607125, 0.009942118801642238, -0.6944540251061323, 0.5337213457443831, -0.18536210081873689, -0.5372354799244675, 0.5076502104200037, 0.5821253157886497, 0.0003409836757822804]], "inverted": false, "swapped": false, "error_lsq": 0.040636271980946416, "error_max": 0.2592586280227181, "target": "886.xyz", "model": "0.xyz", "model_rescale": 3.8414455957264533, "target_rescale": 3.9168172322859727},
{"mapping": [2, 1, 6, 10, 5, 8, 7, 4, 13, 12, 14], "R": [[-0.5439258886753746, 0.17677265089017016, -0.8203024183348273], [-0.8348050141059737, -0.014832656647905174, 0.5503458737196916], [0.08511883488529001, 0.9841399403509785, 0.15563856126854742]], "T": [-0.1435388941637684, 0.06986414960821469, -0.02630194463719874], "aligned_model": [[-0.4964859449389325, 0.7102821849753757, -0.6195124917546232, 0.058870049348237, -0.05456456679904201, -0.4571259470268054, -0.4875654355842479, -0.0011485648601737841, -0.29100855369005285, 0.16198175383259897, -0.05718545708472346], [0.08197545241196968, 0.2017134469848178, -0.4701232321308059, -0.5838676451018856, -0.34933372946184543, -0.370716915188384, 0.6010200806262365, 0.3787598935644511, 0.34177118048792837, -0.3277165507514636, 0.04532164017484667], [-0.6742883822359651, -0.07216280777457877, -0.32943547254643346, -0.019471089503660742, -0.5269809757895442, 0.5497656582706035, -0.13798953516436183, -0.45071406549937204, 0.6659164217160135, 0.5489165044901396, -0.028480981749533084]], "inverted": false, "swapped": false, "error_lsq": 0.04464829468542734, "error_max": 0.2784711645323297, "target": "886.xyz", "model": "1.xyz", "model_rescale": 4.316132596720782, "target_rescale": 3.9168172322859727},
{"mapping": [2, 9, 4, 5, 0, 3, 8, 1, 10, 7, 11], "R": [[0.22942502758061667, -0.11847383367801881, 0.9660890784256216], [0.9689028861138408, 0.12232042365188184, -0.21509279680615634], [-0.09268955712432567, 0.9853941671692894, 0.14285300594960923]], "T": [-0.15188608751556043, -0.013105087511747222, -0.012933845818813246], "aligned_model": [[-0.5807970268790423, 0.5851862232827778, -0.6954495251411538, 0.15968939404675597, 0.0020742199097335545, -0.3415119528456898, -0.5177969568449123, 0.0715980471219177, -0.21355856127638423, 0.2658204730846462, -0.268717308041038], [0.2004281823669421, 0.059341538162016365, -0.49705365087814823, -0.5772177318009618, -0.32752618622165375, -0.4568464388386539, 0.6518395999057228, 0.36325476892033265, 0.44441586981534287, -0.25043223613888216, -0.06140009367619127], [-0.6993479704507677, 0.02484710592801554, -0.26722169143670266, -0.03432369760042014, -0.6304689905757811, 0.43220956158994744, -0.11778571368397184, -0.33387833235280745, 0.4161429284023196, 0.7418231836521393, -0.006921109258663759]], "inverted": false, "swapped": false, "error_lsq": 0.046052371245330875, "error_max": 0.2807468637035504, "target": "886.xyz", "model": "2.xyz", "model_rescale": 3.795458400668931, "target_rescale": 3.9168172322859727},
{"mapping": [3, 7, 6, 1, 8, 2, 5, 9, 4, 0, 11], "R": [[-0.6837179253951202, 0.4100317712015032, 0.6036586329199236], [-0.5350605364093339, -0.8441839208505186, -0.03261487628063783], [0.4962257761047372, -0.34529328748587573, 0.7965754984597804]], "T": [-0.17574720256483592, -0.05652569891617582, 0.07909444103102452], "aligned_model": [[-0.5163845690031051, 0.5593719281098817, -0.512624580867622, 0.034793679788610254, -0.038675135746159245, -0.6982323680973853, -0.5580290218185954, 0.031628473977473204, -0.029811577513807558, 0.2598446291334253, -0.0653444315451047], [0.12108342058298663, 0.08952701118723719, -0.35394191874397435, -0.6497182880221911, -0.3266018288746317, -0.5439961528922408, 0.5153265987543229, 0.5204245803644154, 0.43309099765718334, -0.22371347379091222, -0.032677324606329425], [-0.6205420437185214, -0.06777545446654794, -0.30215812721224383, 0.0710987517432967, -0.6412062389325964, 0.3567761287847759, -0.06467682127904707, -0.5362740232437874, 0.46630629144517866, 0.7071994865973923, 0.15632732449540826]], "inverted": true, "swapped": false, "error_lsq": 0.0516888148935531, "error_max": 0.2673474696703084, "target": "886.xyz", "model": "3.xyz", "model_rescale": 3.7530521520055578, "target_rescale": 3.9168172322859727},
{"mapping": [0, 8, 1, 7, 7, 3, 4, 6, 9, 5, 10], "R": [[-0.5235786445643242, 0.4616553079271746, 0.7160585029303477], [0.4756842466155563, -0.53886455182239, 0.6952334085118792], [0.7068167375479841, 0.7046271151835704, 0.06253581429951832]], "T": [-0.25397638144810986, -0.02005579167231179, 0.061355115398235835], "aligned_model": [[-0.3988456636700144, 0.6351904352484671, -0.65409427857, 0.1604235456624692, 0.1604235456624692, -0.6542362658893639, -0.5996338344522028, 0.024020388927419645, -0.034930126909342996, 0.10936834554278807, -0.2811490651350781], [0.0616086202963029, 0.16599751555241019, -0.6846621088560356, -0.2977601772101262, -0.2977601772101262, -0.16997759750997585, 0.5733818251546545, 0.5221901065383082, 0.2465199541445787, -0.5519465252158784, -0.018787814068246412], [-0.7464593439030686, -0.06610480383333774, -0.0907303289151367, -0.27076521703749246, -0.27076521703749246, 0.6917401264319283, -0.19953494675251826, -0.35700205757057063, 0.4836345003531638, 0.38171834507434454, -0.030655782596512027]], "inverted": false, "swapped": false, "error_lsq": 0.07110800995691215, "error_max": 0.38919087834235755, "target": "886.xyz", "model": "4.xyz", "model_rescale": 3.7855080009869324, "target_rescale": 3.9168172322859727},
{"mapping": [15, 5, 14, 2, 9, 12, 8, 10, 6, 1, 16], "R": [[0.4963155405983999, -0.016831571004735035, 0.8679790218536568], [0.29658803150085616, -0.9363685287517411, -0.18774854975138167], [0.8159083427266604, 0.35061471244203724, -0.4597422100353874]], "T": [-0.1091222977258404, 0.018898976520275133, 0.07871979391725353], "aligned_model": [[-0.6233355603880484, 0.666188774419291, -0.4810042206682835, 0.09113861355099581, -0.04439153758353717, -0.520915296043727, -0.4768880479877904, 0.09240549695634495, -0.22576430511001977, 0.11469067650945056, -0.12558756723706518], [0.14831094374513726, 0.20352668797923817, -0.4715912386558639, -0.673840182244108, -0.27146847176514943, -0.41626069058351517, 0.5706256340896101, 0.4067983723884205, 0.47219516083541585, -0.397433371998002, -0.022059222175317646], [-0.5522757448364959, -0.06237802388974251, -0.20203024212542436, -0.08188441806885063, -0.5681269367049653, 0.40140827166729093, -0.15719528026253482, -0.5042766732503849, 0.5336860338358715, 0.6700564722406761, 0.04809181560786735]], "inverted": true, "swapped": false, "error_lsq": 0.03741952954184642, "error_max": 0.19858070704666145, "target": "886.xyz", "model": "5.xyz", "model_rescale": 4.2253639853439635, "target_rescale": 3.9168172322859727},
{"mapping": [10, 0, 8, 9, 1, 11, 2, 4, 6, 12, 13], "R": [[-0.8033377895692136, 0.23906283124466346, 0.5454331843290575], [0.23279565549904405, 0.9690733255982632, -0.08187229320529116], [-0.5481373720435604, 0.061203368626312725, -0.8341460118216543]], "T": [-0.14080597705186676, -0.0026302697322015053, -0.023409097872810154], "aligned_model": [[-0.6755085351197807, 0.6585320118899587, -0.5146921533564057, 0.13647324697371616, 0.07045447405479827, -0.5303679062403959, -0.4938175747060278, 0.0747460006362552, -0.2804223264112374, 0.14190048759035134, -0.12076069889362101], [0.08009599592663483, -0.055864820103934607, -0.5951738783465647, -0.5400895569343099, -0.14478198380521692, -0.2816705932741676, 0.5577798970654951, 0.48580916178489963, 0.3543506820663128, -0.3644995045209871, 0.052848221757704095], [-0.5853361516394998, -0.05929100707169677, -0.2578575456333589, -0.10617487588132737, -0.7117895841902092, 0.589723669134218, -0.13062322431455878, -0.48803322430246115, 0.4931079329864812, 0.7892848643490761, -0.007935579223356179]], "inverted": true, "swapped": false, "error_lsq": 0.04674624299660248, "error_max": 0.28133176247333286, "target": "886.xyz", "model": "6.xyz", "model_rescale": 3.89814844738969, "target_rescale": 3.9168172322859727},
{"mapping": [10, 7, 9, 8, 11, 6, 2, 4, 0, 3, 12], "R": [[-0.3459441953912779, 0.8279577668267536, -0.4413712156748974], [-0.8464872707719414, -0.07251220035777753, 0.5274478943178594], [0.40469978267371437, 0.5560826531645534, 0.7259408851644324]], "T": [-0.1465647101362271, 0.022170402747498562, 0.00226086802805206], "aligned_model": [[-0.6114958132886883, 0.49946209370356853, -0.7188841057435591, 0.056839688517181214, 0.15474316989045808, -0.4020878405321563, -0.5026521748608145, 0.07220548078981137, -0.10232679137682593, 0.24097938150799933, -0.22024606218936332], [0.13489110506585938, 0.10921711032904016, -0.5945726761206606, -0.6230237832034287, -0.35360273048821617, -0.3758937672810272, 0.6119837168321057, 0.4719356881244605, 0.3313952365486988, -0.26039136402886887, 0.0968650858379029], [-0.5545485927773633, 0.08192842080650736, -0.29777973441517713, -0.003894238656609178, -0.6483914838427828, 0.4856123937315967, -0.16165928483764877, -0.40436743892590143, 0.5056825562505258, 0.6521457514172417, -0.12965307453708136]], "inverted": true, "swapped": false, "error_lsq": 0.036969378838971556, "error_max": 0.19115455168547985, "target": "886.xyz", "model": "7.xyz", "model_rescale": 3.7474275329858107, "target_rescale": 3.9168172322859727},
{"mapping": [2, 5, 1, 0, 3, 12, 4, 8, 11, 10, 14], "R": [[-0.763140315125301, -0.5455106459343321, 0.346460668190149], [0.5947026432048511, -0.38304071011289376, 0.7068299516583701], [-0.2528747231251478, 0.7454515071877702, 0.6167304312549056]], "T": [-0.12531028274542358, -0.015581834403616959, 0.07361288186639271], "aligned_model": [[-0.5337247230633047, 0.5177492892075964, -0.6026481725027273, 0.0012279717549183167, 0.2383203835084677, -0.5221216313506557, -0.5598032710344032, -0.021142677131676696, -0.041516490533170414, 0.16885410570559042, -0.1786577581430236], [0.021633675217238, 0.19994955517270693, -0.5071518298881308, -0.6401754894256191, -0.18441267502414385, -0.1467953463106454, 0.543046387123587, 0.48220369217982784, 0.23439114213838746, -0.4519896983292576, -0.0018957912380846743], [-0.6615076161700436, -0.1566957611515919, -0.2351091591207256, -0.09397015391355838, -0.5208645548793006, 0.5274480796094465, -0.26011784654588815, -0.3808857378468755, 0.6366156056389223, 0.619761990223591, 0.05040042836933114]], "inverted": false, "swapped": false, "error_lsq": 0.047983685733036824, "error_max": 0.23635288820321917, "target": "886.xyz", "model": "8.xyz", "model_rescale": 4.019505241142653, "target_rescale": 3.9168172322859727},
{"mapping": [7, 10, 8, 11, 9, 5, 0, 1, 2, 6, 12], "R": [[0.40863221747037676, -0.90731594375691, -0.098982266339736], [0.6655033707574947, 0.2219836308380873, 0.7126208887973694], [-0.624599851389396, -0.3570728858992901, 0.6945314822237341]], "T": [-0.1814666078302417, -0.006876924916568307, 0.02852732807557376], "aligned_model": [[-0.7657797126501923, 0.7317696047761941, -0.467416964265089, -0.08269536368357039, 0.053471203486350344, -0.48363107366948904, -0.5939795741770638, 0.18513250217056798, -0.19274832352210894, 0.27889652813763594, -0.19648180018562394], [0.12275779212509808, 0.030720636452057963, -0.44300224942938504, -0.6211199084872457, -0.2918775926793593, -0.3647943636160207, 0.46588241936232466, 0.4597271076223511, 0.40828005074713375, -0.1786935654976169, -0.03907670498347248], [-0.6507053461597669, -0.024063560690197328, -0.40061603533515866, 0.014409167540268858, -0.546728185256524, 0.5092730631589582, -0.14170114505341425, -0.2942590897545292, 0.4498224392096508, 0.5638839036662369, 0.04576006288778316]], "inverted": true, "swapped": false, "error_lsq": 0.04843757964078577, "error_max": 0.24779589784002284, "target": "886.xyz", "model": "9.xyz", "model_rescale": 3.877068213659057, "target_rescale": 3.9168172322859727},
{"mapping": [8, 13, 11, 10, 9, 12, 7, 2, 3, 6, 15], "R": [[-0.02444718571406934, -0.020305161669122773, 0.9994948901921675], [-0.5223595822010282, -0.8521942836736034, -0.0300893628513747], [0.8523748013599589, -0.5228313334944887, 0.01022715615142955]], "T": [-0.1684218421143969, 0.0354678904256548, 0.030342187701697873], "aligned_model": [[-0.6266447384434611, 0.5821719778905087, -0.550796099325757, 0.06133158386772691, -0.023525407563126044, -0.4900640543980276, -0.4659013425011378, 0.15663136897001076, -0.07320644121957308, 0.14877562142238496, -0.25223544228193784], [0.028610030032898102, 0.1963729513400361, -0.5695155608202999, -0.6199988410921282, -0.14947291508120672, -0.40889026921882, 0.6806395232446965, 0.3913289820191117, 0.2787888814200855, -0.2843339221695606, 0.00527476194105312], [-0.5903893829782016, 0.1217586780426312, -0.1497695204249494, -0.11383654367970077, -0.5864618537996981, 0.537577171657061, -0.37158576662852183, -0.42579227866006897, 0.6086935216693402, 0.4515513339835594, 0.04332991503185622]], "inverted": false, "swapped": false, "error_lsq": 0.041536320313870084, "error_max": 0.2234085722141205, "target": "886.xyz", "model": "10.xyz", "model_rescale": 4.260839863003843, "target_rescale": 3.9168172322859727},
{"mapping": [2, 0, 4, 5, 3, 10, 8, 1, 7, 6, 11], "R": [[-0.2852085309103253, -0.003530249858822332, 0.9584589877672954], [-0.7085800312988557, 0.6741637155437202, -0.20836896095339863], [-0.6454226778944842, -0.7385735047916493, -0.19477870745872794]], "T": [-0.2525436190832974, -0.02656290966074619, -0.0410249004470787], "aligned_model": [[-0.4732223527915004, 0.5940123051981785, -0.6710492250545124, -0.019783807658131314, 0.16730768064729878, -0.5228705376549656, -0.7243719352092661, 0.05585771442616816, 0.001007221828233762, 0.271907146832619, -0.21225718414651204], [0.06872066456269939, 0.1085204486166391, -0.5923533655740021, -0.6609171831291392, -0.23159441897430022, -0.199982186067855, 0.5138723659111943, 0.49046782341014955, 0.39652240226264174, -0.36503983410167057, 0.020586904699508808], [-0.6833480769817561, 0.14640461386554965, -0.243106756063454, -0.03569309347324813, -0.5753656510135144, 0.4976613753277754, -0.01067428137667309, -0.44205916543081686, 0.3906189564418968, 0.5190109023418582, -0.03837354942430995]], "inverted": true, "swapped": false, "error_lsq": 0.04388030355938935, "error_max": 0.2726625273356768, "target": "886.xyz", "model": "11.xyz", "model_rescale": 3.890672605050136, "target_rescale": 3.9168172322859727},
{"mapping": [9, 4, 5, 7, 12, 8, 11, 10, 0, 3, 13], "R": [[-0.8963678161393501, -0.2232365259887002, -0.38300155568100325], [-0.062232503234247324, -0.7920359949222463, 0.6072940789178888], [-0.4389212386417085, 0.568194012826626, 0.6960630072466174]], "T": [-0.29551551981162266, 0.143604982135983, 0.04412339341231321], "aligned_model": [[-0.7970538543883079, 0.39640356234661916, -0.5299417277903546, 0.07052886308331158, 0.02522202946379354, -0.5174899772940438, -0.360544812827463, 0.21145945849372022, -0.10799250990009895, 0.2408401449288003, -0.1648941496983656], [0.06049064749431311, 0.22716478171734672, -0.5076982606059508, -0.618235966964165, -0.20167579997005242, -0.361578649037057, 0.6077728020094033, 0.40757687670932563, 0.20604658515925897, -0.315864720914943, 0.04480532601838652], [-0.5452590989884355, 0.11708082938946315, -0.3105886318160594, -0.06801067055423292, -0.5329734379237435, 0.5074892152618964, -0.24411537903002856, -0.643507113975353, 0.6005680957078979, 0.6393320533637525, 0.005059412778150446]], "inverted": true, "swapped": false, "error_lsq": 0.04591523028275813, "error_max": 0.24407148994180372, "target": "886.xyz", "model": "12.xyz", "model_rescale": 4.124412569039231, "target_rescale": 3.9168172322859727},
{"mapping": [2, 7, 1, 0, 4, 6, 11, 10, 9, 3, 12], "R": [[-0.04819902788947014, 0.9853219887681527, 0.16376028871641268], [-0.5013177113239365, -0.1656689889466918, 0.8492551668458141], [0.8639197914294132, -0.041162659672980995, 0.5019444485450615]], "T": [-0.023013610267479015, -0.10691896774823928, 0.03220427377893502], "aligned_model": [[-0.5806979326964441, 0.45978657332830053, -0.674345984620793, 0.19371742857153557, 0.009009451822344444, -0.4936762236988545, -0.5196298647297013, 0.05478110449959987, -0.07942702847896115, 0.13883592912314063, -0.041816426702556475], [0.0913442210631249, 0.2842525558078114, -0.566880005223477, -0.6390354546302618, -0.33215741075674965, -0.2604203293001008, 0.7110633737206435, 0.4681257547042741, 0.2947067214619056, -0.4671537670000482, -0.035042038231256456], [-0.5939549856177591, 0.11566981394230942, -0.13231405660619378, -0.049325442190896476, -0.7204699074143754, 0.482234107349724, -0.24134653719681826, -0.4237356584833443, 0.5263253156427325, 0.6261647032462357, -0.06417207845830694]], "inverted": true, "swapped": false, "error_lsq": 0.04124219582306455, "error_max": 0.19975847085110562, "target": "886.xyz", "model": "13.xyz", "model_rescale": 3.9028299243045295, "target_rescale": 3.9168172322859727},
{"mapping": [6, 8, 7, 4, 3, 14, 1, 2, 12, 13, 15], "R": [[0.6645689316898429, -0.6627258541874113, -0.3451703597126894], [0.13274435499495163, 0.5592967154415567, -0.8182702000642947], [0.7353414657488013, 0.49797753592692584, 0.4596643367312196]], "T": [-0.1035833000736679, -0.0493581449374521, -0.056383777237361016], "aligned_model": [[-0.5795896290483566, 0.6023647204125633, -0.6292592243891411, 0.20091733222863717, -0.08313756104785311, -0.6357553872169434, -0.4424533717458372, 0.18045403969510043, 0.019708630539259586, 0.03855375809846956, -0.20526628110828776], [0.09751891608765162, 0.2425218043961579, -0.7398972697807311, -0.6263947435026644, -0.21507047678185534, -0.25513968412238625, 0.4994915030921973, 0.5137568720101193, 0.3552726812925571, -0.22482590836786043, -0.09843007270731982], [-0.49938870494122456, 0.05741713271596416, -0.31609225898742177, -0.23988146857568535, -0.6570590972468731, 0.620001823274065, -0.13467741762682597, -0.4363496136766417, 0.4961678341719655, 0.7062822522186092, -0.07134520711262368]], "inverted": false, "swapped": false, "error_lsq": 0.0454922878069963, "error_max": 0.25364524787791026, "target": "886.xyz", "model": "14.xyz", "model_rescale": 3.942246331269136, "target_rescale": 3.9168172322859727},
{"mapping": [12, 10, 1, 5, 3, 0, 13, 4, 6, 9, 14], "R": [[-0.9477646724447883, -0.30074391742941653, 0.10627898096440068], [-0.07383646614526966, -0.11728821001286005, -0.9903492576152908], [0.31030678679784235, -0.9464653041296271, 0.08895575386680094]], "T": [-0.12595933173383886, 0.0276867619983387, 0.07602310213616914], "aligned_model": [[-0.7286550523869513, 0.5506571026084273, -0.5162797333379069, 0.006972312578576972, -0.06280235735221934, -0.6871434862181937, -0.46004826739172366, 0.162276102324542, -0.02233677468919766, 0.4260541948097246, -0.2021570145274678], [0.04432346137894733, 0.2537820619652657, -0.5274721985409131, -0.5802424323914881, -0.23508752523049475, -0.3300246945770606, 0.6164119961318414, 0.3241802638689236, 0.2661916230230291, -0.2502267049923369, -0.033032229019847786], [-0.4758440437448782, 0.08448668022021848, -0.3667973450037918, -0.04859965155691737, -0.5899414622807259, 0.3888047215747855, -0.3742179758106908, -0.3395198136069571, 0.5711667038090011, 0.5919760820776777, 0.08356137853558619]], "inverted": true, "swapped": false, "error_lsq": 0.047131757678156604, "error_max": 0.22170956077326331, "target": "886.xyz", "model": "15.xyz", "model_rescale": 4.355366556412066, "target_rescale": 3.9168172322859727},
{"mapping": [2, 9, 4, 5, 0, 3, 8, 1, 10, 7, 11], "R": [[0.22942502758061667, -0.11847383367801881, 0.9660890784256216], [0.9689028861138408, 0.12232042365188184, -0.21509279680615634], [-0.09268955712432567, 0.9853941671692894, 0.14285300594960923]], "T": [-0.15188608751556043, -0.013105087511747222, -0.012933845818813246], "aligned_model": [[-0.5807970268790423, 0.5851862232827778, -0.6954495251411538, 0.15968939404675597, 0.0020742199097335545, -0.3415119528456898, -0.5177969568449123, 0.0715980471219177, -0.21355856127638423, 0.2658204730846462, -0.268717308041038], [0.2004281823669421, 0.059341538162016365, -0.49705365087814823, -0.5772177318009618, -0.32752618622165375, -0.4568464388386539, 0.6518395999057228, 0.36325476892033265, 0.44441586981534287, -0.25043223613888216, -0.06140009367619127], [-0.6993479704507677, 0.02484710592801554, -0.26722169143670266, -0.03432369760042014, -0.6304689905757811, 0.43220956158994744, -0.11778571368397184, -0.33387833235280745, 0.4161429284023196, 0.7418231836521393, -0.006921109258663759]], "inverted": false, "swapped": false, "error_lsq": 0.046052371245330875, "error_max": 0.2807468637035504, "target": "886.xyz", "model": "16.xyz", "model_rescale": 3.795458400668931, "target_rescale": 3.9168172322859727},
{"mapping": [10, 7, 9, 8, 11, 6, 2, 4, 0, 3, 12], "R": [[-0.3459441953912779, 0.8279577668267536, -0.4413712156748974], [-0.8464872707719414, -0.07251220035777753, 0.5274478943178594], [0.40469978267371437, 0.5560826531645534, 0.7259408851644324]], "T": [-0.1465647101362271, 0.022170402747498562, 0.00226086802805206], "aligned_model": [[-0.6114958132886883, 0.49946209370356853, -0.7188841057435591, 0.056839688517181214, 0.15474316989045808, -0.4020878405321563, -0.5026521748608145, 0.07220548078981137, -0.10232679137682593, 0.24097938150799933, -0.22024606218936332], [0.13489110506585938, 0.10921711032904016, -0.5945726761206606, -0.6230237832034287, -0.35360273048821617, -0.3758937672810272, 0.6119837168321057, 0.4719356881244605, 0.3313952365486988, -0.26039136402886887, 0.0968650858379029], [-0.5545485927773633, 0.08192842080650736, -0.29777973441517713, -0.003894238656609178, -0.6483914838427828, 0.4856123937315967, -0.16165928483764877, -0.40436743892590143, 0.5056825562505258, 0.6521457514172417, -0.12965307453708136]], "inverted": true, "swapped": false, "error_lsq": 0.036969378838971556, "error_max": 0.19115455168547985, "target": "886.xyz", "model": "17.xyz", "model_rescale": 3.7474275329858107, "target_rescale": 3.9168172322859727},
{"mapping": [12, 4, 7, 2, 9, 1, 10, 5, 8, 0, 13], "R": [[0.5764648463328493, -0.7619443114012967, 0.2951764680079506], [-0.81678774906183, -0.5476487673666518, 0.1814899462347604], [0.023367796750093206, -0.3457190968474135, -0.9380470415443223]], "T": [-0.24845104898828174, -0.05005730867480851, -0.001408858559243803], "aligned_model": [[-0.471267308501783, 0.5425117062076312, -0.6939659174242039, -0.026058535590168574, 0.09295424802899444, -0.5605591764867729, -0.5202979186839289, -0.017745607743900688, 0.03799553190241323, 0.2661761553459895, -0.18320615063665974], [0.0981578019735333, 0.20066233956548468, -0.5257846879199428, -0.7154861260135406, -0.22406998190743382, -0.43241771905295134, 0.5819533859140315, 0.5046237407412901, 0.4709579463823791, -0.28608376066661534, -0.12370931740036918], [-0.6997083063503843, -0.028674219363015646, -0.37905849072558995, 0.10619589435311176, -0.5499397862005722, 0.4832636598844169, -0.0570966653527098, -0.40430322370870175, 0.40275189103480624, 0.6138900487208853, 0.037754471921061156]], "inverted": false, "swapped": false, "error_lsq": 0.04164396276164183, "error_max": 0.21202404111388695, "target": "886.xyz", "model": "18.xyz", "model_rescale": 3.922800546911778, "target_rescale": 3.9168172322859727},
{"mapping": [12, 6, 7, 11, 13, 9, 5, 8, 1, 10, 14], "R": [[0.09007915988454851, -0.9955523114363107, 0.027592392942866306], [-0.8727466763388354, -0.09225376695992188, -0.4793771807472911], [0.47979056253120533, 0.019100724476417613, -0.8771751127514198]], "T": [-0.15450790028419653, 0.04331541125034918, -0.006145133743856418], "aligned_model": [[-0.6577204398036911, 0.4728532194413934, -0.6274452362591401, 0.006864998353405094, 0.02001875377922588, -0.4668235759820168, -0.4993338066125971, 0.17388750586978935, -0.006159101985582921, 0.26664644902528617, -0.2162517394084612], [0.08288441875166683, 0.23736390989948283, -0.5566665432071806, -0.6473504262276859, -0.29715931050701444, -0.5202018843187034, 0.6802409116500522, 0.39830097768972034, 0.6036007990199969, -0.4025486052540083, -0.029660625880460707], [-0.6093246080980615, 0.2048785083955564, -0.23973226871687184, -0.07082203298050618, -0.5766108712652765, 0.49149968158424384, -0.2468830024955349, -0.38102159187145934, 0.45435018895879487, 0.5177202498306022, -0.018978979128179453]], "inverted": false, "swapped": false, "error_lsq": 0.04327352509884897, "error_max": 0.26243893665299556, "target": "886.xyz", "model": "19.xyz", "model_rescale": 3.9282355846067225, "target_rescale": 3.9168172322859727},
{"mapping": [1, 9, 3, 4, 0, 6, 2, 10, 7, 8, 13], "R": [[-0.21777545107167134, 0.3330926493940286, 0.9174002070144724], [0.8604181040784006, -0.37817757111397177, 0.34155879564207936], [0.4607109061924418, 0.8637308675889752, -0.20424115473952736]], "T": [-0.10754757637424016, -0.020397984596070402, 0.08179461431603659], "aligned_model": [[-0.5564520812080834, 0.5533236565169894, -0.5754980644739596, 0.061765178561052556, -0.0656164514119211, -0.4934669579009637, -0.5567728632188689, 0.15707781335058496, -0.2465000317923231, 0.33730786705483284, -0.14863103905972938], [0.03347667138428031, 0.10172107293220872, -0.5291065229875336, -0.6118402126924695, -0.324466587332714, -0.28498062077860414, 0.6021037199564885, 0.5639210112661911, 0.45139835483315083, -0.46466603140963564, 0.011242766444503095], [-0.5157696611301228, 0.2453824334316898, -0.21585120338750946, -0.06276377105264692, -0.6571106934102093, 0.5377620623315681, -0.21721120477181566, -0.49333933806285774, 0.46415335374027866, 0.5099897989692137, -0.07016650244428087]], "inverted": false, "swapped": false, "error_lsq": 0.042932378763301846, "error_max": 0.24974352695917174, "target": "886.xyz", "model": "20.xyz", "model_rescale": 4.067790424073018, "target_rescale": 3.9168172322859727},
{"mapping": [3, 5, 12, 10, 11, 7, 2, 6, 8, 1, 14], "R": [[0.6192294661700017, -0.39085287951799474, -0.6810204804551084], [0.7847942950364756, 0.33629075936778086, 0.5205827884612044], [0.025549612619690465, -0.8568211900602911, 0.5149802574455167]], "T": [-0.12109212599808701, 0.026745902569922105, -0.021756732415870873], "aligned_model": [[-0.6532240951836659, 0.3764172548720034, -0.5704560289573872, 0.17456080673610513, -0.04825026734818351, -0.42140398387246486, -0.505221354372761, 0.10925173895388286, -0.09013459796265856, 0.20387557159902836, -0.10887801804628794], [0.11670991921962137, 0.2212181889417478, -0.5277265404029334, -0.7351581470186888, -0.2734517451344923, -0.17530436294338772, 0.6386921417200428, 0.48666512058569683, 0.2502618800453195, -0.4033529970638228, -0.04974983633323784], [-0.6793942159352874, 0.22950223088187863, -0.3004075167294728, -0.07988060134951705, -0.5897423747698937, 0.6306637113432336, -0.19976928207805925, -0.5537087222364924, 0.5019322363396367, 0.5968837393697136, -0.031003930622432164]], "inverted": true, "swapped": false, "error_lsq": 0.04648230967288237, "error_max": 0.31764170243033385, "target": "886.xyz", "model": "21.xyz", "model_rescale": 4.186013935880536, "target_rescale": 3.9168172322859727},
{"mapping": [1, 4, 0, 6, 7, 5, 9, 10, 11, 3, 12], "R": [[0.29079756366012977, 0.4986498401425777, -0.8165691115240122], [0.14710958312717465, -0.8666053920634043, -0.47681638499403767], [-0.9454076091937709, 0.018531901478671772, -0.32536290677657637]], "T": [-0.27205147778107863, 0.032420334956279974, -0.0015272405371773712], "aligned_model": [[-0.6537109908050811, 0.4532224100830611, -0.5757189598214554, 0.04289610775726521, 0.05771750634959555, -0.5605686410366262, -0.42858111612401917, 0.2304071525495366, -0.05212875416091117, 0.19032862214821467, -0.2373263105219699], [-0.10838120565274093, 0.0723170032521763, -0.5914952860418063, -0.42446879745961585, -0.07047465748281098, -0.3937316656666772, 0.5819810338220979, 0.5432573213598103, 0.3800290553763616, -0.46087849577201084, 0.020649315881082143], [-0.6095027155464523, -0.0030078518258767895, -0.20228530197482245, -0.045267245807092224, -0.648820665127012, 0.5761327762433498, -0.2442869382233337, -0.42917233961620005, 0.47781413242708104, 0.6271217565415311, 0.026349667122135205]], "inverted": true, "swapped": false, "error_lsq": 0.044563962426617934, "error_max": 0.22409700841165728, "target": "886.xyz", "model": "22.xyz", "model_rescale": 4.166573947596378, "target_rescale": 3.9168172322859727},
{"mapping": [8, 13, 4, 1, 7, 2, 9, 10, 12, 6, 15], "R": [[-0.302355724168452, 0.9190460796287956, 0.2528543445968696], [0.5038165895265477, -0.07110120586081198, 0.8608794704504088], [0.8091661511583446, 0.3876840492515522, -0.4415328048690278]], "T": [-0.22153161824786868, 0.0370000351299788, 0.01378515800236646], "aligned_model": [[-0.6524430485239849, 0.5813917731143919, -0.6772340775480078, -0.03866522674987277, 0.17742358089660307, -0.4759533158896795, -0.5367996199164629, 0.21827512902879878, -0.06345204384621753, 0.12050240023662676, -0.18650852438458465], [0.020504686265724305, 0.2516940727070313, -0.48413997992100094, -0.6460746602620563, -0.10338410527150368, -0.4290931256650227, 0.5312576755959262, 0.4193412500156849, 0.3380914454257884, -0.3270887103839515, -0.022304926890754216], [-0.6704095386625699, -0.14756426631620181, -0.23238930587450135, 0.10360667125348735, -0.5628574434845054, 0.4271082815005267, -0.11569317318482303, -0.4566682972445031, 0.5739067216225239, 0.5878581042002378, 0.018177520403636342]], "inverted": false, "swapped": false, "error_lsq": 0.04297750444284842, "error_max": 0.23058352311267535, "target": "886.xyz", "model": "23.xyz", "model_rescale": 4.274766983524099, "target_rescale": 3.9168172322859727},
{"mapping": [7, 2, 6, 3, 5, 8, 9, 4, 1, 0, 10], "R": [[-0.6607913193285343, 0.21376690450823277, -0.7194849149475084], [0.054038525382234276, 0.9696470566036993, 0.2384626247324646], [0.7486218471795816, 0.11869412856898484, -0.6522860061113381]], "T": [-0.16962299503372275, -0.12690863598251606, 0.011655524929860613], "aligned_model": [[-0.644655721776856, 0.7222061220521934, -0.3955744322312021, 0.2863815566302192, -0.10415660044018049, -0.8581347945656488, -0.5395735618361357, 0.1503465196388642, 0.01573943518933757, 0.023494419900816188, -0.18953591614379675], [0.03016065966823242, 0.23792722055466936, -0.7441066340899092, -0.4208505281023191, -0.24052879478820777, -0.1489263458833799, 0.64164206827042, 0.3188700124305618, 0.38103700690329306, -0.4298041187402341, -0.07661692460726073], [-0.3765526941595342, 0.014328439494016305, -0.14009306741065541, -0.13555961257548188, -0.7939781134593284, 0.27713217185080347, 0.00017296614852236464, -0.4202952977452641, 0.3758194630661518, 0.6575110294618092, 0.06658998954226808]], "inverted": false, "swapped": false, "error_lsq": 0.07189796976202079, "error_max": 0.40284356827768103, "target": "886.xyz", "model": "24.xyz", "model_rescale": 3.7841303162186577, "target_rescale": 3.9168172322859727},
{"mapping": [11, 9, 3, 12, 13, 4, 7, 10, 8, 2, 15], "R": [[-0.8680717657938015, 0.4915873581664358, 0.06923350866867871], [0.1884092863766092, 0.4552588850417982, -0.8701961206518654], [-0.45929658200196577, -0.742348447079566, -0.4878170075754517]], "T": [-0.16899181389878823, 0.08145301757561593, 0.02127737647955988], "aligned_model": [[-0.5319820930846435, 0.4128970473959319, -0.5829929016554366, 0.26175546480429024, -0.10041348672965711, -0.5663080116721889, -0.5118873382465382, 0.15689615783662306, -0.015308413620038375, 0.17634193490847136, -0.232461333519203], [0.08109760925681739, 0.0354431968351635, -0.5847537976211702, -0.528947802314378, -0.37887857027644356, -0.33433444177040983, 0.5771031632144312, 0.6361224139789711, 0.28330343807423874, -0.29314526550489783, 0.05579367774354254], [-0.6552324165494752, 0.05908158289483996, -0.16249821045956084, -0.10925816425801604, -0.6075245315481796, 0.49663510545408707, -0.22277006278330574, -0.4162086185521854, 0.5552208227940115, 0.577347296700999, 0.010282470520092346]], "inverted": false, "swapped": false, "error_lsq": 0.04342982052033694, "error_max": 0.2743225835576751, "target": "886.xyz", "model": "25.xyz", "model_rescale": 4.19342608120988, "target_rescale": 3.9168172322859727},
{"mapping": [2, 9, 4, 5, 0, 3, 8, 1, 10, 7, 11], "R": [[0.22942502758061667, -0.11847383367801881, 0.9660890784256216], [0.9689028861138408, 0.12232042365188184, -0.21509279680615634], [-0.09268955712432567, 0.9853941671692894, 0.14285300594960923]], "T": [-0.15188608751556043, -0.013105087511747222, -0.012933845818813246], "aligned_model": [[-0.5807970268790423, 0.5851862232827778, -0.6954495251411538, 0.15968939404675597, 0.0020742199097335545, -0.3415119528456898, -0.5177969568449123, 0.0715980471219177, -0.21355856127638423, 0.2658204730846462, -0.268717308041038], [0.2004281823669421, 0.059341538162016365, -0.49705365087814823, -0.5772177318009618, -0.32752618622165375, -0.4568464388386539, 0.6518395999057228, 0.36325476892033265, 0.44441586981534287, -0.25043223613888216, -0.06140009367619127], [-0.6993479704507677, 0.02484710592801554, -0.26722169143670266, -0.03432369760042014, -0.6304689905757811, 0.43220956158994744, -0.11778571368397184, -0.33387833235280745, 0.4161429284023196, 0.7418231836521393, -0.006921109258663759]], "inverted": false, "swapped": false, "error_lsq": 0.046052371245330875, "error_max": 0.2807468637035504, "target": "886.xyz", "model": "26.xyz", "model_rescale": 3.795458400668931, "target_rescale": 3.9168172322859727},
{"mapping": [6, 11, 7, 10, 5, 3, 1, 8, 9, 4, 12], "R": [[-0.15334026507096193, 0.9019844608652148, 0.40362209486802825], [0.8489862067929079, -0.08876582660886645, 0.5209059883528264], [0.5056769559544486, 0.42254545363088825, -0.752160990634658]], "T": [-0.18808847240658352, 0.10668167505263404, 0.057645486055622155], "aligned_model": [[-0.5194846070823579, 0.5244206432567248, -0.49617497910301234, 0.13356075390562652, -0.13398373599712257, -0.5469224217797714, -0.455449344467147, 0.11982240953959208, -0.18829292977369327, 0.291982817817934, -0.2629415798991621], [0.22646293613618093, 0.1273210260334231, -0.6160028039057189, -0.525091456113149, -0.2516657057777234, -0.3552237222373288, 0.6015251849907499, 0.4171571426257041, 0.2876977985898759, -0.3414437577815945, -0.021933020944553933], [-0.6886895667799375, 0.11663166258128517, -0.14976219676664326, -0.013705158363129924, -0.6022941324174016, 0.508154264637682, -0.12674875277620812, -0.5250616298444537, 0.4470134499819618, 0.5749252318275669, -0.01538789786741461]], "inverted": false, "swapped": false, "error_lsq": 0.0372972767719419, "error_max": 0.17361638680538768, "target": "886.xyz", "model": "27.xyz", "model_rescale": 3.6321398670334006, "target_rescale": 3.9168172322859727},
{"mapping": [2, 7, 13, 6, 1, 9, 0, 3, 8, 12, 14], "R": [[-0.5511062427630393, 0.12652664358578847, -0.8247865891553527], [0.7109601758762221, -0.4462471133595517, -0.5435063404748087], [-0.4368266675761191, -0.8859201557032, 0.15597416521065444]], "T": [-0.1906929733261618, 0.033832485982087594, -0.013888057750605087], "aligned_model": [[-0.6483423806988897, 0.5652940361086702, -0.5979549144378908, -5.336075731324219e-05, -0.06959953737549018, -0.5409636706156169, -0.48894196508773097, 0.1738970695395619, 0.009388656777454762, 0.2716514093932341, -0.20783831642837824], [0.010780133108752386, 0.15283315214484036, -0.640475200099834, -0.7132720564683509, -0.09041609136989454, -0.3388727905443367, 0.5673583834814593, 0.5314325763666139, 0.3148437988086377, -0.23958518407154522, -0.005823099740476699], [-0.6646332249941349, 0.10944023187694372, -0.22818735249233058, 0.08305923674638738, -0.6597718452402538, 0.4161972555186922, -0.13962329477882876, -0.3155970742793356, 0.37085809122705704, 0.6145943845898416, -0.06126113396073094]], "inverted": true, "swapped": false, "error_lsq": 0.04016390608108515, "error_max": 0.22917130519619192, "target": "886.xyz", "model": "28.xyz", "model_rescale": 4.156811204709835, "target_rescale": 3.9168172322859727},
{"mapping": [0, 4, 7, 1, 3, 2, 6, 5, 8, 10], "R": [[0.9618648808835959, 0.18971618605751242, 0.19703735602818412], [-0.2704540516884355, 0.7672991503806246, 0.5814693626928944], [-0.04087244607428196, -0.6125845105558605, 0.789347617073075]], "T": [0.05776427561957542, 0.014748253917785607, 0.049538020350795076], "aligned_model": [[-0.6437971563967296, -0.08146174702745054, 0.18351264603800338, 0.7035631981638232, 0.01370138805556638, -0.7015057245151115, -0.3638572193772001, -0.47698906607755687, 0.15260407982808036, -0.14284502458083684], [-0.09279438540339208, -0.5367598074350547, 0.09691046505951262, 0.023837059823956574, -0.48303821854233137, -0.43559176494632373, 0.5128715266545982, 0.19996727610639842, 0.5921862421189862, 0.041131937189853834], [-0.4825049278013492, -0.23094759069341547, -0.6168752455935962, -0.07922512396037781, 0.38440570203783336, 0.22346230445781762, -0.4302545599283386, 0.6837994108483403, 0.22639199669966298, 0.08053476090852275]], "inverted": false, "swapped": true, "error_lsq": 0.054811846874820616, "error_max": 0.2901281223479447, "target": "886.xyz", "model": "29.xyz", "model_rescale": 4.117894457231895, "target_rescale": 3.9168172322859727},
{"mapping": [9, 7, 5, 8, 6, 0, 11, 10, 4, 1, 14], "R": [[-0.696820936131974, 0.5476613960860719, -0.4631496283116439], [-0.5454450151483388, -0.8239422368387305, -0.15365196322539398], [-0.4657577894335075, 0.14555475117715744, 0.8728593792769647]], "T": [-0.21159235270266724, 0.10667761349732427, -0.002523250729985889], "aligned_model": [[-0.5249710898144324, 0.43764512618264456, -0.5356865625441279, 0.10640717979981162, -0.008921684088438075, -0.5573263214490003, -0.6673194043550253, 0.16858211236658804, 0.15372272702856687, 0.06336997475836248, -0.16896503146733818], [0.05170977965648842, 0.18021337081552152, -0.6125872715874683, -0.5256005247214004, -0.18469581262841436, -0.3483972221131614, 0.5922539728481018, 0.4131159360907939, 0.29939655213755334, -0.443344201654033, 0.12673904277188386], [-0.5397348635786318, -0.011842545788305632, -0.2737662041152374, -0.0323618149718154, -0.5371404688129595, 0.5148328819983701, -0.2889356875073614, -0.5277697597603259, 0.6524060548954803, 0.5992243285701605, -0.029836646716066683]], "inverted": true, "swapped": false, "error_lsq": 0.047725632446851844, "error_max": 0.2809818996058274, "target": "886.xyz", "model": "30.xyz", "model_rescale": 4.100398675895297, "target_rescale": 3.9168172322859727},
