[{"mapping": [1, 3, 11, 12, 0, 9, 5, 8, 7, 6, 2, 4, 13], "R": [[-0.6105580527434579, -0.7304264477859306, 0.3060981355790069], [0.1530717321090798, 0.2703757944883544, 0.9505082717072573], [-0.7770379070928539, 0.6271954512985711, -0.053272477050900324]], "T": [-0.0861330116295036, -0.11439828986860434, -0.14609206741392425], "aligned_model": [[-0.07272053964376045, 0.2946184785461555, -0.7317674597015135, -0.31094192778111335, 0.4204663174995592, 0.019394461920260245, -0.4786983060100435, -0.35674710197236614, -0.15089457623042918, 0.18253361481055785, 0.6626110432817067, 0.32287182997529057, -0.14137686903448327], [-0.4957326979186623, -0.4383918596300874, 0.023545626152446708, 0.036069261159633936, -0.003068957155670321, 0.5562515741495715, -0.6917045264517125, 0.1638260218421077, 0.5728551288744713, -0.2892031835694376, 0.03340392779311907, 0.39390652268983395, 0.028170260928119556], [-0.5790450536090944, 0.00640965480572217, 0.0801588471451313, -0.657893078823543, -0.7173847542079205, -0.42147522590919706, 0.14547483621501275, 0.5320955011124426, 0.16193903596991208, 0.5480316803164137, -0.05230992572853384, 0.5522957071675386, -0.08985874279106879]], "inverted": false, "swapped": false, "error_lsq": 0.05488350688396344, "error_max": 0.32059810094262114, "target": "887.xyz", "model": "0.xyz", "model_rescale": 3.8414455957264533, "target_rescale": 3.967464248619698},
{"mapping": [12, 8, 1, 11, 13, 0, 10, 5, 4, 6, 9, 2, 14], "R": [[0.35857145209885544, 0.052136078477001635, 0.932045247324806], [-0.8270317349334952, -0.44532418965113735, 0.3430814415331309], [0.43294921544288717, -0.893850208610256, -0.11656234990249087]], "T": [0.014110035598792238, 0.07184697575009963, 0.0030981146923888397], "aligned_model": [[-0.23035735604317611, 0.34907023351717476, -0.7796867365148149, -0.38592787319263255, 0.36919310050511756, -0.031840252876798085, -0.3158434237393223, -0.27327033853234445, -0.15176635294943583, 0.28275749141054046, 0.6955989496669648, 0.20509793873230306, -0.07367641432375574], [-0.5148129983819296, -0.608819748215117, 0.2861027300481367, -0.06076138630026878, -0.015656520744033564, 0.6538838732682857, -0.4922029254981693, -0.06357093063978356, 0.5514652261309376, -0.3111759405511323, 0.060710363514005494, 0.34592158002340956, 0.05884377620939332], [-0.4192232239139526, -0.21780203061654668, -0.26612121503885344, -0.7376110697883195, -0.6610601162717102, -0.4265982786175641, 0.20646901719080285, 0.580503774671335, 0.1987217136573705, 0.6285173052019358, -0.027861792664178153, 0.6611341773572886, -0.010629779504792863]], "inverted": false, "swapped": false, "error_lsq": 0.044262113297178246, "error_max": 0.2315242220605298, "target": "887.xyz", "model": "1.xyz", "model_rescale": 4.316132596720782, "target_rescale": 3.967464248619698},
{"mapping": [1, 4, 0, 7, 6, 9, 2, 11, 3, 10, 8, 12], "R": [[0.2442547242687599, 0.5205701786585957, -0.8181358803791395], [-0.34281430112356565, 0.8355650009794926, 0.4293128044716368], [0.9070931510145764, 0.1756069993750201, 0.3825496009054883]], "T": [0.005087048495520045, 0.047702061830934506, -0.0054682596679393805], "aligned_model": [[-0.1083138925592051, 0.5651184652364208, 0.024214442233617843, -0.4803208111590542, -0.6618860244823512, -0.46348696645327636, -0.012340835858387519, -0.19293985740954145, 0.464578350461001, 0.2708952717611591, 0.18016192654468183, 0.012128486316716328], [-0.7251296977483265, -0.2960072692836787, -0.5129293724268903, 0.3425020395507135, -0.2695339303504442, -0.05195995697569511, 0.5350315093358657, 0.6642224008865071, -0.02898769872082546, -0.08289859238328212, 0.4897075971632632, -0.05124060130622646], [0.11352996126928455, 0.13671820780302646, -0.5267308457060493, -0.21438155083123422, -0.38857020294928313, 0.3801333424127639, -0.6804021794062214, 0.4892523026220542, -0.5468305533728737, 0.7374009770761181, -0.0021298060223954793, -0.048731191685769046]], "inverted": false, "swapped": true, "error_lsq": 0.0424889031935648, "error_max": 0.22961974282514688, "target": "887.xyz", "model": "2.xyz", "model_rescale": 3.795458400668931, "target_rescale": 3.967464248619698},
{"mapping": [1, 9, 6, 8, 4, 3, 7, 10, 11, 5, 0, 12], "R": [[0.6012757763761212, 0.7620585414600402, -0.24027946256617355], [-0.36428490730657803, -0.006205055053070226, -0.9312668809747431], [-0.7111708283189988, 0.6474783986200505, 0.2738754758434654]], "T": [0.042848700231918606, -0.015062414505795485, 0.1150974395485298], "aligned_model": [[-0.2242734120701368, -0.11013239918845463, -0.7796989728022096, 0.31913408839730134, 0.42831090091546326, 0.03987665404707754, -0.3425869041216569, 0.6331190696028056, 0.3887277894514232, 0.6833059606033198, -0.4327297109841365, -0.009749238107231377], [0.043624261793401134, -0.5661590166102372, -0.10937829993909845, -0.02392093687095101, 0.3584691886282259, 0.6864789796611749, -0.2790254074539211, -0.31140481653234503, -0.6606336200107277, 0.3872941879910521, 0.5133011220737098, 0.047123402559426195], [-0.6261791146314469, -0.11089379783497041, 0.0327646204551464, 0.5019038023825719, -0.2897251350051557, 0.2489538858356827, 0.4997212993819501, -0.33582086473885175, 0.47240108205396575, 0.42139046364167776, -0.16958711196550408, 0.04384230106403453]], "inverted": false, "swapped": true, "error_lsq": 0.05330213615980753, "error_max": 0.30290024836188834, "target": "887.xyz", "model": "3.xyz", "model_rescale": 3.7530521520055578, "target_rescale": 3.967464248619698},
{"mapping": [2, 3, 0, 1, 6, 10, 7, 8, 11, 9, 12], "R": [[0.22988977723561946, -0.9694840807424364, 0.0851546094439428], [0.9692486453264754, 0.22018116160700904, -0.10989685894592573], [0.08779381444811347, 0.1078001542688198, 0.9902885301185049]], "T": [-0.12105970229057803, 0.03872228620217939, -0.022964506017449288], "aligned_model": [[-0.5752136834421983, -0.3321648488561183, 0.30992880697306024, 0.6048356841746134, 0.4678061726164522, -0.09484934670177977, -0.13558781034340836, -0.5882765955206248, -0.5088582193393287, 0.23402293464228577, -0.0434434917577487], [-0.6553525212152715, -0.2176627785633778, -0.2997807282506557, 0.24397345516886637, -0.5291127967161094, 0.8321679850114648, -0.4160731604914575, 0.03250034339787819, 0.26411051965979604, 0.18915323893944147, 0.02327980137377107], [-0.09599765386388015, -0.6552524346224399, -0.5578035097946481, -0.25799030072742835, 0.1288879017209475, 0.07358696025038912, 0.3759372563825649, 0.06479034324624527, 0.6573831059264029, 0.456065316031676, -0.09677620730451304]], "inverted": false, "swapped": true, "error_lsq": 0.05375468686109921, "error_max": 0.32420507660414877, "target": "887.xyz", "model": "4.xyz", "model_rescale": 3.7855080009869324, "target_rescale": 3.967464248619698},
{"mapping": [14, 9, 13, 12, 2, 1, 15, 8, 6, 10, 5, 7, 16], "R": [[-0.23867828338580646, -0.027638218283740967, -0.970705313640605], [-0.9683430119919929, -0.0684775594144158, 0.24004715158260226], [-0.07310600636254388, 0.9972697492387634, -0.010419169207487589]], "T": [0.0033202648117566236, 0.08103381226772088, -0.07021105265957792], "aligned_model": [[-0.2186283859623815, 0.2618120781195359, -0.719349527406812, -0.4105019922436558, 0.3296614334386723, 0.13247029007450828, -0.35577609979197433, -0.36865465972654926, -0.28100598052678855, 0.2846177017545334, 0.7568096384233446, 0.24735750388801223, 0.0005369656193753057], [-0.41084404590488893, -0.5772555023168765, 0.09013113962014502, 0.15102062725904872, -0.19890276738209856, 0.5767301969604501, -0.6069881637991593, -0.08881301401433528, 0.5915555518878877, -0.2992688520110579, 0.21028671465077448, 0.4150018635771987, 0.03727335033664552], [-0.4782458153844408, -0.15237661725716278, -0.019879661607748268, -0.6058585564370966, -0.6709794278357943, -0.6276240989426359, 0.20726627625805757, 0.5025861060975644, 0.22065525280368256, 0.4840505368323982, 0.19559093322329177, 0.554513397417812, -0.1012598435051125]], "inverted": false, "swapped": false, "error_lsq": 0.04767768295468122, "error_max": 0.27862265996201135, "target": "887.xyz", "model": "5.xyz", "model_rescale": 4.2253639853439635, "target_rescale": 3.967464248619698},
{"mapping": [10, 1, 5, 2, 4, 3, 8, 11, 6, 9, 0, 12, 13], "R": [[-0.6700586419110383, 0.16805572455011808, 0.7230343628391875], [-0.4710629273149022, 0.6565136653991994, -0.58914304345687], [-0.5736908007889356, -0.7353550710983389, -0.36073783347481986]], "T": [-2.5431802783196927e-05, -0.018315612723683927, -0.021614006576608714], "aligned_model": [[-0.39778609119123054, 0.3681941422881866, -0.6280311037334099, -0.3485860165737559, 0.2889059746586469, 0.2015413425434364, -0.2798679087400081, -0.5026906727845137, -0.2710254667928958, 0.31650910705372537, 0.788470069487483, 0.11063335281982711, 0.013082236624329124], [-0.5290305570539233, -0.5985016318159644, -0.05481251806757867, 0.14356285952649422, -0.058402948449702397, 0.5573506783073408, -0.6240953047419351, 0.22218197914559834, 0.564943674992131, -0.33326130662227954, 0.09383015588223498, 0.4760779127271851, 0.03008410503413273], [-0.4568945803101114, -0.27949830323769553, -0.09245268509312031, -0.5715889978292096, -0.6664573674644566, -0.3835375199721683, 0.2955358451317006, 0.5215640053375735, -0.030863463409686338, 0.3945728782371881, 0.07198524745566935, 0.7623971156959897, -0.056323692878857856]], "inverted": true, "swapped": false, "error_lsq": 0.052919170087646523, "error_max": 0.37329644989495153, "target": "887.xyz", "model": "6.xyz", "model_rescale": 3.89814844738969, "target_rescale": 3.967464248619698},
{"mapping": [0, 2, 3, 7, 4, 11, 1, 6, 8, 5, 10, 9, 12], "R": [[-0.41794362269834484, -0.8625815343508866, -0.28508985398055464], [0.35821216001006906, 0.13191634742736458, -0.924273836967348], [0.8348695566773916, -0.4884170081787623, 0.2538535984677044]], "T": [-0.05405997648652263, 0.006130918836015365, -0.1364641527790773], "aligned_model": [[-0.42226082363933337, 0.4011044398233704, -0.8573390794635095, -0.38577011260322175, 0.3164566297049447, 0.26909538941826505, -0.09991843485219054, -0.4601735623966399, -0.3106533636552856, 0.14602800118443077, 0.6587387604425371, 0.2926503825128441, 0.11139073918360903], [-0.4518138636399185, -0.5317262312611905, 0.09049805955573433, 0.1544554804784205, -0.08372500925370165, 0.7198619450661677, -0.7412714327508891, 0.0054294976756516355, 0.6052502319327578, -0.24969884902955847, -0.014875692147235485, 0.41045478173803585, -0.022911819500540734], [-0.21212854220588104, -0.20775850553967573, -0.13385552149473454, -0.6834951295591726, -0.656213270246117, -0.34017718846017053, 0.25607035356721836, 0.4043196435530243, 0.04492673632641947, 0.5685837428210887, 0.03783543408062154, 0.5806550980329005, -0.15032436921270617]], "inverted": true, "swapped": false, "error_lsq": 0.0574895944334377, "error_max": 0.308072434356119, "target": "887.xyz", "model": "7.xyz", "model_rescale": 3.7474275329858107, "target_rescale": 3.967464248619698},
{"mapping": [4, 1, 9, 8, 3, 5, 13, 11, 7, 12, 0, 10, 14], "R": [[-0.49581732051722627, 0.15541554975299476, -0.8544069238776644], [-0.8258522785931266, -0.3886571574796127, 0.40855064298371707], [-0.26857624358393895, 0.9081803900298895, 0.3210532363136973]], "T": [0.03723493253414104, -0.04494646447410588, -0.03225548373261928], "aligned_model": [[-0.4017064964941231, 0.5976725932048587, -0.6174190559267724, -0.31020025611393554, 0.3679924288349515, -0.1050686788923734, -0.4278868080356733, -0.3633730429546802, -0.12788573833703268, 0.03427679557947715, 0.6833650938257524, 0.2987016805649884, 0.030880450404383024], [-0.5593770886777331, -0.5410754169687454, 0.3420972862682773, -0.04684663366618803, 0.2201238084726143, 0.5367691692934178, -0.7660675745206896, 0.12043661544865464, 0.5911591810576564, -0.3506716667867571, 0.08428172589979635, 0.3612308335009924, -0.10213314045756239], [-0.4258509621233367, -0.09983884742782129, -0.07659204304753442, -0.6191928695776866, -0.6105908241929642, -0.42516522861979766, 0.2356212412493358, 0.413436834397138, 0.14658076454409533, 0.5036232048677033, -0.037652437403382845, 0.5524824934606566, -0.04842284446359016]], "inverted": false, "swapped": false, "error_lsq": 0.050051205251779377, "error_max": 0.30482269158995656, "target": "887.xyz", "model": "8.xyz", "model_rescale": 4.019505241142653, "target_rescale": 3.967464248619698},
{"mapping": [7, 9, 3, 0, 1, 2, 8, 5, 2, 11, 10, 6, 12], "R": [[0.5553869219890498, -0.7787975728206686, -0.29158139078508477], [-0.05454794423816467, -0.3839927434735945, 0.9217234372299601], [-0.8298011139200279, -0.49600797728288337, -0.2557463544389703]], "T": [-0.010957938020057317, -0.02995563457688183, -0.02609289407580293], "aligned_model": [[-0.3904600297531088, 0.37438115204365274, -0.7428363781094999, -0.36701131997298253, 0.4242862698474865, -0.1407110921715023, -0.16490740947289978, -0.42824760789966965, -0.1407110921715023, 0.09472331447855253, 0.8818174617185705, 0.2887542393919592, -0.029728542269235374], [-0.6489004569140544, -0.5940674880262278, 0.42028651747919377, -0.011894032649479996, 0.044029769998903734, 0.5314447763922208, -0.6787614265092536, 0.09753321137039028, 0.5314447763922208, -0.347013861496484, 0.1620001021830584, 0.4205622703205075, -0.03673705967726173], [-0.566897349815528, -0.05122581864216222, -0.016256167693278926, -0.5697341782023768, -0.5373598904662096, -0.1601296792063486, 0.08108702932638989, 0.4839469521252113, -0.1601296792063486, 0.49884050894396337, 0.03936578727564462, 0.4589515018764766, 0.007979465347382576]], "inverted": true, "swapped": false, "error_lsq": 0.053714806620049, "error_max": 0.3609325956551149, "target": "887.xyz", "model": "9.xyz", "model_rescale": 3.877068213659057, "target_rescale": 3.967464248619698},
{"mapping": [0, 12, 7, 8, 11, 9, 5, 4, 2, 3, 10, 13, 15], "R": [[0.6440686947479788, 0.5697148020217535, 0.51049051000283], [-0.7333796068968039, 0.27007895169549295, 0.6238683451169431], [0.21755428893387632, -0.7761974002844754, 0.5917666154474226]], "T": [0.037549113361731994, 0.022035042298311467, 0.0362217970279798], "aligned_model": [[-0.10538278841225027, 0.38431133223041203, -0.7493456351148705, -0.3371140848872834, 0.31327757079289964, 0.1042598710719164, -0.2617840070442292, -0.47134285842634255, -0.22036765310004663, 0.028053828923561425, 0.6603665913910467, 0.28873271302228026, 0.025684085212726193], [-0.5545020730619016, -0.6276102829099967, 0.22483342645346296, 0.2014045607372368, -0.1654426635828122, 0.5581117875107136, -0.6878964914241904, 0.04603595603483067, 0.6231440067257842, -0.3242771775279578, 0.18978995385117464, 0.45152684840884416, -0.045190752351455254], [-0.4938173163412012, -0.08992149733914644, -0.04095358519208235, -0.6139912446290644, -0.6221710976966549, -0.3430099288967685, 0.16810182848451394, 0.4818041092155585, 0.14803553684709453, 0.5679538994072372, -0.25901955876584076, 0.6278991446670064, -0.022471808097837144]], "inverted": false, "swapped": false, "error_lsq": 0.04936950381700938, "error_max": 0.29799337651567176, "target": "887.xyz", "model": "10.xyz", "model_rescale": 4.260839863003843, "target_rescale": 3.967464248619698},
{"mapping": [0, 4, 5, 3, 8, 2, 6, 1, 10, 11, 9, 12], "R": [[-0.5440921939442811, 0.8388009527158584, 0.019407375192626808], [0.5251970222486855, 0.35852795539671606, -0.7717679657903431], [-0.6543177915279492, -0.40972023006195196, -0.6356080244678858]], "T": [-0.012727492233956651, 0.07557278273441541, 0.0077781051815193555], "aligned_model": [[0.3073253958424822, 0.18209598371311747, -0.56648381829903, -0.2597363268652294, -0.45791323659414035, -0.6729048016667726, 0.33363536958874757, 0.7524835516873678, 0.27943222866617795, -0.34033296676959957, 0.3420845116163389, 0.05921275817467046], [0.06598158192706487, -0.56191195849542, -0.523695788609729, -0.243342443403037, 0.002696289750164352, 0.3600494269487537, 0.7330836419236214, -0.009849440194234851, -0.3849829790181797, 0.2727791709919464, 0.4037564817379416, 0.05851452197404229], [-0.6878240106672895, -0.07965930948163943, 0.018862566622334508, -0.5815998916530121, 0.15787780954457376, -0.4124224143069666, -0.3663490012369397, -0.16954752952328916, 0.5926681231657198, 0.7273923853127253, 0.388023581995056, -0.07124423237576868]], "inverted": true, "swapped": true, "error_lsq": 0.05635398585299175, "error_max": 0.3107217160578768, "target": "887.xyz", "model": "11.xyz", "model_rescale": 3.890672605050136, "target_rescale": 3.967464248619698},
{"mapping": [5, 10, 8, 7, 4, 3, 9, 6, 0, 11, 2, 1, 13], "R": [[0.571246762513735, 0.8206397066224285, -0.015086690565907418], [0.6606844187230996, -0.47065284813503466, -0.5847922668767948], [-0.48700434820861394, 0.3240931478094452, -0.811042783315941]], "T": [-0.06585099530781034, -0.04841291020247057, 0.0505847186101855], "aligned_model": [[-0.6071992907795879, 0.6080669975844926, -0.6648526408079792, -0.3197250007886806, 0.4542916845617915, -0.13728729970066328, -0.34853079946567145, -0.3647149073767231, -0.007281247615786815, 0.2708685724740537, 0.6426183147097441, 0.1695115611413724, -0.03641697827654131], [-0.46750862487144224, -0.5719860101951539, 0.3282053216558485, -0.07811930627796532, 0.20600846999310057, 0.656008343082982, -0.7507935231474179, -0.005058069737522097, 0.5390746191713283, -0.3326224224786415, -0.060491929458432694, 0.48124298635681734, -0.05403275522976751], [-0.3185669937940299, -0.2163352174429758, -0.08560185179283335, -0.7628215080992651, -0.34410300314283665, -0.5425010326404067, 0.2310674571248557, 0.5413586623079755, 0.06165392060392434, 0.38014055560869453, 0.10965643539370849, 0.5695908733443279, -0.11509981580832378]], "inverted": false, "swapped": false, "error_lsq": 0.05648249647297502, "error_max": 0.36788534281081203, "target": "887.xyz", "model": "12.xyz", "model_rescale": 4.124412569039231, "target_rescale": 3.967464248619698},
{"mapping": [8, 11, 1, 6, 9, 3, 2, 4, 0, 10, 7, 5, 12], "R": [[-0.14578794228360675, 0.5135179367091189, 0.8456034558602046], [0.6480053247785156, 0.6954265313300314, -0.3105978727888705], [-0.7475526569703317, 0.5026741172969722, -0.43414716036881734]], "T": [0.008548230734783342, 0.13292486441515, -0.06272098752246055], "aligned_model": [[-0.18052595717650824, 0.1867533589604783, -0.786214069739543, -0.28165512564131345, 0.39245083043089446, 0.0243528201949725, -0.38844234666380056, -0.33840134993997467, -0.24861955188069457, 0.33883618168073487, 0.6224584563140207, 0.2980325266793568, 0.020323192441197305], [-0.4462451163710252, -0.8449899688987814, 0.0020895552276568863, 0.12599325310803258, 0.0016605647041365579, 0.7070000805115031, -0.5779684579323645, 0.02829569684940536, 0.6075693830347989, -0.39600969159502203, 0.18011295063483246, 0.46759420078559527, 0.03482464880496576], [-0.44181095800475845, -0.11250424168632603, -0.1814614882932686, -0.6655035183715344, -0.556714661134114, -0.48573545179271127, 0.2191028570105604, 0.6351006096738685, 0.15022197649134622, 0.3319279415471087, 0.055453434262533824, 0.5520482023098315, 0.008313779650278977]], "inverted": true, "swapped": false, "error_lsq": 0.04950844579832961, "error_max": 0.31392990487425015, "target": "887.xyz", "model": "13.xyz", "model_rescale": 3.9028299243045295, "target_rescale": 3.967464248619698},
{"mapping": [14, 12, 7, 9, 1, 6, 13, 10, 3, 5, 2, 0, 15], "R": [[-0.32764842831334884, -0.08846862563566951, 0.9406486111731247], [0.8026236933919464, 0.49917954573467005, 0.3265195061952651], [-0.49843927837768126, 0.8619704655023075, -0.09254837854912554]], "T": [0.07247175888696875, -0.0017650859627753902, 0.020297530168047605], "aligned_model": [[-0.4622106269317573, 0.3997438385499693, -0.7392832771179623, -0.4399470939173471, 0.3935476529529206, 0.03418442292228813, -0.12254700333564067, -0.6203693044967955, 0.027942716939887036, 0.07167823962670469, 0.7516803731586275, 0.3817794178679238, -0.016850390558997133], [-0.5983992594888538, -0.6072185812729738, 0.3841631909072099, 0.0872961695068172, 0.041045903240920126, 0.4616784664452224, -0.7479166737460539, -0.19768146517688914, 0.6100339361346278, -0.30077037103839566, 0.28168628711872085, 0.44802333412218004, 0.027986162111201307], [-0.3554591225461811, -0.08246111837602552, -0.09257887334467815, -0.5544549979069068, -0.5429752680354134, -0.4573659663286182, 0.21491726766886765, 0.21249699763312874, 0.13169127425669716, 0.4358658680851505, -0.0016284123013672672, 0.6441849867641309, -0.04379415390596946]], "inverted": true, "swapped": false, "error_lsq": 0.05514423990240358, "error_max": 0.34931507473165685, "target": "887.xyz", "model": "14.xyz", "model_rescale": 3.942246331269136, "target_rescale": 3.967464248619698},
{"mapping": [12, 3, 8, 13, 4, 11, 1, 0, 6, 5, 10, 9, 14], "R": [[-0.9901230854597465, 0.016933073655231456, 0.13917451870316755], [-0.08270231661373326, -0.872117423651865, -0.4822567015496575], [0.11321043444132545, -0.4890035484323402, 0.864903998808068]], "T": [0.0039078411196051994, 0.03370794141711065, 0.015267867471494515], "aligned_model": [[-0.3970503783491168, 0.2883573237499368, -0.6574364148282338, -0.2121421170189912, 0.3865927703204245, -0.04401294939779783, -0.19145350482020182, -0.601529319970745, -0.06769232787206748, 0.20923949913268072, 0.6276954687234226, 0.3854092694906723, -0.06662835350016251], [-0.5486603519660793, -0.6060449942727759, 0.43272874692641256, -0.05876202416035641, -0.02363888637288946, 0.5644736835664386, -0.7397336633774549, -0.10159019381530643, 0.5782185088002105, -0.3783880828228516, 0.3684264727494122, 0.42111825760956023, -0.01822037400058541], [-0.39480034059293373, -0.14706698278609853, -0.032135699728647646, -0.7630004458753415, -0.42510420615215466, -0.4644219796728978, 0.15761766292625679, 0.4100560910062722, 0.12096104202368328, 0.4520691211468155, -0.0733493795761888, 0.6090120996042063, 0.05860149933984405]], "inverted": true, "swapped": false, "error_lsq": 0.05165303869407421, "error_max": 0.2737018201385915, "target": "887.xyz", "model": "15.xyz", "model_rescale": 4.355366556412066, "target_rescale": 3.967464248619698},
{"mapping": [1, 4, 0, 7, 6, 9, 2, 11, 3, 10, 8, 12], "R": [[0.2442547242687599, 0.5205701786585957, -0.8181358803791395], [-0.34281430112356565, 0.8355650009794926, 0.4293128044716368], [0.9070931510145764, 0.1756069993750201, 0.3825496009054883]], "T": [0.005087048495520045, 0.047702061830934506, -0.0054682596679393805], "aligned_model": [[-0.1083138925592051, 0.5651184652364208, 0.024214442233617843, -0.4803208111590542, -0.6618860244823512, -0.46348696645327636, -0.012340835858387519, -0.19293985740954145, 0.464578350461001, 0.2708952717611591, 0.18016192654468183, 0.012128486316716328], [-0.7251296977483265, -0.2960072692836787, -0.5129293724268903, 0.3425020395507135, -0.2695339303504442, -0.05195995697569511, 0.5350315093358657, 0.6642224008865071, -0.02898769872082546, -0.08289859238328212, 0.4897075971632632, -0.05124060130622646], [0.11352996126928455, 0.13671820780302646, -0.5267308457060493, -0.21438155083123422, -0.38857020294928313, 0.3801333424127639, -0.6804021794062214, 0.4892523026220542, -0.5468305533728737, 0.7374009770761181, -0.0021298060223954793, -0.048731191685769046]], "inverted": false, "swapped": true, "error_lsq": 0.0424889031935648, "error_max": 0.22961974282514688, "target": "887.xyz", "model": "16.xyz", "model_rescale": 3.795458400668931, "target_rescale": 3.967464248619698},
{"mapping": [0, 2, 3, 7, 4, 11, 1, 6, 8, 5, 10, 9, 12], "R": [[-0.41794362269834484, -0.8625815343508866, -0.28508985398055464], [0.35821216001006906, 0.13191634742736458, -0.924273836967348], [0.8348695566773916, -0.4884170081787623, 0.2538535984677044]], "T": [-0.05405997648652263, 0.006130918836015365, -0.1364641527790773], "aligned_model": [[-0.42226082363933337, 0.4011044398233704, -0.8573390794635095, -0.38577011260322175, 0.3164566297049447, 0.26909538941826505, -0.09991843485219054, -0.4601735623966399, -0.3106533636552856, 0.14602800118443077, 0.6587387604425371, 0.2926503825128441, 0.11139073918360903], [-0.4518138636399185, -0.5317262312611905, 0.09049805955573433, 0.1544554804784205, -0.08372500925370165, 0.7198619450661677, -0.7412714327508891, 0.0054294976756516355, 0.6052502319327578, -0.24969884902955847, -0.014875692147235485, 0.41045478173803585, -0.022911819500540734], [-0.21212854220588104, -0.20775850553967573, -0.13385552149473454, -0.6834951295591726, -0.656213270246117, -0.34017718846017053, 0.25607035356721836, 0.4043196435530243, 0.04492673632641947, 0.5685837428210887, 0.03783543408062154, 0.5806550980329005, -0.15032436921270617]], "inverted": true, "swapped": false, "error_lsq": 0.0574895944334377, "error_max": 0.308072434356119, "target": "887.xyz", "model": "17.xyz", "model_rescale": 3.7474275329858107, "target_rescale": 3.967464248619698},
{"mapping": [10, 3, 12, 5, 8, 4, 11, 7, 9, 1, 0, 2, 13], "R": [[-0.3832389246883461, 0.542958013160606, 0.7472111632921498], [-0.7461291938035433, 0.29486553028987394, -0.5969468529115015], [-0.5444438931219585, -0.7862893328740755, 0.29211287587274626]], "T": [-0.0332667295912497, -0.004214925550196159, -0.0027389983632484655], "aligned_model": [[-0.291428796596857, 0.2729012429427768, -0.7747342985307384, -0.383286504296205, 0.36928836797992687, 0.23184260125793194, -0.31687439902660197, -0.48474239465269753, -0.35792940329147244, 0.3303799805167299, 0.7678150506546959, 0.25607344676021293, 0.04004407194211852], [-0.42021738477051257, -0.5965107568409381, 0.06795397737905999, 0.17663684766313678, -0.12118847990461094, 0.5799363611065994, -0.6326226950119286, -0.0464865553546715, 0.5802625944127764, -0.34726347629602417, 0.23249940008238706, 0.3591663297534069, 0.05776093664505311], [-0.4892918439468476, -0.12937233575608004, -0.0679648902655589, -0.6093679872117694, -0.5867946739797559, -0.5297211033862891, 0.212683904141644, 0.5987608895896039, 0.0238004594275706, 0.47537937491737187, 0.034364912201100314, 0.533981645410181, 0.04198013052164487]], "inverted": true, "swapped": false, "error_lsq": 0.04747111445483027, "error_max": 0.2799821268967828, "target": "887.xyz", "model": "18.xyz", "model_rescale": 3.922800546911778, "target_rescale": 3.967464248619698},
{"mapping": [10, 4, 9, 2, 1, 0, 11, 7, 3, 13, 8, 12, 14], "R": [[0.8404725661903708, 0.5334663362803584, -0.094971224784062], [0.535776833183129, -0.7920049105003965, 0.2926967829811544], [0.08092620407278955, -0.2968869983661647, -0.9514773038257395]], "T": [0.13273689918019477, 0.007487709309904354, -0.07360066213914462], "aligned_model": [[-0.26329474575676, 0.23445885933805216, -0.6729375556703632, -0.36662807927550717, 0.3849780676272105, -0.011736729391028378, -0.27038906061214274, -0.4101479602830516, -0.22915734345920807, 0.24504770941670767, 0.7310601388553217, 0.2310610218189359, 0.05703464305165319], [-0.5790197403242029, -0.7087273993058721, -0.02268355957521962, 0.09177286705934687, 0.1886464886016762, 0.7762150593434822, -0.4992001720241069, 0.08267792920103947, 0.5111226088341825, -0.33050758098333094, -0.08563886039104232, 0.44484018919797325, 0.020429269229807968], [-0.46060013887720314, -0.05002736995710269, -0.18639052538093515, -0.5802164862730481, -0.7455671148448174, -0.36792746627817585, 0.22304805978556308, 0.5076337821748083, 0.08303167395633981, 0.513731622401553, 0.014304951458703655, 0.5726726699809356, -0.015255176483805671]], "inverted": true, "swapped": false, "error_lsq": 0.050143002210738634, "error_max": 0.3558283116055572, "target": "887.xyz", "model": "19.xyz", "model_rescale": 3.9282355846067225, "target_rescale": 3.967464248619698},
{"mapping": [8, 9, 3, 4, 11, 0, 6, 5, 1, 7, 10, 2, 13], "R": [[0.4171173347428687, -0.2791724945210366, 0.8649137803040876], [-0.3207108724501619, -0.9356476930630634, -0.14733611491424486], [0.8503867739736206, -0.21593080551109273, -0.47980852627070836]], "T": [-0.011909420793469738, -0.1486793027177685, -0.00512355564985198], "aligned_model": [[-0.1749065982578386, 0.44687672914615395, -0.6166036105053498, -0.32550668749523476, 0.2907393960130657, -0.050700649063352005, -0.5511077551580073, -0.42452486850758875, -0.10982572377951652, 0.1756287537312201, 0.7231927565168355, 0.25471539685551375, 0.021371826163919208], [-0.7250580276521651, -0.5458992702718843, 0.28926673106091083, -0.09498022701536825, 0.04590470523580312, 0.5112162577569329, -0.43262968543100455, 0.08095952592712505, 0.5752657903384889, -0.4372805594235303, 0.3001378235231513, 0.3146560569229778, 0.008367977892296263], [-0.4739956754328841, -0.3370217196063118, -0.09948073644587599, -0.5511464567498902, -0.6247233691264887, -0.4559340236648839, 0.23042132421931286, 0.5093710049966823, 0.1616598252845927, 0.514141813986353, 0.015426994171408387, 0.6217318993635859, -0.0020123993327850463]], "inverted": false, "swapped": false, "error_lsq": 0.0518815105385975, "error_max": 0.2904480078871054, "target": "887.xyz", "model": "20.xyz", "model_rescale": 4.067790424073018, "target_rescale": 3.967464248619698},
{"mapping": [9, 10, 0, 12, 11, 3, 1, 8, 2, 5, 6, 4, 14], "R": [[0.5403882890018687, 0.3420711937923976, -0.7687442978566259], [0.24222608741839194, 0.8117104926239487, 0.5314626974098597], [0.8057958920741717, -0.47340614121664143, 0.3557802773830486]], "T": [-0.005520516642246301, -0.019427281389976684, 0.005961236889091608], "aligned_model": [[-0.41149180003126523, 0.1420563011355409, -0.5996504419539087, -0.21996158875152083, 0.3890323724467381, 0.06549320295814155, -0.2475419964027255, -0.3056210449607651, -0.07859523349492904, 0.21227783592064414, 0.5844125880298429, 0.12999508802387316, -0.0010563172598452575], [-0.5729973548553602, -0.7153407666011847, 0.36824026045489744, -0.0759775455731325, -0.04398318195592166, 0.6020485008030053, -0.7666745720190815, -0.08811660742150709, 0.7105189722483828, -0.24327750447120186, 0.41997827263809767, 0.37414328734053515, -0.07863466172379519], [-0.35845252560608787, -0.40050195395288357, -0.02841227573429273, -0.7274083569114199, -0.5056609669274345, -0.5706408099568753, 0.24334740173622182, 0.48595013896635153, 0.13070290633100642, 0.50688146617242, 0.08632661374133183, 0.6909504507146786, -0.04464360691020075]], "inverted": true, "swapped": false, "error_lsq": 0.054384779653973564, "error_max": 0.3363438935411184, "target": "887.xyz", "model": "21.xyz", "model_rescale": 4.186013935880536, "target_rescale": 3.967464248619698},
{"mapping": [9, 8, 7, 1, 2, 0, 10, 4, 6, 11, 5, 3, 12], "R": [[-0.9757832300046079, -0.14991567749545107, 0.15928709201581454], [-0.0698577130201985, 0.9036483608941159, 0.42253939435863874], [-0.20728479918547393, 0.4011794230696005, -0.892237682757336]], "T": [-0.023792559336774353, -0.0388760082980754, -0.06065236436239096], "aligned_model": [[-0.20723823036274647, 0.4418988099989596, -0.7374851677216652, -0.35237556757562744, 0.5173027367935198, 0.006223955831304428, -0.6862012939772305, -0.3830056621328538, -0.17470375172238622, 0.2536433361970044, 0.6567018578366401, 0.3400974599290873, -0.015509517434185865], [-0.5856794458251559, -0.6143210970395254, 0.12700430472581997, 0.10191137892120584, -0.021234060484066744, 0.5669201353050339, -0.48086043053679967, -0.016651810451737678, 0.444906903562044, -0.3921613817785145, 0.32889491804566123, 0.4569271881212484, -0.025729503701479573], [-0.29044454597162467, -0.2598071510815899, -0.09873546256511816, -0.6988806575530172, -0.5672131653014179, -0.4529513348162235, 0.1886744721558556, 0.5702899313970279, 0.16963605311033236, 0.3834025280394563, -0.04613788721229072, 0.6278982140526302, -0.01729251259120477]], "inverted": true, "swapped": false, "error_lsq": 0.04829629574577972, "error_max": 0.3548964271742246, "target": "887.xyz", "model": "22.xyz", "model_rescale": 4.166573947596378, "target_rescale": 3.967464248619698},
{"mapping": [8, 0, 11, 9, 10, 14, 4, 2, 12, 1, 5, 6, 15], "R": [[-0.6813644227630263, 0.7203768072886008, 0.12961396110562415], [0.7156745703532124, 0.6185610986565352, 0.324333280097133], [0.1534680186310919, 0.3137505741022675, -0.9370208879784615]], "T": [-0.0760355231767556, 0.012418838643860883, -0.09720498957912854], "aligned_model": [[-0.23425749343664976, 0.35048189646327144, -0.7625307496149802, -0.457243859561022, 0.3669054350891673, 0.06445071873268937, -0.2580506514420979, -0.3094654271810426, -0.20325573223023263, 0.25237784499150057, 0.7330316707686797, 0.14605814200045864, -0.029152828919921672], [-0.6467825413521213, -0.6657700320087246, 0.3884266649903021, 0.08254880423711282, 0.11325454572551726, 0.65015134578413, -0.6622406608427712, -0.09644244194499739, 0.6389079141200951, -0.25448100794148715, 0.015221518671757046, 0.3318763593480039, -0.004743369923083534], [-0.5382248178858113, 0.06058762528163894, -6.722127987596194e-05, -0.5556928939769691, -0.6926684231935587, -0.5439024581089975, 0.12986012486955106, 0.5244612719263475, 0.046697101950285536, 0.47638736773418194, 0.0937515548682038, 0.5568048943833215, -0.049555644905502516]], "inverted": false, "swapped": false, "error_lsq": 0.043635577363033806, "error_max": 0.25477436755279037, "target": "887.xyz", "model": "23.xyz", "model_rescale": 4.274766983524099, "target_rescale": 3.967464248619698},
{"mapping": [4, 8, 2, 0, 7, 6, 1, 9, 10, 11, 12], "R": [[0.8589897078150898, 0.49416170361374634, -0.13394361705324698], [-0.395967552704353, 0.8070387401856017, 0.4380618324448759], [0.32457106937167446, -0.3232532792118234, 0.888909972047637]], "T": [-0.009492419135336445, 0.12437873046317299, -0.036906774180583614], "aligned_model": [[0.40834673642033664, 0.12111293424087718, -0.5397341839074906, -0.45730412235510787, -0.44164416140133694, -0.7255468763221387, -0.025019717017903117, 0.028394010537645197, 0.7410585807989098, 0.3169390240157362, -0.04670752105145289], [-0.24537987662296196, 0.5592706022207325, 0.64507660700359, -0.40988122018189327, 0.4460358750837395, -0.14982188246716804, -0.6489846183712751, 0.022064801975719223, -0.052332528899512676, 0.722007431967592, 0.02753133953492118], [-0.41197649587801793, -0.1777703713580361, -0.4124688993069185, -0.35379654913155106, 0.23869100025473536, 0.28610853810403547, 0.12420595757185218, 0.5683032715796891, 0.1752525354187659, 0.4106899938422742, -0.06767254707525136]], "inverted": false, "swapped": true, "error_lsq": 0.045627986492387924, "error_max": 0.2412366760278666, "target": "887.xyz", "model": "24.xyz", "model_rescale": 3.7841303162186577, "target_rescale": 3.967464248619698},
{"mapping": [1, 8, 3, 6, 7, 11, 2, 5, 13, 9, 10, 14, 15], "R": [[0.12886237828173785, -0.8057709193730955, 0.5780378127391067], [-0.5360320141549699, -0.5470009485404247, -0.6430082752942156], [0.8343046010088523, -0.2269871974110257, -0.502406852010348]], "T": [0.03838860026180992, -0.07827227661000857, -0.08216950148817101], "aligned_model": [[-0.06686990982555399, 0.14375809166278058, -0.6714314683715806, -0.40038849476393545, 0.3597540002968327, 0.042090201611302135, -0.2596688064466455, -0.7090644361384233, -0.15715689816919678, 0.2620630845991238, 0.7723287142334873, 0.35411765029758613, -0.01018276332595637], [-0.6980908349543361, -0.6596625029320553, 0.3017140948612001, 0.10939122465926321, 0.10569632122056394, 0.6304029798541585, -0.5893672873495726, -0.1593597065250168, 0.6151415491258848, -0.1935361415273612, 0.1785924584070489, 0.30163977658085783, -0.05263483255690168], [-0.4793873190509679, -0.06371797965491968, -0.1098771772222408, -0.6246485549226375, -0.6166649596286887, -0.3774545302071738, 0.3855234535908819, 0.369579911936499, 0.2226898457405497, 0.4458690151248451, -0.05752153432946376, 0.5385405444385627, -0.12449223415243078]], "inverted": true, "swapped": false, "error_lsq": 0.05229575656457085, "error_max": 0.3301417548012493, "target": "887.xyz", "model": "25.xyz", "model_rescale": 4.19342608120988, "target_rescale": 3.967464248619698},
{"mapping": [1, 4, 0, 7, 6, 9, 2, 11, 3, 10, 8, 12], "R": [[0.2442547242687599, 0.5205701786585957, -0.8181358803791395], [-0.34281430112356565, 0.8355650009794926, 0.4293128044716368], [0.9070931510145764, 0.1756069993750201, 0.3825496009054883]], "T": [0.005087048495520045, 0.047702061830934506, -0.0054682596679393805], "aligned_model": [[-0.1083138925592051, 0.5651184652364208, 0.024214442233617843, -0.4803208111590542, -0.6618860244823512, -0.46348696645327636, -0.012340835858387519, -0.19293985740954145, 0.464578350461001, 0.2708952717611591, 0.18016192654468183, 0.012128486316716328], [-0.7251296977483265, -0.2960072692836787, -0.5129293724268903, 0.3425020395507135, -0.2695339303504442, -0.05195995697569511, 0.5350315093358657, 0.6642224008865071, -0.02898769872082546, -0.08289859238328212, 0.4897075971632632, -0.05124060130622646], [0.11352996126928455, 0.13671820780302646, -0.5267308457060493, -0.21438155083123422, -0.38857020294928313, 0.3801333424127639, -0.6804021794062214, 0.4892523026220542, -0.5468305533728737, 0.7374009770761181, -0.0021298060223954793, -0.048731191685769046]], "inverted": false, "swapped": true, "error_lsq": 0.0424889031935648, "error_max": 0.22961974282514688, "target": "887.xyz", "model": "26.xyz", "model_rescale": 3.795458400668931, "target_rescale": 3.967464248619698},
{"mapping": [5, 7, 8, 11, 10, 4, 6, 1, 9, 0, 3, 2, 12], "R": [[-0.24595325194323522, -0.0987118264902429, -0.96424217558117], [0.6907978566598372, 0.6799800495123137, -0.24581589350448124], [0.6799303781217033, -0.7265556465792498, -0.09905338626763811]], "T": [-0.10997709401566585, 0.09317591281407112, -0.02427309249510748], "aligned_model": [[-0.2511598808588904, 0.4173215412041951, -0.7895105004151572, -0.4053570900558928, 0.15214681807386088, 0.2825307788117536, -0.46545635766157334, -0.4428541050997817, -0.01929211301760629, 0.3883988550231972, 0.6244190566855439, 0.19567464806827733, -0.02751268509810545], [-0.56955148572316, -0.4906544626187329, -0.1362620988882782, 0.44068851126547365, -0.08563912479218497, 0.535712932860315, -0.6075555571617098, 0.02953927980924574, 0.4850297488532165, -0.22904373274864415, 0.13294204761254966, 0.43329669784434827, -0.04857565744870479], [-0.3524807764506923, -0.22751270636671198, -0.1521177579268286, -0.5752361072158454, -0.6622406978999487, -0.6150029277782679, 0.22830731010812447, 0.4610066670073302, 0.1260635148837886, 0.5580233144369333, 0.04020564203258438, 0.7278770109088879, -0.048454004076537986]], "inverted": false, "swapped": false, "error_lsq": 0.06308554246307672, "error_max": 0.4321560268871017, "target": "887.xyz", "model": "27.xyz", "model_rescale": 3.6321398670334006, "target_rescale": 3.967464248619698},
{"mapping": [8, 9, 3, 7, 6, 4, 10, 0, 1, 11, 13, 2, 14], "R": [[0.40628189487874666, -0.3696699647012176, -0.8356309826062792], [-0.06386245389401149, -0.923760893504116, 0.3776074663127207], [-0.9115133618748387, -0.10004963183479362, -0.3989153573044687]], "T": [-0.09067204522169584, -0.06933973468664988, -0.07651792583958607], "aligned_model": [[-0.437142524863271, 0.3858741206458546, -0.6891413348239402, -0.5175613096862532, 0.5059889930237076, 0.06171936948646131, -0.20194020652578124, -0.4478013242582637, -0.01582342009223331, 0.2308555412392508, 0.6962633739660911, 0.13461443627621356, -0.046556748728015504], [-0.38435157846744183, -0.5361178495108889, 0.2666833567638085, 0.09699950033341788, 0.03857715959884592, 0.5902348234425568, -0.758046589002786, -0.1589910037443229, 0.5829792256273059, -0.23824627326261438, 0.0734920884750044, 0.3435056024371084, -0.026791363826260323], [-0.29504792563212223, -0.11644416455920047, -0.054539041033603894, -0.7018052188351374, -0.5625806651114386, -0.554226530902274, 0.26695536001331227, 0.4273005158941564, 0.050544474096246475, 0.4532144866005041, 0.08721676270902316, 0.5655477971217615, -0.057697368698412285]], "inverted": false, "swapped": false, "error_lsq": 0.04446386526431178, "error_max": 0.28150917274168835, "target": "887.xyz", "model": "28.xyz", "model_rescale": 4.156811204709835, "target_rescale": 3.967464248619698},
