[{"mapping": [4, 6, 11, 7, 5, 1, 12, 8, 9, 2, 3, 0, 1, 13], "R": [[0.6175873941306403, 0.002095271959853734, 0.7864994726294097], [-0.1523231092606275, -0.9807443014608092, 0.12222227921833498], [0.7716109647977407, -0.19528498402991448, -0.6053761591079847]], "T": [-0.0933376548684513, 0.053000215267778206, 0.15429739918369217], "aligned_model": [[-0.08487804679868094, -0.6389521879349482, -0.005847758084886509, 0.33440011347181803, -0.677454538458349, -0.19118746004799259, 0.3308281333614195, -0.1745571946152063, 0.6005847288345336, -0.12081928819152032, -0.4982217384751764, 0.2279811139406674, -0.19118746004799259, 0.005149253312729793], [-0.03972839954556953, -0.03870903168787361, -0.6313417986132309, -0.27528311067260425, -0.32667386968163253, 0.3479579428484405, 0.09428342413912147, -0.5654012911210692, 0.1653885980178304, 0.6143526858420134, 0.35449016230000224, 0.7503064462449638, 0.3479579428484405, -0.046645764619417385], [-0.7968776980708481, -0.3733771970563667, 0.259574969640873, -0.3754808015005902, 0.44935047231571534, 0.6405786634636863, 0.5460867414764903, -0.3164064300784349, -0.05206090228010077, -0.37047532211554096, 0.018750372369447488, 0.23130846093465568, 0.6405786634636863, 0.07116575740613892]], "inverted": false, "swapped": false, "error_lsq": 0.05089566319599868, "error_max": 0.3202416376387241, "target": "888.xyz", "model": "0.xyz", "model_rescale": 3.8414455957264533, "target_rescale": 4.164706313960921},
{"mapping": [2, 9, 0, 4, 13, 12, 1, 7, 3, 6, 8, 10, 12, 14], "R": [[0.4536229747059716, 0.5413888091273513, 0.7079013731944401], [-0.8452046509810347, 0.009477390025710297, 0.5343587531222149], [0.28258679158611255, -0.8407189402112749, 0.4618835013194323]], "T": [-0.06811857288640805, 0.024014049197140005, -0.01659651155140123], "aligned_model": [[0.1152471697678163, -0.6634610139425734, 0.029290333263971707, 0.32446019542506005, -0.648617357440312, -0.2354818304652777, 0.58752547032155, -0.24525343539300928, 0.7109653859879341, -0.20823686666090685, -0.6889553256529735, 0.07721240379387251, -0.2354818304652777, -0.0033756282734592052], [0.03336721598256609, -0.11294013438381756, -0.6657449111784599, -0.2792968137493259, -0.25858714474308797, 0.4025357770166123, -0.1265259827699638, -0.4966569373834716, 0.09231215138511023, 0.5809532625480742, 0.45977989924254703, 0.6726241760014385, 0.4025357770166123, 0.04659760131458092], [-0.7313651806397848, -0.3204395787265486, 0.18405605158030924, -0.23953521599258099, 0.38090157266326236, 0.6244966060596234, 0.527431501100527, -0.34898177950571635, 0.02512202512307827, -0.5459477656024411, 0.20470023006275295, 0.1463915586698814, 0.6244966060596234, 0.04138911911682494]], "inverted": true, "swapped": false, "error_lsq": 0.04965908533130746, "error_max": 0.3351402353241716, "target": "888.xyz", "model": "1.xyz", "model_rescale": 4.316132596720782, "target_rescale": 4.164706313960921},
{"mapping": [0, 1, 9, 6, 11, 3, 12, 2, 10, 7, 4, 13], "R": [[0.9906291215783174, 0.12060141399065602, 0.0641033729567013], [0.01334364190771617, 0.3816424294341718, -0.9242137216446324], [-0.1359260486500295, 0.9164083996772607, 0.376456842545533]], "T": [-0.1354302707859344, 0.031140757047800494, 0.003667633384557993], "aligned_model": [[-0.10651550194418376, 0.4365532092048612, 0.06359368777355429, -0.5613050316136454, -0.5420876804140442, -0.4130031970174112, -0.08371266398166584, -0.11441685470466939, 0.3599523938792863, 0.18189061649201033, 0.5061211712843563, -0.12926159432666784], [-0.6051692821338733, -0.2380432948526514, -0.6695070265301183, 0.5750702174288073, -0.2901624362507562, -0.21959663431560916, 0.27038696530740075, 0.49152743026584456, 0.10905006541074176, -0.059018846550216955, 0.562150005649387, 0.08608926431202422], [0.26640231560264327, 0.03698543948096316, -0.49576897710345413, -0.1616722041926056, -0.560362440647136, 0.43008279367838187, -0.7570516625508972, 0.5742046564907592, -0.5599920223954638, 0.6748514767838129, 0.12368816745323402, -0.12210908139081633]], "inverted": true, "swapped": true, "error_lsq": 0.048181051560132644, "error_max": 0.2607406466079968, "target": "888.xyz", "model": "2.xyz", "model_rescale": 3.795458400668931, "target_rescale": 4.164706313960921},
{"mapping": [11, 10, 9, 7, 8, 3, 1, 6, 4, 2, 0, 13], "R": [[-0.3548698260215048, 0.6130963142862417, -0.705818897443312], [-0.72008596338025, 0.3022574079448556, 0.624593199358746], [0.5962747788748105, 0.7298995607281066, 0.334220016346587]], "T": [0.10178961618040656, 0.005549071174559593, 0.016268354716249163], "aligned_model": [[-0.24441072017758375, -0.18357023266733413, -0.7521314493257726, 0.1509973400614686, 0.323688244030149, 0.11720544225216069, -0.30870737090044326, 0.6618596570260142, 0.4041217338844872, 0.6973483589577812, -0.37802249698088364, 0.10492531958352173], [0.07196637614961941, -0.6905025687537119, -0.0954922974695089, 0.25539908934256095, 0.3864171383709225, 0.5606603272644733, -0.21146942849009612, -0.08056076336511132, -0.5801854111821622, 0.12311769036045102, 0.4474312548120517, -0.10101236174977911], [-0.663783102121361, -0.0408974003580718, -0.18513729643688553, 0.7194487153605887, -0.44209137296504647, 0.13185253789735552, 0.4465362082491967, -0.41206851903293656, 0.5392161631100605, 0.42784744912122974, 0.23825149576135665, -0.070403447946386]], "inverted": true, "swapped": true, "error_lsq": 0.061605150114574216, "error_max": 0.40868180326289183, "target": "888.xyz", "model": "3.xyz", "model_rescale": 3.7530521520055578, "target_rescale": 4.164706313960921},
{"mapping": [6, 11, 12, 9, 5, 0, 4, 3, 7, 1, 13], "R": [[-0.7961156406958904, 0.6036498175650807, 0.042506286511727165], [-0.002284639908035513, 0.06724284426451671, -0.9977340228315905], [-0.6051402044649347, -0.7944087723891669, -0.05215395758017216]], "T": [-0.19830399992825581, -0.05090390555286727, 0.011011954871165077], "aligned_model": [[-0.4881691017967386, -0.048241231649000016, 0.31071508892485583, 0.40839260816260065, 0.2475318940211224, -0.24082652206125665, 0.08207137866700182, -0.6398542737119245, -0.41040485556277245, 0.23560443172177442, -0.11861981427045763], [-0.6430246866883382, 0.05306009093946643, -0.5132603564403201, 0.46804290783995917, -0.7283302209302336, 0.6362526539743109, -0.47924014013733796, 0.3043568528396458, 0.2635162324959167, 0.2479055510934174, -0.14207552667214027], [-0.25344415668001463, -0.7329024005832786, -0.3960916999080545, -0.36657010403732465, 0.12593781666547688, 0.038647816916944855, 0.6787557086724154, 0.034865822498526614, 0.6555755708878456, 0.3619700904725027, -0.05391368765972335]], "inverted": false, "swapped": true, "error_lsq": 0.05277140338421114, "error_max": 0.29574043006134304, "target": "888.xyz", "model": "4.xyz", "model_rescale": 3.7855080009869324, "target_rescale": 4.164706313960921},
{"mapping": [5, 7, 15, 3, 8, 13, 14, 10, 2, 4, 6, 1, 11, 16], "R": [[-0.38491901535570144, 0.8115582934284852, 0.4395571498508953], [0.8033066788461217, 0.5290943873566522, -0.2734181943267551], [-0.4544620240887148, 0.24785533206920124, -0.8555886879956132]], "T": [-0.02754393371416304, 0.058884218236155875, 0.06786627152598598], "aligned_model": [[-0.03438746652648435, -0.6018588123703409, -0.09612925589252938, 0.4380176425105482, -0.5657220797567877, -0.331475889374419, 0.44092489382338734, -0.22795527555455525, 0.7077413672056787, -0.28572156497288476, -0.5871641156795379, 0.27334598409390015, -0.22959657377963893, 0.015818816540078905], [0.0026991946097129765, 0.043550745034160614, -0.6560969485246397, -0.18838138994553866, -0.33880027425220305, 0.08581867780359977, -0.16823455177515312, -0.5537802489650051, 0.07676678297122842, 0.6034535193629639, 0.38757883519185515, 0.7503136922805939, 0.6708672305449177, 0.03519867196292179], [-0.7395367590591402, -0.4130669635801065, 0.4721138336026387, -0.38438226982372303, 0.2858598528994293, 0.7249564784928381, 0.4998980070119481, -0.2719010293802897, -0.0015702297424771972, -0.36084035409722903, 0.1375955249878553, 0.0008253976246195144, 0.5337930378620757, 0.08897122317037232]], "inverted": true, "swapped": false, "error_lsq": 0.038351319020215734, "error_max": 0.3042809931471385, "target": "888.xyz", "model": "5.xyz", "model_rescale": 4.2253639853439635, "target_rescale": 4.164706313960921},
{"mapping": [8, 5, 12, 9, 6, 3, 0, 11, 9, 10, 2, 1, 4, 13], "R": [[-0.5432075166771665, -0.4937291870778514, 0.679085475954883], [0.6354096001503521, 0.28693263298776206, 0.7168851401469276], [-0.5487989011124161, 0.8209148274663787, 0.15785630232477293]], "T": [-0.08869239033440494, 0.059009037365757785, 0.056444707707074895], "aligned_model": [[0.1152616740377733, -0.5868670375097883, 0.10210734130280909, 0.48202173899939865, -0.5750414805931052, -0.3582133651129743, 0.5077337999344697, -0.35596898870223803, 0.48202173899939865, -0.343634348905093, -0.6699368460123493, 0.35647700026035944, -0.12396748409233758, -0.11615607233990767], [0.07812084659855535, 0.049143512649271734, -0.8430365820145479, -0.07562345392330318, -0.28247689823516753, 0.08228307870259033, 0.032141987981614537, -0.5931001277859332, -0.07562345392330318, 0.6384493245107054, 0.38235899770071713, 0.6353689589175519, 0.658951857684854, 0.06399588743580938], [-0.6534160913039773, -0.3340241883453962, 0.20222854574476518, -0.11313094606858497, 0.3025542083656322, 0.7120560528290176, 0.5918105737700371, -0.27351081278511663, -0.11313094606858497, -0.3993688789516176, 0.1445996731501115, -0.03487471226788158, 0.4302569497677967, 0.11066632213261024]], "inverted": true, "swapped": false, "error_lsq": 0.044363185195661604, "error_max": 0.35231617351142896, "target": "888.xyz", "model": "6.xyz", "model_rescale": 3.89814844738969, "target_rescale": 4.164706313960921},
{"mapping": [11, 8, 6, 9, 5, 3, 0, 10, 1, 7, 2, 4, 13], "R": [[-0.04661490991382653, -0.2177600940789982, -0.9748885021377738], [-0.43794996141977793, 0.8816064052741752, -0.17598288971363746], [0.8977899985331432, 0.41874895534944695, -0.1364640279619726]], "T": [-0.0698435692037296, 0.11468117781924791, -0.09041133840723556], "aligned_model": [[0.03841808417283567, 0.04763060954525185, 0.5247897370772479, -0.3895252475981768, 0.6107965846623908, -0.47619962726074455, -0.7409769933225685, 0.24276190479500925, -0.3856868702611047, -0.5623598669411102, -0.01604441988925133, 0.21033250669711834, 0.04469539922732503], [-0.35792321125664556, 0.32811367287697896, 0.3947994541239181, -0.6984945346122233, -0.06593553956740528, 0.42668492287507265, 0.0015187083204956098, -0.46632561025968744, -0.18519309069104323, 0.5004454251797222, 0.7917610071771488, 0.2554060270308263, 0.038924034273327524], [-0.6834209682412425, -0.6778119793604501, -0.35968965913122186, -0.21887793258475705, 0.3279074313774053, -0.33387442572098813, -0.19779022640790334, 0.27550529440231863, 0.3689944339178429, 0.3193723767224408, 0.18631687388197585, 0.6903971444028594, -0.09475333242198448]], "inverted": true, "swapped": true, "error_lsq": 0.04630100424963778, "error_max": 0.2601541023074868, "target": "888.xyz", "model": "7.xyz", "model_rescale": 3.7474275329858107, "target_rescale": 4.164706313960921},
{"mapping": [5, 3, 4, 9, 2, 1, 12, 8, 11, 6, 0, 10, 0, 14], "R": [[-0.026821866204334632, -0.554847773356751, -0.8315194140213278], [0.9085322323251583, -0.3604846422002022, 0.21123448005488327], [-0.4169529593606231, -0.7497964864807303, 0.5137659569702637]], "T": [0.03253787115635284, 0.015412770680745556, 0.10235408833486499], "aligned_model": [[-0.11750062522566793, -0.5929628843412439, -0.040631632931763, 0.4554846134038857, -0.6146432618926245, -0.4269307160745325, 0.41249303012187033, -0.19437866271042414, 0.6451480834511271, -0.24177023252096932, -0.3703351149206693, 0.3537861023448984, -0.3703351149206693, 0.018414086483198106], [0.02455945632896219, 0.09026938639751375, -0.7538478195711961, -0.25386702035640796, -0.4590226991817729, 0.10645761757745326, 0.12306516614085805, -0.5198292955216768, 0.05129298625065177, 0.6180941854003685, 0.5242715040185346, 0.7022936483381387, 0.5242715040185346, -0.027054683540546867], [-0.5979503110279855, -0.2401073386025055, 0.22527769795587924, -0.4711830834766791, 0.3566316174474848, 0.6900625817663127, 0.5763663853552519, -0.25434625240196995, 0.0028488446907448534, -0.3756294626438793, 0.21623729263736902, 0.0863043669945313, 0.21623729263736902, 0.14196611863688796]], "inverted": true, "swapped": false, "error_lsq": 0.04320734529677798, "error_max": 0.36570676553272746, "target": "888.xyz", "model": "8.xyz", "model_rescale": 4.019505241142653, "target_rescale": 4.164706313960921},
{"mapping": [10, 1, 4, 5, 12, 6, 2, 9, 11, 0, 7, 8, 13], "R": [[0.6838776248905697, 0.03808890562796281, 0.7286018318959249], [0.26105532947432025, -0.9452964328605562, -0.1956138261324138], [0.681293996103802, 0.32398131009237596, -0.6564103911302291]], "T": [0.043263164054927854, 0.04435695418008369, 0.11062564956390124], "aligned_model": [[-0.1452535769908779, -0.5556796812925298, -0.10522358429938156, 0.26096148944911307, 0.32551094502669453, 0.7427825579212919, 0.20370234579127924, -0.44900968962687726, 0.2528277489260216, -0.4480461990682999, -0.391702662537368, 0.5271648221500693, 0.10166625629204062], [-0.5571102727952713, -0.04619308142288124, 0.1704177775334259, -0.3258433229865654, -0.6622550191391705, 0.035327121262820504, 0.679339687606704, -0.5927379845150528, -0.508801417553438, 0.18450609007251317, 0.6412113616167965, 0.11495984218740475, -0.06944255375322696], [-0.30396410616397995, -0.07323133410111206, -0.7079245064434524, -0.5868291552190791, -0.13359354609253127, -0.012487759099805887, -0.21947455413324285, 0.47357503615396795, 0.5972820127098248, 0.5729343910742116, -0.007181808961695388, 0.5171321601013853, 0.06046666421938805]], "inverted": false, "swapped": true, "error_lsq": 0.05202829703097481, "error_max": 0.3132191412631979, "target": "888.xyz", "model": "9.xyz", "model_rescale": 3.877068213659057, "target_rescale": 4.164706313960921},
{"mapping": [13, 3, 7, 2, 1, 0, 8, 4, 9, 6, 12, 10, 11, 15], "R": [[-0.7030949043392792, 0.5999932120985992, 0.38166176246481], [0.6974936043074497, 0.6863716138195263, 0.2059045402437305], [-0.13842047334965518, 0.41097707135360306, -0.9010758122262926]], "T": [-0.0811900233058131, 0.08087448010091287, -0.04402179571378357], "aligned_model": [[0.1007644972417513, -0.60800926620346, 0.0688900754686651, 0.40375737303514186, -0.49060548294221135, -0.4129460733013908, 0.30708729346432767, -0.27689829616418443, 0.5643037742847521, -0.29178160308606094, -0.5975106137352819, 0.24061801394737864, 0.02886105372200906, -0.12069307546502116], [0.0800854370775292, 0.0025534044124272542, -0.6831326449628093, -0.3107708463021849, -0.4826938937282192, 0.19709821644279668, -0.14027049696253668, -0.5204492344791184, 0.13624692975866073, 0.5420352903460751, 0.5698219316469245, 0.7130282078469218, 0.5492422841031561, 0.09815935109979192], [-0.7953741936117902, -0.3891140111344936, 0.2010407396124409, -0.2716076455336806, 0.4733526138135325, 0.6702582628317802, 0.5849921629624003, -0.28526594997132665, 0.08214061148687021, -0.3951435249538476, 0.18519132179643966, -0.03836219184501561, 0.5155991803788185, 0.03500837413668317]], "inverted": false, "swapped": false, "error_lsq": 0.03635704959616804, "error_max": 0.1936939400660172, "target": "888.xyz", "model": "10.xyz", "model_rescale": 4.260839863003843, "target_rescale": 4.164706313960921},
{"mapping": [0, 3, 6, 8, 12, 11, 9, 1, 4, 5, 10, 13], "R": [[0.6243994652321974, 0.43470550970008526, 0.6489656598419787], [0.4423258920657904, -0.8815596850317524, 0.16492521618879205], [0.6437958628524639, 0.1840750976180813, -0.742726898268095]], "T": [0.06301997097036899, -0.1614739926076947, -0.10206855470168762], "aligned_model": [[0.5009593534677266, 0.20978518329460616, -0.5641436583477206, -0.4109762760241665, -0.42627000974059065, -0.40464152532210096, 0.22441224911162552, 0.60373707957094, 0.3611509787783351, -0.17744041845673855, 0.0684520182667081, -0.02612632550449384], [-0.055996602951755486, -0.47907779713863796, -0.43675916726265274, -0.3768557479891721, 0.35375609475349457, 0.30900467792798625, 0.6475654444070671, 0.1375489928174368, -0.29496756263675106, 0.028604340469094852, 0.4247915336867796, -0.08453570054995585], [-0.623451006065363, -0.5485365306324724, 0.08621231619662457, -0.4672142556149694, 0.2636370346490101, -0.48505479557459164, -0.4172867371092156, 0.03557407691033686, 0.6733418994871406, 0.6574925285693513, 0.372746438611805, -0.031282892032151566]], "inverted": true, "swapped": true, "error_lsq": 0.05175041396121859, "error_max": 0.32732018402440743, "target": "888.xyz", "model": "11.xyz", "model_rescale": 3.890672605050136, "target_rescale": 4.164706313960921},
{"mapping": [1, 11, 4, 0, 10, 12, 7, 2, 3, 6, 9, 8, 5, 13], "R": [[-0.6114450089679034, 0.7827916352451583, 0.11563847455951588], [0.7912768638320646, 0.6041357862774852, 0.09434445666268435], [0.003990710755356536, 0.1491884966379647, -0.9888007214290305]], "T": [-0.1228842436462758, 0.12822346922970823, -0.05515684349701543], "aligned_model": [[0.01592024956669881, -0.6105653440838383, 0.11992939350344424, 0.3484858459341432, -0.6368827660154502, -0.2986709125773703, 0.2984150209969866, -0.36648629084830864, 0.7611042459836923, -0.22400891462884306, -0.7131408924028846, 0.4303379236485648, -0.14825048639351285, -0.060349402416906436], [-0.0534932660079136, -0.05066214114132411, -0.5156692930611204, -0.031931142244764815, -0.484615179001535, -0.02724295727025211, 0.157498129030688, -0.5243184309620221, -0.09107977068110831, 0.5336964957021078, 0.572493232354532, 0.5898395260053089, 0.6191254715028204, 0.057313262073998145], [-0.798803689243508, -0.23662101784953998, 0.07713333795554747, -0.37273404485067696, 0.34456157574204055, 0.6519933414018608, 0.6855280383393728, -0.19802477117790723, 0.09824978989405386, -0.45192348733636034, 0.1898776075359601, -0.04830880883897636, 0.5476233483873872, 0.08416453000955712]], "inverted": true, "swapped": false, "error_lsq": 0.04722537151996409, "error_max": 0.2380572705410102, "target": "888.xyz", "model": "12.xyz", "model_rescale": 4.124412569039231, "target_rescale": 4.164706313960921},
{"mapping": [2, 3, 0, 6, 7, 4, 8, 5, 11, 12, 1, 9, 13], "R": [[-0.7578191088726446, 0.006162789916326683, -0.6524356046752188], [0.5597845825209805, 0.519845072556101, -0.6452924311588926], [0.33518863256274467, -0.854238327728035, -0.39739836441677523]], "T": [0.09103094671414176, 0.12880777816387132, 0.04065625427825384], "aligned_model": [[-0.08822647037434038, 0.07889703975806765, 0.5286601694777964, -0.5925835433430832, 0.48787517490005017, 0.299375259364647, -0.43001258896819, -0.0370743741454843, -0.11695914146862875, -0.11461289977438353, 0.708715737337574, 0.5972618810088963, 0.04598206373683629], [-0.3424286060038172, 0.422700090883799, 0.5812898770013529, -0.03629302922978919, -0.08722469424905888, -0.6855328246632798, 0.47634454785299907, -0.48368921435461, 0.7095198936419662, 0.026808603233146794, 0.01013123632295393, 0.6548923641919778, 0.10096713188083664], [0.5733034132140704, 0.5256572177401357, 0.3208288023191005, -0.05923760965861577, 0.6366039706785236, 0.003159141131745452, 0.15076961972161906, -0.4878515240295298, -0.41349072346812643, -0.7247939942314368, -0.030874223367093473, -0.4562542307346801, -0.08612177834787352]], "inverted": false, "swapped": true, "error_lsq": 0.05123284035658749, "error_max": 0.2926336848950943, "target": "888.xyz", "model": "13.xyz", "model_rescale": 3.9028299243045295, "target_rescale": 4.164706313960921},
{"mapping": [4, 3, 8, 5, 2, 1, 12, 0, 13, 7, 6, 14, 11, 15], "R": [[-0.8329263177025952, -0.15688899348203744, -0.5306784271124924], [0.5178897702098628, -0.5589100208174949, -0.647618540918775], [-0.19499726969978623, -0.8142514552360228, 0.5467820703494658]], "T": [-0.09719622800837346, 0.060826329376039406, 0.024360899035267135], "aligned_model": [[-0.05143087541732323, -0.6140130731062494, 0.12835049917250138, 0.3148325935812434, -0.5094804386896175, -0.3901233426320975, 0.3565700379806802, -0.3714648032057325, 0.6948113433102603, -0.31702451315764635, -0.6726592176007578, 0.44170211346075405, 0.0324555870602182, -0.12668824048981786], [-0.09556974375111743, -0.028190994152976906, -0.6627229183662082, -0.19880518283448598, -0.4408921804288851, 0.20643058980151716, -0.06274124127990968, -0.6226484128665248, 0.12654429341245574, 0.7008276399759616, 0.37888908074895367, 0.750956048429224, 0.5315420602089175, 0.16733489740249297], [-0.6335213660360224, -0.3127825570379, 0.1730630157224462, -0.13351741392094651, 0.37142002382217404, 0.5857804040464266, 0.537261981402447, -0.3562378852775572, 0.05686486759453154, -0.5778863951187889, 0.1343004098933941, 0.15226790128435727, 0.578864096441572, -0.0031613328473221423]], "inverted": true, "swapped": false, "error_lsq": 0.04157086544948554, "error_max": 0.2499217371800131, "target": "888.xyz", "model": "14.xyz", "model_rescale": 3.942246331269136, "target_rescale": 4.164706313960921},
{"mapping": [10, 6, 13, 4, 8, 0, 12, 11, 3, 9, 7, 5, 2, 14], "R": [[-0.42336953834202606, 0.8904920522104278, 0.16667974968219884], [-0.14598559514096518, -0.24863464751737874, 0.9575327764965789], [0.8941176880117059, 0.38105736707741206, 0.2352633481455038]], "T": [-0.011633106242422753, 0.040731226397581095, 0.009870050389271634], "aligned_model": [[0.028655600930501457, -0.5278191525352675, 0.22954589213725668, 0.35995340669378106, -0.6260822611909506, -0.3113070107685499, 0.4227433334685648, -0.3071140885862989, 0.699425535727279, -0.35696518571912916, -0.7496758104903863, 0.2728620448823722, -0.20246819411680889, -0.015916440165948804], [0.05075371042825184, -0.007019628210888022, -0.7231499490011458, -0.25218145650577495, -0.2773673271389, 0.2750193874533916, -0.31604502259506057, -0.5436373526132152, 0.11603603415827243, 0.6089949483690539, 0.44615644689827233, 0.6005081540666384, 0.6989207902893073, 0.07396520070121143], [-0.7023636794574348, -0.20003757413909762, 0.14860752592256166, -0.33623629240275976, 0.35643385765833707, 0.6391729118188141, 0.6032536320137516, -0.28221791169501337, 0.08248357605064893, -0.44398499619254617, 0.15786621729016723, 0.1020213304942459, 0.3460491482812748, 0.10166800432586177]], "inverted": true, "swapped": false, "error_lsq": 0.04292587707107794, "error_max": 0.31303113030260277, "target": "888.xyz", "model": "15.xyz", "model_rescale": 4.355366556412066, "target_rescale": 4.164706313960921},
{"mapping": [0, 1, 9, 6, 11, 3, 12, 2, 10, 7, 4, 13], "R": [[0.9906291215783174, 0.12060141399065602, 0.0641033729567013], [0.01334364190771617, 0.3816424294341718, -0.9242137216446324], [-0.1359260486500295, 0.9164083996772607, 0.376456842545533]], "T": [-0.1354302707859344, 0.031140757047800494, 0.003667633384557993], "aligned_model": [[-0.10651550194418376, 0.4365532092048612, 0.06359368777355429, -0.5613050316136454, -0.5420876804140442, -0.4130031970174112, -0.08371266398166584, -0.11441685470466939, 0.3599523938792863, 0.18189061649201033, 0.5061211712843563, -0.12926159432666784], [-0.6051692821338733, -0.2380432948526514, -0.6695070265301183, 0.5750702174288073, -0.2901624362507562, -0.21959663431560916, 0.27038696530740075, 0.49152743026584456, 0.10905006541074176, -0.059018846550216955, 0.562150005649387, 0.08608926431202422], [0.26640231560264327, 0.03698543948096316, -0.49576897710345413, -0.1616722041926056, -0.560362440647136, 0.43008279367838187, -0.7570516625508972, 0.5742046564907592, -0.5599920223954638, 0.6748514767838129, 0.12368816745323402, -0.12210908139081633]], "inverted": true, "swapped": true, "error_lsq": 0.048181051560132644, "error_max": 0.2607406466079968, "target": "888.xyz", "model": "16.xyz", "model_rescale": 3.795458400668931, "target_rescale": 4.164706313960921},
{"mapping": [11, 8, 6, 9, 5, 3, 0, 10, 1, 7, 2, 4, 13], "R": [[-0.04661490991382653, -0.2177600940789982, -0.9748885021377738], [-0.43794996141977793, 0.8816064052741752, -0.17598288971363746], [0.8977899985331432, 0.41874895534944695, -0.1364640279619726]], "T": [-0.0698435692037296, 0.11468117781924791, -0.09041133840723556], "aligned_model": [[0.03841808417283567, 0.04763060954525185, 0.5247897370772479, -0.3895252475981768, 0.6107965846623908, -0.47619962726074455, -0.7409769933225685, 0.24276190479500925, -0.3856868702611047, -0.5623598669411102, -0.01604441988925133, 0.21033250669711834, 0.04469539922732503], [-0.35792321125664556, 0.32811367287697896, 0.3947994541239181, -0.6984945346122233, -0.06593553956740528, 0.42668492287507265, 0.0015187083204956098, -0.46632561025968744, -0.18519309069104323, 0.5004454251797222, 0.7917610071771488, 0.2554060270308263, 0.038924034273327524], [-0.6834209682412425, -0.6778119793604501, -0.35968965913122186, -0.21887793258475705, 0.3279074313774053, -0.33387442572098813, -0.19779022640790334, 0.27550529440231863, 0.3689944339178429, 0.3193723767224408, 0.18631687388197585, 0.6903971444028594, -0.09475333242198448]], "inverted": true, "swapped": true, "error_lsq": 0.04630100424963778, "error_max": 0.2601541023074868, "target": "888.xyz", "model": "17.xyz", "model_rescale": 3.7474275329858107, "target_rescale": 4.164706313960921},
{"mapping": [9, 5, 0, 6, 8, 3, 1, 4, 2, 12, 10, 7, 11, 13], "R": [[-0.8276060199763493, -0.5120130832701507, 0.23002364717372104], [0.46485339876435416, -0.8548850095485097, -0.23039734830608005], [0.3146102244939524, -0.08375095825982275, 0.9455190022598311]], "T": [-0.07323592331622533, 0.1011244885733229, 0.07599264732834149], "aligned_model": [[0.075089813284756, -0.6458891704695512, 0.2079077196579405, 0.2863719329455886, -0.5643341891511494, -0.32016201890020735, 0.33061865724672534, -0.30999259735229256, 0.6014389345868293, -0.26599212071722655, -0.7124815722316539, 0.371167217279498, -0.14170232399883265, 0.003797388085991185], [0.10522238589599706, 0.08935301927408887, -0.647496831454064, -0.3539830995514991, -0.37824573032787123, 0.08048437491068154, 0.13142202675756162, -0.56970787734555, -0.11337508144997116, 0.6487853204535768, 0.33215777581565953, 0.6999488237356694, 0.6978363623015017, 0.028552467283633268], [-0.5764694963668957, -0.36576478351530906, 0.3202604552698234, -0.4324934236768749, 0.2901914749237591, 0.7078080241093103, 0.6367973849580932, -0.35197468338239485, 0.02464584233525821, -0.3953348236525406, 0.1961092198408357, -0.030471178839652363, 0.4772207040933552, 0.07219103387204341]], "inverted": true, "swapped": false, "error_lsq": 0.03703163953637172, "error_max": 0.20388956512637818, "target": "888.xyz", "model": "18.xyz", "model_rescale": 3.922800546911778, "target_rescale": 4.164706313960921},
{"mapping": [6, 8, 0, 1, 12, 7, 9, 5, 2, 4, 13, 10, 11, 14], "R": [[-0.5136772925109965, -0.06720552419143205, 0.8553473310163112], [-0.7042125230773685, 0.6025194245218162, -0.37557298280747836], [-0.49012280246850304, -0.7952696150313141, -0.35682751842923555]], "T": [-0.11874370670513673, 0.003663204922082809, -0.0005756265644128455], "aligned_model": [[0.055481823512950085, -0.5231971815385357, 0.22825181057995664, 0.3093630195792065, -0.7002349970407387, -0.30426504974646007, 0.41679972134400495, -0.3720816925446931, 0.5809650681324596, -0.21458268898498473, -0.6806633387742627, 0.4052900534345362, -0.15971359694579934, -0.12557528074122445], [0.28221513215069216, -0.0363178054901205, -0.7395544454340812, -0.31190261382417933, -0.36270712582364856, 0.12921373577372608, 0.2082148635600721, -0.6986069484130257, -0.02192699253769883, 0.6733826954510103, 0.3746161312179986, 0.6152747302542158, 0.6230094955190587, 0.01604308389539503], [-0.6070589819589081, -0.4579699417053285, 0.15962509397076902, -0.515479373768635, 0.3818569878653887, 0.766255459488878, 0.5774339248590954, -0.15922686939331437, 0.15069147163286664, -0.25778727593784606, 0.1352698753411726, -0.04440036362105132, 0.34867393060959295, 0.09483181258613098]], "inverted": true, "swapped": false, "error_lsq": 0.04874232653984973, "error_max": 0.29787615877216556, "target": "888.xyz", "model": "19.xyz", "model_rescale": 3.9282355846067225, "target_rescale": 4.164706313960921},
{"mapping": [3, 1, 11, 4, 10, 12, 9, 0, 8, 5, 2, 6, 7, 13], "R": [[0.40113384351415077, -0.9159687428465659, -0.009638553607614286], [-0.6933868606198994, -0.3104999546120742, 0.6502341422176939], [-0.5985869202607466, -0.2541476742250103, -0.7596727312328467]], "T": [0.005524124277932835, 0.12869693412028066, 0.06534451808504889], "aligned_model": [[-0.012036655785729565, -0.5728543434160072, 0.07478075618802296, 0.39316200161771764, -0.6380351248746646, -0.13377232171069267, 0.2855530818521479, -0.21494976893849263, 0.7486032907403756, -0.2705981141232797, -0.7838990565009081, 0.3083281845282052, -0.14386325437150946, -0.1245810049387703], [0.0848863420988869, 0.001176238505211591, -0.5784833148987116, -0.23655510677258612, -0.30588079224358095, 0.12594339588277875, -0.14772090691593392, -0.5088223575914708, 0.036440317152798815, 0.610789614696414, 0.36266311523517036, 0.6377471437184006, 0.6149564406671428, 0.05381380676489435], [-0.685739578519218, -0.3936953675506894, 0.15733791817364662, -0.2747961404885973, 0.43845045688799406, 0.9040239940648049, 0.6342045934239333, -0.36495468398506625, 0.1992984210643295, -0.3577787606929145, 0.09339943037167153, -0.2103757010885251, 0.42497332640367214, 0.008367841903769706]], "inverted": true, "swapped": false, "error_lsq": 0.046132957246176796, "error_max": 0.36049421157975026, "target": "888.xyz", "model": "20.xyz", "model_rescale": 4.067790424073018, "target_rescale": 4.164706313960921},
{"mapping": [13, 5, 3, 11, 2, 0, 12, 6, 12, 1, 8, 9, 7, 14], "R": [[-0.8253640297868636, 0.21341343640816807, -0.5227130412515514], [-0.3252903402393482, -0.9364545574888259, 0.13129758682236428], [-0.4614763405429994, 0.2784018083972588, 0.842337236622113]], "T": [-0.18351668568800067, 0.016320935854087053, -0.020613737121526317], "aligned_model": [[0.002373165658794224, -0.5859930624028006, 0.17826177437033058, 0.3224346422472559, -0.5266528948685136, -0.2859559090414824, 0.5257473534385502, -0.3768276999131178, 0.5257473534385502, -0.18896650687654493, -0.6282358063007079, 0.3202945429108826, -0.249209448126343, -0.11717983426843823], [0.09915640119925032, 0.17262630973216497, -0.6355007496084719, -0.3169687543056275, -0.47305252360990674, 0.06504054866561701, 0.02069986995182136, -0.6555488794682266, 0.02069986995182136, 0.7896657834801878, 0.35772688785496515, 0.6014250597222481, 0.6573233266410533, 0.04766078609251751], [-0.6904695081084713, -0.42316499738690744, 0.3892519150736668, -0.24636468434642686, 0.4226616746265223, 0.6805215097226106, 0.2691089141084832, -0.2630569381674379, 0.2691089141084832, -0.2948638918671428, 0.08347649500852455, 0.06814047201271972, 0.3555037354550597, -0.04713786027087271]], "inverted": true, "swapped": false, "error_lsq": 0.052899222922104534, "error_max": 0.3505904137771427, "target": "888.xyz", "model": "21.xyz", "model_rescale": 4.186013935880536, "target_rescale": 4.164706313960921},
{"mapping": [7, 2, 3, 9, 10, 0, 1, 4, 8, 6, 5, 11, 13], "R": [[-0.4893554154936889, -0.43391384337712646, 0.7564721104262138], [-0.8476624405052483, 0.032820468727655594, -0.5295197860223766], [0.20493819625361576, -0.9003563701991493, -0.38387334155698655]], "T": [0.03831138072485792, 0.02098860731318434, -0.019196711220404814], "aligned_model": [[-0.06928800348018757, -0.3995204868859886, 0.3726330076483939, 0.5746686346132498, -0.2454927323494093, 0.5664052997234443, -0.008176042464437545, -0.7433716298530751, 0.32657500061786954, -0.21985012261576567, -0.6323514061381477, 0.5430908966476754, -0.006748380040396081], [-0.3354937312027925, 0.19774612000359118, 0.11633671650602878, -0.4688522283997276, -0.3411625122699124, -0.33053459940420316, -0.610331727978554, -0.2829429546637658, 0.587238217203417, 0.6671638614169297, 0.022899403642187822, 0.24751084443591748, 0.04937925025697673], [-0.667773434599285, -0.5804185788262272, -0.4673971636715256, 0.4831295099531195, 0.5787061607590638, -0.28809128334232886, -0.016232741694568054, -0.08673396115769197, -0.04485972657129135, 0.12354785381569502, 0.4510072721560624, 0.5105402344754096, 0.10745542003891345]], "inverted": true, "swapped": true, "error_lsq": 0.04148021226307341, "error_max": 0.24635028980020868, "target": "888.xyz", "model": "22.xyz", "model_rescale": 4.166573947596378, "target_rescale": 4.164706313960921},
{"mapping": [13, 10, 0, 5, 8, 3, 2, 7, 6, 14, 9, 12, 11, 15], "R": [[0.13561349572912196, 0.6765180273150114, -0.7238317059192235], [0.9489674355974812, 0.121261976876953, 0.2911294199139517], [0.2847275644395325, -0.726373796114438, -0.6255488169332856]], "T": [-0.08426253651745497, 0.06645316012722076, 0.1424486300682978], "aligned_model": [[-0.0059517621464607595, -0.46522557508214346, -0.002436156196944539, 0.33417800729749064, -0.7188932081836279, -0.22465225709429532, 0.38141572206870344, -0.23975839787769734, 0.6683162662643938, -0.26999086898071006, -0.5971921730170755, 0.18446142616679162, -0.09689359179814322, -0.031539761153866246], [0.028524619484018507, -0.025911787291126434, -0.7455379656404553, -0.37011678169223233, -0.3711201558341525, 0.1528554679787889, 0.0404119220362114, -0.471052550209001, 0.1634363471818298, 0.5741640361636577, 0.3656227296336846, 0.651603396327803, 0.7348806971144823, 0.023193961045906042], [-0.6997164293576064, -0.49573403409615946, 0.16947857635385272, -0.42796891734145504, 0.38709663018335405, 0.7205939574474473, 0.6275000217660665, -0.3028583383321597, 0.08476813944075692, -0.43522984113776886, 0.231048421060029, 0.02092501844119231, 0.5609440442200461, 0.13186850132121605]], "inverted": false, "swapped": false, "error_lsq": 0.03507032454116374, "error_max": 0.22056952280202594, "target": "888.xyz", "model": "23.xyz", "model_rescale": 4.274766983524099, "target_rescale": 4.164706313960921},
{"mapping": [4, 1, 7, 2, 3, 8, 6, 11, 12, 9, 13], "R": [[0.6916723025092961, -0.6141717601621552, -0.37997694003822], [0.3923460897694201, -0.12217696570134143, 0.9116673378456968], [-0.606344763137388, -0.7796575133167982, 0.15646146536617764]], "T": [-0.08502942610970972, 0.10376901594763184, 0.0313548898293587], "aligned_model": [[0.2623208591957776, 0.1900172736131589, -0.4470742825229245, -0.47105253280670917, -0.6205823426361488, -0.4396849857866468, -0.13411926528021872, 0.08703386223168426, 0.5839595531356903, 0.3429541268538087, 0.026122437960603248], [-0.06688216583486674, 0.5949584241017611, 0.44007895088999116, -0.19260852960591185, 0.28126031790089256, -0.1973455196833382, -0.5906006506673337, 0.11161576467890097, -0.22069463236808817, 0.720317949333162, 0.03548662249831429], [-0.7157662228260492, -0.2581576481923271, -0.5300079169790454, -0.517331230693771, 0.089884959569634, 0.4648783563609261, 0.1728002342055926, 0.7777251522199409, 0.32424461788164455, 0.49681409506971236, 0.07448203740531935]], "inverted": true, "swapped": true, "error_lsq": 0.0483162875321077, "error_max": 0.21990525640663047, "target": "888.xyz", "model": "24.xyz", "model_rescale": 3.7841303162186577, "target_rescale": 4.164706313960921},
{"mapping": [1, 8, 7, 6, 10, 14, 13, 0, 3, 2, 9, 5, 12, 15], "R": [[-0.6614291768789, 0.4642062213033896, -0.5890874536743499], [0.7495552037647056, 0.3818574542159784, -0.540695738071739], [-0.02604689007446892, -0.7991855033488287, -0.6005198504250532]], "T": [-0.09394569352893187, -0.03367968755677299, 0.020818706358634854], "aligned_model": [[-0.16341927534163211, -0.46361147342150355, -0.0696925303962583, 0.5429187699587317, -0.566704428742202, -0.3885538182727276, 0.28475478390431297, -0.38771494899271386, 0.665942698955957, -0.2695376286482288, -0.5188468879794705, 0.3017965600977556, -0.023975092237531054, -0.027519058618074563], [-0.137433114664528, 0.07899605904492256, -0.6834598981553043, -0.292857862242281, -0.465582014889821, 0.2040578363039281, 0.13339192227455005, -0.5546663980381848, 0.21562741732969337, 0.6357944209312523, 0.3073934206282211, 0.7451099011227783, 0.6138656603856084, -0.04928341373142026], [-0.7122877262940283, -0.42651692931443597, 0.022557123123245443, -0.2011199814726841, 0.4626497410325751, 0.7179455849783651, 0.6846507806449283, -0.407669824873656, 0.11786243904143616, -0.2787892346450144, 0.2335834082094268, -0.05800762618632667, 0.4093557621734384, 0.008502233551541153]], "inverted": true, "swapped": false, "error_lsq": 0.047309621213452335, "error_max": 0.271526770003556, "target": "888.xyz", "model": "25.xyz", "model_rescale": 4.19342608120988, "target_rescale": 4.164706313960921},
{"mapping": [0, 1, 9, 6, 11, 3, 12, 2, 10, 7, 4, 13], "R": [[0.9906291215783174, 0.12060141399065602, 0.0641033729567013], [0.01334364190771617, 0.3816424294341718, -0.9242137216446324], [-0.1359260486500295, 0.9164083996772607, 0.376456842545533]], "T": [-0.1354302707859344, 0.031140757047800494, 0.003667633384557993], "aligned_model": [[-0.10651550194418376, 0.4365532092048612, 0.06359368777355429, -0.5613050316136454, -0.5420876804140442, -0.4130031970174112, -0.08371266398166584, -0.11441685470466939, 0.3599523938792863, 0.18189061649201033, 0.5061211712843563, -0.12926159432666784], [-0.6051692821338733, -0.2380432948526514, -0.6695070265301183, 0.5750702174288073, -0.2901624362507562, -0.21959663431560916, 0.27038696530740075, 0.49152743026584456, 0.10905006541074176, -0.059018846550216955, 0.562150005649387, 0.08608926431202422], [0.26640231560264327, 0.03698543948096316, -0.49576897710345413, -0.1616722041926056, -0.560362440647136, 0.43008279367838187, -0.7570516625508972, 0.5742046564907592, -0.5599920223954638, 0.6748514767838129, 0.12368816745323402, -0.12210908139081633]], "inverted": true, "swapped": true, "error_lsq": 0.048181051560132644, "error_max": 0.2607406466079968, "target": "888.xyz", "model": "26.xyz", "model_rescale": 3.795458400668931, "target_rescale": 4.164706313960921},
{"mapping": [0, 1, 9, 11, 12, 2, 7, 8, 4, 10, 6, 5, 13], "R": [[0.7821270401356175, -0.4918663303090641, 0.38255039693743964], [0.1946517080356721, -0.390345738859075, -0.8998560533292856], [0.5919358121008506, 0.7782658397121496, -0.20955733604350157]], "T": [-0.19592197103840947, -0.18478356703108423, -0.07377879100024279], "aligned_model": [[0.054731066562873576, 0.3564777971389136, 0.5295784379846213, -0.09331694836175848, 0.029561596552250435, -0.6604224783752348, -0.1904752757741105, -0.672274800575652, -0.052628039026364065, 0.36212289355461735, -0.7315152782787044, -0.0635884751229287, -0.16857411345726653], [-0.8082294460465534, -0.34296441540384737, -0.28634047856829514, -0.033025895764910246, 0.5336705242394566, -0.27989634605740127, -0.7038426516229936, -0.20942202178372782, 0.14884195871969425, 0.31972082786551215, 0.2699862678003866, 0.5690402173137992, -0.055657037434205414], [-0.22623971629151804, 0.19186861950608267, -0.5670232849741047, -0.8175379817164876, -0.3413384772608994, 0.485777091121276, 0.4646049489820451, -0.4943427622945368, 0.6852501024794884, -0.01679373185463682, -0.17813413699284508, 0.21797720092332892, -0.11193120952776628]], "inverted": true, "swapped": true, "error_lsq": 0.04845361842281649, "error_max": 0.2860334732760369, "target": "888.xyz", "model": "27.xyz", "model_rescale": 3.6321398670334006, "target_rescale": 4.164706313960921},
