[{"mapping": [12, 0, 13, 6, 10, 7, 3, 1, 2, 8, 5, 4, 11, 14], "R": [[-0.8474552419499926, 0.20059279650938802, 0.4915100638644375], [0.3325225302350113, 0.9223068507958392, 0.19692343654620745], [-0.4138216763022283, 0.3303219686360649, -0.8483153996355418]], "T": [-0.009953971894166073, 0.040184146934616596, 0.19157769692924811], "aligned_model": [[0.15490424087151913, 0.3466875297729276, -0.6503818584599151, -0.36861684992485044, -0.732056063384705, -0.1096490550747996, -0.6210529401399063, 0.010967539309927853, -0.41518475045421016, 0.36695782379410974, 0.5707419782785623, 0.14294660766166106, 0.7031923081030039, -0.027964409225021677], [-0.7179745219205595, -0.3563030413435844, -0.40042421410648965, -0.2944502484534416, 0.34141351575807316, 0.28037990036920823, 0.20704058142077547, 0.6085437609935619, 0.6396664253262628, -0.12082810757688293, 0.441838234762497, 0.8054672588967736, -0.21257898016222876, 0.013482767846069325], [0.19955414770973598, -0.33424598652172144, 0.30856371434765817, -0.20001642806355865, 0.5840517237421515, -0.5513582998378325, -0.10185218557027712, 0.5600496962322664, 0.10002635237198859, 0.6678699136869795, 0.32635996881316265, -0.029254858285388124, 0.20699787947854978, 0.16084244907611872]], "inverted": true, "swapped": true, "error_lsq": 0.03888158568522012, "error_max": 0.2181700547573695, "target": "889.xyz", "model": "0.xyz", "model_rescale": 3.8414455957264533, "target_rescale": 4.033375939549312},
{"mapping": [11, 2, 5, 10, 3, 4, 12, 10, 7, 9, 6, 0, 13, 8, 14], "R": [[0.7755386804182822, -0.0541209612500285, -0.6289758951887126], [-0.16151277138671355, -0.9801697155163447, -0.1148083335981806], [-0.6102895868799112, 0.19062594350712297, -0.768900754199114]], "T": [0.02580327260645978, -0.02287952104378511, 0.005772295053443941], "aligned_model": [[0.12977445270594118, 0.012496740511845052, -0.4405176209036422, -0.6397370113914864, -0.13866749957588695, 0.28429296114372254, -0.34576047436620405, -0.6397370113914864, 0.5726989727478351, 0.24261080287278053, -0.49584981330584554, 0.692968399670882, 0.3671512765606445, -0.3360336874670469, -0.006048439749866616], [0.5681466897798608, -0.666381421898278, -0.486326860837846, 0.03849474457968617, -0.5219407530864238, -0.47356607155506353, 0.5817655043594516, 0.03849474457968617, -0.17691124827461144, 0.15562163092489656, -0.2741639718572936, 0.01048907788183508, 0.6445939623459911, 0.5917416992805851, -0.023691719089794117], [-0.5993255598081794, 0.36678887004509136, -0.03988044304890666, -0.14143718258132865, -0.5749721701030325, -0.15510638270201396, -0.27464581965711854, -0.14143718258132865, 0.30599608209951507, 0.6275773397090121, 0.5299491321238785, -0.275820672440457, 0.11894335940887747, 0.34579754022255854, -0.07818488344662454]], "inverted": true, "swapped": false, "error_lsq": 0.050934526090029617, "error_max": 0.5152705100078696, "target": "889.xyz", "model": "1.xyz", "model_rescale": 4.316132596720782, "target_rescale": 4.033375939549312},
{"mapping": [7, 6, 0, 1, 5, 2, 8, 10, 12, 3, 9, 14], "R": [[0.056665315355555995, -0.9702898220186842, -0.23521629051280823], [-0.19899865119373872, 0.21989100572218415, -0.9550117708308936], [0.978360147828359, 0.10092376771324396, -0.18062617266563294]], "T": [-0.04900515781757232, 7.991623794694576e-05, -0.1193917680911038], "aligned_model": [[-0.12754543581648087, 0.444706126713865, 0.2648744537658473, -0.6339599705025237, -0.6469923141320183, -0.44355476482554307, -0.10431090604019033, -0.1248303655480777, 0.5900918036029347, 0.05840230342812694, 0.3344126102861943, -0.013484986300353219], [-0.7037208778798123, -0.2686021184973795, -0.5785515302793347, 0.3211060318344571, -0.03952724560284177, -0.015108985786413297, 0.37131408805853655, 0.5487041279984031, 0.004459083064752532, -0.1348643861875708, 0.5311564767915156, -0.023588235773332203], [0.22424011605494798, 0.15993658549955775, -0.4765346467707973, -0.0010191571695346152, -0.5163082419794067, 0.49385576721043406, -0.623344332785488, 0.5584492435350501, -0.5593716745011352, 0.5570975423756406, -0.26100525817904857, -0.10673748208079879]], "inverted": true, "swapped": true, "error_lsq": 0.04282353352087776, "error_max": 0.2473869490931796, "target": "889.xyz", "model": "2.xyz", "model_rescale": 3.795458400668931, "target_rescale": 4.033375939549312},
{"mapping": [10, 1, 4, 11, 6, 0, 5, 9, 8, 12, 7, 14], "R": [[-0.4077399824395974, -0.7238994899995469, -0.556522807348048], [0.37440165693427196, -0.688441571447934, 0.621185642128962], [-0.8328094055695027, 0.04491916162057108, 0.5517343227625743]], "T": [0.04991072321691968, 0.014910686750091365, -0.02768581556227353], "aligned_model": [[-0.014536233061120354, -0.32241593033887816, -0.748570139770082, 0.2346304115704833, 0.22432088182542076, 0.1744963312151676, -0.30509704638877966, 0.653969818367269, 0.3606318734595275, 0.7331186272787581, -0.4605008989127506, 0.0632561304985499], [-0.35052115703295544, -0.5438802759139105, -0.1042609136485146, -0.008024710447890734, 0.5546941250611063, 0.593413723254028, -0.35068472069953477, -0.2380222842573779, -0.41225161090354584, 0.277183212196992, 0.6121988809544361, 0.05592477672687688], [-0.8204736700828527, -0.11915984407112665, 0.04996910847724976, 0.705838009145121, -0.2963494224802236, 0.4313332039712205, 0.4792752630240142, -0.1699651196983509, 0.31264705359820893, 0.23016395361880712, -0.07578772747615894, -0.03871937738680844]], "inverted": true, "swapped": true, "error_lsq": 0.043394911010561275, "error_max": 0.2681289294636634, "target": "889.xyz", "model": "3.xyz", "model_rescale": 3.7530521520055578, "target_rescale": 4.033375939549312},
{"mapping": [3, 1, 4, 5, 7, 8, 6, 9, 12, 11, 14], "R": [[-0.2747020646605194, 0.3398325391850886, 0.8994735243364659], [-0.9354673806909243, 0.12186573632314532, -0.3317371278191193], [-0.22235007383517766, -0.9325570157483309, 0.28442548592567823]], "T": [-0.12805867602936094, -0.07823142707694793, 0.004532391074303454], "aligned_model": [[-0.3579315303586563, -0.0835245617490295, 0.4096776163506257, 0.39138982627559404, 0.292785440799646, -0.16808561651237175, -0.3178318132331134, -0.6728453243268036, -0.31250889308941454, 0.2926675377602814, -0.135593079471553], [-0.7300168511853878, 0.04658053882122663, -0.3367632749519454, 0.29113491893154236, -0.7334431078177538, 0.5484261656816916, -0.5020708636338485, 0.286752490644363, 0.23541456959733237, 0.46593774000113203, -0.1047489677740062], [-0.09404928281293841, -0.6600582051791785, -0.5448352541482566, -0.32779547342026316, 0.1193143043791485, -0.018701830439369745, 0.42680183798923405, 0.1427355975624751, 0.689843070576891, 0.32008582197818747, 0.039490190759386944]], "inverted": true, "swapped": true, "error_lsq": 0.048536246869169, "error_max": 0.21715905054504364, "target": "889.xyz", "model": "4.xyz", "model_rescale": 3.7855080009869324, "target_rescale": 4.033375939549312},
{"mapping": [11, 3, 5, 7, 0, 2, 6, 4, 14, 15, 10, 12, 13, 8, 16], "R": [[-0.5765607563070638, 0.7324669915475476, -0.3620356344062166], [0.10220206482866673, -0.37496514932272795, -0.9213880152998203], [-0.8106370533299005, -0.5682369603314005, 0.1413305511273022]], "T": [-0.014054056583072426, -0.004316986783530897, 0.0008309221751747192], "aligned_model": [[0.2184500203953154, -0.05454138410805664, -0.6281016604709597, -0.7541702238105236, -0.21543656507317968, 0.41730989653430056, -0.3216428132714165, -0.49396225393187065, 0.6139902342112565, 0.2286853873420698, -0.4160478733114887, 0.5663345266843546, 0.28182339630770914, -0.2128392326150504, 0.02979059317972544], [0.5323146792220705, -0.6798804370265107, -0.5307743045982891, 0.1114638904312168, -0.5620338319937052, -0.5974220968825449, 0.5044736325472339, -0.015378842539238529, -0.10547504430526757, 0.21238952040511974, -0.1578665438875873, 0.1814462692847105, 0.6532897885557106, 0.48611632393955295, -0.02629699601978956], [-0.5380610313079153, 0.15700840584335946, -0.029026694912237888, 0.014698847609059668, -0.5059933956742712, -0.0882597950970587, -0.2686098514781426, -0.5618115409663971, 0.23110209868657972, 0.7580851455314159, 0.5888681479522111, -0.301999670925831, 0.07067002851386095, 0.4648023603982091, 0.022768973067100604]], "inverted": true, "swapped": false, "error_lsq": 0.03352732761488511, "error_max": 0.19496072272523945, "target": "889.xyz", "model": "5.xyz", "model_rescale": 4.2253639853439635, "target_rescale": 4.033375939549312},
{"mapping": [7, 6, 10, 2, 3, 9, 1, 4, 12, 0, 13, 8, 5, 14], "R": [[0.17655314415684217, -0.4825793611766609, -0.8578730369085273], [0.765480403129513, 0.6152174212583124, -0.1885398552162127], [0.6187638804204812, -0.6233976938893808, 0.47802361399871274]], "T": [0.060607177387162946, 0.046354454067263226, 0.08330365023767465], "aligned_model": [[0.49534772942662825, -0.17088567815576747, -0.44891923640592024, 0.1681263345831015, -0.10966615020992626, -0.5207073139095101, 0.20770581620150783, 0.6971022482901386, -0.254221428827054, 0.33912541244926087, -0.6698639017724619, -0.012896828254245603, 0.6048454370766074, 0.048969712265424764], [-0.16930344474248976, 0.10550796945136354, -0.6545044624046262, -0.6703118025238632, -0.4486294880783131, 0.27469843099539687, -0.40387572428252516, -0.44953098057471375, 0.7428883825213555, 0.6023163556128478, -0.009035499950331982, 0.3835479734236917, 0.08372508554629192, 0.05760635164090641], [-0.5364376893259235, -0.4971075116408246, 0.2073441184266197, 0.0008309748366844144, -0.37862925137376724, 0.32628177487259885, 0.5679651318480292, 0.16561711542879592, -0.04999997486353859, -0.3340927489151808, -0.20185120153084074, 0.6084126058216787, 0.5513936055060046, 0.04183125984111261]], "inverted": false, "swapped": true, "error_lsq": 0.042078206510934794, "error_max": 0.2208374874466657, "target": "889.xyz", "model": "6.xyz", "model_rescale": 3.89814844738969, "target_rescale": 4.033375939549312},
{"mapping": [3, 7, 4, 13, 1, 0, 6, 10, 9, 11, 5, 8, 14], "R": [[-0.2902723337817794, -0.952330748008475, 0.09385157770915536], [0.5934846231734626, -0.2560900725743075, -0.7630163017823007], [0.7506783427657497, -0.16578305440093793, 0.639529518142801]], "T": [-0.09322375382520931, 0.09144411411364078, 0.0018530346992722026], "aligned_model": [[0.04771088142305693, -0.05704350283656068, 0.5626984169210687, -0.41780953238336244, 0.5492173080834954, -0.6525829002160636, -0.4843287371330082, 0.3754301678325027, -0.3608383915001187, -0.4028283173418684, 0.26914750592066106, -0.1547777038231936, -0.1253633940423866], [-0.3518852434481774, 0.27979112248973725, 0.4482830900782087, -0.6241537534359669, 0.10152712726023777, 0.5146459746996153, -0.18098961640671607, -0.6471288633523389, -0.28181452387404254, 0.7015201053518108, 0.6643305787209302, 0.2602526540880462, 0.07940261329914133], [-0.5187049582039112, -0.7615625786758229, -0.31474749796241674, -0.021235886844915976, 0.21728234935760923, -0.2606413991531858, -0.4065364263418208, 0.03471461669722861, 0.48987585538666273, 0.3253602158990946, 0.2409936260048798, 0.6039796921785647, -0.026502577505670376]], "inverted": false, "swapped": true, "error_lsq": 0.05313575817701693, "error_max": 0.3349825390854955, "target": "889.xyz", "model": "7.xyz", "model_rescale": 3.7474275329858107, "target_rescale": 4.033375939549312},
{"mapping": [4, 10, 0, 3, 1, 12, 8, 2, 11, 9, 6, 13, 9, 5, 14], "R": [[-0.3726778671017168, -0.6303739547707001, -0.6809844965337042], [-0.45280170216996807, 0.7640881689924874, -0.4594996066567276], [0.8099887813324915, 0.1371056058389128, -0.5701931488215637]], "T": [-0.026992897892518533, -0.08324037756531633, -0.009975213903403599], "aligned_model": [[0.13575878813261738, 0.09073130642424947, -0.498236908752032, -0.7205797198843884, -0.31221386752897456, 0.4292347537308172, -0.19975248341434026, -0.43448052855337144, 0.503453508867125, 0.273835651553266, -0.5677702432519934, 0.6671122525086933, 0.273835651553266, -0.3630710947588474, -0.018215018563901366], [0.4457137477055163, -0.62127402357007, -0.5407829998417175, 0.08906397666938742, -0.5054421050092004, -0.4728991602348451, 0.5642966990852817, 0.15020166969633536, -0.06786415393799872, 0.4709744972849088, -0.25108197188861103, 0.0002125571415331623, 0.4709744972849088, 0.3483704914259225, -0.07409771467866898], [-0.5630984080477729, 0.5114882720407969, 0.0429121064714716, 0.04818892329119649, -0.5624211568452379, -0.1537284113708433, -0.13670396292922743, -0.7085796350735957, 0.3138613758955448, 0.41744553479919844, 0.5785204618315319, -0.5750995157768001, 0.41744553479919844, 0.45239365116170027, -0.06838274300721822]], "inverted": true, "swapped": false, "error_lsq": 0.053330613086905496, "error_max": 0.411142974185875, "target": "889.xyz", "model": "8.xyz", "model_rescale": 4.019505241142653, "target_rescale": 4.033375939549312},
{"mapping": [1, 8, 5, 4, 2, 7, 0, 10, 3, 13, 12, 6, 14], "R": [[0.5943385129740538, -0.04769592491968733, 0.8027993714134599], [-0.5521258261593968, -0.75001173482227, 0.3641970204665227], [0.5847382355238918, -0.6597025817555551, -0.47209501113807717]], "T": [-0.06658203980504133, 0.010879907287088875, -0.033500039612854374], "aligned_model": [[-0.2392598660744315, -0.6105144208546167, -0.13734240278800885, 0.36202315817710345, 0.25468757064102465, 0.7205137593761107, 0.2632130349502049, -0.2569937720186502, 0.3345702967172223, -0.23822728395990778, -0.33000488759383056, 0.24082905844874175, -0.043793473279786055], [-0.5564154406218255, 0.17106665074808297, -0.06784062202777708, -0.4557236910203136, -0.6420065307321967, 0.012204627898233844, 0.6791468624430861, -0.7185057019922525, -0.3302868708802611, 0.008615322138643161, 0.6993763179348098, 0.23026337041952533, 0.03348393380630395], [-0.3615249340194248, -0.30427576902915787, -0.744482530905678, -0.5398423274329485, 0.016477666842955284, -0.025409743117305775, -0.10793311406079316, 0.41141167085467306, 0.4248296965398045, 0.733638875965637, 0.20863115835975526, 0.46783269436457947, -0.0026498503182176524]], "inverted": true, "swapped": true, "error_lsq": 0.044664880117892075, "error_max": 0.2503653299945244, "target": "889.xyz", "model": "9.xyz", "model_rescale": 3.877068213659057, "target_rescale": 4.033375939549312},
{"mapping": [9, 4, 1, 0, 7, 2, 11, 8, 13, 6, 5, 14, 10, 12, 15], "R": [[0.13076958276090755, -0.05448244694245652, -0.9899146322788147], [-0.4984741322698568, -0.8667146047076469, -0.01814754650857435], [-0.8569847464700594, 0.4958199844314769, -0.14049799769398352]], "T": [0.014910641362681228, -0.017932703695095517, 0.07185365367845725], "aligned_model": [[0.2401155980634948, 0.03179051272220131, -0.7158824552132335, -0.742550127732209, -0.23296246621577577, 0.39360693158390203, -0.3360488334149283, -0.35877857806839847, 0.7459879222889447, 0.2772583877637012, -0.569477174063001, 0.6959456580407621, 0.2666131351265954, -0.3663380645372541, -0.06963839828261581], [0.18255074068987875, -0.6868479655249776, -0.4833629770746131, 0.2269658855689346, -0.648058238299229, -0.36461005000374463, 0.5962809569964971, 0.011684668426129988, -0.1900717132419395, 0.28620239217605214, -0.2523042027576998, 0.26074904173774105, 0.6386029012971296, 0.41572654660539254, 0.012858020537130484], [-0.5152872322293245, 0.17362851392850753, 0.024707913443649115, 0.06522795428476102, -0.3839832717631553, -0.34857386121392336, -0.13844209603456412, -0.6025365259339994, 0.25497292265188987, 0.539806726691769, 0.5350559030811088, -0.18900902563650218, -0.02204860119541724, 0.5459678747180434, 0.07475483244710035]], "inverted": true, "swapped": false, "error_lsq": 0.039118666070095884, "error_max": 0.2876261941698756, "target": "889.xyz", "model": "10.xyz", "model_rescale": 4.260839863003843, "target_rescale": 4.033375939549312},
{"mapping": [4, 7, 6, 3, 9, 10, 1, 5, 0, 12, 8, 14], "R": [[-0.4790487334392146, 0.5527625216191445, 0.6818840852252891], [-0.45808625984707596, 0.5052207885788743, -0.7313746873710203], [-0.7487785316965233, -0.6627258479046862, 0.011187537236281409]], "T": [-0.0008414414253393398, 0.04048004000787574, -0.0015211159130774574], "aligned_model": [[0.5440822563531474, 0.17748578346129648, -0.3912675141829569, -0.3826205722039368, -0.43313701639081376, -0.5476016745476088, 0.21970685101716364, 0.6620010154696461, 0.2147161681650119, -0.2295138468959789, 0.14810451526392396, -0.023057316414763922], [-0.025553201855186794, -0.6575109020975767, -0.44547659711329635, -0.2973535471669209, 0.42442373472020806, 0.38105149505235325, 0.4995622583068908, 0.315808694804884, -0.4940533396825768, -0.05888292358560303, 0.527479445454665, 0.003583388695093427], [-0.5985986826446462, -0.3186883438444542, 0.07181936357684407, -0.47848786249262104, 0.33732051936494395, -0.5942021063155813, -0.44856019959258214, -0.040688229862576246, 0.47669931464426973, 0.7332457543837495, 0.36656638001176894, 0.00975217016638935]], "inverted": true, "swapped": true, "error_lsq": 0.05307527334778848, "error_max": 0.3059296497931114, "target": "889.xyz", "model": "11.xyz", "model_rescale": 3.890672605050136, "target_rescale": 4.033375939549312},
{"mapping": [3, 10, 13, 7, 6, 5, 1, 0, 4, 8, 12, 9, 11, 14], "R": [[-0.6872119726735498, 0.6484456424425807, -0.32750260061770065], [0.23358798791314975, 0.6241206976688068, 0.7455937276051134], [0.6878781552839242, 0.4358802628459228, -0.5803723287205852]], "T": [0.05809362476604727, -0.02271619757399684, 0.09112505170522985], "aligned_model": [[0.5720241456530839, 0.059709950740668434, 0.45486268545465874, 0.6166187799740328, 0.6620093431608116, -0.4893248996161761, -0.41291106818808515, 0.3906155782964813, -0.0882300616366044, -0.47044436748314467, 0.19226746247872922, -0.10729658335621534, -0.27005971959560293, 0.10003458891105571], [-0.13020399680551772, 0.15361143191607918, 0.5791084218985497, -0.5741795123723267, 0.1455713851568685, -0.44415354580120897, -0.2909104807361432, -0.08522956570953905, -0.7954449049687325, 0.2445148815903475, 0.5396604179480522, 0.6238078173762343, -0.021863359200716272, -0.012136470464181523], [-0.36899005061295137, -0.7662618968006815, -0.22248421770309573, 0.15049565303478907, 0.1216257395204988, 0.2896787580731757, -0.3156529964844254, 0.7592620335305982, -0.10707578000648517, 0.30106996032099753, 0.608596157015486, 0.02981717462667978, 0.7730482529342281, 0.10166164790804777]], "inverted": false, "swapped": true, "error_lsq": 0.05870428109358534, "error_max": 0.4127997239433247, "target": "889.xyz", "model": "12.xyz", "model_rescale": 4.124412569039231, "target_rescale": 4.033375939549312},
{"mapping": [0, 4, 3, 11, 6, 12, 5, 9, 1, 8, 13, 10, 14], "R": [[0.8007103979305846, -0.41559865047784267, -0.4314401700894818], [0.4591358632948242, 0.8883586481415408, -0.0036292297599899576], [0.38478190924517436, -0.19518369294879695, 0.9021342518297973]], "T": [0.09026982836143439, 0.14209526203205647, 0.04382398310253407], "aligned_model": [[-0.12303043462583062, -0.19058787519668025, 0.6818824312464009, -0.5548476450333539, 0.547396578735441, 0.08204111147596062, -0.5702958759403033, 0.27082098540550853, -0.08274344211868655, -0.29319568202875435, 0.7910428702372847, 0.6924548537835186, 0.11636043156925242], [-0.3748753968308426, 0.8293699429291537, 0.4028756511290071, -0.2534441285400769, -0.14836666671825466, -0.62851522976084, 0.4230743959439546, -0.1974378762755047, 0.7289425996319114, -0.04372216742167129, -0.1371970764285464, 0.6300645493362106, 0.11671677951397656], [0.5419506065051403, 0.3702842555331493, 0.30721007125877114, 0.052578019313418954, 0.3610497692896227, -0.04638787532378771, 0.006357595012504401, -0.5050151612039149, -0.2475839532759969, -0.41798529444419413, -0.17726936243074495, -0.3629506408660752, 0.06946005159994587]], "inverted": true, "swapped": true, "error_lsq": 0.05700727985465929, "error_max": 0.3494810956544437, "target": "889.xyz", "model": "13.xyz", "model_rescale": 3.9028299243045295, "target_rescale": 4.033375939549312},
{"mapping": [10, 6, 3, 0, 6, 9, 5, 4, 11, 12, 2, 14, 13, 8, 15], "R": [[0.06829641199643854, 0.8675874143452812, 0.4925725109850144], [0.9165357378023323, -0.2495839721149552, 0.31252213072749857], [0.39407847116982575, 0.4301161695786275, -0.8122205607022407]], "T": [-0.08913726931876062, -0.011352386077052832, 0.027258425707558917], "aligned_model": [[0.16186819096382002, -0.056666022238061386, -0.5442475796469924, -0.9104670478049428, -0.056666022238061386, 0.42376516110514706, -0.17255913822193075, -0.484861730972003, 0.5812970886819641, 0.2531097056428947, -0.5057423707224904, 0.7437364508841589, 0.3358965935772772, -0.47574149955665235, -0.03307973139194166], [0.27397925413180074, -0.6760184175891762, -0.3688438144164746, 0.10031486632272898, -0.6760184175891762, -0.46963040801536243, 0.493147692966358, 0.22232104597057237, -0.19811430554554102, 0.34321252871518043, -0.239545834052225, 0.159158481626795, 0.6602013165720024, 0.45828423673360524, -0.0760822186984057], [-0.613783473120458, -0.012401969098672125, -0.20461207551010707, 0.04007361037462735, -0.012401969098672125, -0.33017381673458696, 0.002312570559917293, -0.4709003356196348, 0.27523916162575085, 0.5185740251839631, 0.5898574919540065, -0.21829821332544014, -0.00457224574703631, 0.503163638155154, -0.04783437235886866]], "inverted": false, "swapped": false, "error_lsq": 0.05006803449092117, "error_max": 0.4315831386336519, "target": "889.xyz", "model": "14.xyz", "model_rescale": 3.942246331269136, "target_rescale": 4.033375939549312},
{"mapping": [0, 4, 11, 6, 13, 12, 7, 8, 3, 5, 10, 1, 2, 9, 14], "R": [[-0.12442672455414489, -0.8080456031555525, -0.57583009077132], [-0.3187236126072944, 0.582133886937234, -0.7480209866346686], [0.9396452782743508, 0.09045684551390976, -0.3299762265927506]], "T": [-0.07525231044951884, -0.054632887533590135, 0.05161783957632819], "aligned_model": [[0.12302732270596341, -0.08108303976767499, -0.6568527381852464, -0.6013194544612761, -0.06815844105695672, 0.4666692661085109, -0.42146659226844996, -0.4574789856845261, 0.5324832150546114, 0.3789035874578377, -0.43621737209298195, 0.7149340138812261, 0.18434305368988368, -0.4015800762412062, -0.01656171107752926], [0.4450935124827502, -0.5724016651370745, -0.44422363416204663, 0.12915854116965372, -0.7711079184374088, -0.432947698076435, 0.701123545355786, 0.09398626197278101, -0.35183214556255843, 0.27292518200375515, -0.23808612699109483, 0.03308922716689855, 0.6627138458423891, 0.4822239053394782, -0.003348825834191535], [-0.45005555524414015, 0.3264732060096883, -0.1035305321703668, 0.0040420046918582045, -0.33249549475838286, -0.429292928807516, -0.1482506005035576, -0.6046260506250103, 0.2942658615503307, 0.35032788237041396, 0.639027108526385, -0.10507242564062654, 0.025698162270675326, 0.5550632480883243, -0.007331858518132034]], "inverted": false, "swapped": false, "error_lsq": 0.045309172095871264, "error_max": 0.27355035250601745, "target": "889.xyz", "model": "15.xyz", "model_rescale": 4.355366556412066, "target_rescale": 4.033375939549312},
{"mapping": [7, 6, 0, 1, 5, 2, 8, 10, 12, 3, 9, 14], "R": [[0.056665315355555995, -0.9702898220186842, -0.23521629051280823], [-0.19899865119373872, 0.21989100572218415, -0.9550117708308936], [0.978360147828359, 0.10092376771324396, -0.18062617266563294]], "T": [-0.04900515781757232, 7.991623794694576e-05, -0.1193917680911038], "aligned_model": [[-0.12754543581648087, 0.444706126713865, 0.2648744537658473, -0.6339599705025237, -0.6469923141320183, -0.44355476482554307, -0.10431090604019033, -0.1248303655480777, 0.5900918036029347, 0.05840230342812694, 0.3344126102861943, -0.013484986300353219], [-0.7037208778798123, -0.2686021184973795, -0.5785515302793347, 0.3211060318344571, -0.03952724560284177, -0.015108985786413297, 0.37131408805853655, 0.5487041279984031, 0.004459083064752532, -0.1348643861875708, 0.5311564767915156, -0.023588235773332203], [0.22424011605494798, 0.15993658549955775, -0.4765346467707973, -0.0010191571695346152, -0.5163082419794067, 0.49385576721043406, -0.623344332785488, 0.5584492435350501, -0.5593716745011352, 0.5570975423756406, -0.26100525817904857, -0.10673748208079879]], "inverted": true, "swapped": true, "error_lsq": 0.04282353352087776, "error_max": 0.2473869490931796, "target": "889.xyz", "model": "16.xyz", "model_rescale": 3.795458400668931, "target_rescale": 4.033375939549312},
{"mapping": [3, 7, 4, 13, 1, 0, 6, 10, 9, 11, 5, 8, 14], "R": [[-0.2902723337817794, -0.952330748008475, 0.09385157770915536], [0.5934846231734626, -0.2560900725743075, -0.7630163017823007], [0.7506783427657497, -0.16578305440093793, 0.639529518142801]], "T": [-0.09322375382520931, 0.09144411411364078, 0.0018530346992722026], "aligned_model": [[0.04771088142305693, -0.05704350283656068, 0.5626984169210687, -0.41780953238336244, 0.5492173080834954, -0.6525829002160636, -0.4843287371330082, 0.3754301678325027, -0.3608383915001187, -0.4028283173418684, 0.26914750592066106, -0.1547777038231936, -0.1253633940423866], [-0.3518852434481774, 0.27979112248973725, 0.4482830900782087, -0.6241537534359669, 0.10152712726023777, 0.5146459746996153, -0.18098961640671607, -0.6471288633523389, -0.28181452387404254, 0.7015201053518108, 0.6643305787209302, 0.2602526540880462, 0.07940261329914133], [-0.5187049582039112, -0.7615625786758229, -0.31474749796241674, -0.021235886844915976, 0.21728234935760923, -0.2606413991531858, -0.4065364263418208, 0.03471461669722861, 0.48987585538666273, 0.3253602158990946, 0.2409936260048798, 0.6039796921785647, -0.026502577505670376]], "inverted": false, "swapped": true, "error_lsq": 0.05313575817701693, "error_max": 0.3349825390854955, "target": "889.xyz", "model": "17.xyz", "model_rescale": 3.7474275329858107, "target_rescale": 4.033375939549312},
{"mapping": [12, 6, 0, 13, 8, 1, 11, 7, 9, 5, 10, 3, 4, 14], "R": [[-0.6714774164386637, -0.37275580704750433, 0.6404460847918593], [0.6847355498144954, 0.0182966075960056, 0.7285619129289692], [-0.28329367453774623, 0.9277490730056495, 0.24295339368706104]], "T": [0.025864281235229013, -0.05235043496530444, 0.056289708118834735], "aligned_model": [[0.4904612057655477, 0.03540085426846626, 0.6935558718351118, -0.3434468568644941, 0.216741321362048, -0.35100419900413643, 0.7083090847808974, 0.1279623089224818, -0.09045705269873322, 0.26619931857054513, -0.843688358054566, -0.42811400105155706, -0.10208119609203323, 0.0350093461432984], [-0.3897094567849421, 0.24679297435752967, 0.18667009988389072, -0.18812310520162073, -0.6236459884327048, -0.1662950574244044, -0.320072940420031, 0.7278380781014012, -0.6262252939657528, -0.1440654757017998, -0.12907845643370208, 0.408658239584827, 0.4089213044878447, -0.031256680539302334], [-0.46561546464482795, -0.4954235070721372, -0.18442365050644277, -0.6242574241756229, 0.23525638020230252, 0.6078590568043684, 0.24416825215723628, 0.034636031945130534, -0.2696594782906574, 0.7275031426996535, -0.008497969144828317, -0.20592935271694293, 0.7110126902563045, 0.018166011148118527]], "inverted": true, "swapped": true, "error_lsq": 0.03964713398644354, "error_max": 0.2297280678512811, "target": "889.xyz", "model": "18.xyz", "model_rescale": 3.922800546911778, "target_rescale": 4.033375939549312},
{"mapping": [8, 2, 10, 11, 6, 1, 13, 4, 0, 3, 9, 5, 12, 7, 14], "R": [[-0.8304811792392599, 0.38747407150162066, -0.40020601550117285], [-0.30655977970233045, 0.28195117502979866, 0.9091340035265286], [0.46510441021154236, 0.8777057472828079, -0.11537117832674032]], "T": [-0.008740823884029615, 0.012811346939630127, -0.07546688483655056], "aligned_model": [[0.16409212286133565, -0.06126841971406711, -0.6210787026048126, -0.6906671237520648, -0.14210990468350107, 0.39643259207322823, -0.3681517258399727, -0.589683743001286, 0.6522114350373169, 0.2337650436846016, -0.3777646921664725, 0.724580500591484, 0.28756222742245785, -0.3048838639010393, -0.043393697945022375], [0.2029066402552618, -0.5668306830253517, -0.5118462464125564, 0.16203141506946828, -0.4007605899733392, -0.5705401068803908, 0.5652918136003673, -0.031534329055998345, -0.2083297467976006, 0.15640965629722187, -0.25662478684665957, 0.21282673410744232, 0.7141343628988109, 0.48270208880357995, 0.05652978509242651], [-0.6307894991790393, 0.34212733394787814, -0.05604063236909984, 0.06578999317093454, -0.6111334912232753, -0.28407802611007016, -0.26886513801825507, -0.5048919945357582, 0.3857070126948993, 0.49874533493026346, 0.5983051391917125, -0.14451324716870717, 0.12192757719036817, 0.49873953242007135, 0.0032121322980210587]], "inverted": false, "swapped": false, "error_lsq": 0.0455713975350226, "error_max": 0.33725645085213424, "target": "889.xyz", "model": "19.xyz", "model_rescale": 3.9282355846067225, "target_rescale": 4.033375939549312},
{"mapping": [5, 11, 0, 8, 1, 12, 9, 6, 10, 2, 7, 4, 3, 14], "R": [[0.44982778871195234, -0.8772364421388604, 0.16766390513783502], [0.4870436976573357, 0.0835852620441118, -0.8693687023014385], [0.7486276758675069, 0.47272584925363553, 0.46485145409328793]], "T": [-0.021138054578406378, -0.09187601401771649, -0.024243919317900948], "aligned_model": [[-0.6317803319707304, -0.21089624532436899, 0.3829722281311216, -0.39363206224389485, -0.6149117275791505, 0.3706379958028864, 0.01935370795053794, 0.600851622367662, -0.10963151696086507, -0.14772248381183734, 0.33496109587853123, -0.4366619146775371, 0.3458426630047392, 0.02313978851758212], [-0.4667458966560748, -0.6874569330198553, -0.7087262384948283, -0.1446865147171903, 0.13711605125431975, -0.2745434546971866, 0.27432181369907394, -0.039984378929333875, 0.7442390128555653, 0.23082158906919448, -0.4121912238175808, -0.2902882495786074, 0.25718751497307557, -0.09618100451573598], [0.03310269158338139, -0.4508348182935098, -0.15492091510912828, -0.5275340829859423, 0.2086453979302553, -0.6685967370403415, -0.5840344576309149, 0.04209835501186707, 0.21924528753073871, 0.6174844296942567, 0.6003988316089116, 0.6434209311824559, 0.456239087993264, -0.022530844231611048]], "inverted": true, "swapped": true, "error_lsq": 0.05076648606054957, "error_max": 0.3267932000124012, "target": "889.xyz", "model": "20.xyz", "model_rescale": 4.067790424073018, "target_rescale": 4.033375939549312},
{"mapping": [9, 6, 2, 0, 3, 11, 7, 0, 13, 5, 4, 10, 1, 8, 14], "R": [[0.11709552315866487, 0.25133900203931775, 0.9607899585809992], [0.26134964215694617, 0.9255464027357402, -0.27397120455874063], [-0.9581153390905685, 0.28318291339134666, 0.04268998199290212]], "T": [-0.019703632261866118, -0.04995415647843853, 0.011898900325437325], "aligned_model": [[0.2679333337996922, -0.023998331653825124, -0.6446897810727656, -0.6469879963971993, -0.2567115523342065, 0.3933572247666185, -0.2714853292831962, -0.6469879963971993, 0.6466459717714867, 0.11608499391033161, -0.4495398529590041, 0.7132658355299701, 0.3175687502056157, -0.29778361511648255, 0.042970393292349675], [0.4732926575169742, -0.7121229948256389, -0.4488782454883533, 0.07667714492924002, -0.7005932333731549, -0.4635613654342393, 0.626634472222177, 0.07667714492924002, -0.054148226475253074, 0.11702796392297804, -0.18118056014367778, 0.18483181198831525, 0.6888744345615536, 0.3526134448376857, -0.029778442035163815], [-0.4856226035992093, 0.3421577196996115, 0.07493711525147692, -0.29621937166778134, -0.4823086007218396, -0.26440176755257244, -0.17650959674108532, -0.29621937166778134, 0.2265710225459373, 0.5615756610916169, 0.6755953287429538, -0.26902480791178, 0.1288807551807418, 0.3047789888108306, -0.029948444221176256]], "inverted": false, "swapped": false, "error_lsq": 0.04611372359497015, "error_max": 0.37710189113287595, "target": "889.xyz", "model": "21.xyz", "model_rescale": 4.186013935880536, "target_rescale": 4.033375939549312},
{"mapping": [13, 9, 10, 7, 0, 3, 6, 12, 1, 8, 11, 4, 14], "R": [[0.8119799796099438, 0.5636513597900835, 0.15161021508930358], [-0.4787428503371628, 0.7917251538478584, -0.3794424383429376], [-0.3339068672005475, 0.2355173568367624, 0.912709032860386]], "T": [0.014150019772661865, 0.03615493947859919, 0.05871962041050738], "aligned_model": [[-0.05904167857850859, -0.4051361736357776, 0.5132285116947948, 0.46780772921804026, -0.3429572126677225, 0.5385041895405628, 0.02840384839971942, -0.6920635160966573, 0.3669739864584415, -0.43911136762640346, -0.5542919761760591, 0.6264224236875283, 0.009835271205266373], [-0.3331908020061521, 0.14623876533736788, 0.21940871661839953, -0.46294673595085745, -0.43674561700245146, -0.3413694844755035, -0.571549196067479, -0.2715641627675633, 0.6141106920217217, 0.4709621145059818, 0.19234901715063338, 0.301179114249349, -0.0079257620673535], [-0.6313499648643202, -0.4523444831453257, -0.6366544781610813, 0.4645264773202713, 0.516677353696823, -0.20568939726715263, -0.09766998727661161, -0.034112578267384314, 0.03180547117475796, 0.04031965264935622, 0.533252764105917, 0.5199012942842747, 0.054217437085820996]], "inverted": true, "swapped": true, "error_lsq": 0.045756384241306895, "error_max": 0.31228999228922094, "target": "889.xyz", "model": "22.xyz", "model_rescale": 4.166573947596378, "target_rescale": 4.033375939549312},
{"mapping": [10, 1, 4, 3, 0, 7, 9, 8, 5, 12, 2, 13, 14, 11, 15], "R": [[-0.225960916705082, 0.9039071300057528, 0.363171535842999], [0.6789706513984372, -0.1211951035633505, 0.724092950809391], [0.6985273929212665, 0.4101995212052696, -0.5863410561623557]], "T": [-0.09271772482135943, 0.05546172262897923, 0.06612845328523981], "aligned_model": [[0.3911120890139514, -0.0027660569668140345, -0.616158811233195, -0.6854174781186405, -0.09306343596520981, 0.27953943369125783, -0.3395533989396957, -0.5268718829980147, 0.5807544155642618, 0.1084822558701028, -0.4045338685307067, 0.7306009208555508, 0.396377387191257, -0.4928987530678178, -0.06596076830410152], [0.2831763636246247, -0.6179049388806183, -0.4362572387899854, 0.10103168143965066, -0.6736594722473562, -0.23992859148292542, 0.5553523762974212, -0.02804751140208011, -0.4286532415936158, 0.4299593728537719, -0.2890340491743824, 0.12784728521369407, 0.6767578001721103, 0.5519065203219066, -0.006180349219533615], [-0.4582721441823752, 0.2819642646899885, -0.08903405958963617, 0.15588943206444195, -0.3014826544140849, -0.468248583941472, -0.15665092331766403, -0.6110831199993962, 0.010182419095928201, 0.5647780627056035, 0.5528548599254894, -0.11750127444362549, 0.038652670218473795, 0.5303385726295295, 0.08185450579874216]], "inverted": false, "swapped": false, "error_lsq": 0.052471568219560547, "error_max": 0.4199443978370501, "target": "889.xyz", "model": "23.xyz", "model_rescale": 4.274766983524099, "target_rescale": 4.033375939549312},
{"mapping": [6, 9, 10, 2, 1, 4, 7, 5, 0, 8, 14], "R": [[0.4776811103516333, 0.8604054103981249, -0.17754798385468992], [0.509844910914584, -0.10691340504732552, 0.8535969134408152], [0.7154571431104249, -0.498269057416594, -0.4897438338493384]], "T": [0.07510581095396168, 0.12976684057505514, 0.013647692724344046], "aligned_model": [[0.3603896540504249, 0.3117856324183814, -0.5250321522057355, -0.5826347882946963, -0.5270266635732772, -0.5257700031572203, -0.0009201726944124689, -0.13982347227394024, 0.6775001992290248, 0.23028908873780063, 0.10113738172172515], [-0.18244137098210098, 0.7024723602536155, 0.41410489935811556, -0.11612919170549885, 0.3522000994528657, -0.26225907907184653, -0.651991256511671, 0.18428195987881377, -0.2736207604121068, 0.6432576685538579, 0.10571120242943938], [-0.4501457514803593, -0.24149330453648624, -0.5566090199950547, -0.18354530942572617, 0.2309076827348395, 0.3918907104614089, -0.037940409783285806, 0.6974119493278033, 0.20149135538718976, 0.3408892601538769, -0.013290728822628595]], "inverted": false, "swapped": true, "error_lsq": 0.05106317340000024, "error_max": 0.2567474449618922, "target": "889.xyz", "model": "24.xyz", "model_rescale": 3.7841303162186577, "target_rescale": 4.033375939549312},
{"mapping": [14, 6, 0, 8, 7, 11, 9, 10, 3, 5, 1, 13, 12, 2, 15], "R": [[0.346104823704805, 0.01934226553209456, 0.9379964433687111], [-0.9290224641613303, 0.14653431291494162, 0.3397719179422508], [-0.13087670568850496, -0.98901646695221, 0.06868563172521983]], "T": [-0.1258075107820098, -0.036194603574386724, -0.007703562206700009], "aligned_model": [[0.11349050269079153, 0.17343230252514086, -0.7298184573771774, -0.6472194764581707, -0.2622311880905537, 0.3832961597683032, -0.24701204283201067, -0.335139033667724, 0.578173304020949, 0.32076517039932234, -0.6353040469084043, 0.5970715229014293, 0.31225523412405326, -0.2766358069219961, -0.08548209611176646], [0.5088433274695482, -0.6228821330016672, -0.4510859630752594, 0.10213463275730386, -0.58286830709968, -0.46641916715153076, 0.5130189396512229, -0.0328938677060501, -0.16845226482398046, 0.39132148514932363, -0.30588423411758525, 0.11594988973470677, 0.5790807518065741, 0.5112549494698218, -0.0847520319300662], [-0.5320785013312536, 0.28941548664315836, -0.07377841034364448, 0.23406568328262253, -0.3322678890262277, -0.38868630025363576, -0.16837295529149132, -0.7569862351321279, 0.36097083487465553, 0.6145034610167444, 0.46210190461534784, -0.26518745119328674, 0.060919866841499866, 0.4886258041241938, 0.020996728413388784]], "inverted": false, "swapped": false, "error_lsq": 0.04057769872563847, "error_max": 0.22367324575994854, "target": "889.xyz", "model": "25.xyz", "model_rescale": 4.19342608120988, "target_rescale": 4.033375939549312},
{"mapping": [7, 6, 0, 1, 5, 2, 8, 10, 12, 3, 9, 14], "R": [[0.056665315355555995, -0.9702898220186842, -0.23521629051280823], [-0.19899865119373872, 0.21989100572218415, -0.9550117708308936], [0.978360147828359, 0.10092376771324396, -0.18062617266563294]], "T": [-0.04900515781757232, 7.991623794694576e-05, -0.1193917680911038], "aligned_model": [[-0.12754543581648087, 0.444706126713865, 0.2648744537658473, -0.6339599705025237, -0.6469923141320183, -0.44355476482554307, -0.10431090604019033, -0.1248303655480777, 0.5900918036029347, 0.05840230342812694, 0.3344126102861943, -0.013484986300353219], [-0.7037208778798123, -0.2686021184973795, -0.5785515302793347, 0.3211060318344571, -0.03952724560284177, -0.015108985786413297, 0.37131408805853655, 0.5487041279984031, 0.004459083064752532, -0.1348643861875708, 0.5311564767915156, -0.023588235773332203], [0.22424011605494798, 0.15993658549955775, -0.4765346467707973, -0.0010191571695346152, -0.5163082419794067, 0.49385576721043406, -0.623344332785488, 0.5584492435350501, -0.5593716745011352, 0.5570975423756406, -0.26100525817904857, -0.10673748208079879]], "inverted": true, "swapped": true, "error_lsq": 0.04282353352087776, "error_max": 0.2473869490931796, "target": "889.xyz", "model": "26.xyz", "model_rescale": 3.795458400668931, "target_rescale": 4.033375939549312},
