[{"mapping": [2, 1, 9, 8, 12, 0, 10, 13, 11, 7, 6, 3, 4, 14], "R": [[-0.202375342394336, 0.3976600709042857, 0.8949361367154498], [0.41041688095339823, 0.8641610975099548, -0.29117620331832555], [-0.889158143762548, 0.3083700140396099, -0.33809130397268633]], "T": [0.006727994912127749, 0.1419091984801819, 0.11652569081296396], "aligned_model": [[0.03172915191641876, 0.30901106175843096, -0.5926587001960126, -0.34418905209814254, -0.5771124415212338, -0.14507540719950143, -0.6937545189134389, -0.07006949369677865, -0.3165392506882251, 0.26179390555159143, 0.5885151504503409, 0.18422505544131784, 0.6980066982709998, 0.0376099420525368], [-0.6233634961214989, -0.30586590334769004, -0.3321430779779082, -0.313260712690283, 0.13003042317573835, 0.24778955227425153, 0.19544189010544571, 0.5856659856791451, 0.6674018263910565, -0.03494875416895671, 0.532004212779881, 0.6793122694788195, -0.2883790676505397, 0.0955881838825741], [0.1989387083249529, -0.40155147687850334, 0.28580226700711, -0.28461011364945443, 0.6660221409115796, -0.5705567817492057, -0.09281872393615545, 0.6334945410205604, 0.0834212259145064, 0.7473434925621565, 0.40230452862120525, -0.16802368281257926, 0.23223093402225134, 0.16559102782140908]], "inverted": true, "swapped": true, "error_lsq": 0.03862709710330453, "error_max": 0.2576469988525623, "target": "890.xyz", "model": "0.xyz", "model_rescale": 3.8414455957264533, "target_rescale": 4.214121387060404},
{"mapping": [2, 6, 10, 7, 8, 9, 13, 12, 5, 3, 4, 0, 1, 11, 14], "R": [[0.20229633655855073, 0.7402564786430905, -0.641168104354795], [0.4534164697482377, -0.6511034597897335, -0.6086688669637083], [-0.8680378431704663, -0.16758469642771875, -0.4673603238906726]], "T": [-0.04596264326563886, 0.02671761634671746, -0.04144727007574574], "aligned_model": [[-0.6639605108350606, -0.214357173008696, 0.41737921840157194, -0.589170186695396, 0.38939104259261276, -0.35403949113261746, 0.17568857442163324, 0.7044476733183882, -0.09740870083614858, -0.005541784467109227, -0.406809605586792, -0.22631808920619273, 0.3210224349129038, 0.6135926939960525, 0.012920027306832504], [0.42122968170629127, 0.5525581811806685, 0.5099219649936965, -0.3166196767834736, -0.1077963555518276, -0.2952514817226014, -0.6673649071508848, -0.05229890160543896, 0.6829347622351678, 0.509148203580504, 0.12467378239034793, -0.4890798125316522, 0.08333899370661926, -0.38787128393232684, 0.05738976919486655], [-0.12537338987048674, -0.5938621110343939, -0.18360625532044256, -0.04118261527557861, -0.6869513808870428, -0.5581040572083811, -0.251130814762208, -0.1551587053936137, -0.008964265520109108, 0.5741855463946801, 0.3535353803860432, 0.4349373381865426, 0.7399705843330835, 0.30404976751647855, 0.0190180027120459]], "inverted": false, "swapped": false, "error_lsq": 0.05093278463513772, "error_max": 0.37924912798618116, "target": "890.xyz", "model": "1.xyz", "model_rescale": 4.316132596720782, "target_rescale": 4.214121387060404},
{"mapping": [0, 1, 8, 13, 10, 3, 12, 6, 2, 5, 7, 14], "R": [[0.45788387556164417, 0.5285396135963404, -0.7148344097482158], [0.8218602061968416, -0.5582295182071857, 0.11369083723967655], [-0.33895155696756135, -0.6395511565634173, -0.6899899710631028]], "T": [-0.05770685725704197, 0.035172579778206974, -0.05875837828073759], "aligned_model": [[-0.22897127531672398, 0.480739519459613, 0.14622242766963278, -0.4749768322613517, -0.4696797995191353, -0.4240191007008106, -0.35111248719231514, -0.08585997190672201, 0.6081841561429872, 0.17136316571080876, 0.22787455108184687, -0.001955798536048943], [-0.6362411603406823, -0.44568533609621214, -0.5241046721046437, 0.5788871315939036, -0.35308573588047615, -0.08605701196228505, 0.38301280433341384, 0.5404221113490921, -0.016454917949822914, -0.18043709225578225, 0.6705651348918257, 0.08195517216265008], [0.1031345956267471, 0.13906151491455337, -0.4286964241947934, -0.07706101826801742, -0.5244840060923043, 0.4436302557821613, -0.7189685142920537, 0.5036029572080025, -0.44214202446472173, 0.6779925576520908, -0.1535635116155475, -0.07324792104669603]], "inverted": false, "swapped": true, "error_lsq": 0.04478230451577254, "error_max": 0.2516949806816013, "target": "890.xyz", "model": "2.xyz", "model_rescale": 3.795458400668931, "target_rescale": 4.214121387060404},
{"mapping": [13, 7, 9, 1, 11, 0, 2, 6, 4, 5, 10, 14], "R": [[-0.2758698465185217, -0.6742536281723117, -0.6850385921087379], [-0.9424393209920229, 0.049635683465729996, 0.33067268586169174], [-0.18895489946001015, 0.7368299286968223, -0.6491361198906541]], "T": [0.030001789570752436, 0.0584715870451796, -0.0025939813173148293], "aligned_model": [[0.04785205277908165, -0.016948545504943544, -0.7455681434376925, 0.19656171417550816, 0.03295845592751322, 0.14208026103333152, -0.3514260229250488, 0.6269679722429947, 0.3558305817625857, 0.7509620920610799, -0.46526501593172287, 0.019298423560877857], [-0.09062922443477597, -0.6162853501065683, 0.02781196426765692, 0.09244051121216226, 0.47803252427995857, 0.691413137492571, -0.3521576427416313, -0.2763303952272591, -0.5667886324279586, 0.1202170478024222, 0.591983028695348, -0.013937923522216233], [-0.6715671113054762, -0.19434171922089308, 0.09838025737842979, 0.7263679173500821, -0.45613559763676303, 0.30262832498782877, 0.5255686071999525, -0.32486555636223424, 0.42082920784057776, 0.34115925576406336, -0.08886633048211992, 0.00961417512565224]], "inverted": false, "swapped": true, "error_lsq": 0.03692864354438837, "error_max": 0.1876518720035934, "target": "890.xyz", "model": "3.xyz", "model_rescale": 3.7530521520055578, "target_rescale": 4.214121387060404},
{"mapping": [12, 2, 7, 4, 13, 1, 11, 8, 0, 5, 14], "R": [[-0.36014709836254916, 0.7510216932893179, 0.5534080625992739], [0.3630405525293216, -0.4336245622418908, 0.8247249821848089], [0.8593576815041808, 0.4979318781011858, -0.11648270262311322]], "T": [-0.057213938790424655, -0.1269899221578002, 0.0882270333676282], "aligned_model": [[-0.3669157404932253, -0.26571946913224076, 0.3338067235997146, 0.43786571614678443, 0.21566695751158496, -0.13641435377074027, -0.17080025134200702, -0.6624729677418414, -0.40338349199260903, 0.38486855606983417, -0.02830207641004947], [-0.8128771110510125, 0.18122537217236429, -0.3829339045273538, 0.3286090218756317, -0.751670454180237, 0.6113549611254134, -0.5065571775961966, 0.2073212827127468, 0.25421692471299356, 0.4648060733291098, -0.1262916302591134], [-0.18854122225901981, -0.5860044080289813, -0.43700051033324944, -0.3847715696496554, 0.16160946908845983, -0.005877555248567645, 0.5623229813178571, -0.026358662553982046, 0.5793331590156328, 0.3982320577765576, 0.019887038120265335]], "inverted": true, "swapped": true, "error_lsq": 0.04656078770458933, "error_max": 0.22450765893072372, "target": "890.xyz", "model": "4.xyz", "model_rescale": 3.7855080009869324, "target_rescale": 4.214121387060404},
{"mapping": [10, 8, 6, 9, 13, 15, 14, 12, 7, 4, 5, 3, 0, 2, 16], "R": [[-0.40083335121628505, -0.6860628294409857, 0.6071658905209937], [-0.7482743368082349, 0.6275474988764423, 0.21510382034756617], [-0.5286001716107541, -0.3681058688928372, -0.7649051757307769]], "T": [0.09963628635847474, 0.0629943643017009, -0.03454243453994992], "aligned_model": [[-0.6213010213562805, -0.2011696123794998, 0.3388430302276926, -0.35113530078320243, 0.41472652135032984, -0.31300820673719076, 0.18908519815577138, 0.6909275879607314, -0.2353025328222437, 0.31054007396773076, -0.35875297156712815, -0.2771068088379378, 0.21508712792614873, 0.17933478773666897, 0.09606825034039164], [0.1467159737317416, 0.3446680038810409, 0.648146807324849, -0.48771905040981267, 0.13816742342336824, -0.2362097932517691, -0.5638891005711841, -0.22933842904708057, 0.7200202212872979, 0.6053742677248617, 0.302233011486671, -0.29239296926509717, 0.08444252396015071, -0.5652851139289607, 0.009979143363879825], [-0.09938350588927691, -0.6050559278196335, -0.1971887384588843, -0.013716241138363942, -0.6825661948068602, -0.6822456853472894, -0.2726882138015506, -0.20181884528743285, 0.09775451377737243, 0.42190517099665537, 0.5881512321460248, 0.4282545930664819, 0.7366157612597802, 0.3458504330206407, -0.042505327461045704]], "inverted": false, "swapped": false, "error_lsq": 0.024317788733409746, "error_max": 0.16374788080087604, "target": "890.xyz", "model": "5.xyz", "model_rescale": 4.2253639853439635, "target_rescale": 4.214121387060404},
{"mapping": [2, 4, 0, 8, 1, 3, 10, 9, 6, 7, 5, 11, 12, 14], "R": [[-0.6757920493703728, -0.4628798942934681, -0.5736264546433152], [-0.5517781771382326, 0.8336825767335816, -0.02267607736944366], [0.48871868108534655, 0.3011902467041781, -0.8188030813623479]], "T": [0.02064644075317361, 0.03627801534812318, 0.08393247527248364], "aligned_model": [[0.45091337307009566, -0.07188880833244472, -0.39631379769171093, 0.18810628044670274, -0.2581492913933337, -0.5386748946136881, 0.24955192032792378, 0.7090084575477733, -0.3182667990351013, 0.3792438904982143, -0.7029277517216219, -0.08787229623260025, 0.712365884036044, 0.058965985851530886], [-0.27397699990552976, 0.2006226629160363, -0.4939169852732101, -0.6429767352209801, -0.4513737158524751, 0.16541438660353625, -0.39128704484340415, -0.3266345286396371, 0.6934545048619063, 0.5321117661901474, 0.03433389791313075, 0.13761484973692423, 0.19850026013127509, 0.0632128280172707], [-0.4743429521595704, -0.716586110074457, 0.31059228023687485, 0.041476127594295295, -0.4107899466937463, 0.3518112812060125, 0.6336205558770669, 0.168174683141056, -0.07599512145901184, -0.26222531208979644, -0.2598685661553181, 0.6836779624434984, 0.455638359366834, 0.026374967697711096]], "inverted": true, "swapped": true, "error_lsq": 0.03836500956135723, "error_max": 0.25837969710453995, "target": "890.xyz", "model": "6.xyz", "model_rescale": 3.89814844738969, "target_rescale": 4.214121387060404},
{"mapping": [10, 11, 13, 8, 7, 3, 0, 2, 1, 5, 6, 4, 14], "R": [[0.8957015426190535, -0.14226352495098055, 0.42128355773560633], [-0.04850166566862337, -0.9730427960943063, -0.2254668609715043], [0.4420026413690503, 0.18151806091267148, -0.8784559514200395]], "T": [0.01340709317434434, 0.045679605775756124, -0.10271067012656672], "aligned_model": [[-0.10135742673889868, -0.03824516451916478, 0.47799235953130004, -0.2764240568307505, 0.6194029535894997, -0.35649594911122945, -0.6535939476911673, 0.18428336928087252, -0.48316049813162343, -0.5358259379934146, 0.16568096989507963, 0.08339724255060708, 0.06297788707311211], [-0.3550961728763039, 0.2703873403067113, 0.44747957582046277, -0.5918690786141532, 0.16670537437623972, 0.5243147315733966, -0.08217015755593902, -0.5334392777556037, -0.2289813718171565, 0.4419255689212046, 0.7442919358285599, 0.12464008550190693, 0.03559271176116021], [-0.7056820338326715, -0.6759284280336801, -0.4073285403883991, -0.1303138412934578, 0.23253585660208564, -0.2907419678046726, -0.31508132679721007, 0.37528710958716677, 0.385411774199112, 0.325185067010655, 0.14441973560366134, 0.7129293010771077, -0.04841767509340149]], "inverted": false, "swapped": true, "error_lsq": 0.03859099632872923, "error_max": 0.27000118495025627, "target": "890.xyz", "model": "7.xyz", "model_rescale": 3.7474275329858107, "target_rescale": 4.214121387060404},
{"mapping": [3, 5, 9, 0, 7, 6, 10, 11, 8, 4, 2, 1, 13, 12, 14], "R": [[0.18160633244591884, 0.5107809160749831, 0.8403106543351354], [0.50382760927903, -0.7821729862341978, 0.3665558071203544], [0.8444980048192651, 0.35680285225748753, -0.3993930951796764]], "T": [0.030915791172143086, -0.00921516729839126, 0.028515188807823756], "aligned_model": [[-0.6075551155195263, -0.13751668360221636, 0.47554055814654866, -0.44423933297031865, 0.2704096233295509, -0.3481715373326773, 0.23877768607554842, 0.6272020196329896, -0.11791136367935807, 0.08384026512685963, -0.5258629587753679, -0.42114719641122944, 0.5570245608632387, 0.40167587539402394, 0.024769722903916307], [0.19536729313801524, 0.39614380559982043, 0.485787244415495, -0.4427310329820671, -0.0024112400165901895, -0.2000283055686303, -0.5985858029492442, -0.05320504543359953, 0.655834559117916, 0.5584201836225157, 0.3097288795023542, -0.3623539016139759, 0.08701401058445599, -0.4088181528054271, 0.0047504250989179216], [-0.22571985042696788, -0.5374672036340077, -0.34245902738353146, -0.11467992224229676, -0.609037979842541, -0.6692105753920411, -0.40125108042225116, -0.14174220445148683, 0.05625784961976951, 0.5644395811310702, 0.5733652732045291, 0.5140395544508212, 0.7510533099271746, 0.31747371995200563, 0.08630157976637134]], "inverted": false, "swapped": false, "error_lsq": 0.038502127605956456, "error_max": 0.20545851034114196, "target": "890.xyz", "model": "8.xyz", "model_rescale": 4.019505241142653, "target_rescale": 4.214121387060404},
{"mapping": [10, 3, 8, 9, 12, 2, 1, 13, 7, 6, 5, 4, 14], "R": [[-0.7062150159418206, -0.6923433765852167, 0.1480574218230034], [0.34504495488460807, -0.153960619847473, 0.9258726190167093], [-0.6182267629009383, 0.7049516128322301, 0.34761889073849916]], "T": [-0.08031567696324304, -0.0913323004693796, -0.010773361847871352], "aligned_model": [[-0.2065229426119531, -0.6844380594502879, 0.19735756402383137, 0.4227636243734857, 0.13091164886650866, 0.6623766399545216, 0.1479284954301509, -0.3051979419599009, 0.3142686630872719, -0.3393976760313214, -0.3636754264901587, 0.36262366376348276, -0.019297481214454563], [-0.4542265756660735, 0.08208473666264313, 0.05037923339108383, -0.4986500691060789, -0.8621683792918616, 0.07086893758109925, 0.5821206525266205, -0.605710603839102, -0.2881963167114885, 0.021962946424800622, 0.6293839167026258, 0.4259710947832025, -0.09044134534341218], [-0.6350698109500778, 0.06820949361130828, -0.6385056040894955, -0.45082788375980176, -0.07520833369393877, -0.13389176492440646, -0.24454090423047414, 0.3828224466145709, 0.5367813942132859, 0.6909108003361065, 0.19425818291613028, 0.45031651950949525, 0.03144895849117621]], "inverted": true, "swapped": true, "error_lsq": 0.055195710295216985, "error_max": 0.3879610152110031, "target": "890.xyz", "model": "9.xyz", "model_rescale": 3.877068213659057, "target_rescale": 4.214121387060404},
{"mapping": [11, 6, 3, 9, 13, 14, 2, 4, 12, 5, 0, 8, 1, 7, 15], "R": [[0.16085819895184758, 0.9722055204557317, -0.17012073896314847], [-0.9684541380863988, 0.18871406802388782, 0.16273777359054004], [0.1903187385763637, 0.13857642846196938, 0.9718926644549934]], "T": [-0.013722050677024773, 0.05487307119289403, -0.10335890583335917], "aligned_model": [[-0.7039307800162794, -0.08539064396982342, 0.4411983992978294, -0.3834959178527683, 0.3117734961157723, -0.27310946139314796, 0.20205182402377173, 0.6412591203437413, -0.2900819448406966, 0.29258062265587187, -0.3447716502871422, -0.34019458785816314, 0.29725726816896986, 0.3642020167369007, -0.052511637942853975], [0.16429884085901214, 0.49432960270821713, 0.48824904820288584, -0.47765418183324765, -0.052513561445230256, -0.2949088796041394, -0.5462782174353662, -0.0700278320519484, 0.7326449052137669, 0.5721024319890811, 0.3520913793896873, -0.43178552219401306, 0.08301855525307134, -0.4810742903969281, 0.09242064105510785], [0.13390294769681388, -0.5300275650629785, -0.19276801875556832, -0.2271624430929234, -0.7962941525284409, -0.7513498816171214, -0.28339812691224525, 0.012788025774235517, 0.04646020382677944, 0.39628887298890103, 0.5568179458544344, 0.3985395218960821, 0.7062127742423053, 0.3826661905259045, -0.03131327057956036]], "inverted": true, "swapped": false, "error_lsq": 0.03334881154930529, "error_max": 0.2010755495599468, "target": "890.xyz", "model": "10.xyz", "model_rescale": 4.260839863003843, "target_rescale": 4.214121387060404},
{"mapping": [12, 7, 4, 2, 1, 8, 10, 13, 6, 5, 3, 14], "R": [[0.14114811170823965, -0.7256020521731489, 0.6734826445004455], [-0.9098817245684864, 0.1729969490611883, 0.3770773168884569], [-0.390118517706447, -0.6660133012918253, -0.6357938538904642]], "T": [0.05260126842041931, 0.1078294669214861, -0.05661145870402632], "aligned_model": [[0.5273007584314101, 0.20837075410353886, -0.40734299461855084, -0.4925848437935538, -0.6752849437791488, -0.4269090905824333, 0.1728516606611046, 0.7123708673656235, 0.34981963138110284, -0.29529618297930166, 0.2489589138031683, 0.0366441191011707], [0.04474069247527662, -0.5653632806500662, -0.5289261967589464, -0.22288954508083048, 0.1606576172838525, 0.45789473963883814, 0.6930989452481896, -0.07865004184937938, -0.3154824259737872, 0.09842103754814663, 0.39149622195808687, 0.038080741693553105], [-0.6997578727580829, -0.186287382206995, 0.18710033966005954, -0.48841731618991846, 0.109738758071416, -0.429111762039916, -0.48130672138049096, -0.05456166773756411, 0.4954648446473749, 0.6649433849920716, 0.47466291526172993, -0.07628944292417987]], "inverted": false, "swapped": true, "error_lsq": 0.03554714221156845, "error_max": 0.21623920520758588, "target": "890.xyz", "model": "11.xyz", "model_rescale": 3.890672605050136, "target_rescale": 4.214121387060404},
{"mapping": [9, 2, 8, 12, 10, 6, 4, 13, 7, 5, 0, 1, 3, 14], "R": [[-0.08995560952780957, 0.381625962881749, 0.9199291346451957], [-0.8218696254554029, 0.49326355766841545, -0.2849936515610373], [-0.5625284944500826, -0.7816985909740888, 0.2692749631897623]], "T": [0.10334480590671401, -0.02764719340414942, 0.17656354604650148], "aligned_model": [[0.7297216514226924, 0.10699049639918147, 0.4178013757716003, 0.7458227558619626, 0.7740235907263747, -0.45187005472407515, -0.5593857169856039, 0.22712688078144372, -0.07406917544192836, -0.5962002070916842, 0.17359137847139128, -0.24442372288348413, -0.11864503577492376, 0.07939161826074664], [-0.047513235759128664, 0.02054134714026948, 0.4811150822537124, -0.5009704532025588, 0.24339605261682398, -0.43706101042870055, -0.14123022333426635, -0.6019270177471898, -0.6423581922338876, 0.3222233178153792, 0.6432703778566328, 0.5241857448618663, 0.1395277550128961, -0.07104702502408324], [-0.29237346262136954, -0.5920220600579413, -0.18882716001386363, 0.098178057953869, 0.2952737461723506, 0.48710620597244, -0.2970281455320093, 0.5300538766341691, -0.11485217132137937, 0.34973960635233947, 0.40299737287194615, -0.19061352925910213, 0.7458162667759489, 0.12134183142946359]], "inverted": false, "swapped": true, "error_lsq": 0.048845988596886714, "error_max": 0.3653274327958466, "target": "890.xyz", "model": "12.xyz", "model_rescale": 4.124412569039231, "target_rescale": 4.214121387060404},
{"mapping": [13, 6, 4, 11, 7, 12, 3, 9, 5, 0, 2, 1, 14], "R": [[-0.6808122186722211, -0.6100380253655059, 0.4053989769532751], [0.3166233926596027, 0.25398328583470176, 0.9139158154542086], [-0.6604879636506109, 0.75056385346269, 0.020237384907807077]], "T": [0.06080122622290718, 0.05751817576525126, -0.05784034794774561], "aligned_model": [[-0.22448404866903615, -0.06972579679574847, 0.6694246121367928, -0.5177624871256555, 0.4668724777458429, 0.07510767249731248, -0.4700264656896136, 0.3919101161267341, -0.016200723496077263, -0.2687641455619585, 0.7979356337387684, 0.40766627582963383, 0.1253451867727628], [-0.2359447017134928, 0.44096882067224413, 0.5533210289514842, -0.15807693935382183, -0.06228384032087666, -0.7239982037620414, 0.3997667239964891, -0.5810490084580288, 0.854480609613498, 0.2884955291460314, -0.02708401615135999, 0.5439631744546082, 0.054926199433743744], [0.4922201796294192, 0.5811027307784071, 0.18743306252418934, -0.03497343744272856, 0.5034279201893039, 0.1210019941135278, -0.009224445421984036, -0.3664556174915182, -0.08399615933161117, -0.6446736924842331, -0.264079516848919, -0.5087698841433852, -0.021315053102629114]], "inverted": true, "swapped": true, "error_lsq": 0.04570700758836394, "error_max": 0.31224740303860815, "target": "890.xyz", "model": "13.xyz", "model_rescale": 3.9028299243045295, "target_rescale": 4.214121387060404},
{"mapping": [7, 10, 5, 9, 13, 14, 11, 12, 4, 0, 3, 6, 2, 1, 15], "R": [[0.824028073687799, 0.1743010525626101, -0.539070382093045], [0.3077463344721718, -0.9365927417415287, 0.16758946785531642], [-0.47567838651058925, -0.3039953604788274, -0.8254192228280306]], "T": [0.09350923767867352, 0.08408518654969177, 0.061613597399594176], "aligned_model": [[-0.7944634223669025, -0.30294465488285577, 0.3515403537664789, -0.48459302550166033, 0.40702385324263457, -0.06785405075885866, 0.16083448431662117, 0.6777741877878346, -0.1738074153435894, 0.2125719442436293, -0.2684989022743917, -0.3026902787597421, 0.46491558417128254, 0.20483120424786966, -0.007803738706367802], [0.15125817282951243, 0.33599905633805516, 0.44030568628743527, -0.3906630154696202, 0.17760107746787818, -0.30697989084666916, -0.6009536715957785, -0.16232506389208268, 0.7055034852617186, 0.7245106627338317, 0.3004867637578343, -0.30003111927663934, 0.014812973382051162, -0.5035382925610187, 0.038926095293447725], [-0.10457996674476486, -0.5169331296069951, -0.20035726424770126, -0.1415055165431086, -0.6633793099924667, -0.7156126548388106, -0.20679981942940093, -0.22501638273515642, 0.019847834799902396, 0.5743471447752984, 0.520753999921199, 0.4356308015781386, 0.6936012996720776, 0.31559159309961, 0.03577439454879679]], "inverted": false, "swapped": false, "error_lsq": 0.03539668590313215, "error_max": 0.26633254154810215, "target": "890.xyz", "model": "14.xyz", "model_rescale": 3.942246331269136, "target_rescale": 4.214121387060404},
{"mapping": [5, 2, 0, 10, 7, 9, 6, 8, 1, 12, 3, 4, 13, 11, 14], "R": [[-0.8040091705095678, 0.25524535206673177, 0.5370466124880102], [-0.5736482498048877, -0.5706935902388384, -0.5875683037367606], [0.15651498085584686, -0.7804861538224975, 0.6052639295869686]], "T": [-0.030379464965606003, -0.016967390076946642, 0.027732902074322163], "aligned_model": [[-0.48974819218546534, -0.11241428778898571, 0.34512954351822683, -0.4152983534668196, 0.2976186955205759, -0.3510660489874137, 0.23202798849886697, 0.7258075647507489, -0.21586766304806748, 0.18073432675906995, -0.5045097415417062, -0.27958374220041987, 0.31382914113467125, 0.35115862892746963, -0.000981736708769422], [0.35505637455196165, 0.427511467174485, 0.4997386108817658, -0.6176072789354983, -0.01990520739590551, -0.3451464453086731, -0.4029002745332549, -0.04634094902264879, 0.7587967197767644, 0.5360209606461999, 0.329786721297105, -0.28131779129889517, -0.0662565931156065, -0.5749356591545689, 0.07241226414672572], [-0.2032611437209219, -0.587374203997689, -0.33658203858691593, 0.03608090962936096, -0.7618163896587022, -0.6337963328563778, -0.2804675625585936, -0.13400545581090922, 0.1706510955124544, 0.5913915834328844, 0.4418705574254253, 0.48781992699925264, 0.7625940157928495, 0.266921359712877, 0.00133670294162367]], "inverted": false, "swapped": false, "error_lsq": 0.04515284513430272, "error_max": 0.29579517746911166, "target": "890.xyz", "model": "15.xyz", "model_rescale": 4.355366556412066, "target_rescale": 4.214121387060404},
{"mapping": [0, 1, 8, 13, 10, 3, 12, 6, 2, 5, 7, 14], "R": [[0.45788387556164417, 0.5285396135963404, -0.7148344097482158], [0.8218602061968416, -0.5582295182071857, 0.11369083723967655], [-0.33895155696756135, -0.6395511565634173, -0.6899899710631028]], "T": [-0.05770685725704197, 0.035172579778206974, -0.05875837828073759], "aligned_model": [[-0.22897127531672398, 0.480739519459613, 0.14622242766963278, -0.4749768322613517, -0.4696797995191353, -0.4240191007008106, -0.35111248719231514, -0.08585997190672201, 0.6081841561429872, 0.17136316571080876, 0.22787455108184687, -0.001955798536048943], [-0.6362411603406823, -0.44568533609621214, -0.5241046721046437, 0.5788871315939036, -0.35308573588047615, -0.08605701196228505, 0.38301280433341384, 0.5404221113490921, -0.016454917949822914, -0.18043709225578225, 0.6705651348918257, 0.08195517216265008], [0.1031345956267471, 0.13906151491455337, -0.4286964241947934, -0.07706101826801742, -0.5244840060923043, 0.4436302557821613, -0.7189685142920537, 0.5036029572080025, -0.44214202446472173, 0.6779925576520908, -0.1535635116155475, -0.07324792104669603]], "inverted": false, "swapped": true, "error_lsq": 0.04478230451577254, "error_max": 0.2516949806816013, "target": "890.xyz", "model": "16.xyz", "model_rescale": 3.795458400668931, "target_rescale": 4.214121387060404},
{"mapping": [10, 11, 13, 8, 7, 3, 0, 2, 1, 5, 6, 4, 14], "R": [[0.8957015426190535, -0.14226352495098055, 0.42128355773560633], [-0.04850166566862337, -0.9730427960943063, -0.2254668609715043], [0.4420026413690503, 0.18151806091267148, -0.8784559514200395]], "T": [0.01340709317434434, 0.045679605775756124, -0.10271067012656672], "aligned_model": [[-0.10135742673889868, -0.03824516451916478, 0.47799235953130004, -0.2764240568307505, 0.6194029535894997, -0.35649594911122945, -0.6535939476911673, 0.18428336928087252, -0.48316049813162343, -0.5358259379934146, 0.16568096989507963, 0.08339724255060708, 0.06297788707311211], [-0.3550961728763039, 0.2703873403067113, 0.44747957582046277, -0.5918690786141532, 0.16670537437623972, 0.5243147315733966, -0.08217015755593902, -0.5334392777556037, -0.2289813718171565, 0.4419255689212046, 0.7442919358285599, 0.12464008550190693, 0.03559271176116021], [-0.7056820338326715, -0.6759284280336801, -0.4073285403883991, -0.1303138412934578, 0.23253585660208564, -0.2907419678046726, -0.31508132679721007, 0.37528710958716677, 0.385411774199112, 0.325185067010655, 0.14441973560366134, 0.7129293010771077, -0.04841767509340149]], "inverted": false, "swapped": true, "error_lsq": 0.03859099632872923, "error_max": 0.27000118495025627, "target": "890.xyz", "model": "17.xyz", "model_rescale": 3.7474275329858107, "target_rescale": 4.214121387060404},
{"mapping": [10, 13, 12, 3, 8, 1, 9, 7, 0, 2, 5, 6, 4, 14], "R": [[0.39993172099586227, 0.4575052888093963, 0.7941936346085373], [0.8291251579416592, -0.5499120383580186, -0.10073838661179915], [0.39064829579752025, 0.6987743990590671, -0.5992564127401]], "T": [0.022429970598639173, -0.03608058204512805, -0.06064020742718978], "aligned_model": [[0.472353248099727, 0.18882074801048093, 0.7656845056719983, -0.43550001724984944, 0.2629328891839518, -0.3262145938900806, 0.7463528686683335, 0.17813873751067166, -0.2209813656591516, 0.2931416744528922, -0.7647217590858022, -0.43984170074628326, -0.34158403239925067, 0.03626644531523886], [-0.5470002157072172, 0.4253531874757034, 0.163959083547804, -0.14307259282664364, -0.6014875331645833, -0.3914334235725137, -0.22408644480876336, 0.6173563040679573, -0.6968989946480498, -0.03304658334798642, -0.10656713832107889, 0.5318170812554728, 0.34894676885113723, 0.016568742709994727], [-0.33247978794473987, -0.5396680960358013, -0.28539326629572725, -0.48505562786331125, 0.27656252286543, 0.49833463250128507, 0.17008465805688583, 0.14682899260702303, -0.16265585946411068, 0.6603072446510702, 0.07045650318808089, -0.2506852140952046, 0.568366696888401, -0.010208680397626006]], "inverted": false, "swapped": true, "error_lsq": 0.030882922682232444, "error_max": 0.17063661224553683, "target": "890.xyz", "model": "18.xyz", "model_rescale": 3.922800546911778, "target_rescale": 4.214121387060404},
{"mapping": [9, 3, 12, 2, 5, 0, 1, 8, 7, 13, 11, 10, 4, 6, 14], "R": [[0.8129707314610073, 0.48303922882070083, -0.3251948542152191], [-0.044991383464170184, -0.504686542222592, -0.8621294969512319], [-0.5805638338733605, 0.7155170141371248, -0.38856278421711793]], "T": [0.0888783217016416, 0.01752442869630088, -0.018614713111855183], "aligned_model": [[-0.7189873148974875, -0.24776547984053776, 0.31579101707552976, -0.5174168939513513, 0.4910079270963113, -0.1521791010498902, 0.17061643920292718, 0.694662737529361, -0.3071663838821412, 0.3484272963813072, -0.21276346761630222, -0.3609702606220884, 0.22341236064076442, 0.3218816103645991, 0.028285636750980225], [0.08620855456809201, 0.3124769926578041, 0.6739127096757531, -0.34928353187052186, 0.03782077452038168, -0.139650330292516, -0.6663911058186663, -0.04371932968359322, 0.71079172514545, 0.5182230765486558, 0.33254684294709846, -0.3396291660415706, -0.07088214301011078, -0.530068059731745, 0.09255591009544523], [0.054725521210757355, -0.4755864622177165, -0.38777470259813457, -0.1234335774869547, -0.6670077721408917, -0.8032356723973401, -0.2898368466708598, 0.04192533661881989, 0.008589439361580478, 0.3734936145244539, 0.5444276673760374, 0.5476698531712572, 0.6870424341898714, 0.3301254566457144, -0.019761265329976966]], "inverted": true, "swapped": false, "error_lsq": 0.03737489545956226, "error_max": 0.2198629425099726, "target": "890.xyz", "model": "19.xyz", "model_rescale": 3.9282355846067225, "target_rescale": 4.214121387060404},
{"mapping": [12, 9, 2, 10, 11, 8, 0, 1, 3, 6, 7, 13, 4, 14], "R": [[-0.14505646124516217, -0.46772127571814726, 0.8718918690363041], [0.7401485655076623, 0.5335038094801864, 0.40933334367857066], [-0.6566115472849839, 0.7047059624486782, 0.26879505661619146]], "T": [-0.033819051336732166, -0.03670707424832076, 0.0636999338037877], "aligned_model": [[-0.5597681598378114, -0.11993011450823468, 0.5053775542612637, -0.4441857501261343, -0.6022515224885104, 0.19832410553748248, 0.008547371059510804, 0.6366410180408496, -0.22054106810782256, -0.03951847940507517, 0.056591096950136525, -0.5604280602429033, 0.6701965088122771, 0.0034683191396481586], [-0.6419375164679858, -0.7066949282458751, -0.572144226790945, -0.17013477520307377, 0.18489787865942375, -0.22749527705701497, 0.40079937419636424, 0.13120607819282537, 0.5661706668036576, 0.28394394643244925, -0.44021142243628686, -0.10985008331008972, -0.09128535452210457, -0.08438227282650881], [0.06924576700722253, -0.3317057953289526, -0.061333408143660936, -0.5288899803673014, -0.03384949084837445, -0.5694996965850422, -0.4958806592630448, -0.22365005246672665, 0.11800399482098, 0.7488790331098234, 0.6322759614987814, 0.49660614130258895, 0.48534580818637807, 0.10663553432101122]], "inverted": true, "swapped": true, "error_lsq": 0.037976902318468904, "error_max": 0.2592044454677784, "target": "890.xyz", "model": "20.xyz", "model_rescale": 4.067790424073018, "target_rescale": 4.214121387060404},
{"mapping": [8, 0, 12, 4, 3, 2, 6, 11, 7, 9, 1, 5, 13, 13, 14], "R": [[0.47144346963695216, -0.49703661976045677, 0.7284886090761964], [0.8784455216785907, 0.33766930571027776, -0.3381019157354297], [-0.07793920951293237, 0.7993334964820618, 0.5958115818127918]], "T": [0.001811244953319393, 0.024411097801335647, -0.035313958626610874], "aligned_model": [[-0.553782925282601, -0.28846894138628215, 0.5466642236433251, -0.5712490350526407, 0.4788767616336633, -0.21345951921326312, 0.16890367586345473, 0.6390856952255648, -0.4140240524998374, 0.1816934411880094, -0.2476166758022387, -0.31074532262580445, 0.30349072691936496, 0.30349072691936496, 0.053977343651902286], [0.09534082292635684, 0.42511088805219077, 0.5377480298141218, -0.5046641834745882, 0.01974804559299737, -0.1910463408277034, -0.6464550203491375, -0.08464164430259227, 0.6316695529204761, 0.6954449607802642, 0.3581703195695455, -0.30622619901778353, -0.23286683797430446, -0.23286683797430446, 0.06044736397441747], [0.07170000690406891, -0.5448579911032221, -0.19851412021358808, -0.2201213095587942, -0.7396801740213008, -0.714253220838984, -0.29908596954821853, -0.0398996373080532, 0.08708755805984866, 0.3131194635393049, 0.6715775433106077, 0.3407890736307589, 0.5416791600506587, 0.5416791600506587, 0.010143481302872105]], "inverted": false, "swapped": false, "error_lsq": 0.0461903995564866, "error_max": 0.3540053442041127, "target": "890.xyz", "model": "21.xyz", "model_rescale": 4.186013935880536, "target_rescale": 4.214121387060404},
{"mapping": [3, 0, 5, 13, 12, 6, 11, 10, 4, 8, 9, 7, 14], "R": [[0.512037994758872, -0.672676231761912, -0.5341570734773695], [0.21335462770703245, 0.7019748654141571, -0.6794932605720014], [0.8320438057934854, 0.23396148304661304, 0.5029563894527262]], "T": [0.011576350396326329, 0.01985599279718911, -0.0017835580246888232], "aligned_model": [[0.1409853042324172, -0.4257564813186265, 0.3733335305885553, 0.2912871791836956, -0.22183264104584305, 0.7274965758848465, -0.16558307976739706, -0.6726301100326142, 0.5615866261715056, -0.5779463936011421, -0.5179990628395326, 0.49416477363052624, 0.0514678143368342], [-0.3204894410987432, 0.045147466979089335, 0.26320623892394646, -0.5371687044798119, -0.327756106830277, -0.18492055628440157, -0.560709826343321, -0.23487471784850314, 0.6312589549415375, 0.39818439942350614, 0.17625764597731505, 0.11073800091190134, 0.06008330527385546], [-0.5201405021656895, -0.5625309003743906, -0.6738512242491608, 0.28380368155245606, 0.6820608541736894, -0.13536781739852982, -0.11710045016414114, 0.06409792492707084, 0.0069945634289024245, -0.025509210562310432, 0.5529532578748525, 0.5013241119134999, 0.04614527237909747]], "inverted": false, "swapped": true, "error_lsq": 0.04934159004231696, "error_max": 0.3610514518935473, "target": "890.xyz", "model": "22.xyz", "model_rescale": 4.166573947596378, "target_rescale": 4.214121387060404},
{"mapping": [2, 3, 8, 12, 9, 11, 14, 10, 4, 0, 1, 6, 5, 13, 15], "R": [[0.5641857343959411, 0.062180806541457356, -0.8233031060320171], [0.5444416225868123, 0.7216290962723186, 0.4275918228968323], [0.6207074807823343, -0.6894816855515822, 0.37327902243468963]], "T": [0.014770743098527273, 0.04068774929636109, -0.07941463796266617], "aligned_model": [[-0.615883935753065, -0.275634776317346, 0.4466656547624593, -0.2780607012259843, 0.23468110893273653, -0.4427591707630568, 0.3577340714535469, 0.7173493268751163, -0.1475208306892787, 0.1854961546171509, -0.2952369308733898, -0.5159976122311805, 0.2078207815661467, 0.501294370815796, -0.003111387987669176], [0.25086805991344113, 0.38124992885179687, 0.6755356753634156, -0.5309062863355083, 0.00863124233330003, -0.1767424450526591, -0.6501239541644901, -0.20209741201703504, 0.7560566839217299, 0.6288885950740781, 0.2857610407563087, -0.2567446197578337, -0.11002024093394686, -0.4876023789637275, 0.052159030721086734], [0.02502746207651567, -0.48079810569061376, -0.3334107723197663, -0.20945831860156017, -0.637143046457415, -0.6839672129580611, -0.25586040579349284, 0.012127331475342937, -0.03743552631132242, 0.460611622256399, 0.5138250983654482, 0.3776702237274476, 0.71499128191063, 0.36893504582389774, -0.013751653246831683]], "inverted": true, "swapped": false, "error_lsq": 0.04215439679848472, "error_max": 0.2482892960651018, "target": "890.xyz", "model": "23.xyz", "model_rescale": 4.274766983524099, "target_rescale": 4.214121387060404},
{"mapping": [6, 11, 12, 7, 9, 2, 4, 1, 5, 0, 14], "R": [[-0.6597294337721261, -0.6232134978398138, -0.4199547717611676], [-0.6077344935057853, 0.1137246197492997, 0.7859551490168787], [-0.44205866083357825, 0.7737387459428032, -0.4537758184488038]], "T": [-0.010910235800434993, 0.19977722985223867, -0.020152067895821524], "aligned_model": [[0.3889682081638514, 0.20943330921767853, -0.5999924521790111, -0.34577376029170587, -0.7211917282074084, -0.5686359201179382, -0.029772500474880954, 0.10751335889131472, 0.6372797371426929, 0.355983359515346, -0.05391690770186441], [-0.2475794581123376, 0.6914749464523786, 0.533946806017574, -0.28511742798831163, 0.489631570561191, -0.13834158777355188, -0.6020822513548231, -0.07338800489852915, -0.17814402752905173, 0.5851235724000696, 0.1400623934688752], [-0.4809005702871177, -0.3225131059314584, -0.4494188216753289, -0.40357356436184766, 0.13518367510001963, 0.3893317371927461, 0.16169272406457327, 0.6666070985854291, 0.2605396311092008, 0.4523249498686791, -0.02970731964331823]], "inverted": false, "swapped": true, "error_lsq": 0.04115984405932034, "error_max": 0.21548961987841977, "target": "890.xyz", "model": "24.xyz", "model_rescale": 3.7841303162186577, "target_rescale": 4.214121387060404},
{"mapping": [2, 8, 10, 4, 7, 1, 6, 11, 9, 14, 12, 5, 13, 3, 15], "R": [[0.7501289931786677, 0.652870535780276, 0.10519770483586743], [-0.6112073461667193, 0.7452171704308119, -0.2666026048014736], [-0.252452121370756, 0.1356887335229792, 0.9580482733194269]], "T": [0.036764471672295795, 0.1054051199372768, -0.1427794520976408], "aligned_model": [[-0.6943713466149256, -0.4129617176887944, 0.509209408088043, -0.39776581611541556, 0.5343817778830047, -0.3457998405207337, 0.2606455192000786, 0.7495362711308003, -0.20040342140831163, 0.20360083527534528, -0.1992210253373793, -0.49768774881859634, 0.408540486208954, 0.10109450235724357, 0.058038239542669394], [0.15870593133219144, 0.25642336022369816, 0.7069826625492677, -0.5009680309837821, 0.06501666327899802, -0.1421887715890517, -0.5731322686094014, -0.11727031299868565, 0.5901974435186026, 0.6721608945862869, 0.22398138861686567, -0.26379726033025824, 0.04524947562756765, -0.535961008132176, 0.039512752619833086], [0.034399741515324905, -0.4954799331611186, -0.2847489824808802, -0.1568994271525363, -0.559374398332733, -0.7304683202228817, -0.24997432671926634, 0.035544922641634114, 0.08276101437001632, 0.38660932941578824, 0.5681512197229373, 0.4466178433328903, 0.542905527134049, 0.3404524017266113, -0.1391335875332178]], "inverted": false, "swapped": false, "error_lsq": 0.03906991244459356, "error_max": 0.27263832382723086, "target": "890.xyz", "model": "25.xyz", "model_rescale": 4.19342608120988, "target_rescale": 4.214121387060404},
{"mapping": [0, 1, 8, 13, 10, 3, 12, 6, 2, 5, 7, 14], "R": [[0.45788387556164417, 0.5285396135963404, -0.7148344097482158], [0.8218602061968416, -0.5582295182071857, 0.11369083723967655], [-0.33895155696756135, -0.6395511565634173, -0.6899899710631028]], "T": [-0.05770685725704197, 0.035172579778206974, -0.05875837828073759], "aligned_model": [[-0.22897127531672398, 0.480739519459613, 0.14622242766963278, -0.4749768322613517, -0.4696797995191353, -0.4240191007008106, -0.35111248719231514, -0.08585997190672201, 0.6081841561429872, 0.17136316571080876, 0.22787455108184687, -0.001955798536048943], [-0.6362411603406823, -0.44568533609621214, -0.5241046721046437, 0.5788871315939036, -0.35308573588047615, -0.08605701196228505, 0.38301280433341384, 0.5404221113490921, -0.016454917949822914, -0.18043709225578225, 0.6705651348918257, 0.08195517216265008], [0.1031345956267471, 0.13906151491455337, -0.4286964241947934, -0.07706101826801742, -0.5244840060923043, 0.4436302557821613, -0.7189685142920537, 0.5036029572080025, -0.44214202446472173, 0.6779925576520908, -0.1535635116155475, -0.07324792104669603]], "inverted": false, "swapped": true, "error_lsq": 0.04478230451577254, "error_max": 0.2516949806816013, "target": "890.xyz", "model": "26.xyz", "model_rescale": 3.795458400668931, "target_rescale": 4.214121387060404},
{"mapping": [4, 1, 2, 7, 12, 3, 5, 6, 0, 2, 13, 10, 14], "R": [[-0.11000585495265952, -0.9753279925819565, 0.19140015350617], [0.04442222309854027, -0.19720096351806743, -0.9793561385331331], [0.9929377513072599, -0.09923248900232662, 0.06501949827002024]], "T": [-0.14987476786210763, 0.030505324391497432, -0.0026251908910650407], "aligned_model": [[0.09091476013384675, 0.3526358016409289, 0.5454120462922919, -0.2013732922254287, -0.17230513341841402, -0.6153571663722247, -0.27605832342559866, -0.7075454752681171, -0.03639691697390292, 0.5454120462922919, -0.6921073798983823, -0.008260824615300033, -0.1252937593407345], [-0.6663137010886924, -0.4399764889235759, -0.07633999790903617, -0.09326990420998028, 0.7184971713996747, -0.13478780327862294, -0.6827275319421873, -0.41242726805831376, 0.03232403339198786, -0.07633999790903617, 0.2828581566525608, 0.6644812191861172, 0.005903615946019115], [-0.36713251582398077, 0.29133320221869874, -0.31602522850341475, -0.6927672400101718, -0.41386867879050737, 0.39396014906523774, 0.33963078151327936, -0.25783894310031924, 0.6998395526866695, -0.31602522850341475, -0.33785134592805405, 0.33706090115883447, -0.06817874388343127]], "inverted": true, "swapped": true, "error_lsq": 0.04620330762673172, "error_max": 0.32697969483549455, "target": "890.xyz", "model": "27.xyz", "model_rescale": 3.6321398670334006, "target_rescale": 4.214121387060404},
