[{"mapping": [6, 5, 8, 3, 1, 0, 2, 7, 9, 12, 11, 10, 13], "R": [[0.18698606577558774, -0.6932458111667323, -0.6960218793296277], [-0.7236809659633767, -0.5763416867299296, 0.3796262894474164], [-0.6643207589019641, 0.43271295963615286, -0.6094566628193014]], "T": [-0.08686765184243397, -0.0004981724873681474, -0.016043634659330994], "aligned_model": [[0.09851420281645626, -0.331830247424028, 0.5581320190963754, -0.33806838031152275, -0.6372139494170928, -0.3965123274761405, -0.04882318110497211, 0.6558156698349659, 0.29488341051112954, -0.20106827140851247, 0.264822417413489, 0.4532039869372102, 0.0705265360941294], [-0.37243370608608023, 0.3855715773834225, 0.11572459005077924, -0.37027871701959736, 0.10050745699713455, -0.4037740226147723, -0.7644064758831522, -0.05749558581658186, -0.11726937642069003, 0.29786081900303085, 0.577730028752818, 0.6829908575054736, 0.02999512611379351], [-0.6577942178281541, -0.6188244699902421, -0.4415396106444501, -0.2868957136614673, 0.1252395171361897, 0.5643882718864263, 0.06304471883841643, 0.1126702381418221, 0.5982639300736085, 0.46671918356630826, -0.1864199338343731, 0.4905077403333137, 0.012888883371586599]], "inverted": true, "swapped": false, "error_lsq": 0.045192035235828834, "error_max": 0.3038152314783123, "target": "892.xyz", "model": "0.xyz", "model_rescale": 3.8414455957264533, "target_rescale": 3.958119460017137},
{"mapping": [8, 13, 9, 12, 0, 1, 10, 6, 5, 4, 7, 2, 14], "R": [[0.8104780908845213, -0.5302456063982052, 0.24892742133317003], [-0.4838988375215224, -0.36658719103285253, 0.7946418982258374], [-0.3301017710366019, -0.7644955384212799, -0.5536961192680118]], "T": [0.00013025652004161614, 0.022508196799507142, 0.03864996716779977], "aligned_model": [[0.22751556656765431, -0.3221568449811517, 0.3166991515090696, -0.2523747724252823, -0.5675737770952787, -0.6817629985856992, 0.19537700011729492, 0.764421648359993, 0.3646332172227085, -0.09356070953180128, 0.018105258077491068, 0.522771764071561, -0.04971261774507259], [-0.36866028091929454, 0.12697430473352708, 0.38587409633593434, -0.6127451931826016, 0.47297750758395535, -0.24024928937862275, -0.624705933161384, -0.13452846005063357, -0.23345115227954225, 0.3375999158211369, 0.6593298283431823, 0.3731298929142201, -0.03682266479429914], [-0.609104261158251, -0.6396308427762875, -0.44431901503804566, -0.30044277050234375, 0.0561685220581527, 0.5017676447265267, 0.1452983591107877, 0.07365468896820251, 0.5243918618407968, 0.4719586865959433, -0.04555283000772671, 0.4240264174295504, 0.08403207614167932]], "inverted": false, "swapped": false, "error_lsq": 0.047150968358382624, "error_max": 0.25584673998347734, "target": "892.xyz", "model": "1.xyz", "model_rescale": 4.316132596720782, "target_rescale": 3.958119460017137},
{"mapping": [3, 1, 0, 8, 6, 5, 7, 9, 2, 4, 10, 12], "R": [[0.04464803253467253, -0.6972676503435269, 0.715419021955106], [-0.4406175259015538, -0.656458957752041, -0.6123053426645059], [0.8965839330811014, -0.28788793057632944, -0.3365379478889449]], "T": [-0.02745609986123231, 0.03413965596122151, -0.040408544304749036], "aligned_model": [[-0.1283970203273025, 0.6507272123820707, 0.15168020326368165, -0.5978217688777029, -0.5926194313206034, -0.6178632249340389, -0.22355382736747792, -0.07631966159598534, 0.4488260608916645, 0.12511797136269598, 0.5254845856271758, -0.06745254447239747], [-0.618798614280801, -0.2996264754260882, -0.516200885874251, 0.3946884240365943, -0.23555053939560652, -0.10331718692771072, 0.32634572610957924, 0.5448826500109205, 0.0013596946837452217, -0.049870896586120594, 0.5006947300867128, 0.06816980130400596], [-0.02369780550235312, 0.15401179241337526, -0.48325306465081186, -0.054356985615274425, -0.40984968087955564, 0.451480914702854, -0.6842437378136672, 0.4466253427530774, -0.5026336156295141, 0.7079097165829819, -0.09026688046452348, -0.06246753468716781]], "inverted": true, "swapped": true, "error_lsq": 0.03979445517065714, "error_max": 0.21509747512475114, "target": "892.xyz", "model": "2.xyz", "model_rescale": 3.795458400668931, "target_rescale": 3.958119460017137},
{"mapping": [3, 5, 4, 11, 0, 10, 9, 6, 8, 7, 1, 12], "R": [[0.8780033666413126, -0.47319922234024525, 0.07205958744753113], [0.3229610131840689, 0.47454748224513027, -0.8188411757220859], [0.3532793117770143, 0.7422177464002024, 0.5694791873273017]], "T": [0.03735802413833075, 0.060077893443198936, 0.024023779533138168], "aligned_model": [[-0.013783369552734709, -0.17309820056919387, -0.7098144114122383, 0.3516456554755675, 0.29395916800689437, -0.09428264859876054, -0.3185487449729877, 0.5748597440511137, 0.3332454276283048, 0.7339480508174206, -0.462941959105606, 0.07811511397578531], [-0.007107888208809844, -0.6768811140150819, -0.11892855747619654, 0.07280641487554282, 0.4376482475451751, 0.5581629631867498, -0.2170024640706548, -0.27872121038738695, -0.46572224686897523, 0.1451397752755565, 0.6045510427464634, 0.031824082687326886], [-0.6314663665084692, -0.12440059745555965, 0.021400459143799268, 0.8022448361902793, -0.5440187161960192, 0.534400982320589, 0.5690053461568636, -0.3294393931255365, 0.3264999380513387, 0.23824159754949692, -0.22573734484381297, 0.05204068935613092]], "inverted": false, "swapped": true, "error_lsq": 0.04670146033066696, "error_max": 0.2724995983621616, "target": "892.xyz", "model": "3.xyz", "model_rescale": 3.7530521520055578, "target_rescale": 3.958119460017137},
{"mapping": [10, 8, 7, 6, 2, 5, 1, 9, 4, 3, 12], "R": [[0.3503389244505659, -0.7679018093083969, -0.5362736701309428], [-0.5736242885264149, -0.6285302472416587, 0.5252665075129992], [-0.740417323964928, 0.1235982991923022, -0.6606857398259669]], "T": [-0.030010131532546513, -0.07917679530057847, 0.01470222393150018], "aligned_model": [[-0.4032672631172364, -0.1690261789656563, 0.26543984026777057, 0.5118738926363801, 0.24327453034912794, -0.18998153191112283, -0.056360974237542064, -0.7167092271104005, -0.5341234542396299, 0.41768312708947625, -0.030603158315961564], [-0.7009338542086105, 0.23946879294952317, -0.3534461833844633, 0.2706521611922181, -0.6792176905671348, 0.6844915388992425, -0.3999710533461029, 0.03224076402946491, 0.211144638066452, 0.23336679770586372, -0.0705925530221069], [0.015109611287495103, -0.563784160707836, -0.5983622747051521, -0.32087273288321067, 0.09739234826272587, -0.010793330149730152, 0.7257074137085475, -0.11366654323717627, 0.5165986902710521, 0.3871051664783088, -0.04160341107970747]], "inverted": false, "swapped": true, "error_lsq": 0.050850454127219245, "error_max": 0.26417531910739467, "target": "892.xyz", "model": "4.xyz", "model_rescale": 3.7855080009869324, "target_rescale": 3.958119460017137},
{"mapping": [0, 2, 1, 5, 9, 10, 7, 6, 8, 15, 12, 13, 16], "R": [[-0.6678436367049965, -0.028106085102082623, 0.7437707475377606], [0.5854908937970703, -0.6368207197854321, 0.5016570383565568], [0.4595490073902375, 0.7704994606306994, 0.44175252231815126]], "T": [0.0735115443611602, 0.04714634707355321, -0.0003100934053264434], "aligned_model": [[0.014043028404782498, -0.34921965812112016, 0.40370652000390356, -0.23942210852314177, -0.6172972335897691, -0.39186643182424763, 0.2208064539634082, 0.6593282875612638, 0.14946945362729647, -0.2902351864691367, 0.35690267950126553, 0.4876930652158009, 0.03847301581118208], [-0.26379848256460875, 0.3715563595516171, 0.1495265760715149, -0.6454593607767919, 0.21106845004169883, -0.3495817068165114, -0.6628191361709027, -0.18406631533622225, -0.049130707342271, 0.35354798696701495, 0.6369149217445262, 0.4492802638651116, 0.08768372273140329], [-0.7132271235369917, -0.5120152446697623, -0.6738036017333451, -0.2786500060389854, 0.05285752562625013, 0.39591517662734127, 0.18842965885327972, 0.17126063893200913, 0.6927057785460669, 0.6728351045770442, -0.18719978243263558, 0.4374222673173132, -0.004281854678599082]], "inverted": false, "swapped": false, "error_lsq": 0.03905983667204857, "error_max": 0.20061894234483896, "target": "892.xyz", "model": "5.xyz", "model_rescale": 4.2253639853439635, "target_rescale": 3.958119460017137},
{"mapping": [3, 0, 4, 7, 9, 11, 6, 2, 5, 8, 1, 10, 13], "R": [[0.7849980796801113, 0.6139520930625089, 0.08270938473173703], [0.27271045313648223, -0.4623498455807877, 0.8437189277487596], [0.556243672906607, -0.6397620242837072, -0.5303748944244826]], "T": [-0.026453405418148418, 0.026599038125950065, 0.04196796737047426], "aligned_model": [[0.22867270728832964, -0.40162312459817484, 0.4700510564849638, -0.33616285765356535, -0.5242391166403673, -0.35374722049064944, 0.07153354195193967, 0.6099664932625207, 0.2680828476336996, -0.21098560537363809, 0.08909664402792478, 0.5313581850998081, 0.00037833456869500875], [-0.39404054797702087, 0.18676068806343127, 0.2427660209509965, -0.5173478606395956, 0.379584671800031, -0.43820299353753805, -0.6089174504319678, -0.17920782512867833, -0.1504878785668278, 0.45326022501687324, 0.7255241977860728, 0.4146230152604971, -0.009591690630695277], [-0.4688964744501959, -0.648436679938829, -0.41373639628335673, -0.4454672001608549, 0.02758201560910789, 0.5733732917604072, 0.05730807946963029, 0.09473973669660339, 0.5735974304602354, 0.6162265975878243, -0.15001533717799084, 0.42510775523079963, 0.0008657185856045316]], "inverted": true, "swapped": false, "error_lsq": 0.039258033437526256, "error_max": 0.2304361090473902, "target": "892.xyz", "model": "6.xyz", "model_rescale": 3.89814844738969, "target_rescale": 3.958119460017137},
{"mapping": [5, 2, 1, 10, 4, 11, 9, 6, 8, 7, 0, 3, 12], "R": [[-0.8396593410051097, -0.2653014621476423, -0.4739064519978473], [0.5055878501632155, -0.7005336718423939, -0.5036203931358927], [-0.19837620026153044, -0.6624709116612866, 0.7223428371434585]], "T": [-0.015789940425498465, 0.07769406252819261, 0.07685601424889763], "aligned_model": [[0.3550321350270374, -0.335501052722643, 0.3649402719975442, -0.40263945365457227, -0.6310042517595502, -0.4606978246219881, 0.19106704066466587, 0.6486813796441264, 0.2318600673884975, -0.17222077260107022, 0.2419130044862386, 0.5516367969133619, -0.1406854552001607], [-0.3365822454153027, 0.17692274468112096, 0.2666819844104046, -0.4040330029166229, 0.2594661466680683, -0.36158127204795837, -0.7887762018651987, -0.0481805409831281, -0.23209174462627286, 0.5216046801851115, 0.5771842461756749, 0.4602685783225124, 0.013839199377169598], [-0.4648475329599129, -0.5472323751903564, -0.6539823281803897, -0.31961611791738875, 0.013879439703371424, 0.5910879893689047, 0.010634044096054313, 0.07380642024701103, 0.6249335631688638, 0.5348379329119238, -0.11051830654221667, 0.5058613455533337, -0.016595536870212757]], "inverted": false, "swapped": false, "error_lsq": 0.03907691949305085, "error_max": 0.2578788089721451, "target": "892.xyz", "model": "7.xyz", "model_rescale": 3.7474275329858107, "target_rescale": 3.958119460017137},
{"mapping": [2, 3, 1, 4, 5, 9, 13, 12, 11, 7, 0, 10, 14], "R": [[0.01846096889577642, 0.9339426512332771, -0.35694581778581863], [-0.9380158486398713, -0.10740289297718231, -0.32953131305014766], [-0.34610036164074093, 0.34090430150922063, 0.8740702471109855]], "T": [0.04860261961810252, 0.028242379597258296, 0.014684503738850597], "aligned_model": [[-0.05588967785259628, -0.3658484135387291, 0.5064984016098681, -0.1621522739801745, -0.6052897600755304, -0.4752212178557962, 0.41659068683073347, 0.5979746560605894, 0.1100202112271749, -0.2272628879320046, 0.26187281096131765, 0.37709968731617594, 0.06398966279045874], [-0.235428450959689, 0.4222943250772224, 0.09579943093731631, -0.6620123085651619, 0.30187601063858854, -0.18789735552731385, -0.7898977261570945, -0.1563141608719672, -0.12976942932096508, 0.3500839552255426, 0.5877250093246446, 0.5244333602209637, -0.016170088056508103], [-0.7778737267606826, -0.41785213327968285, -0.5774044403381682, -0.28756818217097696, 0.11749917080353847, 0.5238334429332646, 0.07250645837493715, 0.22627814198069757, 0.6127982916364371, 0.547782856639366, -0.2604668185271316, 0.48494777782020554, -0.022232301722819505]], "inverted": false, "swapped": false, "error_lsq": 0.05020486295779452, "error_max": 0.290309865288635, "target": "892.xyz", "model": "8.xyz", "model_rescale": 4.019505241142653, "target_rescale": 3.958119460017137},
{"mapping": [3, 0, 2, 4, 7, 8, 5, 6, 11, 9, 1, 10, 12], "R": [[0.1636437708708914, 0.8726976198358543, -0.46002128275547205], [-0.9819947789756922, 0.18870897958285496, 0.00867035692916121], [0.09437674671038743, 0.45031964798088964, 0.8878655553194588]], "T": [0.09913383113324367, 0.045683378239507993, 0.03668972764400074], "aligned_model": [[0.11664008568395764, -0.2940550710946098, 0.41087445218614727, -0.49121744421713265, -0.7926880092529405, -0.42083230511071745, 0.2373687719722798, 0.8001720868631621, 0.14041338875018636, -0.1702776730503817, 0.12325017891063525, 0.681974932397074, 0.10075849152382703], [-0.46504818157606154, 0.18936632408136794, 0.05802069420555615, -0.4060119326066369, 0.1640856397791975, -0.1454355635424538, -0.6096330422800447, -0.08990635169598232, -0.26178740312553095, 0.3253680450107008, 0.716555602684405, 0.621082108606695, 0.00806663242436597], [-0.654184799749887, -0.4607072730608189, -0.46594108919571703, -0.3308036588201768, -0.06439785590700914, 0.42301303607590374, -0.007764847718119056, 0.1716809388618846, 0.5761405972537468, 0.5993032628678219, -0.038504437081674954, 0.4458257807940294, 0.048588883069001554]], "inverted": false, "swapped": false, "error_lsq": 0.046332322407448015, "error_max": 0.23589139232007222, "target": "892.xyz", "model": "9.xyz", "model_rescale": 3.877068213659057, "target_rescale": 3.958119460017137},
{"mapping": [4, 13, 3, 7, 9, 8, 1, 5, 0, 11, 6, 12, 15], "R": [[-0.7652320195021265, 0.5451075792056951, 0.3424582944260577], [-0.6204010923706708, -0.48247854446093874, -0.6183178298578595], [-0.17182095598027675, -0.6856181015896248, 0.7073933685430357]], "T": [-0.07127383615198582, 0.12898180112809388, -0.06445651012029935], "aligned_model": [[0.07519820689463033, -0.2364773890698233, 0.4537273388817493, -0.294020791588101, -0.7118164367700656, -0.4910607153640121, 0.2751587438637947, 0.632126061424818, 0.25417694974715954, -0.15109676700446156, 0.18701771397183495, 0.4815349044074658, -0.03208593383350201], [-0.3170980272403854, 0.4786782596972622, 0.1656285004281369, -0.6474924402014641, 0.17984432623181046, -0.31318811423784043, -0.6399162824368754, -0.19407558038626532, -0.11472470743310306, 0.3073297636164473, 0.677326272409347, 0.4166988790652393, 0.1057117224532689], [-0.5519494916835925, -0.7338283566534327, -0.4191283702556008, -0.18175150495144032, 0.08641921434574654, 0.4083940770579427, 0.13971698178587888, 0.04443772563420495, 0.61998118556597, 0.6472144674037794, -0.17807161067812513, 0.34763158135761985, 0.013182638460033855]], "inverted": true, "swapped": false, "error_lsq": 0.03820650714120036, "error_max": 0.23203653838643654, "target": "892.xyz", "model": "10.xyz", "model_rescale": 4.260839863003843, "target_rescale": 3.958119460017137},
{"mapping": [5, 6, 7, 8, 10, 9, 4, 3, 0, 2, 1, 12], "R": [[-0.6316694586459155, -0.6757745874285708, -0.37989788364733074], [-0.685011368406037, 0.7159855474287895, -0.13462585571718733], [0.3629781262947733, 0.17519532773119662, -0.9151794780111133]], "T": [-0.03469607276289436, 0.02530585010831196, -0.048347949237243025], "aligned_model": [[0.31759104489806356, 0.22937407040797683, -0.4371118387909854, -0.28461242408778775, -0.5868792181032889, -0.3950527079395118, 0.20192523158921794, 0.6099286545817671, 0.3519349543195995, -0.19770704080154577, 0.21522125749549562, -0.06571333447487043], [0.025053498082359682, -0.6380003060009317, -0.5713830138901312, -0.3117092807294274, 0.37288949000246074, 0.4159545404167617, 0.6935699953753538, -0.08093857947235233, -0.2529244241537183, -0.03750821187005103, 0.5719891742179518, -0.013914376445341464], [-0.744999885231905, -0.18590175269188655, 0.0944330487898001, -0.5769967821075537, 0.2681678952716498, -0.515236326714549, -0.34457460267073625, 0.051490846034953665, 0.5031773535973303, 0.592786246536828, 0.4494576091619076, -0.07562557258033432]], "inverted": false, "swapped": true, "error_lsq": 0.04115940445696362, "error_max": 0.20547972038530118, "target": "892.xyz", "model": "11.xyz", "model_rescale": 3.890672605050136, "target_rescale": 3.958119460017137},
{"mapping": [10, 4, 12, 2, 0, 1, 11, 9, 6, 8, 7, 5, 13], "R": [[0.7886417768259637, -0.09639388892048473, -0.6072498382244103], [-0.25476201790774466, 0.8476353687742488, -0.4654144344930843], [0.5595895478619675, 0.5217494607392793, 0.643923161675297]], "T": [0.00032383372643342984, -0.01411602192380403, 0.12428592547901829], "aligned_model": [[0.24694448630570434, -0.4016135606919237, 0.44830617101134046, -0.2627241450383264, -0.5642055433221832, -0.6174026536205026, 0.10864703924217772, 0.7412323696274656, 0.03622426163752359, -0.1082676167807956, 0.18710411353634684, 0.6210461840819436, 0.007090779572716525], [-0.3368536398855467, 0.07757099475017311, 0.22401531267731975, -0.4582182310602899, 0.1180235128099245, -0.39182005788197855, -0.5413860969227198, -0.20400205196870083, -0.2157928225846484, 0.5364345954255865, 0.7499592210042118, 0.4503503992654726, 0.09644143633677499], [-0.6723063090527508, -0.44236817162674646, -0.4213672974629088, -0.36473669401271397, 0.2362692526160098, 0.4089821468117928, 0.010204748010148798, 0.2685712436655162, 0.6628915059296521, 0.576273713423642, -0.20475255326628827, 0.18711019779328103, -0.002523245439649352]], "inverted": true, "swapped": false, "error_lsq": 0.05201061616475845, "error_max": 0.29905507361795136, "target": "892.xyz", "model": "12.xyz", "model_rescale": 4.124412569039231, "target_rescale": 3.958119460017137},
{"mapping": [5, 3, 7, 0, 6, 1, 4, 10, 2, 8, 9, 11, 12], "R": [[0.8396250434133357, -0.2624568096091011, -0.47554832516050993], [-0.37694899140744553, 0.3488065765480652, -0.8580462866499268], [0.3910744741734796, 0.8996946122138505, 0.19393390730685967]], "T": [-0.028842246078832533, 0.008359018964798081, -0.11503268328092187], "aligned_model": [[0.331632565550757, -0.5447639644579381, 0.4172494122320281, -0.32232925030027254, -0.5500666863456833, -0.5518856690851691, 0.18168536256506038, 0.6765827026817554, 0.22733941243835684, -0.06823712219095146, 0.017870812719022, 0.5591321767302881, 0.06817213302423339], [-0.44802493404300897, 0.21505626769220015, 0.19955350754580628, -0.42039557990970683, 0.3676561040630533, -0.24910274197519422, -0.7134007689103161, -0.016656365014734404, -0.23231986210983935, 0.38331080539260287, 0.6416438136383097, 0.396211437160062, -0.018809111563656333], [-0.6003341119721963, -0.5620834674645538, -0.5119263396144001, -0.37349402602120896, 0.10140091460185766, 0.4533011255077385, 0.11522193742120598, 0.10027998362000451, 0.6716312523948935, 0.4955042300086442, -0.1885821970350487, 0.5881098635464351, -0.04678062760438613]], "inverted": false, "swapped": false, "error_lsq": 0.041204092337732624, "error_max": 0.2238407408098586, "target": "892.xyz", "model": "13.xyz", "model_rescale": 3.9028299243045295, "target_rescale": 3.958119460017137},
{"mapping": [1, 9, 6, 11, 10, 13, 12, 2, 8, 4, 3, 0, 15], "R": [[0.12365019502757064, 0.2004769654790283, 0.9718639902691965], [0.6210350728438292, 0.7482365977335199, -0.23336116238574653], [-0.7739677432344992, 0.6324167772319829, -0.03198362562326247]], "T": [0.011636222726945554, 0.023816597615085842, 0.03798340153859507], "aligned_model": [[0.2966164233201869, -0.3931475155830621, 0.20816330764816338, -0.2007535865923169, -0.6785294464407492, -0.5366552722757708, -0.023230530492453695, 0.7389731657491905, 0.4062867532078935, -0.13851885343767342, 0.29197375080770815, 0.522010789858376, -0.05080710020800524], [-0.30027443169516815, 0.14016676211485082, 0.24080929097445394, -0.4924672126204496, 0.2754589071280776, -0.4050633424765555, -0.6547649790242113, -0.09071081149866209, -0.25845448278411337, 0.556335963027157, 0.572216154556785, 0.4531650456274547, 0.06830570863595957], [-0.4477634931846364, -0.6127532739948461, -0.5609318997939495, -0.44595697136278956, 0.1632834383073461, 0.42280775795319414, 0.18815544396510497, 0.041753472165561745, 0.6388836890397736, 0.4294420231652379, -0.058754603060770225, 0.5303187757089914, -0.046235821519232986]], "inverted": true, "swapped": false, "error_lsq": 0.0468089009107577, "error_max": 0.2719180690394649, "target": "892.xyz", "model": "14.xyz", "model_rescale": 3.942246331269136, "target_rescale": 3.958119460017137},
{"mapping": [3, 12, 5, 4, 13, 11, 10, 9, 6, 8, 0, 7, 14], "R": [[0.2107757638240207, 0.5122817863783098, -0.832550868553657], [-0.9649401712262282, -0.027238319051723192, -0.2610527531537148], [-0.15640985690901477, 0.8583853711010483, 0.488580097160555]], "T": [0.057717273397741645, -0.014403924515358778, -0.040508999073069075], "aligned_model": [[-0.04622558607962475, -0.49367529668545124, 0.5102710686112304, -0.24190220109087096, -0.7531321739760092, -0.3782753064920978, 0.19185548084792903, 0.7646302855816755, 0.16930149300901737, -0.1710543977189432, 0.23173794953388077, 0.585645832547783, 0.07320473747296816], [-0.18113544107758, 0.35562668099964495, 0.032053520714387135, -0.49445710663794284, -0.0450939891281603, -0.24648818053628765, -0.6927362076899822, -0.26273775252301873, -0.0395677443590597, 0.48631148025416826, 0.6998112794384224, 0.4168884394321928, 0.0762475930787943], [-0.7318442389163572, -0.5170799201351911, -0.4830203847002722, -0.1936138316674503, -0.09062027657685287, 0.4792586346294963, 0.13519749183809474, 0.2540527248566721, 0.5069443171494534, 0.5033554437881642, -0.022317528911551233, 0.4754927851906417, -0.07355667915586217]], "inverted": false, "swapped": false, "error_lsq": 0.0514371970526926, "error_max": 0.36296260594261087, "target": "892.xyz", "model": "15.xyz", "model_rescale": 4.355366556412066, "target_rescale": 3.958119460017137},
{"mapping": [3, 1, 0, 8, 6, 5, 7, 9, 2, 4, 10, 12], "R": [[0.04464803253467253, -0.6972676503435269, 0.715419021955106], [-0.4406175259015538, -0.656458957752041, -0.6123053426645059], [0.8965839330811014, -0.28788793057632944, -0.3365379478889449]], "T": [-0.02745609986123231, 0.03413965596122151, -0.040408544304749036], "aligned_model": [[-0.1283970203273025, 0.6507272123820707, 0.15168020326368165, -0.5978217688777029, -0.5926194313206034, -0.6178632249340389, -0.22355382736747792, -0.07631966159598534, 0.4488260608916645, 0.12511797136269598, 0.5254845856271758, -0.06745254447239747], [-0.618798614280801, -0.2996264754260882, -0.516200885874251, 0.3946884240365943, -0.23555053939560652, -0.10331718692771072, 0.32634572610957924, 0.5448826500109205, 0.0013596946837452217, -0.049870896586120594, 0.5006947300867128, 0.06816980130400596], [-0.02369780550235312, 0.15401179241337526, -0.48325306465081186, -0.054356985615274425, -0.40984968087955564, 0.451480914702854, -0.6842437378136672, 0.4466253427530774, -0.5026336156295141, 0.7079097165829819, -0.09026688046452348, -0.06246753468716781]], "inverted": true, "swapped": true, "error_lsq": 0.03979445517065714, "error_max": 0.21509747512475114, "target": "892.xyz", "model": "16.xyz", "model_rescale": 3.795458400668931, "target_rescale": 3.958119460017137},
{"mapping": [5, 2, 1, 10, 4, 11, 9, 6, 8, 7, 0, 3, 12], "R": [[-0.8396593410051097, -0.2653014621476423, -0.4739064519978473], [0.5055878501632155, -0.7005336718423939, -0.5036203931358927], [-0.19837620026153044, -0.6624709116612866, 0.7223428371434585]], "T": [-0.015789940425498465, 0.07769406252819261, 0.07685601424889763], "aligned_model": [[0.3550321350270374, -0.335501052722643, 0.3649402719975442, -0.40263945365457227, -0.6310042517595502, -0.4606978246219881, 0.19106704066466587, 0.6486813796441264, 0.2318600673884975, -0.17222077260107022, 0.2419130044862386, 0.5516367969133619, -0.1406854552001607], [-0.3365822454153027, 0.17692274468112096, 0.2666819844104046, -0.4040330029166229, 0.2594661466680683, -0.36158127204795837, -0.7887762018651987, -0.0481805409831281, -0.23209174462627286, 0.5216046801851115, 0.5771842461756749, 0.4602685783225124, 0.013839199377169598], [-0.4648475329599129, -0.5472323751903564, -0.6539823281803897, -0.31961611791738875, 0.013879439703371424, 0.5910879893689047, 0.010634044096054313, 0.07380642024701103, 0.6249335631688638, 0.5348379329119238, -0.11051830654221667, 0.5058613455533337, -0.016595536870212757]], "inverted": false, "swapped": false, "error_lsq": 0.03907691949305085, "error_max": 0.2578788089721451, "target": "892.xyz", "model": "17.xyz", "model_rescale": 3.7474275329858107, "target_rescale": 3.958119460017137},
{"mapping": [3, 0, 8, 1, 2, 7, 11, 10, 12, 9, 4, 5, 13], "R": [[-0.8739021272927258, -0.4212178302017767, 0.2426326676961612], [0.4855161091555401, -0.7318451712640103, 0.4782015820216585], [-0.023857486533879202, 0.5357034485773435, 0.8440690940430334]], "T": [0.0036416098529910776, -0.00568046131351054, 0.032273219125043884], "aligned_model": [[0.2536338550205334, -0.34990988002293305, 0.44542769333821935, -0.389244937014055, -0.6898905375746618, -0.3784018221253615, 0.1367502628042062, 0.6643232672982103, 0.24643785440510577, -0.1501698338920746, 0.16630890733549977, 0.5675471610579714, -0.0804301050691735], [-0.39082257759461375, 0.3631340218340511, 0.24762298238124472, -0.4352160765396067, 0.13157715594111014, -0.4154197439364358, -0.709558405879666, -0.20394287440192657, -0.08161302617657258, 0.41365033090132874, 0.796247871941311, 0.34480898125174825, 0.04425393224360594], [-0.4674853315089985, -0.6296328254220507, -0.4751879843869691, -0.34143486662224654, -0.03102157370702731, 0.535836341676874, 0.12487228752689819, 0.05739559033583261, 0.73549519868641, 0.5304979599093698, -0.10799837697868092, 0.3193056504647709, -0.008393532585197552]], "inverted": false, "swapped": false, "error_lsq": 0.03599834933400618, "error_max": 0.18389234492448767, "target": "892.xyz", "model": "18.xyz", "model_rescale": 3.922800546911778, "target_rescale": 3.958119460017137},
{"mapping": [11, 10, 9, 13, 6, 8, 12, 3, 5, 1, 2, 0, 14], "R": [[0.11088723839186715, 0.9922741291451209, -0.05564236687199425], [0.3024929227753508, -0.08702905383344206, -0.9491701509527581], [-0.9466794874891138, 0.08841943461789514, -0.3098063129589209]], "T": [-0.034834137675194866, -0.05338533085769505, 0.025938103086147097], "aligned_model": [[-0.08906567166897286, -0.31187589496658025, 0.4223363160528312, -0.2197369785301274, -0.6551168064645136, -0.45919479577597627, 0.3786569576469927, 0.6028982062809568, 0.17081527438626745, -0.2149914150509533, 0.22340649595623338, 0.5583682645839958, 0.03588193311133351], [-0.23983119052636154, 0.4061292067342878, 0.2927930960713012, -0.6626556422960415, 0.2462294287100939, -0.31983042096169934, -0.6783804527404094, -0.0713140841491441, -0.1918277735197667, 0.5206146580198093, 0.5823721915481537, 0.30627556031546416, -0.085852005240109], [-0.6592921464664382, -0.5763034611734393, -0.5519017180425635, -0.23177176064394192, 0.061267673729562155, 0.377101455156604, 0.26472724915141965, 0.0720386547391644, 0.747793857080149, 0.457273694143765, -0.17961751136843665, 0.4919827243310796, -0.031050173247938854]], "inverted": false, "swapped": false, "error_lsq": 0.04169452037325539, "error_max": 0.27007123224159824, "target": "892.xyz", "model": "19.xyz", "model_rescale": 3.9282355846067225, "target_rescale": 3.958119460017137},
{"mapping": [0, 10, 1, 11, 12, 8, 4, 3, 6, 7, 2, 5, 13], "R": [[0.31663584228372466, 0.36232073202722304, 0.8766216005349936], [-0.8934597168635661, 0.4242831162678674, 0.1473552564115168], [-0.31854588009163276, -0.8298840427392762, 0.45806222053708223]], "T": [-0.04184917532076173, -0.018097789920459597, 0.13827197134798025], "aligned_model": [[0.2612130792456906, -0.36152353604293025, 0.4861495081880113, -0.31207075164170717, -0.8074922894190119, -0.3492386139650032, 0.11085366508787342, 0.6631708374204244, 0.27595406726467236, -0.235044939572933, 0.15563330419105917, 0.5327039857585883, 0.02207356904675304], [-0.3606956680644395, 0.3275013673200794, 0.19575199730396506, -0.4536534829562712, 0.3487697139848009, -0.5858923395667198, -0.6285395361640801, -0.26714409767931147, -0.03451785304009941, 0.4907841773089903, 0.718122333645107, 0.3366078561065481, 0.017628103767009188], [-0.5182163773263737, -0.5832568739541097, -0.3485405747348868, -0.36236233558740333, 0.09362668402867669, 0.5404443989585318, 0.07987195496111316, 0.05296202252805607, 0.7088642378451657, 0.4412774440433215, -0.17429291839948136, 0.31649296343051114, -0.004622088404136138]], "inverted": true, "swapped": false, "error_lsq": 0.04033893042490547, "error_max": 0.26098141775211176, "target": "892.xyz", "model": "20.xyz", "model_rescale": 4.067790424073018, "target_rescale": 3.958119460017137},
{"mapping": [11, 10, 13, 12, 7, 0, 3, 6, 2, 8, 5, 4, 14], "R": [[-0.768136125039433, -0.5177316627402606, 0.3767237964419153], [-0.5386035389338759, 0.840624751978248, 0.05706359793610546], [-0.34622697938969066, -0.15907215896477245, -0.9245663453668301]], "T": [0.006141891663187394, 0.058754733817120236, 0.0018194728124180035], "aligned_model": [[0.22138170849125005, -0.24381626689409475, 0.23393830086075543, -0.38180247721156685, -0.673518985551942, -0.36857374986030694, 0.1828525111601603, 0.7240583711682408, 0.2680503361247352, -0.1712633357264769, 0.22742817624435727, 0.4497494740074834, -0.026102177251108177], [-0.3235220648380228, 0.1410015293523637, 0.3538491595221366, -0.5137253952719208, 0.28569043847275244, -0.22299096276321997, -0.7677135859183583, -0.10389661744889908, -0.26843901160315053, 0.4741182167874769, 0.6059754006946878, 0.3920121934200569, 0.05236327155967587], [-0.4731210755101537, -0.7740949587768551, -0.5907609697873343, -0.327997954492827, 0.20972626718046788, 0.5353600804301079, 0.09912563953082598, 0.07730039147256473, 0.6166935666044067, 0.3499120740475047, 0.008750768233730256, 0.5802866484083408, -0.06893193995179378]], "inverted": false, "swapped": false, "error_lsq": 0.044301473720235254, "error_max": 0.2501900120337909, "target": "892.xyz", "model": "21.xyz", "model_rescale": 4.186013935880536, "target_rescale": 3.958119460017137},
{"mapping": [2, 9, 8, 1, 10, 7, 0, 5, 6, 4, 11, 3, 12], "R": [[0.9447739653185793, -0.27373521356384356, -0.18019763403376077], [0.2562449145855903, 0.27424191060493264, 0.9268926141774892], [-0.2043054042487173, -0.9218787378624768, 0.32923987375750097]], "T": [0.0210694472200324, 0.009713631729225168, -0.017163088612805223], "aligned_model": [[0.4467118877595334, -0.3920569978387913, 0.19165509638227368, -0.3154232907396333, -0.7174634079579205, -0.5689839836229351, 0.22749497068931304, 0.7853701512773015, 0.10560343195721789, -0.20559245197432008, 0.20014177929979504, 0.6449189891599956, 0.04000571116965717], [-0.3137035739882105, 0.14629789697356005, 0.2808526206311779, -0.6164523539442848, 0.38138111477592973, -0.2251423828109756, -0.6646320938302367, -0.11004451575716503, -0.1353008126278528, 0.4302400996588444, 0.6110873227773893, 0.2840167424250892, 0.03612250768231329], [-0.5309033213399051, -0.46001976872394007, -0.7136200619433474, -0.18982469875899693, 0.09567279444880797, 0.3502649193909255, 0.13915321471633543, -0.023581499868464785, 0.5135700508927807, 0.53000966472266, -0.08961143097121749, 0.6056596849114605, 0.015478989911886419]], "inverted": false, "swapped": false, "error_lsq": 0.051190548988861335, "error_max": 0.3154997284823414, "target": "892.xyz", "model": "22.xyz", "model_rescale": 4.166573947596378, "target_rescale": 3.958119460017137},
{"mapping": [10, 5, 7, 14, 6, 11, 9, 8, 3, 2, 0, 4, 15], "R": [[-0.6021351460028848, -0.7649142373614521, 0.2287782232421461], [-0.5711826262042548, 0.2125006991797599, -0.7928391137995932], [0.557838393686286, -0.6080704419143079, -0.5648598624434584]], "T": [-0.04074906476214774, -0.04920537660943525, 0.04172502810086173], "aligned_model": [[0.1519407120206545, -0.23737189390523183, 0.2920098764003552, -0.3413565692560749, -0.6881281398485428, -0.3296322789959818, 0.19409165532912068, 0.7650232861474089, 0.1543473281350166, -0.26438224070030353, 0.38840283542097426, 0.4152057720949337, -0.05776845728084172], [-0.338304464723242, 0.4427380434773379, 0.17311292337749334, -0.6507971759650186, 0.34980458211290766, -0.4817637820026637, -0.5852218748263082, -0.08479530521312925, -0.10015771713473268, 0.35517992219774513, 0.6146418615129158, 0.39531402714178077, 0.014971532010492353], [-0.6217759894411145, -0.5988942938793951, -0.5509263940838386, -0.3750485296139855, 0.06999193361848013, 0.6346272475974665, 0.1758343719529203, 0.10125162478550898, 0.6080887879668809, 0.5308773274080745, -0.1629485018060536, 0.408278161766214, 0.022892791117827292]], "inverted": false, "swapped": false, "error_lsq": 0.03706022283565162, "error_max": 0.2303846015554276, "target": "892.xyz", "model": "23.xyz", "model_rescale": 4.274766983524099, "target_rescale": 3.958119460017137},
{"mapping": [7, 10, 11, 8, 9, 5, 6, 3, 0, 1, 12], "R": [[-0.3793120875763109, 0.11295319615620976, 0.918348471821344], [0.2242244440202842, -0.9517151899924765, 0.20967020732898348], [0.8976891103952948, 0.2854466195555332, 0.33567020788569135]], "T": [-0.030984682160064232, 0.1411927113524901, 0.10958841705586284], "aligned_model": [[0.16068151117807872, 0.0944058765719416, -0.28781942684578765, -0.5108437732281939, -0.6301104287986204, -0.6331761536803129, 0.03019057105136693, 0.20740684002020804, 0.629726425443762, 0.3738028386780029, -0.0543695764323701], [-0.1645464426626874, 0.7619304835053423, 0.335194996123345, -0.19086183033760565, 0.5009969214121626, -0.2007746959633618, -0.5809321939824098, -0.1947816049736171, -0.10918751923713002, 0.6456895330722027, 0.11285888428724276], [-0.5292778464130072, -0.24377360488317298, -0.6656314039754941, -0.22950154686303129, -0.00012635367734287195, 0.46994091231359414, 0.05108751466006443, 0.6263934517491031, 0.28804392608926466, 0.5463511932223042, 0.06606019179929609]], "inverted": true, "swapped": true, "error_lsq": 0.05734773870387044, "error_max": 0.36620821280453225, "target": "892.xyz", "model": "24.xyz", "model_rescale": 3.7841303162186577, "target_rescale": 3.958119460017137},
{"mapping": [12, 9, 2, 13, 10, 11, 3, 4, 6, 7, 8, 1, 15], "R": [[-0.16180245051794678, -0.9859063359377176, -0.04252838774574094], [-0.36495558316152, 0.09982433589116535, -0.9256578872797028], [0.9168573440430208, -0.13425274195245512, -0.3759638439433043]], "T": [-0.019045125889903473, 0.1045671031207481, 0.01313955561782707], "aligned_model": [[-0.006531640900962962, -0.16943315771906117, 0.4866059547809414, -0.3592243119481746, -0.7392953660294745, -0.45231483981262327, 0.26737787916812217, 0.695888953805029, 0.24673787349588938, -0.321060063196226, 0.2798648355512236, 0.5085201977589492, 0.005245570607854515], [-0.31403587831486546, 0.2647949401978237, 0.2188770662351994, -0.5775437174519561, 0.39831363222244687, -0.37400423275583816, -0.6416458040937849, -0.08146135450837602, -0.24948383584027348, 0.2557525071450271, 0.5998694809470183, 0.5459407943374194, 0.05934897384573748], [-0.6191474544138378, -0.5289408707344605, -0.5346224774552961, -0.16293698200546042, 0.02755043681204703, 0.4286806494188015, 0.11378768979385787, 0.11786308449861072, 0.5841332351812172, 0.5687792872372757, -0.10845885354022741, 0.29580629895396066, 0.05975449364249695]], "inverted": false, "swapped": false, "error_lsq": 0.040000492736793354, "error_max": 0.22405745352041032, "target": "892.xyz", "model": "25.xyz", "model_rescale": 4.19342608120988, "target_rescale": 3.958119460017137},
{"mapping": [3, 1, 0, 8, 6, 5, 7, 9, 2, 4, 10, 12], "R": [[0.04464803253467253, -0.6972676503435269, 0.715419021955106], [-0.4406175259015538, -0.656458957752041, -0.6123053426645059], [0.8965839330811014, -0.28788793057632944, -0.3365379478889449]], "T": [-0.02745609986123231, 0.03413965596122151, -0.040408544304749036], "aligned_model": [[-0.1283970203273025, 0.6507272123820707, 0.15168020326368165, -0.5978217688777029, -0.5926194313206034, -0.6178632249340389, -0.22355382736747792, -0.07631966159598534, 0.4488260608916645, 0.12511797136269598, 0.5254845856271758, -0.06745254447239747], [-0.618798614280801, -0.2996264754260882, -0.516200885874251, 0.3946884240365943, -0.23555053939560652, -0.10331718692771072, 0.32634572610957924, 0.5448826500109205, 0.0013596946837452217, -0.049870896586120594, 0.5006947300867128, 0.06816980130400596], [-0.02369780550235312, 0.15401179241337526, -0.48325306465081186, -0.054356985615274425, -0.40984968087955564, 0.451480914702854, -0.6842437378136672, 0.4466253427530774, -0.5026336156295141, 0.7079097165829819, -0.09026688046452348, -0.06246753468716781]], "inverted": true, "swapped": true, "error_lsq": 0.03979445517065714, "error_max": 0.21509747512475114, "target": "892.xyz", "model": "26.xyz", "model_rescale": 3.795458400668931, "target_rescale": 3.958119460017137},
{"mapping": [1, 8, 6, 9, 11, 4, 2, 0, 3, 10, 5, 7, 12], "R": [[-0.1493892488179005, -0.9437704763642769, -0.29492395677660566], [-0.8958877838021595, 0.002977429820514743, 0.4442704286194604], [-0.41841119866905874, 0.330587995630225, -0.8459572364921952]], "T": [-0.06072158855963524, -0.05716339899408118, -0.046949854254834354], "aligned_model": [[0.1418074090776331, -0.2663678732373313, 0.41813150582959, -0.19444535043037553, -0.7547037139522852, -0.5580134059967251, 0.29851593721900105, 0.7195680490258815, 0.25633252082512287, -0.22317638017627323, 0.12513407030242332, 0.42566804801298475, 0.05393106906184079], [-0.25961966588024926, 0.3347690686587728, 0.3601495990439796, -0.45908318170810086, 0.11311026006072947, -0.07313251023720804, -0.8606812422921726, -0.3086249040028934, -0.2812876702127235, 0.4361258404413994, 0.6685084285689749, 0.39006552020737134, 0.04442302931769862], [-0.5649717028923114, -0.6256123262572763, -0.5739570034835856, 0.02342580836841191, -0.01580049790641732, 0.6248455152088186, -0.05888256028614549, 0.09157229223546517, 0.5810004316920767, 0.44086219505021484, -0.12257088724486087, 0.42593439574094555, 0.016402877163648986]], "inverted": false, "swapped": false, "error_lsq": 0.05378074632720199, "error_max": 0.36232968227626255, "target": "892.xyz", "model": "27.xyz", "model_rescale": 3.6321398670334006, "target_rescale": 3.958119460017137},
{"mapping": [2, 13, 1, 11, 9, 10, 0, 3, 8, 12, 4, 7, 14], "R": [[-0.25952379284663585, -0.36794135072793877, 0.8928978459885524], [0.9323768535143144, -0.33637331783761937, 0.13238728820267603], [0.2516362533047315, 0.8668749353115545, 0.4303568781271483]], "T": [0.033000929480647666, 0.0075191980283134865, 0.057323737228834416], "aligned_model": [[0.1049819836242292, -0.4445835659362507, 0.42138643399563075, -0.3581003152880792, -0.6284585472846765, -0.3935332673975496, 0.18463659843890548, 0.6924941979670057, 0.08051717686866766, -0.17299354874644648, 0.421019357278031, 0.5056273524704806, 0.029388029571538767], [-0.3376860015977114, 0.21714022843987812, 0.12294039358037989, -0.3774966751903147, 0.08869214194947385, -0.5420670308308896, -0.5974987540572603, -0.14529533114188067, -0.03344449026769649, 0.5735706937708334, 0.6811282231124922, 0.43344462963549885, 0.021294544562774916], [-0.6561857313333918, -0.5707283348644199, -0.4747494190629281, -0.2763354153936626, 0.10686639554209731, 0.4047358684770066, 0.0766005568214516, 0.1725471222595013, 0.5702504359586927, 0.6235937346395682, -0.2293116293500648, 0.5001546022393087, -0.005189648544174398]], "inverted": false, "swapped": false, "error_lsq": 0.040476947756530976, "error_max": 0.22253098103799723, "target": "892.xyz", "model": "28.xyz", "model_rescale": 4.156811204709835, "target_rescale": 3.958119460017137},
