[{"mapping": [7, 12, 10, 11, 5, 8, 4, 0, 3, 6, 1, 1, 2, 14], "R": [[-0.4083078600968936, 0.4591484503193428, -0.788966027121854], [0.6349009942924397, -0.47816044097769084, -0.6068470319038335], [-0.6558852177245401, -0.7486957280854265, -0.09627714119699571]], "T": [-0.11687794102102561, -0.0574581717823377, 0.14957252578229802], "aligned_model": [[0.28119877895718326, 0.27808499862380376, -0.45444691094747536, -0.3937522364147393, -0.6519083744122041, -0.03192324762700133, -0.689565285979489, -0.038176259917496236, -0.272123529904137, 0.10410152181754934, 0.3456388023841629, 0.3456388023841629, 0.6532964918436741, -0.10457144967968982], [-0.6489125368454802, -0.48260366140657784, -0.5122386761108917, -0.3106651292446665, 0.4399668289488879, 0.4160207819821723, 0.29162542415555026, 0.4137662197536477, 0.730116556199027, -0.1709713969750686, 0.6229393081881123, 0.6229393081881123, -0.15775612105755304, -0.018953573965236753], [0.32733067764785856, -0.34325143901035704, 0.5033071171597379, -0.38170955080743624, 0.510336199739372, -0.4430878396645493, -0.02595406587987556, 0.580940052952889, 0.09848783359216626, 0.645638158731429, 0.14864075628015833, 0.14864075628015833, 0.09571203081504162, 0.032557399343240465]], "inverted": false, "swapped": true, "error_lsq": 0.055479967729685345, "error_max": 0.4793311555547334, "target": "894.xyz", "model": "0.xyz", "model_rescale": 3.8414455957264533, "target_rescale": 4.199854421760784},
{"mapping": [9, 6, 2, 8, 12, 13, 7, 4, 10, 5, 0, 1, 3, 11, 14], "R": [[0.5970192903771179, 0.55051775725722, -0.5835222068285691], [-0.15648478693411588, -0.6334889423828554, -0.7577626748110756], [-0.7868166739309653, 0.5437112825968687, -0.2920574648953199]], "T": [0.04826282004816383, -0.014506924828173014, -0.10188758492855648], "aligned_model": [[-0.14134387820048422, 0.22351512073039892, -0.3755887806622614, 0.623206108521961, 0.7427375390267741, 0.13349941184493008, -0.533853437611562, -0.38459873036548303, 0.6436384655895082, 0.166353669103733, -0.4133464776963897, 0.13063883078844313, 0.005807011068940812, 0.41589521595505985, 0.08917926495351627], [-0.5764241486174239, 0.08077013640521313, 0.26126553450412365, -0.5137217390911347, -0.15679185998848355, -0.6999459205801317, -0.2819490767790341, 0.3049153173669216, 0.2818002643036282, 0.5323885326969767, -0.14190393764610018, 0.4913724134864886, 0.7391706272324448, -0.15107428617459012, 0.04529262461119044], [-0.43924201810184177, -0.857027364368069, -0.6393855838713036, -0.31290223314024784, 0.1805117879338483, 0.2107705465197517, -0.15258630348484675, -0.021778008642429222, -0.2634771600113213, -0.45014423582008706, 0.4423588912823749, 0.5951046525386763, 0.10678568562589283, 0.6547240587993246, -0.048841779339944214]], "inverted": false, "swapped": false, "error_lsq": 0.04467458092773804, "error_max": 0.2759276967488045, "target": "894.xyz", "model": "1.xyz", "model_rescale": 4.316132596720782, "target_rescale": 4.199854421760784},
{"mapping": [6, 2, 7, 4, 10, 0, 11, 3, 12, 1, 9, 14], "R": [[-0.0851846120216131, 0.8038750958752579, -0.5886666391993625], [0.9787358632116978, 0.1781598726171595, 0.10166203741953196], [0.18660035353123017, -0.5674891100458076, -0.8019578655025694]], "T": [-0.16522652921949435, -0.0010880424543182785, -0.11170281957827902], "aligned_model": [[-0.20685556191435023, 0.5380316357882053, 0.1414978559173866, -0.6049714497578655, -0.5944860953725782, -0.34624118049051833, -0.12510983593363656, -0.3390108839776386, 0.45340755551960876, 0.1815690692668049, 0.6003890997907675, -0.10041165420440493], [-0.5323768297426301, -0.3129483910114446, -0.5797512919765443, 0.5303144188365096, -0.3602483425254989, -0.1474818474482563, 0.40608221464598193, 0.4745303334558227, 0.026887830232041988, 0.1384081131497404, 0.2652053348463907, 0.10415488527886757], [0.04256167932509225, 0.007881313705462883, -0.4447948439653755, -0.04187757053617666, -0.47590932889730264, 0.4884029004151884, -0.6173082154308933, 0.5132539383951347, -0.5545674614962363, 0.621193470709032, 0.029164698007998008, -0.11874211902250251]], "inverted": false, "swapped": true, "error_lsq": 0.04967145497153643, "error_max": 0.33038516476851265, "target": "894.xyz", "model": "2.xyz", "model_rescale": 3.795458400668931, "target_rescale": 4.199854421760784},
{"mapping": [7, 11, 9, 3, 6, 0, 8, 10, 4, 5, 2, 14], "R": [[-0.1236831468379948, -0.8251275320500715, 0.5512413582462857], [-0.50657502323531, -0.42516823303733053, -0.7500758091353565], [0.8532785155049883, -0.3720168403027919, -0.36540285372275183]], "T": [0.08225298157566255, -0.02963666361721275, -0.04313779513659658], "aligned_model": [[-0.09584242278364447, -0.04484567350903679, -0.7219755478202529, 0.15318314687590778, 0.2360559933141122, 0.29204943717760024, -0.374102133574306, 0.576771086344556, 0.3995483507941965, 0.7144081344194246, -0.5385233281621973, -0.003423217332794992], [0.13981367018383792, -0.6660050788332168, 0.012683328551429878, 0.10506179841336886, 0.42401872951081937, 0.4883757204668622, -0.2472507333361596, -0.1308468988255296, -0.3844792015643227, 0.07583903655377577, 0.3623766259015817, -0.09381795173273745], [-0.7355610131299865, -0.08689800141727225, 0.12523263712051355, 0.7466786561834685, -0.32303010540848637, 0.2761942302486578, 0.5287276207577506, -0.4803043652861925, 0.46089609097104206, 0.45994705243957273, -0.3021583400636196, 0.019046968223652018]], "inverted": false, "swapped": true, "error_lsq": 0.05284511373123583, "error_max": 0.2779040433238424, "target": "894.xyz", "model": "3.xyz", "model_rescale": 3.7530521520055578, "target_rescale": 4.199854421760784},
{"mapping": [8, 2, 12, 7, 11, 6, 4, 0, 5, 10, 14], "R": [[-0.4189144279187637, 0.4961108913147274, 0.7605160653138117], [-0.8446947841717007, -0.5202254267601941, -0.1259215110507254], [0.33316876155278874, -0.695154291413842, 0.636992219304365]], "T": [-0.06755833616488098, -0.0425008241618522, 0.03385486686730505], "aligned_model": [[-0.4407274129434096, -0.1165983967950147, 0.34685019752499874, 0.39273338733985613, 0.32267858814497064, -0.08678938655158057, -0.2592831457817959, -0.6112732934649978, -0.5010790775047175, 0.37898754879064894, -0.08729940631375371], [-0.6913868270477904, 0.08538457821928594, -0.34258149381763925, 0.33400393022012576, -0.553618763090133, 0.5009092486918909, -0.40156296257861723, 0.286403598617688, 0.0873502883631955, 0.32222852312370825, -0.15992676238736786], [-0.11560323346241505, -0.7325456060556963, -0.5299155032468131, -0.3977201563862644, 0.13136065681584297, -0.07629932917359275, 0.5950640208749509, 0.136423142510611, 0.711378357130472, 0.37071619378007786, -2.7765541856301923e-05]], "inverted": false, "swapped": true, "error_lsq": 0.04075158780527876, "error_max": 0.22178741504389438, "target": "894.xyz", "model": "4.xyz", "model_rescale": 3.7855080009869324, "target_rescale": 4.199854421760784},
{"mapping": [14, 15, 13, 9, 3, 2, 12, 11, 10, 8, 1, 4, 6, 0, 16], "R": [[-0.19225009276811117, -0.5417842057011175, 0.818235770596386], [0.5441849041594609, -0.7527063076097836, -0.37053475487382315], [0.8166411034938242, 0.3740362134035351, 0.4395386435196956]], "T": [0.13732508596167126, 0.07891950310666708, -0.0527651495949739], "aligned_model": [[-0.037229512511934515, 0.31109836629584664, -0.36958718567286497, 0.5592347419702797, 0.6367277341489395, 0.1728728854709649, -0.4819978978627064, -0.6163515395681678, 0.7996410665001246, 0.24211565906355526, -0.27407996224149833, 0.09708366425950488, -0.12990862471836156, 0.2790749206629602, 0.13704501725044277], [-0.4640061282561999, -0.0011272019779886427, 0.30474291372472523, -0.4219995458815321, -0.36064576196991865, -0.6333947054076329, -0.199205811868706, 0.3089390512236043, 0.2297668332896315, 0.5268282833004991, -0.11214056004439886, 0.45920594066526743, 0.6670770397511973, -0.11937404133676104, 0.03049817651830168], [-0.4167154889186511, -0.8544592800043502, -0.5185026024141994, -0.3320255438088655, 0.14672414365389885, 0.13992763666695424, -0.09913986131237178, 0.054467214523208365, -0.31648261009833756, -0.5854062429945277, 0.553325501686687, 0.580293802836571, 0.040690315902668764, 0.6882210432013107, -0.07604709300021835]], "inverted": true, "swapped": false, "error_lsq": 0.0337515174789551, "error_max": 0.2658877340200722, "target": "894.xyz", "model": "5.xyz", "model_rescale": 4.2253639853439635, "target_rescale": 4.199854421760784},
{"mapping": [7, 10, 4, 11, 13, 3, 8, 12, 0, 6, 5, 1, 2, 14], "R": [[0.5838567261488588, -0.7885884182084734, 0.19297572385715944], [0.5359664015600555, 0.5529368284972211, 0.6379662060722342], [-0.6097961460434973, -0.2690523561667741, 0.7454927832726521]], "T": [0.08715839460891908, -0.03279089694155187, -0.0317544720653814], "aligned_model": [[0.7262277343585084, 0.053055239687160166, -0.5309133850897605, 0.13878930166267184, -0.3491144001107134, -0.5167381540689426, -0.03554866458174512, 0.7456668656731318, -0.23226287835891105, 0.2313805545698324, -0.6974207768828047, 0.006384798140016301, 0.7403142392926888, 0.09424167846665102], [0.11652708976404261, -0.039908989012315786, -0.3374715069872332, -0.6805970198110968, -0.645387098054342, 0.09740138446767921, -0.33572647794698324, -0.387694753385078, 0.5074484975593859, 0.44557492629473233, 0.16981236155946403, 0.39480887466958475, 0.25211892636184513, -0.11180706884469443], [-0.36217211586444664, -0.698607218405349, 0.044381836036195915, -0.05849882234969367, -0.4378103787174185, 0.48336077635498076, 0.6580418310160999, 0.1097719125166379, 0.11119926971538707, -0.2729274291293601, -0.11676663449140456, 0.6664556670090004, 0.28184260018825336, 0.06328691505256584]], "inverted": true, "swapped": true, "error_lsq": 0.048532639098215806, "error_max": 0.2906299917520823, "target": "894.xyz", "model": "6.xyz", "model_rescale": 3.89814844738969, "target_rescale": 4.199854421760784},
{"mapping": [8, 9, 12, 3, 11, 2, 1, 4, 5, 6, 7, 10, 14], "R": [[0.2604127999023679, 0.628926449084155, 0.7325549094022956], [-0.8845990420228204, 0.459441796452961, -0.0799860645636773], [-0.3868716951384763, -0.6271879760601858, 0.6759922589691467]], "T": [-0.04842716197897032, 0.10433944349117097, 0.11189431147085839], "aligned_model": [[0.06547711290084918, -0.017136151630559232, 0.39290754329222566, -0.40738811016119203, 0.5863078331156797, -0.25651926938303504, -0.6252875111478812, 0.10064461514445663, -0.3822264814254289, -0.4232976430133397, 0.010534088366390082, 0.09690213908538634, 0.007713635760670426], [-0.3332076887644932, 0.21898203724564647, 0.5465700133740019, -0.5838594556573392, -0.01558625074822309, 0.6539494895991923, -0.10065738190165291, -0.5580735212189409, -0.512044967230831, 0.4488936841308727, 0.8339803869647109, 0.30943487438857953, 0.05540004528896202], [-0.5031050800557878, -0.7022316370521811, -0.3231639286521912, -0.09908934592858075, 0.03597924362534323, -0.39874818640673404, -0.43771625612247955, 0.25198858636552807, 0.5272109340736496, 0.33224127693569483, 0.1753684484107822, 0.7305392307813254, 0.013001744861926304]], "inverted": false, "swapped": true, "error_lsq": 0.05179515985969808, "error_max": 0.32717340987749377, "target": "894.xyz", "model": "7.xyz", "model_rescale": 3.7474275329858107, "target_rescale": 4.199854421760784},
{"mapping": [8, 3, 6, 2, 4, 4, 5, 7, 1, 0, 9, 12, 10, 13, 14], "R": [[0.57632813920966, 0.37541086562282866, -0.7258874278615448], [-0.6871568816275785, 0.7033949681630565, -0.18179917160084888], [0.4423361798304464, 0.6035745196205777, 0.6633524728813451]], "T": [0.087563168910317, 0.10938297739288345, -0.009268790565231583], "aligned_model": [[-0.0196373955997714, 0.0011559216798650435, -0.37750644017217316, 0.6723613960691268, 0.40607578760734725, 0.40607578760734725, -0.4841720709911027, -0.569900360804061, 0.7665289648386366, 0.22292558750165992, -0.522974607250741, 0.34205792343570457, -0.21020121400221609, 0.5546027612534702, 0.13834729187399272], [-0.5503607158768856, -0.07454419698971614, 0.44128150599191374, -0.3831423653574043, -0.570521330311435, -0.570521330311435, -0.14945320553690083, 0.28607489801333574, 0.2878775114583786, 0.5248003966055197, -0.23574494798983697, 0.45032794956838246, 0.804277690765075, -0.1257839636517381, 0.08059658535283652], [-0.14512391198510177, -0.6969017734378541, -0.5927854774040938, -0.3614325537642167, 0.21097128285783343, 0.21097128285783343, -0.3544413704192705, 0.010713807038288309, -0.27749811282142656, -0.5025421641369016, 0.28817158848530655, 0.4375326918256244, 0.05173177733671658, 0.7219509833168929, 0.003552886170148333]], "inverted": false, "swapped": false, "error_lsq": 0.0480812234938803, "error_max": 0.3212421191946005, "target": "894.xyz", "model": "8.xyz", "model_rescale": 4.019505241142653, "target_rescale": 4.199854421760784},
{"mapping": [4, 9, 11, 13, 5, 10, 7, 3, 0, 1, 2, 6, 14], "R": [[-0.61690017244895, -0.5275483514490393, 0.5840607109846174], [-0.7316857776806767, 0.6578111845272518, -0.17866272205101352], [-0.28994844364521, -0.5375659795729777, -0.7918034589678589]], "T": [0.06038399005157778, 0.0025105794378419005, -0.044024569424474386], "aligned_model": [[0.01587219526360624, -0.6973232195436355, -0.08459169142525157, 0.3681224434516843, 0.32427992793748245, 0.7002214942695115, 0.3050243979668926, -0.2964987676116686, 0.11282280959431544, -0.48498585309679687, -0.27757906442642155, 0.3855037425957469, -0.05116764323428881], [-0.6572038208896677, 0.3196443789463478, -0.035487391995941905, -0.45723636023342146, -0.7262912635286253, 0.0587546203926583, 0.695268641709372, -0.641077045064528, -0.25316179468286587, -0.1107440017945643, 0.6408020683630766, 0.24483365325845247, -0.01472345636623379], [-0.25243605311553174, 0.0031882405602211283, -0.676932137407226, -0.6954992443882266, 0.20706591647695846, -0.22664673063373472, -0.0549167440621354, 0.2806513577226085, 0.5443682692476977, 0.5614574459061829, 0.24665435578150083, 0.334624294145789, -0.09487547619022507]], "inverted": false, "swapped": true, "error_lsq": 0.055249330222251376, "error_max": 0.2928220192971875, "target": "894.xyz", "model": "9.xyz", "model_rescale": 3.877068213659057, "target_rescale": 4.199854421760784},
{"mapping": [5, 1, 4, 0, 11, 12, 3, 13, 8, 7, 6, 9, 2, 10, 15], "R": [[-0.28970676060126244, 0.6774389612490825, -0.6761260582492641], [-0.9175107463647305, 0.004540880099265621, 0.3976850647348473], [0.27247756452074806, 0.7355649761847614, 0.6202420032883563]], "T": [0.021289731131135997, 0.05130378212788221, 0.013908094403071294], "aligned_model": [[-0.04675917468213511, 0.2874241908770362, -0.34581116447119986, 0.5815306756504286, 0.6371610713825766, 0.11262468401373105, -0.4940507677107373, -0.6118121622817271, 0.7142187470823733, 0.20699134489381857, -0.3215734503217762, 0.3724638737379572, -0.0675467906839816, 0.2180389894103836, 0.08283926615033621], [-0.4838128407352037, -0.08203529783771372, 0.2838828170136055, -0.44237842192236226, -0.2490421239913459, -0.6854908198204231, -0.2472872605350932, 0.36965029749931083, 0.34015358565932396, 0.5390626266227718, -0.2924358059902742, 0.5077619295069716, 0.7086404743718087, -0.043493844893229563, -0.008010833218057567], [-0.5517905785631575, -0.8011377627688555, -0.5049701232208328, -0.26208828441740156, 0.28804328951310865, 0.09749551352402981, -0.2052468786709422, 0.3228999788783564, -0.16424382296184376, -0.6137006927245104, 0.39416131199523774, 0.3363487636048125, -0.005376701968961464, 0.6888258069707667, -0.014348883270028829]], "inverted": false, "swapped": false, "error_lsq": 0.0384562765373573, "error_max": 0.3005568015083882, "target": "894.xyz", "model": "10.xyz", "model_rescale": 4.260839863003843, "target_rescale": 4.199854421760784},
{"mapping": [7, 10, 4, 11, 8, 9, 2, 6, 5, 3, 1, 14], "R": [[-0.8680515547771293, -0.46999010265139773, -0.15998687964560587], [-0.04392416793952891, 0.39368426712369015, -0.9181957118665406], [0.49452721433691493, -0.7900139247057686, -0.3623821643667902]], "T": [0.06226608937623132, -0.08976465824102542, -0.1220079876505046], "aligned_model": [[0.4698194389224116, 0.4084588152720815, -0.333867023857254, -0.4506166551208062, -0.5789059021208538, -0.31831798501659503, 0.23880755912304655, 0.6114519382057938, 0.14439366622684546, -0.20729726926321138, 0.027875172949335225, -0.05290310622666344], [0.04441972606088834, -0.6192960454674317, -0.4681977035429564, -0.3373912014078042, 0.25536984154798675, 0.6226950280534853, 0.5965517157892409, -0.012561620828324363, -0.47805326781537893, 0.044614838149275304, 0.5694238511062053, -0.04449665611225215], [-0.7184777017003625, -0.33567451331697634, 0.30285284042439964, -0.43611970213924056, 0.10696053143945308, -0.27846906719938025, -0.4443932118512657, -0.1372684575944112, 0.5895583418295232, 0.6238221119215476, 0.36906340317427044, -0.1256764975920525]], "inverted": false, "swapped": true, "error_lsq": 0.045780989085353156, "error_max": 0.22541699610279012, "target": "894.xyz", "model": "11.xyz", "model_rescale": 3.890672605050136, "target_rescale": 4.199854421760784},
{"mapping": [9, 8, 4, 12, 11, 6, 1, 7, 2, 0, 13, 3, 10, 14], "R": [[-0.2560344834785999, -0.7978450786186262, -0.5457926106076236], [-0.6742738260306231, 0.551980051075077, -0.49058417294607126], [0.6926768011128077, 0.24240720645062094, -0.6792919810073828]], "T": [0.054538044711831705, 0.021702678057604462, 0.2168457448014473], "aligned_model": [[0.28354625416886814, 0.26439872387548097, 0.10272043462836117, 0.6247957584507989, 0.6750767248510806, -0.32601098876226764, -0.39710699664603105, 0.16735025397597375, 0.023742087174717257, -0.5707755381423035, 0.4734913212144299, -0.3107622091817201, 0.07243576198512025, 0.12697424720118441], [-0.41383779802695014, 0.17577260844090117, 0.6972023644996191, -0.47009168080450725, 0.2159113777767551, -0.26323927828839583, -0.13350597007448775, -0.5896298376750173, -0.7190728146644779, 0.10256571933584795, 0.6926537621337517, 0.47832941086354114, 0.12456101412856056, 0.03453364218262489], [-0.44253490807156376, -0.500696505001208, 0.0684598717281947, 0.10475506799341679, 0.20108151101001853, 0.5028331608164631, -0.4530724360509219, 0.6085436668593532, -0.020709652879012608, 0.08735282245582471, 0.5405620577084255, -0.3354517675875071, 0.8763956762915677, 0.11727187008381054]], "inverted": true, "swapped": true, "error_lsq": 0.05313314541013374, "error_max": 0.30640752875797794, "target": "894.xyz", "model": "12.xyz", "model_rescale": 4.124412569039231, "target_rescale": 4.199854421760784},
{"mapping": [8, 11, 10, 9, 4, 3, 12, 1, 7, 2, 0, 6, 14], "R": [[0.1733707858360709, 0.9513428912188244, -0.25473373146482037], [0.7298272369821595, -0.29777547077050465, -0.6153714107483312], [-0.6612826738827884, -0.07922419033863548, -0.7459415210910421]], "T": [0.2301075500610616, 0.20569196924182037, 0.06108267151142096], "aligned_model": [[-0.2029774391394345, -0.08687277309418401, 0.6184930636087038, -0.49961220615576424, 0.48055084479467847, 0.4270148245104265, -0.4696879614413219, 0.0965526670726145, 0.03434828486085095, -0.2688246738888211, 0.6208489653435696, 0.4807919738043044, 0.13667273723413503], [-0.37870204568277216, 0.36329831475774205, 0.7376595436995055, -0.11272008795807614, -0.14152993664844976, -0.5676453030398623, 0.5050928935568648, -0.48421984137602053, 0.7995475430832928, 0.25420236175948374, -0.17496201718189058, 0.40309300610324483, 0.14437094543541495], [0.2925280339810962, 0.6067176211326004, 0.17096201580980983, -0.1463925099115692, 0.6063851936052941, 0.16188832297796404, 0.04479771172989186, -0.3667585650175506, -0.32478669628188184, -0.5346040467454152, -0.28060141399302774, -0.3927768197651806, 0.11433923344580738]], "inverted": true, "swapped": true, "error_lsq": 0.04975511354342022, "error_max": 0.2670352754842347, "target": "894.xyz", "model": "13.xyz", "model_rescale": 3.9028299243045295, "target_rescale": 4.199854421760784},
{"mapping": [3, 0, 2, 4, 10, 7, 6, 1, 5, 8, 9, 13, 12, 14, 15], "R": [[0.5816047285887427, -0.5589205221182558, 0.5910531191342039], [0.8134407062231443, 0.39326849505451394, -0.42854883998997123], [0.007082170741182892, 0.7300326984133069, 0.6833755205631664]], "T": [0.04335109872981155, 0.05866744643980231, -0.09888090639314547], "aligned_model": [[-0.07909545877516759, 0.25931453950520666, -0.36448101172192227, 0.5493665110292548, 0.5642142574212246, 0.13987605877214912, -0.511969780691806, -0.571623245543488, 0.5009536744050077, 0.2717203524578179, -0.25293950619403927, 0.5692172494208421, 0.05321875143546448, 0.18185238858116484, 0.016114552945375643], [-0.403644303451787, -0.025746017130806216, 0.33549034751717216, -0.31217033802299404, -0.28528045858760265, -0.7899081967827393, -0.30981233865346464, 0.23938024745129657, 0.2813222675380344, 0.6267391983758828, -0.3808686611850817, 0.4557292373894996, 0.715882177886712, 0.09512444058790348, -0.027073121201936494], [-0.4988360685119853, -0.89477698545196, -0.6458652029496169, -0.35537849705016833, 0.30824807881208083, 0.20316257666094262, -0.08308118787482721, 0.007647001588807753, -0.1547964411960357, -0.5696771767284248, 0.4666854858115957, 0.3466054318041682, 0.12961792327592087, 0.7743538461620592, -0.02903784843277897]], "inverted": false, "swapped": false, "error_lsq": 0.045688832343498666, "error_max": 0.28644004320423533, "target": "894.xyz", "model": "14.xyz", "model_rescale": 3.942246331269136, "target_rescale": 4.199854421760784},
{"mapping": [10, 11, 13, 6, 7, 9, 4, 3, 8, 13, 5, 0, 12, 2, 14], "R": [[0.6529523564663646, -0.743115500389493, -0.14639867918084284], [0.7058408526885273, 0.667124778508762, -0.23818736443306188], [0.27466690892962436, 0.05219083234160026, 0.960121974625379]], "T": [0.03259150698520688, -0.025084522940960724, -0.047351063189586526], "aligned_model": [[-0.1962978706759447, 0.268910806858749, -0.12387161880893663, 0.47600651494523294, 0.7618432520378183, 0.2153500763336279, -0.4023632935086444, -0.6363503656122674, 0.7324449215605463, -0.12387161880893663, -0.2451293136220031, 0.4766873445495946, -0.2094669457231429, 0.2723821227838873, 0.059465320737504095], [-0.6104120918798092, -0.0523912363164174, 0.5312355069758482, -0.30732995396492324, -0.292441507419656, -0.7721214950965297, -0.07157660959105552, 0.17940875330972644, 0.2633900956264684, 0.5312355069758482, -0.15416706909754344, 0.303768845348253, 0.7553087692486832, -0.12217345361326323, 0.03343042122445927], [-0.38499259777499606, -0.7237522433840475, -0.6191527430449391, -0.23842706042714812, 0.30998861179378107, 0.19076104001963673, -0.43762889285568335, 0.11771620053854155, -0.20806359797578722, -0.6191527430449391, 0.5085161873910768, 0.4377796739226701, -0.02566528119775796, 0.6707868892647348, 0.026157492694635118]], "inverted": true, "swapped": false, "error_lsq": 0.05086223010916332, "error_max": 0.3590411973403158, "target": "894.xyz", "model": "15.xyz", "model_rescale": 4.355366556412066, "target_rescale": 4.199854421760784},
{"mapping": [6, 2, 7, 4, 10, 0, 11, 3, 12, 1, 9, 14], "R": [[-0.0851846120216131, 0.8038750958752579, -0.5886666391993625], [0.9787358632116978, 0.1781598726171595, 0.10166203741953196], [0.18660035353123017, -0.5674891100458076, -0.8019578655025694]], "T": [-0.16522652921949435, -0.0010880424543182785, -0.11170281957827902], "aligned_model": [[-0.20685556191435023, 0.5380316357882053, 0.1414978559173866, -0.6049714497578655, -0.5944860953725782, -0.34624118049051833, -0.12510983593363656, -0.3390108839776386, 0.45340755551960876, 0.1815690692668049, 0.6003890997907675, -0.10041165420440493], [-0.5323768297426301, -0.3129483910114446, -0.5797512919765443, 0.5303144188365096, -0.3602483425254989, -0.1474818474482563, 0.40608221464598193, 0.4745303334558227, 0.026887830232041988, 0.1384081131497404, 0.2652053348463907, 0.10415488527886757], [0.04256167932509225, 0.007881313705462883, -0.4447948439653755, -0.04187757053617666, -0.47590932889730264, 0.4884029004151884, -0.6173082154308933, 0.5132539383951347, -0.5545674614962363, 0.621193470709032, 0.029164698007998008, -0.11874211902250251]], "inverted": false, "swapped": true, "error_lsq": 0.04967145497153643, "error_max": 0.33038516476851265, "target": "894.xyz", "model": "16.xyz", "model_rescale": 3.795458400668931, "target_rescale": 4.199854421760784},
{"mapping": [8, 9, 12, 3, 11, 2, 1, 4, 5, 6, 7, 10, 14], "R": [[0.2604127999023679, 0.628926449084155, 0.7325549094022956], [-0.8845990420228204, 0.459441796452961, -0.0799860645636773], [-0.3868716951384763, -0.6271879760601858, 0.6759922589691467]], "T": [-0.04842716197897032, 0.10433944349117097, 0.11189431147085839], "aligned_model": [[0.06547711290084918, -0.017136151630559232, 0.39290754329222566, -0.40738811016119203, 0.5863078331156797, -0.25651926938303504, -0.6252875111478812, 0.10064461514445663, -0.3822264814254289, -0.4232976430133397, 0.010534088366390082, 0.09690213908538634, 0.007713635760670426], [-0.3332076887644932, 0.21898203724564647, 0.5465700133740019, -0.5838594556573392, -0.01558625074822309, 0.6539494895991923, -0.10065738190165291, -0.5580735212189409, -0.512044967230831, 0.4488936841308727, 0.8339803869647109, 0.30943487438857953, 0.05540004528896202], [-0.5031050800557878, -0.7022316370521811, -0.3231639286521912, -0.09908934592858075, 0.03597924362534323, -0.39874818640673404, -0.43771625612247955, 0.25198858636552807, 0.5272109340736496, 0.33224127693569483, 0.1753684484107822, 0.7305392307813254, 0.013001744861926304]], "inverted": false, "swapped": true, "error_lsq": 0.05179515985969808, "error_max": 0.32717340987749377, "target": "894.xyz", "model": "17.xyz", "model_rescale": 3.7474275329858107, "target_rescale": 4.199854421760784},
{"mapping": [2, 7, 12, 6, 1, 3, 9, 11, 0, 8, 5, 10, 4, 14], "R": [[0.05087334753638029, 0.9385318526303652, -0.3414232916903254], [0.03776992707071558, 0.3398133498226673, 0.9397341751215449], [0.9979906488136627, -0.0607029561101593, -0.018160836984362272]], "T": [-0.03930592791474087, 0.06264024431591063, -0.04826394585592409], "aligned_model": [[0.5429099537808199, 0.22998090550001693, 0.664593933648192, -0.2142078966799143, 0.13324895861362845, -0.2736996202222206, 0.7023048082858055, 0.199123584947279, -0.38776783508037593, 0.33607572753576526, -0.7606506946660813, -0.4222528424235739, -0.3780914233628766, 0.04328008800641232], [-0.3090928624901532, 0.17696982340064374, 0.30885459638446155, -0.17304953019576502, -0.6971546081366689, -0.38341887259369656, -0.23514039504956175, 0.6048547011341285, -0.47810061498821765, -0.10490879126509121, -0.10183168922045314, 0.4570330879339061, 0.2241820373968348, 0.07121135920086635], [-0.4073857260241079, -0.7222777811673916, -0.2016371802934205, -0.5190695522329133, 0.2159328183112948, 0.5786935104575268, 0.14734617264792618, 0.22041547999633543, -0.025949205934232077, 0.594901555229381, 0.29298425562429165, -0.42735789632543264, 0.5346325917656344, 0.043565676606762783]], "inverted": false, "swapped": true, "error_lsq": 0.04753408033492113, "error_max": 0.27622828225509277, "target": "894.xyz", "model": "18.xyz", "model_rescale": 3.922800546911778, "target_rescale": 4.199854421760784},
{"mapping": [9, 7, 3, 11, 4, 10, 2, 0, 13, 12, 1, 8, 5, 6, 14], "R": [[0.10692448778549782, -0.5566344994644438, 0.8238477941451184], [-0.9112169572557176, 0.276662189250254, 0.30519123488214495], [-0.39780750460673914, -0.7833364966891464, -0.4776328320303519]], "T": [0.11034880655251963, 0.06885790265899769, -0.0016245598517983934], "aligned_model": [[-0.16601906578408335, 0.25439669929647535, -0.26969575450107974, 0.550858628312193, 0.6832362882812367, 0.19489261229727006, -0.4034571743531383, -0.6787073220457612, 0.7505177323987089, 0.20927778640121877, -0.361483095910876, 0.4035286175602425, -0.2059914646880062, 0.24961438843169265, 0.11477045735099178], [-0.5215922321399599, 0.023327002392909163, 0.21576727465306314, -0.37281366786925674, -0.29740267617286475, -0.7226359590238955, -0.4283496594948982, 0.3190732481669648, 0.19477391983021208, 0.6911877504937707, 0.044203518857168805, 0.43779780241113864, 0.7547405751615514, -0.17680743114386174, 0.05389501560804762], [-0.48920288522221067, -0.7860913601535325, -0.49470975697192254, -0.34531182101981245, 0.24640822178087834, 0.1287228954045322, -0.04540831152226017, -0.11662604884520249, -0.2164329624361948, -0.47229712332513, 0.5682437066036786, 0.38865688066257575, 0.10804545673405079, 0.627677762871149, -0.09680371864082116]], "inverted": false, "swapped": false, "error_lsq": 0.042275966079270214, "error_max": 0.2546749336728033, "target": "894.xyz", "model": "19.xyz", "model_rescale": 3.9282355846067225, "target_rescale": 4.199854421760784},
{"mapping": [7, 11, 13, 12, 2, 11, 8, 4, 1, 0, 10, 6, 5, 14], "R": [[-0.6928027861041188, 0.5341447619768495, -0.4844725717923214], [-0.4566670774661321, 0.19497739406581452, 0.8680086382990934], [0.5581034670425483, 0.8226014764489543, 0.10884544555969361]], "T": [-0.06773745708449516, -0.10627665672533824, 0.0895713541074585], "aligned_model": [[-0.685439108402865, 0.13644341534068513, 0.6026326271272878, -0.5480535938315594, -0.8036735287693659, 0.13644341534068513, 0.1048509821874935, 0.6114417398777976, -0.21567913394613597, 0.006077998439557752, 0.021310120555126766, -0.3646252161444703, 0.5824494326227254, -0.051656331312286835], [-0.494137833418691, -0.41269729651825043, -0.6058203439386433, -0.297160881846345, 0.12111125199263, -0.41269729651825043, 0.4007536029679758, -0.010497672000004774, 0.7019916549088342, 0.3244912666175443, -0.6828545916532339, -0.15392918502786546, 0.10235071482621207, -0.05802130296707639], [0.17839521952729365, -0.4465726065105735, -0.08805046638915515, -0.4694272976753524, -0.023663472457971402, -0.4465726065105735, -0.4542847617395437, -0.011333258808302354, 0.13054614550528099, 0.5621330961358296, 0.41443238837026675, 0.5558171932846311, 0.5340612333471999, -0.023297648835347337]], "inverted": true, "swapped": true, "error_lsq": 0.04835966767087092, "error_max": 0.42075503947462406, "target": "894.xyz", "model": "20.xyz", "model_rescale": 4.067790424073018, "target_rescale": 4.199854421760784},
{"mapping": [5, 4, 6, 8, 7, 1, 13, 11, 0, 2, 10, 12, 3, 9, 14], "R": [[-0.24493369895118022, -0.2692280323847266, 0.9314095499276036], [-0.2963991186107404, 0.935471820959534, 0.19245787767049152], [-0.9231224434520422, -0.22892954979404093, -0.30892752487635167]], "T": [0.07631952843089672, 0.028391546425708306, -0.1231475444251133], "aligned_model": [[-0.04614827075834112, 0.21343352651370706, -0.362067615788469, 0.4691398023551573, 0.6992758422174237, 0.2037407248367763, -0.5007187397294136, -0.43384909771530344, 0.7102735997133338, 0.33616377102831535, -0.319861937847588, 0.07396505194621623, -0.006277605612344694, 0.24263716422025217, 0.04603311766736297], [-0.4529989563027949, -0.07919961015050929, 0.3331676759082013, -0.3237648803146416, -0.26734581399646784, -0.7102448771468796, -0.3448804501376817, 0.3274209605763238, 0.34860192155963055, 0.5275560594704238, -0.2702503566422638, 0.4308989621301481, 0.8736748795220062, -0.19018440587055202, 0.012713373125145859], [-0.4421004295075801, -0.9055134366345178, -0.6354805663710262, -0.3395868666948684, 0.16168363710670583, 0.21074641143094816, 0.010337880761788626, 0.1382747888748291, -0.11808980955915721, -0.610012710610514, 0.5288801245146627, 0.5287697077174447, -0.07396607547312263, 0.6039101538163072, -0.052981873452121936]], "inverted": true, "swapped": false, "error_lsq": 0.04460015075581063, "error_max": 0.2531797462245082, "target": "894.xyz", "model": "21.xyz", "model_rescale": 4.186013935880536, "target_rescale": 4.199854421760784},
{"mapping": [9, 1, 2, 11, 4, 12, 8, 3, 6, 0, 5, 10, 14], "R": [[-0.5945380002086607, 0.6720173282775499, 0.4414943678039287], [-0.7976202661574314, -0.5623071873834735, -0.21820297438815048], [0.10161927633493231, -0.48187481518708897, 0.8703276309330721]], "T": [0.14102809170019476, 0.03358020433844983, 0.11549889492117953], "aligned_model": [[0.16407867305307952, -0.42269917995645695, 0.4027090827564613, 0.41232501633253443, -0.2853587968083661, 0.7089281950758808, -0.20717749812732839, -0.6438987776790477, 0.2183856181596121, -0.3657018555964548, -0.5046172011867291, 0.45707944455867816, 0.12452131484136233], [-0.35396848711859996, 0.07199752419589103, 0.1767099501340629, -0.5189225968447242, -0.30976844897655237, -0.30272660826998615, -0.5678407673149759, -0.1357190836838686, 0.5772487515065109, 0.4192405847980653, 0.20126389050351293, 0.34189759376792306, -0.08045564315116524], [-0.6098960279581711, -0.4824969324891824, -0.6036438053641578, 0.3256712457011423, 0.540875974679601, -0.26398374195923346, -0.20024088785494487, 0.06846325311220079, 0.03651401406697262, 0.02160982878070143, 0.5833278825024032, 0.6164561859582692, 0.07022257215974428]], "inverted": false, "swapped": true, "error_lsq": 0.04524610564628351, "error_max": 0.26651313946286853, "target": "894.xyz", "model": "22.xyz", "model_rescale": 4.166573947596378, "target_rescale": 4.199854421760784},
{"mapping": [1, 0, 5, 4, 3, 2, 6, 13, 8, 7, 12, 9, 10, 11, 15], "R": [[0.13407421409103848, 0.9905252721282412, 0.02972861233129198], [0.32654370378374636, -0.015836125266458834, -0.9450494308001767], [-0.9356245585891082, 0.13641445089072823, -0.3255730071015068]], "T": [0.1057563617471867, 0.0385426712836686, 0.05182280622748821], "aligned_model": [[-0.08221811557386904, 0.2779851741320212, -0.46072920329541944, 0.6353985793690344, 0.5818971228272495, 0.14141581401806683, -0.4612411435727728, -0.5261922035224386, 0.8121615462993085, 0.03536166159496998, -0.30827573457588886, 0.43318826152571754, -0.06325551370882321, 0.2359716165434393, 0.07427147098648952], [-0.4002893614741947, -0.012326129613539918, 0.14940280244451265, -0.2933827227297575, -0.2657350411730759, -0.6322134747314042, -0.4645862994877922, 0.5694448994098492, 0.33814493562558806, 0.4775549324615666, -0.08897150772240554, 0.33517916158607486, 0.758918147209857, -0.2654634290458832, 0.009487568970694492], [-0.4775080012725276, -0.7447356436792366, -0.5463963150973866, -0.3343871981564439, 0.2570828884555083, 0.011525967197128714, -0.01513016008661043, -0.1368487971474321, -0.20373411240369177, -0.5082686759217803, 0.5434516424402793, 0.45832533993495067, -0.06408833535535709, 0.7678658257501768, -0.0022834887377989055]], "inverted": true, "swapped": false, "error_lsq": 0.0494737195767598, "error_max": 0.31580308212547886, "target": "894.xyz", "model": "23.xyz", "model_rescale": 4.274766983524099, "target_rescale": 4.199854421760784},
{"mapping": [10, 11, 4, 0, 8, 1, 6, 2, 7, 12, 14], "R": [[-0.6986269197996087, 0.4506915460358569, 0.5556955616730446], [0.6896936236964466, 0.6308633063590099, 0.3554352178980616], [-0.19037629149601493, 0.6315762970707397, -0.7515771740910159]], "T": [-0.05259336070354969, 0.0703277148064324, -0.08628331327855229], "aligned_model": [[0.40614992928826343, 0.14903811667757721, -0.4429806142051581, -0.4888097198492075, -0.5596239453571957, -0.705658303625953, 0.10575784155426374, 0.08511561007286272, 0.5700263549070037, 0.3590463102584853, -0.09816687576286703], [-0.14078761547239405, 0.6753101424312106, 0.36688728272420956, -0.4021931534043249, 0.5778698026648774, -0.1088216329579641, -0.4565210701023559, -0.07983065376669002, -0.16155321086865765, 0.4691041572549345, 0.1761224827406379], [-0.5231942755125659, -0.21424734438467644, -0.5764771029056059, -0.11391739374652352, 0.17442139254255587, 0.380915818137629, -0.014495138298677726, 0.6651273549319493, 0.2274956336516247, 0.41486536880397684, -0.04092787919810868]], "inverted": false, "swapped": true, "error_lsq": 0.055575059043568104, "error_max": 0.2794320612717422, "target": "894.xyz", "model": "24.xyz", "model_rescale": 3.7841303162186577, "target_rescale": 4.199854421760784},
{"mapping": [14, 13, 5, 11, 7, 10, 9, 2, 6, 3, 8, 1, 4, 0, 15], "R": [[0.987628085897826, 0.12562263315390212, -0.09386009793984254], [0.1392751705109081, -0.9777479189385457, 0.15688031709077124], [-0.07206379690908732, -0.1680117884281445, -0.9831474193243975]], "T": [0.07688347340651966, -0.04846110794101871, -0.024479943326481637], "aligned_model": [[-0.2329323277330422, 0.1873778416200994, -0.36846258919098906, 0.7069015513808709, 0.6352592491177729, 0.21495108816473718, -0.4237292730703842, -0.6004619384106824, 0.6225300491654917, 0.2845495184448581, -0.24834202408470266, 0.07530380636545415, 0.022258918196910824, 0.32557315260213215, 0.12496231047855792], [-0.6289648787319455, -0.20135731667912712, 0.5335972927871311, -0.22983264954184468, -0.26405189430197906, -0.8050996238833479, -0.34449379538731767, 0.28109350972497654, 0.4181364580308964, 0.45852875374767493, 0.06118562225109553, 0.37160460342748436, 0.6954011165191185, -0.12742792754392032, -0.0031547886888056986], [-0.4675696676175423, -0.7836991087969244, -0.5063654568194357, -0.4239910877086256, 0.22957254344618971, 0.09252687367477232, -0.08686771900647126, 0.012802425058941594, -0.10561549678254605, -0.6151050202713786, 0.4568346668596499, 0.5891801389566311, -0.004744395507273402, 0.6634500198347254, -0.04553777940093458]], "inverted": false, "swapped": false, "error_lsq": 0.04639551262249222, "error_max": 0.3003654964273396, "target": "894.xyz", "model": "25.xyz", "model_rescale": 4.19342608120988, "target_rescale": 4.199854421760784},
{"mapping": [6, 2, 7, 4, 10, 0, 11, 3, 12, 1, 9, 14], "R": [[-0.0851846120216131, 0.8038750958752579, -0.5886666391993625], [0.9787358632116978, 0.1781598726171595, 0.10166203741953196], [0.18660035353123017, -0.5674891100458076, -0.8019578655025694]], "T": [-0.16522652921949435, -0.0010880424543182785, -0.11170281957827902], "aligned_model": [[-0.20685556191435023, 0.5380316357882053, 0.1414978559173866, -0.6049714497578655, -0.5944860953725782, -0.34624118049051833, -0.12510983593363656, -0.3390108839776386, 0.45340755551960876, 0.1815690692668049, 0.6003890997907675, -0.10041165420440493], [-0.5323768297426301, -0.3129483910114446, -0.5797512919765443, 0.5303144188365096, -0.3602483425254989, -0.1474818474482563, 0.40608221464598193, 0.4745303334558227, 0.026887830232041988, 0.1384081131497404, 0.2652053348463907, 0.10415488527886757], [0.04256167932509225, 0.007881313705462883, -0.4447948439653755, -0.04187757053617666, -0.47590932889730264, 0.4884029004151884, -0.6173082154308933, 0.5132539383951347, -0.5545674614962363, 0.621193470709032, 0.029164698007998008, -0.11874211902250251]], "inverted": false, "swapped": true, "error_lsq": 0.04967145497153643, "error_max": 0.33038516476851265, "target": "894.xyz", "model": "26.xyz", "model_rescale": 3.795458400668931, "target_rescale": 4.199854421760784},
{"mapping": [12, 6, 7, 11, 13, 3, 1, 8, 0, 10, 4, 5, 14], "R": [[0.9780269199092159, 0.02472773097042312, -0.20700696426436255], [-0.17171972149394643, 0.6586020629079529, -0.7326361033851873], [0.118218785237094, 0.7520850098588879, 0.6483767861071388]], "T": [0.005964028213363448, -0.13236101853719487, -0.08399501498476986], "aligned_model": [[0.09163618133751107, 0.4565233273060802, 0.6437415557514536, -0.21024626136244395, -0.15827995483760712, -0.6402796568636266, -0.39064361112892243, -0.702174048664796, -0.04648619529247837, 0.49068480965129313, -0.49153191837254673, -0.2488091442816306, -0.09445870042102932], [-0.6517456934528792, -0.18632055315957238, -0.44343806397217256, -0.028611202382225115, 0.5704760374083546, -0.01689493796751676, -0.5863424393107677, -0.4065755091144678, -0.08321029733643195, 0.30753632320846314, 0.350387575764595, 0.47774064076342726, -0.18112037719189206], [-0.634012935562339, 0.2351961097472926, -0.27465754058002023, -0.6885798890859589, -0.5417432461977951, 0.38078608890687227, 0.4758858534885441, -0.16140822827518275, 0.5556591931182362, -0.2160645818001764, -0.09355086341780516, 0.39214175144865887, -0.13751504969090028]], "inverted": true, "swapped": true, "error_lsq": 0.05352938465538964, "error_max": 0.298960919734028, "target": "894.xyz", "model": "27.xyz", "model_rescale": 3.6321398670334006, "target_rescale": 4.199854421760784},
