[{"mapping": [1, 3, 6, 0, 7, 12, 11, 5, 8, 2, 9, 10, 13], "R": [[0.9705561139572673, 0.18026966967256772, 0.1597613090091324], [-0.1854624517236134, 0.9824848930800077, 0.01808628956508647], [-0.15370266315465894, -0.047183482975603694, 0.9869899747583338]], "T": [-0.055177104425606055, 0.007240028353307976, -0.06707171002414589], "aligned_model": [[0.08386676831706544, -0.5245098148859748, -0.7485630321567198, 0.012676615533044555, 0.028422260993516704, 0.48165396971784546, 0.28204400574109156, -0.18103289590952695, -0.2158269770096817, -0.5701576713920514, 0.2866090225370099, 0.8203941834118305, -0.004618338903744482], [-0.4265860370342395, -0.1874115188796711, 0.3289566251090841, -0.7016313778765774, 0.4547953711413363, -0.20848548451994084, 0.6007896151193179, 0.3168446837885418, 0.7550794134764542, -0.3323323792444267, -0.09442900291633195, 0.41902930361718305, 0.11930011149411918], [-0.4213397721833686, -0.1897007761115274, -0.08321701225103162, 0.23009766373106552, 0.5363351541387333, -0.0472044277951212, -0.2121325653612062, -0.74582537485726, 0.09263741344741655, 0.3919967391802185, 0.5729195580887979, 0.21441263649262002, 0.03982174745000974]], "inverted": false, "swapped": false, "error_lsq": 0.05271431480762983, "error_max": 0.3602733043638874, "target": "897.xyz", "model": "0.xyz", "model_rescale": 3.8414455957264533, "target_rescale": 3.899150642437446},
{"mapping": [0, 11, 8, 1, 6, 4, 7, 13, 9, 10, 5, 2, 14], "R": [[0.4769301130038454, 0.8462419209262418, -0.2375126914023818], [-0.5868755491216614, 0.1054398503568808, -0.8027823663981832], [-0.6543047891871856, 0.5222614759139164, 0.5469261317791736]], "T": [-0.016174172338927782, 0.07335958971813378, 0.0416735733527899], "aligned_model": [[0.25547988529281457, -0.5185845872964899, -0.7099028224819962, 0.020987297989928995, -0.014510039295105413, 0.49395995393194586, 0.39406565070710076, -0.4354307474858984, -0.037587729143219166, -0.3930314285486149, 0.1680972932302184, 0.5623953487206375, -0.034979979627616745], [-0.17477471732799757, -0.47503380718553384, 0.44729856255886974, -0.7867709743477274, 0.5511870982443369, -0.11308448759512621, 0.3834685396603624, 0.25687467953404053, 0.7168615498720705, -0.09739644142739312, -0.03139054816211459, 0.378373543575505, -0.011693674124443443], [-0.582946957966917, -0.3743959632689148, 0.0983533939423302, -0.04372156147046971, 0.6594965872819378, 0.013055151019436974, -0.3436713745679181, -0.5628039999658748, -0.18406159638482997, 0.5868361974200712, 0.6656881730005555, 0.38347545291407736, 0.06349748201586172]], "inverted": true, "swapped": false, "error_lsq": 0.045399792938861205, "error_max": 0.2824093372302674, "target": "897.xyz", "model": "1.xyz", "model_rescale": 4.316132596720782, "target_rescale": 3.899150642437446},
{"mapping": [4, 2, 8, 5, 6, 10, 0, 3, 7, 9, 1, 12], "R": [[-0.9538544873339903, 0.030358542667524954, -0.29873060753781905], [0.10916795664319014, -0.8917325825896327, -0.439198540970225], [-0.2797212438038286, -0.451543309146673, 0.8472689453353706]], "T": [-0.11442497701893839, 0.06641920331504583, -0.05017770211443742], "aligned_model": [[-0.353404953507045, 0.6397716484683733, 0.14261915284793492, -0.6536086804557555, -0.32357791704714906, -0.42621838698318754, -0.1457823549543817, -0.20685710573196345, 0.4318781565821761, 0.2504154605125921, 0.37602305414097315, -0.13344951924078652], [-0.6835402368886822, -0.3872772262399924, -0.5923476379188114, 0.25924967145967026, -0.11514406503675437, -0.02294870633868465, 0.4428162392182923, 0.6294342367801695, 0.0026716661090252225, -0.03644790108784535, 0.5316333983550773, -0.015323010670484277], [0.1874187740899653, -0.02110984349503475, -0.3867270808503612, -0.11163024093108878, -0.5596315882098288, 0.4771458572731704, -0.5319038621214854, 0.486534951016271, -0.6012190239997163, 0.6358570586118978, -0.012688014159618649, -0.11278852601474933]], "inverted": false, "swapped": true, "error_lsq": 0.04930762222582555, "error_max": 0.29691777459866603, "target": "897.xyz", "model": "2.xyz", "model_rescale": 3.795458400668931, "target_rescale": 3.899150642437446},
{"mapping": [2, 9, 4, 5, 7, 6, 10, 1, 3, 0, 8, 12], "R": [[-0.012774486189474781, -0.6586488625521361, -0.7523420022578643], [0.3561438877837422, 0.7000637704600454, -0.6189283064164591], [0.9343438037986213, -0.2758484967297128, 0.22563081162616389]], "T": [0.09321972607691845, 0.0014876890602692804, 0.15167008683704655], "aligned_model": [[-0.16870167262157668, -0.15271668844400743, -0.7258057341840686, 0.17363118070453679, 0.3387168224177246, 0.05287521634848061, -0.23373424749102242, 0.6133115437135905, 0.40851952175634854, 0.5934155098594497, -0.34145965953721513, 0.03525203322132432], [0.01568690221428061, -0.6599480455616318, 0.0451910411253291, 0.07081287436000017, 0.46655980377375195, 0.5653058014738359, -0.42459812204584635, -0.24513502536531076, -0.6672835216667776, 0.34053834722067167, 0.4901171643074948, 0.08852182545391203], [-0.6889805562613733, -0.1894338972045526, 0.20902851324720823, 0.717715214606518, -0.42243487265334845, 0.281033495279709, 0.45960493514169276, -0.2047716800689506, 0.41036141816445915, 0.24948080255904354, -0.279150047067497, 0.14631810489619143]], "inverted": false, "swapped": true, "error_lsq": 0.051766935225836704, "error_max": 0.28757315168817055, "target": "897.xyz", "model": "3.xyz", "model_rescale": 3.7530521520055578, "target_rescale": 3.899150642437446},
{"mapping": [7, 2, 8, 4, 6, 9, 0, 1, 3, 10, 12], "R": [[0.6467987502679468, 0.5785982509977992, 0.49686561623250836], [-0.324505706774601, -0.3807855286317149, 0.865851273288538], [0.6901792686849838, -0.7212672494484644, -0.05853316966052388]], "T": [-0.016227190703208973, -0.07081785498606791, 0.16467618867295397], "aligned_model": [[-0.37077452613968764, -0.2797851467256749, 0.23582485035879183, 0.6550960766942712, 0.2714640043630068, -0.2353497468289629, -0.23232680903925548, -0.692488034602438, -0.3320856129837614, 0.26505561481580237, 0.05356893253311331], [-0.5934999663302238, 0.022341992278105835, -0.3458601133280485, 0.21361653167556655, -0.5727948088867145, 0.6348698248730738, -0.5806662953960622, -0.049609032811707865, 0.4174142615248504, 0.4491128022802418, -0.12772183756473543], [-0.29057868293526323, -0.6704024825713376, -0.5238965706331422, -0.21535647696631122, 0.12586447872957704, -0.09671256939290401, 0.42558542536146954, 0.18897540901038135, 0.6895123115136642, 0.348589170847147, 0.11125076428203534]], "inverted": false, "swapped": true, "error_lsq": 0.053183997403146194, "error_max": 0.24848887359518798, "target": "897.xyz", "model": "4.xyz", "model_rescale": 3.7855080009869324, "target_rescale": 3.899150642437446},
{"mapping": [3, 10, 15, 7, 12, 0, 2, 9, 14, 8, 6, 1, 16], "R": [[-0.7086793840118127, -0.6444518113911474, -0.2871504718284591], [0.5442249880013593, -0.7583383209843254, 0.3588065681695285], [-0.44899074947214435, 0.09800435562434609, 0.8881455135095255]], "T": [0.0005009329275872283, 0.04984063289824806, 0.14181239945519106], "aligned_model": [[0.1546223274938196, -0.4458951748298783, -0.7849446440628427, -0.03222044900151047, 0.16898060489063557, 0.7067876941612445, 0.32050076687342166, -0.266238461231035, -0.18832992128956702, -0.6218135676442095, 0.03477568413652962, 0.7162203126353284, -0.011487076138231082], [0.009400620431947927, -0.37415780598935283, 0.2597034272295153, -0.6912831270058889, 0.6402393808249731, -0.12563690350172652, 0.48999498227056276, 0.253398506015272, 0.6689749664498883, -0.1721400565813742, -0.2513499639362621, 0.24380941045003662, 0.09296588661725758], [-0.5342259178966624, -0.24795690779481186, 0.006346684872133357, 0.24685694022773014, 0.4352560594513337, -0.1389731565222838, -0.3578374205007099, -0.4861432575342234, -0.05494375431402437, 0.3842151837623166, 0.7199010897744181, 0.2942126023264502, 0.11209283811768017]], "inverted": false, "swapped": false, "error_lsq": 0.04176922742602078, "error_max": 0.22731975906626273, "target": "897.xyz", "model": "5.xyz", "model_rescale": 4.2253639853439635, "target_rescale": 3.899150642437446},
{"mapping": [5, 10, 4, 8, 7, 11, 6, 2, 3, 1, 9, 12, 13], "R": [[0.43370871807777256, 0.38925108041257306, 0.8126378924594767], [0.49858316761879007, -0.8548987798114078, 0.14339770306451857], [0.7505408535386658, 0.3429747405780941, -0.5648510905493946]], "T": [-0.05682698540727646, 0.052453361321744045, 0.0961355280134292], "aligned_model": [[0.09647217856806128, -0.49152878319739846, -0.7127255819216851, 0.04826362637418599, 0.26896260562275265, 0.6780015524334668, 0.28306740738071934, -0.31680351251734173, -0.18350833974174074, -0.6518776489627951, 0.03851271165789219, 0.763753696814419, -0.06963181651683079], [-0.19399684634244907, -0.4194515565823314, 0.3128129927264053, -0.6779323252107629, 0.7342631576675119, -0.08180282296950792, 0.46738848884782547, 0.2246012083848294, 0.7400650340916688, -0.24570139022320014, -0.2275472421739147, 0.3011465781145895, 0.1100740469441844], [-0.46645040134974247, -0.3475451790779689, 0.042087349211697905, 0.13298098665527136, 0.3377711214394409, -0.12193805077954914, -0.2588554716179746, -0.4979595284721191, -0.02282452676494516, 0.40552886002234023, 0.6300891137219362, 0.46511085558267906, 0.08080585539827997]], "inverted": false, "swapped": false, "error_lsq": 0.04731462437452241, "error_max": 0.37165067531011803, "target": "897.xyz", "model": "6.xyz", "model_rescale": 3.89814844738969, "target_rescale": 3.899150642437446},
{"mapping": [4, 10, 5, 11, 6, 7, 0, 2, 1, 9, 8, 3, 12], "R": [[-0.22459605292945858, 0.9710875982470157, -0.08090419976336549], [0.2726222119649547, 0.14232814024067708, 0.9515355117067179], [0.9355392790000019, 0.19165483825479818, -0.29670638756468315]], "T": [0.07002043752135233, 0.04388778497709495, -0.008843578906512203], "aligned_model": [[0.1466316979563339, -0.565203558806348, -0.5865889172184849, 0.0635013711595184, -0.00637526855588251, 0.7005079357745365, 0.33095023240984517, -0.27522162364299846, -0.25627389431277914, -0.6196771657088227, 0.2045272707146339, 0.6574995678669395, -0.04331955164278646], [-0.2834763215103463, -0.23251619467410267, 0.4192214225984154, -0.746292102260635, 0.466840398906136, -0.1194026499946958, 0.5501228341568876, 0.19459025895678508, 0.7943587102854696, -0.1541646325851254, -0.21043252713368793, 0.3886066693071009, -0.023536542777352183], [-0.5588065276062556, -0.2517323962171748, 0.1659861089697458, 0.16697910677923228, 0.5133160073229571, -0.0930838776899355, -0.172098301930659, -0.6085472791288452, -0.22126300201454707, 0.5231698936963213, 0.6034601553520031, 0.42522910955082416, -0.11380801311432016]], "inverted": true, "swapped": false, "error_lsq": 0.04842566786957722, "error_max": 0.25361837386114783, "target": "897.xyz", "model": "7.xyz", "model_rescale": 3.7474275329858107, "target_rescale": 3.899150642437446},
{"mapping": [2, 4, 9, 13, 10, 1, 3, 8, 5, 11, 12, 0, 14], "R": [[-0.2536335692036936, 0.23270087520734473, -0.938893133029916], [-0.8472611776605992, -0.5217620396916377, 0.09956340073539616], [-0.46671030565241467, 0.8207403222789522, 0.32949478597281623]], "T": [0.001193422101987706, 0.1253911868250775, 0.1089307351703449], "aligned_model": [[0.32420967847636906, -0.2772475645789781, -0.7313929887215895, -0.262345340384383, 0.13296624518552225, 0.6742640529463241, 0.26266708374120074, -0.32037130663664465, -0.28126784144590267, -0.4385905751412621, 0.0674460155891582, 0.5900688775665291, 0.010551759397361873], [-0.19442544888668545, -0.3869062122562605, 0.33370860829119486, -0.7302760554938905, 0.44955220182827516, -0.18574871269844878, 0.5833453537007602, 0.16117609740675734, 0.7221304493245326, 0.08412313740116206, -0.27856997307278775, 0.41250414310136574, 0.07330573462887449], [-0.5995657810453214, -0.4128430066719908, 0.09276154599043174, 0.18950815000833618, 0.7818489464984042, -0.01342002645029225, -0.37691290458919147, -0.49150733929065704, -0.168808983286385, 0.5463858065266634, 0.570524272765436, 0.17967736701017697, 0.08115293650373605]], "inverted": false, "swapped": false, "error_lsq": 0.05359164556978963, "error_max": 0.3134287888640834, "target": "897.xyz", "model": "8.xyz", "model_rescale": 4.019505241142653, "target_rescale": 3.899150642437446},
{"mapping": [5, 4, 7, 3, 1, 6, 11, 8, 9, 0, 2, 6, 12], "R": [[-0.35807029229724724, -0.9104215332945822, 0.20716731761478757], [0.5605191920844443, -0.3870494965577277, -0.7321276681832286], [0.7467288002207804, -0.14603191064952847, 0.6488996686644881]], "T": [0.027370553725272338, 0.16355894230874646, 0.09313694529194275], "aligned_model": [[0.2659394431779955, -0.5459845053082977, -0.8662210931020736, -0.042784929926534904, -0.09113550796652811, 0.7519501526118127, 0.26253167235476144, -0.3306844783907435, -0.13275146547713032, -0.5008750015721494, 0.19018864384397252, 0.7519501526118127, 0.03883501313680779], [-0.29600606148101877, -0.35084957750844203, 0.2410749506230247, -0.6926549664161756, 0.5258887735070716, 0.11868439056762992, 0.3823105295013307, 0.3883927690564204, 0.7981707336305114, -0.09397392941681149, -0.24470195511975074, 0.11868439056762992, 0.14889927576342848], [-0.3339574370393693, -0.21385250446687512, -0.029619835584344015, 0.11403570988076292, 0.6507915955340519, 0.1252697548539995, -0.4398701047352047, -0.4335349409071383, -0.10426841104969473, 0.37112890805417054, 0.4890983971753744, 0.1252697548539995, 0.05831009739961399]], "inverted": true, "swapped": false, "error_lsq": 0.056633811647361934, "error_max": 0.35768753298808753, "target": "897.xyz", "model": "9.xyz", "model_rescale": 3.877068213659057, "target_rescale": 3.899150642437446},
{"mapping": [9, 10, 12, 13, 1, 2, 8, 11, 0, 3, 4, 7, 15], "R": [[-0.9921092384816416, -0.12535771121226896, -0.002168676785214995], [-0.003612423405319587, 0.045871118543514666, -0.9989408345246016], [0.12532441628237515, -0.9910505964496406, -0.04596200561652791]], "T": [-0.0925807834791938, -0.03297569285762947, 0.04968291921497651], "aligned_model": [[0.2765633107688367, -0.3841966213640785, -0.7739953853647525, -0.044821911629949286, 0.1370975009578776, 0.4937304216775296, 0.37609656911252515, -0.33968349528656905, -0.32655912509850393, -0.38931697018654304, 0.23273058945300323, 0.6169653148705445, -0.12365210191621533], [-0.15345258825526792, -0.25250443310792026, 0.272701527296936, -0.7875863917093716, 0.6861157379066014, -0.3433339396081517, 0.44810583386082237, 0.3601608662499099, 0.7197577775991312, -0.15142136939295936, -0.07979465589190277, 0.274661831509397, 0.05050912681762457], [-0.48404290858128124, -0.5585753439912828, 0.02892736262757962, 0.21068068100638732, 0.4775403838722261, 0.03318178800777068, -0.3300867999912273, -0.5239364423604758, -0.06172845247116917, 0.5980255127973957, 0.6413510483941096, 0.3108151794487494, 0.03664897521056454]], "inverted": false, "swapped": false, "error_lsq": 0.044850861975934006, "error_max": 0.29370198559967325, "target": "897.xyz", "model": "10.xyz", "model_rescale": 4.260839863003843, "target_rescale": 3.899150642437446},
{"mapping": [7, 0, 5, 6, 4, 8, 2, 1, 3, 10, 9, 12], "R": [[0.6346899792717627, 0.6382357347089394, 0.4356877059919754], [0.7657278948449313, -0.44349755542525593, -0.4658011479034504], [-0.1040645053241473, 0.6292575508266568, -0.7701983598134171]], "T": [-0.016610987803314235, -0.08093275852615953, -0.0007054468025343777], "aligned_model": [[0.27735654709320456, 0.17457118603526453, -0.2754137586998877, -0.3411031510904103, -0.6831886410052297, -0.32036659143777646, 0.21274090829212053, 0.6598151690184964, 0.3581848542061679, -0.25075183436866955, 0.23983736835354777, -0.09278340730269766], [0.06785181882123184, -0.554048810446846, -0.5639195280208477, -0.2914410472500405, 0.38434620331622893, 0.38736101255896616, 0.6971838222145209, -0.08708227667054835, -0.30243842976591195, 0.0070795672517526, 0.49032209353902434, -0.06213592001459656], [-0.7061157094708116, -0.33883069703417545, 0.1765626447793112, -0.43272920904083056, 0.1225519932828028, -0.5500181058222622, -0.3433863990394759, -0.028613026994928577, 0.6504883897605812, 0.5656017000171477, 0.47071370169241383, -0.07004720473426784]], "inverted": true, "swapped": true, "error_lsq": 0.04674959350920483, "error_max": 0.2094722092776884, "target": "897.xyz", "model": "11.xyz", "model_rescale": 3.890672605050136, "target_rescale": 3.899150642437446},
{"mapping": [4, 12, 5, 10, 6, 2, 0, 7, 8, 9, 11, 1, 13], "R": [[0.5924291882523578, 0.3571638535640152, -0.7221230079522153], [-0.11431917232118405, -0.8500135830991398, -0.5142062187359868], [-0.797470240038117, 0.3871832773432561, -0.4627421809164187]], "T": [0.015441617878202977, 0.16912281889211786, 0.08999548778129805], "aligned_model": [[0.3508754623829643, -0.46221642796154344, -0.7553270086286358, 0.00014703512659631005, 0.054081374681292704, 0.487170021800515, 0.4369208694205573, -0.5026954435772593, -0.18245741562755802, -0.5450915858341813, 0.18434875103240186, 0.7228930394505851, -0.037690576272029694], [-0.1424100079955811, -0.31699965769245453, 0.2430528797514002, -0.7197562478211929, 0.5186995908924378, -0.36174486373020276, 0.4943984151685531, 0.18181895517280913, 0.8300447695012139, -0.020981736993041955, -0.19783329643485323, 0.424925668192907, 0.11070485526285434], [-0.4405593892646641, -0.2111022965827012, 0.016359543235420146, -0.005924191846450891, 0.5464616898309042, 0.05512501105953367, -0.1654366298811487, -0.5870103939850586, -0.11787272426346444, 0.595448948931816, 0.4635938733359209, 0.28842854650653094, -0.058711003107291174]], "inverted": false, "swapped": false, "error_lsq": 0.046200645535930444, "error_max": 0.24256105470291417, "target": "897.xyz", "model": "12.xyz", "model_rescale": 4.124412569039231, "target_rescale": 3.899150642437446},
{"mapping": [6, 0, 5, 1, 10, 8, 9, 3, 7, 4, 2, 11, 12], "R": [[-0.017446809586313228, -0.8460294730953937, 0.5328505789517264], [-0.24465837361978682, 0.5203429256572489, 0.8181598376455397], [-0.9694523655409688, -0.11609207713012043, -0.21606651886545133]], "T": [-0.11066514967977595, 0.10546416430506804, -0.0840558110313602], "aligned_model": [[0.2771527292489251, -0.6156895126594099, -0.756982255995358, 0.051022338900269776, 0.046236991668858224, 0.5729326491498672, 0.31486101206650896, -0.27738944963307505, -0.21136184573255168, -0.4861828362140964, 0.24449517079987818, 0.6729619657667449, -0.08109886137285575], [-0.23665467234115023, -0.1554485207702604, 0.43128908749858, -0.6890478959894448, 0.496099560111957, -0.0870255188007938, 0.4499128894559427, 0.05426645779506942, 0.7242790291758813, -0.17205103247064557, -0.2281605766282811, 0.3279600299065703, 0.12850048633142397], [-0.508514064784496, -0.2008563117058988, 0.13923367950056642, -0.010082565922205147, 0.5220756746056422, 0.01859842527437769, -0.4140919202857931, -0.7756736089653964, -0.08650793970176267, 0.5485957821919365, 0.6265433675798073, 0.48776321196778627, 0.03171725421478232]], "inverted": true, "swapped": false, "error_lsq": 0.05251995899511216, "error_max": 0.34312221221215644, "target": "897.xyz", "model": "13.xyz", "model_rescale": 3.9028299243045295, "target_rescale": 3.899150642437446},
{"mapping": [1, 12, 8, 14, 4, 9, 6, 2, 0, 13, 10, 7, 15], "R": [[-0.9217029175724823, 0.12471902250393893, 0.3672994652378849], [-0.276151065446284, -0.8759502214012301, -0.39553988254033035], [0.27240470038392584, -0.4660004024169916, 0.8418071656596573]], "T": [-0.06141129373149079, 0.13094211520256782, -0.0226074243061997], "aligned_model": [[0.05828931978615398, -0.5525411102020937, -0.7956050879658539, 0.1464636826431734, -0.02593231148484569, 0.6206824708995423, 0.47592833317202643, -0.3239654069503003, -0.33995919459350743, -0.4570559785222037, 0.16788537099110773, 0.7305841911823484, 0.04618381703815787], [-0.09693673079524417, -0.3390761430622814, 0.3549139749933137, -0.6665969604574853, 0.5611564525246193, -0.23726389006605797, 0.21092310933831965, 0.48020181696680764, 0.9108747137697271, -0.3838327800357434, -0.05322406483290923, 0.20384579432923924, 0.09893403060254403], [-0.6192159646515513, -0.1713173070716553, -0.10806640913078044, 0.29952619668902297, 0.4999058670692437, -0.018377719913703496, -0.4089717966097067, -0.6152563658485121, 0.013897614556558933, 0.43687428634665876, 0.6621249757795614, 0.4110470018018001, -0.0033693950475897558]], "inverted": false, "swapped": false, "error_lsq": 0.04861004188244226, "error_max": 0.2616102491299261, "target": "897.xyz", "model": "14.xyz", "model_rescale": 3.942246331269136, "target_rescale": 3.899150642437446},
{"mapping": [3, 12, 0, 13, 9, 4, 5, 1, 2, 8, 11, 10, 14], "R": [[0.9924401834287817, -0.04107849850932674, 0.11565050486732018], [0.11997323183290334, 0.5232973483358685, -0.8436624377487821], [-0.02586321633933482, 0.8511594693034134, 0.5242696365952513]], "T": [0.02744388576361233, 0.10078028798645762, 0.12103394749727969], "aligned_model": [[0.2750411518407953, -0.32446624407132363, -0.6637375989971115, -0.010039056677148907, 0.297945143820736, 0.4941131700772413, 0.08246171047360511, -0.2735193130752015, -0.34248708749031126, -0.5605033888680602, 0.14675736140795845, 0.6855453463573619, -0.05615309880483564], [-0.030366232126883455, -0.4235750730326155, 0.3388301294690354, -0.7103094720803167, 0.787657490218536, -0.24366852147509416, 0.5475377965735576, 0.14875901474571795, 0.745679812701912, -0.0719317102070313, -0.3448251835405284, 0.17635314346505881, 0.1237781285635008], [-0.5408150644336233, -0.39789473166091116, 0.04154865978729677, 0.08031200444293335, 0.4422676390299516, 0.03595296453792626, -0.32635886164737127, -0.6298060024946528, -0.05189261694171163, 0.5936114482534968, 0.6699520497050943, 0.38597116104484075, 0.07595233434607694]], "inverted": false, "swapped": false, "error_lsq": 0.05324811451613354, "error_max": 0.3573478926824741, "target": "897.xyz", "model": "15.xyz", "model_rescale": 4.355366556412066, "target_rescale": 3.899150642437446},
{"mapping": [4, 2, 8, 5, 6, 10, 0, 3, 7, 9, 1, 12], "R": [[-0.9538544873339903, 0.030358542667524954, -0.29873060753781905], [0.10916795664319014, -0.8917325825896327, -0.439198540970225], [-0.2797212438038286, -0.451543309146673, 0.8472689453353706]], "T": [-0.11442497701893839, 0.06641920331504583, -0.05017770211443742], "aligned_model": [[-0.353404953507045, 0.6397716484683733, 0.14261915284793492, -0.6536086804557555, -0.32357791704714906, -0.42621838698318754, -0.1457823549543817, -0.20685710573196345, 0.4318781565821761, 0.2504154605125921, 0.37602305414097315, -0.13344951924078652], [-0.6835402368886822, -0.3872772262399924, -0.5923476379188114, 0.25924967145967026, -0.11514406503675437, -0.02294870633868465, 0.4428162392182923, 0.6294342367801695, 0.0026716661090252225, -0.03644790108784535, 0.5316333983550773, -0.015323010670484277], [0.1874187740899653, -0.02110984349503475, -0.3867270808503612, -0.11163024093108878, -0.5596315882098288, 0.4771458572731704, -0.5319038621214854, 0.486534951016271, -0.6012190239997163, 0.6358570586118978, -0.012688014159618649, -0.11278852601474933]], "inverted": false, "swapped": true, "error_lsq": 0.04930762222582555, "error_max": 0.29691777459866603, "target": "897.xyz", "model": "16.xyz", "model_rescale": 3.795458400668931, "target_rescale": 3.899150642437446},
{"mapping": [4, 10, 5, 11, 6, 7, 0, 2, 1, 9, 8, 3, 12], "R": [[-0.22459605292945858, 0.9710875982470157, -0.08090419976336549], [0.2726222119649547, 0.14232814024067708, 0.9515355117067179], [0.9355392790000019, 0.19165483825479818, -0.29670638756468315]], "T": [0.07002043752135233, 0.04388778497709495, -0.008843578906512203], "aligned_model": [[0.1466316979563339, -0.565203558806348, -0.5865889172184849, 0.0635013711595184, -0.00637526855588251, 0.7005079357745365, 0.33095023240984517, -0.27522162364299846, -0.25627389431277914, -0.6196771657088227, 0.2045272707146339, 0.6574995678669395, -0.04331955164278646], [-0.2834763215103463, -0.23251619467410267, 0.4192214225984154, -0.746292102260635, 0.466840398906136, -0.1194026499946958, 0.5501228341568876, 0.19459025895678508, 0.7943587102854696, -0.1541646325851254, -0.21043252713368793, 0.3886066693071009, -0.023536542777352183], [-0.5588065276062556, -0.2517323962171748, 0.1659861089697458, 0.16697910677923228, 0.5133160073229571, -0.0930838776899355, -0.172098301930659, -0.6085472791288452, -0.22126300201454707, 0.5231698936963213, 0.6034601553520031, 0.42522910955082416, -0.11380801311432016]], "inverted": true, "swapped": false, "error_lsq": 0.04842566786957722, "error_max": 0.25361837386114783, "target": "897.xyz", "model": "17.xyz", "model_rescale": 3.7474275329858107, "target_rescale": 3.899150642437446},
{"mapping": [1, 11, 10, 7, 4, 2, 0, 3, 8, 12, 9, 6, 13], "R": [[-0.9819540810086721, 0.09407055213065116, 0.16406374984209246], [0.11347732154777163, 0.987068342101925, 0.11322095881284916], [-0.15129137544737273, 0.1297952974571563, -0.9799306610537556]], "T": [-0.08034614875932153, 0.06213882231428755, 0.03421488128036074], "aligned_model": [[0.13555815499711546, -0.5430666437495869, -0.7453696265081383, -0.050747357955016725, 0.18443010327543305, 0.592479444560655, 0.5359258072175241, -0.36873529436256436, -0.233473443433559, -0.4735086474854727, 0.14178626008595893, 0.55190530293855, 0.023774036412806496], [-0.160437748231146, -0.3621161388060573, 0.24701953499540327, -0.6883565207644864, 0.720328908142463, -0.15243083947331018, 0.5273940711841962, 0.2585219004714846, 0.748262317297104, -0.30321076594810537, -0.06544317578559636, 0.19733437574109366, 0.07705340445180593], [-0.5841405332454267, -0.3230443149438831, 0.03270936314756856, 0.09165993012091161, 0.46538209860622926, -0.037187534810832354, -0.2865479913472878, -0.5478972802666816, -0.11625449260354362, 0.5549641983854424, 0.6523606509476048, 0.4549036921844367, 0.021893197794808826]], "inverted": true, "swapped": false, "error_lsq": 0.04568721820913723, "error_max": 0.31757995906266656, "target": "897.xyz", "model": "18.xyz", "model_rescale": 3.922800546911778, "target_rescale": 3.899150642437446},
{"mapping": [7, 11, 10, 13, 1, 12, 3, 9, 2, 4, 8, 5, 14], "R": [[-0.7856258063188318, 0.6025271983933806, 0.14054560698260657], [0.014910642896060144, 0.24553459049954457, -0.9692731491156903], [-0.6185222430715905, -0.7593903739608798, -0.20188237853077612]], "T": [0.020975323290145672, 0.1182678904395657, 0.14999109265020927], "aligned_model": [[0.11285160524229208, -0.4436423572898525, -0.7667269730940065, -0.008178342288985663, 0.012285191385188656, 0.6735313566602178, 0.38404176952811925, -0.3310830955597075, -0.27325993308652924, -0.5481158470124449, 0.1849753718023427, 0.7269281114388805, 0.027351238268190508], [-0.21286228525597245, -0.27731708985284104, 0.2649605924954721, -0.5666640529455915, 0.7155670496987163, -0.24894943841596373, 0.30709370926084656, 0.38980795728148476, 0.706435268787357, -0.2624942834849486, -0.14123325779529766, 0.27701514425112933, 0.09256000925045793], [-0.5712041476399269, -0.21727794637748188, 0.05721722403422169, 0.10718871498124055, 0.5871880961756586, -0.0907080998433274, -0.34161526343940307, -0.531964952657266, -0.133934446426896, 0.38455994370266905, 0.6792866548594567, 0.3928154952501738, 0.057249711350227606]], "inverted": false, "swapped": false, "error_lsq": 0.04055683911872028, "error_max": 0.22138792324630807, "target": "897.xyz", "model": "19.xyz", "model_rescale": 3.9282355846067225, "target_rescale": 3.899150642437446},
{"mapping": [11, 10, 1, 12, 6, 9, 4, 0, 3, 2, 7, 8, 13], "R": [[0.20299044427258198, -0.9215630754603616, -0.3309325875190585], [0.5967588359031057, -0.1515183587006266, 0.7879854559243071], [-0.776320662681079, -0.3574404634686843, 0.5191941291749189]], "T": [0.033597307400137444, 0.1284290629007302, 0.1452502821420407], "aligned_model": [[0.180767607692492, -0.39792224517608477, -0.6618050118418568, 0.20978778517396177, 0.17890557806527382, 0.5200875814072039, 0.2952551014706659, -0.2833479730327299, -0.25312890330771354, -0.7056841695481529, -0.00813722078119121, 0.7789358873038282, -0.10275592143199128], [-0.033284791177742634, -0.5156016500886319, 0.3166111559970246, -0.6929245182136633, 0.5676982582506274, -0.32988077932156074, 0.5308985248866462, 0.3486014834955974, 0.8045218631966633, -0.15576955540091897, -0.186005263092217, 0.2674789190749427, 0.12157567566808217], [-0.5370639441766687, -0.2305816822546776, -0.06091448336692157, 0.2761302103203451, 0.6065225819282142, -0.03280624555771211, -0.2657501751700213, -0.5556539785224001, -0.01919324805199693, 0.37198857523887374, 0.6814284802949173, 0.08395494844308853, 0.060739944844306046]], "inverted": true, "swapped": false, "error_lsq": 0.04436143225934372, "error_max": 0.2210285996278231, "target": "897.xyz", "model": "20.xyz", "model_rescale": 4.067790424073018, "target_rescale": 3.899150642437446},
{"mapping": [13, 6, 3, 4, 7, 5, 10, 11, 12, 2, 8, 1, 14], "R": [[-0.12363944219449485, 0.9555688227863348, 0.2675845908354451], [0.9915999599174419, 0.1086504572179337, 0.0701754774694246], [0.03798431025518219, 0.27401332643700443, -0.9609754882978888]], "T": [-0.04554054729218648, 0.08557000521019265, 0.07612995707045657], "aligned_model": [[0.3588707433201077, -0.43104722274285473, -0.8646049123395186, -0.08945850526815519, 0.28437488054115334, 0.3701991983511946, 0.3786729134091664, -0.2788916498769305, -0.3186756404936068, -0.632711643784482, 0.2510196857889013, 0.7395389967127562, -0.016328747624026668], [0.027932930631295656, -0.4434141687336246, 0.2669067100470961, -0.6578868127757379, 0.43549388397756494, -0.3326148479338592, 0.5774656019317603, 0.2850077902743141, 0.7841296954702123, -0.23979602022147462, -0.10435853216969776, 0.3010541731121966, 0.14399891966480316], [-0.4924234535573252, -0.26900371210037655, -0.06527577845439524, 0.3724670413068623, 0.6465447594333755, 0.04878012432598741, -0.42323812685099627, -0.49290790352438074, -0.0801564687744143, 0.39720469054814267, 0.524624188436569, 0.17870570589731605, 0.03347991728298212]], "inverted": false, "swapped": false, "error_lsq": 0.048310244286592724, "error_max": 0.2518853132166394, "target": "897.xyz", "model": "21.xyz", "model_rescale": 4.186013935880536, "target_rescale": 3.899150642437446},
{"mapping": [0, 5, 8, 3, 10, 6, 1, 2, 9, 11, 4, 7, 12], "R": [[0.7434101930144396, 0.6433111297087477, 0.1830084023073491], [0.6195416264856775, -0.7654383979614493, 0.17398917201277553], [0.25201082908024997, -0.0159640007223997, -0.9675927308052806]], "T": [-0.03816385228176077, 0.11279364230858617, 0.0232073950566865], "aligned_model": [[0.3288560595014481, -0.3553168048835581, -0.7446420609871388, -0.06663616257908198, 0.2039794450414159, 0.3613287421888608, 0.34557019931657507, -0.42634586743481717, -0.21087757036165097, -0.49876617209028085, 0.22265205711006014, 0.6304810634856703, -0.039324832313797166], [-0.07003335841817333, -0.4534805942568653, 0.39588680998958664, -0.7900528621212958, 0.5639380079208699, -0.2735128582332042, 0.5485257686486655, 0.1503443379257712, 0.6949891407193534, -0.04404219783847603, -0.10864637912174856, 0.35534735796679, 0.07465615009357524], [-0.5714850575322753, -0.3978463660867488, -0.0685255310952319, 0.21398520226094303, 0.6820964734117728, 0.05523556421263077, -0.42177454575824663, -0.6073509854564657, 0.15231639340920472, 0.42596538808008283, 0.6639534657317363, 0.20322242642800667, 0.04900855636393742]], "inverted": true, "swapped": false, "error_lsq": 0.04466935215491155, "error_max": 0.2312210670780733, "target": "897.xyz", "model": "22.xyz", "model_rescale": 4.166573947596378, "target_rescale": 3.899150642437446},
{"mapping": [4, 0, 5, 8, 12, 3, 2, 1, 6, 10, 9, 11, 15], "R": [[0.7174618201696, -0.6474788951848914, -0.25694282805534263], [0.5504377862269391, 0.7530099955276174, -0.3605470706150368], [0.4269271367487799, 0.11724771607860972, 0.8966527716913825]], "T": [-0.03468112670259012, 0.07887001395539742, 0.16189785630381204], "aligned_model": [[0.15880932872690007, -0.45311449004937954, -0.8062215108243131, 0.03705535237299071, 0.13090641953053805, 0.5155621772055108, 0.28469216072882436, -0.2825217735440034, -0.14816323802595072, -0.5575409947014884, 0.2765251689200458, 0.6694678256876447, -0.07449833003361414], [-0.2946783786974423, -0.26948906403856543, 0.30434079384717916, -0.7203073469192129, 0.6236315178411823, -0.09103540398725321, 0.3792540487952999, 0.2980038797426102, 0.7736692791535057, -0.184937045918197, -0.2169867136136285, 0.3392936071640591, 0.1031601499053121], [-0.4404945036815734, -0.4466374639985551, -0.0501171061060183, 0.060662666490597206, 0.48623876282934825, -0.010703150281013235, -0.3485719019362261, -0.4694930079835351, -0.12703712506158982, 0.6287646753230084, 0.5815031525037978, 0.4036562736845276, 0.11102971218657857]], "inverted": false, "swapped": false, "error_lsq": 0.04140421302827187, "error_max": 0.21981085818393745, "target": "897.xyz", "model": "23.xyz", "model_rescale": 4.274766983524099, "target_rescale": 3.899150642437446},
{"mapping": [9, 1, 3, 10, 5, 11, 4, 6, 8, 0, 12], "R": [[0.8014465718795559, -0.4306963360733952, 0.41495066997832575], [-0.02923774214231406, 0.6647751346039377, 0.746471148033691], [-0.5973512759314471, -0.6103889632892048, 0.5201891642833425]], "T": [0.034361868169700355, 0.1660699007807076, 0.01492637745366589], "aligned_model": [[0.17221038235339117, 0.32984024959101643, -0.38460509312704594, -0.3905940441309851, -0.4877191868130192, -0.5592401791005266, -0.04058072998358822, 0.06231815683357049, 0.5650014815880757, 0.05225070152202302, 0.061012965225163245], [-0.09871504308720808, 0.6688815534254388, 0.4873064314672674, -0.1505674729748424, 0.27082138532807315, -0.24575791204875425, -0.6494711526215242, 0.13519970453316646, -0.28298037715728686, 0.6723274637604395, 0.10854195061871347], [-0.7097946720470973, -0.3289369141545566, -0.563747861692154, -0.30511289544906395, 0.2343291316227569, 0.539499518000345, 0.08758361257383375, 0.5933024762877281, 0.3756012569376627, 0.3585851858523271, 0.09825759608979509]], "inverted": true, "swapped": true, "error_lsq": 0.05036854224227736, "error_max": 0.24580419204922327, "target": "897.xyz", "model": "24.xyz", "model_rescale": 3.7841303162186577, "target_rescale": 3.899150642437446},
{"mapping": [6, 4, 12, 1, 14, 7, 11, 3, 13, 2, 8, 10, 15], "R": [[-0.5464414535429747, -0.5914487696497188, 0.5929503273712521], [0.022636432497486314, -0.7181744286222562, -0.6954948468514217], [0.8371913340292217, -0.36662493498523774, 0.4058285688236382]], "T": [0.0411832849773302, 0.030325387899219472, 0.12390119424314597], "aligned_model": [[0.09280514934546069, -0.4293785145100136, -0.5454265600692794, 0.06269363151656121, -0.01758601818034089, 0.6562639128871328, 0.3935520714190512, -0.3838796091642301, -0.13107303597857184, -0.5919818577745917, -0.028057109314375106, 0.6359680832969115, 0.03705795251999079], [-0.18133165615485125, -0.42917754140189784, 0.49658188919440227, -0.712786381047806, 0.7313571354458356, -0.04364343174821629, 0.4608226765478242, 0.20273230676333998, 0.7312777184948562, -0.19784748769185517, -0.42229172432052914, 0.3878841954551377, 0.02034162373860872], [-0.5649840872547828, -0.22842393072707298, 0.24080145567357894, 0.14283786890868594, 0.4905067319108968, -0.07360828651741722, -0.405188488108036, -0.5383670882413262, -0.1777502393591541, 0.4642423007461073, 0.49780131615145407, 0.4755229343337205, 0.05541049645269194]], "inverted": true, "swapped": false, "error_lsq": 0.05345523672457361, "error_max": 0.3450803474842387, "target": "897.xyz", "model": "25.xyz", "model_rescale": 4.19342608120988, "target_rescale": 3.899150642437446},
{"mapping": [4, 2, 8, 5, 6, 10, 0, 3, 7, 9, 1, 12], "R": [[-0.9538544873339903, 0.030358542667524954, -0.29873060753781905], [0.10916795664319014, -0.8917325825896327, -0.439198540970225], [-0.2797212438038286, -0.451543309146673, 0.8472689453353706]], "T": [-0.11442497701893839, 0.06641920331504583, -0.05017770211443742], "aligned_model": [[-0.353404953507045, 0.6397716484683733, 0.14261915284793492, -0.6536086804557555, -0.32357791704714906, -0.42621838698318754, -0.1457823549543817, -0.20685710573196345, 0.4318781565821761, 0.2504154605125921, 0.37602305414097315, -0.13344951924078652], [-0.6835402368886822, -0.3872772262399924, -0.5923476379188114, 0.25924967145967026, -0.11514406503675437, -0.02294870633868465, 0.4428162392182923, 0.6294342367801695, 0.0026716661090252225, -0.03644790108784535, 0.5316333983550773, -0.015323010670484277], [0.1874187740899653, -0.02110984349503475, -0.3867270808503612, -0.11163024093108878, -0.5596315882098288, 0.4771458572731704, -0.5319038621214854, 0.486534951016271, -0.6012190239997163, 0.6358570586118978, -0.012688014159618649, -0.11278852601474933]], "inverted": false, "swapped": true, "error_lsq": 0.04930762222582555, "error_max": 0.29691777459866603, "target": "897.xyz", "model": "26.xyz", "model_rescale": 3.795458400668931, "target_rescale": 3.899150642437446},
{"mapping": [7, 5, 11, 6, 9, 0, 3, 10, 4, 8, 1, 2, 12], "R": [[0.3642755972863796, -0.6481375419175137, -0.6687458530553847], [0.3321432213521233, 0.7612798115598332, -0.5568966951071438], [0.8700483720641545, -0.019255525662723594, 0.49259014910975074]], "T": [-0.06291445980271071, 0.13462308681140628, 0.14168640801300816], "aligned_model": [[0.11850457863253386, -0.3915613081772203, -0.6868125402664566, -0.0674981310389926, 0.10155270717213977, 0.7106490878639622, 0.44145920669463046, -0.39688479120057896, -0.29441720372908875, -0.5783644931041757, 0.11339658504398592, 0.7082633846627047, -0.027328986559738137], [-0.12572468889420346, -0.41558274115148935, 0.47946027969416033, -0.6886830161944422, 0.47458359443270487, -0.11921386610607093, 0.43140689266967674, 0.24979754514210845, 0.835778984807031, -0.2917307232969385, -0.18022461690180674, 0.3468076144615083, 0.047244064612610215], [-0.6063204547949399, -0.25344048781844586, 0.2001080421199859, 0.19941863806855897, 0.3460187215626369, -0.026953537278240347, -0.3084281729240752, -0.47709068464917115, -0.25029582232032177, 0.43027851095726455, 0.6108756123675115, 0.5092423525041572, 0.00538826617442606]], "inverted": false, "swapped": false, "error_lsq": 0.044983233921448096, "error_max": 0.26905538079759217, "target": "897.xyz", "model": "27.xyz", "model_rescale": 3.6321398670334006, "target_rescale": 3.899150642437446},
{"mapping": [3, 1, 6, 2, 9, 0, 8, 7, 12, 13, 11, 10, 14], "R": [[-0.7103771914262982, 0.6983781220430961, 0.08736271832334042], [0.7022954404502243, 0.7115240749574696, 0.02268490861217966], [-0.04631803346549146, 0.07746928041150165, -0.9959182448215387]], "T": [-0.0032478483310752725, 0.08158277925184718, -0.02966826923490097], "aligned_model": [[0.1891540765458107, -0.35038985238419507, -0.6980476005283968, -0.028358957321687476, -0.055716073817669104, 0.5423786603203689, 0.2714146813580279, -0.17234868174849233, -0.2428175732526848, -0.4830588955769311, 0.18074299227271717, 0.642495018742717, -0.04448969861587926], [-0.16930521408879026, -0.4621251304931314, 0.3588854189398243, -0.6665346666917308, 0.4356788291738396, -0.2203780752369275, 0.45633090008319466, 0.41523828420832487, 0.8606376843774439, -0.13280062875693546, -0.18180787451084765, 0.3114375371336918, 0.038662259136892925], [-0.6392556658101833, -0.20613734315164894, 0.18072181491686473, 0.24076357617635047, 0.5346323899567742, -0.05253854761298822, -0.2558406736363211, -0.7086132568102048, -0.16819455757282414, 0.5950704323239387, 0.5264779080450326, 0.33755723763928647, -0.005842330494729979]], "inverted": false, "swapped": false, "error_lsq": 0.039896304429291866, "error_max": 0.24622182154240885, "target": "897.xyz", "model": "28.xyz", "model_rescale": 4.156811204709835, "target_rescale": 3.899150642437446},
