[{"mapping": [12, 14, 2, 13, 1, 9, 4, 0, 5, 6, 8, 7, 10, 16], "R": [[-0.44866021709644066, -0.34997006188123436, 0.8223289885330687], [-0.8082934251771533, 0.551449034241963, -0.2063145691631883], [-0.38126860401868967, -0.7572482541547727, -0.530291743448065]], "T": [-0.1738594833969121, 0.13524399279415636, 0.09846032634884176], "aligned_model": [[0.21539734917879577, 0.24579029065735702, -0.5264915953765126, -0.3115918627417817, -0.7378942900021679, 0.06712852160857652, -0.6286587818356941, -0.03554293117618701, -0.376462486835794, 0.25984488967276814, 0.6247385989913619, 0.26925653945916783, 0.3912093090928866, -0.08523144956447246], [-0.5964018450268954, -0.5160301474196337, -0.49556909962567997, -0.42283361475678527, 0.4031756033735898, 0.4848317138185123, 0.06048717581884966, 0.4524428660512657, 0.7620250895878631, -0.019604462614388835, 0.3495235245170224, 0.702255105381069, -0.03090562786305412, 0.10187705056829954], [0.28716490253025306, -0.3708145359203409, 0.42754680626123837, -0.19972883860468527, 0.49297851095270395, -0.5389388441043805, -0.07997526899955808, 0.6544588539787282, 0.1275446763039842, 0.7172320915508739, 0.34782715103502443, -0.030081805346013166, -0.08133042819779908, 0.1437048157398049]], "inverted": false, "swapped": true, "error_lsq": 0.04241077119039416, "error_max": 0.266055313936477, "target": "898.xyz", "model": "0.xyz", "model_rescale": 3.8414455957264533, "target_rescale": 4.240508594259658},
{"mapping": [8, 7, 3, 5, 0, 1, 2, 6, 13, 12, 4, 9, 11, 10, 16], "R": [[0.9362360187362482, -0.035239996835415066, -0.3496001427973675], [0.333923941537404, 0.3988681580212736, 0.8540485898266216], [0.10934769539877934, -0.9163309091915194, 0.38520221490954526]], "T": [0.03482010419753422, 0.05589616452772496, -0.14671001234800207], "aligned_model": [[-0.7073636171467172, -0.6538222570454644, 0.20285509733513443, -0.2698338171023723, -0.3652190965037076, 0.1811418841562975, 0.6764226793549591, -0.247319852139751, 0.5666940847070947, 0.25198858225418985, 0.4294842507127729, -0.2864987532119049, 0.3183634944646175, -0.21499114080111453, -0.009857385529489192], [0.11717131729552689, 0.2240318743168025, -0.7211375384530019, -0.1951681938769042, -0.4492601947478132, -0.5856516904418151, -0.2373803022681642, -0.2759205690902237, 0.3883170482351419, 0.21560070972097561, 0.042441982221702604, 0.6386851052647381, 0.6397866337951152, 0.485408698543106, 0.06011964752782836], [0.2906309388428849, -0.32525572785214557, 0.16032014802529526, -0.6748208869644533, -0.02980557647747996, -0.4822297516879188, 0.2178548307234099, 0.4898830484864103, 0.014361485433447285, 0.6593720189383432, -0.4439127069284859, -0.5257558382974603, -0.35071058536189303, 0.21708454108398073, -0.05183415062439892]], "inverted": false, "swapped": true, "error_lsq": 0.04494663500811701, "error_max": 0.340670700634831, "target": "898.xyz", "model": "1.xyz", "model_rescale": 4.316132596720782, "target_rescale": 4.240508594259658},
{"mapping": [13, 10, 12, 1, 2, 4, 3, 5, 6, 9, 0, 16], "R": [[0.6299746876980781, 0.2721508526889335, -0.7273690990414672], [0.771424426301939, -0.1111766777386784, 0.626533399613871], [0.08964511902180533, -0.9558104726919855, -0.2799823082408779]], "T": [-0.01641564752896365, -0.01258122433986464, 0.11220053048134052], "aligned_model": [[-0.28557544458274087, 0.48948318743868646, 0.22197854269117437, -0.4870233627712129, -0.4725430075172265, -0.48674584512982777, -0.2500907731641106, -0.08136515529522795, 0.411989682403127, 0.2532804826336047, 0.21856844410107226, 0.0658518038244626], [-0.5999375263532237, -0.3628677442143877, -0.5868813369587544, 0.5367720808731695, -0.2743547074337781, -0.07557879848353777, 0.3524155550740516, 0.5556004790225312, 0.10662102411983493, -0.12369183980069004, 0.5183304484330786, -0.03365120653731384], [0.06857507231039575, 0.13667245078674956, -0.46726777882880877, -0.037153188585274805, -0.4827742170900342, 0.2503709184404481, -0.6215964036512666, 0.4403766007817469, -0.5180499927404528, 0.8203551211246801, -0.19077839442046204, 0.05052827308169987]], "inverted": true, "swapped": true, "error_lsq": 0.0446797329294058, "error_max": 0.21215286282761583, "target": "898.xyz", "model": "2.xyz", "model_rescale": 3.795458400668931, "target_rescale": 4.240508594259658},
{"mapping": [8, 12, 14, 4, 7, 15, 13, 0, 2, 1, 9, 16], "R": [[-0.44945482636071815, -0.1439256508039376, -0.8816324438799426], [-0.3656178620436371, 0.9301235952694018, 0.034549623409844604], [0.8150545613734683, 0.33786906423019125, -0.4706703277459906]], "T": [0.12377165727337006, 0.031461090941613805, 0.07583151718416464], "aligned_model": [[0.03236872763730733, -0.2600213321225112, -0.7290427133150288, 0.17060780450161073, 0.0821816183524895, 0.12002311881113885, -0.2940549054537228, 0.6219250605760509, 0.24282715219057718, 0.810399692662578, -0.3040579024712271, 0.1001475043743025], [-0.04854499167654865, -0.7166772799167708, -0.2725472988093922, 0.13614959906282803, 0.5018245592537299, 0.6762068537918929, -0.22348591619058494, -0.05705835787322527, -0.6190370890874141, 0.09110679676866537, 0.6512910426901326, -0.0334588727236036], [-0.7792140718704246, -0.04837737991859023, 0.1035692750547067, 0.5565777463032235, -0.4822051908104373, 0.38809940360755096, 0.4998133440346337, -0.3399670524380548, 0.5154340446308843, 0.34144691543320044, -0.06322672408961671, -0.0031788792979758618]], "inverted": false, "swapped": true, "error_lsq": 0.0443591786244561, "error_max": 0.23296769030526693, "target": "898.xyz", "model": "3.xyz", "model_rescale": 3.7530521520055578, "target_rescale": 4.240508594259658},
{"mapping": [9, 13, 4, 2, 5, 12, 7, 10, 8, 6, 16], "R": [[-0.01930879192212359, -0.21874845238814372, -0.9755902239835638], [0.30382399878762456, -0.9309117407199142, 0.20271731240946533], [-0.9525324919997248, -0.2924934966244742, 0.08443581063259281]], "T": [0.060727145399596276, -0.15184945687050078, -0.06027934955711292], "aligned_model": [[-0.51845249218011, -0.10008917272490059, 0.25645537341798924, 0.48004432591226925, 0.2864117649131298, -0.15853733360250385, -0.291164766161809, -0.48456116300148927, -0.319119894073656, 0.16201244007386298, 0.025200519872422014], [-0.6529154878298987, 0.10236962230958357, -0.33991055404223247, 0.38616207515501044, -0.7119020748358946, 0.6635415701641526, -0.5099621703156545, 0.09587425281897041, 0.08110194305573795, 0.4246181760259776, -0.07177399419140615], [-0.053331272584308774, -0.6337323764661826, -0.47330928759958724, -0.4668370561167935, 0.20459031147984127, -0.15772929598530971, 0.471043394334117, 0.08299233811925155, 0.679523529620496, 0.4420973836609907, -0.00247689121719831]], "inverted": false, "swapped": true, "error_lsq": 0.0430251622523422, "error_max": 0.23715196793053064, "target": "898.xyz", "model": "4.xyz", "model_rescale": 3.7855080009869324, "target_rescale": 4.240508594259658},
{"mapping": [12, 1, 6, 11, 4, 1, 13, 2, 14, 3, 9, 5, 8, 7, 10, 0, 16], "R": [[0.49615516777168167, -0.856837771265461, 0.14021085274076203], [0.35529114165914033, 0.34771702654882136, 0.8676756733403276], [-0.7922109909310769, -0.38068609533431014, 0.4769484696139798]], "T": [0.006052293333216818, -0.1404906938496208, 0.12626901852186517], "aligned_model": [[-0.5402341868475828, -0.2690873801713771, 0.3980796161225556, -0.1442003433078216, 0.40740762850705803, -0.2690873801713771, -0.1123332042162342, -0.5632864305664852, -0.6001505997518558, -0.10260912922868994, -0.26308053701589584, 0.4673124263433054, 0.36533138080852495, 0.7494040069785067, 0.417915498541031, 0.011892174780895704, -0.03927709247609619], [-0.3499469660958915, 0.2333543320391265, -0.41602381734313365, -0.4858369853246267, 0.20044773921990242, 0.2333543320391265, -0.8316316268751638, 0.30780425768300246, -0.2996663535553583, 0.4171623902447241, 0.022201517686696814, 0.5030390755170185, -0.6945817858161425, -0.053376979985573836, -0.11048672012903635, 0.5950333266767334, -0.1404010777608261], [-0.221242728903343, -0.4717627495903289, -0.31698389360787427, -0.5741567894315653, -0.3930340371681043, -0.4717627495903289, -0.05587576878194203, 0.27004224787042375, 0.3809817200218108, 0.5258091772620452, 0.7650278017747767, 0.2942326165237497, 0.3696030956049516, 0.09149974252520313, 0.7266295234113898, -0.13343118235202256, 0.15511327179512982]], "inverted": true, "swapped": false, "error_lsq": 0.04439720903146557, "error_max": 0.3533337703146724, "target": "898.xyz", "model": "5.xyz", "model_rescale": 4.2253639853439635, "target_rescale": 4.240508594259658},
{"mapping": [1, 15, 7, 0, 5, 10, 6, 3, 11, 4, 9, 12, 2, 16], "R": [[0.33474970860682984, -0.4617291608395319, -0.8214309554783435], [0.9386024756682174, 0.24060402861115085, 0.24725511943249634], [0.08347469830515145, -0.8537657075840575, 0.5139222619194053]], "T": [0.004983860494652961, 0.014109834402166704, 0.03255617152997677], "aligned_model": [[0.5436808586729005, -0.21430661337628013, -0.5755120987227799, 0.1659265057072013, -0.0643049086440429, -0.4293986209829798, 0.178962678016408, 0.7539981752163973, -0.30123320399816456, 0.21626009522209275, -0.698570183478134, 0.13084223624037414, 0.6799671202598833, -0.012249887375092063], [-0.26173516790252516, 0.17311070037986612, -0.4172990650968338, -0.6155754107163228, -0.368555538498175, 0.07661694417089887, -0.4273372052416087, -0.34331142010239546, 0.603308843761809, 0.32182744445767475, 0.13246886872107905, 0.26522603054508853, 0.3267868925871176, -0.020432770430681972], [-0.3908612204726594, -0.630657817943348, -0.07368550529597459, 0.1130230191907716, -0.4999048116105513, 0.46457222808870957, 0.6406777934255434, 0.22623698378520987, -0.11582443649701013, -0.29139208102457537, -0.24595297005538744, 0.8347632869739288, 0.3104106866095611, 0.1301530537572305]], "inverted": false, "swapped": true, "error_lsq": 0.04056718077355474, "error_max": 0.24767997301122283, "target": "898.xyz", "model": "6.xyz", "model_rescale": 3.89814844738969, "target_rescale": 4.240508594259658},
{"mapping": [6, 3, 2, 8, 13, 1, 0, 10, 7, 5, 4, 9, 16], "R": [[0.9150683384667391, -0.21856530311767264, 0.338938260172559], [0.40308540986884633, 0.4683167534229299, -0.7862579543726543], [0.013118242511311218, 0.8561008274359315, 0.5166423182211537]], "T": [0.023482380796034028, 0.1375800707384347, 0.0609154669736125], "aligned_model": [[-0.08118160386666567, -0.11349640122625633, 0.5102213090514526, -0.3105657972370873, 0.6584495971722375, -0.33775966676509406, -0.48109043061570456, 0.21202914376076487, -0.48174279782890905, -0.5588342033303583, 0.18297697083763836, -0.08355723317608972, 0.03318291412829371], [-0.36354918746206755, 0.30523968111357896, 0.39736702274061625, -0.656577860669354, 0.248534229016379, 0.6860270949079948, -0.020310261457132273, -0.4218770641078843, -0.23626735642029262, 0.39509445538662724, 0.5976535111731366, -0.00998296985057412, 0.04242997109945765], [-0.5160342203158044, -0.7633488851550543, -0.5101961075184346, 0.0010537688810694779, 0.122910719644701, -0.27713372137986064, -0.3255530020165982, 0.23610389283540778, 0.4342278177198614, 0.23221099307783907, 0.14555677122905958, 0.8047784690343478, 0.017698534799762314]], "inverted": false, "swapped": true, "error_lsq": 0.042959021698029565, "error_max": 0.21292699938266652, "target": "898.xyz", "model": "7.xyz", "model_rescale": 3.7474275329858107, "target_rescale": 4.240508594259658},
{"mapping": [10, 12, 6, 7, 3, 5, 9, 15, 0, 1, 11, 4, 13, 2, 16], "R": [[-0.059262977342744036, 0.8374580680914429, 0.5432788268513898], [-0.9763771991700713, 0.06465553694721098, -0.2061728073313142], [-0.20778706518279907, -0.5426634737391276, 0.813843283324316]], "T": [-0.043572559727633374, -0.0668299753719903, 0.011599987931131612], "aligned_model": [[-0.24111569431546181, 0.3469568526820555, 0.4965086578845059, -0.4645536168714597, 0.7806858698828173, -0.23011324086080098, -0.799465003741545, -0.5674346462587649, 0.30557904647847695, 0.3064952340458631, -0.5351995974876308, -0.0923981241528245, -0.06510660539466553, 0.5668904227851453, -0.005575832336964057], [0.016124001300730148, 0.39043714182372397, -0.3068618575755864, -0.6119968848455999, -0.21972380449476214, -0.5732579623632535, -0.1535557504970999, -0.11750210462685483, -0.6165196005458436, -0.33122113881657117, 0.40062730946830616, 0.18704215091328086, 0.5801148560001272, 0.42466665371177764, -0.07925504747278171], [-0.5657460953172624, -0.5890908579738247, -0.484033948237291, -0.23323563339582282, 0.1649172149404828, 0.39038975546325716, -0.07597711383416249, 0.49762800436367016, -0.057793299931110445, 0.6058365245459902, 0.06382747732616896, 0.43283062901269237, -0.006737746486631679, 0.13942207447918695, -0.08544232925908192]], "inverted": true, "swapped": true, "error_lsq": 0.04846982175681816, "error_max": 0.30802851068550946, "target": "898.xyz", "model": "8.xyz", "model_rescale": 4.019505241142653, "target_rescale": 4.240508594259658},
{"mapping": [0, 5, 7, 8, 6, 10, 9, 3, 2, 4, 15, 13, 16], "R": [[-0.33170690673008474, 0.40750307567783023, -0.850830048447202], [-0.26458803341115705, -0.905880680984878, -0.33071644106997594], [-0.9055184706029888, 0.11541852161366065, 0.40830731595863134]], "T": [0.025330449615000715, -0.018163513378464717, 0.10563829174878614], "aligned_model": [[-0.24036673972998887, -0.5419141447910926, -0.011776539357859973, 0.36880292146933863, 0.2630832143867951, 0.5766060488531678, 0.13029859468806912, -0.2680445880699092, 0.11386541237849343, -0.19207298562728214, -0.35875645381773963, 0.3830589512761319, 0.09691708008305289], [-0.5068418926808261, 0.12332758229312013, 0.1562456466816155, -0.34231420875584523, -0.7182709546225343, 0.026158580582357323, 0.6317104919537929, -0.7770832136763527, -0.4142363923690968, 0.2117656187582015, 0.5864200802526154, 0.16996756760599407, -0.08347067790898258], [-0.24001963412157534, -0.19925883791204246, -0.6032911880910649, -0.6174187018058719, -0.1140870329897728, -0.16521945280062222, -0.28578214902470317, 0.35912720596139625, 0.7881778950870408, 0.48529416984335727, 0.09228493752977632, 0.6115776338960094, 0.06531864847195232]], "inverted": true, "swapped": true, "error_lsq": 0.04133138860884188, "error_max": 0.2311340686700609, "target": "898.xyz", "model": "9.xyz", "model_rescale": 3.877068213659057, "target_rescale": 4.240508594259658},
{"mapping": [2, 3, 5, 8, 0, 6, 10, 1, 4, 15, 11, 13, 12, 7, 9, 16], "R": [[0.18515791502535858, -0.597709597949331, 0.7800383215090854], [0.8172635433651814, 0.5344425183737571, 0.2155260894659961], [-0.545707657257666, 0.597590521238051, 0.5874425263264349]], "T": [-0.048018057002096645, 0.06456876762212622, -0.06432580051143394], "aligned_model": [[0.07475630377079197, -0.17498717941296232, -0.6057132591845241, 0.4198812464931092, -0.16250888183583423, 0.36443773111549704, 0.4977593709126033, -0.6649542825439735, -0.3435987703368508, -0.5607470705081669, 0.03850607618041425, 0.21297804407910442, 0.7131906305928725, -0.06683772046742935, -0.06669316590281214, 0.03993945236525541], [0.18283607918237063, -0.4408433274788058, -0.14050426144756506, -0.5311362817597818, -0.5794722099467241, -0.5491201277300689, 0.06934266943371035, -0.1607107154364576, 0.4146743141775467, 0.4323107202381189, 0.7108469114702107, 0.5930963129320556, 0.06150617239392375, -0.22815452398792185, 0.3598131063253212, 0.007314038767615778], [-0.839897702130957, -0.7386566613990604, 0.22145301942379786, 0.3504803760255944, -0.0956950016721235, -0.2839213089880706, 0.22087125619001985, -0.40226966732964387, -0.249605031424329, 0.27493397921582635, 0.13004318676979393, -0.33242516928080595, -0.4424631898555194, 0.605252713141391, 0.6421064443027757, -0.06517291587864836]], "inverted": false, "swapped": true, "error_lsq": 0.043235154870199986, "error_max": 0.28423303393532556, "target": "898.xyz", "model": "10.xyz", "model_rescale": 4.260839863003843, "target_rescale": 4.240508594259658},
{"mapping": [12, 13, 4, 2, 1, 3, 6, 10, 9, 5, 0, 16], "R": [[0.20156018721047422, 0.12074528255480588, -0.9720051788300508], [0.7849408846715872, 0.5736694518580346, 0.23403240710612816], [0.585867987265617, -0.8101382207658534, 0.020851013204945493]], "T": [0.04540557037851711, -0.07267699590252903, 0.08418848551609656], "aligned_model": [[0.4189208989664167, 0.07871366352964902, -0.30872985438868544, -0.33176025364916767, -0.6451552272323672, -0.45585260389977034, 0.25093766423648867, 0.6517784105703233, 0.45485911702300164, -0.21882996112963166, -0.05175959090174087, 0.11577638596961398], [-0.03855929191901866, -0.5825893126414795, -0.41707712969494865, -0.14863789487483253, 0.16057843336369665, 0.46512439931126176, 0.5577074195336483, -0.08407621258031846, -0.40446983690725585, 0.10888639472934468, 0.57033459398999, -0.014143056777153648], [-0.6785422745587248, -0.31357727801064994, 0.0999013465140913, -0.6104685221081264, 0.2037079337824459, -0.3468504406736902, -0.3099283397311423, -0.022653400688330258, 0.6399094582535391, 0.6603505623517337, 0.1614929694590499, 0.03283606280530908]], "inverted": true, "swapped": true, "error_lsq": 0.04334913366217805, "error_max": 0.2658286272276624, "target": "898.xyz", "model": "11.xyz", "model_rescale": 3.890672605050136, "target_rescale": 4.240508594259658},
{"mapping": [10, 8, 7, 14, 9, 2, 6, 13, 12, 3, 5, 0, 4, 16], "R": [[-0.05745985445640206, -0.6803040584468231, -0.7306741771724458], [0.7654692898743393, -0.4998630951952194, 0.40520815924797216], [-0.640901811032801, -0.5360254416747741, 0.5494739252159645]], "T": [0.1102144905188573, 0.08667079723754473, 0.25194130770531653], "aligned_model": [[0.43729147865799206, 0.18691715776826445, 0.4792867193294895, 0.5695930611700891, 0.8429365064422953, -0.4251305944897729, -0.343266415034624, 0.24017180977968577, -0.06327840475528416, -0.7414022369284274, 0.12659191424278582, -0.3007670580536596, 0.10861896256809885, 0.09231293409676064], [-0.19194541843492402, 0.19665930887285168, 0.5517241218010235, -0.679545383565195, 0.3071442966666631, -0.42997200353340553, -0.05687367302858565, -0.4746574954039154, -0.6687826515954314, 0.0854341394468483, 0.7367466593420418, 0.44538302182310835, 0.06559653946030311, 0.0452410579763821], [-0.18922396779248268, -0.6012161550814454, -0.17454150128316315, 0.1023855387250942, 0.21916358398087704, 0.5295351325596409, -0.35527041659505143, 0.5475072826013221, -0.09680821948476442, 0.21981539799007427, 0.3609439370954033, -0.11041302607064651, 0.7457262560195826, 0.1571865926924198]], "inverted": true, "swapped": true, "error_lsq": 0.038031784895245134, "error_max": 0.23212796576946917, "target": "898.xyz", "model": "12.xyz", "model_rescale": 4.124412569039231, "target_rescale": 4.240508594259658},
{"mapping": [10, 11, 5, 12, 7, 8, 13, 6, 4, 2, 0, 1, 16], "R": [[0.846172741071402, -0.3032462731936791, 0.4382161453687611], [-0.514338493152894, -0.6799138854367687, 0.522659566880285], [0.13945467625332922, -0.6676517102385205, -0.7312958273412055]], "T": [0.12772860876135936, 0.2130085336564297, 0.0381152445540723], "aligned_model": [[-0.13628578515405046, -0.2593763157295167, 0.7449574821535664, -0.5335874404053706, 0.5813170303935385, 0.341277507119038, -0.482812944500834, 0.14559042014185902, 0.038776066151408745, -0.32854202224003815, 0.5952932798674891, 0.5573558311864857, 0.10333519852618206], [-0.22785581772919683, 0.5492550038222738, 0.42444812568913803, -0.26764843749434325, -0.09136523316719192, -0.5983525389428471, 0.4287078086751245, -0.45548445657527525, 0.6940452424472539, 0.34480796858551344, -0.13120101344764584, 0.5666173303013728, 0.11151139434430121], [0.3774796145071866, 0.4853615489450241, 0.13335303371740614, -0.19440548565770874, 0.5239039279960852, 0.2429285889543862, 0.04521714303698176, -0.3462727137363724, -0.03232178541555774, -0.59829538975884, -0.26484353573828684, -0.4476300361019841, 0.027223170219518707]], "inverted": true, "swapped": true, "error_lsq": 0.042988677866036835, "error_max": 0.24371514767860483, "target": "898.xyz", "model": "13.xyz", "model_rescale": 3.9028299243045295, "target_rescale": 4.240508594259658},
{"mapping": [11, 7, 9, 10, 13, 4, 8, 12, 15, 6, 2, 0, 5, 1, 3, 16], "R": [[-0.1658477782788103, -0.6194164534945401, 0.7673446237384016], [0.882650962241103, 0.2537829160616721, 0.39562799492716605], [-0.43979744575751917, 0.7429114944968079, 0.504639195910981]], "T": [0.03350779900357228, -0.011154051341835489, 0.05790494774956084], "aligned_model": [[0.11374077080746617, -0.15158323359943068, 0.019071296049109364, -0.5258402308688088, -0.006258132624298758, 0.4479432949371469, -0.6558275396206203, -0.6167842627849339, 0.5672001720104528, -0.5006763032297856, 0.08667190815963816, -0.047708479806184347, 0.4460011905722952, 0.6022179791009694, 0.11577456963568653, -0.06610372715810597], [-0.6288622468570683, 0.33604839117048263, -0.2144186877257358, -0.1626541746743015, -0.6189401689478725, -0.2644396547879276, 0.44075064839353467, -0.2890258208638879, -0.16029878301622974, 0.4135380788071691, -0.2376204943735432, 0.6293143537578286, 0.38862616458052307, 0.36576668111910204, 0.4399328093121549, 0.014535186226871808], [-0.21584753805517298, -0.5581861694505905, -0.6803630054491072, -0.1504472689869023, 0.277796531018707, 0.14933726167230268, -0.19988830554583387, 0.5294380270314758, -0.3961332479491906, 0.417404550369728, 0.8171539206871676, 0.16783717535274637, -0.2657822478295899, 0.3408655483421894, 0.7762624328923251, 0.07871244552407752]], "inverted": true, "swapped": true, "error_lsq": 0.0423343225862804, "error_max": 0.268880478767672, "target": "898.xyz", "model": "14.xyz", "model_rescale": 3.942246331269136, "target_rescale": 4.240508594259658},
{"mapping": [4, 15, 1, 9, 10, 5, 6, 3, 2, 0, 8, 12, 11, 14, 16], "R": [[-0.827607536452882, -0.07198062949132872, 0.5566727535854652], [-0.26526578131009315, -0.8238526773517306, -0.5009000212480846], [0.49467143729180263, -0.5622148655082128, 0.6627326867819671]], "T": [-0.09663960772742254, -0.039680472809682316, -0.09736275782233955], "aligned_model": [[-0.5369738373330518, -0.23195700189470347, -0.4111247301845906, 0.24135158471388402, 0.28715826278709433, 0.05487908911963092, 0.24052208945520254, -0.333184921370398, -0.6977464599083454, 0.22630566168204813, 0.7144734175567222, -0.12634663784988015, -0.3100696748827318, -0.10828814077239342, -0.03470466458627755], [-0.20415715560675604, -0.565728246384145, 0.31712553454525516, -0.7199411233914681, -0.19767662249457862, -0.09553514656851653, 0.5924533449438146, 0.7731068991473684, 0.3740721361377992, 0.46715628015043487, 0.17443938773710196, 0.24538828522060888, -0.6543158197776607, -0.4175345269135995, 0.009291463135991995], [-0.25008286876295394, -0.5644658790904894, -0.6624784892097899, -0.1951988291055512, 0.3575763187408137, -0.7366363765786244, 0.18844285999987231, -0.1958901978897834, 0.2157694923195092, -0.3575623261450016, 0.10783659329139339, 0.7028179882194021, 0.10166529232907406, 0.7257857466456608, -0.02821684440301575]], "inverted": false, "swapped": true, "error_lsq": 0.0433709784707015, "error_max": 0.3209938449869328, "target": "898.xyz", "model": "15.xyz", "model_rescale": 4.355366556412066, "target_rescale": 4.240508594259658},
{"mapping": [13, 10, 12, 1, 2, 4, 3, 5, 6, 9, 0, 16], "R": [[0.6299746876980781, 0.2721508526889335, -0.7273690990414672], [0.771424426301939, -0.1111766777386784, 0.626533399613871], [0.08964511902180533, -0.9558104726919855, -0.2799823082408779]], "T": [-0.01641564752896365, -0.01258122433986464, 0.11220053048134052], "aligned_model": [[-0.28557544458274087, 0.48948318743868646, 0.22197854269117437, -0.4870233627712129, -0.4725430075172265, -0.48674584512982777, -0.2500907731641106, -0.08136515529522795, 0.411989682403127, 0.2532804826336047, 0.21856844410107226, 0.0658518038244626], [-0.5999375263532237, -0.3628677442143877, -0.5868813369587544, 0.5367720808731695, -0.2743547074337781, -0.07557879848353777, 0.3524155550740516, 0.5556004790225312, 0.10662102411983493, -0.12369183980069004, 0.5183304484330786, -0.03365120653731384], [0.06857507231039575, 0.13667245078674956, -0.46726777882880877, -0.037153188585274805, -0.4827742170900342, 0.2503709184404481, -0.6215964036512666, 0.4403766007817469, -0.5180499927404528, 0.8203551211246801, -0.19077839442046204, 0.05052827308169987]], "inverted": true, "swapped": true, "error_lsq": 0.0446797329294058, "error_max": 0.21215286282761583, "target": "898.xyz", "model": "16.xyz", "model_rescale": 3.795458400668931, "target_rescale": 4.240508594259658},
{"mapping": [6, 3, 2, 8, 13, 1, 0, 10, 7, 5, 4, 9, 16], "R": [[0.9150683384667391, -0.21856530311767264, 0.338938260172559], [0.40308540986884633, 0.4683167534229299, -0.7862579543726543], [0.013118242511311218, 0.8561008274359315, 0.5166423182211537]], "T": [0.023482380796034028, 0.1375800707384347, 0.0609154669736125], "aligned_model": [[-0.08118160386666567, -0.11349640122625633, 0.5102213090514526, -0.3105657972370873, 0.6584495971722375, -0.33775966676509406, -0.48109043061570456, 0.21202914376076487, -0.48174279782890905, -0.5588342033303583, 0.18297697083763836, -0.08355723317608972, 0.03318291412829371], [-0.36354918746206755, 0.30523968111357896, 0.39736702274061625, -0.656577860669354, 0.248534229016379, 0.6860270949079948, -0.020310261457132273, -0.4218770641078843, -0.23626735642029262, 0.39509445538662724, 0.5976535111731366, -0.00998296985057412, 0.04242997109945765], [-0.5160342203158044, -0.7633488851550543, -0.5101961075184346, 0.0010537688810694779, 0.122910719644701, -0.27713372137986064, -0.3255530020165982, 0.23610389283540778, 0.4342278177198614, 0.23221099307783907, 0.14555677122905958, 0.8047784690343478, 0.017698534799762314]], "inverted": false, "swapped": true, "error_lsq": 0.042959021698029565, "error_max": 0.21292699938266652, "target": "898.xyz", "model": "17.xyz", "model_rescale": 3.7474275329858107, "target_rescale": 4.240508594259658},
{"mapping": [10, 12, 13, 6, 9, 5, 11, 2, 7, 4, 0, 3, 1, 16], "R": [[0.8091721363513449, 0.31036286698128535, 0.4989141655152295], [0.5816052210769872, -0.5437734126845458, -0.605017224939416], [0.08352137791362033, 0.7797341639665148, -0.6205149578977535]], "T": [0.05849666021346395, -0.09387631898144652, 0.07653259584942015], "aligned_model": [[0.26643280597630414, 0.3107294068013933, 0.6348597425446807, -0.37744474361194147, 0.3539873414517085, -0.3197575406496424, 0.7003509164879347, 0.1837593438703544, -0.1970041479866534, 0.2744059930920518, -0.5851244072769601, -0.4837358977301917, -0.3826521942561657, 0.03604102917000396], [-0.3995837119040492, 0.2533834749390258, 0.19208743390259567, 0.07571471994525189, -0.7819533314954527, -0.36827302515874616, -0.25610212142444255, 0.6815599605590384, -0.7771105016185671, 0.12159698367739155, -0.09306544275047574, 0.5564702925738717, 0.25527474740400735, -0.09959123713821588], [-0.4159495878979972, -0.6571057400181708, 0.003266424749810426, -0.5367780894642415, 0.23715568850157517, 0.5416977567129057, 0.2335264517149051, -0.04000199851674818, 0.028711263634927542, 0.46540874714857317, -0.04443111979554085, -0.01999611392100184, 0.5551226396604866, -0.025831603847828177]], "inverted": false, "swapped": true, "error_lsq": 0.04602388883587022, "error_max": 0.27042361115160046, "target": "898.xyz", "model": "18.xyz", "model_rescale": 3.922800546911778, "target_rescale": 4.240508594259658},
{"mapping": [8, 0, 7, 10, 4, 6, 1, 14, 3, 9, 15, 11, 12, 13, 16], "R": [[0.15913543739079028, 0.9399775489411695, 0.3018577811701958], [-0.18448669647273588, -0.2720550139099822, 0.9444314311960484], [0.9698662646937559, -0.20598125374167256, 0.13011975912977314]], "T": [0.09281908737273208, -0.06885899808017569, -0.015389242752910318], "aligned_model": [[-0.19105650536031316, -0.3428511010659199, 0.33094081364983996, 0.12010997264044877, 0.30393022335698716, -0.6008977623505045, -0.10154364080265234, 0.25333846940442645, -0.6617980189335543, 0.7650284194934546, 0.7228108660592028, 0.6446623465535507, -0.38194863445894905, 0.2091079640814963, 0.026217424620104485], [0.5955735679576895, -0.1237191592572018, 0.2720055985401739, 0.5434475010244431, -0.4483299958322624, 0.23657768301153992, -0.7483030765367635, 0.5645747959237879, -0.4642690059424144, 0.23583679468204155, -0.37928398484540593, 0.04194093750699808, 0.4035963906903022, -0.024158934732743498, 0.012122392844394522], [-0.4884668697893925, -0.5012521927314719, -0.6166261855426498, 0.04435279308798194, 0.2206279078114056, -0.15829267527698204, -0.23020563677241795, 0.6118889981726605, -0.03749359566942341, -0.2199853898935651, -0.15670120093261927, 0.36688495154486156, 0.507886446256277, 0.6200762590298483, -0.020034442131183494]], "inverted": false, "swapped": true, "error_lsq": 0.042121819774525435, "error_max": 0.30379231382920535, "target": "898.xyz", "model": "19.xyz", "model_rescale": 3.9282355846067225, "target_rescale": 4.240508594259658},
{"mapping": [11, 14, 12, 9, 15, 10, 7, 6, 5, 1, 2, 4, 3, 16], "R": [[-0.3056431959297203, -0.9520414818908577, -0.014115719638980506], [-0.8570046546330631, 0.2815319087471543, -0.43160491921947364], [0.41487981237839344, -0.11981986945512704, -0.9019522937298987]], "T": [-0.03613516624397305, -0.057596974985600694, 0.04987359723137681], "aligned_model": [[-0.5647578962731922, -0.06102497850066288, 0.5030983191343695, -0.5603128597895205, -0.7125702337574379, 0.11685034335896374, -0.09743693549570293, 0.7282290129300785, -0.2768863274644974, -0.03520676356189034, 0.2536702724822826, -0.37496320528230975, 0.5619082632989879, 0.05192580800520786], [-0.45622505914248235, -0.8574754959571518, -0.7053731724572867, 0.035086228434098685, 0.17594290656450057, -0.3138060484014146, 0.399128918834398, -0.020703321570052655, 0.5536300033624078, 0.36744175104248594, -0.5116706681681541, -0.15739130600067255, 0.09377654880554716, -0.07947919792138768], [-0.10695378517778602, -0.3744584471241746, -0.05989514611296266, -0.500773354213119, 0.08329673755270257, -0.48881508527625145, -0.5175945006652599, -0.04678189773216468, 0.10634375769885872, 0.6539501059932434, 0.6333137090447842, 0.39557129275553754, 0.6378487383224697, -0.002868967822195652]], "inverted": false, "swapped": true, "error_lsq": 0.044268776969288895, "error_max": 0.2733508268844746, "target": "898.xyz", "model": "20.xyz", "model_rescale": 4.067790424073018, "target_rescale": 4.240508594259658},
{"mapping": [8, 5, 6, 12, 3, 1, 2, 7, 0, 9, 15, 13, 11, 4, 16], "R": [[-0.012498444238368156, -0.49327780537333143, -0.8697820391441123], [0.6326450641343836, -0.6775141312196846, 0.3751464045196725], [-0.7743410177163691, -0.5455745675191485, 0.3205376414062349]], "T": [0.09243746787661562, 0.02209375431319433, 0.04994546323088185], "aligned_model": [[0.3296083341788367, 0.010909261912980292, -0.2069120149025196, 0.08271033981053179, -0.7284396624258679, -0.5195704966231268, -0.425229710552909, 0.48506916213462775, -0.2739087921449007, 0.7857993144564122, 0.33523149782063444, 0.222792453397073, 0.5792435381514558, -0.008154522915280224, 0.09929525160956765], [0.0010902422136824276, 0.6762057610576749, -0.2855648771218632, -0.7976733324284722, -0.11250451079366908, 0.3988257284811864, -0.5166710289814688, 0.4611519226232966, 0.2506191314391471, 0.3419146723271062, 0.5328322898896155, -0.4571950637998938, -0.0978267616837229, 0.08220648000064572, -0.036515513295417384], [-0.7802155216513326, 0.03448409273048951, -0.5909071551118906, -0.17438295060520476, -0.1353345892359935, 0.2204930519602849, 0.3188797970130748, -0.38300345827575133, -0.44244414502471335, 0.10934601752271896, 0.4897404045911888, 0.4654300105334069, 0.5099238190717204, 0.5300891467579841, -0.036848946654841244]], "inverted": true, "swapped": true, "error_lsq": 0.055200557112103275, "error_max": 0.429173273727447, "target": "898.xyz", "model": "21.xyz", "model_rescale": 4.186013935880536, "target_rescale": 4.240508594259658},
{"mapping": [11, 9, 10, 2, 1, 12, 4, 15, 8, 7, 5, 0, 16], "R": [[0.19835140458910594, -0.9542445730802499, 0.2237722392175136], [-0.8931472558901897, -0.08194633777412186, 0.44223611003765084], [-0.40366409252415875, -0.2875797149875159, -0.8685350930931612]], "T": [0.05264986353138084, -0.11217544753738312, 0.0348285021570441], "aligned_model": [[-0.17970671005806638, -0.43686259944481853, 0.32180685875518106, 0.5374414559658242, -0.1771976288997369, 0.8554123097772922, -0.1819437381408327, -0.6439017746870962, 0.36996983125354815, -0.24062797829928878, -0.4781463330526406, 0.17330945846280071, 0.13902088379105912], [-0.39513470921524835, 0.1764984470980202, 0.2084620020498651, -0.7058640626107042, -0.3363109945079817, -0.2001311099588137, -0.5466187178084624, -0.24197559768922888, 0.6885328789130736, 0.5496219103591968, 0.09901384959617338, 0.2766827238718483, -0.05381996055164488], [-0.5386570225041539, -0.4786005843670708, -0.4168121624814984, 0.24239395078903797, 0.7000356847703725, -0.23026051520285085, 0.05708006845369927, -0.07095485882678025, -0.028674585967707986, -0.06709723405195593, 0.36407445608945294, 0.5477724963900056, 0.02257986824479547]], "inverted": false, "swapped": true, "error_lsq": 0.04085580748499315, "error_max": 0.2337513778089048, "target": "898.xyz", "model": "22.xyz", "model_rescale": 4.166573947596378, "target_rescale": 4.240508594259658},
{"mapping": [2, 2, 6, 0, 3, 13, 12, 4, 1, 5, 15, 8, 10, 11, 9, 16], "R": [[-0.715604974399029, -0.15113992501412168, 0.6819576553438571], [0.6788822691707275, 0.07929840520222364, 0.7299524830685818], [-0.16440311803907295, 0.9853265884969865, 0.04585988203125946]], "T": [-0.04632775176343997, 0.05700422420133144, 0.07922612445463542], "aligned_model": [[-0.5910539415317226, -0.5910539415317226, 0.3200761377487724, 0.20963348464293494, -0.3189648771161997, -0.380491107522953, 0.06309421488643893, -0.5025211844741729, -0.46849181153993946, -0.012849577848074077, -0.25042717409818177, 0.7824949720395544, 0.41837993433724024, -0.20291647330527, 0.28647096802294864, 0.025853618311102756], [0.1437657633239641, 0.1437657633239641, -0.16211338009630122, -0.506415417732461, -0.4778729866348226, 0.5964957233152711, 0.5077462554155364, 0.11013545879287334, -0.548289790509212, -0.42873224641182517, 0.038252258978623964, -0.04556347969811348, 0.4442545578730377, 0.621230658567173, 0.3423644987033672, 0.07068380041060321], [-0.4920166336948254, -0.4920166336948254, -0.5631847176165459, -0.13507065359143555, -0.5256375139574172, -0.04969779309675956, -0.6330198901294499, 0.2618045160961501, 0.11027240251918233, 0.523846988450307, 0.7656765398148646, -0.1407538446067539, -0.036173605445258245, 0.4257368329531529, 0.7072221607372284, 0.00427237842647922]], "inverted": false, "swapped": true, "error_lsq": 0.04750284643227119, "error_max": 0.3173109059005546, "target": "898.xyz", "model": "23.xyz", "model_rescale": 4.274766983524099, "target_rescale": 4.240508594259658},
{"mapping": [11, 2, 12, 10, 6, 8, 7, 0, 5, 3, 16], "R": [[0.23384998877681135, 0.6615358306997607, -0.7125198435478574], [0.4636962645863456, -0.7200105257369898, -0.5163047714641168], [-0.8545758930356949, -0.2096549248844909, -0.47512614694828526]], "T": [0.1543869635627091, 0.022535588814172364, -0.08128556436583195], "aligned_model": [[0.29927255711546896, 0.2061703917089615, -0.4808698666819595, -0.38227939153008794, -0.4269712609424142, -0.5659747852850678, -0.04401807002733546, 0.011178667552114468, 0.5374037302282744, 0.17371711136646428, 0.05226562045365596], [-0.23510465843818554, 0.7878058998922265, 0.48234918229771306, -0.19746974176168972, 0.3578704388458832, -0.2638535016831457, -0.6059316131652543, 0.11592247114733847, -0.2986850478497334, 0.7326249716024748, 0.04005813035585576], [-0.694123908329433, -0.28683921376307064, -0.40909061261066504, -0.28821557654502783, 0.2988843685955694, 0.29939628154326864, 0.23500687912876045, 0.5508941811988639, 0.34867243212566484, 0.3895478113657099, -0.06456620868806315]], "inverted": false, "swapped": true, "error_lsq": 0.0468666868927102, "error_max": 0.21752460286342568, "target": "898.xyz", "model": "24.xyz", "model_rescale": 3.7841303162186577, "target_rescale": 4.240508594259658},
{"mapping": [14, 12, 2, 0, 6, 3, 8, 10, 12, 4, 11, 7, 1, 5, 15, 16], "R": [[-0.7534367807316845, 0.025591661507527202, 0.6570221337991288], [0.1675223276251197, 0.9737379648469506, 0.15417731857436467], [-0.635821741675871, 0.2262287397237655, -0.7379371722140436]], "T": [-0.040361742402592785, 0.07636143625549945, 0.138644328746511], "aligned_model": [[0.04472649952341927, -0.07386964295288147, -0.6809883368781625, 0.18976396969884513, 0.21135974303850635, -0.4008844507120727, 0.7383066008028452, 0.38436288024097603, -0.07386964295288147, -0.4578288735615122, -0.14909830148204123, 0.6316716441379151, -0.43185508755222096, 0.08675094155737502, -0.11748225709148728, 0.01677686265615559], [0.12857410584964374, -0.4733452456670057, -0.345497187069368, -0.33729092026127877, -0.6526718883364826, -0.6097785269412125, -0.2955161534070576, 0.010288572542410071, -0.4733452456670057, 0.33778475039327105, 0.5983155682970538, 0.27138641583905504, -0.009833187398736232, 0.3410166415654763, 0.7482785349798486, -0.0015537663506513116], [-0.7616426605810946, -0.508762587520229, -0.06679506281626674, 0.5912090656829325, 0.12850873921733186, 0.4929323211526311, 0.10341511132497372, -0.302350596067703, -0.508762587520229, 0.17925578598694356, -0.2840629137035679, 0.35009852199608027, 0.7590237743680625, 0.7290242128817331, 0.37486926773749324, 0.09765962367816183]], "inverted": false, "swapped": true, "error_lsq": 0.04761200844368935, "error_max": 0.37125407687955614, "target": "898.xyz", "model": "25.xyz", "model_rescale": 4.19342608120988, "target_rescale": 4.240508594259658},
{"mapping": [13, 10, 12, 1, 2, 4, 3, 5, 6, 9, 0, 16], "R": [[0.6299746876980781, 0.2721508526889335, -0.7273690990414672], [0.771424426301939, -0.1111766777386784, 0.626533399613871], [0.08964511902180533, -0.9558104726919855, -0.2799823082408779]], "T": [-0.01641564752896365, -0.01258122433986464, 0.11220053048134052], "aligned_model": [[-0.28557544458274087, 0.48948318743868646, 0.22197854269117437, -0.4870233627712129, -0.4725430075172265, -0.48674584512982777, -0.2500907731641106, -0.08136515529522795, 0.411989682403127, 0.2532804826336047, 0.21856844410107226, 0.0658518038244626], [-0.5999375263532237, -0.3628677442143877, -0.5868813369587544, 0.5367720808731695, -0.2743547074337781, -0.07557879848353777, 0.3524155550740516, 0.5556004790225312, 0.10662102411983493, -0.12369183980069004, 0.5183304484330786, -0.03365120653731384], [0.06857507231039575, 0.13667245078674956, -0.46726777882880877, -0.037153188585274805, -0.4827742170900342, 0.2503709184404481, -0.6215964036512666, 0.4403766007817469, -0.5180499927404528, 0.8203551211246801, -0.19077839442046204, 0.05052827308169987]], "inverted": true, "swapped": true, "error_lsq": 0.0446797329294058, "error_max": 0.21215286282761583, "target": "898.xyz", "model": "26.xyz", "model_rescale": 3.795458400668931, "target_rescale": 4.240508594259658},
