[{"mapping": [9, 11, 7, 2, 6, 8, 0, 1, 3, 5, 12, 13], "R": [[0.8926567733972107, 0.20941280967390968, -0.3991367686051483], [-0.14954548359400738, -0.6977627823007435, -0.7005449649897997], [-0.425205871601881, 0.685035309148663, -0.5915459339517775]], "T": [0.1619337321152156, 0.09299628287622938, 0.03929793933602304], "aligned_model": [[0.09955057850816307, 0.5433724777021612, -0.0795165722051211, -0.5303995425346033, -0.40141582577812557, -0.03481927202334442, 0.03480531427369221, 0.45614546165543673, -0.1725457726408715, 0.43360315087493717, 0.5952022298005117, 0.15028357867987652], [-0.3764178679477692, -0.34187972182566073, -0.6225635223968617, 0.2260824695760322, 0.15301477000581176, -0.44840680289020796, 0.35344251057662546, 0.5557791714826021, 0.48112207272504004, 0.3649604017215332, 0.019484524908914433, -0.06942687790720523], [-0.5197207266461155, 0.4297453554407525, 0.00658100034990116, -0.26765637181152757, 0.5526996738594919, 0.5672658225521628, -0.6758374061996115, -0.14046737889045002, 0.14265236812401405, 0.6909362634185235, -0.33752328926938246, 0.044078422726939355]], "inverted": false, "swapped": false, "error_lsq": 0.050010108120349395, "error_max": 0.29381430391888314, "target": "899.xyz", "model": "0.xyz", "model_rescale": 3.8414455957264533, "target_rescale": 3.773485359936401},
{"mapping": [8, 5, 10, 11, 1, 3, 13, 7, 0, 4, 9, 14], "R": [[0.3949204789713447, -0.6754148795766248, 0.62277809509932], [-0.791463988629078, 0.09408928574980752, 0.6039304272931131], [-0.4665003429713582, -0.731410928790092, -0.49740876877475804]], "T": [0.21007037396458417, -0.022656699753317657, 0.01587088784876619], "aligned_model": [[0.15719252611798887, 0.3926482452831215, 0.020284039618117533, -0.6096616538556052, -0.48392703732603914, -0.02792813595614002, -0.028786905154994546, 0.57271446675162, -0.013859569919913245, 0.323573741587187, 0.6543227915857824, 0.13769329758158766], [-0.37575863230541134, -0.5023602838202802, -0.6799150098219985, 0.12326375102565545, 0.06141108021476285, -0.18250343575004535, 0.3366394185933781, 0.5073792419913256, 0.6551121956545334, 0.2261992804783175, 0.17714740054498831, -0.051423878776371314], [-0.6889875063948295, 0.4292382514862404, 0.03520897336370573, -0.1658212328946373, 0.5255748143216686, 0.7446936456621893, -0.6075876113249309, -0.006627213419094148, 0.14237019281394883, 0.4859824932037831, -0.46186103586488575, 0.0605699627015407]], "inverted": false, "swapped": false, "error_lsq": 0.046279828938913886, "error_max": 0.2932287777777962, "target": "899.xyz", "model": "1.xyz", "model_rescale": 4.316132596720782, "target_rescale": 3.773485359936401},
{"mapping": [7, 1, 10, 3, 6, 8, 5, 0, 4, 2, 9, 11], "R": [[0.49454984071034147, -0.6996224183544215, 0.515702362598124], [-0.7298891665970422, -0.6564506303616915, -0.19061577684445058], [0.4718922117789732, -0.28213656557356925, -0.8352943785448936]], "T": [0.1321772424636609, -0.007913081921346012, 0.01884317753569117], "aligned_model": [[-0.1441115072424328, 0.6061148186998728, -0.06519727042543041, -0.41945701720458495, -0.588319696659809, 0.1353552791913408, 0.20328011880575952, 0.5587805035365806, -0.21392904543802796, 0.34874417599438035, 0.6396042640787041, 0.033401182976359745], [-0.40284794509982713, -0.15542578032296916, -0.5927685058038575, 0.10530845989719409, -0.011107753595323646, -0.34050163128161737, 0.3408423333389253, 0.5591369007191749, 0.656405774540077, 0.36640595298901185, -0.2867413348038196, 0.05648465745188612], [-0.7349154711123987, 0.2384347098096474, 0.14621363488860736, -0.3186439109100894, 0.4150374705108885, 0.7090684108688978, -0.5188127749278841, -0.0005999039016865888, 0.20110843906800757, 0.7355784321101269, -0.44454017171350924, 0.06482486896409152]], "inverted": false, "swapped": false, "error_lsq": 0.05321191655710034, "error_max": 0.26893035596191195, "target": "899.xyz", "model": "2.xyz", "model_rescale": 3.795458400668931, "target_rescale": 3.773485359936401},
{"mapping": [9, 4, 5, 6, 2, 10, 8, 7, 1, 0, 7, 11], "R": [[0.679900710533601, 0.1533344068446018, -0.7170938456670221], [-0.11784018936300084, -0.9423391048943018, -0.31322627788533075], [-0.7237739381787637, 0.29746524345647596, -0.622628071442802]], "T": [0.010819124664067592, 0.009290022502789716, 0.0875280326921622], "aligned_model": [[0.2785506194375068, 0.4737436949503359, -0.0808860626662393, -0.5195036780526239, -0.5747878102088875, -0.09473880061135456, -0.20820519024405199, 0.6510490816916095, -0.09440711240392839, 0.4760572298728564, 0.6510490816916095, 0.1363447528558801], [-0.37861227035389217, -0.3505903434001219, -0.6742111405244627, 0.10759041540010043, 0.16938202644476422, -0.4302305025348781, 0.3242955293003697, 0.24876995598281015, 0.6289769811820852, 0.35918472285008285, 0.24876995598281015, 0.04186579769918694], [-0.6421337387541579, 0.346645183391333, -0.047530970363283076, -0.1499399741968741, 0.5556737146305132, 0.6660519888792196, -0.5931795529843631, -0.2531437451246816, 0.12194248074768867, 0.6103426731780182, -0.2531437451246816, 0.131169419375968]], "inverted": false, "swapped": false, "error_lsq": 0.05416505437069407, "error_max": 0.3161329906746508, "target": "899.xyz", "model": "3.xyz", "model_rescale": 3.7530521520055578, "target_rescale": 3.773485359936401},
{"mapping": [9, 6, 10, 0, 1, 3, 5, 8, 4, 2, 11], "R": [[-0.3157437301990931, 0.8600382838484266, 0.4007992604222411], [0.8384677466692139, 0.05516847836815614, 0.5421515256733982], [0.4441595823973783, 0.507238197802172, -0.7385334630570176]], "T": [-0.06832441839201248, 0.02046637862366571, -0.013048070644065516], "aligned_model": [[-0.5374962447298541, -0.1403296715099218, 0.31524063753096837, 0.5990367059784558, 0.37221969573125263, -0.27441706744509065, -0.1576377930169095, -0.6844576398011089, -0.526022927702329, 0.44857798015515765, -0.07651407274541557], [-0.6823454624178201, 0.3407793391509647, -0.3729972603916256, 0.3700687417713455, -0.5647729252218313, 0.5716081682863168, -0.40358710450718116, -0.005985388989475676, 0.2684546074341819, 0.07334001146928192, -0.12735936826981048], [0.08093173220726532, -0.6329621559802551, -0.4940366485338747, -0.41258920887168554, 0.12585425236767445, -0.028430921239149115, 0.6455433772443748, -0.17996119137055586, 0.689863595684106, 0.3192403172882082, -0.020622371550792114]], "inverted": true, "swapped": true, "error_lsq": 0.0540480216609266, "error_max": 0.3105913603990899, "target": "899.xyz", "model": "4.xyz", "model_rescale": 3.7855080009869324, "target_rescale": 3.773485359936401},
{"mapping": [15, 3, 14, 13, 11, 1, 8, 7, 6, 4, 10, 16], "R": [[0.08061097817852625, -0.33920074969917324, 0.9372538191976707], [0.6926077485923819, -0.6571517775269882, -0.29739880275971475], [0.7167959101354395, 0.6731228659736932, 0.18195941997178466]], "T": [0.14106656284712354, -0.07593055402706397, 0.0984006449687918], "aligned_model": [[0.02609702530641228, 0.6992401002406423, -0.12377350211731591, -0.5072797007870247, -0.5371839756755268, -0.02179055151620221, 0.030607185259407782, 0.5297832807611574, -0.10433751436847277, 0.30729306202308115, 0.6606467246977177, 0.1349636724888366], [-0.3096682172214521, -0.4799680202737088, -0.6741949194133205, 0.06807422595382731, 0.1855888058226258, -0.14047605107811775, 0.26093786510992345, 0.5614426075316266, 0.5246305500456876, 0.4179457428814124, 0.008743286514651796, -0.12786474784430138], [-0.6835627921099232, 0.18565105139671395, -0.07375302949527607, -0.19104258720237682, 0.42092205467345495, 0.8348891907731735, -0.509569969497649, 0.03496376283600311, 0.17037471827190417, 0.6232394184878829, -0.4054158595380682, 0.0860577750588598]], "inverted": true, "swapped": false, "error_lsq": 0.041734442005868344, "error_max": 0.2534094146925656, "target": "899.xyz", "model": "5.xyz", "model_rescale": 4.2253639853439635, "target_rescale": 3.773485359936401},
{"mapping": [7, 11, 6, 4, 10, 5, 0, 9, 1, 8, 12, 13], "R": [[0.5483164878986548, 0.7244771667638135, 0.41771026314463694], [0.03915387890746641, 0.4767036974878147, -0.8781916411398741], [-0.8353538189683362, 0.4978819334333428, 0.23301840591612666]], "T": [0.017801770184070212, 0.018641638188543887, 0.0572838130828449], "aligned_model": [[0.20516112364012945, 0.595140226823397, 0.040617113826127496, -0.6431882190566286, -0.40887067916343967, -0.018545433797058183, 0.0699927434190145, 0.4062566468175212, -0.2770036119894484, 0.33267169635254784, 0.808219737741602, -0.016185538301051766], [-0.33181440894373876, -0.43817654420701607, -0.6129000982887773, 0.18283453863473287, 0.17768984206948837, -0.32063341683353047, 0.391035152624336, 0.4816739219053425, 0.6891649838882774, 0.36568877976852177, -0.27438315779560224, -0.014988464793179824], [-0.6293516416730645, 0.3093775328208139, -0.06251795361870971, -0.135184983799077, 0.6906610815407374, 0.5904935131570347, -0.6509970789688525, -0.028158217213019435, 0.10412408925013324, 0.6284931326098597, -0.34361476507589805, 0.01942902462474115]], "inverted": false, "swapped": false, "error_lsq": 0.051096249348035604, "error_max": 0.3228628191065475, "target": "899.xyz", "model": "6.xyz", "model_rescale": 3.89814844738969, "target_rescale": 3.773485359936401},
{"mapping": [8, 0, 6, 9, 5, 1, 11, 4, 10, 2, 7, 12], "R": [[-0.7342810033030477, 0.6702249212092757, 0.10784230699632677], [-0.6436123230088313, -0.6368153975570799, -0.42453424727034], [-0.21585779082406428, -0.3811360707467068, 0.8989664675149547]], "T": [0.21162663614774113, -0.029217454613733828, -0.0216071524031236], "aligned_model": [[-0.04083023044921835, 0.5175077245781419, -0.1592793175735756, -0.6587065728774848, -0.42233440292964, 0.07209564624306397, 0.10426077233901844, 0.5989165027786478, -0.15699850559517242, 0.28679697197809684, 0.7705528884419915, 0.18228432937884315], [-0.2842111417464388, -0.3854437957330562, -0.5914062908600621, 0.08835784921922657, -0.0967157725726442, -0.26159796809478153, 0.3979358642250071, 0.48545897447884034, 0.580471992041644, 0.3802878387921319, -0.14651156630194345, 0.1285651445809314], [-0.5951318008230909, 0.3397098013946222, 0.03961651068442643, -0.18483102391416614, 0.4212404308910311, 0.7792218005227469, -0.7008368504557528, 0.0031015692514841167, 0.15530510427855068, 0.5512826099462256, -0.3458265463411385, 0.029902128219760064]], "inverted": true, "swapped": false, "error_lsq": 0.04616544064963679, "error_max": 0.3077698380610965, "target": "899.xyz", "model": "7.xyz", "model_rescale": 3.7474275329858107, "target_rescale": 3.773485359936401},
{"mapping": [10, 11, 12, 0, 2, 4, 6, 5, 3, 8, 7, 14], "R": [[-0.11567540734172121, -0.2141175090021143, 0.9699344784443208], [-0.29579651756233627, -0.9247602301309354, -0.23942208955352084], [0.9482212929133799, -0.3145984887231805, 0.043636802801872265]], "T": [0.05498519557638805, -0.10980561042192477, 0.09305356906085797], "aligned_model": [[0.16470430644602368, 0.5383965543084623, -0.039115673261233455, -0.3914087767049128, -0.48391937639921334, 0.054113414785972994, 0.09851036735772234, 0.44582978449723987, -0.14433638801619486, 0.24658037260345883, 0.5800891676888285, 0.024822053006558542], [-0.33965737657091666, -0.4824343128624507, -0.7137570218614602, 0.0941612597986935, 0.18651183611612293, -0.1315821850560582, 0.41084418033733056, 0.48391845529684513, 0.577146240496035, 0.30856583796045484, 0.02799167165058708, -0.12651745727632896], [-0.6213645452086698, -0.02501956063496559, 0.009206458773421328, -0.3466544874838092, 0.6678294636761517, 0.8751986110070326, -0.5346146977819812, 0.004998443602132932, 0.043027597614553666, 0.5965085672234741, -0.31823144093729805, 0.1418693238046564]], "inverted": false, "swapped": false, "error_lsq": 0.05075978635242561, "error_max": 0.2777662877051545, "target": "899.xyz", "model": "8.xyz", "model_rescale": 4.019505241142653, "target_rescale": 3.773485359936401},
{"mapping": [3, 0, 2, 6, 10, 1, 5, 8, 11, 9, 4, 12], "R": [[-0.09999409596605818, -0.9478004557401541, 0.30277958463325616], [0.4416120362394832, 0.23041360095161617, 0.8671149761968866], [-0.8916165040085051, 0.2204174870450748, 0.3955200894826786]], "T": [0.08909671766025067, 0.015893506044723137, 0.09226458501343693], "aligned_model": [[0.22741708095527208, 0.5475820978171425, -0.13409034636740452, -0.6118970690965587, -0.5971171996118485, 0.025630004058876527, 0.01182388728895832, 0.5503506432571502, -0.017793932518001113, 0.23785133863884822, 0.7660658812465881, 0.08844342064368933], [-0.42323774378137363, -0.4450033670434446, -0.4880319616720162, 0.10332814533672255, 0.09702915295870948, -0.3126776984206476, 0.20861326691560186, 0.5079145375712811, 0.6221380894126316, 0.45766264675561474, -0.07351948360344718, 0.04097554359922245], [-0.6333331205134414, 0.09562711843776574, -0.1227210416080633, -0.07810188101530993, 0.6928536498154181, 0.6790509533208248, -0.546024317129032, 0.1282791937589672, 0.0012073610576667781, 0.5923167327775647, -0.3781742952659377, 0.061773380018276425]], "inverted": false, "swapped": false, "error_lsq": 0.04655756589121788, "error_max": 0.21209861042630165, "target": "899.xyz", "model": "9.xyz", "model_rescale": 3.877068213659057, "target_rescale": 3.773485359936401},
{"mapping": [1, 12, 3, 2, 13, 6, 8, 11, 9, 10, 0, 15], "R": [[0.6015056603939629, 0.4873629624379974, -0.63298363593199], [-0.5379357457235622, 0.8328870711036002, 0.13009327523474074], [0.5906065305995676, 0.26225268279300057, 0.7631562463748929]], "T": [-0.024808541089450367, -0.030877293978673306, 0.044709939378147295], "aligned_model": [[0.13166171676888427, 0.6298371121029187, -0.11485341586701535, -0.6059723649045253, -0.6094836022765132, 0.09982570546779908, 0.12516967115732808, 0.6110590348846172, -0.14372697998043077, 0.25363097789806677, 0.6621215547269109, 0.054996396334672154], [-0.3814952951474601, -0.3320003967742037, -0.6404061745742249, 0.263354225954434, -0.08732905045105413, -0.22844066176120473, 0.46832900664385957, 0.34339505014290655, 0.6180334754615586, 0.41045485971873946, -0.09871480473512989, -0.03998910644936611], [-0.7334228808174704, 0.24209069181530618, 0.19678823163069592, -0.08190672822923795, 0.5473099473176207, 0.615445951401551, -0.5241683789625359, 0.028964638037579288, 0.024252126790497902, 0.5252389643482126, -0.35188954527845506, 0.0040507156009347844]], "inverted": false, "swapped": false, "error_lsq": 0.042901206001559146, "error_max": 0.20752517938900691, "target": "899.xyz", "model": "10.xyz", "model_rescale": 4.260839863003843, "target_rescale": 3.773485359936401},
{"mapping": [6, 4, 10, 7, 8, 9, 0, 3, 1, 2, 5, 11], "R": [[-0.9124513384360224, 0.15549739505834625, -0.3784879325901689], [0.06748308804997086, -0.855127804109745, -0.5140062951615337], [-0.4035821946190782, -0.49454726646551633, 0.7697690649915301]], "T": [0.07056073397398203, 0.016440125210842912, 0.07784938425293458], "aligned_model": [[0.0988528106829409, 0.6078642212962595, -0.10841152622786786, -0.4910180986296208, -0.4433902151627606, 0.04485129148328541, -0.05700441212868969, 0.5767700273521744, -0.10722733185529253, 0.32056538058413153, 0.6182984731884873, 0.034115185729664876], [-0.27712156185572734, -0.35010245467331913, -0.5815086074114344, 0.06726150390768484, 0.03496856964517252, -0.4529986309735427, 0.38812641209287446, 0.4917501276815931, 0.7167601831127443, 0.3954287761925558, -0.19687623099768004, 0.0595030413079329], [-0.7071833723479293, 0.41408495382344157, 0.016530257743709476, -0.25629434458418154, 0.578972648218028, 0.7218210761122008, -0.7067592488238883, -0.06934308926923088, 0.11254611738812567, 0.5918750696440878, -0.2554528861593729, 0.051956551909708285]], "inverted": false, "swapped": false, "error_lsq": 0.040260694441019276, "error_max": 0.22182737173779743, "target": "899.xyz", "model": "11.xyz", "model_rescale": 3.890672605050136, "target_rescale": 3.773485359936401},
{"mapping": [10, 7, 4, 11, 1, 3, 9, 5, 6, 8, 12, 13], "R": [[-0.11144813745155191, -0.5612064221100207, 0.8201381983794255], [-0.8911668824008265, -0.30877196521632855, -0.3323875166254571], [0.439773692222002, -0.7679239710276768, -0.46571651715449414]], "T": [-0.04613597445480837, 0.09339769517044128, 0.06500936593915574], "aligned_model": [[-0.044773717553971124, 0.7435254026025023, -0.08589431054014703, -0.40591085654723824, -0.7370114339459648, 0.25872444009462725, 0.16552851669281132, 0.6581623454092328, -0.28737722798946547, 0.27436130867178204, 0.48388595218577873, 0.07104538723276443], [-0.44774167726869674, -0.19780592266659486, -0.6021549291004133, 0.10802991752459001, 0.0964225104848612, -0.3858828050795607, 0.5913851356351394, 0.3850432294697432, 0.6051619053689495, 0.371115230919065, -0.20089151834704244, -0.027489948911185447], [-0.6468240614122678, 0.20138947012952063, 0.14039414826817892, -0.35105564842712, 0.42275262633050925, 0.793304282661008, -0.4944788540870033, -0.08951875705152643, 0.17436381118251015, 0.6475430625476173, -0.36812197999707874, 0.06300563351035059]], "inverted": false, "swapped": false, "error_lsq": 0.059325003322853696, "error_max": 0.31429045169454367, "target": "899.xyz", "model": "12.xyz", "model_rescale": 4.124412569039231, "target_rescale": 3.773485359936401},
{"mapping": [1, 3, 6, 2, 11, 9, 4, 5, 10, 7, 0, 12], "R": [[0.5386570114700315, 0.824770183276749, -0.17205455173232756], [-0.8324584965102987, 0.5524789980574143, 0.04218777421586386], [0.12985174462435004, 0.12050353307315714, 0.9841836327306501]], "T": [0.1928821142042607, -0.035057934938358695, 0.07293772986264917], "aligned_model": [[-0.10367214582710205, 0.7197282947986918, 0.07600773788757573, -0.5557878291655823, -0.73037825511302, 0.09856820786555175, 0.08197681626449292, 0.6305427355879281, -0.22331039005163522, 0.37166004073412645, 0.6232983006681201, 0.10563229266356497], [-0.4680155753313157, -0.4977027517065066, -0.6932746580388051, 0.1581233457686363, 0.1642054673723033, -0.27931702265437663, 0.44491316738018666, 0.5782417126760482, 0.5475164870473671, 0.33177158674891044, -0.04054779621983767, 0.04927716498624411], [-0.5495311861414727, 0.20388142492489258, 0.0994696045716828, -0.30728565490993676, 0.38668483866875814, 0.6561046503405377, -0.5399276807925277, -0.0049249813560006545, 0.25182460625864006, 0.5489127602165695, -0.31626550913600526, 0.06381086100956114]], "inverted": true, "swapped": false, "error_lsq": 0.04727472135803071, "error_max": 0.294133631335067, "target": "899.xyz", "model": "13.xyz", "model_rescale": 3.9028299243045295, "target_rescale": 3.773485359936401},
{"mapping": [12, 10, 5, 2, 0, 4, 1, 9, 6, 7, 14, 15], "R": [[-0.1237536465563298, 0.4418016401388414, 0.888536068899086], [-0.9225522891936282, 0.27857652584334713, -0.26700635376830945], [-0.3654891361827429, -0.8527639943264966, 0.37311025356147975]], "T": [-0.010200699549655953, -0.02462763930195389, -0.009648600470398318], "aligned_model": [[0.0018519561056758033, 0.5812323924568846, -0.03626219971468708, -0.6875706955187604, -0.6789547119538009, -0.029970322046695017, -0.09370421625653548, 0.5892609888436673, 0.0033135877909111627, 0.5513714673503116, 0.8182595411317878, 0.07543801812395291], [-0.3757301183092709, -0.28047600560754393, -0.5316480666405526, 0.16846441216794436, -0.1752105632584409, -0.2632345682604103, 0.40454107545285933, 0.4667686198669029, 0.641655610678933, 0.344401145211214, -0.1490087122637295, 0.044668298990949], [-0.6103332695668026, 0.3646522319990446, 0.05632804786585421, -0.22420655948321652, 0.45651581596526297, 0.6244169871166017, -0.49031494287029204, -0.014215556474387388, 0.007446927653083926, 0.5978729328114925, -0.29466374231706366, 0.019254860955121095]], "inverted": false, "swapped": false, "error_lsq": 0.04502095567644506, "error_max": 0.2282805547037145, "target": "899.xyz", "model": "14.xyz", "model_rescale": 3.942246331269136, "target_rescale": 3.773485359936401},
{"mapping": [1, 8, 0, 5, 9, 6, 3, 13, 4, 11, 12, 14], "R": [[-0.5603868404020049, -0.32180746932574333, 0.7631556471588339], [0.8211964799301732, -0.3357256800170192, 0.4614375462913727], [0.10771689957732067, 0.8852842596947439, 0.45240341409208956]], "T": [0.0009526622249895339, 0.055374201378075236, 0.11848642128254958], "aligned_model": [[-0.01003474245884893, 0.48665583580277644, 0.09467144477372659, -0.4799165434612953, -0.6809379085378435, -0.009450254244019865, -0.08939338996869571, 0.7256019374110647, 0.07973707622420946, 0.4158280748474283, 0.54911075660759, 0.012393519316620277], [-0.1836365975513039, -0.4134712561274416, -0.6602161929655462, -0.07537167486228903, -0.04731039230673366, -0.06928904661710282, 0.3780367962304946, 0.4033000439283358, 0.6332526876589482, 0.33276119937391324, 0.02329981505177057, -0.026164253784190364], [-0.6557193334842771, 0.49679488066549804, -0.02245562421481173, -0.2745146996546496, 0.5339902478075107, 0.6635921387967327, -0.5173393183952067, -0.003007951275619619, 0.05921207500077991, 0.6333124792873558, -0.4869639858255598, 0.06585282494694661]], "inverted": false, "swapped": false, "error_lsq": 0.05409335474867561, "error_max": 0.2662812366228232, "target": "899.xyz", "model": "15.xyz", "model_rescale": 4.355366556412066, "target_rescale": 3.773485359936401},
{"mapping": [7, 1, 10, 3, 6, 8, 5, 0, 4, 2, 9, 11], "R": [[0.49454984071034147, -0.6996224183544215, 0.515702362598124], [-0.7298891665970422, -0.6564506303616915, -0.19061577684445058], [0.4718922117789732, -0.28213656557356925, -0.8352943785448936]], "T": [0.1321772424636609, -0.007913081921346012, 0.01884317753569117], "aligned_model": [[-0.1441115072424328, 0.6061148186998728, -0.06519727042543041, -0.41945701720458495, -0.588319696659809, 0.1353552791913408, 0.20328011880575952, 0.5587805035365806, -0.21392904543802796, 0.34874417599438035, 0.6396042640787041, 0.033401182976359745], [-0.40284794509982713, -0.15542578032296916, -0.5927685058038575, 0.10530845989719409, -0.011107753595323646, -0.34050163128161737, 0.3408423333389253, 0.5591369007191749, 0.656405774540077, 0.36640595298901185, -0.2867413348038196, 0.05648465745188612], [-0.7349154711123987, 0.2384347098096474, 0.14621363488860736, -0.3186439109100894, 0.4150374705108885, 0.7090684108688978, -0.5188127749278841, -0.0005999039016865888, 0.20110843906800757, 0.7355784321101269, -0.44454017171350924, 0.06482486896409152]], "inverted": false, "swapped": false, "error_lsq": 0.05321191655710034, "error_max": 0.26893035596191195, "target": "899.xyz", "model": "16.xyz", "model_rescale": 3.795458400668931, "target_rescale": 3.773485359936401},
{"mapping": [8, 0, 6, 9, 5, 1, 11, 4, 10, 2, 7, 12], "R": [[-0.7342810033030477, 0.6702249212092757, 0.10784230699632677], [-0.6436123230088313, -0.6368153975570799, -0.42453424727034], [-0.21585779082406428, -0.3811360707467068, 0.8989664675149547]], "T": [0.21162663614774113, -0.029217454613733828, -0.0216071524031236], "aligned_model": [[-0.04083023044921835, 0.5175077245781419, -0.1592793175735756, -0.6587065728774848, -0.42233440292964, 0.07209564624306397, 0.10426077233901844, 0.5989165027786478, -0.15699850559517242, 0.28679697197809684, 0.7705528884419915, 0.18228432937884315], [-0.2842111417464388, -0.3854437957330562, -0.5914062908600621, 0.08835784921922657, -0.0967157725726442, -0.26159796809478153, 0.3979358642250071, 0.48545897447884034, 0.580471992041644, 0.3802878387921319, -0.14651156630194345, 0.1285651445809314], [-0.5951318008230909, 0.3397098013946222, 0.03961651068442643, -0.18483102391416614, 0.4212404308910311, 0.7792218005227469, -0.7008368504557528, 0.0031015692514841167, 0.15530510427855068, 0.5512826099462256, -0.3458265463411385, 0.029902128219760064]], "inverted": true, "swapped": false, "error_lsq": 0.04616544064963679, "error_max": 0.3077698380610965, "target": "899.xyz", "model": "17.xyz", "model_rescale": 3.7474275329858107, "target_rescale": 3.773485359936401},
{"mapping": [0, 9, 2, 3, 11, 7, 8, 5, 10, 12, 4, 13], "R": [[-0.34407421285428574, 0.38293461213286506, -0.8573062573429382], [0.9252315120354434, 0.2937425911194634, -0.2401290055345902], [0.1598736538186052, -0.8758289633216501, -0.4553724210156043]], "T": [0.03488895831645633, -0.035493138810492014, 0.0602048827255806], "aligned_model": [[-0.01095562000596384, 0.6380457056986792, 0.07266585218557445, -0.5331414741159796, -0.5121373804416034, -0.08562695672102705, 0.023408061831880517, 0.52051486717389, -0.07691817607060092, 0.3452940503241134, 0.6619412969360433, 0.051175579517706474], [-0.47435817991724516, -0.20434384745815393, -0.7431306637254617, 0.22444402907151648, 0.1866499562139621, -0.33106048698928403, 0.33766993579847504, 0.5005799583076164, 0.644315974645319, 0.2614742788056098, 0.020424578392945106, -0.1274744051164447], [-0.6500332048997428, 0.2956099424259934, 0.019526099170760355, -0.20505589065287194, 0.4763194004294975, 0.7425062376630687, -0.5541825845806732, 0.06381706529081003, 0.10260894415883973, 0.6723290164138722, -0.481001543284929, 0.010310251520073713]], "inverted": true, "swapped": false, "error_lsq": 0.046761722464582184, "error_max": 0.2415245205176334, "target": "899.xyz", "model": "18.xyz", "model_rescale": 3.922800546911778, "target_rescale": 3.773485359936401},
{"mapping": [5, 6, 1, 3, 9, 10, 12, 13, 7, 11, 8, 14], "R": [[0.28631678636829794, 0.8500024206450867, -0.44217483277683695], [-0.29273138956544287, -0.36182515373954127, -0.8850937191531993], [-0.9123217806272168, 0.3828556425323397, 0.1452257744835056]], "T": [0.11722172758922111, -0.0649623438695834, 0.018524512496492024], "aligned_model": [[0.03455497941116517, 0.5478923187275739, 0.05657370638730247, -0.44613540402138063, -0.4778367296147261, 0.13236223661253899, 0.029439331583513778, 0.5318223811013317, -0.2198752723575283, 0.2062618677495593, 0.6349346058013299, 0.06427178493203249], [-0.26106118319389354, -0.5302083616914357, -0.8000962012212401, 0.14339318629237857, 0.12052125728056669, -0.20683089803730137, 0.4419381545231678, 0.4826806902518444, 0.656187001347007, 0.4183389668027454, -0.18393013015181342, 0.014258645826828745], [-0.7144455920419123, 0.2902537099386554, -0.04378963706371106, -0.20139810775778794, 0.5422080544656986, 0.8124040534774788, -0.5764210146294719, 0.01585017037314847, 0.08575734360778428, 0.534019720341765, -0.28513762801835507, 0.0334526609614064]], "inverted": true, "swapped": false, "error_lsq": 0.04178045075765044, "error_max": 0.22086113474479896, "target": "899.xyz", "model": "19.xyz", "model_rescale": 3.9282355846067225, "target_rescale": 3.773485359936401},
{"mapping": [9, 6, 7, 10, 2, 5, 11, 4, 0, 3, 8, 13], "R": [[0.5024230405941825, -0.7787710710575182, 0.37561510507968476], [0.8559448539571453, 0.509386651140709, -0.08878990158759693], [-0.12218631373594165, 0.3661159085912272, 0.9225126807865801]], "T": [0.11210625440627937, -0.07656214787938853, 0.026963791173274913], "aligned_model": [[0.10841515579526802, 0.5651433523050607, -0.09667366377386326, -0.6789924446357213, -0.5859336168701483, 0.09110313264815374, 0.042148231284442936, 0.5470863576189829, -0.009541858183225685, 0.3816174785641004, 0.7245384981016277, 0.0053551834580346375], [-0.21383265576764846, -0.36727957673428324, -0.6584171071922295, 0.1396432109124073, -0.18544004751554516, -0.18994908097907368, 0.4345159857290908, 0.36699946793280214, 0.7135759532283641, 0.39244402152404895, -0.16976471937576867, 0.03269567626668991], [-0.6509506641180456, 0.39721346172615135, 0.10412290254301501, -0.23695369630194002, 0.45075873149121337, 0.7157253061603226, -0.4702968926477091, -0.08885178518395132, 0.05983484345464528, 0.5501769238983852, -0.41446752474906595, 0.07644212738167815]], "inverted": true, "swapped": false, "error_lsq": 0.04474755155176913, "error_max": 0.25217103639434574, "target": "899.xyz", "model": "20.xyz", "model_rescale": 4.067790424073018, "target_rescale": 3.773485359936401},
{"mapping": [1, 0, 8, 13, 6, 2, 10, 12, 11, 3, 9, 14], "R": [[0.8502620204384745, -0.010042909107230324, -0.5262638469214351], [0.4406910378770244, -0.5331486492822484, 0.7221799823474656], [-0.28782964707401976, -0.8459619718079404, -0.44889022769499815]], "T": [0.01108031556352905, -0.10051265307319368, 0.08426967233628999], "aligned_model": [[0.0388506550284171, 0.5714103010872609, 0.02245158963328027, -0.44299789346619317, -0.5010304363376912, 0.07103825278293226, 0.031402277621151484, 0.5596312171012405, -0.07331127162724264, 0.29068958108351745, 0.49830443543201214, 0.027827097974027288], [-0.3833968077185902, -0.3899143577007251, -0.661335286237333, 0.1929190724778953, 0.09923421979168584, -0.2870261989418681, 0.36477187191959703, 0.4296175902978382, 0.5402140255476897, 0.39747082652230503, 0.04375256553638521, -0.05111639346602561], [-0.6854773410228937, 0.41097288658832754, -0.018280632304532113, -0.3605160149353087, 0.5796489888839638, 0.8021413004919237, -0.5898105530182524, 0.013081889794465576, 0.10375395559284867, 0.7148060545825109, -0.5038205445410213, 0.02625374354266699]], "inverted": false, "swapped": false, "error_lsq": 0.0407862016814517, "error_max": 0.28751127106863694, "target": "899.xyz", "model": "21.xyz", "model_rescale": 4.186013935880536, "target_rescale": 3.773485359936401},
{"mapping": [3, 0, 5, 11, 8, 2, 4, 7, 9, 1, 6, 12], "R": [[-0.5556568966106841, -0.6720038331954561, -0.489546996129684], [-0.8305349388680976, 0.4216122668299067, 0.3639434183742204], [-0.03817235345572609, 0.6088135548993311, -0.792394426281817]], "T": [0.06792349001345879, 0.1083703504888145, 0.050599377587856584], "aligned_model": [[0.05229867767153368, 0.6314099177575832, -0.03550179100281889, -0.4881084603305824, -0.585076999749781, -0.08105802964768546, 0.1099330877000598, 0.6104949429320443, -0.18747966864295076, 0.5429341983534873, 0.46322755248476943, 0.06119237878705339], [-0.4899489111739044, -0.268405304159735, -0.6578062081350513, 0.08704577315352383, 0.0778201432427084, -0.3293741940560656, 0.37397178580717827, 0.5853257784415496, 0.5840263948154986, 0.30006288911714507, -0.06071616020909787, 0.09318914118510521], [-0.652329197090429, 0.3002222788182802, 0.07915578451957499, -0.2482981153924828, 0.4510056411624975, 0.6301538818285214, -0.624165188781407, -0.07767173414464378, 0.3571467871057848, 0.5728464776553208, -0.30295019335075646, 0.007637311324438595]], "inverted": false, "swapped": false, "error_lsq": 0.046462895950688914, "error_max": 0.23876460038443392, "target": "899.xyz", "model": "22.xyz", "model_rescale": 4.166573947596378, "target_rescale": 3.773485359936401},
{"mapping": [11, 6, 12, 9, 10, 5, 3, 4, 8, 0, 2, 15], "R": [[-0.09809264021915592, 0.10450151384378403, -0.989675334409822], [-0.6060754442745814, -0.7950486521867138, -0.023878787730092166], [-0.7893354101915132, 0.5974755846563502, 0.1413242228259139]], "T": [0.0095697333849738, -0.028115768926869355, 0.06475738747681756], "aligned_model": [[-0.03091352507017961, 0.526417648429355, -0.060770040009472226, -0.4519151303199136, -0.5799872729190613, 0.20032245206819105, 0.166991571663838, 0.44195269755485334, -0.1941593382747721, 0.38606020296803273, 0.6294111857184507, 0.060855354503390816], [-0.2983196560112005, -0.5717718636697715, -0.6381481757327645, 0.11527622645103643, -0.003767433833181167, -0.22362773424395213, 0.2406306254403356, 0.5584977659121577, 0.7540398643400451, 0.48485223416050366, -0.08748446255873743, -0.03498626222561682], [-0.675137397351252, 0.19287419094161187, -0.16392171990871052, -0.2915004159674274, 0.5260283794111339, 0.8499009749397471, -0.44946084670356845, -0.028960521184889926, 0.036364238115111566, 0.5764941527768059, -0.1903527286978712, 0.11042542728400798]], "inverted": false, "swapped": false, "error_lsq": 0.04646681955552561, "error_max": 0.2662209400276905, "target": "899.xyz", "model": "23.xyz", "model_rescale": 4.274766983524099, "target_rescale": 3.773485359936401},
{"mapping": [2, 3, 4, 5, 8, 9, 1, 7, 10, 6, 11], "R": [[0.18594569369300634, -0.4445949558825105, -0.8762188791625385], [-0.7240230725341583, 0.5408651187392581, -0.4280835359709193], [0.664240008908846, 0.7140029751583651, -0.2213254662929222]], "T": [0.05361272076846199, 0.16373023553584698, -0.04529851107624656], "aligned_model": [[0.3137716473743516, 0.08749430487520998, -0.5781847468989536, -0.4949341360858357, -0.3594641251178773, -0.607010170218277, 0.13148406209688088, 0.002606337137345746, 0.46479071784012105, 0.4191996241663447, 0.00014118878876472757], [-0.15276088927003845, 0.7215361720539556, 0.4144124746860769, -0.3099328527651597, 0.5089502012675329, -0.185341526279936, -0.5773175873185808, 0.04401697707258498, -0.22565516399653363, 0.6272729697073978, 0.05040575608618365], [-0.5063299462898517, -0.23015699706558113, -0.5958085223724786, -0.3555895926279187, 0.2987516699399436, 0.36044178873193383, -0.019565399435835816, 0.6445357172707376, 0.41578441505305935, 0.33358533922256467, 0.03391796159500402]], "inverted": false, "swapped": true, "error_lsq": 0.048121790511004806, "error_max": 0.22992021737288018, "target": "899.xyz", "model": "24.xyz", "model_rescale": 3.7841303162186577, "target_rescale": 3.773485359936401},
{"mapping": [5, 6, 13, 9, 10, 7, 2, 1, 8, 0, 4, 15], "R": [[0.538989725227998, -0.826347614574384, -0.16321671478703664], [-0.539895383160212, -0.19019406244259243, -0.8199629222433606], [0.6465315547913617, 0.5300715409251935, -0.5486539074500938]], "T": [0.0013285208534211806, -0.04669215686506062, 0.08767509466198309], "aligned_model": [[0.1772267852325463, 0.6224428886849884, -0.27847368694509256, -0.49093443061719577, -0.5556754085300817, 0.1304724608545899, -0.007021715582941623, 0.5206352835042471, 0.0763597347581402, 0.2231759471214017, 0.6200285531162973, 0.05602939471581337], [-0.2658776263877321, -0.38817622037659055, -0.7628535883696828, 0.14425052341347894, 0.0031506132858797053, -0.0881366301411673, 0.3053413373124346, 0.484744178939394, 0.5296204993135178, 0.4386301386734926, -0.016447649104674417, -0.08905444852949584], [-0.7432017168944721, 0.22778943612592834, -0.056628494369504234, -0.16403662136174152, 0.6285238962620396, 0.7236072911232883, -0.5792549769766127, 0.11820870000196132, -0.02045363837063452, 0.5942083495061795, -0.32825745117520355, 0.0922489597834707]], "inverted": false, "swapped": false, "error_lsq": 0.04730945889134731, "error_max": 0.2971893863525839, "target": "899.xyz", "model": "25.xyz", "model_rescale": 4.19342608120988, "target_rescale": 3.773485359936401},
{"mapping": [7, 1, 10, 3, 6, 8, 5, 0, 4, 2, 9, 11], "R": [[0.49454984071034147, -0.6996224183544215, 0.515702362598124], [-0.7298891665970422, -0.6564506303616915, -0.19061577684445058], [0.4718922117789732, -0.28213656557356925, -0.8352943785448936]], "T": [0.1321772424636609, -0.007913081921346012, 0.01884317753569117], "aligned_model": [[-0.1441115072424328, 0.6061148186998728, -0.06519727042543041, -0.41945701720458495, -0.588319696659809, 0.1353552791913408, 0.20328011880575952, 0.5587805035365806, -0.21392904543802796, 0.34874417599438035, 0.6396042640787041, 0.033401182976359745], [-0.40284794509982713, -0.15542578032296916, -0.5927685058038575, 0.10530845989719409, -0.011107753595323646, -0.34050163128161737, 0.3408423333389253, 0.5591369007191749, 0.656405774540077, 0.36640595298901185, -0.2867413348038196, 0.05648465745188612], [-0.7349154711123987, 0.2384347098096474, 0.14621363488860736, -0.3186439109100894, 0.4150374705108885, 0.7090684108688978, -0.5188127749278841, -0.0005999039016865888, 0.20110843906800757, 0.7355784321101269, -0.44454017171350924, 0.06482486896409152]], "inverted": false, "swapped": false, "error_lsq": 0.05321191655710034, "error_max": 0.26893035596191195, "target": "899.xyz", "model": "26.xyz", "model_rescale": 3.795458400668931, "target_rescale": 3.773485359936401},
{"mapping": [4, 7, 3, 9, 2, 0, 11, 5, 1, 6, 10, 12], "R": [[0.9582238893300554, 0.1300281412635127, -0.25475411752656274], [-0.261280342069975, 0.03558880085859261, -0.9646066660049806], [-0.1163596182744623, 0.9908713941440652, 0.06807583640336703]], "T": [0.014453041227982688, 0.1637137923579594, -0.028046963254953088], "aligned_model": [[-0.00021944524655929942, 0.6089509781148881, -0.05331416091591759, -0.39139446955604107, -0.699148144567479, -0.061223308114386366, 0.05190412353130715, 0.7439420031484203, -0.21733891579862336, 0.4360382652176313, 0.5320580903101042, 0.14401079018936863], [-0.3247519932200507, -0.33352253034571183, -0.5602257949010734, 0.05841698784698568, -0.08543155918163706, -0.2412002110699784, 0.36882494117832393, 0.32173665061345047, 0.5510848538662295, 0.5998500834402156, -0.15043929109379572, 0.09084899089589661], [-0.7063161407183675, 0.21595373561855322, 0.09999849414462028, -0.12064648304635245, 0.4231014107160989, 0.6941655623018153, -0.7122263438250154, 0.07061963993600481, 0.35479676454395054, 0.5316297239408576, -0.40365218397436897, 0.04532955401690263]], "inverted": true, "swapped": false, "error_lsq": 0.05119222399941467, "error_max": 0.27618820363083185, "target": "899.xyz", "model": "27.xyz", "model_rescale": 3.6321398670334006, "target_rescale": 3.773485359936401},
{"mapping": [10, 12, 9, 2, 13, 6, 0, 3, 1, 4, 8, 14], "R": [[0.3766044644884684, 0.45541895563274487, 0.8066986129762056], [-0.46229583638956157, -0.6622352319748216, 0.5896838620719834], [0.8027774517163707, -0.5950109850932453, -0.03886245790137399]], "T": [0.14407296764455393, 0.031135714444457747, -0.03298435438770559], "aligned_model": [[0.07320884012779305, 0.6966603382802403, -0.09069666399035425, -0.5253875631460752, -0.5348526916669035, 0.06300251071842161, 0.0448206747160369, 0.49397988662189674, -0.08924000297101539, 0.28606129599338304, 0.5823887521495725, 0.09432042947971711], [-0.4286811762735705, -0.47319002278102185, -0.5898756196652406, 0.4517001348802214, -0.14706223428354648, -0.2583265547783302, 0.23647886836126203, 0.5877832101977628, 0.5941547988475111, 0.41398119428906294, -0.14519270581826985, 0.05342123505301355], [-0.6560560480460675, 0.31888562081032773, 0.04317537374686064, -0.12459128485409982, 0.3838882545849687, 0.6836373120799981, -0.6138413640792286, -0.23114790675193408, 0.2424094808497423, 0.6879427608842129, -0.2423098833037079, 0.0007614177336261116]], "inverted": false, "swapped": false, "error_lsq": 0.04916573159149365, "error_max": 0.31443616485931114, "target": "899.xyz", "model": "28.xyz", "model_rescale": 4.156811204709835, "target_rescale": 3.773485359936401},
{"mapping": [6, 8, 7, 9, 4, 3, 10, 2, 1, 11], "R": [[-0.3994335654456466, -0.27431237517129076, -0.8747602800900733], [-0.7818411077955156, 0.6001946851991822, 0.16879224514098928], [0.47872466925829044, 0.7513448347373795, -0.4542065943565778]], "T": [-0.24255891418341646, -0.020014767372885076, 0.06876070732770884], "aligned_model": [[-0.677693688827641, 0.007919790419875283, 0.04523837440266304, 0.5837410940111328, -0.004649640871335681, -0.6070466845490821, -0.25330124859295966, -0.4146420701770485, 0.08279094526226466, -0.11943149696728084], [-0.14606943355988336, -0.48984046592079067, 0.13779375978923866, -0.05235627637987246, -0.6496130559241511, -0.4812557415790709, 0.5880697158750752, 0.325654547428997, 0.6334021898611455, 0.05293509103551608], [-0.46681988547261494, -0.2843739184578346, -0.5517820933391893, -0.12892898166522393, 0.6273983988945635, 0.09831596685778733, -0.3354714820106846, 0.5496966652851156, 0.22065462935874006, 0.03009742752444034]], "inverted": true, "swapped": true, "error_lsq": 0.05392671035408584, "error_max": 0.27292774174346096, "target": "899.xyz", "model": "29.xyz", "model_rescale": 4.117894457231895, "target_rescale": 3.773485359936401},
