[{"mapping": [7, 9, 12, 11, 8, 5, 1, 4, 6, 2, 0, 3, 13], "R": [[-0.10489347744591265, 0.30800282231903336, -0.9455853318621296], [0.4068173379633259, -0.8543446278954205, -0.32341136392939007], [-0.9074673613534191, -0.41860425013339897, -0.03568570930383541]], "T": [0.10447436637903577, 0.05219287649446398, -0.05511329650758914], "aligned_model": [[-0.33772777566473283, -0.5902575765639982, -0.08576674295881621, 0.35408499778274705, 0.21543951410485512, 0.8561192664269953, 0.2748038810111868, -0.2754026362911225, 0.3544667547661663, -0.3251615457161941, -0.4019645684882988, 0.2519886964655911, 0.02907850686679679], [-0.5500648066088246, -0.008057887706003228, 0.34556967469094796, -0.38096096583740124, -0.721243771793221, -0.024919116583149367, 0.5988636488721527, -0.6596331633894271, -0.3696520922356024, 0.1106815366865504, 0.6162111306664066, 0.18449472204986356, -0.07791068069823352], [-0.16973193020399244, -0.2797475428550309, -0.5164788593441415, -0.5420774865736173, -0.06296305436365754, -0.0936482831702104, -0.12710660519755576, 0.4571379879189449, 0.5314844466633853, 0.579906628437084, 0.0891623036190439, 0.4285560635716724, -0.11779017445804571]], "inverted": false, "swapped": false, "error_lsq": 0.04981071123838062, "error_max": 0.3159605546042041, "target": "9.xyz", "model": "0.xyz", "model_rescale": 3.8414455957264533, "target_rescale": 3.877068213659057},
{"mapping": [8, 11, 10, 6, 9, 2, 3, 13, 7, 0, 1, 4, 14], "R": [[-0.22308981684704482, 0.9284744598370863, -0.29692778760059346], [0.5159925625572551, 0.37090782970882946, 0.7721263220783782], [0.8270324110968985, 0.019040989756761162, -0.561831675597179]], "T": [0.05029131948643373, -0.09480585758939808, -0.021229372995989655], "aligned_model": [[-0.2686393535850225, -0.7775606210902958, -0.05667074248136861, 0.5642128588082839, 0.2291220350337364, 0.7867525954785013, 0.16103381030254452, -0.46153130426385225, 0.32226061109788295, -0.15455887155653425, -0.3636958361059275, 0.33229785421747843, 0.006677735885749263], [-0.6706704514190566, 0.08470729152521889, 0.06591915931323136, -0.3443744537925438, -0.7342877054821079, -0.05127299755023321, 0.6764198992728531, -0.58311786487065, -0.3215951995754708, 0.052847908684659134, 0.6553959264197285, 0.2540688694564678, -0.020662153868037825], [-0.45822547463553687, 0.0720529721089144, -0.6778174376542163, -0.5537961209195659, 0.1355896991413189, -0.0029425832455483372, -0.10075178945919633, 0.2516002185106091, 0.5150115252176884, 0.6582940879984872, 0.09839424274443126, 0.28630269695095345, -0.047008542714460436]], "inverted": true, "swapped": false, "error_lsq": 0.049953523139172736, "error_max": 0.29763035660420384, "target": "9.xyz", "model": "1.xyz", "model_rescale": 4.316132596720782, "target_rescale": 3.877068213659057},
{"mapping": [7, 8, 9, 2, 1, 0, 6, 3, 11, 4, 5, 12], "R": [[-0.744295378618827, 0.03628374308966703, -0.6668642135802911], [-0.6295639223821645, -0.37134704397924334, 0.6824592592694906], [-0.22287587801608516, 0.9277849227678153, 0.29923482431575066]], "T": [-0.08959167130096832, 0.019818952885830143, -0.19231044273600637], "aligned_model": [[-0.04835718671992886, 0.4125048525106134, 0.12749817068207073, -0.4908515014363637, -0.6344420557879806, -0.4308962262095489, -0.05501338700495234, -0.1658479565770193, 0.47500196111190207, 0.13152564066955902, 0.3314092065775017, -0.05472296318407263], [-0.6683214119947869, -0.40613451607921536, -0.5481856318236795, 0.4346399911589735, -0.30549889845856126, -0.16250327464662276, 0.563244052842861, 0.5778149356920123, 0.016160113925812302, -0.027999765622080907, 0.502208900588989, 0.03735193215727918], [0.3945000424966649, -0.04197862827522256, -0.5046929865620006, -0.06236346453965472, -0.42385235317897507, 0.33010307567383523, -0.6735124179592302, 0.4567552472136529, -0.45397849032549453, 0.605445895847593, 0.009141582129614162, -0.18630904131136122]], "inverted": true, "swapped": true, "error_lsq": 0.04377708094363671, "error_max": 0.3126605100320628, "target": "9.xyz", "model": "2.xyz", "model_rescale": 3.795458400668931, "target_rescale": 3.877068213659057},
{"mapping": [6, 11, 10, 7, 2, 0, 9, 5, 8, 4, 1, 12], "R": [[-0.7046645306048407, 0.668859233780355, 0.23680207915940304], [0.5497472962789423, 0.3036709528231458, 0.7781785544754339], [0.44858199868190496, 0.678536128587299, -0.5816897047914018]], "T": [0.04195278040376128, 0.039942743662298316, -0.01675743367643575], "aligned_model": [[-0.15889137360757366, 0.03929119082577133, -0.8215712539957023, 0.31038951713324947, 0.14341662656339826, 0.28674835965304435, -0.3409468317007287, 0.5495653039259106, 0.21373451709182606, 0.7881800542401908, -0.48354171721575046, 0.06692943282992919], [-0.14119666932394065, -0.5807009687179701, -0.044390010444839756, 0.18251154025273442, 0.4888380520473036, 0.5446114877750773, -0.32264024174130024, -0.23233932260295287, -0.392343238577654, 0.14648377288294007, 0.42535084100163795, 0.01158380273867382], [-0.6912290615670159, -0.06196608568848513, -0.3089799290750064, 0.8360027006453291, -0.38847002728752494, 0.3119227469957922, 0.4182845495579272, -0.36131036356639923, 0.47289223280499243, 0.3287690285784512, 0.16106673129403082, -0.0282110920529912]], "inverted": true, "swapped": true, "error_lsq": 0.058471454454728115, "error_max": 0.3969408319574041, "target": "9.xyz", "model": "3.xyz", "model_rescale": 3.7530521520055578, "target_rescale": 3.877068213659057},
{"mapping": [5, 11, 6, 10, 2, 9, 0, 8, 7, 1, 12], "R": [[0.553824473657459, -0.6404980145170822, 0.532015738280095], [0.5915109870908428, -0.14703633152334872, -0.7927768092994226], [0.5859976147808585, 0.7537523536360148, 0.2974292938822819]], "T": [-0.053148051265581926, -0.13668331683601237, 0.023903427451864752], "aligned_model": [[-0.3766562446284432, -0.3540937665140575, 0.32535266155590736, 0.6456464094982773, 0.296008979792606, -0.19352329418700112, -0.12118887870140319, -0.641327949351409, -0.5870443044585602, 0.4246572020596582, -0.07963121262036976], [-0.6178270295219923, 0.045633215546377726, -0.35728346245206377, 0.31550964280570587, -0.5919664489647376, 0.5270747214870386, -0.2725237965631587, 0.19486347570043505, 0.16111847307359023, 0.2144824035296301, -0.15187783632647925], [-0.31427980056485133, -0.4893624709737308, -0.5558677550975085, -0.3573938149640741, 0.16805196014764884, -0.060121087820349785, 0.656014088602614, 0.007839080822076634, 0.6916255813668242, 0.34746189033830993, -0.0011368946116422744]], "inverted": true, "swapped": true, "error_lsq": 0.04982013145325852, "error_max": 0.303672522953656, "target": "9.xyz", "model": "4.xyz", "model_rescale": 3.7855080009869324, "target_rescale": 3.877068213659057},
{"mapping": [8, 13, 6, 7, 10, 5, 1, 15, 9, 14, 12, 2, 16], "R": [[0.38393764197148494, -0.0036765775608374462, 0.9233517043114262], [0.4671529776327521, 0.8633424377848264, -0.1908086229933199], [-0.7964671886312894, 0.5046051108512404, 0.3331871839320626]], "T": [0.06583237000135597, 0.003210545044471755, -0.03707506469262374], "aligned_model": [[-0.3033878236567543, -0.6446035714770282, -0.12648830917005155, 0.38279369238270444, 0.3096292539184613, 0.8405232834113954, 0.24465653733323353, -0.38054488073757153, 0.21911573672002102, -0.24401583621404013, -0.35461908977633727, 0.3214018656712848, 0.05523991333585891], [-0.5476434944674836, 0.002595798064051566, 0.06081741962545202, -0.34062588930281007, -0.6821362415228862, -0.18262873841686095, 0.7350124795164328, -0.5922903827571037, -0.30843290731900314, 0.07834748950892238, 0.506802073250503, 0.32886453040655955, 0.004696091528285199], [-0.27275737143636075, -0.17901883531067703, -0.6581799450719543, -0.6224651042436253, 0.005669942131454539, -0.1799771081412777, -0.1118533026400797, 0.3171058236908063, 0.584452559259368, 0.5596207767664205, 0.14370492783993993, 0.574823131316728, 0.015577999883136288]], "inverted": true, "swapped": false, "error_lsq": 0.044220788235480785, "error_max": 0.3075204735527988, "target": "9.xyz", "model": "5.xyz", "model_rescale": 4.2253639853439635, "target_rescale": 3.877068213659057},
{"mapping": [8, 11, 9, 1, 10, 4, 0, 5, 2, 6, 12, 3, 13], "R": [[-0.12722948193570516, -0.6282270499868545, -0.7675567943749744], [0.9739262995052558, -0.22566835171977626, 0.023267104763552204], [-0.18783030122525718, -0.7445834867205248, 0.6405585135213923]], "T": [0.02748394288724127, -0.05402555173995329, -0.013081960163193039], "aligned_model": [[-0.3305927505097084, -0.7266510077221487, -0.09689690272515922, 0.5065229430879298, 0.20295046490597324, 0.7212156801236658, 0.39393358743051626, -0.272656424552399, 0.25731573672753905, -0.17905967990335914, -0.5946398393659578, 0.3798804463010034, 0.05837851794328083], [-0.4912911879613419, -0.025490995842772247, 0.1307174433696207, -0.26950587351167077, -0.8135898939790513, -0.14295330177741408, 0.5843282698211335, -0.528177049607232, -0.40901724709285886, 0.12168938102262408, 0.6418950069921381, 0.2938546168488712, -0.029080940167987394], [-0.4889440416789429, 0.1767075132074661, -0.5814092061122776, -0.525717941317607, -0.04111736703870104, 0.09526675570706242, -0.3313298287170345, 0.2798982155383356, 0.5078113636641077, 0.5701692399314886, -0.012498900972823045, 0.4946636113415788, 0.03320408049122518]], "inverted": false, "swapped": false, "error_lsq": 0.05408206240230859, "error_max": 0.29233528184605423, "target": "9.xyz", "model": "6.xyz", "model_rescale": 3.89814844738969, "target_rescale": 3.877068213659057},
{"mapping": [8, 9, 6, 3, 7, 0, 1, 11, 4, 10, 5, 2, 12], "R": [[0.5719867075672911, -0.5748677936179509, -0.5851138574902837], [-0.18527851587092806, 0.6043427624568816, -0.7748817309903828], [0.7990638759967799, 0.5516310771945456, 0.23916537531630416]], "T": [0.08676957565793993, -0.15269277332433862, 0.03234395469115737], "aligned_model": [[-0.3164678293509005, -0.7682287227368944, -0.07047895816028578, 0.3689512581664826, 0.46149861549291565, 0.595646489017775, 0.36749562393931806, -0.404009242718236, 0.30693240071114647, -0.30739995589268715, -0.25654254141246474, 0.2977163475176396, 0.044587287167367255], [-0.5297108887578748, 0.0932899543476331, 0.10692655186592137, -0.3916462168933542, -0.6885470501596151, 0.05039255212065538, 0.6361530587175671, -0.7330660383854759, -0.3405814570935437, 0.13424514920605346, 0.534415343069987, 0.2950862921010783, -0.10357902202497277], [-0.35873622653951465, -0.04775777103063351, -0.5720123604306017, -0.6857484394567467, -0.02859060239803552, -0.19306905537387173, -0.08475323195427709, 0.31098959678621985, 0.6082970442395518, 0.5811614763349443, -0.0798871937592926, 0.5388449048676388, 0.1879653527584977]], "inverted": false, "swapped": false, "error_lsq": 0.04657313277688681, "error_max": 0.3662987852699861, "target": "9.xyz", "model": "7.xyz", "model_rescale": 3.7474275329858107, "target_rescale": 3.877068213659057},
{"mapping": [3, 4, 1, 0, 6, 10, 12, 5, 7, 9, 13, 11, 14], "R": [[0.7810667234321912, -0.6233796014925977, -0.03650542411520756], [-0.6177710179476493, -0.7628681430888206, -0.19076468657521523], [0.09106998918867973, 0.1715519417061347, -0.980956771915067]], "T": [-0.03620013350288711, -0.026853955753946675, -0.04451016255150651], "aligned_model": [[-0.23118477366425755, -0.759899913644631, -0.04279883278234615, 0.30619528590448414, 0.36602124338523245, 0.7124467326907488, 0.25684295689122366, -0.16715770591351284, 0.29555313677935713, -0.20599246272312158, -0.3370886456540468, 0.20246189823369642, -0.07569814776165035], [-0.6761766058401835, 0.27049212889895696, 0.09838564918440246, -0.35082019403898373, -0.7375078970041347, -0.07064493764709134, 0.5121556390473239, -0.6319553480618038, -0.3273173697897851, -0.10537931735027353, 0.8193431107396104, 0.25526294037483166, 0.007540429601189072], [-0.27795313882352823, -0.03615671955441955, -0.7855049793839579, -0.5049713344729341, -0.03323904204180779, 0.06895163424170869, -0.10960257903603088, 0.3156618564578776, 0.4688504674221814, 0.693964463019699, -0.005414681921020778, 0.45542027972611376, -0.07330273159000245]], "inverted": true, "swapped": false, "error_lsq": 0.04747461564061351, "error_max": 0.2051817908037462, "target": "9.xyz", "model": "8.xyz", "model_rescale": 4.019505241142653, "target_rescale": 3.877068213659057},
{"mapping": [0, 1, 2, 3, 4, 5, 6, 7, 8, 9, 10, 11, 12], "R": [[1.0, 0.0, 0.0], [0.0, 1.0, 0.0], [0.0, 0.0, 1.0]], "T": [0.0, 0.0, 0.0], "aligned_model": [[-0.25238152801973096, -0.6619431123131857, -0.008537430392219192, 0.4391980244249937, 0.31227229784986893, 0.6619431123131857, 0.2606089819210104, -0.27175180882506167, 0.13904852076131288, -0.2656387618798208, -0.4310473037622356, 0.35960146254022074, 0.03832831712283766], [-0.5400083992909889, 0.11378448242045659, 0.04803892780215539, -0.3922163387898864, -0.7659266064853245, -0.023045557899966637, 0.646996612327489, -0.8014689525071265, -0.3158700937181122, 0.07102015874519056, 0.8014689525071265, 0.220927399982889, -0.0003223569798431388], [-0.2595006186518627, -0.07203964042108005, -0.58956894076484, -0.6258851705138943, -0.05862692825450102, -0.10874252831422425, -0.20381408230479223, 0.3215314333671477, 0.5805415783169225, 0.6258851705138943, 0.10012741035413239, 0.45730448944737484, 0.009491321269601921]], "inverted": false, "swapped": false, "error_lsq": 0.0, "error_max": 0.0, "target": "9.xyz", "model": "9.xyz", "model_rescale": 3.877068213659057, "target_rescale": 3.877068213659057},
{"mapping": [9, 11, 8, 7, 2, 4, 5, 14, 13, 6, 12, 3, 15], "R": [[-0.31549843340744255, -0.9476904540610822, 0.048410141488638425], [0.724542064202542, -0.2735256658915274, -0.6326314150433223], [0.6127801691622938, -0.16451903652798655, 0.772938516895965]], "T": [-0.0025691595420655813, -0.034654872936225364, 0.022815221927158368], "aligned_model": [[-0.3112712609599774, -0.6596898489775058, -0.18469106760901702, 0.5101967199331211, 0.2638816484944234, 0.6731044961383226, 0.3002117633796362, -0.30330205880028166, 0.2309713328490275, -0.19354939013354622, -0.34308779014093, 0.37217755111351725, -0.035251323545613535], [-0.5698149205686112, 0.15238152405046274, -0.20658271074091383, -0.2275499080333947, -0.6330810875838894, -0.05445665689226767, 0.678263476016025, -0.6786124566668482, -0.469780404107525, 0.11896592585002129, 0.6112895634903973, 0.3093864661380782, 0.03296941716252387], [-0.20946056221299056, -0.2562278965721767, -0.7069760941337796, -0.5822874368818315, -0.0832290634854711, -0.011297533995365011, -0.08238260449720189, 0.3459249560704539, 0.6175951026395876, 0.5887054735028048, 0.18092297941583146, 0.40223820830121315, -0.02682203410719579]], "inverted": false, "swapped": false, "error_lsq": 0.046335531249262436, "error_max": 0.3311294646830184, "target": "9.xyz", "model": "10.xyz", "model_rescale": 4.260839863003843, "target_rescale": 3.877068213659057},
{"mapping": [10, 11, 5, 6, 3, 2, 1, 9, 8, 4, 0, 12], "R": [[-0.6067622435891606, 0.037417167046658095, 0.7940022262971627], [-0.7592906631927765, -0.32284263624829634, -0.5650224075278112], [0.23519623411721935, -0.9457127406514374, 0.22429922787790746]], "T": [0.03648504047727743, 0.041391567018315034, -0.05985502420572797], "aligned_model": [[0.4075183540143299, 0.18965971041567614, -0.45236115654256565, -0.2592627048712405, -0.7416335812641, -0.4246563400400808, 0.38518498654287686, 0.6972762035575846, 0.40124798963240016, -0.22819871491223084, -0.03662903075894936, 0.020752933320429698], [0.05335918020302275, -0.5613625337897316, -0.39233360391085215, -0.2502049681940816, 0.1881759104540013, 0.36548460642316727, 0.5479683205618727, -0.1334788824600328, -0.2902293430091879, 0.08468541984590788, 0.5539839043349802, 0.007030495073867778], [-0.896736625567692, -0.08163892746789114, 0.09323511559321171, -0.6561490538088182, 0.27398112536951025, -0.23953387994709813, -0.3393074218581265, -0.04911136911733796, 0.40178606402439254, 0.724786819684445, 0.33327282571410655, -0.04840659522319757]], "inverted": false, "swapped": true, "error_lsq": 0.04577998663385526, "error_max": 0.2217241251518895, "target": "9.xyz", "model": "11.xyz", "model_rescale": 3.890672605050136, "target_rescale": 3.877068213659057},
{"mapping": [12, 7, 5, 9, 11, 6, 8, 10, 2, 4, 3, 0, 13], "R": [[0.5147522081306364, -0.11238757310657689, 0.8499407024233208], [-0.31419173635069425, 0.8976706300555686, 0.3089838066057419], [-0.797692746007866, -0.42609444181642697, 0.4267666922565276]], "T": [0.2014628269404336, -0.05846261535163777, 0.02804200749460145], "aligned_model": [[-0.41496450594014433, -0.547896165910391, -0.10028996099325199, 0.3580350900566719, 0.43004465187046886, 0.7416744504769796, 0.22088254187362621, -0.24102013550049595, 0.12398715535352509, -0.2557618227617444, -0.29085559899795566, 0.2623324644513214, 0.03353260776256631], [-0.39446483280685696, 0.21498941529894022, -0.02777103643583395, -0.5066359400561842, -0.5386515074672666, 0.04692921624700781, 0.604177962026899, -0.8037041921442724, -0.47112152981232325, -0.06326701443559898, 0.6667957097205018, 0.3833500213995883, -0.047248043420541924], [-0.2214614992703044, -0.2730381430352437, -0.6881810470023637, -0.5887612135308191, 0.16921970083059495, -0.14261058571701432, -0.2543077502908194, 0.24796091212012106, 0.6018662613345505, 0.5590595037028752, 0.31905074515918874, 0.4150704573318686, 0.03283615241124498]], "inverted": true, "swapped": false, "error_lsq": 0.052921589535281574, "error_max": 0.34269284263121524, "target": "9.xyz", "model": "12.xyz", "model_rescale": 4.124412569039231, "target_rescale": 3.877068213659057},
{"mapping": [2, 4, 10, 11, 8, 9, 7, 1, 6, 0, 5, 3, 12], "R": [[-0.4658589152310793, 0.21122876099487004, -0.8592775346931248], [0.008372670896331855, -0.9699940367111242, -0.24298449976679665], [-0.8848193993588659, -0.1203909434859232, 0.4501118208232099]], "T": [0.04850280443303605, 0.026711265500233006, 0.1208062970596321], "aligned_model": [[-0.3235829859706952, -0.7081256149339177, -0.03714183064787359, 0.29718345102061905, 0.3229737083107476, 0.6831963932472288, 0.2832212448588918, -0.2758954205462953, 0.38839653332488205, -0.3223188508508274, -0.33838078703075414, 0.34299569187728296, 0.007179239081887084], [-0.5656697851112975, -0.008927593886971466, 0.09875394997492609, -0.4475762206073943, -0.5976030214910397, 0.027511579804087166, 0.5333022080449528, -0.6572221007947341, -0.41603461835144084, 0.2099372539188334, 0.668171434637068, 0.21437644422927166, 0.00435869774779752], [-0.3822169321305624, -0.09019029641374908, -0.6086349414188684, -0.718099047941211, -0.10233830825623318, 0.04461784770169051, -0.16441387258436524, 0.4205816146016649, 0.48967097438246293, 0.5278528921007746, 0.008575208945710386, 0.7427460816877544, 0.008552273368810343]], "inverted": false, "swapped": false, "error_lsq": 0.049039290775306076, "error_max": 0.2859992468894263, "target": "9.xyz", "model": "13.xyz", "model_rescale": 3.9028299243045295, "target_rescale": 3.877068213659057},
{"mapping": [9, 1, 3, 7, 10, 4, 0, 14, 13, 12, 2, 5, 15], "R": [[0.2503979284153488, -0.8387687598338354, 0.4834954446239508], [0.17060748788415747, -0.453360658215774, -0.8748469572788244], [0.9529921104202066, 0.3015478089938147, 0.029579661388712042]], "T": [-0.046667386393716134, 0.030229509127238985, 0.02316552969077274], "aligned_model": [[-0.32530019528050913, -0.6903621684281858, 0.10927603029387438, 0.23850609289449975, 0.42282769427607614, 0.6043386701151512, 0.398853900391847, -0.1787747378569583, 0.1695487861018583, -0.32089904445386874, -0.3528528720920008, 0.30670677196930546, -0.06216815618991377], [-0.5930871917910158, 0.0931646931708775, 0.2663093503606477, -0.5504367518815976, -0.5484498588783556, 0.060559006935096665, 0.7046795066163517, -0.7903412788065161, -0.33631769586056814, 0.037079769652914846, 0.6975367386459786, 0.08151757676918293, -0.058835636818937914], [-0.3438297081964527, -0.039243972260421214, -0.5323859122056191, -0.6109722596530271, 0.030725974154237837, -0.1629379625768501, -0.16080292725932713, 0.32691194112981575, 0.69513655961857, 0.6626890715633109, -0.03252360152451965, 0.39004162863145625, -0.04610533737729472]], "inverted": false, "swapped": false, "error_lsq": 0.04613065726319671, "error_max": 0.2598125720544075, "target": "9.xyz", "model": "14.xyz", "model_rescale": 3.942246331269136, "target_rescale": 3.877068213659057},
{"mapping": [5, 3, 10, 9, 2, 6, 11, 1, 0, 12, 13, 8, 14], "R": [[0.3242368536037603, -0.942626594605058, -0.0795334263590155], [-0.09774278255422525, 0.050242434007626874, -0.9939426775642278], [0.9409127543102447, 0.33004666483432377, -0.07584449754628456]], "T": [0.025712758128537384, -0.020173851988342775, -0.06840040493318188], "aligned_model": [[-0.20195890271582748, -0.6762258195860685, 0.04961775792561927, 0.4705157184129455, 0.258022294525919, 0.5498781728355583, 0.2791273737611843, -0.48999733973070975, 0.29296803807383404, -0.4960667336855131, -0.30994555667662255, 0.568206069424645, 0.025559699176212165], [-0.6024058889640764, -0.17020916702608985, 0.18225658788574844, -0.395425088650487, -0.7317993417371764, 0.12965934844106614, 0.6466912569178437, -0.48276771740869373, -0.4090026155222149, 0.10494063503775573, 0.6443832845547444, 0.22619178695679748, -0.07913485237115819], [-0.17772116305610375, -0.10472626153927542, -0.7521042765327547, -0.6247268756660782, 0.0808288156573325, -0.19326040418241347, -0.14039334739178555, 0.3519464119003493, 0.4956069450706444, 0.548177883057253, 0.2581377313956835, 0.42540715417656716, 0.009530881154459866]], "inverted": true, "swapped": false, "error_lsq": 0.05858450649870773, "error_max": 0.38746181738686175, "target": "9.xyz", "model": "15.xyz", "model_rescale": 4.355366556412066, "target_rescale": 3.877068213659057},
{"mapping": [7, 8, 9, 2, 1, 0, 6, 3, 11, 4, 5, 12], "R": [[-0.744295378618827, 0.03628374308966703, -0.6668642135802911], [-0.6295639223821645, -0.37134704397924334, 0.6824592592694906], [-0.22287587801608516, 0.9277849227678153, 0.29923482431575066]], "T": [-0.08959167130096832, 0.019818952885830143, -0.19231044273600637], "aligned_model": [[-0.04835718671992886, 0.4125048525106134, 0.12749817068207073, -0.4908515014363637, -0.6344420557879806, -0.4308962262095489, -0.05501338700495234, -0.1658479565770193, 0.47500196111190207, 0.13152564066955902, 0.3314092065775017, -0.05472296318407263], [-0.6683214119947869, -0.40613451607921536, -0.5481856318236795, 0.4346399911589735, -0.30549889845856126, -0.16250327464662276, 0.563244052842861, 0.5778149356920123, 0.016160113925812302, -0.027999765622080907, 0.502208900588989, 0.03735193215727918], [0.3945000424966649, -0.04197862827522256, -0.5046929865620006, -0.06236346453965472, -0.42385235317897507, 0.33010307567383523, -0.6735124179592302, 0.4567552472136529, -0.45397849032549453, 0.605445895847593, 0.009141582129614162, -0.18630904131136122]], "inverted": true, "swapped": true, "error_lsq": 0.04377708094363671, "error_max": 0.3126605100320628, "target": "9.xyz", "model": "16.xyz", "model_rescale": 3.795458400668931, "target_rescale": 3.877068213659057},
{"mapping": [8, 9, 6, 3, 7, 0, 1, 11, 4, 10, 5, 2, 12], "R": [[0.5719867075672911, -0.5748677936179509, -0.5851138574902837], [-0.18527851587092806, 0.6043427624568816, -0.7748817309903828], [0.7990638759967799, 0.5516310771945456, 0.23916537531630416]], "T": [0.08676957565793993, -0.15269277332433862, 0.03234395469115737], "aligned_model": [[-0.3164678293509005, -0.7682287227368944, -0.07047895816028578, 0.3689512581664826, 0.46149861549291565, 0.595646489017775, 0.36749562393931806, -0.404009242718236, 0.30693240071114647, -0.30739995589268715, -0.25654254141246474, 0.2977163475176396, 0.044587287167367255], [-0.5297108887578748, 0.0932899543476331, 0.10692655186592137, -0.3916462168933542, -0.6885470501596151, 0.05039255212065538, 0.6361530587175671, -0.7330660383854759, -0.3405814570935437, 0.13424514920605346, 0.534415343069987, 0.2950862921010783, -0.10357902202497277], [-0.35873622653951465, -0.04775777103063351, -0.5720123604306017, -0.6857484394567467, -0.02859060239803552, -0.19306905537387173, -0.08475323195427709, 0.31098959678621985, 0.6082970442395518, 0.5811614763349443, -0.0798871937592926, 0.5388449048676388, 0.1879653527584977]], "inverted": false, "swapped": false, "error_lsq": 0.04657313277688681, "error_max": 0.3662987852699861, "target": "9.xyz", "model": "17.xyz", "model_rescale": 3.7474275329858107, "target_rescale": 3.877068213659057},
{"mapping": [9, 2, 4, 5, 12, 10, 8, 7, 11, 1, 0, 3, 13], "R": [[0.9706307105191745, 0.2227486568549989, -0.09087936876066235], [-0.09965365586570506, 0.7161011000783262, 0.6908461213173386], [0.21896386156085698, -0.6615000002538965, 0.7172674375673642]], "T": [-0.0013332476889509476, -0.0900167197739006, 0.0310020925324059], "aligned_model": [[-0.27035185275953066, -0.7050874108150808, -0.05410886728777985, 0.4439459674835715, 0.23916899142661185, 0.6876451552901622, 0.36740445911949277, -0.27097528339560895, 0.31156954338181947, -0.2591141706092142, -0.42696953179334524, 0.3513917972510904, -0.09481802555101229], [-0.4785546637093303, -0.027991398250301072, 0.24769882713037464, -0.256871714093366, -0.7785108470475384, -0.131358955508824, 0.48382700260449374, -0.6951516262784672, -0.3439151668700283, 0.14972556244889657, 0.6241454289969305, 0.3127978696869693, -0.04246209099575084], [-0.442697624698229, 0.09967276445439349, -0.7255616955090993, -0.5140720015835107, -0.13444104876880456, 0.0372431049699231, -0.19613297099425084, 0.38950481155413946, 0.6304719280607258, 0.6264775754052598, -0.05815265887043173, 0.448032823412938, 0.016358486610825406]], "inverted": true, "swapped": false, "error_lsq": 0.04885012317023501, "error_max": 0.2458350272101455, "target": "9.xyz", "model": "18.xyz", "model_rescale": 3.922800546911778, "target_rescale": 3.877068213659057},
{"mapping": [11, 12, 3, 9, 10, 2, 0, 4, 6, 8, 5, 1, 14], "R": [[-0.4004920694328992, 0.02854646391161758, 0.9158554480481604], [0.7642154201607737, -0.5410558705153142, 0.35104606046701015], [0.5055500904063275, 0.8405020192593581, 0.1948729373491757]], "T": [-0.08074340179120897, -0.07868355113890298, 0.044850640246519594], "aligned_model": [[-0.2024071390017282, -0.6969828130897671, -0.06030373084215738, 0.350223413004264, 0.41592364071592114, 0.5879635153492697, 0.27050948555885956, -0.1659079429140075, 0.17170821051506052, -0.40814361345711847, -0.27510686075635976, 0.4348836468730245, -0.10265904021408524], [-0.717552993268977, 0.2921556869387099, 0.2617000770362247, -0.3525660699965508, -0.7141175811461125, -0.10285012417658053, 0.6310207967986831, -0.7224847865636681, -0.3236958211451174, 0.015565604279434167, 0.6459864498049964, 0.2474832707868092, -0.09726628123379258], [-0.24547225538725997, -0.27349083055321044, -0.49632442302500274, -0.5891833937959899, 0.05693739577988739, -0.21083666585974303, -0.2223267976549696, 0.36443491597524574, 0.6381506848306056, 0.5530994495177924, 0.18488619193531736, 0.464048654192839, -0.04721943191163264]], "inverted": true, "swapped": false, "error_lsq": 0.04694471774934128, "error_max": 0.271342310076141, "target": "9.xyz", "model": "19.xyz", "model_rescale": 3.9282355846067225, "target_rescale": 3.877068213659057},
{"mapping": [4, 9, 11, 0, 3, 1, 10, 6, 5, 7, 12, 2, 13], "R": [[0.11186183994031651, 0.9283227094783064, 0.35454742395344363], [-0.5708768935023656, 0.35206921204522656, -0.7417188432249395], [-0.8133796783976448, -0.11943289746426317, 0.569341094400391]], "T": [-0.12483969140117034, -0.13635972124450252, 0.05573356208440295], "aligned_model": [[-0.1943386496995432, -0.63947214470207, -0.13784056852253718, 0.3859595537929632, 0.3250836644837095, 0.6229137306386985, 0.2409922410654376, -0.28084911335882673, 0.2754163909517184, -0.27557235893068455, -0.49171349467615033, 0.4659912094231822, 0.02313031127527869], [-0.5533131918130708, 0.2293477248548666, 0.03942567633512409, -0.24253877668925075, -0.7308874007058366, -0.17100566703572365, 0.6033727990339612, -0.6257492366000061, -0.42558035881670914, 0.14311303597558395, 0.6241184571055551, 0.2704306546946407, -0.09735548822507582], [-0.4140403655830224, -0.2268196667323264, -0.6387400821367456, -0.5509023480716008, -0.04654488787044258, 0.02159744375630327, -0.19164700429397027, 0.45946988269181066, 0.549531743116326, 0.5917115628371039, 0.15508595506763723, 0.4608960566890397, 0.007105204573766288]], "inverted": true, "swapped": false, "error_lsq": 0.04278250813979053, "error_max": 0.22357816376013057, "target": "9.xyz", "model": "20.xyz", "model_rescale": 4.067790424073018, "target_rescale": 3.877068213659057},
{"mapping": [6, 11, 5, 4, 2, 8, 1, 3, 0, 12, 10, 7, 14], "R": [[-0.24531603761285387, 0.521626085580563, -0.8171451942781209], [0.33043505045782423, 0.8374177047816176, 0.4353668167731929], [0.9113905414907839, -0.16321095110373846, -0.37779553507280766]], "T": [-0.0021108029013384468, -0.04457354521476844, -0.024663351696562995], "aligned_model": [[-0.30976734344889334, -0.6459987526881129, 0.20369480859038855, 0.4379116221006841, 0.19018361676584183, 0.5482963123948799, 0.28305401350146986, -0.4302890413793726, 0.4003331332079013, -0.400819319912642, -0.4493915654321273, 0.53898687777237, -0.04649358973121118], [-0.5589705091503752, -0.05901128760481696, 0.1365292872967873, -0.46926055712399883, -0.7616279262964495, 0.050756926530110054, 0.7217450961310172, -0.6555589069004684, -0.35052986903277195, 0.057554368553982015, 0.6360026985780043, 0.30096926268648017, 0.014779644446558542], [-0.45859896817383783, 0.03218832983714965, -0.5474557915737035, -0.542827130966426, 0.026108710260399938, -0.13925831368550814, -0.09352457947185541, 0.3841218003704636, 0.47422304391433556, 0.6215682434684964, 0.06501784704913299, 0.35543850976433594, -0.00029820674910431555]], "inverted": false, "swapped": false, "error_lsq": 0.051396099560804, "error_max": 0.28420869002150634, "target": "9.xyz", "model": "21.xyz", "model_rescale": 4.186013935880536, "target_rescale": 3.877068213659057},
{"mapping": [11, 8, 9, 10, 4, 7, 1, 3, 6, 5, 2, 0, 12], "R": [[-0.8723023930278517, -0.4770325329933913, -0.10737084140395141], [-0.10369747163915913, 0.3950704192507036, -0.9127793809068647], [0.47784450346690105, -0.7850855534901802, -0.3940879396879438]], "T": [0.01172061422289768, -0.0497381120011015, -0.014492489973796863], "aligned_model": [[-0.4241640757404141, -0.6321269230670733, -0.029762809380510225, 0.4066937564151148, 0.2924732212459274, 0.7302030735239611, 0.422181764657058, -0.1704996247630371, 0.3297668485285423, -0.45295627798644816, -0.4277804893633767, 0.26968632727604624, 0.005985980395385886], [-0.4701852106945619, 0.18413571914836066, 0.14807220915743932, -0.37566081302927296, -0.7138291952661776, -0.08213297055028543, 0.5539504238848668, -0.6861691730184781, -0.2839770203028684, 0.014099235541520767, 0.5103349343440408, 0.35645689216962173, -0.09171680327014661], [-0.19392145354350177, -0.3586312854222732, -0.6015197147663334, -0.6733324117599416, -0.10268067254978373, -0.15960371868173448, -0.061450253511549466, 0.6290057181144565, 0.3777211962978452, 0.6007627050633865, 0.19252481744060881, 0.5242539721789474, 0.0035745951837525894]], "inverted": false, "swapped": false, "error_lsq": 0.058628493489972594, "error_max": 0.3436371337738839, "target": "9.xyz", "model": "22.xyz", "model_rescale": 4.166573947596378, "target_rescale": 3.877068213659057},
{"mapping": [9, 10, 12, 11, 3, 2, 6, 8, 4, 7, 13, 1, 15], "R": [[-0.31232149560870714, 0.05565721373418391, 0.948344640908614], [0.13344158984438229, -0.9858141245176816, 0.10180301567851906], [0.9405576141207641, 0.158343886717437, 0.3004639546745524]], "T": [-0.00860036083074725, -0.07192587507603011, -0.016517328699966864], "aligned_model": [[-0.29503556205278636, -0.7342961245433888, 0.09723932905462455, 0.2941228908710041, 0.313302514101665, 0.663391072896534, 0.47117388628557133, -0.27636711206265585, 0.3484349528081442, -0.4451242142846409, -0.5635303555014416, 0.4267817841945527, 0.019607709973993893], [-0.5146795814976551, 0.09680518777905413, 0.1846369699012408, -0.3945232556802303, -0.5756733293481536, -0.0693813423521641, 0.508081492399985, -0.6832839505838707, -0.45278326813508124, 0.1428993806544568, 0.5674626943899976, 0.2787570873367943, -0.024939856750314918], [-0.3035246408592524, 0.05988110100508748, -0.6101121584039951, -0.6694973363057364, -0.0801073706929317, 0.018557983692967125, -0.12839117481413387, 0.44023359977992665, 0.5005193666434444, 0.5075882737470117, -0.009582118053265812, 0.4257076237096363, 0.025430344595120054]], "inverted": true, "swapped": false, "error_lsq": 0.05147216584254911, "error_max": 0.29042532337846705, "target": "9.xyz", "model": "23.xyz", "model_rescale": 4.274766983524099, "target_rescale": 3.877068213659057},
{"mapping": [1, 8, 7, 0, 4, 3, 2, 5, 6, 11, 12], "R": [[-0.14205021814160002, 0.9301876287611913, 0.338485909345657], [0.28635072293092706, -0.2887170050463285, 0.9135894890343333], [0.947536278462656, 0.226701271052261, -0.22534758640915142]], "T": [0.12663805674932355, 0.054915032505319004, -0.02701406432522495], "aligned_model": [[0.3021237349463818, 0.009572874620252664, -0.4714421843785304, -0.42765752746831115, -0.6500201342938865, -0.5124382156553242, -0.027024762097318633, -0.025635613189528894, 0.6224585436688261, 0.4358516508283516, 0.12410633697716211], [-0.23329902951240203, 0.7163054282875362, 0.5022441591143204, -0.0985220303526354, 0.3119095212279894, -0.2778828821490522, -0.5000233095640038, 0.15177053483295405, -0.24346072461645654, 0.5118902488623318, 0.0746546151129018], [-0.6122001316350342, -0.09769234165448387, -0.5386591246310705, -0.33009747055104455, 0.1084501682041882, 0.441267767260039, 0.1086448344691908, 0.6194814578976073, 0.4125263664428806, 0.260753426655221, 0.007091481564083499]], "inverted": false, "swapped": true, "error_lsq": 0.052579203812081914, "error_max": 0.2949061967974429, "target": "9.xyz", "model": "24.xyz", "model_rescale": 3.7841303162186577, "target_rescale": 3.877068213659057},
{"mapping": [3, 11, 12, 5, 4, 2, 14, 6, 1, 0, 10, 8, 15], "R": [[-0.8771966739552468, -0.4626432386823333, -0.12840260473749754], [-0.4325726975087036, 0.8775686764542653, -0.20677059625670333], [0.20834312220924422, -0.1258350182096802, -0.9699271578939695]], "T": [-0.03386599744984527, 0.03953334784334982, 0.0717509114674666], "aligned_model": [[-0.22396375340905333, -0.7716746679866089, 0.24798423335003905, 0.4241784573255308, 0.25186878551249436, 0.6962851378698593, -0.04954777626013078, -0.4087371327330298, 0.2617686317004378, -0.10145269187844798, -0.3631610439347248, 0.42546606464633036, -0.06931347246151977], [-0.5556647650494254, -0.010271353656801721, 0.12292726406153966, -0.42325474827546117, -0.6497036680631959, -0.06898022223593699, 0.6450691474080659, -0.5735017414979107, -0.3059650928791012, 0.10046786926008125, 0.7279857838200676, 0.07394954824383503, -0.01967979302169768], [-0.43678024512109836, -0.13461145562484095, -0.6273755495994716, -0.5159234890162858, 0.07525983837747315, -0.08283612753391867, -0.44047895838534346, 0.14715690201780768, 0.6601958003982256, 0.8018529400823182, 0.22292339916097195, 0.4422740086143675, 0.0650464306736741]], "inverted": false, "swapped": false, "error_lsq": 0.05903244383174669, "error_max": 0.39014252951539796, "target": "9.xyz", "model": "25.xyz", "model_rescale": 4.19342608120988, "target_rescale": 3.877068213659057},
{"mapping": [7, 8, 9, 2, 1, 0, 6, 3, 11, 4, 5, 12], "R": [[-0.744295378618827, 0.03628374308966703, -0.6668642135802911], [-0.6295639223821645, -0.37134704397924334, 0.6824592592694906], [-0.22287587801608516, 0.9277849227678153, 0.29923482431575066]], "T": [-0.08959167130096832, 0.019818952885830143, -0.19231044273600637], "aligned_model": [[-0.04835718671992886, 0.4125048525106134, 0.12749817068207073, -0.4908515014363637, -0.6344420557879806, -0.4308962262095489, -0.05501338700495234, -0.1658479565770193, 0.47500196111190207, 0.13152564066955902, 0.3314092065775017, -0.05472296318407263], [-0.6683214119947869, -0.40613451607921536, -0.5481856318236795, 0.4346399911589735, -0.30549889845856126, -0.16250327464662276, 0.563244052842861, 0.5778149356920123, 0.016160113925812302, -0.027999765622080907, 0.502208900588989, 0.03735193215727918], [0.3945000424966649, -0.04197862827522256, -0.5046929865620006, -0.06236346453965472, -0.42385235317897507, 0.33010307567383523, -0.6735124179592302, 0.4567552472136529, -0.45397849032549453, 0.605445895847593, 0.009141582129614162, -0.18630904131136122]], "inverted": true, "swapped": true, "error_lsq": 0.04377708094363671, "error_max": 0.3126605100320628, "target": "9.xyz", "model": "26.xyz", "model_rescale": 3.795458400668931, "target_rescale": 3.877068213659057},
{"mapping": [1, 8, 9, 2, 0, 3, 4, 6, 7, 5, 11, 10, 12], "R": [[0.1306996066035298, 0.051085722900326, 0.9901049751159893], [0.16857035155816566, -0.9852750768524049, 0.02858425281591269], [0.9769860026680214, 0.16316639313669556, -0.1373866032097829]], "T": [-0.04584379571055394, -0.0239125581860578, -0.08767099747751475], "aligned_model": [[-0.36107334042693007, -0.7529442969548109, 0.09744931390148506, 0.3324275015446022, 0.4373263682922337, 0.6902897605272698, 0.3684945685132023, -0.4696777429779194, 0.39866185966482814, -0.27952511876648256, -0.32321923864412516, 0.16343708107869093, 0.018054055989131887], [-0.4518226453990583, -0.027526349736809733, 0.0687540389544074, -0.4644005200724564, -0.7005363532647612, -0.07572333472714533, 0.7019797383837713, -0.6157135637004055, -0.19785527829362282, -0.11977679945017294, 0.6352245277238847, 0.39646088367265886, -0.08568611597623146], [-0.34820211260677836, 0.08767874377385002, -0.481694190484636, -0.749272157546986, -0.08751401427458241, -0.06531949500628524, -0.07132240886729306, 0.3013319776934177, 0.5698750093465699, 0.6215987356860545, -0.10092834898106105, 0.4482152894336292, 0.05225646587797994]], "inverted": true, "swapped": false, "error_lsq": 0.056814569689842304, "error_max": 0.28537757110520623, "target": "9.xyz", "model": "27.xyz", "model_rescale": 3.6321398670334006, "target_rescale": 3.877068213659057},
{"mapping": [0, 3, 1, 2, 11, 13, 4, 10, 9, 12, 7, 6, 14], "R": [[-0.278584584405895, 0.5662793215265403, 0.7757050723972587], [-0.6770135250287712, 0.4570867186573765, -0.5768226924759029], [-0.681207249124312, -0.685856735505655, 0.25604144606296436]], "T": [-0.07924384646566873, -0.10532125487243399, 0.03531894830605922], "aligned_model": [[-0.38845003271746814, -0.5863543380257289, 0.14622006717344654, 0.29915296645992295, 0.2564106396042509, 0.7333558595586215, 0.15520078135817977, -0.2950132225533407, 0.2797271358919351, -0.19519163400514405, -0.5284384308216827, 0.46835267181013596, -0.02527169199195215], [-0.5490621588615237, 0.10033763825326045, 0.17931221696063987, -0.3820875411245642, -0.6429087457890215, -0.18119575892253648, 0.6654085199984394, -0.7874127740987049, -0.37000156128561584, 0.2903626205809568, 0.5113210323147066, 0.32599230010049657, -0.0966875600124747], [-0.27596426474984825, -0.37953457884573116, -0.5263010357624291, -0.6078450576009679, -0.0689000135476232, 0.015266284681536929, -0.15827491257558413, 0.3400587861004326, 0.5329697600631287, 0.7519081696391992, 0.17266485848068572, 0.37885076285835884, 0.0018047353027206697]], "inverted": true, "swapped": false, "error_lsq": 0.054299117441479465, "error_max": 0.3169347213120029, "target": "9.xyz", "model": "28.xyz", "model_rescale": 4.156811204709835, "target_rescale": 3.877068213659057},
