[{"mapping": [8, 4, 2, 0, 3, 6, 1, 5, 11, 9, 12, 13], "R": [[0.022422594605203072, 0.4711029609551769, 0.8817931885824681], [0.7282063496445048, -0.612020449043711, 0.30845823427128655], [0.6849910507361365, 0.6352109650593256, -0.35678325392288845]], "T": [-0.11291695455999147, 0.11424314528322632, 0.03576627327276972], "aligned_model": [[0.3371650870563389, 0.5050457191854943, -0.013832428481548323, -0.18157545191549546, -0.425074890960736, -0.14551169019684987, -0.5836376600164612, -0.5704299956113247, 0.1297650473132686, 0.4640070801256236, -0.06562811762855617, 0.04307511416181507], [-0.5006359906380944, -0.39930463826861873, 0.131499127453718, 0.7418761126501742, -0.07371516597073138, -0.5721648606188052, 0.4426228417886426, -0.3435486935513007, -0.13387586857458955, 0.550928314405287, 0.6229293540563868, 0.08866452876938158], [0.20876608727794746, -0.481722890360053, -0.7265609092288423, -0.4078273511129634, -0.33897283833732295, -0.2993872987356655, 0.09603986450928087, 0.42756942538625287, 0.6412447962381123, -0.07915932455093136, 0.30801967523363893, 0.0751626072205888]], "inverted": false, "swapped": false, "error_lsq": 0.054022995626172556, "error_max": 0.2870819086077502, "target": "90.xyz", "model": "0.xyz", "model_rescale": 3.8414455957264533, "target_rescale": 3.9851863579401634},
{"mapping": [2, 6, 10, 12, 1, 3, 11, 0, 7, 8, 13, 14], "R": [[0.8301218199783497, -0.2865543709425007, 0.4783140772437922], [0.29083206505767456, 0.9544222776012051, 0.06704346316246701], [-0.47572520842406624, 0.08345482917288954, 0.8756259575627042]], "T": [0.04570906431581655, -0.03273243291821096, 0.01228631276983664], "aligned_model": [[0.44499516625930363, 0.7427536869302813, 0.14187433040967234, -0.1371719867481903, -0.7678930820797606, -0.38900177334035874, -0.6080096754176401, -0.45810791146080443, 0.1427384343505999, 0.43482626087215376, -0.03283912614796515, -0.020796510595722836], [-0.6511480306387687, -0.1881383902062743, 0.10877479214434188, 0.6017033087974833, -0.1444063032386254, -0.5325757593402635, 0.5102832150121831, -0.10084079671215067, -0.24314948174747167, 0.6395254067623226, 0.588542675669495, -0.03329557500082161], [0.06460729239685728, -0.30394928975979896, -0.650366875000798, -0.37025173064866285, -0.25988713420269777, -0.4055174913005188, -0.05136286282584087, 0.5290522899856155, 0.6116734740001714, -0.13248800067274255, 0.4397139930428035, -0.04805182147434496]], "inverted": false, "swapped": false, "error_lsq": 0.049783177512111164, "error_max": 0.27706872655087794, "target": "90.xyz", "model": "1.xyz", "model_rescale": 4.316132596720782, "target_rescale": 3.9851863579401634},
{"mapping": [9, 7, 3, 6, 4, 5, 2, 0, 1, 10, 8, 11], "R": [[-0.4649219885228363, -0.735342017789633, -0.4930716595597878], [-0.3982905349787305, -0.32366918604688266, 0.858255735634843], [-0.7907036071337533, 0.5954077383413992, -0.14239884405728753]], "T": [-0.004790378338014892, 0.019887640579511933, -0.014398482283793201], "aligned_model": [[0.42059842835211103, 0.6668005971893226, 0.043156634825617206, -0.13851572617599656, -0.6757580982366459, -0.11139039206474134, -0.6408824616983363, -0.5293649443279813, 0.028176075836068466, 0.48599531220449776, 0.023734979579399615, -0.07918259245174632], [-0.501946141550163, -0.32877294443804683, -0.03270216080175847, 0.683416907241993, 0.10596212575484505, -0.569507883699861, 0.37362272498383275, -0.38988002404876915, 0.02488964092003931, 0.4152901907252406, 0.6928462114708741, 0.08205641494322387], [0.2965442330240305, -0.4917479117641374, -0.667048775747664, -0.4812415036812126, -0.38415953079022674, -0.2531645497010524, 0.39910333547859117, 0.2322308840292397, 0.5273444976398869, -0.009705094780820413, 0.3507715899187775, -0.09575533008536938]], "inverted": true, "swapped": false, "error_lsq": 0.05654238165061585, "error_max": 0.28930683705693144, "target": "90.xyz", "model": "2.xyz", "model_rescale": 3.795458400668931, "target_rescale": 3.9851863579401634},
{"mapping": [10, 10, 4, 7, 9, 5, 8, 6, 2, 0, 1, 11], "R": [[-0.5874258506506225, 0.27748077211001443, -0.7602205542450317], [0.3619760539016591, -0.7500869449385479, -0.5534825303788183], [-0.7238122728920643, -0.6003115825485851, 0.3401790667704845]], "T": [-0.07332052217579396, 0.07545540291638587, -0.014531998515547942], "aligned_model": [[0.45419944624986675, 0.45419944624986675, 0.2515498095615044, -0.275990837317269, -0.7565220378672832, -0.2544343133219693, -0.767917832191352, -0.4016403584763034, 0.2830178385604595, 0.5432350201226003, -0.030952932103862435, -0.005375436434690045], [-0.42967968442911053, -0.42967968442911053, -0.01794623115864706, 0.6619319041992238, -0.0055530712563356815, -0.5264522872101195, 0.31928318915677373, -0.088855743938044, -0.16543065578843463, 0.5406952493585191, 0.5340779690357504, 0.16288410796098457], [-0.08917757336637662, -0.08917757336637662, -0.5592246968626141, -0.4598098369708979, -0.5448413034276273, -0.32874457428624926, 0.24747091102478153, 0.4464498110300052, 0.6200719652322654, -0.1395083671592809, 0.41458240478179814, -0.09491932308938505]], "inverted": false, "swapped": false, "error_lsq": 0.05685631303391378, "error_max": 0.3842151937373282, "target": "90.xyz", "model": "3.xyz", "model_rescale": 3.7530521520055578, "target_rescale": 3.9851863579401634},
{"mapping": [3, 4, 6, 7, 10, 5, 9, 2, 1, 8, 11], "R": [[-0.22783018834993568, 0.01271368350480624, 0.9736178755179943], [-0.017819478941741563, -0.9998017349483207, 0.008885773155604453], [0.9735378120271847, -0.015324915858419892, 0.22801156880135426]], "T": [-0.023289720512751223, 0.05922919631459124, 0.1023432555358356], "aligned_model": [[-0.47509014489135776, -0.24695996086576666, 0.3292235200249024, 0.5903865248154666, 0.2741169226432829, -0.1923123774649475, -0.21693170675141757, -0.6524033710120157, -0.5057745529365864, 0.5059921651113513, -0.0720474162277068], [-0.5827753946166719, 0.057774958452608126, -0.3448107329576185, 0.3922925541817172, -0.5523412962548522, 0.5667742090987394, -0.428690061494581, -0.08195703126622757, 0.30388677976022554, 0.20740040556727585, -0.07035103215626913], [-0.11610029158986508, -0.6604893530920998, -0.5449506441942243, -0.28267402770614686, 0.10332227408940696, -0.21642150291488266, 0.46922455730379004, 0.16156864022163447, 0.7163035115041414, 0.4691310085823621, -0.006083394958799296]], "inverted": false, "swapped": true, "error_lsq": 0.03984507766271396, "error_max": 0.2248506794451317, "target": "90.xyz", "model": "4.xyz", "model_rescale": 3.7855080009869324, "target_rescale": 3.9851863579401634},
{"mapping": [2, 9, 15, 8, 13, 12, 6, 1, 0, 10, 7, 16], "R": [[-0.4821896521689639, -0.11607073183659178, 0.8683436673069549], [0.23366347687969147, -0.9723175062449969, -0.00021592129157693707], [0.8443308113018662, 0.20279608541692382, 0.4959629308989778]], "T": [-0.0517674495154342, 0.031979569574067036, -0.0019091565402398827], "aligned_model": [[0.3221888447754715, 0.578000301915676, 0.1830129114492801, -0.153950745409624, -0.5771301013990436, -0.44741758470858417, -0.5805938238147392, -0.3468181880271686, 0.1283712122951069, 0.461564807073235, -0.047197390018980365, -0.026662431099060722], [-0.596178354892532, -0.14683387602744255, 0.18557459986493863, 0.5593812359406635, 0.06236516176927597, -0.4972589075969926, 0.39238199136091484, -0.4351580156163909, -0.19825561715410667, 0.5262148277196803, 0.7087695975627137, -0.005727581429272453], [0.10467414172322831, -0.28178832721673347, -0.7768961599545426, -0.45656939266998736, -0.4998433275590264, -0.16449103687581912, 0.12665922325272788, 0.5156152169876912, 0.7212890905772872, -0.15417792558237825, 0.3194999977277024, -0.030799656870107127]], "inverted": true, "swapped": false, "error_lsq": 0.04387647467553769, "error_max": 0.2088670482058827, "target": "90.xyz", "model": "5.xyz", "model_rescale": 4.2253639853439635, "target_rescale": 3.9851863579401634},
{"mapping": [12, 11, 8, 10, 1, 9, 4, 0, 7, 5, 2, 13], "R": [[-0.013357082720011126, 0.15965751252844798, 0.9870820974136039], [-0.8742628646121827, -0.4809505963594461, 0.06596186338782498], [0.48526903043704694, -0.8620881640265816, 0.14600673115978813]], "T": [-0.03784868072790566, 0.07208187524757956, -0.016494068005960857], "aligned_model": [[0.4769974784288273, 0.7050454998013597, 0.0346483712452645, -0.18275128751436392, -0.7068809043569123, -0.22937320305184378, -0.5736346739219784, -0.5324504966664282, 0.11682944020873069, 0.3826592241034851, 0.043351040043532574, -0.04107267528810453], [-0.6692173250371175, -0.11548497274515698, -0.002281377314071062, 0.6830432103359333, 0.11618861231088001, -0.4308675397469499, 0.4508337802571035, -0.44793720279462146, -0.31280437549668527, 0.48014989501033056, 0.7127255219687025, 0.09092683475310218], [0.22173416820431818, -0.15243781697225, -0.7479851203930307, -0.4793568510882528, -0.31508452574016627, -0.30451606506630896, 0.24882022892359323, 0.34129337094215917, 0.659766583605861, -0.2560663111225331, 0.16558815325612247, 0.04141602899053014]], "inverted": false, "swapped": false, "error_lsq": 0.051301914959913125, "error_max": 0.2615962615777494, "target": "90.xyz", "model": "6.xyz", "model_rescale": 3.89814844738969, "target_rescale": 3.9851863579401634},
{"mapping": [6, 3, 7, 4, 11, 8, 10, 9, 5, 0, 2, 12], "R": [[0.12260365479509588, 0.5923037540278052, 0.79633197022062], [-0.9222492378373465, -0.22842813375069346, 0.31189249913970163], [0.36663972389706834, -0.7726557128991829, 0.5182455616644845]], "T": [0.012014051318451069, 0.10259512817233649, -0.10004752889153379], "aligned_model": [[0.34117051330742326, 0.5941844245708647, 0.17439957780941345, -0.23312989310680948, -0.6843270488800259, -0.1505725804898692, -0.5349607837787582, -0.4989337643517386, 0.021912240864874588, 0.5826056737947904, -0.018045171690923234, -0.10093537501767307], [-0.4106246295010043, -0.35012397680506757, 0.15949343084516315, 0.6448124823937634, -0.08295805490439032, -0.5178052463175586, 0.367081827890539, -0.40395796413815166, -0.04104747849643095, 0.2617887284243984, 0.7174894711139402, 0.21112647099624948], [0.19259107910884254, -0.4294485081941385, -0.7338205193898354, -0.34783892437776576, -0.4688556872170776, -0.3153513486550421, 0.3119827837004896, 0.4293692949506611, 0.6627404045591291, -0.0904046316653846, 0.2500227992590429, -0.037814898538878816]], "inverted": true, "swapped": false, "error_lsq": 0.05386591102951127, "error_max": 0.2786643099104453, "target": "90.xyz", "model": "7.xyz", "model_rescale": 3.7474275329858107, "target_rescale": 3.9851863579401634},
{"mapping": [4, 13, 12, 10, 0, 1, 6, 3, 8, 11, 7, 14], "R": [[0.6912382954933591, 0.22878743919858066, 0.685453081186737], [-0.7223947519110077, 0.19473805600958, 0.6634929630019021], [0.01831505541540185, -0.9537994533478017, 0.29988524728396576]], "T": [-0.011989121396282918, 0.02616746370669827, -0.025172808473486675], "aligned_model": [[0.4799308476505671, 0.742000211822084, 0.2365357673829357, -0.2580528891488163, -0.6392513697235297, -0.3403321254900656, -0.6757203066638521, -0.5480266552578882, 0.15677736154590874, 0.39082741393349596, -0.06280505731332311, 0.011484614294051832], [-0.5327362984731886, -0.30552990072379843, 0.0974637159703974, 0.6426144861230512, 0.010058676169428196, -0.5062270115961561, 0.44101151314002235, -0.16061298721797262, -0.2560449732909033, 0.4888721767640111, 0.6638346688875488, -0.027429004250989826], [0.21538316114614267, -0.3851572144070676, -0.5853467483080558, -0.3922001241350081, -0.22640853197825644, -0.4417647123548765, 0.2078581481627808, 0.4129040825268915, 0.5723925272812926, -0.12578663937823706, 0.20865599218574657, -0.03735809720130975]], "inverted": false, "swapped": false, "error_lsq": 0.043137361876332304, "error_max": 0.21732874223676302, "target": "90.xyz", "model": "8.xyz", "model_rescale": 4.019505241142653, "target_rescale": 3.9851863579401634},
{"mapping": [10, 10, 9, 8, 0, 1, 3, 2, 6, 11, 5, 12], "R": [[0.10920963345337009, 0.7926040121516614, 0.5998767672464651], [0.8086397350215727, -0.421802590348203, 0.4101028574879564], [0.5780787445540803, 0.4402970073673398, -0.6869960046449641]], "T": [-0.13613352587015837, 0.10637443421612394, -0.09250682258349521], "aligned_model": [[0.5121035706930395, 0.5121035706930395, 0.2666009978344027, -0.023054586232363034, -0.747377236124566, -0.16145295985520555, -0.7744950871209373, -0.45265875885340884, 0.28287626348708816, 0.35257270044081407, -0.14734107920858336, -0.12650958272175108], [-0.5391866864320016, -0.5391866864320016, 0.11828918615958992, 0.5901311771018611, 0.023643698675613514, -0.5064373205396336, 0.3702879791005267, -0.16257612271231334, -0.039376372274756155, 0.4915165938707814, 0.6067729915825106, 0.14139662340127282], [-0.057588856367801075, -0.057588856367801075, -0.6447775927071989, -0.5500322300846268, -0.2978914133941054, -0.37557215367581154, 0.41867315128655325, 0.32874077329028617, 0.48303582292329195, -0.10152154467707167, 0.35470721305912956, -0.07701246974480176]], "inverted": false, "swapped": false, "error_lsq": 0.05651214941772286, "error_max": 0.4327929526114717, "target": "90.xyz", "model": "9.xyz", "model_rescale": 3.877068213659057, "target_rescale": 3.9851863579401634},
{"mapping": [2, 13, 6, 12, 11, 9, 0, 8, 7, 3, 5, 15], "R": [[0.03210801921875915, 0.742738403808398, -0.6688114372601601], [-0.7737665262929427, 0.4420363852508118, 0.45375014810239844], [0.6326566508702809, 0.502934884077998, 0.588899027412213]], "T": [0.03680585342873301, 0.003203008352156589, -0.09151868018418748], "aligned_model": [[0.3155390262141693, 0.6853967723464247, 0.2074481171168382, -0.2765165412841261, -0.6720137793240221, -0.20733526040088052, -0.5986912231671707, -0.5093965209552571, 0.09160352614655175, 0.46787870590926783, 0.024239015555351642, -0.034784025125578405], [-0.556507668605711, -0.2658980690166356, 0.23381220220298438, 0.6078322878751333, 0.029205436521383632, -0.6078870611870837, 0.43151319845851915, -0.3343071108750028, -0.22396140097158543, 0.4681335595573936, 0.7193674545603419, 0.05397223298171272], [0.13071348318969195, -0.4148651290902035, -0.6374171988483421, -0.39884216940760375, -0.29536636404951294, -0.14260045137719907, 0.12402686563595171, 0.3363514186129333, 0.6905811316161444, -0.11939557273903564, 0.2214445809435639, -0.07145875094634527]], "inverted": true, "swapped": false, "error_lsq": 0.03975989477881424, "error_max": 0.2051555147455438, "target": "90.xyz", "model": "10.xyz", "model_rescale": 4.260839863003843, "target_rescale": 3.9851863579401634},
{"mapping": [6, 0, 3, 2, 4, 5, 9, 10, 7, 1, 8, 11], "R": [[-0.6214077414062107, 0.38264748531468484, 0.6836909542350114], [0.04406769051966564, 0.8883139335362928, -0.45711748395521035], [-0.7822470566085213, -0.25392766187957366, -0.5688675460594304]], "T": [-0.06213734219786291, 0.07736461065780609, -0.026116298006751734], "aligned_model": [[0.1773978386223124, 0.7138195879763999, 0.1807295910042698, -0.18314862898125567, -0.7214936963125483, -0.22134233156673921, -0.7694955453881054, -0.39114017237131615, 0.3774175333955128, 0.48747433775247784, -0.15436622573737682, -0.002484475362062151], [-0.7185183096666357, -0.32889700937337973, 0.0691033689808345, 0.6231760986358562, 0.012575722005713247, -0.45195324420436345, 0.3603859036699286, -0.2356931750928727, -0.014284834000636765, 0.5189499923183797, 0.6316728339114676, 0.08875771431715866], [0.08545703635012743, -0.07975031761370387, -0.6930349407629071, -0.4233608249717731, -0.3378123948655952, -0.41481577334993386, 0.20899342369447704, 0.40641780765538077, 0.45137456045876523, -0.18794953040090956, 0.42092915128578606, -0.01327635393967122]], "inverted": true, "swapped": false, "error_lsq": 0.048913612315845234, "error_max": 0.25741483426404566, "target": "90.xyz", "model": "11.xyz", "model_rescale": 3.890672605050136, "target_rescale": 3.9851863579401634},
{"mapping": [11, 9, 12, 7, 4, 2, 0, 1, 6, 5, 8, 13], "R": [[0.9509919345951969, -0.006442634907002941, -0.3091485610355327], [-0.09904653661574694, 0.940758495603393, -0.3242888165423947], [0.292923409647148, 0.33901614328155016, 0.894015621046519]], "T": [-0.036058669794053075, 0.007148151402405059, 0.011842240694502834], "aligned_model": [[0.08272890849686339, 0.7264647023391119, 0.17964997965564777, -0.04864374653291002, -0.6095823050928122, -0.3980138416866875, -0.5425795897122093, -0.4825971041288063, 0.19617102519377322, 0.5188701116350081, -0.04609586267738035, -0.08300446445802999], [-0.5289961349209317, -0.12418596008359077, 0.12794595065338077, 0.6817326932270434, -0.043295534718054494, -0.5434324693317073, 0.1452925244300754, -0.3134420969391788, -0.06614413851854267, 0.49104034280983416, 0.6425192911936997, 0.08624059369942233], [-0.022812908733418485, -0.07259634131782496, -0.691016078594513, -0.5094460500344579, -0.3876363170647568, -0.25539092954995096, 0.2821147506419122, 0.5624088667447815, 0.5341026670581728, -0.2389057931395298, 0.35153889260244736, -0.1291889150728196]], "inverted": true, "swapped": false, "error_lsq": 0.05258738124738774, "error_max": 0.33378838688155615, "target": "90.xyz", "model": "12.xyz", "model_rescale": 4.124412569039231, "target_rescale": 3.9851863579401634},
{"mapping": [2, 1, 6, 3, 9, 8, 7, 10, 4, 0, 5, 12], "R": [[-0.11736362210454698, 0.17592244216838523, 0.9773827676749844], [-0.5127059413848456, -0.8536123555598321, 0.09207911872012232], [0.8505047900365881, -0.4903032131009405, 0.1903795192443593]], "T": [-0.08053262464682637, 0.12702021437140387, -0.07765961173878205], "aligned_model": [[0.1772639676569953, 0.5985893766885411, 0.03912595766279908, -0.0525681399743357, -0.5954320155765473, -0.14703750466013632, -0.6124134311376499, -0.427147784854617, 0.38974577270191696, 0.33460610917013983, -0.11222332304446207, -0.09914117160107516], [-0.6407563538235906, -0.23513625446688047, -0.014230158288138256, 0.6431778181454612, 0.06904887955295899, -0.512322156457573, 0.35761411704301643, -0.24959462766340323, -0.012114201930479546, 0.524835794523619, 0.5819061537498467, 0.042846051116612174], [0.21637367205095315, -0.3431785343969666, -0.7205771575308306, -0.5691397145193039, -0.45203804803013997, -0.39658680514762396, 0.16110163774150982, 0.45396888991508527, 0.5369590496578263, 0.0008896674878796085, 0.5271712413623757, 0.008227944949277616]], "inverted": false, "swapped": false, "error_lsq": 0.051636341717506556, "error_max": 0.25792746106386105, "target": "90.xyz", "model": "13.xyz", "model_rescale": 3.9028299243045295, "target_rescale": 3.9851863579401634},
{"mapping": [12, 14, 10, 7, 4, 5, 3, 2, 1, 9, 6, 15], "R": [[-0.031426269871802824, -0.9204286517239553, -0.3896453344357741], [0.9687953704146743, 0.06784279708757143, -0.23839648727787144], [0.24586158672114342, -0.3849785084507398, 0.8895749705370566]], "T": [-0.12273290742423267, -0.09289114592082334, 0.008916438078216841], "aligned_model": [[0.23402923806617731, 0.6679630414574023, 0.04499228899512668, -0.052105441671768324, -0.5797644237167828, -0.24775994325646244, -0.5674781749309783, -0.4665600659193953, 0.18059638688251395, 0.389848389896515, -0.04153471157797187, -0.06885877119280778], [-0.674947439842183, -0.08656878617370314, 0.06550449707582992, 0.6802188139923674, 0.025177540219581157, -0.4790090710078677, 0.33549507808658274, -0.24811327051821372, -0.010700252116698936, 0.48433090929291966, 0.46024630842767134, 0.0036407340651638948], [0.14371826007071561, -0.3883373812518827, -0.6996960659144364, -0.4579247627616181, -0.47744274231331185, -0.303146090740343, 0.09480203261642059, 0.6412444753123715, 0.5776296803487447, -0.06123033002597956, 0.3720335980106774, -0.018478829811314754]], "inverted": true, "swapped": false, "error_lsq": 0.043508409791907225, "error_max": 0.19866494130230777, "target": "90.xyz", "model": "14.xyz", "model_rescale": 3.942246331269136, "target_rescale": 3.9851863579401634},
{"mapping": [11, 13, 12, 1, 0, 8, 2, 7, 10, 3, 5, 14], "R": [[0.625410752344755, -0.5161475824583007, 0.5851948940088415], [0.2667913917960018, -0.5633203420622194, -0.78197988815727], [0.7332692166695122, 0.6451835904154383, -0.2146028670440456]], "T": [0.04943226806650089, 0.0035937190479465447, 0.08867594112419638], "aligned_model": [[0.3593901511072205, 0.5875478389386, 0.23805580156690484, -0.08551742051900788, -0.5931477522219073, -0.3190660948382875, -0.6315326090940596, -0.7294368911160964, 0.42494850941601003, 0.4138647865949022, -0.1527167162430243, -0.01902179055968524], [-0.6417472631994541, -0.28927025676454254, 0.1910942622447998, 0.6362159222013971, 0.03284048125454207, -0.6046633210687405, 0.34153538224535795, -0.25992289078686287, -0.07392153330932712, 0.5936744137591771, 0.5928171131664245, 0.03662275175867866], [0.1283263134985601, -0.44573230222690774, -0.6842024238682878, -0.3994010665380856, -0.2676287421103033, -0.21640315677136393, 0.15745229598948585, 0.32298628520742656, 0.690323224985669, -0.09984897412258084, 0.2100478413121819, 0.027252548184249027]], "inverted": false, "swapped": false, "error_lsq": 0.0448406192989148, "error_max": 0.28830923238352557, "target": "90.xyz", "model": "15.xyz", "model_rescale": 4.355366556412066, "target_rescale": 3.9851863579401634},
{"mapping": [9, 7, 3, 6, 4, 5, 2, 0, 1, 10, 8, 11], "R": [[-0.4649219885228363, -0.735342017789633, -0.4930716595597878], [-0.3982905349787305, -0.32366918604688266, 0.858255735634843], [-0.7907036071337533, 0.5954077383413992, -0.14239884405728753]], "T": [-0.004790378338014892, 0.019887640579511933, -0.014398482283793201], "aligned_model": [[0.42059842835211103, 0.6668005971893226, 0.043156634825617206, -0.13851572617599656, -0.6757580982366459, -0.11139039206474134, -0.6408824616983363, -0.5293649443279813, 0.028176075836068466, 0.48599531220449776, 0.023734979579399615, -0.07918259245174632], [-0.501946141550163, -0.32877294443804683, -0.03270216080175847, 0.683416907241993, 0.10596212575484505, -0.569507883699861, 0.37362272498383275, -0.38988002404876915, 0.02488964092003931, 0.4152901907252406, 0.6928462114708741, 0.08205641494322387], [0.2965442330240305, -0.4917479117641374, -0.667048775747664, -0.4812415036812126, -0.38415953079022674, -0.2531645497010524, 0.39910333547859117, 0.2322308840292397, 0.5273444976398869, -0.009705094780820413, 0.3507715899187775, -0.09575533008536938]], "inverted": true, "swapped": false, "error_lsq": 0.05654238165061585, "error_max": 0.28930683705693144, "target": "90.xyz", "model": "16.xyz", "model_rescale": 3.795458400668931, "target_rescale": 3.9851863579401634},
{"mapping": [6, 3, 7, 4, 11, 8, 10, 9, 5, 0, 2, 12], "R": [[0.12260365479509588, 0.5923037540278052, 0.79633197022062], [-0.9222492378373465, -0.22842813375069346, 0.31189249913970163], [0.36663972389706834, -0.7726557128991829, 0.5182455616644845]], "T": [0.012014051318451069, 0.10259512817233649, -0.10004752889153379], "aligned_model": [[0.34117051330742326, 0.5941844245708647, 0.17439957780941345, -0.23312989310680948, -0.6843270488800259, -0.1505725804898692, -0.5349607837787582, -0.4989337643517386, 0.021912240864874588, 0.5826056737947904, -0.018045171690923234, -0.10093537501767307], [-0.4106246295010043, -0.35012397680506757, 0.15949343084516315, 0.6448124823937634, -0.08295805490439032, -0.5178052463175586, 0.367081827890539, -0.40395796413815166, -0.04104747849643095, 0.2617887284243984, 0.7174894711139402, 0.21112647099624948], [0.19259107910884254, -0.4294485081941385, -0.7338205193898354, -0.34783892437776576, -0.4688556872170776, -0.3153513486550421, 0.3119827837004896, 0.4293692949506611, 0.6627404045591291, -0.0904046316653846, 0.2500227992590429, -0.037814898538878816]], "inverted": true, "swapped": false, "error_lsq": 0.05386591102951127, "error_max": 0.2786643099104453, "target": "90.xyz", "model": "17.xyz", "model_rescale": 3.7474275329858107, "target_rescale": 3.9851863579401634},
{"mapping": [0, 4, 9, 12, 7, 2, 11, 1, 8, 5, 10, 13], "R": [[0.030575608746566896, -0.9336356606784912, 0.35691677637681074], [-0.8331855266346462, 0.17344839227230485, 0.5250881196758312], [-0.5521476345655428, -0.31343278119493195, -0.7725884294474555]], "T": [-0.08314530774187474, 0.03504474037850511, -0.012377300695801126], "aligned_model": [[0.20920002651712205, 0.7152824204905464, 0.11201549789267666, -0.17947033778721405, -0.7127679725376694, -0.26553070365701065, -0.6528415653671162, -0.5597606151871636, 0.43841604966819864, 0.4195929541249755, 0.03897307746688673, -0.06974101859266357], [-0.7130231813634291, -0.1404974331664282, 0.07414258306733776, 0.6373086001042322, 0.1309685772253479, -0.5812953740269018, 0.38802569596337944, -0.35973302414433583, 0.027559217353464685, 0.5376087721795922, 0.6215599493394312, -0.06734932103024048], [0.22015437623998316, -0.1570283640079711, -0.6512104436190744, -0.4450858113222206, -0.4146125546658129, -0.3135303424225808, 0.2570429673766619, 0.2966644151887343, 0.48236724815774956, -0.14618152583547284, 0.33044390651720434, -0.035852028067157586]], "inverted": false, "swapped": false, "error_lsq": 0.049777854966365935, "error_max": 0.29364638470967047, "target": "90.xyz", "model": "18.xyz", "model_rescale": 3.922800546911778, "target_rescale": 3.9851863579401634},
{"mapping": [10, 11, 7, 12, 0, 2, 5, 1, 6, 13, 8, 14], "R": [[0.5710400769671953, -0.5003410334804641, 0.6508241549858158], [-0.7195019689881932, 0.07667477191828392, 0.690244808726145], [-0.3952595945950119, -0.8624267096785561, -0.3162119910971224]], "T": [-0.02747085646643605, 0.05400727926876572, -0.02489518886381113], "aligned_model": [[0.39172514781603024, 0.611741832467289, 0.2342267924128063, -0.15843620678578346, -0.8168175573106464, -0.2422523422041363, -0.6361281052168989, -0.5125793501087729, 0.11560025709709576, 0.5065949315670039, 0.0025018757197693767, -0.0028094624221884044], [-0.6239672069298963, -0.10458489593403905, 0.15949279744976727, 0.6994687705460406, -0.06634463346867389, -0.6134496179269145, 0.5093185576937003, -0.23874095036444717, -0.16662923493256007, 0.4754585474035532, 0.47268639507590293, 0.05256653288901663], [0.09849830091819047, -0.29600268237766547, -0.7722894389646651, -0.454827258917163, -0.27165385364314265, -0.17152112980881357, 0.04410998100254149, 0.4514988154839853, 0.612770834206174, -0.11958578744669908, 0.420301495011829, -0.11812743192452868]], "inverted": false, "swapped": false, "error_lsq": 0.042115804816686454, "error_max": 0.20544856186726004, "target": "90.xyz", "model": "19.xyz", "model_rescale": 3.9282355846067225, "target_rescale": 3.9851863579401634},
{"mapping": [9, 8, 4, 3, 0, 11, 1, 10, 7, 6, 5, 13], "R": [[-0.25003673915065594, -0.9578766993861043, 0.1412581248923042], [-0.018920808399281452, 0.1506981535371531, 0.9883987401499512], [-0.9680514614856097, 0.2444632800517812, -0.05580387640567519]], "T": [0.06172897951571038, 0.02997102565471523, 0.056175122985997146], "aligned_model": [[0.2860105194425384, 0.6245309003220723, 0.05971024846879416, -0.19120363722972084, -0.5909743462125128, -0.2561456186856963, -0.5898766210495305, -0.5753746824469137, 0.3222184937282173, 0.5042345905407264, -0.002148653652007254, -0.0976133801943985], [-0.6242977216605302, -0.24569846646115365, 0.011956100305894633, 0.5902324544149818, 0.010618032662449279, -0.4830154681248653, 0.3991013260494715, -0.42505995618680736, 0.06955829856996523, 0.5074758584402492, 0.695534427754989, 0.048870175736805396], [0.0487574163070356, -0.3749651189091829, -0.5755203987089479, -0.37797610869643233, -0.40621088290345114, -0.3300421323819905, 0.0817438333387185, 0.415730512974271, 0.6206889290067963, 0.001202648647463965, 0.2577567640503357, 0.06200638081542619]], "inverted": true, "swapped": false, "error_lsq": 0.042618620807648146, "error_max": 0.2348132494940134, "target": "90.xyz", "model": "20.xyz", "model_rescale": 4.067790424073018, "target_rescale": 3.9851863579401634},
{"mapping": [1, 10, 12, 3, 0, 7, 2, 4, 5, 11, 6, 14], "R": [[-0.18733711831177552, -0.2561561072524656, -0.9483084165079961], [0.10441248518327717, 0.9547381557387769, -0.2785194551810901], [0.9767306880816696, -0.15119227061520932, -0.1521119990852976]], "T": [-0.016174607683172373, 0.009811453383085672, -9.622795216090996e-05], "aligned_model": [[0.331843628857761, 0.7397533440994835, 0.18002514533216207, -0.23679745805531655, -0.6180530167481909, -0.2370387099984369, -0.6542190932768738, -0.492469539224648, 0.08711170794032953, 0.403344255659291, -0.05978249061522985, 0.04965003906123759], [-0.7329332605397543, -0.16617750983694712, 0.18731594093961682, 0.7268024407118311, -0.07605418885492232, -0.6321790385980239, 0.38403055391410823, 0.027587377287999135, -0.24003780315569528, 0.4682858708590564, 0.6111457610656018, -0.0025110822914206476], [0.02267871998272177, -0.2625607743047782, -0.7191314709769394, -0.4013374255301781, -0.36728487388960734, -0.30950083962288466, 0.08102855704079473, 0.6443412394979451, 0.5246641048377964, -0.1785265667375389, 0.42891694858854246, -0.04011577534583099]], "inverted": true, "swapped": false, "error_lsq": 0.050943990422769536, "error_max": 0.37209950373691425, "target": "90.xyz", "model": "21.xyz", "model_rescale": 4.186013935880536, "target_rescale": 3.9851863579401634},
{"mapping": [3, 5, 0, 1, 7, 6, 10, 4, 11, 2, 9, 12], "R": [[0.9200615872893283, 0.16379353570360677, -0.3558909288761845], [-0.31357096207195634, 0.8524535911810625, -0.418325383676126], [0.23486150672238698, 0.496482177468861, 0.8356707007642837]], "T": [0.0009001682640430025, 0.12369605760322816, -0.0020776589983214286], "aligned_model": [[0.2576274431837606, 0.6888345748040723, 0.14618840298750913, -0.18852735055061537, -0.6794360087208312, -0.1589451375570004, -0.7250721809367471, -0.470775872980672, 0.1634778214131858, 0.6293522303872504, -0.17089336357205132, 0.0015372545737080759], [-0.759272758052304, -0.18988591661886695, 0.053585482870443235, 0.5716644405919342, 0.13092667642991968, -0.336899668650199, 0.2750792355809877, -0.34219364290546617, -0.0362818892544442, 0.4477147879798726, 0.6599881168857513, 0.08085019664382147], [0.08035917517640245, -0.1662463949264734, -0.7061829616114669, -0.5484884741278834, -0.27669401742921, -0.2706924467171842, 0.3804752318012462, 0.29471292010434963, 0.5869397787126348, -0.22514507222398142, 0.2593196818606164, 0.01481442292099263]], "inverted": false, "swapped": false, "error_lsq": 0.052218880129222434, "error_max": 0.2501743535443588, "target": "90.xyz", "model": "22.xyz", "model_rescale": 4.166573947596378, "target_rescale": 3.9851863579401634},
{"mapping": [8, 4, 2, 6, 12, 9, 13, 10, 7, 1, 5, 15], "R": [[0.571665650436335, 0.47973026158449117, 0.6656254654317831], [0.12036173997678232, -0.8515130225588771, 0.5103318762946394], [0.8116103964717084, -0.21162336480814523, -0.5445219148999562]], "T": [-0.09009001764677907, -0.07589452441285323, -0.17411718693774023], "aligned_model": [[0.35423746598844474, 0.627011609092099, 0.25976417125232054, -0.14186376129034592, -0.6067029251739627, -0.3153163851442359, -0.5607612644251075, -0.4313189753150185, 0.05642440529847742, 0.36311326774032215, -0.05333047260590192, -0.05788932238552242], [-0.6773460939983256, -0.21095100242374637, 0.19914957345355072, 0.6271202602993282, 0.12096819317216372, -0.629756413322345, 0.28382154448993485, -0.2022597956365072, 0.013912096337429236, 0.47428966240895504, 0.5728045622614543, -0.016477525540441962], [0.13395461792396404, -0.2600154875049917, -0.6788567533754238, -0.4608179436721431, -0.5258806435823559, -0.2285162464847996, 0.4307679807800694, 0.48050930945642334, 0.5200426955019245, -0.1723273398200206, 0.3444387039724418, -0.1601270496550455]], "inverted": true, "swapped": false, "error_lsq": 0.04679632506631217, "error_max": 0.3088797995432035, "target": "90.xyz", "model": "23.xyz", "model_rescale": 4.274766983524099, "target_rescale": 3.9851863579401634},
{"mapping": [8, 9, 1, 0, 2, 5, 7, 4, 6, 3, 11], "R": [[-0.2779544406420732, 0.7812466687628234, 0.5589230461113086], [0.5016539324412332, 0.6142599531076982, -0.609120712235576], [-0.8191975714036261, 0.11107813716082987, -0.5626517452663602]], "T": [-0.019747833014770504, 0.059450212451252885, -0.04250466702992144], "aligned_model": [[0.1358844687281206, 0.1800457941780688, -0.6015688178251057, -0.5906370593578979, -0.3084942741353747, -0.4660630089318481, 0.16203701304265578, -0.038389698777040175, 0.6099062850175248, 0.2302776169474181, 0.06689638507155363], [-0.27918733450180966, 0.6263301669865818, 0.4519945649666998, -0.1790515283165326, 0.608411535311372, -0.2497049391231701, -0.7100999583831963, -0.042594417312377966, -0.1533405746696982, 0.7047049420436391, 0.13812407424197543], [-0.5881515088002648, -0.26362439532572585, -0.46320576699014426, -0.46539176274347677, 0.1432159323607975, 0.26246652143956267, 0.060037261669753046, 0.745647256390139, 0.47204272086532123, 0.3877797852063027, 0.088750389949313]], "inverted": false, "swapped": true, "error_lsq": 0.055450162241608175, "error_max": 0.2716207910154166, "target": "90.xyz", "model": "24.xyz", "model_rescale": 3.7841303162186577, "target_rescale": 3.9851863579401634},
{"mapping": [12, 5, 3, 6, 11, 13, 7, 10, 9, 4, 1, 15], "R": [[0.6606247553134671, 0.7039378497784743, -0.26085711858463795], [-0.40565263900083315, 0.6271085986972368, 0.6649667224092104], [0.6316809868427904, -0.33347609972717107, 0.6998377110245434]], "T": [-0.07098775858464507, 0.08728053820220996, 0.14740854606918977], "aligned_model": [[0.35369487977527064, 0.6843970879551959, 0.14662097390174572, -0.18394700215118137, -0.6325608120029176, -0.18420699131153814, -0.6587347463698845, -0.6693803400197709, 0.129187012963426, 0.4430127498244853, 0.14229450559508766, -0.07700950512835006], [-0.5214071595138904, -0.10651919272778032, 0.02260653853528441, 0.5015177077228653, -0.06475703287479437, -0.5108427202302596, 0.3653968206585849, -0.20201381263871263, -0.3179819888239812, 0.5012233713740051, 0.7720536026673028, 0.11599892735282533], [-0.008526856430915969, -0.2540564503540691, -0.625550444399192, -0.43368888889625623, -0.35353840902502864, -0.3439466923621305, 0.14418800538746374, 0.5517477629801073, 0.5186672881213424, -0.20067068496767917, 0.3439611338737164, 0.08458607961268415]], "inverted": true, "swapped": false, "error_lsq": 0.04729359731374958, "error_max": 0.2596838885287306, "target": "90.xyz", "model": "25.xyz", "model_rescale": 4.19342608120988, "target_rescale": 3.9851863579401634},
{"mapping": [9, 7, 3, 6, 4, 5, 2, 0, 1, 10, 8, 11], "R": [[-0.4649219885228363, -0.735342017789633, -0.4930716595597878], [-0.3982905349787305, -0.32366918604688266, 0.858255735634843], [-0.7907036071337533, 0.5954077383413992, -0.14239884405728753]], "T": [-0.004790378338014892, 0.019887640579511933, -0.014398482283793201], "aligned_model": [[0.42059842835211103, 0.6668005971893226, 0.043156634825617206, -0.13851572617599656, -0.6757580982366459, -0.11139039206474134, -0.6408824616983363, -0.5293649443279813, 0.028176075836068466, 0.48599531220449776, 0.023734979579399615, -0.07918259245174632], [-0.501946141550163, -0.32877294443804683, -0.03270216080175847, 0.683416907241993, 0.10596212575484505, -0.569507883699861, 0.37362272498383275, -0.38988002404876915, 0.02488964092003931, 0.4152901907252406, 0.6928462114708741, 0.08205641494322387], [0.2965442330240305, -0.4917479117641374, -0.667048775747664, -0.4812415036812126, -0.38415953079022674, -0.2531645497010524, 0.39910333547859117, 0.2322308840292397, 0.5273444976398869, -0.009705094780820413, 0.3507715899187775, -0.09575533008536938]], "inverted": true, "swapped": false, "error_lsq": 0.05654238165061585, "error_max": 0.28930683705693144, "target": "90.xyz", "model": "26.xyz", "model_rescale": 3.795458400668931, "target_rescale": 3.9851863579401634},
{"mapping": [3, 4, 11, 8, 1, 9, 6, 0, 7, 10, 5, 12], "R": [[0.5635614194330916, -0.7193515613009249, 0.4061180342960417], [0.5729303253609261, -0.013800457426654957, -0.8194878825563185], [0.5951045024265761, 0.6945090918258283, 0.4043609186888375]], "T": [-0.11150358954322528, -0.029826423823673523, -0.18526696352903746], "aligned_model": [[0.17785617502225323, 0.6684336337363773, 0.29916166173980774, -0.3586921113981, -0.69712619220111, -0.12175261156388176, -0.6332869945716862, -0.45102574874590595, 0.18998339466315187, 0.5253867702789585, -0.024561865861287308, -0.08100829806700917], [-0.562023142149652, -0.26135023665644996, 0.22295326939933818, 0.6086344845927039, -0.009137122384557564, -0.39145040915696216, 0.4919481162350915, -0.4446137488289848, 0.06800143659204232, 0.21144599177098494, 0.6093948925625364, 0.011471529525359285], [0.23676874408529117, -0.3775111688275641, -0.7135008793429104, -0.43429951801440725, -0.26876121850143536, -0.41656188542465067, 0.18443611633267445, 0.4503031510281229, 0.5628930505789359, 0.02412434371154412, 0.20293107000659097, -0.02764996209214929]], "inverted": true, "swapped": false, "error_lsq": 0.05799041393439541, "error_max": 0.32105744198822816, "target": "90.xyz", "model": "27.xyz", "model_rescale": 3.6321398670334006, "target_rescale": 3.9851863579401634},
{"mapping": [5, 2, 11, 9, 8, 3, 12, 7, 4, 13, 6, 14], "R": [[-0.3562408451883827, -0.7980682665457123, -0.4859830266091489], [0.6687488808615897, 0.14547942268440706, -0.7291163637731518], [0.6525851626920721, -0.5847416348338245, 0.48188154760898283]], "T": [-0.10979491995552629, 0.005608085954057665, -0.1545477151148326], "aligned_model": [[0.39255301575910384, 0.6377745854654413, 0.2887395458025126, -0.13762313475064106, -0.6149357045242426, -0.23591932251409983, -0.7333730505893955, -0.6256145272648423, 0.06933949736160092, 0.5083694517730557, -0.006483338479679468, -0.04945920500724449], [-0.7077249206962883, -0.20879738951717697, 0.1714440918675328, 0.6242881266054227, -0.06564349057560763, -0.6487889359142336, 0.44612544644525015, -0.2143750563461338, -0.007529401488445317, 0.5373681402070816, 0.6123304263372, 0.016578024576848382], [-0.2583354536740169, -0.32370382758204164, -0.6301468479613228, -0.4056109720465697, -0.2369225680852745, 0.01103384427934298, 0.16263441073873972, 0.38063910630629816, 0.6542820069621832, -0.11478106903701393, 0.3199226801193993, -0.13583946647968112]], "inverted": false, "swapped": false, "error_lsq": 0.05136451871099071, "error_max": 0.32968523468631583, "target": "90.xyz", "model": "28.xyz", "model_rescale": 4.156811204709835, "target_rescale": 3.9851863579401634},
{"mapping": [9, 2, 3, 4, 0, 1, 10, 8, 7, 11], "R": [[0.8682025302910643, 0.3209453662178374, 0.3784421201445366], [0.49029402420397944, -0.43743568597613625, -0.7538314071889384], [-0.0763946086190728, 0.8400262451482606, -0.5371403645566523]], "T": [-0.09394645779001543, 0.027632091628442833, 0.05492611511443557], "aligned_model": [[-0.5625342232399513, -0.08590961879710812, -0.02637234517422564, 0.651492176861881, -0.24763881058742324, -0.49706542833754186, -0.350467959704296, -0.4769564235678354, 0.2664856686198618, -0.028107661962773242], [-0.04585658230016859, -0.4667933292158765, -0.01788864813017964, 0.0759669997023787, -0.3927460961540209, -0.6779299810453462, 0.5385117204929893, 0.3011565295604316, 0.5296545058239234, 0.0746452118920726], [-0.3754100690919455, -0.3630500740831239, -0.755859123455176, -0.21697287098745488, 0.6560017549080417, 0.15122460811484886, -0.31340642637377647, 0.518731058441898, 0.5587417765680043, -0.10121390706621639]], "inverted": true, "swapped": true, "error_lsq": 0.05948554624550504, "error_max": 0.35233757277647576, "target": "90.xyz", "model": "29.xyz", "model_rescale": 4.117894457231895, "target_rescale": 3.9851863579401634},
