[{"mapping": [4, 0, 3, 2, 7, 6, 8, 9, 10, 11, 13, 14, 12, 15], "R": [[0.41555356579849795, -0.00569717655428148, 0.9095508650600377], [-0.29522077945590025, 0.9449975285238537, 0.1407990144186363], [-0.8603254763922803, -0.3270278478403911, 0.3910151677458022]], "T": [-0.012681781289735926, 0.09670881654182771, 0.07768975357597237], "aligned_model": [[0.06776217039002205, 0.35987426938800543, -0.5442639817803328, -0.5772760216978482, -0.6091880654502615, -0.0550792763037996, -0.6705981192224705, -0.08592790026934777, -0.2577708666362233, 0.3762309424352459, 0.5098700785549184, 0.40817366550155737, 0.5380739149924536, -0.0883887087736154], [-0.4561113558255179, -0.4862455219950075, -0.4201708849381821, -0.4076678235151294, 0.15623640734784683, 0.47446441927359095, 0.13292470432574816, 0.4030373198857995, 0.695887794020606, -0.021669571206603747, 0.48652860682863536, 0.641644058185106, -0.08247534654497458, 0.11889052596811758], [0.2998552551437251, -0.2761015602187434, 0.4378518306737787, -0.25427429691084086, 0.5840203057964349, -0.6744935738769684, -0.0868499049908945, 0.671288762623581, 0.11378917985439674, 0.6476627282604955, 0.5487000090134909, -0.19022565587234813, 0.028760371983358082, 0.047604635700367985]], "inverted": false, "swapped": true, "error_lsq": 0.04322592423811195, "error_max": 0.2602091676920519, "target": "901.xyz", "model": "0.xyz", "model_rescale": 3.8414455957264533, "target_rescale": 4.232893870964306},
{"mapping": [11, 7, 0, 3, 4, 2, 1, 12, 6, 5, 8, 9, 10, 14, 15], "R": [[0.6191104947795821, 0.4531203804273992, -0.6413923261897588], [-0.3931697043965928, 0.8858588956449515, 0.2463160582491581], [0.6797939237728422, 0.09967917459547788, 0.7265977452163526]], "T": [-0.08038173667255165, 0.0902754795461523, -0.02606824154792432], "aligned_model": [[-0.7575692206353473, -0.34678871944841294, 0.03633527681337459, -0.3213658327341375, -0.399546245995401, 0.3362183584339378, 0.6856007258018778, -0.24361894931820566, 0.6928939318596272, 0.3060399365398737, 0.29477178298534734, -0.5617951966833329, 0.05948732763205554, 0.11541039811524677, -0.02402941986195948], [0.07752734304521296, 0.18926253724223593, -0.5161536110728627, -0.39772766938881504, -0.4191909674691216, -0.4874777817500007, -0.33352209206241273, -0.06320065282288105, 0.35213156206784574, 0.014332226800647815, 0.06563161633411983, 0.4748132771254242, 0.673797768740973, 0.6132006287599646, 0.10362034249268413], [0.15110494437962554, -0.7574797475819621, 0.44554914812937124, -0.6451325157027423, -0.021964855226133912, -0.44560144878150326, 0.06250422036745899, 0.5102447033565907, 0.183103299488104, 0.47023828488099007, -0.5916575927404445, -0.2942728131013691, -0.2716810633824388, 0.4577365946965337, -0.08750937144254531]], "inverted": false, "swapped": true, "error_lsq": 0.04793499962978335, "error_max": 0.32353741176116385, "target": "901.xyz", "model": "1.xyz", "model_rescale": 4.316132596720782, "target_rescale": 4.232893870964306},
{"mapping": [14, 12, 13, 8, 10, 6, 7, 2, 11, 0, 4, 15], "R": [[0.09283293124516157, -0.7364997463800339, 0.6700374395946667], [-0.25553996145019653, -0.6680266005885522, -0.6988846750416944], [0.9623312189565831, -0.1063418284977668, -0.2502199842804094]], "T": [-0.031991234419706666, 0.017516716175274623, -0.05557623505820286], "aligned_model": [[-0.21362550865167945, 0.4192355469177057, 0.26283170567410397, -0.5534678187662548, -0.5534875127231864, -0.6154342427810584, -0.24431267639541296, -0.22335744900722018, 0.5372162372050879, 0.4280549297637355, 0.4622021696690828, -0.1080468262731227], [-0.6938350658065413, -0.27981651380685707, -0.5454595989171047, 0.45224662277256344, -0.18764601888807303, -0.3224738770519048, 0.5023889666334904, 0.7094185836159771, -0.09800786607334244, 0.06555611976324796, 0.3564898307318064, 0.05391524476771827], [0.02712820251377794, 0.15848036452168524, -0.5485343250548288, -0.03794450864617824, -0.38167002408686473, 0.44868287848181976, -0.63484509770748, 0.3543180926645456, -0.44646326013657156, 0.5688049049157067, -0.007524290373864324, -0.05117447588232652]], "inverted": false, "swapped": true, "error_lsq": 0.04481716170139514, "error_max": 0.2570604079583722, "target": "901.xyz", "model": "2.xyz", "model_rescale": 3.795458400668931, "target_rescale": 4.232893870964306},
{"mapping": [7, 10, 13, 5, 4, 0, 14, 8, 6, 1, 11, 15], "R": [[-0.44103249505561304, 0.1804034635587689, 0.8791728661878853], [-0.25845257211459083, 0.9125637018118031, -0.31690654474606766], [-0.8594722835975419, -0.36699057272842733, -0.35584450713210114]], "T": [0.020572753401541903, 0.04923350148606422, -0.032007130825380085], "aligned_model": [[0.026059447522519867, -0.10692175702409798, -0.779294299043014, 0.17697910129055033, 0.05816336620731382, 0.27375571377722696, -0.29175925404829456, 0.5193383409508583, 0.3859199435282741, 0.8004129075800106, -0.5470760608402551, 0.07772637584247262], [-0.14182836998681966, -0.5774853965437091, 0.004375806586840218, 0.09225015544795821, 0.6201603632982434, 0.6490039255942607, -0.32285148746346837, -0.27977342558072477, -0.4559273624910254, 0.07985166191432347, 0.42495470104342037, -0.006961526529589805], [-0.7930584869630245, -0.1385709523118328, 0.039204255031525644, 0.5804435832437097, -0.21658325797933137, 0.39222852582382756, 0.5246380608536284, -0.3548478471341394, 0.535100031225414, 0.3743061198967095, -0.19554350330835307, -0.05854509773903342]], "inverted": true, "swapped": true, "error_lsq": 0.043113408855843804, "error_max": 0.23873181164617682, "target": "901.xyz", "model": "3.xyz", "model_rescale": 3.7530521520055578, "target_rescale": 4.232893870964306},
{"mapping": [4, 8, 1, 6, 0, 10, 12, 9, 13, 14, 15], "R": [[0.9087489727624657, 0.4081364929100438, -0.08717744925296592], [-0.4137396648447412, 0.9084190370526818, -0.059952838585338966], [0.05472471322286612, 0.09055084911456224, 0.9943871225470023]], "T": [-0.1791299683419198, -0.08941601457177704, -0.02864570423790433], "aligned_model": [[-0.42435567363553034, -0.21386590579192002, 0.4963159121325736, 0.5621413485893225, 0.20574786372372666, -0.22295957449163348, 0.01151729479068439, -0.7321579062240318, -0.4306311185497851, 0.25709361447860085, -0.17064625257680208], [-0.6376064511719004, 0.09235936246052744, -0.3653457666588294, 0.26099270376901657, -0.7549715768091435, 0.5511306148463748, -0.39291988043623705, 0.24638106380643282, 0.18519578274157011, 0.3333688384266332, -0.05138133266009847], [-0.000530208361335098, -0.6820903648192975, -0.5203918074178625, -0.22359997036888044, 0.08407924149930543, -0.11901304652442384, 0.4289260498475159, 0.15290966341437237, 0.684240056648178, 0.3918472744964847, -0.1035461111687407]], "inverted": false, "swapped": true, "error_lsq": 0.045239463195804026, "error_max": 0.2385618235207154, "target": "901.xyz", "model": "4.xyz", "model_rescale": 3.7855080009869324, "target_rescale": 4.232893870964306},
{"mapping": [14, 13, 8, 10, 9, 12, 11, 7, 8, 5, 4, 3, 2, 0, 1, 16], "R": [[0.4395249224769828, -0.5885273243166279, 0.6785671897861797], [-0.897446977853521, -0.2561840514425313, 0.3591081365383869], [-0.03750685888187055, -0.7668150496170517, -0.6407713439422945]], "T": [0.0616195818831034, -0.015772575484269753, -0.07756791591820282], "aligned_model": [[0.5923721554845107, 0.5681538793407046, 0.01874330015005385, -0.41104990247183826, 0.0663050542070226, 0.6906949004484684, 0.5107654012496863, -0.5861921123732885, 0.01874330015005385, -0.6966573905806048, -0.3470951797800029, -0.23055198326606535, 0.2561543126833159, -0.2887466870654987, 0.20385730483416295, 0.09287324923923443], [-0.3870044486443311, 0.07533274282646082, -0.2445452149389171, -0.5288499938370327, -0.6731437656704123, 0.2087023643663531, 0.610854181310505, 0.15708051236713333, -0.2445452149389171, -0.037425719595804215, 0.5962756044906115, -0.3725632653485044, -0.21331605731366216, 0.3105622168429295, 0.5579153117835516, -0.05197605622700096], [0.11784446981623366, -0.5874605176982574, -0.7417475436284499, -0.28804213146581353, 0.19584602650500066, 0.05258779068391624, -0.27261449731537346, -0.41197977378333117, -0.7417475436284499, 0.20465614223535256, -0.004423860428685519, 0.4418093896542767, 0.6072083240886341, 0.5382429026131974, 0.3954591204774465, -0.05308795565091157]], "inverted": false, "swapped": false, "error_lsq": 0.04554717439173007, "error_max": 0.38235930883078906, "target": "901.xyz", "model": "5.xyz", "model_rescale": 4.2253639853439635, "target_rescale": 4.232893870964306},
{"mapping": [7, 8, 0, 4, 2, 5, 12, 11, 6, 10, 1, 14, 13, 15], "R": [[0.9029261225054274, -0.02340710138107435, -0.42915792536343844], [0.023402986308226844, -0.9943569156632296, 0.10347282012473727], [-0.4291581497876644, -0.10347188931127813, -0.8972830381731194]], "T": [0.13139163593918374, -0.05893170089407022, 0.00850894002387476], "aligned_model": [[0.6176423751236944, -0.019997108252910567, -0.3980253471042469, 0.14776507128200508, -0.36419307565214065, -0.3721683346547176, 0.031249860487999798, 0.6299395167231012, -0.44213465981302874, 0.37071843540452504, -0.7300965101039769, 0.07691575262067951, 0.716634490185242, 0.10981168651155843], [-0.11307293936229787, 0.10371588011454347, -0.5208068363918067, -0.6597316861239038, -0.3524917958651629, 0.07354635678256027, -0.2693367212213055, -0.40877848330582983, 0.5576662077709524, 0.5138717151943313, -0.03976441933188884, 0.49543213647186285, 0.08442311748265066, -0.019573385579715004], [-0.6049752522432846, -0.6332589385834033, 0.34045936208452704, 0.02300620831394497, -0.5844335921242897, 0.36946070354843413, 0.5409882709861323, 0.3537523043827428, 0.04243839901675822, -0.1785905120364062, -0.16939380046680486, 0.49385984942465505, 0.54124787557841, -0.06300266894996727]], "inverted": true, "swapped": true, "error_lsq": 0.04471344723499867, "error_max": 0.2678917310381781, "target": "901.xyz", "model": "6.xyz", "model_rescale": 3.89814844738969, "target_rescale": 4.232893870964306},
{"mapping": [4, 11, 7, 0, 8, 13, 12, 2, 5, 14, 10, 6, 15], "R": [[-0.5447732565362841, -0.1393776142089473, -0.8269195726431166], [-0.6317482646693129, 0.7166829336548219, 0.29539753332624535], [0.5514673417802402, 0.6833296812413028, -0.47848126158136634]], "T": [-0.01810366849934973, 0.0910742262300843, -0.07137197152425225], "aligned_model": [[-0.00606982405197988, -0.27919124318916105, 0.6565822103849097, -0.39900508093287146, 0.5905734622939107, -0.47311858144238894, -0.550281916457004, 0.5145662526687256, -0.4482031715417516, -0.5283111925302423, 0.17609972559703735, -0.1532441502877211, 0.04823531039275962], [-0.31492065504399824, 0.22673707877263352, 0.35874050952330194, -0.5861716331511209, 0.05263035038340019, 0.6450929629883487, -0.09078886138104894, -0.5077024082896545, -0.15155609087826769, 0.47154129340050843, 0.6483688964985945, 0.11358523177955117, 0.09822459086823723], [-0.5146125669033627, -0.706639324702768, -0.36951226541995297, -0.07873576058064521, 0.22741393233881135, -0.4359199713457985, -0.21815417561146339, 0.1313393483095986, 0.3255590074184002, 0.30384194682044446, 0.19713308913174232, 0.7601969708299234, -0.019635199448633914]], "inverted": false, "swapped": true, "error_lsq": 0.04358269662017444, "error_max": 0.2628112432705502, "target": "901.xyz", "model": "7.xyz", "model_rescale": 3.7474275329858107, "target_rescale": 4.232893870964306},
{"mapping": [11, 4, 3, 9, 2, 10, 13, 14, 8, 6, 12, 5, 0, 1, 15], "R": [[-0.20398046597187444, 0.3655918695310787, 0.908148971498987], [-0.7793024458377233, 0.5008189114707445, -0.3766538408467394], [-0.5925197612006197, -0.7845527406401875, 0.18274936317462603]], "T": [-0.04493284632037176, -0.12668818347537958, -0.028416510089919588], "aligned_model": [[-0.5035150298063301, 0.09925711363990197, 0.4757448008323394, -0.39822721661757404, 0.7779599526362114, -0.19831419668459443, -0.832777880829179, -0.5366515039646784, 0.4896798161244664, 0.09401752953813489, -0.3363108122699657, -0.06414857172751792, 0.1361542307257189, 0.587728365539145, 0.011557125202668377], [0.005740695918955263, 0.20680883790559723, -0.2757761818115403, -0.5882541202951757, -0.05725490463802174, -0.6933455255794604, -0.19973503612591337, -0.1031051534845315, -0.5314358328590193, -0.13039024886702547, 0.37603170420438914, 0.30259883250039127, 0.6289061541078633, 0.2292986094634622, -0.18096986846037744], [-0.5405695283602778, -0.5074028090606094, -0.6498089303587293, -0.36561363838849126, -0.06568638221291236, 0.24683045789721286, -0.17275962482471383, 0.5224999933110134, 0.07932131502344737, 0.8028209342287895, -0.042716201056888906, 0.43715053036020535, -0.019103456286295048, 0.46876734905177225, 0.0030646463727380287]], "inverted": true, "swapped": true, "error_lsq": 0.050495836247853414, "error_max": 0.39417041457587065, "target": "901.xyz", "model": "8.xyz", "model_rescale": 4.019505241142653, "target_rescale": 4.232893870964306},
{"mapping": [8, 10, 7, 3, 2, 4, 11, 1, 5, 14, 13, 12, 15], "R": [[-0.23386342460345794, 0.9517260716035034, -0.19880991741587228], [0.4502451482080767, -0.07522272566321259, -0.8897307727952788], [-0.8617349970541001, -0.29758868623312995, -0.4109182019310047]], "T": [-0.0017216443655192933, -0.030496351461225334, 0.04774144204424892], "aligned_model": [[-0.25315230594685817, -0.6278937679449907, -0.13169368513186291, 0.4013299027064953, 0.2502475681300761, 0.5826845350394076, 0.32686476440403134, 0.0751700865605622, 0.009113879125736375, -0.44521890700916106, -0.13176449374498295, 0.3137023364139203, -0.04968914086119705], [-0.5445458184784651, 0.04007747935022627, -0.02193179597423841, -0.2752417956630049, -0.7835125825828753, -0.004631845543672727, 0.5773756113998425, -0.8203523858665833, -0.2080410056916158, 0.22020115893337874, 0.75747371302408, 0.21814896259479002, -0.09164146738780299], [-0.31801061244644124, -0.10495132609718881, -0.7260594536843535, -0.6283577381099829, -0.1821295082179914, -0.090964459891989, -0.06476806853680571, 0.4277331553198054, 0.6558283951411512, 0.5828239848431355, 0.14293918704888886, 0.46787964052026226, 0.01474029815538836]], "inverted": true, "swapped": true, "error_lsq": 0.05183373591299534, "error_max": 0.3633045434605855, "target": "901.xyz", "model": "9.xyz", "model_rescale": 3.877068213659057, "target_rescale": 4.232893870964306},
{"mapping": [10, 14, 9, 8, 11, 6, 13, 7, 2, 1, 4, 0, 12, 5, 3, 15], "R": [[0.535302353392167, 0.43072646029847517, 0.7265852371549766], [0.09154129690244706, -0.8847268412104918, 0.45703239207207547], [0.8396854062172485, -0.17813796013329497, -0.5130256189951172]], "T": [0.07837407463327759, 0.02670273866938911, -0.049256715348349266], "aligned_model": [[0.6440300360147915, 0.6280061989654021, 0.15696329831342198, -0.38785858970934206, 0.17053528818235328, 0.6160688199281631, 0.5213131452171804, -0.6583573337857428, -0.0393658963217233, -0.733702329159041, -0.31195451171462096, -0.2734868697835223, 0.26986909322707614, -0.30702587533580483, 0.12071494389727387, 0.042620184314049486], [-0.39718637938138557, -0.05647449474177512, -0.36920213803625346, -0.5330317059166716, -0.6710727984651613, 0.18483034505767676, 0.5426346422349296, 0.11368854249733673, 0.17798018628032397, 0.04443820354808215, 0.5693451056699012, -0.44884653538848374, -0.15637408868866293, 0.2338273634039802, 0.5555221638922766, -0.026725214493150302], [-0.10894028437341469, -0.5974424707112611, -0.5714907303470808, -0.3035152256326937, 0.17271374835674677, 0.20800695504649439, -0.41703075820235136, -0.3897664379674554, -0.6845580541107836, 0.25590550035455545, -0.15543362414072104, 0.4834841216173728, 0.6493187987170957, 0.5984791186417993, 0.2990514944675106, 0.013768190758972516]], "inverted": false, "swapped": false, "error_lsq": 0.03890584438102612, "error_max": 0.23124637645429502, "target": "901.xyz", "model": "10.xyz", "model_rescale": 4.260839863003843, "target_rescale": 4.232893870964306},
{"mapping": [1, 4, 11, 12, 13, 14, 6, 8, 7, 9, 10, 15], "R": [[-0.010048718890768804, 0.09292832783520563, 0.9956220915258998], [-0.13027139348026714, -0.9873084147103757, 0.09083753785079443], [0.991427449332206, -0.1287882763602248, 0.02202708747879839]], "T": [0.035596073347639534, -0.05946799253241374, -0.10015880382035267], "aligned_model": [[0.5734550098302633, 0.009151045289254152, -0.49691821044002854, -0.4011898590133292, -0.6983109082117329, -0.37092442804915915, 0.26301291538156835, 0.6804023151140683, 0.3731120565551423, -0.1873529741612983, 0.10472917831113987, 0.10973250848824181], [0.06085881441060067, -0.654186849940679, -0.4452714871585908, -0.2132317807176739, 0.044835535499290556, 0.5327222665284969, 0.6289474685190923, 0.0723193688057075, -0.22484585030780935, -0.06613437336740943, 0.460237863129323, -0.02317246986741444], [-0.7860216323116912, -0.18411726711600052, 0.1400909460820409, -0.4514530286603158, 0.21188589219646006, -0.2730870268380119, -0.5298590877642207, 0.06745921268947228, 0.5886568714216811, 0.5337269990102963, 0.281303793002889, -0.0824075943170949]], "inverted": true, "swapped": true, "error_lsq": 0.0440290254933502, "error_max": 0.27008652005720407, "target": "901.xyz", "model": "11.xyz", "model_rescale": 3.890672605050136, "target_rescale": 4.232893870964306},
{"mapping": [5, 0, 2, 6, 8, 9, 12, 10, 14, 11, 3, 4, 7, 15], "R": [[0.3977304146535344, 0.32989925006979914, -0.8561407606596662], [-0.12810515611558754, -0.9040133670414133, -0.407858923142608], [-0.9085150445843638, 0.2718939444228779, -0.31729181639311227]], "T": [0.050129001536910245, -0.05324291859843179, 0.09246123530502368], "aligned_model": [[0.2627063373225481, 0.05554145170433984, 0.6208422520289588, 0.6944261341166307, 0.5867558137769655, -0.34807079215409575, -0.2635748069367594, 0.21681621504988874, 0.04165393443839943, -0.6452368989834023, 0.0564072846556718, -0.21452388454853372, 0.024172489096640493, 0.12196030522644144], [-0.3114942042968715, 0.21291485926170906, 0.5423389523162309, -0.5509116046598731, 0.15027197090987526, -0.1440031932778044, -0.13950478213938308, -0.4652646920798974, -0.7718274066888938, 0.027657324475606412, 0.7099511236377098, 0.4508899041409239, 0.2694486213794557, -0.04831435315102254], [-0.44561534389832325, -0.6375612356503865, 0.03832065068165452, -0.1254462793435355, 0.45557575115587323, 0.6260916563769497, -0.3891835478277227, 0.5645213018374405, -0.07905231521511055, 0.1000214136073235, 0.40383949484835524, -0.10053573189514342, 0.8072551487588826, 0.13655947192060391]], "inverted": false, "swapped": true, "error_lsq": 0.05065929079808573, "error_max": 0.30191602771088666, "target": "901.xyz", "model": "12.xyz", "model_rescale": 4.124412569039231, "target_rescale": 4.232893870964306},
{"mapping": [9, 14, 6, 11, 10, 7, 12, 3, 5, 4, 8, 1, 15], "R": [[-0.07461254210337703, -0.42048918086378406, 0.9042244286333874], [-0.9351853592744173, -0.2852994556153068, -0.2098393776782354], [0.3462099252760546, -0.8612740965581827, -0.3719484080329355]], "T": [0.04780472907774404, 0.11163909478874101, -0.009981669049020746], "aligned_model": [[-0.14768145159459223, -0.0023623615634758427, 0.592815549065609, -0.6067732592396721, 0.370926956999147, 0.2549430248430064, -0.4066730302813978, 0.14160653726381406, 0.07414299913768432, -0.27652593397955666, 0.6704231859926743, 0.5723462469287008, 0.13010984393781622], [-0.4078871323035361, 0.58597087250704, 0.7094948657685859, -0.13134885381680433, -0.045616144675926285, -0.6447529381550411, 0.46567953613118873, -0.5012855687518829, 0.743425678715161, -0.035873370368464164, -0.13347118966913277, 0.6502025430116686, 0.09294707811562077], [0.3687525147504385, 0.5542390492534642, 0.22625610159558612, 0.04120676005971248, 0.5296942437636065, 0.01645179740319637, -0.08704150173357601, -0.5531074013288787, -0.049494492823426536, -0.4942218739566927, -0.1261969995779584, -0.4671295705188888, -0.007710545918744026]], "inverted": true, "swapped": true, "error_lsq": 0.03929394652066613, "error_max": 0.20363703975833322, "target": "901.xyz", "model": "13.xyz", "model_rescale": 3.9028299243045295, "target_rescale": 4.232893870964306},
{"mapping": [2, 0, 8, 12, 1, 3, 4, 13, 5, 14, 10, 11, 6, 9, 7, 15], "R": [[-0.4763103351289518, -0.6385421274426188, -0.6044769773369374], [-0.2700034134216115, -0.548037779150956, 0.7916771749671494], [-0.8367954477589037, 0.5402948677382959, 0.0886275042277136]], "T": [0.08268234601819732, -0.056046935752947655, -0.06451896706365938], "aligned_model": [[0.5735345913814549, 0.7572786047661036, 0.2192675410721674, -0.3711581159594173, 0.09067381031361799, 0.6451132463430277, 0.30943880220074643, -0.6070831643538741, -0.07941055497345789, -0.7403050543019423, -0.29061193041170286, -0.41601674784371867, 0.3626335088202507, -0.16748837530329166, 0.11136963840380706, 0.06113380209614386], [-0.5981789787168464, 0.031975933176264584, -0.4204776366793925, -0.527158725449532, -0.5607480471802284, 0.1708076757959356, 0.5077954480254362, 0.0229490951503057, 0.04618056142950179, 0.12259513935410633, 0.5883892188914587, -0.39557177269163124, -0.1112313951024518, 0.18009547875769172, 0.7026791530534813, 0.0032520496588639564], [-0.1499981503156192, -0.5382153587255841, -0.7316335811083173, -0.3018432297122827, 0.3446407576958635, 0.08004213703062031, -0.3645632133296894, -0.45263559850055357, -0.5392581206238797, 0.2071966944258778, -0.09109015109415276, 0.3619535258605508, 0.537967783115395, 0.6301009482326367, 0.4295859987657197, 0.03029990075820116]], "inverted": false, "swapped": false, "error_lsq": 0.0439408026166281, "error_max": 0.31823519208324746, "target": "901.xyz", "model": "14.xyz", "model_rescale": 3.942246331269136, "target_rescale": 4.232893870964306},
{"mapping": [9, 11, 3, 12, 5, 4, 8, 7, 10, 2, 1, 6, 13, 14, 15], "R": [[0.9030877360432442, -0.35830762110862246, -0.2367449886772005], [-0.23001760164606364, 0.06196742428303701, -0.9712115841878737], [0.36266298948373643, 0.9315447852804535, -0.026455038754712737]], "T": [-0.06368580677212347, -0.04005244794473245, -0.04883137704412733], "aligned_model": [[-0.7177455847237575, -0.3539112422642275, -0.09071284485388596, 0.17676029528303083, 0.4053936264300953, 0.13520033074034216, -0.06959741881045965, -0.5792600517138106, -0.5131490907896118, 0.41667248093082965, 0.7022166436209069, 0.2541331632665015, -0.5823155836476618, -0.14191139613454393, -0.0674792908015379], [-0.09145773309092481, -0.534909887760531, 0.4130411315283279, -0.5676773215403215, -0.26116050138276137, -0.1580553092614534, 0.6371343216654819, 0.44115018685778246, 0.18650745510899452, 0.5851433138969695, 0.31351227709769885, 0.14962550852600817, -0.6510041256733992, -0.4036454457835268, 0.03994081969330554], [-0.19417659703341408, -0.4501056623954292, -0.7368987653955241, -0.08921145184784757, 0.31515347070825334, -0.6037714742180542, 0.0023734019915227153, -0.39286790335197747, 0.35987468118675314, -0.29732434870133767, 0.20129662462118303, 0.708327771477209, 0.01922578916363723, 0.5895519563771635, -0.02208501222162183]], "inverted": false, "swapped": true, "error_lsq": 0.04713415987199892, "error_max": 0.33760085993016237, "target": "901.xyz", "model": "15.xyz", "model_rescale": 4.355366556412066, "target_rescale": 4.232893870964306},
{"mapping": [14, 12, 13, 8, 10, 6, 7, 2, 11, 0, 4, 15], "R": [[0.09283293124516157, -0.7364997463800339, 0.6700374395946667], [-0.25553996145019653, -0.6680266005885522, -0.6988846750416944], [0.9623312189565831, -0.1063418284977668, -0.2502199842804094]], "T": [-0.031991234419706666, 0.017516716175274623, -0.05557623505820286], "aligned_model": [[-0.21362550865167945, 0.4192355469177057, 0.26283170567410397, -0.5534678187662548, -0.5534875127231864, -0.6154342427810584, -0.24431267639541296, -0.22335744900722018, 0.5372162372050879, 0.4280549297637355, 0.4622021696690828, -0.1080468262731227], [-0.6938350658065413, -0.27981651380685707, -0.5454595989171047, 0.45224662277256344, -0.18764601888807303, -0.3224738770519048, 0.5023889666334904, 0.7094185836159771, -0.09800786607334244, 0.06555611976324796, 0.3564898307318064, 0.05391524476771827], [0.02712820251377794, 0.15848036452168524, -0.5485343250548288, -0.03794450864617824, -0.38167002408686473, 0.44868287848181976, -0.63484509770748, 0.3543180926645456, -0.44646326013657156, 0.5688049049157067, -0.007524290373864324, -0.05117447588232652]], "inverted": false, "swapped": true, "error_lsq": 0.04481716170139514, "error_max": 0.2570604079583722, "target": "901.xyz", "model": "16.xyz", "model_rescale": 3.795458400668931, "target_rescale": 4.232893870964306},
{"mapping": [4, 11, 7, 0, 8, 13, 12, 2, 5, 14, 10, 6, 15], "R": [[-0.5447732565362841, -0.1393776142089473, -0.8269195726431166], [-0.6317482646693129, 0.7166829336548219, 0.29539753332624535], [0.5514673417802402, 0.6833296812413028, -0.47848126158136634]], "T": [-0.01810366849934973, 0.0910742262300843, -0.07137197152425225], "aligned_model": [[-0.00606982405197988, -0.27919124318916105, 0.6565822103849097, -0.39900508093287146, 0.5905734622939107, -0.47311858144238894, -0.550281916457004, 0.5145662526687256, -0.4482031715417516, -0.5283111925302423, 0.17609972559703735, -0.1532441502877211, 0.04823531039275962], [-0.31492065504399824, 0.22673707877263352, 0.35874050952330194, -0.5861716331511209, 0.05263035038340019, 0.6450929629883487, -0.09078886138104894, -0.5077024082896545, -0.15155609087826769, 0.47154129340050843, 0.6483688964985945, 0.11358523177955117, 0.09822459086823723], [-0.5146125669033627, -0.706639324702768, -0.36951226541995297, -0.07873576058064521, 0.22741393233881135, -0.4359199713457985, -0.21815417561146339, 0.1313393483095986, 0.3255590074184002, 0.30384194682044446, 0.19713308913174232, 0.7601969708299234, -0.019635199448633914]], "inverted": false, "swapped": true, "error_lsq": 0.04358269662017444, "error_max": 0.2628112432705502, "target": "901.xyz", "model": "17.xyz", "model_rescale": 3.7474275329858107, "target_rescale": 4.232893870964306},
{"mapping": [7, 8, 10, 2, 11, 12, 9, 6, 4, 14, 0, 1, 5, 15], "R": [[0.7849033997655127, -0.6146897971505052, -0.0779942710435235], [-0.5165694600624788, -0.7186735332687032, 0.46547217479655767], [-0.3421734150504665, -0.3250612340131456, -0.8816192762040496]], "T": [0.09142936842082841, -0.12384304257315884, 0.04503806529628379], "aligned_model": [[0.5503599168118466, 0.20842871516721978, 0.6665356180860965, -0.34544598658878733, 0.1810041625242761, -0.22333838749161108, 0.6622852914561327, 0.03384800312174384, -0.2725388392030291, 0.2961094688283712, -0.6636488563678006, -0.5122728535660358, -0.2805787774020698, 0.11410017250652327], [-0.4056352794777113, 0.17460549799630856, 0.17349892155012483, 0.04970444787981118, -0.7521932426578696, -0.2815177639994614, -0.4783629145523356, 0.7073330599663262, -0.5872543394576338, 0.26866588147659876, -0.16715313811672483, 0.47159863491531306, 0.25870593791485696, -0.07158746192636974], [-0.525671840168737, -0.5536926078623339, 0.009997612197309408, -0.6349500043751395, 0.3404837008143176, 0.5075235545090997, 0.0439868963208416, 0.1719525010963461, -0.07419278718701229, 0.6365574583317428, 0.22331643051810643, -0.18984793132185662, 0.3866159807281536, -0.017284244939182576]], "inverted": true, "swapped": true, "error_lsq": 0.045478874479321314, "error_max": 0.3397707572700549, "target": "901.xyz", "model": "18.xyz", "model_rescale": 3.922800546911778, "target_rescale": 4.232893870964306},
{"mapping": [11, 13, 12, 4, 6, 9, 14, 2, 10, 0, 5, 1, 3, 8, 15], "R": [[0.9707097627920783, -0.2203785581121231, -0.09568619307177634], [-0.21908920854221703, -0.9754118355420726, 0.023909616993806483], [-0.09860261213828264, -0.0022454863319940916, -0.9951243553800906]], "T": [-0.0052295542084033475, 0.05661209841433726, -0.010236161242867702], "aligned_model": [[-0.27778334179850594, -0.4144408152578086, 0.2999402277570108, 0.12348322486313806, 0.3913913533613491, -0.6593596726610189, 0.06590277229706842, 0.3375559545985517, -0.41653257879217154, 0.6926138972030915, 0.5398247527416853, 0.730440366412596, -0.19963088404578294, -0.10088712366775308, -0.016467296123831306], [0.4274602414145091, -0.06606083755375719, 0.14919182217229782, 0.6382563283427116, -0.6519276929039528, 0.10654945928306306, -0.5738977083455832, 0.3516261555022746, -0.42063753685281535, 0.3476951086835369, -0.22743712906758737, -0.09065315163343748, 0.7179033671130772, -0.017408938541556618, 0.0269520174217982], [-0.5377983177092313, -0.6916817353461839, -0.4961716349382075, -0.09124167167072177, 0.21546235641744763, -0.15577645659597605, -0.3887199350087524, 0.6817373810441496, 0.14289738502227162, -0.1893653433624199, -0.16399276820293768, 0.4494173055680756, 0.4418290601137023, 0.6580521844442337, 0.06801135738787877]], "inverted": false, "swapped": true, "error_lsq": 0.044777436314703115, "error_max": 0.2925853074591361, "target": "901.xyz", "model": "19.xyz", "model_rescale": 3.9282355846067225, "target_rescale": 4.232893870964306},
{"mapping": [6, 5, 0, 14, 10, 12, 13, 4, 9, 7, 2, 8, 3, 15], "R": [[0.05922179917493886, -0.9735236120355424, 0.22078169152299357], [-0.9300798504796515, 0.026515273213941815, 0.3663992522073967], [-0.36255241032743485, -0.22704342557242457, -0.9038844133350826]], "T": [-0.01872716049702005, -0.08719476724661573, -0.005075391453782569], "aligned_model": [[-0.6369914728050815, -0.11517060458679995, 0.4705436966375527, -0.5102132121795558, -0.6056457568229232, 0.25357934331709103, -0.08473808499081292, 0.5795059357373626, -0.1033085736428305, -0.031341981773544525, 0.19059213604038788, -0.2617158098554731, 0.45438777587481843, -0.06696057186551482], [-0.6553709310976816, -0.6126372673277691, -0.6425461833071389, -0.16870850735640244, 0.17008148420804803, -0.22527124634899076, 0.4621054908373062, -0.07798047628249664, 0.5791831693965426, 0.43886193588345884, -0.5445096146745594, -0.19315488836192507, 0.09631371536402844, -0.10348459350758435], [-0.07719812042745657, -0.3456896843752063, -0.2417204811355214, -0.550647900359248, 0.09352870131315837, -0.49966303744856455, -0.588841063765958, 0.05384100555774943, 0.01358900123124358, 0.5770235010018923, 0.6509818808722022, 0.6201987616217165, 0.6444997598964715, 0.06228083326120405]], "inverted": false, "swapped": true, "error_lsq": 0.043119788605865975, "error_max": 0.25966028890356524, "target": "901.xyz", "model": "20.xyz", "model_rescale": 4.067790424073018, "target_rescale": 4.232893870964306},
{"mapping": [14, 11, 5, 6, 0, 4, 1, 13, 12, 9, 7, 8, 10, 3, 15], "R": [[0.6600715272276751, -0.7491806471188596, -0.05508118486281499], [0.5561953687642098, 0.5366910783903798, -0.6345150889785178], [0.5049280054706506, 0.3881894439043114, 0.7709453060578892]], "T": [0.05558800988023392, 0.036505099014620734, 0.029613703050059566], "aligned_model": [[0.36338050231140273, 0.05524545939895299, -0.22171269994488757, 0.15019687548300859, -0.6822132388026766, -0.3896701826805159, -0.45104926700556036, 0.4533931211864029, -0.25025613440288724, 0.5557056782106072, 0.420459711655927, 0.1822070854803266, 0.6696251397057154, -0.16958935752976206, 0.08272126084146175], [-0.1965011513110137, 0.7164686008411482, -0.3255515338146406, -0.7526697251233546, -0.004762012904122717, 0.40521875444644107, -0.6800850468888378, 0.5449432930004016, 0.23005405807100543, 0.46874528086830203, 0.2699694934490826, -0.3507633637866477, -0.16844865831521294, 0.3069643304768805, -0.022687179081583846], [-0.6003261831381188, -0.137075408996289, -0.4101914427777423, -0.2506163106405433, -0.2106952821084852, 0.1946417754517185, 0.09282626503948488, -0.4500864868277835, -0.4251731102233116, 0.15049659043997674, 0.6839048668270933, 0.572963999729669, 0.06621474044235076, 0.775004835800539, 0.08336072460258254]], "inverted": true, "swapped": true, "error_lsq": 0.040844356325593696, "error_max": 0.28471629120918485, "target": "901.xyz", "model": "21.xyz", "model_rescale": 4.186013935880536, "target_rescale": 4.232893870964306},
{"mapping": [2, 3, 0, 6, 10, 1, 8, 7, 12, 11, 9, 14, 15], "R": [[-0.966941973308952, -0.2367040828725699, -0.0948387969390457], [-0.013967313203337883, 0.4205279714666904, -0.9071720561040172], [0.2546136964408432, -0.8758580948792823, -0.4099322666236022]], "T": [0.004051600671173577, 0.06287085447661278, 0.0568483757850925], "aligned_model": [[0.04321364142277172, -0.543792513046647, 0.5221942162997846, 0.6211853295072447, -0.1757407660530016, 0.62692961808087, -0.17441545463913502, -0.7307941345257114, 0.32347342207580104, -0.2980575301658964, -0.5641759533679528, 0.41618483274460405, -0.007630672909506372], [-0.4289395804989142, -0.06562984216411924, 0.3630376313761213, -0.43710436035319133, -0.2880813366025209, -0.40113598605552936, -0.5743152572574609, -0.20735436447860983, 0.5473882087679354, 0.6930861819387938, 0.20302469756960478, 0.13571868083277078, -0.020738013528787097], [-0.6064399572693363, -0.5454932062823231, -0.4383588549248477, 0.33871243231884285, 0.5715274406698012, -0.3565512164941026, -0.09606390845060425, 0.004752447675528931, 0.024513888429947256, 0.09801213810624212, 0.38705479084363265, 0.665693006634761, 0.055520560077804156]], "inverted": true, "swapped": true, "error_lsq": 0.042299297034823456, "error_max": 0.24909572273054098, "target": "901.xyz", "model": "22.xyz", "model_rescale": 4.166573947596378, "target_rescale": 4.232893870964306},
{"mapping": [6, 5, 13, 14, 12, 1, 0, 9, 10, 9, 8, 11, 2, 3, 4, 15], "R": [[0.39683601231012755, -0.5933571565771687, 0.7003202582193762], [0.727986944694595, 0.6681635243594528, 0.15359854514214621], [-0.5590672479121142, 0.448870570938007, 0.6971076121071713]], "T": [0.004509704955460714, -0.016670308689799664, -0.0185551670892872], "aligned_model": [[0.6043902796679923, 0.6444862073537634, 0.17990395599575026, -0.35119838394259, -0.050550467761549235, 0.6905908929765752, 0.48447991841657717, -0.5953119435935617, -0.20647306061242132, -0.5953119435935617, -0.34118748366124113, -0.39051087280291225, 0.36431169441615835, -0.22062068308305713, 0.16869090393771105, 0.07268058853628119], [-0.44825620494151097, -0.057528898008253226, -0.33521109719962094, -0.5657478388565749, -0.6580799008049008, 0.1425036417941319, 0.6205265973365591, -0.0023475465316077707, -0.012558279268824406, -0.0023475465316077707, 0.7111391595920589, -0.4003631436532538, -0.01862581265919113, 0.19079517124760256, 0.6079346114206622, -0.008479715462705022], [0.16306130299543223, -0.5475378069351396, -0.7831346342823982, -0.4634859308927092, 0.10368831025134548, 0.09124154414568805, -0.19280917702461306, 0.00284611086757644, -0.7371723092111876, 0.00284611086757644, -0.08831168565904485, 0.5460968310224282, 0.5500817500849685, 0.4988431659501942, 0.33182568432692283, -0.02552892403225372]], "inverted": true, "swapped": false, "error_lsq": 0.03953742143986707, "error_max": 0.36994266117940133, "target": "901.xyz", "model": "23.xyz", "model_rescale": 4.274766983524099, "target_rescale": 4.232893870964306},
{"mapping": [6, 12, 13, 10, 9, 7, 8, 3, 2, 4, 15], "R": [[0.8836747671476315, -0.3582042103073484, -0.3013447355184237], [0.1056451965489913, -0.4745366778704318, 0.8738730078231158], [-0.45602412036284307, -0.8040551505175397, -0.38149353411756826]], "T": [0.019566132682897475, 0.17759296323229345, -0.08178750699211593], "aligned_model": [[0.34544689069721163, 0.22421401739525987, -0.5393031779611968, -0.41578672783631865, -0.6356998095414808, -0.4606916602473668, 0.058914821583162386, 0.026655859397781118, 0.5421529812247152, 0.21297376091512596, 0.02101774833118233], [-0.29816623133402204, 0.6850481751042874, 0.6695115414429897, -0.22763554969005428, 0.24772735220055164, -0.1399882176417913, -0.4557182946811399, 0.060835337041098086, -0.2524003844872375, 0.5326064837702991, 0.09376631951850278], [-0.6963861739435749, -0.2778521312825226, -0.3860107504910909, -0.33994446416856317, 0.0496265025109926, 0.45134339166825876, 0.1603019987078085, 0.7341649278723195, 0.3929453534682191, 0.3631818986997398, -0.07180411902000898]], "inverted": false, "swapped": true, "error_lsq": 0.051447445359852795, "error_max": 0.2607595075811309, "target": "901.xyz", "model": "24.xyz", "model_rescale": 3.7841303162186577, "target_rescale": 4.232893870964306},
{"mapping": [14, 10, 10, 8, 9, 13, 11, 1, 7, 4, 6, 2, 12, 5, 3, 15], "R": [[-0.03966935504331304, -0.8487038383944088, -0.5273785518629336], [-0.8759907915154301, 0.2834460673189041, -0.3902543530847765], [0.4806937439270639, 0.4464976165849541, -0.7547008698374063]], "T": [-0.03037557287884657, -0.046579557522247246, -0.12882698065180745], "aligned_model": [[0.6644537619395678, 0.4663254030688631, 0.4663254030688631, -0.4625675514968222, 0.18236513756081926, 0.5977232971896025, 0.4300418359274603, -0.7494654372085758, 0.014590349801730157, -0.6003559984306561, -0.26997237428933196, -0.36473790342628926, 0.3081521222494816, -0.1849464440215477, 0.005799904574933845, -0.04536190425818404], [-0.38260805120243285, -0.3321410265958984, -0.3321410265958984, -0.446111004854055, -0.5549029075273877, 0.27371207746919607, 0.5289528108446506, -0.09941058307164141, 0.19550190800517475, 0.2446783680088233, 0.633266098954522, -0.4468247435936555, -0.18729356524911148, 0.06061822035637567, 0.5872502747464877, 0.020806347777813865], [0.05446516108205615, -0.6551328737883841, -0.6551328737883841, -0.18398584077502886, 0.0673603545339822, 0.21014953069416473, -0.34378249184601084, -0.3109122451870099, -0.7306410631937825, 0.25457291262083115, -0.1781190526975613, 0.41596532001402264, 0.5350784900958596, 0.7278848890312004, 0.3671094731306599, -0.12232934745182932]], "inverted": true, "swapped": false, "error_lsq": 0.05024945117009818, "error_max": 0.41007993953420874, "target": "901.xyz", "model": "25.xyz", "model_rescale": 4.19342608120988, "target_rescale": 4.232893870964306},
{"mapping": [14, 12, 13, 8, 10, 6, 7, 2, 11, 0, 4, 15], "R": [[0.09283293124516157, -0.7364997463800339, 0.6700374395946667], [-0.25553996145019653, -0.6680266005885522, -0.6988846750416944], [0.9623312189565831, -0.1063418284977668, -0.2502199842804094]], "T": [-0.031991234419706666, 0.017516716175274623, -0.05557623505820286], "aligned_model": [[-0.21362550865167945, 0.4192355469177057, 0.26283170567410397, -0.5534678187662548, -0.5534875127231864, -0.6154342427810584, -0.24431267639541296, -0.22335744900722018, 0.5372162372050879, 0.4280549297637355, 0.4622021696690828, -0.1080468262731227], [-0.6938350658065413, -0.27981651380685707, -0.5454595989171047, 0.45224662277256344, -0.18764601888807303, -0.3224738770519048, 0.5023889666334904, 0.7094185836159771, -0.09800786607334244, 0.06555611976324796, 0.3564898307318064, 0.05391524476771827], [0.02712820251377794, 0.15848036452168524, -0.5485343250548288, -0.03794450864617824, -0.38167002408686473, 0.44868287848181976, -0.63484509770748, 0.3543180926645456, -0.44646326013657156, 0.5688049049157067, -0.007524290373864324, -0.05117447588232652]], "inverted": false, "swapped": true, "error_lsq": 0.04481716170139514, "error_max": 0.2570604079583722, "target": "901.xyz", "model": "26.xyz", "model_rescale": 3.795458400668931, "target_rescale": 4.232893870964306},
