[{"mapping": [5, 12, 2, 9, 0, 3, 11, 8, 7, 4, 13], "R": [[0.6032501168665679, 0.33512580545516546, -0.7237264614607504], [0.33862599276020866, 0.7139584310648451, 0.6128587078100368], [0.7220953770296799, -0.614779678608078, 0.3172131984059193]], "T": [-0.13998922235158787, 0.13618401108418166, -0.10224643362919783], "aligned_model": [[-0.6950072865025664, -0.36424128659851496, 0.5802052908281768, 0.2261520066704438, 0.21336629288566647, 0.047747419186665835, -0.5594265608967436, -0.07615776388718423, 0.22076040118274706, 0.6117011925008201, -0.10173506682799288], [0.35728249152334257, -0.0320527155050703, 0.404444643354296, -0.31979406453453574, 0.40480987152547876, 0.5869261177686417, -0.3614070106099367, -0.34342240818580766, -0.5142879158480446, -0.16942543757988848, -0.020193039044325345], [0.36194282826210433, -0.6087315997309616, -0.12703235240385796, -0.5435714462100779, -0.7334298154876037, 0.08426579782848559, 0.14981969857987287, 0.5113351494777486, 0.032440105669951175, 0.4026977333015018, -0.07729247535235846]], "inverted": true, "swapped": false, "error_lsq": 0.057306416828123125, "error_max": 0.28876503638720435, "target": "903.xyz", "model": "0.xyz", "model_rescale": 3.8414455957264533, "target_rescale": 3.7632661951773705},
{"mapping": [11, 0, 5, 7, 4, 10, 13, 8, 9, 6, 14], "R": [[0.5556430989974218, -0.8300848603634069, 0.04711550840227202], [-0.15321323622673305, -0.1579268450295606, -0.9754920890832177], [0.8171820181461854, 0.5348067279068882, -0.21493094938620397]], "T": [0.0390109490704401, 0.06777193811919331, -0.1034217326983784], "aligned_model": [[-0.7548774277994242, -0.43290975975437795, 0.5557043571459613, 0.06583547804773424, 0.16163540561429074, 0.2133421695668869, -0.5324793555937809, -0.05969442496656023, 0.14579467550668956, 0.7320030772892334, 0.009010443484865148], [0.3353601037283858, -0.048667131338843525, 0.47471233069493785, -0.4067857999546209, 0.19993678542286064, 0.5045842886470984, -0.3906755106610912, -0.20590040246015745, -0.5991946669539624, -0.02282416623728202, 0.152334701976825], [0.05279357009495686, -0.6412415512186654, -0.061586055052435695, -0.5358918472895869, -0.6165619968004212, 0.3937551939553992, 0.09169815101667003, 0.6311959206687365, -0.0071800396593499904, 0.24526355504095354, -0.0998012768214524]], "inverted": false, "swapped": false, "error_lsq": 0.05112003418238373, "error_max": 0.24141474278128688, "target": "903.xyz", "model": "1.xyz", "model_rescale": 4.316132596720782, "target_rescale": 3.7632661951773705},
{"mapping": [4, 6, 7, 10, 3, 5, 2, 0, 1, 9, 11], "R": [[0.3334099043180452, 0.4003321197872841, 0.8535643089827805], [-0.9299418958656881, 0.2885607679521731, 0.22790514147904117], [-0.15506742409791166, -0.8697510431528506, 0.46849462848379236]], "T": [0.04222221049598444, -0.08180127114522055, -0.06249153803298221], "aligned_model": [[-0.6364524842444681, -0.45468892828479174, 0.7205413969530579, 0.2841007689348178, 0.012858344171778693, 0.1915364224795605, -0.6169635447079611, -0.18540910457733295, 0.1480951180455356, 0.7034414791378812, -0.06369482936655971], [0.27325927351678486, 0.027367196455227935, 0.4281054825966905, -0.3256694321410941, 0.508735326525222, 0.4170716177028345, -0.542087111031472, -0.04732587900897496, -0.5615628138864871, -0.15301006584406357, -0.03200306202051799], [0.025043594799593227, -0.7084462801294173, -0.34593342546734973, -0.5909410451851149, -0.34783571443303285, 0.31775967996522225, 0.17061034415893359, 0.6090064071027339, 0.16819667787396728, 0.2656393681100164, -0.11065598286074735]], "inverted": false, "swapped": false, "error_lsq": 0.04660722155241333, "error_max": 0.21345688639993843, "target": "903.xyz", "model": "2.xyz", "model_rescale": 3.795458400668931, "target_rescale": 3.7632661951773705},
{"mapping": [7, 8, 2, 6, 1, 0, 9, 4, 5, 10, 11], "R": [[0.9516880233911289, -0.30595468673682596, -0.026108155768971616], [0.22201405467130148, 0.6268564303957223, 0.7468338337273839], [-0.21213124631297142, -0.7165491925438923, 0.6644979977414542]], "T": [0.04175889956909251, 0.003824745829194816, -0.06447208577789866], "aligned_model": [[-0.6587257970356368, -0.40052715285076784, 0.7321151585572564, 0.1705128641159631, 0.018921583947719173, 0.08854132919432814, -0.6095647382329246, 0.01946623429676632, 0.12138495679861516, 0.6298465655847729, -0.008606365834573651], [0.24264082884100707, -0.09033323975829602, 0.1767119665295203, -0.16983128262369052, 0.5158147736433376, 0.6653598088061161, -0.5694487312634028, -0.05500642196444963, -0.6634750932109914, -0.14647260342381044, 0.08692052728880988], [0.124182002260096, -0.7017163549685268, -0.3495046383212222, -0.6127077075832843, -0.43000390435698554, 0.3507275155058954, -0.02336634275112677, 0.5734908160390397, 0.14094269308731955, 0.34853437820046657, 0.03186516682313305]], "inverted": true, "swapped": false, "error_lsq": 0.05507290230058996, "error_max": 0.3780023615484543, "target": "903.xyz", "model": "3.xyz", "model_rescale": 3.7530521520055578, "target_rescale": 3.7632661951773705},
{"mapping": [3, 1, 8, 7, 5, 9, 2, 4, 0, 6, 10], "R": [[0.5900912904120468, 0.11177271366382763, -0.7995618359201928], [-0.39864190567842595, -0.8208766521801001, -0.4089573974666112], [-0.702051921168882, 0.5600610523735916, -0.43983487537627886]], "T": [-0.03826673501846723, 0.0596453086342551, -0.03837881788326193], "aligned_model": [[-0.7017780876007021, -0.5254341658933492, 0.8188777724335974, 0.3605676565419193, -0.057966012620389105, 0.04466113441919086, -0.5963307403836025, -0.009760875757688171, 0.22905754505196396, 0.5608397987363222, -0.019369386385744352], [0.42792025805490286, -0.28135743370368177, 0.3643824657146102, -0.051408850924232974, 0.4948538414265771, 0.543542078311229, -0.2724801942155387, -0.3127487446261713, -0.7203836893865109, -0.16504253425465787, -0.034396663532375554], [0.026397965907021273, -0.5592539419029502, -0.15635360541619453, -0.4716789936353853, -0.6108866461588476, 0.19896197846225921, 0.1606518312630537, 0.5942513975630489, -0.020690479875589342, 0.33165128509508657, -0.04060716736669789]], "inverted": true, "swapped": false, "error_lsq": 0.05930251530840089, "error_max": 0.2942834571249516, "target": "903.xyz", "model": "4.xyz", "model_rescale": 3.7855080009869324, "target_rescale": 3.7632661951773705},
{"mapping": [13, 15, 7, 10, 8, 6, 14, 1, 3, 5, 16], "R": [[0.5734081529345914, -0.4627230896632973, 0.6760846340811132], [0.49097185295081186, -0.4665448690918003, -0.7357190528552062], [0.6558580103636663, 0.7538058287228664, -0.04033661891192622]], "T": [-0.04349224556941278, -0.030827721926361303, 0.08431026766980698], "aligned_model": [[-0.5784507600981424, -0.43064900959627994, 0.5864714577079065, 0.321531660457948, -0.10275560601449002, 0.06753872002334843, -0.6026648440940215, -0.04814283110222834, 0.24094667164067096, 0.7268610751951375, -0.07732189557833105], [0.4403912477300875, -0.1015231926168032, 0.33573003785972033, -0.1646785064486662, 0.3733855191142809, 0.6026869662548792, -0.40183882570278334, -0.0773001289631207, -0.66334234809881, -0.27904208934073305, -0.0715881469239012], [-0.04468472930499154, -0.6398650544573403, -0.0893290515227178, -0.5319735870477871, -0.4887598710041574, 0.19570296314454352, -0.0015626877160827835, 0.8399044884178098, 0.04641098728715307, 0.09128404823823415, 0.07531611790014124]], "inverted": true, "swapped": false, "error_lsq": 0.05005553678648111, "error_max": 0.2541015355160196, "target": "903.xyz", "model": "5.xyz", "model_rescale": 4.2253639853439635, "target_rescale": 3.7632661951773705},
{"mapping": [6, 11, 10, 8, 5, 2, 12, 0, 9, 1, 13], "R": [[0.6049377208382392, -0.22411504154690104, 0.7640829811345544], [0.6381610514194285, 0.7103584021392171, -0.2968861953029616], [-0.4762361035854871, 0.6672056569474284, 0.5727440833208706]], "T": [0.018117542614650352, 0.029037495848574055, 0.05680098002111859], "aligned_model": [[-0.5218904480174725, -0.4977876764394691, 0.6244667361760583, 0.3767237036116161, 0.014016756704360846, 0.08897040180842775, -0.7649311332495189, -0.03737888499296257, 0.1400618070386161, 0.6883692046062833, -0.007255828704420708], [0.37665634783484764, -0.05062565007741361, 0.4031602818564931, -0.27881162332104203, 0.4003306164296437, 0.6961755648659856, -0.47301337308618996, -0.4181876792557973, -0.5689590367346584, -0.1596374638950805, 0.06579254824736207], [0.021157300072051778, -0.5203033233306105, -0.26082343787876894, -0.5110858191917184, -0.4559034851581641, 0.047953310891968574, -0.021451564335288102, 0.7201051625816216, 0.04556839893251286, 0.2889006377577274, 0.09832644359347216]], "inverted": true, "swapped": false, "error_lsq": 0.048163530967493436, "error_max": 0.26217383080921336, "target": "903.xyz", "model": "6.xyz", "model_rescale": 3.89814844738969, "target_rescale": 3.7632661951773705},
{"mapping": [11, 7, 2, 0, 4, 10, 8, 9, 6, 5, 12], "R": [[-0.08209341555845234, -0.45205199451506184, 0.8882058688034558], [-0.7816549009934082, -0.5236860207395954, -0.3387750986051266], [0.6182849560477213, -0.7220816753919757, -0.3103574828938155]], "T": [-0.0007544208037001312, -0.056503959417732175, -0.18115671052310844], "aligned_model": [[-0.6719198763874449, -0.39908615990908547, 0.5396017931774973, 0.32441710356562514, -0.051942937640989055, 0.20610435595280263, -0.5213115481091244, -0.03851235407783259, 0.13469739535736716, 0.5325822129011527, 0.04873465371154932], [0.2989412881178239, -0.08797342873450577, 0.3955232107129795, -0.32567770759753367, 0.5218618441482548, 0.4837916705048429, -0.3901411028783894, -0.11390167010890596, -0.6729159325933183, -0.21262767181310877, 0.09600003310601082], [0.09908599938824952, -0.7023248001718856, -0.25350616799511205, -0.5968721907478348, -0.46110049308264783, 0.2707213060007066, 0.09342170456021703, 0.7094754920818123, 0.06187607708429915, 0.36083408792377414, -0.1291673911067739]], "inverted": true, "swapped": false, "error_lsq": 0.04732127299323727, "error_max": 0.2445512801926323, "target": "903.xyz", "model": "7.xyz", "model_rescale": 3.7474275329858107, "target_rescale": 3.7632661951773705},
{"mapping": [11, 6, 1, 3, 0, 12, 9, 4, 8, 2, 14], "R": [[0.40219703757173075, -0.11434418750677733, -0.9083848026865812], [-0.1853922738092576, 0.9614452601601764, -0.20310764763386943], [0.896586441889658, 0.2500968182503443, 0.36549190650505137]], "T": [-0.08690061416115853, 0.09360784726011376, -0.034329418344762205], "aligned_model": [[-0.6441865743580308, -0.2569346213433978, 0.5872483144666866, 0.21453130423037015, 0.19182664075940864, -0.15694924165858337, -0.6854895638291709, 0.2048589478274665, 0.015681029260061333, 0.6774138227297954, -0.0446354195430876], [0.25949424033169544, -0.02628351217529354, 0.4187509166994102, -0.34569490167231076, 0.3178189651531744, 0.6448317296446988, -0.33351066323709533, -0.26995358120860524, -0.5534047081659206, -0.21363067441137437, 0.0944627219057708], [0.1856569874875479, -0.8240462009523148, -0.1022044982738055, -0.5142111020333879, -0.5877313785911557, 0.23379003278466925, 0.16467180631074074, 0.594101398502658, 0.1555707538789594, 0.13892596601898194, 0.007919858801910915]], "inverted": false, "swapped": false, "error_lsq": 0.056133779492267034, "error_max": 0.30437273380756646, "target": "903.xyz", "model": "8.xyz", "model_rescale": 4.019505241142653, "target_rescale": 3.7632661951773705},
{"mapping": [7, 8, 10, 11, 9, 1, 4, 2, 5, 6, 12], "R": [[-0.07219141528157333, -0.9904459354432541, 0.11749573832093257], [0.9781353360809971, -0.0933408750266305, -0.1858460259434629], [0.1950375960407602, 0.1015102458533157, 0.9755285778066377]], "T": [0.020265229399095714, -0.006737755574458357, 0.046728468865320845], "aligned_model": [[-0.8309431578368196, -0.3507600729158662, 0.7711944368761177, 0.21131068463319994, -0.002108821424597517, 0.0936403481548223, -0.7089118714863768, 0.13650069898716527, 0.05800324401199461, 0.7038414116449845, 0.021597737896893877], [0.2440178170547598, -0.06433827287813731, 0.5083029383938417, -0.2528668741497952, 0.3760402594517602, 0.6379646553254247, -0.3945701658655146, -0.10347204233294499, -0.6765681634815203, -0.23913541698523844, -0.042494201668485526], [-0.13257550312169636, -0.5146620697390821, -0.048235561864067585, -0.4919473288244503, -0.5192401296388449, 0.23455869938750845, 0.12076527265376438, 0.6186584956969483, 0.02604547976574382, 0.1290495961889502, 0.03002667343003044]], "inverted": true, "swapped": false, "error_lsq": 0.046215577561711345, "error_max": 0.26833253366319826, "target": "903.xyz", "model": "9.xyz", "model_rescale": 3.877068213659057, "target_rescale": 3.7632661951773705},
{"mapping": [0, 12, 14, 6, 10, 9, 5, 4, 3, 13, 15], "R": [[-0.18579520119082968, 0.03570618172938028, 0.9819395153474411], [-0.5454391282409525, 0.8274835191911276, -0.133293596435899], [-0.8172981711702338, -0.5603535438037089, -0.13426691829492515]], "T": [-0.016979541620515133, 0.07495915041671818, 0.07146013202659476], "aligned_model": [[-0.7836159186507355, -0.4350612921378389, 0.6608283425484974, 0.21334625475179259, 0.20916133545065663, 0.2219260631238651, -0.6081340886626194, 0.02523549403062015, -0.010726479739944748, 0.7132510553092997, -0.10284612748207489], [0.20113108730427465, -0.15207160586843294, 0.4216492801617504, -0.2139138091662402, 0.44599627024722144, 0.6865894874950002, -0.43499437598634005, -0.31279161871262645, -0.5592280672241027, -0.17679511459421782, 0.08730899920786374], [-0.10207759698300739, -0.5046126943577892, -0.10146751970754633, -0.4223080482686654, -0.4892559626998221, 0.1383760993803003, 0.10991978183076433, 0.6245947553774983, 0.04846415571905702, 0.10342200493793557, 0.04738864870607937]], "inverted": false, "swapped": false, "error_lsq": 0.047455475336347426, "error_max": 0.23053241662831228, "target": "903.xyz", "model": "10.xyz", "model_rescale": 4.260839863003843, "target_rescale": 3.7632661951773705},
{"mapping": [7, 6, 9, 5, 10, 8, 0, 1, 3, 2, 11], "R": [[0.8475185385287032, 0.2164711061111973, -0.48461591706130186], [-0.46677493123063646, -0.1306423538062698, -0.8746735042097668], [-0.25265290503931753, 0.9675085713372015, -0.009678531099365603]], "T": [0.08728937728081111, 0.0320322102621877, -0.06820767330058594], "aligned_model": [[-0.5059534886329776, -0.506807750609386, 0.6593101146349428, 0.14378950755690206, 0.00978377322593156, 0.211159307867343, -0.6737663305579767, -0.06794102081054455, 0.19025171336007246, 0.6030276640470728, 0.04051114846013807], [0.2783503593754495, -0.16323265839473103, 0.5703466376916114, -0.39853078468932573, 0.4548947682366432, 0.6114418025746293, -0.40069360846539703, -0.1934497854758748, -0.6545530386275685, -0.13687509926973215, 0.025181939908445923], [0.06216065391909242, -0.6269344118367357, -0.20511316776804175, -0.5859278147912041, -0.5248409292572556, 0.337445099020227, -0.008400944351649418, 0.6013608715457736, 0.0795506590155978, 0.35112687868808434, -0.02798327024908387]], "inverted": true, "swapped": false, "error_lsq": 0.03774953826831946, "error_max": 0.21539011208763212, "target": "903.xyz", "model": "11.xyz", "model_rescale": 3.890672605050136, "target_rescale": 3.7632661951773705},
{"mapping": [11, 6, 3, 8, 0, 4, 9, 12, 5, 7, 13], "R": [[0.5797518585977657, -0.7352247511763996, 0.35118705515727355], [0.8005072405537808, 0.4336072198654696, -0.41373051217128076], [0.1519076702257276, 0.5209888138320629, 0.8399373283694755]], "T": [-0.16603392754746732, 0.08756938861568166, -0.10918454456756274], "aligned_model": [[-0.6737447105696563, -0.4556971214510341, 0.7003923645725136, 0.30709742998441725, 0.11646449583167068, 0.14078256256195804, -0.6008030253109135, 0.0065266386374125684, 0.062029065638822545, 0.544010338717462, -0.04369340007113451], [0.23080765318471935, -0.09041734377378628, 0.377125360798925, -0.20152617550579316, 0.46947277058931336, 0.6239145768236393, -0.5265596325114886, -0.15138002021960328, -0.62534742531303, -0.2074234816203644, 0.09421425041161888], [0.04725945263750142, -0.5744525330779073, -0.2452947032563019, -0.5693600753853749, -0.4599536814262942, 0.2213521770054647, 0.08991792417841782, 0.5751093818706999, 0.10226064783866082, 0.2592995347772562, 0.006305498772682008]], "inverted": false, "swapped": false, "error_lsq": 0.036899734143965364, "error_max": 0.18767823530621663, "target": "903.xyz", "model": "12.xyz", "model_rescale": 4.124412569039231, "target_rescale": 3.7632661951773705},
{"mapping": [9, 6, 2, 1, 8, 10, 3, 5, 0, 4, 12], "R": [[-0.7191597288938277, -0.1788088721524717, -0.6714437218240389], [-0.5717262010956339, -0.3969003840882931, 0.718052390909828], [-0.39489040925060614, 0.900276331106248, 0.1832050554208654]], "T": [-0.10199573787031907, -0.015386115844055172, 0.036855239221281845], "aligned_model": [[-0.6300234593021008, -0.3839547346770905, 0.5980013102275297, 0.30107867388627885, -0.0562041532072385, 0.20847088366765582, -0.6426621247863993, 0.06408667071613491, 0.016854755676457778, 0.6462770193655436, -0.018560203025253574], [0.32702988646755976, -0.10006030295741972, 0.38589425550227113, -0.2784937563052084, 0.4279774811159029, 0.5721990624409191, -0.47139230028716866, -0.21704230734645227, -0.5711261787225161, -0.1517939244230249, 0.0696886173792872], [-0.0753021446679881, -0.5639294318052762, -0.2654256068066684, -0.619779885506881, -0.5254862696176213, 0.35773497910543517, -0.055294603831604, 0.7478385674780583, 0.1543070850541901, 0.23624692983764026, 0.061534004695520145]], "inverted": true, "swapped": false, "error_lsq": 0.04490161903667393, "error_max": 0.19877625663388507, "target": "903.xyz", "model": "13.xyz", "model_rescale": 3.9028299243045295, "target_rescale": 3.7632661951773705},
{"mapping": [9, 14, 4, 13, 10, 3, 11, 1, 12, 8, 15], "R": [[0.564847412581537, -0.7699658647777025, -0.2968163869752947], [-0.7148488026651266, -0.6362541721356618, 0.2901237973145234], [-0.4122360850631322, 0.048303162599239474, -0.9097956994043958]], "T": [0.12309555168947198, 0.08003130133167792, 0.09845966207124701], "aligned_model": [[-0.6049004001145117, -0.450225839409784, 0.5082317765419115, 0.20362909627801817, 0.019549601248907186, 0.22476181395365127, -0.4793153166219094, -0.2654636636810743, 0.14154095893234508, 0.7758368421312216, 0.029719769282742753], [0.31382715745380574, -0.17629893336037505, 0.5604874660689668, -0.36188175602600425, 0.3564004990535092, 0.6168884305279321, -0.34735856229832784, -0.19010444367189122, -0.6091808051347474, -0.30992128418597004, 0.1400227644372521], [-0.028846458287498628, -0.5249567686343318, -0.18472797176020184, -0.5579537364270046, -0.5858289500997621, 0.3986893061548029, 0.08126261160964615, 0.5437092226154414, 0.004190217325647866, 0.23400651138234224, 0.0728996400557231]], "inverted": false, "swapped": false, "error_lsq": 0.04703402423512814, "error_max": 0.2542078913154179, "target": "903.xyz", "model": "14.xyz", "model_rescale": 3.942246331269136, "target_rescale": 3.7632661951773705},
{"mapping": [5, 10, 13, 11, 4, 12, 9, 0, 6, 8, 14], "R": [[0.5643084121442298, 0.09325895991729836, -0.8202796976509915], [-0.06902605995949039, 0.9954498849217873, 0.06568812416007586], [0.822673336768445, 0.019552314552104565, 0.5681780424883812]], "T": [-0.08307279961544685, 0.04711075706414747, -0.01863210183888569], "aligned_model": [[-0.6330944282244939, -0.35101685186665516, 0.5751466620147542, 0.422673938446181, -0.05094393280519609, 0.3136972560107465, -0.6459020885765493, 0.014294038344163915, 0.03764225924388222, 0.5004349342386961, -0.07956714828401101], [0.24372272809127055, -0.15452305895676702, 0.45011682380787743, -0.22197982349346784, 0.3272747588106927, 0.7095092845726113, -0.5232172379530992, -0.06186503358282461, -0.4927717423977164, -0.35130190875567324, 0.06791574272124644], [0.22956036198746732, -0.6483545050795578, -0.27409853212731505, -0.44981828094454634, -0.5325774734159199, 0.24946857304977438, -0.09680802984430883, 0.702035268580278, -0.10075487990819079, 0.2970053460891729, 0.07678577554795112]], "inverted": true, "swapped": false, "error_lsq": 0.05466707227349075, "error_max": 0.2591282033628912, "target": "903.xyz", "model": "15.xyz", "model_rescale": 4.355366556412066, "target_rescale": 3.7632661951773705},
{"mapping": [4, 6, 7, 10, 3, 5, 2, 0, 1, 9, 11], "R": [[0.3334099043180452, 0.4003321197872841, 0.8535643089827805], [-0.9299418958656881, 0.2885607679521731, 0.22790514147904117], [-0.15506742409791166, -0.8697510431528506, 0.46849462848379236]], "T": [0.04222221049598444, -0.08180127114522055, -0.06249153803298221], "aligned_model": [[-0.6364524842444681, -0.45468892828479174, 0.7205413969530579, 0.2841007689348178, 0.012858344171778693, 0.1915364224795605, -0.6169635447079611, -0.18540910457733295, 0.1480951180455356, 0.7034414791378812, -0.06369482936655971], [0.27325927351678486, 0.027367196455227935, 0.4281054825966905, -0.3256694321410941, 0.508735326525222, 0.4170716177028345, -0.542087111031472, -0.04732587900897496, -0.5615628138864871, -0.15301006584406357, -0.03200306202051799], [0.025043594799593227, -0.7084462801294173, -0.34593342546734973, -0.5909410451851149, -0.34783571443303285, 0.31775967996522225, 0.17061034415893359, 0.6090064071027339, 0.16819667787396728, 0.2656393681100164, -0.11065598286074735]], "inverted": false, "swapped": false, "error_lsq": 0.04660722155241333, "error_max": 0.21345688639993843, "target": "903.xyz", "model": "16.xyz", "model_rescale": 3.795458400668931, "target_rescale": 3.7632661951773705},
{"mapping": [11, 7, 2, 0, 4, 10, 8, 9, 6, 5, 12], "R": [[-0.08209341555845234, -0.45205199451506184, 0.8882058688034558], [-0.7816549009934082, -0.5236860207395954, -0.3387750986051266], [0.6182849560477213, -0.7220816753919757, -0.3103574828938155]], "T": [-0.0007544208037001312, -0.056503959417732175, -0.18115671052310844], "aligned_model": [[-0.6719198763874449, -0.39908615990908547, 0.5396017931774973, 0.32441710356562514, -0.051942937640989055, 0.20610435595280263, -0.5213115481091244, -0.03851235407783259, 0.13469739535736716, 0.5325822129011527, 0.04873465371154932], [0.2989412881178239, -0.08797342873450577, 0.3955232107129795, -0.32567770759753367, 0.5218618441482548, 0.4837916705048429, -0.3901411028783894, -0.11390167010890596, -0.6729159325933183, -0.21262767181310877, 0.09600003310601082], [0.09908599938824952, -0.7023248001718856, -0.25350616799511205, -0.5968721907478348, -0.46110049308264783, 0.2707213060007066, 0.09342170456021703, 0.7094754920818123, 0.06187607708429915, 0.36083408792377414, -0.1291673911067739]], "inverted": true, "swapped": false, "error_lsq": 0.04732127299323727, "error_max": 0.2445512801926323, "target": "903.xyz", "model": "17.xyz", "model_rescale": 3.7474275329858107, "target_rescale": 3.7632661951773705},
{"mapping": [8, 4, 12, 9, 5, 10, 0, 1, 2, 7, 13], "R": [[0.061980208103956776, -0.8655901657568124, -0.4969025243933512], [0.9644328114812595, 0.18011668281295623, -0.19346145019308272], [0.25695876311529814, -0.4672383176897542, 0.8459672266351133]], "T": [0.04020288357186862, 0.024535663071758737, 0.06037571980040835], "aligned_model": [[-0.6004743537767057, -0.4563492205746533, 0.648515100946707, 0.33152197951478746, 0.037749844795273754, 0.021430788177475513, -0.635285225944472, -0.032819263183408956, 0.05743016535021678, 0.7327223633864899, -0.001077540150191826], [0.3437744576243707, -0.026590241273833602, 0.3406674344809906, -0.18152287165587982, 0.5093483618674036, 0.7131244211335778, -0.46627248575992913, -0.2836403151822785, -0.6843228201353114, -0.1992067472684243, -0.07247866096653591], [-0.006510159237650852, -0.6029853973847287, -0.2383781464702538, -0.5056607016964546, -0.476439487098146, 0.1043359423753912, 0.10471042091952382, 0.6753665728381545, 0.09286564681762477, 0.2547346298836587, 0.05040430298768547]], "inverted": true, "swapped": false, "error_lsq": 0.04384516348724446, "error_max": 0.22819466628949117, "target": "903.xyz", "model": "18.xyz", "model_rescale": 3.922800546911778, "target_rescale": 3.7632661951773705},
{"mapping": [7, 13, 5, 8, 12, 3, 11, 2, 6, 1, 14], "R": [[-0.7639883616062918, -0.12205965556014521, -0.6335796901848048], [-0.280032469630668, 0.9473686029774775, 0.15515974363555846], [0.5812947611003245, 0.29596312367766686, -0.7579592536147804]], "T": [0.031867848894251774, -0.08033669346996326, -0.009448113106760449], "aligned_model": [[-0.6174720215292039, -0.4028535119236302, 0.6000400563781315, 0.32188549668519906, -0.0597248588467411, -0.041851382576732696, -0.6525986611768292, 0.04317723441377032, 0.28390311800535206, 0.6732083708515122, -0.04434920173930988], [0.38500065012678886, -0.13276245135354633, 0.3654852644401288, -0.27300852489154065, 0.5602997467503432, 0.5133587198245111, -0.2766561666415152, -0.10955761078524666, -0.7223974574280984, -0.29328169605577403, -0.02359994112190053], [-0.003979256606194949, -0.5386764430166078, -0.2563425129497349, -0.5125961861111994, -0.45644897654780586, 0.2169154765659961, 0.0049697166038487825, 0.7061964904348373, -0.0074555211507638455, 0.2927435226232242, 0.007117314089204879]], "inverted": false, "swapped": false, "error_lsq": 0.04697454494258555, "error_max": 0.23111608780240886, "target": "903.xyz", "model": "19.xyz", "model_rescale": 3.9282355846067225, "target_rescale": 3.7632661951773705},
{"mapping": [10, 0, 8, 3, 4, 9, 2, 7, 5, 6, 13], "R": [[-0.18801037763978862, 0.8681919073788846, -0.45923295816127846], [-0.2558108149324766, 0.4081474855789231, 0.8763426595682682], [0.9482683822965557, 0.2822382716383754, 0.1453569164479502]], "T": [0.04048213128792871, 0.05553108291668887, 0.012688386388122731], "aligned_model": [[-0.7970812453575835, -0.3260181049850653, 0.6115156579705785, 0.18691917871207991, 0.2982423512461961, 0.025072272803997764, -0.5476577581708855, 0.03738845790042356, 0.11423701087662744, 0.5920329574982219, -0.09128613995307272], [0.24306555062098315, 0.07897502625397239, 0.5556623940788762, -0.3887229374191512, 0.2604887680797586, 0.7134406765682383, -0.4551478231560957, -0.09696691385386522, -0.638276811991817, -0.2834251431954343, 0.0037877468786847585], [0.08720524700704638, -0.6981737286028765, -0.03641316274989089, -0.5768450102050618, -0.5266814878535463, 0.22562576704389983, 0.28104400060097284, 0.6167021002602189, 0.04236960853406065, 0.10069075535415917, -0.06308046545417745]], "inverted": false, "swapped": false, "error_lsq": 0.05337319749915261, "error_max": 0.26701652070759385, "target": "903.xyz", "model": "20.xyz", "model_rescale": 4.067790424073018, "target_rescale": 3.7632661951773705},
{"mapping": [10, 9, 3, 0, 12, 11, 1, 5, 8, 2, 14], "R": [[-0.2674307253381125, -0.7972691860901835, -0.5411493805375993], [0.3361502530321322, -0.6035152652351335, 0.7230299661940713], [-0.9030414245933376, 0.011452927104575905, 0.4294007637733924]], "T": [0.07596230471007737, -0.04536844964725514, 0.09303887717576173], "aligned_model": [[-0.6318776607120852, -0.4889975189576985, 0.6795945053938416, 0.461663507424882, -0.0032617908734807882, 0.03625277899529708, -0.6639709597277323, -0.13218974529670227, 0.021619101814216196, 0.8092923704834564, 0.015240049997523895], [0.3542682699724296, 0.0020909445866236012, 0.48014614127934724, -0.352979272584439, 0.42558300300959095, 0.5994886802842901, -0.3971566331084803, -0.3319829691355345, -0.6118968575321977, -0.17165502344049013, -0.003025750466989559], [-0.009625124482258135, -0.43857931571187747, -0.1954183946544719, -0.4179094503067936, -0.5060789232750854, 0.11783181010240693, 0.047773664989399535, 0.5652580658523377, 0.12853924454604207, 0.09223423358422356, 0.0684178132908813]], "inverted": false, "swapped": false, "error_lsq": 0.049017147646237345, "error_max": 0.25506758746954505, "target": "903.xyz", "model": "21.xyz", "model_rescale": 4.186013935880536, "target_rescale": 3.7632661951773705},
{"mapping": [9, 1, 5, 0, 2, 11, 7, 4, 6, 3, 12], "R": [[0.8256015778769126, -0.5641846156958883, -0.008817823951235655], [0.561898984424799, 0.820629936485662, 0.10409629506335885], [-0.05149335791664264, -0.09089679177848572, 0.9945281330032083]], "T": [-0.0835666492683606, 0.08804593980059679, -0.02303621625808647], "aligned_model": [[-0.6179700768488849, -0.48918223247434217, 0.6237796026499418, 0.13132201563245094, 0.12005647563921351, 0.08806324060924231, -0.5192439017085027, -0.08455978809859034, 0.17348090876754713, 0.7307982192963949, -0.05317982492295222], [0.4035576754081503, -0.15565448096848955, 0.2573853483408913, -0.29737829042207725, 0.4898747670985645, 0.4801194111852565, -0.49846441089545096, -0.23935930761271823, -0.39940889604235685, -0.12625182323799805, 0.07846054001037867], [-0.005257534573874876, -0.5808976143757439, -0.2867106760133092, -0.5949273470345459, -0.6119083750669454, 0.44149317210054423, 0.044155153079507056, 0.6253625548773588, 0.05549521017929848, 0.355414552456618, 0.010224528305897245]], "inverted": false, "swapped": false, "error_lsq": 0.05185329468041648, "error_max": 0.2841828821751448, "target": "903.xyz", "model": "22.xyz", "model_rescale": 4.166573947596378, "target_rescale": 3.7632661951773705},
{"mapping": [12, 9, 4, 8, 3, 2, 14, 5, 7, 0, 15], "R": [[0.7586110435711666, 0.40545381637424593, 0.5100161638217213], [-0.6068061436554911, 0.15460799601958616, 0.7796683086984869], [0.23726691424178195, -0.9009459308717515, 0.3633191999493229]], "T": [-0.10891258045779811, 0.040759370625853386, -0.036603918931698065], "aligned_model": [[-0.6962779914227675, -0.34408269465715613, 0.5624806454182494, 0.394923538123186, 0.04277759147189414, 0.10408576631080219, -0.8029303220210782, 0.06153680684294144, 0.2084845393952437, 0.6462155364195383, -0.07384877733933501], [0.2856686071076412, -0.07004371859672551, 0.2728325869315806, -0.25862118343718193, 0.43997354491171164, 0.6594282404373455, -0.33874375155296194, -0.31735955133632704, -0.5650930603430149, -0.16204218893293565, 0.04688100767501822], [0.11960970120776734, -0.5777756653193751, -0.2242916166794821, -0.5939185425361253, -0.45974076063336905, 0.12052587769868583, -0.019442395917075833, 0.6939847651462814, 0.172181971032931, 0.1987868569704708, 0.022523432964095737]], "inverted": true, "swapped": false, "error_lsq": 0.04681042367163895, "error_max": 0.28148106324055894, "target": "903.xyz", "model": "23.xyz", "model_rescale": 4.274766983524099, "target_rescale": 3.7632661951773705},
{"mapping": [7, 9, 2, 1, 4, 3, 8, 6, 0, 0, 10], "R": [[0.2599280555146312, -0.11317199614846674, 0.9589731514720079], [0.9620706979065228, -0.05481446468418438, -0.2672364995487009], [0.08280928804209875, 0.9920622328005224, 0.09463164409859429]], "T": [-0.05279095367020459, 0.04434785713139922, 0.03098506588176258], "aligned_model": [[-0.6670271025739019, -0.4878474785338431, 0.6899647237564777, 0.2056973696545462, -0.020553739457559034, 0.32486431640648994, -0.5418575942432634, -0.2383175123621285, 0.44557540683595603, 0.44557540683595603, -0.052709157777211746], [0.18306044885398323, -0.06397717443539144, 0.47158398510891275, -0.16171130944886314, 0.6025025695431631, 0.36356781673346017, -0.5062254205985923, 0.03621048074019048, -0.4609472264644364, -0.4609472264644364, -0.01023641070383987], [-0.03613606908597148, -0.694726284278138, -0.4097584143546962, -0.5308928453025232, -0.38747005231237236, 0.29836007998531916, 0.0828889639299122, 0.6794669355142976, 0.23708502068517542, 0.23708502068517542, -0.023458731531373844]], "inverted": true, "swapped": false, "error_lsq": 0.07159475261883735, "error_max": 0.3604588127730014, "target": "903.xyz", "model": "24.xyz", "model_rescale": 3.7841303162186577, "target_rescale": 3.7632661951773705},
{"mapping": [12, 3, 1, 6, 4, 8, 13, 10, 11, 7, 15], "R": [[0.47721216582084475, -0.16917111349837577, -0.8623512527678605], [-0.7919507944788536, -0.5081154198009522, -0.3385744516126623], [-0.38089695183460237, 0.8445116070950252, -0.37645405770809115]], "T": [0.007149697932516318, 0.11248522496385617, 0.08657736137895725], "aligned_model": [[-0.7414474649279382, -0.3308314652288883, 0.563493384188922, 0.27364832277801, 0.06660424813443028, 0.2502415777673858, -0.5880953017929924, 0.10588590716110927, -0.012159445574598728, 0.496697147889702, 0.0193277281463765], [0.225081047854368, -0.1682995002337252, 0.5454969399663435, -0.21478655799506896, 0.41434053031541446, 0.6426141690907727, -0.3893182009856325, -0.19657450606822968, -0.6508380708893765, -0.29327039186479176, 0.07843507367407651], [0.040791175110364536, -0.5886489407427345, -0.15010586835319445, -0.49985090812838506, -0.5931673509577853, 0.18315595215399957, 0.009917663504677515, 0.7936759039589438, 0.006625675046110488, 0.22263335629531358, 0.02741696604749412]], "inverted": false, "swapped": false, "error_lsq": 0.04686245238893543, "error_max": 0.22908266320697296, "target": "903.xyz", "model": "25.xyz", "model_rescale": 4.19342608120988, "target_rescale": 3.7632661951773705},
{"mapping": [4, 6, 7, 10, 3, 5, 2, 0, 1, 9, 11], "R": [[0.3334099043180452, 0.4003321197872841, 0.8535643089827805], [-0.9299418958656881, 0.2885607679521731, 0.22790514147904117], [-0.15506742409791166, -0.8697510431528506, 0.46849462848379236]], "T": [0.04222221049598444, -0.08180127114522055, -0.06249153803298221], "aligned_model": [[-0.6364524842444681, -0.45468892828479174, 0.7205413969530579, 0.2841007689348178, 0.012858344171778693, 0.1915364224795605, -0.6169635447079611, -0.18540910457733295, 0.1480951180455356, 0.7034414791378812, -0.06369482936655971], [0.27325927351678486, 0.027367196455227935, 0.4281054825966905, -0.3256694321410941, 0.508735326525222, 0.4170716177028345, -0.542087111031472, -0.04732587900897496, -0.5615628138864871, -0.15301006584406357, -0.03200306202051799], [0.025043594799593227, -0.7084462801294173, -0.34593342546734973, -0.5909410451851149, -0.34783571443303285, 0.31775967996522225, 0.17061034415893359, 0.6090064071027339, 0.16819667787396728, 0.2656393681100164, -0.11065598286074735]], "inverted": false, "swapped": false, "error_lsq": 0.04660722155241333, "error_max": 0.21345688639993843, "target": "903.xyz", "model": "26.xyz", "model_rescale": 3.795458400668931, "target_rescale": 3.7632661951773705},
{"mapping": [11, 10, 6, 7, 5, 8, 4, 9, 3, 0, 12], "R": [[-0.08986224371499099, 0.9955483808361922, 0.028428833408069232], [-0.003204109221278617, 0.02825518989352538, -0.9995956071973202], [-0.9959490503226589, -0.08991699315767293, 0.0006507709868409095]], "T": [0.011740086250044938, 0.04899448686351614, 0.16338699731402698], "aligned_model": [[-0.6638436336618517, -0.35464077411736256, 0.59972562907716, 0.2612648825221154, 0.14160275947299608, -0.019819314720435882, -0.6816604482592097, -0.09871921836844774, 0.11439757841428316, 0.7176422192979532, 0.08741495888431801], [0.28385061294798497, -0.10747150300604676, 0.5557327012318793, -0.28929835306898455, 0.38394459588121727, 0.7726368364398734, -0.39972515030875766, -0.15264881935574703, -0.6727526223578151, -0.39014932091437304, 0.00876155537491937], [0.1614301723513662, -0.4273497356557522, -0.11710603860831395, -0.5319571111137366, -0.4982810300627336, 0.08530073593492019, 0.034121500777449076, 0.5260342214803948, 0.046686061237839235, 0.15206945598812102, 0.02149539160525113]], "inverted": true, "swapped": false, "error_lsq": 0.045653406151153056, "error_max": 0.29615076729615364, "target": "903.xyz", "model": "27.xyz", "model_rescale": 3.6321398670334006, "target_rescale": 3.7632661951773705},
{"mapping": [11, 9, 4, 12, 6, 1, 10, 0, 8, 7, 14], "R": [[-0.4877480844668068, 0.27161364537722077, -0.8296552499344885], [0.030198273732986503, 0.9550473141736155, 0.2949113289673888], [0.8724619592638458, 0.11878827944987315, -0.4740247612760651]], "T": [-0.02555753920513129, 0.029121921534560197, 0.054523989422982096], "aligned_model": [[-0.6389426304861282, -0.43258962265918466, 0.6233775408569417, 0.3369960653373846, 0.16021337485388454, 0.19752104070880452, -0.6057947736874008, -0.3094268477203016, 0.10682790585209981, 0.6995579141909333, -0.034375328705515115], [0.21491668353748253, -0.06137924816703541, 0.5133351628119694, -0.3918191834277637, 0.3458854950962137, 0.6077755530829063, -0.4857699580364929, -0.12859379352187836, -0.4703799240725216, -0.243529630950255, 0.0924393765115249], [0.09653437653371677, -0.4676891687240764, -0.12122597841624014, -0.5577449064440843, -0.630353695346273, 0.3048500128919721, 0.10821511595952002, 0.5873988932486378, 0.05579519620438395, 0.02702682270172519, 0.049636955325522765]], "inverted": true, "swapped": false, "error_lsq": 0.04431735774910747, "error_max": 0.24746764795257514, "target": "903.xyz", "model": "28.xyz", "model_rescale": 4.156811204709835, "target_rescale": 3.7632661951773705},
{"mapping": [3, 9, 4, 5, 7, 8, 1, 6, 0, 10], "R": [[0.10667012227324714, 0.8998933034152171, 0.42286348563414505], [-0.7937351371398963, 0.33320983559728734, -0.5088769375111619], [-0.5988372208569877, -0.2813596416149215, 0.7498204685033627]], "T": [-0.06766944846943125, -0.05218268562307936, -0.04948780905005133], "aligned_model": [[-0.5416869676326991, -0.1252031842931446, 0.09686069278578445, 0.5798336250131911, 0.05168395394105778, -0.5591505659754411, -0.4922479232975425, -0.4971362638041458, 0.15500750940466984, -0.025035502031142146], [-0.09921060061544011, -0.8116074304640971, 0.260055251548558, -0.08969429664909774, -0.3822291036176915, -0.40149411953712716, 0.5789977402084275, 0.33631326294618663, 0.5391675331098796, -0.011577906303394517], [-0.4814260630166528, -0.2555892537262009, -0.6134867797800052, -0.09316201612865725, 0.5340151643672796, 0.0350944333576893, -0.2564890709611096, 0.5615163407246399, 0.33558939603535065, -0.007275423897234207]], "inverted": false, "swapped": true, "error_lsq": 0.059919416598415876, "error_max": 0.3026073135188084, "target": "903.xyz", "model": "29.xyz", "model_rescale": 4.117894457231895, "target_rescale": 3.7632661951773705},
{"mapping": [13, 4, 2, 1, 3, 11, 7, 6, 8, 5, 14], "R": [[0.9149564434250644, 0.14148579934699923, 0.37793713130373663], [0.07285647935900305, -0.9790498141374588, 0.19014046085149464], [0.3969214532503482, -0.1464350710060547, -0.9060960930988963]], "T": [-0.014753640869360802, 0.09165819475946946, 0.027021245034557946], "aligned_model": [[-0.7900555706327345, -0.46269567130287753, 0.7126334530877045, 0.10813665340134082, 0.1376330604030153, 0.014795502522233496, -0.5408547165883181, 0.07301327103807968, 0.17970682268003527, 0.7285902347607813, -0.05753840082774231], [0.19392925628356206, -0.019621790666960834, 0.4573100349135848, -0.5060140227623046, 0.3820331322427121, 0.7605045065343604, -0.29224273522517713, -0.25450308619476103, -0.5891330128454602, -0.2173515704702011, 0.07796982105479555], [-0.08023475764053434, -0.5946642014504808, -0.1802650313552796, -0.5795381698914923, -0.41140422185661485, 0.30500521877910525, 0.08032598158188761, 0.5601804895215364, 0.049340439041538516, 0.2458924836334615, 0.057805393571677084]], "inverted": true, "swapped": false, "error_lsq": 0.04834620028257584, "error_max": 0.24382757796310475, "target": "903.xyz", "model": "30.xyz", "model_rescale": 4.100398675895297, "target_rescale": 3.7632661951773705},
