[{"mapping": [7, 2, 3, 1, 5, 4, 8, 11, 9, 12, 10, 13], "R": [[0.2881955133868535, -0.07885747088635298, -0.9543190479860999], [-0.021140108060391866, -0.9968844070786977, 0.07599062280668817], [-0.9573382066411447, -0.001725748753843799, -0.2889646689413011]], "T": [-0.12636106923203308, -0.15439951270408342, -0.1000949887051158], "aligned_model": [[0.5233455193464547, 0.33255301294489414, -0.2226369788430556, -0.5544251357321167, -0.7331176492859942, 0.6464492222318906, 0.15952739669488822, -0.21904113882309545, 0.44871854799982935, -0.19948792047447794, 0.11224597299581235, -0.010449489974235435], [0.22170135368336386, -0.6395627098376324, -0.41692586215779587, -0.506464410015605, 0.20856318811829228, 0.06294171731199494, 0.5238668790267171, 0.5053949151111448, -0.26933635616450946, -0.26606302595787, 0.37615184085540404, -0.049121639316803245], [-0.011641783360231764, -0.4812416569793711, -0.5416956803585709, 0.060701704281436286, -0.36936398211977756, -0.6186808251426567, -0.36239561493603395, 0.10761528684198429, 0.3390133437414853, 0.4632020301124816, 0.7227117111200011, -0.05514015109652998]], "inverted": true, "swapped": false, "error_lsq": 0.04358441625557571, "error_max": 0.24159485089434132, "target": "904.xyz", "model": "0.xyz", "model_rescale": 3.8414455957264533, "target_rescale": 3.954543095940637},
{"mapping": [10, 13, 9, 7, 2, 8, 6, 5, 11, 4, 3, 14], "R": [[0.2567629950538173, 0.814044346598158, -0.5209650335123953], [0.6064510945807219, -0.5554129147492302, -0.5689758905363289], [-0.7525223147873009, -0.169847861044354, -0.6362875685142844]], "T": [0.03707284602994487, -0.09187586589288368, -0.013151218456557819], "aligned_model": [[0.46494928682541836, 0.3474635819098655, -0.17656828200223323, -0.4668205397696913, -0.6022155998599916, 0.555196763465141, -0.11616416363073415, -0.08087984543305263, 0.6890854763923511, -0.37485157599037905, -0.0408327507961741, 0.08531900797027361], [0.44225196944423817, -0.7220778625707581, -0.3453645592078468, -0.4708653217816837, 0.2627706095952018, -0.08278139789831099, 0.5046187614576934, 0.5437696465332232, -0.5068777261464842, -0.08927167309319001, 0.2823290939598223, -0.0673556496352033], [-0.016392721297521902, -0.2983704939315359, -0.6094821926378864, -0.13730213551967024, -0.11385319457390597, -0.6096135343945162, -0.493504996619894, 0.11477348631808804, 0.3459008501406316, 0.3419948410334425, 0.6704263177782549, 0.05850815580873018]], "inverted": false, "swapped": false, "error_lsq": 0.05287961790807167, "error_max": 0.3141638578761206, "target": "904.xyz", "model": "1.xyz", "model_rescale": 4.316132596720782, "target_rescale": 3.954543095940637},
{"mapping": [10, 1, 2, 0, 4, 8, 6, 3, 9, 5, 7, 11], "R": [[0.8695468253548735, 0.4633981024803622, 0.17073522522567242], [-0.36130810008536396, 0.8326299678864386, -0.41974253226249664], [-0.3366671580774786, 0.30329776655133506, 0.8914402332613253]], "T": [0.06012633849004266, -0.05299806842280452, -0.03293684708359533], "aligned_model": [[0.6074440133440719, 0.32538798110492834, -0.16332921791101485, -0.4106686583667614, -0.6273400608651803, 0.47836894390382206, -0.02219023936698246, -0.2030370410107909, 0.3658912519298808, -0.33852106689590805, 0.2869582796830161, -0.015282826468287672], [0.2516306863245755, -0.498465285965155, -0.37994360051488807, -0.5840407812778519, 0.14063074198487496, -0.026465525372244364, 0.6303473458266153, 0.4818486160477281, -0.4671382640081938, -0.16379425014031987, 0.3385470331566326, 0.027989174594927446], [-0.10279730201146624, -0.1935372283320102, -0.7704323623943801, -0.049054124912022976, -0.3231567028385298, -0.6743456582086493, -0.48278014072451114, 0.24220142477201217, 0.5008676314866357, 0.46159761502482743, 0.7388797267625047, -0.09435849652019351]], "inverted": false, "swapped": false, "error_lsq": 0.04282400166490847, "error_max": 0.32337780875862204, "target": "904.xyz", "model": "2.xyz", "model_rescale": 3.795458400668931, "target_rescale": 3.954543095940637},
{"mapping": [7, 5, 10, 2, 2, 4, 0, 1, 9, 6, 8, 11], "R": [[-0.9357556586292751, -0.31200379048489085, 0.16436234990517806], [-0.11810463402647996, 0.7164342079943019, 0.6875851373008647], [-0.3322839790973424, 0.6239997278353878, -0.7072564576563435]], "T": [0.05426980919748073, -0.020973188831187792, -0.055158744933371834], "aligned_model": [[0.6474452850886685, 0.2869844122396743, -0.1542397071282489, -0.6975300531154104, -0.6975300531154104, 0.4275387617848806, 0.05184900571963319, -0.2653317419109218, 0.757613343800617, -0.2911996328725276, 0.09568328913735025, 0.12239844945248862], [0.4415793165783322, -0.6801122903123619, -0.38024620080535165, -0.09144248139690991, -0.09144248139690991, -0.08830687748178337, 0.5690900602549553, 0.4779135858227029, -0.3314050622397071, -0.2113700618521203, 0.0654720375506734, 0.07141634593518095], [0.077092270777703, -0.12729870597251522, -0.6605160112388038, -0.18765914963684094, -0.18765914963684094, -0.5719674104282594, -0.5689947557035072, 0.1575280589924777, 0.3491858693640333, 0.38267249191547614, 0.7203250289435509, -0.12962415527225662]], "inverted": true, "swapped": false, "error_lsq": 0.06468306587053438, "error_max": 0.48255325858909875, "target": "904.xyz", "model": "3.xyz", "model_rescale": 3.7530521520055578, "target_rescale": 3.954543095940637},
{"mapping": [6, 5, 2, 1, 4, 8, 7, 0, 10, 9, 11], "R": [[-0.6495749581215252, -0.7545555194810957, -0.09326490123316866], [0.6057546276480948, -0.587762183512467, 0.536280660396751], [-0.4594711142872173, 0.291858841999469, 0.8388710934836128]], "T": [0.0020191992577388226, -0.04541184360278946, 0.08766686343253895], "aligned_model": [[-0.44774615076517116, -0.24497955094684923, 0.4586458492820047, 0.3020992451586955, 0.3470907072020384, -0.2236581957170405, -0.28394801207064324, -0.5171947702144968, -0.3431450298650774, 0.2583472632918285, 0.032688247089916384], [-0.6079095116571154, -0.09903749437314838, -0.3385424367393404, 0.3690345462978936, -0.6863718007214616, 0.771728511752243, -0.40297121996872093, 0.23012024032069814, 0.20829491412849568, 0.11476263324803535, -0.09190502397323301], [-0.07608374210132669, -0.7765651387535873, -0.4720391166871676, -0.4337247510187857, 0.16006856196664387, 0.07874394450718387, 0.49368098268151006, -0.1391344656302792, 0.7581531861962253, 0.48618940793193, 0.013541908152969365]], "inverted": false, "swapped": true, "error_lsq": 0.051797628489973206, "error_max": 0.2949103399209625, "target": "904.xyz", "model": "4.xyz", "model_rescale": 3.7855080009869324, "target_rescale": 3.954543095940637},
{"mapping": [1, 14, 9, 15, 10, 2, 5, 7, 11, 8, 6, 16], "R": [[0.4372460781132002, 0.8843946697821279, -0.16328482855301057], [0.788388330379616, -0.28957046377923584, 0.5427640251784562], [0.43273514728511103, -0.3660532947094441, -0.8238599867310549]], "T": [0.10178535807687467, -0.015409911171355338, -0.03542260101683638], "aligned_model": [[0.83203681781465, 0.19857483819017313, -0.18030098009316609, -0.48382893011429134, -0.577601557824009, 0.4573259672730853, -0.07935885580105723, -0.26283049195034125, 0.6085525779907539, -0.4638858525272574, 0.12957884486772342, 0.10541898125453045], [0.1836710281344617, -0.6176666024151705, -0.2653129938038276, -0.593583123900959, 0.14537144338673555, -0.16787792966539725, 0.6901846489968455, 0.5819062315830255, -0.16856405448064832, -0.18091195780418146, 0.1990771992117043, -0.055147998585887335], [-0.04968878990285604, -0.3280248445562845, -0.6394836627958981, -0.08113636518189087, -0.24410189707525087, -0.6648112457567772, -0.3881637739168716, 0.23223049422001585, 0.5580140186050861, 0.3492006276337766, 0.5804506567549997, -0.07140083592383223]], "inverted": true, "swapped": false, "error_lsq": 0.04396574466612186, "error_max": 0.23133618369620115, "target": "904.xyz", "model": "5.xyz", "model_rescale": 4.2253639853439635, "target_rescale": 3.954543095940637},
{"mapping": [9, 0, 4, 3, 2, 1, 10, 5, 12, 6, 11, 13], "R": [[0.4695248873534361, 0.8011891095642149, -0.37100187448508093], [-0.7935368306769867, 0.5671577264618703, 0.22052530846532337], [0.3870990551717569, 0.19086153103834952, 0.9020677344051447]], "T": [0.08977453044644909, 0.01480082809678589, -0.07012198001584051], "aligned_model": [[0.6980930693808386, 0.45232181685370665, -0.22705077129669773, -0.38345921554180484, -0.549739153033524, 0.37159272342668026, -0.13664575472471868, -0.22393881418102649, 0.4487749970395539, -0.34366536051040564, 0.13223378806008293, 0.04516403360810871], [-0.02284964484301064, -0.6705689211657405, -0.21441094497819121, -0.5134432604733621, 0.16642920763163366, 0.07206481742776118, 0.6243421390858764, 0.5282732751972947, -0.3444567322365415, -0.13186915545411304, 0.2844045253045965, -0.026769414839502435], [-0.10369912345482858, -0.2747934759334583, -0.660032993191315, -0.06594140027608149, -0.20503934434951493, -0.7454034943411816, -0.5010578442112531, 0.12652808970685941, 0.7130743138966821, 0.38191313474361943, 0.658619981660559, -0.07108346214586975]], "inverted": false, "swapped": false, "error_lsq": 0.04942728894701965, "error_max": 0.32872744874390175, "target": "904.xyz", "model": "6.xyz", "model_rescale": 3.89814844738969, "target_rescale": 3.954543095940637},
{"mapping": [0, 6, 5, 9, 10, 1, 2, 4, 3, 8, 7, 12], "R": [[-0.03410150860924016, -0.6646703500590218, -0.7463580996163919], [0.997791656299066, 0.0199487339858338, -0.0633550205771366], [0.056999102892421716, -0.7468703861881125, 0.6625222475545097]], "T": [-0.004963846995093616, 0.04636319474918113, 0.06304567590690324], "aligned_model": [[0.5679654984756202, 0.2627868504991325, -0.08941095457124404, -0.5975031318553321, -0.5816674150809927, 0.4307807008397843, -0.04434897527284215, -0.19304475342748645, 0.5879016996797777, -0.17239632795340679, 0.2313903675500354, -0.1187721998022528], [0.14590701096695055, -0.5588744349350907, -0.332388472698954, -0.5574601367983792, 0.21110494170716843, 0.02329486857773304, 0.5184884287414466, 0.6577155959177697, -0.3253570333659507, -0.45763833557508193, 0.2877897239179925, 0.13856373420109647], [-0.05032707752006127, -0.07614062598124255, -0.6092581724028528, -0.22373029800084288, -0.36024714758334897, -0.6611028954468391, -0.46335191111193974, 0.1428554660660347, 0.466426949946554, 0.4821346808517706, 0.626183843523175, -0.02035843023619051]], "inverted": false, "swapped": false, "error_lsq": 0.04776410504356091, "error_max": 0.309545847244976, "target": "904.xyz", "model": "7.xyz", "model_rescale": 3.7474275329858107, "target_rescale": 3.954543095940637},
{"mapping": [0, 12, 11, 13, 9, 10, 5, 8, 1, 4, 2, 14], "R": [[0.6202580269489791, -0.2747988675701756, 0.7346873909272628], [0.38112611585059253, 0.9242134767420522, 0.023923486890677123], [-0.6855821349933208, 0.26516981689196234, 0.6779838526008442]], "T": [0.10300556079819281, 0.01785764163748593, -0.12401401546244117], "aligned_model": [[0.7475304743315139, 0.1645333367425298, -0.19101373843756722, -0.37949536454847, -0.504467182110844, 0.506890361028348, -0.045751858249999944, -0.34278676177503, 0.5866764638632752, -0.4513812094847589, 0.10509110865193813, 0.08785572906985872], [0.15020503891705334, -0.584447901181716, -0.2305412581987336, -0.6911704153903743, 0.2648833417244751, -0.13060734139614816, 0.6874519593171576, 0.43081976248126497, -0.2244736936709204, -0.059588630600918874, 0.14711832317916426, -0.00850329452360284], [-0.08816656234299503, -0.24269419357136257, -0.6122051602274146, 0.14539997838249585, -0.5116937933816704, -0.7485927347958271, -0.33025694026497243, 0.1857307306423216, 0.39765618831165317, 0.42268812436978787, 0.7077773180746284, -0.07255857309242789]], "inverted": true, "swapped": false, "error_lsq": 0.05199318778841061, "error_max": 0.30806404056552616, "target": "904.xyz", "model": "8.xyz", "model_rescale": 4.019505241142653, "target_rescale": 3.954543095940637},
{"mapping": [5, 2, 10, 1, 9, 6, 11, 8, 3, 0, 4, 12], "R": [[0.8107057611849533, 0.15004189756106937, -0.5659006960216602], [0.5842140442963548, -0.14445824630007628, 0.7986399473622664], [0.03808043104302539, -0.9780691407319732, -0.2047697163141985]], "T": [-0.021457691803171478, -0.04152063123980585, -0.077606963756016], "aligned_model": [[0.5732630761483368, 0.3124662900079514, -0.30731847304625454, -0.500259064221361, -0.5803454206934116, 0.40223464172123485, 0.04443272305328727, -0.28465288642104747, 0.6299426467961792, -0.16023715480082415, 0.14995919719744652, 0.0041957833392562704], [0.2616788252891208, -0.5243012450604372, -0.32915756946217517, -0.5022079353989173, 0.292886925410264, -0.14550726787428403, 0.5018704421453165, 0.5489872027733798, -0.22813299230572712, -0.31820435850161827, 0.20473583828103456, -0.01150197463925567], [-0.0075925590260664255, -0.004191600874412171, -0.8984165419987067, -0.19935159701607075, -0.28534755676008594, -0.6587553302520335, -0.37363756789754354, 0.1177535206957184, 0.4508949125999914, 0.49408565801698195, 0.6954186972848075, -0.07777565266836374]], "inverted": false, "swapped": false, "error_lsq": 0.046464225785645685, "error_max": 0.2587384521621034, "target": "904.xyz", "model": "9.xyz", "model_rescale": 3.877068213659057, "target_rescale": 3.954543095940637},
{"mapping": [4, 9, 10, 11, 12, 13, 3, 5, 7, 0, 1, 15], "R": [[0.7433766954839788, 0.4937527878860571, -0.45121976138691716], [-0.5425022666714869, 0.8396802454528777, 0.02506743011348289], [0.39125743349822656, 0.22615319995733346, 0.8920607327314881]], "T": [0.09978524660441601, -0.08210434820289507, -0.19238467715617902], "aligned_model": [[0.6036919333351983, 0.25085174210103967, -0.2580751285495708, -0.4979149484773091, -0.5959515177489978, 0.5535603117961032, 0.12448101026056543, -0.16943154143671624, 0.6195374500317063, -0.4831727396854132, 0.10531786934462928, 0.030786918109558387], [0.3110632088642739, -0.7211002232910371, -0.5007003989434086, -0.498207228418118, 0.18945910089076384, 0.053976974598981445, 0.5424078358232969, 0.5144475806686846, -0.15866010753395607, -0.09284849050340824, 0.19299724874300417, -0.08168961024237531], [0.03029896140492072, -0.25952996335231737, -0.6395133808411151, -0.07293533165957239, -0.21235624587093516, -0.8032926569358205, -0.3025481647030994, 0.23498350069395502, 0.43234200881339735, 0.3496582964731485, 0.6305339771753807, -0.1345566190937259]], "inverted": true, "swapped": false, "error_lsq": 0.04142754645822773, "error_max": 0.2479743568366535, "target": "904.xyz", "model": "10.xyz", "model_rescale": 4.260839863003843, "target_rescale": 3.954543095940637},
{"mapping": [10, 7, 0, 1, 3, 6, 5, 4, 8, 2, 9, 11], "R": [[0.5551949085250762, 0.6506306576413551, 0.5181103751952958], [-0.78724320512657, 0.6120682508256734, 0.0749706096630291], [-0.268340734011588, -0.44950217315200897, 0.8520217408034516]], "T": [0.03704696631725698, -0.029239525183044512, -0.022326568622285096], "aligned_model": [[0.6232361834258509, 0.38406162016062834, -0.0627308470457408, -0.41101547252779563, -0.6190291522114113, 0.3659457147855801, -0.0759274542908829, -0.04776321130100079, 0.25797789652343556, -0.4864898765714863, 0.3264537300946779, 0.028962228038938793], [0.19355875191230593, -0.5257072562099212, -0.4150671610890243, -0.597038228207944, 0.06514743295574957, 0.116434505422819, 0.5077612141628955, 0.6425079793014968, -0.4077020411962172, -0.028670084927656492, 0.2861438325310165, -0.08622305399881891], [-0.013556077692009276, -0.2727387315641745, -0.8041294163957693, -0.012063680103109257, -0.27627203568643494, -0.7798620626535817, -0.41663341421092925, 0.25635852712625334, 0.5465047377506632, 0.4206925912538224, 0.6503623073925455, -0.04557836311305925]], "inverted": false, "swapped": false, "error_lsq": 0.06144737323610413, "error_max": 0.4102808821986677, "target": "904.xyz", "model": "11.xyz", "model_rescale": 3.890672605050136, "target_rescale": 3.954543095940637},
{"mapping": [4, 0, 8, 6, 5, 3, 7, 12, 2, 11, 10, 13], "R": [[-0.9771006302917513, -0.17737528288718785, 0.11752602819866037], [-0.12094898592403726, 0.008571898564070979, -0.9926217131208415], [0.17505913597241723, -0.98410595546196, -0.029828968082945273]], "T": [-0.09129474198925076, -0.1886085050658137, -0.014451570308084201], "aligned_model": [[0.5636580600753843, 0.3170382209295181, -0.23232431429548484, -0.43333819584923655, -0.6183284624258775, 0.494251664915554, -0.026372796049787456, -0.14281103638621823, 0.3818278187407398, -0.1394810556803714, 0.14011153255591147, -0.020550077449338636], [0.05164335400615691, -0.48715257873258844, -0.28577612516534756, -0.6495798775980264, 0.31395741471760485, -0.027690147153642986, 0.5192001279370494, 0.5406569657277639, -0.2004545677743161, -0.317274467153561, 0.3344427206558076, -0.04082692881019892], [0.051676450267811196, -0.31913200489429505, -0.714351676878619, -0.06514686909265593, -0.2876458887519959, -0.7103709934094647, -0.4853615938353528, 0.1292498258747611, 0.516188464926057, 0.518357319696716, 0.6728686285910898, -0.05324728038983495]], "inverted": true, "swapped": false, "error_lsq": 0.0441757437407296, "error_max": 0.29384357622539914, "target": "904.xyz", "model": "12.xyz", "model_rescale": 4.124412569039231, "target_rescale": 3.954543095940637},
{"mapping": [9, 10, 2, 4, 1, 11, 8, 6, 7, 0, 3, 12], "R": [[-0.11404142711902832, 0.17060885202388576, 0.9787171054557834], [0.7646310926285828, -0.6139053051834902, 0.19611111251835106], [0.6342979150890179, 0.7707223208644327, -0.06044219581606408]], "T": [0.028106590124263926, -0.05887509321197738, 0.1267367969262421], "aligned_model": [[0.5452950179768771, 0.37280542134856565, -0.22908723250871948, -0.445244981180914, -0.6484217564576634, 0.4603211171931546, 0.09831260592135274, -0.0874772128899001, 0.5579376843798184, -0.388645828069566, 0.001411265525911063, 0.04647525784187713], [0.3168341003189564, -0.5300592394857104, -0.2327944750371096, -0.6427917381712289, 0.2620970530761194, -0.06478834919849412, 0.35197371105370373, 0.5986724830491827, -0.332757390148253, -0.19371384439370404, 0.3497433973042859, -0.13126981771104695], [0.12667361409747002, -0.324680846005893, -0.6770037705916094, -0.10403559620598898, -0.19287324122504748, -0.7697611101157918, -0.4573612224830017, 0.08332730236645529, 0.3199857904576847, 0.5073984925345246, 0.7107502082608842, 0.030664761014530542]], "inverted": true, "swapped": false, "error_lsq": 0.04856736742244614, "error_max": 0.28598697516452576, "target": "904.xyz", "model": "13.xyz", "model_rescale": 3.9028299243045295, "target_rescale": 3.954543095940637},
{"mapping": [10, 9, 6, 1, 2, 7, 4, 5, 14, 12, 13, 15], "R": [[-0.19151718956450614, -0.00483381184163309, 0.9814773560120443], [0.4743929220419562, -0.8758780503922766, 0.08825529081884761], [0.8592278636181486, 0.48250831609839073, 0.17003882873652099]], "T": [-0.14287687699856838, 0.058759148568165886, -0.11053963132593346], "aligned_model": [[0.5726529497190853, 0.3482019971980898, -0.18105429303992812, -0.4663643294034155, -0.8594234629626907, 0.5944683889540245, 0.13933976687523025, -0.09314564710902731, 0.482760272607147, -0.36615032522205193, 0.17202523373065448, -0.059629192266324085], [0.2489800040794851, -0.5107058920072034, -0.4057099143311445, -0.5047357807073445, 0.04123352800987359, -0.03928764705815649, 0.6188249625987404, 0.4659015424335017, -0.33063132639529275, -0.06235581220850664, 0.23366405045490646, -0.004031824212158003], [-0.025771151010896068, -0.29867937551598556, -0.5872148213275513, -0.1158394954954664, -0.2790733440453531, -0.627585799943283, -0.36752858781548414, 0.1958322171628435, 0.3793622647960563, 0.5373187039259537, 0.5986121773508152, -0.15634840597743296]], "inverted": false, "swapped": false, "error_lsq": 0.04361535949329231, "error_max": 0.23718049797866864, "target": "904.xyz", "model": "14.xyz", "model_rescale": 3.942246331269136, "target_rescale": 3.954543095940637},
{"mapping": [6, 0, 5, 1, 3, 9, 10, 4, 8, 12, 13, 14], "R": [[0.2599938182402759, -0.9273995045332967, -0.2689486446670418], [-0.8195583424436351, -0.06465149219744892, -0.5693367262768889], [0.5106146666595901, 0.36844313475493007, -0.7768669890297031]], "T": [0.101594403355535, 0.02634244214750851, -0.09255859824456113], "aligned_model": [[0.6496047779322343, 0.26437436956920174, -0.2307256514677397, -0.5113480509606512, -0.6140345264091863, 0.4869975845384057, 0.19262529901251094, -0.1800738430031401, 0.6610183007079099, -0.4105650707189627, -0.11092095529091513, 0.08672912517112605], [0.13259510676894692, -0.6888097911498731, -0.22965644404519667, -0.5036897651922828, 0.0690909478919167, 0.1310516784791137, 0.6649330876840943, 0.5270549537562919, -0.2718438383403845, -0.2720088638981339, 0.2623520155769543, -0.0699231968747458], [-0.12697356527303433, -0.03985709278690934, -0.5688017185302662, -0.09553225928397117, -0.14350691167166774, -0.7916027097949965, -0.3973796597088528, 0.02412026288399774, 0.35125529460656035, 0.4702516979115612, 0.6558173434413928, -0.08470629968959753]], "inverted": true, "swapped": false, "error_lsq": 0.0470460487237624, "error_max": 0.21616911203806335, "target": "904.xyz", "model": "15.xyz", "model_rescale": 4.355366556412066, "target_rescale": 3.954543095940637},
{"mapping": [10, 1, 2, 0, 4, 8, 6, 3, 9, 5, 7, 11], "R": [[0.8695468253548735, 0.4633981024803622, 0.17073522522567242], [-0.36130810008536396, 0.8326299678864386, -0.41974253226249664], [-0.3366671580774786, 0.30329776655133506, 0.8914402332613253]], "T": [0.06012633849004266, -0.05299806842280452, -0.03293684708359533], "aligned_model": [[0.6074440133440719, 0.32538798110492834, -0.16332921791101485, -0.4106686583667614, -0.6273400608651803, 0.47836894390382206, -0.02219023936698246, -0.2030370410107909, 0.3658912519298808, -0.33852106689590805, 0.2869582796830161, -0.015282826468287672], [0.2516306863245755, -0.498465285965155, -0.37994360051488807, -0.5840407812778519, 0.14063074198487496, -0.026465525372244364, 0.6303473458266153, 0.4818486160477281, -0.4671382640081938, -0.16379425014031987, 0.3385470331566326, 0.027989174594927446], [-0.10279730201146624, -0.1935372283320102, -0.7704323623943801, -0.049054124912022976, -0.3231567028385298, -0.6743456582086493, -0.48278014072451114, 0.24220142477201217, 0.5008676314866357, 0.46159761502482743, 0.7388797267625047, -0.09435849652019351]], "inverted": false, "swapped": false, "error_lsq": 0.04282400166490847, "error_max": 0.32337780875862204, "target": "904.xyz", "model": "16.xyz", "model_rescale": 3.795458400668931, "target_rescale": 3.954543095940637},
{"mapping": [0, 6, 5, 9, 10, 1, 2, 4, 3, 8, 7, 12], "R": [[-0.03410150860924016, -0.6646703500590218, -0.7463580996163919], [0.997791656299066, 0.0199487339858338, -0.0633550205771366], [0.056999102892421716, -0.7468703861881125, 0.6625222475545097]], "T": [-0.004963846995093616, 0.04636319474918113, 0.06304567590690324], "aligned_model": [[0.5679654984756202, 0.2627868504991325, -0.08941095457124404, -0.5975031318553321, -0.5816674150809927, 0.4307807008397843, -0.04434897527284215, -0.19304475342748645, 0.5879016996797777, -0.17239632795340679, 0.2313903675500354, -0.1187721998022528], [0.14590701096695055, -0.5588744349350907, -0.332388472698954, -0.5574601367983792, 0.21110494170716843, 0.02329486857773304, 0.5184884287414466, 0.6577155959177697, -0.3253570333659507, -0.45763833557508193, 0.2877897239179925, 0.13856373420109647], [-0.05032707752006127, -0.07614062598124255, -0.6092581724028528, -0.22373029800084288, -0.36024714758334897, -0.6611028954468391, -0.46335191111193974, 0.1428554660660347, 0.466426949946554, 0.4821346808517706, 0.626183843523175, -0.02035843023619051]], "inverted": false, "swapped": false, "error_lsq": 0.04776410504356091, "error_max": 0.309545847244976, "target": "904.xyz", "model": "17.xyz", "model_rescale": 3.7474275329858107, "target_rescale": 3.954543095940637},
{"mapping": [0, 9, 7, 12, 11, 2, 1, 3, 4, 10, 8, 13], "R": [[-0.8243427083703357, 0.5627424904542224, 0.061481611836703975], [0.11827555296654793, 0.06500394720891067, 0.9908508366135231], [0.5535973200143919, 0.8240724338822656, -0.12014420913320129]], "T": [0.013407437549147564, -0.06281107118608255, -0.057174499005942514], "aligned_model": [[0.7251411255278818, 0.23239601852234604, -0.304762471861724, -0.4293212145001206, -0.638364180904736, 0.4900153825826721, 0.01239007047831687, -0.2261749953036965, 0.6123255202216128, -0.4803393855987467, 0.18082528739903786, 0.10955020251794965], [0.37234016515372026, -0.6813959488215683, -0.2599979539533211, -0.6633529250260385, 0.18263311286731443, 0.001822440585782667, 0.5125426660574302, 0.5300211499141843, -0.34672172945979185, -0.061188218170184244, 0.20687330291860795, -0.04243017140943457], [-0.000421087751640431, -0.18802141880198187, -0.7108598392471892, -0.10794600434709704, -0.2487144992628651, -0.5791899199435232, -0.4412128549208732, 0.17028845798457748, 0.4427431846052027, 0.4251643978735309, 0.5878805785913902, -0.09662661267531447]], "inverted": true, "swapped": false, "error_lsq": 0.044689639413231765, "error_max": 0.25459129862368984, "target": "904.xyz", "model": "18.xyz", "model_rescale": 3.922800546911778, "target_rescale": 3.954543095940637},
{"mapping": [1, 3, 12, 7, 13, 5, 8, 4, 2, 11, 10, 14], "R": [[0.3101770495166817, -0.10110682618055902, 0.9452870503994121], [0.28689050172816716, 0.9579272383313504, 0.008321423017340346], [-0.9063575662900857, 0.26861276172692766, 0.3261336325283644]], "T": [0.10844055663817537, 0.026688307510022966, -0.07998035516327479], "aligned_model": [[0.8000262049314344, 0.19723376605000853, -0.19699461882204233, -0.40648393775259634, -0.5510589011921188, 0.4526252886912313, 0.05551544552684774, -0.2741039245049816, 0.5218357486912055, -0.4541490513934125, 0.08214406080774186, 0.05709127804747552], [0.2878799973404952, -0.5908313257702901, -0.3368670011950878, -0.5829243940776131, 0.15667942078632982, -0.03908316050120214, 0.5086987938341427, 0.5283210548612465, -0.26296849370219777, -0.05073095003580917, 0.18666129658647357, -0.05368934746978671], [-0.04162391927383266, -0.2211699867259343, -0.7069978474794232, -0.04208394111012559, -0.22131868121435, -0.7580251209442148, -0.4531498578146278, 0.27483149050135597, 0.42828366627315223, 0.34983682023194057, 0.7101574710014342, -0.06565571134115816]], "inverted": true, "swapped": false, "error_lsq": 0.040882636527087485, "error_max": 0.23939478964192892, "target": "904.xyz", "model": "19.xyz", "model_rescale": 3.9282355846067225, "target_rescale": 3.954543095940637},
{"mapping": [9, 7, 6, 5, 3, 8, 4, 0, 12, 2, 10, 13], "R": [[0.2201051323502446, 0.5750775331131386, 0.7879337292067071], [-0.891227393358953, -0.20982654319974886, 0.4021026673567967], [0.3965696206716899, -0.7907329844374467, 0.46634095175414436]], "T": [0.04280588403825902, -0.027966003003221204, -0.1157648321685597], "aligned_model": [[0.7163844324489902, 0.2032859730231248, -0.15600986651597784, -0.538555325070369, -0.615399414988096, 0.5083818694469943, -0.016242142160970648, -0.31719160558846254, 0.7162551868539356, -0.32711725999589963, 0.1614906587701212, -0.05160114714259713], [0.12046636095998357, -0.6137265693892471, -0.3800036840642393, -0.41101445332756437, 0.2217536775944029, 0.14720731419319455, 0.47831873963647137, 0.6579792781382718, -0.2848836432853465, -0.3904147342291004, 0.1686785447482872, 0.03678505968158731], [-0.06395172873929508, 0.022901949311918246, -0.6289761166331559, -0.17038334090383628, -0.3817741075658739, -0.6912427986288533, -0.4893380310359941, 0.0844297405326388, 0.3350718432655815, 0.5249410247584012, 0.7145840072224022, -0.0031780594797166106]], "inverted": false, "swapped": false, "error_lsq": 0.05067195420098247, "error_max": 0.281730137512911, "target": "904.xyz", "model": "20.xyz", "model_rescale": 4.067790424073018, "target_rescale": 3.954543095940637},
{"mapping": [6, 12, 9, 7, 1, 11, 13, 5, 2, 8, 4, 14], "R": [[-0.10487915211955895, -0.9751262611301978, 0.19526683872312695], [-0.7581728218194614, 0.20546535810169614, 0.6188359708957268], [-0.6435637774960594, -0.08314301819385095, -0.7608632615789906]], "T": [0.10355254002031378, -0.061743599785212516, -0.0500671511078168], "aligned_model": [[0.6997924413928611, 0.2748677200374602, -0.347846414642874, -0.5127388883372908, -0.6661356905697989, 0.527722765111882, 0.025275833053970048, -0.16210553814818596, 0.5289175996384046, -0.3219509537236851, 0.1515416250733767, 0.08634086019467371], [0.3212593607558146, -0.5768081377547162, -0.3977932167096492, -0.4750087953773926, 0.0899785217449792, 0.017850537235095942, 0.4845502592782064, 0.43010484799968607, -0.2881885565083328, -0.05068875736165379, 0.2602174570535416, -0.06432762969887802], [0.16292020749225355, -0.590782878380144, -0.5861264185053788, 0.02778341506794617, -0.29061969590470305, -0.5314990232111381, -0.48083307568089667, 0.13960891689574273, 0.5169506432952287, 0.3293962384249476, 0.6824017016984449, -0.12611564908808584]], "inverted": false, "swapped": false, "error_lsq": 0.05117589139647072, "error_max": 0.3512431338951287, "target": "904.xyz", "model": "21.xyz", "model_rescale": 4.186013935880536, "target_rescale": 3.954543095940637},
{"mapping": [11, 5, 2, 0, 1, 8, 9, 10, 3, 6, 4, 12], "R": [[0.7313073392235222, 0.20316892925958666, 0.6510852185246763], [-0.632570552944027, 0.5589930317455886, 0.5360795519397877], [-0.2550373916622821, -0.8038962474370611, 0.5373143886131388]], "T": [-0.023151871720272877, 0.02585253193637534, -0.06649166177479564], "aligned_model": [[0.5875892668064459, 0.27214018083770836, -0.013628035554813945, -0.5062508677708223, -0.7064352602672873, 0.3799611890824339, -0.06733107784507471, -0.10485042110233676, 0.45601640992518183, -0.1670656427186819, 0.14851473000896334, 0.0050208876790769665], [0.18284450308113473, -0.6788112514737222, -0.3849587634847746, -0.510948394765341, 0.04150638412672426, 0.15963349655765732, 0.5353581884371155, 0.8093362371422361, -0.49935556458639535, -0.22778485670592033, 0.30846852051414186, 0.01585739181384493], [-0.030232022793833677, -0.18810717131662003, -0.6836161054359438, -0.08225764139869383, -0.3272636000267064, -0.7046692580745157, -0.41849016174072473, 0.2087864945391913, 0.5224844565427965, 0.40764940438266045, 0.5802501179328503, -0.0314501305062435]], "inverted": false, "swapped": false, "error_lsq": 0.04917965575426889, "error_max": 0.28973015626370613, "target": "904.xyz", "model": "22.xyz", "model_rescale": 4.166573947596378, "target_rescale": 3.954543095940637},
{"mapping": [12, 9, 3, 8, 4, 11, 2, 1, 14, 7, 5, 15], "R": [[0.7892253406998995, 0.5025743728594904, 0.3529055983432643], [0.03332743546034497, 0.5387682985655342, -0.8417945132313678], [-0.6131986983374671, 0.6761270000567121, 0.4084600790181909]], "T": [0.06538975621859042, -0.038809052614833736, -0.016624521952849983], "aligned_model": [[0.6947836708594868, 0.20815821884551577, -0.09142292505911473, -0.5438836100080175, -0.5907549570247626, 0.521879526429619, -0.04431211529354938, -0.2713221028656915, 0.7017618127247166, -0.29414541128339966, -0.046892162810457855, 0.039831414566448176], [0.11983438218705215, -0.5721083188225472, -0.10528044709992009, -0.5594663994813863, 0.07645630723824216, -0.08960170074891083, 0.4908314095601561, 0.57525018380281, -0.379314626887131, -0.17577041089320355, 0.3526686175332242, 0.01764689426831538], [-0.10649618621074936, -0.25254447664840435, -0.5931815345038806, -0.12516498713503743, -0.3265301938359774, -0.6578191289284653, -0.4169440435888658, 0.1162492489326347, 0.307511750019144, 0.5861737007702064, 0.7080823054166373, 0.013747927816974245]], "inverted": false, "swapped": false, "error_lsq": 0.04203257340674807, "error_max": 0.27316850464158043, "target": "904.xyz", "model": "23.xyz", "model_rescale": 4.274766983524099, "target_rescale": 3.954543095940637},
{"mapping": [7, 9, 8, 0, 1, 5, 6, 2, 4, 3, 11], "R": [[0.9433370359983395, -0.27594867964205394, -0.18430291022573353], [0.15333468122039184, 0.855036522038453, -0.4953796741040422], [0.29428508635149786, 0.43904996547567715, 0.8489001211961854]], "T": [0.0006684939808714735, 0.10955202324200577, -0.09599107019469591], "aligned_model": [[0.38832252285508334, 0.2647279578526465, -0.6114240582699983, -0.5269930646067666, -0.49476894729665966, -0.6387770388787246, 0.07403169881287103, -0.010586037733911396, 0.5896136364877529, 0.35324489855884944, -0.007496863823067794], [-0.23568315552533212, 0.49102347526945744, 0.5016353785578478, -0.12070990750984059, 0.4757815248023446, -0.30356866135001803, -0.6232387157623552, 0.09822764230649447, -0.06513420361803382, 0.6152029161893277, 0.08205023788359125], [-0.42004421992590757, -0.282892885991085, -0.5322726483042775, -0.35190637076559295, 0.29654014338841106, 0.3848641648750062, -0.03993457666616959, 0.6833992814514092, 0.3012171364653603, 0.34841892494808613, -0.007822515453662943]], "inverted": true, "swapped": true, "error_lsq": 0.04129477300180367, "error_max": 0.2260336967280496, "target": "904.xyz", "model": "24.xyz", "model_rescale": 3.7841303162186577, "target_rescale": 3.954543095940637},
{"mapping": [6, 11, 10, 14, 9, 7, 8, 2, 3, 12, 5, 15], "R": [[-0.8754775786269949, 0.4801685325370181, 0.054563629669043864], [0.4246555537729928, 0.7104996213164025, 0.5611220444422063], [0.23066571043648149, 0.5144205171554641, -0.8259327221743537]], "T": [0.07438692087114822, 0.05927859308797441, -0.1869962272475434], "aligned_model": [[0.782239343275492, 0.45018369274605347, -0.24653182856954592, -0.5463032123130779, -0.507821051199235, 0.4188000275470517, -0.0906748028622787, -0.27915020271653074, 0.4959148929723523, -0.35002215629761874, 0.018835277171990746, 0.1382113793261398], [0.009011335816726966, -0.6076201445622238, -0.33585421572712565, -0.4281736434983378, 0.08169623446563984, -0.13512102345508759, 0.6053211659837333, 0.5747364849147284, -0.17223598065039641, -0.13092848392088635, 0.2429280854072195, 0.04738607588271069], [-0.05118531757620087, -0.24573658076757487, -0.7753297422987507, -0.10679000600934357, -0.13530449542437906, -0.7031298932082346, -0.3420765921632627, 0.23503184282136835, 0.4593141150154736, 0.4120614573710888, 0.6688808809268069, -0.16265128658277414]], "inverted": true, "swapped": false, "error_lsq": 0.04600976237173113, "error_max": 0.23957644001811973, "target": "904.xyz", "model": "25.xyz", "model_rescale": 4.19342608120988, "target_rescale": 3.954543095940637},
{"mapping": [10, 1, 2, 0, 4, 8, 6, 3, 9, 5, 7, 11], "R": [[0.8695468253548735, 0.4633981024803622, 0.17073522522567242], [-0.36130810008536396, 0.8326299678864386, -0.41974253226249664], [-0.3366671580774786, 0.30329776655133506, 0.8914402332613253]], "T": [0.06012633849004266, -0.05299806842280452, -0.03293684708359533], "aligned_model": [[0.6074440133440719, 0.32538798110492834, -0.16332921791101485, -0.4106686583667614, -0.6273400608651803, 0.47836894390382206, -0.02219023936698246, -0.2030370410107909, 0.3658912519298808, -0.33852106689590805, 0.2869582796830161, -0.015282826468287672], [0.2516306863245755, -0.498465285965155, -0.37994360051488807, -0.5840407812778519, 0.14063074198487496, -0.026465525372244364, 0.6303473458266153, 0.4818486160477281, -0.4671382640081938, -0.16379425014031987, 0.3385470331566326, 0.027989174594927446], [-0.10279730201146624, -0.1935372283320102, -0.7704323623943801, -0.049054124912022976, -0.3231567028385298, -0.6743456582086493, -0.48278014072451114, 0.24220142477201217, 0.5008676314866357, 0.46159761502482743, 0.7388797267625047, -0.09435849652019351]], "inverted": false, "swapped": false, "error_lsq": 0.04282400166490847, "error_max": 0.32337780875862204, "target": "904.xyz", "model": "26.xyz", "model_rescale": 3.795458400668931, "target_rescale": 3.954543095940637},
{"mapping": [10, 8, 6, 1, 0, 5, 7, 3, 11, 9, 4, 12], "R": [[0.670512696815112, -0.6287484910796247, -0.39381221206918005], [0.5377340301739378, 0.04616603899573028, 0.841849636001786], [-0.5111309384126737, -0.7762370976760515, 0.3690543753823275]], "T": [-0.05023720816676716, -0.1290246290414666, 0.04835001195140457], "aligned_model": [[0.5080448527958508, 0.28997688611576944, -0.09938336518499108, -0.41149677043064725, -0.6997369663621619, 0.38900230982624984, 0.07452633837983297, -0.32021091248900235, 0.5098857241741129, -0.2703301618737285, 0.34468361699540095, -0.03128019286589201], [0.31330609992383357, -0.6968590585786842, -0.39174761192334523, -0.5529963410599105, 0.2620319286919151, -0.05148285729451413, 0.5360770813560157, 0.5437690885026282, -0.3402747210509358, -0.15716279317543827, 0.30350194510697753, -0.0170168698418406], [0.029612479307273627, -0.2559034034605317, -0.7325137720672004, -0.15188157055317567, -0.2929680579639696, -0.5582111039700169, -0.4014075570887105, 0.18813331372806283, 0.4397708737168183, 0.41596615082879845, 0.6448577546884355, -0.07237072506156791]], "inverted": true, "swapped": false, "error_lsq": 0.04385085354069871, "error_max": 0.2879734705696569, "target": "904.xyz", "model": "27.xyz", "model_rescale": 3.6321398670334006, "target_rescale": 3.954543095940637},
{"mapping": [6, 9, 11, 10, 0, 13, 1, 3, 12, 8, 7, 14], "R": [[-0.8855192606258737, 0.3833604368581069, 0.2624698354336503], [0.15058536617366164, 0.771260693708131, -0.618450474844346], [-0.4395221115654482, -0.5081256909395688, -0.7406946710029955]], "T": [-0.01905534788283467, 0.04011675454183272, -0.07290642932412256], "aligned_model": [[0.7552417823201689, 0.2583194684773104, -0.17261407012233326, -0.4640498214336739, -0.6288607779622216, 0.4677907853485993, 0.079980633245602, -0.39834642044212654, 0.44221504000304224, -0.18619065667392187, 0.12150594708057014, 0.008689449239777488], [-0.01580552038158342, -0.5442149811395205, -0.23255797868449823, -0.5965198821820064, 0.04277022078535554, -0.059143500354933876, 0.6374557984022926, 0.5357842320131423, -0.2757639586639974, -0.15238726093796928, 0.34427979155348765, 0.06724893024693224], [-0.10817809596392089, -0.2408105541841808, -0.6337932673786759, -0.1095853645155428, -0.2053526100257001, -0.7206761231733174, -0.35688730415217185, 0.21347114315023114, 0.5361573892894429, 0.37657950858052774, 0.6261034084306218, -0.12394374795309697]], "inverted": true, "swapped": false, "error_lsq": 0.04115127020714208, "error_max": 0.2584321292703788, "target": "904.xyz", "model": "28.xyz", "model_rescale": 4.156811204709835, "target_rescale": 3.954543095940637},
{"mapping": [10, 9, 8, 1, 4, 7, 0, 6, 5, 11], "R": [[-0.026058412036106163, 0.9209962162882182, 0.38869902076663665], [-0.883284323663923, -0.20329165835768603, 0.42247047850914765], [0.46811298073405616, -0.3323228418646055, 0.8187989777981587]], "T": [-0.08221703275703567, -0.11334145035221098, 0.002840339695605848], "aligned_model": [[-0.6471788502685482, -0.08512406118408909, 0.04690780443628849, 0.5930238837516485, -0.10315704916926081, -0.6575274296467949, -0.21937522167924972, -0.5002195931842341, 0.2471151580569073, -0.031539267002079166], [-0.2979525529713551, -0.5386863789455565, 0.20256543863809806, 0.12405792362959218, -0.5225560790923118, -0.26882593281637024, 0.4547930496575412, 0.20444603821563995, 0.6521454916938043, -0.09126666738287809], [-0.5261154793871141, -0.26032006542988984, -0.7732124158196114, -0.14329077121288, 0.6088526510498415, 0.1418221426593156, -0.23242703870871786, 0.5222551344854127, 0.3439431046749337, 0.07727946466380917]], "inverted": true, "swapped": true, "error_lsq": 0.050553529429553504, "error_max": 0.24759873942631455, "target": "904.xyz", "model": "29.xyz", "model_rescale": 4.117894457231895, "target_rescale": 3.954543095940637},
