[{"mapping": [11, 4, 9, 8, 6, 5, 1, 12, 2, 0, 13], "R": [[-0.3751597025730224, -0.08629315923707792, -0.922934823394483], [0.9189531401171134, -0.16520718681722918, -0.35809455691595476], [-0.12157435516677934, -0.9824765015474015, 0.14127844872081635]], "T": [0.08914321656571889, 0.11303768245788942, -0.027571883987921226], "aligned_model": [[0.015640289591172973, -0.19377427139199205, -0.6312517971637667, 0.01434776255661313, 0.4580889666518439, 0.7220016785660415, 0.3305298257572622, -0.20382090426530514, -0.01840736528641035, -0.17636756850694907, -0.031854698060245545], [0.25375170297268135, -0.7938713963962138, 0.11102811446376698, -0.3477134053362313, -0.5463437369772921, 0.23718710958912329, 0.544606021468685, 0.6086408281288286, -0.4097961377765548, 0.26343014248230573, 0.06367450070407904], [-0.7071737711248081, -0.1318687885957782, 0.10573287059494317, -0.6542242651202409, -0.14436855082685543, -0.42314532503164193, 0.2699602774491977, 0.033003307967042955, 0.5259043252316159, 0.6811583648081396, -0.12484800232488671]], "inverted": false, "swapped": false, "error_lsq": 0.04949797027615832, "error_max": 0.2474581997940537, "target": "905.xyz", "model": "0.xyz", "model_rescale": 3.8414455957264533, "target_rescale": 3.890636853415872},
{"mapping": [0, 2, 9, 4, 3, 1, 12, 13, 6, 8, 14], "R": [[-0.18154344892806581, 0.0647571306222946, -0.981248434487857], [-0.22570189177451327, 0.9684484914560488, 0.10567012560752356], [0.9571314602502151, 0.24065334701614058, -0.16119967236077243]], "T": [0.0074364632879242165, -0.025566548372813344, -0.041742943441573754], "aligned_model": [[-0.06354216965796874, -0.2525893375250733, -0.6548104334900805, 0.061772373335009255, 0.6340638507798393, 0.7422233778774585, 0.3817763610635283, -0.30570190549341136, -0.1861845038703903, -0.1681206433313369, 0.09624494876069084], [0.26928205174777153, -0.7117095434573176, 0.05333633761290253, -0.32765302775497057, -0.39547969624515056, 0.1384462362416532, 0.4920839174907591, 0.6648364913103099, -0.537689918644178, 0.3545779482851974, -0.015437053263798836], [-0.7001833023042656, -0.12047731221694521, 0.102177389675291, -0.4907514096223792, -0.331362111171011, -0.46798921943673494, 0.3756264133536393, -0.030123759623505185, 0.5152738861804946, 0.6283109808635321, -0.05037111267138808]], "inverted": false, "swapped": false, "error_lsq": 0.043611393537227344, "error_max": 0.20730157012133774, "target": "905.xyz", "model": "1.xyz", "model_rescale": 4.316132596720782, "target_rescale": 3.890636853415872},
{"mapping": [3, 0, 4, 5, 9, 7, 10, 6, 1, 8, 11], "R": [[-0.45246480810769896, -0.5270826927610411, -0.7193465315241557], [0.025243913363331427, -0.813886075730186, 0.5804758397820038], [-0.891424894347341, 0.24448576793811092, 0.38156043690815783]], "T": [0.019710360522868706, -0.047615666812678564, 0.008605974036836564], "aligned_model": [[-0.016123477040373858, -0.33468718923792246, -0.6965448715339996, 0.04032640468639412, 0.6095694732048478, 0.6825649807738178, 0.38253496753901634, -0.3528905984571733, 0.1290772368291946, -0.07905604417772846, -0.07963896413780797], [0.31051404908934466, -0.6580611921203012, 0.03255697292506851, -0.382418958969863, -0.4945582531025918, 0.17248140335307102, 0.39429865899014804, 0.6850222816266546, -0.352067679174486, 0.25230120017820945, 0.02452526052792374], [-0.5404623746343817, -0.06671132770647588, -0.26503708091867734, -0.5420678097959847, -0.03893408253153603, -0.550538150403526, 0.27375844297329716, 0.031103193270955246, 0.44443291439349913, 0.7066970755485084, -0.022110357168950573]], "inverted": true, "swapped": false, "error_lsq": 0.04472895341388177, "error_max": 0.216212842787966, "target": "905.xyz", "model": "2.xyz", "model_rescale": 3.795458400668931, "target_rescale": 3.890636853415872},
{"mapping": [7, 1, 0, 8, 6, 9, 5, 4, 2, 10, 11], "R": [[0.20948895956056157, 0.23883498619182714, 0.9481941917102127], [0.4981659535208114, 0.8083558973898215, -0.31367407592562924], [-0.841394710332157, 0.5380693194429937, 0.05036217726845631]], "T": [0.02468144679311722, -0.023844590724875867, -0.023914485291872893], "aligned_model": [[-0.1983656726521144, -0.28451534608617735, -0.7504391141833361, 0.4188804172672485, 0.39589879091316, 0.5922288720555468, 0.534937208628045, -0.1842836100515285, -0.08362580573824129, -0.07029866458418849, -0.08528515712014896], [0.21779778528076932, -0.5411456010508424, 0.08266912874146222, -0.4531286640641019, -0.47733718172264045, 0.3855152640383531, 0.39656713813572, 0.5738465853693371, -0.5069130465578703, 0.2645015893938517, 0.04222074575913971], [-0.7132338896622292, -0.20575466222905117, -0.03104804630553064, -0.5443809040796296, 0.03804074011728754, -0.5385688083024625, 0.2142401940657381, 0.07635313839906274, 0.5614398667404779, 0.6445509171440765, -0.07150810286101192]], "inverted": false, "swapped": false, "error_lsq": 0.056658460266452784, "error_max": 0.338936643001602, "target": "905.xyz", "model": "3.xyz", "model_rescale": 3.7530521520055578, "target_rescale": 3.890636853415872},
{"mapping": [4, 3, 9, 2, 1, 0, 7, 6, 5, 8, 10], "R": [[-0.7576922538457134, -0.25332790727562166, -0.6014377938386954], [-0.3909389266764544, -0.5617456893536905, 0.7291148991082331], [-0.5225602396578455, 0.7875701568037613, 0.32659461728698785]], "T": [-0.0268590397041789, -0.05828275575684915, -0.0478548571686512], "aligned_model": [[-0.15961495104139048, -0.34403770739038225, -0.5484811257588728, 0.09698004635031539, 0.5745491776015934, 0.5497733621837855, 0.3385498799629034, -0.1024965328402501, 0.01900771290908444, -0.18468640259206298, 0.04558845906354142], [0.31369725275757476, -0.7338459894079842, -0.054220193932332676, -0.3697003512311019, -0.5645057469668839, 0.4310630146681196, 0.17032559048226176, 0.6719553660771627, -0.42087424686981745, 0.5532435134236542, -0.012544465677474526], [-0.6673043270063498, -0.19978179749895528, 0.11107174153206192, -0.6386500374310093, -0.1313552172709285, -0.37687791993179426, 0.368516955050862, -0.1336849083881657, 0.5718090788218974, 0.6174312750181928, -0.0910443998690837]], "inverted": false, "swapped": false, "error_lsq": 0.055103668892501664, "error_max": 0.29107031575246906, "target": "905.xyz", "model": "4.xyz", "model_rescale": 3.7855080009869324, "target_rescale": 3.890636853415872},
{"mapping": [10, 13, 14, 8, 6, 7, 4, 3, 11, 1, 16], "R": [[-0.8361704251476416, 0.5484292394044836, 0.006662542655153092], [-0.1134037685557369, -0.16099213650353472, -0.9804188478713494], [-0.5366177460593052, -0.8205528022926049, 0.1968108057602127]], "T": [-0.08842921867280319, 0.07559389855510673, -0.06366866586889898], "aligned_model": [[0.004357324159471446, -0.17938878637017064, -0.7565943857817263, 0.062215433002206846, 0.4328321109238298, 0.5932303604351041, 0.5378380591280629, -0.3108857464173004, 0.06399604286666986, -0.0208071865228035, -0.14166130697507875], [0.316986355501279, -0.6431365455511071, -0.028344834597620605, -0.35205233297480737, -0.3037355699055474, 0.18855238098529586, 0.2564881415604318, 0.7240525925624717, -0.48148844690043396, 0.22499334629756443, 0.08227865634565193], [-0.7449062259556938, -0.06820128482389302, -0.04246848318619732, -0.6019388243800299, 0.03866827121380989, -0.35341005285634286, 0.28571272096899636, -0.17516315375670732, 0.48301408338034946, 0.6753922279494134, -0.06656883552697741]], "inverted": false, "swapped": false, "error_lsq": 0.046695153156071645, "error_max": 0.226471580464014, "target": "905.xyz", "model": "5.xyz", "model_rescale": 4.2253639853439635, "target_rescale": 3.890636853415872},
{"mapping": [8, 4, 1, 5, 6, 11, 12, 9, 3, 0, 13], "R": [[-0.279069879499306, 0.06009125020738709, -0.9583887749784826], [-0.5283967228125936, -0.8429675856371986, 0.10100768726143547], [-0.8018209935373072, 0.5345976909915586, 0.2669988822248888]], "T": [-0.020174909135485645, -0.0585919619775453, -0.1047746014651684], "aligned_model": [[-0.1805788639042736, -0.4906136218071907, -0.7485571999862703, 0.23167883534239359, 0.5389417544256085, 0.6567218160932141, 0.6505293396014278, -0.21665723024878955, 0.13622372894009793, -0.285458730239344, -0.0070979097686090925], [0.3632287313996743, -0.5332365590065019, 0.029070628816389006, -0.2873579409262294, -0.35645988061745243, 0.1919603399208184, 0.4881119099704823, 0.5153835502945198, -0.531487907639962, 0.20862294304539902, -0.10324207193395893], [-0.6897555836620134, 0.1282731111121803, -0.12669013268220605, -0.6386070515080693, 0.006496363734874472, -0.3956150322881232, 0.24538886263741197, -0.03737106826896083, 0.4001198065871425, 0.6032390552680297, -0.06534788790353793]], "inverted": true, "swapped": false, "error_lsq": 0.049448507180580664, "error_max": 0.2659993099298726, "target": "905.xyz", "model": "6.xyz", "model_rescale": 3.89814844738969, "target_rescale": 3.890636853415872},
{"mapping": [8, 0, 7, 6, 5, 9, 10, 11, 2, 4, 12], "R": [[-0.40034563335166656, 0.9088829015767743, -0.11685565915965188], [0.09672025340752377, 0.1687193052760077, 0.9809072273196717], [0.911245612574918, 0.38139961621449625, -0.15545342168764759]], "T": [-0.09984263918218927, -0.06927605755256089, -0.05954132811852234], "aligned_model": [[-0.153618302930512, -0.337061349573718, -0.7477776764292114, 0.10016351491850065, 0.6080426487055042, 0.6475468045208641, 0.45854470629431154, -0.13619883190112608, 0.15353056577845453, -0.29597055483292056, -0.012069606101881888], [0.27547170198560034, -0.6111229383548316, 0.03762136015068142, -0.39272337721259565, -0.3678925837513062, 0.25833777287052384, 0.20164335897990077, 0.7380491494505064, -0.29674475330427885, 0.1554454921131388, -0.013491439604161132], [-0.6391480332182644, -0.025782941407385164, -0.06481476552068635, -0.6187865522862113, -0.17046108964900725, -0.4228925034178032, 0.3325172200723618, -0.1069186076040319, 0.5614319853031983, 0.511886580022671, 0.07309915073188666]], "inverted": false, "swapped": false, "error_lsq": 0.04393335087435069, "error_max": 0.26005376344899434, "target": "905.xyz", "model": "7.xyz", "model_rescale": 3.7474275329858107, "target_rescale": 3.890636853415872},
{"mapping": [5, 2, 4, 3, 0, 6, 10, 11, 1, 12, 14], "R": [[-0.9299972543200972, 0.16687881985499142, -0.32750048311550023], [-0.27666778798332514, 0.2687868128600175, 0.9226096597830352], [0.24199182227813928, 0.9486332846344575, -0.20380100400671775]], "T": [-0.07284283809538476, 0.0955957504730365, -0.0165935825889192], "aligned_model": [[0.032873292569367524, -0.42660797403586376, -0.8189354159080557, 0.1604339486775529, 0.49463206511826524, 0.6155877853466468, 0.5321273304330139, -0.1538803643997802, 0.05443232220040346, -0.09046565141634666, -0.11506542013693837], [0.2322284330566943, -0.6639951931779343, -0.13655998460436264, -0.32861459354120537, -0.2366929160225741, 0.12408910533801541, 0.49914293420153033, 0.6964804235866531, -0.5359734982552746, 0.2736059368463115, 0.06088309589532488], [-0.7117029795827694, -0.09697593616411884, -0.05752554869172961, -0.5455189665220637, 0.025474385845377576, -0.4549878159377381, 0.1988690020604451, 0.12070348415860309, 0.37034715923376693, 0.57386761748892, 0.007580041138034663]], "inverted": false, "swapped": false, "error_lsq": 0.04712353019346451, "error_max": 0.22048808277755075, "target": "905.xyz", "model": "8.xyz", "model_rescale": 4.019505241142653, "target_rescale": 3.890636853415872},
{"mapping": [6, 3, 5, 2, 0, 1, 9, 11, 4, 8, 12], "R": [[0.9864606576491873, 0.15189005787884247, -0.06184481569133092], [0.0573399653447155, -0.6727455746910538, -0.7376486427208218], [-0.15364732111104196, 0.7241151856239212, -0.6723464126952972]], "T": [0.10606122819092849, 0.07763845315162257, -0.11277282932901495], "aligned_model": [[-0.26189647675343153, -0.3063243344361201, -0.550144380206013, 0.07072464938702955, 0.42099881539083767, 0.7373040561848747, 0.39602391292400985, -0.2539462307438394, -0.08927224309412334, 0.05277634668478099, 0.06888780311025922], [0.3476160697636519, -0.6730902991194614, -0.05603491747909567, -0.3244487637392883, -0.4625985388308522, 0.13900231231000218, 0.6023320145903719, 0.5429768843691407, -0.4987870386901655, 0.28540091535230805, 0.08222510479656667], [-0.6782646965273547, -0.1820930716254805, -0.06749205377713267, -0.5452648621203896, 0.06500339724112278, -0.34530728068182454, 0.21579736024628376, 0.0899691197992796, 0.45040845462296936, 0.5276429825379989, -0.10026890668874475]], "inverted": true, "swapped": false, "error_lsq": 0.056230483774540325, "error_max": 0.2641176025917877, "target": "905.xyz", "model": "9.xyz", "model_rescale": 3.877068213659057, "target_rescale": 3.890636853415872},
{"mapping": [5, 8, 7, 0, 11, 12, 6, 3, 9, 13, 15], "R": [[-0.7758915938754865, -0.6240351645051206, -0.0925869754038033], [-0.5456191495963133, 0.7374544634761379, -0.3980711718938184], [0.31668908750879526, -0.25834284925305956, -0.9126702548525716]], "T": [-0.02593185336929817, 0.03757514388785618, 0.08440348902978029], "aligned_model": [[-0.08716744019183532, -0.2559781897794254, -0.7854928897461202, 0.18088894606797315, 0.45886948753806545, 0.542570320843178, 0.4355007011029007, -0.05448090198907411, -0.0505515112352167, -0.10073264014466064, 0.0017060359824802064], [0.36869506047101375, -0.6783044246295736, -0.21094698438935922, -0.2704739277020233, -0.4696605276915917, 0.19532463457038127, 0.4183039645898171, 0.650588374507579, -0.4930268048168832, 0.468910548702676, 0.005183829711142639], [-0.6210079129130803, -0.08856489620773944, -0.0816999522095263, -0.6199380204998879, -0.1443647552600969, -0.37398018412909356, 0.23417043426471265, -0.07734036289758506, 0.4761952045840418, 0.721579372765734, 0.005081515529249445]], "inverted": true, "swapped": false, "error_lsq": 0.04176305030075151, "error_max": 0.19324059952549194, "target": "905.xyz", "model": "10.xyz", "model_rescale": 4.260839863003843, "target_rescale": 3.890636853415872},
{"mapping": [8, 4, 10, 2, 3, 1, 0, 7, 5, 6, 11], "R": [[0.05794567813464223, 0.646770433217458, 0.7604803121062492], [-0.99807596250132, 0.05436465937592373, 0.029813703024005822], [-0.022060631509099538, -0.7607446947081797, 0.6486762197050069]], "T": [-0.052423020767957795, -0.024868618901937554, -0.13133746979793584], "aligned_model": [[-0.2797693737331877, -0.3493868476224741, -0.6426552677908609, 0.23940969667219897, 0.5515941803549329, 0.5548199491540914, 0.4563417745984256, -0.05858963731757682, -0.04071203247199434, -0.13149703829496073, -0.014423485100329592], [0.24424004107004374, -0.6941268377859325, 0.08483750021459566, -0.4079156771041719, -0.3643337426456374, 0.21315733732865388, 0.4519091413346111, 0.6248133950089355, -0.41674985377865836, 0.2246532718539027, 0.024109167826835518], [-0.757043129018177, -0.1283742625211994, 0.05011294779564368, -0.6196670126023384, 0.022804419129476394, -0.4441637199465659, 0.4014623235528594, -0.044845372336449335, 0.41902863812707614, 0.6653691640642391, -0.13455355321783646]], "inverted": true, "swapped": false, "error_lsq": 0.042209441808194914, "error_max": 0.19310410969027436, "target": "905.xyz", "model": "11.xyz", "model_rescale": 3.890672605050136, "target_rescale": 3.890636853415872},
{"mapping": [3, 5, 7, 8, 6, 1, 2, 4, 9, 10, 13], "R": [[0.21024738901662743, -0.3545467530024755, 0.9110941967475663], [-0.9038409320945007, -0.4257114654273295, 0.04291057765004114], [0.37264943966445935, -0.832506064926327, -0.4099585917853743]], "T": [0.1489547330028349, -0.05536157498051318, -0.02354786929348359], "aligned_model": [[-0.27143955180491064, -0.39911745050742264, -0.6824604897150448, -0.006343793801138753, 0.5729225759911512, 0.8089385989989114, 0.33348046343965804, -0.07468200417498244, 0.10989837782323505, -0.10074396221246076, -0.005320845588730333], [0.33852889684907916, -0.6024403910375824, -0.07032377911154422, -0.37898209939844835, -0.42721631943872634, 0.23320820123444996, 0.5375072216846114, 0.6081249393987008, -0.6448378934991741, 0.37895384017559397, 0.012071126466218482], [-0.7454772962493882, 0.04921085883554372, -0.21193319291748977, -0.6483223642803623, -0.14201162357009303, -0.3175666973816819, 0.3228925706298781, -0.05234541860800803, 0.4832190268700017, 0.7171012961067882, -0.024636716408460886]], "inverted": true, "swapped": false, "error_lsq": 0.043870379225157484, "error_max": 0.2030411710385655, "target": "905.xyz", "model": "12.xyz", "model_rescale": 4.124412569039231, "target_rescale": 3.890636853415872},
{"mapping": [9, 5, 0, 7, 10, 11, 2, 6, 4, 1, 12], "R": [[0.8056006148783007, 0.47546561413761856, -0.3534686677492665], [-0.5364168231314205, 0.838650397706037, -0.09445899792555905], [0.25152463332504543, 0.26570276664017556, 0.9306650303038457]], "T": [-0.15157327253679861, 0.031978499066538366, -0.13097137903422268], "aligned_model": [[-0.06275803854142269, -0.2948808457238933, -0.6080160694835035, -0.06649762849896364, 0.49716489922852924, 0.8098825451586993, 0.5234044355830829, -0.32131332220571673, 0.03577125809968959, -0.1873988948996811, -0.04022642026855536], [0.32866894867718077, -0.7117810074533646, -0.16735226779287887, -0.3459385408568965, -0.3103762678583174, 0.25762780650951994, 0.14726361594956477, 0.6788584927537634, -0.39408374366581034, 0.5101311350807511, -0.008424428020333927], [-0.6901921791843724, -0.12543829664658926, 0.16684502731830048, -0.6239404655326568, -0.21185197223134644, -0.25441351935299317, 0.39201040747025945, -0.14961015822409154, 0.5027866567396853, 0.5270186515617619, -0.10308370889123003]], "inverted": false, "swapped": false, "error_lsq": 0.05519454288786783, "error_max": 0.27670046258526265, "target": "905.xyz", "model": "13.xyz", "model_rescale": 3.9028299243045295, "target_rescale": 3.890636853415872},
{"mapping": [3, 1, 2, 6, 9, 7, 10, 4, 11, 13, 15], "R": [[-0.4619955716328646, 0.1834067720491097, 0.8677108088286956], [0.3316591272273659, -0.8716679231255715, 0.36082856749533476], [0.8225340814327422, 0.4544854098433516, 0.3418781904730339]], "T": [-0.16166733125337243, 0.06803914977434491, 0.02706461038949705], "aligned_model": [[-0.15610986249926453, -0.29377607484367513, -0.8022361827331123, 0.020022259268521858, 0.502523567539852, 0.6438045244339728, 0.43905975928606833, -0.025074221385350065, 0.04703892032915685, -0.033053929388767694, -0.05706684155913716], [0.21884363740500232, -0.5637615039003671, -0.14740788352111234, -0.35029802746411254, -0.31570418969249936, 0.2304297623600841, 0.45392617519455114, 0.7038826767829072, -0.5563310329833328, 0.2748466313906237, 0.03616749775143349], [-0.5778457683358585, -0.04759441201238422, -0.2651748323862816, -0.4591361311621618, -0.08445649002986629, -0.3543437462006326, 0.24053771959376696, -0.16374578078614876, 0.36241556651075324, 0.7842571950095396, -0.004782877173998487]], "inverted": false, "swapped": false, "error_lsq": 0.04397161483346639, "error_max": 0.24209679429920786, "target": "905.xyz", "model": "14.xyz", "model_rescale": 3.942246331269136, "target_rescale": 3.890636853415872},
{"mapping": [10, 3, 5, 4, 13, 11, 8, 6, 12, 0, 14], "R": [[-0.31000347712105003, 0.010075513448790291, 0.9506820331749211], [-0.15014689276643825, 0.9868764850416303, -0.05941981037045154], [-0.9388044283904087, -0.16116230111480778, -0.30442233481454306]], "T": [-0.09205337040656555, 0.07387231381564846, -0.06593232097408971], "aligned_model": [[-0.14902222686402836, -0.3725932836825979, -0.7059487404971879, 0.05893102023957253, 0.5708289694817353, 0.5386277686685459, 0.4118530523211057, 0.09720116572528348, 0.14771638048774619, -0.19457466343822155, -0.11788752399368863], [0.20138109708866594, -0.5845997740647775, -0.05547251927309388, -0.27588558701474675, -0.3967811790446209, 0.252118081955534, 0.47869164791992275, 0.5896359004808394, -0.5663816893674862, 0.27561843638520434, 0.06626932825773728], [-0.7655726397274656, -0.1311994416560641, 0.02989015511402493, -0.5115073444106983, -0.0673950676902009, -0.35676005626027585, 0.3595562807028112, -0.17062249511759614, 0.38202028380324415, 0.6337142822275011, 0.028006486041446954]], "inverted": false, "swapped": false, "error_lsq": 0.04601810724814979, "error_max": 0.2947201573711458, "target": "905.xyz", "model": "15.xyz", "model_rescale": 4.355366556412066, "target_rescale": 3.890636853415872},
{"mapping": [3, 0, 4, 5, 9, 7, 10, 6, 1, 8, 11], "R": [[-0.45246480810769896, -0.5270826927610411, -0.7193465315241557], [0.025243913363331427, -0.813886075730186, 0.5804758397820038], [-0.891424894347341, 0.24448576793811092, 0.38156043690815783]], "T": [0.019710360522868706, -0.047615666812678564, 0.008605974036836564], "aligned_model": [[-0.016123477040373858, -0.33468718923792246, -0.6965448715339996, 0.04032640468639412, 0.6095694732048478, 0.6825649807738178, 0.38253496753901634, -0.3528905984571733, 0.1290772368291946, -0.07905604417772846, -0.07963896413780797], [0.31051404908934466, -0.6580611921203012, 0.03255697292506851, -0.382418958969863, -0.4945582531025918, 0.17248140335307102, 0.39429865899014804, 0.6850222816266546, -0.352067679174486, 0.25230120017820945, 0.02452526052792374], [-0.5404623746343817, -0.06671132770647588, -0.26503708091867734, -0.5420678097959847, -0.03893408253153603, -0.550538150403526, 0.27375844297329716, 0.031103193270955246, 0.44443291439349913, 0.7066970755485084, -0.022110357168950573]], "inverted": true, "swapped": false, "error_lsq": 0.04472895341388177, "error_max": 0.216212842787966, "target": "905.xyz", "model": "16.xyz", "model_rescale": 3.795458400668931, "target_rescale": 3.890636853415872},
{"mapping": [8, 0, 7, 6, 5, 9, 10, 11, 2, 4, 12], "R": [[-0.40034563335166656, 0.9088829015767743, -0.11685565915965188], [0.09672025340752377, 0.1687193052760077, 0.9809072273196717], [0.911245612574918, 0.38139961621449625, -0.15545342168764759]], "T": [-0.09984263918218927, -0.06927605755256089, -0.05954132811852234], "aligned_model": [[-0.153618302930512, -0.337061349573718, -0.7477776764292114, 0.10016351491850065, 0.6080426487055042, 0.6475468045208641, 0.45854470629431154, -0.13619883190112608, 0.15353056577845453, -0.29597055483292056, -0.012069606101881888], [0.27547170198560034, -0.6111229383548316, 0.03762136015068142, -0.39272337721259565, -0.3678925837513062, 0.25833777287052384, 0.20164335897990077, 0.7380491494505064, -0.29674475330427885, 0.1554454921131388, -0.013491439604161132], [-0.6391480332182644, -0.025782941407385164, -0.06481476552068635, -0.6187865522862113, -0.17046108964900725, -0.4228925034178032, 0.3325172200723618, -0.1069186076040319, 0.5614319853031983, 0.511886580022671, 0.07309915073188666]], "inverted": false, "swapped": false, "error_lsq": 0.04393335087435069, "error_max": 0.26005376344899434, "target": "905.xyz", "model": "17.xyz", "model_rescale": 3.7474275329858107, "target_rescale": 3.890636853415872},
{"mapping": [6, 5, 12, 4, 8, 0, 1, 2, 10, 11, 13], "R": [[-0.04060393965742276, 0.5347476931822318, 0.8440356773979274], [-0.6825378381818074, -0.6317723938633241, 0.3674312749376542], [0.7297214670916579, -0.5611671292836801, 0.39063798263496075]], "T": [-0.02727760041161321, 0.05619422574592945, 0.04387162337363143], "aligned_model": [[-0.11522230341876462, -0.3201345602417161, -0.7346151770077071, 0.11650160829280047, 0.47535890564317895, 0.6425955666019486, 0.3490838640081556, 0.04745372850619055, -0.06380247422647216, -0.12710607434274226, 0.015018834633393072], [0.24879730976568057, -0.5845333723896453, -0.1431425992839477, -0.346245901708767, -0.4480537371187284, 0.27161566749069943, 0.5573570077905117, 0.673398225481494, -0.5114945640689397, 0.14649030680169314, 0.12040540056312768], [-0.6978618818015065, -0.12021031572016574, 0.18234655336340558, -0.667883464405294, -0.0558529269967428, -0.40779853651375203, 0.3366280593452738, -0.29862972698616336, 0.43481246541344, 0.7535317922887306, -0.028951574960497703]], "inverted": true, "swapped": false, "error_lsq": 0.052119256240420526, "error_max": 0.3051185155293627, "target": "905.xyz", "model": "18.xyz", "model_rescale": 3.922800546911778, "target_rescale": 3.890636853415872},
{"mapping": [5, 13, 12, 8, 6, 1, 2, 0, 11, 9, 14], "R": [[0.19190956363311998, -0.6761844970066563, -0.7112982815907829], [-0.11521127398139785, 0.7042362283409569, -0.7005552776474437], [0.974626637094292, 0.2163928388370533, 0.05724558992893972]], "T": [0.030737197646481855, -0.07138243280420173, -0.03590846156681177], "aligned_model": [[-0.2196132634790806, -0.33358330318002094, -0.7215953264875175, 0.07119510420484113, 0.6457347772101336, 0.5861824298353971, 0.38106807072940563, -0.05614360259291252, -0.06939065693157548, 0.03819700906332007, -0.03691931992372568], [0.279315638368021, -0.6520815191307665, -0.034363306977238134, -0.3942175454817559, -0.3369437867564873, 0.2920174046678893, 0.397632992486635, 0.7442661058449791, -0.4828767153216862, 0.23255767450241013, -0.06071319887882258], [-0.665884040201425, 0.00736844494467935, -0.2622696817872506, -0.5541085212358596, -0.20029494620283728, -0.3636342251248596, 0.3769132590245326, -0.19594540613304695, 0.5367087587137356, 0.7192788981652312, 0.031997902863828045]], "inverted": false, "swapped": false, "error_lsq": 0.041208869521722195, "error_max": 0.2183224599079702, "target": "905.xyz", "model": "19.xyz", "model_rescale": 3.9282355846067225, "target_rescale": 3.890636853415872},
{"mapping": [2, 3, 1, 5, 6, 7, 9, 10, 4, 11, 13], "R": [[-0.47043027064957693, -0.8800254717827052, -0.06519608477656319], [-0.4696499078144938, 0.31223656508736203, -0.8257949451966167], [0.7470771878102043, -0.3578596043647181, -0.5601894135178959]], "T": [0.17343482467152913, -0.009160886354260546, 0.020332550278216066], "aligned_model": [[-0.16853368906168734, -0.27850677366771504, -0.5097021435630692, 0.03659982148571009, 0.4911680015205323, 0.5514961762012711, 0.5081058803528606, -0.2593726659953923, 0.0208302055182987, -0.12666024125587463, 0.019707346913330925], [0.3101892775356523, -0.61019323406774, -0.08066983402417013, -0.3797928013063076, -0.5359196955271744, 0.20879399412663097, 0.4170786470713033, 0.734323190157156, -0.359387480431868, 0.2528035773098068, 0.027368102479889182], [-0.657745040266154, -0.009060949583987454, -0.2791856450638966, -0.5555131910194924, -0.19970117292174708, -0.4242605906199401, 0.4501464284535089, -0.025964890126563833, 0.5237419343322962, 0.6158833394718659, -0.008209779629162028]], "inverted": true, "swapped": false, "error_lsq": 0.043074929203199545, "error_max": 0.28892141519774994, "target": "905.xyz", "model": "20.xyz", "model_rescale": 4.067790424073018, "target_rescale": 3.890636853415872},
{"mapping": [2, 7, 8, 0, 12, 3, 11, 6, 9, 13, 14], "R": [[-0.6803879819024296, 0.6589240766910713, -0.3207666679060633], [0.7244339499351502, 0.5385741803273949, -0.4302711987410164], [-0.11075940711332692, -0.5251256168208652, -0.8437863712423959]], "T": [-0.10985731267642501, 0.058626722911343736, 0.010009058704257376], "aligned_model": [[-0.09334053134648398, -0.362193301291672, -0.6225305146078906, -0.06097431469643441, 0.5710208659887921, 0.5833717318752731, 0.4248801104138867, -0.038927734927732105, 0.09237120264511844, -0.13664285839649723, -0.07190273720809531], [0.29458086594074445, -0.6406369682271839, -0.15544766166010032, -0.3371238181463412, -0.28632504773165507, 0.26031821330792626, 0.3169584692831775, 0.7762249776369223, -0.5859576968392578, 0.3109541107729831, 0.03104829898596277], [-0.6955224925822121, -0.05340069065397664, -0.11846756413721428, -0.5777408807104539, 0.07654512896305737, -0.43998988700824637, 0.26565109582327195, -0.15605912762463386, 0.39428038586062353, 0.662494253135976, 0.07234022196053623]], "inverted": true, "swapped": false, "error_lsq": 0.0425444372302703, "error_max": 0.23440993499601676, "target": "905.xyz", "model": "21.xyz", "model_rescale": 4.186013935880536, "target_rescale": 3.890636853415872},
{"mapping": [8, 1, 9, 2, 0, 5, 3, 11, 7, 4, 12], "R": [[0.5482702569499406, -0.7706848404743527, -0.32472234602359595], [0.6021639484772743, 0.09435245559766949, 0.7927775181455061], [-0.5803432643688602, -0.6301924236181451, 0.5158092716460065]], "T": [-0.033385848643400454, -0.009853047992741271, 0.000857653298430322], "aligned_model": [[-0.34222138404943325, -0.15039874586360708, -0.6271854622150713, 0.16952570916459292, 0.4567578001805309, 0.6098539777075498, 0.6620278229905225, -0.15160202938969497, -0.23009474104345345, -0.09928216177699599, -0.012248867256674713], [0.27098649429422034, -0.7262723554600528, -0.0728111269050785, -0.1616304743331562, -0.5362871954366514, 0.18613322742317748, 0.5225816460291635, 0.6083755310864051, -0.4421579340931709, 0.3121212139937625, 0.023554716724559072], [-0.6421181582700415, -0.08955580645473274, -0.1691101655971902, -0.6959132670379486, -0.06558580333153138, -0.38172656195286725, 0.2928367221424403, -0.0519091670662494, 0.5600909114164471, 0.6486279824291424, 0.024493756749259552]], "inverted": false, "swapped": false, "error_lsq": 0.057012671062519164, "error_max": 0.2879956709485324, "target": "905.xyz", "model": "22.xyz", "model_rescale": 4.166573947596378, "target_rescale": 3.890636853415872},
{"mapping": [9, 2, 12, 3, 4, 8, 7, 10, 1, 5, 15], "R": [[-0.7833541820876211, -0.6144885757635574, -0.09359495532297069], [-0.27046300182728245, 0.201395553786839, 0.9414295489081845], [-0.5596480948313945, 0.76278674685063, -0.3239604741023559]], "T": [-0.10371900735733103, 0.016245378888073127, -0.10911712560897854], "aligned_model": [[-0.09861482157388272, -0.15650740085045975, -0.75455893294503, 0.04997644318868297, 0.48589792741292875, 0.623295340506125, 0.2956630209366439, -0.03249905872285405, 0.052153114732617356, -0.08558609994170381, -0.09408761429480292], [0.2552579057949407, -0.6497691632086866, -0.016931956521268852, -0.36802506632148857, -0.4207490365001422, 0.16850383042078637, 0.445916070599844, 0.7523871960305897, -0.39214706934868954, 0.21779997393028797, -0.00764894155299467], [-0.6598404005403872, -0.028822328659551838, -0.17758617632060675, -0.5451682526984143, -0.14434870968106908, -0.42903374311847897, 0.29986544102428836, 0.009052993603513942, 0.45392687857319947, 0.6971761982424411, -0.04509145739820751]], "inverted": false, "swapped": false, "error_lsq": 0.04164348811695327, "error_max": 0.22294847969247023, "target": "905.xyz", "model": "23.xyz", "model_rescale": 4.274766983524099, "target_rescale": 3.890636853415872},
{"mapping": [5, 2, 4, 3, 0, 6, 8, 7, 1, 9, 10], "R": [[-0.6689697477242452, 0.6769819055019958, 0.30687941646947703], [-0.17416525280611958, 0.25860510169369744, -0.9501525488535896], [-0.7225966657442728, -0.6890710420565352, -0.05509226492331193]], "T": [0.130570931114638, -0.002843284340775911, -0.0703271706690001], "aligned_model": [[-0.3145926771958677, -0.4471534826986848, -0.5637387171379857, 0.07615902909487832, 0.670776238437861, 0.5470873434430452, 0.5625758539321026, -0.045434362567771974, -0.06349845136927926, -0.2741255952860291, 0.13707673979599674], [0.36192284713836725, -0.7712332104652067, -0.05802697739561355, -0.31136098119533434, -0.49918808327543, 0.2781532787046147, 0.44739337318400985, 0.6024097736865074, -0.35803728512355004, 0.3077120403957429, -0.015151032330929265], [-0.6491328200661199, -0.13577137502872771, -0.1210172019835062, -0.53709312855161, 0.019056321490276584, -0.5204050149742473, 0.3242229865819404, -0.009307921032607157, 0.44070871563845593, 0.6133698147260702, 0.0055000662268033795]], "inverted": true, "swapped": false, "error_lsq": 0.04792199516391485, "error_max": 0.2402760470513785, "target": "905.xyz", "model": "24.xyz", "model_rescale": 3.7841303162186577, "target_rescale": 3.890636853415872},
{"mapping": [9, 3, 5, 13, 11, 10, 0, 8, 6, 1, 15], "R": [[-0.5386505392004608, -0.7323405294266897, 0.41657285746684036], [0.6662444490635612, -0.06759048979706164, 0.7426640288723999], [-0.5157266046182265, 0.6775757335147333, 0.5243254663288122]], "T": [0.04023818465931225, 0.08438347294498721, -0.09274602331880151], "aligned_model": [[-0.09805307590637499, -0.32648106185710507, -0.7855758019075307, 0.033453840303725745, 0.4871535889453367, 0.695241694476893, 0.43131648544131257, -0.1336471177640126, 0.05235797300640334, -0.10553394411094003, 0.034899337820557], [0.4083252822640539, -0.628534549284822, -0.18720625291607795, -0.5197485320223307, -0.5373032131188202, 0.30242112343629957, 0.48944624383831675, 0.6118294475728898, -0.422694828857141, 0.440175884185388, 0.027883138225422238], [-0.5597341815759099, -0.013583055666501379, -0.20940375277112933, -0.5897153287259602, -0.14931328368684366, -0.451473064914605, 0.3808697108426327, 0.1097939211090412, 0.4217937310393241, 0.5438061272397635, -0.0529103798630845]], "inverted": true, "swapped": false, "error_lsq": 0.04513270729095604, "error_max": 0.21438606037632113, "target": "905.xyz", "model": "25.xyz", "model_rescale": 4.19342608120988, "target_rescale": 3.890636853415872},
{"mapping": [3, 0, 4, 5, 9, 7, 10, 6, 1, 8, 11], "R": [[-0.45246480810769896, -0.5270826927610411, -0.7193465315241557], [0.025243913363331427, -0.813886075730186, 0.5804758397820038], [-0.891424894347341, 0.24448576793811092, 0.38156043690815783]], "T": [0.019710360522868706, -0.047615666812678564, 0.008605974036836564], "aligned_model": [[-0.016123477040373858, -0.33468718923792246, -0.6965448715339996, 0.04032640468639412, 0.6095694732048478, 0.6825649807738178, 0.38253496753901634, -0.3528905984571733, 0.1290772368291946, -0.07905604417772846, -0.07963896413780797], [0.31051404908934466, -0.6580611921203012, 0.03255697292506851, -0.382418958969863, -0.4945582531025918, 0.17248140335307102, 0.39429865899014804, 0.6850222816266546, -0.352067679174486, 0.25230120017820945, 0.02452526052792374], [-0.5404623746343817, -0.06671132770647588, -0.26503708091867734, -0.5420678097959847, -0.03893408253153603, -0.550538150403526, 0.27375844297329716, 0.031103193270955246, 0.44443291439349913, 0.7066970755485084, -0.022110357168950573]], "inverted": true, "swapped": false, "error_lsq": 0.04472895341388177, "error_max": 0.216212842787966, "target": "905.xyz", "model": "26.xyz", "model_rescale": 3.795458400668931, "target_rescale": 3.890636853415872},
{"mapping": [5, 11, 10, 8, 1, 6, 0, 7, 9, 3, 12], "R": [[0.580521836543169, -0.7713464225543945, 0.2608047041544378], [-0.6418940562298121, -0.6305991223869081, -0.4362531001857758], [0.5009654857107276, 0.08584546148398947, -0.8611992445823533]], "T": [0.029852129259994104, -0.16849931715662939, 0.052367538713182005], "aligned_model": [[-0.10592164185692322, -0.4533844059606558, -0.6128588668125748, 0.17025732051192907, 0.5986579157942211, 0.5091096291649683, 0.47288548441487943, -0.2172447113654455, 0.06720571785028753, -0.15131239355191325, 0.007737870259492321], [0.22669249639009856, -0.659387310360128, 0.0948268320351334, -0.4367157712323574, -0.3016074460819149, 0.15616155215418812, 0.43514996255506944, 0.6028005317570527, -0.40038717722943495, 0.275851717306296, -0.008791643970824742], [-0.573930618287598, -0.14020977274878077, -0.10659265500988704, -0.6102771821883904, -0.04300213031433461, -0.535930454143367, 0.41375678235038066, -0.012807556592259295, 0.4118213186149801, 0.613445191711338, 0.013857519634645862]], "inverted": false, "swapped": false, "error_lsq": 0.039181861939406676, "error_max": 0.23114434077351595, "target": "905.xyz", "model": "27.xyz", "model_rescale": 3.6321398670334006, "target_rescale": 3.890636853415872},
{"mapping": [7, 0, 8, 3, 1, 4, 6, 12, 11, 9, 14], "R": [[-0.21485940040005116, 0.9692008856483556, 0.1203539833913844], [-0.9766425455208794, -0.21294542036423234, -0.028698192005730615], [-0.0021854835226724906, -0.12370889702985607, 0.9923161454180965]], "T": [-0.02371888607751087, -0.10496348122135124, 0.023962641984742933], "aligned_model": [[-0.08597393325668319, -0.3193542494203256, -0.46522196402327337, -0.07072761171939045, 0.5561274355902885, 0.6353075707808492, 0.41710607534464, -0.24911695310346102, -0.016293009485325926, -0.15171521210612104, 0.03499376984706801], [0.30532429935655386, -0.6527490526972433, 0.0730404669930022, -0.3846702126325147, -0.36216145990292165, 0.21703117299617464, 0.4923439255337746, 0.6858516254280581, -0.45740506175145196, 0.18791091861946113, -0.11992287861971496], [-0.6307706092046499, -0.020109955440854005, -0.1770827319463247, -0.601428758722896, -0.18792090895006194, -0.3613564779341668, 0.25375527102969775, -0.06157629263568751, 0.5608570683750673, 0.6108303337699449, 0.04493350468665867]], "inverted": true, "swapped": false, "error_lsq": 0.04204756801481308, "error_max": 0.29045622485170147, "target": "905.xyz", "model": "28.xyz", "model_rescale": 4.156811204709835, "target_rescale": 3.890636853415872},
{"mapping": [1, 3, 4, 5, 7, 2, 8, 9, 6, 10], "R": [[-0.797293032769821, -0.40840942516956313, 0.44443847867772257], [-0.5316238253584122, 0.12646351649470156, -0.8374861714124496], [0.2858319929748766, -0.903995973679342, -0.3179486615218702]], "T": [-0.14969524841465862, -0.042662428159139426, 0.013646325834419045], "aligned_model": [[-0.684378349318787, -0.0002167219586476643, 0.20469576440439738, 0.7213541868005525, 0.019152179215339182, -0.7018376623202452, -0.5593358047204451, -0.45536438103469146, 0.2580795476841614, -0.15922338464104627], [-0.2209816621866212, -0.39556515589503893, 0.17785294342332586, -0.08849522664277168, -0.3000367688814669, -0.46508014351724336, 0.42945326809343676, 0.3988551243523212, 0.4606927417596317, -0.07797478987936964], [-0.499498154794793, -0.5297537589711696, -0.5212418832973419, -0.10053061139431396, 0.6311180360059756, 0.14646784074492006, -0.27333503302097556, 0.5521800443019891, 0.35991606378059293, -0.006535816379784055]], "inverted": true, "swapped": true, "error_lsq": 0.05689091699114278, "error_max": 0.2474484844850992, "target": "905.xyz", "model": "29.xyz", "model_rescale": 4.117894457231895, "target_rescale": 3.890636853415872},
{"mapping": [8, 10, 7, 6, 9, 5, 2, 1, 11, 3, 14], "R": [[0.9768895735152683, -0.17510939911127238, 0.12257022272985661], [-0.006717198415992415, 0.5480082917263498, 0.8364459285839153], [-0.21363904231810651, -0.8179386349488923, 0.534167341809049]], "T": [-0.0921657161126585, -0.00508402426533343, 0.06966124788140375], "aligned_model": [[-0.08845206548039225, -0.3376614288419307, -0.6597084337008994, 0.05731181405797722, 0.39203931322292895, 0.5722611297232971, 0.6082200722450948, -0.32199057667085407, 0.1967843487050001, -0.008010068414544769, -0.12566218639741178], [0.30882749945750737, -0.6401332926237677, -0.10866983510933088, -0.28852087348228445, -0.38426711601713065, 0.21573949496841013, 0.31287038111586635, 0.7784463096097203, -0.48017312563612985, 0.3128478864410173, -0.04237358540069984], [-0.5653469809866414, -0.15565019541901337, -0.23720827546434414, -0.4863148880449703, -0.037994151918295554, -0.3839087152066104, 0.40748604952884865, -0.2014276254163021, 0.5347438600154426, 0.5073749992954258, 0.04837636664318772]], "inverted": true, "swapped": false, "error_lsq": 0.05087078443214645, "error_max": 0.229695278253869, "target": "905.xyz", "model": "30.xyz", "model_rescale": 4.100398675895297, "target_rescale": 3.890636853415872},
