[{"mapping": [0, 1, 9, 7, 2, 10, 12, 5, 3, 8, 6, 13], "R": [[-0.033290456083123615, 0.7956357069735337, 0.6048599567854556], [0.3444517410718296, 0.5772510929117212, -0.7403608402696682], [-0.9382135916764174, 0.18369811518071985, -0.2932750566834624]], "T": [-0.08567784319464193, 0.030273123499466557, -0.030158968630110354], "aligned_model": [[-0.4700654808720868, -0.6033454276175017, 0.26543200537656464, 0.6298669116467974, -0.2047464558637428, 0.5840834638940234, -0.1352582663343813, -0.247709841942154, -0.407905267998437, 0.5684977517211941, 0.01814645721905013, 0.07468947148544282], [-0.5362376807492675, 0.14954146154161224, -0.42910344173888965, -0.21303270422840162, -0.6731747416726325, 0.28399837544880985, 0.08031975192694821, 0.692060350870255, -0.1158678427565103, 0.2156832814411601, -0.02098171039215011, 0.014670197612089937], [-0.38614223684763865, -0.25563501835920627, -0.4800903159602795, -0.04403198157000981, 0.25661971236200243, -0.7390117126409876, -0.6047518023810474, 0.2987552413280006, 0.3545651019501127, 0.35488193305599436, 0.7255789097602768, -0.05421588741558522]], "inverted": false, "swapped": false, "error_lsq": 0.05804716557399404, "error_max": 0.37540136086098264, "target": "906.xyz", "model": "0.xyz", "model_rescale": 3.8414455957264533, "target_rescale": 3.7037038734387764},
{"mapping": [0, 12, 7, 2, 3, 9, 13, 8, 10, 6, 5, 14], "R": [[-0.30352167448930434, 0.725191453514661, -0.6180387923621805], [-0.8314645929148642, -0.5183677205265387, -0.19990381948587058], [-0.4653399014098491, 0.45320223086985556, 0.7603068552173249]], "T": [-0.03487382443085972, -0.12734163924468547, -0.08648353997193911], "aligned_model": [[-0.2033763817538929, -0.6584757232619884, 0.35831355368638207, 0.6321487997647646, -0.22261002599125834, 0.38102523490933704, -0.2999057019198128, -0.16772025013822373, -0.2646419129480226, 0.4727305320666717, 0.14928063046146006, -0.10508343416064837], [-0.5910947709191121, 0.2997151419948588, -0.3295497791980472, -0.34594036569522135, -0.7051880057334526, 0.2346159287364856, 0.21277148524076386, 0.6504677978785529, 0.1575222163742573, 0.25638375077397035, -0.2323753571723376, -0.15945274497769418], [-0.6175742012953395, 0.01855322139570631, -0.5528209242346771, 0.14133248936712514, 0.4077083027363948, -0.4883844872394677, -0.7101245962749664, -0.12730882869571924, 0.4918247771664791, 0.36641801235858673, 0.5375179342443487, -0.04061975624683892]], "inverted": true, "swapped": false, "error_lsq": 0.04729021166301159, "error_max": 0.2592709041335504, "target": "906.xyz", "model": "1.xyz", "model_rescale": 4.316132596720782, "target_rescale": 3.7037038734387764},
{"mapping": [7, 3, 9, 1, 10, 0, 5, 4, 6, 2, 8, 11], "R": [[0.5701689733788604, -0.8105121063110441, 0.13408007801061117], [-0.6855293496497215, -0.559341732836423, -0.46603254894521895], [0.45272160602839207, 0.17380147131363077, -0.874549138701932]], "T": [0.032100110172193635, -0.08977965304795166, -0.07293903333138163], "aligned_model": [[-0.5480136118483231, -0.5943490582319109, 0.29407244550026324, 0.5386354794135693, -0.152830431551183, 0.4675257060800704, -0.07850115041096739, -0.1553627809550939, -0.4769038363650273, 0.5412349676680734, 0.2712164290454381, -0.03503883763014093], [-0.5840654706876192, 0.046770284534477125, -0.5554649807211883, -0.2708752671356073, -0.5835282057534767, 0.36796871978310736, 0.11017706279297068, 0.6513899799788462, 0.13122807952621612, 0.3877414580884624, -0.25412933802066284, 0.0006629749174979493], [-0.5415654514765231, -0.21412176170547204, -0.587194977725455, -0.000664821675179228, 0.2723852490878934, -0.3966442019420069, -0.6758855938693175, 0.026333171569405345, 0.5338282429380868, 0.38910066955863687, 0.636179209919186, -0.015227791397622467]], "inverted": false, "swapped": false, "error_lsq": 0.041349724473654426, "error_max": 0.23896772494813467, "target": "906.xyz", "model": "2.xyz", "model_rescale": 3.795458400668931, "target_rescale": 3.7037038734387764},
{"mapping": [2, 1, 10, 5, 6, 4, 0, 7, 8, 9, 3, 11], "R": [[-0.3325944377820189, -0.9329926655983429, -0.13749773051276729], [-0.8106807655843595, 0.20835598197739214, 0.5471603796747291], [-0.48184814648187635, 0.2934492642927147, -0.825657249116148]], "T": [-0.02503088586565941, -0.05319714760189183, -0.1169067222421192], "aligned_model": [[-0.36025870975220564, -0.6509857003990357, 0.3407536508892627, 0.6139018543166743, -0.2514551925992163, 0.4335972255875276, -0.26106300787307263, -0.06541423387431705, -0.35394253297634803, 0.4559739944629366, 0.19509248769016138, -0.024514514757599207], [-0.6876724534553742, 0.00895370348187624, -0.44727434320366755, -0.2812369556019918, -0.4367299977534805, 0.19102538064656577, 0.30510025213520414, 0.7005660114889503, 0.04257623573942103, 0.31005418138017854, -0.31414192221815324, 0.05665520466349501], [-0.3867005393866181, -0.14112827941132616, -0.6168222870906142, 0.0663619740472256, 0.2690089198297345, -0.4923669004293817, -0.7712153305440841, -0.000663090945700745, 0.5853806295374975, 0.5085830217985852, 0.6045664585143399, -0.19848263263802562]], "inverted": true, "swapped": false, "error_lsq": 0.04723336941258487, "error_max": 0.2569241725362846, "target": "906.xyz", "model": "3.xyz", "model_rescale": 3.7530521520055578, "target_rescale": 3.7037038734387764},
{"mapping": [3, 5, 9, 7, 10, 6, 4, 2, 0, 1, 11], "R": [[-0.43708805978601306, 0.6121147643895775, 0.6589913073848475], [-0.5262003854697279, 0.42017679901960303, -0.739300082440919], [-0.729429353895227, -0.6699007186008474, 0.13844076312293158]], "T": [0.051156123511898806, -0.06801476222804745, 0.006764101096105557], "aligned_model": [[-0.4274648805277735, -0.1805629001424837, 0.2576693613088286, 0.5323312431388494, 0.3293008233213366, -0.11742110781158144, -0.04711765964202332, -0.7011789862537764, -0.5146387705851202, 0.30000621103079567, -0.0927237313918467], [-0.549427936846107, 0.16107640400881576, -0.5525800387301029, 0.3077625147798083, -0.6949044463452757, 0.6688625440312158, -0.488879201632735, -0.039767691252748955, 0.27438555493333194, 0.44080916795963565, -0.06013351259149201], [-0.2556610644472952, -0.6077839445269306, -0.542041629186099, -0.3361441605045475, 0.11883390828581435, -0.039502480170985003, 0.67126476557822, 0.06649306451164959, 0.6578376483811976, 0.3870986618280648, -0.027563992503772526]], "inverted": false, "swapped": true, "error_lsq": 0.04813924864705172, "error_max": 0.24857676440329532, "target": "906.xyz", "model": "4.xyz", "model_rescale": 3.7855080009869324, "target_rescale": 3.7037038734387764},
{"mapping": [5, 9, 7, 6, 1, 8, 10, 15, 14, 13, 12, 16], "R": [[0.45580146539556987, -0.421343515733027, -0.784037413579852], [-0.8814037520401043, -0.33636325826528035, -0.33164315819686496], [-0.12398568479013056, 0.8422169555636463, -0.5246886216874019]], "T": [-0.027011615800057943, -0.1595260049160521, -0.0008576549805122333], "aligned_model": [[-0.33125235714110235, -0.6306739809543811, 0.28980770806906975, 0.5979791369062935, -0.06322165444167806, 0.3730132391537533, -0.19539126029811738, -0.07833768745425641, -0.35685467486582995, 0.48066648321528127, 0.05122956381134931, -0.06527919528561371], [-0.5995015207894122, 0.2030990103672113, -0.39069572471836783, -0.3345609652446426, -0.7736436001168935, 0.3305432072444904, 0.13949154111997544, 0.6575008340437101, 0.24349890863698168, 0.2380856614561044, -0.13449004427926275, -0.13145201041687], [-0.6082803754639708, -0.10578080035913773, -0.6392584292168348, -0.0703298779281013, 0.4403365781591309, -0.3092764557614434, -0.643664839566671, -0.09651791566290391, 0.430966237335062, 0.3293476590595965, 0.6746545813987864, 0.024325581288119364]], "inverted": true, "swapped": false, "error_lsq": 0.04047898742391615, "error_max": 0.2095299656105124, "target": "906.xyz", "model": "5.xyz", "model_rescale": 4.2253639853439635, "target_rescale": 3.7037038734387764},
{"mapping": [12, 3, 9, 8, 11, 1, 0, 4, 2, 10, 5, 13], "R": [[-0.4797598330269959, 0.7572814582157192, -0.4431199562833783], [-0.3518453181255664, -0.6287015071707751, -0.6934978637272902], [-0.8037632578856964, -0.17680273732007074, 0.5680716656805742]], "T": [-0.03006162066085463, -0.06533460064847749, -0.05684535131842707], "aligned_model": [[-0.43537538080872734, -0.6665929970938678, 0.2899768893227384, 0.6407012784685338, -0.136100196672738, 0.4623063765832738, -0.23023588550310253, -0.10622210131709592, -0.21163108761948582, 0.4706340109080819, 0.07783162978503297, -0.08360721533787496], [-0.8209713742476693, 0.24742851049999012, -0.27745204040078986, -0.36135978841659366, -0.7874897792301762, 0.4009222710897987, 0.12375187595455375, 0.6380348716655614, 0.28194816200008366, 0.2674732652358951, -0.22786027269843342, -0.036550404149196705], [-0.4257323078354993, -0.060909317283704606, -0.5313745615529383, 0.03431986659433051, 0.21297219306702528, -0.3377084261518934, -0.8099982025958531, -0.07639730286825278, 0.4877635206922797, 0.4402012091992096, 0.5453885890100936, -0.052003316993164975]], "inverted": false, "swapped": false, "error_lsq": 0.047372226201858415, "error_max": 0.22727569888599342, "target": "906.xyz", "model": "6.xyz", "model_rescale": 3.89814844738969, "target_rescale": 3.7037038734387764},
{"mapping": [7, 8, 4, 2, 0, 10, 11, 9, 6, 5, 1, 12], "R": [[-0.5469911477252153, -0.763252859774251, 0.3438688068968737], [0.6433978558197166, -0.6460911626735818, -0.41061588941697136], [0.5355743491214294, -0.0033588035856664533, 0.8444814000329612]], "T": [-0.0850476880715418, -0.15322895663577932, -0.08713832886866145], "aligned_model": [[-0.4397538589190971, -0.6549979658033612, 0.2607088429909987, 0.6042972455583409, -0.09441063342239027, 0.4908141151947997, -0.26934506706801925, -0.05750353183752653, -0.40317327402161807, 0.23241178606380597, 0.3393555864123174, 0.06328207556651787], [-0.619331376598065, 0.19289526178231267, -0.4391719852491234, -0.3042864940943738, -0.5994677520189592, 0.25522180457860066, 0.1998649190036769, 0.7362732633330045, 0.08650348638492475, 0.32136273699544293, -0.27022935844985385, -0.11175920836456354], [-0.38413453425506344, -0.20133762244187353, -0.5499393595495584, -0.027699054169820506, 0.30246872986825923, -0.28827217051237186, -0.7919074827793211, -0.009853148125032754, 0.4593964992576197, 0.4387502626056018, 0.6346576108653909, -0.15560778748219806]], "inverted": true, "swapped": false, "error_lsq": 0.04643890871978889, "error_max": 0.33467257464333955, "target": "906.xyz", "model": "7.xyz", "model_rescale": 3.7474275329858107, "target_rescale": 3.7037038734387764},
{"mapping": [13, 2, 12, 10, 9, 0, 1, 3, 8, 6, 5, 14], "R": [[-0.9035517235284393, 0.4185537284782806, 0.09169001737221436], [-0.3034455193882562, -0.47398510224287843, -0.8265947856204996], [-0.3025146272033448, -0.7746940681512529, 0.5552783095883392]], "T": [0.015844216794941347, -0.152443648443888, -0.07984048496311252], "aligned_model": [[-0.45943543756377075, -0.6479473176484775, 0.17422444841165569, 0.7631208160890355, -0.057306487392465355, 0.37344960089599605, -0.0926996595233386, -0.05297749488699534, -0.5191873007081257, 0.5644661779461305, 0.05895310739508933, -0.03297513229996561], [-0.7512507074904162, 0.320725920510185, -0.5136651612970456, -0.26749216114204905, -0.6002370588996485, 0.36936564553283724, 0.27973890624832887, 0.48759193377487775, -0.06409984020370263, 0.30623618105091177, 0.034002291899073306, -0.15304065268032785], [-0.5527582208128897, -0.2897948935067643, -0.5542636501695214, -0.13988116751800322, 0.5320994435573951, -0.2643579302316027, -0.6850167290303788, 0.2359958056680721, 0.33385863599378685, 0.3145766243957353, 0.6103775957206239, -0.11431357078482096]], "inverted": false, "swapped": false, "error_lsq": 0.05982696515205304, "error_max": 0.32938125294241866, "target": "906.xyz", "model": "8.xyz", "model_rescale": 4.019505241142653, "target_rescale": 3.7037038734387764},
{"mapping": [10, 6, 1, 0, 9, 2, 6, 5, 11, 4, 8, 12], "R": [[-0.33888282621074656, -0.8301990391996936, -0.4426375327639113], [0.8693408665975104, -0.09642456187300234, -0.48471513441514186], [0.3597289087116942, -0.5490645309792878, 0.7544025802299382]], "T": [0.09040547995660812, -0.05745719136457643, -0.036230216781065964], "aligned_model": [[-0.47321889571491743, -0.4448306317584933, 0.25215031336392685, 0.7391124132972338, -0.15557524089029173, 0.31438213812534943, -0.4448306317584933, -0.06664974826893068, -0.4172911261080668, 0.6464037727916179, 0.04854988068421505, 0.07348307695161801], [-0.5579987917305157, 0.20550625224480096, -0.6089643051365909, -0.09900881708642818, -0.5986119250643118, 0.2162617273033864, 0.20550625224480096, 0.5729283145841164, 0.012193820889647558, 0.31628537552907476, -0.18751628359874734, -0.028706322876208855], [-0.5558121907464604, -0.45148239318486827, -0.3911722042881195, -0.026287626235241328, 0.3013865787082145, -0.5104501787981263, -0.45148239318486827, 0.1325077111391021, 0.3168171124474125, 0.4524179831536317, 0.6251846853211426, -0.015105141050187378]], "inverted": false, "swapped": false, "error_lsq": 0.05619048427920819, "error_max": 0.37125651342096055, "target": "906.xyz", "model": "9.xyz", "model_rescale": 3.877068213659057, "target_rescale": 3.7037038734387764},
{"mapping": [1, 4, 0, 11, 8, 6, 3, 13, 2, 14, 9, 15], "R": [[-0.5733333262171745, -0.8160537204007476, -0.0731110283667884], [-0.26924583604114416, 0.27193501049215874, -0.9238820432518078], [0.7738188268730972, -0.5100075249334347, -0.37562847028415713]], "T": [0.0304510893932081, -0.012566461606786504, -0.11009548239138175], "aligned_model": [[-0.46753842839341475, -0.6241429702283503, 0.24162954863522149, 0.6061392742989103, -0.021151680418058344, 0.3892548375703555, -0.17181293795327177, -0.09236049724488918, -0.3392132312704215, 0.31077920218844296, 0.1822904875557997, 0.05781171597444392], [-0.6282933126641858, 0.1091084646459721, -0.6914492097541055, -0.4721909559306035, -0.6722198303199239, 0.4202914757563794, 0.3110810734435209, 0.7247734453939345, 0.13593024705438483, 0.42338300997089534, -0.12570549572964165, -0.08683361456360314], [-0.46476926950430175, -0.23171994199768153, -0.46826849680467264, -0.06555657534083315, 0.2867892906867915, -0.36346961580003034, -0.6171486147411066, 0.0870990198019416, 0.4206138311641666, 0.47375874089246817, 0.5221937394233053, -0.15300016449841525]], "inverted": true, "swapped": false, "error_lsq": 0.044631644625069376, "error_max": 0.29220443883034936, "target": "906.xyz", "model": "10.xyz", "model_rescale": 4.260839863003843, "target_rescale": 3.7037038734387764},
{"mapping": [9, 4, 8, 7, 10, 1, 2, 3, 5, 0, 6, 11], "R": [[0.8944734954449938, -0.3571129164325599, -0.2690493093532227], [-0.41776176286358896, -0.4530473249018234, -0.787542526399945], [0.15934953854818992, 0.8168344301731735, -0.5544269458171616]], "T": [0.0033405004569183015, -0.07265940506945075, -0.08137908072741887], "aligned_model": [[-0.4655875680148939, -0.726691041297387, 0.21216576294967232, 0.5921081605740245, -0.1362550947343525, 0.47961305996994785, -0.1993421008493702, -0.08917478361731879, -0.39537554457874213, 0.5960564172729574, 0.14092763891224508, 0.06324041412798535], [-0.5845077609018069, -0.09739837819521686, -0.4784298308518946, -0.30436474454958146, -0.6253711627816408, 0.34675119587270625, 0.2593221705218096, 0.6301124016178742, 0.16901665909557723, 0.30122394525447044, -0.11206223785653381, -0.056416959922739554], [-0.47361751381145545, -0.13182499090590533, -0.6357758505267292, 0.08970834528299917, 0.18007182237313793, -0.4285387558245388, -0.6462375787046639, -0.044152996446863074, 0.4077314361179257, 0.44676233192501646, 0.7449214280187972, -0.08252573421608837]], "inverted": false, "swapped": false, "error_lsq": 0.03383896569343035, "error_max": 0.22277715000677104, "target": "906.xyz", "model": "11.xyz", "model_rescale": 3.890672605050136, "target_rescale": 3.7037038734387764},
{"mapping": [10, 4, 12, 5, 11, 7, 4, 3, 0, 8, 6, 13], "R": [[0.6259510033188005, 0.633053350044175, -0.45544351729060123], [-0.6595796452831696, 0.7413460138528758, 0.12393861090305763], [0.41610098891052266, 0.22282177573634654, 0.8815953852450603]], "T": [-0.008241859401260949, -0.1810842580777066, 0.15625250555398712], "aligned_model": [[-0.3319843799355023, -0.45874697577265683, 0.2384172121792, 0.7299213039310289, -0.2862178003493256, 0.4469020168610209, -0.45874697577265683, -0.05418546046402738, -0.28738964455029165, 0.4141297230848346, 0.10701290691424335, 0.012573394588901377], [-0.6616505235336118, 0.09944460901593952, -0.3571299284306584, -0.24579305237880444, -0.6539661810803349, 0.2267244801347754, 0.09944460901593952, 0.7125255647941852, 0.30393434878761383, 0.34212417662271444, -0.3014942221479455, -0.11628858349678917], [-0.5247668402405816, -0.3013562123213301, -0.5244084754799763, -0.08017951020196934, 0.19954484952640744, -0.4383063689192555, -0.3013562123213301, -0.07268815485889424, 0.3447412447084256, 0.4151853655865821, 0.7078647999562417, 0.0022474578473131446]], "inverted": true, "swapped": false, "error_lsq": 0.05575632604835448, "error_max": 0.4255998013914744, "target": "906.xyz", "model": "12.xyz", "model_rescale": 4.124412569039231, "target_rescale": 3.7037038734387764},
{"mapping": [2, 10, 1, 6, 8, 0, 4, 5, 7, 3, 9, 12], "R": [[0.9273814518723433, -0.054002433174182615, -0.3701991085002944], [0.012099233515565093, 0.9933388767268292, -0.11459268969448963], [0.3739214506704324, 0.10179200948183362, 0.9218574377495525]], "T": [0.047037842988903525, 0.011407246759828127, 0.014504568763352016], "aligned_model": [[-0.40399261923207225, -0.6898688799603564, 0.4030263735143971, 0.5178369028982528, -0.0436897330280467, 0.37224835462699896, -0.24936578478410948, -0.20779823612641257, -0.27929729736113473, 0.6657118519300208, 0.05174752987244986, -0.06487314163521879], [-0.5216912769582156, -0.02793652246831379, -0.4757708825564176, -0.4386027563521263, -0.6963466738047153, 0.3690923658314836, 0.16868435690218997, 0.7082284006533295, 0.3624550509450839, 0.21097027278683395, -0.19379206548153594, -0.017414972194572744], [-0.49024586442843465, 0.0090071336690343, -0.5321158986168552, 0.16764521350448972, 0.09032683313239676, -0.30653572794223183, -0.6966107916513922, -0.13795766046039468, 0.41866850810662815, 0.30805259732017576, 0.6199071894262645, -0.0236195887780482]], "inverted": true, "swapped": false, "error_lsq": 0.05312670492193775, "error_max": 0.30482720607703373, "target": "906.xyz", "model": "13.xyz", "model_rescale": 3.9028299243045295, "target_rescale": 3.7037038734387764},
{"mapping": [8, 13, 2, 6, 4, 11, 12, 14, 10, 9, 7, 15], "R": [[0.8389693470894003, -0.36866549477752053, 0.40027014328429655], [-0.11264818943431393, -0.8372744322877137, -0.5350531846970519], [0.532391604048708, 0.4038035140978005, -0.7439770842846647]], "T": [0.026649805453360733, -0.2196043655244075, -0.1187147546603308], "aligned_model": [[-0.388875221985541, -0.6126162577324149, 0.3105286488757696, 0.6780978156444385, -0.3058868722297904, 0.29260081352806505, -0.22539114464198015, -0.12460617328031107, -0.33640483695797296, 0.4573662654618499, 0.24422344864397275, 0.08264883538868294], [-0.5907305819231383, 0.24668464934553794, -0.6661782396974159, -0.22688842800702175, -0.5850552522619233, 0.43031809445910096, 0.12887200468262008, 0.6291833874804671, 0.06763005601867397, 0.27466057084813855, -0.09521988037098222, -0.16540108327103342], [-0.6536086157496932, -0.19973825042427276, -0.6307053275413651, 0.022602953717181712, 0.3452122668214148, -0.34833954785775395, -0.6657795294752137, 0.0806131962878677, 0.4652718168919303, 0.29484414104143075, 0.7518127667191209, -0.03566392714901505]], "inverted": true, "swapped": false, "error_lsq": 0.04112481596258436, "error_max": 0.21927699753443225, "target": "906.xyz", "model": "14.xyz", "model_rescale": 3.942246331269136, "target_rescale": 3.7037038734387764},
{"mapping": [1, 3, 0, 8, 12, 6, 5, 10, 4, 11, 13, 14], "R": [[0.5148860936735291, -0.7607220199896598, -0.39521426953548344], [-0.845479407026194, -0.526788645862714, -0.08751168427566666], [-0.14162232463933644, 0.3792040755226401, -0.9144109504324467]], "T": [0.04149945774081734, 0.06033954094943155, -0.14319308685721885], "aligned_model": [[-0.4606605331884046, -0.656312118793672, 0.316388487664515, 0.7431410777456384, -0.23571247062563352, 0.5340557320618573, -0.3728724822033944, -0.05508535672020351, -0.2650633322293684, 0.4574380036950486, 0.02242494667490083, 0.04394336663348436], [-0.5288699520610948, -0.08718323929108424, -0.47701530786933605, -0.25536315194314124, -0.6350512590012305, 0.32223575794102927, 0.030013776977419228, 0.7530376602174728, 0.3018871725955983, 0.28324577794232997, -0.23589752918000068, -0.023164409024938458], [-0.38258597028707586, -0.0546269338121316, -0.5631969803472978, -0.060296928531398314, 0.18492494111149974, -0.1830437768247387, -0.6229386461024281, -0.0023342737811080927, 0.294228876896807, 0.39663925763104513, 0.6136487776125278, -0.19389640028406865]], "inverted": true, "swapped": false, "error_lsq": 0.049767708256164354, "error_max": 0.25136164809633, "target": "906.xyz", "model": "15.xyz", "model_rescale": 4.355366556412066, "target_rescale": 3.7037038734387764},
{"mapping": [7, 3, 9, 1, 10, 0, 5, 4, 6, 2, 8, 11], "R": [[0.5701689733788604, -0.8105121063110441, 0.13408007801061117], [-0.6855293496497215, -0.559341732836423, -0.46603254894521895], [0.45272160602839207, 0.17380147131363077, -0.874549138701932]], "T": [0.032100110172193635, -0.08977965304795166, -0.07293903333138163], "aligned_model": [[-0.5480136118483231, -0.5943490582319109, 0.29407244550026324, 0.5386354794135693, -0.152830431551183, 0.4675257060800704, -0.07850115041096739, -0.1553627809550939, -0.4769038363650273, 0.5412349676680734, 0.2712164290454381, -0.03503883763014093], [-0.5840654706876192, 0.046770284534477125, -0.5554649807211883, -0.2708752671356073, -0.5835282057534767, 0.36796871978310736, 0.11017706279297068, 0.6513899799788462, 0.13122807952621612, 0.3877414580884624, -0.25412933802066284, 0.0006629749174979493], [-0.5415654514765231, -0.21412176170547204, -0.587194977725455, -0.000664821675179228, 0.2723852490878934, -0.3966442019420069, -0.6758855938693175, 0.026333171569405345, 0.5338282429380868, 0.38910066955863687, 0.636179209919186, -0.015227791397622467]], "inverted": false, "swapped": false, "error_lsq": 0.041349724473654426, "error_max": 0.23896772494813467, "target": "906.xyz", "model": "16.xyz", "model_rescale": 3.795458400668931, "target_rescale": 3.7037038734387764},
{"mapping": [7, 8, 4, 2, 0, 10, 11, 9, 6, 5, 1, 12], "R": [[-0.5469911477252153, -0.763252859774251, 0.3438688068968737], [0.6433978558197166, -0.6460911626735818, -0.41061588941697136], [0.5355743491214294, -0.0033588035856664533, 0.8444814000329612]], "T": [-0.0850476880715418, -0.15322895663577932, -0.08713832886866145], "aligned_model": [[-0.4397538589190971, -0.6549979658033612, 0.2607088429909987, 0.6042972455583409, -0.09441063342239027, 0.4908141151947997, -0.26934506706801925, -0.05750353183752653, -0.40317327402161807, 0.23241178606380597, 0.3393555864123174, 0.06328207556651787], [-0.619331376598065, 0.19289526178231267, -0.4391719852491234, -0.3042864940943738, -0.5994677520189592, 0.25522180457860066, 0.1998649190036769, 0.7362732633330045, 0.08650348638492475, 0.32136273699544293, -0.27022935844985385, -0.11175920836456354], [-0.38413453425506344, -0.20133762244187353, -0.5499393595495584, -0.027699054169820506, 0.30246872986825923, -0.28827217051237186, -0.7919074827793211, -0.009853148125032754, 0.4593964992576197, 0.4387502626056018, 0.6346576108653909, -0.15560778748219806]], "inverted": true, "swapped": false, "error_lsq": 0.04643890871978889, "error_max": 0.33467257464333955, "target": "906.xyz", "model": "17.xyz", "model_rescale": 3.7474275329858107, "target_rescale": 3.7037038734387764},
{"mapping": [0, 3, 2, 9, 4, 7, 1, 11, 10, 12, 5, 13], "R": [[0.42945468581401797, 0.5111595671260791, 0.74450290111447], [-0.6423058617502275, 0.7523992699769209, -0.14607709779254874], [-0.6348321453689002, -0.41546508333875165, 0.6514421783494246]], "T": [-0.018978819877418538, -0.05912180035561611, -0.05183877688286795], "aligned_model": [[-0.39421386361665, -0.6405973246272048, 0.2350292941641796, 0.5683511641661718, -0.05807006850469018, 0.5087932031647178, -0.2730539727051388, -0.12499788220675889, -0.3051866169219241, 0.4942926480041784, 0.07261574539226132, -0.011277005594374133], [-0.6721769105879226, 0.20472532345628847, -0.3506809567692481, -0.335200600724715, -0.8141986170945369, 0.3916651053474495, 0.1489846883765406, 0.6522717878332999, 0.27118664225388767, 0.2699166540783901, -0.1833733418012525, -0.1352444770651569], [-0.4790442128840271, -0.11939846248056493, -0.6470747470006727, 0.11109725868382275, 0.29102664441940396, -0.3445282699928244, -0.6606539564511996, -0.11829013437510122, 0.4824091057664428, 0.3812005043328791, 0.6548379007652169, -0.12505968750174348]], "inverted": false, "swapped": false, "error_lsq": 0.03817896417762956, "error_max": 0.21447000205854952, "target": "906.xyz", "model": "18.xyz", "model_rescale": 3.922800546911778, "target_rescale": 3.7037038734387764},
{"mapping": [10, 7, 6, 1, 2, 8, 13, 12, 3, 5, 0, 14], "R": [[-0.7798705689872977, -0.45856899238576637, -0.42604738568583167], [-0.5906738231667865, 0.3139051172016213, 0.743349185793708], [-0.20713843258304518, 0.8313711906344481, -0.5156700622782944]], "T": [-0.0037120741045936455, -0.0657681960490509, -0.15170993892479648], "aligned_model": [[-0.26419985379025035, -0.7349719105286345, 0.4092211003350379, 0.5670851009335274, -0.17549610402506047, 0.45186692610376944, -0.24876913402518894, -0.14993129642788797, -0.2994134256157126, 0.4599001614851576, 0.15077339685204807, -0.09437964058203668], [-0.7561141459234978, 0.23647960327437453, -0.4532068653776212, -0.4720350269469987, -0.665766404574175, 0.2155182068069906, 0.35987283125566083, 0.6737216236574141, 0.09750901342652876, 0.3599526776360894, -0.10602892388838056, -0.042027292043361454], [-0.47754614530722217, -0.0416356980875926, -0.5455947480622235, 0.08728979123506128, 0.1998883540442, -0.44787946497208586, -0.6319083355050525, 0.07276453655111229, 0.39147557925980203, 0.2799834162544893, 0.6686289841637222, -0.1289443262925782]], "inverted": false, "swapped": false, "error_lsq": 0.04390528941996441, "error_max": 0.1944763341612009, "target": "906.xyz", "model": "19.xyz", "model_rescale": 3.9282355846067225, "target_rescale": 3.7037038734387764},
{"mapping": [6, 8, 5, 2, 7, 0, 4, 11, 9, 10, 12, 13], "R": [[-0.18236351641169596, 0.9793952529272653, 0.08676685095990944], [0.7443443095522095, 0.1951753678007655, -0.6386377100055087], [-0.6424134935687493, -0.051879806739944245, -0.7646001497079506]], "T": [-0.03380198311559138, -0.11205210896580264, -0.1307431879702281], "aligned_model": [[-0.3328588084479174, -0.7717591219572564, 0.26291106111221163, 0.6986593852179687, -0.02164901287103965, 0.3460837817345763, -0.2959945468186387, -0.034240849826375264, -0.38921671898004284, 0.5670992245379323, -0.07068665047992034, 0.11333757749326975], [-0.5761221488341238, 0.07172541757024153, -0.6208294207763249, -0.44386144098771674, -0.6168284447571025, 0.4968897511097248, 0.30250243698321033, 0.5972633626947685, 0.19173331108501696, 0.23424583528671805, -0.13525567307547443, -0.05358768899591393], [-0.48009697337383517, -0.14707294917799743, -0.5059726759113017, 0.04847489549786832, 0.2341553356208747, -0.48440065630477125, -0.5291995003956222, -0.02957728272094995, 0.3789818450943978, 0.3803632798410099, 0.718312441063345, -0.15744581595138607]], "inverted": true, "swapped": false, "error_lsq": 0.042031708457870916, "error_max": 0.23363971259901403, "target": "906.xyz", "model": "20.xyz", "model_rescale": 4.067790424073018, "target_rescale": 3.7037038734387764},
{"mapping": [1, 8, 13, 11, 9, 6, 4, 2, 0, 3, 12, 14], "R": [[0.02201785835191017, -0.6725445413967341, 0.7397290407649626], [-0.46809123843872413, -0.6607327292165545, -0.5867902973285644], [0.8834057993982702, -0.3333408171519052, -0.3293601269279622]], "T": [-0.025917196551248686, -0.07540779799623329, -0.1089217999790226], "aligned_model": [[-0.46878689964396975, -0.5598325200878543, 0.3015561266439162, 0.587525447754581, -0.20856606849689235, 0.4548774971173638, -0.2717831536064031, -0.05054979558593464, -0.4156339423589046, 0.4671513885085513, 0.23653345780095153, -0.0008062173306369082], [-0.7358369963146423, -0.018709404810550667, -0.5451301820970249, -0.22777540583060554, -0.7185615885876018, 0.38550720202801514, 0.49392484940097403, 0.6585200592745042, 0.27140765790629984, 0.36665674016982475, -0.33608936131080014, -0.14603827252536922], [-0.3114182230829571, -0.3009832907261706, -0.5117190312845284, 0.027109403092368617, 0.287364069935397, -0.43133570784920683, -0.616743385287602, 0.011349006643833315, 0.3730511526906971, 0.4251262607551929, 0.5620317330436918, -0.08731004464908387]], "inverted": false, "swapped": false, "error_lsq": 0.047356149849522446, "error_max": 0.2606492150022993, "target": "906.xyz", "model": "21.xyz", "model_rescale": 4.186013935880536, "target_rescale": 3.7037038734387764},
{"mapping": [2, 0, 8, 11, 5, 9, 1, 7, 6, 4, 3, 12], "R": [[0.015561040344287652, 0.4949679111532805, 0.8687719038688819], [-0.9650291960803361, -0.2199607681342709, 0.14260403638860153], [0.2616801573217647, -0.8406093191312715, 0.4742356669987156]], "T": [0.06299750058409183, 0.0014166366913401784, -0.09414486923441284], "aligned_model": [[-0.2715689393578875, -0.6586123968859294, 0.392707300537744, 0.5941896638787252, -0.26102959312396884, 0.3834553186518886, -0.4054510567688163, -0.05902203682740059, -0.1895369336009291, 0.4283470958217289, 0.04116674290840934, 0.07704015548120399], [-0.5448139973852785, 0.008490855508187817, -0.5070286462161303, -0.29354318766042914, -0.6509029285399366, 0.14195123168894258, 0.32928121543807026, 0.7244232121562824, 0.18987992824711175, 0.37100245585245173, -0.31562473324835616, -0.005240108537892154], [-0.46750340271904656, -0.06224577351355759, -0.5636584183544364, 0.07848063984405534, 0.16667001430263073, -0.6069875104865019, -0.5504167213681537, -0.06775426095807065, 0.36472417123793166, 0.41334123333704725, 0.7726577856430707, -0.05078581368333685]], "inverted": false, "swapped": false, "error_lsq": 0.04973747606728749, "error_max": 0.3037376624250097, "target": "906.xyz", "model": "22.xyz", "model_rescale": 4.166573947596378, "target_rescale": 3.7037038734387764},
{"mapping": [2, 3, 1, 5, 12, 7, 4, 8, 9, 10, 14, 15], "R": [[-0.6642893073441266, 0.7036238411562186, 0.2522562314489567], [-0.5424018986707158, -0.6859666963265428, 0.48502564040393914], [0.5143149778750989, 0.18537308781864054, 0.8373272489570128]], "T": [-0.05427723800004673, -0.10636613287905278, -0.006935719099829159], "aligned_model": [[-0.36349665305489226, -0.6196415914283645, 0.1930319274670219, 0.7261427883137244, -0.17133703067379638, 0.5496954285473017, -0.28965296290919323, -0.18686581049639817, -0.37569263153004623, 0.4594032555481375, 0.164175059536798, -0.014076458605524284], [-0.4887148777846671, 0.0023099155444847586, -0.3836475619533601, -0.30191341188878434, -0.6173314185313015, 0.259300155886447, 0.17592705373341522, 0.6673605653326082, 0.21642724729960555, 0.24858163314888276, -0.196531696915496, -0.13389230656881074], [-0.4662852916601314, -0.18008108111593882, -0.6152549170819687, -0.21614333225396087, 0.38624723707542474, -0.12049112836934703, -0.6431450700844449, -0.20147724972773154, 0.38414706599417847, 0.40668931283604204, 0.7481315149814214, -0.05581511731191131]], "inverted": false, "swapped": false, "error_lsq": 0.04828980840066276, "error_max": 0.32885476422851256, "target": "906.xyz", "model": "23.xyz", "model_rescale": 4.274766983524099, "target_rescale": 3.7037038734387764},
{"mapping": [7, 10, 9, 5, 3, 2, 6, 0, 1, 4, 11], "R": [[0.9238482626891338, -0.16412827663536422, -0.34578359755051263], [-0.2389730316513837, 0.45835606294907566, -0.8560383225657424], [0.2989921030221639, 0.8734824716996492, 0.38422922060126474]], "T": [0.01824037205163398, 0.12137540448236997, -0.041364654399721736], "aligned_model": [[0.27326223459865306, 0.10272012008997197, -0.3114298364607671, -0.4587895949475653, -0.6368894270479222, -0.487570762135232, 0.08717387682473071, 0.10486310207816171, 0.5854920187680189, 0.2268042863882363, -0.10574131419821073], [-0.2360424291256197, 0.7956516338614913, 0.4813973915740237, -0.29244442846488083, 0.42764249634866536, -0.02523204226411982, -0.6213649662942259, -0.14207188672398022, -0.222492971816419, 0.6710592764791704, 0.07948445766937808], [-0.5868373625890975, -0.18672465726802312, -0.6247518985158712, -0.332983112653743, 0.04054439568511963, 0.4999623415709033, 0.08952444935259679, 0.844271066848948, 0.11820553440808654, 0.4903255565419296, 0.028030120640728608]], "inverted": true, "swapped": true, "error_lsq": 0.057834123199093986, "error_max": 0.2725864780010368, "target": "906.xyz", "model": "24.xyz", "model_rescale": 3.7841303162186577, "target_rescale": 3.7037038734387764},
{"mapping": [10, 13, 7, 1, 9, 6, 11, 3, 12, 4, 2, 15], "R": [[0.22201245652195628, -0.7176298008498175, -0.6600893409844897], [0.4681355765756202, -0.5154019660807059, 0.7177812308108612], [-0.8553125458528585, -0.4683676785308678, 0.22152238400285332]], "T": [0.04119831794558863, -0.19209247424408873, -0.04529826856220416], "aligned_model": [[-0.32019797916980947, -0.6059644347053365, 0.2037132601626419, 0.7675442679016706, -0.28767834402829523, 0.37781949269561843, -0.25355707780783243, -0.04526989870209648, -0.48845111588291895, 0.5135418946502067, 0.14716940827722047, 0.06301584732369891], [-0.7387137386373117, 0.2357990723347453, -0.3205307297763623, -0.3068528477000103, -0.5184966583438677, 0.35915961823429443, 0.15311989440260224, 0.6076948269523698, 0.03961130779782865, 0.28410474454497525, -0.21543881926126207, -0.13158137324497743], [-0.46464659039219774, -0.14574324463712657, -0.6616569856842008, 0.06555303485754774, 0.31169074854784223, -0.36907869955077227, -0.6644713028347501, -0.0021078994065042017, 0.4455751785305763, 0.28155352846789355, 0.7010381864736502, -0.07118401109032615]], "inverted": false, "swapped": false, "error_lsq": 0.04086672343876707, "error_max": 0.23707329773441782, "target": "906.xyz", "model": "25.xyz", "model_rescale": 4.19342608120988, "target_rescale": 3.7037038734387764},
{"mapping": [7, 3, 9, 1, 10, 0, 5, 4, 6, 2, 8, 11], "R": [[0.5701689733788604, -0.8105121063110441, 0.13408007801061117], [-0.6855293496497215, -0.559341732836423, -0.46603254894521895], [0.45272160602839207, 0.17380147131363077, -0.874549138701932]], "T": [0.032100110172193635, -0.08977965304795166, -0.07293903333138163], "aligned_model": [[-0.5480136118483231, -0.5943490582319109, 0.29407244550026324, 0.5386354794135693, -0.152830431551183, 0.4675257060800704, -0.07850115041096739, -0.1553627809550939, -0.4769038363650273, 0.5412349676680734, 0.2712164290454381, -0.03503883763014093], [-0.5840654706876192, 0.046770284534477125, -0.5554649807211883, -0.2708752671356073, -0.5835282057534767, 0.36796871978310736, 0.11017706279297068, 0.6513899799788462, 0.13122807952621612, 0.3877414580884624, -0.25412933802066284, 0.0006629749174979493], [-0.5415654514765231, -0.21412176170547204, -0.587194977725455, -0.000664821675179228, 0.2723852490878934, -0.3966442019420069, -0.6758855938693175, 0.026333171569405345, 0.5338282429380868, 0.38910066955863687, 0.636179209919186, -0.015227791397622467]], "inverted": false, "swapped": false, "error_lsq": 0.041349724473654426, "error_max": 0.23896772494813467, "target": "906.xyz", "model": "26.xyz", "model_rescale": 3.795458400668931, "target_rescale": 3.7037038734387764},
{"mapping": [8, 5, 1, 9, 11, 0, 6, 7, 10, 3, 4, 12], "R": [[0.7571562790641566, -0.15147281688519978, -0.6354292681475917], [-0.58732056495689, -0.5836730065739737, -0.5606963308027063], [-0.28595265876092274, 0.7977354242740892, -0.5308947822363659]], "T": [0.1101398107997763, -0.18033142865806565, -0.07063694835496234], "aligned_model": [[-0.40997435569629537, -0.5598185875338421, 0.26030570472770775, 0.4793767599689305, -0.19895682079311156, 0.54497215589073, -0.2768451279104721, -0.13330974665605794, -0.3159897966321491, 0.5015917703858059, 0.13210594387559627, 0.04822742108792566], [-0.5427688395081424, 0.1290301655745318, -0.3463055414725186, -0.36140602726715243, -0.6749607609376563, 0.4507672460927147, 0.041754453820917053, 0.5831044749142923, 0.08201303725078554, 0.3438564970858605, -0.23041782416967824, -0.02679158408092966], [-0.4296245346759403, -0.22000768309357552, -0.6185931224487576, 0.05285538024168292, 0.34333851917893776, -0.3929853413762783, -0.7649765465998147, 0.06392171075188177, 0.4365862445159322, 0.2715164393067627, 0.7635524933301593, -0.07906161584935822]], "inverted": false, "swapped": false, "error_lsq": 0.04048163256847793, "error_max": 0.22101444916826762, "target": "906.xyz", "model": "27.xyz", "model_rescale": 3.6321398670334006, "target_rescale": 3.7037038734387764},
{"mapping": [2, 1, 11, 9, 13, 8, 3, 7, 4, 12, 6, 14], "R": [[0.22757527342248324, 0.906698578474108, -0.35511573144499553], [0.2835603211902245, 0.2871738458032624, 0.9149452041150119], [0.9315594662570816, -0.308915635861308, -0.19175007365637453]], "T": [0.08643793966480076, -0.026958128826237958, -0.20456304919819265], "aligned_model": [[-0.40901691088249137, -0.5727197993657112, 0.1874858768355796, 0.5787688721368464, -0.037530872097656626, 0.41258243401495454, -0.280720746939808, -0.0028168710663424856, -0.48104432454326906, 0.5444725112158175, 0.0883103172786655, 0.0439148341281831], [-0.5902727356586253, -0.12586556308122998, -0.625849222276741, -0.38994203331884786, -0.7194117284630537, 0.35776365310565805, 0.4317249583978509, 0.7136949937631216, 0.2104240090118834, 0.4095655233162059, -0.15403665021100407, -0.06991990728219413], [-0.4703539605003828, -0.14983105972601218, -0.41347597124444646, 0.06455606797993532, 0.20970386714231223, -0.31702875555703014, -0.5600407620123866, 0.006040642041622524, 0.3504872663622226, 0.3275658480102268, 0.5620887496945633, -0.18318998890899274]], "inverted": false, "swapped": false, "error_lsq": 0.04749126344893328, "error_max": 0.25090757516221135, "target": "906.xyz", "model": "28.xyz", "model_rescale": 4.156811204709835, "target_rescale": 3.7037038734387764},
{"mapping": [10, 3, 4, 0, 5, 9, 8, 7, 6, 11], "R": [[-0.18205166546883916, -0.5861301154819003, -0.7894990049551657], [-0.970931042962057, 0.23405180225274452, 0.05012647678477933], [0.15540302735994146, 0.7756747008813791, -0.6117014447424075]], "T": [-0.1302089877407676, 0.039688570401408496, -0.011859390766185798], "aligned_model": [[-0.5775076224004025, -0.0653133948165088, 0.042570833606199565, 0.7413984150802817, -0.10145396262914858, -0.7336050349870405, -0.4468216004152812, -0.4948132417934986, 0.30452232748351643, -0.026051345017529537], [-0.08935745814311055, -0.6698009648437241, 0.11088300695966803, 0.25928585100749973, -0.3115648671812442, -0.4199642341583929, 0.4141421345422168, 0.3522663729166235, 0.3342262756667372, -0.06139578614006959], [-0.527791407331094, -0.16057670351395797, -0.7821997255834926, -0.24280564652890368, 0.5878404840607144, 0.04533731888875609, -0.21032576535363265, 0.4977316107623362, 0.5338541491823309, 0.01772241239204292]], "inverted": false, "swapped": true, "error_lsq": 0.05263922881083307, "error_max": 0.25548325254670584, "target": "906.xyz", "model": "29.xyz", "model_rescale": 4.117894457231895, "target_rescale": 3.7037038734387764},
