[{"mapping": [7, 10, 8, 11, 12, 9, 13, 1, 4, 5, 0, 2, 6, 14], "R": [[-0.8607802040315036, -0.48292482885318033, -0.16075151639909885], [-0.009285846048135843, 0.3306804727780132, -0.9436970901653137], [0.5088921431999649, -0.8108230599831485, -0.28912757044064524]], "T": [-0.06475782035755087, 0.20755992137355578, 0.21573396996455158], "aligned_model": [[0.07531448682420036, 0.33018699420577835, -0.32753217227305254, -0.3572351062338913, -0.7059106950609882, -0.1876073224318762, -0.7918523798962464, -0.15048338624382573, -0.3536160262370456, 0.26596072623163636, 0.6419778077978316, 0.34090408390173277, 0.5602137773592247, 0.031171313184825522], [-0.5897446508801554, -0.3788223944329176, -0.29168629682704855, -0.28133599824621913, 0.3177452500270168, 0.2588238826184577, 0.12982859483799242, 0.4331457781837242, 0.6945213971123301, -0.15633351617059393, 0.46698234814409495, 0.5762753662891671, -0.11719129607954354, 0.17306486723372894], [0.18082687700636293, -0.43816688576462054, 0.5038347578333398, -0.23769702285206062, 0.44448989263886607, -0.5757023359170754, -0.15365730792144378, 0.7144945476253035, 0.1998212350750867, 0.7558631833007019, 0.5213909330935301, -0.24206745352830455, 0.10455543333652029, 0.11960223325362726]], "inverted": false, "swapped": true, "error_lsq": 0.037643518262888, "error_max": 0.2760216228852741, "target": "907.xyz", "model": "0.xyz", "model_rescale": 3.8414455957264533, "target_rescale": 4.121204596840711},
{"mapping": [13, 0, 12, 11, 1, 7, 9, 2, 4, 10, 6, 5, 1, 3, 14], "R": [[-0.842919764071116, -0.42541076268411454, -0.32941152731926976], [0.34897534367464805, 0.03371790093662541, -0.9365251265521866], [0.40951493360493624, -0.9043720396766741, 0.1200363820081094]], "T": [-0.16967312292155234, -0.05126391178022725, 0.11829724967243142], "aligned_model": [[-0.4972510785441, 0.2864996063750683, -0.4917980720036247, -0.059430371881324634, 0.48285044434696556, -0.05317747069598558, -0.6102786878272431, -0.04291947369324267, 0.31658643047176566, -0.3867222738949331, -0.602008803188498, -0.06194693099903564, 0.48285044434696556, 0.4543348633997517, -0.12503609991157835], [-0.4143013482344382, -0.4795985499735844, 0.40054876655580895, 0.15958596112427165, 0.3450565721665121, -0.6718194248209567, -0.5598147093007164, -0.2135950700828731, -0.18223512399953734, 0.5941711873079167, 0.13160808019309622, 0.3806158879324717, 0.3450565721665121, 0.3971067892433244, 0.019191351763560197], [-0.46113652856476856, -0.24769899112384314, -0.4055255874975056, -0.7000268114850129, -0.28869287223734164, 0.23785736167647084, 0.23122422833055706, 0.826948669673731, 0.32376117144880107, 0.1867406521097891, 0.742533477316637, 0.6042989895422446, -0.28869287223734164, 0.2698051026403088, 0.08501675864283623]], "inverted": false, "swapped": false, "error_lsq": 0.0482401947777513, "error_max": 0.3422980136874361, "target": "907.xyz", "model": "1.xyz", "model_rescale": 4.316132596720782, "target_rescale": 4.121204596840711},
{"mapping": [5, 1, 0, 11, 6, 8, 2, 13, 3, 12, 4, 14], "R": [[0.37617146644134913, 0.04951384790154904, -0.9252261381421016], [0.010275794693404804, 0.9982867658980024, 0.057601571821662076], [0.9264930846362449, -0.031175501582001344, 0.37501820252132656]], "T": [-0.07690254833151192, 0.029021396254819636, -0.04552167619778399], "aligned_model": [[-0.23892183299432115, 0.3489042960074238, 0.14032902635180358, -0.6417668165936462, -0.5355545951985098, -0.34629997069791696, -0.022658325634897974, -0.15579376234411457, 0.5669169630757507, 0.2441014924427334, 0.4053649893678807, -0.16681290915040475], [-0.6800854973274381, -0.2753255101836694, -0.5038781428703483, 0.4127529379614936, -0.28184983680970316, -0.21365063264992834, 0.30353890280356305, 0.674506378883463, 0.01319700889293712, 0.19232484946026684, 0.3208068591468986, 0.05043911043344505], [0.02118606635406193, 0.13630642152978323, -0.6191329965931538, 0.20714472552832067, -0.494309927552848, 0.47393431384605395, -0.7026308803191169, 0.4527592559745339, -0.4279021080150817, 0.5425561039702077, 0.010183106500722912, -0.15083562001406287]], "inverted": false, "swapped": true, "error_lsq": 0.047167153307903685, "error_max": 0.28285356681759877, "target": "907.xyz", "model": "2.xyz", "model_rescale": 3.795458400668931, "target_rescale": 4.121204596840711},
{"mapping": [9, 2, 10, 5, 13, 8, 6, 4, 0, 1, 11, 14], "R": [[0.6364712967710571, -0.13473227397342696, -0.7594415729577351], [0.7671225115249322, 0.008233709359430269, 0.6414477830204616], [-0.08017069725435755, -0.9908478290737354, 0.10859668006719311]], "T": [0.19907334174226426, 0.02875691067237027, 0.06801126934346713], "aligned_model": [[-0.2390421357522764, -0.00042337936429850953, -0.7608591192533503, 0.18989570598919678, 0.16845396383941108, 0.14930015496418175, -0.31528665641602943, 0.6173054688199957, 0.3164822785667272, 0.7058338831373843, -0.31709873265270166, 0.07874239386532428], [-0.06512333153171548, -0.5981290829111353, -0.04642594538040937, 0.10391539817248968, 0.5609042436700933, 0.5919354243204257, -0.2748841215622504, -0.049640456743004074, -0.6111848593299651, 0.05587417962017274, 0.4614130169090355, -0.04288541994402756], [-0.5978211034452234, -0.21003515223973207, 0.051006433354288755, 0.7945095355517007, -0.5541143156425945, 0.35375906378107125, 0.4574331922430056, -0.3058329465428335, 0.554725862595977, 0.2904036538298167, -0.20864181950977484, 0.06337902666339869]], "inverted": false, "swapped": true, "error_lsq": 0.044639662929075515, "error_max": 0.22148917590366893, "target": "907.xyz", "model": "3.xyz", "model_rescale": 3.7530521520055578, "target_rescale": 4.121204596840711},
{"mapping": [2, 0, 6, 5, 10, 1, 9, 4, 13, 8, 14], "R": [[-0.09510184577427541, -0.603651515686343, 0.7915557381131834], [0.8630470280582111, -0.4462653391418985, -0.23663700987050998], [0.496090179594613, 0.6606452109038157, 0.5634203040534105]], "T": [-0.11001208580943289, 0.07050362938083883, 0.040653797837873526], "aligned_model": [[-0.4560103637334273, -0.11654054659651608, 0.3273485313091267, 0.430145622821805, 0.4029964823611307, -0.23861796043091638, -0.35667196551577374, -0.6450171627182563, -0.29384813548172456, 0.35859173339157635, -0.07417663296181976], [-0.5010703506468606, 0.007994852659253024, -0.353980820763914, 0.3536433211562855, -0.7310134761319195, 0.5613828027678436, -0.5540299142232137, 0.2309995295032949, 0.09986617141520233, 0.41576854614930264, -0.062357303570927905], [-0.21170146814165014, -0.7694396873584037, -0.3294031712569664, -0.3613341656541276, 0.1883172480156564, -0.181827957404036, 0.48020831869575675, 0.13464523795310024, 0.8384637512604686, 0.2906574143355702, 0.014245256799948345]], "inverted": false, "swapped": true, "error_lsq": 0.05048889753408026, "error_max": 0.2258858200758882, "target": "907.xyz", "model": "4.xyz", "model_rescale": 3.7855080009869324, "target_rescale": 4.121204596840711},
{"mapping": [15, 13, 9, 14, 12, 8, 10, 7, 6, 0, 5, 4, 11, 1, 16], "R": [[0.474134011866073, 0.25740212132541174, -0.8419863934345739], [0.31082134878095946, 0.8458036848653179, 0.43359683556298656], [0.8237639394473202, -0.46729035364046256, 0.32101821982685624]], "T": [-0.0992955417007107, 0.046968917081064945, 0.036089723743298385], "aligned_model": [[-0.38011066720540077, 0.39899384274492505, -0.707401233781944, -0.1843293541601692, 0.3603001532145885, -0.08752454160750867, -0.6814755262653727, -0.18687231753271757, 0.37833303066227114, -0.2202305188637319, -0.5981128027021411, 0.15257490621912922, 0.6924540833810764, 0.2758501017144111, -0.11989662951646404], [-0.5410186330978162, -0.36646974335305144, 0.08031088394621523, 0.13961925899877115, 0.28747774900780776, -0.6567119407487358, -0.35651584830063504, -0.2513412453874082, -0.20777350609870643, 0.7121159410228901, 0.25359508235041794, 0.29627041040191565, 0.10706994117773101, 0.6952298946915808, 0.05971869743039148], [-0.46861971029600996, -0.28893920155817604, -0.3327053409647454, -0.6286527552769694, -0.40435614352157906, 0.03822697532929108, 0.20705984906187347, 0.7177867438180618, 0.40085583066931313, 0.42522729730877423, 0.6390741452439013, 0.6852513575125787, -0.008144046000210903, 0.14621415392789788, -0.011866407018437428]], "inverted": true, "swapped": false, "error_lsq": 0.03861763616014367, "error_max": 0.25413178947853765, "target": "907.xyz", "model": "5.xyz", "model_rescale": 4.2253639853439635, "target_rescale": 4.121204596840711},
{"mapping": [2, 10, 5, 0, 6, 8, 1, 3, 11, 9, 7, 12, 4, 14], "R": [[-0.17123623954077802, 0.5667846717621298, -0.8058742371632365], [0.35778662237418946, 0.7978876713964124, 0.4851432743877627], [0.9179688900600077, -0.20525691142835056, -0.3394152577491057]], "T": [0.07253552890986273, -0.012350930929265223, 0.13633360813563242], "aligned_model": [[0.5675595277567554, -0.27783868394608535, -0.4413593746431276, 0.2252571754673373, -0.1989265985247146, -0.4927327902510048, 0.12999377843861454, 0.7039661836089711, -0.2503805967932927, 0.3690903976211989, -0.6731152396321789, 0.10332740068881138, 0.5389726412314372, 0.07024833173506162], [-0.1209467538688789, 0.1944319607927351, -0.5224839562423055, -0.7935943535440867, -0.36302739468131817, 0.11448501746912573, -0.29256101860413797, -0.38917101151705513, 0.5840821821418608, 0.5512153156919197, 0.058049340677525575, 0.3219900624957481, 0.12399006663004958, -0.021360310806191548], [-0.36690886924914723, -0.7365298993046953, 0.23229757341489116, -0.026565857851159447, -0.42201023694168927, 0.3926216880959813, 0.6108658215775848, 0.27870890203494336, -0.12853346345739128, -0.35207166995101635, -0.1728298930171341, 0.7386749136240192, 0.42731695769864364, -0.003477757742381765]], "inverted": false, "swapped": true, "error_lsq": 0.03348140441506001, "error_max": 0.25273412486506797, "target": "907.xyz", "model": "6.xyz", "model_rescale": 3.89814844738969, "target_rescale": 4.121204596840711},
{"mapping": [4, 3, 2, 12, 9, 0, 1, 13, 8, 5, 6, 7, 14], "R": [[-0.5199351636928039, 0.8318529938381847, 0.19413403153024628], [-0.8536265183281455, -0.514354161829704, -0.08222872621797876], [0.03145143498643506, -0.20847156365056602, 0.9775225902179357]], "T": [-0.05766544597781286, 0.04586738240424289, -0.018629425335160422], "aligned_model": [[0.0010379497118515532, -0.1196672710110068, 0.43952756533702797, -0.2840433029077345, 0.7331379719683672, -0.32643792239058644, -0.5334737147252706, 0.29180802118593685, -0.39650490397986565, -0.6255593218242881, 0.030713197678560324, -0.097978661222278, 0.03607219308350864], [-0.2832304731277731, 0.18813169714043, 0.4159493665167403, -0.6008243702577689, -0.08595630525419452, 0.7300826028690798, -0.055422650314310484, -0.6744066867486278, -0.17189359028705803, 0.40963397986618166, 0.6953350655132202, 0.25263200491380994, 0.14375062464075672], [-0.4758736378824586, -0.7513540718334508, -0.3735001592280932, -0.0966674319747541, 0.01802967567338538, -0.3647685747131651, -0.2838591105727074, 0.1552444797469698, 0.4703155519948533, 0.2619114208743051, 0.26207408753775807, 0.7637749284805718, 0.01694787273308127]], "inverted": false, "swapped": true, "error_lsq": 0.041152606981699355, "error_max": 0.24075456604458087, "target": "907.xyz", "model": "7.xyz", "model_rescale": 3.7474275329858107, "target_rescale": 4.121204596840711},
{"mapping": [8, 3, 9, 5, 7, 2, 4, 13, 1, 11, 13, 12, 0, 10, 14], "R": [[-0.6709115318238155, 0.18992553672410495, -0.7168026276220548], [-0.5652803153667875, 0.4946327688326095, 0.6601489143032893], [0.47993320527407424, 0.8480959347249855, -0.22449366133213278]], "T": [0.02516799463407704, 0.05313904051436251, 0.05496533958702397], "aligned_model": [[-0.3857279280508861, 0.3263306011201598, -0.5457613324952842, -0.05265366726743931, 0.00536678870027546, 0.01957097020533949, -0.5472695862328327, -0.5304599194862395, 0.4701146090449054, -0.2796560072182709, -0.5304599194862395, 0.030659358648201046, 0.6784486499719053, 0.4277735097758297, 0.006276399071527765], [-0.35318371810759375, -0.34118733878255786, 0.3632011455296725, 0.0797797849563399, 0.5789226164579614, -0.7838836102135979, -0.45603948637248864, -0.025361311529207994, -0.38779464626564, 0.5883761101016459, -0.025361311529207994, 0.3230033290962874, -0.01458525130751627, 0.6955073603313945, 0.010183269675876544], [-0.30735588861143615, -0.4626661200729375, -0.34283063141505665, -0.6565510155984002, -0.37751260833118605, 0.14413512895387787, 0.21395681613247247, 0.7572666598704975, 0.4701783141395888, 0.1391292441079298, 0.7572666598704975, 0.609749738672643, 0.0015701779563666446, 0.07809758031613219, 0.09197869224457367]], "inverted": false, "swapped": false, "error_lsq": 0.05516600129503835, "error_max": 0.4868276179717357, "target": "907.xyz", "model": "8.xyz", "model_rescale": 4.019505241142653, "target_rescale": 4.121204596840711},
{"mapping": [2, 9, 4, 3, 0, 1, 12, 6, 5, 7, 13, 8, 14], "R": [[0.5443166473939242, -0.6845232185932972, -0.4849199424405144], [0.8388796937652927, 0.44450283348550224, 0.3141625222899911], [0.0004967475091020856, -0.5777933836848889, 0.8161829200687059]], "T": [0.01548136971777151, -0.04177158972726257, 0.015564760655943477], "aligned_model": [[-0.37054612184326663, -0.7350076708889258, 0.12749847809064005, 0.294050470251864, 0.32891990788010217, 0.556564207021118, 0.3012859791680436, -0.20357577428401727, 0.43844936711615634, -0.2072163594846445, -0.31760039116357525, 0.19841926284987124, -0.09154058297218956], [-0.4891070448595033, 0.09071860485129744, 0.16720528781478072, -0.35596517586074294, -0.7877421923843915, -0.004761051414678363, 0.5683105703050931, -0.6049953856748899, -0.32419392624522675, -0.053812216143097516, 0.6972746256721333, 0.2891584596690422, -0.12871232761575785], [-0.3856441245639562, -0.23603803825487812, -0.49883254607672867, -0.6046371546918393, -0.05849984283958609, -0.09783518862693674, -0.1316173400790396, 0.3939910302736923, 0.5398437465569853, 0.7945346458493865, -0.1028658345718432, 0.5238149353197421, 0.04048920574888055]], "inverted": false, "swapped": true, "error_lsq": 0.0530703779612397, "error_max": 0.3022688645823386, "target": "907.xyz", "model": "9.xyz", "model_rescale": 3.877068213659057, "target_rescale": 4.121204596840711},
{"mapping": [14, 2, 11, 9, 8, 13, 6, 3, 4, 0, 12, 5, 7, 1, 15], "R": [[-0.7530992862453867, -0.6387121029596655, -0.15776030739552552], [0.006710092143200286, 0.23232189096498984, -0.9726158098868645], [0.657872662238004, -0.73353485841594, -0.17067563320107587]], "T": [-0.11690303724239066, -0.057620197167603165, 0.06112823094402363], "aligned_model": [[-0.3480471070403004, 0.3186393336964266, -0.5830089171405811, -0.11853850038946562, 0.126684519224386, -0.08836185324428139, -0.5887652815276927, -0.07866894921190035, 0.469150795917652, -0.2727316511007776, -0.6521001994352649, -0.006983250809758285, 0.653141705866911, 0.40093548675902896, -0.13879360526343087], [-0.5889792514402213, -0.37915380477254224, 0.4427925586136211, -0.08980600230157958, 0.4692688164244435, -0.8301567486809469, -0.3653896741266267, -0.2652462628936188, -0.22384043973134182, 0.7101842097571059, 0.2693991176463103, 0.34031933287961424, 0.17242501531365853, 0.5619263995006593, 0.027833675852832584], [-0.4620844610640672, -0.3226351600237077, -0.2163382694474265, -0.5981188419412683, -0.44717876831788184, 0.06447088790039569, 0.3119838599326012, 0.6596187605865887, 0.3560899493846438, 0.2024076400727411, 0.4671055468532538, 0.7248730713902104, -0.08168935635176051, 0.37879454615581803, 0.07911334310542198]], "inverted": false, "swapped": false, "error_lsq": 0.03443955756229979, "error_max": 0.24584433053575308, "target": "907.xyz", "model": "10.xyz", "model_rescale": 4.260839863003843, "target_rescale": 4.121204596840711},
{"mapping": [7, 8, 1, 5, 0, 6, 10, 11, 4, 3, 2, 14], "R": [[-0.24124660068886736, -0.7906653511734576, -0.5627151856044219], [0.9660335012879138, -0.2509956834706508, -0.06148529310750073], [-0.09262479174325094, -0.5584348389318611, 0.8243610729660067]], "T": [0.08137948581177828, -0.10103788328504976, 0.07832829763101604], "aligned_model": [[0.22662928876930571, 0.1995538043877627, -0.26131390366932167, -0.4124181878315881, -0.6778378554662459, -0.1795827806431735, 0.4175426454854022, 0.7219331803478066, 0.15626178077514982, -0.3399637625108796, 0.017098230320188895, 0.09099620912972331], [-0.005105101035826981, -0.507431057621632, -0.508991196111845, -0.26679655732324564, 0.18489718522926923, 0.40495609720058884, 0.6218583388251926, 0.0007507892323595361, -0.2754929447096695, -0.03107188697174812, 0.5219884349188635, 0.033516403900627184], [-0.7130203823738264, -0.393029982941811, 0.2304312253720192, -0.43374657729489685, 0.12340143842870879, -0.35095285196173476, -0.46188215959963885, -0.25256727318325545, 0.6119778366860202, 0.6935871013824506, 0.4215496988524027, 0.04043000402906608]], "inverted": true, "swapped": true, "error_lsq": 0.048662748460037236, "error_max": 0.24042930177417174, "target": "907.xyz", "model": "11.xyz", "model_rescale": 3.890672605050136, "target_rescale": 4.121204596840711},
{"mapping": [4, 13, 9, 3, 2, 5, 8, 0, 1, 7, 10, 11, 6, 14], "R": [[0.38094951294250345, -0.5903772829370891, 0.711570187951048], [0.41674070283804765, -0.5773560815901607, -0.7021304306529563], [0.8253512314081318, 0.5640165058246753, 0.02609072575465554]], "T": [0.09988458541919094, -0.11482747524662991, 0.009806113834514185], "aligned_model": [[0.4856949290021925, 0.09038284003242135, 0.4946447808995918, 0.6857319243969707, 0.6982439819058324, -0.41695748120556214, -0.5103915974357887, 0.2940588560911992, 0.049898911272437826, -0.5556724407675394, -0.043090988032543284, -0.15989185071587625, -0.032596015633144196, 0.1298199849835018], [-0.3190552251109146, 0.2717571631959989, 0.564249057790901, -0.571451227424347, 0.10364841670611773, -0.4325477743976694, -0.1270682785283455, -0.5294464611948401, -0.6580451821689893, 0.28437104626140786, 0.7240023014395421, 0.5240009140674697, 0.11468558183352241, -0.01694781264208904], [-0.35111654001116116, -0.7124269565581283, -0.154847675954812, 0.10596438701288227, 0.33280630038285713, 0.4165749028526974, -0.159641086667022, 0.6810652827292121, -0.08722955246347662, 0.2694575400922782, 0.46073243498370486, -0.22380968284120534, 0.6717624304983969, 0.10549865130063762]], "inverted": true, "swapped": true, "error_lsq": 0.043039604090001696, "error_max": 0.29042042702212384, "target": "907.xyz", "model": "12.xyz", "model_rescale": 4.124412569039231, "target_rescale": 4.121204596840711},
{"mapping": [6, 5, 1, 10, 0, 2, 7, 9, 8, 11, 4, 12, 14], "R": [[0.39646190543687154, 0.1412835584864114, -0.907114608877391], [0.8010425083617674, -0.5359481258591706, 0.2666280296321649], [-0.44849621774865966, -0.8323452183375956, -0.32565715127367845]], "T": [0.2559757849949401, 0.13114909118726217, -0.03291653921639423], "aligned_model": [[-0.23964515209291648, 0.030364265870153673, 0.6557021673612994, -0.6038862162808227, 0.409686710668945, 0.3205282079251088, -0.5099972719905543, 0.057873609560983974, -0.0229158547846951, -0.2649229266019476, 0.7643968103641683, 0.6040415412259603, 0.166072416284075], [-0.10819340819671716, 0.5465545997112353, 0.4549348242034785, -0.3003613867179219, -0.08285142279667718, -0.5720901749866061, 0.3859582464004764, -0.4385787344833625, 0.6938304945408205, 0.1360247425964124, 0.04331311120992129, 0.5617257174104717, 0.027218767616946235], [0.4203919351203036, 0.5239231719851654, 0.17295133978186386, -0.07590493514423, 0.7357044038159818, 0.07377142844516905, 0.03701848567463062, -0.5623097323110365, -0.11603273477376028, -0.5416429966580664, -0.26661861167872947, -0.4440139556995151, -0.0055397175899379175]], "inverted": false, "swapped": true, "error_lsq": 0.036877091677346915, "error_max": 0.2156759556129271, "target": "907.xyz", "model": "13.xyz", "model_rescale": 3.9028299243045295, "target_rescale": 4.121204596840711},
{"mapping": [14, 12, 10, 13, 5, 1, 9, 6, 2, 4, 7, 3, 8, 0, 15], "R": [[0.47620441914373307, -0.1569928402878641, -0.8652066800980731], [0.16266410551867017, -0.9512245483264821, 0.2621302108435644], [-0.8641583998109323, -0.265565635501715, -0.4274402335728113]], "T": [-0.00016602561930328247, -0.017372199056886375, 0.09009869006047071], "aligned_model": [[-0.6085376612208174, 0.2955555488385515, -0.6020982354533373, -0.11373365400910745, 0.12705460452046308, 0.1410486066312877, -0.6601134751215187, -0.18642617078716317, 0.6366892945020987, -0.15245014555702663, -0.8174628315788972, -0.023195609641274338, 0.6926809771591014, 0.4684873869292413, -0.10494610891064998], [-0.37104945833661207, -0.3598666998436952, 0.30199746470541355, 0.023789785218142095, 0.290011311503006, -0.6165503962425756, -0.38397215695577647, -0.3288306266963401, -0.15276779784809819, 0.6411169943029433, 0.20322495264040535, 0.25631233195333636, 0.20192758996650634, 0.5904309340265097, -0.0441972863517969], [-0.4464150581761173, -0.43856619083464626, -0.21161845343927527, -0.6960688726306467, -0.2990441145214334, 0.29804741306314725, 0.26593751179138186, 0.6493026496527147, 0.43394909738438303, 0.14074257346037083, 0.4125747100502657, 0.6497913387379753, -0.17139278749262427, 0.40339685405978337, 0.12577607713028363]], "inverted": false, "swapped": false, "error_lsq": 0.04349079156878276, "error_max": 0.3111751587823634, "target": "907.xyz", "model": "14.xyz", "model_rescale": 3.942246331269136, "target_rescale": 4.121204596840711},
{"mapping": [11, 4, 8, 13, 12, 10, 6, 9, 5, 0, 7, 2, 3, 1, 14], "R": [[0.46683079712672043, -0.787045859989228, -0.40327139884679075], [-0.8763638560903331, -0.35058436471094895, -0.3302680653025701], [0.11855546631224202, 0.5075917823350147, -0.8534021232182694]], "T": [-0.03930394587072551, -0.05386502723150964, 0.04560980304381877], "aligned_model": [[-0.4691719779997262, 0.251621512490428, -0.7227895592277226, -0.007077838423533447, 0.27449460383053503, 0.018304099312898905, -0.5453950069149973, -0.21557392824722388, 0.3781172327705772, -0.2823480827437796, -0.6505449918959977, -0.06098612665409166, 0.665209830609494, 0.4956147809815704, -0.03692202158747975], [-0.4024372180933511, -0.4292250858683718, 0.2610723730437673, 0.00598953313799401, 0.4987440211227606, -0.7615803437945249, -0.2655709243423503, -0.4466094153616079, 0.0933515340110221, 0.597036048074742, 0.13716821291485903, 0.3478783513833617, 0.02330109169970361, 0.5516197602792104, 0.04083900383415269], [-0.4102651001564633, -0.2980923659631411, -0.13467546127262736, -0.7645190485020892, -0.4684232387396077, 0.1150422153265165, 0.15443002358209096, 0.7259354934580977, 0.5004354860331853, 0.2863894129883799, 0.6120638549687301, 0.6942854226065336, -0.07377888712120349, 0.10799220069279973, 0.06959274033436058]], "inverted": false, "swapped": false, "error_lsq": 0.043410619867665215, "error_max": 0.37185778918443957, "target": "907.xyz", "model": "15.xyz", "model_rescale": 4.355366556412066, "target_rescale": 4.121204596840711},
{"mapping": [5, 1, 0, 11, 6, 8, 2, 13, 3, 12, 4, 14], "R": [[0.37617146644134913, 0.04951384790154904, -0.9252261381421016], [0.010275794693404804, 0.9982867658980024, 0.057601571821662076], [0.9264930846362449, -0.031175501582001344, 0.37501820252132656]], "T": [-0.07690254833151192, 0.029021396254819636, -0.04552167619778399], "aligned_model": [[-0.23892183299432115, 0.3489042960074238, 0.14032902635180358, -0.6417668165936462, -0.5355545951985098, -0.34629997069791696, -0.022658325634897974, -0.15579376234411457, 0.5669169630757507, 0.2441014924427334, 0.4053649893678807, -0.16681290915040475], [-0.6800854973274381, -0.2753255101836694, -0.5038781428703483, 0.4127529379614936, -0.28184983680970316, -0.21365063264992834, 0.30353890280356305, 0.674506378883463, 0.01319700889293712, 0.19232484946026684, 0.3208068591468986, 0.05043911043344505], [0.02118606635406193, 0.13630642152978323, -0.6191329965931538, 0.20714472552832067, -0.494309927552848, 0.47393431384605395, -0.7026308803191169, 0.4527592559745339, -0.4279021080150817, 0.5425561039702077, 0.010183106500722912, -0.15083562001406287]], "inverted": false, "swapped": true, "error_lsq": 0.047167153307903685, "error_max": 0.28285356681759877, "target": "907.xyz", "model": "16.xyz", "model_rescale": 3.795458400668931, "target_rescale": 4.121204596840711},
{"mapping": [4, 3, 2, 12, 9, 0, 1, 13, 8, 5, 6, 7, 14], "R": [[-0.5199351636928039, 0.8318529938381847, 0.19413403153024628], [-0.8536265183281455, -0.514354161829704, -0.08222872621797876], [0.03145143498643506, -0.20847156365056602, 0.9775225902179357]], "T": [-0.05766544597781286, 0.04586738240424289, -0.018629425335160422], "aligned_model": [[0.0010379497118515532, -0.1196672710110068, 0.43952756533702797, -0.2840433029077345, 0.7331379719683672, -0.32643792239058644, -0.5334737147252706, 0.29180802118593685, -0.39650490397986565, -0.6255593218242881, 0.030713197678560324, -0.097978661222278, 0.03607219308350864], [-0.2832304731277731, 0.18813169714043, 0.4159493665167403, -0.6008243702577689, -0.08595630525419452, 0.7300826028690798, -0.055422650314310484, -0.6744066867486278, -0.17189359028705803, 0.40963397986618166, 0.6953350655132202, 0.25263200491380994, 0.14375062464075672], [-0.4758736378824586, -0.7513540718334508, -0.3735001592280932, -0.0966674319747541, 0.01802967567338538, -0.3647685747131651, -0.2838591105727074, 0.1552444797469698, 0.4703155519948533, 0.2619114208743051, 0.26207408753775807, 0.7637749284805718, 0.01694787273308127]], "inverted": false, "swapped": true, "error_lsq": 0.041152606981699355, "error_max": 0.24075456604458087, "target": "907.xyz", "model": "17.xyz", "model_rescale": 3.7474275329858107, "target_rescale": 4.121204596840711},
{"mapping": [4, 2, 9, 0, 12, 8, 13, 10, 1, 11, 5, 6, 7, 14], "R": [[0.1177375826498615, 0.9930372072695184, 0.003868670330079399], [-0.8632943774291204, 0.10042797714265535, 0.49460796526774814], [0.4907755897872619, -0.06157374753407578, 0.8691075848728829]], "T": [0.019947997796341897, -0.16190906459999604, -0.06318488386126969], "aligned_model": [[0.3574020023591402, 0.2450660269426789, 0.6986919197774445, -0.5352186987665853, 0.257718679877779, -0.20384645835671755, 0.6933254606509213, 0.08856110680943105, -0.22945781389085285, 0.370241102623157, -0.6932849218842564, -0.36561100998755625, -0.29348910318688176, 0.024749354915174708], [-0.5362418474468079, 0.23458127943724816, 0.26603387563697556, -0.04047229113125195, -0.7550074323658897, -0.30232405569238885, -0.3308801964183237, 0.7645784230920751, -0.6416894598067593, 0.16719884388534534, -0.16215049409616156, 0.4344984145964332, 0.2866993574321775, -0.02441617561143808], [-0.32168733951684025, -0.6129230790752893, -0.07940056839913115, -0.643912420492551, 0.1961344490961689, 0.5125745121146132, 0.37175203449075905, 0.19043911418694487, -0.18404628688010094, 0.4837562222043729, 0.09439526095583123, -0.1268707415687447, 0.5343441988817541, -0.08976063733613185]], "inverted": false, "swapped": true, "error_lsq": 0.03476847038714961, "error_max": 0.2157769244753959, "target": "907.xyz", "model": "18.xyz", "model_rescale": 3.922800546911778, "target_rescale": 4.121204596840711},
{"mapping": [4, 10, 8, 6, 1, 11, 13, 7, 9, 5, 12, 3, 2, 0, 14], "R": [[0.5659977392349409, 0.2928668397335792, -0.7706332288225066], [-0.8202141845745903, 0.2941998082810069, -0.4906069345515397], [0.08303764570106642, 0.9097667211938919, 0.4067299625114178]], "T": [-0.11881087561681568, 0.06075469386982621, 0.02639082906236273], "aligned_model": [[-0.31734005391732634, 0.33780508168597884, -0.615910740216832, -0.11135851970690534, 0.19633840509163691, -0.1180291134458795, -0.6566355164048039, -0.12667810035579669, 0.5226998650225865, -0.35451284705123376, -0.5679566484681317, 0.10565979646426522, 0.5969343532347146, 0.305351874204278, -0.10381530983559932], [-0.4816796808769036, -0.4891111156055735, 0.24791878790941754, 0.010394818829120162, 0.5415163099169232, -0.6414571775950733, -0.34438772794482353, -0.32360764509501705, -0.319973965526661, 0.7701254440291023, 0.2630930100602715, 0.24689326512433, 0.045542191585232344, 0.7100397909778043, 0.01627063625321821], [-0.4097493474275053, -0.3474408260575881, -0.277339282284213, -0.6614871523343295, -0.44001266935995215, 0.14530882261454262, 0.16210383738366207, 0.726686993709176, 0.3523553109824378, 0.18057072290753795, 0.6395313717583442, 0.5957014589050744, 0.0017674674255371836, 0.33777075779022653, 0.110645282222612]], "inverted": false, "swapped": false, "error_lsq": 0.035873933830639394, "error_max": 0.2336487729458655, "target": "907.xyz", "model": "19.xyz", "model_rescale": 3.9282355846067225, "target_rescale": 4.121204596840711},
{"mapping": [0, 6, 10, 5, 1, 7, 8, 11, 12, 4, 2, 3, 9, 14], "R": [[-0.1911238381057273, 0.6747619234970823, 0.712859049957461], [0.9684266023074193, 0.24805797051451905, 0.024842689216865776], [-0.16006746843454323, 0.6950996977863937, -0.7008671883361502]], "T": [-0.07549353845509105, -0.007235719596322757, 0.07360857000557054], "aligned_model": [[-0.6466373703845265, -0.00796164393079285, 0.6342493534210025, -0.4631627736765584, -0.5770465006416039, 0.2725902539132587, -0.024437423784235746, 0.6097824667625953, -0.14247137629086734, -0.20032339062685964, 0.036803585981337705, -0.5626540849528147, 0.6085499189619377, -0.004758195667196291], [-0.5840290297216432, -0.6533131747217076, -0.6004730118160836, -0.1882354368925352, 0.22792691530416004, -0.1908102596680712, 0.30155117098307854, 0.11952788215067463, 0.677144960347403, 0.2889357396719827, -0.5075764877078769, -0.12737785872383067, -0.11225089861864618, -0.12813842316206853], [0.10974198070211878, -0.22039293236702834, -0.194246798646048, -0.5184086801201202, 0.0616450196803799, -0.6346790827476011, -0.47715738731555435, -0.1373170902781724, 0.12541727302097128, 0.5400029651379785, 0.5707436370120331, 0.6296744271508857, 0.47999235497964143, 0.07716747103419849]], "inverted": false, "swapped": true, "error_lsq": 0.039714870652910635, "error_max": 0.25765044956106287, "target": "907.xyz", "model": "20.xyz", "model_rescale": 4.067790424073018, "target_rescale": 4.121204596840711},
{"mapping": [9, 1, 0, 7, 8, 10, 12, 11, 13, 2, 3, 6, 5, 4, 14], "R": [[-0.7645801041484901, 0.5372571026012049, 0.35605065657128404], [-0.5870824035565901, -0.3525441868194561, -0.7287296122527378], [-0.2659915708711487, -0.7662032380800585, 0.5849624621983294]], "T": [-0.040329350687036275, 0.06378081689471446, 0.10530078152877595], "aligned_model": [[-0.27197156410769624, 0.34334883216209044, -0.5354245302643436, -0.17222636860222423, 0.1959181022016544, 0.03789351296009394, -0.6687772960798662, -0.2115458184020865, 0.41028881696555974, -0.30558203808144424, -0.7069822251101936, 0.12284692619382023, 0.5403318673659385, 0.36409703083297906, -0.04966272173333007], [-0.5441255774288526, -0.38188015284499144, 0.43324796124161113, 0.008880258237813493, 0.3158782365148056, -0.7517378879130874, -0.3707825684008178, -0.29381711802873145, -0.4138037637044437, 0.738646274596988, 0.235972856287004, 0.39544581509826693, 0.13778499675195058, 0.7555402892113356, -0.013672677577482695], [-0.3199539658532934, -0.4669600447865291, -0.24517435586105665, -0.6269922353251517, -0.3483531931584861, 0.11516218432534617, 0.16206089947883628, 0.6160266298082772, 0.34815823031826787, 0.27239224561140796, 0.6049695350486312, 0.7463380147105244, 0.028998408886902416, 0.12481050031546309, 0.10492989471642301]], "inverted": false, "swapped": false, "error_lsq": 0.03779402551559966, "error_max": 0.22862879322766003, "target": "907.xyz", "model": "21.xyz", "model_rescale": 4.186013935880536, "target_rescale": 4.121204596840711},
{"mapping": [12, 13, 4, 5, 7, 1, 8, 11, 2, 9, 10, 6, 14], "R": [[0.08108082036839093, 0.5663059807209163, 0.8201971938309167], [0.668391011022297, -0.6413419575440361, 0.3767412240227711], [0.739377682211859, 0.5176659441119392, -0.43051435905636687]], "T": [0.17936519489788258, -0.023598956982173555, -0.058750828416863285], "aligned_model": [[0.08931999849770883, -0.45373361400053913, 0.31778999750203296, 0.4765224350842022, -0.24536898604822258, 0.597882783802875, -0.050072852149884634, -0.5438480728565833, 0.2888420386120226, -0.36731940479603076, -0.40582968145614395, 0.2126834594082117, 0.14170593382357674], [-0.34135159257584907, -0.027868856363894162, 0.17356150743639076, -0.53029293444825, -0.40919274042880666, -0.296798900098386, -0.6122149911945092, -0.05890524724915332, 0.6642072834693109, 0.5602948274126559, 0.2599770394025579, 0.077427092039244, 0.06011417214478228], [-0.6641203128873452, -0.5786799004494496, -0.5713813799679057, 0.3754053023118738, 0.5134830809401726, -0.29792604478811885, -0.011968810312861913, 0.01791652729993172, 0.09946484566461143, -0.12429026046029155, 0.6515614739739732, 0.6463003391346994, 0.04711470087605639]], "inverted": true, "swapped": true, "error_lsq": 0.04657405671907741, "error_max": 0.2656965881666981, "target": "907.xyz", "model": "22.xyz", "model_rescale": 4.166573947596378, "target_rescale": 4.121204596840711},
{"mapping": [13, 12, 10, 14, 9, 6, 5, 1, 2, 8, 0, 4, 11, 3, 15], "R": [[0.8833988536188625, -0.30787834661655605, -0.3532950454075676], [-0.17337319563491216, -0.9151300241701381, 0.36397633700242227], [-0.43537133628687363, -0.2602843878280412, -0.8618026670838075]], "T": [-0.02537929414001929, 0.06507349916477762, 0.041491849758576976], "aligned_model": [[-0.6250481866588734, 0.34347184290670624, -0.5978558953068676, -0.10415367301785508, 0.15937636489363935, 0.12803477217596487, -0.6572857204100183, -0.18602173526718965, 0.3719977296689932, -0.26668266043531624, -0.5597511032807534, -0.0038468068312122947, 0.7304987030016259, 0.4139467363923065, -0.05412784153019835], [-0.3259398939842589, -0.32472308720379994, 0.17850299450693724, -0.07666938421817854, 0.5134537171900586, -0.6556197204470273, -0.4611889764956126, -0.32002740929998724, -0.16440594630436584, 0.8091212219366897, 0.1390701567034628, 0.39226607404901304, 0.1254396342435094, 0.40176252452253586, 0.02053503684239144], [-0.41052461522807804, -0.33452519132328495, -0.427917911331832, -0.7328990821762842, -0.31244273857764926, 0.23168396165817523, 0.16316377072566343, 0.6194108382642826, 0.5336706020884165, 0.24702727705439767, 0.6544576131636597, 0.6990136245276821, -0.17552821981839825, 0.2761400782121859, 0.0856827409966262]], "inverted": false, "swapped": false, "error_lsq": 0.04070292780784458, "error_max": 0.24826522273020865, "target": "907.xyz", "model": "23.xyz", "model_rescale": 4.274766983524099, "target_rescale": 4.121204596840711},
{"mapping": [11, 8, 12, 4, 1, 3, 2, 0, 6, 5, 14], "R": [[0.5217421187990647, 0.25416415561376493, -0.8143621697206989], [-0.691804109279, 0.6846273133127456, -0.22954850522462739], [0.4991915823166009, 0.6831442189371972, 0.5330307123205329]], "T": [-0.030619253883021773, 0.05754337536271144, -0.07360991765998079], "aligned_model": [[0.38856924643939544, 0.19177545841115598, -0.47418940288153344, -0.5660991053838101, -0.40672699844642746, -0.5817909537781858, -0.02931497397200899, -0.029041899831852007, 0.5530348109382094, 0.2644094972683807, 0.0692690251947512], [-0.015709585010038538, 0.6034561856060643, 0.3938381697922411, -0.08752834031240862, 0.401381190148579, -0.20914508859528852, -0.6155061298244473, -0.015326645807579795, -0.07857503911863194, 0.5754305146840305, -0.03672870031903698], [-0.66443717939998, -0.30559915434700624, -0.4806706277593077, -0.1877995977411443, 0.1439182112578539, 0.35773193002842263, 0.16534084224654297, 0.7356421411534442, 0.31269725034679974, 0.3486266332975545, -0.04588401506160232]], "inverted": true, "swapped": true, "error_lsq": 0.041363026116875236, "error_max": 0.2147402036596502, "target": "907.xyz", "model": "24.xyz", "model_rescale": 3.7841303162186577, "target_rescale": 4.121204596840711},
{"mapping": [10, 9, 7, 0, 8, 14, 11, 13, 12, 6, 11, 3, 2, 4, 15], "R": [[-0.8506386980081606, -0.49917434593302246, 0.16504174566854532], [0.4514953699999842, -0.8544132164986444, -0.2571575127057697], [0.2693802819798785, -0.14423254776498978, 0.9521718520549015]], "T": [-0.00913707783337439, 0.0538586076313473, -0.037127444779311264], "aligned_model": [[-0.437166027106516, 0.33457188147314953, -0.6115064281008954, -0.28050105402635006, 0.3246583823666642, 0.053363636330523656, -0.6525919509625628, -0.1580964712969562, 0.44350209254055706, -0.3242919988316523, -0.6525919509625628, 0.010763194836533999, 0.742574936830018, 0.33487484845692095, -0.03501056524592034], [-0.502641261868515, -0.40439733470917977, 0.163858801138541, 0.32660831769602816, 0.20508640709360448, -0.717766076232614, -0.018589356685627542, -0.31347280279986345, -0.3267413112178985, 0.6225639532427045, -0.018589356685627542, 0.34925624427059776, 0.1044796472604351, 0.679415217829906, 0.10250585370887662], [-0.3723202536341036, -0.15547587581304065, -0.2558891493505724, -0.6642631058893808, -0.5009900613572273, 0.13604290571812827, 0.3753585402860148, 0.6373195370366205, 0.43767081726814216, 0.2779567628329792, 0.3753585402860148, 0.712102895669312, -0.07118012873808367, 0.17975746678736318, 0.004963857133396449]], "inverted": false, "swapped": false, "error_lsq": 0.04966537262496106, "error_max": 0.3510117971929812, "target": "907.xyz", "model": "25.xyz", "model_rescale": 4.19342608120988, "target_rescale": 4.121204596840711},
{"mapping": [5, 1, 0, 11, 6, 8, 2, 13, 3, 12, 4, 14], "R": [[0.37617146644134913, 0.04951384790154904, -0.9252261381421016], [0.010275794693404804, 0.9982867658980024, 0.057601571821662076], [0.9264930846362449, -0.031175501582001344, 0.37501820252132656]], "T": [-0.07690254833151192, 0.029021396254819636, -0.04552167619778399], "aligned_model": [[-0.23892183299432115, 0.3489042960074238, 0.14032902635180358, -0.6417668165936462, -0.5355545951985098, -0.34629997069791696, -0.022658325634897974, -0.15579376234411457, 0.5669169630757507, 0.2441014924427334, 0.4053649893678807, -0.16681290915040475], [-0.6800854973274381, -0.2753255101836694, -0.5038781428703483, 0.4127529379614936, -0.28184983680970316, -0.21365063264992834, 0.30353890280356305, 0.674506378883463, 0.01319700889293712, 0.19232484946026684, 0.3208068591468986, 0.05043911043344505], [0.02118606635406193, 0.13630642152978323, -0.6191329965931538, 0.20714472552832067, -0.494309927552848, 0.47393431384605395, -0.7026308803191169, 0.4527592559745339, -0.4279021080150817, 0.5425561039702077, 0.010183106500722912, -0.15083562001406287]], "inverted": false, "swapped": true, "error_lsq": 0.047167153307903685, "error_max": 0.28285356681759877, "target": "907.xyz", "model": "26.xyz", "model_rescale": 3.795458400668931, "target_rescale": 4.121204596840711},
{"mapping": [8, 11, 7, 5, 0, 4, 13, 1, 9, 6, 3, 2, 14], "R": [[0.5155630831823639, 0.0819290812657153, -0.8529257487627228], [0.8497442009878249, 0.07905705243625241, 0.5212338969672398], [0.11013400994723888, -0.9934976638639107, -0.02885986399645768]], "T": [-0.1694588915533284, -0.10696569901461134, -0.05908833014366262], "aligned_model": [[0.025041800334288544, 0.3343532573471151, 0.5540250420378847, 0.0070368321407156265, -0.27461861286550826, -0.6652506389746952, -0.1934397147507191, -0.6064689820499275, 0.09584185954590876, 0.36477107725709623, -0.7450379766871441, -0.13141023179432118, -0.06516732871943695], [-0.6303781581508696, -0.4894497522688128, -0.35746113153782527, -0.11462452404883965, 0.5525233640948584, -0.1193754634582703, -0.6839039477028226, -0.18182164719691574, -0.015291025694487356, 0.2967733627360754, 0.37191118449425997, 0.5134954975546828, -0.020516255564118818], [-0.3582673549081119, 0.3015238103170673, -0.32433608873000236, -0.7678360708537844, -0.5219241880646621, 0.2145177699794677, 0.5220534349475687, -0.3913814734579196, 0.6927778054734525, -0.30405083469929445, -0.04026238160981484, 0.292586244258602, -0.02326401055314268]], "inverted": true, "swapped": true, "error_lsq": 0.04162641988979256, "error_max": 0.18629624516671311, "target": "907.xyz", "model": "27.xyz", "model_rescale": 3.6321398670334006, "target_rescale": 4.121204596840711},
