[{"mapping": [1, 3, 0, 4, 1, 7, 9, 11, 2, 12, 8, 6, 5, 13], "R": [[0.6602073487218755, 0.6470199347144034, -0.38143342902241945], [-0.7478183319796687, 0.613563950722385, -0.2535882898106397], [0.0699571229309648, 0.452663763135628, 0.8889327975134645]], "T": [0.06485101471632453, -0.04121145886853532, -0.06880103201180646], "aligned_model": [[0.12216154577644651, -0.2982311977417957, -0.3979277470802451, -0.4457390131348193, 0.12216154577644651, 0.04287521911435356, -0.07400518897574938, 0.6740154164286138, -0.6991822037490439, 0.3194031638759631, 0.2504200506374248, -0.2469610747976817, 0.47909266389660926, 0.10245195562878157], [-0.3938744700551985, 0.1432373835695157, -0.6569114464450537, 0.518116262220285, -0.3938744700551985, 0.13464751785208284, -0.4453939976921725, 0.19890405852739024, -0.029198010601372545, -0.5554522165466573, 0.5889879494917512, 0.653179061647999, 0.3809853252282618, -0.009345828713589695], [-0.5219990207466795, -0.3964444926782934, -0.11529595118514815, 0.5141694222066175, -0.5219990207466795, 0.6660357983049017, 0.5262608150012003, 0.17270489097037658, 0.017031150483377416, 0.007876568853413271, 0.354273394339348, -0.1405039610826563, -0.5405583764425191, 0.08647489372275599]], "inverted": false, "swapped": false, "error_lsq": 0.04584570672650191, "error_max": 0.41435263938900635, "target": "908.xyz", "model": "0.xyz", "model_rescale": 3.8414455957264533, "target_rescale": 3.7379805332429816},
{"mapping": [3, 4, 1, 13, 5, 8, 12, 6, 0, 10, 9, 7, 2, 14], "R": [[-0.9031547510580279, 0.4223777225350728, 0.07686712657174725], [0.003708448876032916, 0.186714678389983, -0.9824071845628264], [-0.4292991300343454, -0.8869806584023185, -0.17019861507058132]], "T": [-0.03156298639291391, 0.04020393494009599, 0.029262752845910033], "aligned_model": [[-0.09896673940830913, -0.19832227681196382, -0.5489893088352837, -0.4150192824135902, 0.43048189599279996, 0.2721195056939735, -0.0728771513679354, 0.7407023888918979, -0.7168547364938096, 0.3807035767741346, 0.10774792895607396, -0.2390009728073195, 0.3636441313734373, -0.054833823888801266], [-0.48292546152451443, 0.10309199993550783, -0.6008358128591563, 0.29064500149964595, -0.2477534707912793, 0.043886805252325, -0.4506921985393111, 0.15285661591543387, 0.22317272346691083, -0.4866803193772614, 0.650381883168478, 0.6218792471393388, 0.3623871771239471, -0.04540707198202185], [-0.5496752841442915, -0.48459877051253203, -0.23500214030862457, 0.6334874973424826, -0.342110165025226, 0.7586911440994533, 0.612017992869076, -0.0014412760252379558, -0.1204536763656098, 0.17352142280117555, 0.30089673517115306, -0.14844013150145177, -0.5042295340159958, 0.015362296615643534]], "inverted": true, "swapped": false, "error_lsq": 0.0403748507940944, "error_max": 0.23496969001099338, "target": "908.xyz", "model": "1.xyz", "model_rescale": 4.316132596720782, "target_rescale": 3.7379805332429816},
{"mapping": [10, 11, 3, 9, 5, 7, 6, 4, 8, 12, 1, 13], "R": [[0.720906591153949, -0.3699760807197675, 0.5860131282881238], [0.019384907729609407, 0.8560124893795982, 0.5165915634023245], [-0.692761078715532, -0.3610544525710538, 0.6242769978907674]], "T": [-0.004587556376375694, 0.11874613040885602, -0.0764514615182437], "aligned_model": [[-0.1699900990836129, 0.4277732928637014, 0.13278074553385966, -0.49669186648951247, -0.46900924200926275, -0.4807397622057756, -0.3915037309252251, -0.2621687210840688, 0.5005131513153146, 0.25937484268277894, 0.5838745299759481, -0.03640458594236474], [-0.619480373137293, -0.3712156203600972, -0.5600283212471783, 0.5097800354641077, -0.19605420531191053, -0.1759123679125817, 0.2624764105479393, 0.5635358743058215, 0.1024261536158823, 0.06305868984069336, 0.3252645402727999, 0.10892561166279714], [0.0867804331255998, 0.12508903764116677, -0.6175600302472319, -0.15204633009350702, -0.36275933496681234, 0.42114649433288476, -0.681590129331032, 0.38549142218793286, -0.5526266250004838, 0.661511171951486, 0.18302253217867967, -0.04720018056926173]], "inverted": true, "swapped": true, "error_lsq": 0.05037405476408424, "error_max": 0.3767423375059736, "target": "908.xyz", "model": "2.xyz", "model_rescale": 3.795458400668931, "target_rescale": 3.7379805332429816},
{"mapping": [2, 8, 1, 10, 9, 7, 11, 6, 3, 5, 4, 13], "R": [[0.11736345915773183, -0.1932119968925277, 0.9741123871049653], [0.9526266895010485, -0.25523565958999783, -0.16539996530813572], [0.2805854752206627, 0.9473773706028983, 0.15410356506172795]], "T": [-0.048589031985780774, 0.055355388677569534, 0.037296799354949124], "aligned_model": [[0.0007081683088669341, -0.1261413677584563, -0.7013943701152103, 0.22534024497455754, 0.22124512190999732, 0.10090364378372516, -0.3164836294861847, 0.5447991146933319, 0.40521514274373666, 0.5668822103552053, -0.2881998215355763, -0.03957063213042818], [-0.3049165851700436, -0.6144578008525323, -0.11423355359678375, 0.06733340873833207, 0.45298043460521686, 0.6309632213728129, -0.2451147543960208, -0.04493871150466899, -0.5955125753078542, 0.09115136841705096, 0.6685625932890982, 0.09395199969510193], [-0.7380785813437728, -0.1284493294632589, 0.0005678562735006096, 0.7610372924603309, -0.37485924309982727, 0.4927919609622135, 0.5900781048682924, -0.3802998094530903, 0.415233241363545, 0.16641980094790781, -0.172800307333165, 0.05713044445642416]], "inverted": false, "swapped": true, "error_lsq": 0.049512607077108674, "error_max": 0.30438882719499044, "target": "908.xyz", "model": "3.xyz", "model_rescale": 3.7530521520055578, "target_rescale": 3.7379805332429816},
{"mapping": [12, 9, 0, 2, 1, 6, 11, 5, 3, 8, 13], "R": [[-0.7346573082310752, -0.39464962155061106, -0.5518426548144235], [-0.3355081785944704, -0.4956377088767852, 0.8011101819572588], [-0.5896718592224768, 0.7736891738607508, 0.2317156893517936]], "T": [-0.17642170655800976, -0.11212338465073432, -0.03971081188669265], "aligned_model": [[-0.2517847595612718, -0.2519901944521652, 0.33350701460627746, 0.49522009271007456, 0.29155998386699455, -0.17265805270330487, -0.24477921467855368, -0.617462426263981, -0.3456976130927719, 0.3164361282644198, -0.21415135625051263], [-0.8941938787484645, 0.16563843628900513, -0.35984959276928064, 0.38778759449044453, -0.5869735616106426, 0.6008990789315527, -0.48180615655157866, 0.3343763147314417, 0.3131491344872437, 0.11405230003956679, -0.12587631097494206], [-0.04693854012144952, -0.6035605485676885, -0.4897442483847836, -0.2197646829938478, 0.06880039011564462, -0.20746100764013922, 0.5314974629280733, 0.01395532145181648, 0.7105506369932684, 0.39396137672992604, -0.0584653832655038]], "inverted": false, "swapped": true, "error_lsq": 0.05203003248714248, "error_max": 0.30035179277386875, "target": "908.xyz", "model": "4.xyz", "model_rescale": 3.7855080009869324, "target_rescale": 3.7379805332429816},
{"mapping": [12, 13, 1, 7, 14, 5, 0, 9, 6, 2, 10, 8, 15, 16], "R": [[-0.834424815718262, 0.1741144588272707, 0.5228951923099229], [-0.2703833202654124, -0.9560848611481666, -0.11311321057039461], [0.48023753188999707, -0.23576660813308079, 0.844858579558512]], "T": [-0.06022198437083838, -0.011816370562325, 0.0038993576834111996], "aligned_model": [[-0.13157756681137617, -0.306503764884334, -0.34885021057996074, -0.43475120141204854, 0.4170930410996829, -0.0042463530130031485, -0.12212507013530567, 0.6462605879993314, -0.6864458249359776, 0.43768073716495887, 0.2513455562652788, -0.15148470002248032, 0.3977876508839554, -0.013647745963416627], [-0.44925091121385885, 0.17747089086063178, -0.7063275029015073, 0.42152717309530624, -0.2001295935204949, 0.04598804502879959, -0.5314174325392884, 0.05724739292139705, 0.16327711700430622, -0.5535456967575059, 0.562720573659458, 0.6479890846688093, 0.5255351475767709, -0.02707716945478108], [-0.5124577537324247, -0.6506105781659217, 0.09022416919025636, 0.4869218319314045, -0.437015481091665, 0.8092741914419311, 0.5823944982729947, 0.058913817234829906, -0.053223669079563114, 0.0702914099641868, 0.32607515041238355, -0.22334005778569976, -0.421304859902957, -0.018116557689741214]], "inverted": true, "swapped": false, "error_lsq": 0.041982819795558284, "error_max": 0.25009766601318406, "target": "908.xyz", "model": "5.xyz", "model_rescale": 4.2253639853439635, "target_rescale": 3.7379805332429816},
{"mapping": [7, 0, 12, 8, 3, 5, 11, 2, 9, 6, 10, 1, 4, 13], "R": [[0.5379808580301627, 0.8131156260308006, -0.22230513961145726], [0.5813159058680183, -0.16688584294651887, 0.7963798923936211], [0.6104493541465792, -0.5576666514402394, -0.5624584357029907]], "T": [-0.02887535390627164, 0.058542854997220894, 0.027184994200042313], "aligned_model": [[-0.03164424593147327, -0.36331689322589467, -0.5159358608550909, -0.4325394129863611, 0.4295026337606896, 0.2561584278776753, -0.18550095150471746, 0.6262427956014034, -0.6240860103207354, 0.32291936662273024, 0.27369986828415077, -0.196041803173446, 0.37640018489345134, 0.014677036612922932], [-0.5689200375677125, 0.04108947279534786, -0.7359403250205858, 0.37277495586209797, -0.22010217007829658, 0.025560559881265987, -0.49658166365712086, 0.13928961362456546, 0.16986467033401398, -0.4770113394433585, 0.6478194258926276, 0.7399101812972502, 0.45961383690952917, 0.036639937598418576], [-0.4582775354744029, -0.7014485800702052, -0.026780770026772503, 0.5602688429440489, -0.43677194682077425, 0.5914625658804258, 0.5495440467480992, 0.14748371902308344, -0.04980952122909143, 0.08322201364373508, 0.4391483812859659, -0.1884529589724486, -0.3921062140610146, -0.00945593187063426]], "inverted": true, "swapped": false, "error_lsq": 0.03450276774674534, "error_max": 0.2075525341318794, "target": "908.xyz", "model": "6.xyz", "model_rescale": 3.89814844738969, "target_rescale": 3.7379805332429816},
{"mapping": [12, 4, 7, 1, 10, 9, 0, 11, 8, 6, 5, 3, 13], "R": [[-0.5243372080897086, -0.8084247074118402, -0.26743220572468507], [-0.4381334851685142, 0.5254427657513967, -0.7293483043742642], [0.7301435073920612, -0.2652534493001053, -0.6297071273597079]], "T": [-0.13723365701244866, 0.08214802152612458, -0.02405088710575435], "aligned_model": [[0.20762223874321245, -0.22480832485418661, 0.46548433892187707, -0.32276362343085685, 0.6017845013858281, -0.3867889943633405, -0.6520666592945641, 0.2710146981042774, -0.4749870533641415, -0.4622639282522443, 0.09696395227679827, 0.13664533132789863, -0.10720467629633564], [-0.42097175570483236, 0.194612025432758, 0.33967424500136867, -0.5449188563063903, 0.1338665930286375, 0.594620251739611, -0.13116363850428672, -0.42369888303582404, -0.22990161706542558, 0.6608768782695709, 0.5950848073112904, 0.09434267564757778, 0.10135853965642988], [-0.5193396801076843, -0.7002607109567363, -0.38676226136352176, -0.19325489526767423, 0.19990976573391245, -0.29951975639826656, -0.48597164251686736, 0.1882441520807169, 0.49622165606588625, 0.2857612495009639, 0.25667368511090294, 0.8109610169405962, -0.05038754798593263]], "inverted": true, "swapped": true, "error_lsq": 0.04276684070333771, "error_max": 0.2386339421304785, "target": "908.xyz", "model": "7.xyz", "model_rescale": 3.7474275329858107, "target_rescale": 3.7379805332429816},
{"mapping": [2, 1, 3, 10, 4, 9, 5, 13, 0, 8, 11, 12, 13, 14], "R": [[0.799835375422443, -0.04595531006771654, 0.5984575855475641], [-0.0969983154169266, 0.974062329941199, 0.20443557468259121], [-0.592329890372855, -0.22156418227254815, 0.7746319216923474]], "T": [-0.10858174171710441, 0.03235751227935115, 0.07944499326809719], "aligned_model": [[-0.01756741525724423, -0.4195005865170587, -0.47953135903183275, -0.5472344098862845, 0.5232597235710221, 0.3391943503807294, -0.18468887877402407, 0.5869075527458547, -0.7509261906561174, 0.2479002278450154, 0.16342823511687368, -0.018658831108926646, 0.5869075527458547, -0.07895483551855759], [-0.4649404449409314, 0.08691957328335922, -0.5810485753176452, 0.5224225519064778, -0.2522268633280075, -0.11036271964746364, -0.4798129182313514, 0.4373535666987463, 0.015339465184585684, -0.548885878464974, 0.42200509879527637, 0.6211830343125979, 0.4373535666987463, 0.02870766147862607], [-0.5936082215473723, -0.602577201016744, 0.06320029882298518, 0.45717962674983703, -0.2838922354165625, 0.6790014516877753, 0.5743294422270118, -0.32103555043497256, -0.0665592279629265, 0.09638730567449956, 0.4802757386145093, -0.08130634747089514, -0.32103555043497256, 0.02766658150784182]], "inverted": false, "swapped": false, "error_lsq": 0.0575808512336904, "error_max": 0.48932827625578673, "target": "908.xyz", "model": "8.xyz", "model_rescale": 4.019505241142653, "target_rescale": 3.7379805332429816},
{"mapping": [1, 8, 11, 12, 4, 7, 10, 0, 9, 6, 3, 5, 13], "R": [[0.9784316394037327, 0.16520517289402786, 0.12401120055373388], [-0.1948784269888642, 0.5391006640745493, 0.819385667856551], [0.06851223035392995, -0.8258799699977197, 0.5596680707781136]], "T": [-0.024588845475603624, -0.1046284894784457, 0.05570994252614238], "aligned_model": [[-0.32154878930484826, -0.6973360824747503, -0.09155423684444602, 0.28576559721573064, 0.36514659461452914, 0.7113434777432451, 0.3674239889856606, -0.19308543974743891, 0.19054165878509277, -0.17888727519625652, -0.3278787186374442, 0.1900374549426282, 0.01973254165947401], [-0.48633885481601985, 0.05409582385531832, 0.17531987754557515, -0.426056164337063, -0.6691067267268075, -0.0031247999654096387, 0.4951716158981162, -0.8081733972147673, -0.34595776021586416, 0.0964551587404406, 0.718617973458884, 0.36720876779165446, -0.1047332858999987], [-0.41585789230430953, -0.0102718757062044, -0.5645815551852198, -0.5906107652408376, 0.13966115994203648, -0.04046123856995615, -0.23677389345273947, 0.07935585846110284, 0.6000148206151427, 0.7429600337180863, 0.0039045003290509445, 0.41357039811638135, 0.05579394332134501]], "inverted": false, "swapped": true, "error_lsq": 0.04665390858606656, "error_max": 0.254720152881094, "target": "908.xyz", "model": "9.xyz", "model_rescale": 3.877068213659057, "target_rescale": 3.7379805332429816},
{"mapping": [8, 7, 9, 13, 0, 6, 10, 5, 2, 11, 3, 4, 1, 15], "R": [[-0.7341017593161618, 0.0876608952043518, 0.6733573898167953], [-0.038949923709219875, 0.9845635017276104, -0.17063884232176338], [-0.6779214633067476, -0.15149349331848325, -0.7193554135962283]], "T": [-0.02917859079440561, 0.005199768023431769, 0.11826183466780125], "aligned_model": [[-0.12398506206864869, -0.2774440717013976, -0.4856577943618859, -0.5321347112708646, 0.6162389152329987, 0.12444409546617145, -0.09425080033284745, 0.6218711563124576, -0.6590472792956957, 0.28916963153412617, 0.21941812367094365, -0.16908860648937576, 0.37507379566097143, 0.04592774329835132], [-0.4284746761086153, 0.25274314600044195, -0.45684999853019154, 0.32866441526331286, -0.28534144800804356, 0.03670132369565185, -0.5637575892027017, 0.38821765410175846, 0.10560160868214537, -0.658493627235454, 0.5391309130410372, 0.6183303071500172, 0.28565018923788027, -0.028115099659196292], [-0.5128175147957854, -0.6188766166604138, 0.0008648422114608811, 0.60820495261612, -0.24613915371464967, 0.7146780462022985, 0.5369071650656417, -0.08280275191747717, -0.0648781762187114, 0.0651509817872442, 0.35464827392658665, -0.1319117235743656, -0.5964648120225299, 0.08146259809459522]], "inverted": true, "swapped": false, "error_lsq": 0.037170385260424245, "error_max": 0.2531577006540369, "target": "908.xyz", "model": "10.xyz", "model_rescale": 4.260839863003843, "target_rescale": 3.7379805332429816},
{"mapping": [12, 11, 8, 1, 2, 0, 4, 7, 5, 6, 9, 13], "R": [[-0.8404558214740834, -0.46858980108582127, -0.2721352797207198], [-0.5338927239806172, 0.8019790879521371, 0.26793301731592384], [0.09269612414162988, 0.37047690994960686, -0.9242046785010941]], "T": [0.041317112230769525, -0.07476522367002773, -0.0003342758827329165], "aligned_model": [[0.3452753028220663, 0.17595851911387905, -0.5255069517822878, -0.2713943368488303, -0.7339377615503285, -0.3395359545738089, 0.2142501407575455, 0.7769858187636711, 0.3254127192282904, -0.16173842521148268, 0.07048645570779677, 0.08264312266761945], [-0.07590300171853141, -0.6507881802929073, -0.47091346870523776, -0.15100509681074542, 0.1551241263188552, 0.40995174403061496, 0.5370310620248899, 0.058187883635535106, -0.15844141251362975, 0.09547208657440069, 0.4831949997471862, -0.058832236757496284], [-0.7248853171388014, -0.3433885558000316, 0.06221891173990019, -0.5941888586299885, 0.2817363846457527, -0.37971017331423995, -0.2712155652870364, -0.0479084800534025, 0.555585622447918, 0.6825588590610823, 0.2973539663690045, -0.0019787166446529007]], "inverted": true, "swapped": true, "error_lsq": 0.03979748304099468, "error_max": 0.2276461437963287, "target": "908.xyz", "model": "11.xyz", "model_rescale": 3.890672605050136, "target_rescale": 3.7379805332429816},
{"mapping": [5, 9, 8, 1, 12, 4, 3, 10, 6, 7, 2, 11, 9, 13], "R": [[-0.31415068922736933, -0.4813916647551981, -0.8182734320275759], [0.2075551844867836, -0.8758844304853937, 0.43559994240809397], [-0.9264071404359026, -0.03299287101021203, 0.3750750333091733]], "T": [-0.13167655088001812, 0.05261869442122178, 0.05462821170026085], "aligned_model": [[0.016385865552599688, -0.06036278194981817, -0.5658234487097769, -0.6057584532991842, 0.5337830997368853, 0.29488770765706834, -0.13049743998814795, 0.6840054339222674, -0.6454777402977436, 0.2777471579605762, 0.2335827869226234, -0.018696925376231063, -0.06036278194981817, -0.0028773445259960284], [-0.42491082845590356, 0.2212729064889188, -0.5223521603126408, 0.4225324287278907, -0.15946183735120364, 0.0019031378079207226, -0.6361110756240105, 0.4187567947957037, 0.22080505594635316, -0.6931655117211952, 0.5296801276653703, 0.5839650937463686, 0.2212729064889188, -0.05017991977444849], [-0.5412033563254176, -0.7018706443029691, 0.04385634326710124, 0.5482965916479315, -0.20482785045483046, 0.6082778387038831, 0.6700248882861695, 0.04253294131338913, -0.14482110389501965, -0.0014281419462103054, 0.434841492275391, -0.03294331358323361, -0.7018706443029691, 0.08916107031679907]], "inverted": true, "swapped": false, "error_lsq": 0.05567975940193324, "error_max": 0.4424829974003138, "target": "908.xyz", "model": "12.xyz", "model_rescale": 4.124412569039231, "target_rescale": 3.7379805332429816},
{"mapping": [4, 12, 10, 0, 7, 9, 1, 6, 11, 8, 5, 3, 13], "R": [[-0.35437570647337563, -0.29924492316745266, -0.8859290799042561], [0.31039046144247096, -0.9313407561710678, 0.1904262517097734], [-0.8820859482539252, -0.20750149843605786, 0.4229273082218323]], "T": [0.06512911009176593, 0.061157732593859745, -0.04666343897207459], "aligned_model": [[-0.17658075050539535, -0.2172296227389504, 0.6744080238853511, -0.5893082056521939, 0.4943331260099064, 0.12511774541494328, -0.5261722824761638, 0.33916668818694506, 0.09097282335422273, -0.1634496699029177, 0.6574687979035165, 0.5710771931092327, 0.0874944409212606], [-0.31123122139115356, 0.45641374703004856, 0.49937067772231125, -0.21684831672035348, 0.06104405460327088, -0.5625174607619717, 0.38048782183030355, -0.44680524351328404, 0.7429954688335807, 0.30155968728817467, -0.10525389574013976, 0.4949177582736582, 0.05335229905403198], [0.4829401965280291, 0.570922438941214, 0.1423594248020429, 0.08879912091021852, 0.5672845875037215, 0.043997290752688836, 0.021565523700422168, -0.4976981909975847, -0.0014263093338697033, -0.6566589261568588, -0.18157013284953155, -0.6196137571985306, -0.009203185634122132]], "inverted": true, "swapped": true, "error_lsq": 0.043203185808445094, "error_max": 0.2205144660460248, "target": "908.xyz", "model": "13.xyz", "model_rescale": 3.9028299243045295, "target_rescale": 3.7379805332429816},
{"mapping": [1, 6, 2, 4, 11, 5, 8, 14, 3, 12, 10, 7, 9, 15], "R": [[0.4273438908305797, 0.734051794646796, 0.5277737789485183], [-0.47729988530584555, -0.312603308302906, 0.8212575668601813], [0.7678294201558106, -0.6028657681556454, 0.21677372333679074]], "T": [-0.06840981873133076, -0.05728904608931079, 0.08184142543192939], "aligned_model": [[0.009158458296963268, -0.2887335393458561, -0.5081935940966307, -0.37522839769246785, 0.4964329089725775, 0.04134236020088426, -0.22464483798521898, 0.752887429465657, -0.6361967017764107, 0.4081623823369218, 0.23501256574270155, -0.13021877216222535, 0.21559083207864996, -0.04483595838024112], [-0.4133987569217921, 0.05354374561587852, -0.6325391498172412, 0.371810129308225, -0.2159668558243582, -0.0928578668141578, -0.615449237464357, 0.252073883469895, 0.16307233154633283, -0.5454619655889106, 0.5730354866782008, 0.811639478869755, 0.39518464095856204, 0.029321254412010833], [-0.4560877446197368, -0.5374983945914917, -0.051677556897299956, 0.5073993311981505, -0.36719168470096797, 0.5806311124414217, 0.5922872884581005, -0.03136661625042601, -0.0513815602973544, 0.21897795155492933, 0.3387041164566964, -0.16669595128515519, -0.47981385081184746, 0.011739670344995484]], "inverted": false, "swapped": false, "error_lsq": 0.03562788376457902, "error_max": 0.1677372499760083, "target": "908.xyz", "model": "14.xyz", "model_rescale": 3.942246331269136, "target_rescale": 3.7379805332429816},
{"mapping": [1, 3, 12, 11, 2, 6, 8, 9, 13, 0, 10, 4, 5, 14], "R": [[-0.09482486934181061, -0.6713698237381788, 0.7350311584743027], [-0.9753839701588577, -0.08500166560131572, -0.2034719332049184], [0.19908378867063292, -0.7362318090240119, -0.6467830922881163]], "T": [0.014483779044664764, 0.0620559742427164, 0.04377642992033265], "aligned_model": [[-0.0706817515808779, -0.24052389514523972, -0.5896549402497269, -0.324870106197585, 0.6233842867508755, 0.23208164560373706, -0.05761515968489421, 0.7435526876522573, -0.7894574173564853, 0.24661910100788786, 0.12525017669118046, -0.3482944634239419, 0.3703923671369738, 0.030352604451143444], [-0.3512755982788303, 0.20623623827287202, -0.3601311238978124, 0.2688935168610268, -0.33660256926331616, 0.10688029133017601, -0.44442930084834215, 0.3717507128387611, 0.026999100931888245, -0.635509338846363, 0.7522720513169132, 0.5135631537568336, 0.043069134178657126, -0.027709149924421625], [-0.6479932422471841, -0.612524619956244, -0.30956578405326, 0.6405747176115413, -0.18635278605246341, 0.5570320566844276, 0.6243927709216839, 0.18768612910709004, 0.15944585054684074, 0.028501969529764942, 0.1863705677517393, -0.04676190760140614, -0.4813408284283481, 0.008561217185832512]], "inverted": true, "swapped": false, "error_lsq": 0.05894911199249015, "error_max": 0.4184396487732133, "target": "908.xyz", "model": "15.xyz", "model_rescale": 4.355366556412066, "target_rescale": 3.7379805332429816},
{"mapping": [10, 11, 3, 9, 5, 7, 6, 4, 8, 12, 1, 13], "R": [[0.720906591153949, -0.3699760807197675, 0.5860131282881238], [0.019384907729609407, 0.8560124893795982, 0.5165915634023245], [-0.692761078715532, -0.3610544525710538, 0.6242769978907674]], "T": [-0.004587556376375694, 0.11874613040885602, -0.0764514615182437], "aligned_model": [[-0.1699900990836129, 0.4277732928637014, 0.13278074553385966, -0.49669186648951247, -0.46900924200926275, -0.4807397622057756, -0.3915037309252251, -0.2621687210840688, 0.5005131513153146, 0.25937484268277894, 0.5838745299759481, -0.03640458594236474], [-0.619480373137293, -0.3712156203600972, -0.5600283212471783, 0.5097800354641077, -0.19605420531191053, -0.1759123679125817, 0.2624764105479393, 0.5635358743058215, 0.1024261536158823, 0.06305868984069336, 0.3252645402727999, 0.10892561166279714], [0.0867804331255998, 0.12508903764116677, -0.6175600302472319, -0.15204633009350702, -0.36275933496681234, 0.42114649433288476, -0.681590129331032, 0.38549142218793286, -0.5526266250004838, 0.661511171951486, 0.18302253217867967, -0.04720018056926173]], "inverted": true, "swapped": true, "error_lsq": 0.05037405476408424, "error_max": 0.3767423375059736, "target": "908.xyz", "model": "16.xyz", "model_rescale": 3.795458400668931, "target_rescale": 3.7379805332429816},
{"mapping": [12, 4, 7, 1, 10, 9, 0, 11, 8, 6, 5, 3, 13], "R": [[-0.5243372080897086, -0.8084247074118402, -0.26743220572468507], [-0.4381334851685142, 0.5254427657513967, -0.7293483043742642], [0.7301435073920612, -0.2652534493001053, -0.6297071273597079]], "T": [-0.13723365701244866, 0.08214802152612458, -0.02405088710575435], "aligned_model": [[0.20762223874321245, -0.22480832485418661, 0.46548433892187707, -0.32276362343085685, 0.6017845013858281, -0.3867889943633405, -0.6520666592945641, 0.2710146981042774, -0.4749870533641415, -0.4622639282522443, 0.09696395227679827, 0.13664533132789863, -0.10720467629633564], [-0.42097175570483236, 0.194612025432758, 0.33967424500136867, -0.5449188563063903, 0.1338665930286375, 0.594620251739611, -0.13116363850428672, -0.42369888303582404, -0.22990161706542558, 0.6608768782695709, 0.5950848073112904, 0.09434267564757778, 0.10135853965642988], [-0.5193396801076843, -0.7002607109567363, -0.38676226136352176, -0.19325489526767423, 0.19990976573391245, -0.29951975639826656, -0.48597164251686736, 0.1882441520807169, 0.49622165606588625, 0.2857612495009639, 0.25667368511090294, 0.8109610169405962, -0.05038754798593263]], "inverted": true, "swapped": true, "error_lsq": 0.04276684070333771, "error_max": 0.2386339421304785, "target": "908.xyz", "model": "17.xyz", "model_rescale": 3.7474275329858107, "target_rescale": 3.7379805332429816},
{"mapping": [4, 8, 5, 11, 6, 7, 12, 2, 10, 9, 1, 3, 0, 13], "R": [[0.9789714441103691, 0.18915144066139636, -0.07639793264334716], [-0.10658057139936364, 0.15492518986475848, -0.9821602554296087], [-0.17394106305482987, 0.9696493789205907, 0.17182720547768016]], "T": [-0.02212825126327506, 0.04259365401755769, 0.05318259531416981], "aligned_model": [[0.06169185870617862, -0.37424220242928874, -0.4508065097379353, -0.35923472425120123, 0.5637267471721142, 0.2259699707268524, -0.2670123968205647, 0.6796888669268641, -0.7114519328253063, 0.25723052380352185, 0.2185329802005877, -0.3829704529950105, 0.41690951466803183, 0.0725028925104604], [-0.39640936791283715, 0.1661206315792998, -0.5119550075139978, 0.39256044646984906, -0.3550511259415282, 0.008698949735786589, -0.4831213120800027, 0.14845412454335985, 0.010751564695724879, -0.5616491496733824, 0.6757759408359614, 0.6060354831563796, 0.3749754653098038, 0.05882047522362617], [-0.6464432746486954, -0.5613182610134834, -0.12550895282111993, 0.5876160634431314, -0.2528425037216643, 0.7636174644635423, 0.5252974679767635, 0.06207175753716429, 0.06925474043685156, 0.12081006633716632, 0.19347079916392534, -0.06046331061880591, -0.5760316467282383, 0.008495701193476694]], "inverted": false, "swapped": false, "error_lsq": 0.03775483931728731, "error_max": 0.2345322495517282, "target": "908.xyz", "model": "18.xyz", "model_rescale": 3.922800546911778, "target_rescale": 3.7379805332429816},
{"mapping": [5, 8, 12, 11, 0, 9, 7, 2, 13, 3, 10, 6, 1, 14], "R": [[-0.1931907314759811, -0.37251359548910357, 0.9076954128161913], [-0.35064251561854465, 0.8902420743892419, 0.2907213016410019], [-0.9163662845786472, -0.2621119420456082, -0.3026056217663605]], "T": [-0.06940412305841624, 0.06803993400514789, -0.06310562243921117], "aligned_model": [[-0.00672598315238894, -0.4471842762358614, -0.41020946136576136, -0.3487774516674111, 0.5729313752149454, 0.36388012968439165, -0.23898430508425583, 0.5819285802502954, -0.7256511148881909, 0.20233361984367393, 0.1370698011167673, -0.07273045704780894, 0.41712991228114005, -0.07447523329423103], [-0.39733556545139986, 0.18453145679971833, -0.6381890812038661, 0.24697099498006087, -0.40746424338069526, 0.03367935462403295, -0.40643811216426345, 0.21216028074497084, 0.023863898416025417, -0.48321515817346333, 0.7017313162586336, 0.7081666689178338, 0.34272788852851577, 0.01281741953193876], [-0.6647955886753154, -0.5301201136531852, -0.12398537296954526, 0.5671148401364873, -0.30753049969887736, 0.625245518203909, 0.5568332169844827, 0.1979001208768034, 0.13488960582194034, 0.11416723508481488, 0.3912118854302009, -0.31999951233409873, -0.5487126487802858, 0.01580742457268383]], "inverted": true, "swapped": false, "error_lsq": 0.043530338128036965, "error_max": 0.22510231938015457, "target": "908.xyz", "model": "19.xyz", "model_rescale": 3.9282355846067225, "target_rescale": 3.7379805332429816},
{"mapping": [9, 11, 8, 3, 12, 5, 6, 2, 4, 7, 1, 0, 10, 13], "R": [[0.8841951050875645, -0.46066024927603905, 0.07740252499840135], [-0.4567715798737569, -0.8873403928357748, -0.06314072427272929], [0.09776880872150746, 0.02047344570389307, -0.9949985417387237]], "T": [-0.024891239442048872, -0.09744314412724284, 0.04243529513219122], "aligned_model": [[-0.09025201169793931, -0.3321191046580902, -0.577066243353437, -0.38340943700957336, 0.47704277272518947, 0.19240607648363325, -0.1760336408838812, 0.6990252987098764, -0.6391625529777367, 0.46449367661571966, 0.15413599559342583, -0.32407903586124037, 0.46776384395758636, 0.017789498011772098], [-0.43265820274292865, 0.19838834602446256, -0.5881095847049388, 0.34853789635908494, -0.4668198563262004, 0.042242382155004615, -0.4180458597661192, 0.25571704426676456, 0.045626847136912896, -0.46800384863600075, 0.5883624707987394, 0.6282099452420299, 0.34358112240649197, 0.056978416214739425], [-0.5590492509412557, -0.533288544564733, -0.13914330568425526, 0.5312304287835223, -0.5358530734023594, 0.6912495848078561, 0.5912648927929204, 0.21546401379911892, 0.0028174215569094566, 0.14866591495871012, 0.28558278937829856, -0.112842663894507, -0.5098535008073468, 0.0317814042171359]], "inverted": false, "swapped": false, "error_lsq": 0.03673450722928912, "error_max": 0.2316642238965293, "target": "908.xyz", "model": "20.xyz", "model_rescale": 4.067790424073018, "target_rescale": 3.7379805332429816},
{"mapping": [5, 13, 4, 3, 1, 0, 2, 9, 6, 8, 12, 11, 10, 14], "R": [[0.6500909377894835, 0.72859453020704, -0.21571226936911297], [0.6744621295090498, -0.4225399666408922, 0.6054426582668515], [0.349975154063982, -0.5390825420503769, -0.7660988215592005]], "T": [-0.011625992615136378, -0.03840119593232446, 0.025279915484848293], "aligned_model": [[-0.08774530921174976, -0.07216498391969633, -0.4350831404746804, -0.4012956858210815, 0.6235246098734851, 0.20133180284018912, -0.4313262747022924, 0.6878204884694535, -0.7506243522843169, 0.21288217633608067, 0.2635100210304297, -0.24614734963762505, 0.3581785256180869, 0.027674607539021786], [-0.43344969013539164, 0.1738100943237106, -0.717930711016604, 0.44359519367109046, -0.21921998732918346, -0.20640926687656033, -0.2797286181291583, 0.29007287481863414, -0.033104473033847, -0.5625794316463484, 0.6202334104485407, 0.552554551863782, 0.48652553941552107, 0.01963763205385643], [-0.40670232688934876, -0.6391182361508204, 0.06264536466270437, 0.6080165860804763, -0.4617451127374587, 0.6816946433614882, 0.5903769691408772, -0.05796252808553742, -0.012273670604483332, 0.02420473970458873, 0.30369416829967305, -0.09220749331380898, -0.48362416424434307, -0.008972828223992563]], "inverted": false, "swapped": false, "error_lsq": 0.0456283911253581, "error_max": 0.3587564551441744, "target": "908.xyz", "model": "21.xyz", "model_rescale": 4.186013935880536, "target_rescale": 3.7379805332429816},
{"mapping": [1, 0, 2, 3, 10, 8, 11, 12, 6, 9, 7, 5, 13], "R": [[-0.787500619681308, -0.15899940917163952, 0.5954510575056742], [0.3862106231782911, -0.8802351030582151, 0.2757308794609882], [0.4802958760449565, 0.44710776243223904, 0.7545929500247432]], "T": [-0.04494887118731445, -0.0008322480077613895, -0.014723900670918996], "aligned_model": [[-0.23599677987413314, -0.30435420110384354, 0.48871432090416594, 0.6104799064404296, -0.11516785031424662, 0.5025099704635527, -0.09568396063233259, -0.7133088967408585, 0.4605285374611566, -0.1110707872290882, -0.5600725771682975, 0.209010686330188, -0.07701433311346738], [-0.38445778897260907, 0.2035585352048881, 0.35559388557873617, -0.39535665539647824, -0.35605819565958163, -0.2915244033430191, -0.672423059804114, -0.4006693879704615, 0.5167472756133177, 0.6287834015708998, 0.07523479888862492, 0.22843178975976675, 0.01109646407612351], [-0.5368315284620804, -0.6588193527367883, -0.5818192178742491, 0.41790399853874693, 0.6692825643469555, -0.327649994813515, 0.10363456410167433, -0.1186047232523263, 0.09999032212998343, -0.015605441482499451, 0.5238015410023138, 0.5141442265467128, 0.013452603290417402]], "inverted": false, "swapped": true, "error_lsq": 0.05145542224349172, "error_max": 0.29394477952865294, "target": "908.xyz", "model": "22.xyz", "model_rescale": 4.166573947596378, "target_rescale": 3.7379805332429816},
{"mapping": [12, 14, 11, 8, 6, 4, 3, 1, 9, 2, 0, 7, 13, 15], "R": [[0.31276397291149927, -0.5900170810181242, 0.7443510874281489], [0.8861435395790451, -0.10087113035783125, -0.4522992840174027], [0.3419478388744937, 0.8010648283174004, 0.4912909691027077]], "T": [-0.057141379636978025, 0.013219328440310117, -0.030364244835202846], "aligned_model": [[-0.06878509353405564, -0.4178155129427552, -0.3856309165670361, -0.4448021033171263, 0.5769500090852316, 0.10143836095191622, -0.2511125571205062, 0.6262314290354997, -0.6533113267805596, 0.34617379534939713, 0.3735974030780237, 0.0643180441398275, 0.07354139071392768, 0.009742213563519682], [-0.42262091330507084, 0.08131532798822341, -0.7025521058886718, 0.41006956956172974, -0.3047481961836204, 0.046295154067713805, -0.3455614742787564, 0.065138582411263, -0.0546550175914736, -0.44043191269248366, 0.5317002622051551, 0.7178258994406945, 0.5224210981865595, 0.029810844506780412], [-0.5195360580370961, -0.7312600057226142, -0.07348274843298351, 0.5581153127187034, -0.30592257985654403, 0.6863030203572424, 0.41131229962010374, 0.16560783557762146, -0.009781884531505702, 0.2600607200584461, 0.43050166323952965, -0.04328075090698534, -0.6940273446957004, -0.026583368388202817]], "inverted": true, "swapped": false, "error_lsq": 0.046049548286914876, "error_max": 0.2924419842876243, "target": "908.xyz", "model": "23.xyz", "model_rescale": 4.274766983524099, "target_rescale": 3.7379805332429816},
{"mapping": [7, 11, 3, 5, 8, 2, 9, 0, 4, 1, 13], "R": [[-0.7407567377701617, -0.271030097642411, 0.6146723856006983], [0.5693049270401715, -0.7390027190807208, 0.3602317049332091], [0.35661093014080925, 0.6167800802257211, 0.7017200133535172]], "T": [-0.025813697008785757, 0.08010850491094107, -0.01812418964733114], "aligned_model": [[0.4832151675850255, 0.10800420818184363, -0.6224911806551733, -0.2988711759584661, -0.5377933017079095, -0.6063668475800996, -0.036994610918593254, 0.19824370848390288, 0.48430099118313175, 0.20372297260840577, 0.004924772736007176], [-0.169277713119042, 0.7000155181958612, 0.4459707927087222, -0.22629229403350448, 0.49290714823252646, -0.0815967908701695, -0.5379288268000966, -0.009880482135461666, -0.29914700330668775, 0.5420586553735933, 0.058757526997742004], [-0.5078633127358452, -0.27390741252202394, -0.5496541103661695, -0.495949592331713, 0.20460887326541918, 0.5903513865007166, 0.11860033216656929, 0.6642436950582485, 0.25303160481837644, 0.41797122408740905, -0.04186625391941004]], "inverted": true, "swapped": true, "error_lsq": 0.049294472619235405, "error_max": 0.24221349305236373, "target": "908.xyz", "model": "24.xyz", "model_rescale": 3.7841303162186577, "target_rescale": 3.7379805332429816},
{"mapping": [1, 8, 7, 14, 4, 13, 11, 5, 10, 6, 12, 9, 2, 15], "R": [[0.02186390866259541, 0.8152319174415101, -0.5787217727739583], [0.9306549755421281, -0.2280719044798341, -0.28611977017609813], [-0.36524414573908703, -0.532334600764952, -0.7636861834757417]], "T": [-0.08663650170395248, -0.05259541856004946, -0.04116670940595993], "aligned_model": [[0.021200140966882497, -0.13879130015657543, -0.4863212312475181, -0.35432299846440213, 0.5728059676504695, 0.08515824676006517, -0.1875084389160475, 0.7152211177959231, -0.8311210709751067, 0.2638468780698806, 0.2591729813575129, -0.2324525195068964, 0.3097049823798549, -0.04605762005873802], [-0.33539199426234906, 0.09045125904765544, -0.5626365739101079, 0.522151921305717, -0.23637684742964682, 0.08483436771578562, -0.473829903492486, 0.2985256079023506, 0.024037227840468585, -0.6762357609179548, 0.5323737442833407, 0.5134927072190822, 0.45793550962028484, -0.10532414649409756], [-0.7204558592322619, -0.6123718465175118, 0.0128304842167071, 0.4356019945584517, -0.3379231059212614, 0.7095660096861308, 0.5927212382231698, 0.014305159768125547, 0.17126038138049396, 0.06012779256258166, 0.2955806534273684, -0.06172470858110771, -0.42983704181222104, -0.0216550407586506]], "inverted": true, "swapped": false, "error_lsq": 0.04031354659669042, "error_max": 0.2199189112964785, "target": "908.xyz", "model": "25.xyz", "model_rescale": 4.19342608120988, "target_rescale": 3.7379805332429816},
{"mapping": [10, 11, 3, 9, 5, 7, 6, 4, 8, 12, 1, 13], "R": [[0.720906591153949, -0.3699760807197675, 0.5860131282881238], [0.019384907729609407, 0.8560124893795982, 0.5165915634023245], [-0.692761078715532, -0.3610544525710538, 0.6242769978907674]], "T": [-0.004587556376375694, 0.11874613040885602, -0.0764514615182437], "aligned_model": [[-0.1699900990836129, 0.4277732928637014, 0.13278074553385966, -0.49669186648951247, -0.46900924200926275, -0.4807397622057756, -0.3915037309252251, -0.2621687210840688, 0.5005131513153146, 0.25937484268277894, 0.5838745299759481, -0.03640458594236474], [-0.619480373137293, -0.3712156203600972, -0.5600283212471783, 0.5097800354641077, -0.19605420531191053, -0.1759123679125817, 0.2624764105479393, 0.5635358743058215, 0.1024261536158823, 0.06305868984069336, 0.3252645402727999, 0.10892561166279714], [0.0867804331255998, 0.12508903764116677, -0.6175600302472319, -0.15204633009350702, -0.36275933496681234, 0.42114649433288476, -0.681590129331032, 0.38549142218793286, -0.5526266250004838, 0.661511171951486, 0.18302253217867967, -0.04720018056926173]], "inverted": true, "swapped": true, "error_lsq": 0.05037405476408424, "error_max": 0.3767423375059736, "target": "908.xyz", "model": "26.xyz", "model_rescale": 3.795458400668931, "target_rescale": 3.7379805332429816},
{"mapping": [2, 9, 6, 8, 3, 12, 4, 1, 7, 5, 11, 10, 13], "R": [[-0.16808994706660968, 0.5751139402558185, -0.8006183394218318], [0.015340639068557815, -0.8105497655319409, -0.5854688227301983], [-0.9856522888362371, -0.11069342039860769, 0.12742265180235618]], "T": [-0.11754772218959735, -0.1337041284199614, -0.050671796326764745], "aligned_model": [[0.15471309874111822, 0.35185739601439087, 0.5616829528270477, -0.2430160974576429, 0.04071187114869053, -0.7698877197416781, -0.15012832167785134, -0.7279272154727314, -0.05145422606459969, 0.4009001986125202, -0.6208706217481047, -0.1368816097070915, -0.11002332265281112], [-0.6607395604711568, -0.5010399750064742, -0.213908594743863, -0.09394205406335682, 0.5830993093360297, -0.1483234743793634, -0.6069880912309642, -0.3799714971349345, 0.1335469243354073, 0.21866313731201345, 0.3235711066888637, 0.5932559443032637, -0.12534167168855043], [-0.6683616771240595, 0.16266353104792744, -0.3129088275346823, -0.7324433982001228, -0.5339419303927742, 0.3870551617979848, 0.4518398906793959, -0.2025055586377896, 0.6460037407689422, 0.01103732221477903, -0.12266076846686728, 0.21416074804932808, -0.007801572102635934]], "inverted": true, "swapped": true, "error_lsq": 0.04766649099814302, "error_max": 0.27779972701433336, "target": "908.xyz", "model": "27.xyz", "model_rescale": 3.6321398670334006, "target_rescale": 3.7379805332429816},
