[{"mapping": [5, 7, 3, 11, 2, 10, 8, 6, 9, 1, 12, 0, 13], "R": [[0.03687646226511321, -0.009115566853072687, 0.9992782560286984], [-0.6110531220843595, -0.7914411347681309, 0.015330107236750379], [0.7907301742830906, -0.6111774182983862, -0.03475564472647419]], "T": [-0.027292374404932124, 0.08984098999713906, 0.04828044922775863], "aligned_model": [[-0.716861380245122, 0.5818943193432455, -0.23899339003104633, -0.1028994198009752, 0.3224985715522968, 0.4194730105629888, 0.09995940596720573, -0.17677227372157253, 0.6665687629718752, -0.34888593779900823, 0.09574109641415621, 0.27577728620734476, 0.08762759601168649], [-0.12280590744689908, -0.18029120328955534, 0.5452870842551361, -0.5727759133208961, 0.7601407843256918, -0.7844121576476054, -0.2655225114969675, 0.38231537821130934, 0.00041091415953774246, 0.22406879696404441, -0.15766454774022415, 0.5542611021014618, -0.0059894368120799735], [-0.17904562414173922, -0.308531339795184, -0.0964670585426338, -0.15735090773654087, -0.09172928350232934, 0.2752409067293842, -0.6359000078306621, -0.642125790696742, 0.26577103600813085, 0.5082854375086765, 0.5569292296461855, 0.5848204522750564, -0.016138429623131355]], "inverted": false, "swapped": false, "error_lsq": 0.04571627691095957, "error_max": 0.2894644176089384, "target": "91.xyz", "model": "0.xyz", "model_rescale": 3.8414455957264533, "target_rescale": 3.925749158753373},
{"mapping": [0, 5, 12, 7, 10, 2, 3, 1, 6, 13, 9, 8, 14], "R": [[0.7756879221602149, -0.5656510969413568, -0.27990549109263335], [0.34607413836348655, 0.7521113832095287, -0.5608575202336327], [0.5277697776215864, 0.33818235284486564, 0.7791609320631855]], "T": [0.029921132653437266, -0.010591411881114388, 0.00885371182375095], "aligned_model": [[-0.6277668588552272, 0.6038946833150622, -0.05131297564754039, -0.23116835243858352, 0.4856495299325409, 0.46964746644210037, 0.18050960833298008, -0.2997353559623633, 0.7593078246554088, -0.5124464464449572, -7.001292691113936e-05, 0.16330734982361195, 0.02531118720695363], [-0.27120106906643787, -0.06103713553963473, 0.7475968336205369, -0.5493871117912431, 0.4739455369207054, -0.6029852307326773, -0.06774152530552156, 0.2234709065881007, -0.08139789546804159, 0.23653263651763862, -0.23233472997586888, 0.5237450493618397, 0.03781611713355698], [-0.14940709164385998, -0.31104060992633675, 0.03785626169002355, 0.24227709683017962, -0.15213347266505264, -0.008895721341095973, -0.7575886262344652, -0.7560249202186522, 0.27905487613678237, 0.4774837519249884, 0.653400150849325, 0.5754179718648861, -0.06664104696825165]], "inverted": false, "swapped": false, "error_lsq": 0.038946378172663526, "error_max": 0.2570360773224195, "target": "91.xyz", "model": "1.xyz", "model_rescale": 4.316132596720782, "target_rescale": 3.925749158753373},
{"mapping": [9, 0, 2, 8, 11, 10, 4, 5, 7, 3, 6, 12], "R": [[-0.5312596463451541, -0.17772094277949924, -0.8283588924269407], [0.8214639827232393, -0.34726186650994295, -0.4523340813563625], [-0.207268215734337, -0.9207738389884872, 0.3304775698602067]], "T": [0.018091292909674102, 0.010138236094407676, -0.007863438509771413], "aligned_model": [[-0.18658145792313818, 0.558621259961805, 0.10242098662770474, -0.5596688963656262, -0.6762547609570912, -0.47231462078197456, -0.2699921160247866, -0.1471722683726418, 0.6523976500834786, 0.103814158635855, 0.4965451642571023, -0.00400654450890621], [-0.6544507057333669, -0.3667246601974149, -0.25687664741532557, 0.4273106053676202, -0.2657086481123732, -0.1897098863583219, 0.25109591673581766, 0.5931730226650326, -0.05375143804744514, 0.05734413521286869, 0.44097897957868787, 0.030095754045200908], [0.055684288170493416, 0.2595547692893424, -0.5530559879360235, -0.02009686208614122, -0.48851154702881566, 0.49485619376666795, -0.6923672224219877, 0.5228468947713417, -0.510874715265981, 0.6444786784320722, -0.13126398010994011, -0.13199204837160736]], "inverted": false, "swapped": true, "error_lsq": 0.04599538899825392, "error_max": 0.34963484492519153, "target": "91.xyz", "model": "2.xyz", "model_rescale": 3.795458400668931, "target_rescale": 3.925749158753373},
{"mapping": [9, 2, 0, 1, 10, 5, 6, 11, 4, 8, 3, 12], "R": [[0.7744771402849358, 0.36101751240294633, 0.5194723427810729], [0.15143090812472462, -0.9030947718023399, 0.4018563340396677], [0.6142099309198682, -0.23256437577941358, -0.7540954660238601]], "T": [-0.06283767507857199, -0.032629207686003595, 0.03914157299488756], "aligned_model": [[-0.0811717088311468, -0.03774102408731132, -0.7423883876701364, 0.17625781009570765, 0.16479272489155497, 0.0772158082960864, -0.3377806518987617, 0.6445032786336162, 0.4845213471131474, 0.5795782483552667, -0.33704861406079045, 0.002564994906332177], [-0.09188277428318574, -0.6310130727760267, -0.01636511548500466, 0.09576594566232148, 0.5091725567694375, 0.6536803522648597, -0.15833044115747502, -0.37618470075896365, -0.5366687465054877, 0.20892640376626598, 0.5664045493672247, -0.13773591157425702], [-0.6563874257904501, -0.09105162697015519, -0.16980122794954122, 0.7332989301445402, -0.3942168351965205, 0.43695971562439945, 0.620841758934042, -0.3742214014607361, 0.27565865205155154, 0.23134445159826278, 0.006066461366338219, 0.07027997828736915]], "inverted": false, "swapped": true, "error_lsq": 0.053323830471574234, "error_max": 0.27262163395676287, "target": "91.xyz", "model": "3.xyz", "model_rescale": 3.7530521520055578, "target_rescale": 3.925749158753373},
{"mapping": [11, 9, 10, 3, 8, 0, 4, 2, 7, 6, 12], "R": [[0.4509941984002766, -0.8925173460374043, -0.004125534103681133], [-0.756592292867541, -0.37985026547117645, -0.5322423115413827], [0.4734684101212344, 0.24315954195512346, -0.8465820112507976]], "T": [0.044786221104909714, 0.003158538645260632, 0.014455753141422075], "aligned_model": [[-0.43898084155335254, -0.34657756527044403, 0.31192956940354494, 0.5445761065828454, 0.36533107143766425, -0.059858025333878066, -0.26608140737754293, -0.5402695767302965, -0.4136725762016691, 0.21192349386216736, -0.030120646373833722], [-0.719228586912033, 0.0032362104591303273, -0.22730632528213665, 0.28516447536286704, -0.6306613521245479, 0.6774393999806173, -0.5454106911863714, -0.0339087973625555, 0.43015790176311, 0.29069248706010437, -0.06297136344383869], [-0.1681827427622107, -0.5638539310075615, -0.624828720987663, -0.31082837832833576, 0.07372314416343105, -0.18580829123358938, 0.47492421264451945, 0.19328272881590933, 0.5311121813663332, 0.5793972611622789, 0.09389331341220473]], "inverted": false, "swapped": true, "error_lsq": 0.05523716657102307, "error_max": 0.3136253852218689, "target": "91.xyz", "model": "4.xyz", "model_rescale": 3.7855080009869324, "target_rescale": 3.925749158753373},
{"mapping": [2, 13, 4, 9, 6, 15, 12, 1, 8, 5, 10, 7, 16], "R": [[-0.12887502923361976, -0.549218557975639, -0.8256816592459795], [0.988667488722976, -0.13580517357183947, -0.06398086880722148], [-0.07699236054465391, -0.8245701488692655, 0.5604964281879767]], "T": [0.04446839964953587, 0.012268941485658193, -0.056942495813844654], "aligned_model": [[-0.5603287419066802, 0.6838683225719354, -0.12085198867506763, -0.24167420247129867, 0.4577617926238544, 0.4711267179488315, 0.11393070800781507, -0.3424912166364454, 0.6570194606199558, -0.4486422190579481, 0.08606300039041193, 0.18053187607465343, 0.028814137943057545], [-0.3263010528809808, -0.09148143107650661, 0.732716809049724, -0.5949845164722711, 0.5159746910750563, -0.6542275001157838, -0.10160383490341604, 0.3963971647302989, -0.09604924954884994, 0.3200065638149744, -0.19151558164510082, 0.5048834190154008, -0.036793098779592304], [-0.3126307123172573, -0.3813977895531209, -0.031946032225157676, 0.1802908667191218, -0.09626370155986184, 0.17341218602372654, -0.7242304707730345, -0.5821202775793071, 0.2722356340165634, 0.5063005406635939, 0.6414170329361115, 0.49095090512024114, -0.07225956117314843]], "inverted": true, "swapped": false, "error_lsq": 0.03744354859487782, "error_max": 0.19219268610399187, "target": "91.xyz", "model": "5.xyz", "model_rescale": 4.2253639853439635, "target_rescale": 3.925749158753373},
{"mapping": [11, 3, 9, 5, 0, 2, 7, 12, 4, 8, 10, 1, 13], "R": [[-0.04074672593094808, 0.8396378885771989, 0.5416160267122195], [-0.6012784410629812, -0.45353380500075713, 0.6578535733994356], [0.7979999628062521, -0.29885666093824764, 0.5233361783538971]], "T": [0.057038983286825634, 0.01984322100131964, 0.024713863707524868], "aligned_model": [[-0.5928200741491089, 0.6003226906048907, -0.17340823594442203, -0.2479044065760875, 0.45290462794577, 0.33669672645049964, 0.27495966993552, -0.3756577993430158, 0.7178330267806663, -0.5023030047799614, 0.049551099167657944, 0.32100799945944236, 0.10394532788122401], [-0.2405369668214125, -0.20955973394446276, 0.584038226077845, -0.5005958706396886, 0.6486708017433385, -0.5675213825615086, 0.10029751864321496, 0.2557026308247632, -0.016690470588512578, 0.1788001438187501, -0.28596200974458696, 0.43479224701405095, -0.0044127515588376215], [-0.31504951288133876, -0.3692741695158514, 0.05898488471169005, 0.21679183569151525, -0.2768303526248364, 0.1889270824425428, -0.733856433857851, -0.7680582331579945, 0.27556807170174064, 0.48049244226579674, 0.7423067614071885, 0.5695472751923686, -0.005791031076499954]], "inverted": true, "swapped": false, "error_lsq": 0.04761547685232718, "error_max": 0.2859222575009402, "target": "91.xyz", "model": "6.xyz", "model_rescale": 3.89814844738969, "target_rescale": 3.925749158753373},
{"mapping": [2, 3, 5, 4, 6, 7, 0, 1, 8, 10, 11, 9, 12], "R": [[0.6219740414449393, 0.7375339002155559, -0.2630437944553715], [0.7800384494007957, -0.5542113124793144, 0.29049929186894474], [0.06847122917730947, -0.38586729215209015, -0.9200098497419267]], "T": [0.09623378219995174, -0.0720580653545301, -3.972190701445437e-05], "aligned_model": [[-0.5870288200068422, 0.8035976769486103, -0.14710058542503082, -0.30657774912589686, 0.4792129870526439, 0.40167997887030815, 0.13367575626586192, -0.250840264376189, 0.6611036209601014, -0.4848241633525826, 0.21406570889328858, 0.10542445930692095, -0.05726095857811886], [-0.07808573035344794, -0.13031218882366785, 0.6596913721596943, -0.5583158004886721, 0.4383108517237756, -0.648901506774138, -0.14440159608109152, 0.3620805995370908, 0.0535239214235253, 0.1521329569507198, -0.29690548806029293, 0.6408041089172202, -0.07259911786776216], [-0.18622169794451338, -0.3855584817291046, -0.08896525398298369, 0.12954451184622195, -0.2241520780110357, -0.07235116344120951, -0.5868743660857403, -0.6371110192303396, 0.3504428057183906, 0.38856510626695656, 0.7686602473770505, 0.5381878609810075, 0.0695921485337708]], "inverted": true, "swapped": false, "error_lsq": 0.04380233956515552, "error_max": 0.24605115580614828, "target": "91.xyz", "model": "7.xyz", "model_rescale": 3.7474275329858107, "target_rescale": 3.925749158753373},
{"mapping": [0, 9, 12, 3, 11, 8, 7, 10, 4, 1, 2, 13, 14], "R": [[-0.5248740712487417, 0.30889478143462723, -0.7931527112310873], [-0.18403275288332788, -0.9509699554607148, -0.24857210156658835], [-0.8310470234571296, 0.015497025956621252, 0.5559862291366083]], "T": [0.032331083733648, 0.023642125218153648, -0.047106385582854765], "aligned_model": [[-0.6024300150098464, 0.6892817301023922, -0.05741682124498132, -0.19445416365004192, 0.35469114569663407, 0.47278993797011265, 0.1720484999456251, -0.3187054776822641, 0.5253001748151594, -0.5142142942650471, -0.04099306714804292, 0.4385440709884101, 0.040685926914965365], [-0.13615103572094528, -0.07654983552028849, 0.6316089125241927, -0.6562877739429015, 0.4150664487521688, -0.4461577527543741, -0.05792562400116008, 0.3350635022841555, -0.043765943443959524, 0.0842754296045812, -0.34485875973683233, 0.6385063942213652, 0.03419841999695095], [-0.12298609872150915, -0.4195548509139314, 0.0073391641349700165, -0.027148410220403568, -0.4067603094972553, 0.1776031786066195, -0.708697934666095, -0.6429699757978216, 0.556767337444599, 0.46515680091145006, 0.7061665812324408, 0.4677186025259953, 0.011124535259411907]], "inverted": true, "swapped": false, "error_lsq": 0.05352660192724863, "error_max": 0.385615186203204, "target": "91.xyz", "model": "8.xyz", "model_rescale": 4.019505241142653, "target_rescale": 3.925749158753373},
{"mapping": [2, 9, 6, 0, 11, 7, 1, 10, 8, 3, 4, 5, 12], "R": [[-0.07489221662786483, 0.15111074290151258, -0.9856757576750672], [-0.6470612660183932, -0.7594648572514384, -0.06726699501781125], [-0.7587508641887923, 0.6327548292820886, 0.1546559152213578]], "T": [0.048113737372060886, 0.0668924156448859, -0.0572414096399522], "aligned_model": [[-0.5409086601727648, 0.6344073923875018, -0.2310314170429369, -0.14497007321416983, 0.4924145335898571, 0.46579795006288294, -0.08966243441452805, -0.006585758439154696, 0.6784845139022276, -0.4766454863713924, 0.12945309853612919, -0.006014318278038611, 0.060388306887461884], [0.058193521571444, -0.008953408550558706, 0.7131836223869638, -0.5239871240993001, 0.49812468836244245, -0.6960067040971538, -0.2798559070750483, 0.4034011751794012, -0.043975620652662, 0.01110450496467661, -0.31668627411616584, 0.47039308947929626, 0.09208681890961788], [-0.002935731768274767, -0.4005302420700088, -0.23737329693754536, 0.133090116052165, 0.005088787215765785, 0.19397328268787475, -0.6203476423787677, -0.9069175703814013, 0.1583459137591334, 0.6209740973044644, 0.6734062265909035, 0.47640836216612087, -0.029423681941958733]], "inverted": true, "swapped": false, "error_lsq": 0.06207565687789767, "error_max": 0.3717339874216341, "target": "91.xyz", "model": "9.xyz", "model_rescale": 3.877068213659057, "target_rescale": 3.925749158753373},
{"mapping": [7, 6, 0, 2, 12, 13, 3, 5, 10, 8, 9, 11, 15], "R": [[0.7280327572086519, 0.3566783915147622, 0.585447546290537], [0.4922322443272896, 0.3224234652923964, -0.808548407130558], [-0.47715377193907604, 0.8768258858264193, 0.059166239267232384]], "T": [0.07529507580309036, -0.061521137417352406, -0.03618900946848502], "aligned_model": [[-0.7210261039068812, 0.6627781284070096, -0.14261449657992348, -0.1931344818659806, 0.4302359770422073, 0.42300544627086484, 0.21235680591735256, -0.13391900088694164, 0.6005873692611, -0.4497074424024786, 0.014825785951202847, 0.20648246073983476, 0.05525719948570886], [-0.24061026036240193, -0.05919826693154431, 0.7041467053475202, -0.6215853418830509, 0.5530441089724362, -0.7415326164525511, -0.12335808278216867, 0.3827339437161462, 0.04623064859176482, 0.170115407500009, -0.23715448436895153, 0.5179440443952131, 0.026246576520532167], [-0.026902772076478454, -0.223706588113088, -0.030340210153367776, 0.1975395026888813, -0.2696878965556656, -0.15585681053960013, -0.6527533751710927, -0.6443520922385062, 0.428212044045983, 0.47960145452310177, 0.5971684696245155, 0.4016068897403734, -0.03676999547658534]], "inverted": false, "swapped": false, "error_lsq": 0.0424456855894561, "error_max": 0.2220082119647812, "target": "91.xyz", "model": "10.xyz", "model_rescale": 4.260839863003843, "target_rescale": 3.925749158753373},
{"mapping": [2, 11, 10, 9, 3, 0, 7, 4, 8, 5, 6, 12], "R": [[-0.5912054001895998, -0.7122080213858606, 0.37846520191464506], [0.2872659205421799, 0.25253078170132953, 0.9239623884057022], [-0.7536275377676359, 0.654971708218724, 0.05529553102500684]], "T": [-0.0406289240003258, 0.06605554759846914, -0.028401096413316156], "aligned_model": [[0.33182347060340084, 0.3689082690162174, -0.5142693493175495, -0.3441779915237223, -0.6215193997468317, -0.5052774657291617, 0.30697067351319085, 0.713056845517877, 0.21472861823933392, -0.2602894642463229, 0.18645333369695166, 0.08249110907074672], [0.08249402453891096, -0.6705048078182401, -0.4667075259873476, -0.31107088749162065, 0.15265872086299023, 0.48133758026351964, 0.6662609172376557, -0.13726146680116857, -0.3775943842731325, 0.057097510659294116, 0.6445599385888, 0.051808885753272846], [-0.514870367218799, -0.3094503458953511, 0.12968911782049836, -0.5316319834436911, 0.2719207138562189, -0.37096985120595494, -0.4507455338357769, -0.043167173580315646, 0.4675389626870746, 0.7465595900241, 0.18025140121050182, -0.05894645302300002]], "inverted": true, "swapped": true, "error_lsq": 0.04175233189107707, "error_max": 0.2659858990455463, "target": "91.xyz", "model": "11.xyz", "model_rescale": 3.890672605050136, "target_rescale": 3.925749158753373},
{"mapping": [6, 10, 5, 1, 12, 2, 11, 9, 4, 8, 0, 7, 13], "R": [[0.6201590586557796, 0.5450050786860372, 0.5642448104977167], [-0.3183002598623428, -0.48257951947609085, 0.8159668816525526], [0.7169990840571157, -0.6856285230273403, -0.12580080235278873]], "T": [-0.02677065871758759, -0.020375113259376822, 0.01709150468341613], "aligned_model": [[-0.55756199035822, 0.7558060357522736, -0.16676831427332667, -0.2363291768711479, 0.46408144416286, 0.5027436317709947, 0.09834606704329134, -0.2320188381905156, 0.5708455950862792, -0.48894797106653637, -0.09061346115053705, 0.2513842364840197, 0.09416038904364103], [-0.18942202346154877, -6.090722345172481e-05, 0.736845331067141, -0.7472887433664407, 0.5138640429636976, -0.4721010894750306, -0.30681325488734, 0.3500945550929846, -0.18271838867797993, 0.25007565871697435, -0.33272538120907025, 0.682554296640439, 0.07471828608257845], [-0.1303603462640046, -0.41499824843313005, -0.09240752256298143, 0.19869572331308655, -0.15256958042738028, -0.1282439426344226, -0.4357452869433775, -0.6359366920089945, 0.3450496086249616, 0.4992113629400856, 0.5141387322548793, 0.4114064413136192, 0.0855183711261294]], "inverted": false, "swapped": false, "error_lsq": 0.0475349777589374, "error_max": 0.2715884477180952, "target": "91.xyz", "model": "12.xyz", "model_rescale": 4.124412569039231, "target_rescale": 3.925749158753373},
{"mapping": [6, 7, 0, 8, 5, 11, 9, 3, 10, 1, 2, 4, 12], "R": [[-0.7257242043281743, 0.5243972214106848, 0.44534473549037484], [0.13902641333754273, 0.7457439972636338, -0.6515654586760692], [-0.6737922793018166, -0.4109421427914287, -0.6141095339035635]], "T": [0.05061175023952445, 0.12334338114456739, -0.10627632937100505], "aligned_model": [[-0.5352046581529557, 0.5729763864178041, -0.12798264075442073, -0.18253734424907947, 0.5632921077307756, 0.3925877323594636, 0.06849309379880635, -0.33674654858949893, 0.6697267227029089, -0.587638673383187, 0.0982967767020067, 0.24294556794004857, 0.12691912491040333], [-0.1614669225765133, 0.11147494356602816, 0.6746658992876478, -0.5207522174564168, 0.6807472558207661, -0.7309420400983215, -0.32898312656171586, 0.35171518833484383, -0.14928795191495697, 0.1011052501451345, -0.22242094891227254, 0.49026739555328286, 0.08089965707544661], [-0.2589689661827395, -0.45279040062327325, -0.07602871974809337, 0.10744891598018526, -0.1206168527511303, 0.2729356272462117, -0.5576323529035873, -0.6599488334515844, 0.18864481161987162, 0.3987050179912658, 0.6814854873988471, 0.5620429999682423, -0.02151811424574465]], "inverted": true, "swapped": false, "error_lsq": 0.04853576081727516, "error_max": 0.3255003518637045, "target": "91.xyz", "model": "13.xyz", "model_rescale": 3.9028299243045295, "target_rescale": 3.925749158753373},
{"mapping": [8, 11, 3, 13, 6, 14, 1, 2, 9, 4, 10, 7, 15], "R": [[-0.5788209110005781, 0.7521616066210859, 0.31499090544593167], [-0.808736708472273, -0.48001545203473206, -0.3398971935414081], [-0.10445711731564522, -0.45148431128122146, 0.8861436832190516]], "T": [-0.07139155766398773, 0.027578515427130097, -0.06983638614798283], "aligned_model": [[-0.7358036837635583, 0.519601383981304, -0.16223313664805658, -0.1560043827191439, 0.37187238809147294, 0.5021258015204082, 0.30464074645901906, -0.3402458015089311, 0.6639954665367632, -0.4402954737991145, 0.047420888128850466, 0.3662160172555434, 0.023837433898518723], [-0.18561854130878266, -0.3267774186339993, 0.6363349408291163, -0.7247982936913423, 0.5003540925623665, -0.5676282160605722, 0.08603689525418677, 0.3197414277804395, 0.12228033759048494, 0.23454673076995367, -0.18078465921840903, 0.4057771820725242, 0.057557904316986125], [-0.4009114550502124, -0.33632447830040085, 0.02942522424409201, 0.17392816979099124, -0.22606887414897786, 0.24616588961729607, -0.5965061876619334, -0.6899234750053308, 0.1561789805414675, 0.45972695508768335, 0.6357279214989748, 0.6273675544302838, -0.015027604745462837]], "inverted": false, "swapped": false, "error_lsq": 0.05167803784566819, "error_max": 0.29735963256270465, "target": "91.xyz", "model": "14.xyz", "model_rescale": 3.942246331269136, "target_rescale": 3.925749158753373},
{"mapping": [12, 9, 4, 0, 10, 7, 5, 3, 6, 13, 8, 11, 14], "R": [[-0.4114711638573641, -0.8964649888471953, 0.16444453498083908], [-0.7823623485548269, 0.25485271098398266, -0.5682950389259881], [0.467547470186335, -0.362492233675858, -0.8062249956724522]], "T": [0.06196481304949267, 0.04249328755609254, -0.060139958322824476], "aligned_model": [[-0.7524053743914784, 0.8227490925489812, -0.05658382256247868, -0.07818899721359637, 0.5201203900756498, 0.5816202752134029, 0.07693315141958576, -0.37785511401523453, 0.48974302371232226, -0.5114402451412422, 0.05601521707703481, 0.17684242104064196, 0.017577629669486464], [-0.016988238302087635, -0.06379536773964296, 0.6139745605952546, -0.675203555969372, 0.5805028652019467, -0.6084949777330807, -0.16963610309831706, 0.2814326813791021, -0.018661737927408537, 0.428973872044298, -0.34045967396111426, 0.4088379671192318, -0.04345990934585714], [-0.02354208882624189, -0.30112192435810703, -0.11508859327114124, 0.017226915276802153, -0.158321818380171, 0.13260854939654831, -0.6581003488639886, -0.5759057271917147, 0.2949026513434535, 0.3673752385535572, 0.612282942730342, 0.5454223717428449, -0.07397954785371308]], "inverted": true, "swapped": false, "error_lsq": 0.04956915467751388, "error_max": 0.2742251075563467, "target": "91.xyz", "model": "15.xyz", "model_rescale": 4.355366556412066, "target_rescale": 3.925749158753373},
{"mapping": [9, 0, 2, 8, 11, 10, 4, 5, 7, 3, 6, 12], "R": [[-0.5312596463451541, -0.17772094277949924, -0.8283588924269407], [0.8214639827232393, -0.34726186650994295, -0.4523340813563625], [-0.207268215734337, -0.9207738389884872, 0.3304775698602067]], "T": [0.018091292909674102, 0.010138236094407676, -0.007863438509771413], "aligned_model": [[-0.18658145792313818, 0.558621259961805, 0.10242098662770474, -0.5596688963656262, -0.6762547609570912, -0.47231462078197456, -0.2699921160247866, -0.1471722683726418, 0.6523976500834786, 0.103814158635855, 0.4965451642571023, -0.00400654450890621], [-0.6544507057333669, -0.3667246601974149, -0.25687664741532557, 0.4273106053676202, -0.2657086481123732, -0.1897098863583219, 0.25109591673581766, 0.5931730226650326, -0.05375143804744514, 0.05734413521286869, 0.44097897957868787, 0.030095754045200908], [0.055684288170493416, 0.2595547692893424, -0.5530559879360235, -0.02009686208614122, -0.48851154702881566, 0.49485619376666795, -0.6923672224219877, 0.5228468947713417, -0.510874715265981, 0.6444786784320722, -0.13126398010994011, -0.13199204837160736]], "inverted": false, "swapped": true, "error_lsq": 0.04599538899825392, "error_max": 0.34963484492519153, "target": "91.xyz", "model": "16.xyz", "model_rescale": 3.795458400668931, "target_rescale": 3.925749158753373},
{"mapping": [2, 3, 5, 4, 6, 7, 0, 1, 8, 10, 11, 9, 12], "R": [[0.6219740414449393, 0.7375339002155559, -0.2630437944553715], [0.7800384494007957, -0.5542113124793144, 0.29049929186894474], [0.06847122917730947, -0.38586729215209015, -0.9200098497419267]], "T": [0.09623378219995174, -0.0720580653545301, -3.972190701445437e-05], "aligned_model": [[-0.5870288200068422, 0.8035976769486103, -0.14710058542503082, -0.30657774912589686, 0.4792129870526439, 0.40167997887030815, 0.13367575626586192, -0.250840264376189, 0.6611036209601014, -0.4848241633525826, 0.21406570889328858, 0.10542445930692095, -0.05726095857811886], [-0.07808573035344794, -0.13031218882366785, 0.6596913721596943, -0.5583158004886721, 0.4383108517237756, -0.648901506774138, -0.14440159608109152, 0.3620805995370908, 0.0535239214235253, 0.1521329569507198, -0.29690548806029293, 0.6408041089172202, -0.07259911786776216], [-0.18622169794451338, -0.3855584817291046, -0.08896525398298369, 0.12954451184622195, -0.2241520780110357, -0.07235116344120951, -0.5868743660857403, -0.6371110192303396, 0.3504428057183906, 0.38856510626695656, 0.7686602473770505, 0.5381878609810075, 0.0695921485337708]], "inverted": true, "swapped": false, "error_lsq": 0.04380233956515552, "error_max": 0.24605115580614828, "target": "91.xyz", "model": "17.xyz", "model_rescale": 3.7474275329858107, "target_rescale": 3.925749158753373},
{"mapping": [2, 8, 9, 1, 5, 3, 0, 6, 10, 7, 11, 12, 13], "R": [[-0.7911360266122553, -0.6102479770342224, 0.04124553214363941], [0.09483089382919035, -0.05576249236210312, 0.9939304030067313], [-0.6042440640765365, 0.790245500443505, 0.10198607776096108]], "T": [0.08844531496343586, 0.026645695200543294, 0.006853601501597786], "aligned_model": [[-0.5476777757063744, 0.6713437038848893, -0.16062088887197615, -0.2213203124644633, 0.5793032612377461, 0.43292422749464776, -0.03923650478626187, -0.2777944874791184, 0.6984971961422242, -0.4489912380304555, 0.1328466032302405, 0.12276864338410953, 0.023085219397867784], [-0.07332877950966907, -0.16007933488254222, 0.6363869874337016, -0.5877469415798985, 0.55775859999462, -0.5476306235101424, -0.3643252569469436, 0.3953338953008726, 0.05555694363566556, 0.1331449534991276, -0.2701338292324478, 0.595461978511984, 0.0066237895486252335], [-0.2917853807709578, -0.3702639962738768, -0.1110690363120566, 0.0781653168354253, -0.007199711661424398, 0.11699065202798019, -0.7211446527979316, -0.563178178028237, 0.32847482662145955, 0.5238053802239391, 0.6638825972724313, 0.49111269359939735, -0.07403189043767791]], "inverted": false, "swapped": false, "error_lsq": 0.040099840824549496, "error_max": 0.3069540270332111, "target": "91.xyz", "model": "18.xyz", "model_rescale": 3.922800546911778, "target_rescale": 3.925749158753373},
{"mapping": [1, 7, 8, 2, 13, 9, 3, 5, 11, 6, 10, 4, 14], "R": [[0.5423463658148082, 0.3160877126470439, 0.7784272460551662], [-0.5863155278364376, -0.5212100905475988, 0.620140422266799], [0.6017429029954156, -0.7927348859643581, -0.09734926435123356]], "T": [0.01298708191945181, 0.09407183746534199, -0.09788609372621013], "aligned_model": [[-0.705703645715482, 0.7512286530011926, -0.22193858694634122, -0.1352314014511864, 0.5061159724932652, 0.37544358493313756, 0.20103953338835917, -0.3601964021897278, 0.6052806108393792, -0.3981323442152262, 0.08227496812067259, 0.16762484027702867, 0.09732186489800415], [-0.07179095143296287, -0.09684524718863789, 0.6590452369227279, -0.5884515919291844, 0.5654974079688804, -0.6204136760594169, -0.271694005757515, 0.2957265454231497, 0.0447609326625638, 0.27189000246655615, -0.2570250806683858, 0.39052232868231984, 0.05580048117285834], [-0.03498778527287111, -0.33613190916195645, -0.10026139058002874, 0.061242823515845646, -0.017913751150549495, 0.046609305167095244, -0.5877849271735985, -0.732396287602006, 0.2945427826780569, 0.42664158863517465, 0.6249768187032984, 0.5440417908835187, -0.12482043834350826]], "inverted": false, "swapped": false, "error_lsq": 0.040234573233159585, "error_max": 0.2812388461102014, "target": "91.xyz", "model": "19.xyz", "model_rescale": 3.9282355846067225, "target_rescale": 3.925749158753373},
{"mapping": [10, 3, 11, 2, 4, 5, 1, 0, 6, 12, 7, 8, 13], "R": [[-0.327190438179603, 0.4477408658299906, -0.832150547815508], [-0.677482835243975, 0.5027600455351976, 0.5368885774192177], [0.6587590038197768, 0.7394325213832947, 0.1388384716392358]], "T": [0.11033168520485226, 0.08041293824772942, 0.13455402451403867], "aligned_model": [[-0.696357441326504, 0.6175493178138721, -0.23896154222201071, -0.2246947319020085, 0.39446222875295633, 0.48377452921613, 0.07191545438298785, 0.011118995491159397, 0.6994808045328271, -0.5642122188703271, -0.005802235407394121, 0.3691600200402354, 0.047694466931151355], [-0.05761877324760874, -0.0012195411180638688, 0.6121412653832495, -0.6531580978981513, 0.5640950411097981, -0.497771294287391, -0.32131886359420214, 0.28436021727102845, -0.06953159748054756, 0.08862822003653213, -0.3052343906263545, 0.7069668228512395, 0.026683373863424648], [-0.13458209113975209, -0.41537458960296814, -0.19502509909870133, -0.03381178296561696, -0.15646024065830358, 0.016513405432578773, -0.4968226846738193, -0.6327525229463657, 0.373853012095197, 0.6519681486812393, 0.6098295515456074, 0.4796043134615776, -0.0031807998322027076]], "inverted": false, "swapped": false, "error_lsq": 0.04941847537842774, "error_max": 0.3106424141679685, "target": "91.xyz", "model": "20.xyz", "model_rescale": 4.067790424073018, "target_rescale": 3.925749158753373},
{"mapping": [7, 13, 2, 9, 6, 10, 5, 4, 11, 0, 12, 3, 14], "R": [[-0.16769038584615742, -0.3447501568424254, 0.9235947508793508], [-0.5147840864769962, -0.7683676877212929, -0.3802741652753681], [0.840759941246496, -0.5392202016087273, -0.04862402052722575]], "T": [0.038943441884001985, 0.029702845155238345, -0.08001492498742807], "aligned_model": [[-0.5937702745375524, 0.5840064554699469, -0.1970552395738758, -0.10965645247584604, 0.4772902558063824, 0.43806150527386484, 0.09847936581620217, -0.14796391054726202, 0.5880314860942133, -0.5605958677710301, 0.11318147006141202, 0.2039361634269252, 0.07118269038969477], [-0.3650772777128175, -0.32381390224588924, 0.7285814015453036, -0.6653284963973379, 0.609037134536703, -0.6708005452805067, -0.03555165048819785, 0.5651388592952016, 0.009139260250209575, 0.24401855035076223, -0.214043081485645, 0.530615455920914, -0.03489332602574646], [-0.05797031455553978, -0.3408898482835033, 0.017940765542593412, 0.23446783308486796, -0.22065899548577123, 0.06588433141101951, -0.6636787369697592, -0.6464479846734981, 0.26073676269791074, 0.23475391750793667, 0.6425433808370877, 0.5875245681248475, -0.05044705893972111]], "inverted": false, "swapped": false, "error_lsq": 0.04602864624124117, "error_max": 0.28132572314919235, "target": "91.xyz", "model": "21.xyz", "model_rescale": 4.186013935880536, "target_rescale": 3.925749158753373},
{"mapping": [7, 8, 4, 1, 11, 2, 9, 10, 5, 6, 0, 3, 12], "R": [[0.8945492466445503, 0.4466064515162372, -0.018008964205158434], [0.19622482379761802, -0.35619779233739324, 0.9135748197381326], [0.40159365514567275, -0.8207714725781119, -0.4062717390475201]], "T": [0.08687846937042037, 0.007707226914842467, -0.0240610717927588], "aligned_model": [[-0.6408685236466627, 0.7197396883991936, -0.265356080348885, -0.2635666440003982, 0.4618745140949895, 0.5960601607041027, 0.09854229648927446, -0.3926352152898905, 0.6056014005756238, -0.2189753956742011, -0.08299340425501173, 0.2578273243872573, 0.08987752599768356], [-0.03337751511846261, -0.16563362424193584, 0.6393833106669052, -0.6343447237708546, 0.4669367524327045, -0.5031143574674365, -0.19284135141546913, 0.28393497377195376, -0.0014139855114415865, 0.2144199930017226, -0.4148590389522108, 0.6676460025899666, 0.05028594627751158], [-0.10784709692525707, -0.4204292812562259, -0.09138340069009399, -0.033047231570508824, -0.2418963032073021, 0.1476786062223712, -0.6115089274403597, -0.6486123432890237, 0.5498571281631343, 0.39256357293096833, 0.5366257735215677, 0.5985109771023379, -0.006752853263137546]], "inverted": false, "swapped": false, "error_lsq": 0.04910916207811754, "error_max": 0.26970315174851683, "target": "91.xyz", "model": "22.xyz", "model_rescale": 4.166573947596378, "target_rescale": 3.925749158753373},
{"mapping": [9, 6, 10, 3, 5, 2, 12, 14, 1, 8, 4, 7, 15], "R": [[0.20380045926548485, -0.6830096922411957, 0.7014008362610958], [0.6244466391476946, -0.4610933768021388, -0.6304437268514532], [0.7540104559356763, 0.5664721159719938, 0.33253206486876674]], "T": [0.01469066302997811, -0.01635121601290158, -0.0381134525814161], "aligned_model": [[-0.5729484117560131, 0.699842745818852, -0.24151218887503623, -0.2114822552069961, 0.6121550509308877, 0.40564674053886235, 0.09769406948916463, -0.2534468916636255, 0.660868276593369, -0.4737037138691407, 0.07404401840557188, 0.08877028091775714, 0.07919992610942236], [-0.08486204465857912, -0.17067787355745756, 0.6824298047593322, -0.5391352223559435, 0.5593801025546045, -0.553821715172546, -0.17430858923802692, 0.3709199727524801, -0.06294870652734176, 0.06162934889176422, -0.3210402601019168, 0.6130134093796162, -0.0035558444630324135], [-0.14026897335753882, -0.331128022505946, -0.12181779409564486, 0.1541606896846555, 0.013186988080021514, 0.06718634409949671, -0.6686221820921235, -0.6738028746543562, 0.25917803144464735, 0.6017842770064116, 0.6278409595087616, 0.2932504352644868, -0.017189258084400708]], "inverted": true, "swapped": false, "error_lsq": 0.03902751515335915, "error_max": 0.29538917325300484, "target": "91.xyz", "model": "23.xyz", "model_rescale": 4.274766983524099, "target_rescale": 3.925749158753373},
{"mapping": [9, 2, 11, 8, 4, 1, 3, 6, 0, 7, 12], "R": [[-0.9883655234039628, -0.08089741461742413, -0.1287990700844836], [-0.03435120244482448, 0.9436675069535474, -0.3291073247599808], [0.14816742906929925, -0.3208539303612991, -0.9354673528962414]], "T": [-0.007680074484436514, -0.049922166441846355, 0.011716992934570625], "aligned_model": [[0.3573129944310378, 0.11145248117968283, -0.3699961811777889, -0.6865761737637379, -0.5307289523304103, -0.5710787166408762, 0.16792055945977236, -0.040345114870823165, 0.6783357027910071, 0.32942804634757467, -0.06582994146736357], [0.0007986782649761215, 0.5448846430177068, 0.38816905259376644, -0.19558155551596706, 0.5290502470981022, -0.13748720683242716, -0.6822673906657227, 0.03956347250720088, -0.16486298429208482, 0.5296228685868615, 0.06369670648107127], [-0.5814230964670407, -0.07577960591173903, -0.6709495969204884, -0.14913296014828992, -0.016724179638374068, 0.4917385931118238, 0.0782825915250182, 0.6603269392652449, 0.15964179635311893, 0.46990086104829004, 0.013685091804014123]], "inverted": false, "swapped": true, "error_lsq": 0.05639222206307928, "error_max": 0.3011126453195865, "target": "91.xyz", "model": "24.xyz", "model_rescale": 3.7841303162186577, "target_rescale": 3.925749158753373},
{"mapping": [8, 12, 6, 9, 3, 14, 5, 4, 13, 7, 10, 11, 15], "R": [[0.0019392506256341036, 0.2970651049231575, 0.9548552574835645], [0.8872075124284184, -0.44105101522418283, 0.1354135586279877], [0.461366523707116, 0.8468921568929015, -0.26441370122537183]], "T": [-0.11661321508267429, -0.015283485342323138, 0.03320666973562629], "aligned_model": [[-0.5915486913176871, 0.48816088319779694, -0.12938419478536142, 0.011861323855474795, 0.38576612300599633, 0.41862642001463246, 0.30060925155616613, -0.23780385859810058, 0.6500099197723871, -0.3656939551973904, -0.13304631972752573, 0.27214475542905114, -0.10457400977236535], [-0.2741265050272089, -0.3248483313070712, 0.7044204805920568, -0.5826932619760342, 0.5172106477121383, -0.5455627939197973, 0.01937345209727651, 0.3666459632122309, 0.07929095802824619, 0.2805185017134381, -0.35395563205093, 0.43849122751010317, 0.05225767567850449], [-0.205318733969502, -0.30382419327249693, -0.029159633175380367, -0.02746578489772261, -0.3030475295798882, 0.2814431501853361, -0.7375481910747307, -0.5961954808084327, 0.1570801577675121, 0.5559547251677127, 0.7334110937381556, 0.5152682005612962, 0.02316083965661138]], "inverted": false, "swapped": false, "error_lsq": 0.0528632733941418, "error_max": 0.2630386932865099, "target": "91.xyz", "model": "25.xyz", "model_rescale": 4.19342608120988, "target_rescale": 3.925749158753373},
{"mapping": [9, 0, 2, 8, 11, 10, 4, 5, 7, 3, 6, 12], "R": [[-0.5312596463451541, -0.17772094277949924, -0.8283588924269407], [0.8214639827232393, -0.34726186650994295, -0.4523340813563625], [-0.207268215734337, -0.9207738389884872, 0.3304775698602067]], "T": [0.018091292909674102, 0.010138236094407676, -0.007863438509771413], "aligned_model": [[-0.18658145792313818, 0.558621259961805, 0.10242098662770474, -0.5596688963656262, -0.6762547609570912, -0.47231462078197456, -0.2699921160247866, -0.1471722683726418, 0.6523976500834786, 0.103814158635855, 0.4965451642571023, -0.00400654450890621], [-0.6544507057333669, -0.3667246601974149, -0.25687664741532557, 0.4273106053676202, -0.2657086481123732, -0.1897098863583219, 0.25109591673581766, 0.5931730226650326, -0.05375143804744514, 0.05734413521286869, 0.44097897957868787, 0.030095754045200908], [0.055684288170493416, 0.2595547692893424, -0.5530559879360235, -0.02009686208614122, -0.48851154702881566, 0.49485619376666795, -0.6923672224219877, 0.5228468947713417, -0.510874715265981, 0.6444786784320722, -0.13126398010994011, -0.13199204837160736]], "inverted": false, "swapped": true, "error_lsq": 0.04599538899825392, "error_max": 0.34963484492519153, "target": "91.xyz", "model": "26.xyz", "model_rescale": 3.795458400668931, "target_rescale": 3.925749158753373},
{"mapping": [1, 4, 0, 8, 3, 11, 9, 2, 10, 6, 5, 7, 12], "R": [[-0.45986636980422174, 0.727133567481165, -0.5097055002304773], [-0.14453485870466187, -0.627637869579859, -0.7649708355803373], [-0.8761464469723714, -0.27811414870763085, 0.3937256960706522]], "T": [0.049604626499920194, -0.06950422612471527, -0.08007911458117511], "aligned_model": [[-0.5305866501742094, 0.8593740611200761, -0.24248528455056922, -0.28069932117430524, 0.40193877380924864, 0.4327235776589328, 0.09744399942173737, -0.27937491873181525, 0.6395627618424489, -0.5511202195412153, 0.033646464269829, 0.3148640387434622, 0.06984036473945437], [-0.11557541145937716, -0.14763749703680537, 0.7082315551917042, -0.6147354012902095, 0.5582938169094336, -0.6726941169019459, -0.06127366286478389, 0.39665967237642885, -0.0666224834461706, -0.01961939327590903, -0.10530268131679585, 0.48042241654985307, 0.0368755688275309], [-0.18782278680526482, -0.2725156947007463, -0.1129991755709363, 0.27258783579077145, -0.24380701278474465, -0.11100510139332195, -0.5067147229664573, -0.7503765056342344, 0.31945501739196824, 0.48368335532646867, 0.6718013782794477, 0.4560423553510634, 0.045429678014456965]], "inverted": false, "swapped": false, "error_lsq": 0.048706646870717255, "error_max": 0.24962350106624773, "target": "91.xyz", "model": "27.xyz", "model_rescale": 3.6321398670334006, "target_rescale": 3.925749158753373},
{"mapping": [7, 10, 6, 3, 9, 0, 8, 12, 11, 4, 1, 13, 14], "R": [[-0.5908542991752125, 0.3422655365112959, -0.7305788798362596], [0.7426746320867859, -0.12299838935046248, -0.6582596653843753], [-0.3151596230498542, -0.9315179540587648, -0.18151780426516556]], "T": [0.11794101556291992, -0.04324469688042337, 0.015140817233925881], "aligned_model": [[-0.5759705927615628, 0.7458829393856794, -0.1831362236629568, -0.1968059484125836, 0.46114594269584974, 0.4814483843528873, 0.034146702679057936, -0.2793029180739081, 0.711536905615773, -0.5906420372446557, -0.12427716720125337, 0.361008445288956, 0.1200932147717926], [-0.20520931761514083, -0.15557879290071452, 0.667865487823958, -0.6503489577160322, 0.485524024887424, -0.5499011475440665, -0.20880910682474935, 0.35929811808413237, 0.06306963893447404, 0.16527173527406674, -0.1461370265930702, 0.570965906547747, -0.018988180095075753], [-0.2900501483378707, -0.42954066897129306, 0.1022168665850033, 0.07774149698826498, -0.20663875371864468, 0.03908508703194823, -0.4671418333794584, -0.5879066685987409, 0.2361996730423093, 0.39050491668203463, 0.6299665783817735, 0.4948708362621617, 0.074451238330983]], "inverted": false, "swapped": false, "error_lsq": 0.04465352271978748, "error_max": 0.2497337225566302, "target": "91.xyz", "model": "28.xyz", "model_rescale": 4.156811204709835, "target_rescale": 3.925749158753373},
