[{"mapping": [3, 2, 4, 0, 1, 12, 5, 11, 9, 7, 10, 6, 13], "R": [[0.1688882455848787, -0.7869942729412382, 0.5933942828010345], [-0.2931600177578716, 0.5346866194106245, 0.7925701375975776], [-0.9410281422420196, -0.3078152585251914, -0.1404129699408265]], "T": [0.035673438601491865, 0.12654497049598834, -0.0921977176144057], "aligned_model": [[0.00918956700663904, -0.4477003133549072, 0.035218462894424436, -0.7123223567147343, -0.11349997294868447, -0.21015370015423018, 0.7012566525651402, 0.5540096992087028, -0.46694571121157336, 0.021032045156830388, 0.09224142579264527, 0.3817076246487108, 0.054919939054864385], [0.31166004327353414, -0.07163501993597732, -0.6835647721821861, 0.3134509749815111, 0.6769576736813593, 0.27178126654503276, 0.4793106401807181, -0.08894197158901246, -0.30536531987815224, -0.618158335462828, -0.289980690606748, -0.0942691932045896, -0.022649536920840374], [-0.5802871768056934, -0.6564075657398027, -0.5992738701064044, -0.12351656588714728, -0.003669400779472337, 0.4113846928555543, -0.1626010415650696, 0.32247653957293154, 0.22016531328769012, 0.03663200786646881, 0.8236272444333077, -0.7372153386012332, -0.02966425911139786]], "inverted": true, "swapped": false, "error_lsq": 0.048832113897143634, "error_max": 0.2867440944704691, "target": "910.xyz", "model": "0.xyz", "model_rescale": 3.8414455957264533, "target_rescale": 3.954059805313921},
{"mapping": [4, 7, 9, 0, 1, 11, 5, 10, 13, 8, 12, 6, 14], "R": [[0.7501638438052395, -0.39915787277030423, -0.5271880120534171], [-0.6611905453968909, -0.44191731024875375, -0.6062476008861963], [0.009014994459800862, 0.8033567597947953, -0.5954297996967378]], "T": [0.016082342078723895, 0.022396648601014164, -0.191014078827851], "aligned_model": [[-0.09727950463737642, -0.40573179841969104, -0.16570631415040368, -0.6549298288472901, -0.12450606176445628, -0.3543116439828103, 0.5994297161898622, 0.5991293632396981, -0.5091916947789741, 0.19490269871107413, 0.1275360851010863, 0.6542738554846964, 0.03533848979841274], [0.45126848249039114, -0.06069901704532303, -0.5514700093069789, 0.29497738658469147, 0.7438778555926725, 0.14857676476844717, 0.29059490058467236, 0.029030893853426627, -0.4366358576683044, -0.658221208310973, -0.16587706530515448, -0.29223527572074187, 0.08540790836499608], [-0.5057127865685547, -0.6686362551989835, -0.5121676610924116, -0.221994350882795, 0.26527273867998435, 0.5660541317736738, -0.3396691282982387, 0.1673062503688543, 0.10601007007364074, 0.16826994587542451, 0.5400266968374713, -0.5131095898146167, -0.12999948233371714]], "inverted": false, "swapped": false, "error_lsq": 0.04757500788070102, "error_max": 0.29163265292383017, "target": "910.xyz", "model": "1.xyz", "model_rescale": 4.316132596720782, "target_rescale": 3.954059805313921},
{"mapping": [3, 0, 4, 9, 5, 8, 7, 2, 6, 1, 11, 12], "R": [[0.38045537359999543, 0.49206876528554444, -0.7830210973717424], [0.6547646138299958, -0.7412632430969532, -0.14768921730933385], [-0.6530980088585054, -0.456505350093235, -0.6042067991683879]], "T": [-0.15753436019942366, -0.004919552375507277, -0.13358872378717754], "aligned_model": [[-0.1844665747577029, 0.35514197827366234, 0.11661750063839285, -0.42567939694726964, -0.5037187200484896, -0.5121448198429149, -0.04421442542844023, -0.15691166406914628, 0.5755275365758852, 0.21972676632937585, 0.33952146677784545, -0.1815910928694172], [-0.7353349856911161, -0.29547529316113336, -0.5932175437181062, 0.5238163291913727, -0.3898087979945229, 0.025517556618899324, 0.2905225828195224, 0.5402653196901874, 0.2024937034288209, -0.09768919904331318, 0.5408495889044006, 0.000837166695969266], [0.21105512578192917, 0.005177888690194782, -0.5030229587646639, -0.08516364952771999, -0.37588340987128244, 0.3795773454387612, -0.6775368167805964, 0.6020321233740583, -0.5912209544745644, 0.6139750215065782, -0.0002326920987582859, -0.12949856206451527]], "inverted": false, "swapped": true, "error_lsq": 0.040917031489153134, "error_max": 0.19796879090111752, "target": "910.xyz", "model": "2.xyz", "model_rescale": 3.795458400668931, "target_rescale": 3.954059805313921},
{"mapping": [4, 0, 6, 2, 5, 9, 11, 3, 1, 8, 7, 12], "R": [[0.939310662375783, 0.30449524790492827, -0.15804468846020672], [-0.2903926361669295, 0.4604010918224816, -0.8388700444697547], [-0.182667995027013, 0.8338545908322285, 0.5208828322577239]], "T": [0.07254852819208685, 0.14321310529641326, -0.00631078073416997], "aligned_model": [[-0.10037073370567934, -0.039858846917462984, -0.7762205438342316, 0.33046461731782617, 0.2906200267028131, 0.05536188723595742, -0.37867362418476475, 0.6173750473246691, 0.3639273761823634, 0.6208668859786641, -0.4782269822553525, 0.08803871589876291], [-0.12876367303706907, -0.4389401289816012, -0.11629893222097795, 0.007153678356642573, 0.371769280786693, 0.5423905008496672, -0.08341194773899621, -0.30124384469189636, -0.5497486014808357, 0.18013449153299652, 0.44056433632625025, 0.16216388558883638], [-0.6800043195959038, -0.12869555557453807, -0.05182810168161512, 0.8616362721261286, -0.4826477974402204, 0.434336932589988, 0.5484431615089174, -0.40459901318576763, 0.37406555671927494, 0.2903341249188791, -0.0713920624723027, -0.0008777672737397511]], "inverted": true, "swapped": true, "error_lsq": 0.04739524071910117, "error_max": 0.24579004160139156, "target": "910.xyz", "model": "3.xyz", "model_rescale": 3.7530521520055578, "target_rescale": 3.954059805313921},
{"mapping": [7, 11, 9, 2, 10, 1, 5, 0, 3, 8, 12], "R": [[0.25781812272532506, 0.9284199068678662, -0.26751876967019017], [0.5453960482052598, 0.08870580488471508, 0.8334713137126204], [0.7975418272394719, -0.36078768924565296, -0.4834865841906133]], "T": [-0.16553652149080733, -0.1612346924390844, 0.03129853986458213], "aligned_model": [[-0.34459035245478786, -0.22616458657085048, 0.3140178260553884, 0.412350940244292, 0.3347954751757123, -0.17655603681024473, -0.18993809181379015, -0.6371140802608534, -0.34706965221814057, 0.34109186710558526, -0.1426237060071057], [-0.6551555071077586, 0.06655041243300869, -0.31425619249776326, 0.40954947163679967, -0.7293723448219557, 0.6788535389827745, -0.4535928497710282, 0.21841021429515456, 0.261126342517029, 0.1532695138235976, -0.16817924117551217], [-0.3150956650384888, -0.6808464352747553, -0.285593285961168, -0.39133189309964683, 0.2919279160386042, -0.03126384435224584, 0.5218302192789911, 0.031734575797048595, 0.6958798449368725, 0.21684958515565478, 0.038739759764449995]], "inverted": true, "swapped": true, "error_lsq": 0.04752011183159863, "error_max": 0.24587518262297373, "target": "910.xyz", "model": "4.xyz", "model_rescale": 3.7855080009869324, "target_rescale": 3.954059805313921},
{"mapping": [12, 1, 4, 2, 14, 9, 13, 8, 0, 7, 10, 6, 16], "R": [[0.043886907262605246, 0.6875242731266494, 0.724833990119528], [0.7711811371200311, -0.48454532481137236, 0.4129109855086174], [0.6351012463546104, 0.5408569145948994, -0.5514709464819579]], "T": [0.014238079421128995, 0.0017190738188189274, -0.04686347733710234], "aligned_model": [[-0.03799159947878304, -0.4147843389337218, -0.07454442287076131, -0.6540769916064556, -0.13995640066127887, -0.28627942055238864, 0.578746633226542, 0.6591595459377395, -0.620154888024794, 0.2851506527188824, 0.14998519142057284, 0.46206947831721856, -0.008370077548944204], [0.4865484581669522, -0.07350031897108146, -0.6190419915203348, 0.3139911865145109, 0.6527348495936752, 0.3031829554133615, 0.3817501431105345, 0.007117765122463215, -0.4040127909327151, -0.6827473954618902, -0.226818777296813, -0.3076949944624906, 0.04708666960564925], [-0.5214978542260663, -0.6660449906969929, -0.43900395077887444, -0.006530103455722892, 0.053634883531357834, 0.5238578027573593, -0.29540747329941647, 0.23484032122069592, -0.2503360801634105, 0.09271267368984748, 0.6315961355106665, -0.4071231622580537, -0.029047622411658435]], "inverted": false, "swapped": false, "error_lsq": 0.04245350386256368, "error_max": 0.2742520351055489, "target": "910.xyz", "model": "5.xyz", "model_rescale": 4.2253639853439635, "target_rescale": 3.954059805313921},
{"mapping": [4, 1, 8, 0, 3, 7, 2, 6, 9, 11, 12, 5, 13], "R": [[-0.5827716321180058, -0.2709922503507229, 0.766120372427445], [0.06978372928481799, -0.9559656196640235, -0.28506133576387194], [0.8096341494314696, -0.1126629232277897, 0.5760204942570621]], "T": [-0.008181566196913879, -0.04817335164545945, -0.18734153830750228], "aligned_model": [[-0.11623913110589532, -0.4786461287700347, -0.053115236988711886, -0.7012393561806994, 0.10794759330269812, -0.12002432424333098, 0.5040322699548849, 0.44470130363365457, -0.5114919170783032, 0.3892434116611315, -0.13394539916509293, 0.5615959990887761, 0.006134277834751029], [0.5453654267002375, 0.015812875289129516, -0.7051272243003179, 0.2614483397491704, 0.5958661749113707, 0.2903886308383259, 0.30857498303905134, 0.13412033652254746, -0.39110497662817606, -0.5535345668431026, -0.3592811277701652, -0.27159837089256067, 0.007665258266311446], [-0.5574044971028468, -0.7470509629948341, -0.5223899676899564, 0.07124685525902896, 0.08603837910544482, 0.5213602307859093, -0.43338873660839544, 0.23144729343379788, -0.14643898621415177, 0.2510843025842977, 0.6837148171718224, -0.34913169042507897, -0.16743645788530612]], "inverted": false, "swapped": false, "error_lsq": 0.049667324792113915, "error_max": 0.2578858765850477, "target": "910.xyz", "model": "6.xyz", "model_rescale": 3.89814844738969, "target_rescale": 3.954059805313921},
{"mapping": [11, 8, 3, 9, 10, 5, 4, 2, 6, 0, 1, 7, 12], "R": [[-0.9610812825883929, 0.21360452304270652, 0.1752023858112316], [-0.27599857247766046, -0.7702595283527012, -0.5749130777536444], [0.012147273296645583, -0.6008938065228933, 0.7992365588697032]], "T": [0.06564408282460829, -0.030779403874611862, -0.15274598090505595], "aligned_model": [[-0.0457704837716402, -0.4201261536425748, -0.11146663736643775, -0.6878893009932662, 0.04477767375394718, -0.3864650932337117, 0.6187943305810586, 0.46045705818224425, -0.46831565184506707, 0.2881290691409727, 0.07678812919848421, 0.41085303958014163, 0.11918738235967725], [0.5103779430625761, -0.07469715794463733, -0.760889301222249, 0.43007661721023416, 0.6348853070931008, 0.0732704083645615, 0.2892133361318028, 0.2207772080717449, -0.41433265926371887, -0.5297602858592794, -0.32143311123417434, -0.29463517453606, 0.11574262900792018], [-0.7444180940125474, -0.6215586093130328, -0.4493151419085951, -0.01953544702562965, 0.15605613792979553, 0.46962652292338913, -0.23715710656061512, 0.37865766040377724, 0.00584075580292534, 0.07644585521900679, 0.6411008838380123, -0.6451742376190321, -0.08891860025772298]], "inverted": true, "swapped": false, "error_lsq": 0.04830707914003939, "error_max": 0.3226303866632047, "target": "910.xyz", "model": "7.xyz", "model_rescale": 3.7474275329858107, "target_rescale": 3.954059805313921},
{"mapping": [11, 9, 5, 13, 12, 1, 10, 0, 8, 3, 2, 6, 14], "R": [[-0.897079063063085, 0.12132080387073671, -0.4248887115022193], [0.06882848604840983, 0.9881982360949984, 0.1368462118109896], [0.43647656766674403, 0.0935174247233777, -0.8948422750132932]], "T": [-0.04265064705284978, 0.047511958559762854, -0.08349103766799656], "aligned_model": [[-0.19211165727122015, -0.3920460021520892, 0.057910583774748406, -0.7447041558616238, -0.08905304056732659, 0.1480925322060443, 0.5102999036435217, 0.5575406400120659, -0.4568707697679743, 0.24447296529471857, -0.30847149117067585, 0.645012342796757, -0.08111848899311823], [0.3941587844241645, -0.1440781233839617, -0.5394321352489222, 0.5711948853478864, 0.6597784480451734, 0.17756946499837867, 0.43145572748586525, -0.005585873865346147, -0.4943276590002793, -0.5874557510229366, -0.32997484369094326, -0.30929907879074164, 0.054591913583484496], [-0.577431661764159, -0.732764913951551, -0.48149296432090594, 0.11896609767793884, -0.023331395642008604, 0.6317039739442432, -0.43291374797123605, 0.18327529594641714, -0.08995900773433783, 0.08535971300962494, 0.6203786156122603, -0.34183885440678974, -0.03830057097976464]], "inverted": false, "swapped": false, "error_lsq": 0.06159804205356234, "error_max": 0.40820478257027293, "target": "910.xyz", "model": "8.xyz", "model_rescale": 4.019505241142653, "target_rescale": 3.954059805313921},
{"mapping": [8, 4, 3, 7, 9, 1, 11, 6, 0, 2, 1, 5, 12], "R": [[-0.5185685336167996, -0.8546282382466157, 0.026405498177626996], [0.11782300288346853, -0.1020117844826588, -0.987781016125632], [0.8468792215741539, -0.509120977978859, 0.15359496687003]], "T": [0.09547689779991353, 0.0038674147741751836, -0.013498245013691457], "aligned_model": [[-0.11769790598469518, -0.39562294769450923, 0.0045588243912478565, -0.7388932357785635, 0.001894017999101466, -0.14864029694542205, 0.45869034268091075, 0.7889439027259033, -0.4900544049087735, 0.14767294086632882, -0.14864029694542205, 0.42191578297567567, 0.11482663856204553], [0.5287097787197516, -0.16896955174968795, -0.7061283936554549, 0.271729396843991, 0.6606481542171199, 0.022307508886630675, 0.4357519821949091, -0.16216072039614055, -0.27781324094668686, -0.5725911501751797, 0.022307508886630675, -0.1838894340566622, 0.008693920112600555], [-0.38123990355337145, -0.6588996673868562, -0.4889986800101061, -0.2407875514703752, 0.15149074351405373, 0.6160826158209978, -0.2757981456512514, 0.12650178847824056, -0.034833188463887534, 0.1087443752191781, 0.6160826158209978, -0.5691147846381678, -0.04757963825972089]], "inverted": true, "swapped": false, "error_lsq": 0.056430024675492706, "error_max": 0.38182776971657745, "target": "910.xyz", "model": "9.xyz", "model_rescale": 3.877068213659057, "target_rescale": 3.954059805313921},
{"mapping": [6, 12, 0, 3, 13, 4, 14, 9, 5, 8, 7, 11, 15], "R": [[0.5241143795660436, -0.8144569088639346, -0.24892581371948153], [-0.1756035714268488, 0.182657139404942, -0.9673674354279969], [0.8333471682523661, 0.5507234451412146, -0.0472883086772489]], "T": [0.014533894198502323, 0.049337662261329254, -0.06052256723667571], "aligned_model": [[-0.13738120138823368, -0.3155054579829207, -0.1422233818835491, -0.5693983177107843, 0.050118445205567526, -0.36310447635984705, 0.5978092779524915, 0.6657918286495492, -0.6796265462394088, 0.44521708055136, 0.0153166121230869, 0.3363295454351869, -0.004390046408669983], [0.4521460113895393, -0.14755606667701748, -0.6666150277068188, 0.2973385682629958, 0.8035536036582163, 0.13891355307373754, 0.5659190375556726, 0.025580336059106604, -0.3039572261821288, -0.5520109621939588, -0.3181686465745905, -0.38715782219478545, -0.029389599588146867], [-0.5020786936015207, -0.7012269462055959, -0.3713359159791304, -0.07725771723019756, 0.10540075672986216, 0.49396467392597676, -0.1100710893561806, 0.044090989083384304, -0.1262450669859974, 0.15905603068848767, 0.6683293173978204, -0.5610967646922418, -0.09987899435493511]], "inverted": true, "swapped": false, "error_lsq": 0.05034246875714543, "error_max": 0.2889035187255212, "target": "910.xyz", "model": "10.xyz", "model_rescale": 4.260839863003843, "target_rescale": 3.954059805313921},
{"mapping": [4, 3, 8, 5, 9, 7, 6, 0, 1, 2, 11, 12], "R": [[-0.09954298432511716, 0.7004249934821256, -0.7067503256293655], [0.9865909910486583, -0.02285160439892281, -0.16160451899009975], [-0.1293422230104147, -0.7133601002873372, -0.6887582715762944]], "T": [-0.122340045702227, -0.00350912566551116, -0.13329275448524433], "aligned_model": [[0.332214207780922, 0.26446817430484737, -0.35356892671567125, -0.27712146475466026, -0.5984433513634836, -0.2603903393683258, 0.329827731577045, 0.48203056240334463, 0.3754993177202333, -0.2567537314712081, 0.06622830689711347, -0.14509183791602626], [-0.07491955864713754, -0.7031871013358003, -0.43178807564973803, -0.30776823472042936, 0.20208817608525992, 0.5466992073905029, 0.7440292656418485, -0.025931935261199704, -0.28301284972902724, -0.023264028877459403, 0.5436859304748739, -0.01355228983875993], [-0.7215243450120782, -0.25094292979042626, 0.2580188296558147, -0.5917239534400056, 0.15802111895210122, -0.40572604428423575, -0.2962587523590533, -0.10592078086190856, 0.48623719206457416, 0.7721947761495276, 0.3439198069867262, -0.13011684066553147]], "inverted": false, "swapped": true, "error_lsq": 0.045373215951177846, "error_max": 0.21767534365826452, "target": "910.xyz", "model": "11.xyz", "model_rescale": 3.890672605050136, "target_rescale": 3.954059805313921},
{"mapping": [8, 6, 1, 5, 7, 12, 3, 4, 11, 2, 10, 0, 13], "R": [[-0.9886189074956638, 0.09511189224607758, 0.11656064385310747], [0.004490327129231621, 0.7931005767907501, -0.6090741433162734], [-0.1503745081599701, -0.6016188187278972, -0.7845013092711172]], "T": [-0.14594246629864155, -0.07328606093854581, -0.1603330558772405], "aligned_model": [[-0.09310868403553163, -0.4637304391330734, 0.15797122341946812, -0.5772177015568698, 0.04709596172362043, -0.23094468902899556, 0.6065792166023032, 0.4679137150872911, -0.3368747714300222, 0.1661793310018293, -0.10636623411941053, 0.3281122389597283, -0.06665580554650945], [0.4309165406017579, -0.2421548480578247, -0.6104069326384202, 0.5559274329473765, 0.7036207280666803, 0.27390148759338295, 0.4281233803657375, -0.1187837963154522, -0.5471961736846662, -0.5871262461738445, -0.32734347632843475, -0.11208447910766406, 0.031202141613192888], [-0.6723675995262965, -0.6103913643220502, -0.634079748505833, -0.00846392669066065, 0.13312252301108868, 0.4934005098973508, -0.34838316871127206, 0.17458124431759364, 0.04391244294569324, 0.21928830989919462, 0.696071670858003, -0.5102778499765244, -0.05476246377655558]], "inverted": true, "swapped": false, "error_lsq": 0.05122939446241352, "error_max": 0.32797567247697756, "target": "910.xyz", "model": "12.xyz", "model_rescale": 4.124412569039231, "target_rescale": 3.954059805313921},
{"mapping": [8, 6, 3, 1, 2, 4, 11, 10, 0, 7, 5, 9, 12], "R": [[0.47702323027731386, -0.07628661990000461, -0.8755736344820056], [0.5691592999689673, 0.7859279937693029, 0.24160893995999722], [0.6697063005785683, -0.6135939538766584, 0.41832514953248684]], "T": [-0.05329049811677757, -0.1497670070620441, -0.0882325326481013], "aligned_model": [[0.08635676390399136, -0.3049771078090895, -0.34925883941885005, -0.660805538438129, -0.010840410857110426, -0.2823008373741743, 0.6136388424702622, 0.5122921729720208, -0.5191162781168991, 0.44482024793965785, 0.024913355975755357, 0.33467238413814937, 0.00955860655824322], [0.3848826023067586, -0.07316883715872587, -0.6977117062114229, 0.36129587923127054, 0.6941372950706832, 0.21469430344379153, 0.5717255777602352, 0.17473681276069924, -0.38482122931785173, -0.4956828849402931, -0.49977379067515443, -0.3078182942315879, -0.06389996915658074], [-0.5459929047974734, -0.7033742932635968, -0.43595760132581884, -0.26879969728670894, 0.0803469221571679, 0.5697936624285899, -0.2469982910694208, 0.25734406578127667, 0.1657817360082501, 0.07084469580042824, 0.5789445710523267, -0.5710843366386137, -0.029197949426675425]], "inverted": false, "swapped": false, "error_lsq": 0.049757570831077416, "error_max": 0.24669906200035824, "target": "910.xyz", "model": "13.xyz", "model_rescale": 3.9028299243045295, "target_rescale": 3.954059805313921},
{"mapping": [12, 8, 0, 13, 14, 10, 1, 6, 4, 3, 7, 2, 15], "R": [[0.718306516723558, -0.42847963223624463, 0.5481249426829269], [-0.3316330321144746, -0.903452810111858, -0.2716478454019976], [0.6116005886549074, 0.013350080886656873, -0.7910540406933595]], "T": [0.02469122730395968, 0.015587493034409743, -0.1158011971897713], "aligned_model": [[-0.11915434774655118, -0.2706750932247195, -0.11873597909778894, -0.592913565583299, -0.1761877927114312, -0.4513958463779081, 0.5883088464059107, 0.6351867454272795, -0.3875937388573813, 0.25520881602058726, 0.06328636901376805, 0.4113621082237209, 0.062256840451641114], [0.5420449771966797, -0.12908297155802148, -0.7346230413158502, 0.5154387966962725, 0.7532436154736111, 0.10677379029988451, 0.29097446225157053, -0.07430594227142016, -0.4671015662965779, -0.5399902191676529, -0.17467235224752112, -0.2454008561275778, 0.035297065948425035], [-0.5475317345262072, -0.8146118674929542, -0.43802658392771376, -0.15273824939290245, 0.3298014476953006, 0.4502189080300194, -0.2851999940156073, 0.1364341193095108, 0.12167649136689498, 0.048163714406414676, 0.7690375237909882, -0.6854681885155994, -0.010105007308412572]], "inverted": true, "swapped": false, "error_lsq": 0.048957168947112564, "error_max": 0.2715973968145125, "target": "910.xyz", "model": "14.xyz", "model_rescale": 3.942246331269136, "target_rescale": 3.954059805313921},
{"mapping": [4, 3, 1, 10, 11, 6, 13, 8, 2, 0, 7, 12, 14], "R": [[-0.7908422922665367, -0.2526103767383954, 0.557455349177578], [0.5328808319424795, 0.16376949717388722, 0.8301912856346438], [-0.30100911566080596, 0.9536076495915382, 0.005095383165324208]], "T": [-0.1224761019516893, 0.03119465694689495, -0.09010045100969757], "aligned_model": [[-0.2219216880733923, -0.2714780387697785, -0.015602558544731318, -0.6165577023786576, 0.15719187299789195, -0.12490277457547544, 0.46579215013310854, 0.4615915905293109, -0.32645003660648175, 0.1944988904391336, -0.16200421011420646, 0.44235923358349866, -0.08356336667639254], [0.46165396140813797, -0.11472680447080678, -0.6023801665538445, 0.5449599113171804, 0.658236714991885, 0.24785548424909623, 0.4319095192436851, 0.02793516337470987, -0.6496513357261718, -0.5717406081474911, -0.3084462593345903, -0.18857928367807614, -0.058430537791892154], [-0.47543062050886664, -0.7778891397963239, -0.5838639819901318, -0.05961846346749215, 0.11657588021101464, 0.4254978291572591, -0.48290817653056506, 0.41753645918238425, 0.18827211746994774, 0.18687139444152798, 0.6935200469238394, -0.6384951235911985, -0.08841764208166324]], "inverted": false, "swapped": false, "error_lsq": 0.05439713701983991, "error_max": 0.3371395581365048, "target": "910.xyz", "model": "15.xyz", "model_rescale": 4.355366556412066, "target_rescale": 3.954059805313921},
{"mapping": [3, 0, 4, 9, 5, 8, 7, 2, 6, 1, 11, 12], "R": [[0.38045537359999543, 0.49206876528554444, -0.7830210973717424], [0.6547646138299958, -0.7412632430969532, -0.14768921730933385], [-0.6530980088585054, -0.456505350093235, -0.6042067991683879]], "T": [-0.15753436019942366, -0.004919552375507277, -0.13358872378717754], "aligned_model": [[-0.1844665747577029, 0.35514197827366234, 0.11661750063839285, -0.42567939694726964, -0.5037187200484896, -0.5121448198429149, -0.04421442542844023, -0.15691166406914628, 0.5755275365758852, 0.21972676632937585, 0.33952146677784545, -0.1815910928694172], [-0.7353349856911161, -0.29547529316113336, -0.5932175437181062, 0.5238163291913727, -0.3898087979945229, 0.025517556618899324, 0.2905225828195224, 0.5402653196901874, 0.2024937034288209, -0.09768919904331318, 0.5408495889044006, 0.000837166695969266], [0.21105512578192917, 0.005177888690194782, -0.5030229587646639, -0.08516364952771999, -0.37588340987128244, 0.3795773454387612, -0.6775368167805964, 0.6020321233740583, -0.5912209544745644, 0.6139750215065782, -0.0002326920987582859, -0.12949856206451527]], "inverted": false, "swapped": true, "error_lsq": 0.040917031489153134, "error_max": 0.19796879090111752, "target": "910.xyz", "model": "16.xyz", "model_rescale": 3.795458400668931, "target_rescale": 3.954059805313921},
{"mapping": [11, 8, 3, 9, 10, 5, 4, 2, 6, 0, 1, 7, 12], "R": [[-0.9610812825883929, 0.21360452304270652, 0.1752023858112316], [-0.27599857247766046, -0.7702595283527012, -0.5749130777536444], [0.012147273296645583, -0.6008938065228933, 0.7992365588697032]], "T": [0.06564408282460829, -0.030779403874611862, -0.15274598090505595], "aligned_model": [[-0.0457704837716402, -0.4201261536425748, -0.11146663736643775, -0.6878893009932662, 0.04477767375394718, -0.3864650932337117, 0.6187943305810586, 0.46045705818224425, -0.46831565184506707, 0.2881290691409727, 0.07678812919848421, 0.41085303958014163, 0.11918738235967725], [0.5103779430625761, -0.07469715794463733, -0.760889301222249, 0.43007661721023416, 0.6348853070931008, 0.0732704083645615, 0.2892133361318028, 0.2207772080717449, -0.41433265926371887, -0.5297602858592794, -0.32143311123417434, -0.29463517453606, 0.11574262900792018], [-0.7444180940125474, -0.6215586093130328, -0.4493151419085951, -0.01953544702562965, 0.15605613792979553, 0.46962652292338913, -0.23715710656061512, 0.37865766040377724, 0.00584075580292534, 0.07644585521900679, 0.6411008838380123, -0.6451742376190321, -0.08891860025772298]], "inverted": true, "swapped": false, "error_lsq": 0.04830707914003939, "error_max": 0.3226303866632047, "target": "910.xyz", "model": "17.xyz", "model_rescale": 3.7474275329858107, "target_rescale": 3.954059805313921},
{"mapping": [10, 3, 1, 8, 5, 4, 12, 9, 0, 2, 6, 7, 13], "R": [[0.16896562715220717, 0.7515495974394636, 0.6376706198576516], [-0.7149127531203235, -0.35191700141474624, 0.6041971363232145], [0.6784912470083757, -0.5579674064887964, 0.47783051496235107]], "T": [0.020211301683873528, -0.01790237714142407, -0.19815832360798946], "aligned_model": [[-0.128412336019546, -0.4625475047305463, -0.1382486311977835, -0.6332215977093417, 0.05742910341671281, -0.29229591676315436, 0.616233731752646, 0.46619032610162264, -0.550579973664879, 0.15318853920007158, 0.1342163479755488, 0.6770081680193081, -6.894436830766348e-06], [0.5586332280034959, -0.03397516798759232, -0.5913443172453212, 0.2670802591717422, 0.6677068388616575, 0.24408597313603375, 0.428285475579188, 0.09291499238090578, -0.4935607342120252, -0.6497319960637961, -0.23201881344851824, -0.28045492450754717, -0.09902505478640139], [-0.5473818634495073, -0.6748917727522405, -0.5511076228149661, -0.10507344723554331, 0.029382386675046945, 0.5249787068074107, -0.2682338989034112, 0.2882020224808126, 0.18536330305145998, 0.09669945696538024, 0.5340682892541182, -0.45720140550714006, -0.13315357515168846]], "inverted": false, "swapped": false, "error_lsq": 0.04805300008961987, "error_max": 0.2710601631452687, "target": "910.xyz", "model": "18.xyz", "model_rescale": 3.922800546911778, "target_rescale": 3.954059805313921},
{"mapping": [8, 5, 12, 1, 6, 2, 4, 11, 3, 7, 9, 13, 14], "R": [[0.5184659337544915, -0.42175079374557545, 0.743854383270718], [-0.05232597907794384, -0.8839229819203913, -0.4646957649328193], [0.8534957922858305, 0.2020060147815914, -0.48035247739804726]], "T": [-0.05905731016776246, 0.05140859762359523, -0.10974292833425923], "aligned_model": [[-0.018122761792915568, -0.6184289140277404, -0.08626425206625106, -0.6079381057270881, 0.010184312518105879, -0.33287467914535396, 0.533557888299544, 0.5781100629945026, -0.34145658632004394, 0.26884976790010334, 0.01789018118254733, 0.5230906638393346, -0.027644215710917158], [0.3218057504233196, -0.11110034713517578, -0.5892826404035469, 0.5438110897151944, 0.7375491769884277, 0.12563720724295283, 0.46675651397882156, -0.074779443558109, -0.4988390170641808, -0.6518655721656172, -0.23321397025176588, -0.12580785428799074, -0.03207513460050823], [-0.6571005778914464, -0.6029244079685027, -0.5651422743969136, -0.044530337648180526, -0.12332508390071477, 0.5480132002939371, -0.09707509438003407, 0.18238363603301622, 0.05343628279321634, 0.08023972697654512, 0.6490800176458374, -0.42835211268318196, -0.07305239545384679]], "inverted": false, "swapped": false, "error_lsq": 0.052870383951176755, "error_max": 0.29729489123596503, "target": "910.xyz", "model": "19.xyz", "model_rescale": 3.9282355846067225, "target_rescale": 3.954059805313921},
{"mapping": [7, 6, 8, 5, 2, 1, 12, 10, 4, 11, 0, 9, 13], "R": [[-0.2634762619605858, 0.10241869864160794, -0.959213568269255], [-0.8451993518754377, 0.4547912911345673, 0.28071860839191576], [0.464992811742953, 0.8846893758131795, -0.033262491648551495]], "T": [-0.08820691893949323, -0.03304166408415295, -0.17070884939283076], "aligned_model": [[0.019714744109321794, -0.6237301755864795, -0.07071096716231867, -0.6276612591536468, -0.024501333324036173, -0.3128173207658238, 0.6611736639213959, 0.560722751165051, -0.2819053025765864, 0.3121365548576209, -0.11504388611008445, 0.47864417165304046, -0.07706827908362633], [0.4489918275088192, 0.007872989922555501, -0.6306898470094316, 0.40386795366906475, 0.717344037092685, 0.24426074224592031, 0.21938101672787064, 0.24841216230132418, -0.6163773090099764, -0.5129332861142777, -0.3420132409633423, -0.3180714673787542, 0.008550179889363789], [-0.55030653643411, -0.5427100412387463, -0.640955720988708, -0.09462236578738623, 0.16332574191563642, 0.48819504279599063, -0.48296816071966847, 0.3211329705680656, -0.023847327968179316, 0.17970848097099412, 0.5668637436925621, -0.44614065141591036, -0.016024595970808825]], "inverted": true, "swapped": false, "error_lsq": 0.04980976065583471, "error_max": 0.30492749447848694, "target": "910.xyz", "model": "20.xyz", "model_rescale": 4.067790424073018, "target_rescale": 3.954059805313921},
{"mapping": [0, 2, 4, 3, 12, 11, 7, 9, 6, 5, 13, 8, 14], "R": [[-0.21518547502453034, -0.9659918530358693, 0.14336998014506003], [-0.9524406666107781, 0.24002926172332223, 0.18773047196066386], [-0.2157590969680861, -0.09615452867590027, -0.9717007351497845]], "T": [0.032300618276574156, -0.04785652197499145, -0.03545401674271983], "aligned_model": [[0.05704063972620964, -0.44000660973350514, -0.11288379593018372, -0.6727069555503175, -0.05090871278188644, -0.3401290568919607, 0.6575108206001161, 0.5570835096057402, -0.603301714443911, 0.24890217480927196, 0.1280864429966569, 0.41240121631245896, 0.05786540322513848], [0.3476582756210361, -0.06063511491014033, -0.6586817799435657, 0.4204228899771792, 0.6694330312413305, 0.13957857997252104, 0.22382038158572204, 0.44772108900301794, -0.42555196996848854, -0.5957138731721076, -0.3464687854281885, -0.2699799017739873, -0.013007063322507187], [-0.6248723789797678, -0.6103318485217551, -0.533737555338311, -0.12161508590547523, 0.22064317373234224, 0.45870837922740376, -0.33871598302105926, 0.25273975129264187, -0.005242662906110411, 0.001992068563732359, 0.5904687396539858, -0.3978800591906753, 0.029494040812779836]], "inverted": true, "swapped": false, "error_lsq": 0.04986328866753249, "error_max": 0.3686512481580434, "target": "910.xyz", "model": "21.xyz", "model_rescale": 4.186013935880536, "target_rescale": 3.954059805313921},
{"mapping": [6, 7, 10, 0, 5, 2, 3, 11, 9, 9, 8, 4, 12], "R": [[0.5006017480609759, -0.0917693728964659, 0.8607997862665189], [0.5788740896854312, -0.7038610225942216, -0.4116848906183953], [0.6436634820534397, 0.7043848685703052, -0.2992311461062087]], "T": [-0.0655547535963585, 0.003285231616872804, -0.07766666780908062], "aligned_model": [[-0.026183779486926774, -0.3818826684965574, 0.046005403664246866, -0.5607911439949185, 0.08696616485349422, -0.3474859395925362, 0.5610484336376307, 0.5184330662631433, -0.201864059691525, -0.201864059691525, 0.05216761794443035, 0.38099671358289033, -0.02659238704801946], [0.34356654726928854, -0.2316047825371117, -0.7115621191723037, 0.5204830112305172, 0.6737587091627799, 0.2845632060670901, 0.6400743712632917, -0.13596936029653378, -0.5660814408128554, -0.5660814408128554, -0.24862582365748545, -0.14425803376031515, 0.020332914938314295], [-0.5164278803526806, -0.6966069487623296, -0.4934154248962793, -0.17272357389218745, 0.2769337572577364, 0.5477105865877857, -0.31048997444561044, 0.11862995365607819, 0.12895406115218533, 0.12895406115218533, 0.6367214579131963, -0.6312359234315027, -0.09535357251884558]], "inverted": false, "swapped": false, "error_lsq": 0.06273821025800315, "error_max": 0.41574020363270736, "target": "910.xyz", "model": "22.xyz", "model_rescale": 4.166573947596378, "target_rescale": 3.954059805313921},
{"mapping": [10, 7, 5, 8, 9, 3, 14, 12, 0, 6, 2, 13, 15], "R": [[0.7124169384628842, 0.6636586443603014, 0.2280774200946203], [0.34551560937499926, -0.6146074290002937, 0.7091379780380345], [0.6108036259465017, -0.4263975984729462, -0.6671611638480692]], "T": [-0.016984894089638783, 0.04231322255149632, 0.06403333719555067], "aligned_model": [[0.03129269810471201, -0.33061263809958885, 0.023617650395427278, -0.7217729249684438, -0.0033368956293379215, -0.24321512755836588, 0.5738779914701592, 0.618076564314495, -0.6654712515769681, 0.37351794255626003, -0.06586410220720927, 0.3369032112745804, -0.028059756131892023], [0.27134964558862773, -0.11272173573871037, -0.5853192481635122, 0.42576806653629284, 0.641363843529896, 0.26441323606885575, 0.38114905829841805, 0.06199170167409755, -0.40049891814328314, -0.5828811803505793, -0.3314043157369592, -0.12945219206340575, -0.025162202617916102], [-0.6474108448161872, -0.5596584517077495, -0.4795574061830115, -0.037531195864754244, 0.10146663688333403, 0.5748347834311094, -0.3385198768046359, 0.22431763692029882, -0.15988319869257206, 0.25310243863279613, 0.6214876077671444, -0.6856819355044513, 0.05468438535841062]], "inverted": false, "swapped": false, "error_lsq": 0.04730247556213655, "error_max": 0.27098921656666414, "target": "910.xyz", "model": "23.xyz", "model_rescale": 4.274766983524099, "target_rescale": 3.954059805313921},
{"mapping": [7, 5, 10, 9, 8, 2, 11, 1, 0, 3, 12], "R": [[-0.16161925329164176, -0.9745635208959471, 0.15525836758238457], [0.7637365057864849, -0.22315538403893728, -0.605729497633626], [0.6249686125674654, 0.020678934047216158, 0.7803759446524273]], "T": [0.056208689272056925, 0.10189716902271778, -0.07192029760483634], "aligned_model": [[0.20429259204281564, 0.1659555877964031, -0.3739661109770417, -0.4574671156928596, -0.43116092075145673, -0.6029435456183084, 0.0006693393187439667, 0.019893168013354515, 0.5050379116866738, 0.3146006164788634, 0.03498318166088735], [-0.21220466976538066, 0.6117422725623811, 0.49531967625215695, -0.12012002106843625, 0.3270855292885759, -0.28733680029554615, -0.6316032388391732, -0.052067564897015695, -0.010289554009558055, 0.6816246210087531, 0.11343628100672644], [-0.5967232924003986, -0.30580840325109243, -0.6207449897463581, -0.27354845958504354, 0.24710239112373797, 0.4304542754238533, 0.0750654641761965, 0.755581824347132, 0.31856953267768107, 0.42824080226258276, -0.0786227110067131]], "inverted": true, "swapped": true, "error_lsq": 0.03966700529370865, "error_max": 0.20993711630685774, "target": "910.xyz", "model": "24.xyz", "model_rescale": 3.7841303162186577, "target_rescale": 3.954059805313921},
{"mapping": [13, 12, 2, 3, 11, 6, 10, 7, 4, 8, 1, 9, 15], "R": [[-0.13980378098234328, 0.7157137914696092, -0.6842577522565879], [0.7213442413529902, 0.5470141839596561, 0.4247799053790455], [0.6783195325876444, -0.43419955233411817, -0.5927506731020484]], "T": [0.0997004814315535, -0.03400100963402514, -0.08126607534006794], "aligned_model": [[-0.1992408946827827, -0.24574474567792834, -0.1626161712491764, -0.6483026554952248, 0.034995341706579836, -0.3228714287366322, 0.7931818873101915, 0.4297945376635123, -0.5049550754915967, 0.27460753219775524, 0.09766263417667773, 0.3012663545979034, 0.05117604562454965], [0.5304387730113629, -0.06126231568062568, -0.6782188403105285, 0.2651373340363639, 0.7240368940418098, 0.24444209220059432, 0.2808876321162012, 0.31653268255004846, -0.3591197789089989, -0.5856636419549066, -0.5342212831580537, -0.26119540080318276, -0.003198388258262956], [-0.5329759188072375, -0.7558743488499976, -0.3727560207791162, -0.08433953055964458, 0.021784158267639908, 0.43441684276034365, -0.23996008365318686, 0.3557346166323738, 0.21095607680695308, 0.03928950243188087, 0.46901741426989274, -0.5811606801540092, -0.04248144894616049]], "inverted": false, "swapped": false, "error_lsq": 0.0550965698064591, "error_max": 0.3623301503472064, "target": "910.xyz", "model": "25.xyz", "model_rescale": 4.19342608120988, "target_rescale": 3.954059805313921},
{"mapping": [3, 0, 4, 9, 5, 8, 7, 2, 6, 1, 11, 12], "R": [[0.38045537359999543, 0.49206876528554444, -0.7830210973717424], [0.6547646138299958, -0.7412632430969532, -0.14768921730933385], [-0.6530980088585054, -0.456505350093235, -0.6042067991683879]], "T": [-0.15753436019942366, -0.004919552375507277, -0.13358872378717754], "aligned_model": [[-0.1844665747577029, 0.35514197827366234, 0.11661750063839285, -0.42567939694726964, -0.5037187200484896, -0.5121448198429149, -0.04421442542844023, -0.15691166406914628, 0.5755275365758852, 0.21972676632937585, 0.33952146677784545, -0.1815910928694172], [-0.7353349856911161, -0.29547529316113336, -0.5932175437181062, 0.5238163291913727, -0.3898087979945229, 0.025517556618899324, 0.2905225828195224, 0.5402653196901874, 0.2024937034288209, -0.09768919904331318, 0.5408495889044006, 0.000837166695969266], [0.21105512578192917, 0.005177888690194782, -0.5030229587646639, -0.08516364952771999, -0.37588340987128244, 0.3795773454387612, -0.6775368167805964, 0.6020321233740583, -0.5912209544745644, 0.6139750215065782, -0.0002326920987582859, -0.12949856206451527]], "inverted": false, "swapped": true, "error_lsq": 0.040917031489153134, "error_max": 0.19796879090111752, "target": "910.xyz", "model": "26.xyz", "model_rescale": 3.795458400668931, "target_rescale": 3.954059805313921},
{"mapping": [6, 0, 2, 7, 5, 10, 8, 11, 3, 9, 4, 1, 12], "R": [[-0.48788455180718915, -0.42563032989957317, -0.7621072669759019], [0.7666288583148722, 0.2085786920003978, -0.6072685755431766], [0.41743126105591766, -0.8805303808006761, 0.2245381722119483]], "T": [0.11127560203191572, -0.06704334598320708, -0.07745211335559388], "aligned_model": [[0.10900579598627741, -0.5080571395781128, -0.05337090405955136, -0.6072352364753506, -0.035716526834399964, -0.1685185399901719, 0.6267546509405135, 0.5579934449186978, -0.5333364237434937, 0.19404204943284367, -0.015116626960567925, 0.35615590118523366, -0.023647082878090336], [0.5332719457356916, -0.2405014101642303, -0.7845487498427268, 0.30098569167311884, 0.6710778808741672, 0.2552807156648681, 0.4319931224665873, -0.0042217193525810465, -0.40383003741243984, -0.487393093342683, -0.324040993882064, -0.09812255068550194, 0.028644957149615582], [-0.6438471682288112, -0.6043415203788245, -0.5600621395293796, 0.014769906893149082, -0.05669551454588173, 0.49308172953371576, -0.20392607668250604, 0.4775895101352906, 0.04953851444713339, -0.048640740690230895, 0.7079397608456559, -0.6154306377158916, -0.08832504466368783]], "inverted": true, "swapped": false, "error_lsq": 0.04917427824896915, "error_max": 0.308521107054702, "target": "910.xyz", "model": "27.xyz", "model_rescale": 3.6321398670334006, "target_rescale": 3.954059805313921},
{"mapping": [6, 9, 10, 13, 4, 1, 7, 3, 11, 0, 5, 8, 14], "R": [[-0.01635625695989698, -0.3651776298381605, -0.9307941617371941], [-0.7699746460961284, 0.5984799634824667, -0.2212708242836543], [0.6378648110904098, 0.7130687428122267, -0.2909664083649296]], "T": [0.027247896620291236, -0.03211784994602428, -0.15444942975005554], "aligned_model": [[-0.3065192882955814, -0.39380740456746716, -0.02614830619450078, -0.7531830955128376, 0.09974717786611184, -0.08575110213720635, 0.6805937553563439, 0.5646591444882172, -0.4902619465884278, 0.13669616959484654, 0.06359293722743711, 0.4294618572888511, -0.02012653658195846], [0.5945273063384463, -0.11067636294212947, -0.7262160673479667, 0.20696447696849996, 0.7572547880484104, 0.28429511817899383, 0.37311215925240004, -0.059808729093301746, -0.4058668797787901, -0.5773662541963974, -0.27365065309781417, -0.17850129566005485, -0.005471847788474853], [-0.47039681701463154, -0.6673949966455657, -0.5009290729053413, -0.1388148722159583, 0.08659402061435084, 0.42380765496955625, -0.2535211841574124, 0.2721445761142354, -0.0835899822510339, 0.12863527034013938, 0.6895353240184627, -0.44397565042576714, -0.1204436910213025]], "inverted": true, "swapped": false, "error_lsq": 0.04005556064490691, "error_max": 0.2927076034530886, "target": "910.xyz", "model": "28.xyz", "model_rescale": 4.156811204709835, "target_rescale": 3.954059805313921},
