[{"mapping": [13, 5, 14, 12, 9, 3, 7, 10, 8, 15, 11, 4, 6, 16], "R": [[-0.7687381128893904, -0.32000944120719665, 0.5537469379865833], [-0.47180880171401807, 0.8682883161362152, -0.1532052697739819], [-0.43178486357958573, -0.37903740923501733, -0.8184695925836004]], "T": [0.01126099495058315, 0.15250198442037194, 0.010904926964588751], "aligned_model": [[0.09953144908521094, 0.21388391515704613, -0.43306627066463915, -0.49739763355635297, -0.6701637192775749, -0.1324429201592589, -0.659704002444814, -0.05941492963114324, -0.3626661316845841, 0.35936516528480705, 0.6829428531683869, 0.23284208187136102, 0.5993191881133711, -0.0015369441335119187], [-0.5735612232122065, -0.3530799909921876, -0.3036686784675875, -0.44917154640199813, 0.1673888402575187, 0.24099968221167617, 0.2429107387810062, 0.5002715376471957, 0.6627206825742795, 0.018185246689913476, 0.4176443501089711, 0.6301836922341406, -0.11331454793738532, 0.14776454831669758], [0.3765245587871022, -0.26162415606365486, 0.2799973045299826, -0.2625079742103348, 0.44131861444578613, -0.656415604716177, -0.19379920241721638, 0.7478317837490904, 0.2516927298704337, 0.5857772015154918, 0.3618013126664179, 0.12328102490970691, 0.10764247611688477, -0.003931982003680102]], "inverted": true, "swapped": true, "error_lsq": 0.040159516004684946, "error_max": 0.21312477267530486, "target": "911.xyz", "model": "0.xyz", "model_rescale": 3.8414455957264533, "target_rescale": 4.272180117444818},
{"mapping": [6, 15, 1, 10, 4, 8, 7, 2, 12, 3, 9, 13, 14, 5, 16], "R": [[-0.8892200581397252, -0.3737672508024979, 0.2637910734454956], [-0.4294688034261626, 0.8806906841761568, -0.19985110880111046], [-0.1576205414458544, -0.2910016512545519, -0.9436491953482713]], "T": [-0.08370590657694452, 0.023553799303921277, 0.0061652326196065255], "aligned_model": [[-0.6573764751517914, -0.5848635070556305, 0.28234389673069293, -0.2638407259774521, -0.3549255209785035, 0.1688188645701091, 0.6116795186475635, -0.3378324328106693, 0.5166696973272097, 0.2545569277782346, 0.42902346824105697, -0.24110095434286652, 0.279635569448069, -0.16404071907169454, -0.06670345384978353], [0.3240162705197099, 0.170561567117622, -0.6348557022583605, -0.33910334151796223, -0.44103596729919303, -0.5125854606439338, -0.10539084539998265, -0.3747195795739805, 0.5964283599870264, -0.06358078360325818, -0.04032765746100825, 0.748068128439096, 0.44699265785025405, 0.5448678734481571, 0.027709008438828668], [0.08649830786568236, -0.4375975499239938, 0.28310714443504725, -0.7044902294488946, -0.016254601942146833, -0.32080466799422513, -0.00299665410331304, 0.6159121110823894, 0.08900920967627028, 0.5992800352426318, -0.6125794236717721, -0.33871584187048953, -0.40201561600693125, 0.31066356882499124, 0.016165995174289054]], "inverted": false, "swapped": true, "error_lsq": 0.043420066954835024, "error_max": 0.28287270053680413, "target": "911.xyz", "model": "1.xyz", "model_rescale": 4.316132596720782, "target_rescale": 4.272180117444818},
{"mapping": [6, 15, 11, 3, 2, 5, 1, 12, 10, 13, 9, 16], "R": [[-0.24694953711134493, -0.28240923927724615, -0.9269632936051672], [0.8238746299461244, 0.44240646399324257, -0.3542698332459768], [0.510143627081265, -0.851188311825205, 0.12341773600470951]], "T": [-0.05944792192051662, 0.05911641801754936, -0.0803663594735311], "aligned_model": [[-0.10599386938658123, 0.41660904676821836, 0.12871944045465392, -0.6736520175518292, -0.6292010519843831, -0.37840707936603857, -0.3367022067754359, -0.21475345136101615, 0.6782179709029603, 0.2658242477122905, 0.518102336158419, -0.0709548109394774], [-0.5477396159656888, -0.41981429954377714, -0.6618942984398054, 0.3588615723893787, -0.19653577401593242, -0.09915112483165109, 0.4712417958070343, 0.5870005434401128, -0.02701354974419775, -0.14804839121075294, 0.6210966913764484, 0.07477287847981207], [0.15498072385065048, 0.03664116945108699, -0.37923398356636984, -0.1622536055823541, -0.5331539023062053, 0.4137568271038597, -0.7108226127381847, 0.5463056402422407, -0.42304784414355895, 0.6406869861290251, -0.05960404367744171, -0.07499689355332763]], "inverted": true, "swapped": true, "error_lsq": 0.04331975809901683, "error_max": 0.21594942391954375, "target": "911.xyz", "model": "2.xyz", "model_rescale": 3.795458400668931, "target_rescale": 4.272180117444818},
{"mapping": [0, 4, 15, 9, 5, 14, 10, 3, 8, 7, 13, 16], "R": [[0.7244501342494798, 0.646988553751662, 0.23786091377156476], [0.6664899922767298, -0.7455109936637242, -0.0021091518417190452], [0.17596332907988416, 0.16005989391743197, -0.9712969356372257]], "T": [0.08812831455918721, -0.04776479428249681, -0.04963595237429209], "aligned_model": [[-0.11113365590753344, -0.048883534705944004, -0.5893267986184997, 0.19770294003264643, 0.07237143742021517, 0.08277765567742812, -0.3580623048492769, 0.6975320388413476, 0.2369338982302596, 0.6830171216543434, -0.37614325852532526, 0.10651828649390424], [-0.09196888457984823, -0.5683477532571354, -0.016337408634493532, 0.12378567951703495, 0.3835634003153093, 0.5120546765062515, -0.3652582771012736, -0.09101851814609696, -0.4363398776365009, 0.05050771822231175, 0.6247678361047676, -0.03963954602061705], [-0.8518638621096981, -0.0383436790689944, 0.049169515828125364, 0.7303518926594059, -0.47934398362237146, 0.3559532867431603, 0.5579097333455936, -0.3667409285855173, 0.48420829913776164, 0.32012257918340437, -0.02154792619067019, -0.05110349668109929]], "inverted": true, "swapped": true, "error_lsq": 0.0420829822211738, "error_max": 0.20766403223581784, "target": "911.xyz", "model": "3.xyz", "model_rescale": 3.7530521520055578, "target_rescale": 4.272180117444818},
{"mapping": [10, 7, 1, 3, 4, 12, 15, 14, 13, 5, 16], "R": [[0.25531292068164857, -0.4027833107923386, -0.8789658224755775], [-0.8443789908586998, 0.3499718716077509, -0.4056399991122811], [0.47099833580327, 0.8457454070998731, -0.25074942480496315]], "T": [0.04669523270944582, -0.12593667484699916, 0.05274000834024464], "aligned_model": [[-0.4371973133814677, -0.138799954174267, 0.3749386648372217, 0.5051516946108441, 0.24413680394175383, -0.2287348075027773, -0.24344641261061717, -0.5575687903347011, -0.42655164354904423, 0.19695369974180335, 0.04931766086645653], [-0.785272756420629, 0.13006524259069824, -0.31855152289969724, 0.22765085353175557, -0.623695904860019, 0.6471271596796191, -0.4562373920885396, 0.2098593559621622, 0.19530015302329534, 0.3509071299835356, -0.10994896018783523], [0.04161004472231902, -0.5799732798812122, -0.6539056753964196, -0.3195406412385543, -0.0034645674201483345, -0.09561717305451542, 0.5784917494944232, 0.046814094077245266, 0.6371041621487104, 0.4005670654118596, 0.04074499838160875]], "inverted": false, "swapped": true, "error_lsq": 0.04248715526846381, "error_max": 0.20364024554729143, "target": "911.xyz", "model": "4.xyz", "model_rescale": 3.7855080009869324, "target_rescale": 4.272180117444818},
{"mapping": [12, 8, 13, 15, 6, 14, 12, 10, 7, 5, 4, 11, 9, 2, 3, 1, 16], "R": [[0.7175342819536958, 0.2743676982256962, -0.6402084975939696], [-0.054974951659862326, 0.9385898818693901, 0.3406270516890877], [0.6943502782538437, -0.20921615574027236, 0.6885537678831424]], "T": [0.007651800691773899, -0.0041966714398865915, 0.05859903350982993], "aligned_model": [[0.3735509061684042, -0.10551616534735525, 0.32393617980027006, -0.49333962298871187, 0.5099979164182278, -0.2277470794995276, 0.3735509061684042, -0.572964353918787, 0.046951761711710935, -0.2743098369580566, 0.45820956470324337, 0.759000581221271, -0.6589656056952216, -0.24270102428829782, -0.5009836464054893, 0.5073969769439513, -0.021995246619598532], [0.3503509048681938, -0.6563680925031791, -0.30018935425895626, -0.3387285943701431, -0.41035776415329217, 0.3364844151802298, 0.3503509048681938, -0.3997460640913695, -0.5290515531840075, -0.003461829901032533, -0.03480901898751456, 0.011500923470614204, 0.20809487502177373, 0.6903086259251465, 0.35643888329197365, 0.5271180059377004, 0.027019586912909357], [-0.3924875698776134, -0.18051458587324176, -0.5221075723807189, -0.503907937669231, 0.15218650514657772, -0.47639738045655106, -0.3924875698776134, 0.25196354176450675, 0.5918460101061392, 0.8172823268022565, 0.6443134428698492, -0.20152559779448037, -0.07356583342474776, 0.03082237901192126, 0.36461959494100427, 0.2612401236302714, 0.026453271799242034]], "inverted": true, "swapped": false, "error_lsq": 0.038507654592777184, "error_max": 0.3667441513200702, "target": "911.xyz", "model": "5.xyz", "model_rescale": 4.2253639853439635, "target_rescale": 4.272180117444818},
{"mapping": [3, 12, 8, 1, 7, 10, 4, 2, 13, 5, 9, 11, 0, 16], "R": [[0.10290468546250105, -0.10824821210277702, -0.9887835710034912], [0.0632400221777919, 0.9927617229144732, -0.10210220913789891], [0.9926788631298725, -0.052023899242935046, 0.10900545216981045]], "T": [0.021566965779904863, 0.03721664757950402, 0.03840079152731872], "aligned_model": [[0.47348709181673293, -0.05383833831336884, -0.39841023582531176, 0.13179911247791484, -0.21148612809544842, -0.6172636549361956, 0.05790825087583343, 0.6559414401458828, -0.2143302065004123, 0.36567010535460864, -0.728835786498486, 0.13404968963109803, 0.7533810110188118, 0.02598980160612399], [-0.31214140436495774, 0.2447350493458163, -0.4764053020929886, -0.7563496552320135, -0.38866012230324165, -0.0516700953504835, -0.23810723954779558, -0.31636083952807037, 0.8071144304912344, 0.46431384908061635, -0.12579659582919678, 0.20874342380994534, 0.35461042076476557, 0.03107322739136025], [-0.3456779776846566, -0.7658065235467607, 0.17232250356163842, -0.009492314922887914, -0.47597920758829054, 0.5413864033335927, 0.49968427012256744, 0.29829542082375227, -0.10389150518133879, -0.22640534993474432, -0.20683296197165701, 0.8146169135651721, 0.25962092977432644, 0.019717608580734854]], "inverted": false, "swapped": true, "error_lsq": 0.045120143671065135, "error_max": 0.2685764694576986, "target": "911.xyz", "model": "6.xyz", "model_rescale": 3.89814844738969, "target_rescale": 4.272180117444818},
{"mapping": [3, 1, 7, 0, 12, 8, 4, 5, 6, 10, 9, 13, 16], "R": [[-0.9869772175290846, 0.13136019460999968, -0.0928464934748171], [-0.12619520662831438, -0.27436240674204243, 0.9533100437899263], [0.0997534054686019, 0.9526120768910801, 0.28736647170238844]], "T": [-0.12459447320983663, 0.033762134113564074, -0.009736175668858048], "aligned_model": [[0.22031684660641843, -0.14098213913206042, 0.36068572990498865, -0.3380447285354876, 0.6948489995997675, -0.28779612491729345, -0.606560039050188, 0.16417655760439537, -0.4016955163106788, -0.6174910645856981, 0.12519631996143682, 0.08253179399359253, -0.10655483423497059], [-0.25000277797370773, 0.2317606663497667, 0.4140400687477034, -0.7652713236841826, 0.030897479269970822, 0.6156633198582604, 0.10083448441378487, -0.4442803121904372, -0.4115201259518263, 0.655267776215769, 0.791868701949335, -0.03759633796029499, 0.032119646426344656], [-0.533485166947762, -0.7873738666323135, -0.35638205848882865, 0.025098798895885666, 0.1451942642003483, -0.3144977429909189, -0.24020715566338416, 0.2332205983578149, 0.3785520441113221, 0.18972216023750296, 0.1029412109707802, 0.7780733492942069, -0.018581404508358414]], "inverted": false, "swapped": true, "error_lsq": 0.042683339070864385, "error_max": 0.22905622712815024, "target": "911.xyz", "model": "7.xyz", "model_rescale": 3.7474275329858107, "target_rescale": 4.272180117444818},
{"mapping": [3, 5, 0, 2, 6, 4, 1, 8, 11, 10, 7, 9, 14, 13, 16], "R": [[0.372533164069591, 0.9216539095153917, -0.10850397570270523], [-0.882681765096651, 0.3880012317799578, 0.26519416604272494], [0.2865169161396236, -0.0030191409754248555, 0.9580704261971613]], "T": [0.005073628099951077, -0.02212255456696883, -0.009509351001523596], "aligned_model": [[-0.42503709434174286, 0.34433469479529816, 0.4086194175243973, -0.22102628781654013, 0.5934398494687937, -0.11170124602647816, -0.7583066021628245, -0.46041042353138584, 0.41376728833254606, 0.04731217250473831, -0.569507563965824, -0.26016661955346004, 0.12593380715356728, 0.6812521606600976, -0.006349830702436466], [0.026923492429023928, 0.20076672579986155, -0.40718857430982486, -0.6050761644636329, -0.2466823201408596, -0.5198704580832894, -0.2640140266934284, -0.1276517417104378, -0.688072760697298, -0.23295979692414193, 0.3874283751751616, 0.43778718896337265, 0.6100037463421584, 0.42724359723651684, -0.009519320943588977], [-0.5446715707533559, -0.4635617489398757, -0.6211496945931887, -0.46121406448650815, -0.18046876745504178, 0.1593605183301814, -0.06365261028178563, 0.4703985259347046, 0.17505793017564472, 0.7796443116771331, 0.03944001929513018, 0.5970776920841471, 0.24295501704000513, 0.08790637382258026, -0.02032727615350927]], "inverted": false, "swapped": true, "error_lsq": 0.043456925069608736, "error_max": 0.30906696206766177, "target": "911.xyz", "model": "8.xyz", "model_rescale": 4.019505241142653, "target_rescale": 4.272180117444818},
{"mapping": [4, 6, 10, 8, 1, 7, 14, 2, 3, 5, 13, 12, 16], "R": [[-0.7640075726650565, -0.5087402670269783, 0.3968321680707948], [-0.3724820610194439, 0.8499790207066507, 0.37254902842078474], [-0.5268297098011424, 0.1368174150606649, -0.838887031612101]], "T": [-0.05931112467651081, -0.07029226158100545, -0.008383476972036858], "aligned_model": [[-0.22859578082669138, -0.6865596877187357, -0.08721418853463428, 0.32817526068504077, 0.39911547067014663, 0.6447959930616676, 0.25356233306917464, -0.29216750313366513, 0.2247134622012398, -0.2737139805145351, -0.3204343245149036, 0.4026589796085417, -0.04463526231147004], [-0.4760102031024327, 0.07278748553733726, -0.009028596591432222, -0.3126192897715104, -0.7281380461159143, -0.0951501188319921, 0.5440077499391824, -0.7602759680629421, -0.42554697011356135, 0.19105895464012057, 0.7027179993625761, 0.4299031507793576, -0.07032791955472997], [-0.3192565001985203, 0.10077900267455857, -0.823532618599952, -0.507638216133842, -0.0441092830170519, 0.05396076786366634, -0.06010190306074416, 0.2459659347725466, 0.5082628971073032, 0.4982408808509103, 0.04553294637898998, 0.4731634312063954, 0.005436154199618626]], "inverted": false, "swapped": true, "error_lsq": 0.04585788113557386, "error_max": 0.25334904215004417, "target": "911.xyz", "model": "9.xyz", "model_rescale": 3.877068213659057, "target_rescale": 4.272180117444818},
{"mapping": [6, 5, 7, 2, 3, 0, 4, 12, 14, 9, 10, 15, 11, 1, 8, 16], "R": [[0.9527197193638399, -0.09951894945007364, -0.28709077838836977], [0.3038409836005486, 0.3195150158494462, 0.8975471081405029], [0.0024068693228952998, -0.9423407734716152, 0.3346461917204208]], "T": [-0.03904115519364196, 0.0032897934891812242, -0.10433757496126747], "aligned_model": [[0.349059078903985, -0.15138550758361274, -0.5996617461077591, 0.4523386553662555, -0.21156271567981602, 0.4488382797524141, 0.4019813595156877, -0.8101394201193918, -0.6080371341627, -0.5577294944681036, 0.17348152482315188, 0.2738068045378529, 0.7173744415670271, -0.032469354098561276, -0.07605703217445328, -0.054429214754881716], [0.0030590072892931353, -0.30007049318385326, -0.09027168309295415, -0.5488623258747062, -0.6318325467204883, -0.4862299008031987, 0.08011829839076243, -0.18661970322059993, 0.33891779022960955, 0.5379637322225558, 0.7431616698100179, 0.5140684024597746, 0.24223583486715905, -0.3074857144493963, 0.30295285142056305, -0.00930634221098969], [-0.628939496295602, -0.6203730056314961, 0.31664027994761745, 0.11626874931261907, 0.09729395498622304, -0.5599394620165641, 0.1948327808634526, -0.3589767342899911, -0.30811815311725244, 0.20372635987831308, 0.17211071645200202, -0.43739462442256716, -0.22813378058757144, 0.6356406327346953, 0.5014307459092443, -0.10103463661308115]], "inverted": false, "swapped": true, "error_lsq": 0.03910948919384692, "error_max": 0.24686285404193334, "target": "911.xyz", "model": "10.xyz", "model_rescale": 4.260839863003843, "target_rescale": 4.272180117444818},
{"mapping": [1, 7, 9, 8, 15, 4, 2, 3, 12, 13, 5, 16], "R": [[0.6136472991344006, 0.3201683652910009, 0.7217542588249439], [-0.7023645606222866, -0.19626588312471113, 0.684224909735929], [0.36072290784883393, -0.9268073807367774, 0.10443688412106267]], "T": [-0.06772762197246243, 0.12136387773250751, -0.0021481588489918393], "aligned_model": [[0.26449633092089775, 0.23833809893420452, -0.37115902504111753, -0.30003060253038794, -0.6737598528465841, -0.27452181770179124, 0.29254201705379634, 0.5985538040708468, 0.3616490801137222, -0.3517086216277363, 0.2249184379453971, -0.050419200197117264], [-0.0730744507599301, -0.494870397520295, -0.6251944949619717, -0.26095911724101034, 0.350701762709117, 0.34519876754107626, 0.6327905171588131, 0.10695729014619876, -0.361869605248736, 0.10057934815052773, 0.34157820946527184, 0.11124067609387224], [-0.7064302999728607, -0.16600981900885134, -0.02207757932133988, -0.5100731875157315, 0.22106631456648967, -0.4460405806893391, -0.45341505452665337, -0.1743714478629055, 0.5247487012736621, 0.7643764427716734, 0.4844782013754833, -7.36136941225209e-05]], "inverted": true, "swapped": true, "error_lsq": 0.04497900046478362, "error_max": 0.2452554976198265, "target": "911.xyz", "model": "11.xyz", "model_rescale": 3.890672605050136, "target_rescale": 4.272180117444818},
{"mapping": [8, 1, 2, 10, 4, 13, 7, 15, 9, 12, 0, 3, 6, 16], "R": [[0.9128390834721458, -0.38216357826856034, 0.14379084508654524], [0.043504617732556816, -0.25911950099681275, -0.9648649814554918], [0.4059952658857945, 0.8870220310951317, -0.21990852741581057]], "T": [0.056238698901458814, 0.013656818029535191, 0.14467153164275376], "aligned_model": [[0.3579984374726059, 0.2772960940100543, 0.4155498273853335, 0.5641946279370378, 0.582990331563743, -0.3350937567997014, -0.28331295267177203, 0.33581799329596307, -0.1147128327890508, -0.7703733624739914, 0.15277809842711765, -0.1910524535499446, 0.17711531467516162, 0.040680468311137086], [-0.32706230852298274, 0.2485104110560176, 0.6820538339134781, -0.6271284507026593, 0.07007800771677222, -0.3322564824701773, -0.12488665747991909, -0.33034611881819836, -0.6893445412382497, -0.054092656455759835, 0.6754040758189713, 0.5326304673941511, 0.18870814985501524, 0.019884789761306112], [-0.3563024387254548, -0.590290896430544, 0.006345201688428337, 0.1253077961879736, 0.0484647424221501, 0.7738297529012599, -0.46012755275508316, 0.6673502370363877, -0.21083073936141278, 0.05736883253614816, 0.6325236247807475, -0.23389522194158685, 0.7615790577937973, 0.13346803922405048]], "inverted": false, "swapped": true, "error_lsq": 0.0452994889792694, "error_max": 0.30409562603421697, "target": "911.xyz", "model": "12.xyz", "model_rescale": 4.124412569039231, "target_rescale": 4.272180117444818},
{"mapping": [13, 9, 7, 15, 12, 5, 10, 0, 8, 4, 3, 1, 16], "R": [[-0.7270165015574087, -0.4391895078121476, -0.5277874408234342], [-0.0704800946507641, -0.7168801932606167, 0.6936247867317318], [-0.682993091269045, 0.5414751746279276, 0.4902296120599099]], "T": [0.0880932895337796, 0.03455651562537185, -0.06485343543558994], "aligned_model": [[-0.2505460841163886, -0.027777615977476744, 0.5442089272393043, -0.5724232432632798, 0.5702439107300801, 0.27573874079811234, -0.5702641168806424, 0.14684353381753812, -0.0010399915680629201, -0.12497098106373211, 0.7516792242688659, 0.5185636729264781, 0.10704233059896137], [-0.43224527037062854, 0.6141829119748207, 0.4910643859779662, -0.13862017781588426, -0.11687474085489985, -0.5247207223432101, 0.5193036992668776, -0.6561524245969185, 0.7030061335596892, 0.24866731328037006, 0.014842983369176027, 0.5891645782850026, 0.035866706776116246], [0.5148504863465887, 0.4832563856037325, 0.2246817792230609, -0.006343827365938692, 0.5985458452517884, 0.08660427635656356, -0.04065355757937336, -0.5172896434531784, -0.12276499292811169, -0.5105737091191341, -0.24668971785112773, -0.4538232268381076, -0.058102016678923445]], "inverted": false, "swapped": true, "error_lsq": 0.03715092838354766, "error_max": 0.2568148521027162, "target": "911.xyz", "model": "13.xyz", "model_rescale": 3.9028299243045295, "target_rescale": 4.272180117444818},
{"mapping": [10, 0, 11, 4, 8, 14, 2, 1, 15, 3, 7, 5, 13, 14, 12, 16], "R": [[-0.22436600731879144, 0.7826333502755404, 0.5806418291824207], [-0.3714534052537497, 0.48216648772350335, -0.7934342101534154], [-0.9009341055178328, -0.39370105048483695, 0.18253005331155253]], "T": [-0.034067239681980555, 0.03578146331741852, 0.05517726195498704], "aligned_model": [[0.23837254227905602, -0.354109102958361, -0.145461566900841, -0.344862570707095, -0.1358038411637844, 0.573492085924923, -0.7674268166079219, -0.6579226028568478, 0.36273749676538036, -0.5111476244140232, -0.07179093029881525, 0.08473690218678151, 0.6968977892937431, 0.573492085924923, 0.3243012571093286, -0.03766583199585009], [-0.6968897874710063, 0.6076779417499001, -0.1669920997321107, -0.3081788929450382, -0.5954578539751582, 0.05652869845405764, 0.16169504065023713, -0.29020912089764717, -0.12132696877871893, 0.34661765844755, -0.10727828095346084, 0.6308256828417775, 0.35320219454584645, 0.05652869845405764, 0.48097836859587884, 0.04453100313493456], [-0.1855909755484256, -0.4505267792972494, -0.7136266481756335, -0.21869116445272455, 0.27723574576197607, 0.3843737358346545, -0.14810267662185592, 0.44082862991589333, -0.4810676197764786, 0.4419259090578652, 0.7468291859140007, 0.0027441098778004935, -0.12804766955216823, 0.3843737358346545, 0.6625247643074067, 0.07297782654461629]], "inverted": false, "swapped": true, "error_lsq": 0.04948234705309247, "error_max": 0.38448028154636227, "target": "911.xyz", "model": "14.xyz", "model_rescale": 3.942246331269136, "target_rescale": 4.272180117444818},
{"mapping": [15, 13, 6, 12, 7, 5, 4, 11, 10, 2, 1, 8, 14, 9, 16], "R": [[-0.5275580814958385, -0.6396823398929117, -0.5590071329397863], [0.8396714118547042, -0.4925450989887965, -0.22880394571782275], [-0.1289743802557628, -0.5900896791939731, 0.7969691209491092]], "T": [0.01535408834412691, 0.025162490067418053, -0.1076890642823621], "aligned_model": [[-0.652350216830304, -0.5107786392461394, -0.30994590118369636, 0.2890840546094777, 0.4270108493675401, 0.09559929188276195, -0.05002844072126528, -0.45361940276196244, -0.5702878910498256, 0.4483466076559103, 0.5894761752910204, 0.017095010964630536, -0.2014509650692403, -0.17577811868529777, 0.031921622308599976], [0.12659330974676758, -0.4974643661601172, 0.1757896944584254, -0.7589135244865686, -0.3135436618978576, -0.24599760830244582, 0.5368439979469053, 0.6430940875993136, 0.2476371291749269, 0.6199816671626837, 0.35291050034226157, 0.195063896521519, -0.6107946633534092, -0.38678546551335974, 0.01372969664260611], [-0.22421537528835642, -0.45219260828883834, -0.6529599904714687, -0.18382027696946926, 0.3571640360680578, -0.6471093003806797, 0.046627295308675015, -0.31459404646481615, 0.4181706581178888, -0.33942351625982337, 0.34745643312442154, 0.5474856172195045, 0.05504743481922983, 0.5583323793196313, -0.10660625949344102]], "inverted": false, "swapped": true, "error_lsq": 0.038465317969562395, "error_max": 0.25965820176067517, "target": "911.xyz", "model": "15.xyz", "model_rescale": 4.355366556412066, "target_rescale": 4.272180117444818},
{"mapping": [6, 15, 11, 3, 2, 5, 1, 12, 10, 13, 9, 16], "R": [[-0.24694953711134493, -0.28240923927724615, -0.9269632936051672], [0.8238746299461244, 0.44240646399324257, -0.3542698332459768], [0.510143627081265, -0.851188311825205, 0.12341773600470951]], "T": [-0.05944792192051662, 0.05911641801754936, -0.0803663594735311], "aligned_model": [[-0.10599386938658123, 0.41660904676821836, 0.12871944045465392, -0.6736520175518292, -0.6292010519843831, -0.37840707936603857, -0.3367022067754359, -0.21475345136101615, 0.6782179709029603, 0.2658242477122905, 0.518102336158419, -0.0709548109394774], [-0.5477396159656888, -0.41981429954377714, -0.6618942984398054, 0.3588615723893787, -0.19653577401593242, -0.09915112483165109, 0.4712417958070343, 0.5870005434401128, -0.02701354974419775, -0.14804839121075294, 0.6210966913764484, 0.07477287847981207], [0.15498072385065048, 0.03664116945108699, -0.37923398356636984, -0.1622536055823541, -0.5331539023062053, 0.4137568271038597, -0.7108226127381847, 0.5463056402422407, -0.42304784414355895, 0.6406869861290251, -0.05960404367744171, -0.07499689355332763]], "inverted": true, "swapped": true, "error_lsq": 0.04331975809901683, "error_max": 0.21594942391954375, "target": "911.xyz", "model": "16.xyz", "model_rescale": 3.795458400668931, "target_rescale": 4.272180117444818},
{"mapping": [3, 1, 7, 0, 12, 8, 4, 5, 6, 10, 9, 13, 16], "R": [[-0.9869772175290846, 0.13136019460999968, -0.0928464934748171], [-0.12619520662831438, -0.27436240674204243, 0.9533100437899263], [0.0997534054686019, 0.9526120768910801, 0.28736647170238844]], "T": [-0.12459447320983663, 0.033762134113564074, -0.009736175668858048], "aligned_model": [[0.22031684660641843, -0.14098213913206042, 0.36068572990498865, -0.3380447285354876, 0.6948489995997675, -0.28779612491729345, -0.606560039050188, 0.16417655760439537, -0.4016955163106788, -0.6174910645856981, 0.12519631996143682, 0.08253179399359253, -0.10655483423497059], [-0.25000277797370773, 0.2317606663497667, 0.4140400687477034, -0.7652713236841826, 0.030897479269970822, 0.6156633198582604, 0.10083448441378487, -0.4442803121904372, -0.4115201259518263, 0.655267776215769, 0.791868701949335, -0.03759633796029499, 0.032119646426344656], [-0.533485166947762, -0.7873738666323135, -0.35638205848882865, 0.025098798895885666, 0.1451942642003483, -0.3144977429909189, -0.24020715566338416, 0.2332205983578149, 0.3785520441113221, 0.18972216023750296, 0.1029412109707802, 0.7780733492942069, -0.018581404508358414]], "inverted": false, "swapped": true, "error_lsq": 0.042683339070864385, "error_max": 0.22905622712815024, "target": "911.xyz", "model": "17.xyz", "model_rescale": 3.7474275329858107, "target_rescale": 4.272180117444818},
{"mapping": [1, 3, 7, 2, 10, 15, 9, 12, 4, 14, 6, 5, 13, 16], "R": [[0.6091662553531699, 0.5169391576003117, -0.6014070008558902], [0.792820181499261, -0.4149265030769497, 0.4463991004155507], [-0.018778528868778843, -0.7487388759666578, -0.6625990208789253]], "T": [-0.028110799423370778, -0.08454790969501977, -0.025110865952162935], "aligned_model": [[0.416686482297812, 0.11105652860480295, 0.6366556479198358, -0.3259622335176967, 0.15291641008207663, -0.379574596132432, 0.6487439625838457, 0.3019627600112961, -0.11745333950530512, 0.2947142827960313, -0.6607993673315262, -0.3612666082058094, -0.28539890998293266, -0.01743337173712185], [-0.33204970134083867, 0.24469854020959017, 0.10953720330911607, -0.25162070259360725, -0.753110247440303, -0.37303849176193493, -0.1770199361027076, 0.6656592437826512, -0.5807019682982819, 0.23549103457484663, -0.05937475842321374, 0.42479948785666644, 0.2767799561994557, -0.06964141846020597], [-0.64566754674337, -0.6133528057776633, -0.16894441759319367, -0.7167498155021197, 0.4099218807285721, 0.4876678535238934, 0.40283043550051867, 0.1289667924177736, -0.21420195541293463, 0.49574241545556974, 0.13268808629389078, -0.0024455083966429744, 0.6618259369763939, -0.03348663280903319]], "inverted": true, "swapped": true, "error_lsq": 0.0438232525066611, "error_max": 0.2586034483498861, "target": "911.xyz", "model": "18.xyz", "model_rescale": 3.922800546911778, "target_rescale": 4.272180117444818},
{"mapping": [13, 5, 14, 15, 1, 6, 3, 10, 2, 9, 7, 8, 11, 4, 16], "R": [[0.4789699973190265, 0.3759513815946887, -0.79325172571212], [-0.39153206489343023, -0.7172936670907981, -0.5763613773594845], [-0.7856782953782665, 0.5866432935170061, -0.19636512506812787]], "T": [0.027488542224753387, -0.0018624980975714689, -0.06895748981065719], "aligned_model": [[-0.10591516716489174, -0.3544719916913986, 0.4191725582009638, -0.15286077514079605, 0.34226696181026495, -0.5480859344545184, -0.019698827499866567, 0.39129272570970935, -0.4002380547551365, 0.7920980024733523, 0.6086605653943392, 0.5598889507089354, -0.4315734968335752, -0.038344960405379463, 0.03386028053561531], [0.6044543022691892, -0.030918007679647086, 0.30937722845036586, 0.6433683631495772, -0.6266867435996784, 0.30370333701097685, -0.6722377691123991, 0.5341265680344814, -0.5191762142294066, 0.2417258267754684, -0.3621348573063893, -0.03960649818770065, 0.3676196530247353, -0.01955196153600403, -0.01645172202899005], [-0.6011421923707451, -0.542458504217902, -0.5460765153793827, 0.07542703465787023, 0.32436370408183346, -0.10320019774061043, -0.21785241210562956, 0.4304042806354654, 0.31108159869396257, -0.14547090884743272, -0.24982887465605566, 0.34727390918609924, 0.47632248464110805, 0.46513932937566926, -0.0813235687909209]], "inverted": true, "swapped": true, "error_lsq": 0.0407283056324474, "error_max": 0.2553555187654084, "target": "911.xyz", "model": "19.xyz", "model_rescale": 3.9282355846067225, "target_rescale": 4.272180117444818},
{"mapping": [8, 7, 12, 1, 4, 3, 2, 5, 11, 15, 14, 10, 13, 16], "R": [[0.49339165194617446, -0.6963859579876502, 0.5211633863842009], [-0.8369939726686185, -0.21709643390755487, 0.5023049154657225], [-0.23665537709130774, -0.6840436652014589, -0.689984417643997]], "T": [0.009890109421800929, -0.06842904231803373, 0.01822286197972072], "aligned_model": [[-0.5979962839684129, -0.08481707591563817, 0.597285841607812, -0.48539328224544787, -0.44121515877544065, 0.16039226304383547, -0.14693239814215206, 0.6028080327279235, -0.2763688658605923, -0.03684301540715507, 0.26853218037182564, -0.5952758954386873, 0.5502287122203195, 0.018117764866486162], [-0.3651240484985725, -0.7283541233972434, -0.6593230302645956, -0.2971428496063354, 0.2166617272332894, -0.2211247588178076, 0.3720955104594794, 0.05806105843380868, 0.6429912575378324, 0.2778961483012853, -0.5590648260451755, -0.06945618146717206, -0.06302490024458535, -0.08220889619937208], [0.042088905771956224, -0.217999464629912, -0.017968316420153542, -0.5704847981227448, -0.053426768665328285, -0.6358661760362883, -0.5952411149374854, -0.039999757210930305, 0.25596688874745943, 0.607773969918781, 0.4309090710704448, 0.5684709807986001, 0.63193465044322, 0.006025086516063084]], "inverted": true, "swapped": true, "error_lsq": 0.0355048947427099, "error_max": 0.22116010057559438, "target": "911.xyz", "model": "20.xyz", "model_rescale": 4.067790424073018, "target_rescale": 4.272180117444818},
{"mapping": [9, 11, 7, 12, 1, 4, 3, 10, 8, 15, 6, 5, 13, 0, 16], "R": [[-0.005343514904632751, 0.9123100453006723, 0.40946529534497755], [0.9687059579994193, -0.09689067176255556, 0.22851906848626108], [0.24815360925219632, 0.3978725662431207, -0.883242439676798]], "T": [0.020018234047378576, -0.0029372881171714875, 0.028765032594179826], "aligned_model": [[0.25957747406574844, 0.10511828012486485, -0.22606898914053614, 0.243780920441503, -0.7204620586259507, -0.23981462576465656, -0.5063987220627416, 0.2612531964915238, -0.21287146637253446, 0.5297227701544998, 0.31615824011463517, 0.21750697506531386, 0.804963554709903, -0.07665665012878517, 0.012635054834727596], [-0.14972099428386368, 0.7437140903009554, -0.46118266013355086, -0.8037201061628975, -0.016955724784176753, 0.4662878200757273, -0.415747076649359, 0.5749498335523309, 0.20840500501658943, 0.4509180403763995, 0.2441756831766355, -0.33023398295164824, -0.1615710714336377, 0.11319332141005574, -0.021617037581712847], [-0.7268030425218854, 0.3113512451106371, -0.4505300839989701, -0.03585997089621985, -0.2805645204150301, -0.01836311455277056, 0.1908533312055361, -0.49740234402704475, -0.5705847856080212, 0.09131307937245388, 0.5551349567553251, 0.5029130616661716, 0.19409299781961803, 0.8426425429924557, 0.027056220718885315]], "inverted": false, "swapped": true, "error_lsq": 0.039185619203338296, "error_max": 0.2873149367993172, "target": "911.xyz", "model": "21.xyz", "model_rescale": 4.186013935880536, "target_rescale": 4.272180117444818},
{"mapping": [10, 15, 14, 1, 2, 7, 4, 11, 12, 5, 0, 3, 16], "R": [[-0.8214799394486019, -0.4857729715032677, 0.2986558709290793], [-0.5668278656884518, 0.7528042939038662, -0.33465185754598153], [-0.062264594775810006, -0.4441962575672908, -0.8937632824191297]], "T": [0.01755962887742375, -0.011549950820213283, -0.05478329702071051], "aligned_model": [[-0.1042661944515292, -0.49392818619896356, 0.32501254690323506, 0.46589856857948375, -0.18728411878546092, 0.7240348329592092, -0.18834398561638202, -0.7042037997673812, 0.5343494042750414, -0.13560486684985318, -0.5687684196666292, 0.3579417265678991, 0.03373652747455615], [-0.5209642696529426, -0.018384968584785548, 0.37346095975625837, -0.5516604619256075, -0.31988512662185753, -0.045308996139135756, -0.5043555953968407, -0.35762797026767923, 0.6421257197216661, 0.5417091763226163, 0.22374864397710176, 0.059459535680478244, -0.0033599873231784042], [-0.6829993914147976, -0.5108854007721634, -0.5397249453115404, 0.33440198495863926, 0.6219453708073502, -0.049817004886325636, 0.013427242209262447, -0.11701531262915774, -0.08848342108290831, 0.14865283112038213, 0.48008392426758906, 0.5392680729244292, -0.04597438885541363]], "inverted": false, "swapped": true, "error_lsq": 0.04229129184766836, "error_max": 0.27894231784394175, "target": "911.xyz", "model": "22.xyz", "model_rescale": 4.166573947596378, "target_rescale": 4.272180117444818},
{"mapping": [12, 3, 0, 6, 5, 7, 2, 14, 13, 15, 9, 11, 4, 8, 10, 16], "R": [[-0.9789666936265713, 0.15296600707408003, 0.13500227201670145], [0.13256355932479136, 0.9799088156748201, -0.1490154881276241], [-0.15508422069637345, -0.12798481801598216, -0.9795758116901492]], "T": [-0.08360253160348166, 0.11206932125298427, -0.05433570055138124], "aligned_model": [[-0.8944121793460803, -0.3143101404168327, 0.2892389542871252, 0.24613678888510268, -0.28538479459155375, -0.6060102829928636, 0.3532293569070828, -0.6228965894969475, -0.33871952284956675, 0.25640123411425675, -0.49603832614860577, 0.6806230394345795, 0.3916390656040043, -0.02056721692038614, 0.248359331273001, -0.10005547672155954], [-0.03879675536193064, 0.4600822084342814, -0.25861188681436265, -0.42606624796605663, -0.3153459769197835, 0.5823274589071367, 0.41281443676178553, -0.11919686800210941, -0.6329545954839825, -0.3465472200505969, 0.3314901152714508, -0.11498474261871094, 0.35471713073564415, 0.6382906463397947, 0.20333923721067956, 0.11915049717843912], [-0.17813551731234775, -0.6015654323152184, -0.6937210475967698, -0.2202004361090149, -0.43844683548835817, 0.0245247866342009, -0.614445964813196, 0.311187170334646, 0.16587295956971046, 0.3248264531855888, 0.6026029819289874, 0.040485156285987846, 0.017593739090445613, 0.3666643566153715, 0.6876016719767872, -0.0635835088227274]], "inverted": true, "swapped": true, "error_lsq": 0.047822946342072944, "error_max": 0.28500374637302994, "target": "911.xyz", "model": "23.xyz", "model_rescale": 4.274766983524099, "target_rescale": 4.272180117444818},
{"mapping": [15, 5, 0, 4, 3, 1, 8, 7, 9, 12, 16], "R": [[-0.28478160434020594, 0.6775040767730316, 0.6781501778996604], [-0.5149236195841087, 0.488593839401, -0.7043647677828515], [-0.8085500008186377, -0.5497856728356172, 0.20972031403960156]], "T": [-0.022567481412410106, 0.08385146934648552, -0.09907804505812853], "aligned_model": [[0.32509970711142405, 0.02599575924777575, -0.45659306853342163, -0.3243897866242246, -0.4827599788159804, -0.560624645878719, -0.031174529158465802, 0.03385891958422721, 0.5220571183955998, 0.35344933342584767, -0.02502412479598831], [-0.11239750558283301, 0.6734679547209488, 0.5468101005372874, -0.3219977534650745, 0.40311792061923873, -0.23782618848669623, -0.5156715211194429, 0.03837502648175578, -0.29439781147303073, 0.6414050794599113, 0.09470122955141883], [-0.656132348828492, -0.24376838538021842, -0.6306041960252619, -0.28372929436373695, 0.3010358739201111, 0.40213081857706057, 0.21496253295626114, 0.6044981808021169, 0.359319957612355, 0.3941202714273203, -0.0822669766759385]], "inverted": false, "swapped": true, "error_lsq": 0.04258967874308285, "error_max": 0.20876194984599208, "target": "911.xyz", "model": "24.xyz", "model_rescale": 3.7841303162186577, "target_rescale": 4.272180117444818},
{"mapping": [6, 0, 3, 8, 2, 1, 4, 15, 5, 12, 13, 10, 7, 9, 14, 16], "R": [[0.8919807970774948, 0.0054494303938613375, 0.4520404421657198], [-0.31883361165089896, 0.7164707593945129, 0.6204955914543582], [-0.32049241134017625, -0.6975958390364958, 0.6408156206213507]], "T": [0.012400829574426488, -0.0785836081475505, 0.06029134560217707], "aligned_model": [[0.21368724921549928, -0.036268236890729076, -0.512751080624254, 0.27891295945440847, 0.02402654625866766, -0.08400075420632652, 0.42620141915685456, 0.5346616686183276, -0.35077676536882957, -0.7090064410567235, -0.024577566123429047, 0.7082967087810595, -0.3920149925619378, 0.047662193197787785, -0.19948308998747558, -0.006727269390121717], [-0.047778824625551636, -0.4723946432237708, -0.5151465974303149, -0.13531632604660743, -0.8341381964953266, -0.6428522739186338, -0.4097202077511587, 0.25622541220643724, 0.016207743156149312, 0.336388130540277, 0.616214699715774, 0.18414484229481998, -0.030045277929775654, 0.4324700937595968, 0.5628499193783829, -0.08029602526233638], [-0.5596795113070965, -0.6661886226373757, 0.1464747392353558, 0.6798686735882374, -0.09461294159397667, 0.6228746374288431, 0.15528610290192155, -0.23098544265381005, -0.41935218557543263, 0.11385680599055806, -0.36927247895331994, 0.4004422346921951, 0.6385330117645596, 0.6827043531873548, 0.2072516623861993, 0.06641897736304034]], "inverted": false, "swapped": true, "error_lsq": 0.04706820215257145, "error_max": 0.2600586300394548, "target": "911.xyz", "model": "25.xyz", "model_rescale": 4.19342608120988, "target_rescale": 4.272180117444818},
{"mapping": [6, 15, 11, 3, 2, 5, 1, 12, 10, 13, 9, 16], "R": [[-0.24694953711134493, -0.28240923927724615, -0.9269632936051672], [0.8238746299461244, 0.44240646399324257, -0.3542698332459768], [0.510143627081265, -0.851188311825205, 0.12341773600470951]], "T": [-0.05944792192051662, 0.05911641801754936, -0.0803663594735311], "aligned_model": [[-0.10599386938658123, 0.41660904676821836, 0.12871944045465392, -0.6736520175518292, -0.6292010519843831, -0.37840707936603857, -0.3367022067754359, -0.21475345136101615, 0.6782179709029603, 0.2658242477122905, 0.518102336158419, -0.0709548109394774], [-0.5477396159656888, -0.41981429954377714, -0.6618942984398054, 0.3588615723893787, -0.19653577401593242, -0.09915112483165109, 0.4712417958070343, 0.5870005434401128, -0.02701354974419775, -0.14804839121075294, 0.6210966913764484, 0.07477287847981207], [0.15498072385065048, 0.03664116945108699, -0.37923398356636984, -0.1622536055823541, -0.5331539023062053, 0.4137568271038597, -0.7108226127381847, 0.5463056402422407, -0.42304784414355895, 0.6406869861290251, -0.05960404367744171, -0.07499689355332763]], "inverted": true, "swapped": true, "error_lsq": 0.04331975809901683, "error_max": 0.21594942391954375, "target": "911.xyz", "model": "26.xyz", "model_rescale": 3.795458400668931, "target_rescale": 4.272180117444818},
