[{"mapping": [9, 0, 13, 10, 12, 7, 8, 11, 6, 1, 4, 5, 3, 14], "R": [[-0.09759018133785963, -0.772785664114072, -0.627119186316458], [-0.9427751964453714, -0.13008121384669175, 0.3070078285183659], [-0.318827673632379, 0.62119336373141, -0.7158685070473636]], "T": [-0.09410791190997998, 0.05800788630771549, 0.18403124827931172], "aligned_model": [[0.12048109076140558, 0.2770339880872171, -0.57666133216902, -0.41736250138513487, -0.6909215876094975, 0.02829417520741316, -0.7307639386733403, -0.10289903315695563, -0.21909487716503034, 0.411358905280884, 0.5985528447462966, 0.17003515071699654, 0.5795440190302077, -0.07610480254313812], [-0.5898939535902081, -0.4518113429031847, -0.45248843256758553, -0.21877931214736152, 0.27428819611742483, 0.18250592972056584, 0.2288888729390588, 0.4351699608667087, 0.6805102865434298, -0.12590488521563192, 0.5101014914174926, 0.5621410520779885, 0.0878986445268754, 0.11264682402446148], [0.37446280498672824, -0.2869432066550922, 0.41435211512247394, -0.4097031727936117, 0.5500694563092193, -0.6675507926420551, -0.10736214849714226, 0.7761893204049848, 0.24645520967063186, 0.5847609402114513, 0.4956813063411666, -0.172664993255137, -0.034868019148229984, 0.13470926712444584]], "inverted": false, "swapped": true, "error_lsq": 0.03979253916113968, "error_max": 0.24631924146460749, "target": "912.xyz", "model": "0.xyz", "model_rescale": 3.8414455957264533, "target_rescale": 4.063255259207083},
{"mapping": [0, 7, 9, 4, 2, 3, 10, 1, 12, 7, 11, 6, 8, 13, 14], "R": [[-0.699469655848115, 0.5671770990603918, 0.43480149361422193], [0.7135886891563593, 0.5876219235257345, 0.38143368715941306], [-0.03915843786246656, 0.5770707177576719, -0.8157548672553643]], "T": [-0.06810058648916831, -0.034857204978275165, -0.045026789628991544], "aligned_model": [[0.5697053863327066, 0.25875715571280167, 0.07865359288048662, -0.0390998668474, -0.46898095860297895, -0.3367804329588857, -0.5717830350205798, 0.11927690454022724, -0.028393380710585475, 0.25875715571280167, 0.4326581435922384, -0.7387967394135172, -0.13975091308415716, 0.5271690716275941, -0.07861948131407683], [-0.3719479811010556, -0.1169661582323451, 0.4187762207516312, -0.5381593141881228, -0.2814299091816845, -0.7135255710751733, 0.10694315910697516, -0.6287651291315379, 0.341283488722784, -0.1169661582323451, -0.0029358148308797696, 0.25068852560053806, 0.7285434831263289, 0.42938762002907604, -0.07826334309742786], [-0.11637606567892886, -0.5921804593537529, -0.5330735147399488, -0.2491423940627757, -0.613447018345512, 0.2388697954163937, 0.39608311526669593, 0.5555237450075476, 0.6177183048216699, -0.5921804593537529, 0.6438034661149679, -0.32548619842879095, 0.14572964565123603, 0.025526574704516074, 0.03287866006890839]], "inverted": false, "swapped": false, "error_lsq": 0.045809399813111766, "error_max": 0.3342519161326498, "target": "912.xyz", "model": "1.xyz", "model_rescale": 4.316132596720782, "target_rescale": 4.063255259207083},
{"mapping": [9, 1, 2, 10, 13, 0, 8, 7, 11, 3, 6, 14], "R": [[0.8853942236991135, 0.10396611361540059, 0.4530652445950297], [0.42232743673548634, 0.22729421403738898, -0.877483262772322], [-0.1942076332708843, 0.9682604956750201, 0.1573372419183917]], "T": [0.033422989687260395, 0.052551290185731445, -0.09460468325046706], "aligned_model": [[-0.22606681557025224, 0.34811401371543255, 0.15516907195310473, -0.6304380802102754, -0.42132733055144955, -0.41606740784846713, -0.2903949068796998, -0.2846920142943105, 0.6178999981253293, 0.2397009768216307, 0.4523578087697958, 0.05355324060094173], [-0.5915313748820312, -0.49853760032980565, -0.5678103112736724, 0.34422449985408476, -0.2886186120236337, -0.12767050670001534, 0.5689003341988622, 0.6390346853942284, -0.05743668812280571, -0.012284713551238766, 0.48856312921922307, 0.11594358595778476], [0.0465051092065103, 0.12259451323272358, -0.41219463436093673, -0.00605828722882934, -0.5671692193315823, 0.5258446539704953, -0.47926941298378367, 0.4626332170673792, -0.46779226063870627, 0.5805715570082424, -0.2981114996512793, -0.05829527508081205]], "inverted": true, "swapped": true, "error_lsq": 0.05042303587367796, "error_max": 0.30859857046203193, "target": "912.xyz", "model": "2.xyz", "model_rescale": 3.795458400668931, "target_rescale": 4.063255259207083},
{"mapping": [7, 10, 0, 2, 5, 1, 9, 8, 13, 11, 3, 14], "R": [[0.6818524031231518, -0.6912376375216279, -0.23930697613881227], [0.6881246295062099, 0.4951663974445142, 0.5303722589924583], [-0.2481164940549598, -0.5263086236376339, 0.8132880412636934]], "T": [0.1790355968928972, 0.033585689243567154, 0.05262002618258219], "aligned_model": [[-0.22349420659702776, -0.07696706771714104, -0.5935018477815722, 0.28571811100245287, 0.162053889035876, -0.05786056729363584, -0.2688095382791875, 0.5407922732907394, 0.26685775472027573, 0.7022702282119337, -0.32244384982021934, 0.17868864697107112], [-0.05034527182613753, -0.5447182598829965, -0.09387272859590605, 0.045560442496008116, 0.41372743317469957, 0.4446624713647733, -0.09956971306284264, -0.4554388250496992, -0.5577815304743464, 0.4068708534327353, 0.5133092304476045, 0.06336494326581697], [-0.7132777197603086, -0.3129650169323434, -0.027499521402164252, 0.751912131548084, -0.5008760363215466, 0.5267518468833978, 0.5853430177456835, -0.3339397378810769, 0.4874580152428351, 0.335221164656429, -0.09229705116042547, -0.017059661979463493]], "inverted": true, "swapped": true, "error_lsq": 0.05315735278949571, "error_max": 0.2789184740638368, "target": "912.xyz", "model": "3.xyz", "model_rescale": 3.7530521520055578, "target_rescale": 4.063255259207083},
{"mapping": [11, 3, 5, 7, 6, 0, 12, 9, 13, 10, 14], "R": [[-0.20766298684077864, -0.3140596220437697, 0.9264138587575701], [0.9240628558163233, -0.3736769343691064, 0.08045736275250032], [0.3209110817608944, 0.8727726522538566, 0.36780969954695514]], "T": [-0.13491922396554257, -0.10973193378983856, 0.0365094506324785], "aligned_model": [[-0.4046363977943044, -0.16018521127320395, 0.32628967170133377, 0.5655414707196902, 0.1797372211520143, -0.14553873101362674, -0.12236586173995864, -0.6915841115340815, -0.4298893995111273, 0.2939390543562445, -0.07310810261777523], [-0.7579833423456002, 0.09412280034103401, -0.2644059190760097, 0.3066793783365064, -0.6614023980497307, 0.6272281607130639, -0.5845967309947168, 0.3277239813405912, 0.09151063378642854, 0.4101660353493225, -0.12183924108654319], [0.03494288454292355, -0.6420346879646172, -0.42664962346815033, -0.2661957533175351, -0.024143258688167663, -0.2396353280395317, 0.5944463136586652, 0.06559445134295826, 0.6838161949401791, 0.3183106649875787, -0.005621080748986498]], "inverted": false, "swapped": true, "error_lsq": 0.04685677119795788, "error_max": 0.246294397845899, "target": "912.xyz", "model": "4.xyz", "model_rescale": 3.7855080009869324, "target_rescale": 4.063255259207083},
{"mapping": [14, 13, 8, 12, 11, 1, 4, 2, 5, 15, 3, 6, 7, 10, 16], "R": [[-0.9408329341578247, -0.09664914364305624, 0.32479583285048863], [0.17454266574472868, -0.9597572196868823, 0.22000212974794095], [0.29046212806268323, 0.26367597974022927, 0.9198406002505695]], "T": [0.01633908157397892, -0.04714160295142532, -0.003589303554555029], "aligned_model": [[0.47388134587440023, -0.05479237419933545, 0.17044093282076708, -0.10637970757288986, -0.5594168039550972, -0.48309437385270376, -0.6354477857803913, 0.30517170160591245, -0.03776522707808356, 0.6783359124876394, 0.37951018993554153, -0.5079758179727101, -0.2753229353657137, 0.43692632209029203, 0.058701223409047], [-0.5194183916446666, -0.16301862801747513, 0.41608374008430693, -0.6589964174548901, -0.39299491075816295, -0.5344921615898887, 0.13007910967931674, -0.5707033503212016, 0.3901095670018595, 0.10576241007042396, -0.06167561774906748, 0.19638609202299312, 0.632878025758938, 0.5368362911709941, -0.08017263998671859], [-0.1626713885714171, -0.7151934561118666, -0.5105259613091123, -0.2749544593306972, -0.429414241830964, 0.2899402445061324, 0.29768711839773876, 0.43028222336935706, 0.675371212807825, -0.470171199204119, 0.5882824003345027, -0.30668205497028034, 0.11420731914405492, 0.11060555782502698, -0.0025161179677075547]], "inverted": true, "swapped": false, "error_lsq": 0.03275715922263942, "error_max": 0.22618543962810797, "target": "912.xyz", "model": "5.xyz", "model_rescale": 4.2253639853439635, "target_rescale": 4.063255259207083},
{"mapping": [6, 12, 1, 4, 11, 9, 3, 5, 13, 8, 2, 0, 7, 14], "R": [[0.377193512972691, 0.4963918532466024, -0.7818696705984471], [-0.7068788220538852, -0.39114494359454843, -0.5893453690597134], [-0.5983706081543716, 0.7749843618621096, 0.20335155314417053]], "T": [0.04285629508144982, 0.0445740330629041, 0.020656035759785953], "aligned_model": [[0.4159014197012515, -0.046355086835496315, -0.41357434261486054, 0.059857755869101734, -0.1503417452844446, -0.5423104357005993, 0.1791907582703825, 0.6239702658601914, -0.43268460758280225, 0.4180916653906197, -0.6380732324969448, 0.032516769824565396, 0.7533180155900188, 0.11455495276680057], [-0.2219619011843012, 0.22272794076919095, -0.39326345016310316, -0.8370690326041414, -0.390616728022146, 0.15612545115300025, -0.38203185354916136, -0.27731085807303657, 0.582772532846355, 0.5423888275430998, -0.04341248115972378, 0.23347954491186368, 0.23140122311539857, 0.021869931051695764], [-0.42299209225502266, -0.6845036767568519, 0.24398160093525853, 0.0815638790565075, -0.4953509558081672, 0.4043559058517136, 0.5702355135622175, 0.11990665244545617, -0.15460155014287263, -0.34103467044747987, -0.1500113423343419, 0.7846499463494122, 0.4854288306964258, 0.0299301677791937]], "inverted": true, "swapped": true, "error_lsq": 0.041405778617103754, "error_max": 0.23947052030121813, "target": "912.xyz", "model": "6.xyz", "model_rescale": 3.89814844738969, "target_rescale": 4.063255259207083},
{"mapping": [3, 1, 11, 0, 6, 2, 9, 7, 10, 13, 12, 8, 14], "R": [[0.9409815842137875, 0.2323598330729677, -0.24609462843551289], [0.29774339816002826, -0.9140486254445913, 0.27543416486516725], [-0.16094262028011547, -0.3324515277407458, -0.9292865299143287]], "T": [0.0015272142079923168, 0.06866394385345498, -0.042386664062030344], "aligned_model": [[0.11455429777944985, -0.13012530761778407, 0.3628473904538255, -0.4515759798358586, 0.6037065214862595, -0.3220524552980497, -0.6205660679774289, 0.15692993658012422, -0.29896783539694294, -0.5665625945838142, 0.13890506144646916, 0.10264126206262153, 0.05889757180535062], [-0.4571687497654223, 0.14400017681660937, 0.6114326246047272, -0.5629791839237684, 0.23349273830156855, 0.5908740039145948, 0.07409366167348501, -0.7157597311042148, -0.3001643205772256, 0.47077030800139263, 0.7012665228365917, 0.15253487651323966, 0.021388338178907465], [-0.5042763992451373, -0.6957601884003857, -0.302827801586846, -0.1656885224687523, 0.08891177898024494, -0.3932810253903503, -0.3815914376498874, 0.29849967800722393, 0.5119540994870162, 0.2068049043164591, 0.3009630262001051, 0.6662620046535466, -0.027695086066941266]], "inverted": true, "swapped": true, "error_lsq": 0.04795676640682635, "error_max": 0.2139988425720522, "target": "912.xyz", "model": "7.xyz", "model_rescale": 3.7474275329858107, "target_rescale": 4.063255259207083},
{"mapping": [1, 3, 6, 2, 8, 4, 9, 13, 11, 0, 12, 5, 7, 10, 14], "R": [[-0.27208467733657954, 0.7293220396595003, -0.6277414203520075], [-0.8797737546154266, 0.07574001820304607, 0.46932034936967904], [0.38983082106027056, 0.6799653021364463, 0.6210306907407771]], "T": [0.043315757889041406, -0.05087949045817487, 0.018434864226572614], "aligned_model": [[0.6033413351254331, -0.08949657973359079, 0.10353451366851628, 0.011251043740278632, -0.5420443247558201, -0.3490569677529297, -0.6159994251789768, 0.04871008855534727, -0.08518062082367758, 0.5066522394417319, 0.4234669920472825, -0.46147488855907515, -0.19127066718285995, 0.43261516072888956, 0.047724703126126075], [-0.496339702013772, -0.06330124575364683, 0.5388928509419801, -0.800650568502587, -0.3363896424031624, -0.7081455848919582, 0.2421840706346725, -0.5916310423416602, 0.280424209650125, 0.09188774026963771, -0.07854160855294232, 0.2804339256036502, 0.5882798322989704, 0.5889375820222061, -0.10937769869475207], [-0.21121350352669838, -0.6860799475092799, -0.5432415418735016, -0.36288479234062354, -0.18416780761877988, 0.18051747009647212, 0.26288870163552663, 0.736536868836526, 0.5285392599556569, -0.427827458090298, 0.5035765602184064, -0.366843330871235, 0.03638482881232566, 0.13819900075932154, 0.029862888604654587]], "inverted": false, "swapped": false, "error_lsq": 0.04421124912435705, "error_max": 0.34442125399591084, "target": "912.xyz", "model": "8.xyz", "model_rescale": 4.019505241142653, "target_rescale": 4.063255259207083},
{"mapping": [9, 10, 3, 1, 2, 11, 5, 13, 12, 8, 7, 6, 14], "R": [[-0.8666136494119883, 0.15437718729745187, -0.4744981208550386], [-0.43724992702040477, -0.6930980868221581, 0.5730859825227929], [-0.24040233770387098, 0.7041184034561173, 0.6681496763008438]], "T": [0.01746166627837562, -0.06828366352123771, -0.01830656121199177], "aligned_model": [[-0.21252830248189508, -0.6704300987289427, 0.058161445881114604, 0.3158123367700713, 0.2653244990746816, 0.6823272842080753, 0.16128971178701704, -0.27788101774094165, 0.26202555751157347, -0.24602388120720456, -0.4755064101106945, 0.4344627635263648, 0.022666883251956486], [-0.594369847180512, 0.08964707683396039, 0.252985514866477, -0.36346296319680604, -0.725769157702219, -0.22970447059854038, 0.5816889379245115, -0.6817423456632679, -0.3089508135937672, 0.11265131308132087, 0.6402553161804075, 0.28283517966182736, 0.007314487500666433], [-0.4335502891996575, 0.17007615163113482, -0.6489783567800553, -0.5415282687764672, -0.10083439420480468, 0.13941702554498997, -0.10776675226548564, 0.2697093081305597, 0.6291619952692799, 0.6276649708226524, -0.12140358381077394, 0.3131347964886383, -0.018399108806131898]], "inverted": false, "swapped": true, "error_lsq": 0.051370466300047816, "error_max": 0.32358396875185486, "target": "912.xyz", "model": "9.xyz", "model_rescale": 3.877068213659057, "target_rescale": 4.063255259207083},
{"mapping": [3, 1, 0, 4, 7, 2, 9, 13, 10, 5, 6, 8, 11, 12, 15], "R": [[0.9035177487485125, -0.42635757737588004, 0.043300045156913436], [0.38261589946921787, 0.7570345694137018, -0.5296260323907548], [0.19303044104436373, 0.4950938061890716, 0.8471253578446561]], "T": [-0.004906874802203861, -0.08315989717246564, 0.07689369157338428], "aligned_model": [[0.5457753187394054, -0.01766435455180192, 0.08313808704278514, 0.03976118275457001, -0.48401801305204994, -0.487488692832229, -0.5930423186893927, 0.09063018472775254, -0.06923792938382259, 0.4929281796261654, 0.4581823630357441, -0.6345212540257406, -0.12875654945419757, 0.5382726902142085, 0.008813708295278017], [-0.3810727425267329, -0.07752700284307418, 0.5264704703429819, -0.6646076260278997, -0.423042983872609, -0.524050355535193, 0.03619693492169693, -0.6393172401690839, 0.34378932557165043, -0.024314129311600957, -0.025403509114657635, 0.22302788807255602, 0.6438035541666607, 0.42537370053807655, -0.012663165946010468], [-0.026829020584325944, -0.7906961466654848, -0.4274523556307998, -0.2666379415958677, -0.48986778735485775, 0.19128665718335952, 0.35165895534542374, 0.6052876507089737, 0.6397317287337119, -0.5228503175085719, 0.48002782875607475, -0.24738660300186005, 0.10588808360710734, 0.00947888710371654, 0.022607577991873747]], "inverted": false, "swapped": false, "error_lsq": 0.031190494908205014, "error_max": 0.18002308553030535, "target": "912.xyz", "model": "10.xyz", "model_rescale": 4.260839863003843, "target_rescale": 4.063255259207083},
{"mapping": [7, 6, 12, 8, 13, 10, 0, 3, 11, 2, 9, 14], "R": [[0.369986993746691, 0.8412338604656103, 0.3942527317145852], [-0.9216509123801032, 0.2789512951550269, 0.2697142388533774], [0.1169154402429794, -0.46315415029713347, 0.8785323061193202]], "T": [0.07133886934737028, -0.02616967923341857, -0.007455705031298061], "aligned_model": [[0.331786911185502, 0.15694216163751606, -0.4576160131387796, -0.4296631505323339, -0.5794246578595933, -0.25107764322146103, 0.30350054196138715, 0.7370220455548062, 0.11784907396591912, -0.11289099201859974, 0.02986639337329762, 0.11260397818646985], [0.12931819237936426, -0.6499751447108701, -0.5003934905099467, -0.29040844904094404, 0.23579168752982277, 0.29463698986102643, 0.6790047023351007, 0.20502830427240953, -0.5363068904590367, 0.08574302360598482, 0.5780037891730117, -0.057364208902988816], [-0.8221116725710519, -0.11024942238905289, 0.17217228489100234, -0.4531194440747523, 0.22577180336555192, -0.579081385962133, -0.268815501013778, -0.08511310715043369, 0.4727281381697268, 0.6663906478437199, 0.36043540088314086, -0.06282966459643513]], "inverted": true, "swapped": true, "error_lsq": 0.050671740801457026, "error_max": 0.29338627559761427, "target": "912.xyz", "model": "11.xyz", "model_rescale": 3.890672605050136, "target_rescale": 4.063255259207083},
{"mapping": [11, 4, 5, 12, 6, 9, 1, 13, 2, 0, 7, 3, 10, 14], "R": [[-0.7012158244056177, 0.4412926132750082, 0.5599617817959223], [-0.19174986664205748, -0.8732099816490935, 0.44803606617229275], [0.6866792236888365, 0.2067973825204371, 0.6969264569068913]], "T": [0.1470626921049466, -0.02785036552516503, 0.16799756951232936], "aligned_model": [[0.5024144726926265, 0.09583336590742808, 0.33876542540617743, 0.7225207614918153, 0.7138803057061077, -0.47085891116588297, -0.2720623023461341, 0.07442170455870445, -0.033201572183184175, -0.5254610528268197, 0.0848102559605649, -0.2711456120108191, 0.07652415541627666, 0.17343483818683225], [-0.3435045531908892, 0.20321645852752335, 0.5849454293689947, -0.47422235846646665, 0.13938949686113933, -0.37189398560356196, -0.22015540092078795, -0.6321415245665202, -0.6724033973743201, 0.282799980476316, 0.7594147230821695, 0.43853590824230143, 0.19543778737927378, 0.04273395601259273], [-0.348787920342285, -0.6836343869350027, -0.029196220687032842, 0.24891579951179796, -0.07236954986794839, 0.2115440009985462, -0.3190937044747526, 0.5876015241231964, -0.06132793345982007, 0.433867967713403, 0.5313325673012816, -0.16397069520071095, 0.8599455164176625, 0.15996347025852545]], "inverted": false, "swapped": true, "error_lsq": 0.05181427980021352, "error_max": 0.3471900011001237, "target": "912.xyz", "model": "12.xyz", "model_rescale": 4.124412569039231, "target_rescale": 4.063255259207083},
{"mapping": [10, 13, 12, 0, 8, 7, 9, 5, 2, 1, 6, 11, 14], "R": [[0.815430553167565, -0.35682361094370335, -0.45579592323093004], [-0.017811591337912352, -0.8025036754507091, 0.5963812523060347], [-0.5785808155952377, -0.4781890437485992, -0.6607416123296233]], "T": [0.10629392726389997, 0.09170819567346461, -0.06294237200084547], "aligned_model": [[-0.06879959076722925, -0.06552434474964394, 0.6373218071814298, -0.5853739850532353, 0.5152481168582967, 0.022355964491902858, -0.5262323335207845, 0.3582688002171322, -0.064110300664655, -0.23367784028159339, 0.713010381951696, 0.5277431317603856, 0.13706850008605587], [-0.29003144956865207, 0.57850536147534, 0.5105168377305462, -0.2783558261058465, -0.07047271091606022, -0.7597696005527492, 0.4108047789255996, -0.4552442318776893, 0.7708725877839284, 0.3909394382837436, -0.009305407930611714, 0.5237701882035338, 0.02525541105739497], [0.5347551675675103, 0.46622584082174806, 0.21911510040450588, 0.0012994559842145065, 0.5079298939589924, 0.09072606035778667, -0.04962651772169903, -0.36044148205736365, -0.16409636229290248, -0.5576996433212276, -0.2324095553628998, -0.42166608089425345, -0.08241379647657261]], "inverted": true, "swapped": true, "error_lsq": 0.04282056460378744, "error_max": 0.2738451582461954, "target": "912.xyz", "model": "13.xyz", "model_rescale": 3.9028299243045295, "target_rescale": 4.063255259207083},
{"mapping": [1, 3, 0, 6, 7, 9, 10, 11, 13, 2, 12, 4, 5, 8, 15], "R": [[-0.27317837556464386, -0.33606752104484794, 0.9013502074236368], [-0.7457806733847826, 0.6658208316245122, 0.022221777169785295], [-0.6076057622583932, -0.6661390556585118, -0.43252051534786573]], "T": [0.023059064177699547, -0.028668677043213173, -0.019529642916859852], "aligned_model": [[0.46305950918479477, -0.10311708838859945, 0.13266712042754508, 0.05624194180591558, -0.7710170725678189, -0.34457421477863065, -0.6743575322292135, 0.19898494520792298, -0.14247937626279517, 0.658832627685869, 0.42003941456195404, -0.44126398043308246, -0.048450924426945284, 0.4891034654648126, -0.050896232805053586], [-0.5049975273294309, -0.09117983333533196, 0.5073724765699468, -0.6073006802138935, -0.4026256092559159, -0.6998004069734978, 0.06045364218921492, -0.540198164692156, 0.3079538532261884, 0.01739574299708068, 0.09869193487314616, 0.3682974635551837, 0.44072352728842284, 0.5871577690736915, -0.11528106970588838], [0.021812714555521584, -0.6268692341677016, -0.6423156132814244, -0.34891112962829285, -0.24364402830643497, 0.10405607530439376, 0.2274924316428936, 0.48370425497484226, 0.681850174761685, -0.38806704224867705, 0.5376293693067344, -0.3131029171509021, 0.17193605557141758, -0.011309919710858457, -0.020013994534723214]], "inverted": true, "swapped": false, "error_lsq": 0.04536186224899421, "error_max": 0.3275322165233122, "target": "912.xyz", "model": "14.xyz", "model_rescale": 3.942246331269136, "target_rescale": 4.063255259207083},
{"mapping": [4, 5, 1, 10, 9, 6, 7, 11, 8, 3, 13, 2, 0, 12, 14], "R": [[-0.19968417230810293, 0.8617217835804263, -0.46643520346624445], [0.8285817789593601, 0.4025966031654871, 0.38906067739640987], [0.5230472893593561, -0.30879045131380006, -0.7943991378842564]], "T": [0.027177159843655353, -0.10756661789027969, -0.03088998223079916], "aligned_model": [[0.4860079134637367, -0.10251409069057393, 0.2722610826722254, 0.023482348735483043, -0.617345960394223, -0.3506783172848455, -0.7943657328333679, 0.15588369895421736, -0.23365363080350968, 0.5329828461203118, 0.702014623346037, -0.522878937757948, -0.3275943781603852, 0.6126247158286183, 0.006546421250898261], [-0.46616306782861605, 0.08871270644803003, 0.5437099134024691, -0.8052405861558187, -0.4939524520937473, -0.35918058344394654, 0.046186673654195515, -0.5054645102105478, 0.1413036742386591, 0.02701771244533152, -0.06901091701133441, 0.3096905475721281, 0.526540944216806, 0.45486242459890547, -0.012349361565753142], [-0.09832070628634443, -0.6203254448229973, -0.44611785501737317, -0.18001375102253891, -0.3197813817879365, 0.2957673919103215, 0.14912865280498727, 0.5515384843930599, 0.6538521609397688, -0.5234299260515641, 0.42081534460155184, -0.35643977258714166, 0.08208009508666345, 0.06398356265227262, -0.03848965772425569]], "inverted": true, "swapped": false, "error_lsq": 0.04814234254614227, "error_max": 0.2712574495760339, "target": "912.xyz", "model": "15.xyz", "model_rescale": 4.355366556412066, "target_rescale": 4.063255259207083},
{"mapping": [9, 1, 2, 10, 13, 0, 8, 7, 11, 3, 6, 14], "R": [[0.8853942236991135, 0.10396611361540059, 0.4530652445950297], [0.42232743673548634, 0.22729421403738898, -0.877483262772322], [-0.1942076332708843, 0.9682604956750201, 0.1573372419183917]], "T": [0.033422989687260395, 0.052551290185731445, -0.09460468325046706], "aligned_model": [[-0.22606681557025224, 0.34811401371543255, 0.15516907195310473, -0.6304380802102754, -0.42132733055144955, -0.41606740784846713, -0.2903949068796998, -0.2846920142943105, 0.6178999981253293, 0.2397009768216307, 0.4523578087697958, 0.05355324060094173], [-0.5915313748820312, -0.49853760032980565, -0.5678103112736724, 0.34422449985408476, -0.2886186120236337, -0.12767050670001534, 0.5689003341988622, 0.6390346853942284, -0.05743668812280571, -0.012284713551238766, 0.48856312921922307, 0.11594358595778476], [0.0465051092065103, 0.12259451323272358, -0.41219463436093673, -0.00605828722882934, -0.5671692193315823, 0.5258446539704953, -0.47926941298378367, 0.4626332170673792, -0.46779226063870627, 0.5805715570082424, -0.2981114996512793, -0.05829527508081205]], "inverted": true, "swapped": true, "error_lsq": 0.05042303587367796, "error_max": 0.30859857046203193, "target": "912.xyz", "model": "16.xyz", "model_rescale": 3.795458400668931, "target_rescale": 4.063255259207083},
{"mapping": [3, 1, 11, 0, 6, 2, 9, 7, 10, 13, 12, 8, 14], "R": [[0.9409815842137875, 0.2323598330729677, -0.24609462843551289], [0.29774339816002826, -0.9140486254445913, 0.27543416486516725], [-0.16094262028011547, -0.3324515277407458, -0.9292865299143287]], "T": [0.0015272142079923168, 0.06866394385345498, -0.042386664062030344], "aligned_model": [[0.11455429777944985, -0.13012530761778407, 0.3628473904538255, -0.4515759798358586, 0.6037065214862595, -0.3220524552980497, -0.6205660679774289, 0.15692993658012422, -0.29896783539694294, -0.5665625945838142, 0.13890506144646916, 0.10264126206262153, 0.05889757180535062], [-0.4571687497654223, 0.14400017681660937, 0.6114326246047272, -0.5629791839237684, 0.23349273830156855, 0.5908740039145948, 0.07409366167348501, -0.7157597311042148, -0.3001643205772256, 0.47077030800139263, 0.7012665228365917, 0.15253487651323966, 0.021388338178907465], [-0.5042763992451373, -0.6957601884003857, -0.302827801586846, -0.1656885224687523, 0.08891177898024494, -0.3932810253903503, -0.3815914376498874, 0.29849967800722393, 0.5119540994870162, 0.2068049043164591, 0.3009630262001051, 0.6662620046535466, -0.027695086066941266]], "inverted": true, "swapped": true, "error_lsq": 0.04795676640682635, "error_max": 0.2139988425720522, "target": "912.xyz", "model": "17.xyz", "model_rescale": 3.7474275329858107, "target_rescale": 4.063255259207083},
{"mapping": [7, 8, 10, 6, 3, 1, 0, 13, 5, 9, 11, 12, 2, 14], "R": [[-0.8428109697817207, 0.39593107564005037, -0.36456584118387775], [-0.3651574937430445, -0.9182711072202584, -0.15309532457844344], [-0.3953854751744101, 0.004093529894024395, 0.918506161674549]], "T": [-0.005483447570546415, -0.04739134905730047, 0.02087044141552402], "aligned_model": [[0.5758617716662608, 0.11580521786053603, 0.6313234025335327, -0.44618345616947175, 0.1421332138502595, -0.2027092516607833, 0.6797775289659495, 0.14043908786439643, -0.048296135394161, 0.2546824123016688, -0.7027904048540048, -0.4229760512690967, -0.30041857218738455, -0.0018011156248252148], [-0.4955338188344474, 0.31664399011923494, 0.13540808445538716, -0.18014705805684783, -0.7019614315676949, -0.2579744469667402, -0.30938199297880764, 0.6506196947013734, -0.6025327566683931, 0.1076537368321484, 0.006779730513844576, 0.49063046041574376, 0.30249624299798505, -0.1022921934515529], [-0.4448334011890543, -0.5892186104119135, -0.2868415154209339, -0.4209294622598985, 0.24970356646516517, 0.6263963598387667, 0.30592690975351317, 0.21580425873689268, -0.35481440843233786, 0.6614671622150525, 0.08258104134939584, -0.24964788336018318, 0.5604313252383901, -0.031230623861200082]], "inverted": true, "swapped": true, "error_lsq": 0.03512203761505709, "error_max": 0.2582858214515434, "target": "912.xyz", "model": "18.xyz", "model_rescale": 3.922800546911778, "target_rescale": 4.063255259207083},
{"mapping": [1, 10, 4, 2, 9, 3, 7, 0, 12, 6, 5, 11, 13, 8, 14], "R": [[-0.6980276574635654, -0.5464334731350098, -0.46278272315800467], [-0.17031259141405408, -0.5010440172525207, 0.8484977984540005], [-0.6955221136827767, 0.6710926554605308, 0.2566780808039058]], "T": [0.06489580005798028, 0.001436193223414782, -0.0046860589142762], "aligned_model": [[0.6561493453659866, -0.09912026379384682, 0.08197432247589377, -0.06857931612858555, -0.5479408822123334, -0.28392688803843413, -0.6996216848594201, 0.16402822941774603, -0.17245932567078165, 0.5425574833822446, 0.45023039873427423, -0.47223731051981027, -0.18804679079072334, 0.5088906912784197, -0.029125406193954123], [-0.42685952486914486, -0.12833754958743224, 0.4639676690875088, -0.6310743375794425, -0.4532849616510402, -0.34992671294694, 0.08401700567683182, -0.6932179333969248, 0.24197678089515065, 0.10199615817254812, -0.10715546887398986, 0.2836191459177887, 0.6387053379621557, 0.4059121684227593, -0.003674658963066943], [-0.12701776764156342, -0.7836970689383476, -0.5611391988992789, -0.31330197647242297, -0.2882403889615188, 0.4003029335556666, 0.2118882787362445, 0.44926442461387517, 0.7055370148726382, -0.49202042220745806, 0.6451283901183826, -0.37765310236250993, 0.036808877148869545, 0.11218299634975956, 0.0162042071761372]], "inverted": false, "swapped": false, "error_lsq": 0.038484424108115416, "error_max": 0.24070434693601317, "target": "912.xyz", "model": "19.xyz", "model_rescale": 3.9282355846067225, "target_rescale": 4.063255259207083},
{"mapping": [12, 13, 10, 2, 11, 9, 1, 0, 4, 5, 8, 6, 7, 14], "R": [[-0.7102414509912398, 0.6450402158303108, -0.28192233195588545], [0.4246188084718463, 0.7119769647268355, 0.5592742343343846], [0.5614765790180458, 0.2775102190189557, -0.7795717603622154]], "T": [-0.020426666613644666, -0.10947600539808433, 0.03190976873392363], "aligned_model": [[-0.5824266173194234, -0.07832524485166889, 0.5283310625190973, -0.39078710595547095, -0.7017757466563952, 0.1992609461853778, -0.13325434081844365, 0.7181255771747049, -0.32962453940038544, 0.09028854167566852, -0.024837340530844874, -0.41443068371376013, 0.6542480883573106, -0.0022697775810902703], [-0.5682081330955469, -0.7066826419199476, -0.558513940069172, -0.15173601835438405, 0.05874649283245173, -0.09758023389782616, 0.34524166194621086, 0.03248544340155016, 0.7176287346609432, 0.26804941652634634, -0.6817896092169695, -0.02145730202305643, -0.03373311333281642, -0.07956867003294744], [0.13519866492300983, -0.3999513022421196, 0.20756606254533483, -0.5694064861887012, 0.01083089551946232, -0.6416518508701814, -0.448097164283702, -0.2001816439839703, 0.07175615776481772, 0.5763091749997211, 0.46994972642108035, 0.5259151058547169, 0.5748195176522803, 0.09912629913193363]], "inverted": true, "swapped": true, "error_lsq": 0.04614043156716596, "error_max": 0.3577272310463032, "target": "912.xyz", "model": "20.xyz", "model_rescale": 4.067790424073018, "target_rescale": 4.063255259207083},
{"mapping": [7, 2, 3, 8, 4, 5, 13, 1, 10, 0, 9, 6, 11, 12, 14], "R": [[-0.843145562104121, -0.15070570086026264, 0.5161330766695185], [-0.43673667200858135, 0.7518773498550972, -0.49390437343451893], [-0.31363456510243726, -0.6418475227833265, -0.6997607570233646]], "T": [-0.05345174263557199, -0.04294972155544108, -0.06562621237300141], "aligned_model": [[0.5244610057800012, -0.07848346948186977, 0.0946057380008321, 0.017693418819134922, -0.48724651425249926, -0.4512383253734176, -0.4639530108250646, 0.103618749235208, 0.022025794973111433, 0.47794466819705633, 0.49712171363463536, -0.6437940172992342, -0.19167867634641292, 0.45461064086329867, -0.032915113478104274], [-0.49790632256232686, -0.005797472561052619, 0.6454082901739708, -0.6039881215131009, -0.49861716354852004, -0.45242331524710255, 0.053409378875252295, -0.5305741297455886, 0.20692585087083054, -0.15692363509283064, -0.017680854895227784, 0.22887722090624607, 0.5613351665836082, 0.5053943865524204, -0.010776160529817266], [0.059654686521466285, -0.8084014506414047, -0.5431063132843917, -0.13871640665093538, -0.5622767667485912, 0.08458474435409309, 0.4932361478340567, 0.5753545973237464, 0.7110025027636728, -0.5228852539546096, 0.4823521203166011, -0.41941006558317157, 0.11812727124791779, 0.10231788688186318, 0.002413496708160559]], "inverted": true, "swapped": false, "error_lsq": 0.04286630108671711, "error_max": 0.2985290168267643, "target": "912.xyz", "model": "21.xyz", "model_rescale": 4.186013935880536, "target_rescale": 4.063255259207083},
{"mapping": [2, 13, 12, 4, 3, 11, 1, 9, 8, 10, 0, 5, 14], "R": [[0.9669220649735649, -0.1444649790105868, -0.21021795857330536], [-0.22967832763758556, -0.1346344734770717, -0.9639094482186352], [0.1109485740370696, 0.9803078232835962, -0.16336151789242923]], "T": [0.04511040421968265, 0.043789048959173744, 0.025939565408335228], "aligned_model": [[-0.09691175419650094, -0.31464059000790817, 0.43176120040650545, 0.4517773391027416, -0.08090733850555026, 0.5540714040564458, -0.107132069443831, -0.5600088276115235, 0.2315031345835758, -0.3186368981993588, -0.6148812487854124, 0.4000547310191699, 0.08252495300487164], [-0.4059924666461519, 0.20838735338358383, 0.24464057795069866, -0.6463375128488192, -0.297993528587821, -0.3288927382932983, -0.6094056978822847, -0.2825774902243561, 0.7177615612170323, 0.6664601277517482, 0.061044399532879406, 0.12433076186459097, 0.06753131232829095], [-0.5013746643420982, -0.598559127164504, -0.5632187586107363, 0.39962478460044454, 0.634151262903906, -0.2823568549041328, 0.0339238448389521, -0.1455393235838707, -0.1485887202059276, 0.1425323320378418, 0.4544161277167837, 0.5904584512247782, 0.08741020682390899]], "inverted": true, "swapped": true, "error_lsq": 0.040737044435358305, "error_max": 0.20823302339940403, "target": "912.xyz", "model": "22.xyz", "model_rescale": 4.166573947596378, "target_rescale": 4.063255259207083},
{"mapping": [4, 2, 6, 3, 11, 9, 14, 8, 10, 1, 7, 12, 13, 5, 15], "R": [[0.8373314106005894, 0.04094605876962852, 0.5451600949197046], [0.12578915084354758, -0.9848658214953474, -0.11923255922923864], [0.5320274413521229, 0.1684123924226742, -0.8298096575280289]], "T": [-0.032133853701077665, -0.10234578077276199, -0.032912835178018185], "aligned_model": [[0.5068174020522573, 0.17499946384501183, 0.05796084796967873, -0.07397851922713228, -0.6204830691857426, -0.4370454254728702, -0.6421747442505709, 0.25877958301612214, -0.12460627830987933, 0.5481638186132876, 0.3846123150110058, -0.5408732642551706, -0.08741256052402438, 0.41673558589253096, 0.02127744727217102], [-0.5858387946929279, -0.24166003052841944, 0.3722967571436515, -0.6557914300204076, -0.4318014460763826, -0.4538445977700504, 0.2877938893971793, -0.676829808688008, 0.20699225954277192, 0.11707368389354791, 0.15916100783540824, 0.16962052498330402, 0.6358627773252108, 0.5890627889668216, -0.0654344630449383], [-0.15789108439319666, -0.6578100809444407, -0.6208797032054498, -0.26394008316389755, -0.44205522196326913, 0.23716931339329567, 0.28586437987587565, 0.4563893354985982, 0.6428830368164717, -0.38392390466047893, 0.4860539055923873, -0.3437180730870486, 0.37794666418720135, 0.0744761637507762, -0.056317450608351]], "inverted": true, "swapped": false, "error_lsq": 0.04275487659921373, "error_max": 0.2670392713048979, "target": "912.xyz", "model": "23.xyz", "model_rescale": 4.274766983524099, "target_rescale": 4.063255259207083},
{"mapping": [9, 3, 4, 2, 6, 12, 13, 8, 10, 7, 14], "R": [[-0.8364569191898754, 0.4845017060184236, -0.25612090739457316], [0.5280272686566359, 0.8376150680777272, -0.13995785538567465], [0.1467209115783955, -0.2523075397097391, -0.9564590317997019]], "T": [-0.06986440104328775, 0.10385225256219816, -0.003374536870095951], "aligned_model": [[0.23463298033659977, 0.16422738379660637, -0.5048426561271003, -0.34439595166996784, -0.5359829433502451, -0.563559264998246, 0.023643819139420735, -0.04572111709470522, 0.5123719401305343, 0.5053123422624433, -0.06579182846726479], [-0.27209358107874115, 0.6338911443634552, 0.6799329132833449, -0.38699674625749125, 0.4037152552793064, -0.28581833257920725, -0.6268462782893935, -0.04239589657785048, -0.005049111910549631, 0.6445914826310131, 0.17265568237959722], [-0.5210959744226037, -0.4118804489634734, -0.513490504303078, -0.43259905880113325, 0.312605549302743, 0.3726173806376458, 0.058656636437396256, 0.7019409247528704, 0.42413754652013425, 0.36055788156624113, 0.028116501294834867]], "inverted": true, "swapped": true, "error_lsq": 0.0539961581856145, "error_max": 0.24827811399765615, "target": "912.xyz", "model": "24.xyz", "model_rescale": 3.7841303162186577, "target_rescale": 4.063255259207083},
{"mapping": [8, 12, 14, 2, 5, 4, 3, 1, 7, 9, 0, 13, 11, 10, 15], "R": [[-0.4547994044771659, 0.44529095487972076, -0.7712804076271625], [0.46074851114839793, 0.8587690021946202, 0.22411294104578483], [0.7621471715894182, -0.25343986736889546, -0.5957347752702429]], "T": [0.04549026054324605, -0.013693551914066262, 0.054708985652823935], "aligned_model": [[0.42662361069325766, -0.22751034855467833, 0.18728393956767658, 0.08528139583099442, -0.517486366912567, -0.3838372072396629, -0.758362014978401, 0.22520218739363662, 0.1819099803846116, 0.3448812043702526, 0.5073627180025472, -0.4389928366435086, -0.3303925474715697, 0.5539042220159246, -0.013095334011838926], [-0.4625838192233875, -0.04492697179632332, 0.42445462166342357, -0.6395536818846401, -0.4942340322290723, -0.6018489265885435, -0.04153632064462853, -0.5696646441498561, 0.3474272420888747, -0.04099134935626686, -0.09414280836049131, 0.4614108735103432, 0.6209186515604206, 0.5747385521299173, -0.01280426845300859], [0.10660003456550075, -0.6521623232448825, -0.5912164689392584, -0.36422870803556967, -0.415904347308308, 0.2173605257838534, 0.009452085612743397, 0.5147482902226254, 0.577955574057706, -0.4470485270316425, 0.6217466383085506, -0.3345877016609933, 0.2677982509921169, 0.031949196830715634, 0.0917846769353161]], "inverted": false, "swapped": false, "error_lsq": 0.044044458068985756, "error_max": 0.2870587178842225, "target": "912.xyz", "model": "25.xyz", "model_rescale": 4.19342608120988, "target_rescale": 4.063255259207083},
{"mapping": [9, 1, 2, 10, 13, 0, 8, 7, 11, 3, 6, 14], "R": [[0.8853942236991135, 0.10396611361540059, 0.4530652445950297], [0.42232743673548634, 0.22729421403738898, -0.877483262772322], [-0.1942076332708843, 0.9682604956750201, 0.1573372419183917]], "T": [0.033422989687260395, 0.052551290185731445, -0.09460468325046706], "aligned_model": [[-0.22606681557025224, 0.34811401371543255, 0.15516907195310473, -0.6304380802102754, -0.42132733055144955, -0.41606740784846713, -0.2903949068796998, -0.2846920142943105, 0.6178999981253293, 0.2397009768216307, 0.4523578087697958, 0.05355324060094173], [-0.5915313748820312, -0.49853760032980565, -0.5678103112736724, 0.34422449985408476, -0.2886186120236337, -0.12767050670001534, 0.5689003341988622, 0.6390346853942284, -0.05743668812280571, -0.012284713551238766, 0.48856312921922307, 0.11594358595778476], [0.0465051092065103, 0.12259451323272358, -0.41219463436093673, -0.00605828722882934, -0.5671692193315823, 0.5258446539704953, -0.47926941298378367, 0.4626332170673792, -0.46779226063870627, 0.5805715570082424, -0.2981114996512793, -0.05829527508081205]], "inverted": true, "swapped": true, "error_lsq": 0.05042303587367796, "error_max": 0.30859857046203193, "target": "912.xyz", "model": "26.xyz", "model_rescale": 3.795458400668931, "target_rescale": 4.063255259207083},
