[{"mapping": [9, 0, 12, 11, 4, 1, 5, 6, 3, 8, 2, 2, 7, 13], "R": [[0.34526543522706704, 0.2541763408381384, 0.9034302225382982], [0.5517708929787, -0.833659615127862, 0.023675467605806993], [0.759171035339832, 0.490312180006779, -0.4280809564066684]], "T": [0.051732228525788286, -0.06601652680571596, -0.12979641372928158], "aligned_model": [[-0.6362783745821667, -0.086339396199721, -0.20307938468686582, -0.12539964178481647, -0.2878626310038396, 0.3591884978407055, 0.6163570740609722, 0.36428468085930465, 0.4389432203118545, -0.146990222795219, 0.011358160851567649, 0.011358160851567649, -0.5813837691456324, -0.08582323091927158], [-0.2784649292907768, -0.7386879441847063, -0.4730923563643845, 0.34622673463906306, 0.5454330732337678, -0.5274769589735586, 0.25307393574451514, 0.4996589177321787, -0.06541273087265123, 0.6887426904028593, -0.1682621824676252, -0.1682621824676252, 0.32698212811472366, 0.01988107918882137], [0.005297102239473717, 0.22214367388169998, -0.45303025900958716, -0.6643444796288034, 0.5215168324155273, -0.2896995888866027, -0.5193876366225175, 0.2786990454557792, 0.22129842967952534, -0.16757263644104647, 0.6312384119964585, 0.6312384119964585, -0.0028685869980398238, -0.14528702755394793]], "inverted": true, "swapped": false, "error_lsq": 0.051508161547018524, "error_max": 0.39778403243636806, "target": "913.xyz", "model": "0.xyz", "model_rescale": 3.8414455957264533, "target_rescale": 4.031994412981618},
{"mapping": [11, 13, 12, 10, 4, 8, 6, 2, 9, 5, 0, 7, 3, 14], "R": [[-0.6464611660789696, 0.23331387412559945, -0.7263969967533752], [-0.035407339053755565, 0.9418933314189142, 0.33404082470517305], [0.762124846132805, 0.24166420580856332, -0.6006364379039663]], "T": [-0.031495674193622106, 0.029050137432482963, 0.0565241528667326], "aligned_model": [[-0.6651967611679257, 0.03462053290046145, -0.31472381925180865, -0.1428505763796723, -0.18831246150977138, 0.3032247267109276, 0.5314440640546955, 0.35569518473917844, 0.5690984498993955, -0.031465093822822435, -0.35185044232370716, 0.24305775602887741, -0.5810146473703695, -0.11339376884901929], [-0.5321848361964594, -0.7137470274762453, -0.4260718870787358, 0.17061795258920986, 0.3942118603603224, -0.4729643055999956, 0.39056782142617424, 0.627875478104735, -0.2387532118094841, 0.6091292568343253, -0.17966783431367245, 0.001761571884619055, 0.5858722251315052, 0.04369221057830274], [-0.04198289699915428, 0.19337450764295405, -0.4865553114097039, -0.6037333271221548, 0.4278496787498912, -0.45361911103631947, -0.3465031279026912, 0.24651409403750094, 0.23839703218953737, -0.25625532101433546, 0.6724194364285224, 0.6368953705184359, 0.01971460506549469, 0.02272606337640004]], "inverted": true, "swapped": false, "error_lsq": 0.03870163424094532, "error_max": 0.2617918324233314, "target": "913.xyz", "model": "1.xyz", "model_rescale": 4.316132596720782, "target_rescale": 4.031994412981618},
{"mapping": [8, 11, 1, 3, 5, 6, 2, 9, 0, 7, 12, 13], "R": [[0.5502339337973938, -0.0334576704873048, -0.8343399800940912], [0.6864024020946728, -0.550865835140544, 0.47476159709224014], [-0.475493807001215, -0.8339229076842023, -0.28013965007299]], "T": [0.03255637239968084, -0.016115187353557506, -0.029231572755521257], "aligned_model": [[-0.19128190434390033, 0.3444472456227282, 0.24009147966486347, -0.4489888048260466, -0.470549486996837, -0.5393401484974519, -0.23040133675350188, -0.014556058144109561, 0.3949996867968163, 0.02452925304851499, 0.41926561396923245, 0.06959301509147242], [-0.6748473505982702, -0.4107873552870271, -0.5475052164428305, 0.4997769442608812, -0.3781871897868995, -0.11134113687224091, 0.24861852241586008, 0.6509856961479099, 0.13439650408477616, -0.06157158847827095, 0.6012327783307043, 0.06200581996638768], [0.12370999486363014, 0.16279797445727237, -0.6694585312255933, -0.07751007649415813, -0.38570212305991536, 0.42892792671877455, -0.6015874793054352, 0.5149123527728667, -0.628732348123094, 0.761815323316702, -0.053441875819716225, -0.12647267689191283]], "inverted": true, "swapped": true, "error_lsq": 0.047230591522968546, "error_max": 0.2390724875115178, "target": "913.xyz", "model": "2.xyz", "model_rescale": 3.795458400668931, "target_rescale": 4.031994412981618},
{"mapping": [12, 4, 10, 8, 2, 5, 11, 3, 7, 6, 0, 13], "R": [[-0.48244309052419, -0.3904502879822176, 0.7840900694563551], [0.03639129133980598, 0.8854468166855339, 0.4633137260389292], [-0.8751710337528829, 0.25205655602673377, -0.4129687085529029]], "T": [0.06079434437876581, 0.03473377589464991, 0.0641469803328045], "aligned_model": [[-0.1397522771613603, -0.16094849557266971, -0.7011476589759945, 0.14625134113927502, 0.1750726547343942, 0.3046034790731872, -0.2586776686720801, 0.6133357225072902, 0.3217032339504291, 0.7085178559230451, -0.430275818303618, 0.014621457101666846], [-0.24693218545069665, -0.5897414554196007, -0.1243635063708251, 0.14793493566039675, 0.5814410316058668, 0.6376150337156836, -0.16303185697838748, 0.1429852456772987, -0.6515131876740623, -0.12127557089587049, 0.3854525371050576, 0.08719802431484852], [-0.5774868917722282, -0.029710998634362218, 0.037703756674044714, 0.7622195834814758, -0.3293928804042172, 0.36142494579140005, 0.44982012079692535, -0.3640362839828568, 0.3622703896266599, 0.38377031386973437, -0.32220331529962276, -0.04560730950785233]], "inverted": true, "swapped": true, "error_lsq": 0.05899447798711543, "error_max": 0.37635792500509685, "target": "913.xyz", "model": "3.xyz", "model_rescale": 3.7530521520055578, "target_rescale": 4.031994412981618},
{"mapping": [5, 6, 3, 9, 2, 7, 0, 11, 10, 12, 13], "R": [[0.6457937175819576, -0.5076423093601782, 0.5703067245606877], [-0.09211980167943157, -0.7933004466155683, -0.60182085668252], [0.7579343088092907, 0.33611558599238633, -0.5590723534416433]], "T": [-0.17391566971576253, -0.07077924336830278, 0.009156241611013664], "aligned_model": [[-0.46611585348480045, -0.22927468891843575, 0.3906581915886679, 0.47017226880139507, 0.1412607734792947, -0.25266581192417015, -0.03579188448352352, -0.6067289936954682, -0.3779769746401649, 0.4005546060471218, -0.09589203032471165], [-0.6546694964736659, 0.04788979463832467, -0.29771600113709806, 0.44099324423211894, -0.6733666494306629, 0.6127151731348148, -0.40821925704882084, 0.21137077422007244, 0.1721296919128723, 0.1472577653528141, -0.13118168108642314], [-0.2823469639861321, -0.7180966562491572, -0.35156155140657636, -0.24886590852656645, 0.07529401723047871, -0.38393370807608496, 0.6259837395369248, 0.16075234348836467, 0.7204375071952472, 0.40119253089698975, 0.09397542714182833]], "inverted": true, "swapped": true, "error_lsq": 0.05065447106924969, "error_max": 0.30408973495798636, "target": "913.xyz", "model": "4.xyz", "model_rescale": 3.7855080009869324, "target_rescale": 4.031994412981618},
{"mapping": [4, 5, 1, 12, 8, 2, 14, 15, 9, 13, 7, 10, 6, 16], "R": [[-0.9032072586779285, 0.1852911136983782, 0.3871483579403597], [-0.42592199960325267, -0.27559292837347305, -0.8617650422734152], [-0.052982054749405816, -0.943247444213314, 0.3278370950023541]], "T": [-0.04783643781059501, -0.004906023497518286, -0.01910285066398023], "aligned_model": [[-0.6733802532973313, -0.11225876452235325, -0.36224272858540396, -0.050902633710725835, -0.08851898638955563, 0.42168343586064955, 0.48583374268154944, 0.48127466350756176, 0.643756805370272, -0.1884389466028744, -0.4805474328396562, 0.2250310847719603, -0.6541075576742758, 0.0011507150886231193], [-0.3988999573078111, -0.6841727928503585, -0.36915100645017473, 0.24504736419550927, 0.5194768696518024, -0.3917420405704675, 0.21963646950186483, 0.5542801762424139, -0.12092197852222825, 0.6883636822336288, -0.16403522273335883, -0.055499667673766184, 0.21769699981575574, 0.00026037890179153676], [0.0024493857010645173, 0.41627016698100716, -0.6035497821337377, -0.6520160875563951, 0.4485266881561085, -0.4382623330827455, -0.36906599990111555, 0.27529542237469784, 0.10399509170435248, -0.17554992961454563, 0.5714973225559645, 0.6546536872359578, 0.07555596455146127, -0.04055790444769723]], "inverted": true, "swapped": false, "error_lsq": 0.036660310224150276, "error_max": 0.22524341616741952, "target": "913.xyz", "model": "5.xyz", "model_rescale": 4.2253639853439635, "target_rescale": 4.031994412981618},
{"mapping": [7, 0, 12, 11, 2, 9, 8, 10, 1, 5, 3, 4, 6, 13], "R": [[0.4043967692234649, -0.5735949122535877, 0.7123567432673203], [0.8752864680702834, 0.016864546592851873, -0.48331065152887576], [0.26521095726736593, 0.8189654838300676, 0.5088798330060949]], "T": [0.03241490328522731, 0.025034539890878067, 0.010997777921046913], "aligned_model": [[-0.6106101585161746, 0.031922674906457255, -0.49175137627332977, -0.31562498820716467, -0.14185293233848748, 0.3619791409150924, 0.5675316823009784, 0.5068568042664686, 0.6766202960976748, -0.01956509414849486, -0.4815405175091573, 0.15796270002730692, -0.5825192023020458, -0.011075885560684423], [-0.43938830969400533, -0.7556255419923247, -0.40253913377579803, 0.2812697764726689, 0.5185198794229303, -0.3752197570295863, 0.24884060671862326, 0.6037701391903875, -0.16322910971045274, 0.6393835946309009, -0.1069915515525755, -0.02052606055467037, 0.21310173098550547, 0.0189730113229981], [0.025877384961283133, 0.1943887362367002, -0.6322550723874109, -0.6361231738932381, 0.43084840989769846, -0.31115178137949545, -0.44663280766692903, 0.23118511426417745, 0.3080869767627656, -0.13258002418469497, 0.4815595797203151, 0.706032521388434, -0.003311154340535395, 0.05331698314530729]], "inverted": true, "swapped": false, "error_lsq": 0.04454072039012781, "error_max": 0.24731512175609197, "target": "913.xyz", "model": "6.xyz", "model_rescale": 3.89814844738969, "target_rescale": 4.031994412981618},
{"mapping": [0, 10, 11, 2, 8, 4, 12, 5, 3, 9, 7, 6, 13], "R": [[-0.7330888691375608, 0.5523691925713953, -0.39682361956496204], [-0.23232154337677893, -0.7517271897955935, -0.6171976446852755], [-0.639224069031857, -0.3602700476310028, 0.6794100987991797]], "T": [-0.003513483285469618, 0.015907194187965178, -0.044671693903499746], "aligned_model": [[-0.18576881006140394, 0.0591137465224454, 0.3610499527675395, -0.2427785478072214, 0.6726803429851557, -0.22774074478969253, -0.6533913459060262, 0.4030450989732959, -0.4735253700009839, -0.6640675583421892, 0.041781345057944314, 0.14282098388327497, -0.08458729237791603], [-0.38614156508376984, 0.22123255783972104, 0.33443668640183244, -0.6236531979445339, 0.08812685559795991, 0.6075692693514938, 0.1296011973956357, -0.5020885303716169, -0.2463697681360503, 0.46618387708364406, 0.7343944000052947, 0.20082579077226026, -0.06033630744138525], [-0.609082799487883, -0.79332791067182, -0.2803618456432146, -0.021504661968704333, 0.16738723647604226, -0.2628611662022792, -0.35447989962859944, 0.23402786201515025, 0.4143063932362871, 0.2782137414076205, 0.2864029569472331, 0.6556390052795492, -0.11208388092308628]], "inverted": true, "swapped": true, "error_lsq": 0.053956425761328045, "error_max": 0.2989912336954761, "target": "913.xyz", "model": "7.xyz", "model_rescale": 3.7474275329858107, "target_rescale": 4.031994412981618},
{"mapping": [12, 13, 1, 0, 7, 2, 3, 5, 8, 6, 11, 9, 10, 14], "R": [[-0.36827533634319415, 0.9285827081273883, 0.04590676211750521], [0.9216566262636634, 0.3711250059305001, -0.11320465201293092], [-0.12215702970189515, 0.0006197902002320205, -0.9925105923638894]], "T": [-0.051790771931164895, -0.06577765295201365, 0.016229237860864405], "aligned_model": [[-0.5753779018549674, -0.20173498023709358, -0.16720304035550237, -0.22760032098977073, -0.1512533113404304, 0.48091825522621257, 0.4165762732614853, 0.3872586621532092, 0.6097717495186968, -0.052122482405834926, -0.356768253617361, 0.19368486331308737, -0.6711520603817828, -0.03666430863150878], [-0.3861057328269464, -0.9070025186618839, -0.36474902852290325, 0.2529891472088349, 0.48009812507236616, -0.48314862250858537, 0.3173017032078412, 0.46564104905613346, -0.14150338081130215, 0.7257745187757483, -0.05330166612419544, 0.10682703453909531, 0.3687806580658918, -0.12126201203549342], [0.07859154555669601, 0.2954590507381573, -0.6635486265450397, -0.5330356956657399, 0.4112032498471668, -0.48438244998341096, -0.3685006087149758, 0.21078314198014658, 0.16391457975235654, -0.18472634877202693, 0.5578130642505427, 0.7164361890159685, 0.06927665421942188, -4.2053154885726e-05]], "inverted": true, "swapped": false, "error_lsq": 0.0426484423149273, "error_max": 0.2643218411274417, "target": "913.xyz", "model": "8.xyz", "model_rescale": 4.019505241142653, "target_rescale": 4.031994412981618},
{"mapping": [2, 3, 12, 0, 1, 10, 4, 5, 8, 6, 9, 11, 13], "R": [[0.10585019951087354, 0.2819394323580214, -0.9535753204362752], [0.08440002420704616, -0.9580495432984737, -0.27389360799302354], [-0.9907938086087127, -0.05149008707724892, -0.1252054302153825]], "T": [0.007862026599006353, -0.05013019211146106, 0.0729427456454724], "aligned_model": [[-0.3454342204498221, -0.6740742272067722, 0.004335369574222689, 0.24431281363651391, 0.47932550386963685, 0.720461428777634, 0.29204934468818045, -0.2165957489891418, 0.16871812340536368, -0.43246458985557923, -0.3990348715360033, 0.47900887687003657, -0.0009070310430930109], [-0.48845882166945087, -0.0032410469497227215, 0.32966414201970756, -0.3711781472669897, -0.7634772869469892, 0.019518025359760695, 0.5496243576876529, -0.6674148297984526, -0.2912180988271492, 0.11370811009037504, 0.69402542124323, 0.026238058291493803, -0.08441165511940733], [-0.31418998609516646, -0.1090616963487552, -0.549144477721433, -0.5224053381483084, 0.008175053047188463, -0.2335177307552164, -0.013547543075634882, 0.35554012177125394, 0.7236536626355513, 0.6433051046838231, -0.0819866543095929, 0.32215333882716135, -0.05227036046699196]], "inverted": true, "swapped": true, "error_lsq": 0.05230186578590353, "error_max": 0.2848027518729514, "target": "913.xyz", "model": "9.xyz", "model_rescale": 3.877068213659057, "target_rescale": 4.031994412981618},
{"mapping": [0, 1, 8, 9, 6, 7, 2, 13, 4, 14, 12, 3, 10, 15], "R": [[0.4600215561472357, 0.797729592753785, -0.3898816034705354], [-0.16120458769385987, -0.3567668906288295, -0.9201795839169056], [-0.8731513321219455, 0.4861531472652594, -0.03552279011782017]], "T": [-0.04566103154105308, 0.03469409157911183, 0.07194344757245227], "aligned_model": [[-0.5747681602239625, 0.08268017458302021, -0.2610016921478179, -0.17107750034090013, -0.19165632223754256, 0.40467885397552905, 0.39998009051968375, 0.41624419757595343, 0.5779886771764293, -0.0406886091874305, -0.5687892267170231, 0.23183138872465672, -0.5494156592684325, -0.10767306877372328], [-0.5551365935049395, -0.8231431651130974, -0.35411248719515764, 0.26775317635107904, 0.439165457764897, -0.487959375153894, 0.200115292940552, 0.646075415165867, -0.21250344020063697, 0.7435306886871658, -0.09284888314812453, -0.002971294850636984, 0.5217850865013972, -0.029410603809869658], [0.14882936919660722, 0.09540375543141616, -0.558755196789011, -0.5327047776450561, 0.5139760981256662, -0.36430637837787494, -0.3910848176750271, 0.17438822512281937, 0.16163793371051072, -0.2552376953053074, 0.5898863949355664, 0.6414525502990033, -0.03843959989746257, 0.08419583139252756]], "inverted": true, "swapped": false, "error_lsq": 0.041411682990653856, "error_max": 0.24290582609555803, "target": "913.xyz", "model": "10.xyz", "model_rescale": 4.260839863003843, "target_rescale": 4.031994412981618},
{"mapping": [1, 8, 6, 5, 3, 2, 0, 10, 7, 9, 12, 13], "R": [[0.1891092500834535, 0.10236639949474746, -0.9766057606769252], [0.9784663414516197, 0.06412905145785866, 0.19619144580077386], [0.08271221299878576, -0.9926774828782998, -0.08803467957144159]], "T": [0.04252719119770697, -0.027936789499274486, -0.022967318776382195], "aligned_model": [[0.3769506569221541, 0.10971211609761453, -0.3988177608660017, -0.3117874595658313, -0.6043711719685905, -0.35776989836522527, 0.2566595151776596, 0.775452746344705, 0.13067760290169889, -0.20744200804235707, 0.15324664906149327, 0.03638766139681096], [0.02905812096248138, -0.6795744571342289, -0.5733015779070746, -0.2749729815345476, 0.19667294491553522, 0.395563008874391, 0.5608106187966967, 0.22880706078220148, -0.5179041274874774, 0.12894880047441726, 0.5803386971181966, 0.0986323976723429], [-0.8105263755265502, -0.3027481189036755, 0.20905772273275017, -0.5928068944628553, 0.15432971456924896, -0.3796634618994221, -0.37073727453571953, -0.08187004989388594, 0.5935125458217718, 0.7871179191211575, 0.3630259726871903, -0.05251362231450527]], "inverted": true, "swapped": true, "error_lsq": 0.03746817454271274, "error_max": 0.23120296425237624, "target": "913.xyz", "model": "11.xyz", "model_rescale": 3.890672605050136, "target_rescale": 4.031994412981618},
{"mapping": [3, 8, 7, 12, 2, 5, 9, 11, 6, 10, 0, 6, 4, 13], "R": [[-0.9757612960613706, 0.1075722633613112, -0.19057308641032894], [0.09135906145365952, 0.9915651951013413, 0.09193468199730334], [0.19885526143137494, 0.07229572614590388, -0.977358640920566]], "T": [0.041437268584238025, 0.024024953769291462, 0.12882334981441584], "aligned_model": [[-0.7307152005314542, 0.010316991441309927, -0.36346168561879116, -0.09733219425666462, -0.2425716286091728, 0.29318211917123566, 0.7032771433189559, 0.26941098224280535, 0.48165016672485716, -0.14448704649083016, -0.321520666530373, 0.48165016672485716, -0.6119426016589875, -0.0791234022693082], [-0.48181136402698654, -0.6946515210111178, -0.34634208292278285, 0.21765249982786739, 0.6540182301920914, -0.32584194738149735, 0.139310824473553, 0.5125569513491655, -0.1550099813307479, 0.7935297968241364, -0.19339590420883024, -0.1550099813307479, 0.27679559794674913, 0.01853815603374972], [0.1600217478322257, 0.17037691507521854, -0.5237479223801438, -0.5771395078029335, 0.29618986869957475, -0.5186253844627731, -0.2642384319050671, 0.2389443610547399, 0.45473352189549526, -0.2869108802191082, 0.5407508283838975, 0.45473352189549526, 0.11273638527165153, 0.011416669186104955]], "inverted": false, "swapped": false, "error_lsq": 0.05200186961062658, "error_max": 0.34225499010799904, "target": "913.xyz", "model": "12.xyz", "model_rescale": 4.124412569039231, "target_rescale": 4.031994412981618},
{"mapping": [2, 12, 9, 1, 3, 5, 10, 8, 4, 11, 6, 7, 13], "R": [[-0.488818794588091, -0.6664376558406506, 0.562953849738204], [0.4436922962379237, -0.7455308188799151, -0.49731372830373577], [0.7511280398950396, 0.006681989064781235, 0.6601227300325099]], "T": [0.07112593242892258, 0.06567175127016998, 0.0207425910716484], "aligned_model": [[-0.022242983779539025, -0.03666135123519597, 0.6473184866541579, -0.6400074255662072, 0.5398275577564033, 0.09857465609862716, -0.5886591029138166, 0.13103330952991235, 0.0774185760554408, -0.14918146844363517, 0.7412131298694353, 0.5620321684845304, 0.006632754999644441], [-0.3021802388678154, 0.6126585372852943, 0.6523884506424177, -0.3991424954016211, -0.04308339882836999, -0.6480170342296494, 0.45300522391254133, -0.3189288412386012, 0.7158997676595236, 0.19553434752389282, -0.11912039198077178, 0.4735243886313167, 0.07494706140032004], [0.5888879391046341, 0.49024876188243743, 0.2797820411613216, -0.09576408406936726, 0.5392523468494062, -0.013576193292212949, -0.12493957628789769, -0.5758445782047112, -0.1377264947118952, -0.453090437704218, -0.23001376608317853, -0.44888833256207067, 0.1333704548855914]], "inverted": true, "swapped": true, "error_lsq": 0.04450595032372236, "error_max": 0.23667766549634883, "target": "913.xyz", "model": "13.xyz", "model_rescale": 3.9028299243045295, "target_rescale": 4.031994412981618},
{"mapping": [8, 2, 12, 13, 4, 1, 9, 7, 6, 10, 0, 3, 5, 15], "R": [[0.8930091420095294, -0.44492522710541993, -0.06764772407549972], [0.07561836759864538, 0.2965225929286699, -0.9520274231158338], [0.4436400959889903, 0.845053781819861, 0.29844190567484075]], "T": [-0.016235525642776, -0.025088607401435335, -0.03320933795397575], "aligned_model": [[-0.6839343027469639, -0.07947207819047834, -0.32154713535563384, -0.4670938057705958, -0.2629562988321781, 0.3654725336124761, 0.6608736234850449, 0.516181605341767, 0.6077158527048044, -0.0473399892146527, -0.41475161853828946, 0.195382525828518, -0.49903118584365835, 0.07883341717827981], [-0.4058663815047106, -0.7036441653437214, -0.3044638511150711, 0.29527400947480703, 0.42739401080818923, -0.5057380216367693, 0.2749546788025902, 0.6693020261504634, -0.1823569273317518, 0.709534891899356, -0.17288520618692005, -0.011344551060421253, 0.13337274880043035, 0.03680601267813044], [0.04224786422150208, 0.2455616482754005, -0.59265065135099, -0.6048263047627159, 0.40696291716633004, -0.24645533167396472, -0.2619945713825127, 0.20127222316917742, 0.14103077009720538, -0.15450826074367024, 0.6785191905844452, 0.5530656371600393, -0.09566078098784253, -0.04332265724802607]], "inverted": true, "swapped": false, "error_lsq": 0.04368647900445716, "error_max": 0.3655649753884222, "target": "913.xyz", "model": "14.xyz", "model_rescale": 3.942246331269136, "target_rescale": 4.031994412981618},
{"mapping": [3, 12, 4, 10, 2, 13, 6, 7, 8, 9, 1, 0, 5, 14], "R": [[-0.5795632722410615, 0.5569751223407917, 0.5948824476841567], [0.2170853146477547, 0.809124087552932, -0.5460697547987078], [-0.7854809861693145, -0.18734173062907156, -0.5898497235155629]], "T": [-0.010584447497290038, -0.006606799347048789, -0.09634706995652528], "aligned_model": [[-0.6350175026182009, -0.09317112325185617, -0.22929238439113234, -0.16785022774058672, -0.1338365374235317, 0.20370126502481367, 0.4130547881682466, 0.42521739275868553, 0.7274523797883541, -0.08875117708818839, -0.46610716440381333, 0.2249275710906386, -0.5231084857811485, -0.00888565047384112], [-0.35910917595589575, -0.73165416197842, -0.29830961891501595, 0.24565021176637425, 0.46769474423902224, -0.7654451532939096, 0.31329880519990727, 0.6412149218988624, -0.0462840092822273, 0.7782250518580276, -0.29669614393968613, 0.09622902413097781, 0.2290404609781868, -0.013515682271602183], [-0.04762987937530719, 0.2718404109439685, -0.5554116409248606, -0.7449103982073227, 0.4888835569933725, -0.29427592710835493, -0.27235727284995825, 0.2520539656913745, 0.13293068053333618, -0.2578748813434127, 0.5077958455167361, 0.5926205384101474, 0.19446049024700637, 0.0011162039976521931]], "inverted": false, "swapped": false, "error_lsq": 0.04448610765537869, "error_max": 0.29909169708441774, "target": "913.xyz", "model": "15.xyz", "model_rescale": 4.355366556412066, "target_rescale": 4.031994412981618},
{"mapping": [8, 11, 1, 3, 5, 6, 2, 9, 0, 7, 12, 13], "R": [[0.5502339337973938, -0.0334576704873048, -0.8343399800940912], [0.6864024020946728, -0.550865835140544, 0.47476159709224014], [-0.475493807001215, -0.8339229076842023, -0.28013965007299]], "T": [0.03255637239968084, -0.016115187353557506, -0.029231572755521257], "aligned_model": [[-0.19128190434390033, 0.3444472456227282, 0.24009147966486347, -0.4489888048260466, -0.470549486996837, -0.5393401484974519, -0.23040133675350188, -0.014556058144109561, 0.3949996867968163, 0.02452925304851499, 0.41926561396923245, 0.06959301509147242], [-0.6748473505982702, -0.4107873552870271, -0.5475052164428305, 0.4997769442608812, -0.3781871897868995, -0.11134113687224091, 0.24861852241586008, 0.6509856961479099, 0.13439650408477616, -0.06157158847827095, 0.6012327783307043, 0.06200581996638768], [0.12370999486363014, 0.16279797445727237, -0.6694585312255933, -0.07751007649415813, -0.38570212305991536, 0.42892792671877455, -0.6015874793054352, 0.5149123527728667, -0.628732348123094, 0.761815323316702, -0.053441875819716225, -0.12647267689191283]], "inverted": true, "swapped": true, "error_lsq": 0.047230591522968546, "error_max": 0.2390724875115178, "target": "913.xyz", "model": "16.xyz", "model_rescale": 3.795458400668931, "target_rescale": 4.031994412981618},
{"mapping": [0, 10, 11, 2, 8, 4, 12, 5, 3, 9, 7, 6, 13], "R": [[-0.7330888691375608, 0.5523691925713953, -0.39682361956496204], [-0.23232154337677893, -0.7517271897955935, -0.6171976446852755], [-0.639224069031857, -0.3602700476310028, 0.6794100987991797]], "T": [-0.003513483285469618, 0.015907194187965178, -0.044671693903499746], "aligned_model": [[-0.18576881006140394, 0.0591137465224454, 0.3610499527675395, -0.2427785478072214, 0.6726803429851557, -0.22774074478969253, -0.6533913459060262, 0.4030450989732959, -0.4735253700009839, -0.6640675583421892, 0.041781345057944314, 0.14282098388327497, -0.08458729237791603], [-0.38614156508376984, 0.22123255783972104, 0.33443668640183244, -0.6236531979445339, 0.08812685559795991, 0.6075692693514938, 0.1296011973956357, -0.5020885303716169, -0.2463697681360503, 0.46618387708364406, 0.7343944000052947, 0.20082579077226026, -0.06033630744138525], [-0.609082799487883, -0.79332791067182, -0.2803618456432146, -0.021504661968704333, 0.16738723647604226, -0.2628611662022792, -0.35447989962859944, 0.23402786201515025, 0.4143063932362871, 0.2782137414076205, 0.2864029569472331, 0.6556390052795492, -0.11208388092308628]], "inverted": true, "swapped": true, "error_lsq": 0.053956425761328045, "error_max": 0.2989912336954761, "target": "913.xyz", "model": "17.xyz", "model_rescale": 3.7474275329858107, "target_rescale": 4.031994412981618},
{"mapping": [6, 0, 2, 7, 5, 1, 11, 10, 3, 12, 4, 8, 9, 13], "R": [[0.7066861943648297, -0.12209053329835182, 0.6969135702316883], [0.646078249685199, -0.2901549618866431, -0.7059695413941527], [0.2884051282100648, 0.9491596281824701, -0.12616846773521234]], "T": [0.017567299646000366, 0.03461777574223569, -0.01851197471843702], "aligned_model": [[-0.6898718124689969, -0.07031116715682054, -0.3308779339772286, -0.07516971901970784, -0.17214244683728439, 0.37956443127648043, 0.5625416929851446, 0.4189964086686682, 0.6646076712088973, -0.18370176676537817, -0.4609263494372887, 0.255784403696734, -0.61668712974925, -0.033473138765530146], [-0.2625277460501355, -0.7593560927782782, -0.46538494897143434, 0.2634744037557679, 0.5347109131286932, -0.41208658885622884, 0.3199380176029477, 0.49668789167665817, -0.12257637336537015, 0.7371126814992477, -0.12421846857881895, -0.13108681458264093, 0.243218005768764, -0.05756560581457053], [0.0604389783411419, 0.2285209420352301, -0.38240195569323904, -0.7301606037619903, 0.46845517273456216, -0.40313088240455636, -0.3971040137198283, 0.30052603062430105, 0.11270516731460026, -0.1773470892392463, 0.6410641750152736, 0.6392486590242997, -0.06245999721615533, -0.029112890530015596]], "inverted": true, "swapped": false, "error_lsq": 0.03286430746013218, "error_max": 0.1768033023987996, "target": "913.xyz", "model": "18.xyz", "model_rescale": 3.922800546911778, "target_rescale": 4.031994412981618},
{"mapping": [5, 0, 1, 6, 13, 2, 10, 11, 9, 4, 12, 7, 8, 14], "R": [[-0.9621200314751465, -0.21849162319844123, 0.1630535360744248], [-0.2712904190389556, 0.7081638305457382, -0.6518477564926146], [0.026954657703841256, -0.6713906461210921, -0.7406132909482326]], "T": [-0.10047688674723701, 0.002925681908357, 0.01880432010644166], "aligned_model": [[-0.69824076230841, -0.14163851842302033, -0.27816292949703625, -0.2086006038233263, -0.20526590977244052, 0.4296054158507221, 0.5099794761668466, 0.3781840429627804, 0.6852597141117422, 0.01094763335555414, -0.4305216848863225, 0.29031815860034194, -0.6506415775949643, -0.04288931108402766], [-0.4534584500010361, -0.8314196662155681, -0.3669187378765237, 0.28188844387491513, 0.5577819532825824, -0.3749596390886048, 0.29503743062813687, 0.4872050879612801, -0.1843169964938976, 0.6760597358272892, -0.11780631455564684, 0.046093325410035454, 0.24722137738390793, -0.00206827570226863], [0.14890271902476493, 0.0436276119637181, -0.5973334885871551, -0.6026913042987113, 0.4099149509902116, -0.2801010151340908, -0.42007425364817563, 0.22761232764201156, 0.12029993267324492, -0.22273710670621055, 0.7224436174866117, 0.714237139395948, -0.09087284314170385, 0.09601340486391395]], "inverted": true, "swapped": false, "error_lsq": 0.042468660141951504, "error_max": 0.2527499804053903, "target": "913.xyz", "model": "19.xyz", "model_rescale": 3.9282355846067225, "target_rescale": 4.031994412981618},
{"mapping": [12, 10, 9, 8, 5, 11, 4, 3, 0, 6, 2, 1, 7, 13], "R": [[-0.9460263351630062, -0.3066915618010958, -0.10475905258284997], [-0.04246068761041949, 0.43774476485524366, -0.8980961033483432], [0.32129622342271946, -0.8451744238687255, -0.4271404102311861]], "T": [-0.08598230450741526, 0.08980504232720066, -0.04663727518447618], "aligned_model": [[-0.7047319890767879, -0.12197243129535662, -0.2815958221450744, -0.04743107427152053, -0.13596364891605886, 0.3372435542262021, 0.4475226395779123, 0.485869945000466, 0.639434653091322, -0.20459255353954248, -0.3431154379123891, 0.27695670038660425, -0.6930075277187286, -0.0062838637486091475], [-0.4693236043443312, -0.6962110767343684, -0.32570341775064676, 0.25038259740586755, 0.5620001401605889, -0.4249858955607553, 0.19915880431906804, 0.5003320837848606, -0.18397804256575445, 0.729674025552095, -0.08852523227093095, 0.03878908022964714, 0.14990243409829193, 0.018827378110969545], [-0.21191985014060605, 0.3042440727675666, -0.5638537642477521, -0.7891668911463193, 0.46544065544895147, -0.3097595549206956, -0.3672337104649541, 0.2194597411579728, 0.15087234040810016, -0.1044589595973402, 0.7154631612587612, 0.6069477970474502, 0.07987935718925493, 0.07332729776398803]], "inverted": false, "swapped": false, "error_lsq": 0.04202135771842753, "error_max": 0.3056217317139969, "target": "913.xyz", "model": "20.xyz", "model_rescale": 4.067790424073018, "target_rescale": 4.031994412981618},
{"mapping": [9, 1, 10, 11, 0, 13, 6, 2, 5, 3, 7, 8, 12, 14], "R": [[0.9965574866715552, 0.07523426981596953, -0.034827868211119356], [-0.05284051140009549, 0.9001145626550613, 0.4324368791526277], [0.06388314420760441, -0.42910788706518305, 0.9009913235678824]], "T": [0.08225842683104984, 0.05894196223394162, 0.04238394210426859], "aligned_model": [[-0.5900101259454489, -0.09373685601748333, -0.3350090835080706, -0.07780099089869799, -0.18476839051111177, 0.21634041418928382, 0.6163774860728337, 0.34051925491083496, 0.5256249040566869, -0.13464408518906457, -0.29797256788340193, 0.24778203067661472, -0.6142463982800641, 0.02987755198552803], [-0.3293677049134002, -0.7110847507742062, -0.4804061995369803, 0.17580889976626207, 0.46867934136441725, -0.43115285855324076, 0.4187287556786157, 0.7152854830240306, -0.32246571176935296, 0.8256590045648878, -0.19416419587591044, -0.1413438234079909, 0.24763362169855196, 0.01852941316891775], [0.0787225554047638, 0.26462170430446563, -0.4117946645730913, -0.5730470903331434, 0.5574276183923709, -0.4392306261770945, -0.3220707142150638, 0.2795262178278219, 0.12251180206452938, -0.25568198001610765, 0.6323209053419651, 0.5499816542394039, -0.21508518836211493, 0.001039498625672014]], "inverted": true, "swapped": false, "error_lsq": 0.03803562337644456, "error_max": 0.25490291812147575, "target": "913.xyz", "model": "21.xyz", "model_rescale": 4.186013935880536, "target_rescale": 4.031994412981618},
{"mapping": [8, 5, 6, 4, 10, 7, 11, 1, 3, 2, 0, 12, 13], "R": [[0.1505474320506707, 0.9870108378426222, -0.05608098326664529], [-0.3218214174055355, -0.004708613080350671, -0.9467886798340757], [-0.9347547517943093, 0.16058466596803259, 0.31693235722137086]], "T": [0.05107912562664833, -0.00718703230661474, -0.00953373523551116], "aligned_model": [[-0.10049459260984524, -0.38273144653073743, 0.46456212429581917, 0.48587882302909685, -0.19191470102896419, 0.7259288448266231, 0.005424772018647654, -0.7798654213832379, 0.2960845093215821, -0.3029683374397284, -0.4405854840149252, 0.2807427361369086, -0.00148779119801392], [-0.37444224513712754, 0.20993191093718316, 0.08637955224244984, -0.3577941899356824, -0.507688526135579, -0.36658933837610824, -0.543019103982948, -0.2189820668865508, 0.6529090511648462, 0.5724420088190931, 0.12423828710589255, 0.17823956454233694, 0.0633317551882873], [-0.6007796880530984, -0.5348437826443668, -0.6147781842822494, 0.3592105745084104, 0.5354608158016808, -0.21760523669938894, -0.0363116160996658, -0.01281477725396108, -0.07740704103701432, 0.06464541435449714, 0.4948603588223488, 0.6568897714122227, 0.08635295250593081]], "inverted": false, "swapped": true, "error_lsq": 0.0447187025092663, "error_max": 0.3156135510880479, "target": "913.xyz", "model": "22.xyz", "model_rescale": 4.166573947596378, "target_rescale": 4.031994412981618},
{"mapping": [3, 8, 9, 12, 1, 10, 13, 5, 7, 6, 4, 0, 2, 15], "R": [[-0.6392805374179789, 0.5198905232758192, 0.5665988336438534], [0.15380017892042508, 0.8083813685690685, -0.5682121680450405], [-0.75343606194728, -0.27610397816473947, -0.5967417312363698]], "T": [-0.12053705149854871, -0.033186913103109277, -0.12431784553005817], "aligned_model": [[-0.6613606821443876, -0.08638994796741076, -0.2403817277505, -0.2700187125056126, -0.11037920545790791, 0.5530732790066422, 0.6522773128506496, 0.505471397962582, 0.512608580380274, -0.21373613990964596, -0.41941775367758966, 0.1503504073296839, -0.6216281568691768, -0.10213550758916094], [-0.27250893393024683, -0.7348656868246591, -0.5285128965611052, 0.2987088601619509, 0.45022346006289843, -0.29347017621284677, 0.1987885354406294, 0.44939622469635476, -0.14394946551086923, 0.7220713151448002, -0.2101361691628993, -0.02194174657175931, 0.3295152190859163, 0.017020734616436863], [-0.016329777215393526, 0.27638156057162544, -0.44171127641281627, -0.6691864388078997, 0.3994285531653956, -0.3229204101804506, -0.38075202504640115, 0.1331484969620043, 0.18912738647563124, -0.126881153945579, 0.5231486014843366, 0.6459089351762992, 0.1405672363697504, -0.08068799607212501]], "inverted": false, "swapped": false, "error_lsq": 0.04479973391432092, "error_max": 0.29656055646864105, "target": "913.xyz", "model": "23.xyz", "model_rescale": 4.274766983524099, "target_rescale": 4.031994412981618},
{"mapping": [12, 0, 10, 4, 11, 7, 9, 6, 3, 5, 13], "R": [[0.37972661431774196, 0.2407333587141578, 0.8932273777605485], [-0.114865308994614, 0.970345578528501, -0.2126861984703301], [-0.9179398995404638, -0.02183822869166445, 0.39611795288683116]], "T": [-0.012741808570676971, 0.22963559399606326, 0.0972879319645015], "aligned_model": [[0.13287455638748877, 0.25166071119708766, -0.42019551319341597, -0.44663689255297717, -0.5217002942250821, -0.5330457769063512, 0.03756542164335866, -0.043338031903922825, 0.5647131604343271, 0.2863584084138519, 0.07163895466371029], [-0.1629137296754718, 0.5684091861653486, 0.4713549568097105, -0.17469252545185826, 0.4036178058664599, -0.28832185934372645, -0.6289371751101202, -0.06752999954949712, -0.1447211600239391, 0.6948801406354619, 0.24444089092111548], [-0.499327178274625, -0.47607396585074857, -0.5208706512551793, -0.21287710431492154, 0.0726133746847974, 0.39543180310341397, 0.03680847836943395, 0.773157904788397, 0.26088512810589426, 0.5504650121016422, -0.0006463674365266847]], "inverted": true, "swapped": true, "error_lsq": 0.04884616187996766, "error_max": 0.24615483407189415, "target": "913.xyz", "model": "24.xyz", "model_rescale": 3.7841303162186577, "target_rescale": 4.031994412981618},
{"mapping": [13, 12, 3, 6, 10, 5, 1, 0, 2, 7, 14, 9, 11, 15], "R": [[0.5776563703229504, 0.5970553408626809, 0.5566309709068142], [-0.5129985830201647, -0.26488495987612015, 0.8164976496296419], [0.6349374549076607, -0.7572059680026133, 0.1532760593719967]], "T": [0.05968096239207787, 0.10599936315075636, 0.03634976104367196], "aligned_model": [[-0.5927222203787578, -0.05859807715668592, -0.25967025316951053, -0.1258506514451591, -0.2563456607370677, 0.23391106856354266, 0.6582909489949417, 0.3534067661050694, 0.6243149829621435, -0.18617886663445246, -0.30337352818662877, 0.19053412320818602, -0.6648770208441166, 0.0354915323769352], [-0.3252126922999887, -0.6159532304763193, -0.3519823533687822, 0.23663050126084617, 0.5143415300302513, -0.6998702624957613, 0.4150495105023109, 0.7804370458223508, -0.38875592148345856, 0.7015609457724048, -0.22137964431416007, -0.15422018810013022, 0.2635395454119915, 0.10615448817304594], [0.05699552611711235, 0.2362658128921821, -0.5443992691632705, -0.6496094055734395, 0.6182766924525444, -0.2629105971855876, -0.27859544715055573, 0.02260517020509957, 0.10845148826723822, -0.0511996871356388, 0.6611004190285065, 0.5436011227740714, -0.16270899677542355, -0.028631136228461432]], "inverted": true, "swapped": false, "error_lsq": 0.04592411257134268, "error_max": 0.26549527692097863, "target": "913.xyz", "model": "25.xyz", "model_rescale": 4.19342608120988, "target_rescale": 4.031994412981618},
{"mapping": [8, 11, 1, 3, 5, 6, 2, 9, 0, 7, 12, 13], "R": [[0.5502339337973938, -0.0334576704873048, -0.8343399800940912], [0.6864024020946728, -0.550865835140544, 0.47476159709224014], [-0.475493807001215, -0.8339229076842023, -0.28013965007299]], "T": [0.03255637239968084, -0.016115187353557506, -0.029231572755521257], "aligned_model": [[-0.19128190434390033, 0.3444472456227282, 0.24009147966486347, -0.4489888048260466, -0.470549486996837, -0.5393401484974519, -0.23040133675350188, -0.014556058144109561, 0.3949996867968163, 0.02452925304851499, 0.41926561396923245, 0.06959301509147242], [-0.6748473505982702, -0.4107873552870271, -0.5475052164428305, 0.4997769442608812, -0.3781871897868995, -0.11134113687224091, 0.24861852241586008, 0.6509856961479099, 0.13439650408477616, -0.06157158847827095, 0.6012327783307043, 0.06200581996638768], [0.12370999486363014, 0.16279797445727237, -0.6694585312255933, -0.07751007649415813, -0.38570212305991536, 0.42892792671877455, -0.6015874793054352, 0.5149123527728667, -0.628732348123094, 0.761815323316702, -0.053441875819716225, -0.12647267689191283]], "inverted": true, "swapped": true, "error_lsq": 0.047230591522968546, "error_max": 0.2390724875115178, "target": "913.xyz", "model": "26.xyz", "model_rescale": 3.795458400668931, "target_rescale": 4.031994412981618},
{"mapping": [9, 6, 7, 4, 10, 2, 3, 12, 5, 11, 0, 1, 13], "R": [[0.9130925598373285, 0.24544175619454628, 0.3256076189001911], [-0.03719897283003221, -0.7450706480129334, 0.6659474197637367], [0.40605198385195174, -0.6201839031978538, -0.67118828403375]], "T": [-0.04182223795046673, -0.04671437032541228, 0.005962929737437332], "aligned_model": [[-0.0651111717496205, 0.4814593271096462, 0.5668504216759058, 0.06471375073530117, -0.21514739304205927, -0.5722141442199176, -0.3032410499827999, -0.5444404264234632, 0.04383521962192094, 0.28397443269564054, -0.6574031619873958, -0.2120666228122548, -0.1715327987996469], [-0.7865673642347902, -0.5024640937749325, -0.3771886137330217, -0.12297171042247482, 0.5190120714761833, -0.1182750450535657, -0.6519565572176761, -0.2554211617357979, 0.09111629957449932, 0.3149950299226088, 0.3187842215449582, 0.7298896715382865, -0.03707124462736291], [-0.4360901830617536, 0.2599557097104935, -0.37899197502585275, -0.650378005300583, -0.5004744202249984, 0.43068104007681446, 0.26228960220006253, -0.47887221632724264, 0.7023452962119859, -0.22412449519495486, -0.02388686724255714, 0.32727236579387525, 0.002410810484136501]], "inverted": false, "swapped": true, "error_lsq": 0.04691807803573928, "error_max": 0.24232575756157188, "target": "913.xyz", "model": "27.xyz", "model_rescale": 3.6321398670334006, "target_rescale": 4.031994412981618},
