[{"mapping": [0, 3, 7, 2, 11, 5, 8, 9, 12, 6, 10, 13, 1, 14], "R": [[0.9693078776991625, 0.03639674056372534, 0.24314093753763963], [0.2006602720047359, -0.6885409836493862, -0.6968836122869595], [0.1420482082580801, 0.7242835018909879, -0.6747115794316831]], "T": [-0.04190456861761662, 0.08929050952128582, 0.060313055344097005], "aligned_model": [[0.10170470038162274, 0.2567757421568977, -0.45795660642367153, -0.36782378421321, -0.5568690453784065, -0.13380896805494802, -0.6891376100553597, 0.03916239787099591, -0.2362542520072027, 0.16395486920509178, 0.44084527203334284, 0.18452554377581093, 0.6006522008224395, 0.0257216410149008], [-0.6652373659516627, -0.3062230136966135, -0.3651470409808712, -0.38337191858877706, 0.2884906303648199, 0.2811010104172148, 0.2010118494904643, 0.33379189381292185, 0.7840920307984229, -0.19905889460708426, 0.6445031670435583, 0.7866318288416896, -0.2999274799578755, 0.134616634823827], [0.2968918286110236, -0.3603090795938628, 0.41135186868529205, -0.20557834018770713, 0.44279525119945806, -0.6321392918489056, -0.1600201717505698, 0.7737565971143695, 0.14146899988490377, 0.724404780035286, 0.4609210302865989, -0.24922542893341906, 0.05862961882667014, 0.19464042485069613]], "inverted": true, "swapped": true, "error_lsq": 0.043371277543909244, "error_max": 0.3067157975809926, "target": "914.xyz", "model": "0.xyz", "model_rescale": 3.8414455957264533, "target_rescale": 4.153567925679859},
{"mapping": [6, 10, 9, 8, 12, 13, 5, 2, 7, 3, 1, 4, 0, 11, 14], "R": [[-0.1761675433010309, -0.37825126483483773, 0.9087854407604278], [-0.4825139813047264, 0.8378843303257216, 0.2552060086284792], [-0.8579890759984895, -0.39354266559734363, -0.33011954777291785]], "T": [0.009017141136397386, -0.03229217469580223, 0.018911540174684084], "aligned_model": [[0.07205835706701418, -0.5644629537470075, 0.5179727421667456, -0.19551268775310138, -0.6108362088731581, 0.12203833501935395, -0.20532704060042456, 0.4290962421464199, 0.6297233383501538, -0.34218285039588, -0.5054168271112613, 0.21296822719087932, 0.27122898742179574, -0.49514633158217614, -0.06834321415903716], [-0.6642616539372823, -0.33295937043041535, 0.07098309731723029, 0.14497893189532976, 0.29168302565091164, 0.6522347251401331, -0.6490920808861448, -0.6303345705919904, 0.08848913244453094, -0.36347696949364827, 0.17174904941041652, -0.1890644433100985, 0.4531365026321993, 0.6407628520229977, -0.029737815388375465], [-0.43569549473006136, -0.20267618194004572, -0.4235905438474282, -0.7234124466147495, -0.28623012841436773, -0.2868598348322062, 0.10800268710663441, 0.12130084246642289, 0.1333261140760513, 0.6356384486864605, 0.6839098577266495, 0.4981230228615194, 0.489146924213738, 0.1570474367218073, 0.064440099832125]], "inverted": false, "swapped": false, "error_lsq": 0.04382532867369014, "error_max": 0.25451590431574866, "target": "914.xyz", "model": "1.xyz", "model_rescale": 4.316132596720782, "target_rescale": 4.153567925679859},
{"mapping": [3, 1, 4, 8, 5, 2, 12, 7, 10, 0, 9, 14], "R": [[0.8007718207379279, 0.5135306490213069, -0.3083030386289104], [-0.5029021482766712, 0.29684334555543457, -0.8117718013445439], [-0.32535199457014685, 0.8050902438330825, 0.4959594528930917]], "T": [-0.07205331644598775, 0.04749513906714903, -0.06253618331934524], "aligned_model": [[-0.1574946155103511, 0.3808286605399157, 0.15534400232593087, -0.6884064252421505, -0.6143658274083799, -0.5015145670486428, -0.14042284399497332, -0.13803542825363876, 0.5655795145500045, 0.17889046973186443, 0.48659474133356806, 0.07081087360863347], [-0.5475872821349901, -0.48813208982036643, -0.538477328688677, 0.36053728224924614, -0.31928306208061225, -0.039712477079442476, 0.4155278829280025, 0.45225433186495884, 0.14361591518376948, -0.08224811586184319, 0.5497084695842509, 0.10657290159668381], [0.18472997263968874, 0.20648810153533265, -0.5213745157681968, -0.10784027325033604, -0.3725342988611339, 0.3938509398294458, -0.6846171650941835, 0.515959616758783, -0.5973075574071678, 0.6898595615834657, -0.16764843503127852, -0.09030748572499822]], "inverted": true, "swapped": true, "error_lsq": 0.043462756030225834, "error_max": 0.2337333769509771, "target": "914.xyz", "model": "2.xyz", "model_rescale": 3.795458400668931, "target_rescale": 4.153567925679859},
{"mapping": [10, 4, 1, 2, 9, 7, 3, 12, 5, 8, 6, 14], "R": [[0.6945827195130873, 0.5226600134060562, 0.4943494271668426], [0.38795017731018844, -0.8508034859685872, 0.35444052842288465], [0.6058461072572784, -0.05440531821505633, -0.7937194439291008]], "T": [0.09769978014062519, 0.011554312381552453, 0.10931001975673668], "aligned_model": [[-0.03838808705218699, -0.20219690571377757, -0.6440344031915888, 0.13365086029379028, 0.06747386579773423, 0.1285420105573969, -0.3080061929067858, 0.6365097886778818, 0.3802319837644774, 0.7183455208760557, -0.3278890248193486, 0.04906440945991697], [-0.10737598000897484, -0.6573486395893766, -0.1047293382749377, 0.13626384885102927, 0.44566151967758605, 0.6612454805103447, -0.28906765242699534, -0.12917823791286054, -0.5828724977392429, 0.0678039759441102, 0.5743649409373613, 0.0710016253216659], [-0.7086942169461171, -0.15191154814123756, 0.1354096962383173, 0.7285728004957268, -0.511972358832643, 0.39178334030104967, 0.5186912030085626, -0.3565068592039542, 0.41189928154249245, 0.41192171574894065, -0.1527198855642826, -0.02770173800775444]], "inverted": false, "swapped": true, "error_lsq": 0.03358049234096031, "error_max": 0.17153062291215807, "target": "914.xyz", "model": "3.xyz", "model_rescale": 3.7530521520055578, "target_rescale": 4.153567925679859},
{"mapping": [11, 10, 6, 1, 7, 4, 8, 13, 5, 3, 14], "R": [[-0.07573445438683762, -0.7733856587165502, -0.6293956746834982], [-0.728494761475226, 0.4739129881839096, -0.4946734904295473], [0.6808521681847549, 0.4210476250047796, -0.5992989425620179]], "T": [-0.03063604133582607, -0.12310706656738425, 0.061040240585569165], "aligned_model": [[-0.29622458408468477, -0.37988683329126216, 0.3945366250286935, 0.5047703918515877, 0.3491885411526783, -0.20109211003732397, -0.3344361114608306, -0.6848653591165357, -0.33866042741302493, 0.3619718621471682, -0.0371023923312605], [-0.7337115383441221, 0.10868920423604854, -0.37424765626406675, 0.3480651255833032, -0.7191495229972015, 0.6231893528807079, -0.5061829569146522, 0.32673194950889106, 0.22417356395212706, 0.30928202353808176, -0.1396361868647709], [-0.027201674753572165, -0.6642801206818681, -0.5070248206428725, -0.17498813883393488, 0.11855294015278307, -0.07893215611728371, 0.5518532175145624, 0.006282190487345123, 0.6171383266016225, 0.3464567158858197, -0.0950257023672853]], "inverted": false, "swapped": true, "error_lsq": 0.04712415223356591, "error_max": 0.25375422556798377, "target": "914.xyz", "model": "4.xyz", "model_rescale": 3.7855080009869324, "target_rescale": 4.153567925679859},
{"mapping": [15, 14, 10, 9, 2, 5, 13, 8, 7, 11, 1, 6, 4, 0, 16], "R": [[-0.2431839074567184, 0.9682648297900727, -0.05766113548729579], [-0.5294894669501611, -0.18232113097582908, -0.8284925525244806], [-0.8127130437878531, -0.17094509232878435, 0.5570235936347642]], "T": [-0.08556794749543123, -0.04980717231179266, 0.027715187495156782], "aligned_model": [[0.04926027951624354, -0.5828481786712518, 0.4252937026609082, -0.24612296682210016, -0.6917349670816417, 0.26180400119876585, -0.09768419446802436, 0.4192244914932765, 0.6023326381239102, -0.30291663845927946, -0.5457924057399413, 0.2551403370712012, 0.12515915226836222, -0.28009658483431354, -0.12316055111580007], [-0.6476331345419714, -0.36311448015478587, 0.014741166544934875, -0.011725270752740324, 0.2449698687550534, 0.6616208091623396, -0.7297649668358891, -0.5302993845833885, 0.20349464614056384, -0.3527308827370442, 0.30775588735197235, -0.18834906251587227, 0.41906858878051034, 0.6895730232600681, -0.06251639539795627], [-0.5234141755134796, -0.30731958841141643, -0.4878603747890381, -0.6648783973666309, -0.2746979868285448, -0.14052928063185657, 0.27747153496329297, -0.07037508444757795, 0.1826359574041824, 0.7301630506841909, 0.5108777330083661, 0.5669749371087414, 0.5594579767745244, 0.18247118567199005, -0.008506684314195042]], "inverted": false, "swapped": false, "error_lsq": 0.03943418949792632, "error_max": 0.251793695465245, "target": "914.xyz", "model": "5.xyz", "model_rescale": 4.2253639853439635, "target_rescale": 4.153567925679859},
{"mapping": [10, 6, 3, 4, 1, 2, 5, 13, 7, 9, 0, 8, 12, 14], "R": [[-0.29633354468526507, 0.5530321935271432, 0.7786795382035046], [0.6514248632210038, -0.47919123208891556, 0.588235846125178], [0.6984497676080672, 0.6815652250604223, -0.21825848463822295]], "T": [0.010915051700230192, 0.005173452659186659, 0.10146309144128925], "aligned_model": [[0.6610522590087028, -0.14563672946698966, -0.4248148624592325, 0.2937397191032464, -0.3219483320273641, -0.5233977109134434, 0.07670848351113521, 0.6622715851721257, -0.40951367940506506, 0.37663215879165346, -0.6800467752610356, 0.033603889301533046, 0.692263477946972, 0.08314866945554589], [-0.1274723692513684, 0.2965683695988096, -0.47487329564368413, -0.7117782426675754, -0.4626044921619289, 0.1026666785620685, -0.3860648972670774, -0.40325218348403963, 0.5718584979214285, 0.3961577641314306, 0.0888469066020303, 0.34594023948706115, 0.16992159374674803, 0.03918457706108766], [-0.409929077947153, -0.5746447756925779, 0.14898589483914365, -0.006223318812783998, -0.3830556815265908, 0.42601860729395724, 0.7075420614612865, 0.3071151051034957, 0.031115557879065087, -0.4358791952188606, -0.30037762296720083, 0.7042086532984615, 0.2904858752432652, -0.033803874022058936]], "inverted": false, "swapped": true, "error_lsq": 0.038752742697371986, "error_max": 0.22280455633384205, "target": "914.xyz", "model": "6.xyz", "model_rescale": 3.89814844738969, "target_rescale": 4.153567925679859},
{"mapping": [6, 9, 10, 0, 4, 11, 7, 3, 2, 8, 12, 5, 14], "R": [[-0.9204559702991602, 0.39069544395360073, -0.010857108939793941], [0.2293678261648045, 0.5624525309696171, 0.7943787199606394], [0.31646675506451505, 0.7287003639904202, -0.607325754812988]], "T": [-0.03325867090190379, 0.05920986719522993, 0.04290773593946105], "aligned_model": [[-0.08657487347395693, 0.03338309944864373, 0.575649710809494, -0.281166085888244, 0.7115984608242724, -0.4589028409971312, -0.6583968954810063, 0.12042172880856075, -0.48872301428188847, -0.5182303194021829, 0.09262424228265331, 0.08186401929178957, 0.025084568963218555], [-0.22479290098721216, 0.3111627119553144, 0.38404803840263957, -0.6558584116909658, 0.01413570706771404, 0.49868375476104665, -0.13235447065938244, -0.4653064445462608, -0.2471934717062158, 0.42018403968588625, 0.7734618337541916, 0.20442476434736834, 0.08318611508636164], [-0.6521038582179253, -0.6694356543799468, -0.43196698282037715, -0.22750809772089464, 0.26372907159887155, -0.23431324672178072, -0.23158513932941954, 0.3948009426859094, 0.3575512899472984, 0.3811962897523528, 0.009668283901381011, 0.743184352620786, -0.10094222047995906]], "inverted": false, "swapped": true, "error_lsq": 0.04711109914024639, "error_max": 0.2792801404429968, "target": "914.xyz", "model": "7.xyz", "model_rescale": 3.7474275329858107, "target_rescale": 4.153567925679859},
{"mapping": [6, 3, 7, 5, 8, 9, 0, 10, 11, 1, 2, 12, 13, 4, 14], "R": [[-0.33577375660073167, 0.6841432420353062, 0.6474596580140366], [0.7625981880030717, -0.20602773038417138, 0.6131855983037916], [0.5529014270488586, 0.6996431938425242, -0.45254769171565545]], "T": [-0.015626797227268438, -0.03486491702347677, 0.09587839982824792], "aligned_model": [[-0.03417342654166548, -0.5669346878245838, 0.37060401739013304, -0.17645014093559447, -0.4583512200646504, 0.23396051495633835, -0.16609692120709357, 0.560728932178722, 0.552089128212054, -0.3717927280052381, -0.7904902230929239, 0.3935198409025421, 0.16209217590767694, -0.3963590928468785, -0.04448805388852263], [-0.6169341253668876, -0.3103043614858121, -0.10584370927060205, 0.0006431331859705208, 0.4047102692482643, 0.4694517433939512, -0.675988485361686, -0.5146736772106926, 0.2028986131246559, -0.3967101208434, 0.08276103955747843, -0.04515729940310505, 0.5630856362486287, 0.6058173541206235, -0.008665597461592602], [-0.47665068907230196, -0.27062843391981584, -0.460597476392038, -0.6011843624182263, -0.17976458828136405, -0.4176499048549252, 0.11895543468411504, -0.017527889753757922, 0.008430773651555118, 0.6499683729151404, 0.40302706325363413, 0.5575446365960897, 0.7431673083706483, 0.33419539955630956, 0.14118515897748612]], "inverted": false, "swapped": false, "error_lsq": 0.03843213767126877, "error_max": 0.2424422189386952, "target": "914.xyz", "model": "8.xyz", "model_rescale": 4.019505241142653, "target_rescale": 4.153567925679859},
{"mapping": [3, 4, 1, 0, 2, 7, 9, 5, 8, 12, 10, 11, 14], "R": [[-0.6582224972017842, 0.7354549130039478, -0.16077691101586353], [0.5005851784161803, 0.2680725713211717, -0.8231352110408692], [-0.5622789550814509, -0.622288652832117, -0.5446092261694626]], "T": [0.012313139655469374, -0.09348133759781653, 0.033604448070736134], "aligned_model": [[-0.20407908857220106, -0.7421202685582762, -0.20159652805430672, 0.44568566724737574, 0.32747776389833944, 0.714366878404004, 0.22160164043775943, -0.40811776746746986, 0.25375687771872757, -0.18260960427774992, -0.3745235303883171, 0.4518214962279904, 0.01803723512530023], [-0.5442035904697337, -0.04095626686799349, -0.09593268562603598, -0.22633189170283863, -0.6391456546490343, -0.15051770238618348, 0.6355884533138352, -0.5949462720351144, -0.4104400364160433, 0.25592089037126325, 0.6493858437750701, 0.16607719692066902, 0.05887994388619848], [-0.38183232187276656, -0.1499091437767674, -0.6865409012852727, -0.6300554313639724, -0.02343109332299688, -0.048300588049751486, 0.030437321574300943, 0.34424686611528044, 0.6003328691762136, 0.6394348267451261, 0.016255244701682645, 0.4702089627948389, -0.004143117392036065]], "inverted": true, "swapped": true, "error_lsq": 0.049858695821420815, "error_max": 0.25962126605960534, "target": "914.xyz", "model": "9.xyz", "model_rescale": 3.877068213659057, "target_rescale": 4.153567925679859},
{"mapping": [14, 10, 13, 6, 12, 3, 9, 2, 4, 8, 0, 7, 1, 5, 15], "R": [[0.5454349075907846, 0.7173796592384075, -0.4334364844961933], [-0.6067008338530421, 0.6947217876681434, 0.3863621823382857], [0.5782861400582378, 0.052230855345914956, 0.8141603515072314]], "T": [-0.06681873397754587, -0.040248344874210557, -0.018237281635399588], "aligned_model": [[0.013758448974952514, -0.5274805027998367, 0.4135999577313948, -0.2389848979093228, -0.6509238371803308, 0.1425932995328569, -0.1106639556875081, 0.43633234690519906, 0.5283073440689314, -0.2311518257196629, -0.6328306502076003, 0.4001654064664255, 0.010728515927382304, -0.15234835898520657, -0.1332431759773586], [-0.6773319075251707, -0.4434509219785777, -0.2043904380127545, 0.11447877704264531, 0.4013186780840723, 0.49955656461590725, -0.6899106509376398, -0.46372648320301846, 0.23893069838500366, -0.4089454805171634, 0.25773880356409895, -0.09240709462783475, 0.42945527628133184, 0.6988713230110647, -0.0050967317061701226], [-0.46225687402517834, -0.37660747573891795, -0.6012413552750601, -0.5898340843426845, -0.16667921762975846, -0.2780807011011017, 0.08975247951446394, 0.07042282277237397, 0.14292937986399074, 0.6393187942511037, 0.4556827598114428, 0.6492144745348516, 0.7072084727177347, 0.22130862635248258, 0.031332701606806436]], "inverted": true, "swapped": false, "error_lsq": 0.0350279841244876, "error_max": 0.20161160944564505, "target": "914.xyz", "model": "10.xyz", "model_rescale": 4.260839863003843, "target_rescale": 4.153567925679859},
{"mapping": [0, 1, 4, 3, 5, 2, 7, 6, 10, 12, 11, 14], "R": [[-0.23757014776489138, -0.8457698967121811, 0.47773811519119386], [0.9599357125198072, -0.12917524448361717, 0.2486708347227076], [-0.1486063683697913, 0.5176746449538209, 0.8425729103477502]], "T": [-0.07042481254507785, 0.07857152703873688, 0.01911062729169822], "aligned_model": [[0.3317737924330668, 0.09957781849980896, -0.36751211879570944, -0.3547899620254583, -0.7931898448122475, -0.2798510473079555, 0.30100650827371644, 0.6608575862922631, 0.275566885145357, -0.16014960980331153, 0.1852611895404829, 0.060347451654117534], [0.04819946219939841, -0.5132098896706097, -0.621776711589894, -0.22574611099634773, 0.061898580520052454, 0.4179466206416938, 0.5819715276484714, -0.010234290109266853, -0.4075754930202905, 0.20516357934488275, 0.6126836612185322, 0.02375756934631195], [-0.6760291232619084, -0.41131537043758065, 0.18299279835210075, -0.47997963752430856, 0.06450513146571424, -0.47210881276969224, -0.3147579804597513, -0.13542378892865425, 0.6071123903213865, 0.7283575192742108, 0.33614473756272023, 0.08668021380126747]], "inverted": false, "swapped": true, "error_lsq": 0.04471396188134504, "error_max": 0.284552746827687, "target": "914.xyz", "model": "11.xyz", "model_rescale": 3.890672605050136, "target_rescale": 4.153567925679859},
{"mapping": [6, 9, 11, 0, 7, 4, 10, 3, 1, 13, 8, 12, 5, 14], "R": [[-0.6073117130886366, 0.7579011234081681, 0.23824015253937036], [-0.6966313735657299, -0.36385283062909135, -0.6183169470482935], [-0.381938754919254, -0.5414766890456456, 0.7489497865083449]], "T": [0.14188605561730755, 0.0172344749185653, 0.18910549049905007], "aligned_model": [[0.472297682588363, 0.11852097719762303, 0.35517746066792377, 0.7520239813589802, 0.825188344357445, -0.5192224717749201, -0.4296366252031781, 0.18486685182205126, 0.13323172180400034, -0.630163600224884, 0.31055981323776416, -0.29842690836012387, -0.17625513416224148, 0.11171374148489056], [-0.27530307594153386, 0.12068753921664085, 0.5780178336347247, -0.49896885467757285, 0.1392931966438221, -0.37375426851844074, -0.06507561129127373, -0.4705395457549977, -0.7326690512838738, 0.1880720688221107, 0.6086145340316038, 0.5610298795885408, 0.1603427140280228, -0.007594838670007785], [-0.4206413782131235, -0.5619644156133456, -0.11287221022484234, 0.1044220384307088, 0.04405141577430449, 0.3142821911736744, -0.417839423249222, 0.6166484841335107, 0.1450318800122119, 0.279235563737922, 0.5081004557710189, -0.004590901698103889, 0.8239552012870646, 0.036971534035082715]], "inverted": true, "swapped": true, "error_lsq": 0.045451990370464504, "error_max": 0.29407862133929413, "target": "914.xyz", "model": "12.xyz", "model_rescale": 4.124412569039231, "target_rescale": 4.153567925679859},
{"mapping": [13, 5, 3, 12, 4, 10, 8, 9, 2, 11, 1, 0, 14], "R": [[0.6734615832614286, 0.47251602301773765, 0.5684875582301787], [-0.6689809212774449, 0.0623869018462027, 0.7406567365823478], [0.31450599809509344, -0.8791111889115808, 0.3581193860888795]], "T": [0.10267598572733773, 0.17424809405435077, -0.07828634195212789], "aligned_model": [[-0.14004555236047478, -0.12169999428442106, 0.5531397624262142, -0.45740749639394596, 0.4239363897121098, 0.18904190818675187, -0.4979084577131784, 0.0635892950993603, 0.10197649807163144, -0.40954949674689634, 0.8501361576110031, 0.6740366778934029, 0.13805261600820015], [-0.24467445851600816, 0.46464525905005083, 0.540424419236017, -0.26150512699277173, -0.13934998772138646, -0.6558754443151142, 0.5195467861189795, -0.42514879827551905, 0.8000016459360042, 0.06595409255981188, 0.14554401361082503, 0.5004441821254644, 0.03747879369212359], [0.5533462526589047, 0.5462557672600575, 0.2142220173318399, 0.07511790876773383, 0.557365988189965, -0.0059600549487354715, -0.08076389132846887, -0.5414818334575503, -0.17189907230282242, -0.49907036607884125, -0.008629709392958873, -0.5398581397727034, -0.14694678595858124]], "inverted": true, "swapped": true, "error_lsq": 0.047165156318274906, "error_max": 0.343052285381246, "target": "914.xyz", "model": "13.xyz", "model_rescale": 3.9028299243045295, "target_rescale": 4.153567925679859},
{"mapping": [0, 4, 8, 5, 10, 13, 3, 2, 12, 6, 9, 1, 11, 14, 15], "R": [[-0.546317670825291, -0.3566943283897619, 0.7578299008607444], [-0.4850422940010849, -0.6029010986931005, -0.6334384249671136], [0.6828403734213394, -0.7136381585153845, 0.15636368867667716]], "T": [-0.05699359202281985, -0.08222905176339332, 0.031767256479599354], "aligned_model": [[-0.00308035732938082, -0.49594963224122934, 0.5037779879622929, 0.00888017959157801, -0.6446933115933628, 0.01783445822449957, -0.3356531167420192, 0.46788096661455947, 0.47950182938089125, -0.21311042688375714, -0.5025218746376205, 0.28299594536642825, 0.1366478478840314, -0.2909451341191191, -0.14370724633747622], [-0.7411910528072346, -0.2789258359275769, -0.21727122303005045, 0.09517857276994926, 0.317138847709201, 0.6192643095213636, -0.6384168389691199, -0.5922349154928529, 0.3579174950354507, -0.37854511625310405, 0.1604697425177375, -0.12027036019636586, 0.3920751923076461, 0.74050292006689, -0.060601324776139234], [-0.46831159085341423, -0.44571702989844586, -0.48185323242072753, -0.44393119277778814, -0.1928811856172182, -0.3356006500729901, 0.07291892576066748, 0.11270233053633061, -0.0200397808299543, 0.6081634622682647, 0.6178110271217365, 0.5841789951866605, 0.5641159816071488, 0.2585478360316634, 0.10236690727061565]], "inverted": true, "swapped": false, "error_lsq": 0.03495359901661329, "error_max": 0.25728121736188153, "target": "914.xyz", "model": "14.xyz", "model_rescale": 3.942246331269136, "target_rescale": 4.153567925679859},
{"mapping": [1, 5, 0, 2, 9, 7, 3, 12, 8, 4, 10, 13, 11, 6, 14], "R": [[0.8828801458026636, 0.1839214474663864, -0.4320828037648998], [0.09622180299280271, -0.9714411841506405, -0.21689488321492512], [-0.4596346514094449, 0.14991639969620074, -0.8753633875858912]], "T": [-0.09096413910120274, -0.02738936017211435, 0.10237711765753069], "aligned_model": [[0.05854925267407515, -0.43070844077158943, 0.3326120408357509, -0.1696236665341874, -0.6718556624291676, -0.009194973477638813, -0.28077623525369244, 0.44612496146509895, 0.5321148468577735, -0.28571473940578324, -0.6479754117809239, 0.39558702466024953, 0.11482889233158355, -0.0763676662682921, -0.03974210776294061], [-0.6872122260886169, -0.3151705395206264, 0.048605511675287705, 0.05272518447067204, 0.461267483205378, 0.6262349352509218, -0.7200175770107071, -0.642499044839745, 0.4289344206407458, -0.2672018414938446, 0.17357756295417992, -0.3161954937494145, 0.3372654369782193, 0.5282409355606826, -0.05346433555733786], [-0.34362845077654636, -0.34987873966705385, -0.49388245845942524, -0.6526343108123864, -0.1658426312022859, -0.44266287364127754, 0.13040303234083883, 0.1377555297716669, 0.053570247149557465, 0.6006001143226033, 0.5003108482710957, 0.686148330339197, 0.6844313520597066, 0.16443601535273356, 0.023344798264125596]], "inverted": true, "swapped": false, "error_lsq": 0.042338499257020115, "error_max": 0.2977466129170071, "target": "914.xyz", "model": "15.xyz", "model_rescale": 4.355366556412066, "target_rescale": 4.153567925679859},
{"mapping": [3, 1, 4, 8, 5, 2, 12, 7, 10, 0, 9, 14], "R": [[0.8007718207379279, 0.5135306490213069, -0.3083030386289104], [-0.5029021482766712, 0.29684334555543457, -0.8117718013445439], [-0.32535199457014685, 0.8050902438330825, 0.4959594528930917]], "T": [-0.07205331644598775, 0.04749513906714903, -0.06253618331934524], "aligned_model": [[-0.1574946155103511, 0.3808286605399157, 0.15534400232593087, -0.6884064252421505, -0.6143658274083799, -0.5015145670486428, -0.14042284399497332, -0.13803542825363876, 0.5655795145500045, 0.17889046973186443, 0.48659474133356806, 0.07081087360863347], [-0.5475872821349901, -0.48813208982036643, -0.538477328688677, 0.36053728224924614, -0.31928306208061225, -0.039712477079442476, 0.4155278829280025, 0.45225433186495884, 0.14361591518376948, -0.08224811586184319, 0.5497084695842509, 0.10657290159668381], [0.18472997263968874, 0.20648810153533265, -0.5213745157681968, -0.10784027325033604, -0.3725342988611339, 0.3938509398294458, -0.6846171650941835, 0.515959616758783, -0.5973075574071678, 0.6898595615834657, -0.16764843503127852, -0.09030748572499822]], "inverted": true, "swapped": true, "error_lsq": 0.043462756030225834, "error_max": 0.2337333769509771, "target": "914.xyz", "model": "16.xyz", "model_rescale": 3.795458400668931, "target_rescale": 4.153567925679859},
{"mapping": [6, 9, 10, 0, 4, 11, 7, 3, 2, 8, 12, 5, 14], "R": [[-0.9204559702991602, 0.39069544395360073, -0.010857108939793941], [0.2293678261648045, 0.5624525309696171, 0.7943787199606394], [0.31646675506451505, 0.7287003639904202, -0.607325754812988]], "T": [-0.03325867090190379, 0.05920986719522993, 0.04290773593946105], "aligned_model": [[-0.08657487347395693, 0.03338309944864373, 0.575649710809494, -0.281166085888244, 0.7115984608242724, -0.4589028409971312, -0.6583968954810063, 0.12042172880856075, -0.48872301428188847, -0.5182303194021829, 0.09262424228265331, 0.08186401929178957, 0.025084568963218555], [-0.22479290098721216, 0.3111627119553144, 0.38404803840263957, -0.6558584116909658, 0.01413570706771404, 0.49868375476104665, -0.13235447065938244, -0.4653064445462608, -0.2471934717062158, 0.42018403968588625, 0.7734618337541916, 0.20442476434736834, 0.08318611508636164], [-0.6521038582179253, -0.6694356543799468, -0.43196698282037715, -0.22750809772089464, 0.26372907159887155, -0.23431324672178072, -0.23158513932941954, 0.3948009426859094, 0.3575512899472984, 0.3811962897523528, 0.009668283901381011, 0.743184352620786, -0.10094222047995906]], "inverted": false, "swapped": true, "error_lsq": 0.04711109914024639, "error_max": 0.2792801404429968, "target": "914.xyz", "model": "17.xyz", "model_rescale": 3.7474275329858107, "target_rescale": 4.153567925679859},
{"mapping": [12, 4, 10, 5, 11, 7, 9, 1, 8, 6, 2, 3, 0, 14], "R": [[-0.6038357374001437, -0.04592447540567418, 0.7957847352124432], [-0.776859758341937, -0.18968862489715976, -0.6004224691444616], [0.17852539905383769, -0.980769681496802, 0.07886389382556347]], "T": [-0.00939987846653614, -0.06960015930792574, -0.04616317328051645], "aligned_model": [[0.4148929207888082, 0.20739747902104302, 0.8009593551313403, -0.37623706420348146, 0.1671697726833054, -0.2355525422916591, 0.6479770609919877, -0.008367676113928826, -0.3366460298575511, 0.3214915051887318, -0.6165077494422647, -0.4225409995922462, -0.28370726060357343, 0.1345188761823654], [-0.5315945845911227, 0.4427251336064555, 0.08640128175660866, -0.1192942949482072, -0.674617576509977, -0.3230873371621102, -0.20456234580097382, 0.6657821418228842, -0.6651822238153086, 0.12574396887307812, -0.13718264034241406, 0.422666185575142, 0.3199068555134448, -0.0472963224662664], [-0.4117367120443053, -0.5903392375313703, -0.1903044797039497, -0.6688098725141554, 0.18608413841741017, 0.5762838182370648, 0.307383478457359, 0.10740923631120786, -0.1808144247864075, 0.6010561632763354, 0.11871248142853583, -0.14389809653121238, 0.6010965879272779, 0.01267163771786431]], "inverted": false, "swapped": true, "error_lsq": 0.030841528205557262, "error_max": 0.17696600786464725, "target": "914.xyz", "model": "18.xyz", "model_rescale": 3.922800546911778, "target_rescale": 4.153567925679859},
{"mapping": [7, 11, 12, 13, 4, 8, 9, 3, 5, 2, 10, 0, 1, 6, 14], "R": [[0.7959974875619947, -0.6016407786536909, 0.06645579926517003], [0.5931747771317649, 0.7972018047079322, 0.11230746344342907], [-0.12054743286222719, -0.04997655481719958, 0.9914487684186867]], "T": [-0.01968287653289739, 0.058058767118454264, 0.02050869598829457], "aligned_model": [[-0.03134570069036248, -0.5714957480296898, 0.5335498805764899, -0.18747282225744905, -0.641339965000773, 0.1146956949697867, -0.34313126897624746, 0.3493723315920663, 0.7147676821761416, -0.2036845661031436, -0.7656228143550677, 0.5871199576182278, 0.11280331726832572, -0.3772324414871604, -0.02312542216082806], [-0.6305633812330569, -0.2554994208280444, -0.16591847585013964, 0.0819177676097673, 0.3450268153960343, 0.6045866734123525, -0.6358496589076497, -0.46007275457751484, 0.26320685873234717, -0.27187954474565873, -0.024574376924701623, -0.2026722554027262, 0.43613183242804776, 0.6031957728192406, -0.03194543945250274], [-0.3843055013801732, -0.3026436371163534, -0.49172343465156126, -0.6451421351758324, -0.2141377246482993, -0.21957525013165108, 0.29730360134381506, 0.08749543472040916, 0.05260787829677919, 0.6291243804619534, 0.31605229671533713, 0.5326144370595112, 0.6429965992244284, 0.24579013226236876, -0.013986273668182066]], "inverted": true, "swapped": false, "error_lsq": 0.03522756149028177, "error_max": 0.27684946358326656, "target": "914.xyz", "model": "19.xyz", "model_rescale": 3.9282355846067225, "target_rescale": 4.153567925679859},
{"mapping": [12, 13, 5, 10, 9, 4, 1, 3, 6, 7, 8, 11, 2, 14], "R": [[-0.18632106897701334, -0.18007444011228874, 0.9658455649188998], [0.25311748344277923, 0.941077859989359, 0.2242855345612881], [-0.9493239693755012, 0.2862615193421814, -0.12976264375022745]], "T": [0.0359575448727621, -0.0797950737950233, 0.07616373792060849], "aligned_model": [[-0.4464159709867227, -0.11194335311616446, 0.4789707898425367, -0.590561436945969, -0.6804334765612202, 0.16804728865745155, 0.2962245854633717, 0.6222572984006902, -0.32207290724330706, -0.0011965177564738985, 0.11772743380897008, -0.41468226419198567, 0.512613842679736, -0.09601249296623696], [-0.6223003635501597, -0.7048417165706196, -0.6471190799922654, -0.10999628215989923, 0.1670410058441154, -0.2828419156833761, 0.4272200740995828, 0.0798455081372516, 0.5822866546770703, 0.3223679805730851, -0.504997664125389, -0.18538125311379988, 0.01688964987326827, -0.015290510584028458], [0.06562606635514523, -0.3937422137419226, -0.005142330712946508, -0.479135375839827, 0.041374063201536415, -0.6633835347151673, -0.4132945203952227, -0.1547720520855724, 0.07435100899613768, 0.6590234871505776, 0.6169552329858671, 0.5629255398719144, 0.48086384692644146, 0.020533939246721533]], "inverted": true, "swapped": true, "error_lsq": 0.039936010150222835, "error_max": 0.26843376368679794, "target": "914.xyz", "model": "20.xyz", "model_rescale": 4.067790424073018, "target_rescale": 4.153567925679859},
{"mapping": [10, 12, 13, 11, 3, 6, 9, 1, 5, 7, 0, 8, 4, 2, 14], "R": [[0.7133121589903056, -0.5764429219234881, -0.39862177762999923], [0.6812118664494051, 0.7039463680498447, 0.20102214782941372], [0.16473055832208816, -0.4149374274197789, 0.8948132623520669]], "T": [-0.03280438514781997, 0.03440788298695094, 0.0398090814639388], "aligned_model": [[0.10611152621800171, -0.6278747221833971, 0.44769992440417394, -0.1862927714413268, -0.7197417236839134, 0.09300564449713844, -0.21022310536822572, 0.39385824012633813, 0.5420074955105874, -0.1464564294957269, -0.5475321466059391, 0.19235587059705547, 0.31820980629034307, -0.3509706451408064, -0.03629884858398655], [-0.6020903264326152, -0.32132905396059597, -0.16661601093060738, 0.0460496435063415, 0.42513952591528725, 0.6960697752169176, -0.7215076119086926, -0.6375006747444079, 0.08846841838359158, -0.46014140053860797, 0.08147137835659543, -0.022029288109047515, 0.6245784831542533, 0.6525504089469629, -0.028022854379580492], [-0.4570402121138602, -0.2863141967135457, -0.42798201256563084, -0.5881543240496089, -0.2751367754548204, -0.2666746530257831, 0.005687801286929181, 0.2393159623486528, 0.16283298655745865, 0.586771764092913, 0.526941905762265, 0.5606599254458189, 0.4532824117326001, 0.3051239512710859, -0.006843731261925001]], "inverted": true, "swapped": false, "error_lsq": 0.04607929596868375, "error_max": 0.3683213628110613, "target": "914.xyz", "model": "21.xyz", "model_rescale": 4.186013935880536, "target_rescale": 4.153567925679859},
{"mapping": [2, 8, 7, 1, 4, 0, 3, 5, 9, 12, 13, 10, 14], "R": [[-0.3234398629292743, -0.9454059418526786, 0.039928187761809036], [0.16566916429397074, -0.01503285591953002, 0.9860668036421467], [-0.9316331805332128, 0.3255481813073952, 0.16148683716333584]], "T": [0.016351008351338042, -0.01082471222973469, -0.06593581589001972], "aligned_model": [[-0.03147430376376637, -0.4318481799336573, 0.3952702824505675, 0.449668283660434, -0.19154670480498792, 0.6653554458557014, 0.019479810683591694, -0.6464254781955672, 0.4478058693734248, -0.37574980527872004, -0.5308540800940269, 0.1732019547245062, 0.11569094074572553], [-0.35825952232104386, 0.17603055512682775, 0.09215309271262599, -0.5193043678670477, -0.2964801195071852, -0.3994304021529415, -0.6593044421605061, -0.3025767545060962, 0.5797617988797551, 0.5670023974163843, 0.1454203356869486, 0.4149632643087997, 0.07898082392957227], [-0.5925600961098995, -0.560042682242825, -0.6564074827346974, 0.277658796942619, 0.627451102096235, -0.33738435765743163, -0.020901318477004202, -0.04760511129105224, 0.13508344454498167, 0.13275999193094412, 0.49041269076732485, 0.6382641791157069, 0.01615040445044426]], "inverted": false, "swapped": true, "error_lsq": 0.045047717597600116, "error_max": 0.3160670995262229, "target": "914.xyz", "model": "22.xyz", "model_rescale": 4.166573947596378, "target_rescale": 4.153567925679859},
{"mapping": [14, 9, 10, 9, 3, 8, 12, 13, 7, 6, 2, 5, 1, 4, 15], "R": [[0.7923452587626679, -0.43259318917284784, -0.43017685153618557], [0.5946018600951377, 0.7053814592697812, 0.38585700057124306], [0.13651966483889122, -0.5615159210562943, 0.8161263698181662]], "T": [-0.13686617785700717, -0.012431679479869687, 0.025324433065168343], "aligned_model": [[0.06232959078235517, -0.3156074872198519, 0.48047876717270754, -0.3156074872198519, -0.6364419323470187, -0.0034341171113225766, -0.40847051029412185, 0.5562795313419059, 0.5516163758926826, -0.2408501508089121, -0.5730375827974145, 0.5224480900304811, -0.019320182869904723, -0.282405134483804, -0.11011965492761475], [-0.6852593255790088, -0.04578228055932361, -0.2089045589553079, -0.04578228055932361, 0.29871663405829557, 0.6408105796102715, -0.6042661720004457, -0.4975361131938124, 0.18027217400688883, -0.32968241868263637, 0.16118841039245463, -0.12964028405320766, 0.2288498430489192, 0.6924379223402444, -0.00033171739821345053], [-0.3401913225748738, -0.5468542523268943, -0.35047452858981926, -0.5468542523268943, -0.097302825422313, -0.4324414201012234, 0.09842966744355214, 0.057509104975177465, 0.009619475762613787, 0.7091715898270425, 0.5074238098477242, 0.5178981030631713, 0.6856767835689149, 0.17307682694943305, 0.087784043216938]], "inverted": true, "swapped": false, "error_lsq": 0.043638029626023374, "error_max": 0.3550953287679517, "target": "914.xyz", "model": "23.xyz", "model_rescale": 4.274766983524099, "target_rescale": 4.153567925679859},
{"mapping": [1, 4, 10, 9, 12, 11, 7, 8, 2, 5, 14], "R": [[0.030373753721686502, 0.02189665788354689, -0.999298739846291], [-0.39801733325669064, 0.9173429855735424, 0.008003077298890965], [0.9168749301361047, 0.3974951360615001, 0.036578399300170816]], "T": [0.04716692322492351, 0.05533794368286757, 0.019846643851447545], "aligned_model": [[0.45258177083977685, 0.2153701300422794, -0.5099842758756539, -0.5990849781422444, -0.5281487346690327, -0.4649155830120703, 0.027279942199529048, -0.014316804924109555, 0.48738605036571586, 0.37661036050976127, -0.06288317337587683], [0.0024500151868826273, 0.6944113155952655, 0.3812953274590821, -0.17076044944544155, 0.43655253374222125, -0.21273690382112967, -0.6278324550271847, 0.041362363508476635, -0.2376249265301004, 0.5778583336450421, 0.030611376930369437], [-0.6104027889914381, -0.3911263423725, -0.5141286164477142, -0.3066383693942135, 0.24522315293101005, 0.3620002841326512, 0.20885391422221825, 0.709747675179054, 0.36728184217651083, 0.39822133080435484, -0.08946564821835597]], "inverted": false, "swapped": true, "error_lsq": 0.04955151408726158, "error_max": 0.21219696638370647, "target": "914.xyz", "model": "24.xyz", "model_rescale": 3.7841303162186577, "target_rescale": 4.153567925679859},
{"mapping": [2, 8, 4, 1, 0, 6, 9, 5, 3, 14, 10, 13, 11, 7, 15], "R": [[0.2417055835435779, -0.5112313616600452, 0.8247550580257601], [0.9649004145669469, 0.03667750387467246, -0.2600422094161985], [0.10269177597253432, 0.8586601513781456, 0.5021525102823519]], "T": [-0.1226374997843196, -0.030378008506453155, 0.05350006751211459], "aligned_model": [[0.0023911348112510694, -0.4388441677476313, 0.3505195161592623, -0.29989609811699064, -0.6615482261933313, 0.29987884851496055, -0.3211642675404661, 0.5777208778895859, 0.6720789629319548, -0.2085933099515888, -0.6976781890573933, 0.3503634934204847, 0.11488264294684618, -0.3999499723740134, -0.07230313055261421], [-0.6697816273438325, -0.2567934508422892, -0.03752341365927438, 0.10275733202565669, 0.3330730794417383, 0.5177700262365068, -0.5502860570987026, -0.5208175129139893, 0.09652310897553242, -0.44786247884109026, 0.08257765261038047, -0.06733315488452087, 0.5059179526472467, 0.5512087209941001, 0.015660235128332478], [-0.32639976227996703, -0.39170457559740063, -0.523367095972619, -0.6563525680551135, -0.291185999775469, -0.15396106058252723, 0.233565200226419, -0.1422190699838107, 0.089883276588654, 0.7225421275042032, 0.5651877941376474, 0.6755164457968709, 0.5488770885878629, 0.14102280007514667, 0.04106620264265225]], "inverted": false, "swapped": false, "error_lsq": 0.04069338449287758, "error_max": 0.24839796074140744, "target": "914.xyz", "model": "25.xyz", "model_rescale": 4.19342608120988, "target_rescale": 4.153567925679859},
{"mapping": [3, 1, 4, 8, 5, 2, 12, 7, 10, 0, 9, 14], "R": [[0.8007718207379279, 0.5135306490213069, -0.3083030386289104], [-0.5029021482766712, 0.29684334555543457, -0.8117718013445439], [-0.32535199457014685, 0.8050902438330825, 0.4959594528930917]], "T": [-0.07205331644598775, 0.04749513906714903, -0.06253618331934524], "aligned_model": [[-0.1574946155103511, 0.3808286605399157, 0.15534400232593087, -0.6884064252421505, -0.6143658274083799, -0.5015145670486428, -0.14042284399497332, -0.13803542825363876, 0.5655795145500045, 0.17889046973186443, 0.48659474133356806, 0.07081087360863347], [-0.5475872821349901, -0.48813208982036643, -0.538477328688677, 0.36053728224924614, -0.31928306208061225, -0.039712477079442476, 0.4155278829280025, 0.45225433186495884, 0.14361591518376948, -0.08224811586184319, 0.5497084695842509, 0.10657290159668381], [0.18472997263968874, 0.20648810153533265, -0.5213745157681968, -0.10784027325033604, -0.3725342988611339, 0.3938509398294458, -0.6846171650941835, 0.515959616758783, -0.5973075574071678, 0.6898595615834657, -0.16764843503127852, -0.09030748572499822]], "inverted": true, "swapped": true, "error_lsq": 0.043462756030225834, "error_max": 0.2337333769509771, "target": "914.xyz", "model": "26.xyz", "model_rescale": 3.795458400668931, "target_rescale": 4.153567925679859},
{"mapping": [6, 7, 0, 1, 4, 12, 11, 10, 8, 3, 13, 5, 14], "R": [[0.4064283187540064, -0.5088458025240844, -0.7588754647294988], [-0.12064733297445487, 0.7934071525468407, -0.5966148768960309], [0.9056821974406606, 0.3340374822398463, 0.26107224612723895]], "T": [-0.04602164363157446, -0.0690136126886235, 0.0019500427776322979], "aligned_model": [[0.05809195827558672, 0.3993868297445463, 0.6038819447781917, 0.20558631351459167, -0.38244918210983975, -0.6927850749275154, -0.2160463286103, -0.7522208109403035, 0.014542783183636568, 0.36158069543923466, -0.6969505532416028, -0.07343422106977113, -0.12950797121519844], [-0.7032044731172338, -0.5733401690461628, -0.379412402796223, 0.022176642915490735, 0.4511647634794328, -0.084728817430484, -0.5254486817978992, -0.25516854707805287, 0.008917170393199031, 0.343240136205551, 0.3888488191811835, 0.6040336310609211, -0.17519656871280834], [-0.38984533270799304, 0.22579608437378262, -0.35467773213698245, -0.700011816891068, -0.4690455593224013, 0.3314304473773433, 0.46446530177027107, -0.4084452907776223, 0.687659705789617, -0.29210953485769625, 0.0067596992113078125, 0.26837807865658925, -0.0782173883857219]], "inverted": false, "swapped": true, "error_lsq": 0.049878089706885904, "error_max": 0.3359437067263188, "target": "914.xyz", "model": "27.xyz", "model_rescale": 3.6321398670334006, "target_rescale": 4.153567925679859},
