[{"mapping": [11, 2, 4, 7, 4, 9, 8, 9, 1, 0, 3, 6, 5, 13], "R": [[0.6241413838642502, -0.6976051740687323, -0.35184450267206524], [-0.10971485579308787, 0.3676089133672461, -0.9234859702406177], [0.7735697663212551, 0.614988380317455, 0.15290228483640328]], "T": [0.2357358625613515, 0.02701721869729551, 0.010523427964371869], "aligned_model": [[-0.04112925211426152, 0.10334719421256827, -0.604255040770896, -0.33780621812668077, -0.604255040770896, 0.20010369550959975, -0.5017569417381537, 0.20010369550959975, 0.7903292065278774, 0.7149853685684588, 0.24432930735553404, -0.3112819226540613, 0.21087299793991063, 0.1228167530288474], [0.3125278615972133, -0.4188238404865818, -0.320299023730042, -0.37568227235924995, -0.320299023730042, -0.6578865768300692, 0.18435609278601855, -0.6578865768300692, 0.16572055004790992, -0.5153344805710649, 0.1559558429215585, 0.2892935566480041, 0.7825871185923376, -0.039075867030706785], [0.5840138131582443, -0.60181408995229, -0.28475768669809814, 0.293855537084237, -0.28475768669809814, 0.2681671961941361, 0.2152866422623634, 0.2681671961941361, -0.06841782945682842, -0.2570340048856471, -0.4959361357595804, -0.45480328456870805, 0.0404771385360131, 0.10758444473597029]], "inverted": false, "swapped": false, "error_lsq": 0.05394678003262199, "error_max": 0.3467703535983293, "target": "915.xyz", "model": "0.xyz", "model_rescale": 3.8414455957264533, "target_rescale": 4.051398039969603},
{"mapping": [7, 10, 3, 4, 1, 5, 0, 2, 8, 6, 12, 11, 13, 14], "R": [[0.9221968622540548, 0.08351211798319008, 0.3775959128469714], [-0.259663122891204, 0.8572832365521941, 0.4445677844119861], [-0.2865798490109927, -0.5080267497647701, 0.8122689281662079]], "T": [0.07554156103560872, -0.07829260524076379, 0.0400052749829159], "aligned_model": [[0.025886370283730836, 0.2840415506038282, -0.4696652043708509, -0.30501929431183666, -0.6889341490534805, 0.1309183939924109, -0.46675572008580013, 0.20767026390496418, 0.6999330062487656, 0.6923392705474218, 0.18235209796139032, -0.3182243842189355, 0.19176182879678388, 0.020099772179055633], [0.08529306109625193, -0.3801021430850221, -0.6005080453470615, -0.3279793206577494, -0.12136946702896109, -0.7187845181479616, 0.296297342486305, -0.6246927354384124, 0.2597043616914757, -0.556397324686027, 0.2337302141427323, 0.4664852886630626, 0.6709316268761525, -0.09745497953956814], [0.6594639854193669, -0.5377663560502091, -0.16836338655155597, 0.33774209563109964, -0.36275912740513666, -0.10499921065337817, 0.3418552368138333, 0.518119938234823, -0.3066873424605523, 0.07168549860569995, -0.6481246642383572, -0.48385618456672513, 0.04170821645804957, -0.02798744909110814]], "inverted": false, "swapped": false, "error_lsq": 0.04656939239385656, "error_max": 0.32293882632892634, "target": "915.xyz", "model": "1.xyz", "model_rescale": 4.316132596720782, "target_rescale": 4.051398039969603},
{"mapping": [0, 12, 6, 5, 3, 7, 2, 9, 11, 8, 10, 13], "R": [[-0.0971765104631577, -0.8177940456053059, 0.5672474105597225], [-0.2281372227938775, 0.5730725890014952, 0.7871094049184142], [-0.9687673267560692, -0.052921703559409394, -0.24225845682301683]], "T": [0.019072010782564375, -0.04133287792539564, -0.10172719477646866], "aligned_model": [[-0.15310645825807193, 0.4924502541984861, 0.01898002943078464, -0.5709321185634757, -0.48208368453084094, -0.5351207767560046, -0.3102612438498962, -0.368646984145092, 0.5380836201794967, 0.35133305476078913, 0.5697896899939858, 0.047323172171619673], [-0.676002156009121, -0.5757091907798935, -0.5064047109974431, 0.32817036086548196, -0.2865091172790111, -0.05262384589890451, 0.458086277450617, 0.6870532802930586, 0.03519889842265922, 0.12078684292202727, 0.4104712193490239, 0.07025856940248561], [0.06534770738216131, 0.10495218338673937, -0.5801282279348999, -0.11199266163210155, -0.30696519689834467, 0.24500345225888434, -0.576646523067369, 0.4687812015166236, -0.4692867708511711, 0.6354188232329375, 0.023408478687060225, -0.048634004871098924]], "inverted": true, "swapped": true, "error_lsq": 0.05311855098627622, "error_max": 0.28334862908153075, "target": "915.xyz", "model": "2.xyz", "model_rescale": 3.795458400668931, "target_rescale": 4.051398039969603},
{"mapping": [12, 0, 6, 5, 10, 1, 3, 8, 7, 9, 11, 13], "R": [[-0.9406103341028327, 0.31289132491426663, 0.13172402276104517], [0.16322138657864077, 0.07658350560541904, 0.9836125993665039], [0.2976759619826623, 0.9466963533586572, -0.12310579269521393]], "T": [-0.0743327915913577, 0.011271623820872234, 0.04138190031402205], "aligned_model": [[-0.20440015061511135, -0.23053092142382503, -0.7184809607328972, 0.15362356909231842, 0.20900792016014907, 0.3914496737462001, -0.3284175853525114, 0.6124943464454156, 0.26893703314989065, 0.8151099098790768, -0.39995288958664715, 0.02446388098150673], [-0.26180390204844844, -0.6337778288663772, -0.16034644447169635, 0.02102963421751706, 0.5780032997123983, 0.5576367333604365, -0.3382710517268497, 0.001969746739536116, -0.40211229307421675, 0.1656758176176054, 0.4670728505893564, 0.090692483240448], [-0.6374948261431619, -0.09960706556816967, 0.013458044352715772, 0.6991687767330061, -0.3073430484471328, 0.3200279678068091, 0.44961209561309023, -0.41495833968158535, 0.41388537410411924, 0.4788784951485688, -0.26933822922682454, 0.04248218594766503]], "inverted": true, "swapped": true, "error_lsq": 0.050259541904550696, "error_max": 0.28083606400270267, "target": "915.xyz", "model": "3.xyz", "model_rescale": 3.7530521520055578, "target_rescale": 4.051398039969603},
{"mapping": [2, 11, 6, 12, 3, 8, 5, 1, 9, 7, 13], "R": [[0.10665437352855683, -0.3992671446507352, -0.91061001082224], [-0.8600597737182443, -0.4965956175963977, 0.1170041803346143], [-0.49892086570813377, 0.7707000322995332, -0.3963577045732114]], "T": [0.043364396337588186, -0.032601858361954734, -0.12275170657523024], "aligned_model": [[-0.4407567778285573, -0.18574009913661918, 0.42823632781905446, 0.49539843551667256, 0.35317678943179714, -0.0784267620936166, -0.19820489616649054, -0.67923040008905, -0.5064327318551531, 0.2133593787275261, -0.06317966188035867], [-0.608593893912825, -0.049205990294794014, -0.43199872670567396, 0.400414729288543, -0.48276745337944094, 0.765425377523102, -0.36783696530975685, 0.03806352026388626, 0.22868189298223712, -0.05262943077387588, 0.027650298632944333], [0.008732579381444089, -0.7207196307988156, -0.49358199770524747, -0.523405213586467, 0.11125315438157854, 0.04572351894446189, 0.4376094233408855, 0.13410415438207837, 0.6746228377058047, 0.5082632501545076, -0.08977129895491436]], "inverted": true, "swapped": true, "error_lsq": 0.05479635093644378, "error_max": 0.3515880961210005, "target": "915.xyz", "model": "4.xyz", "model_rescale": 3.7855080009869324, "target_rescale": 4.051398039969603},
{"mapping": [6, 2, 14, 13, 15, 12, 8, 11, 4, 1, 3, 10, 7, 16], "R": [[0.845701847520532, 0.4396284548885377, 0.30251480418762317], [0.29345091387736705, -0.8565773861628134, 0.42445464146245426], [0.4457296784429966, -0.27018882872317185, -0.8534184498757357]], "T": [0.035693078385847586, -0.06380444252642153, -0.11273172368880013], "aligned_model": [[0.17910704535710084, 0.20837126646653384, -0.30650132223947874, -0.3429060497208881, -0.7844191088032018, 0.0799912182464782, -0.4989245921451839, 0.26109715492474705, 0.6738931067520033, 0.6942894520599684, 0.14869995381656437, -0.323767541099293, 0.18557425008516443, 0.01189896877693231], [0.12496831706936137, -0.4775634009208554, -0.5854637086361607, -0.34964454830324976, -0.06924792469166821, -0.716274471871355, 0.2488184710392653, -0.4725980224383846, 0.21891222472397648, -0.4339151105382346, 0.04986567184816057, 0.5059406180703092, 0.6391714762115162, -0.09781623053746466], [0.49544123475240154, -0.6999041475033181, -0.37440327505690607, 0.4348317639559749, -0.19461258599353143, 0.07537941001057036, 0.22157462419184476, 0.5310982535588792, 0.1317530278144659, -0.0640198257939617, -0.7885461631636431, -0.3904778362435416, 0.09876287179888815, -0.14684610218227334]], "inverted": true, "swapped": false, "error_lsq": 0.04750523137371472, "error_max": 0.310045398562001, "target": "915.xyz", "model": "5.xyz", "model_rescale": 4.2253639853439635, "target_rescale": 4.051398039969603},
{"mapping": [5, 0, 7, 6, 12, 3, 11, 2, 1, 4, 9, 9, 8, 13], "R": [[0.5700399600095722, 0.1859451617657545, 0.8002992195474097], [0.2871444847628076, -0.9577182888288545, 0.01799233484106863], [0.7698067867085789, 0.21954515721973628, -0.5993308227338006]], "T": [0.09090705473804739, -0.05904479694466552, 0.012015862893889132], "aligned_model": [[0.02362018161369489, 0.13090193623679341, -0.39829752279032954, -0.3243220544106116, -0.7793131351802596, 0.05345676343259699, -0.5809999393549349, 0.32526202304847324, 0.7274042147243618, 0.6667547832746835, 0.04450891930428308, 0.04450891930428308, 0.16281443493529954, 0.09010427833911318], [0.1452048460802881, -0.3643829789681618, -0.6107822649506482, -0.42354506212116133, -0.061763650723807295, -0.7664884505479903, 0.21527655526649114, -0.3589669659275182, 0.12759364663319986, -0.47005617955819345, 0.29903148179442873, 0.29903148179442873, 0.674499794573777, -0.11949889231991695], [0.6074113839385232, -0.7284108069249979, -0.2806543674858704, 0.341321665644136, -0.3257017608122261, 0.04563766171337489, 0.2928050646505882, 0.5645518829125601, -0.30221850611506373, -0.00748667816718411, -0.48014774721764253, -0.48014774721764253, 0.0630701137051638, 0.020001091522130827]], "inverted": true, "swapped": false, "error_lsq": 0.0526531690705871, "error_max": 0.34039768076925886, "target": "915.xyz", "model": "6.xyz", "model_rescale": 3.89814844738969, "target_rescale": 4.051398039969603},
{"mapping": [3, 5, 7, 4, 0, 1, 2, 6, 11, 10, 8, 12, 13], "R": [[0.2383308955567922, 0.13592657291544752, 0.9616248494077924], [0.9692857204724847, -0.09516967938066614, -0.2267772568286283], [0.06069247326673921, 0.9861372616943561, -0.15443356107635223]], "T": [-0.015348073827396079, 0.0978927936491594, 0.020212745530887772], "aligned_model": [[0.28537315460964713, -0.06596850633589602, 0.38464995347730835, -0.4447316776765082, 0.6294574598632874, -0.55610912320885, -0.4934073474577057, 0.12229747111601821, -0.46160807638477513, -0.5354368410221787, 0.0687441001007914, 0.3044149322331693, -0.08904369841008536], [-0.26653846139107074, 0.17113410440321208, 0.3171951569892705, -0.5921393334768263, -0.06845464225433742, 0.5266827210965617, -0.14051259971249694, -0.5338734447292319, -0.11519001720638264, 0.4929414084189331, 0.8676793610336139, 0.10551563523419422, 0.19934137706504612], [-0.3405470913699817, -0.6703060291188477, -0.4481752612507653, -0.18117668540893683, 0.1502853981755359, -0.3215890310280246, -0.5257272264987426, 0.1847864096058734, 0.42737110695723385, 0.33088959933469575, 0.30379977636756056, 0.6910740446670972, 0.0015900204035977292]], "inverted": false, "swapped": true, "error_lsq": 0.05464042978385998, "error_max": 0.30533306932092447, "target": "915.xyz", "model": "7.xyz", "model_rescale": 3.7474275329858107, "target_rescale": 4.051398039969603},
{"mapping": [9, 1, 0, 5, 6, 3, 7, 8, 13, 2, 12, 10, 11, 14], "R": [[0.9836321275434343, 0.169734685641137, -0.06048118843641905], [-0.06483076784610906, 0.6465506099543943, 0.7601113604650865], [0.16812141209513182, -0.7437489127776292, 0.6469719820341788]], "T": [0.08998533316605623, -0.07777610151467818, -0.08552028608768367], "aligned_model": [[0.014396028305558958, 0.3171632573187467, -0.2906959961681711, -0.3261557956446846, -0.6950255932805709, -0.21000590248241124, -0.4399352333496263, 0.3100049376814742, 0.8970266326844185, 0.577951826440976, 0.29790244967043, -0.45960038576712053, 0.04705599904727111, 0.1463215780211568], [0.2665920088079373, -0.48073521117241974, -0.4017099564185882, -0.27205097281534485, -0.3020157074987495, -0.7096118419677032, 0.23107874642574594, -0.39652463038263364, 0.3085942208805308, -0.7631184203447248, 0.3440317222568938, 0.32913750959481247, 0.5261485970725872, -0.09466270341312745], [0.5897850534972602, -0.6778174807217351, -0.5148940402580797, 0.4641207779851525, -0.06520913483372306, 0.07235115719733673, 0.21057177393995827, 0.4759074161411232, -0.1722044457508198, -0.11352213087474375, -0.484883843850473, -0.41360596137205186, 0.05558955162133372, -0.09615744257468893]], "inverted": false, "swapped": false, "error_lsq": 0.04588713561580769, "error_max": 0.2777364147762355, "target": "915.xyz", "model": "8.xyz", "model_rescale": 4.019505241142653, "target_rescale": 4.051398039969603},
{"mapping": [3, 7, 2, 4, 6, 11, 1, 0, 12, 8, 9, 10, 13], "R": [[0.4577844159287262, -0.5147517963979782, 0.7248889684895541], [-0.5674663054010385, 0.45848212846209047, 0.6839416130894267], [-0.6844088111408932, -0.7244478766522309, -0.08221832670873089]], "T": [0.01940469935863317, -0.14225954239364652, 0.04929970768827299], "aligned_model": [[-0.2958268281088469, -0.6242611431456, 0.12655372389726874, 0.4428961905898909, 0.22288456195930115, 0.6588524790218969, 0.07446345803714269, -0.3237154469320257, 0.1784918398328376, -0.12742334144065023, -0.4989917304347368, 0.45644565336552373, 0.029331355099174485], [-0.47840931756393523, -0.06579284177982503, 0.12915088422908133, -0.3450001803073125, -0.7471572364363288, -0.16790914054887596, 0.6016911193975889, -0.6844699112938233, -0.5328899164756058, 0.296464540247667, 0.7143670340141601, 0.3607243163470741, -0.01739112171580634], [-0.326231209210865, -0.03629468582937981, -0.6565924374787255, -0.6439704483171732, -0.1452615735638739, 0.0772074242232233, -0.14205784972839375, 0.269846804115366, 0.6612315364223009, 0.7319615294169032, -0.012411676368440303, 0.3305083200211464, 0.0687677603417902]], "inverted": true, "swapped": true, "error_lsq": 0.049737028021892504, "error_max": 0.2849225605604631, "target": "915.xyz", "model": "9.xyz", "model_rescale": 3.877068213659057, "target_rescale": 4.051398039969603},
{"mapping": [5, 14, 10, 12, 11, 6, 0, 3, 4, 13, 2, 8, 1, 15], "R": [[-0.28265180557736097, -0.7925089840231259, 0.5404049102723723], [-0.5989102701830544, -0.2942633479046365, -0.7447923001409292], [0.7492759472137878, -0.534170939234425, -0.39146770314330354]], "T": [0.06514620886894985, -0.10879762416181904, -0.11269802910165796], "aligned_model": [[0.05284540934371974, 0.13816196352634846, -0.3600750320951225, -0.3837008154382825, -0.6704874145887879, 0.06114391781849736, -0.5371734955602909, 0.41856217272267804, 0.6442878523795554, 0.6340013981212673, 0.45366288824929507, -0.3095072662376779, 0.0487686693611535, -0.004086445124905705], [0.1999423758087609, -0.6034059095338464, -0.6066948264040803, -0.3211657555689871, -0.12096360997955774, -0.6792281673945894, 0.2667290282160665, -0.24579395934229264, 0.21111281705620505, -0.5910819891265846, 0.030625981982233125, 0.4449544925338379, 0.6706811954761428, -0.07055831269809174], [0.6053017933159637, -0.7123253218858834, -0.38563767754464473, 0.44554147258798493, -0.17058098938554392, 0.12160423750786917, 0.24779710629398213, 0.3963113061454324, 0.02993067101334243, -0.31627617364304583, -0.6322855634426612, -0.49781658572247955, 0.2681577915692557, -0.06969081666372198]], "inverted": false, "swapped": false, "error_lsq": 0.040743615771464785, "error_max": 0.24762438249596047, "target": "915.xyz", "model": "10.xyz", "model_rescale": 4.260839863003843, "target_rescale": 4.051398039969603},
{"mapping": [8, 0, 3, 7, 2, 1, 10, 12, 6, 4, 11, 13], "R": [[0.175073788717162, 0.9823881446993304, 0.06528936864778323], [0.09387837411463901, 0.04935469397621994, -0.99435957533284], [-0.9800693951847546, 0.18021555797633368, -0.08358428850847685]], "T": [0.008030498376939327, -0.022620254864991925, -0.08533766913991325], "aligned_model": [[0.3501948233902959, 0.2773891393875696, -0.29244909344212655, -0.3373029721736271, -0.6495913867271599, -0.4256797036841044, 0.20962515134624507, 0.7348896903747825, 0.16153077254360398, -0.331755881125864, 0.2833828841133981, -0.021334774908882657], [0.19839921431845464, -0.6452515380353869, -0.4900656291810823, -0.42248032488288867, 0.23274563367945794, 0.5413530412219634, 0.6473373265807129, -0.17720890626292318, -0.3129962269177531, 0.11844474906263786, 0.40933784040819654, 0.07346332554154492], [-0.802372135557178, -0.09720141249116115, 0.12584446489220893, -0.4704817874046048, 0.20749329395588617, -0.3801958567425173, -0.2686196274466313, -0.09714589951765333, 0.4954194466923345, 0.6668047373138146, 0.2992705380543654, -0.16263768435335912]], "inverted": false, "swapped": true, "error_lsq": 0.04771501148945007, "error_max": 0.2293249608863763, "target": "915.xyz", "model": "11.xyz", "model_rescale": 3.890672605050136, "target_rescale": 4.051398039969603},
{"mapping": [10, 8, 1, 2, 6, 0, 11, 4, 7, 3, 5, 9, 12, 13], "R": [[-0.522844493801742, 0.5567464364137384, -0.6454975142026527], [0.602420611639038, -0.2944211774345027, -0.7418932382428949], [-0.6030945547537698, -0.7767558019214822, -0.18145903727196372]], "T": [-0.09703291550158201, -0.11936618762858611, -0.11376973728442735], "aligned_model": [[-0.07476790764586973, 0.22073623808266202, -0.5122634102270406, -0.275426426205634, -0.5073182790517277, 0.0176340719061744, -0.5348601453939243, 0.25246532322149634, 0.7184981639576556, 0.6455000458239762, 0.2513672271077909, -0.3841038622243905, 0.31338795600091274, 0.05555480712536644], [0.36892439767919927, -0.38774185146912765, -0.7706244798460905, -0.20078093870874975, -0.23194403875413602, -0.6985004238930459, 0.04798756774270682, -0.34137924440607736, 0.11150877854289784, -0.6685657598577686, 0.4274895038271943, 0.5559651410574772, 0.4547989473099807, -0.08198423819924476], [0.6349739292447312, -0.7021474339441793, -0.02025736666840089, 0.569685840871115, -0.5024218848843549, -0.10154034104314998, 0.17443540011457132, 0.45157814462097273, -0.20634391677184427, -0.12313922021656024, -0.5433490375157685, -0.3732659493265076, 0.12502149538792834, -0.0531984097227033]], "inverted": true, "swapped": false, "error_lsq": 0.05995999037751332, "error_max": 0.39326406028717564, "target": "915.xyz", "model": "12.xyz", "model_rescale": 4.124412569039231, "target_rescale": 4.051398039969603},
{"mapping": [1, 2, 6, 9, 11, 10, 5, 8, 3, 7, 12, 0, 13], "R": [[0.34077271201340453, -0.9349060939783255, -0.0991188891645774], [0.6948593829584057, 0.3214775826666151, -0.6432904489866871], [0.6332806618409355, 0.15034214074909322, 0.7591790592826482]], "T": [0.22198164129794976, 0.14723480552196552, 0.003410371889410192], "aligned_model": [[-0.34660451140467585, -0.22387056998633856, 0.6663073460223338, -0.6899300798921606, 0.6138355821586786, 0.2492868931393158, -0.4292891243781972, 0.1450392452848703, 0.10580990440501625, -0.23339775154264167, 0.8581110684897143, 0.5017375149105253, 0.1502627903033178], [-0.2556013308929397, 0.3899556012690357, 0.6264506581555654, -0.23809706958013235, -0.054036684137349134, -0.5197119648576013, 0.3853727223602559, -0.5555943343218325, 0.7232082452413959, 0.3527414399882316, -0.03551538354746828, 0.4827263092744071, 0.04558716755690875], [0.33135031001901116, 0.574138568803141, 0.13789532127204313, -0.15872723491190802, 0.4684592746149563, 0.28182062670284747, 0.06569695368369612, -0.4210605045938456, -0.08686576609106651, -0.4183429980764806, -0.334677029078455, -0.5157684439004873, 0.02777900252438696]], "inverted": true, "swapped": true, "error_lsq": 0.04780629043748892, "error_max": 0.26520483460456806, "target": "915.xyz", "model": "13.xyz", "model_rescale": 3.9028299243045295, "target_rescale": 4.051398039969603},
{"mapping": [13, 3, 0, 5, 8, 4, 12, 10, 9, 7, 6, 1, 11, 15], "R": [[0.7149248798055454, -0.19040449214489602, -0.6727767427654371], [-0.044395468079123854, -0.9726275144239023, 0.22808936976461205], [-0.6977904116918362, -0.13319852685606795, -0.7038087053982149]], "T": [-0.05547746163572835, -0.07717424233094526, -0.09194511428748016], "aligned_model": [[-0.1721634552934958, 0.08985596176263076, -0.4877956219701204, -0.3226891288242546, -0.815047192453294, 0.02401332016792379, -0.4435244894726359, 0.394779926013071, 0.6666344304825499, 0.7864263756658191, 0.3160199796902804, -0.05928417315608371, 0.1516340129427946, 0.057543856922262396], [0.03168610513910554, -0.45775778385211247, -0.7030223531734923, -0.2918458087322377, -0.19393273524322446, -0.7411205415593032, 0.38244934113102574, -0.3689487146341899, 0.20283130356385493, -0.4108607271729474, 0.10372687168545074, 0.47654917885543124, 0.6203443582080981, -0.06494513319024306], [0.6872757500558928, -0.5638813485444722, -0.42153813551916675, 0.28833882851354914, -0.014948764268742268, 0.01859809550815006, 0.2579205094502702, 0.4252478325213645, -0.12351671534250315, -0.1138360806409436, -0.6150824770184293, -0.43190781447657695, 0.036231823333492855, -0.09887025342603548]], "inverted": true, "swapped": false, "error_lsq": 0.0503104803782655, "error_max": 0.32779930938584567, "target": "915.xyz", "model": "14.xyz", "model_rescale": 3.942246331269136, "target_rescale": 4.051398039969603},
{"mapping": [2, 13, 4, 5, 10, 3, 9, 1, 8, 12, 11, 6, 7, 14], "R": [[-0.9306672054492673, -0.2994031792672347, 0.2102766961551461], [-0.30767808849652845, 0.9514646775215856, -0.0070115110973200875], [-0.19797158018355537, -0.07122291536730008, -0.9776167703994285]], "T": [-0.007003158512309949, -0.11020665118384104, -0.07175498515933275], "aligned_model": [[0.054519240655124236, 0.3926836347911399, -0.2571578968196068, -0.20101659656005186, -0.6563661163856711, -0.088397417683793, -0.5918241540506326, 0.3290669271244243, 0.5345390782924031, 0.601414835238214, 0.019625838991187437, -0.09172624479330443, 0.07871147662479937, 0.06233119705321539], [0.17783084126470838, -0.5091174448309888, -0.5014136698882763, -0.2848456473182325, -0.0864363500838713, -0.7957525044290996, 0.3786330840861091, -0.5951796415818996, 0.3968807979844165, -0.6560079024006871, 0.08743751354818441, 0.4023197912176268, 0.6781140420058025, -0.10730954854857633], [0.6324447847810736, -0.6566058144106252, -0.4295868623606244, 0.5067254078318052, -0.3663109862367815, 0.12811944585374752, 0.18744073728054866, 0.48367235653812224, -0.29183508635062483, -0.06956473095918754, -0.7604775020671866, -0.27894580017954307, 0.24790576335595071, -0.00295046293082539]], "inverted": false, "swapped": false, "error_lsq": 0.05274621577622536, "error_max": 0.34323452496621415, "target": "915.xyz", "model": "15.xyz", "model_rescale": 4.355366556412066, "target_rescale": 4.051398039969603},
{"mapping": [0, 12, 6, 5, 3, 7, 2, 9, 11, 8, 10, 13], "R": [[-0.0971765104631577, -0.8177940456053059, 0.5672474105597225], [-0.2281372227938775, 0.5730725890014952, 0.7871094049184142], [-0.9687673267560692, -0.052921703559409394, -0.24225845682301683]], "T": [0.019072010782564375, -0.04133287792539564, -0.10172719477646866], "aligned_model": [[-0.15310645825807193, 0.4924502541984861, 0.01898002943078464, -0.5709321185634757, -0.48208368453084094, -0.5351207767560046, -0.3102612438498962, -0.368646984145092, 0.5380836201794967, 0.35133305476078913, 0.5697896899939858, 0.047323172171619673], [-0.676002156009121, -0.5757091907798935, -0.5064047109974431, 0.32817036086548196, -0.2865091172790111, -0.05262384589890451, 0.458086277450617, 0.6870532802930586, 0.03519889842265922, 0.12078684292202727, 0.4104712193490239, 0.07025856940248561], [0.06534770738216131, 0.10495218338673937, -0.5801282279348999, -0.11199266163210155, -0.30696519689834467, 0.24500345225888434, -0.576646523067369, 0.4687812015166236, -0.4692867708511711, 0.6354188232329375, 0.023408478687060225, -0.048634004871098924]], "inverted": true, "swapped": true, "error_lsq": 0.05311855098627622, "error_max": 0.28334862908153075, "target": "915.xyz", "model": "16.xyz", "model_rescale": 3.795458400668931, "target_rescale": 4.051398039969603},
{"mapping": [3, 5, 7, 4, 0, 1, 2, 6, 11, 10, 8, 12, 13], "R": [[0.2383308955567922, 0.13592657291544752, 0.9616248494077924], [0.9692857204724847, -0.09516967938066614, -0.2267772568286283], [0.06069247326673921, 0.9861372616943561, -0.15443356107635223]], "T": [-0.015348073827396079, 0.0978927936491594, 0.020212745530887772], "aligned_model": [[0.28537315460964713, -0.06596850633589602, 0.38464995347730835, -0.4447316776765082, 0.6294574598632874, -0.55610912320885, -0.4934073474577057, 0.12229747111601821, -0.46160807638477513, -0.5354368410221787, 0.0687441001007914, 0.3044149322331693, -0.08904369841008536], [-0.26653846139107074, 0.17113410440321208, 0.3171951569892705, -0.5921393334768263, -0.06845464225433742, 0.5266827210965617, -0.14051259971249694, -0.5338734447292319, -0.11519001720638264, 0.4929414084189331, 0.8676793610336139, 0.10551563523419422, 0.19934137706504612], [-0.3405470913699817, -0.6703060291188477, -0.4481752612507653, -0.18117668540893683, 0.1502853981755359, -0.3215890310280246, -0.5257272264987426, 0.1847864096058734, 0.42737110695723385, 0.33088959933469575, 0.30379977636756056, 0.6910740446670972, 0.0015900204035977292]], "inverted": false, "swapped": true, "error_lsq": 0.05464042978385998, "error_max": 0.30533306932092447, "target": "915.xyz", "model": "17.xyz", "model_rescale": 3.7474275329858107, "target_rescale": 4.051398039969603},
{"mapping": [7, 8, 4, 9, 5, 6, 12, 2, 1, 0, 3, 10, 11, 13], "R": [[0.3670723273237659, 0.1553344494402486, -0.9171309150444168], [-0.7350607477117814, 0.6526517791458655, -0.183660971224519], [0.5700382475645921, 0.7415637963080665, 0.35375066405401634]], "T": [0.030811044434530026, -0.04520182886805733, -0.03907471649679387], "aligned_model": [[0.06430715630444789, 0.02218692626682433, -0.270016923938766, -0.3809928640998524, -0.6443833671470258, -0.030924481153910034, -0.580608102000146, 0.44593850103894295, 0.6921092288707567, 0.5711960759718182, 0.3723511741682413, -0.3147931182214518, 0.14826871362197033, 0.09176488279559764], [0.3161864270859042, -0.24383737361705266, -0.7620932627582305, -0.3759433515720494, -0.12549909586122485, -0.7524654157158532, 0.25241653963983135, -0.4091708218805447, 0.1448383103267015, -0.639958158155613, 0.2847371764180652, 0.35632957986176367, 0.6666455843248669, -0.1270327770713487], [0.6209978711664488, -0.729961100909455, -0.3302705740907724, 0.3717193340094494, -0.2858231555045375, 0.26253058030656345, 0.27209542572976136, 0.4070513763383033, 0.03225461523892167, -0.2701403289182572, -0.5239249757331049, -0.4815333710869823, -0.004237694728991402, -0.010726751671497784]], "inverted": false, "swapped": false, "error_lsq": 0.048835814777434636, "error_max": 0.36042170317788086, "target": "915.xyz", "model": "18.xyz", "model_rescale": 3.922800546911778, "target_rescale": 4.051398039969603},
{"mapping": [6, 3, 9, 10, 11, 2, 4, 1, 5, 0, 12, 13, 8, 14], "R": [[0.8365658990194127, -0.352085635355773, 0.4197537396783546], [0.5474413563639221, 0.5070303595725336, -0.6657538402549226], [0.021574474275668526, 0.7867375164868329, 0.61691054636135]], "T": [0.03574066989419816, -0.040007401584349525, -0.05938073294232199], "aligned_model": [[-0.06986602275343776, 0.2561615251312148, -0.3473157715452216, -0.5631197841426676, -0.6539468474425838, -0.014950351380521892, -0.5299838460637802, 0.46227442577052924, 0.7654562449357212, 0.68727512711542, 0.3073984003983497, -0.3315520174865905, 0.22107661432110753, -0.0025038943800910762], [0.11641030868309112, -0.39737248974000633, -0.729887779708282, -0.380632901886916, -0.05002618147092798, -0.7290614283386504, 0.2702748779174233, -0.24896253463147056, 0.13358106570933814, -0.5428917895212612, 0.24619952435586495, 0.4612572002146344, 0.5095288642834791, -0.07326337484110035], [0.6040561504880693, -0.5419302992349332, -0.259570673914221, 0.3600725688657474, -0.23679089400480202, 0.1297328079890332, 0.2685641071809221, 0.5084130072548874, -0.20050459254856728, -0.2044764913215522, -0.739749542903287, -0.35203005824496086, 0.1356862663708568, -0.14144110583134295]], "inverted": true, "swapped": false, "error_lsq": 0.044674860728187535, "error_max": 0.286462139067189, "target": "915.xyz", "model": "19.xyz", "model_rescale": 3.9282355846067225, "target_rescale": 4.051398039969603},
{"mapping": [1, 9, 8, 3, 6, 4, 5, 0, 10, 11, 12, 7, 2, 13], "R": [[0.13018691372511404, 0.5488477400822106, -0.8257224265462214], [-0.8565573116543367, 0.48170077085982277, 0.1851322208707828], [0.4993605304248879, 0.6831767893888834, 0.5328306814496251]], "T": [-0.07325123670538593, -0.1178318639616044, -0.12092266024166132], "aligned_model": [[0.096275359395346, 0.25644814737452987, -0.27361159204939883, -0.338377469451836, -0.7262817918320458, -0.09288470226454876, -0.5089937667441792, 0.3564406454720444, 0.7110947188249559, 0.49785109604959166, 0.33433315967369215, -0.24758272915342283, 0.10099223555970387, 0.02070049162301535], [0.15050146354653, -0.3521841988791654, -0.720996609668944, -0.3162763701787202, -0.13737514385488514, -0.7139394739727867, 0.26598438314151335, -0.41186632224717673, 0.2361206847802837, -0.5487127815948757, 0.19956942250125737, 0.36407037468293096, 0.6422630329201356, -0.07200510015088117], [0.5578694691098244, -0.6819949590533174, -0.5388575794221564, 0.5548605356159133, -0.11728833237485026, 0.08797465725357476, 0.26702538811489607, 0.4866179655014784, -0.07904946745938468, -0.08159160804002824, -0.7961453853091669, -0.4751493383869529, 0.144804964342648, 0.0009549402533715196]], "inverted": true, "swapped": false, "error_lsq": 0.04093748430063652, "error_max": 0.2791727671523876, "target": "915.xyz", "model": "20.xyz", "model_rescale": 4.067790424073018, "target_rescale": 4.051398039969603},
{"mapping": [1, 6, 2, 8, 0, 4, 7, 5, 13, 6, 11, 12, 9, 14], "R": [[-0.4246038866049239, 0.028349676758885056, 0.9049352658105774], [0.8579825284134663, 0.3317540600242272, 0.3921800920427722], [-0.2890977696510798, 0.942939838741109, -0.16518759062854269]], "T": [0.014873416141925094, -0.07873386274762509, -0.08607338326961114], "aligned_model": [[0.10102218029366057, 0.3813631702930793, -0.3406103804842054, -0.21616149311765953, -0.6856523249996733, 0.0040855444807669054, -0.503826043429367, 0.32087065896268435, 0.6645950588549243, 0.3813631702930793, 0.36870929080014153, -0.18339351140905227, -0.14696900447022684, 0.04100748640929533], [0.34028845289934195, -0.5967280105761215, -0.6430563050051544, -0.2723573575027523, -0.15756804350052456, -0.847466352832897, 0.20089619365592945, -0.32284629298192163, 0.14036980509293448, -0.5967280105761215, 0.17409391366125407, 0.5133121420185122, 0.6582191142695365, -0.005275887596799617], [0.6141435764677271, -0.4667625289160666, -0.41606335741988976, 0.39797280224090426, -0.17271567931486037, 0.14065657780434673, 0.3715529483645954, 0.35578737494397483, 0.055273264396095506, -0.4667625289160666, -0.5645193501876581, -0.5301292587826348, 0.10035955380115599, -0.08876214433577387]], "inverted": false, "swapped": false, "error_lsq": 0.05242777834450208, "error_max": 0.40590669256526524, "target": "915.xyz", "model": "21.xyz", "model_rescale": 4.186013935880536, "target_rescale": 4.051398039969603},
{"mapping": [5, 7, 1, 4, 6, 2, 3, 0, 10, 8, 12, 11, 13], "R": [[0.40273017768560554, 0.3246932109269708, 0.8557936215929951], [-0.7599926408448784, -0.40244951020150715, 0.5103386891077284], [0.5101172314703242, -0.8559256454368573, 0.08468588808385374]], "T": [-0.05850823701537413, -0.003934805998556674, 0.0323187516817089], "aligned_model": [[0.12484531891906434, -0.3804845380524703, 0.46399010854952516, 0.5119287542102827, -0.121552989103001, 0.5573216524038194, -0.21120110028246006, -0.6796263726347694, 0.3110284489385647, -0.32706029478957704, -0.5102619771661766, 0.3200025130949734, -0.00035548866454992306], [-0.29172554521289623, -0.17178197902295916, 0.3046313459462219, -0.561305739297297, -0.46745708650810375, -0.3610258055745482, -0.5655199749954979, -0.2358566317441342, 0.6123630290968511, 0.7492763617654572, 0.2708184321936007, 0.14881852214441313, 0.08772173075498577], [-0.5745592095928393, -0.5114071548091336, -0.4419113376454481, 0.28729247654339174, 0.5080621926349778, -0.2445707913988165, -0.08891673930009653, 0.17650290137693248, 0.11414452680197204, -0.16921830724562983, 0.5546123346406874, 0.5260051280748053, -0.033156458745456883]], "inverted": true, "swapped": true, "error_lsq": 0.049707986538324915, "error_max": 0.3008852369738166, "target": "915.xyz", "model": "22.xyz", "model_rescale": 4.166573947596378, "target_rescale": 4.051398039969603},
{"mapping": [4, 13, 12, 2, 11, 6, 3, 1, 7, 5, 10, 9, 8, 15], "R": [[0.922070061184836, -0.3699683589636661, -0.11362312982982498], [0.29089119872154756, 0.856147956436015, -0.4270749198873388], [0.25528241767292653, 0.3607410290723355, 0.8970489380022131]], "T": [-0.04613806144987119, -0.06435389139300932, -0.08567111786923096], "aligned_model": [[0.0243204021667381, 0.49474005826056777, -0.4277898425450487, -0.2975277771515311, -0.8315473943946156, -0.05633506758213168, -0.46929021968190054, 0.2821140232585997, 0.6438374280367509, 0.6634246839908862, 0.3955115554227967, -0.3600225479066762, 0.1279857642151116, -0.003017263612100085], [0.2440444443345348, -0.35630383701155255, -0.49623649446342977, -0.3578592373293379, -0.10964867603473122, -0.803046070630361, 0.20101743333397934, -0.43291372749872603, 0.09618082544583054, -0.4961151618002476, 0.13917408606628498, 0.35917486823202993, 0.7027765891098784, -0.10509168072893586], [0.5774876751734775, -0.6679332819908355, -0.39744137042905026, 0.4652073278293881, -0.1420084024501887, 0.09691452605266965, 0.24891364420502002, 0.4286374247016772, -0.18340584172613686, -0.11980170327658099, -0.655287841124117, -0.37298468388085826, 0.10213425862565434, -0.050400481564270044]], "inverted": true, "swapped": false, "error_lsq": 0.03829783755302805, "error_max": 0.2684563531018018, "target": "915.xyz", "model": "23.xyz", "model_rescale": 4.274766983524099, "target_rescale": 4.051398039969603},
{"mapping": [2, 7, 9, 1, 8, 10, 11, 12, 6, 0, 13], "R": [[-0.7931690999607093, -0.06094208895232445, 0.6059445854710191], [0.6017446304351759, -0.23156843377614145, 0.7643817503191048], [0.09373461799117688, 0.9709078855754503, 0.2203445009920974]], "T": [0.0831559364181067, 0.07276204539561731, 0.06403930216097903], "aligned_model": [[0.22377001803561228, 0.13436654102482454, -0.5446022494585714, -0.44234895440844124, -0.6348022810170971, -0.5356809024306122, 0.020874135804366867, 0.0641297918331993, 0.6718434123314493, 0.45517761747361746, -0.0328324252302733], [-0.2659508800485287, 0.6514295572922972, 0.4812779680332287, -0.09411814096970295, 0.38862237345506445, -0.293375863934397, -0.5234281290016014, 0.13900116536608936, -0.13454808276820746, 0.5067414890597939, 0.05993507475944736], [-0.6059827033996688, -0.23596179444072146, -0.6033336413790105, -0.4736477648058229, 0.3186619804041254, 0.14188427321440733, 0.28988982509267774, 0.8040472448516056, 0.2998971690386688, 0.42958854915428596, 0.014523296291029872]], "inverted": false, "swapped": true, "error_lsq": 0.058197124883194534, "error_max": 0.34599156323230823, "target": "915.xyz", "model": "24.xyz", "model_rescale": 3.7841303162186577, "target_rescale": 4.051398039969603},
{"mapping": [3, 10, 0, 6, 1, 7, 4, 11, 14, 10, 9, 2, 5, 15], "R": [[-0.1077133411459456, 0.8446637162295846, 0.5243482074198453], [-0.6496711818472275, -0.4590298765176147, 0.6059859139794014], [0.7525458069887867, -0.2753811521318251, 0.5981973164718685]], "T": [0.01675024020934111, -0.08794805984070764, -0.08990141976293603], "aligned_model": [[0.005572961514599611, 0.5078962790381717, -0.3825742119193299, -0.3115071499390891, -0.7005098031121677, -0.012381333917181093, -0.5576693696635221, 0.38271021353562984, 0.7603170866000825, 0.5078962790381717, 0.3066285670473004, -0.22395424240798567, -0.08970308879787565, -0.006318384539356729], [0.2635654958557715, -0.5906188590154751, -0.6363929999027762, -0.25071522169647453, -0.18584113676162764, -0.7277976077288121, 0.2813127389884122, -0.4580837229168827, 0.09219143844278505, -0.5906188590154751, 0.18581875292286798, 0.5560731507300527, 0.740086651297005, -0.09382646017415505], [0.6348848771796523, -0.4235970018088304, -0.3746435469658564, 0.5328187333374668, -0.2601699416587515, 0.022122986312519854, 0.21075272888621072, 0.4744570283929043, -0.29956083027737235, -0.4235970018088304, -0.5178768821261681, -0.3998870005729462, 0.17910592463131947, -0.024778823375467954]], "inverted": false, "swapped": false, "error_lsq": 0.04503087762575617, "error_max": 0.3126473418409787, "target": "915.xyz", "model": "25.xyz", "model_rescale": 4.19342608120988, "target_rescale": 4.051398039969603},
{"mapping": [0, 12, 6, 5, 3, 7, 2, 9, 11, 8, 10, 13], "R": [[-0.0971765104631577, -0.8177940456053059, 0.5672474105597225], [-0.2281372227938775, 0.5730725890014952, 0.7871094049184142], [-0.9687673267560692, -0.052921703559409394, -0.24225845682301683]], "T": [0.019072010782564375, -0.04133287792539564, -0.10172719477646866], "aligned_model": [[-0.15310645825807193, 0.4924502541984861, 0.01898002943078464, -0.5709321185634757, -0.48208368453084094, -0.5351207767560046, -0.3102612438498962, -0.368646984145092, 0.5380836201794967, 0.35133305476078913, 0.5697896899939858, 0.047323172171619673], [-0.676002156009121, -0.5757091907798935, -0.5064047109974431, 0.32817036086548196, -0.2865091172790111, -0.05262384589890451, 0.458086277450617, 0.6870532802930586, 0.03519889842265922, 0.12078684292202727, 0.4104712193490239, 0.07025856940248561], [0.06534770738216131, 0.10495218338673937, -0.5801282279348999, -0.11199266163210155, -0.30696519689834467, 0.24500345225888434, -0.576646523067369, 0.4687812015166236, -0.4692867708511711, 0.6354188232329375, 0.023408478687060225, -0.048634004871098924]], "inverted": true, "swapped": true, "error_lsq": 0.05311855098627622, "error_max": 0.28334862908153075, "target": "915.xyz", "model": "26.xyz", "model_rescale": 3.795458400668931, "target_rescale": 4.051398039969603},
{"mapping": [4, 1, 11, 6, 12, 7, 5, 3, 9, 10, 0, 8, 13], "R": [[0.017081729790173333, 0.22504683109702617, -0.9741982027906655], [0.6709772717245244, 0.7197854050730189, 0.17804064556438967], [0.7412811311078207, -0.6567060944266144, -0.1387061289433647]], "T": [-0.11245178064484075, -0.045724653686438535, -0.13250226626102563], "aligned_model": [[0.05062414023299665, 0.34041057830085364, 0.39614095597166876, -0.3116779724047147, -0.14877153768114776, -0.6008292687299431, -0.3088080047672158, -0.597201415990493, -0.04969190940874023, 0.5581145052254886, -0.6815356964311071, 0.08390354487774816, -0.031001536374137467], [-0.7491714815550325, -0.29263860323535235, -0.05814548663488353, -0.2097835426935311, 0.5806250897086388, -0.09405174295386302, -0.5270485626527818, -0.37490538819137464, -0.13392033031544254, 0.16972327203390114, 0.23484308215805544, 0.6122237415913747, -0.035868544002794156], [-0.5563431833586893, 0.43939016613829035, -0.5217442945850421, -0.7477688526764059, -0.530909400528457, 0.2995060610727507, 0.3306547522951597, -0.23274642752077931, 0.8648116090757452, 0.031811119803571375, -0.37289732251691954, 0.32423940294656806, -0.03586696804636627]], "inverted": false, "swapped": true, "error_lsq": 0.05978122998482657, "error_max": 0.40360961591803424, "target": "915.xyz", "model": "27.xyz", "model_rescale": 3.6321398670334006, "target_rescale": 4.051398039969603},
