[{"mapping": [5, 1, 11, 8, 12, 7, 14, 10, 6, 3, 2, 9, 4, 15], "R": [[-0.17449755071307033, 0.14581031001143127, -0.9738018064727081], [-0.954259578643864, -0.2688808556662783, 0.1307353893274686], [-0.2427740953264459, 0.9520727067564432, 0.18605993574083976]], "T": [-0.03586547418797059, 0.0521084937265049, 0.12840807537734833], "aligned_model": [[0.16395043323973307, 0.21875610507574655, -0.5735704342905432, -0.3896999037850277, -0.6325854337167762, -0.11374085281971527, -0.693345231878896, 0.008467457717830223, -0.3014523514082044, 0.29324695037993076, 0.5408524172787031, 0.22628449151138635, 0.6588480613741831, -0.034519607550046516], [-0.7150328553299811, -0.44540439725570524, -0.4800281833941778, -0.2295293452258631, 0.2600564691685961, 0.33023280621817, 0.1606559520688464, 0.5925219876985132, 0.6715645670130117, -0.056527008507917524, 0.5550095591958628, 0.6709599611231127, -0.187498983998359, 0.10829280303592528], [0.29270206607162447, -0.37700427859168406, 0.26858063876309607, -0.38123578884453524, 0.62909233568205, -0.48390772940068594, 0.04543158625064442, 0.5902504032442795, -0.13773135963651223, 0.6384039661902483, 0.4446042933552509, 0.0028293017216512173, 0.16284889895706922, 0.20272375341733728]], "inverted": false, "swapped": true, "error_lsq": 0.04144407887578816, "error_max": 0.2850273862104467, "target": "916.xyz", "model": "0.xyz", "model_rescale": 3.8414455957264533, "target_rescale": 4.221673219594819},
{"mapping": [6, 10, 0, 2, 9, 4, 1, 7, 11, 8, 3, 12, 13, 14, 15], "R": [[0.917959646446515, 0.25063465488873643, -0.30746114756923876], [0.19751207249195551, 0.3833865678682692, 0.9022215475137587], [0.3440044603137025, -0.8889302612393128, 0.3024300281673189]], "T": [0.05262919494187239, 0.034600003425174525, -0.05369711834225485], "aligned_model": [[-0.5922953404727417, -0.49024584271924504, 0.0803876510533267, -0.3537373976167707, -0.5047654862086657, 0.4089795047070228, 0.6076616629273771, -0.20923577791438513, 0.47569581548738477, 0.2885631478850825, 0.19619201578767942, -0.2775337513673032, 0.41411242555749045, -0.16625997785366275, -0.005474495748044365], [0.025644602321977267, 0.12673890768693524, -0.6907366585968231, -0.3937094972650481, -0.35843749378746803, -0.5025729724873527, -0.34236370049565745, -0.24386390606378286, 0.6558514044216129, 0.1396433127548173, 0.018673505517431327, 0.752771678697971, 0.5606001603022582, 0.5390752132531462, 0.05972997178299763], [0.27658239867924594, -0.5054798149274897, 0.18994632984281726, -0.6341367967949608, -0.10168114503749623, -0.40821716133467756, 0.2892754727972582, 0.5050809589658014, 0.11063713287228763, 0.5768237911054148, -0.6531539826218464, -0.21251674190212802, -0.47762787951086394, 0.3317112014117495, -0.12206197620557738]], "inverted": false, "swapped": true, "error_lsq": 0.042130381447515707, "error_max": 0.2742748204880508, "target": "916.xyz", "model": "1.xyz", "model_rescale": 4.316132596720782, "target_rescale": 4.221673219594819},
{"mapping": [13, 12, 11, 4, 5, 3, 1, 2, 8, 10, 7, 15], "R": [[0.28423395074431557, 0.6001135521728771, -0.747713037028732], [0.36742665419966947, 0.6521554770852587, 0.6630919148137275], [0.8855555968023209, -0.4632029341510594, -0.035132986863271966]], "T": [0.08084192264831641, 0.09407411857638538, -0.04028600979021491], "aligned_model": [[-0.22721793166069032, 0.4663683798053786, 0.1596091242367073, -0.5909131218365458, -0.5387482114093958, -0.41412657263525554, -0.1944790877756578, -0.20908102242383803, 0.3876409754758142, 0.1657330716797599, 0.5104084673048352, 0.0826144838706687], [-0.6047692262119038, -0.5093925322829058, -0.5620586401355758, 0.39332849111559964, -0.22770682232153022, -0.08541199493999006, 0.36313410190789475, 0.4623924612490542, 0.08669149725764551, 0.05618170953841542, 0.5694872554640332, 0.07090012710024358], [0.02120128096362594, 0.3301180280387279, -0.43427832656942267, -0.060701467881837, -0.4501516628093617, 0.2806554065589916, -0.6880498089126377, 0.6421942760958012, -0.648624223552644, 0.6658783813265877, -0.2589256346606325, 0.049942212612222585]], "inverted": true, "swapped": true, "error_lsq": 0.05199688504244974, "error_max": 0.3221093767808994, "target": "916.xyz", "model": "2.xyz", "model_rescale": 3.795458400668931, "target_rescale": 4.221673219594819},
{"mapping": [6, 10, 2, 5, 7, 1, 3, 14, 13, 11, 0, 15], "R": [[0.6243772533247338, -0.09450097055307703, 0.7753854603325936], [0.48940427416435606, -0.7263376604411563, -0.4826148147897325], [0.6087992295989881, 0.6808106708839062, -0.4072595345112064]], "T": [0.060170932440117404, 0.01711842773578431, 0.032974268945558785], "aligned_model": [[0.028647139088346547, -0.2771501151107676, -0.7127152545783189, 0.22860688892544498, 0.057649189069077664, 0.11918547456296219, -0.22738642486057836, 0.5944683917698282, 0.36032092218342937, 0.7681256508885315, -0.3718550842931554, 0.02540704809876474], [-0.024732624391559963, -0.5671872822033713, -0.27516978710579676, 0.18176354844497353, 0.4534647499763211, 0.7095871235335047, -0.3138628007901073, -0.12775058973885203, -0.44052751688060865, -0.0807274078105003, 0.6391237581456075, -0.06821212588990065], [-0.6897616128544112, -0.19530590395523684, -0.01906031217445904, 0.8075361286192343, -0.4846586902586436, 0.32417396335298765, 0.46653471642948563, -0.34713949424046964, 0.5691960088529188, 0.31787903176106336, -0.07975915471293689, 0.01913674981956789]], "inverted": false, "swapped": true, "error_lsq": 0.04599818893989383, "error_max": 0.27846512415616553, "target": "916.xyz", "model": "3.xyz", "model_rescale": 3.7530521520055578, "target_rescale": 4.221673219594819},
{"mapping": [9, 1, 4, 5, 2, 11, 10, 14, 12, 13, 15], "R": [[-0.2094000286384003, -0.7850631834847082, 0.5829471896690921], [-0.818178910688018, -0.18579913573429885, -0.5441157517162649], [0.5354763282458017, -0.5908929506240896, -0.6034157959410339]], "T": [-0.16751985954208656, -0.08592001054892823, -0.08882220976522501], "aligned_model": [[-0.3735882714236657, -0.0580369599639452, 0.4179651167450773, 0.431801443269072, 0.14580485888010272, -0.17300883355536253, -0.130519063179309, -0.6936698791748707, -0.35959061722780783, 0.2813535814196093, -0.1503117733436953], [-0.7351974824827432, 0.08743118375269562, -0.3496466328970755, 0.3808556954899935, -0.8150692066667655, 0.6765327280135442, -0.48830835615034274, 0.24946242475950425, 0.1811380495194827, 0.4035620444966595, -0.12355708952060633], [-0.0301336617186454, -0.813912363469513, -0.4478214039295645, -0.3687493037025835, 0.14710601423071465, 0.014037439295766063, 0.497714276329733, 0.15943583977335582, 0.647242064399688, 0.29325570519921274, -0.00534382916284748]], "inverted": true, "swapped": true, "error_lsq": 0.04467441044279436, "error_max": 0.201931111546514, "target": "916.xyz", "model": "4.xyz", "model_rescale": 3.7855080009869324, "target_rescale": 4.221673219594819},
{"mapping": [1, 11, 2, 14, 12, 13, 5, 4, 6, 0, 3, 8, 10, 15, 7, 16], "R": [[-0.03742980804527163, 0.3293407036868613, 0.9434689768957627], [0.9987763936779804, -0.01820843128443761, 0.0459800876659443], [0.03232220446229078, 0.9440355681462447, -0.3282561822319496]], "T": [-0.00498365553381435, 0.05655854501565377, 0.00032463930142413895], "aligned_model": [[-0.18335721239151004, 0.5355017135981297, -0.5641996194205745, -0.0509339863437129, 0.21875674475589613, 0.6753399699794783, -0.5787217508260382, -0.06700445107982159, 0.47153987967860533, -0.5885649371073453, -0.677786817906196, 0.4790200502242224, -0.17587824990838447, 0.24787309347281855, 0.0524411651221512, -0.02292154132927288], [-0.40216662062567227, -0.26552199434411017, 0.2867290712190174, 0.626342092313716, 0.15573583549173384, 0.24742450671282973, -0.3040964635343467, -0.6795153829878615, -0.3772577493436566, -0.4301471956122698, 0.20079861026025891, 0.2713304006701589, 0.2894280883626368, 0.7895512633393782, -0.38854198509881166, 0.10197635067602258], [-0.5748779646657712, -0.4860660680731819, -0.42403926371126144, -0.3615215640222627, -0.634631549220411, -0.15966782336247673, 0.44288063286331614, 0.037058510573918145, 0.10427564316370792, -0.1758125037358492, 0.09491488023142163, 0.46392288864543146, 0.6693022827763038, 0.27979421913445274, 0.6002891215337981, -0.022085344589047887]], "inverted": false, "swapped": false, "error_lsq": 0.03561332223158747, "error_max": 0.2386402786353252, "target": "916.xyz", "model": "5.xyz", "model_rescale": 4.2253639853439635, "target_rescale": 4.221673219594819},
{"mapping": [5, 13, 14, 8, 11, 6, 7, 1, 10, 3, 12, 9, 0, 15], "R": [[-0.4429543953019251, 0.08125315785985054, 0.8928545951164213], [0.7381353617111963, -0.5322020197330332, 0.4146289883541211], [0.5088689334928864, 0.8427092823328117, 0.17576539476225111]], "T": [0.07768206929891176, 0.019519934205935507, 0.03846574120801459], "aligned_model": [[0.5729842450073406, -0.05829419889922559, -0.46241826914970396, 0.12624165831252138, -0.1156841959594516, -0.3567546669305075, 0.08790025079066334, 0.7112788206225066, -0.3295442971635618, 0.2117030379708243, -0.671330513083301, 0.006022842914867502, 0.6283910651750242, 0.023566373149786976], [-0.14753673260007966, 0.06411800935021889, -0.3771253998885235, -0.6494337971961033, -0.4930704614038634, 0.009560448008199315, -0.2597164053835451, -0.38505952109713554, 0.6017426689954879, 0.4757085602589151, 0.06565421279030087, 0.416829169417401, 0.029358419515518736, 0.0940699758681994], [-0.5797515235830731, -0.7142526971846889, 0.08218511428769744, 0.15845914017298676, -0.5017240296787587, 0.6183432677613706, 0.6551269188385194, 0.09007479006189151, 0.088404330293911, -0.3541444807843175, -0.2562435713018205, 0.5902628946056182, 0.5703198011439657, 0.02449825429814698]], "inverted": true, "swapped": true, "error_lsq": 0.041887996518461916, "error_max": 0.253215060910062, "target": "916.xyz", "model": "6.xyz", "model_rescale": 3.89814844738969, "target_rescale": 4.221673219594819},
{"mapping": [10, 12, 14, 2, 7, 13, 3, 9, 4, 5, 8, 1, 15], "R": [[0.24873927329959727, 0.8719788406182463, -0.4216416433803087], [-0.8443993732283526, -0.018023660881830664, -0.5354109133553241], [-0.4744665134758762, 0.4892116609019822, 0.7318151941764877]], "T": [-0.0019026183209921027, 0.10474749450132931, -0.005958187659514048], "aligned_model": [[-0.058344728528173816, 0.05650587474797038, 0.4376764436922516, -0.2405956037434019, 0.6064737656927359, -0.5582775655675505, -0.5744242871128579, 0.2814262948901785, -0.495393784794036, -0.618503360743148, 0.3769445250934398, -0.04051573238519306, -0.024340040337993158], [-0.3657703293299479, 0.30404181838861044, 0.4696230717195157, -0.6797613140747467, 0.00465298979012721, 0.48752326159881965, -0.07900846110069679, -0.5171295168179977, -0.18358139204846197, 0.5253200288003057, 0.5939860561094363, 0.3482016848266065, 0.055683367608914854], [-0.5376890921407035, -0.7849780972325076, -0.3589218424781748, -0.12025886232153869, 0.2736980621865624, -0.3678880310205368, -0.14257867126755372, -0.02748680440784528, 0.4572455817528478, 0.3076451119235667, 0.2793066296583668, 0.7061035775688076, -0.08192253138499524]], "inverted": true, "swapped": true, "error_lsq": 0.04711673661343081, "error_max": 0.29463753045746904, "target": "916.xyz", "model": "7.xyz", "model_rescale": 3.7474275329858107, "target_rescale": 4.221673219594819},
{"mapping": [6, 14, 12, 10, 13, 2, 9, 0, 3, 4, 7, 1, 8, 11, 15], "R": [[0.5889205808723096, 0.7065574406412451, 0.3923635208572719], [0.632138269394545, -0.7051975195797254, 0.3210882538266892], [0.503561076525868, 0.05893251609337691, -0.8619473306153994]], "T": [0.031222311815319717, -0.045254502927295596, 0.0507126828730763], "aligned_model": [[-0.4618103832102009, 0.15619784362046246, 0.4151369751382144, -0.08599232970441968, 0.7669939978496323, -0.3507712939155713, -0.57817140324544, -0.5645818393782084, 0.28906191448000723, -0.045394148073913274, -0.5029719097272275, -0.022031371407879016, 0.05648607254853984, 0.693867935259512, 0.03613366210523885], [0.06781310420417527, 0.32360119406873483, -0.19186034234873725, -0.6227670713426061, -0.2583342804772774, -0.7773210972846903, -0.31699684135819384, 0.08799909872568301, -0.5681423029753825, -0.3478460578877566, 0.3608308092268981, 0.39245864367120653, 0.6354011550822007, 0.3279847665679415, -0.12370281589260312], [-0.4681581033599377, -0.4963466114244329, -0.6429140598643943, -0.3493503749861744, 0.033374408867503105, 0.11114812659767333, -0.0985025078969332, 0.5127806714521227, 0.25150998578155453, 0.7168906464417013, -0.03917394294052291, 0.6617479677648294, 0.06874492761194852, -0.06563868247775222, 0.0006822041290758946]], "inverted": false, "swapped": true, "error_lsq": 0.04483306202462368, "error_max": 0.28909013365099273, "target": "916.xyz", "model": "8.xyz", "model_rescale": 4.019505241142653, "target_rescale": 4.221673219594819},
{"mapping": [7, 14, 1, 0, 9, 4, 5, 6, 10, 12, 11, 3, 15], "R": [[0.18733886143885026, -0.42900342539892655, 0.8836629515775702], [-0.7861610638640981, -0.604838216153422, -0.12697052391959407], [0.5889439129992473, -0.6709148927221205, -0.4505754920818495]], "T": [0.02042933165588854, -0.03579207827784872, 0.022077995429078238], "aligned_model": [[-0.245763782253738, -0.6376393399799458, 0.1433877407101594, 0.33827450550483157, 0.20237804334658008, 0.7068620179504327, 0.2989425579492582, -0.3427346531325472, 0.1683491105156776, -0.4157721029004988, -0.4251760890550914, 0.4882896303617599, 0.04030313272429787], [-0.521812952524251, -0.05347669050486997, 0.15961909448370445, -0.43230001867065937, -0.6869960652906602, 0.07309240846240928, 0.6843818052401046, -0.653866865691459, -0.3390656822327429, 0.0854403881272878, 0.5912292258230675, 0.21314569037005346, -0.05601210947792584], [-0.36686067387603305, 0.15466818411407468, -0.6952005948463751, -0.5506364479620446, 0.1235560976023721, -0.21912554089979702, -0.221242209136718, 0.12785082875047588, 0.6493381880877749, 0.6891857803391838, 0.037061587076596236, 0.3372750722432322, 0.11083322255113681]], "inverted": true, "swapped": true, "error_lsq": 0.05008627015411494, "error_max": 0.28277802429369303, "target": "916.xyz", "model": "9.xyz", "model_rescale": 3.877068213659057, "target_rescale": 4.221673219594819},
{"mapping": [6, 3, 14, 2, 13, 4, 11, 12, 5, 10, 9, 1, 8, 7, 0, 15], "R": [[0.1008974540161226, -0.9543400713318615, -0.28116673349342397], [-0.965030132170051, -0.16260498490549302, 0.20561240937195063], [-0.24194327388236822, 0.2505886013652298, -0.9373733541598562]], "T": [-0.018134972185782812, 0.005429774736285252, -0.0754822148470033], "aligned_model": [[-0.10267110597571738, 0.4804906879332278, -0.6056853632212778, -0.09582436907552216, -0.03942238241805788, 0.5520612264230313, -0.48724088090031215, 0.02034076517184711, 0.6068127743120871, -0.6668194815013164, -0.5576635349666058, 0.572326927887535, -0.26370518514629493, 0.32263862060976994, 0.04712374089279433, -0.01165838950674308], [-0.43417731491261485, -0.24292193418686175, 0.23883490070950839, 0.6429342688888453, 0.2150498458180375, 0.3513745223883466, -0.3360299691825359, -0.7251901985273825, -0.3695377654441028, -0.252328278445736, 0.375021758720816, 0.09251212699697708, 0.3510894953448587, 0.6425294415909129, -0.3842743020963475, -0.04281777016369699], [-0.49963292383983515, -0.37954671865180184, -0.5335522223808368, -0.2425382997278065, -0.8192864686187569, -0.19076103514362244, 0.3805881371336015, 0.07587593001647656, 0.20706884284139543, -0.20189413221936925, 0.013714193251591941, 0.5543415848700178, 0.5691398169386234, 0.3043387197573728, 0.615631428847826, 0.0002492444672102523]], "inverted": false, "swapped": false, "error_lsq": 0.03374585717875881, "error_max": 0.18259536279186053, "target": "916.xyz", "model": "10.xyz", "model_rescale": 4.260839863003843, "target_rescale": 4.221673219594819},
{"mapping": [1, 7, 6, 8, 12, 11, 5, 4, 9, 10, 3, 15], "R": [[-0.030693803101737693, 0.002740761563151034, 0.9995250765624673], [-0.41202311440460104, -0.9111168118925491, -0.010154224888713398], [0.9106562708549725, -0.41213910675015, 0.029094897142002807]], "T": [-0.0033266898206967643, 0.01755689058326975, -0.025976775057433298], "aligned_model": [[0.4213354118058208, -0.002928437751189791, -0.3067658556032951, -0.20094015862794393, -0.7119644212931601, -0.4663495317551052, 0.27995395636837583, 0.7002670705333071, 0.17640550384815493, -0.1370150329385264, 0.23243890901910866, -0.025538764511416453], [-0.04142793206513778, -0.6345988954528485, -0.5952381365375266, -0.2132300828278353, 0.23983910695834915, 0.4368164924779583, 0.6426931979147578, 0.23211766760723598, -0.4597694725605292, 0.030968509896274154, 0.495890553192412, 0.039017496929824], [-0.645634553999996, -0.20774867803441427, 0.21381342982553167, -0.6358471170865876, 0.28775078338194554, -0.4751712194222025, -0.4553733684559672, -0.013964133483942338, 0.4293534932257926, 0.6734930559644318, 0.28357767672021855, 0.061928708760694506]], "inverted": true, "swapped": true, "error_lsq": 0.045125339842555394, "error_max": 0.21154562984049446, "target": "916.xyz", "model": "11.xyz", "model_rescale": 3.890672605050136, "target_rescale": 4.221673219594819},
{"mapping": [10, 12, 13, 2, 3, 7, 14, 0, 9, 8, 5, 11, 1, 15], "R": [[-0.3597891687749356, 0.7739145978811632, -0.5211601953513696], [0.8101505240299425, 0.5361998509805604, 0.2369511515532977], [0.46282597425625327, -0.33696574750983455, -0.8199062157093872]], "T": [0.07906952256983375, -0.03277986351471358, 0.1164624272479983], "aligned_model": [[0.4814738915988662, 0.049484099444015786, 0.37001771093620756, 0.7367323400966309, 0.6674778584147943, -0.40074374150184067, -0.4231335735722502, 0.020946221338534923, 0.20836119797278468, -0.5521614691780957, 0.28356484349340166, -0.22203122760276767, -0.14791424237811468, 0.1378019257315268], [-0.3594780306112876, 0.13750871673638362, 0.6165798770885872, -0.5348421120861712, 0.1492968821911861, -0.4755395360889127, 0.0345704884900476, -0.46143471571833367, -0.7032604460827663, 0.13843121316935747, 0.6471996069687272, 0.647063145861569, 0.15243052949220526, -0.05637309958282736], [-0.37205524953558455, -0.6710198273342382, -0.16769362193265117, 0.08635971551637592, 0.0875460308949908, 0.29560331186076405, -0.32422256290237417, 0.7482239602164793, 0.08168854798956166, 0.3074853225109869, 0.5053510296948159, -0.08126525323649669, 0.810701833819695, 0.04808719779453613]], "inverted": false, "swapped": true, "error_lsq": 0.04741487051349024, "error_max": 0.29797214368652325, "target": "916.xyz", "model": "12.xyz", "model_rescale": 4.124412569039231, "target_rescale": 4.221673219594819},
{"mapping": [0, 1, 5, 7, 4, 2, 8, 10, 11, 14, 3, 13, 15], "R": [[0.01826515633196868, 0.9444195772945778, -0.3282347423520242], [0.9368789278865257, 0.098483593950076, 0.33549792280261687], [0.3491765435225609, -0.31364413551891496, -0.8830079828111576]], "T": [0.043995039197745896, 0.04684145044045218, -0.08445039453471291], "aligned_model": [[-0.2238105427736502, -0.1053473470250946, 0.5128016919932474, -0.5892381017348496, 0.46351725096221724, 0.4114604598072586, -0.45305273146825514, 0.2793040678494067, 0.08388766879902107, -0.35788979276435384, 0.6527629700690898, 0.6040006330210062, 0.08890208077471418], [-0.2307098460362369, 0.39784397217980705, 0.6125648423611422, -0.1162832834914154, -0.07612900908391892, -0.6909779712141301, 0.498422447575122, -0.48091670772998396, 0.7592040115322145, 0.2704467873882415, -0.050870107132641285, 0.4632388745617962, -0.00834863440151954], [0.5769809194287914, 0.5653857034735665, 0.2555527345685948, 0.09091910960231787, 0.5072456339498456, -0.0064457668701788234, 0.030760980510741207, -0.5008774309378562, -0.37236110020639, -0.5737729010280838, -0.07629399483914444, -0.4007896133928627, -0.14460619329150282]], "inverted": false, "swapped": true, "error_lsq": 0.04397640479968777, "error_max": 0.20510455075164946, "target": "916.xyz", "model": "13.xyz", "model_rescale": 3.9028299243045295, "target_rescale": 4.221673219594819},
{"mapping": [12, 8, 1, 6, 2, 0, 14, 13, 5, 11, 9, 4, 7, 3, 10, 15], "R": [[-0.39226035505241513, 0.8912112405536001, 0.22775938743565963], [0.8873669575129537, 0.30140053085685087, 0.3489091611199291], [0.24230496604146887, 0.338969386095739, -0.9090588862782878]], "T": [0.03059542977291399, 0.030329824665250048, -0.06399257755173869], "aligned_model": [[-0.1036523913718723, 0.5815902274059519, -0.40687695356767917, -0.33504255802900895, 0.24712334649187526, 0.7922664754969522, -0.586675409696849, 0.010064677832839139, 0.3609979537089151, -0.65128324895815, -0.628220998628403, 0.5115146775678014, -0.2111594740910667, 0.24890183830537904, -0.01113167623750666, -0.047312435710732834], [-0.5353527012017634, -0.2697906962365443, 0.1965901377125493, 0.5851136718541287, 0.31918808507633967, 0.3389259080494402, -0.4774044337724227, -0.742269343958669, -0.3509478199826498, -0.1912158642479703, 0.2352288024324375, 0.1254600045690221, 0.42271188653939173, 0.6034060257474244, -0.20976209926728337, 0.07218726418559263], [-0.44638124292700765, -0.514369714485428, -0.5147410416229116, -0.11814058789103962, -0.7057295456542553, -0.1728139204506255, 0.3157879990079292, 0.12394455199332578, 0.02297502287291822, -0.2423620355704011, 0.2893100958632195, 0.404014046177653, 0.7158912854780621, 0.048325831380327436, 0.6402568943936396, 0.007768458976681339]], "inverted": true, "swapped": false, "error_lsq": 0.04296208259813807, "error_max": 0.2856405439542974, "target": "916.xyz", "model": "14.xyz", "model_rescale": 3.942246331269136, "target_rescale": 4.221673219594819},
{"mapping": [1, 5, 4, 13, 12, 3, 9, 0, 7, 2, 10, 6, 11, 14, 15], "R": [[-0.6916655494799642, 0.6828539992042878, 0.23517904548086305], [-0.6695390417942079, -0.4841812359986235, -0.5632814591482124], [-0.2707697161350827, -0.5470639327149577, 0.7920888929574578]], "T": [-0.12079560921008604, -0.018613545746723484, -0.011471937795291348], "aligned_model": [[-0.8109136786357236, -0.3700261550521274, -0.21871913046046002, 0.19092160388602836, 0.4213852684581604, 0.2607417212875048, 0.08254658859021448, -0.5689183464767513, -0.5067531461923878, 0.40170845154434354, 0.5509136791933027, -0.03366108466762206, -0.26516889912644975, -0.13149578319590077, -0.028267052619921712], [-0.009376578152795231, -0.4995363961357658, 0.2140482833095832, -0.6691647404645833, -0.43079091426675425, -0.10406994231644272, 0.618326595802306, 0.5721898537478786, 0.3753998117349638, 0.5466414340078304, 0.19735985888250457, 0.3615496524838241, -0.7650204539430397, -0.30070610855076607, -0.008705666257092771], [-0.31387002235708905, -0.6131546686963618, -0.7024887736899675, -0.2696949101017342, 0.41998085438269783, -0.48827267051161405, 0.1314580390647899, -0.20221598224405, 0.3811329607344318, -0.3163807284349204, 0.0858553938922514, 0.5992456174595997, 0.10675452006260075, 0.5978363360046097, -0.006823485204728131]], "inverted": false, "swapped": true, "error_lsq": 0.0410956681731395, "error_max": 0.24478957015629435, "target": "916.xyz", "model": "15.xyz", "model_rescale": 4.355366556412066, "target_rescale": 4.221673219594819},
{"mapping": [13, 12, 11, 4, 5, 3, 1, 2, 8, 10, 7, 15], "R": [[0.28423395074431557, 0.6001135521728771, -0.747713037028732], [0.36742665419966947, 0.6521554770852587, 0.6630919148137275], [0.8855555968023209, -0.4632029341510594, -0.035132986863271966]], "T": [0.08084192264831641, 0.09407411857638538, -0.04028600979021491], "aligned_model": [[-0.22721793166069032, 0.4663683798053786, 0.1596091242367073, -0.5909131218365458, -0.5387482114093958, -0.41412657263525554, -0.1944790877756578, -0.20908102242383803, 0.3876409754758142, 0.1657330716797599, 0.5104084673048352, 0.0826144838706687], [-0.6047692262119038, -0.5093925322829058, -0.5620586401355758, 0.39332849111559964, -0.22770682232153022, -0.08541199493999006, 0.36313410190789475, 0.4623924612490542, 0.08669149725764551, 0.05618170953841542, 0.5694872554640332, 0.07090012710024358], [0.02120128096362594, 0.3301180280387279, -0.43427832656942267, -0.060701467881837, -0.4501516628093617, 0.2806554065589916, -0.6880498089126377, 0.6421942760958012, -0.648624223552644, 0.6658783813265877, -0.2589256346606325, 0.049942212612222585]], "inverted": true, "swapped": true, "error_lsq": 0.05199688504244974, "error_max": 0.3221093767808994, "target": "916.xyz", "model": "16.xyz", "model_rescale": 3.795458400668931, "target_rescale": 4.221673219594819},
{"mapping": [10, 12, 14, 2, 7, 13, 3, 9, 4, 5, 8, 1, 15], "R": [[0.24873927329959727, 0.8719788406182463, -0.4216416433803087], [-0.8443993732283526, -0.018023660881830664, -0.5354109133553241], [-0.4744665134758762, 0.4892116609019822, 0.7318151941764877]], "T": [-0.0019026183209921027, 0.10474749450132931, -0.005958187659514048], "aligned_model": [[-0.058344728528173816, 0.05650587474797038, 0.4376764436922516, -0.2405956037434019, 0.6064737656927359, -0.5582775655675505, -0.5744242871128579, 0.2814262948901785, -0.495393784794036, -0.618503360743148, 0.3769445250934398, -0.04051573238519306, -0.024340040337993158], [-0.3657703293299479, 0.30404181838861044, 0.4696230717195157, -0.6797613140747467, 0.00465298979012721, 0.48752326159881965, -0.07900846110069679, -0.5171295168179977, -0.18358139204846197, 0.5253200288003057, 0.5939860561094363, 0.3482016848266065, 0.055683367608914854], [-0.5376890921407035, -0.7849780972325076, -0.3589218424781748, -0.12025886232153869, 0.2736980621865624, -0.3678880310205368, -0.14257867126755372, -0.02748680440784528, 0.4572455817528478, 0.3076451119235667, 0.2793066296583668, 0.7061035775688076, -0.08192253138499524]], "inverted": true, "swapped": true, "error_lsq": 0.04711673661343081, "error_max": 0.29463753045746904, "target": "916.xyz", "model": "17.xyz", "model_rescale": 3.7474275329858107, "target_rescale": 4.221673219594819},
{"mapping": [11, 1, 5, 7, 12, 10, 13, 4, 14, 3, 9, 0, 2, 15], "R": [[0.7326842091224961, 0.675501627037848, 0.08289391758001607], [0.13316736393143996, -0.022850923522524977, -0.990830100712387], [-0.6674131425781887, 0.7370043332052993, -0.10669728183284885]], "T": [-0.006169980637933396, -0.08800601073386884, -0.04626894452065252], "aligned_model": [[0.5833364272231132, 0.15568135795049803, 0.7181909973958777, -0.5338792455771385, 0.11927459732007573, -0.2591947448158902, 0.6777042969448297, 0.14236129536701675, -0.06811230022283803, 0.29725196019427486, -0.6337674750536635, -0.4093519008844634, -0.35517275515588154, -0.01947486280293443], [-0.49267519882146343, 0.3960275839064593, 0.2524525457889079, -0.08473807637261009, -0.8193772089654667, -0.29188618798704014, -0.2977528967923032, 0.6156478024510776, -0.7123240409346798, 0.12640793609475848, 0.032910073477678034, 0.5024757014727841, 0.25177555884777014, -0.11853535065463858], [-0.3302926373446396, -0.6006230698966976, -0.1679813369215126, -0.47036870269000747, 0.2689478497108794, 0.5875463528364313, 0.2282957975083653, 0.1087619602771139, -0.28572129143818686, 0.44584308969891184, 0.19656939098266432, -0.320169696141084, 0.6232372948848685, 0.04074971719454815]], "inverted": false, "swapped": true, "error_lsq": 0.03905912563621076, "error_max": 0.21342927981921134, "target": "916.xyz", "model": "18.xyz", "model_rescale": 3.922800546911778, "target_rescale": 4.221673219594819},
{"mapping": [13, 11, 12, 3, 7, 5, 8, 2, 1, 10, 6, 9, 4, 0, 15], "R": [[-0.9164233367068774, -0.1868455638069411, 0.353916661411553], [-0.28554555125990466, 0.9248838473516637, -0.2511047730802058], [-0.28041399054738814, -0.33117760219201237, -0.9009380609740265]], "T": [0.07976431889934937, 0.009633726823085012, -0.04865181587832548], "aligned_model": [[-0.22766472651333847, -0.3074869215594693, 0.46347161494739897, -0.03916046915768791, 0.2987086707860688, -0.6893518281079105, -0.1749925898906684, 0.4807603270274044, -0.513120530606938, 0.6461233640941331, 0.7081696298579034, 0.6112394372431897, -0.29635618616721343, -0.006531401909580764, 0.1422424468443261], [0.48664017229769846, -0.08975321605516456, 0.20383541836790375, 0.6124805190722914, -0.579320582485775, 0.2507057034169475, -0.5999829828087321, 0.5382030221698993, -0.33305655463879325, 0.44090059289924766, -0.35031732114241537, 0.0031471857902685557, 0.34108088195491276, -0.2837744184900301, 0.0768230846863197], [-0.563448682932055, -0.7059973316693015, -0.7306021169032726, 0.0027788059063865167, 0.2034286175162541, -0.1246084889587632, -0.21515085190700636, 0.44663573467533824, 0.2657425210335066, -0.07224866479597317, -0.023464057338673322, 0.38142014900058674, 0.48977269993357575, 0.6532816879782737, -0.06488085437554719]], "inverted": false, "swapped": true, "error_lsq": 0.03481055355445902, "error_max": 0.21353658265546596, "target": "916.xyz", "model": "19.xyz", "model_rescale": 3.9282355846067225, "target_rescale": 4.221673219594819},
{"mapping": [14, 12, 13, 6, 7, 10, 2, 3, 0, 1, 11, 8, 5, 15], "R": [[-0.17852281727936514, -0.917249580196464, 0.356065740194208], [0.14317343743975752, 0.3338110038782478, 0.9317035904736444], [-0.9734633894103684, 0.21730950581879127, 0.07173289453570442]], "T": [-0.029007828391422782, -0.048476594142957616, 0.01663869423128237], "aligned_model": [[-0.43811817120054464, -0.01115236555870082, 0.5527279975571968, -0.6387358140089089, -0.6605452263015912, 0.09311797670747235, 0.2384933759636924, 0.5587118612247954, -0.27260605124422593, -0.06996478635989932, 0.08310040788008234, -0.44666035529052106, 0.5418459067696686, 0.0023080629461602192], [-0.5802068108966502, -0.7825109197843474, -0.5324881847839354, -0.09690415967922085, 0.1912614970641094, -0.16357865618353323, 0.3693903328296532, -0.0017969169077146768, 0.6682085867537576, 0.35515505259505287, -0.6432183340493748, -0.15797362769514825, -0.0271256350546044, -0.07533013678320755], [0.04560391874911554, -0.31634267211616024, 0.13655445736976618, -0.3719214290491495, 0.06174429523843875, -0.6755659663792183, -0.6461760561043906, -0.16396873409701476, 0.13182633379567277, 0.6516165633025398, 0.49167387288151915, 0.5437367028170832, 0.5903066393617831, -0.06690476852630253]], "inverted": true, "swapped": true, "error_lsq": 0.04391484610161234, "error_max": 0.3019126463419727, "target": "916.xyz", "model": "20.xyz", "model_rescale": 4.067790424073018, "target_rescale": 4.221673219594819},
{"mapping": [8, 6, 1, 5, 0, 9, 4, 14, 7, 12, 10, 3, 13, 2, 15], "R": [[-0.2512287412770481, -0.5443262487079228, -0.800370573249611], [0.7083499159283233, 0.46013060951059637, -0.5352758343095128], [0.6596396866173896, -0.7014191023624663, 0.26997541865944863]], "T": [0.10075304863371215, 0.011799669985681733, -0.033727007764701784], "aligned_model": [[0.13430312857199397, -0.037359903112476195, -0.2549856166514319, 0.2676237035650608, -0.6448828653613646, -0.34455607281599304, -0.32770882493436404, 0.5089852925217111, -0.29076166070340437, 0.7896041938244619, 0.19562227162434143, 0.19565255107053706, 0.7260535082425537, -0.27813146646358566, 0.12898571452947505], [0.01617768676929675, 0.7182542367820381, -0.4550358145834149, -0.7755641511459384, -0.05514851955732879, 0.4490630156101348, -0.5251702790918787, 0.4255712844935416, 0.39182207699316085, 0.386588942661888, 0.38426289137865355, -0.3205486994634031, -0.37551014971165675, 0.1284724738034436, 0.04766014498931058], [-0.7142494315996745, -0.11702870381681327, -0.5062812429938719, -0.12111785034795111, -0.1943226449409867, 0.2455046604518164, 0.2295380808626451, -0.370010766384447, -0.4345356343209252, 0.1534063670341931, 0.5659241144444279, 0.4769109410390559, 0.18087499617515906, 0.6931340775331002, 0.04750261048541276]], "inverted": true, "swapped": true, "error_lsq": 0.04429264810269836, "error_max": 0.302082142365573, "target": "916.xyz", "model": "21.xyz", "model_rescale": 4.186013935880536, "target_rescale": 4.221673219594819},
{"mapping": [8, 7, 14, 5, 4, 11, 1, 0, 12, 10, 2, 3, 15], "R": [[-0.5640630062393142, -0.5753649566085101, -0.5922736628444281], [0.811687766028581, -0.25462558665301893, -0.5256698403952217], [0.15164397604850438, -0.7772521967344278, 0.6106415701536436]], "T": [-0.005569865499861908, 0.014449133822711367, -0.017255400995037577], "aligned_model": [[0.1114585463488556, -0.449764210040727, 0.27314217026687876, 0.43408901330719657, -0.250915123603215, 0.712955937164269, -0.1132321028511323, -0.6543457355212181, 0.48014601280655667, -0.1237855623890037, -0.49137813422475846, 0.13243033471978843, -0.0022271105602649386], [-0.35971945004443584, -0.07309958247342324, 0.27300056535667017, -0.5582404563098963, -0.3841315986248826, -0.1434210522564904, -0.7274075335747283, -0.3919216227471705, 0.6433691174871562, 0.6665447350734888, 0.38187051580652515, 0.09465079117648809, 0.09746223067679222], [-0.5745325007435104, -0.5206190460169852, -0.5708057949107084, 0.3490115307794255, 0.5503394494498262, -0.24251545079363654, -0.0937433121394004, -0.03134843776045792, -0.15342272018701397, 0.24371751899158872, 0.54353414094662, 0.5783418688893829, 0.024922314830215425]], "inverted": true, "swapped": true, "error_lsq": 0.04882297489656328, "error_max": 0.25889656813521444, "target": "916.xyz", "model": "22.xyz", "model_rescale": 4.166573947596378, "target_rescale": 4.221673219594819},
{"mapping": [1, 6, 0, 7, 5, 13, 3, 2, 12, 4, 8, 14, 9, 10, 9, 15], "R": [[0.43875707338947223, 0.8453503527302714, 0.30475401833201654], [-0.6427956227061159, 0.05826497036903235, 0.7638186831033611], [0.6279379093354391, -0.531025398984551, 0.5689516742683303]], "T": [-0.007971790304054788, -0.07341978325036785, 0.07515459554873252], "aligned_model": [[-0.1159762103782187, 0.3993269754079547, -0.4860948341512954, -0.09573910113174378, 0.28640974277702236, 0.5736173181525903, -0.4061426068154458, -0.16220615390727552, 0.5405635382397143, -0.69222907689228, -0.7008503131654058, 0.6168925026887189, -0.09713725397741205, 0.21321208897919594, -0.09713725397741205, -0.005405311330261538], [-0.2928667912691233, -0.5217912549236994, 0.16743534997351517, 0.5376446341135612, 0.24248052179280188, 0.4861463960937455, -0.4285010791881054, -0.6842739636362682, -0.3720571850518699, -0.24064468414484766, 0.3022561424263351, 0.2511159859840581, 0.058511576235516505, 0.639286308541307, 0.058511576235516505, -0.08118470568341886], [-0.5943804048681248, -0.38547363937160795, -0.54140271937014, -0.2857980670428788, -0.635203406768277, -0.18068312402088152, 0.3522898083418624, -0.16123104398563307, 0.27341213213648624, -0.13384614999143196, 0.25644467151984157, 0.43598546042908937, 0.6540266045059937, 0.138942928120825, 0.6540266045059937, 0.006626443400970211]], "inverted": false, "swapped": false, "error_lsq": 0.046227700527973, "error_max": 0.30349360925551133, "target": "916.xyz", "model": "23.xyz", "model_rescale": 4.274766983524099, "target_rescale": 4.221673219594819},
{"mapping": [10, 4, 0, 7, 1, 8, 14, 11, 13, 5, 15], "R": [[0.22924549500706534, -0.96597633791802, -0.11973394506762658], [-0.37318855735549056, -0.2008347857895829, 0.9057569704262729], [-0.8989865425454897, -0.16295736681520168, -0.4065317858701365]], "T": [0.012089449217673173, 0.0060346001833284785, -0.09880105399231129], "aligned_model": [[0.4619947005960699, 0.09715353456354402, -0.5217941087060121, -0.6108101189169037, -0.46315870227546607, -0.5119422425869498, -0.11568359939259022, 0.13085047564759444, 0.6201393089808908, 0.2082538477400006, 0.08489160830789713], [-0.27344471962430417, 0.7181965642269489, 0.4291393811112522, -0.16527475845918765, 0.5187712490054308, -0.10990867973897074, -0.6020544519127683, -0.17723427306708334, 0.03554632516078508, 0.5694189891265241, -0.02756909458514354], [-0.5750227079623391, -0.26255162210611044, -0.44836739381509505, -0.3012796559141405, 0.18232737986271333, 0.3209649356522677, 0.15585367893720717, 0.6389338262193529, 0.36646017096287853, 0.44850354193128295, -0.14625571974644017]], "inverted": true, "swapped": true, "error_lsq": 0.050104019195467246, "error_max": 0.20846104520156117, "target": "916.xyz", "model": "24.xyz", "model_rescale": 3.7841303162186577, "target_rescale": 4.221673219594819},
{"mapping": [3, 13, 2, 9, 12, 14, 6, 6, 11, 4, 8, 10, 0, 10, 7, 15], "R": [[-0.2189439352222599, -0.8822882535947902, -0.4166905216081191], [0.8234740889819874, -0.39616077210032447, 0.40613675950861794], [-0.523406131034665, -0.2542126673034416, 0.8132785142728123]], "T": [-0.09258432640971209, 0.0650850986281968, 0.011133377614585974], "aligned_model": [[-0.08270997865780577, 0.49202272685672926, -0.5617205383853632, 0.026045287799879052, 0.1009297779702894, 0.5175186389850888, -0.2466970997603049, -0.2466970997603049, 0.4571017403245348, -0.6900231556896463, -0.5464334551476484, 0.4602330206798913, -0.35507290285515103, 0.4602330206798913, 0.0877736359231984, -0.10139956844483193], [-0.6039545927410169, -0.22623753447731665, 0.38460307554647716, 0.5712489627976294, 0.17681714628521134, 0.4445205926665353, -0.6265152612396451, -0.6265152612396451, -0.4459571512513394, -0.308392315496015, 0.42768242158709613, 0.43887445887535326, 0.199081569886064, 0.43887445887535326, -0.11838218925190337, -0.003679553323815102], [-0.4375204714296555, -0.4194078097097387, -0.48546757382067657, -0.2569447187821085, -0.7136011581711127, -0.3251730894521563, 0.1524296888328531, 0.1524296888328531, 0.17271498559947052, -0.2343983092734183, 0.12068671332700902, 0.41104536818255244, 0.6852807222490359, 0.41104536818255244, 0.6083069870459641, 0.012309705928663381]], "inverted": true, "swapped": false, "error_lsq": 0.04609797977374504, "error_max": 0.3360669630196013, "target": "916.xyz", "model": "25.xyz", "model_rescale": 4.19342608120988, "target_rescale": 4.221673219594819},
{"mapping": [13, 12, 11, 4, 5, 3, 1, 2, 8, 10, 7, 15], "R": [[0.28423395074431557, 0.6001135521728771, -0.747713037028732], [0.36742665419966947, 0.6521554770852587, 0.6630919148137275], [0.8855555968023209, -0.4632029341510594, -0.035132986863271966]], "T": [0.08084192264831641, 0.09407411857638538, -0.04028600979021491], "aligned_model": [[-0.22721793166069032, 0.4663683798053786, 0.1596091242367073, -0.5909131218365458, -0.5387482114093958, -0.41412657263525554, -0.1944790877756578, -0.20908102242383803, 0.3876409754758142, 0.1657330716797599, 0.5104084673048352, 0.0826144838706687], [-0.6047692262119038, -0.5093925322829058, -0.5620586401355758, 0.39332849111559964, -0.22770682232153022, -0.08541199493999006, 0.36313410190789475, 0.4623924612490542, 0.08669149725764551, 0.05618170953841542, 0.5694872554640332, 0.07090012710024358], [0.02120128096362594, 0.3301180280387279, -0.43427832656942267, -0.060701467881837, -0.4501516628093617, 0.2806554065589916, -0.6880498089126377, 0.6421942760958012, -0.648624223552644, 0.6658783813265877, -0.2589256346606325, 0.049942212612222585]], "inverted": true, "swapped": true, "error_lsq": 0.05199688504244974, "error_max": 0.3221093767808994, "target": "916.xyz", "model": "26.xyz", "model_rescale": 3.795458400668931, "target_rescale": 4.221673219594819},
