[{"mapping": [0, 5, 1, 9, 7, 12, 10, 2, 11, 6, 8, 13], "R": [[0.8777889187141557, 0.47849710305258164, 0.022959454543189345], [0.32206225919046805, -0.6249363558726299, 0.7111472789189097], [0.35463011066146854, -0.6168428272087834, -0.7026680661118091]], "T": [0.11894709604380199, 0.027367964941998245, -0.02635289689783797], "aligned_model": [[0.31325073714279594, 0.05069115273962002, 0.07372141625882841, -0.08539075269257893, -0.01616056624986864, -0.3176129655348318, -0.7944950574923328, 0.7703884253680713, -0.400886310104891, 0.6708462048022656, 0.06165673720420207, 0.05125552479527408], [-0.6650045394192301, 0.7342619351760666, -0.06135683997371403, -0.5833805632165515, -0.11452362547877645, -0.29705927809643023, -0.16695930160447045, -0.34860606513978964, 0.41280360059207144, 0.46838804325641004, 0.4630514177892455, 0.01268335099647764], [-0.30613646475138595, -0.2872040067133221, -0.5947952073424666, 0.32289694303080035, 0.7037205094339305, -0.22454998209978982, 0.3521827952917777, 0.1334155873598264, 0.23494088692824683, 0.2659738867926356, 0.619771607607161, 0.12109904629239505]], "inverted": true, "swapped": false, "error_lsq": 0.05669387707661122, "error_max": 0.32776946513667166, "target": "917.xyz", "model": "0.xyz", "model_rescale": 3.8414455957264533, "target_rescale": 3.868889389581899},
{"mapping": [0, 8, 13, 4, 5, 9, 2, 1, 6, 12, 10, 14], "R": [[-0.4514343174548489, 0.6408775931041788, -0.6208727467694726], [0.8824946265542242, 0.4235595825793871, -0.20445174029118965], [0.131948062232817, -0.6402133946288303, -0.7567803632566286]], "T": [0.02674341615907217, -0.08617924904638971, 0.08578417525034099], "aligned_model": [[0.28548553807582844, 0.02873246897677633, 0.24879811798846116, -0.052078305201339194, -0.15493513737171488, -0.43222619401657997, -0.6005315449979488, 0.7486314344044928, -0.5505736817742517, 0.5668869976256653, 0.18907436362259933, 0.10000048890456514], [-0.680123231269447, 0.6302677632924854, 0.034730077738373846, -0.5795388237771888, 0.020943470515710397, 0.024819488860017475, -0.31090527288376735, -0.4227993634767585, 0.3493117933409734, 0.4460976218360455, 0.428182613773632, -0.08668800306876753], [-0.2394856048310523, -0.24738563082481851, -0.6290022577009612, 0.3007276587789598, 0.7101561886550694, -0.4066951208747206, 0.4030050209306508, 0.42351554608125247, 0.38087686275353105, 0.0008383808216692046, 0.5070463714919464, 0.1377181865482826]], "inverted": false, "swapped": false, "error_lsq": 0.051333877464910256, "error_max": 0.26178888675662226, "target": "917.xyz", "model": "1.xyz", "model_rescale": 4.316132596720782, "target_rescale": 3.868889389581899},
{"mapping": [7, 4, 3, 10, 1, 6, 8, 9, 2, 5, 0, 11], "R": [[-0.35979034305469026, -0.0332635833773679, 0.932440047973855], [-0.5779389291997268, -0.7766159008774944, -0.2507076716411187], [0.7324872034104497, -0.6290956020551524, 0.26019458163997916]], "T": [0.06220986706286416, -0.042191392526188816, 0.14893777063853184], "aligned_model": [[0.6379179250560069, -0.150997812255926, 0.21133641632038772, -0.18421454449747607, -0.005185824999062796, -0.5452857473688103, -0.6205428660210578, 0.6332168764715956, -0.50040464923395, 0.6276159464082186, 0.2801367927237688, -0.006327966367140864], [-0.5818671915086898, 0.5924793405217585, -0.054614634674803195, -0.6204808288476343, -0.09168512865105943, -0.07598035859640218, -0.2599929724329015, -0.3224138323559502, 0.463866344515286, 0.22473991230300083, 0.5648675985839798, 0.015379886024723836], [-0.27269166824604096, -0.23324710246429006, -0.490299230950215, 0.103197899459719, 0.6852263628915304, -0.40414752768144535, 0.4199493812190863, 0.5302222899334605, 0.5068426107532823, -0.008617063811253323, 0.4454192961519028, 0.05946035457407277]], "inverted": false, "swapped": false, "error_lsq": 0.05835066054522864, "error_max": 0.3179988733621271, "target": "917.xyz", "model": "2.xyz", "model_rescale": 3.795458400668931, "target_rescale": 3.868889389581899},
{"mapping": [9, 10, 5, 7, 1, 4, 0, 8, 10, 6, 2, 11], "R": [[0.08698279661737324, -0.35846667010421157, 0.9294813820174233], [-0.9207001891191331, 0.3273940327570946, 0.21242483157822992], [-0.38045388005461794, -0.8742509901278037, -0.3015626823928014]], "T": [0.06755980988351827, -0.028907094949258125, 0.14862495620888871], "aligned_model": [[0.4221164914566339, -0.31144070891360415, 0.20448096451601555, -0.09285031375165041, 0.13406613272898615, -0.4460612112442953, -0.6190783749909036, 0.733479090641512, -0.31144070891360415, 0.600097988520014, 0.11094857424922762, -0.047053378061777146], [-0.5812327843591476, 0.5304496033297749, 0.13476663071416645, -0.7740378475475463, -0.09574000976629475, -0.10640544902701962, -0.13075959954805227, -0.38327049136237423, 0.5304496033297749, 0.18106247671213266, 0.6504434245529381, -0.10142742214704342], [-0.4203922097685745, -0.13858476897821892, -0.5209182645698612, 0.19711258745264462, 0.7710228293401235, -0.22706399105261427, 0.5096817586029894, 0.35244112786524295, -0.13858476897821892, 0.28866839194137783, 0.5012233087204845, 0.16670960125443432]], "inverted": false, "swapped": false, "error_lsq": 0.06152200528265702, "error_max": 0.3823114550132634, "target": "917.xyz", "model": "3.xyz", "model_rescale": 3.7530521520055578, "target_rescale": 3.868889389581899},
{"mapping": [7, 9, 2, 1, 0, 8, 3, 4, 6, 5, 11], "R": [[0.19285403248393423, -0.04327872436626906, 0.9802725509632073], [0.6442462323913623, -0.747944635326954, -0.15976737631683324], [0.7401041238935373, 0.6623486804567955, -0.1163619838818557]], "T": [0.01055625667620027, 0.009875192239979014, -0.02544932291980765], "aligned_model": [[-0.5313949362814732, -0.27272967547548865, 0.6004433065807935, 0.2542089890387991, 0.3159566599327001, -0.06691163220971649, -0.3183043997566492, -0.5735836303488946, -0.46592992364387664, 0.41498785574930463, -0.0185430111402937], [-0.6368146524226366, -0.12541481504230018, -0.2153188273397967, 0.42707852548015873, -0.7853121848779184, 0.6685892987693502, -0.3200213097775181, 0.08000385931945106, 0.27836828560791793, 0.17572385171874297, -0.07967867312110496], [-0.1649511078401988, -0.6762939059567006, -0.22840176054311992, -0.468068490128307, -0.014955539481693175, 0.06425065320869164, 0.5101918244008147, 0.043436762458339336, 0.7086466173177217, 0.32433361201654004, -0.0053578882067713135]], "inverted": true, "swapped": true, "error_lsq": 0.06412238209775, "error_max": 0.3895109962658007, "target": "917.xyz", "model": "4.xyz", "model_rescale": 3.7855080009869324, "target_rescale": 3.868889389581899},
{"mapping": [11, 7, 6, 14, 3, 8, 9, 1, 10, 4, 5, 16], "R": [[-0.8554561590956321, -0.5132367161614081, 0.06915802953528191], [-0.46519401712125513, 0.7028685550085496, -0.5381173857206093], [0.22757259566990518, -0.49250773350684335, -0.8400278841419576]], "T": [0.0066961722712545815, -0.13999133373176176, 0.09739761885517575], "aligned_model": [[0.49921816165637845, 0.05639811219348198, 0.28212333866038064, -0.2761591212318332, -0.11704881238033663, -0.4568125271537951, -0.4966102698591764, 0.7133461021259484, -0.5349024049056296, 0.6111882874972487, 0.11479046366155876, -0.01826678402767189], [-0.5194711542792524, 0.5637142084007236, 0.040305026415712486, -0.7127977735255893, 0.03974879911189244, 0.009428787525404436, -0.22195721370890462, -0.3380929975946009, 0.33929572598401203, 0.27600125848333695, 0.5547710177052297, -0.17664754963665558], [-0.3984384266978923, -0.1549864119706684, -0.4662602264724587, 0.3200701676816342, 0.7567892087455559, -0.410680315013648, 0.5942660512179313, 0.28315430487347437, 0.18638733547045375, 0.004984255551409314, 0.49830177674565423, 0.1277278816983635]], "inverted": false, "swapped": false, "error_lsq": 0.046116981034580305, "error_max": 0.22006809082107054, "target": "917.xyz", "model": "5.xyz", "model_rescale": 4.2253639853439635, "target_rescale": 3.868889389581899},
{"mapping": [7, 4, 0, 11, 5, 9, 8, 6, 1, 2, 10, 13], "R": [[0.015496260471127732, 0.8925711575584141, -0.4506402052705062], [0.5917892356677295, 0.35509059522252395, 0.7236685496360323], [0.8059437737579563, -0.27789817897810465, -0.5227114267561384]], "T": [0.025689437428052568, -0.04922458097011538, 0.07900423197063663], "aligned_model": [[0.4503784628963811, 0.2621990177325735, -0.07351631351673213, 0.0492665008540668, 0.1474300236500791, -0.5083327996302788, -0.5930124525133126, 0.573175993834686, -0.40302217788754685, 0.503712536160107, -0.11256882869236601, 0.08155458334889668], [-0.47239590689655087, 0.5791932748765346, -0.035849995864342996, -0.7244673796660734, -0.08800521353208095, -0.20019567629011398, -0.08873836150305281, -0.36705715959857793, 0.5154599274587042, 0.28330615576804763, 0.4927658455824868, -0.03971737545367161], [-0.44056912818876914, -0.14474904528760657, -0.7166351265199608, 0.4650677937096904, 0.6990175855809408, -0.17520907647421738, 0.48088917586586255, 0.19284135526307386, -0.11084712776180913, 0.41230415432318046, 0.6227353270570251, 0.05646971426239914]], "inverted": true, "swapped": false, "error_lsq": 0.06645182777601062, "error_max": 0.32264964862906215, "target": "917.xyz", "model": "6.xyz", "model_rescale": 3.89814844738969, "target_rescale": 3.868889389581899},
{"mapping": [2, 7, 4, 5, 6, 11, 9, 1, 8, 0, 3, 12], "R": [[0.43702835878520147, -0.22648519830511038, -0.8704657767920619], [-0.013468636475661266, -0.9693174150266144, 0.24544315993241395], [-0.8993468793791412, -0.09554163424820018, -0.42666964583408484]], "T": [0.03422216792933883, 0.01879757318525148, 0.018960014839724246], "aligned_model": [[0.4344923054489582, 0.12185728311973118, 0.15352265841648485, 0.04081744871641944, 0.0031831755269810316, -0.6628732384739606, -0.6152527726986028, 0.642277686163873, -0.5029183887887507, 0.5759795330233198, 0.16454500787353224, 0.021633847908568555], [-0.4884783674353324, 0.615045999051457, -0.026859267912940042, -0.5974009859437781, 0.04833468098345849, 0.13286379264799952, -0.4795329169480106, -0.42042048425204365, 0.33710407204041687, 0.17799568744009153, 0.6677111607753734, -0.11206523556538296], [-0.2708723187576386, -0.24196637474859356, -0.6128458368384117, 0.4910113277533474, 0.6938970424514427, -0.3764982777423187, 0.37644414474549814, 0.4090274408052632, 0.27943605487005235, 0.19830690009965446, 0.4818952693837138, -0.0865197701922002]], "inverted": false, "swapped": false, "error_lsq": 0.05119586851195329, "error_max": 0.31620611895752504, "target": "917.xyz", "model": "7.xyz", "model_rescale": 3.7474275329858107, "target_rescale": 3.868889389581899},
{"mapping": [7, 3, 5, 11, 12, 8, 13, 10, 2, 0, 1, 14], "R": [[0.9615791339568978, -0.22487122203484478, 0.15747540328336423], [-0.07698835346349878, 0.3297167435072558, 0.940935525146091], [-0.26351159854868256, -0.9169077393890436, 0.2997362755470081]], "T": [0.012743014799412925, -0.050398630544970374, 0.12072478053691468], "aligned_model": [[0.38832472761790643, 0.1585480404426403, 0.13261579269257667, 0.043675418498577395, 0.03517786168165199, -0.45478552147403933, -0.6407433444083022, 0.683509951151179, -0.4737916922147934, 0.5111052616132742, 0.02838744166015972, -0.03475939102427654], [-0.4831163890455422, 0.460998570693944, -0.09367010049816171, -0.6668562978417945, -0.2881538896656531, 0.06715573956643517, -0.3187625163460598, -0.35732091729025983, 0.6365208649145571, 0.37330240882714805, 0.550788856313381, -0.026588194746685757], [-0.2474753693796555, -0.3602620530113596, -0.5841011277767298, 0.19490757114374663, 0.6895935995147026, -0.36177739945219, 0.6766458467142575, 0.2971724687750167, 0.11684129266198903, 0.20025928759258338, 0.5714249886608859, 0.14808649638656263]], "inverted": true, "swapped": false, "error_lsq": 0.053386231366526045, "error_max": 0.28747721642287577, "target": "917.xyz", "model": "8.xyz", "model_rescale": 4.019505241142653, "target_rescale": 3.868889389581899},
{"mapping": [10, 8, 11, 2, 0, 5, 3, 1, 4, 9, 7, 12], "R": [[0.8108285292516415, -0.3528287731366674, -0.46697853590769434], [-0.13478636370550737, 0.6638557247260717, -0.7356141739441056], [0.5695522208811642, 0.6593992975392802, 0.4907166535731566]], "T": [0.06718587051629463, -0.12373957377765665, 0.04312174362739081], "aligned_model": [[0.7462299805753347, 0.11409376157163584, 0.06711166996245543, -0.18425826217097377, -0.03988770627970793, -0.5284480522720326, -0.7195885678707565, 0.6104137042446969, -0.48363187947534547, 0.5999062531744896, 0.15489696076926623, 0.04042668400749183], [-0.640243482492078, 0.5317490542727302, 0.11446554475959603, -0.5904764895506052, 0.009838171836035192, -0.09921228828611867, -0.26457660997344656, -0.34149033948565355, 0.38368843677197095, 0.25371880718682394, 0.6082148201459215, -0.11137749030386722], [-0.28899655923265805, -0.11267055284282464, -0.5317763690759999, 0.305618718483409, 0.6702886377632055, -0.2653314318014949, 0.3587349880866379, 0.3804545568354819, 0.3990870391927235, -0.15954602877518403, 0.568605825154413, 0.01684677804209974]], "inverted": true, "swapped": false, "error_lsq": 0.05630592184481791, "error_max": 0.3466554827435789, "target": "917.xyz", "model": "9.xyz", "model_rescale": 3.877068213659057, "target_rescale": 3.868889389581899},
{"mapping": [8, 12, 11, 2, 4, 10, 13, 7, 6, 5, 3, 15], "R": [[-0.2608545198238325, -0.34406016709721676, -0.901985321889726], [0.94960169579296, -0.25967425440352504, -0.17557306441224863], [-0.17381466806518947, -0.9023258186580989, 0.39445732107336956]], "T": [0.001980821029989595, -0.04851339775294527, 0.09304595369143026], "aligned_model": [[0.43791023455982764, 0.05853945073825662, 0.07466271955976422, -0.1006567835825469, 0.26628083515614565, -0.4939166748668542, -0.5959259989491197, 0.5815551271238346, -0.44753701338799096, 0.5357656506249825, -0.001376602407432044, 0.061963601667686725], [-0.5436228901180045, 0.6119553349750385, 0.01855048309403263, -0.6375881354174091, -0.12431776862554242, -0.0523495741068956, -0.15081432183738047, -0.5439929213414183, 0.3736683469681484, 0.5016092907260962, 0.4131136740160503, -0.01191338345140653], [-0.30714784036045456, -0.25159500470983703, -0.6383055717568686, 0.3808164065083385, 0.7115036156493806, -0.4141835178242725, 0.5722958379038425, 0.3843880804722752, 0.09211531451856758, 0.24612836795696705, 0.5285347790889017, 0.036765134382968814]], "inverted": false, "swapped": false, "error_lsq": 0.04596576281110398, "error_max": 0.2965169066204302, "target": "917.xyz", "model": "10.xyz", "model_rescale": 4.260839863003843, "target_rescale": 3.868889389581899},
{"mapping": [9, 1, 8, 10, 5, 7, 6, 4, 0, 2, 3, 11], "R": [[0.8052290279788372, 0.3836902985634967, -0.45209287462700853], [-0.010172026190235772, 0.7712550054895785, 0.6364450065720179], [0.5928766670931167, -0.5078852934428456, 0.6249398261601133]], "T": [0.05244246105489093, -0.026643513673132994, 0.07722366284296367], "aligned_model": [[0.5756353342259356, 0.021762580606211564, 0.22653689200545046, -0.11540112523562612, 0.03209883653726948, -0.5167441320766288, -0.6227251385566853, 0.5981334742730695, -0.673372525620379, 0.6375877530882513, 0.20023362113040064, 0.013518975859284542], [-0.5655230612188472, 0.6410521648367504, -0.12217203259779286, -0.6301077170706081, -0.13856106512964758, -0.0015565971182739773, -0.22493673217168247, -0.36640264964104846, 0.41443893817065297, 0.31759004181009254, 0.5157570438946953, 0.014719801117018337], [-0.1903792367249686, -0.19936604950399417, -0.6128334639536552, 0.04570735276089158, 0.7433103695601615, -0.24681784391095324, 0.5333857465220619, 0.4277773765880537, 0.29784357411137197, -0.02006648379080231, 0.5105739594465439, 0.05218030072509805]], "inverted": true, "swapped": false, "error_lsq": 0.05162523759410975, "error_max": 0.28669155978752175, "target": "917.xyz", "model": "11.xyz", "model_rescale": 3.890672605050136, "target_rescale": 3.868889389581899},
{"mapping": [8, 2, 0, 5, 12, 6, 9, 7, 11, 4, 10, 13], "R": [[0.8564983161684088, -0.3820462819509291, 0.34706090653969074], [0.4625937032877158, 0.866444860720506, -0.187830692405634], [-0.22894912115847385, 0.3214248617927592, 0.9188407686548677]], "T": [-0.03303864987150523, -0.01980922136537832, -0.048535463172550294], "aligned_model": [[0.18122693420639416, 0.0326276854054138, 0.2866905440853376, -0.049203632016087545, 0.18452068657341414, -0.46409055778042396, -0.6108731132580447, 0.5765100188310517, -0.4009045152335485, 0.5183326355702316, 0.017235675454907368, 0.10519218439790881], [-0.6311267582390404, 0.6853504921745773, 0.044289704190713965, -0.6292667235002044, -0.04264254264349588, -0.2097901300895702, -0.264181886082938, -0.43743508976191653, 0.37586638450580484, 0.40886897626124347, 0.5798674195813948, -0.02550171151526028], [-0.3640860525058746, 0.014724670231000297, -0.5408352803789737, 0.4344473815320038, 0.6636995551396142, -0.38043883909688264, 0.41212683144578566, 0.3769092744907322, 0.055760672494881564, 0.008751117237345077, 0.6128274651492078, 0.047428806090969514]], "inverted": false, "swapped": false, "error_lsq": 0.049841611250716004, "error_max": 0.27470529106076863, "target": "917.xyz", "model": "12.xyz", "model_rescale": 4.124412569039231, "target_rescale": 3.868889389581899},
{"mapping": [2, 9, 11, 4, 0, 10, 5, 1, 7, 6, 3, 12], "R": [[-0.44961246014198114, 0.8338055860206326, 0.3203386963915933], [-0.6839548824589754, -0.09070855519050364, -0.7238630234897905], [-0.5745035721782806, -0.5445550502346308, 0.6110690982355058]], "T": [0.03096375512352123, 0.07530910015249909, 0.19703255331135894], "aligned_model": [[0.29521356608898797, 0.06662325218847184, 0.11021120852481575, -0.1139576812588412, 0.006677066342167054, -0.36477467687384674, -0.6324305506925283, 0.7365326183184064, -0.520166948900902, 0.6255787397619247, 0.17102544743890138, -0.0032674947010028835], [-0.5664933653888746, 0.6382481076955482, -0.06149205055246393, -0.6923455562529051, -0.10093431164602079, -0.1967523670654472, -0.14817746942955284, -0.31315040046759995, 0.3395762694438503, 0.38128879135545374, 0.5756547331382194, -0.0011242459488986362], [-0.3135133763351813, -0.10374867292444528, -0.7855956305057462, 0.28636542254492253, 0.7494054436125399, -0.36330959555216724, 0.48635525774276234, 0.31592786262418954, 0.057406320703284164, 0.21758160192426065, 0.6856943439844151, 0.10874662401097475]], "inverted": false, "swapped": false, "error_lsq": 0.04348075002917683, "error_max": 0.19202601428909766, "target": "917.xyz", "model": "13.xyz", "model_rescale": 3.9028299243045295, "target_rescale": 3.868889389581899},
{"mapping": [2, 13, 8, 6, 9, 4, 7, 1, 10, 12, 14, 15], "R": [[-0.3399303508068971, -0.6926201531855554, 0.6361797544731506], [-0.7264696124105492, -0.2362002729576928, -0.6453304063026772], [0.597234676525373, -0.6815326510563744, -0.42287585258525223]], "T": [0.05000149942375598, -0.09722574334084692, -0.008021001975958689], "aligned_model": [[0.4679311784297663, 0.11151115474842538, 0.35305808480653833, 0.062436607944564224, -0.10210801099031197, -0.5595700486344454, -0.6795718130243777, 0.553996066471259, -0.49723522450032787, 0.6010929897853475, 0.06564137306999207, 8.218813012438042e-05], [-0.5968702359968332, 0.6934000737321719, -0.0036435364876143267, -0.6106590144502849, -0.12547366935695164, -0.06691860436079704, -0.19113273131777564, -0.37094675727873655, 0.3645169299856237, 0.31841661645010644, 0.5508520312260746, -0.10724296726367456], [-0.3512992184713546, -0.06949238942325846, -0.7122271054529388, 0.4169965346542082, 0.7515250519148136, -0.30275355702795925, 0.5206870603890194, 0.2973722505006141, 0.1985662039859179, -0.0962246694696281, 0.5943088455724335, 0.0938565946579422]], "inverted": true, "swapped": false, "error_lsq": 0.047596553917139295, "error_max": 0.27747972043709906, "target": "917.xyz", "model": "14.xyz", "model_rescale": 3.942246331269136, "target_rescale": 3.868889389581899},
{"mapping": [9, 8, 7, 5, 4, 0, 3, 10, 12, 11, 13, 14], "R": [[0.5071385280512114, 0.6987884957164109, 0.5044850360718807], [-0.6156848583813489, -0.1158739724411994, 0.779426313175681], [0.6031108260726128, -0.7058809111777228, 0.3714693402003977]], "T": [0.03577164883541414, -0.05881524342842337, 0.11977283549348086], "aligned_model": [[0.4523651898382114, 0.12214484718520371, 0.17915675137194095, -0.3130655293957068, 0.21217792500992966, -0.39963072964102603, -0.3924151347145698, 0.6107473984645337, -0.591341289872368, 0.5634242530745072, -0.01939324334420709, -0.04690589173989477], [-0.6377887409834259, 0.5354677412842256, -0.13653998280308574, -0.5868939009986313, -0.05457781374242038, 0.08346422355255073, -0.29844334589345856, -0.37199023020694827, 0.36901236971534335, 0.41146312550232794, 0.5897023491151018, -0.04857765966027039], [-0.25359269164586284, -0.3682930729406617, -0.7195001149754174, 0.07260173531857983, 0.6788138418950699, -0.4554652065038529, 0.6449227011535347, 0.40318919182787594, 0.4227070753868041, 0.24032162068887583, 0.6069192337534675, 0.06869128787139606]], "inverted": false, "swapped": false, "error_lsq": 0.056898813813218756, "error_max": 0.32436014286568066, "target": "917.xyz", "model": "15.xyz", "model_rescale": 4.355366556412066, "target_rescale": 3.868889389581899},
{"mapping": [7, 4, 3, 10, 1, 6, 8, 9, 2, 5, 0, 11], "R": [[-0.35979034305469026, -0.0332635833773679, 0.932440047973855], [-0.5779389291997268, -0.7766159008774944, -0.2507076716411187], [0.7324872034104497, -0.6290956020551524, 0.26019458163997916]], "T": [0.06220986706286416, -0.042191392526188816, 0.14893777063853184], "aligned_model": [[0.6379179250560069, -0.150997812255926, 0.21133641632038772, -0.18421454449747607, -0.005185824999062796, -0.5452857473688103, -0.6205428660210578, 0.6332168764715956, -0.50040464923395, 0.6276159464082186, 0.2801367927237688, -0.006327966367140864], [-0.5818671915086898, 0.5924793405217585, -0.054614634674803195, -0.6204808288476343, -0.09168512865105943, -0.07598035859640218, -0.2599929724329015, -0.3224138323559502, 0.463866344515286, 0.22473991230300083, 0.5648675985839798, 0.015379886024723836], [-0.27269166824604096, -0.23324710246429006, -0.490299230950215, 0.103197899459719, 0.6852263628915304, -0.40414752768144535, 0.4199493812190863, 0.5302222899334605, 0.5068426107532823, -0.008617063811253323, 0.4454192961519028, 0.05946035457407277]], "inverted": false, "swapped": false, "error_lsq": 0.05835066054522864, "error_max": 0.3179988733621271, "target": "917.xyz", "model": "16.xyz", "model_rescale": 3.795458400668931, "target_rescale": 3.868889389581899},
{"mapping": [2, 7, 4, 5, 6, 11, 9, 1, 8, 0, 3, 12], "R": [[0.43702835878520147, -0.22648519830511038, -0.8704657767920619], [-0.013468636475661266, -0.9693174150266144, 0.24544315993241395], [-0.8993468793791412, -0.09554163424820018, -0.42666964583408484]], "T": [0.03422216792933883, 0.01879757318525148, 0.018960014839724246], "aligned_model": [[0.4344923054489582, 0.12185728311973118, 0.15352265841648485, 0.04081744871641944, 0.0031831755269810316, -0.6628732384739606, -0.6152527726986028, 0.642277686163873, -0.5029183887887507, 0.5759795330233198, 0.16454500787353224, 0.021633847908568555], [-0.4884783674353324, 0.615045999051457, -0.026859267912940042, -0.5974009859437781, 0.04833468098345849, 0.13286379264799952, -0.4795329169480106, -0.42042048425204365, 0.33710407204041687, 0.17799568744009153, 0.6677111607753734, -0.11206523556538296], [-0.2708723187576386, -0.24196637474859356, -0.6128458368384117, 0.4910113277533474, 0.6938970424514427, -0.3764982777423187, 0.37644414474549814, 0.4090274408052632, 0.27943605487005235, 0.19830690009965446, 0.4818952693837138, -0.0865197701922002]], "inverted": false, "swapped": false, "error_lsq": 0.05119586851195329, "error_max": 0.31620611895752504, "target": "917.xyz", "model": "17.xyz", "model_rescale": 3.7474275329858107, "target_rescale": 3.868889389581899},
{"mapping": [11, 5, 10, 1, 2, 8, 0, 7, 4, 9, 6, 13], "R": [[-0.08553270563690746, 0.8380721188785295, 0.5388128430400322], [0.16606590471162147, -0.5212380446287078, 0.8370979728346928], [0.9823982245295139, 0.16107769674940559, -0.09459230439716415]], "T": [0.0890420167002535, -0.08288150972401603, 0.03762808762912738], "aligned_model": [[0.43286427269511907, 0.1266249258760754, 0.09307817115006015, -0.020884065898230664, 0.0795073820645354, -0.5364035314824046, -0.6048441084097502, 0.764280024486586, -0.3805437288253287, 0.396462361391538, -0.01765237347422194, 0.04477521666257608], [-0.6137552734955931, 0.49740636072665884, -0.05986230979640626, -0.720570863547793, -0.18378949336491465, 0.0433302203084068, -0.14317753143829265, -0.32907227296208325, 0.5944556072253517, 0.4469960498427454, 0.40270637005954524, -0.08036872867631592], [-0.31122140001225546, -0.3925735499967613, -0.6522220383804332, 0.2821418115671544, 0.740165911087462, -0.29364659700496465, 0.5002605831654062, 0.2631564072994069, 0.1372748618995844, 0.30678727731720074, 0.6273903529300996, 0.13380198195790943]], "inverted": false, "swapped": false, "error_lsq": 0.05671441043556021, "error_max": 0.29027602169146444, "target": "917.xyz", "model": "18.xyz", "model_rescale": 3.922800546911778, "target_rescale": 3.868889389581899},
{"mapping": [11, 1, 6, 7, 3, 8, 12, 9, 5, 2, 0, 14], "R": [[0.8559856339255387, -0.011558116110405248, -0.5168703942624997], [-0.5169934413346642, -0.014253384956215372, -0.8558706810226828], [0.002525100004857561, 0.9998316113072583, -0.018176162980594816]], "T": [-0.004222166658557985, -0.05870415358004193, -0.043784322500558207], "aligned_model": [[0.2960055244526145, 0.12546736764612298, 0.12803956000598402, 0.057748801373107395, 0.023858632400764742, -0.48050550183540186, -0.5824126585766687, 0.6832052000893702, -0.5551508081479374, 0.6357773005444816, 0.02877280947557298, 0.01645831880854325], [-0.6961451535960879, 0.6477710395354475, 0.17961617017604414, -0.6672491471683867, -0.05096779076010284, 0.040841774431215096, -0.2994400680616738, -0.2773902973867701, 0.38919325229322, 0.19812070585688563, 0.5146065068777934, -0.12465885731627538], [-0.14759144054841744, -0.22282747411522524, -0.6774072631029483, 0.4700674158038236, 0.5951999190888675, -0.414776838423479, 0.4319845490123844, 0.3335261224488703, 0.23621436675420276, 0.15004714125807395, 0.5633967492006162, 0.023482354453040546]], "inverted": false, "swapped": false, "error_lsq": 0.04927722809759628, "error_max": 0.33323296147259884, "target": "917.xyz", "model": "19.xyz", "model_rescale": 3.9282355846067225, "target_rescale": 3.868889389581899},
{"mapping": [10, 5, 2, 9, 4, 7, 8, 11, 6, 0, 3, 13], "R": [[0.48084903795092476, 0.8332053135724853, -0.27304415052560027], [0.18388395987590694, 0.20865360157721907, 0.9605469087187835], [0.8573044336768743, -0.5120864965837624, -0.05288220886595407]], "T": [-0.06617099286781186, -0.037361462911204305, 0.08520060977010964], "aligned_model": [[0.5246330196102467, -0.1568537330009951, 0.19369087585873263, -0.17858607199321994, 0.09427630367837248, -0.4606959699959409, -0.4561267771069639, 0.411930268178964, -0.5493088609936125, 0.6753813809466997, 0.19695631261217267, 0.08196779844209842], [-0.47684947334883093, 0.5837690771824021, 0.13868641232119588, -0.700189236449373, 0.05933995975323818, -0.12931792735135816, -0.2909232707683019, -0.4339697277662296, 0.3905194668072782, 0.09913186638956804, 0.6164914792285379, -0.0023904911168180915], [-0.36205240197253685, -0.22084455855240154, -0.6765048222493707, 0.2478260009285853, 0.6887512247358354, -0.38807713896665347, 0.6870830526631169, 0.44224996176521303, 0.1868852419579065, 0.3529068594978521, 0.3490100491531663, 0.03408213286909611]], "inverted": true, "swapped": false, "error_lsq": 0.05224184304305845, "error_max": 0.3080436243609729, "target": "917.xyz", "model": "20.xyz", "model_rescale": 4.067790424073018, "target_rescale": 3.868889389581899},
{"mapping": [1, 0, 7, 13, 11, 8, 6, 10, 2, 12, 3, 14], "R": [[-0.9149701535168627, -0.25384523560474387, -0.3136753330022953], [-0.4027641804422261, 0.6221077360481756, 0.6713888438913143], [0.024710992008228294, 0.7406379419863565, -0.6714497790335356]], "T": [-0.06939554497129821, -0.055696148266582673, 0.08256689591297384], "aligned_model": [[0.2840925495311727, -0.07268610980874879, 0.22339248690348415, 0.07381892029744486, 0.1838209850934995, -0.2762637532803004, -0.5897920978052077, 0.5902414198111551, -0.5693095571106582, 0.5715676682271719, -0.042772070264152515, 0.0011541046416937706], [-0.590930062456859, 0.5631632589389056, 0.05161012776354712, -0.683908670553274, -0.08549996636452964, -0.13433333916799794, -0.0577810438001764, -0.5098842987823334, 0.4927947341826736, 0.2916225298235139, 0.601475379593027, -0.0840305142951876], [-0.42917124554649067, -0.26594456131229616, -0.5952416970719655, 0.35635905952833213, 0.6767262813541833, -0.4429705749901113, 0.608627713408983, 0.25542238520198324, 0.1370248051245475, 0.3182568661572081, 0.6221609935604593, 0.10006557641497592]], "inverted": true, "swapped": false, "error_lsq": 0.048127802803820174, "error_max": 0.25099820548026386, "target": "917.xyz", "model": "21.xyz", "model_rescale": 4.186013935880536, "target_rescale": 3.868889389581899},
{"mapping": [10, 2, 9, 4, 6, 11, 3, 7, 5, 1, 0, 12], "R": [[-0.9044896930719971, 0.15797716535121673, -0.39615856718505893], [0.42150861495422054, 0.1894831973986827, -0.8868069719070472], [-0.06502985964846555, -0.9690920147907349, -0.2379743352190204]], "T": [0.026577989351722786, 0.02531853047474212, 0.019353712404741805], "aligned_model": [[0.42008448338836263, -0.09857476919739877, 0.3325133160559392, -0.06971552085206267, -0.011146780627672083, -0.4489431555704193, -0.6982311602889231, 0.6111546753668231, -0.5379079286987647, 0.6683386814559984, 0.21641687499823975, -0.006724169793568498], [-0.6569157335285318, 0.7388452007077744, -0.02941204393622062, -0.6702585326000218, -0.1292667437937418, -0.2421046074838409, -0.18477837071313785, -0.3209724285110761, 0.49500694081722024, 0.3649631055704094, 0.4898142313923831, -0.0006228830399073564], [-0.2563426437713391, -0.1384933045410915, -0.5181022395925938, 0.2051392284854766, 0.552770138592138, -0.298970783555244, 0.5511898182165248, 0.29625876792583267, 0.26284338698563664, 0.10828071960879998, 0.5389625867822772, 0.03777992669339163]], "inverted": false, "swapped": false, "error_lsq": 0.04446332775996146, "error_max": 0.20337629300564306, "target": "917.xyz", "model": "22.xyz", "model_rescale": 4.166573947596378, "target_rescale": 3.868889389581899},
{"mapping": [0, 13, 5, 3, 9, 6, 11, 8, 12, 10, 14, 15], "R": [[0.817552324843387, 0.28804164250100495, -0.49863835424934627], [-0.17159596522025553, -0.7047151363870962, -0.6884267580992518], [-0.5496935699672156, 0.6483892262616955, -0.5267147144370071]], "T": [-3.26704673830891e-05, -0.13530358028120593, 0.11564052828428786], "aligned_model": [[0.47680226574736795, 0.2555315397048583, 0.20294547751528488, -0.15790220940889638, 0.11307282524404608, -0.5469525966814103, -0.576906483806339, 0.6322256048262945, -0.5278842712398453, 0.5295152024930738, -0.020343922613242083, -0.002838885544638646], [-0.5236718644162137, 0.6004320637989171, 0.17928647277938098, -0.613447636422835, -0.0811220963636855, -0.038945217478238314, -0.209389615070106, -0.5513751617400269, 0.23632642520615849, 0.3929229572630223, 0.6084506977752235, -0.1451688904502878], [-0.42153196014109573, -0.21631298563714876, -0.6265824511216377, 0.4440946685640067, 0.7027697133215004, -0.40464909509372915, 0.6483892404924293, 0.40061956724365777, 0.22809132558082873, 0.1543317208372522, 0.38470332788555694, 0.047392529898188096]], "inverted": true, "swapped": false, "error_lsq": 0.048092608211648485, "error_max": 0.27617285223198573, "target": "917.xyz", "model": "23.xyz", "model_rescale": 4.274766983524099, "target_rescale": 3.868889389581899},
{"mapping": [2, 3, 7, 9, 4, 10, 1, 8, 5, 6, 11], "R": [[-0.6258736657575942, -0.3695030535597952, -0.6868403365565673], [-0.16559458891359125, -0.7976136757882487, 0.5799921174620369], [-0.7621421039633555, 0.47673883584783155, 0.43801768886742953]], "T": [0.0649118479955977, 0.021170334574087152, -0.05976348771267508], "aligned_model": [[0.39253064900824, 0.139810285544837, -0.4554057581434735, -0.56654993824836, -0.3450870947140687, -0.6565533936782042, -0.016363738702202105, 0.07224934516724445, 0.6020725398439509, 0.15983386451109383, 0.053357943369017155], [-0.3720719633127886, 0.7248115344943103, 0.48736729683499624, -0.23082566901162663, 0.3764199649507626, -0.11400106146601893, -0.6016641551052598, -0.1318062182076216, -0.024428759122707644, 0.713990169925773, 0.08779539126366465], [-0.4815397156020305, -0.11608184993396778, -0.5530276966863095, -0.3045225598313136, 0.17810474768867218, 0.4441239340746406, 0.12680682050280168, 0.5917700640718536, 0.09122628525041684, 0.5310113909165867, -0.1283049864297725]], "inverted": false, "swapped": true, "error_lsq": 0.05067739593197742, "error_max": 0.2572457935039862, "target": "917.xyz", "model": "24.xyz", "model_rescale": 3.7841303162186577, "target_rescale": 3.868889389581899},
{"mapping": [0, 2, 8, 11, 3, 9, 13, 6, 12, 4, 5, 15], "R": [[-0.41874550560204316, 0.7763529902016548, 0.47109259826815203], [0.7393718568441632, 0.5926670734639127, -0.31949177976676574], [-0.5272394701128734, 0.214526862272934, -0.8221902252632453]], "T": [0.005667749219838383, -0.17523648219408622, -0.054482158079478135], "aligned_model": [[0.4241369870005846, 0.02767829242287355, 0.24120469246975762, -0.12730414420742114, 0.12465765601044372, -0.4299284636775447, -0.49595784840124657, 0.503438428106318, -0.492120543498269, 0.5501648208697806, 0.006485649997981693, 0.04480901914329605], [-0.5353238415111161, 0.5576594213334876, 0.0763481019833177, -0.7321834822556692, 0.013664125190764792, 0.09676902355169936, -0.22555664512601828, -0.37186320798844125, 0.32327646815939365, 0.25891063476345444, 0.5807086901689722, -0.18811115338853587], [-0.5408467744352351, -0.2310385471103779, -0.5347792838335577, 0.4569433827800477, 0.7195720068500495, -0.33449939447674126, 0.5437148314522595, 0.4308926807691313, 0.22634440831123298, 0.21336773021702332, 0.3903604802354505, 0.0012840810705256472]], "inverted": true, "swapped": false, "error_lsq": 0.04420044021165954, "error_max": 0.26335478686710906, "target": "917.xyz", "model": "25.xyz", "model_rescale": 4.19342608120988, "target_rescale": 3.868889389581899},
{"mapping": [7, 4, 3, 10, 1, 6, 8, 9, 2, 5, 0, 11], "R": [[-0.35979034305469026, -0.0332635833773679, 0.932440047973855], [-0.5779389291997268, -0.7766159008774944, -0.2507076716411187], [0.7324872034104497, -0.6290956020551524, 0.26019458163997916]], "T": [0.06220986706286416, -0.042191392526188816, 0.14893777063853184], "aligned_model": [[0.6379179250560069, -0.150997812255926, 0.21133641632038772, -0.18421454449747607, -0.005185824999062796, -0.5452857473688103, -0.6205428660210578, 0.6332168764715956, -0.50040464923395, 0.6276159464082186, 0.2801367927237688, -0.006327966367140864], [-0.5818671915086898, 0.5924793405217585, -0.054614634674803195, -0.6204808288476343, -0.09168512865105943, -0.07598035859640218, -0.2599929724329015, -0.3224138323559502, 0.463866344515286, 0.22473991230300083, 0.5648675985839798, 0.015379886024723836], [-0.27269166824604096, -0.23324710246429006, -0.490299230950215, 0.103197899459719, 0.6852263628915304, -0.40414752768144535, 0.4199493812190863, 0.5302222899334605, 0.5068426107532823, -0.008617063811253323, 0.4454192961519028, 0.05946035457407277]], "inverted": false, "swapped": false, "error_lsq": 0.05835066054522864, "error_max": 0.3179988733621271, "target": "917.xyz", "model": "26.xyz", "model_rescale": 3.795458400668931, "target_rescale": 3.868889389581899},
{"mapping": [6, 11, 8, 0, 3, 1, 2, 7, 9, 10, 4, 12], "R": [[-0.9955103447841495, 0.042398093373636814, 0.08462597181731084], [0.04700572080111841, 0.9974759827926588, 0.05321772227169044], [-0.08215604445024856, 0.056956697851085494, -0.994990612483449]], "T": [-0.013090897131137313, 0.05154313397004504, 0.024341047802618837], "aligned_model": [[0.2257666906370795, 0.09825650083908896, 0.1263068400867291, -0.13177654468199915, 0.030526246671337964, -0.3702795107010621, -0.7342304905389977, 0.613127388227023, -0.3726478336052363, 0.6069647196086232, 0.17156508559869751, 0.11368545409526992], [-0.5562814028305103, 0.7262328498233808, 0.09034966231048178, -0.6601236893412746, -0.08420863202676826, -0.2778883380208389, -0.28550914792611853, -0.29897392714310267, 0.20535047353621586, 0.32982366165379273, 0.7093025968204205, -0.04377597197436938], [-0.48032056645450394, -0.18534952428000842, -0.6896715811633357, 0.4375204782639154, 0.7487342846865075, -0.3136594997548421, 0.4000914436604771, 0.4053876953158905, 0.20164418326374256, 0.23829760547440895, 0.5061271411152523, 0.07251394170230492]], "inverted": false, "swapped": false, "error_lsq": 0.04882520174970694, "error_max": 0.24733604491047995, "target": "917.xyz", "model": "27.xyz", "model_rescale": 3.6321398670334006, "target_rescale": 3.868889389581899},
{"mapping": [6, 11, 13, 7, 8, 1, 3, 12, 0, 9, 10, 14], "R": [[0.7152794271198797, 0.42509177434013923, -0.5546821833513398], [-0.6946124277448292, 0.3453031216987694, -0.6310937564003621], [-0.07673927522130669, 0.8366975185414603, 0.5422622484601631]], "T": [-0.04351909879500114, -0.014524356442023644, 0.10783372695953085], "aligned_model": [[0.4727872448651488, 0.007150078340624713, 0.2562432354560268, -0.11020206408365245, 0.05713579331843292, -0.48155025381814076, -0.6288700749581858, 0.5593817349718885, -0.4370674732062093, 0.562245851427619, 0.17366423177209783, -0.05365375784909608], [-0.4130923297391495, 0.5603529432972294, 0.14391501709911825, -0.6817208134889592, -0.07948718569834574, -0.23227103028950363, -0.2385117337809847, -0.4723169080779184, 0.4179195238136947, 0.24694219223480934, 0.6177289804023014, -0.01516052089098304], [-0.3146337478818766, -0.174078601879803, -0.6348080708072766, 0.496793434189195, 0.6105046325261949, -0.34821702614121575, 0.3884651034302917, 0.44016834021826984, 0.32583295092035125, 0.0017383442841237134, 0.5050222866759523, 0.044527956295602494]], "inverted": false, "swapped": false, "error_lsq": 0.04516745000881517, "error_max": 0.21772114045024654, "target": "917.xyz", "model": "28.xyz", "model_rescale": 4.156811204709835, "target_rescale": 3.868889389581899},
{"mapping": [1, 5, 2, 0, 6, 8, 9, 4, 7, 11], "R": [[0.1770124877438828, -0.9101987795156772, -0.37443926203176664], [0.9592458370446528, 0.07440824790347897, 0.2726001407858003], [-0.2202589460049817, -0.4074329324098712, 0.8862755792035952]], "T": [-0.1421754944897716, -0.056300825186769765, -0.05395130883937148], "aligned_model": [[-0.6167867128296438, -0.015397903272665603, 0.1365071591549186, 0.631560667795844, -0.19709371299709721, -0.689460555020991, -0.3884526926458285, -0.34406538600553854, 0.19168990995732585, -0.0655754000257359], [-0.060130782217305265, -0.5783980485440396, -0.05668182698518198, 0.21147216509630268, -0.5157092516818296, -0.4285060258428564, 0.6145731179367759, 0.1194792829289873, 0.6240145158580388, -0.011392815922688322], [-0.5056885391955919, -0.21130673289661245, -0.6557856742856032, -0.28917985169527083, 0.7359552410998218, 0.04551720271370202, -0.1608562703716851, 0.474465719286449, 0.3423875956179634, -0.016721963298073128]], "inverted": false, "swapped": true, "error_lsq": 0.05263640761876347, "error_max": 0.25040254732001327, "target": "917.xyz", "model": "29.xyz", "model_rescale": 4.117894457231895, "target_rescale": 3.868889389581899},
