[{"mapping": [4, 9, 2, 7, 0, 6, 8, 11, 1, 10, 5, 12, 13], "R": [[0.5125992546197007, 0.5012763548611538, 0.6971111964532213], [0.8196866323002818, -0.5274206429216939, -0.2234754801947843], [0.25564786130838185, 0.6859660935331874, -0.6812449556006039]], "T": [-0.18635783823043503, 0.12971496621908937, 0.0011474062954138081], "aligned_model": [[-0.01579918617376111, 0.3857256899525404, -0.41685999630012915, 0.4089687367809398, -0.25555194700939576, -0.5487419720901097, 0.10147647132193202, 0.20787073739348308, -0.47447709296779617, 0.7595654444809838, -0.5448917640122743, 0.11219629473296613, -0.04245923262939422], [-0.7296017523761451, 0.2196081164699578, -0.131342820223279, -0.3105710793367853, 0.5571850654111568, -0.5429506032574085, -0.5326816862484481, 0.00035336293641780037, 0.6286103042469562, 0.3435771468271265, 0.055635092769591526, 0.6256460900329965, 0.05338446685194077], [-0.3808064521252195, -0.44760957703066195, -0.6844004276831702, -0.15093464277503005, -0.6375183311507374, 0.028443108434855396, 0.2994110760022897, 0.5623169409290698, 0.03483494355505641, 0.2748644784185339, 0.663240191979389, -0.004981059805705734, 0.00373746958364575]], "inverted": false, "swapped": false, "error_lsq": 0.04711378566290785, "error_max": 0.23840484119318084, "target": "918.xyz", "model": "0.xyz", "model_rescale": 3.8414455957264533, "target_rescale": 4.065405835445771},
{"mapping": [7, 2, 9, 4, 6, 13, 0, 1, 8, 3, 12, 5, 14], "R": [[0.49452680510176006, 0.7954538683692691, 0.3502804338415314], [-0.7732841265986163, 0.21866254111909048, 0.5951624590495921], [0.3968310705910779, -0.5651900887380348, 0.723246337706477]], "T": [-0.05703912182154981, 0.024879352282813426, -0.021354375776663072], "aligned_model": [[0.021322112348374014, 0.3689170618726892, -0.4524459259995394, 0.44702179800955977, -0.11351419953476535, -0.6640703379061714, 0.11122940671315222, 0.36880298240543996, -0.7961731092292604, 0.6158607681668948, -0.5280887877028476, 0.32307577493730133, -0.02491536060084222], [-0.47318957122902694, 0.15973046249981535, -0.18221491338419213, -0.16786955256365485, 0.608162330052348, -0.4106165938495951, -0.653901689738803, -0.06717685410257254, 0.3036849825404561, 0.2332461380561063, 0.28011027498600455, 0.5551776487193645, 0.05170904211782712], [-0.4197786051431067, -0.6087054081791884, -0.5373728873932853, -0.08908681724818845, -0.5377057166534285, 0.10788719741243727, 0.16958898965922087, 0.7260959893327551, -0.03718999057331886, 0.3209406763057499, 0.5220229629450287, -0.11419384497480825, 0.05809517284244732]], "inverted": true, "swapped": false, "error_lsq": 0.04467100291782676, "error_max": 0.3085020769081617, "target": "918.xyz", "model": "1.xyz", "model_rescale": 4.316132596720782, "target_rescale": 4.065405835445771},
{"mapping": [0, 2, 1, 7, 3, 6, 9, 10, 4, 5, 8, 12], "R": [[0.6505213811711307, -0.4958456896802293, 0.5752903481414775], [0.1970310819512034, -0.6213581656484095, -0.7583487210559414], [0.7334853000465265, 0.6066721371610713, -0.30650975940102737]], "T": [-0.058322193024091085, 0.0469097268070763, -0.0820468826217419], "aligned_model": [[-0.15646799329842148, 0.5134457382423665, 0.0987170959426023, -0.5716907000503297, -0.4652505396336463, -0.5574673668572243, -0.4858925380722143, -0.020289438621700295, 0.6178891855230251, 0.05174676416614206, 0.6335409586650516, -0.06047261137387042], [-0.6789666178891788, -0.25593494887123025, -0.37150430608795737, 0.44715262406150624, -0.2773154270476816, -0.2360067473661551, 0.3107051300416632, 0.6138871668096476, -0.08616763269493063, 0.05377437455970626, 0.43709714871603544, 0.05605566350955535], [0.08943548810177412, 0.191339353049548, -0.6292810759704898, 0.010919242656226388, -0.4060897021746529, 0.3646206837664391, -0.6756874221160802, 0.3452999013999041, -0.5303775869200419, 0.7204771868579525, 0.07462437858334911, -0.10602198602450712]], "inverted": true, "swapped": true, "error_lsq": 0.05714930231571456, "error_max": 0.33070258914372447, "target": "918.xyz", "model": "2.xyz", "model_rescale": 3.795458400668931, "target_rescale": 4.065405835445771},
{"mapping": [1, 3, 9, 10, 4, 8, 7, 0, 6, 5, 11, 12], "R": [[0.6753260993756792, 0.6377053109683639, 0.3704950686105991], [0.6172699772552861, -0.763646215157366, 0.18926762336725347], [0.40362412549461024, 0.10087811674774774, -0.9093465625822418]], "T": [0.0775521188644803, -0.0020902912397594486, 0.06368405443282069], "aligned_model": [[-0.06260070126912001, -0.1319309351308854, -0.666070696736129, 0.11030545726970722, 0.03273023310357315, 0.21830037706339137, -0.24140145046724107, 0.5713457510988197, 0.4069966975774404, 0.7276954550747314, -0.4254899666151585, 0.05342360477443619], [-0.014333135952024699, -0.48841455460087846, -0.2221583776522606, 0.2590423273143825, 0.5696148581172347, 0.7788891960986608, -0.2837432469240936, -0.4296259503342602, -0.604529058958958, 0.0438744469511995, 0.4753722093380131, 0.0017803318926945338], [-0.6287061558782839, -0.24505845887781427, 0.0053004066848363895, 0.7241930672731565, -0.5254815023173688, 0.22408261159396967, 0.5650068390965556, -0.3095670384490239, 0.3029189839232178, 0.5447329771469278, -0.0242157873189124, 0.055565487761839845]], "inverted": true, "swapped": true, "error_lsq": 0.05629629343526168, "error_max": 0.25646089823952967, "target": "918.xyz", "model": "3.xyz", "model_rescale": 3.7530521520055578, "target_rescale": 4.065405835445771},
{"mapping": [8, 5, 2, 0, 4, 6, 11, 7, 9, 3, 12], "R": [[-0.21566723026734547, 0.2642618721197878, 0.9400283552811356], [-0.49251347186889727, 0.801818783398572, -0.33840378044117525], [-0.8431596087434793, -0.5359592349544684, -0.042773504071611346]], "T": [-0.09021513187911764, -0.0264456651866894, 0.030746959554518942], "aligned_model": [[-0.307395294873538, -0.2963873425723811, 0.26415097305221036, 0.501784732222398, 0.3425908075584062, -0.09230032563684124, -0.27144044248131216, -0.6231842171653198, -0.2782259192907002, 0.19095469608559526, -0.09234806445331249], [-0.7541387074059677, 0.054484224347504794, -0.3831354232716468, 0.34818452239471537, -0.7011547674554162, 0.6271509545477035, -0.5380524456148512, 0.3278271352203987, 0.13855485087470892, 0.3805514133222145, -0.03306839864501797], [-0.24989933398266, -0.7484517014670449, -0.45973298786334954, -0.2433399843639229, 0.21355417661270518, -0.2878541412305061, 0.47138745975704505, 0.1818066771468567, 0.7671166210559605, 0.3927045323414949, 0.05553945923873756]], "inverted": true, "swapped": true, "error_lsq": 0.05123021297205781, "error_max": 0.2452076328026653, "target": "918.xyz", "model": "4.xyz", "model_rescale": 3.7855080009869324, "target_rescale": 4.065405835445771},
{"mapping": [6, 13, 1, 8, 12, 5, 7, 10, 2, 15, 3, 14, 16], "R": [[0.4631949147944811, 0.6208738069109427, 0.6324287997873335], [0.76544361268634, -0.6399391442408684, 0.06763111315030665], [0.44670633161644124, 0.4527621975829902, -0.7716604471745352]], "T": [-0.06470551078385982, -0.006101969856805771, -0.08477141936678664], "aligned_model": [[0.14130095428076217, 0.4972802686936549, -0.6512326815615231, 0.6002682969630996, -0.09154374162703897, -0.5135258972767148, 0.0025637770791957643, 0.17645769395188382, -0.5594421119154043, 0.5955908177780281, -0.4855467177981822, 0.03061659809109825, -0.06576507317887395], [-0.490374697389648, 0.11941778233418571, 0.013783387585539798, -0.20262191446573424, 0.41387488140542666, -0.4526354694032774, -0.7239683629321202, -0.19707156632781775, 0.5267522997403296, 0.35257007753929226, 0.16754039716794014, 0.6636627625771934, 0.045922126272767386], [-0.47092984512808334, -0.5244126530452949, -0.5629914414155396, 0.035642949979375144, -0.6195278281916102, 0.41948182957712343, 0.1189739032282218, 0.5757853124735369, 0.045948550230831026, 0.25387474935543386, 0.43978326057803285, -0.07964333199298758, -0.07138773731672432]], "inverted": false, "swapped": false, "error_lsq": 0.04040636713564976, "error_max": 0.27599988272337245, "target": "918.xyz", "model": "5.xyz", "model_rescale": 4.2253639853439635, "target_rescale": 4.065405835445771},
{"mapping": [8, 10, 9, 5, 1, 12, 11, 6, 0, 2, 7, 4, 13], "R": [[-0.92873174480047, -0.23679082966343404, 0.285284856217742], [-0.0403110245459216, -0.7004208553421237, -0.7125907989174897], [0.3685544294943872, -0.6733058208489741, 0.6409578021297162]], "T": [-0.019037380479447245, 0.047796287483443216, -0.052552535424180716], "aligned_model": [[0.07916853223679055, 0.615827407447712, -0.4842064104655916, 0.5232688365438112, -0.0875969726732283, -0.6362207677005474, 0.021959422692094062, 0.13384038119899896, -0.7103037998457242, 0.5696472187348296, -0.4815584998881973, 0.14712373979048674, -0.013926904591449234], [-0.38671766967939897, 0.14219636626979412, -0.09799949892442972, -0.27716262457077506, 0.4637902087416736, -0.4982350528649473, -0.6836828258423735, -0.09678897163132055, 0.45349089495795214, 0.27736179685410683, 0.12140869017185052, 0.734831404513099, 0.08435898610884643], [-0.641974366829287, -0.4958896538391328, -0.4199185513984984, -0.0201961001269116, -0.6533473604290989, 0.3859428537929257, 0.20976665508802622, 0.5552644279406255, -0.02754709103240395, 0.1731059046850844, 0.5877963103608559, -0.08839304721201048, -0.004012262667859055]], "inverted": false, "swapped": false, "error_lsq": 0.04056122990060559, "error_max": 0.29548188793946023, "target": "918.xyz", "model": "6.xyz", "model_rescale": 3.89814844738969, "target_rescale": 4.065405835445771},
{"mapping": [9, 6, 8, 5, 3, 11, 10, 2, 7, 1, 4, 0, 12], "R": [[0.3324326685204676, -0.4691635938174453, 0.8181528238273461], [-0.21318432577791802, 0.8076569280229541, 0.5497660683046377], [-0.9187170207103903, -0.35717755927944883, 0.1684732234041967]], "T": [-0.1064285621252982, 0.07523838332379426, -0.00526791337924562], "aligned_model": [[0.13451005252597908, 0.2671835342058473, -0.40397628076936937, 0.5825718186335855, -0.18965009810620226, -0.7403540421860043, 0.05594141870461557, 0.233401780065423, -0.6116771754911353, 0.694936989684848, -0.40287097274227784, 0.1476558278849423, -0.09065066893026638], [-0.6934397118652892, 0.15186545728579046, -0.0935223977864647, -0.26062537662232166, 0.647734452733153, -0.42469656667355526, -0.5349693614707622, 0.015289782522847822, 0.4946796096744921, 0.2975879667318251, 0.05999488647259946, 0.6082879915014914, -0.03133502839972861], [-0.39130994344983216, -0.563764237484291, -0.5889389904453427, -0.12794885767704317, -0.5689206106403563, -0.06479858382701512, 0.36914651018128064, 0.6131731495439019, 0.0029525413087542265, 0.14695076866778795, 0.5669080397816817, 0.04279064926089657, 0.12435728311189226]], "inverted": true, "swapped": false, "error_lsq": 0.04080206039869721, "error_max": 0.2646760054707137, "target": "918.xyz", "model": "7.xyz", "model_rescale": 3.7474275329858107, "target_rescale": 4.065405835445771},
{"mapping": [4, 9, 12, 8, 11, 1, 2, 3, 10, 5, 0, 7, 14], "R": [[0.15932170864413536, -0.885834211794021, 0.4357916272371229], [-0.830852016779609, 0.11810129217439785, 0.5438170749433989], [-0.5331993242381035, -0.4487202179554691, -0.7171810417391321]], "T": [-0.10601384840607887, 0.011263871460519518, -0.0757582348187486], "aligned_model": [[0.22993166342959165, 0.46218497480396326, -0.602801554167919, 0.513071363388807, -0.12069937159254575, -0.5821742573977607, 0.029712870736152544, 0.2118434276006088, -0.514934637145278, 0.4830458320248535, -0.43227722481261843, 0.11329954353868459, -0.11318044692655442], [-0.6160940106735193, 0.3451526523434975, 0.018314734158304355, -0.2748481236818578, 0.392725420494039, -0.4699884609426655, -0.7698185548412904, -0.06354500171768337, 0.6478804631856582, 0.3194241014035047, 0.09780439485166029, 0.6558464303234005, -0.04600234079897084], [-0.40100974772420567, -0.4578692388366921, -0.4415380586724707, -0.06660713493652984, -0.5664224556536843, 0.25053806843217924, 0.20722232437783317, 0.562602886779386, -0.023161054614465132, 0.1908265164217942, 0.490171252532771, -0.09286358040077325, -0.0912920593728277]], "inverted": false, "swapped": false, "error_lsq": 0.04074568055731154, "error_max": 0.24171234411787065, "target": "918.xyz", "model": "8.xyz", "model_rescale": 4.019505241142653, "target_rescale": 4.065405835445771},
{"mapping": [8, 5, 4, 11, 3, 7, 9, 1, 0, 6, 0, 2, 12], "R": [[0.34331858512455016, 0.9281053618054067, 0.1440582746534619], [0.09506784441779242, 0.11825362133897213, -0.9884220687530066], [-0.934395234398074, 0.35303897579201393, -0.04763431017548518]], "T": [0.12666088383371396, 0.021389222659746823, 0.06321641097119227], "aligned_model": [[-0.035130084231673187, 0.31686428972285974, -0.4854365170559021, 0.5210411493966596, -0.17673629664519844, -0.6641649312818445, 0.19154028787399852, -0.005370406999627958, -0.4985542874740071, 0.7872527107017543, -0.4985542874740071, 0.08338272738356925, 0.1408878295634044], [-0.5765646244939879, 0.18907702159489598, 0.018450831700913214, -0.37030862585570046, 0.6354005447453384, -0.41703100658448383, -0.6141048059074631, 0.043120715360553855, 0.19003404438098045, 0.3241287860813636, 0.19003404438098045, 0.6090013168366399, 0.015613461864046873], [-0.20587801615916398, -0.5582561834514511, -0.4961786273745823, -0.21658088278959395, -0.45582217619735055, 0.01887429992599312, 0.30668727990059463, 0.7253348162707526, 0.12075762875775037, 0.057828184794504064, 0.12075762875775037, 0.11623706890733124, 0.02683669698978003]], "inverted": false, "swapped": false, "error_lsq": 0.06495657894574747, "error_max": 0.4283221545785279, "target": "918.xyz", "model": "9.xyz", "model_rescale": 3.877068213659057, "target_rescale": 4.065405835445771},
{"mapping": [13, 4, 2, 3, 7, 10, 6, 12, 8, 5, 11, 1, 15], "R": [[0.5125509518709941, -0.8539433573042651, -0.08984578037981533], [-0.4356464882168941, -0.16845149145710117, -0.8842150373807072], [0.7399349018936905, 0.49234625777170093, -0.4583573970361734]], "T": [-0.09259591277764605, -0.060428107416635395, -0.044228837630489584], "aligned_model": [[-0.0012711295976636228, 0.3157657415358349, -0.35807715579551863, 0.5222520109364625, -0.123471520138099, -0.5426312947739191, 0.10416462306563755, 0.17674132259427078, -0.6045792659795354, 0.5334377662347428, -0.49895597328748803, 0.24162886747766105, -0.08798180879240078], [-0.6759436768507393, 0.13711917796342737, -0.06826142843577854, -0.215517571416335, 0.5723744019992525, -0.4787940864737996, -0.5866082236398538, -0.10569559791712535, 0.5168029136128861, 0.3202413673924605, 0.08415368194379624, 0.7403212461902794, -0.0033405002643931633], [-0.5029649967950044, -0.5465300511172737, -0.6523519391790176, -0.07012539317288966, -0.5589076213042354, 0.3102409664133625, 0.21018097340444675, 0.6511872418927918, -0.04480347966102842, 0.22810923523724203, 0.5546224658426491, -0.04329119972906077, 0.025231516500332604]], "inverted": false, "swapped": false, "error_lsq": 0.03477653537860355, "error_max": 0.2355207942092878, "target": "918.xyz", "model": "10.xyz", "model_rescale": 4.260839863003843, "target_rescale": 4.065405835445771},
{"mapping": [3, 0, 5, 6, 10, 7, 9, 1, 2, 8, 11, 12], "R": [[-0.5113564027046472, -0.24196075752624452, 0.8246027050830531], [-0.4153773334122288, -0.7704197378272256, -0.4836477007632468], [0.7523139639142085, -0.5898376212005766, 0.29345405145633324]], "T": [0.02544071244685153, 0.03356532269232198, -0.03650903767675706], "aligned_model": [[0.3566208627190168, 0.2848422181839322, -0.57134990885886, -0.2882982830892681, -0.6220681360603697, -0.4113650635409938, 0.221502198033572, 0.731333989832725, 0.13767286438599496, -0.13949776068051714, 0.22132207374330057, 0.038183594425597406], [0.05584923605048846, -0.6113805684403913, -0.4801451560502001, -0.3780438531938592, 0.1936120459339742, 0.3666568744509119, 0.6765008748395714, 0.029287868782662478, -0.46340816034354576, 0.1186382064041216, 0.6096475017231698, 0.05586363537603016], [-0.5518143004496884, -0.32406933692268597, 0.15362165203859074, -0.5472391814796728, 0.20976828401041664, -0.3979437253713378, -0.4276704807127984, -0.06639696002319448, 0.44701428119860853, 0.7515421240558797, 0.3077408377064935, -0.038375116655106616]], "inverted": true, "swapped": true, "error_lsq": 0.03941689071133175, "error_max": 0.2198386286879394, "target": "918.xyz", "model": "11.xyz", "model_rescale": 3.890672605050136, "target_rescale": 4.065405835445771},
{"mapping": [5, 7, 8, 12, 3, 6, 9, 11, 0, 10, 1, 4, 13], "R": [[0.06661678556287065, 0.4915325927218753, 0.8683074997795317], [0.982121316336575, 0.12126035635487115, -0.14399182606663172], [-0.17606795244616202, 0.8623755772682808, -0.4746666618297679]], "T": [-0.0976042960908106, -0.023520902373054743, 0.07366717888577842], "aligned_model": [[0.17497792969439702, 0.2839443458454615, -0.5373318799122196, 0.6027232777870312, -0.27541840479538193, -0.5391122810610214, 0.1653408492149902, 0.05390048436865759, -0.48727574815355607, 0.7091049708110979, -0.6646215977492252, 0.17621869889616198, 0.01457153853359218], [-0.5466469613084657, 0.05024177582609438, -0.1220120666166454, -0.10147732733060927, 0.596430685391771, -0.350409296578932, -0.7438252491814469, -0.09868600824943574, 0.4088727237000974, 0.1551628542013914, 0.32327731598638115, 0.6203508802619124, 0.04557237800196457], [-0.43329459332564435, -0.6852424807034748, -0.4885873795045119, -0.16839940662177544, -0.5874722372554054, 0.2476586179930069, 0.20724080858284155, 0.5972688139594028, -0.02576345686517212, 0.415475280418775, 0.47804406466557836, 0.03484529371806283, -0.031175606729368463]], "inverted": false, "swapped": false, "error_lsq": 0.046018868418242306, "error_max": 0.3074244524466426, "target": "918.xyz", "model": "12.xyz", "model_rescale": 4.124412569039231, "target_rescale": 4.065405835445771},
{"mapping": [1, 2, 0, 8, 4, 3, 6, 9, 5, 11, 7, 10, 12], "R": [[0.3901589760309218, 0.8840704581950973, -0.2572846640769973], [0.8770015562971247, -0.44192600340483595, -0.18859925176694092], [-0.28043581025775516, -0.15205535985732194, -0.947752564683281]], "T": [-0.15847237548771856, -0.028914762938917316, 0.007934710249884014], "aligned_model": [[0.13959421120102397, 0.5118834387148655, -0.6183548778432142, 0.5245079059353125, -0.18156674812403525, -0.593411521996099, 0.05959653378246435, 0.027607423233071415, -0.6901275236313752, 0.7493127959839652, -0.3446588700313026, 0.17905576420258942, -0.0864163479472811], [-0.49033298468441144, 0.21838683038848605, -0.1433685782898305, -0.2427812472494853, 0.3814680083074295, -0.540898847442493, -0.6556799989917299, -0.18269259919650593, 0.502290880926864, 0.3356061526192014, 0.36577526179572034, 0.6240553837288827, 0.06502344219194953], [-0.5929927674457869, -0.4735842592117966, -0.32699185121231467, 0.05984986193412106, -0.6623852780886931, 0.24762954084813435, 0.09292944225989988, 0.599853587786626, -0.0864540944342499, 0.19124713730623843, 0.4580814064952159, 0.07361891516508914, -0.020203923070168467]], "inverted": false, "swapped": false, "error_lsq": 0.04742004728595609, "error_max": 0.2865164634619759, "target": "918.xyz", "model": "13.xyz", "model_rescale": 3.9028299243045295, "target_rescale": 4.065405835445771},
{"mapping": [12, 2, 5, 1, 0, 13, 11, 9, 4, 6, 10, 3, 15], "R": [[-0.611701669143754, 0.46062291657189913, -0.6431544112385006], [-0.5539548313993774, -0.8298107058160653, -0.06744062041774845], [-0.5647611112107778, 0.31502495336376235, 0.7627608839093198]], "T": [-0.035607432808310774, 0.027528037230603826, -0.06507171883194779], "aligned_model": [[-0.09681298681561258, 0.4170622279390117, -0.49324245995603644, 0.5564473689844093, -0.16107033744259427, -0.6221104700840033, 0.27452707043377134, 0.21581080008151318, -0.49553416667976147, 0.5293638387483531, -0.5827725814338619, 0.14792005796681895, -0.012566178262022568], [-0.6129442785096911, 0.13766494774278368, -0.055795565299026316, -0.24009083382010055, 0.6345966475221605, -0.50813297152031, -0.5717559633452001, -0.04472565320588439, 0.524632152870415, 0.2363001049010326, 0.07082218131597923, 0.6231894688339418, 0.043091466617977255], [-0.33019316626653233, -0.6352557318817003, -0.27891557037820375, -0.07214330101242772, -0.6154744542940231, -0.023444531014669368, 0.23581358305329347, 0.6645951454647177, -0.038272995597258164, 0.2206378335556074, 0.43900021975069886, -0.051123089214754266, 0.04537377616756663]], "inverted": false, "swapped": false, "error_lsq": 0.04376650226366542, "error_max": 0.254665113001252, "target": "918.xyz", "model": "14.xyz", "model_rescale": 3.942246331269136, "target_rescale": 4.065405835445771},
{"mapping": [11, 10, 6, 4, 9, 8, 13, 12, 2, 3, 0, 5, 14], "R": [[-0.726908616200981, 0.6688285984367298, -0.15579528107723498], [-0.22932212628106935, -0.022567163791693767, 0.9730889401880634], [0.6473138543942223, 0.7430740400737725, 0.1697814621144994]], "T": [-0.006579235004522805, 0.03803548515718394, -0.04983214851878359], "aligned_model": [[-0.017380935093279235, 0.3341651915358681, -0.358844318515819, 0.5301875972901458, -0.23258780954069305, -0.6287056940054918, 0.30504861964544566, 0.19303919094637864, -0.45694683756506665, 0.5701669381493739, -0.590244001499125, 0.08605141732749548, -0.056927175195247856], [-0.6044422242048905, 0.046511013047519506, -0.13499810806625023, -0.16275392069928735, 0.5001971904795037, -0.4124597920387584, -0.6437727749292732, -0.19537107882972884, 0.6365366088840695, 0.2823313121885174, 0.20344018369768457, 0.6509532553294326, 0.07068003924553899], [-0.3679779341338135, -0.6765872181048239, -0.44827671918500245, -0.17323781762177567, -0.6690970260163334, 0.04426142470945621, 0.26473966075447675, 0.7076307997971429, 0.09718263339449759, 0.3026325038196584, 0.3657327789255149, 0.086296200640154, 0.027298431353163094]], "inverted": true, "swapped": false, "error_lsq": 0.04719514292607295, "error_max": 0.28004003444609943, "target": "918.xyz", "model": "15.xyz", "model_rescale": 4.355366556412066, "target_rescale": 4.065405835445771},
{"mapping": [0, 2, 1, 7, 3, 6, 9, 10, 4, 5, 8, 12], "R": [[0.6505213811711307, -0.4958456896802293, 0.5752903481414775], [0.1970310819512034, -0.6213581656484095, -0.7583487210559414], [0.7334853000465265, 0.6066721371610713, -0.30650975940102737]], "T": [-0.058322193024091085, 0.0469097268070763, -0.0820468826217419], "aligned_model": [[-0.15646799329842148, 0.5134457382423665, 0.0987170959426023, -0.5716907000503297, -0.4652505396336463, -0.5574673668572243, -0.4858925380722143, -0.020289438621700295, 0.6178891855230251, 0.05174676416614206, 0.6335409586650516, -0.06047261137387042], [-0.6789666178891788, -0.25593494887123025, -0.37150430608795737, 0.44715262406150624, -0.2773154270476816, -0.2360067473661551, 0.3107051300416632, 0.6138871668096476, -0.08616763269493063, 0.05377437455970626, 0.43709714871603544, 0.05605566350955535], [0.08943548810177412, 0.191339353049548, -0.6292810759704898, 0.010919242656226388, -0.4060897021746529, 0.3646206837664391, -0.6756874221160802, 0.3452999013999041, -0.5303775869200419, 0.7204771868579525, 0.07462437858334911, -0.10602198602450712]], "inverted": true, "swapped": true, "error_lsq": 0.05714930231571456, "error_max": 0.33070258914372447, "target": "918.xyz", "model": "16.xyz", "model_rescale": 3.795458400668931, "target_rescale": 4.065405835445771},
{"mapping": [9, 6, 8, 5, 3, 11, 10, 2, 7, 1, 4, 0, 12], "R": [[0.3324326685204676, -0.4691635938174453, 0.8181528238273461], [-0.21318432577791802, 0.8076569280229541, 0.5497660683046377], [-0.9187170207103903, -0.35717755927944883, 0.1684732234041967]], "T": [-0.1064285621252982, 0.07523838332379426, -0.00526791337924562], "aligned_model": [[0.13451005252597908, 0.2671835342058473, -0.40397628076936937, 0.5825718186335855, -0.18965009810620226, -0.7403540421860043, 0.05594141870461557, 0.233401780065423, -0.6116771754911353, 0.694936989684848, -0.40287097274227784, 0.1476558278849423, -0.09065066893026638], [-0.6934397118652892, 0.15186545728579046, -0.0935223977864647, -0.26062537662232166, 0.647734452733153, -0.42469656667355526, -0.5349693614707622, 0.015289782522847822, 0.4946796096744921, 0.2975879667318251, 0.05999488647259946, 0.6082879915014914, -0.03133502839972861], [-0.39130994344983216, -0.563764237484291, -0.5889389904453427, -0.12794885767704317, -0.5689206106403563, -0.06479858382701512, 0.36914651018128064, 0.6131731495439019, 0.0029525413087542265, 0.14695076866778795, 0.5669080397816817, 0.04279064926089657, 0.12435728311189226]], "inverted": true, "swapped": false, "error_lsq": 0.04080206039869721, "error_max": 0.2646760054707137, "target": "918.xyz", "model": "17.xyz", "model_rescale": 3.7474275329858107, "target_rescale": 4.065405835445771},
{"mapping": [7, 9, 2, 12, 6, 1, 11, 10, 0, 5, 3, 4, 13], "R": [[0.4327978780313781, -0.044113423217812225, -0.9004110187373], [-0.2833370365371557, 0.9415306676405919, -0.1823187473042841], [0.8558072916830508, 0.33402695667306115, 0.3949935084502707]], "T": [-0.03903924279095132, -0.0033830590982694524, 0.026074109198811757], "aligned_model": [[0.06281153649593046, 0.3465170819878283, -0.4644047023296641, 0.6453706946705542, -0.07555491081227826, -0.6437057020519545, -0.021011252481074452, 0.3255485070551596, -0.6995648505998352, 0.5808039942290837, -0.36377714658376964, 0.09452314227269219, -0.11053420837268717], [-0.6315205828074433, 0.17209284539307015, 0.010653409754753297, -0.2770851559053228, 0.4727227779612451, -0.33829934300627446, -0.653952143807826, -0.06587611400489705, 0.5017958622660746, 0.323309274118272, -0.1284854623822536, 0.810964969614041, 0.04053136691063826], [-0.37702507475404473, -0.49188215654386797, -0.5419927241784239, -0.10004933438270561, -0.5797217717438923, 0.05305507707786644, 0.3393974555865505, 0.6088345756119369, -0.061347682242059276, 0.20575832555726237, 0.6087265474860395, -0.06461326284983977, -0.03854225629250713]], "inverted": true, "swapped": false, "error_lsq": 0.0373785326490178, "error_max": 0.26467453529356433, "target": "918.xyz", "model": "18.xyz", "model_rescale": 3.922800546911778, "target_rescale": 4.065405835445771},
{"mapping": [1, 10, 8, 2, 4, 5, 0, 3, 13, 9, 12, 11, 14], "R": [[-0.79620749156849, -0.2034608699608994, 0.5697870696716163], [-0.6035251716654869, 0.20084913415867994, -0.7716326797601651], [0.042555816715907635, -0.9582605594004499, -0.2827113417625467]], "T": [-0.09524125418842637, 0.013197769602940458, -0.08688058185208641], "aligned_model": [[0.044065154401742815, 0.5034343112808547, -0.6317747650583139, 0.588533261749463, -0.12206213076132875, -0.5385019352155295, 0.1098378685237225, 0.07055543039171448, -0.4760978339967778, 0.6395331321956744, -0.5731604914180312, 0.12807246154367874, -0.0654122801568847], [-0.6180137869999064, 0.31588730714197594, -0.06138027258243088, -0.20029878614883517, 0.5019863526458285, -0.5469645539081199, -0.6682283641031143, -0.12723679799501048, 0.5833947264223923, 0.22730089717043336, 0.0756810183870948, 0.6894437128859044, 0.06528025118786561], [-0.4476418869730288, -0.5347279424982643, -0.3714162762017555, -0.08610933362971443, -0.6200161188020747, 0.18195367965450437, 0.35134722809031294, 0.514732944584043, -0.04641525260955606, 0.1906255222153196, 0.5346522739759572, -0.09500593280203645, -0.011381186671391916]], "inverted": true, "swapped": false, "error_lsq": 0.03823008128935415, "error_max": 0.20985512890759989, "target": "918.xyz", "model": "19.xyz", "model_rescale": 3.9282355846067225, "target_rescale": 4.065405835445771},
{"mapping": [8, 3, 7, 4, 5, 12, 9, 11, 2, 0, 10, 1, 13], "R": [[-0.9795925853915235, 0.0906065268103783, -0.1794124408877792], [0.014123918607055114, -0.8593906529549886, -0.5111244667757352], [-0.2004965874251528, -0.5032277445778984, 0.8405729923795491]], "T": [-0.03912988651502533, -0.06565968249299409, -0.1747650577499278], "aligned_model": [[0.2688331834140181, 0.5014443013285026, -0.6214593471752079, 0.5778743507252058, -0.13168792439900606, -0.6904867553263748, -0.15660384988457227, 0.30729793270491745, -0.5581531441818518, 0.4980907145165956, -0.3730951011002138, 0.07591115848135167, -0.020943335623379543], [-0.7455482390743879, 0.3943830056027502, -0.12501263430628137, -0.19892157497126753, 0.4440560579979908, -0.4564767721407084, -0.650190428440309, -0.22919784686898692, 0.5649508062492135, 0.31964428247539545, 0.19181682482181656, 0.6607672399690767, 0.06658098278977606], [-0.32150250122545554, -0.4247557409933413, -0.38799592497578966, -0.14451800532292708, -0.6430737441602767, 0.20706026508648406, 0.17587507145708497, 0.4307150874150478, -0.06677672574546095, 0.2759364716502956, 0.5765054878057332, -0.031341626627120256, -0.08553039603195915]], "inverted": false, "swapped": false, "error_lsq": 0.048466682654974544, "error_max": 0.31115547443853736, "target": "918.xyz", "model": "20.xyz", "model_rescale": 4.067790424073018, "target_rescale": 4.065405835445771},
{"mapping": [7, 0, 12, 8, 3, 10, 1, 5, 11, 4, 13, 6, 14], "R": [[-0.5853553577144153, 0.15181147352088364, -0.7964373055692754], [-0.41764645312383175, -0.8984182191154901, 0.13570609328410665], [-0.6949320437194649, 0.41206550458485325, 0.589297441486995]], "T": [0.01646222014296037, 0.061294218722091745, -0.05472414674488821], "aligned_model": [[0.24861060748477165, 0.36600364003145014, -0.5403515649908759, 0.4874118036111798, -0.21044294271488148, -0.678461357818304, -0.03321349798853494, 0.25600362913260627, -0.5547012341511345, 0.709634202683414, -0.3922189489606013, 0.07184390629223217, -0.053096059131337275], [-0.5925247567753863, -0.018688451029122075, -0.017743084091549233, -0.247845562877632, 0.656846883665254, -0.3166490558482795, -0.6921272631640054, -0.0382961677437829, 0.3642600746683277, 0.35222209596683535, 0.0017524603773188124, 0.7594660038662329, 0.026178527089865997], [-0.3291177158073043, -0.6678159814994915, -0.5750369183991717, 0.03363298080371041, -0.618263042472924, 0.15864624378343273, 0.26651329649530564, 0.4755284243575242, -0.050692696788601915, 0.2233874632232741, 0.5105704544238798, 0.18411875133516462, -0.05087354112248338]], "inverted": false, "swapped": false, "error_lsq": 0.04156873480078171, "error_max": 0.20200765906260748, "target": "918.xyz", "model": "21.xyz", "model_rescale": 4.186013935880536, "target_rescale": 4.065405835445771},
{"mapping": [0, 5, 6, 2, 3, 7, 1, 9, 4, 8, 10, 11, 12], "R": [[-0.6630754882725309, -0.5901516099759132, 0.46049101413055016], [-0.5054325655846079, -0.10079115798722377, -0.8569591962970909], [0.5521492719353219, -0.800975792214991, -0.23144969601808035]], "T": [-0.0023502467914368365, 0.012889831402502262, -0.003505234087858713], "aligned_model": [[0.044940351671395984, 0.4331230484123663, -0.38335640819818656, 0.6885880415787077, -0.20427419812583225, -0.6086872881804308, 0.016323481221455185, 0.12638790162023242, -0.6212880896000008, 0.6441807545569704, -0.5361017947423891, 0.09880218108541708, -0.021615797819720572], [-0.5542883594282723, 0.12424893424535698, -0.05448125554864841, -0.2132136040052641, 0.5117729151679197, -0.3533465130607831, -0.6971640936133551, -0.017307284077484743, 0.39306357825921856, 0.26140723177452446, 0.1579764039446182, 0.6317649094398413, 0.046418841006406], [-0.4483208589812837, -0.6331884365740231, -0.4036905544462009, -0.14904121254656288, -0.7536259186092233, 0.18767549745866646, 0.17141746708046302, 0.6030962690413006, -0.003638308775624984, 0.32498357350134066, 0.6212816128974225, 0.07217701502482834, -0.028528426738787898]], "inverted": true, "swapped": false, "error_lsq": 0.029049888674884124, "error_max": 0.17428961082748554, "target": "918.xyz", "model": "22.xyz", "model_rescale": 4.166573947596378, "target_rescale": 4.065405835445771},
{"mapping": [1, 4, 7, 2, 8, 13, 6, 12, 10, 11, 14, 9, 15], "R": [[-0.556166016387743, 0.4505716507663501, 0.6983298287636547], [-0.17331222645175715, 0.7589209340218153, -0.6276956970266647], [-0.8127990122888461, -0.47013211273975103, -0.34399645665781836]], "T": [0.028040395212312486, 0.04857189733053861, -0.06050137406352032], "aligned_model": [[0.13906803322719974, 0.38072922656180697, -0.5707161532056193, 0.5970260013289236, -0.039559614508992064, -0.737453779534816, 0.20877123139266046, 0.14802401212446878, -0.6907685570260385, 0.5909760661272258, -0.4191293279855202, 0.04889218770427327, 0.021162857274412757], [-0.5638746146164678, 0.06886880426699786, -0.03436216993470394, -0.29692980791349066, 0.5870474557136356, -0.21018347115526914, -0.6493095147767173, -0.08112755348243865, 0.2520209083724921, 0.3180956471696113, 0.233376778024104, 0.627680736373719, -0.014451493937394866], [-0.40789336370623186, -0.7047467754244725, -0.4426036952599572, -0.15895537801801804, -0.6601291352044447, 0.19223854483282457, 0.1832311257300003, 0.5705004796268678, -0.006990410774361237, 0.4217368514129192, 0.5654891673564413, 0.09649328053983258, -0.08777297277908515]], "inverted": true, "swapped": false, "error_lsq": 0.03978386850621517, "error_max": 0.24791523266671825, "target": "918.xyz", "model": "23.xyz", "model_rescale": 4.274766983524099, "target_rescale": 4.065405835445771},
{"mapping": [10, 11, 4, 2, 1, 0, 6, 3, 7, 9, 12], "R": [[-0.11562271302210203, -0.2144945219450316, -0.9698574577168446], [-0.4686211508759959, -0.8491308325729784, 0.24366174530602436], [-0.8757999801239241, 0.4826685500729182, -0.0023378591576732055]], "T": [-0.019545061108488145, 0.015304106944342533, -0.03578296652394652], "aligned_model": [[0.47526015425443396, 0.15426745341805348, -0.5252741255546339, -0.5544505133708474, -0.5013041762659334, -0.5678037743287476, 0.04084178774968058, -0.10614214028807534, 0.5971564452779644, 0.3799924525393684, -0.012648859473188652], [-0.23186916117817552, 0.6386263848813403, 0.5738673128767311, -0.16919807950365245, 0.46162402813233566, -0.3517781004581246, -0.600519524408337, 0.13227475527902824, -0.10283397986057055, 0.5259669293194014, 0.03942596616350667], [-0.4825584762245469, -0.3003707761884443, -0.3647466284353889, -0.4519663383708424, 0.22480019963642695, 0.32560090937070374, 0.3460733341118312, 0.5596456117925932, 0.1594270376380409, 0.3936431177972395, -0.029981557106035693]], "inverted": true, "swapped": true, "error_lsq": 0.05392247974135156, "error_max": 0.24350624259383435, "target": "918.xyz", "model": "24.xyz", "model_rescale": 3.7841303162186577, "target_rescale": 4.065405835445771},
{"mapping": [6, 1, 7, 4, 0, 11, 3, 12, 10, 2, 14, 8, 15], "R": [[0.42822822541050315, 0.9032174286708257, -0.028615791218021602], [0.6846077139297618, -0.3035871257719307, 0.6626817751329847], [0.5898583431550638, -0.3033696319851412, -0.7483541951506407]], "T": [-0.055964773685719574, 0.06850134391371807, 0.01265630393637067], "aligned_model": [[0.02368133113579425, 0.3874838022891829, -0.496230971203946, 0.5924240820683646, -0.14914083996919741, -0.6074803581761574, 0.1606189612956685, 0.1178226320732267, -0.7387909089112169, 0.587798552497301, -0.438034177218308, 0.28449406008113554, -0.04762398248186289], [-0.5299066600993152, 0.25978133045949736, 0.019045959516957756, -0.2562822601010445, 0.41153088526793147, -0.4638971755717558, -0.686425699740572, -0.042439400224413254, 0.4404382888798748, 0.3192392355771385, 0.24696725508013037, 0.5141451134632112, 0.0046548315964369535], [-0.38432078729551267, -0.5528538383387981, -0.46329054223163374, -0.16287672758603627, -0.6315322583509836, -0.029887152393978808, 0.19204006054230383, 0.7424932688249606, 0.038472641776034475, 0.31513327408976705, 0.6845728551139375, -0.17428538967608764, -0.013067686141658024]], "inverted": true, "swapped": false, "error_lsq": 0.043575617524716066, "error_max": 0.33212583960423286, "target": "918.xyz", "model": "25.xyz", "model_rescale": 4.19342608120988, "target_rescale": 4.065405835445771},
{"mapping": [0, 2, 1, 7, 3, 6, 9, 10, 4, 5, 8, 12], "R": [[0.6505213811711307, -0.4958456896802293, 0.5752903481414775], [0.1970310819512034, -0.6213581656484095, -0.7583487210559414], [0.7334853000465265, 0.6066721371610713, -0.30650975940102737]], "T": [-0.058322193024091085, 0.0469097268070763, -0.0820468826217419], "aligned_model": [[-0.15646799329842148, 0.5134457382423665, 0.0987170959426023, -0.5716907000503297, -0.4652505396336463, -0.5574673668572243, -0.4858925380722143, -0.020289438621700295, 0.6178891855230251, 0.05174676416614206, 0.6335409586650516, -0.06047261137387042], [-0.6789666178891788, -0.25593494887123025, -0.37150430608795737, 0.44715262406150624, -0.2773154270476816, -0.2360067473661551, 0.3107051300416632, 0.6138871668096476, -0.08616763269493063, 0.05377437455970626, 0.43709714871603544, 0.05605566350955535], [0.08943548810177412, 0.191339353049548, -0.6292810759704898, 0.010919242656226388, -0.4060897021746529, 0.3646206837664391, -0.6756874221160802, 0.3452999013999041, -0.5303775869200419, 0.7204771868579525, 0.07462437858334911, -0.10602198602450712]], "inverted": true, "swapped": true, "error_lsq": 0.05714930231571456, "error_max": 0.33070258914372447, "target": "918.xyz", "model": "26.xyz", "model_rescale": 3.795458400668931, "target_rescale": 4.065405835445771},
{"mapping": [8, 9, 1, 11, 2, 6, 5, 10, 0, 4, 7, 3, 12], "R": [[0.058012917275693576, 0.9970107172998959, -0.0510306870256611], [0.28605412239413275, -0.0655745108096773, -0.9559670614583928], [-0.9564557179976951, 0.04086089966237849, -0.2890031944257624]], "T": [0.04552527305952252, -0.009650891589176203, -0.14244602266529163], "aligned_model": [[0.007961353471622225, 0.22383254674282033, -0.3097688139181438, 0.6927480114081526, -0.23677135703168933, -0.6155657137807768, -0.2065359095876309, 0.331993649421339, -0.6174083907619918, 0.745539907129195, -0.27629490690638103, -0.015879922162622545, -0.04682827054390783], [-0.7247091516875266, 0.27082850255810764, -0.15646002890157135, -0.31380199881621135, 0.6378859745976598, -0.501429119591887, -0.4984662382978339, -0.06904429152035424, 0.48901857169069124, 0.2998130533977421, 0.14773046080650665, 0.6575362480679449, -0.0020502781991902225], [-0.27673059630085944, -0.41431385034229073, -0.5925197494162829, -0.12942977626305585, -0.6676503005108549, -0.09448936247195278, 0.371737976409794, 0.5072421501518468, -0.0865808648541243, 0.19381988621936083, 0.5868488287591755, 0.167662476934021, -0.004999099982462757]], "inverted": false, "swapped": false, "error_lsq": 0.05862277026298604, "error_max": 0.36321443472220477, "target": "918.xyz", "model": "27.xyz", "model_rescale": 3.6321398670334006, "target_rescale": 4.065405835445771},
{"mapping": [7, 12, 4, 8, 6, 1, 3, 0, 13, 10, 2, 9, 14], "R": [[-0.011314636997959648, 0.9875298631787699, 0.15702467423855704], [0.23253911554432066, 0.1553279998068845, -0.9601035216151734], [-0.9725212279078899, 0.025651156038530687, -0.23139680089062917]], "T": [0.028118560102057533, 0.01616711404246889, 0.036001612049782236], "aligned_model": [[0.19467533020041267, 0.4126640623617244, -0.5381208538112181, 0.5031428908788405, -0.28924384843529527, -0.5844963574639092, 0.03818594402700712, 0.20725646664977526, -0.51250494923306, 0.6188745053984103, -0.5335924519782181, 0.19326409936188105, -0.033082654476365964], [-0.5260146623724494, 0.11357815467021502, -0.27376397580260714, -0.14454019413218824, 0.38518079285717494, -0.24103003155034008, -0.6577668604987935, -0.15854913798132675, 0.6277424453977708, 0.3349161492701944, 0.09005796360024952, 0.6530818348272861, 0.033959225818891756], [-0.4923781260759562, -0.6893573175262103, -0.4948280608505068, -0.08871671885585701, -0.5698180340791411, 0.11228914196693239, 0.16742354972450157, 0.6076619447092254, 0.022616278812058896, 0.4285294437190963, 0.5949868936018082, -0.08078344919697801, 0.042972172383342166]], "inverted": false, "swapped": false, "error_lsq": 0.04363922580072996, "error_max": 0.2540360447143553, "target": "918.xyz", "model": "28.xyz", "model_rescale": 4.156811204709835, "target_rescale": 4.065405835445771},
