[{"mapping": [7, 11, 10, 8, 4, 9, 5, 3, 12, 0, 1, 2, 6, 13], "R": [[0.3618314944738681, 0.4578690661740126, 0.8120553477736263], [0.6078311991273415, -0.7763301370549334, 0.16689143677159313], [0.7068374657403393, 0.4332059978130569, -0.5592077972315554]], "T": [0.08530115241357439, -0.018195478942682468, -0.032186243317899446], "aligned_model": [[-0.57670600967886, -0.23553807427661516, -0.7755706877283594, -0.23706718639803886, -0.24663209228618221, -0.5304006663662111, 0.5247710372732602, 0.5159251875614477, -0.14583121854910047, 0.11356429776314547, 0.4359586496413776, 0.17793422506367657, 0.3598249779464279, -0.06514235480998207], [0.2673014191125388, 0.3545631284865045, -0.10665110410895667, 0.6935894467547807, 0.5356542563513448, -0.3388787663527933, 0.3851606045668435, 0.04892330213663438, -0.4644277134050728, -0.7010604427906166, -0.42472514291338137, -0.11853369005470818, 0.5947279571391734, 0.04393546242663044], [0.19504166213087465, -0.527337787845002, -0.5484266929813384, -0.027713514352517857, 0.6724235908377898, 0.20194336030226462, -0.4975585143427944, 0.2563589271097517, -0.319543908942954, 0.326016311592776, -0.24388665751866478, 0.7245234782080917, 0.33320096897075185, -0.025377461177315055]], "inverted": true, "swapped": false, "error_lsq": 0.04961483269736134, "error_max": 0.31294950976782837, "target": "919.xyz", "model": "0.xyz", "model_rescale": 3.8414455957264533, "target_rescale": 3.865581067844475},
{"mapping": [0, 1, 11, 4, 7, 13, 5, 6, 12, 8, 10, 9, 2, 14], "R": [[-0.782971351273585, 0.5873975874817978, 0.20474358916796423], [0.5882756161882678, 0.8061840548285264, -0.06323819366924836], [-0.20220697931359857, 0.07093196712906967, -0.9767706965076658]], "T": [-0.031476159206558524, 0.10583141880389338, 0.05412214975806107], "aligned_model": [[-0.6812545569694142, -0.41532880312588505, -0.6523744841912666, -0.0864218086321682, -0.2487415282934192, -0.5602062051785092, 0.5259385277061941, 0.7144982898189877, -0.15331395461278763, 0.10277156651729369, 0.3868529354082051, -0.01347507100665013, 0.4390836066596224, -0.04293842894421598], [0.42247364839961743, 0.3222119305219707, -0.27119880472297053, 0.6436583061543466, 0.44141573220234287, -0.34349608438652046, 0.30891831336919096, 0.008318002429864801, -0.5491574368567342, -0.650748673969984, -0.22605558963542974, -0.050251846409433615, 0.6081982801666727, 0.10529294008598802], [0.10928646562032501, -0.6904142919783441, -0.391522195778198, -0.005379528372153462, 0.5572463194533391, 0.35973028774279703, -0.23287500188682053, 0.26398026566435756, -0.3179459816883236, 0.23815070421854523, -0.3739351859323564, 0.7180676709700101, 0.3202156877684863, -0.03494145380995098]], "inverted": true, "swapped": false, "error_lsq": 0.04678113364425407, "error_max": 0.32043761829947265, "target": "919.xyz", "model": "1.xyz", "model_rescale": 4.316132596720782, "target_rescale": 3.865581067844475},
{"mapping": [1, 6, 3, 5, 0, 8, 4, 9, 12, 10, 11, 13], "R": [[0.9181187267470413, 0.37467023636781166, 0.12915191665817474], [0.08623886684891821, -0.5069625526333307, 0.8576431822571158], [0.38680855916203116, -0.7762803515532168, -0.4977629499585198]], "T": [-0.01256842347148679, -0.011235910014643651, 0.07094639323733545], "aligned_model": [[-0.1134565883818513, 0.5813016789421271, 0.06312717886630316, -0.55753281717804, -0.5569472631262468, -0.5484943528689766, -0.07502946928402181, -0.19266173091235847, 0.5323256873390578, 0.16735707650415765, 0.29136774319916153, 0.0064514115324684], [-0.6377414716665014, -0.3899630467605053, -0.4080922061307631, 0.3925848275832124, -0.2136392940963377, 0.05043369513471514, 0.2023144011884354, 0.6398850018588867, 0.046751911043704894, -0.11549664849028436, 0.526467551689135, -0.08072829361271706], [0.1114236923645971, -0.01761350757114087, -0.5584784319389463, -0.06916236957152905, -0.5394584752570489, 0.5661756145047216, -0.6469327489011404, 0.4839322074818527, -0.517376209656334, 0.7048248913007408, -0.0698527096597596, 0.0017765081134079042]], "inverted": false, "swapped": true, "error_lsq": 0.043634300064614294, "error_max": 0.24236175993505038, "target": "919.xyz", "model": "2.xyz", "model_rescale": 3.795458400668931, "target_rescale": 3.865581067844475},
{"mapping": [2, 5, 4, 7, 1, 6, 11, 8, 9, 10, 3, 13], "R": [[0.355563968193794, -0.6817871044383979, -0.6393282480414799], [0.3738518365930803, 0.7306697866251716, -0.5712761741829493], [0.8566265632107515, -0.03588881628908508, 0.5146872099315319]], "T": [0.04481782500458458, 0.03016410127536195, 0.06962805477766419], "aligned_model": [[0.1358283344886011, -0.1563519391324401, -0.6983232408329012, 0.2569410011470321, 0.19362210983539402, 0.015860747593583434, -0.1898795879800903, 0.5282225594485275, 0.34170263546945806, 0.68505833870737, -0.5077942628637037, -0.011582870137265777], [-0.0571362348943836, -0.5809202092008743, -0.08137764251679772, 0.1918140790663753, 0.4885941103412639, 0.678644200426038, -0.23055838473898638, -0.38048997153244746, -0.6639698639693817, 0.12662037446059338, 0.4869419003595925, 0.10760668748871755], [-0.7213816213771002, -0.18687640020254676, 0.05716306243385104, 0.7904938328096364, -0.34513122956466, 0.35701950794394194, 0.5971387211533316, -0.2963703315582352, 0.30834707714509507, 0.2303567373856525, -0.14338433250086036, 0.04139640697099444]], "inverted": false, "swapped": true, "error_lsq": 0.04544154976254174, "error_max": 0.2480384449825633, "target": "919.xyz", "model": "3.xyz", "model_rescale": 3.7530521520055578, "target_rescale": 3.865581067844475},
{"mapping": [3, 5, 2, 8, 1, 9, 6, 11, 7, 10, 13], "R": [[0.193359459227425, 0.41821300065201833, 0.8875302843356461], [-0.2734831211126338, 0.8917228538695967, -0.36060689726231554], [-0.942241530603364, -0.17299779759377487, 0.28679724551315533]], "T": [-0.122552780171055, -0.0886870207775226, -0.003039522311503987], "aligned_model": [[-0.36730437526307724, -0.20335094015709096, 0.41798731181599125, 0.42561869348844894, 0.30522856158321776, -0.1245134011824405, -0.23606043894165102, -0.6606096408062275, -0.37328505932282063, 0.2940974485013411, -0.13960855727048596], [-0.7922577110794018, 0.1614812423440814, -0.33698632990180566, 0.2855547976334899, -0.5517360525583854, 0.6843960341884956, -0.462375891132284, 0.23520936490003302, 0.21564363363944128, 0.21498346954811492, -0.18670919926743318], [-0.07001186717508455, -0.6438010547145103, -0.5394763138772906, -0.3124305700412812, 0.0801155746943192, -0.17417709890085128, 0.5897770076984834, 0.08010216148032355, 0.6567260452105812, 0.42031878655784705, 0.005688106312780232]], "inverted": true, "swapped": true, "error_lsq": 0.03926204916303633, "error_max": 0.17185029812441532, "target": "919.xyz", "model": "4.xyz", "model_rescale": 3.7855080009869324, "target_rescale": 3.865581067844475},
{"mapping": [5, 4, 7, 0, 3, 10, 1, 12, 8, 15, 13, 14, 2, 16], "R": [[0.1648035096018543, -0.7353994029399725, 0.657288004894691], [-0.5247792008223949, -0.6296247773465466, -0.5728694704167084], [0.8351326802413614, -0.25052017465035314, -0.48968668399910215]], "T": [-0.002627902093710034, 0.00025784561122965677, -0.0084645094349865], "aligned_model": [[-0.6913868718744639, -0.21217856007548755, -0.6167287295570599, -0.1615754587795474, -0.3082933629452081, -0.6228812783869812, 0.35591732030705425, 0.6756303049142917, -0.19737935144281435, -0.008834037461533696, 0.43477510491690985, 0.42627984381908823, 0.22131134532392624, 0.02043381639781282], [0.4251186477788963, 0.42662561367005764, -0.05561036172626152, 0.7621236976670815, 0.3724077388996847, -0.28399565723626297, 0.6208935258368015, 0.05264987976673238, -0.6642022775405412, -0.6972661077940829, -0.5303101326157663, -0.12023150387758688, 0.46304998141155307, -0.0016743268913836182], [0.005944687187464492, -0.5752976700433663, -0.434056319734048, -0.06109511854533772, 0.49202493937195185, 0.2473674068499303, -0.2521048486932833, -0.025380253388241403, -0.1344585239006618, 0.4305570447004288, -0.23659576291329398, 0.5006699135700128, 0.522063849925839, 0.040024417604318616]], "inverted": false, "swapped": false, "error_lsq": 0.042170272477898826, "error_max": 0.2174770660524887, "target": "919.xyz", "model": "5.xyz", "model_rescale": 4.2253639853439635, "target_rescale": 3.865581067844475},
{"mapping": [3, 0, 7, 4, 2, 6, 1, 8, 12, 11, 9, 5, 10, 13], "R": [[-0.3954585372621692, 0.8463535715710042, -0.356788701047932], [-0.4629744784026013, -0.5191767413269253, -0.7184080620462122], [-0.7932636243105471, -0.11891653860653678, 0.5971529780479498]], "T": [0.00720750834836667, 0.07095996783021138, 0.03348674167624328], "aligned_model": [[-0.6675416859231809, -0.192276675778794, -0.6513164759176571, -0.16978486235182388, -0.24162987708902897, -0.5101524862926659, 0.4358626538312166, 0.7103654678472028, -0.27086556690608743, -0.001841297068334219, 0.3708705765078585, 0.11678440675434668, 0.4367076552420026, -0.050091747699067365], [0.2858344531042699, 0.18617069395693334, -0.2044352050120233, 0.7532401681290583, 0.4175561242918697, -0.1762596249568697, 0.5882457441213714, -0.11748260030986507, -0.7555310419354804, -0.642741931095196, -0.11785148669653972, -0.04003625781383213, 0.5011015880748297, 0.09176809349039558], [-0.005908094361589636, -0.7346247073954874, -0.31277165453749334, -0.03037828161990546, 0.5512923731364653, 0.32492983562483846, -0.262107530690789, 0.15967373825234402, -0.2995774264116033, 0.34348917296346165, -0.41894649647243704, 0.6470126235094279, 0.522383749992738, 0.03519646000174294]], "inverted": false, "swapped": false, "error_lsq": 0.03971010144437011, "error_max": 0.2584718562922813, "target": "919.xyz", "model": "6.xyz", "model_rescale": 3.89814844738969, "target_rescale": 3.865581067844475},
{"mapping": [0, 2, 1, 4, 6, 8, 5, 12, 11, 9, 10, 7, 13], "R": [[-0.36470098060927403, -0.6802289073174874, 0.6358316038011097], [-0.2033657223223028, 0.7245687219513737, 0.6585154137558825], [-0.9086449128933493, 0.11085486376073128, -0.4025861664956059]], "T": [-0.028544474218991055, 0.11165921477819513, -0.013463528310324161], "aligned_model": [[-0.08802942131000029, -0.0779076142565314, 0.4553837427983566, -0.1930275328543771, 0.6043541471471935, -0.38843366242683647, -0.6420499210553633, 0.23970680101653294, -0.32608229415405837, -0.7081938225882322, 0.10763350150265516, 0.11961855518411421, 0.045659321900768914], [-0.35091861941253527, 0.3179815113670966, 0.2807209272495481, -0.6117179429834354, -0.006857892318417019, 0.6714054754253713, -0.00420361946330558, -0.5613365017057463, -0.17310948306815965, 0.42525023610285634, 0.7140385980425641, 0.20861699400163197, 0.05391158223301672], [-0.7151706202070958, -0.785859126199302, -0.3897050338556228, -0.13398900871614736, 0.28545423475824167, -0.31913593383549455, -0.3132546460598133, 0.33512460027622526, 0.46789354076675993, 0.2447742664390865, 0.23880631725684498, 0.7344812108786011, -0.04714477066598767]], "inverted": true, "swapped": true, "error_lsq": 0.04456244847324065, "error_max": 0.26786590523977544, "target": "919.xyz", "model": "7.xyz", "model_rescale": 3.7474275329858107, "target_rescale": 3.865581067844475},
{"mapping": [2, 12, 1, 4, 8, 3, 11, 7, 0, 6, 10, 5, 9, 14], "R": [[0.4800149581455151, -0.2294242812338783, -0.8467290824914883], [-0.8721203945908489, -0.02047016332068899, -0.4888629560033429], [0.0948243496959581, 0.9731112328988616, -0.20991157926802426]], "T": [-0.058088297749267784, 0.11613599408771336, -0.0710802278415939], "aligned_model": [[-0.8668544002236387, 0.0699636702402651, -0.6754016013645636, -0.43642183650258887, -0.2605725849827781, -0.3859994986296182, 0.501611232805957, 0.5406108842700188, -0.2675920470220759, 0.14365155171832922, 0.4457925490214057, 0.14655668312483633, 0.46217702005968236, -0.10243153735924405], [0.2844802004428316, 0.2487585937411449, -0.09235198323177676, 0.7828463944997963, 0.44583649038299217, -0.2701292941462332, 0.3418606172831941, -0.09068073682544286, -0.4990607523076178, -0.601320948435653, -0.35427675691531474, -0.04770596545606365, 0.4686346573896771, 0.1526882009273877], [0.09062046951289093, -0.6598557014769422, -0.4455917343973336, 0.08572162572613326, 0.4906207709315153, 0.4362736017757301, -0.22029411985365185, 0.17924708027290087, -0.179958048779544, 0.26282794390560765, -0.3874333464285526, 0.5954763774949525, 0.35951137860688237, -0.08750253529887562]], "inverted": true, "swapped": false, "error_lsq": 0.04425640879197017, "error_max": 0.25861459762891015, "target": "919.xyz", "model": "8.xyz", "model_rescale": 4.019505241142653, "target_rescale": 3.865581067844475},
{"mapping": [11, 9, 5, 4, 12, 3, 2, 7, 6, 10, 8, 1, 13], "R": [[0.3567563042929546, -0.900617068165507, 0.24822134452177913], [0.6710468258088902, 0.43190779108623734, 0.6026207908550951], [-0.6499393024883524, -0.04842062089620641, 0.7584420522050318]], "T": [0.0077396854001752086, -0.03401067752746507, 0.03551201496830208], "aligned_model": [[-0.27504426552608374, -0.7388980417665134, -0.1629692262793772, 0.3718485599340251, 0.3748660829360077, 0.7330927459317378, 0.2649323023016213, -0.34371474423648385, 0.3229647534212691, -0.3755605809222047, -0.37694446831900064, 0.41979119081864946, 0.10533646344752907], [-0.5382842235560156, 0.04362249511197779, 0.23605238420430003, -0.3262192405803825, -0.7419537295639056, -0.19406918857579472, 0.7133158177550005, -0.6031422163636941, -0.4407574275609366, 0.08724118387689761, 0.5887174905311191, 0.2904059749772479, -0.05155109214175536], [-0.22346292858730188, -0.21638978913105922, -0.5789896157041526, -0.5534654578951717, -0.06661784241132482, -0.05192118894740478, -0.09470179598341238, 0.41411933463461836, 0.5245406813141386, 0.567888131430395, 0.013163543416448119, 0.3950859917857769, 0.04745443012232914]], "inverted": true, "swapped": true, "error_lsq": 0.046367749770521285, "error_max": 0.24353677645882083, "target": "919.xyz", "model": "9.xyz", "model_rescale": 3.877068213659057, "target_rescale": 3.865581067844475},
{"mapping": [1, 8, 7, 0, 5, 4, 11, 10, 2, 13, 9, 6, 12, 15], "R": [[-0.40610937228919763, -0.8221205495044901, -0.39898994952418165], [-0.45126046316140916, -0.19924822966310696, 0.8698644361988069], [-0.7946314693782423, 0.5333084895804238, -0.29007392646569014]], "T": [-0.003473020906519027, -0.04227779942895756, 0.1117635673786685], "aligned_model": [[-0.7150966099090501, -0.11826107804771985, -0.6788150825777554, -0.07047179933108774, -0.44720711062047164, -0.6141931474239323, 0.42801204857895814, 0.6996499705937579, -0.17527555913529808, 0.1198006291479223, 0.27056902116518794, 0.3767880411911191, 0.24736915256004438, -0.007778391035688281], [0.43665763933353313, 0.19704886173079128, -0.13305182376141003, 0.7388570647615242, 0.4763419621295694, -0.29618322305762906, 0.4765170508639421, -0.03600262929923636, -0.588656415341595, -0.7423923788100517, -0.26779047464725947, -0.08713544490464192, 0.5485322285625068, 0.04683629978887841], [-0.019077264458994714, -0.6127151327940645, -0.33763574911051303, -0.026459163275601827, 0.4927216264734145, 0.2554425243051113, -0.18711402359192408, 0.01801144461111376, -0.2233627578795011, 0.41554256419042956, -0.4447346773559457, 0.5951825279290401, 0.4941467921007076, 0.09971505084844103]], "inverted": true, "swapped": false, "error_lsq": 0.03270324934903809, "error_max": 0.1786203416024361, "target": "919.xyz", "model": "10.xyz", "model_rescale": 4.260839863003843, "target_rescale": 3.865581067844475},
{"mapping": [3, 6, 10, 1, 8, 2, 0, 4, 11, 9, 5, 13], "R": [[0.016573943663594576, 0.6510859095690873, 0.7588230641935119], [-0.963090386844538, -0.193531470221075, 0.18708948875259568], [0.2686674732063308, -0.7339160090873232, 0.6238470008313433]], "T": [-0.00909263749023827, -0.11965890713378494, 0.011641058003542995], "aligned_model": [[0.4419292739705241, 0.15865072590439172, -0.5341569989702507, -0.28244410779427037, -0.6148198827222034, -0.39901755581575366, 0.2664299140734962, 0.6667793144037437, 0.396127164160265, -0.22573132930976328, 0.04919554775591993, 0.03595658343803135], [-0.06136946860884708, -0.7120274441955893, -0.5056927261049969, -0.14830034360920144, 0.23475135710727071, 0.4743339843660167, 0.5450285913021625, 0.20250758062503968, -0.2643178802964732, 0.032307467173414955, 0.5036328530665005, -0.12777546529236314], [-0.5821450409135724, -0.3417998550441642, 0.1542269771897602, -0.5617564429882009, 0.2208289940352911, -0.3581312668382456, -0.4267507843430077, -0.0536386416324363, 0.47661125849938674, 0.7579139453027306, 0.3079478467630948, -0.0771289126351317]], "inverted": false, "swapped": true, "error_lsq": 0.036481850128464124, "error_max": 0.19958389430732443, "target": "919.xyz", "model": "11.xyz", "model_rescale": 3.890672605050136, "target_rescale": 3.865581067844475},
{"mapping": [9, 12, 10, 5, 6, 11, 7, 3, 2, 1, 4, 0, 8, 13], "R": [[0.7393624240211938, -0.6732847602496232, -0.005553157760428334], [-0.5836956729854836, -0.6450484213522878, 0.49316518069399956], [-0.33562265609390607, -0.3613864492845977, -0.8699179656668456]], "T": [-0.11554313958737086, 0.05456268765247151, 0.14855449162051387], "aligned_model": [[-0.7502844589563129, -0.19507538450930023, -0.47342517505302983, -0.17220064298087134, -0.3232031259985999, -0.5782518639265297, 0.36017308376104074, 0.8036540614952725, -0.2513634847216695, -0.015664507268766226, 0.2489871369809624, 0.3455386029877221, 0.34505633324177765, -0.028850489895709208], [0.5021352346088225, 0.32794336419414843, -0.2512563656621673, 0.8007999307563207, 0.1391921562151234, -0.24020637026325864, 0.5506663791286783, 0.048397241153889055, -0.576676532843888, -0.5150223546401477, -0.3641449683147113, -0.21763243749285655, 0.48054357163805367, 0.08483986887091524], [0.09753793824632609, -0.5399727587162948, -0.6116663050979507, -0.06332303467484862, 0.6793779340531638, 0.10643557887156727, -0.3559644598800282, 0.05854533212358709, -0.14919374770498867, 0.669030647455648, -0.27906522275737045, 0.39756850780886166, 0.5029264119902088, 0.0074269402738316725]], "inverted": false, "swapped": false, "error_lsq": 0.05910240233178325, "error_max": 0.4010771424181385, "target": "919.xyz", "model": "12.xyz", "model_rescale": 4.124412569039231, "target_rescale": 3.865581067844475},
{"mapping": [8, 0, 3, 9, 1, 10, 5, 7, 4, 11, 6, 12, 13], "R": [[-0.38753773979618444, -0.7764708127555016, 0.4968979544861054], [0.5776349579056779, -0.6246154152811302, -0.5255410910656626], [0.718437440309851, 0.08335862242139129, 0.6905787315209159]], "T": [0.08934237475948445, 0.023879307317377516, 0.051129190908088935], "aligned_model": [[-0.3731364681117235, 0.056830027841805214, 0.574878130383312, -0.6124771858299822, 0.5149237138150788, 0.1458729849725311, -0.5168894536666476, 0.26954412842670705, 0.03256113852009215, -0.12750280275818782, 0.7513268029686144, 0.4820816322146839, 0.169285658733474], [-0.3288244719000467, 0.7232176960508935, 0.5836329459954842, -0.28067729582013295, -0.045119717078119584, -0.6408094329479656, 0.31828631464536405, -0.3688286931740499, 0.7524156534063141, 0.13631506889103462, -0.05779830803851159, 0.47490801385080894, 0.08076760262740453], [0.496084343276502, 0.5199343954171104, 0.15277194040797593, -0.15293918952005425, 0.5185109522386369, 0.05734257239499547, 0.21080175641996954, -0.5845453967855817, -0.12455878254174252, -0.533390237359255, -0.19190204708013492, -0.48620184858154397, 0.06978962268096109]], "inverted": true, "swapped": true, "error_lsq": 0.04636406322288811, "error_max": 0.26938240173579664, "target": "919.xyz", "model": "13.xyz", "model_rescale": 3.9028299243045295, "target_rescale": 3.865581067844475},
{"mapping": [7, 6, 9, 3, 4, 10, 2, 8, 14, 13, 12, 5, 0, 15], "R": [[-0.6377509378371509, 0.001644357922410855, 0.7702408956780065], [0.6111948083507042, 0.6096369343550385, 0.5047610469473022], [-0.46873729052954677, 0.792679067692098, -0.38980154965033914]], "T": [0.024251375708108418, 0.07403299621125764, -0.04755126915147227], "aligned_model": [[-0.8615552056922275, -0.2502392744288235, -0.6196712686493262, -0.14847740117383482, -0.19834655748386668, -0.5238850272771296, 0.5791740257626385, 0.7332958599791903, -0.4131217898708174, 0.08416805212591388, 0.46136976242599037, 0.20418525595028736, 0.35092773064173016, -0.08273407715373868], [0.245667130079393, 0.4271735558852405, -0.0536234514446253, 0.6707450847168617, 0.3124149633202824, -0.23336762941124023, 0.4920826283535346, 0.08075916093792276, -0.6819402121159692, -0.6511769591422722, -0.45270919326285214, -0.14073184632843938, 0.6825663237699058, 0.07171916199117939], [0.03317283057317748, -0.5418739272906554, -0.45975621322574217, 0.005258751737551748, 0.54657621866457, 0.35295333898465875, -0.29136498303555364, 0.25858242319624847, -0.18988845721510333, 0.2735902328977165, -0.1728926860178192, 0.38093641422466046, 0.4109093699686272, -0.08653955147062374]], "inverted": true, "swapped": false, "error_lsq": 0.0405270609077503, "error_max": 0.23183035390063142, "target": "919.xyz", "model": "14.xyz", "model_rescale": 3.942246331269136, "target_rescale": 3.865581067844475},
{"mapping": [9, 4, 10, 5, 2, 6, 3, 12, 11, 8, 13, 0, 1, 14], "R": [[0.4862177649246898, 0.8599897961743891, -0.15495107468995362], [-0.3842990245607652, 0.3696957781617324, 0.8459546626924138], [0.7847971360761221, -0.35177063846393397, 0.5102458947619205]], "T": [-0.10500683455563506, 0.039043225433662516, 0.00580786701893847], "aligned_model": [[-0.8651119007914215, -0.030915031597647663, -0.6049010886420682, -0.12862803835283287, -0.24798838346173985, -0.5124266923232829, 0.2948922882524605, 0.7123449948126608, -0.22175252783369534, -0.043813807649049505, 0.45543148324252014, 0.09030422081366699, 0.4727012852093422, -0.05504671652292613], [0.2621183703987644, 0.048733819635941485, 0.07494528052966293, 0.6521486952869638, 0.4265916296883104, -0.3238490535445315, 0.5471154497650494, 0.03554399219625772, -0.5993125106807886, -0.5974129052399128, -0.4002319725189866, 0.028428409221562652, 0.5530377979052415, 0.06172171470538695], [0.1494744049247813, -0.5756390127912865, -0.5019492532801413, 0.16805237310850707, 0.6476882528164587, 0.12872101803632574, -0.3080252684860924, 0.005784249256960014, -0.2991239645883115, 0.4417206260359486, -0.38646249754171885, 0.71465086810985, 0.24809765963924635, 0.08667430675118576]], "inverted": true, "swapped": false, "error_lsq": 0.05075993517630005, "error_max": 0.26711199481928444, "target": "919.xyz", "model": "15.xyz", "model_rescale": 4.355366556412066, "target_rescale": 3.865581067844475},
{"mapping": [1, 6, 3, 5, 0, 8, 4, 9, 12, 10, 11, 13], "R": [[0.9181187267470413, 0.37467023636781166, 0.12915191665817474], [0.08623886684891821, -0.5069625526333307, 0.8576431822571158], [0.38680855916203116, -0.7762803515532168, -0.4977629499585198]], "T": [-0.01256842347148679, -0.011235910014643651, 0.07094639323733545], "aligned_model": [[-0.1134565883818513, 0.5813016789421271, 0.06312717886630316, -0.55753281717804, -0.5569472631262468, -0.5484943528689766, -0.07502946928402181, -0.19266173091235847, 0.5323256873390578, 0.16735707650415765, 0.29136774319916153, 0.0064514115324684], [-0.6377414716665014, -0.3899630467605053, -0.4080922061307631, 0.3925848275832124, -0.2136392940963377, 0.05043369513471514, 0.2023144011884354, 0.6398850018588867, 0.046751911043704894, -0.11549664849028436, 0.526467551689135, -0.08072829361271706], [0.1114236923645971, -0.01761350757114087, -0.5584784319389463, -0.06916236957152905, -0.5394584752570489, 0.5661756145047216, -0.6469327489011404, 0.4839322074818527, -0.517376209656334, 0.7048248913007408, -0.0698527096597596, 0.0017765081134079042]], "inverted": false, "swapped": true, "error_lsq": 0.043634300064614294, "error_max": 0.24236175993505038, "target": "919.xyz", "model": "16.xyz", "model_rescale": 3.795458400668931, "target_rescale": 3.865581067844475},
{"mapping": [0, 2, 1, 4, 6, 8, 5, 12, 11, 9, 10, 7, 13], "R": [[-0.36470098060927403, -0.6802289073174874, 0.6358316038011097], [-0.2033657223223028, 0.7245687219513737, 0.6585154137558825], [-0.9086449128933493, 0.11085486376073128, -0.4025861664956059]], "T": [-0.028544474218991055, 0.11165921477819513, -0.013463528310324161], "aligned_model": [[-0.08802942131000029, -0.0779076142565314, 0.4553837427983566, -0.1930275328543771, 0.6043541471471935, -0.38843366242683647, -0.6420499210553633, 0.23970680101653294, -0.32608229415405837, -0.7081938225882322, 0.10763350150265516, 0.11961855518411421, 0.045659321900768914], [-0.35091861941253527, 0.3179815113670966, 0.2807209272495481, -0.6117179429834354, -0.006857892318417019, 0.6714054754253713, -0.00420361946330558, -0.5613365017057463, -0.17310948306815965, 0.42525023610285634, 0.7140385980425641, 0.20861699400163197, 0.05391158223301672], [-0.7151706202070958, -0.785859126199302, -0.3897050338556228, -0.13398900871614736, 0.28545423475824167, -0.31913593383549455, -0.3132546460598133, 0.33512460027622526, 0.46789354076675993, 0.2447742664390865, 0.23880631725684498, 0.7344812108786011, -0.04714477066598767]], "inverted": true, "swapped": true, "error_lsq": 0.04456244847324065, "error_max": 0.26786590523977544, "target": "919.xyz", "model": "17.xyz", "model_rescale": 3.7474275329858107, "target_rescale": 3.865581067844475},
{"mapping": [5, 8, 4, 10, 12, 9, 3, 1, 6, 2, 0, 7, 11, 13], "R": [[0.03851068992569476, 0.3954254411708838, -0.917690387459877], [-0.9990712771593773, 0.03299855891159295, -0.027707007505125725], [0.01932640464695795, 0.9179051234112219, 0.39632899780214415]], "T": [-0.010708152821058338, 0.08672469876966253, 0.06928608822512275], "aligned_model": [[-0.6596496400681285, -0.09120962119306061, -0.569422866591024, -0.16358207132188302, -0.45589790203957065, -0.5240345739145974, 0.4385522344969906, 0.6708568508432216, -0.3518926910472045, 0.2208595303779817, 0.25021876091897527, 0.15772332073467227, 0.38023196747620036, 0.012336786483413603], [0.38952078468173196, 0.32179294485083537, -0.19612831021782884, 0.7539753314507862, 0.3461195792811184, -0.2544492717782981, 0.4919995804291752, -0.03055537655468825, -0.5980926874630239, -0.577349009851166, -0.41935704530242274, -0.015753304113567304, 0.5696253585317175, -0.011769856595447811], [-0.03274044340359139, -0.6053374249234872, -0.4757440631832863, -0.01928890086491286, 0.6112799133455806, 0.32970972978616253, -0.2381330978904138, 0.08454867390715806, -0.028780572007471486, 0.16528213723804094, -0.543038012871614, 0.7962994166292224, 0.437673706026524, 0.03793270020380113]], "inverted": false, "swapped": false, "error_lsq": 0.04422581172093589, "error_max": 0.2753796334809717, "target": "919.xyz", "model": "18.xyz", "model_rescale": 3.922800546911778, "target_rescale": 3.865581067844475},
{"mapping": [6, 2, 1, 10, 4, 8, 9, 7, 5, 12, 3, 13, 11, 14], "R": [[-0.501935548209183, -0.7379020748983209, -0.45117760727312284], [-0.8629891995103542, 0.46198403287531986, 0.20450035427043559], [0.05753561481747839, 0.4920073995673324, -0.8686877297386941]], "T": [-0.11892454900076627, -0.018358186291928473, 0.0182727856705849], "aligned_model": [[-0.7135271272903252, -0.025514246507823024, -0.6889700074942531, -0.15570938246644053, -0.3145759865927748, -0.5448843486453343, 0.4295065704655902, 0.667572552866593, -0.3117142729451389, 0.2780971014814879, 0.3482742510054836, 0.08924082034843894, 0.27989378948918836, -0.022599628558705342], [0.31992173942159685, 0.36914705358727024, -0.013406866286338824, 0.7850641588595515, 0.4718330899230072, -0.2802365980913171, 0.4515764572585482, -0.03903015350029657, -0.7326807681450846, -0.6629422981096879, -0.28792653291624276, -0.05046017907630795, 0.45273066407602347, -0.014011049651799898], [0.1064897775926203, -0.5769105199102486, -0.45396304907408846, -0.04304653103716064, 0.513550653925485, 0.3709321121342532, -0.3573971810647789, 0.156858490505667, -0.1691014163472185, 0.23157814520702605, -0.3255402905148027, 0.6720696867669163, 0.373607614686709, 0.0205362691213343]], "inverted": true, "swapped": false, "error_lsq": 0.03769583424160776, "error_max": 0.25384010252639005, "target": "919.xyz", "model": "19.xyz", "model_rescale": 3.9282355846067225, "target_rescale": 3.865581067844475},
{"mapping": [0, 10, 11, 1, 3, 4, 2, 7, 9, 8, 12, 6, 5, 13], "R": [[0.9509071410375727, 0.19043402010529165, -0.24394772618388444], [0.03952310893620152, -0.8565323147656014, -0.5145778052173431], [-0.306942230694584, 0.4796741370439084, -0.8220092391618326]], "T": [0.01010443721447122, -0.01893171796730734, 0.10168063548503865], "aligned_model": [[-0.6889138794963079, -0.07504171989493516, -0.5848957931562717, -0.17908722746035674, -0.34932277989748256, -0.5384495573515256, 0.3927177857721639, 0.6233380188071183, -0.045062572719507456, -0.16847999081707962, 0.3993956259532537, 0.2740088738309835, 0.30784969899067277, -0.05296639740473918], [0.34909780964651904, 0.23938787723862967, -0.19644242880276158, 0.7031393362094249, 0.43034125076882107, -0.16724414842161356, 0.6229080565391374, -0.062276139749163524, -0.6037562080605214, -0.7046016948431008, -0.3975867528576992, -0.05262882147804646, 0.4972539438463051, 0.11198663731299169], [-0.025302229122794603, -0.7157883043858327, -0.25584956564964756, 0.03594858056293361, 0.5867795370543363, 0.3781942571354686, -0.2452558712807723, 0.0008658950594763459, -0.2635066343368175, 0.3784221466538158, -0.552434859049426, 0.6983907892499733, 0.46581010954125396, 0.033389910559746036]], "inverted": false, "swapped": false, "error_lsq": 0.04279575736309007, "error_max": 0.2504290286543595, "target": "919.xyz", "model": "20.xyz", "model_rescale": 4.067790424073018, "target_rescale": 3.865581067844475},
{"mapping": [5, 8, 4, 1, 13, 6, 9, 12, 2, 3, 0, 11, 10, 14], "R": [[0.9955895821755879, -0.06525097077741823, -0.06740693344191587], [0.08676249615335987, 0.9137205790720392, 0.396972256765502], [0.03568827713236625, -0.4010698370519303, 0.9153520266446465]], "T": [-0.07782652280242408, 0.04054353825710183, -0.003276912703483806], "aligned_model": [[-0.5726397106356389, -0.28543551673552137, -0.7689589787743696, -0.0187025923709968, -0.2645011147826418, -0.5445946953433224, 0.5317756146320914, 0.6458920654341139, -0.24851201910681942, 0.25373720259886656, 0.22808906456247446, 0.11598419257118395, 0.27334828063820477, -0.030391707531638237], [0.3575893037415641, 0.22998733376287828, -0.1983529660819149, 0.8338104111172739, 0.49264649358725804, -0.4015152313299631, 0.5208845525139596, -0.055134618133101665, -0.638596842349433, -0.6960893572146691, -0.31228187395347434, -0.07024052233964495, 0.6201269880242954, 0.08674504600389363], [-0.05902646510158721, -0.4994396387395154, -0.3315098837058857, -0.20461526114163425, 0.4976013355444869, 0.3631496420511791, -0.04460055638181232, 0.22929772548471478, -0.2549845532706014, 0.2635235557325973, -0.5384291447146986, 0.6035151047977475, 0.4572077273639817, 0.037974174072740736]], "inverted": false, "swapped": false, "error_lsq": 0.04478583773709627, "error_max": 0.29047497935198585, "target": "919.xyz", "model": "21.xyz", "model_rescale": 4.186013935880536, "target_rescale": 3.865581067844475},
{"mapping": [10, 1, 6, 9, 5, 7, 8, 2, 12, 3, 0, 11, 13], "R": [[0.8394237499544899, -0.16109592996877825, 0.519052857963268], [0.05218422150480034, 0.974537197305827, 0.21806892968334984], [-0.5409663344777382, -0.15596586939070461, 0.8264563343256085]], "T": [0.03305870365217697, -0.06109632088323199, -0.0024746346784823466], "aligned_model": [[0.2317677554885838, -0.4130382192873166, 0.25082412208777005, 0.36226605070268664, -0.17541637525618523, 0.7481474361678122, -0.2518196889739069, -0.7359019007975055, 0.3787933059133956, -0.2663666332985176, -0.6282328189993395, 0.5645864626649196, -0.0070354609891713285], [-0.48571875490690813, 0.049728616292807844, 0.3903201143673748, -0.6864584760106182, -0.30533028472128215, -0.041633325515808214, -0.7346135288550647, -0.28203218385399026, 0.658830257181749, 0.624146776153194, 0.27566958746253106, 0.029289186185782946, 0.026758675766324576], [-0.47708599008222224, -0.441839427291831, -0.5052272808166085, 0.3545884152351333, 0.6111830519188295, -0.28362179108370983, 0.036133597313526514, 0.03609352006220208, 0.09009410441639158, -0.016139190447649193, 0.39651383567940063, 0.330144208783626, -0.027957492351742923]], "inverted": false, "swapped": true, "error_lsq": 0.051536111159313065, "error_max": 0.32268577535342424, "target": "919.xyz", "model": "22.xyz", "model_rescale": 4.166573947596378, "target_rescale": 3.865581067844475},
{"mapping": [8, 3, 9, 4, 0, 10, 2, 6, 14, 13, 12, 5, 1, 15], "R": [[0.3660235670310391, 0.6592878766930248, -0.6567847775515792], [-0.2954009761842942, -0.5869478793373484, -0.7538106195927168], [-0.8824766351848872, 0.4699273162809248, -0.020082474094770097]], "T": [-0.07935982209933107, 0.04233370696100915, -0.07703127526628376], "aligned_model": [[-0.7900759961845061, -0.17437216713024692, -0.5036111802155983, -0.2136007867267587, -0.19061981899545807, -0.49419176512391344, 0.38424205664603117, 0.6722481400057656, -0.16075141906308504, -0.04273790100899327, 0.3153338157022758, 0.20326785573201822, 0.348717596186724, -0.03875834466826841], [0.42240722934839525, 0.448253883184754, -0.11202662126061688, 0.7612367704289925, 0.5368194199172249, -0.4656012515234216, 0.5024491277330331, 0.021669171067905023, -0.7378003460180348, -0.6128518983818722, -0.3615012151551486, -0.12720118944362516, 0.42958275566043236, 0.06414288179090352], [-0.009906185359736752, -0.5101918884829916, -0.4727999456912034, -0.006241006748357841, 0.563172485743343, 0.28471140966313924, -0.23882230338788707, 0.04029766499744705, -0.18068469077405175, 0.4579489078647173, -0.4094702067824161, 0.686147272536309, 0.3411636064600221, -0.025661358046620134]], "inverted": false, "swapped": false, "error_lsq": 0.04193419639257417, "error_max": 0.22572236128615114, "target": "919.xyz", "model": "23.xyz", "model_rescale": 4.274766983524099, "target_rescale": 3.865581067844475},
{"mapping": [10, 8, 9, 11, 5, 4, 6, 3, 1, 2, 13], "R": [[0.06351231337094032, 0.03286062223692687, -0.997439905736919], [-0.7613483149764266, -0.6445840331066071, -0.06971490189749019], [-0.6452247122769148, 0.7638269462189866, -0.01592064373541019]], "T": [-0.059002296797290125, 0.0053339802980606615, -0.009459994129647521], "aligned_model": [[0.33499829084945315, 0.1641517741835481, -0.4081480924656644, -0.6124527940638653, -0.4466800727540772, -0.5961788243153987, 0.19076643771946353, -0.03138963950946364, 0.5098756820338676, 0.30911391018136175, -0.034161967901149726], [-0.033998954588444874, 0.6457654749922043, 0.4067846518320947, -0.2088762083093822, 0.5703817585685572, -0.06507345574733028, -0.6561124107347157, -0.29786926269212477, -0.015268077174432106, 0.6132108579874672, -0.04335784289041021], [-0.5463602591727232, -0.285723427840023, -0.5958761396467946, -0.2311199492127569, 0.09111233923611081, 0.5114428294464033, 0.054282062060100965, 0.6736986178531177, 0.2738762950625517, 0.36010289501452053, 0.07413117122107035]], "inverted": false, "swapped": true, "error_lsq": 0.05574459831864464, "error_max": 0.3118073281685505, "target": "919.xyz", "model": "24.xyz", "model_rescale": 3.7841303162186577, "target_rescale": 3.865581067844475},
{"mapping": [2, 3, 12, 4, 8, 9, 6, 7, 14, 10, 11, 0, 1, 15], "R": [[0.9289518085921408, 0.11324927322137998, -0.35245303152082536], [0.08000895712238273, -0.9909761236973613, -0.10754017408364519], [-0.3614513855189649, 0.07170023972471234, -0.9296300186256032]], "T": [-0.0500115828658756, 0.01872016948713509, 0.04592624454867783], "aligned_model": [[-0.705853972192219, -0.022122328473688287, -0.665186554957214, -0.12482639326604514, -0.2423932577813079, -0.5383935084220512, 0.43817370937970285, 0.5627820010413495, -0.4430842313171974, 0.1414016446647685, 0.4603652891481089, 0.3720443389316861, 0.09295664604279863, -0.010773297642704634], [0.3700423308115416, 0.34232829268238796, -0.11326297795307358, 0.7423972563559702, 0.2640868493458084, -0.265331604359899, 0.42722351946791326, -0.14099522332673753, -0.6475240087759121, -0.6837788388977364, -0.28471688176429577, 0.1171661366197042, 0.5868966500833787, 0.055047217059871444], [0.16936257328654286, -0.6912995415743017, -0.37752636074775053, -0.1195988621396373, 0.5481635064187298, 0.1973805052695937, -0.2958727983590076, 0.19350868564757118, -0.1298905643195931, 0.3199905158825617, -0.440765622656583, 0.6404909086370651, 0.5039349412163143, 0.001785875430207487]], "inverted": false, "swapped": false, "error_lsq": 0.041578334093728374, "error_max": 0.21615113688239404, "target": "919.xyz", "model": "25.xyz", "model_rescale": 4.19342608120988, "target_rescale": 3.865581067844475},
{"mapping": [1, 6, 3, 5, 0, 8, 4, 9, 12, 10, 11, 13], "R": [[0.9181187267470413, 0.37467023636781166, 0.12915191665817474], [0.08623886684891821, -0.5069625526333307, 0.8576431822571158], [0.38680855916203116, -0.7762803515532168, -0.4977629499585198]], "T": [-0.01256842347148679, -0.011235910014643651, 0.07094639323733545], "aligned_model": [[-0.1134565883818513, 0.5813016789421271, 0.06312717886630316, -0.55753281717804, -0.5569472631262468, -0.5484943528689766, -0.07502946928402181, -0.19266173091235847, 0.5323256873390578, 0.16735707650415765, 0.29136774319916153, 0.0064514115324684], [-0.6377414716665014, -0.3899630467605053, -0.4080922061307631, 0.3925848275832124, -0.2136392940963377, 0.05043369513471514, 0.2023144011884354, 0.6398850018588867, 0.046751911043704894, -0.11549664849028436, 0.526467551689135, -0.08072829361271706], [0.1114236923645971, -0.01761350757114087, -0.5584784319389463, -0.06916236957152905, -0.5394584752570489, 0.5661756145047216, -0.6469327489011404, 0.4839322074818527, -0.517376209656334, 0.7048248913007408, -0.0698527096597596, 0.0017765081134079042]], "inverted": false, "swapped": true, "error_lsq": 0.043634300064614294, "error_max": 0.24236175993505038, "target": "919.xyz", "model": "26.xyz", "model_rescale": 3.795458400668931, "target_rescale": 3.865581067844475},
{"mapping": [8, 5, 9, 10, 7, 3, 0, 1, 4, 11, 6, 12, 13], "R": [[-0.04636469328695254, -0.6798793647046323, 0.7318567924568526], [0.8281654340805961, 0.38350658935250065, 0.40873550092610106], [-0.5585627350714555, 0.6250493943457895, 0.5452714238041976]], "T": [-0.10734878010408919, -0.12207795720080494, -0.13566228330202254], "aligned_model": [[0.13312423387902417, 0.37380361545247776, 0.6197918616807565, -0.1525323165001039, -0.001968239516484893, -0.5986065195254153, -0.28180270864176615, -0.6876740678330476, 0.0076193310643800916, 0.3312095765481088, -0.6074019486420789, -0.24732032891382857, -0.18856610623076542], [-0.7103838168422026, -0.5262949001811495, -0.22091343682175377, -0.0882618844038087, 0.5402205205326202, -0.02614004781113119, -0.5786391710903569, -0.36848877551220544, -0.003442896500309156, 0.31654931931577734, 0.37599145122426586, 0.5188696809835543, -0.10718453963638622], [-0.49944885349726276, 0.15552301714369018, -0.4330632904691749, -0.8003880603675944, -0.5112020217741152, 0.42009135413912446, 0.5506519590263012, -0.21830804172758356, 0.5975250298474518, -0.006824114960994887, -0.21203303494097764, 0.32908469634645865, -0.07947197666589736]], "inverted": false, "swapped": true, "error_lsq": 0.04731800905659954, "error_max": 0.25679617058524196, "target": "919.xyz", "model": "27.xyz", "model_rescale": 3.6321398670334006, "target_rescale": 3.865581067844475},
