[{"mapping": [9, 10, 12, 7, 1, 0, 3, 2, 5, 8, 6, 11, 13], "R": [[0.8354257739148879, 0.5495115813309281, -0.010039833758260563], [0.3104174392838587, -0.4566972758505893, 0.8337077495256373], [0.45354689908229184, -0.6996174813523699, -0.5521146530558702]], "T": [0.11455805772069563, 0.008736605793863692, 0.0027265381311414733], "aligned_model": [[-0.051647188892565116, -0.7929192036256704, -0.2867702146448965, -0.034471480208727784, 0.09700139883711346, 0.3744849786291463, 0.5955994051926312, 0.7883615848900937, -0.0017356187272948714, -0.0010374655208460343, 0.6179122214950276, -0.44393703951227814, 0.04307616897511839], [-0.6714394831299915, -0.3215808622275871, -0.3020952556653549, -0.28160040813348974, 0.028926694779698767, -0.6001025327231495, 0.17609624670755863, -0.3424500060918822, 0.7458921843915384, 0.30539988237431864, 0.4237946778596617, 0.2971019568843334, -0.03918627199183977], [0.2183175301013523, 0.29048392743821505, -0.2755520626908622, 0.6845543005783443, -0.5737526353509206, -0.39371429450033696, -0.11470547800311374, 0.12068846341210808, -0.12168686228109289, 0.7163144492939937, 0.4013587832038639, 0.3060258811909017, 0.14105079349331817]], "inverted": true, "swapped": false, "error_lsq": 0.05361951151203666, "error_max": 0.3402798111487252, "target": "92.xyz", "model": "0.xyz", "model_rescale": 3.8414455957264533, "target_rescale": 3.796244648439738},
{"mapping": [12, 3, 10, 1, 6, 8, 9, 13, 2, 0, 7, 4, 14], "R": [[-0.0809293811513002, -0.5671184463029048, -0.8196505981998957], [0.2339874136900129, 0.7885566623561853, -0.5687075526914795], [0.9688654836978797, -0.23781307389765743, 0.06888117581909427]], "T": [0.07224693270459451, -0.03286217093422984, 0.10243513639828225], "aligned_model": [[0.1332521767365388, -0.6700732405113572, -0.2929596949119635, -0.4361209774432333, -0.046995880098169907, 0.4991608025784927, 0.6507908507869211, 0.7445227702801531, -0.1545322389638624, 0.25599191627661577, 0.4061059769822519, -0.19355138321112672, 0.008326468385591743], [-0.792784208329257, -0.0008254491328265751, -0.47452588287591624, -0.3405231421225736, 0.1286066409471131, -0.5194188293591492, 0.2183011589530109, -0.31059456628972326, 0.6007895407886457, 0.1482542625280583, 0.487024662568285, 0.35986756898660893, -0.08541493362846109], [0.06947453644824095, 0.350046305235463, -0.27164852417675767, 0.7312472592999618, -0.6523735467580226, -0.3506758470839545, -0.15778322683410853, 0.3163437977972794, -0.2003212725288764, 0.779895089494541, 0.2791009821066681, 0.36876546040639746, 0.13731178247893872]], "inverted": true, "swapped": false, "error_lsq": 0.05167105460814167, "error_max": 0.30033726651396775, "target": "92.xyz", "model": "1.xyz", "model_rescale": 4.316132596720782, "target_rescale": 3.796244648439738},
{"mapping": [0, 2, 5, 9, 7, 3, 6, 11, 4, 1, 8, 12], "R": [[0.5199447847591488, -0.1476297479437346, 0.8413458731840501], [-0.007347132243804205, -0.98568847894503, -0.16841687006599132], [0.8541682740827795, 0.08138599386320926, -0.5135882393059086]], "T": [0.06818481910102836, 0.08873735552160208, -0.06441547183579671], "aligned_model": [[-0.3186891437168774, 0.3277745106384832, 0.17473713270671543, -0.6341508572267893, -0.6456258418207628, -0.4048393266134397, -0.021656773861364553, -0.09233899475036722, 0.6058925666356468, 0.37716479010976495, 0.2984131537137637, -0.06887266118299262], [-0.5078374961893765, -0.2375071736063609, -0.5863598771343232, 0.31635926266185854, -0.2856375372227494, -0.1318788418461358, 0.29520272143986515, 0.4709679009383009, -0.05636508424161113, -0.00702875027157808, 0.6565827762550197, 0.08627852695807155], [0.04465884833061823, 0.07914569666745302, -0.555387781934674, 0.04069835755974102, -0.6278447638213565, 0.5276399426462786, -0.6241170198177264, 0.38340237949594586, -0.4662781113717709, 0.7413962922259703, -0.068269572120097, -0.02578580665096123]], "inverted": true, "swapped": true, "error_lsq": 0.048649987759579905, "error_max": 0.2868098295241384, "target": "92.xyz", "model": "2.xyz", "model_rescale": 3.795458400668931, "target_rescale": 3.796244648439738},
{"mapping": [10, 9, 11, 2, 6, 4, 3, 7, 0, 5, 8, 12], "R": [[-0.6807582489080133, 0.6330560991382148, 0.3685216165811749], [0.08497415716335577, -0.4314499117910162, 0.8981260302596188], [0.7275627802176752, 0.6427215174237061, 0.23991967798097735]], "T": [-0.03592368872300413, 0.13077518375576652, 0.16393480567471871], "aligned_model": [[-0.29263307885518175, -0.17007551426403086, -0.5962792891065373, 0.04735766927487773, 0.2383550888001448, 0.2780710413454171, -0.24651922601481718, 0.7223317900490911, 0.3450712477984934, 0.7623430917612192, -0.45151263695016886, -0.043206358094942214], [-0.017982552912796046, -0.4580168910861839, -0.0931250691057243, 0.20490036612712606, 0.34684258554071834, 0.7257310459491946, -0.5889134082455838, -0.34917865047952157, -0.4126188113401152, 0.24629202931594402, 0.48645733126013907, -0.004618929733488014], [-0.700667106504097, -0.27363031209695177, 0.07294474840638948, 0.5905514750500458, -0.32805229989763085, 0.3021836840417577, 0.4102086634090136, -0.23834337288490012, 0.44148849157870573, 0.4039128961859577, -0.11218907604068809, 0.12036363939149841]], "inverted": true, "swapped": true, "error_lsq": 0.060150496384046355, "error_max": 0.3581803216053191, "target": "92.xyz", "model": "3.xyz", "model_rescale": 3.7530521520055578, "target_rescale": 3.796244648439738},
{"mapping": [0, 11, 9, 10, 7, 8, 5, 2, 4, 6, 12], "R": [[-0.850533924054113, -0.4288373548223442, -0.3044512557735434], [0.30087201721589263, -0.8715622268786369, 0.38711150064909106], [-0.4313560864176513, 0.23765060022505, 0.8703184008873543]], "T": [-0.22735593439619078, 0.038088495562645194, -0.026202403138167282], "aligned_model": [[-0.33414726497495373, -0.212802591366323, 0.2643882185866118, 0.5828919358905211, 0.3870763805596115, -0.09854238445485652, -0.32216503674368036, -0.635743961622975, -0.3953776989749194, 0.2674899979961683, -0.16486799244999922], [-0.6719028954216157, 0.23693440113983066, -0.2120345068100022, 0.29898516575210354, -0.6871072818721671, 0.6283142258008388, -0.42503017175047875, -0.06346701491014474, 0.25677054786503656, 0.15380637929349641, -0.04806549077255172], [-0.070677795903425, -0.6029670160229795, -0.5279615322773724, -0.3593635622248073, 0.22618381233143864, -0.12871590815955275, 0.669998582537967, 0.10547070478779517, 0.6027846932854993, 0.2989162775658812, -0.12083747867512788]], "inverted": true, "swapped": true, "error_lsq": 0.04666476627550242, "error_max": 0.230635147696072, "target": "92.xyz", "model": "4.xyz", "model_rescale": 3.7855080009869324, "target_rescale": 3.796244648439738},
{"mapping": [4, 5, 0, 7, 2, 1, 14, 11, 9, 8, 15, 10, 16], "R": [[0.21306779990569114, -0.34268378384665865, 0.914969910396995], [0.9672129028828657, 0.20644898590598953, -0.1479121925849548], [-0.13820750030388573, 0.9164860285388563, 0.3754358085649614]], "T": [0.1733484252776538, -0.050871490562561926, 0.13877929209531653], "aligned_model": [[-0.08756152183133062, -0.6198150806093422, -0.27832577183329454, -0.27039829404537497, 0.08009886682295062, 0.2760198570620647, 0.5112605535505107, 0.7905951497404545, -0.06100091412451991, 0.3027355443436701, 0.38004655835820567, -0.3054540542795128, 0.18571665373237115], [-0.737392903942798, -0.21206474368261394, -0.501403277747373, -0.3175228577020098, 0.11273378989866734, -0.6279618937848964, 0.3990878128073346, -0.5504696005940892, 0.5630898222296055, 0.22953506137591292, 0.699005709627698, 0.37381933337499684, -0.01169942882662025], [0.22604401770273394, 0.13536861812563095, -0.31009197198911287, 0.6804021953856234, -0.5755900238973968, -0.3403127476980747, -0.2367861714524584, 0.18172621157983063, -0.1351657986899094, 0.7711881891021439, 0.4113195150013806, 0.4871327960355399, 0.10414796667983972]], "inverted": false, "swapped": false, "error_lsq": 0.04470009015701543, "error_max": 0.24975552363556613, "target": "92.xyz", "model": "5.xyz", "model_rescale": 4.2253639853439635, "target_rescale": 3.796244648439738},
{"mapping": [6, 2, 5, 3, 8, 11, 9, 12, 1, 0, 0, 4, 13], "R": [[-0.8451929997294143, -0.5278576399472945, -0.08375622459057691], [0.01016783181031572, -0.17256381262085557, 0.9849458593090443], [-0.5343644902168105, 0.8316177261957727, 0.15121689413653977]], "T": [0.014446993302323685, -0.04264864040193258, 0.03600999695529504], "aligned_model": [[-0.04805824421478623, -0.6113526635357688, -0.3151389173973708, -0.1702906540498658, 0.12305724817144219, 0.3197092843551889, 0.4905946380113943, 0.8186643596036496, -0.12348134731715898, 0.43916136954443125, 0.43916136954443125, -0.45155619870296904, -0.006552697125765811], [-0.6310907385049664, -0.26261257813880956, -0.4253103310480512, -0.2235619928678447, 0.11684182636905896, -0.6778085005493477, 0.2938892168253371, -0.49671836662493785, 0.6719750130543394, 0.39039690502816754, 0.39039690502816754, 0.3318124964831571, -0.0594530320204555], [0.2880952218022471, 0.13681807021257847, -0.34567629364313884, 0.6964279201286936, -0.6771740460133678, -0.29405162536978025, -0.14460594524324316, 0.17165245320021782, -0.058829808680486734, 0.5605592353715034, 0.5605592353715034, 0.4148651067401975, 0.0907432720088463]], "inverted": true, "swapped": false, "error_lsq": 0.05344076584011617, "error_max": 0.3446146722642839, "target": "92.xyz", "model": "6.xyz", "model_rescale": 3.89814844738969, "target_rescale": 3.796244648439738},
{"mapping": [4, 1, 0, 2, 3, 7, 8, 11, 6, 10, 9, 5, 12], "R": [[0.0755850721581039, 0.06816435789901487, -0.9948067737903021], [0.9477595771624573, -0.3149742304550157, 0.05042834566105461], [-0.309901082224142, -0.9466492774314496, -0.08841077295680633]], "T": [0.10007091112850547, -0.1316737243071007, 0.06046331196501174], "aligned_model": [[0.20156242974705982, -0.7103907447628033, -0.39180636993122303, -0.3100472173116991, 0.024895242093244244, 0.2995446230899985, 0.5825746355105645, 0.8898828859489432, -0.09951494184813575, 0.1789056688563671, 0.3936912135934191, -0.26275492665135464, 0.10737504855247157], [-0.703549658578135, 0.06284691586570665, -0.2681470763431524, -0.3983257228535536, 0.003521544648090985, -0.5723526838314361, 0.22827605484127653, -0.19227361759532713, 0.44253134165666375, -0.06892608292893579, 0.6087523006959573, 0.45161730443780956, -0.1752137969811499], [0.340022207073726, 0.20227387895675514, -0.2402727052155741, 0.5725645489454086, -0.7322868344917046, -0.38370666947768817, -0.24826486096906025, 0.22739163965898274, -0.23589775251700462, 0.7876163065456521, 0.46481748656099314, 0.4219955944099891, 0.22312995640529576]], "inverted": true, "swapped": false, "error_lsq": 0.04510338782304391, "error_max": 0.24056447682247492, "target": "92.xyz", "model": "7.xyz", "model_rescale": 3.7474275329858107, "target_rescale": 3.796244648439738},
{"mapping": [8, 6, 0, 5, 1, 2, 12, 4, 10, 9, 11, 7, 14], "R": [[0.9146224715907642, 0.3142533693881509, 0.25438269259011376], [-0.39881705664863604, 0.8045942862008236, 0.43996930567836856], [-0.06641302422959355, -0.5038579705047658, 0.861229618494103]], "T": [0.1347030474702791, -0.02459825964287199, 0.04525263564730186], "aligned_model": [[0.2810070272406689, -0.6752329711303091, -0.3678048292721566, -0.2744807045270458, 0.16169041176095367, 0.35872628782007654, 0.4381053642747243, 0.7578681799196092, -0.2711255420236083, 0.2371108545721405, 0.3100631191857923, -0.23293889075735974, 0.18092923982336626], [-0.5811741123570875, -0.008140964109652378, -0.038827881244050816, -0.2874791987484524, -0.21798268627596032, -0.7551415762278785, 0.44018350645972665, -0.4876771662926977, 0.6137923386904023, 0.04278799875257197, 0.4655358735780935, 0.28420215215150135, -0.05132146134270157], [0.4113520504724469, 0.14855269176976638, -0.3807715295215977, 0.5710698405562392, -0.6804718063789308, -0.3078897523861967, -0.22413103656688382, 0.14245854987548315, -0.00973790533338021, 0.797125080489144, 0.38510162018238897, 0.5283254488503092, 0.018399543876982217]], "inverted": false, "swapped": false, "error_lsq": 0.056773676904284295, "error_max": 0.33170909550398214, "target": "92.xyz", "model": "8.xyz", "model_rescale": 4.019505241142653, "target_rescale": 3.796244648439738},
{"mapping": [6, 3, 5, 2, 11, 6, 9, 10, 8, 1, 7, 0, 12], "R": [[0.6228114005226808, -0.5508253039420549, -0.5556054750595244], [0.22228686433960404, 0.8054715579416118, -0.5493670169287371], [0.750129661672596, 0.2186482423534563, 0.6240980986949896]], "T": [0.06084498383138834, -0.011948364659142896, 0.13263518492297227], "aligned_model": [[0.14167662442436774, -0.7764804643885993, -0.4245327535526907, -0.23494448159548556, 0.21265437366767384, 0.14167662442436774, 0.6131527611737867, 0.8264068755402176, 0.12280681890952336, 0.4957604541513716, -0.03272964610203752, -0.22359917841161894, 0.04206953864597618], [-0.7029844217873202, -0.13749787994263085, -0.20026664043439366, -0.3726343263082011, -0.018605780039527953, -0.7029844217873202, 0.3337355939215801, -0.5066859602024925, 0.530497747247124, 0.003966527464620756, 0.8706577030186735, 0.3365530597401342, -0.014994377856431346], [-0.07712003335463605, 0.27955087747160634, -0.291003102065947, 0.4964845925471107, -0.4708207885920615, -0.07712003335463605, -0.07424347830140057, 0.2182474488632068, -0.2649196893492793, 0.6492593733381036, 0.31105689886726917, 0.601979785220705, 0.0980309445957293]], "inverted": true, "swapped": false, "error_lsq": 0.07811654306801309, "error_max": 0.55867257422797, "target": "92.xyz", "model": "9.xyz", "model_rescale": 3.877068213659057, "target_rescale": 3.796244648439738},
{"mapping": [8, 1, 0, 7, 12, 11, 6, 9, 3, 2, 13, 4, 15], "R": [[-0.01468177948148211, -0.6876134056136406, -0.7259285431581183], [-0.4200039962187784, 0.6630931277645157, -0.6195999895672432], [0.9074034871607631, 0.29579605868213077, -0.2985357652888577]], "T": [0.1668517700655086, 0.024051155326756196, 0.08328955241273608], "aligned_model": [[0.05594601641872096, -0.660521843798394, -0.2519182249395152, -0.3053442703998105, 0.039345234810718416, 0.3284141636928014, 0.4462622125721979, 0.5931841030533238, -0.11157848195676778, 0.33390153077039514, 0.5706269056761653, -0.2558133389100823, 0.12141353989709917], [-0.7047824946547623, -0.22940417919386238, -0.4634312401277013, -0.235903172334994, 0.03916389184581903, -0.5398925286925793, 0.4164004142578319, -0.3847998215364078, 0.5741200737441655, 0.018452612245961147, 0.6089061847364461, 0.34868851011141344, -0.02876142736751565], [0.31093919609959364, 0.14747605168058683, -0.3865600416482424, 0.6962668899347771, -0.6527192140946705, -0.3645054793638832, -0.30180321402062527, 0.37778390629215464, -0.06724988586885833, 0.7254876462384009, 0.38750778066419667, 0.5004891129087213, 0.02627004706361922]], "inverted": true, "swapped": false, "error_lsq": 0.04533921032239759, "error_max": 0.29068573095757616, "target": "92.xyz", "model": "10.xyz", "model_rescale": 4.260839863003843, "target_rescale": 3.796244648439738},
{"mapping": [5, 0, 9, 7, 10, 6, 4, 2, 3, 11, 8, 12], "R": [[0.7184750750439285, 0.5383410921424594, 0.4404343708788919], [0.07051350106169108, -0.6863269686177937, 0.7238667959755667], [0.6919692281515445, -0.48902368108177946, -0.5310691354546806]], "T": [0.12692620529827126, 0.12753357607940569, 0.023992260084532487], "aligned_model": [[0.3978562233391366, 0.28080084104231473, -0.4334147235444178, -0.3621176040216948, -0.752517047611791, -0.30015479328146444, 0.3995119788451579, 0.5604209920766604, 0.20248643395109173, -0.019813317226794996, -0.06815278344134251, 0.05399244896727426], [0.013455888916457603, -0.5320850828707113, -0.30961542678816184, -0.40611839684602286, 0.22813931127779363, 0.3804509141140808, 0.5964506941826044, 0.08794123738309637, -0.5655761492292104, 0.05487878188511017, 0.6155609356388602, 0.009595797869036832], [-0.7645168933018884, -0.21828040729596096, 0.2499454515619237, -0.6417302882709461, 0.2520779735788516, -0.3189361912529741, -0.39730532268618113, -0.04634141885359327, 0.393914580735765, 0.6118678473000788, 0.3390189993769674, 0.05646374650346209]], "inverted": true, "swapped": true, "error_lsq": 0.0539662460004037, "error_max": 0.2912642073568659, "target": "92.xyz", "model": "11.xyz", "model_rescale": 3.890672605050136, "target_rescale": 3.796244648439738},
{"mapping": [8, 3, 0, 7, 1, 6, 11, 9, 2, 12, 10, 4, 13], "R": [[0.8752056246550128, -0.4730524209594069, -0.10117569667006582], [-0.48361558368403956, -0.860559775470654, -0.15985255725149855], [-0.011449095605105257, 0.18883400082173218, -0.9819422785192027]], "T": [0.16122682655306209, -0.13447947996455967, 0.049972651776699566], "aligned_model": [[-0.162578027867338, -0.7315656464254874, -0.3451668389442828, -0.1891224217978867, -0.06276538491379091, 0.4019470456752865, 0.5314652782504056, 0.8871147725425784, 0.12074774354909748, 0.28400590526453073, 0.40239390333194697, -0.3128592323883665, 0.08030045061015921], [-0.7771996368367715, -0.2794098418917077, -0.18318575415475966, -0.30780313938439274, -0.04338573762577301, -0.47748295582481753, 0.21796628592394074, -0.3013753120889937, 0.5569301305045181, 0.09749070209445376, 0.6427419486743476, 0.36380319716042664, -0.0903330635166564], [0.08535996648233837, 0.23700191789980452, -0.24984011337163092, 0.8077183106502058, -0.6895053463403112, -0.3455785277122348, -0.15366338355907888, 0.2759215112737441, -0.1108947720755036, 0.7472869849230532, 0.42052061950150765, 0.18418824781412912, 0.19086738039974743]], "inverted": true, "swapped": false, "error_lsq": 0.05026354031682455, "error_max": 0.35258204731035003, "target": "92.xyz", "model": "12.xyz", "model_rescale": 4.124412569039231, "target_rescale": 3.796244648439738},
{"mapping": [1, 3, 0, 6, 5, 4, 10, 2, 7, 8, 11, 9, 12], "R": [[0.9012250862735591, 0.4179970456723564, 0.11433203260853049], [0.21583682609437455, -0.2041845589106977, -0.9548419400109898], [-0.3757762743611188, 0.8852045728031606, -0.2742354023747688]], "T": [-0.06815757216505591, -0.04979549960132498, 0.05439498050385385], "aligned_model": [[0.12370448011216995, -0.7698555681609002, -0.3109022142876099, -0.31948971773911417, -0.08557292724948343, 0.44022050296898496, 0.518825255238641, 0.7444816717261274, -0.15757294825938406, 0.25732694615227786, 0.6948659206207523, -0.2806180439125264, 0.04850418967691712], [-0.7434416551262464, -0.1402241800400924, -0.4643078809964212, -0.23087859131117422, 0.03230527399819158, -0.4514774665515434, 0.3582326768201318, -0.25756438471705567, 0.49788826249487106, -0.0006273422570750309, 0.41381543472521265, 0.42552967892028914, -0.020493002925273437], [0.435063159802046, 0.1449264774286598, -0.27121508964905905, 0.6473990962416978, -0.6984011721522665, -0.3911154973746557, -0.1288366758136429, 0.251486490505307, -0.23736701457108952, 0.6919986517115616, 0.4941823295332628, 0.4252963078250567, 0.03596573239889253]], "inverted": false, "swapped": false, "error_lsq": 0.04793506311513885, "error_max": 0.33627580818052644, "target": "92.xyz", "model": "13.xyz", "model_rescale": 3.9028299243045295, "target_rescale": 3.796244648439738},
{"mapping": [6, 2, 3, 1, 4, 7, 10, 9, 5, 11, 13, 12, 15], "R": [[-0.17827238078134022, 0.32048746330650735, 0.9303261493228667], [0.9755477216528408, -0.06595432242030108, 0.2096584606736172], [0.1285519390305122, 0.94495386830122, -0.30089298056627445]], "T": [-0.052872764625935126, 0.009627849996488129, 0.0828872818500457], "aligned_model": [[-0.0335541567091347, -0.7524457314755691, -0.23982872342554795, -0.20007032827302693, 0.014391405674453628, 0.5896414462785468, 0.5834627010700584, 0.5427542055502724, -0.07222113339019981, 0.25314198195465365, 0.308615871993803, -0.12629068921666886, 0.03632069685521189], [-0.6428677994306524, -0.15553290974409437, -0.4336812798519703, -0.30482516251665714, 0.10057866523611445, -0.4644004520210666, 0.19732883009370736, -0.4463144350076278, 0.48804029156119066, -0.0510581142644313, 0.7071150390192128, 0.4855643705928683, -0.06119022063277863], [0.2181074028233983, 0.2424785004395993, -0.313614836808192, 0.6321148630225267, -0.585369221660213, -0.34501529293692057, -0.25652120245313226, 0.27831144004856206, -0.09835567673708058, 0.7526102670871261, 0.20734184600586508, 0.585216382811046, 0.08207832424318559]], "inverted": false, "swapped": false, "error_lsq": 0.0552672023244862, "error_max": 0.308892019614162, "target": "92.xyz", "model": "14.xyz", "model_rescale": 3.942246331269136, "target_rescale": 3.796244648439738},
{"mapping": [5, 12, 4, 1, 11, 10, 6, 9, 8, 2, 7, 0, 14], "R": [[-0.41050823664168073, -0.8624131671918418, 0.29618662478828117], [0.8311549248719632, -0.48748736098747164, -0.2674650701279551], [0.3750526343200635, 0.13638035757251388, 0.9169165281300005]], "T": [0.0023160730790262596, -0.14104531220091282, 0.013879190537938957], "aligned_model": [[0.10196987381906777, -0.8048550628752551, -0.14690216784394028, -0.48991330538600686, 0.020084517469562385, 0.4318096558853678, 0.3882947110145688, 0.791633860231397, -0.05736011559091847, 0.2630848077436383, 0.5379749464665576, -0.09763257412623053, -0.03427159992095627], [-0.47520850372820933, -0.11699884278915972, -0.5457564312237824, -0.3324148512399686, 0.10968199497586578, -0.529250656730545, 0.19612706436085126, -0.2242483235512375, 0.6221701739148444, 0.015032924435932099, 0.44124503039862556, 0.3589898493557306, -0.10061260514513257], [0.5441467075663438, 0.14026266554101474, -0.38311804325307486, 0.6284761107096275, -0.6576348632810199, -0.4030529248597162, -0.21000620174913323, 0.1488495425397169, -0.09917743486149838, 0.7140842817142574, 0.33789622158037014, 0.5436834827035633, 0.09497325153531977]], "inverted": true, "swapped": false, "error_lsq": 0.05550087152060869, "error_max": 0.3307155931778219, "target": "92.xyz", "model": "15.xyz", "model_rescale": 4.355366556412066, "target_rescale": 3.796244648439738},
{"mapping": [0, 2, 5, 9, 7, 3, 6, 11, 4, 1, 8, 12], "R": [[0.5199447847591488, -0.1476297479437346, 0.8413458731840501], [-0.007347132243804205, -0.98568847894503, -0.16841687006599132], [0.8541682740827795, 0.08138599386320926, -0.5135882393059086]], "T": [0.06818481910102836, 0.08873735552160208, -0.06441547183579671], "aligned_model": [[-0.3186891437168774, 0.3277745106384832, 0.17473713270671543, -0.6341508572267893, -0.6456258418207628, -0.4048393266134397, -0.021656773861364553, -0.09233899475036722, 0.6058925666356468, 0.37716479010976495, 0.2984131537137637, -0.06887266118299262], [-0.5078374961893765, -0.2375071736063609, -0.5863598771343232, 0.31635926266185854, -0.2856375372227494, -0.1318788418461358, 0.29520272143986515, 0.4709679009383009, -0.05636508424161113, -0.00702875027157808, 0.6565827762550197, 0.08627852695807155], [0.04465884833061823, 0.07914569666745302, -0.555387781934674, 0.04069835755974102, -0.6278447638213565, 0.5276399426462786, -0.6241170198177264, 0.38340237949594586, -0.4662781113717709, 0.7413962922259703, -0.068269572120097, -0.02578580665096123]], "inverted": true, "swapped": true, "error_lsq": 0.048649987759579905, "error_max": 0.2868098295241384, "target": "92.xyz", "model": "16.xyz", "model_rescale": 3.795458400668931, "target_rescale": 3.796244648439738},
{"mapping": [4, 1, 0, 2, 3, 7, 8, 11, 6, 10, 9, 5, 12], "R": [[0.0755850721581039, 0.06816435789901487, -0.9948067737903021], [0.9477595771624573, -0.3149742304550157, 0.05042834566105461], [-0.309901082224142, -0.9466492774314496, -0.08841077295680633]], "T": [0.10007091112850547, -0.1316737243071007, 0.06046331196501174], "aligned_model": [[0.20156242974705982, -0.7103907447628033, -0.39180636993122303, -0.3100472173116991, 0.024895242093244244, 0.2995446230899985, 0.5825746355105645, 0.8898828859489432, -0.09951494184813575, 0.1789056688563671, 0.3936912135934191, -0.26275492665135464, 0.10737504855247157], [-0.703549658578135, 0.06284691586570665, -0.2681470763431524, -0.3983257228535536, 0.003521544648090985, -0.5723526838314361, 0.22827605484127653, -0.19227361759532713, 0.44253134165666375, -0.06892608292893579, 0.6087523006959573, 0.45161730443780956, -0.1752137969811499], [0.340022207073726, 0.20227387895675514, -0.2402727052155741, 0.5725645489454086, -0.7322868344917046, -0.38370666947768817, -0.24826486096906025, 0.22739163965898274, -0.23589775251700462, 0.7876163065456521, 0.46481748656099314, 0.4219955944099891, 0.22312995640529576]], "inverted": true, "swapped": false, "error_lsq": 0.04510338782304391, "error_max": 0.24056447682247492, "target": "92.xyz", "model": "17.xyz", "model_rescale": 3.7474275329858107, "target_rescale": 3.796244648439738},
{"mapping": [9, 4, 5, 6, 10, 12, 11, 7, 3, 2, 1, 0, 13], "R": [[0.08380223224576622, -0.988263082536059, 0.12772339475191577], [0.18814159681484544, 0.1415608103630761, 0.9718864524816206], [-0.9785601286679255, -0.0574161707681404, 0.1977965063284408]], "T": [0.07869735742409895, 0.0042004975350410576, 0.06549332682662727], "aligned_model": [[0.001322747750297476, -0.7031723315949536, -0.2997913935848122, -0.25945005634736357, 0.005795866007652653, 0.34842082341542174, 0.6488502460561532, 0.7729492473547328, 0.09124147291131304, 0.19804594722504074, 0.4217182665915673, -0.37373225029590357, 0.051718961397706154], [-0.6279978043035898, -0.23551017123986892, -0.41697455879411877, -0.3716199433704436, 0.0637398861874531, -0.5913493076397657, 0.23857184693520325, -0.25491600874555986, 0.6211643276828066, 0.006690262922642319, 0.5364193500384605, 0.43168275494529323, 0.018856188415302212], [0.27058511795014717, 0.2084772653978576, -0.3845930803844073, 0.6480859239454118, -0.6183047458612178, -0.297558466673112, -0.31098033223988125, 0.20074210329789755, -0.21697341239283702, 0.765195005394375, 0.34405780001648606, 0.6238021664831641, 0.16684745095188663]], "inverted": true, "swapped": false, "error_lsq": 0.04754868391567214, "error_max": 0.2388058396725432, "target": "92.xyz", "model": "18.xyz", "model_rescale": 3.922800546911778, "target_rescale": 3.796244648439738},
{"mapping": [8, 4, 13, 6, 7, 12, 3, 5, 9, 1, 2, 10, 14], "R": [[-0.5721059170562561, 0.711136486818603, -0.4086315171208843], [0.7869464726880984, 0.33555821820598075, -0.5177991225544785], [-0.2311061851032563, -0.6178070728874208, -0.7516011920542017]], "T": [0.09398867275959477, -0.09456281482405296, 0.13577019333551785], "aligned_model": [[0.027798205419052424, -0.6113213513089675, -0.31053167902373136, -0.24681860109188475, 0.05799745660454314, 0.4479384758714367, 0.5490040749414573, 0.7372948718344482, 0.028470293243041955, 0.3773061072015159, 0.21264232548915216, -0.46024593257463586, 0.09438330028142386], [-0.6665750128459044, -0.19273674361810966, -0.4612739687032732, -0.1828718732529964, 0.1225888357199803, -0.47909050096077, 0.15366724176585944, -0.49972922923834306, 0.6738037790294209, -0.012823404022102608, 0.5806949360476703, 0.43702565779688507, -0.053922894684501746], [0.3426796454373242, 0.26525682872971135, -0.28100308008043706, 0.7289140917298518, -0.6321886675967185, -0.45199850269885256, -0.23905251991402923, 0.20308312707226805, -0.12511925702712082, 0.8147642463277688, 0.3433207736030317, 0.3824244965411461, 0.04830161376182726]], "inverted": false, "swapped": false, "error_lsq": 0.050949418712998296, "error_max": 0.28142292049974227, "target": "92.xyz", "model": "19.xyz", "model_rescale": 3.9282355846067225, "target_rescale": 3.796244648439738},
{"mapping": [4, 0, 3, 11, 5, 6, 7, 8, 2, 9, 12, 10, 13], "R": [[-0.48586397803582043, -0.8731324114356107, -0.03969870209268023], [-0.8211911153620495, 0.47157147570595875, -0.3213494909766276], [0.29930143149948535, -0.12353192057577649, -0.9461281719202844]], "T": [0.13314544840377565, -0.0690615302312702, 0.05767078422127564], "aligned_model": [[-0.02954246661712498, -0.6050576936900933, -0.31074844826224746, -0.18670471396796826, 0.016979232325450885, 0.46309189282364194, 0.521062875488964, 0.6019050710378168, -0.19320882317402463, 0.45053686732815357, 0.5025478649990966, -0.3068154567089163, -0.020128654695896753], [-0.6506313851233267, -0.3033223607656688, -0.5276597156475255, -0.21628002447240285, -0.017079524892968642, -0.3595089641083371, 0.36975397695964585, -0.5697581718861364, 0.596874701335659, 0.009762803857950988, 0.5524519072663018, 0.5556770387133646, -0.02152345820274166], [0.24388837503051303, 0.25860602870792987, -0.3410784878496948, 0.6816786046130534, -0.6289830103591116, -0.4256714196322459, -0.15459979026329437, 0.38659154725048256, -0.3011300453056896, 0.6671576477272463, 0.5049483791118023, 0.4556286606817071, 0.05234630617307271]], "inverted": true, "swapped": false, "error_lsq": 0.05943405631880891, "error_max": 0.33186663131991695, "target": "92.xyz", "model": "20.xyz", "model_rescale": 4.067790424073018, "target_rescale": 3.796244648439738},
{"mapping": [13, 4, 8, 6, 7, 1, 12, 10, 0, 11, 3, 2, 14], "R": [[-0.8225837303220473, -0.03215725907870076, -0.5677340198526161], [-0.4428453141580452, 0.6625272415030742, 0.6041073431059991], [0.3567128177368001, 0.7483472221869154, -0.5592248212547436]], "T": [0.0367863403680443, -0.08495653758846514, 0.10906365236758475], "aligned_model": [[0.30742533689568763, -0.7552092933210286, -0.3290834760554313, -0.2743467300483976, 0.07572088357826118, 0.23358045322221432, 0.6937535297643218, 0.7461069284524172, -0.1270114525758232, 0.4768783489892414, 0.19774350519515999, -0.45254275360762863, 0.11090226639785808], [-0.6836302208320334, -0.165864046012927, -0.21207200439673687, -0.07276853024963723, -0.014394970422404008, -0.6392460811162083, 0.30893995093197824, -0.4932242987990658, 0.5055108202468398, -0.05857221235285273, 0.6109236812847756, 0.4416862374030619, -0.10853150265097501], [0.35086493364476823, 0.2021731901941044, -0.3094442116605849, 0.7803345125020894, -0.6326702108157455, -0.46307294003021404, 0.09314086097577343, 0.07074185661905791, -0.2500694871206427, 0.5819855754254712, 0.5712200422645188, 0.3012259714551284, 0.1029527024320461]], "inverted": true, "swapped": false, "error_lsq": 0.06027050187291724, "error_max": 0.3262135235479156, "target": "92.xyz", "model": "21.xyz", "model_rescale": 4.186013935880536, "target_rescale": 3.796244648439738},
{"mapping": [0, 3, 5, 6, 8, 2, 9, 1, 11, 7, 10, 4, 12], "R": [[0.6610683402540296, -0.605961332733494, 0.4424923872177134], [0.2509021353552461, -0.3772616548053891, -0.8914716833908286], [0.7071327796022193, 0.7003459909540054, -0.09735874365814282]], "T": [0.09843508258779031, -0.036675525806115536, 0.08414533973579914], "aligned_model": [[0.14149257427569034, -0.8128597589001894, -0.391594454964856, -0.2038194406105528, 0.26158036325401623, 0.22206566274113287, 0.5876803747060036, 0.6946978784748589, -0.2361727592324136, 0.4057059051009494, 0.4054446059257417, -0.2257827348205918, 0.055479330937063], [-0.7241820014159175, -0.11367824732715241, -0.5231844244500061, -0.20613186371563463, 0.11463418567863008, -0.5282589874837792, 0.2898299036959842, -0.4095117054838164, 0.3943049759601939, 0.054545609841468265, 0.6546225663876247, 0.4391711781332527, -0.02340436678703311], [0.3015604712480905, 0.2104424002413386, -0.264737047296141, 0.5197823466184007, -0.6494465899569679, -0.4569280219453546, -0.11456049531729028, 0.28560773646685017, -0.23406744756468773, 0.7441355562724576, 0.4364967736011442, 0.5269419860571666, 0.09415512746076392]], "inverted": true, "swapped": false, "error_lsq": 0.04765938627785737, "error_max": 0.27139674768420086, "target": "92.xyz", "model": "22.xyz", "model_rescale": 4.166573947596378, "target_rescale": 3.796244648439738},
{"mapping": [1, 8, 7, 4, 13, 5, 12, 6, 9, 2, 11, 3, 15], "R": [[0.5861195435952652, 0.735854266192228, -0.3390905182136113], [0.7781169428660324, -0.3945759741714375, 0.4887165066083617], [0.22582715478989185, -0.5502983731879993, -0.8038493618994442]], "T": [0.035957457863367986, 0.039062484309467155, 0.05332403752600098], "aligned_model": [[0.22664205118024053, -0.763457957094931, -0.31659520069821323, -0.3507305399227463, 0.21061061303697806, 0.23024905127665277, 0.5958606023844362, 0.717132989161424, -0.23627029888087128, 0.32942940296304524, 0.32593078628329386, -0.12221357675081482, 0.057329623948358374], [-0.598579668164021, 0.05109983984108142, -0.4186383688445764, -0.247184250572934, -0.20336082539745542, -0.6555738557186064, 0.36336068723553794, -0.2795439624212298, 0.5704019718203072, -0.12432975755490494, 0.6869852350318153, 0.300388021425929, -0.026268243647128153], [0.30857084382864053, 0.17526351685916006, -0.3681094680397496, 0.608651609776762, -0.7388504086627085, -0.35994719670483066, -0.050215807768251415, 0.1699321831647785, -0.010075992062408647, 0.6364075923678763, 0.3971334401430025, 0.5711247129561668, 0.05949777002733303]], "inverted": false, "swapped": false, "error_lsq": 0.051637635212138336, "error_max": 0.24666710605693237, "target": "92.xyz", "model": "23.xyz", "model_rescale": 4.274766983524099, "target_rescale": 3.796244648439738},
{"mapping": [4, 0, 7, 6, 9, 10, 8, 11, 1, 3, 12], "R": [[-0.8488878049916078, -0.420563771954386, -0.3201805869443517], [0.1628293627981452, -0.7843547508509772, 0.5985601251572409], [-0.5028678684776751, 0.4559755898477473, 0.7343093137879424]], "T": [0.07790949439363418, -0.017411579338469485, -0.07925428011033092], "aligned_model": [[0.25652507613876263, 0.17503962577173773, -0.5425728359613002, -0.411333565347896, -0.4231976300890503, -0.7330109319368209, -0.044600476037583964, 0.058733500322799836, 0.8031574774470961, 0.22800276429712363, 0.013151699353206314], [-0.3919026401626897, 0.6806678440906995, 0.6055924022401733, -0.22266580744019188, 0.3487104988770218, -0.19361341998216874, -0.5614947296512808, -0.05695130864963743, 0.016402880047118748, 0.6011380859751294, 0.08970272589930926], [-0.6265483876607503, -0.22320246621715062, -0.5197114331737891, -0.36644274141102917, 0.3342458113274824, 0.30405501439980476, 0.17458266496681146, 0.5294145984202854, 0.39702747895360074, 0.38745899874249795, -0.011313104326186318]], "inverted": false, "swapped": true, "error_lsq": 0.04562858594802614, "error_max": 0.23160546334766333, "target": "92.xyz", "model": "24.xyz", "model_rescale": 3.7841303162186577, "target_rescale": 3.796244648439738},
{"mapping": [9, 5, 2, 12, 1, 8, 7, 10, 6, 13, 11, 3, 15], "R": [[-0.3134096399638743, -0.7897142036901323, 0.5273764064383], [-0.9488857008860865, 0.2386281288293689, -0.20657333512657064], [0.03728705179596631, -0.5651620056421471, -0.8241368716098744]], "T": [0.17164453915268812, -0.0845813258558645, 0.03274207976949635], "aligned_model": [[0.1597337509062282, -0.6796422736502479, -0.3925422629252083, -0.2679405531092571, 0.05304718174346851, 0.10848967986083619, 0.6946837358443838, 0.8912167777515647, 0.013694000477770335, 0.07054556185414718, 0.4623647254543472, -0.3590065115926366, 0.1492737342714556], [-0.6323660448609796, -0.13686164966334483, -0.5634177454493342, -0.3699260308341681, -0.0608359537731636, -0.44105019977066573, 0.26657127799953284, -0.29013327812432016, 0.6042565967290185, 0.12834691269668216, 0.4950106558862817, 0.4381612581599261, -0.01899897596165062], [0.2375120562649744, 0.2374767264077416, -0.11286686075011886, 0.580934794451147, -0.7010202917946277, -0.43458991070045094, -0.128277818472737, 0.245390365992608, -0.11752566788207004, 0.7786915145753278, 0.44381686267356374, 0.33958331042881956, 0.0302577146915931]], "inverted": true, "swapped": false, "error_lsq": 0.05100169408767468, "error_max": 0.3117323501965045, "target": "92.xyz", "model": "25.xyz", "model_rescale": 4.19342608120988, "target_rescale": 3.796244648439738},
{"mapping": [0, 2, 5, 9, 7, 3, 6, 11, 4, 1, 8, 12], "R": [[0.5199447847591488, -0.1476297479437346, 0.8413458731840501], [-0.007347132243804205, -0.98568847894503, -0.16841687006599132], [0.8541682740827795, 0.08138599386320926, -0.5135882393059086]], "T": [0.06818481910102836, 0.08873735552160208, -0.06441547183579671], "aligned_model": [[-0.3186891437168774, 0.3277745106384832, 0.17473713270671543, -0.6341508572267893, -0.6456258418207628, -0.4048393266134397, -0.021656773861364553, -0.09233899475036722, 0.6058925666356468, 0.37716479010976495, 0.2984131537137637, -0.06887266118299262], [-0.5078374961893765, -0.2375071736063609, -0.5863598771343232, 0.31635926266185854, -0.2856375372227494, -0.1318788418461358, 0.29520272143986515, 0.4709679009383009, -0.05636508424161113, -0.00702875027157808, 0.6565827762550197, 0.08627852695807155], [0.04465884833061823, 0.07914569666745302, -0.555387781934674, 0.04069835755974102, -0.6278447638213565, 0.5276399426462786, -0.6241170198177264, 0.38340237949594586, -0.4662781113717709, 0.7413962922259703, -0.068269572120097, -0.02578580665096123]], "inverted": true, "swapped": true, "error_lsq": 0.048649987759579905, "error_max": 0.2868098295241384, "target": "92.xyz", "model": "26.xyz", "model_rescale": 3.795458400668931, "target_rescale": 3.796244648439738},
{"mapping": [1, 2, 9, 1, 4, 11, 10, 8, 3, 6, 7, 0, 12], "R": [[-0.7668939967566012, 0.2453707046674402, 0.593015020914049], [-0.6416161622093949, -0.3136146350851666, -0.6999818290870737], [0.01422315472648289, -0.9172998844169783, 0.39794299078916434]], "T": [0.10658388938925012, -0.124425687806513, 0.05735629006659949], "aligned_model": [[-0.09348727585551092, -0.7614277728659955, -0.24371871150334184, -0.09348727585551092, 0.1695950326777496, 0.468025333795295, 0.5746204900144556, 0.5971108410845223, -0.2617498915650405, 0.41629835189783027, 0.3428947783660622, -0.37419153238323505, 0.16343517907957214], [-0.44859401678615973, -0.1297818834347221, -0.2568241133891815, -0.44859401678615973, 0.08236681463904774, -0.4712726752895594, 0.27731131947418564, -0.582429618031534, 0.4816551669555472, -0.12714028184367446, 0.6420881937841497, 0.3811429243300458, 0.018829009411829828], [0.5103900568824695, 0.20351366845195476, -0.15272234955800457, 0.5103900568824695, -0.750189151001805, -0.4531648566775307, -0.2993446294241997, 0.340847770829515, -0.14776021864653235, 0.8223769057156817, 0.18705490883033285, 0.5096046337172057, 0.1183859998842143]], "inverted": false, "swapped": false, "error_lsq": 0.06128947314390798, "error_max": 0.3655796923519932, "target": "92.xyz", "model": "27.xyz", "model_rescale": 3.6321398670334006, "target_rescale": 3.796244648439738},
{"mapping": [6, 2, 1, 13, 3, 7, 8, 12, 0, 9, 10, 11, 14], "R": [[-0.5605301614419018, -0.7850784832166449, -0.2635483130360879], [0.7783297659503154, -0.6081293326701356, 0.15614573379347568], [-0.282858115580308, -0.11760310343025754, 0.9519247851137869]], "T": [0.08689943337954131, -0.04356093950905986, 0.0492492892042311], "aligned_model": [[0.1844510162079148, -0.6958773094423486, -0.45403188459378796, -0.34379536993375787, 0.0185488315022124, 0.5318851808941314, 0.5450270008462024, 0.8234768184209594, -0.10278765333337478, 0.2886810079467165, 0.3353585910637312, -0.2602271478426639, 0.03320846515091708], [-0.6956858222033733, 0.08465135024025035, -0.35644914155155033, -0.33179636046372957, 0.025887915011727713, -0.4078047555027018, 0.12320673864253033, -0.3990697632432957, 0.5124171291983602, -0.0010493393786095984, 0.6395631264629085, 0.297474585702693, -0.07258883988139497], [0.46049649369244794, 0.11456271345076097, -0.18899738633303473, 0.6800421715515613, -0.6305044395762812, -0.4705598209728876, -0.12203202689758627, 0.16998438332601487, -0.1612712334784292, 0.6848978723378437, 0.32543978587164923, 0.4684434489574901, 0.06888083395622166]], "inverted": true, "swapped": false, "error_lsq": 0.04339588594769074, "error_max": 0.26625674692584894, "target": "92.xyz", "model": "28.xyz", "model_rescale": 4.156811204709835, "target_rescale": 3.796244648439738},
