[{"mapping": [6, 5, 8, 11, 10, 3, 2, 9, 12, 0, 13], "R": [[-0.9738362940542925, 0.15877587976946592, -0.16258257097866788], [0.19090773362901478, 0.9596890804833687, -0.20627919439831924], [0.12327655747640995, -0.2319204363664801, -0.964891600944037]], "T": [0.04386017889484914, 0.07142316230727824, -0.02538727731671299], "aligned_model": [[-0.7173067417870732, -0.19047090234732061, -0.3541629867439352, 0.1609982488420298, 0.7368444393001334, -0.33578587826264317, -0.3198226012401376, 0.41161955969294506, 0.6221744211839033, 0.34977008132893395, 0.056075862274768296], [0.00176416404074195, -0.3562775385178107, -0.5077322853068569, -0.6150614574324724, -0.5072670996038671, 0.3659101933222724, 0.673572087815927, 0.23016953382651276, 0.09726161892282935, 0.7726640565348311, -0.016558942780018737], [-0.00753154972705794, -0.6038008968997938, 0.3162787273376154, 0.020212944975508018, 0.4221831866790432, -0.23117008915112314, 0.2851119213163435, 0.5880422615291961, -0.02319198713788162, 0.07507552393995777, 0.11117695123296474]], "inverted": true, "swapped": false, "error_lsq": 0.04309337364104071, "error_max": 0.2500605637367707, "target": "921.xyz", "model": "0.xyz", "model_rescale": 3.8414455957264533, "target_rescale": 3.663898311963674},
{"mapping": [7, 2, 0, 3, 1, 9, 13, 12, 10, 8, 14], "R": [[-0.42979258569217776, -0.11547584340817102, 0.8955130724189369], [-0.6796791311274346, -0.6115242792802871, -0.4050609022857937], [0.5944027355201926, -0.7827537195311801, 0.18434208029154658]], "T": [0.029745477989926893, -0.009847110266807266, 0.00208940907164519], "aligned_model": [[-0.6040438889035853, -0.17158758618633876, -0.4353561060084463, 0.39669139051391367, 0.3617709943674804, -0.4277813911335401, -0.2716396800859805, 0.5345083174588225, 0.6931816054227187, 0.2485147869533279, 0.09567505984323153], [-0.07404858311633486, -0.27283959520020107, -0.3159305386483644, -0.7016963447380739, -0.596662567971422, 0.4522740481346292, 0.48187992613452785, 0.365000656331705, 0.1060103339142808, 0.7484844612287106, -0.05402746524736807], [-0.08243402810286936, -0.6573836212763631, 0.46632083943753866, -0.006408595606930842, 0.5442190672180007, -0.20436368240734887, 0.49424640516420343, 0.4345164799569888, -0.11961045886253448, 0.039178688242122756, 0.044105900331964695]], "inverted": true, "swapped": false, "error_lsq": 0.04669418432447114, "error_max": 0.2334613966508203, "target": "921.xyz", "model": "1.xyz", "model_rescale": 4.316132596720782, "target_rescale": 3.663898311963674},
{"mapping": [0, 1, 5, 9, 7, 2, 4, 3, 10, 6, 11], "R": [[0.3152395064358212, 0.9489740180430022, -0.008506859668515943], [-0.19689800150866688, 0.05663340072271206, -0.9787869200824425], [-0.9283615839660713, 0.31022728926047216, 0.20470417292792653]], "T": [0.06674875941286182, -0.008263854675797419, 0.005500428661759468], "aligned_model": [[-0.6324706960337837, -0.07507226141620701, -0.2064728366275296, 0.09598066314888136, 0.6289052720353494, -0.443110966650729, -0.34191064629325874, 0.29076814755470365, 0.6515949093159148, 0.3943333666829585, 0.057388550525303776], [-0.12961257976373758, -0.2000349888837063, -0.3326987745355307, -0.7440291142358807, -0.4808869072874996, 0.4704058020911526, 0.537739454958308, 0.1397684207943597, 0.037242171001632546, 0.7339621592530923, 0.10658868742989878], [0.02225449177710638, -0.48205253619479876, 0.49114620919500773, -0.08251368305030478, 0.5164491787687303, -0.4545472005832699, 0.3649550254236686, 0.6045987244319893, -0.2249772951206272, 0.13923461399385106, 0.05783946545341975]], "inverted": false, "swapped": false, "error_lsq": 0.04200735641938178, "error_max": 0.19061264489800928, "target": "921.xyz", "model": "2.xyz", "model_rescale": 3.795458400668931, "target_rescale": 3.663898311963674},
{"mapping": [4, 5, 7, 9, 8, 10, 0, 1, 6, 2, 11], "R": [[-0.26900180569903664, -0.5910344328002567, 0.7604711222493176], [-0.9295908925752332, -0.04725533426960249, -0.365551235566575], [0.2519896842567949, -0.8052609717523549, -0.5367084556820525]], "T": [0.05512229092673729, 0.042541353168823626, 0.07664541041519927], "aligned_model": [[-0.5678613231131344, -0.04792235778192236, -0.23033135774162736, 0.03165723591123995, 0.654319380192022, -0.27547428715169286, -0.44089042325522787, 0.34281383499058504, 0.6317811916082477, 0.37792925153048296, -0.05608764294736876], [0.0009699925484399075, -0.22615429982799623, -0.43655503099335285, -0.8093540837452033, -0.3936048552722547, 0.477087875707439, 0.42445529388859293, 0.2791618164237151, 0.05846668791399062, 0.7213394670271664, 0.04263146715155286], [-0.06867482884137006, -0.5644544741444109, 0.5984549214061528, -0.09151581747473907, 0.32423836287915203, -0.41415593199595585, 0.5460291270367683, 0.584102969037446, -0.04380039731155379, -0.07419920574032147, 0.15636226924360458]], "inverted": false, "swapped": false, "error_lsq": 0.04600566779064437, "error_max": 0.23603295884826359, "target": "921.xyz", "model": "3.xyz", "model_rescale": 3.7530521520055578, "target_rescale": 3.663898311963674},
{"mapping": [7, 8, 0, 6, 4, 5, 1, 2, 9, 3, 10], "R": [[-0.9385284521188986, 0.1710638099535315, -0.29983581755268424], [-0.33096444789723906, -0.6927798145961324, 0.6407173032751843], [-0.09811665909202304, 0.700566414704795, 0.7068096064685944]], "T": [0.08382507177488926, 0.07146052526536115, 0.0645158991080985], "aligned_model": [[-0.4575428503839627, -0.1650039276819074, -0.257294036886878, 0.1551099484485827, 0.5035974936141464, -0.2628586550456272, -0.3557886573586071, 0.3065404117504562, 0.4422154497287132, 0.468193229791128, 0.042765096265559695], [-0.10079380369251681, -0.4161549767794419, -0.4882522610804574, -0.6592725887489203, -0.39099521909871127, 0.528252300225464, 0.5321961645384369, 0.2768192868525185, 0.11476982246067871, 0.7255217195193813, 0.01635388662565728], [-0.12627235935160153, -0.6715511788467741, 0.5650952996798058, -0.02082532821215073, 0.4513449347032136, -0.3698933663049991, 0.532904958193303, 0.6724481645834282, -0.34419476947025995, 0.13185725615345145, 0.13147338296735572]], "inverted": true, "swapped": false, "error_lsq": 0.047860375856519435, "error_max": 0.26441934801330413, "target": "921.xyz", "model": "4.xyz", "model_rescale": 3.7855080009869324, "target_rescale": 3.663898311963674},
{"mapping": [3, 1, 14, 12, 13, 5, 10, 8, 6, 7, 16], "R": [[0.42839319391728503, -0.33452015912541594, -0.8393899776290242], [0.29193324233943746, -0.8278901227469887, 0.4789289369782947], [-0.8551340558196304, -0.45021573472801074, -0.25700493921476836]], "T": [0.007562998472223061, -0.041727798584567814, 0.07297889019284531], "aligned_model": [[-0.66469594122576, 0.00995883310918749, -0.26945745345087047, 0.15700385835080768, 0.5525099017831411, -0.3649298111301609, -0.22373868876905353, 0.37928198320046863, 0.6193421458178454, 0.2521138592584823, -0.027455184702483725], [0.11198277653325261, -0.39549777541607795, -0.5575432220049625, -0.7020591562044187, -0.3676241973796446, 0.5846340254697978, 0.5321940469694725, 0.23707683799351437, 0.11727604376749962, 0.6524682413129163, -0.07446329021926038], [-0.009831631435342603, -0.5963080456264601, 0.41193540172615867, 0.00445742966530957, 0.4218227645831514, -0.2791904111113903, 0.4577873084342704, 0.6015645927792717, -0.08987417565887484, -0.06722170379754736, 0.09724546453622582]], "inverted": true, "swapped": false, "error_lsq": 0.03477973769125592, "error_max": 0.17619546887117657, "target": "921.xyz", "model": "5.xyz", "model_rescale": 4.2253639853439635, "target_rescale": 3.663898311963674},
{"mapping": [2, 4, 6, 7, 12, 10, 5, 11, 9, 8, 13], "R": [[0.6939319657076697, 0.6923994651621186, -0.19758898656630952], [-0.7125604241070662, 0.6998127151145461, -0.050197666881685435], [0.1035184474644355, 0.17562785771972172, 0.9789988695740837]], "T": [0.07628539090881559, -0.006990446476625035, -0.053454621130437904], "aligned_model": [[-0.5943077218740446, -0.3110051922145536, -0.2070063836159507, 0.23302317669638709, 0.6654147778228346, -0.3584308786699765, -0.28267637114747846, 0.224621500492014, 0.6566562430244854, 0.3517475824937169, 0.04189676923416943], [0.006038219293795572, -0.19193915265079262, -0.33737204187318276, -0.7516377310201654, -0.4077671048323502, 0.5982582719632978, 0.3678048341724787, 0.1231964197540883, 0.1123711955002758, 0.6767643855861682, -0.057272965071524656], [-0.035940541261111195, -0.6162257047114865, 0.4201609825324304, 0.17087750798898288, 0.5495780480182256, -0.28412370917534424, 0.3090591267954645, 0.6992747905892954, -0.20014783816685117, -0.0038080075831352436, -0.056317660931698106]], "inverted": false, "swapped": false, "error_lsq": 0.05021207219892761, "error_max": 0.2693497240791033, "target": "921.xyz", "model": "6.xyz", "model_rescale": 3.89814844738969, "target_rescale": 3.663898311963674},
{"mapping": [2, 4, 0, 7, 3, 10, 5, 6, 8, 9, 12], "R": [[-0.6170458837529114, -0.5043783783098116, 0.6040337977606494], [-0.5400503951383063, 0.8297137202040858, 0.14114075675032745], [-0.5723634754721405, -0.23911836817497, -0.7843611782506781]], "T": [0.042715311229489066, -0.07001530177397908, 0.029115821282665322], "aligned_model": [[-0.6574984765553851, -0.28625363978662305, -0.16163754826068608, 0.2777512500554623, 0.5326902386129713, -0.326119822613031, -0.19646624194065393, 0.3160514023593647, 0.7040545813700902, 0.28697213894541324, -0.06961037994531888], [-0.00250348421211892, -0.319173137638474, -0.4255178960291785, -0.6628104440142405, -0.4756997103098639, 0.4463980056964373, 0.5595555080851896, 0.15810245998019395, 0.071208575500318, 0.7887716644881352, 0.0001127892756908333], [-0.05268057476520205, -0.46605646235097464, 0.4567467389725824, -0.12781316374718027, 0.5268372974883359, -0.33991209495533664, 0.4151331577083968, 0.6041162726615186, 0.00980368592054448, 0.0013772609905135513, -0.07516512382842544]], "inverted": false, "swapped": false, "error_lsq": 0.04450637376206184, "error_max": 0.23694880785064273, "target": "921.xyz", "model": "7.xyz", "model_rescale": 3.7474275329858107, "target_rescale": 3.663898311963674},
{"mapping": [0, 10, 1, 12, 13, 6, 3, 8, 11, 5, 14], "R": [[0.48213129416132383, 0.03332789366736083, 0.8754648289303371], [-0.3406154752551906, -0.9135302979785667, 0.22235892761900056], [0.80717440073816, -0.40540306631658374, -0.4290895484792236]], "T": [0.11634624018241962, -0.01286810017631668, 0.14077194376014324], "aligned_model": [[-0.5259600137018516, -0.05575689086282973, -0.4197037314660666, 0.23304125476094986, 0.6602941664130009, -0.35320844907815124, -0.3277536697574986, 0.35085059613101227, 0.581901343124573, 0.15352672782100357, 0.1227021688574621], [-0.020665789939326402, -0.15003007468745785, -0.4199818671065545, -0.592020134456907, -0.6400257194986722, 0.4875740234181334, 0.5115720840025169, 0.43376753703277393, -0.12445075516206235, 0.6953425257442476, -0.04263749852460244], [-0.006180803347474451, -0.5850589351096448, 0.4750033437233747, -0.03701392058380848, 0.4855991508768879, -0.3019629352853533, 0.34539916627572154, 0.5998303610367354, -0.255823206009392, 0.040388754460105064, 0.1922060180576209]], "inverted": false, "swapped": false, "error_lsq": 0.04444373727394317, "error_max": 0.21079231450491198, "target": "921.xyz", "model": "8.xyz", "model_rescale": 4.019505241142653, "target_rescale": 3.663898311963674},
{"mapping": [11, 8, 5, 4, 3, 9, 6, 2, 0, 1, 12], "R": [[-0.5005260590887457, -0.580130496005681, -0.6425902829776465], [-0.7518554939641628, 0.6592588473971593, -0.009544020351699503], [0.42917010656497745, 0.47835800373023063, -0.7661505334451151]], "T": [0.02099568720029385, 0.13839589248820042, 0.07035713263626359], "aligned_model": [[-0.5810203591017676, -0.2384062238673971, -0.22707776717038655, 0.3467057411363613, 0.43089001887103395, -0.2894338789260712, -0.3538194162842353, 0.37625131905672016, 0.6273471353070956, 0.33259758924681226, -0.004100656026561733], [0.009311376956748635, -0.17992935632408244, -0.3734448202316354, -0.6007721054489511, -0.44441618574968045, 0.3789650622084878, 0.37093904431684854, 0.18211175257536089, -0.02537830481076489, 0.7117824326991065, 0.10927543463065081], [-0.01999435787625542, -0.46584862627455753, 0.4267324476919023, -0.11709500214397309, 0.5507502279925627, -0.48919627901014123, 0.6478509929537366, 0.5413714867994772, -0.09745827711192895, -0.10410613661120727, 0.07938051768515732]], "inverted": false, "swapped": false, "error_lsq": 0.04808682025077893, "error_max": 0.22547283197647872, "target": "921.xyz", "model": "9.xyz", "model_rescale": 3.877068213659057, "target_rescale": 3.663898311963674},
{"mapping": [1, 8, 4, 2, 13, 0, 5, 6, 10, 12, 15], "R": [[-0.2786207606340356, -0.6007682827299203, -0.7492982998842677], [-0.8636891778659779, -0.18446557575412997, 0.4690559192664434], [-0.42001366142174756, 0.7778495496093314, -0.4674811251715493]], "T": [0.13308865830146135, -0.06690848655104231, 0.08779575530220937], "aligned_model": [[-0.7217584152743886, -0.15391072260146751, -0.3000527465899111, 0.15979169710159433, 0.5652266527565598, -0.26139148680120794, -0.4345964870437137, 0.5530562222394603, 0.7564837486689494, 0.16553515167371588, 0.09154988811201244], [0.04930393318031828, -0.2307487153869803, -0.406405596753884, -0.7284690773428903, -0.475033432562094, 0.5013814046991244, 0.39814513081813085, 0.2339825434686511, 0.11762803510776487, 0.6780029869883458, 0.0006571186056025108], [-0.00514381916648507, -0.6094206175580532, 0.48177661178843334, 0.043299796165628096, 0.5820925064097526, -0.3061560821810554, 0.3569688426805797, 0.42453958734448816, -0.19599221650008156, 0.13522293496484064, 0.04519945014672502]], "inverted": true, "swapped": false, "error_lsq": 0.03955020470286628, "error_max": 0.24043079654280752, "target": "921.xyz", "model": "10.xyz", "model_rescale": 4.260839863003843, "target_rescale": 3.663898311963674},
{"mapping": [4, 10, 5, 6, 0, 9, 2, 1, 7, 8, 11], "R": [[0.9426792845067387, -0.23469866666295874, -0.2372178375006665], [-0.025240992581517338, -0.7589845087486253, 0.650619249464007], [-0.332744134216312, -0.6073376748944835, -0.7214030009629844]], "T": [0.02049699040138707, 0.039006811543747556, 0.12446256874236952], "aligned_model": [[-0.7048976571928122, -0.038642870895421996, -0.3548626443036458, 0.2351783549583838, 0.6176915817489986, -0.42792058378570974, -0.26459994906655004, 0.41893247012467716, 0.6425980927912778, 0.21834685571576068, 0.07810985214664565], [0.03899298080409134, -0.14137183439406986, -0.5100789731096323, -0.7583311386492962, -0.4966123131305448, 0.47168642775907804, 0.5278972603268067, 0.3495616030826168, -0.04963160794159912, 0.6643644564418107, 0.041967469632827346], [0.024936372936344403, -0.4732830401395648, 0.24371376569059386, -0.021891247566358324, 0.4801380427398494, -0.3729741508804634, 0.5118422150019056, 0.6422130232001254, -0.061921653440377894, -0.16776448993183177, 0.14737815648455005]], "inverted": false, "swapped": false, "error_lsq": 0.040496805789361975, "error_max": 0.22388935097375917, "target": "921.xyz", "model": "11.xyz", "model_rescale": 3.890672605050136, "target_rescale": 3.663898311963674},
{"mapping": [0, 4, 6, 11, 9, 3, 8, 5, 12, 7, 13], "R": [[0.38011458502596684, -0.35521102280359096, -0.8540128989244624], [-0.30204909285626835, 0.8250270935048429, -0.4775946403464518], [0.8742306604982706, 0.4394945099336033, 0.20631366407240093]], "T": [-0.024565939924039847, -0.1826528756880426, 0.0922884399543886], "aligned_model": [[-0.564467880422193, -0.07120485468978865, -0.27530820113813154, 0.1276456951932837, 0.5318346814669996, -0.442702980817707, -0.35358724638989447, 0.4716292372380626, 0.6424073333355518, 0.3062716523970495, 0.047416066068371114], [-0.040220149927572224, -0.053835231045264303, -0.409862631353553, -0.7069027769657942, -0.39945123247899406, 0.546819519014566, 0.3492736931937509, 0.2610404220824193, 0.06787183554163786, 0.5903079773416557, -0.0665970945807633], [-0.09984004056317325, -0.5949435950114601, 0.5587242761775721, 0.023325964357651052, 0.5915250942875914, -0.28993478854116517, 0.4500455517596994, 0.49465492154760193, -0.12569359730039084, -0.04928195761228904, -0.006194835006864768]], "inverted": true, "swapped": false, "error_lsq": 0.04296784521885899, "error_max": 0.24405855129186127, "target": "921.xyz", "model": "12.xyz", "model_rescale": 4.124412569039231, "target_rescale": 3.663898311963674},
{"mapping": [2, 1, 8, 6, 9, 4, 10, 7, 0, 5, 12], "R": [[0.7396335722760532, 0.6578474962917799, 0.14205228046321966], [-0.6368082057998062, 0.7523740827285179, -0.16854835705058863], [-0.2177555689028317, 0.03420396557503275, 0.9754038142998755]], "T": [0.1956797674320233, -0.013569593365509704, 0.10073272694240393], "aligned_model": [[-0.6578990413553011, -0.16565112682334182, -0.2798873830628335, 0.25902232321738705, 0.35316022502890854, -0.21730099061144031, -0.272879909329893, 0.4191861545593272, 0.4688797048398651, 0.42123747362021835, 0.09206607215870727], [-0.001671809530148921, -0.4125811094185264, -0.5231580187567819, -0.6714354981520643, -0.3638459888549708, 0.4997512645157894, 0.3774626191992585, 0.3104016776380177, 0.17466466826929355, 0.7085648087414765, 0.04029171717074499], [-0.01613118356011141, -0.5100815605643831, 0.27117815215495833, -0.0032527851735895674, 0.6117587773922595, -0.3284814924159252, 0.5156487550095072, 0.588754432395863, -0.37539440979859, 0.06342983771224167, 0.13495847094254226]], "inverted": true, "swapped": false, "error_lsq": 0.04560708648013081, "error_max": 0.28063411553479434, "target": "921.xyz", "model": "13.xyz", "model_rescale": 3.9028299243045295, "target_rescale": 3.663898311963674},
{"mapping": [6, 2, 11, 12, 13, 3, 7, 10, 5, 4, 15], "R": [[-0.8744559340355, 0.39236265845357776, -0.28526893220493255], [0.47682850396769616, 0.8033733382432966, -0.3566873381601183], [0.08922666212534303, -0.4479317176211826, -0.8896042823159671]], "T": [0.021173141043127924, -0.03766948156027818, -0.01083854651311307], "aligned_model": [[-0.6382188871680508, -0.17743757419958314, -0.2712777750745853, 0.29626112459653375, 0.627238387616088, -0.2554799035901951, -0.2869853846042598, 0.3038618210527989, 0.5329836678910148, 0.33546665610057336, -0.046478630378730734], [0.06010814364705499, -0.24149935573832604, -0.5897751844295949, -0.6759985233220029, -0.33085717071027876, 0.44997193759449555, 0.621661604803008, 0.31530670950201584, -0.034017356885976104, 0.5623536802914424, 0.001189846070250862], [-0.017906176214738015, -0.6899239135614129, 0.38350704159332705, 0.02237176376796443, 0.41269096559032187, -0.283525884792656, 0.528558151162176, 0.5814852845003949, -0.02260630960575155, -0.034398374971907245, 0.07213444662705369]], "inverted": true, "swapped": false, "error_lsq": 0.04298621046478606, "error_max": 0.23815386509199257, "target": "921.xyz", "model": "14.xyz", "model_rescale": 3.942246331269136, "target_rescale": 3.663898311963674},
{"mapping": [8, 12, 11, 4, 10, 0, 7, 9, 5, 2, 14], "R": [[0.7614361532190432, -0.24564810492123712, -0.5998933181154719], [-0.4737314493783529, 0.4208200378284637, -0.7736207143244909], [0.4424855912240203, 0.8732511118290405, 0.2040563580202143]], "T": [0.08278522316457351, -0.1247345987752988, 0.03291636091110657], "aligned_model": [[-0.6643879314901586, -0.12623313120659818, -0.3412945115518222, 0.29247719617684614, 0.43258299524017396, -0.2437408646452869, -0.20320829015903116, 0.41872421222268275, 0.5736510682932259, 0.22151774226886248, 0.05984501709270984], [0.056903222756530925, -0.3313778447383172, -0.5764990231918963, -0.6720573255768665, -0.45203823474817717, 0.4710676742928418, 0.5852912588527797, 0.26844920569086744, 0.22382862620684335, 0.6210317032918333, -0.05615493201435037], [0.11998475380001988, -0.7297671610012152, 0.39371590094817727, 0.0443656448765556, 0.5616075416329356, -0.24836259005160166, 0.4137713201349189, 0.6499364559392091, -0.16791679985995878, -0.05213556136922458, -0.03281251095504374]], "inverted": false, "swapped": false, "error_lsq": 0.043973263463093236, "error_max": 0.18350618665273477, "target": "921.xyz", "model": "15.xyz", "model_rescale": 4.355366556412066, "target_rescale": 3.663898311963674},
{"mapping": [0, 1, 5, 9, 7, 2, 4, 3, 10, 6, 11], "R": [[0.3152395064358212, 0.9489740180430022, -0.008506859668515943], [-0.19689800150866688, 0.05663340072271206, -0.9787869200824425], [-0.9283615839660713, 0.31022728926047216, 0.20470417292792653]], "T": [0.06674875941286182, -0.008263854675797419, 0.005500428661759468], "aligned_model": [[-0.6324706960337837, -0.07507226141620701, -0.2064728366275296, 0.09598066314888136, 0.6289052720353494, -0.443110966650729, -0.34191064629325874, 0.29076814755470365, 0.6515949093159148, 0.3943333666829585, 0.057388550525303776], [-0.12961257976373758, -0.2000349888837063, -0.3326987745355307, -0.7440291142358807, -0.4808869072874996, 0.4704058020911526, 0.537739454958308, 0.1397684207943597, 0.037242171001632546, 0.7339621592530923, 0.10658868742989878], [0.02225449177710638, -0.48205253619479876, 0.49114620919500773, -0.08251368305030478, 0.5164491787687303, -0.4545472005832699, 0.3649550254236686, 0.6045987244319893, -0.2249772951206272, 0.13923461399385106, 0.05783946545341975]], "inverted": false, "swapped": false, "error_lsq": 0.04200735641938178, "error_max": 0.19061264489800928, "target": "921.xyz", "model": "16.xyz", "model_rescale": 3.795458400668931, "target_rescale": 3.663898311963674},
{"mapping": [2, 4, 0, 7, 3, 10, 5, 6, 8, 9, 12], "R": [[-0.6170458837529114, -0.5043783783098116, 0.6040337977606494], [-0.5400503951383063, 0.8297137202040858, 0.14114075675032745], [-0.5723634754721405, -0.23911836817497, -0.7843611782506781]], "T": [0.042715311229489066, -0.07001530177397908, 0.029115821282665322], "aligned_model": [[-0.6574984765553851, -0.28625363978662305, -0.16163754826068608, 0.2777512500554623, 0.5326902386129713, -0.326119822613031, -0.19646624194065393, 0.3160514023593647, 0.7040545813700902, 0.28697213894541324, -0.06961037994531888], [-0.00250348421211892, -0.319173137638474, -0.4255178960291785, -0.6628104440142405, -0.4756997103098639, 0.4463980056964373, 0.5595555080851896, 0.15810245998019395, 0.071208575500318, 0.7887716644881352, 0.0001127892756908333], [-0.05268057476520205, -0.46605646235097464, 0.4567467389725824, -0.12781316374718027, 0.5268372974883359, -0.33991209495533664, 0.4151331577083968, 0.6041162726615186, 0.00980368592054448, 0.0013772609905135513, -0.07516512382842544]], "inverted": false, "swapped": false, "error_lsq": 0.04450637376206184, "error_max": 0.23694880785064273, "target": "921.xyz", "model": "17.xyz", "model_rescale": 3.7474275329858107, "target_rescale": 3.663898311963674},
{"mapping": [11, 7, 1, 2, 0, 12, 10, 8, 6, 5, 13], "R": [[0.6542510201816663, -0.7047567578913259, 0.2743601917147538], [-0.6676488904531241, -0.36782416365650894, 0.6472637358195672], [-0.355247183898707, -0.6066492370694101, -0.7111794017652238]], "T": [0.03492499276839028, 0.03297870350940829, 0.10156664851851138], "aligned_model": [[-0.6867422923464028, -0.3620895678577682, -0.23718552633733286, 0.3220343649802609, 0.5712900565312116, -0.20252199351909764, -0.2980197673422177, 0.26922198291975286, 0.727606249361829, 0.20916229096487932, 0.10717770488648876], [0.006810445577445173, -0.22951052902558455, -0.5646553992468484, -0.5762149206363791, -0.4314616832613099, 0.4878892545996836, 0.5832860542608576, 0.3077182282152762, -0.13294628725548777, 0.7319727864487762, -0.04444361885434017], [0.1173214470860843, -0.48229816759075395, 0.3190701230296435, -0.12267442822236846, 0.5440031256447082, -0.44241151512708166, 0.35206410736244415, 0.7232398465808906, -0.19450831777235184, 0.03623233438548046, 0.102348438718077]], "inverted": false, "swapped": false, "error_lsq": 0.050033968211664635, "error_max": 0.25820070847085463, "target": "921.xyz", "model": "18.xyz", "model_rescale": 3.922800546911778, "target_rescale": 3.663898311963674},
{"mapping": [13, 8, 12, 5, 0, 4, 11, 2, 1, 10, 14], "R": [[0.08934628851203727, -0.06506565817239413, 0.993873080858777], [-0.8668122894107688, 0.48640275126010235, 0.10976711025195535], [-0.49056467020728856, -0.8713086845046343, -0.012941431575297674]], "T": [0.03317312828351478, 0.0029486643159635784, 0.09999277543320015], "aligned_model": [[-0.6446309436536591, -0.11628212561339545, -0.39542583474401133, 0.21718536233051172, 0.6115299134163641, -0.27352939850253827, -0.4154683203265956, 0.5586697199982723, 0.7078621214748986, 0.18133563875441644, -0.011312630892659548], [0.038060766908926805, -0.23584205995442578, -0.6078993623775797, -0.7307163331346678, -0.4623427928872071, 0.5321777378904662, 0.5158376945006886, 0.3350858464923295, -0.05174245188489417, 0.7957710791839057, 0.010054206084546694], [-0.005660086038095716, -0.4431764165380049, 0.3485519469454317, -0.002031189508931261, 0.4839848647025279, -0.2869404059285037, 0.3071383910614316, 0.45589611497907057, -0.1996514606384234, 0.10900034098837355, 0.18527489406989603]], "inverted": true, "swapped": false, "error_lsq": 0.041645814651141366, "error_max": 0.21677601834492152, "target": "921.xyz", "model": "19.xyz", "model_rescale": 3.9282355846067225, "target_rescale": 3.663898311963674},
{"mapping": [6, 9, 4, 11, 0, 7, 5, 1, 10, 2, 13], "R": [[0.06265247837371035, 0.8503724845576197, -0.5224378474621957], [-0.8041067485389426, 0.35307891348667564, 0.4782756713499006], [0.5911742584955483, 0.3901306426805888, 0.705911522596047]], "T": [-0.1271041194375461, -0.02641172381780276, 0.00973559392758537], "aligned_model": [[-0.7227792471186766, -0.07638600185344083, -0.22968747269245904, 0.291898981157493, 0.38892705358265933, -0.27843309169221564, -0.2929800145604357, 0.32272372806872307, 0.6894639510875552, 0.3165726991528073, 0.010612917109593833], [0.15512691633996242, -0.40229309168940586, -0.5654073328541146, -0.6055597494874222, -0.3789621361313485, 0.44996980764014616, 0.507136828093361, 0.24011561552434507, 0.073006585343522, 0.6655199460825091, -0.00020905803946563023], [0.20736888679293836, -0.5686809472202988, 0.3233089250869253, -0.039122746002049916, 0.5093524705898715, -0.3620949521841445, 0.42866432583705005, 0.546502658209369, -0.24632481885401086, 0.06539217659653841, 0.08802101524258402]], "inverted": true, "swapped": false, "error_lsq": 0.04075946232866735, "error_max": 0.27572589250674306, "target": "921.xyz", "model": "20.xyz", "model_rescale": 4.067790424073018, "target_rescale": 3.663898311963674},
{"mapping": [2, 0, 8, 7, 1, 3, 6, 13, 9, 11, 14], "R": [[-0.6094338057917283, -0.5549377472012101, -0.5662460005063663], [-0.01873468245998061, 0.7240826477402365, -0.6894587231405607], [0.7926155739268146, -0.40957101456613665, -0.4516770261989554]], "T": [0.010038917198691606, 0.0377994365041917, 0.15950188996114056], "aligned_model": [[-0.6936780381835838, -0.2738785294482787, -0.10935458816470112, 0.2461349238287816, 0.6000813479757781, -0.3067887559101036, -0.4690057378107876, 0.4244593590204862, 0.6983830393781262, 0.21893666337869402, 0.08464381817719255], [0.06470933372120097, -0.3134694038842275, -0.4969614029464997, -0.6251684411897619, -0.4531503170788908, 0.5748286767603158, 0.5374033799279463, 0.32142824714058527, -0.1740165678229176, 0.6439263828008425, 0.05891444339349592], [-0.08087330775734836, -0.3886396198541615, 0.31743837147217957, -0.08828072849319238, 0.449542181331489, -0.41925957844636874, 0.4211677473396958, 0.6472865763284055, -0.13267314189615537, 0.07581132542032704, 0.15086716864990227]], "inverted": true, "swapped": false, "error_lsq": 0.04631342355548163, "error_max": 0.2506787849096452, "target": "921.xyz", "model": "21.xyz", "model_rescale": 4.186013935880536, "target_rescale": 3.663898311963674},
{"mapping": [1, 9, 7, 10, 4, 2, 0, 3, 11, 5, 12], "R": [[-0.5258634602695995, 0.06095770434895703, -0.8483818594440764], [-0.8283620656231168, 0.1897263981072252, 0.5270865034298091], [0.1930904176542347, 0.9799428820812792, -0.049275130323007676]], "T": [0.040072644027509194, 0.025130548314922695, 0.028504281157597525], "aligned_model": [[-0.686957288567734, -0.08639505631782747, -0.30131830574060803, 0.13560262636234982, 0.4634508664792275, -0.2160967467720104, -0.4597036720494655, 0.6551835720966003, 0.6320051248441041, 0.20593174583506713, 0.0782306360719008], [-0.05308152500535166, -0.3293827480846518, -0.507914455504828, -0.8023253264775776, -0.4154805801711326, 0.6132046575343851, 0.4121691750034131, 0.41040337684127604, 0.0063026231443740685, 0.7759670223141918, 0.028582111227990783], [0.007681586090772043, -0.4652335072317475, 0.3995015630884469, -0.02139792705355098, 0.42122410873997707, -0.3433092314372653, 0.378094292951394, 0.5990672036349285, -0.1911031551917734, 0.11379275502594116, 0.0540693054776499]], "inverted": true, "swapped": false, "error_lsq": 0.04581297727548985, "error_max": 0.2935403059492356, "target": "921.xyz", "model": "22.xyz", "model_rescale": 4.166573947596378, "target_rescale": 3.663898311963674},
{"mapping": [14, 5, 12, 6, 2, 10, 9, 3, 0, 8, 15], "R": [[0.4521368749835548, 0.404796768867814, 0.7948030084205034], [0.3461429926206473, 0.7416186047580977, -0.5746188943432639], [-0.8220445699229014, 0.5349218830734354, 0.19519555340591668]], "T": [0.049840399065427754, 0.02667223148952739, 0.14213349422136828], "aligned_model": [[-0.7377047246882271, 0.08219306525448344, -0.38132474196501265, 0.12353525874710475, 0.5014833228062863, -0.39889277983161175, -0.22690889026251654, 0.3378351380007086, 0.6635370928158999, 0.3699948032869225, 0.08618595807756638], [0.03171779612267798, -0.313342151813884, -0.3892834756178937, -0.7282640957729047, -0.3768399256361008, 0.3658481310546362, 0.45345875803575825, 0.18703993396948673, 0.15383170617757788, 0.7684515366691741, -0.014173882366438614], [0.06646987317651584, -0.6157619506380172, 0.4075743089318846, 0.0809138780606004, 0.43540103022854865, -0.3523758347252505, 0.4610570867904587, 0.6448937575307938, -0.3812808721412802, 0.10547616090365186, 0.10001955597686671]], "inverted": true, "swapped": false, "error_lsq": 0.04306975519658445, "error_max": 0.2168157843444342, "target": "921.xyz", "model": "23.xyz", "model_rescale": 4.274766983524099, "target_rescale": 3.663898311963674},
{"mapping": [6, 5, 8, 7, 9, 3, 0, 1, 4, 2, 10], "R": [[0.26632032275209155, -0.9450346835437268, -0.1896916776999727], [0.3187469801095527, -0.09937996880200622, 0.9426155019263966], [-0.909655895578247, -0.3115013141229436, 0.2747600461119067]], "T": [-0.06204316016539053, 0.018871080378902956, 0.12141388325066288], "aligned_model": [[-0.6692109993360587, 0.01608544374229285, -0.3051855378217212, 0.053889569799855576, 0.5789946232374982, -0.19927605023292805, -0.4385365079738961, 0.38703248366070964, 0.5285880728823044, 0.4983566369387556, -0.030804232655208597], [-0.15575431700135434, -0.21761234119949602, -0.5015013074646764, -0.5869524058110448, -0.4341957898590617, 0.41955153418819346, 0.48934563550823873, 0.2548927172951297, 0.07753194228100313, 0.7783979370041599, 0.014740725880997426], [-0.11495075408605329, -0.6558971620730996, 0.5852085467192654, -0.02200850755796044, 0.45527976558062483, -0.2482299880779602, 0.5492874559237657, 0.5308137287970041, -0.246545702492093, -0.07234509651626736, 0.1917747078775467]], "inverted": true, "swapped": false, "error_lsq": 0.04933496423499298, "error_max": 0.2142808784141105, "target": "921.xyz", "model": "24.xyz", "model_rescale": 3.7841303162186577, "target_rescale": 3.663898311963674},
{"mapping": [12, 9, 2, 8, 1, 13, 3, 6, 7, 11, 15], "R": [[0.6012071703673796, 0.1168134606301307, -0.7905090472059517], [0.7492343388883186, 0.2615628471188204, 0.608467568928436], [0.2778449994681078, -0.9580915887443693, 0.0697328032410689]], "T": [0.11798670196769545, -0.060370773666494564, -0.000945294140818051], "aligned_model": [[-0.6301255296650702, -0.22257561003123727, -0.36868342297840134, 0.22280655797697402, 0.4903076912737071, -0.3252248272509779, -0.24042546504594375, 0.3604298423245931, 0.7139180566860637, 0.29073884382099136, 0.12876736513090487], [0.006366548562650683, -0.35867515910886927, -0.5895434078127002, -0.6343398245635712, -0.5121987105100683, 0.5557954962092405, 0.47106388512223973, 0.3605381238148504, 0.17446589356466108, 0.6788064624225091, -0.013834976878852913], [-0.10604584186185582, -0.37131337294609573, 0.22691769250453026, 0.09408159698672668, 0.45760131222878103, -0.1904252812268124, 0.4870299199918671, 0.5339224240456072, -0.11285204231782976, -0.11584211870793228, 0.04931270539778594]], "inverted": false, "swapped": false, "error_lsq": 0.04543813113746634, "error_max": 0.23655315866945398, "target": "921.xyz", "model": "25.xyz", "model_rescale": 4.19342608120988, "target_rescale": 3.663898311963674},
{"mapping": [0, 1, 5, 9, 7, 2, 4, 3, 10, 6, 11], "R": [[0.3152395064358212, 0.9489740180430022, -0.008506859668515943], [-0.19689800150866688, 0.05663340072271206, -0.9787869200824425], [-0.9283615839660713, 0.31022728926047216, 0.20470417292792653]], "T": [0.06674875941286182, -0.008263854675797419, 0.005500428661759468], "aligned_model": [[-0.6324706960337837, -0.07507226141620701, -0.2064728366275296, 0.09598066314888136, 0.6289052720353494, -0.443110966650729, -0.34191064629325874, 0.29076814755470365, 0.6515949093159148, 0.3943333666829585, 0.057388550525303776], [-0.12961257976373758, -0.2000349888837063, -0.3326987745355307, -0.7440291142358807, -0.4808869072874996, 0.4704058020911526, 0.537739454958308, 0.1397684207943597, 0.037242171001632546, 0.7339621592530923, 0.10658868742989878], [0.02225449177710638, -0.48205253619479876, 0.49114620919500773, -0.08251368305030478, 0.5164491787687303, -0.4545472005832699, 0.3649550254236686, 0.6045987244319893, -0.2249772951206272, 0.13923461399385106, 0.05783946545341975]], "inverted": false, "swapped": false, "error_lsq": 0.04200735641938178, "error_max": 0.19061264489800928, "target": "921.xyz", "model": "26.xyz", "model_rescale": 3.795458400668931, "target_rescale": 3.663898311963674},
{"mapping": [5, 8, 10, 11, 4, 6, 7, 3, 9, 0, 12], "R": [[0.827258830928651, 0.2753969165323168, -0.4896931335183838], [0.10771307464154425, -0.9331937847478594, -0.3428516496376106], [-0.5513988757712756, 0.23088070181905182, -0.8016566480268941]], "T": [0.1941607073985036, 0.004150124590379261, -0.06673792949078301], "aligned_model": [[-0.5574060802278307, -0.2241986956867824, -0.16186232082729074, 0.201931383270969, 0.4352742818113774, -0.4039331960905714, -0.2752397408483231, 0.43299258958754405, 0.6223177884805162, 0.27052970758263023, 0.0795277851893654], [0.005867421858052443, -0.25629613943622764, -0.30784168429063324, -0.7108786802418119, -0.514770360796903, 0.3950880582388236, 0.33131341648755414, 0.3268365927782561, -0.028342595624307496, 0.8121767368562892, 0.08529156499299685], [-0.0219620151242267, -0.6032962800090454, 0.4657985885747116, -0.08248647196516636, 0.5427281948474447, -0.47982166715150426, 0.510181040772891, 0.5528662458876046, -0.0665731029480187, 0.11363380270100883, 0.021318658509073038]], "inverted": false, "swapped": false, "error_lsq": 0.043107744878657484, "error_max": 0.2163388878021483, "target": "921.xyz", "model": "27.xyz", "model_rescale": 3.6321398670334006, "target_rescale": 3.663898311963674},
{"mapping": [12, 6, 9, 13, 11, 7, 8, 0, 1, 3, 14], "R": [[-0.7376329943895554, -0.6719862388097069, -0.06581838981836496], [-0.2568711404710091, 0.1891359224280349, 0.9477577855340573], [-0.6244315677326233, 0.7160042581561094, -0.31212676835109515]], "T": [0.08680222304064412, 0.05416284054417741, 0.14804326786988115], "aligned_model": [[-0.7087606332603512, -0.2138344070203333, -0.2421417768480965, 0.30697269242021474, 0.3850876942826762, -0.28670736313393763, -0.2844051967774671, 0.4136745240066778, 0.6038382942950921, 0.3174703960385957, 0.12873927823853318], [0.06709201562902989, -0.42166895531596205, -0.49295456489411715, -0.7043785724955416, -0.3764938923309324, 0.6016752926100368, 0.36166455765444727, 0.2992993096644707, 0.09132926814287765, 0.6959174292118265, 0.01696244294595345], [-0.07650585585536684, -0.3877824088710345, 0.34560477936413536, -0.05839612040410189, 0.5196430424849479, -0.25396181651634836, 0.334261852443976, 0.6197150866043193, -0.2745198088744327, 0.06740009176640235, 0.11692815195227577]], "inverted": false, "swapped": false, "error_lsq": 0.041341514086885016, "error_max": 0.2459494652057905, "target": "921.xyz", "model": "28.xyz", "model_rescale": 4.156811204709835, "target_rescale": 3.663898311963674},
{"mapping": [9, 8, 7, 4, 1, 5, 6, 0, 2, 10], "R": [[0.5200245455989732, -0.7991868594483945, 0.3014545333206877], [-0.5492164395706721, -0.04255998148773549, 0.834595680842573], [-0.6541680017242482, -0.5995740251718513, -0.4610587965317747]], "T": [-0.10803920599841713, -0.07534769403339156, 0.08619249941415365], "aligned_model": [[-0.5064002422296295, 0.12265127607574264, 0.02113317135414955, 0.7204545027287655, -0.11803887079363873, -0.7887536573394994, -0.5379845882052976, -0.4871923731107539, 0.24443394501888813, -0.027377789388138757], [-0.2592236963597096, -0.6063861415167459, 0.18417589468318044, 0.07542142725551945, -0.4739216660544219, -0.18101366445854594, 0.47126679486244705, 0.2580002115601503, 0.45364068076861186, -0.0032395101142818766], [-0.5630858328266394, -0.2904205323378474, -0.6130372456163924, -0.23746545562687094, 0.6116359606136565, 0.18267648194893044, -0.2121289690557926, 0.5107605750470107, 0.3688208414043958, 0.0010309034246487325]], "inverted": false, "swapped": true, "error_lsq": 0.053733934638798456, "error_max": 0.2862634917581921, "target": "921.xyz", "model": "29.xyz", "model_rescale": 4.117894457231895, "target_rescale": 3.663898311963674},
{"mapping": [11, 10, 12, 13, 4, 9, 2, 0, 8, 5, 14], "R": [[0.2656597241302516, -0.953679216222882, -0.14114128920889218], [-0.9572662788881876, -0.2435849252003976, -0.15590912583514593], [0.11430740255382094, 0.17652857207723127, -0.9776356585977072]], "T": [0.09244204479746662, -0.011428331523430917, 0.048834454313768], "aligned_model": [[-0.6323584465111782, -0.06911397414389242, -0.35023455307173657, 0.08020243251802968, 0.4519351838853427, -0.27956559336830056, -0.20877172961279364, 0.37154729940011155, 0.7040232837446448, 0.2562869031233109, 0.09598269627806563], [-0.019383831517201345, -0.3265210886605475, -0.5518912099624612, -0.7988861192649911, -0.556330849588667, 0.3668457028610444, 0.6006441046876854, 0.39596359190950065, 0.27627673468308095, 0.7964707091605122, -0.04474341348586661], [0.03860762061722664, -0.5748138214288193, 0.3646116377671301, -0.004238390403020056, 0.4652165155407376, -0.2803206529945987, 0.5391388984901115, 0.6407926697288855, -0.16325955716247964, -0.07925057210268281, 0.005902646042281558]], "inverted": false, "swapped": false, "error_lsq": 0.04326097815973302, "error_max": 0.22025761831403542, "target": "921.xyz", "model": "30.xyz", "model_rescale": 4.100398675895297, "target_rescale": 3.663898311963674},
