[{"mapping": [12, 10, 0, 1, 5, 11, 8, 3, 9, 6, 2, 7, 13], "R": [[-0.03928186523766294, -0.7803428403053627, -0.6241169655181705], [0.5492374951151953, 0.5049201520338763, -0.6658782276285006], [0.8347425405614811, -0.36894537760249324, 0.4087593415724192]], "T": [-0.10583915714607783, -0.056965956128968716, -0.11214751235579282], "aligned_model": [[-0.1111959727958647, 0.6167004990855337, -0.46293309247376024, -0.6044997765700917, -0.29130647929767683, 0.36237455921710654, 0.517297557622904, -0.4568489203206266, 0.27780136828917945, -0.060265805523586624, -0.2478552385569066, 0.6082014973368398, 0.055868961639087805], [-0.23723519204744364, -0.4521635552154002, 0.4062860690496324, -0.23433182798208493, -0.6296889563644109, -0.56942236750552, -0.13734782135363624, 0.16653300341541652, 0.2948308075989402, 0.16669505437271218, 0.690814797660939, 0.1905946117707937, -0.044144076964061855], [-0.6622330648665539, -0.6928231769833455, -0.6154306504607171, -0.34219761029190443, 0.34610078044716586, -0.03985516772841874, 0.3524152089990571, 0.20414454735557072, -0.6277075535135187, 0.6175408500229099, -0.0029979713956310716, -0.12809089475172236, -0.12717901224910028]], "inverted": true, "swapped": false, "error_lsq": 0.04480396824956248, "error_max": 0.30934449090354676, "target": "923.xyz", "model": "0.xyz", "model_rescale": 3.8414455957264533, "target_rescale": 3.914900893618602},
{"mapping": [0, 1, 13, 7, 2, 4, 5, 9, 11, 6, 8, 10, 14], "R": [[0.01012133680123177, -0.046798671505858036, -0.9988530637118971], [0.6349816898010431, 0.7719547660985913, -0.02973369662657832], [0.7724608806656608, -0.6339524615008261, 0.03752951369623356]], "T": [0.027765753405080678, -0.03426180253432112, -0.12524182087584945], "aligned_model": [[-0.1915958962817147, 0.651290214974487, -0.3815104212658785, -0.5230691361167492, -0.13329258396864888, 0.055433406999185024, 0.43359593437210475, -0.6072315915526328, 0.3230352526531908, 0.006181168233193691, -0.09483500402083478, 0.5538882035371108, 0.11144961008932475], [-0.38010448650840434, -0.30248522818178103, 0.40135067785379763, -0.3574798428066738, -0.5001957404860766, -0.5762759759555893, -0.22192574591976075, 0.15197986057418225, 0.29111904162057933, 0.1095541233997103, 0.7355202543600694, 0.29863123965528815, -0.038267631169464904], [-0.723397882531549, -0.6616850433395743, -0.591698443099339, -0.19641783553735553, 0.423912533605302, -0.16091213911450247, 0.35891403579821024, 0.04089696090816, -0.8554531815111033, 0.6421422152588212, 0.004013881755037335, 0.15893891446559955, -0.15756773207391508]], "inverted": false, "swapped": false, "error_lsq": 0.042227999108118634, "error_max": 0.2793745504500945, "target": "923.xyz", "model": "1.xyz", "model_rescale": 4.316132596720782, "target_rescale": 3.914900893618602},
{"mapping": [1, 8, 11, 4, 6, 5, 9, 3, 10, 0, 7, 12], "R": [[0.30704018003894673, -0.8051699066328055, 0.5073733825247151], [0.8931632901951159, 0.05970738656004407, -0.4457514610609873], [0.3286117236032314, 0.5900308885499888, 0.7374807696933017]], "T": [-0.003441504723300126, 0.07793101365114911, -0.14228816734213678], "aligned_model": [[-0.1566145573747712, 0.43685962441340126, 0.06647973223796785, -0.6171069415305515, -0.4896665224316978, -0.4479946287427918, -0.19073088798068777, -0.05644928906792332, 0.575191097411915, 0.1951692529805782, 0.2538673479200558, 0.028804326796285973], [-0.8129602529964071, -0.47220704501755145, -0.5252054869100123, 0.40651012811969117, -0.15979736702969716, -0.13586705445294656, 0.47745731916705786, 0.64959510249923, 0.15049704181664425, -0.07785290909231125, 0.5202734738600008, -0.0076665222227181445], [0.31819232311929146, 0.10414605291041312, -0.40427452227567506, -0.10251545056653177, -0.5537492753958603, 0.3795161889237457, -0.6875921238967707, 0.45753373778484274, -0.4668327544370886, 0.5425507620882721, -0.08963169745192177, -0.048084779593295796]], "inverted": true, "swapped": true, "error_lsq": 0.045324370788863415, "error_max": 0.2470227407289449, "target": "923.xyz", "model": "2.xyz", "model_rescale": 3.795458400668931, "target_rescale": 3.914900893618602},
{"mapping": [1, 8, 11, 7, 5, 4, 10, 0, 2, 3, 6, 12], "R": [[-0.7571862751830286, -0.4967749652751974, -0.4241268425250606], [0.022587887187484113, -0.6688323703467102, 0.7430700153611414], [-0.6528083424917734, 0.5530622878593585, 0.5176517880978638]], "T": [-0.03692075252021431, 0.12489879476866522, 0.20293701288048785], "aligned_model": [[-0.11114333439157587, -0.08965608367327882, -0.5692702194361734, 0.24900197552767783, 0.27736307636951935, 0.13765015125930735, -0.24921134846470241, 0.4773708977622605, 0.23626067219534547, 0.7687215173115914, -0.534672747355369, 0.0008892686389624441], [-0.12053286562123083, -0.5139811772919245, -0.10916800817018568, 0.034326817613229615, 0.37604603442363793, 0.7999195741974845, -0.33122089207982747, -0.22310770811391478, -0.7106199713898256, 0.27799625150708596, 0.5561485119131266, 0.04996247830205336], [-0.7786157485957674, -0.1795524104691518, -0.11189031232334326, 0.6208991069911445, -0.391846661349632, 0.20475873991512353, 0.6414552449448858, -0.1806184528941546, 0.395163726214118, 0.33292807161252147, 0.03412816427380819, 0.10196196231954777]], "inverted": false, "swapped": true, "error_lsq": 0.0552025169872975, "error_max": 0.26655000218906105, "target": "923.xyz", "model": "3.xyz", "model_rescale": 3.7530521520055578, "target_rescale": 3.914900893618602},
{"mapping": [9, 8, 11, 1, 6, 0, 4, 7, 3, 5, 12], "R": [[-0.8483016206530473, 0.518514338869727, 0.10736498863178576], [0.2841679877413126, 0.2747020318816692, 0.9185789832252509], [0.44680299365656306, 0.809741732941172, -0.3803753551335324]], "T": [-0.19779889956086533, -0.15828744381965337, -0.042541925509890915], "aligned_model": [[-0.4484860286489753, -0.019987194864127145, 0.19791435633300075, 0.6367353600281305, 0.2457286128862437, -0.12812561517591453, -0.0654680332799139, -0.6952511702902919, -0.543748500135185, 0.30047080218789807, -0.14158298659565988], [-0.7848382769988675, 0.29445399800858185, -0.2954855061268728, 0.3444748560999726, -0.6705262671417571, 0.5682548842659703, -0.370755215093028, -0.08529910308860869, 0.3040766682842519, 0.21062348752487509, -0.0477761674201716], [0.14888692201904288, -0.6088059781835826, -0.5542910619700704, -0.32533894546383113, 0.01335555074380844, -0.043591624215867514, 0.6082094554305848, 0.0663678630172436, 0.5540603500897145, 0.319740987794471, -0.08576274201619713]], "inverted": true, "swapped": true, "error_lsq": 0.057453657276088775, "error_max": 0.3347458597748468, "target": "923.xyz", "model": "4.xyz", "model_rescale": 3.7855080009869324, "target_rescale": 3.914900893618602},
{"mapping": [0, 5, 2, 1, 6, 4, 8, 12, 3, 13, 14, 10, 16], "R": [[-0.18066476488036431, -0.8893288834967225, 0.4200647327605538], [-0.969891468230148, 0.23200707584988822, 0.0740490149154705], [-0.16331191807424839, -0.39403915253951227, -0.9044680003631155]], "T": [0.056697753061376324, 0.005059136138698461, -0.04228817159702718], "aligned_model": [[-0.1227328901056292, 0.5028043358770092, -0.26559462279701096, -0.5557222196219537, 0.04352863168525618, -0.0070318443265117575, 0.4903443066539522, -0.5779252357755833, 0.24474749903016002, -0.1479209134401741, -0.21145549077425196, 0.7670760735441216, 0.04322152770275364], [-0.3314915340178642, -0.3121533456724298, 0.39964102675255914, -0.3131504852037064, -0.5195198652594989, -0.7032601423530629, 0.049182044039989006, 0.16409529273807755, 0.25228764389414987, 0.09203560600900479, 0.6249812579187332, 0.15274417913854782, 0.05602886845137711], [-0.7227381506773093, -0.6384998812867032, -0.5772820441244035, -0.3533964372105305, 0.34593922774672514, -0.24532295186640835, 0.5102638255211042, 0.14486531072134878, -0.6635223974678565, 0.6472290028688633, -0.003716170339132921, -0.1094896889647997, -0.05264336033710587]], "inverted": true, "swapped": false, "error_lsq": 0.044065431253017096, "error_max": 0.2634250686732862, "target": "923.xyz", "model": "5.xyz", "model_rescale": 4.2253639853439635, "target_rescale": 3.914900893618602},
{"mapping": [8, 11, 10, 1, 0, 9, 7, 4, 5, 3, 2, 6, 13], "R": [[0.411922871975287, 0.06218447179810449, 0.9090944059946813], [-0.6812524128545332, -0.6415532439368412, 0.3525685538643404], [0.6051567545053992, -0.764553808872408, -0.22190713331298223]], "T": [0.03311519915792468, -0.08823841749866612, -0.16110362577115403], "aligned_model": [[-0.08106324907151774, 0.727019549300477, -0.42836265651935135, -0.6680733443923498, -0.1414326858022875, -0.05395175616726545, 0.48832958727586934, -0.5010315823062208, 0.21078296182805986, 0.12990408054143648, -0.0543142671880183, 0.5353868121570324, 0.04014570799627355], [-0.3391402376313931, -0.11022842622380763, 0.3146589100403079, -0.2995284590251134, -0.5984541838551177, -0.682361829282676, -0.22051992807008308, 0.19924755508476655, 0.33166924862755864, 0.23356170202194648, 0.5764617937599903, 0.2617718337812045, -0.055717432791707336], [-0.8465789602746592, -0.5126245798872622, -0.6440367542378135, -0.21006204388146266, 0.43242443333289105, -0.2707993155037598, 0.4750352575226289, 0.20351993850545438, -0.6002539240596789, 0.463465079989381, -0.1346209974198454, 0.03621342594355606, -0.1099952754456385]], "inverted": false, "swapped": false, "error_lsq": 0.052572185696166625, "error_max": 0.33891095464244597, "target": "923.xyz", "model": "6.xyz", "model_rescale": 3.89814844738969, "target_rescale": 3.914900893618602},
{"mapping": [0, 4, 1, 3, 8, 7, 11, 6, 2, 9, 5, 10, 12], "R": [[0.716610008568513, 0.45848728252807963, 0.5256039453613846], [-0.21679394325052853, 0.8626746885162555, -0.45693847284209793], [-0.6629256985434513, 0.2134989310357291, 0.7175985818389543]], "T": [0.04466172997732797, -0.12202434350866047, -0.16946668997045014], "aligned_model": [[-0.30520456312935085, 0.606446145952633, -0.31942601451268526, -0.6210706939600719, -0.1631962411807954, 0.06719947345633201, 0.5414626425021615, -0.5731467573148026, 0.37470486096485156, 0.04161946235072216, -0.1874381550245623, 0.5548090454808929, 0.1865799520668126], [-0.15908018659972628, -0.2603081248017399, 0.4786197336245252, -0.5791476940566633, -0.4006712539986113, -0.7565472887607085, -0.4264978228920386, 0.05426186592742323, 0.311523871959088, 0.3891502015852067, 0.6064251412445747, 0.3857849761333421, -0.03209287292879602], [-0.6461540391930939, -0.4536702335494266, -0.6400656901296506, -0.18431656445185057, 0.4109105454679912, -0.3372384444868083, 0.392516515196468, 0.04174812111117154, -0.6218551525484093, 0.5630885694403197, -0.03505093356635966, -0.025303329780147238, -0.18292307892641307]], "inverted": false, "swapped": false, "error_lsq": 0.05127745197061176, "error_max": 0.31199907611120753, "target": "923.xyz", "model": "7.xyz", "model_rescale": 3.7474275329858107, "target_rescale": 3.914900893618602},
{"mapping": [7, 9, 6, 10, 12, 11, 4, 0, 5, 1, 3, 8, 14], "R": [[0.7489575205474113, -0.5067908653979384, 0.42687896547462134], [-0.151423442689534, -0.7580874516532559, -0.6343298484620774], [0.6450841599508731, 0.41044662794945874, -0.6445153157104919]], "T": [0.03773319404051408, -0.08436909241823203, 0.004885015195834258], "aligned_model": [[-0.07871368398919315, 0.4987569384563339, -0.4253628974916536, -0.5823225396710465, -0.16528649332909967, 0.08958507095147622, 0.7289304679689167, -0.5178679103260346, 0.2159371533496313, -0.26087198161874264, 0.005960367153413297, 0.6290719176813491, 0.06552274851678805], [-0.216959672559092, -0.3113110961456042, 0.32187454321787334, -0.38651442417022636, -0.5912070642945042, -0.6373087484905926, -0.05095490148894151, 0.2635428772467481, 0.2725217306074355, 0.1733208264214806, 0.6157418621212066, 0.2416305325412052, -0.08295591857111238], [-0.6529428457062879, -0.5575159753059792, -0.5312550942070475, -0.31055506672172684, 0.292184328811525, -0.2744876305539903, 0.3700639661281293, 0.07180221640349702, -0.5900046832764991, 0.6445979780531922, -0.1466724847508549, -0.09130788633883745, 0.05777946204867141]], "inverted": false, "swapped": false, "error_lsq": 0.046517238710758226, "error_max": 0.25757734768231, "target": "923.xyz", "model": "8.xyz", "model_rescale": 4.019505241142653, "target_rescale": 3.914900893618602},
{"mapping": [0, 3, 7, 1, 6, 2, 6, 9, 4, 11, 8, 5, 12], "R": [[-0.8930159035985206, 0.06118900319992572, 0.4458458273972264], [-0.36828990545487633, 0.46997716298478465, -0.8021745519603644], [-0.25862161831555414, -0.8805551499821987, -0.3971617886701478]], "T": [-0.06333155928676665, -0.09013648303313168, -0.07450537720698529], "aligned_model": [[-0.1399724338777471, 0.631926879866503, -0.40032260804340397, -0.6293010718299352, 0.2206769865676536, 0.18896177769311567, 0.2206769865676536, -0.583945142681807, 0.28853742585694503, 0.04039263986430283, -0.17866328302298684, 0.5776867045120166, -0.03331570382017254], [-0.1374592291398372, -0.24612071819655165, 0.4443765070096466, -0.44518792380128536, -0.4617249281992505, -0.5887951323741797, -0.4617249281992505, 0.2807227459828243, 0.3378092356833431, 0.3053082968695896, 0.5752210945298092, 0.07725088020892587, -0.06825535393790746], [-0.718347603310508, -0.5548650642212151, -0.7228238842767174, -0.1741160566076544, 0.481662772966666, -0.26856667105399473, 0.481662772966666, 0.16790953666736486, -0.6914700037207708, 0.39465796380672485, -0.08611652985041444, 0.033206159989465356, -0.06110710877182072]], "inverted": true, "swapped": false, "error_lsq": 0.06098185527622804, "error_max": 0.4297985058995422, "target": "923.xyz", "model": "9.xyz", "model_rescale": 3.877068213659057, "target_rescale": 3.914900893618602},
{"mapping": [4, 13, 7, 5, 12, 6, 10, 0, 2, 11, 8, 9, 15], "R": [[0.15602963372967468, -0.4720498758824492, -0.8676541177667216], [0.8568671876756577, -0.3722811819758209, 0.35663054304349096], [-0.49135870408795346, -0.7991092767738655, 0.3463971531218997]], "T": [0.05266209979714411, -0.09778712942508318, -0.19223604556468676], "aligned_model": [[-0.1892654072454136, 0.6095339562199398, -0.2783135577075647, -0.671459054749465, -0.2584212290974518, 0.28060697019653724, 0.5314310136383442, -0.5462257892137532, 0.37842740202637326, -6.680519406319224e-05, -0.10944840601781688, 0.4704228169557738, -0.013882752159302507], [-0.12592644484643878, -0.41748337570283917, 0.468533786367928, -0.39166178986765704, -0.5211772247550858, -0.6428790210952788, -0.13517892601091214, 0.048635760673525694, 0.26449372195274246, 0.11530966541191305, 0.6348924691003438, 0.3992162751111193, -0.08535434990348419], [-0.8237183810331951, -0.622731738462784, -0.6780573129990174, -0.20901936259015988, 0.33895432085194743, -0.015542693061375512, 0.3298683119609709, 0.31141032768248766, -0.642774512887913, 0.5123664628557215, -0.012726364440980603, -0.07345514230922057, -0.13288763098269027]], "inverted": true, "swapped": false, "error_lsq": 0.04715943844762779, "error_max": 0.30604034937335417, "target": "923.xyz", "model": "10.xyz", "model_rescale": 4.260839863003843, "target_rescale": 3.914900893618602},
{"mapping": [10, 9, 6, 11, 1, 8, 2, 7, 4, 5, 0, 12], "R": [[-0.9555818519183382, 0.14513739665966072, 0.256512105708825], [-0.2505222791773021, 0.058458114203406575, -0.9663442639761419], [-0.15524790472057595, -0.9876830387197291, -0.019501361625106628]], "T": [0.10061341861494608, -0.09253954003393153, -0.027805088812930815], "aligned_model": [[0.31957539306341715, 0.40998293557564314, -0.27973850196666394, -0.46858005447649786, -0.7787506928353586, -0.29406316083584216, 0.3496107987532018, 0.5990335910873823, 0.24543772706892186, -0.20852181542268924, 0.033675234623349606, 0.031237194459266426], [0.0008189539509181609, -0.7063818694622801, -0.6540965431691781, -0.12187695441718924, 0.35107738424523005, 0.4811373382310118, 0.6421557502025685, 0.012461350953979142, -0.5084191916434254, 0.07620667107273135, 0.5830692027350753, 0.01692641283349247], [-0.6513037263869242, -0.16760166778303906, 0.019268715017947937, -0.36315203477505553, 0.21532923441060536, -0.2968255895252704, -0.48375897235848114, -0.09991296728574878, 0.5127514825600125, 0.5979560505463513, 0.24013395116151298, -0.006706398186406108]], "inverted": false, "swapped": true, "error_lsq": 0.047897963118025244, "error_max": 0.24892045286201012, "target": "923.xyz", "model": "11.xyz", "model_rescale": 3.890672605050136, "target_rescale": 3.914900893618602},
{"mapping": [7, 10, 3, 5, 9, 12, 11, 8, 4, 6, 0, 2, 13], "R": [[0.25088562782195806, 0.9651152574954002, -0.07489286682969032], [0.616326374298667, -0.21891702900737325, -0.7564503518106425], [-0.7464570999704148, 0.14362407235617805, -0.6497491236958969]], "T": [0.02215417654958618, 0.04225770044789684, 0.030391061825225357], "aligned_model": [[-0.4127664607905184, 0.7142702262572713, -0.3661715260310598, -0.47503652336966895, -0.02534096897505375, 0.0919869550821168, 0.48985171354978, -0.6651679315525865, 0.34779128490352673, -0.14497370603760767, -0.06396261488581728, 0.7034098736532364, 0.009448835848518805], [-0.2298895893158009, -0.39731133624542087, 0.5563849354624821, -0.5459766965628308, -0.6350437681762788, -0.5329032103490561, -0.08669101353995701, 0.25789289506603374, 0.2845627404726427, 0.1475845729152737, 0.615347282123639, 0.17531215361403077, 0.0021515809711180472], [-0.6505965020600137, -0.32639310284593825, -0.6313789064670359, -0.07802426883555638, 0.4109529461128265, -0.43805899578894447, 0.2899934634706708, 0.013633126567070927, -0.5408407519479852, 0.5717161626100675, -0.08295252800150402, -0.12372357512781998, -0.13264078310204705]], "inverted": false, "swapped": false, "error_lsq": 0.051594437234049724, "error_max": 0.3379705332831602, "target": "923.xyz", "model": "12.xyz", "model_rescale": 4.124412569039231, "target_rescale": 3.914900893618602},
{"mapping": [10, 5, 2, 11, 9, 7, 3, 8, 4, 6, 1, 0, 12], "R": [[-0.36390990349761637, -0.8388611824293115, 0.40482279919694814], [-0.0874557788565693, 0.46347591695570084, 0.8817831712766258], [-0.9273192917657576, 0.2854855355624334, -0.24202673427471635]], "T": [0.14237072670028914, -0.06545665509771752, -0.06513611979702827], "aligned_model": [[-0.21732565418547026, 0.6688894806343749, -0.4517169967884497, -0.7915703329576353, -0.12881235202193167, 0.24714238710687433, 0.5477423118933349, -0.5349407045203463, 0.25828409772876953, -0.07058760873266298, -0.048026601793087265, 0.6510567379683627, 0.07320439332000483], [-0.3655750911783315, -0.29921075994062607, 0.3480502778843831, -0.2552803462531792, -0.4907824799189279, -0.6667811797520423, -0.11220619976815359, 0.08614280625201949, 0.33832314513722955, 0.17272642539925492, 0.7153305167525997, 0.21268054728727448, -0.07199711546562454], [-0.6353616104581561, -0.5569520399307715, -0.5325409837261756, -0.35197043555726526, 0.3275456248197629, -0.20834711707356982, 0.5198781823846456, 0.11697085248785213, -0.7298181634002586, 0.5226822044483788, 0.06518866098276446, -0.09054540911516046, -0.1650434812782558]], "inverted": false, "swapped": false, "error_lsq": 0.04101006459324546, "error_max": 0.2782397502761411, "target": "923.xyz", "model": "13.xyz", "model_rescale": 3.9028299243045295, "target_rescale": 3.914900893618602},
{"mapping": [6, 7, 2, 11, 14, 9, 10, 12, 3, 13, 8, 4, 15], "R": [[-0.30244450106165544, -0.7567072975797936, 0.5795872579405554], [0.5269359512612802, -0.6394356163446753, -0.5598755181451277], [0.7942706258234256, 0.13607409135978454, 0.5921300656229785]], "T": [-0.018241240566639713, 0.10641338484642356, -0.19091743394355382], "aligned_model": [[-0.05633135198108949, 0.6628645961004582, -0.3912515112251655, -0.5251698101329066, -0.10385070243866794, 0.06553861600947515, 0.49674017416540367, -0.5691457241777927, 0.33909858186231995, -0.0932623995666239, -0.2588866917837827, 0.6144588260642626, 0.022536554756247718], [-0.2455311762304232, -0.47081873190193874, 0.548663783740424, -0.4175515986850073, -0.5707462885928078, -0.6538532846235195, -0.20792814646476337, 0.19058252653554134, 0.21105224670484357, 0.07037108761643661, 0.817532111797264, 0.33712995166911675, 0.002518064870709741], [-0.75580010458419, -0.3442989142121574, -0.646359737882412, -0.07116431403291458, 0.372266771701995, -0.31669892458835525, 0.2465024401162509, 0.22580800862664968, -0.6909658367342886, 0.6001098287395463, -0.00951433985214234, -0.11460383514550138, -0.21359475756868904]], "inverted": false, "swapped": false, "error_lsq": 0.045870255190732886, "error_max": 0.34130093097731856, "target": "923.xyz", "model": "14.xyz", "model_rescale": 3.942246331269136, "target_rescale": 3.914900893618602},
{"mapping": [2, 1, 9, 7, 8, 0, 13, 6, 5, 11, 10, 3, 14], "R": [[0.031817485346089365, -0.9994538244179435, 0.008927512677020959], [0.9959498946143402, 0.03245490131860634, 0.0838479981757734], [-0.08409194398951877, 0.00622352285659062, 0.9964385644480636]], "T": [0.1013009184397875, 0.05453188771406822, -0.06129021725523602], "aligned_model": [[-0.11919501106300409, 0.6896977709131168, -0.5126012195378408, -0.6148920617248052, -0.2512347298593451, -0.007691276728381019, 0.5602467134346039, -0.4257710941007511, 0.24890380812100185, -0.12004196072081419, -0.11438456606559577, 0.7490968607498418, 0.12120592423411015], [-0.2797437148895404, -0.27671695123338214, 0.38403328982464047, -0.3318947983271926, -0.5212217302639007, -0.6224221719571854, -0.03801073931695392, 0.049176263143214695, 0.11823715949761898, 0.16932546477980134, 0.7276254708652798, 0.2623834733263494, -0.02935046901287315], [-0.711128108745245, -0.5092910950178403, -0.4646700594958045, -0.3234381518402095, 0.3169521843226154, -0.3269429705917869, 0.6033408578112927, 0.12567448588507146, -0.6752402017766574, 0.6109751984593456, 0.035793850116826315, -0.2930359097410643, -0.10730379480275182]], "inverted": false, "swapped": false, "error_lsq": 0.04670539820744342, "error_max": 0.2774077017644617, "target": "923.xyz", "model": "15.xyz", "model_rescale": 4.355366556412066, "target_rescale": 3.914900893618602},
{"mapping": [1, 8, 11, 4, 6, 5, 9, 3, 10, 0, 7, 12], "R": [[0.30704018003894673, -0.8051699066328055, 0.5073733825247151], [0.8931632901951159, 0.05970738656004407, -0.4457514610609873], [0.3286117236032314, 0.5900308885499888, 0.7374807696933017]], "T": [-0.003441504723300126, 0.07793101365114911, -0.14228816734213678], "aligned_model": [[-0.1566145573747712, 0.43685962441340126, 0.06647973223796785, -0.6171069415305515, -0.4896665224316978, -0.4479946287427918, -0.19073088798068777, -0.05644928906792332, 0.575191097411915, 0.1951692529805782, 0.2538673479200558, 0.028804326796285973], [-0.8129602529964071, -0.47220704501755145, -0.5252054869100123, 0.40651012811969117, -0.15979736702969716, -0.13586705445294656, 0.47745731916705786, 0.64959510249923, 0.15049704181664425, -0.07785290909231125, 0.5202734738600008, -0.0076665222227181445], [0.31819232311929146, 0.10414605291041312, -0.40427452227567506, -0.10251545056653177, -0.5537492753958603, 0.3795161889237457, -0.6875921238967707, 0.45753373778484274, -0.4668327544370886, 0.5425507620882721, -0.08963169745192177, -0.048084779593295796]], "inverted": true, "swapped": true, "error_lsq": 0.045324370788863415, "error_max": 0.2470227407289449, "target": "923.xyz", "model": "16.xyz", "model_rescale": 3.795458400668931, "target_rescale": 3.914900893618602},
{"mapping": [0, 4, 1, 3, 8, 7, 11, 6, 2, 9, 5, 10, 12], "R": [[0.716610008568513, 0.45848728252807963, 0.5256039453613846], [-0.21679394325052853, 0.8626746885162555, -0.45693847284209793], [-0.6629256985434513, 0.2134989310357291, 0.7175985818389543]], "T": [0.04466172997732797, -0.12202434350866047, -0.16946668997045014], "aligned_model": [[-0.30520456312935085, 0.606446145952633, -0.31942601451268526, -0.6210706939600719, -0.1631962411807954, 0.06719947345633201, 0.5414626425021615, -0.5731467573148026, 0.37470486096485156, 0.04161946235072216, -0.1874381550245623, 0.5548090454808929, 0.1865799520668126], [-0.15908018659972628, -0.2603081248017399, 0.4786197336245252, -0.5791476940566633, -0.4006712539986113, -0.7565472887607085, -0.4264978228920386, 0.05426186592742323, 0.311523871959088, 0.3891502015852067, 0.6064251412445747, 0.3857849761333421, -0.03209287292879602], [-0.6461540391930939, -0.4536702335494266, -0.6400656901296506, -0.18431656445185057, 0.4109105454679912, -0.3372384444868083, 0.392516515196468, 0.04174812111117154, -0.6218551525484093, 0.5630885694403197, -0.03505093356635966, -0.025303329780147238, -0.18292307892641307]], "inverted": false, "swapped": false, "error_lsq": 0.05127745197061176, "error_max": 0.31199907611120753, "target": "923.xyz", "model": "17.xyz", "model_rescale": 3.7474275329858107, "target_rescale": 3.914900893618602},
{"mapping": [8, 5, 0, 3, 11, 10, 12, 1, 4, 7, 2, 9, 13], "R": [[-0.017223346396653877, -0.09033430955610788, 0.9957625564641013], [0.9997377548643783, 0.013476904482549762, 0.018514711564063147], [-0.015092310546536397, 0.9958203078681362, 0.09007850242858956]], "T": [0.010160833930237883, -0.00997291623519398, -0.10265928582736511], "aligned_model": [[-0.12656576388610688, 0.5909584138872773, -0.4216820233458232, -0.5178654568193262, -0.2530425627950218, 0.11892073343382274, 0.5984833441390058, -0.6311323693701515, 0.37510174866714135, 0.07787989668147771, -0.17110428685540802, 0.5835708136945698, -0.020183329779319324], [-0.27326828449689367, -0.33382809371294336, 0.4786449016435358, -0.41473372840073663, -0.4674610422608004, -0.6840346236463748, -0.25987115743434974, 0.12606368724500144, 0.2362948952459099, 0.1252857452382671, 0.6633171317014513, 0.3272052460864122, 0.08780586922739678], [-0.7575148712202082, -0.38728523651913815, -0.6260203136580063, -0.23662234984719635, 0.3904585989668479, -0.20390882570459323, 0.2854958588515669, 0.11814716046434581, -0.8065031007464885, 0.6352692371833655, 0.030217315369825998, -0.030298745363876126, -0.12974844319265388]], "inverted": false, "swapped": false, "error_lsq": 0.04578191073734849, "error_max": 0.2897993709258698, "target": "923.xyz", "model": "18.xyz", "model_rescale": 3.922800546911778, "target_rescale": 3.914900893618602},
{"mapping": [13, 4, 7, 12, 5, 8, 1, 3, 11, 0, 9, 10, 14], "R": [[-0.2926514953160982, 0.8425464097787673, 0.45218430938961296], [-0.8607925361407783, -0.43805580724733645, 0.25912027991110836], [0.4164028242142198, -0.31340494109983946, 0.8534553479126061]], "T": [0.10245699860099078, -0.10015405213681074, -0.08855845634497649], "aligned_model": [[-0.05922567831750106, 0.5976297278737741, -0.44594922048174357, -0.6393119344366188, -0.2920922629141546, 0.20105209786945674, 0.490751029689232, -0.41431485621964415, 0.17936862186470628, -0.2452762554246628, 0.07338028312215061, 0.7170567647915724, 0.040270840235570336], [-0.30677074951647315, -0.1769024074416939, 0.3217464405105534, -0.33378972783708805, -0.5553181881349052, -0.7003569231650374, -0.22966475753051335, 0.20664189821882795, 0.25986037764826214, 0.06695179605421338, 0.7129876988557842, 0.38322530068247584, -0.037190211908529766], [-0.72336708827162, -0.6108426675123285, -0.4878849045473797, -0.20606277791160743, 0.3801527657573714, -0.15508795379786586, 0.5282379010903727, 0.1304674291017583, -0.6982451179362186, 0.6527915657241986, -0.11498237211540681, -0.2865791015560146, -0.12691139344146862]], "inverted": true, "swapped": false, "error_lsq": 0.047290540073557055, "error_max": 0.27276941123827825, "target": "923.xyz", "model": "19.xyz", "model_rescale": 3.9282355846067225, "target_rescale": 3.914900893618602},
{"mapping": [11, 8, 10, 0, 3, 4, 6, 1, 9, 5, 2, 7, 13], "R": [[0.3805802491336718, 0.9228307940821422, -0.05951469955461122], [0.9100689332988369, -0.36234119739758075, 0.20120485409851596], [0.16411340778153988, -0.13073707263898304, -0.9777395395626178]], "T": [0.1554409561414241, 0.0017140881479080702, -0.1519158652097996], "aligned_model": [[-0.1748754383319684, 0.6712124775567034, -0.39031843820531337, -0.5522094029269204, -0.19582460644913985, 0.06664058023007637, 0.5498783990443875, -0.5114310553714525, 0.4236798439612454, 0.07186601951438637, -0.24133852219324148, 0.48853975769804214, -0.002480456874667747], [-0.26488520885091704, -0.4693916855067093, 0.5064357582491161, -0.35276865327507567, -0.45786019031234704, -0.6152658986095626, -0.17833703532187128, 0.07629953281061708, 0.044379525322758094, 0.12431816452421496, 0.6580684226084412, 0.5118209124178426, 0.02860690237936876], [-0.7291325192555618, -0.453014963272943, -0.5873892492460633, -0.2692612679340982, 0.32949773685938555, -0.25592564416623675, 0.33680158959461615, 0.1815800538234752, -0.7880387973303522, 0.5304869649955648, 0.14888513805850612, -0.0217851900620476, -0.14101756748045413]], "inverted": false, "swapped": false, "error_lsq": 0.05202122684871292, "error_max": 0.3022304052791884, "target": "923.xyz", "model": "20.xyz", "model_rescale": 4.067790424073018, "target_rescale": 3.914900893618602},
{"mapping": [8, 1, 4, 0, 12, 9, 11, 2, 5, 3, 6, 13, 14], "R": [[0.05787485861477032, 0.4161468492547567, 0.9074537457058952], [-0.8746717426097161, -0.4170413950378162, 0.24703404118662542], [0.481248213939962, -0.8080212093010006, 0.3398556780448806]], "T": [0.0320419560182926, -0.039702664543519735, -0.15585765191368575], "aligned_model": [[-0.1506996855117911, 0.4875536578635127, -0.34337274150857855, -0.5966859287289642, 0.09334223794869691, 0.34390489424741, 0.34750497165269156, -0.6366020083202653, 0.2464728691631429, -0.3496598210217262, -0.03921322666285293, 0.7083002581706799, 0.09249368036018243], [-0.10878973642375522, -0.4481724834478806, 0.52170597015595, -0.3700610631229377, -0.5437153024190133, -0.7514671604466685, 0.0530914792347715, 0.2597005963372897, 0.25198916382759673, 0.03606022217060834, 0.6531922086992469, 0.14003627031900967, -0.08214961844834151], [-0.6915818026432932, -0.7026360328004296, -0.5875481017755793, -0.15110318556702695, 0.41792575948361754, -0.1423406404196823, 0.400833094036391, -0.025493286128830506, -0.6221208625654235, 0.6006532568325491, 0.09389481808478875, -0.17804163581315322, -0.13075509614013653]], "inverted": false, "swapped": false, "error_lsq": 0.04941738929782102, "error_max": 0.26565541002844945, "target": "923.xyz", "model": "21.xyz", "model_rescale": 4.186013935880536, "target_rescale": 3.914900893618602},
{"mapping": [11, 3, 10, 8, 2, 5, 0, 9, 4, 1, 7, 6, 12], "R": [[0.15301285754128374, -0.9822465385651158, -0.10853019351267848], [-0.9594427016209355, -0.17396982548513285, 0.2218202022517182], [-0.23676310467083247, 0.07018715906432624, -0.9690288927421655]], "T": [-0.02053546463431693, -0.033760677989642315, -0.12084532400588027], "aligned_model": [[-0.2026578258347022, 0.6811079948071918, -0.3686342975160719, -0.6203467137922832, -0.16004152825069762, 0.3446321304690893, 0.42296658143041505, -0.6159372232757974, 0.20104206193780727, -0.10390423325321496, 0.10975056878614414, 0.5090618240758319, 0.006299818068425899], [-0.27871954463674004, -0.3511488219533363, 0.6458011064496109, -0.510012988990975, -0.6084991587030384, -0.7129414608680752, -0.0928557328464725, 0.13537005591728624, 0.36794818571991245, 0.2496116548679339, 0.6750254524279875, 0.1309278955939734, -0.039086096542191064], [-0.6738304756271738, -0.6300602851282158, -0.4574792740376077, -0.15368329521400947, 0.32627092471083874, -0.058356382825141495, 0.4462544473167997, -0.07244800080440558, -0.6840056362650304, 0.5483878232023027, 0.016891783209344507, -0.168355686444489, -0.15789965750942114]], "inverted": false, "swapped": false, "error_lsq": 0.04425769552507479, "error_max": 0.2787006292593489, "target": "923.xyz", "model": "22.xyz", "model_rescale": 4.166573947596378, "target_rescale": 3.914900893618602},
{"mapping": [9, 11, 8, 10, 13, 12, 6, 7, 3, 5, 0, 2, 15], "R": [[0.6529920489482374, 0.07262702117764147, -0.753874458915571], [-0.6417850039984556, -0.47545826524651497, -0.6017071103547613], [-0.40213603749612514, 0.8767352814867422, -0.2638595337358077]], "T": [0.06173214509177538, -0.03997684995510686, -0.20463044851018036], "aligned_model": [[-0.11284505947879622, 0.579574912350474, -0.4029682681855129, -0.622327043272543, -0.40956984828356513, 0.41120340902763947, 0.5808026267090651, -0.5336702918033578, 0.35076980440482675, -0.17584012458174447, -0.19810836513459346, 0.6626477033844341, 0.07366970251581087], [-0.2578481951892272, -0.37746118858483, 0.4432349311286737, -0.3164403638538891, -0.4598909987813231, -0.5908835322515613, -0.13251239047337843, 0.16832403971048981, 0.19514970422481573, 0.03131909485269094, 0.6603745285940016, 0.25590111597910703, -0.00784619891969339], [-0.7361415423288264, -0.69456566566028, -0.6570009169792703, -0.07589744807452556, 0.3596032597630217, -0.14336856547186794, 0.3441050440738604, 0.13226170805342008, -0.6764348433968459, 0.5888040391052001, 0.1251370736136304, -0.14008619806487824, -0.1447296600488469]], "inverted": false, "swapped": false, "error_lsq": 0.044042295511707845, "error_max": 0.30929113220154286, "target": "923.xyz", "model": "23.xyz", "model_rescale": 4.274766983524099, "target_rescale": 3.914900893618602},
{"mapping": [6, 11, 1, 5, 0, 3, 4, 7, 9, 10, 12], "R": [[0.23760272515355269, 0.5963451560774418, 0.7667577191150914], [0.28743646805934797, 0.7108473726197577, -0.6419316861389186], [-0.9278605616304494, 0.3729188486287055, -0.0025120725045030424]], "T": [0.030503285457435234, 0.12575808477232214, 0.09729647824015825], "aligned_model": [[0.4089028757361595, 0.23588767559916313, -0.5143546841844927, -0.5170732843455826, -0.6622202963531938, -0.5138157992787024, 0.010633903163716416, 0.024326720576806057, 0.6074399026546662, 0.37089207805204055, -0.07072438766250565], [-0.11219066024616692, 0.5460046513779113, 0.5045355901640618, -0.13021581810782573, 0.3500630940133733, -0.27604120394262305, -0.5651174619426964, 0.07308682172350801, -0.23769060526503227, 0.5649920423704315, 0.1981600810985416], [-0.41497682683095954, -0.370153565508951, -0.6700684346076609, -0.29032981274853414, 0.14770009871788303, 0.5786176175328028, 0.005494744079148989, 0.6089946213564656, 0.26192993887744453, 0.4669175085926088, 0.055440544561329484]], "inverted": false, "swapped": true, "error_lsq": 0.04851716675406108, "error_max": 0.23696454124086902, "target": "923.xyz", "model": "24.xyz", "model_rescale": 3.7841303162186577, "target_rescale": 3.914900893618602},
{"mapping": [14, 2, 10, 13, 3, 12, 4, 11, 9, 6, 7, 8, 15], "R": [[-0.5929649728716152, -0.6769089639989465, -0.4361041107410452], [0.33481553537604836, 0.28528698660101687, -0.8980589582800016], [0.7323189866569179, -0.6785319371510706, 0.05747444691165671]], "T": [0.10101416915254971, 0.10161796746114045, -0.12781144234575786], "aligned_model": [[-0.25973512965976675, 0.7177291668815278, -0.3039821248076654, -0.49097998316564273, -0.11640886930095912, 0.06213485285034312, 0.5269606958444734, -0.6221803420800436, 0.2285285992787269, -0.05171922297893683, -0.21207068238212842, 0.6435036227996997, 0.08155857437250955], [-0.1806928047336776, -0.2964889961827682, 0.5411097878847801, -0.4071346778393549, -0.47288854851420864, -0.5942205345119721, -0.18460981466415533, 0.12936988330587174, -0.06417018977893872, 0.10767557161240669, 0.6397953980421796, 0.30436653946655307, 0.08930893234916017], [-0.7754683990904139, -0.3009197465994706, -0.6258877888393501, -0.17990430934167134, 0.39340959817799276, -0.4269252741286151, 0.4138042479707949, 0.12840545649716312, -0.6740669371049948, 0.5783487863580294, 0.059667860653156324, -0.24636941495935155, -0.06240779500947782]], "inverted": false, "swapped": false, "error_lsq": 0.05139456393843656, "error_max": 0.3618932038585638, "target": "923.xyz", "model": "25.xyz", "model_rescale": 4.19342608120988, "target_rescale": 3.914900893618602},
{"mapping": [1, 8, 11, 4, 6, 5, 9, 3, 10, 0, 7, 12], "R": [[0.30704018003894673, -0.8051699066328055, 0.5073733825247151], [0.8931632901951159, 0.05970738656004407, -0.4457514610609873], [0.3286117236032314, 0.5900308885499888, 0.7374807696933017]], "T": [-0.003441504723300126, 0.07793101365114911, -0.14228816734213678], "aligned_model": [[-0.1566145573747712, 0.43685962441340126, 0.06647973223796785, -0.6171069415305515, -0.4896665224316978, -0.4479946287427918, -0.19073088798068777, -0.05644928906792332, 0.575191097411915, 0.1951692529805782, 0.2538673479200558, 0.028804326796285973], [-0.8129602529964071, -0.47220704501755145, -0.5252054869100123, 0.40651012811969117, -0.15979736702969716, -0.13586705445294656, 0.47745731916705786, 0.64959510249923, 0.15049704181664425, -0.07785290909231125, 0.5202734738600008, -0.0076665222227181445], [0.31819232311929146, 0.10414605291041312, -0.40427452227567506, -0.10251545056653177, -0.5537492753958603, 0.3795161889237457, -0.6875921238967707, 0.45753373778484274, -0.4668327544370886, 0.5425507620882721, -0.08963169745192177, -0.048084779593295796]], "inverted": true, "swapped": true, "error_lsq": 0.045324370788863415, "error_max": 0.2470227407289449, "target": "923.xyz", "model": "26.xyz", "model_rescale": 3.795458400668931, "target_rescale": 3.914900893618602},
{"mapping": [9, 8, 2, 4, 10, 11, 5, 3, 1, 7, 0, 6, 12], "R": [[0.18954446293552782, 0.3611523915861864, -0.9130398932259532], [-0.2511000618689655, 0.9168042263297504, 0.3105137187199774], [0.9492216050532584, 0.1704082176289788, 0.2644605525681109]], "T": [0.0220032990193911, -0.08361016455925353, -0.25303457875263036], "aligned_model": [[-0.2793835920941942, 0.696728039318837, -0.3939377896058222, -0.5826590125851892, -0.10722826011653872, 0.025178155179118724, 0.5188131283425844, -0.5852545795882508, 0.34682868684017887, -0.056746634359758574, -0.15703720780907443, 0.7377073135543423, 0.04033091057590467], [-0.06982459519421347, -0.3317947650961745, 0.5421772112165437, -0.632664604282263, -0.48428403756254673, -0.7883910643293573, -0.16708332234249706, 0.19846679410636897, 0.25195924150041127, 0.13122395541741755, 0.705518866508369, 0.28068432826797884, -0.02456746177416095], [-0.5585672121284742, -0.3709440312589776, -0.7115300367586129, -0.07474859000970491, 0.3218098176931117, -0.37488857064843206, 0.3064944136130805, 0.058007246580806304, -0.6166756266213599, 0.526614603582633, -0.062003007189720266, -0.06265536310614811, -0.09922735916441]], "inverted": true, "swapped": false, "error_lsq": 0.046507923091918174, "error_max": 0.2882753938192009, "target": "923.xyz", "model": "27.xyz", "model_rescale": 3.6321398670334006, "target_rescale": 3.914900893618602},
{"mapping": [9, 13, 10, 12, 7, 6, 1, 8, 11, 3, 0, 2, 14], "R": [[0.2813104699098546, 0.8929056281752895, 0.3515451019314427], [0.9519217382350517, -0.3059554245770999, 0.0153714816268401], [0.121282413377433, 0.33031926577894033, -0.9360447419117353]], "T": [-0.009953309954345055, -0.021219602423140943, -0.07756383924532015], "aligned_model": [[-0.11796847024838279, 0.5720216323932764, -0.388742169962968, -0.5968777748544448, -0.41324921722766117, 0.13448079903000237, 0.5531162761833723, -0.5163753556436542, 0.29139382770395716, -0.06562909357278097, -0.010735160184504936, 0.7100200907982626, 0.051883773237663494], [-0.18070847603230483, -0.29891373881382355, 0.47936758573994065, -0.5970992351709646, -0.37843653094282814, -0.7462168931858483, -0.09902617100677345, 0.034956787718609675, 0.30732065799119346, 0.2122785242325323, 0.5979380064948568, 0.31648015802917906, -0.036520128617892535], [-0.717460850929046, -0.5782318580040235, -0.5364789725509823, -0.16354088239006107, 0.4797833247013621, -0.31719929924529217, 0.2748080881243906, 0.008520657762330658, -0.5399241276901028, 0.5658170059226231, 0.000249644477050448, -0.10982585610084289, -0.08483058949361491]], "inverted": true, "swapped": false, "error_lsq": 0.04401504609023537, "error_max": 0.33901673658847126, "target": "923.xyz", "model": "28.xyz", "model_rescale": 4.156811204709835, "target_rescale": 3.914900893618602},
