[{"mapping": [2, 9, 4, 5, 0, 10, 7, 8, 1, 12, 3, 13], "R": [[0.2687205100881518, 0.9226817503528273, 0.2764917268632229], [0.8763902663641556, -0.11510388930701815, -0.46764430466815576], [-0.399661592450574, 0.36798027424339097, -0.8395600808087714]], "T": [-0.11662730500793747, 0.1508584116388225, 0.1296191641088446], "aligned_model": [[-0.5656175752657238, 0.07720850944538268, 0.10457959156349902, -0.03680714473064431, -0.6395856292848962, 0.7038075374916253, 0.42189979574030834, 0.48209193143222184, -0.4915374668754795, -0.0457631467456551, -0.5286189817082864, 0.02386403294120218], [-0.4127819843166287, 0.05970423286973736, -0.7743397208219038, 0.36889798716371247, 0.22789754037029505, 0.5287313233227662, -0.26966916642356376, -0.27726231884382546, 0.5884097806354803, 0.6057785968397821, -0.07579580506173311, 0.09404603459699143], [-0.13866331141038551, -0.5709961115541817, 0.03753142762075928, 0.849680790610237, -0.4325124915505372, -0.3170660230978077, -0.19370667823002824, 0.3919682591524845, 0.16179498485324748, -0.22130205802528186, 0.35785375872417735, 0.06983287779235982]], "inverted": false, "swapped": false, "error_lsq": 0.04746796885365703, "error_max": 0.3281423547399894, "target": "925.xyz", "model": "0.xyz", "model_rescale": 3.8414455957264533, "target_rescale": 3.7028779404580607},
{"mapping": [9, 13, 7, 5, 8, 1, 0, 4, 10, 12, 6, 14], "R": [[-0.9555369522511875, -0.11057942511752444, -0.27335201411950466], [0.22152639420000303, 0.34263083169351083, -0.9129787346076349], [0.1946154915602993, -0.9329396035723273, -0.3029001593447125]], "T": [-0.004078968525156934, 0.01990062462930709, 0.04773230578447871], "aligned_model": [[-0.41467587385421895, -0.09555414078849046, 0.11735096145397331, -0.0951266670442537, -0.6511907642162309, 0.710678097181412, 0.5792759636446687, 0.3982736156971689, -0.28323781677051757, -0.17459348481784892, -0.6287377770059646, 0.043059340523856605], [-0.4832517982345773, -0.12188596023263465, -0.608835782458167, 0.26435988223738954, 0.23218389825611133, 0.5070632692904745, -0.2785621077911328, -0.1867001808529626, 0.6135084357076199, 0.6287864103120572, 0.0010242715830526203, 0.09592616251387912], [-0.1614506301683414, -0.6914401083733487, -0.006122170752939221, 0.6529370421725662, -0.3528729027642026, 0.03062131989778144, -0.2623231569579634, 0.34980140382644065, 0.242876879071895, -0.3794356279301698, 0.5162109393064928, 0.05561243755683222]], "inverted": false, "swapped": false, "error_lsq": 0.040915709183966364, "error_max": 0.19211469554145827, "target": "925.xyz", "model": "1.xyz", "model_rescale": 4.316132596720782, "target_rescale": 3.7028779404580607},
{"mapping": [9, 7, 1, 2, 5, 6, 10, 8, 4, 3, 0, 11], "R": [[-0.49434807476619846, -0.6167085425967711, 0.6126096264858396], [0.82586515609507, -0.11331247302565778, 0.5523649404197148], [-0.2712318656113596, 0.7789934896679025, 0.5653338996840762]], "T": [-0.05341040664930815, 0.002150212803124933, -0.016491462238821364], "aligned_model": [[-0.39226019879834584, -0.08858583024236541, -0.0706533552910488, 0.004036797614515343, -0.6224681629141033, 0.5372298602781309, 0.49808217755567935, 0.5549163711681556, -0.20634536808887902, -0.04215965148142077, -0.6470044793068948, -0.01926670648986903], [-0.5849570743029883, -0.06459067335471824, -0.4487572745271461, 0.10049605794913385, 0.14687937801578332, 0.5724835608041713, -0.21092929798701146, -0.18366403593751202, 0.6977507219884543, 0.48667289338357345, 0.03113731513271225, 0.12109492916665754], [-0.31721950718885, -0.9079898994049623, 0.2851413973710809, 0.8128174761006793, -0.2829246071152095, 0.02777941127086825, -0.23486923179797387, 0.41064752236462854, 0.27860269278179306, -0.4593550996605454, 0.3717351254529016, 0.010050144710632584]], "inverted": true, "swapped": false, "error_lsq": 0.053789577806169914, "error_max": 0.29555691051787947, "target": "925.xyz", "model": "2.xyz", "model_rescale": 3.795458400668931, "target_rescale": 3.7028779404580607},
{"mapping": [3, 8, 6, 10, 9, 0, 1, 2, 4, 7, 5, 11], "R": [[0.5802174680850931, 0.6155941893593282, 0.5332836803765477], [-0.45159869254120566, -0.30173582959258305, 0.8396511835489482], [0.6777951833880187, -0.7280104966050336, 0.10292913197387235]], "T": [0.022489682246530564, 0.07901078510354911, 0.03375064837409167], "aligned_model": [[-0.5384741677733553, -0.0845324867633925, 0.024029389307400097, 0.004397342465377298, -0.7374328207970308, 0.5557108510292144, 0.5586309036658584, 0.481706519576599, -0.1728798911137341, -0.04417233175552431, -0.6019790830876742, 0.06051722924981683], [-0.4574428265862621, -0.34820551523969134, -0.5028399399618446, 0.17620559427805974, 0.1552676904361273, 0.646785058528733, -0.05789190541055014, -0.35867867424319255, 0.6221546334728855, 0.5755168351054802, 0.003766065556800924, 0.20897948439456412], [-0.15227920678844262, -0.6116913901489511, -0.059756889631922716, 0.7612371236510805, -0.3800818256590369, 0.10801708611196888, -0.2663811326565809, 0.4641843191112971, 0.3126417079424687, -0.5427389133845248, 0.3471220077091932, 0.014142538628494107]], "inverted": true, "swapped": false, "error_lsq": 0.052768045043245594, "error_max": 0.3248384651090406, "target": "925.xyz", "model": "3.xyz", "model_rescale": 3.7530521520055578, "target_rescale": 3.7028779404580607},
{"mapping": [5, 8, 3, 10, 7, 4, 6, 9, 1, 2, 11], "R": [[-0.16262767180676047, -0.6750552828185681, 0.7196197645294743], [-0.9227617913175767, -0.154191961895149, -0.35317915478026485], [0.3493750375271393, -0.7214743266573443, -0.5978393422377304]], "T": [-0.01161101078597087, -0.023806600014607566, 0.09670124244845399], "aligned_model": [[-0.5949782669482129, -0.15652829531419196, 0.3242801357773824, 0.414306649082824, 0.38212811269824437, -0.27710597070548443, -0.14239030550242204, -0.6547075513642024, -0.41683848612898117, 0.44517379674810165, 0.014859784102147645], [-0.6926417406558073, 0.12710384720398002, -0.3144179949225212, 0.33511731304037956, -0.595169298212429, 0.6914901971973578, -0.4136273732532837, 0.06421583355134843, 0.27029209707810575, 0.08241827703176759, -0.08757779974455157], [0.0549415995976196, -0.6582108457962705, -0.5867764368944389, -0.2501486185933768, 0.1430276994913446, -0.13395538437735743, 0.5062873177091493, -0.1455534165065155, 0.6946585630332994, 0.5048566827821027, -0.03629638320023995]], "inverted": false, "swapped": true, "error_lsq": 0.04750277796541466, "error_max": 0.25782554673196284, "target": "925.xyz", "model": "4.xyz", "model_rescale": 3.7855080009869324, "target_rescale": 3.7028779404580607},
{"mapping": [10, 5, 9, 13, 7, 1, 2, 14, 6, 4, 8, 16], "R": [[-0.09968817950735914, 0.9895159392480108, 0.10450106621769716], [0.8522863033027046, 0.13911468267729, -0.5042372083317603], [-0.5134883874725101, 0.03879833807940612, -0.8572189713796337]], "T": [0.0166072231288178, 0.06526908747553178, 0.06100546313999947], "aligned_model": [[-0.48376483967560957, -0.1751865128148391, 0.160793095832676, -0.10973904680549662, -0.5961166443032506, 0.5569887079724415, 0.6625191315123357, 0.4249792255734802, -0.3295752913813907, -0.07278425907179897, -0.5820958129180128, 0.04950370008301935], [-0.42290632687562374, -0.04552635632916491, -0.6302061561096077, 0.2737902566227605, 0.2646046295401, 0.5481758835721956, -0.24533602687207157, -0.3089409600166314, 0.6097408637495414, 0.6323583176817309, -0.03889884355919887, 0.026761218927079777], [-0.14460785759142664, -0.7174820300827229, 0.011622886031670311, 0.7432247687643392, -0.32136121404934753, -0.15783881051418028, -0.11818147033497767, 0.44945950998224665, 0.15992573181824632, -0.4052774464325745, 0.41598939339018864, 0.07894196390358166]], "inverted": true, "swapped": false, "error_lsq": 0.041467462262800674, "error_max": 0.24088556054520924, "target": "925.xyz", "model": "5.xyz", "model_rescale": 4.2253639853439635, "target_rescale": 3.7028779404580607},
{"mapping": [10, 8, 1, 3, 5, 12, 9, 0, 6, 11, 2, 13], "R": [[0.8926145869367839, 0.3497448679590867, -0.28446041292938506], [0.3468190522683506, -0.12961146057299655, 0.9289334821567248], [0.288020388464703, -0.9278358672871059, -0.23699126398292836]], "T": [-0.026591875353975312, 0.006383509747713484, 0.04014317005472231], "aligned_model": [[-0.6249948990522447, -0.03774635622271565, 0.06230716369199732, -0.10430254642046033, -0.5425320198382493, 0.5900229595767413, 0.4793492954514461, 0.625847920958805, -0.22107687920690497, -0.03336760384118065, -0.6491461564540613, -0.038839424639618536], [-0.4249385578241509, -0.21967903744189124, -0.7221667083951673, 0.22151734428431843, 0.2084401003519959, 0.6975854838582217, -0.19377285654085147, -0.1924911307684575, 0.5795850125821739, 0.6459332819659787, 0.03940780329827487, 0.02419576496066513], [-0.21360388833894647, -0.6631605892935324, 0.0359811442342674, 0.7114761407468486, -0.2659943283893674, -0.07548442525942942, -0.23654688795889764, 0.4618466664517775, 0.2577060082136121, -0.4031219505810226, 0.2881495714976573, 0.09716796356207655]], "inverted": false, "swapped": false, "error_lsq": 0.042139110247748836, "error_max": 0.2180170913227171, "target": "925.xyz", "model": "6.xyz", "model_rescale": 3.89814844738969, "target_rescale": 3.7028779404580607},
{"mapping": [4, 7, 2, 5, 11, 3, 0, 1, 9, 8, 10, 12], "R": [[-0.2553922655130719, -0.57553487791941, -0.7768747614734246], [-0.9058092554167738, -0.13852293576893893, 0.400401035297443], [-0.33805973365281217, 0.80595967676072, -0.4859471328430136]], "T": [-0.0050808809057794405, 0.05483424373983851, -0.0833008275251742], "aligned_model": [[-0.3283741621204006, 0.11604766473976971, -0.09349477994712099, 0.06196756458292526, -0.6909293442938907, 0.611236457148119, 0.5409373117514582, 0.49505179815965245, -0.42089114002327305, -0.09991586211868816, -0.5587913341169612, -0.12732271975803558], [-0.45652154423661445, -0.033158159595204344, -0.5451531362568663, 0.2094710590048759, 0.3199702148806425, 0.4248946845120322, -0.17465281425505497, -0.22993631029056041, 0.6308400680803308, 0.6868758297950922, -0.13149133166993973, -0.037522059637623166], [-0.3057699283206293, -0.7227223566677838, 0.2824121348127273, 0.6744382867793882, -0.4219085227986266, -0.45152649971487574, -0.0977994815482516, 0.5360291708778532, 0.45823864266429093, -0.3051488208671026, 0.361211463649107, -0.013038663981053605]], "inverted": false, "swapped": false, "error_lsq": 0.05256770695163954, "error_max": 0.3219743596964703, "target": "925.xyz", "model": "7.xyz", "model_rescale": 3.7474275329858107, "target_rescale": 3.7028779404580607},
{"mapping": [0, 1, 10, 9, 3, 13, 12, 11, 8, 2, 5, 14], "R": [[-0.4816079562458775, -0.8058434237676775, -0.34448534490026794], [-0.85330904944851, 0.5207912554911027, -0.025300876136636563], [0.19979349991916523, 0.28176735895839405, -0.9384506981273242]], "T": [-0.02216337482543766, 0.017843742862228514, 0.01044843369475891], "aligned_model": [[-0.3632404353362492, -0.016058418981381394, 0.05656691450346693, -0.00744986244411595, -0.7206255718395982, 0.7697524624277444, 0.5355014669474306, 0.3647595782646131, -0.2979137355833183, -0.24128222668881785, -0.575995754355063, 0.0015070370888435117], [-0.38161884917306266, 0.01423531749716888, -0.7252421293214171, 0.20231745798885636, 0.11496042428810824, 0.4311808452625271, -0.2021111970295367, -0.1622650240306062, 0.6087559687412607, 0.6237122736433969, 0.07915325687268823, 0.06053815559172634], [-0.3874325962434781, -0.7410510864849812, 0.14040337893163674, 0.7494297602986069, -0.11937239096595774, -0.09021722668396932, -0.13540206327733723, 0.4624787601666494, 0.21043542253431002, -0.5313077365672777, 0.46048432437264897, -0.024033121195807527]], "inverted": true, "swapped": false, "error_lsq": 0.04909872377064203, "error_max": 0.2577359789778534, "target": "925.xyz", "model": "8.xyz", "model_rescale": 4.019505241142653, "target_rescale": 3.7028779404580607},
{"mapping": [4, 7, 3, 6, 8, 1, 0, 2, 11, 9, 5, 12], "R": [[-0.8066088113276745, 0.15272746468703752, -0.5710136136895736], [-0.3486676359414753, 0.6571332147529232, 0.6682864787764834], [0.47729771121967346, 0.738139729047799, -0.47679831718002436]], "T": [0.03502180356619899, 0.16803003674413636, 0.07962918757901581], "aligned_model": [[-0.3003610379957732, -0.05178593976482503, -0.0217524469150659, 0.04000707035714043, -0.45687514159777376, 0.6274645814822205, 0.30429924016091825, 0.385896925181432, -0.482421312081587, -0.09725385465439346, -0.4403335689991953, -0.0013630611695429687], [-0.48334460374637017, -0.04901566237478894, -0.6611130804510617, 0.36612088751710664, 0.2999476747565983, 0.4254566219347418, -0.27225090262476687, -0.19142621394379572, 0.493437784478365, 0.7255899778128332, -0.15058326624278923, 0.16079728321503764], [-0.3087315964283311, -0.7949790505867631, 0.29816793341573844, 0.7787693737519759, -0.3639607846990625, -0.11797751853899009, -0.31570413335472847, 0.39211921156302726, 0.1962994227559362, -0.29315778079330124, 0.4304105326858132, 0.0931598151137288]], "inverted": false, "swapped": false, "error_lsq": 0.0519273916114204, "error_max": 0.27757900849329664, "target": "925.xyz", "model": "9.xyz", "model_rescale": 3.877068213659057, "target_rescale": 3.7028779404580607},
{"mapping": [4, 13, 3, 0, 7, 10, 6, 12, 8, 9, 1, 15], "R": [[-0.7519851859213725, -0.534178707234117, -0.38622712086606065], [0.518496143841734, -0.8411296206787578, 0.15382688333987943], [-0.40703811735026846, -0.08458173534810323, 0.9094866140133414]], "T": [0.009702368063261177, 0.05925481632042401, -0.07788234796266512], "aligned_model": [[-0.5059806435061764, 0.1726183562705208, 0.04597112879570872, -0.023433137308209687, -0.7980219580989619, 0.6024348486209056, 0.5518071989059276, 0.46239764770187014, -0.3748598523465603, -0.005140534201960034, -0.6327735375946094, 0.01050193676509955], [-0.3441642194670156, -0.21121453266070295, -0.5740449827579448, 0.20893394681651922, 0.17658563750600653, 0.43955205550137855, -0.2218228111322838, -0.14180362462925628, 0.6830398223319443, 0.6627801049877124, -0.08858837216660109, 0.07436347600135325], [-0.24938976147000802, -0.7835332588327983, -0.05845854271098151, 0.7033117583972717, -0.08795512029742601, -0.16304687005492885, -0.1640350893435915, 0.481436615446708, 0.1636276947203949, -0.3446823069039367, 0.48627517655555275, 0.010865129378786836]], "inverted": true, "swapped": false, "error_lsq": 0.039739000389915645, "error_max": 0.24701574016033945, "target": "925.xyz", "model": "10.xyz", "model_rescale": 4.260839863003843, "target_rescale": 3.7028779404580607},
{"mapping": [6, 0, 7, 9, 5, 2, 1, 8, 4, 3, 10, 11], "R": [[-0.18596944889327643, 0.9713399804991305, -0.1480338014180539], [0.9823270637324255, 0.1870527242218566, -0.006694641141474639], [0.02118735323635565, -0.14666260820376414, -0.9889596429671471]], "T": [-0.020591239984833185, 0.054904612591059124, 0.03722006723650498], "aligned_model": [[-0.6640806707911328, -0.09484203521038848, 0.05646077241527998, -0.03660567035608195, -0.5636606746379538, 0.4428507285061237, 0.6016098708120283, 0.44747562153444714, -0.3295942923856457, 0.07685802668207983, -0.44367739575480025, 0.012727173189598456], [-0.3350090265768064, -0.40954978387853813, -0.5912140909276122, 0.3085121073760817, 0.34460277508605325, 0.5592632574091282, -0.01850115812735563, -0.14023022370664318, 0.6525807523803264, 0.4627810518699071, -0.18410045166658118, 0.01448129109314994], [-0.3331095711745784, -0.7035924613180968, -0.0415151703048222, 0.792971374060357, -0.24163736235872993, 0.0718758803124771, -0.32435705273885906, 0.5455990753291904, 0.32601619625280964, -0.5354696586361143, 0.4337153081880113, 0.003918867273398241]], "inverted": true, "swapped": false, "error_lsq": 0.05467327593559535, "error_max": 0.344947902442496, "target": "925.xyz", "model": "11.xyz", "model_rescale": 3.890672605050136, "target_rescale": 3.7028779404580607},
{"mapping": [3, 8, 7, 10, 0, 9, 5, 12, 2, 6, 4, 13], "R": [[0.8410369262707248, 0.022840649373549793, -0.5404953222603189], [0.4227557889155096, -0.6511406696774323, 0.6303121220716368], [-0.3375417479179673, -0.7586132961056111, -0.5572893641406266]], "T": [-0.061916741717571194, 0.24837184823158268, -0.09026244791764998], "aligned_model": [[-0.6107152022089591, -0.07735705793544648, 0.12188795552709622, 0.05662583928231807, -0.5978512570189602, 0.6797086942895729, 0.586921319007911, 0.3213597658998796, -0.4130872919120453, 0.03462470151776695, -0.5305791450300874, -0.0660168674154921], [-0.47666268658037647, -0.14093166640695856, -0.5768811043719786, 0.318108255316252, 0.14877146067501873, 0.4829446384274797, -0.16691661875937988, -0.13773092013498897, 0.5200360574748353, 0.6040902777182391, -0.015927426085099033, 0.1047162330580669], [-0.2521523150938374, -0.6963939649692745, 0.019908182317007583, 0.7932674013004553, -0.3173053906717977, -0.062195834507294656, -0.19757899824121933, 0.4188111398015641, 0.4651130428622697, -0.533209953388831, 0.3586902101011585, -0.002538094625157486]], "inverted": true, "swapped": false, "error_lsq": 0.04096702345434435, "error_max": 0.20782446333547083, "target": "925.xyz", "model": "12.xyz", "model_rescale": 4.124412569039231, "target_rescale": 3.7028779404580607},
{"mapping": [2, 1, 8, 7, 4, 3, 6, 9, 5, 0, 10, 12], "R": [[0.9339616603525898, -0.13360821642036122, 0.33145808407158195], [0.24404924767671984, 0.9159896970523008, -0.3184381252338691], [-0.26106624006152357, 0.37830109621702684, 0.88810624302565]], "T": [0.0204079676706451, 0.11511949302697773, 0.038123223451639626], "aligned_model": [[-0.5568195385492261, 0.014801792181824876, 0.11373603009078209, -0.021368329622766323, -0.6831136307480287, 0.641222776889433, 0.5437359414591649, 0.444827368560507, -0.379714617143309, 0.0016651933840894709, -0.5300033362562436, -0.08344819624267319], [-0.4688599911386894, -0.18283391703552115, -0.5917844499032853, 0.30811645853720154, 0.25461711776775214, 0.45490902616007284, -0.19002418521384923, -0.14431907584404613, 0.7181491759201181, 0.5855482836170594, -0.1388319877237134, 0.05893004518801067], [-0.22297423303867356, -0.7195420292406358, -0.042330546708576916, 0.6331732942896676, -0.2841717175568149, -0.05067667290956268, -0.24582744526414382, 0.43962175785847635, 0.26173672426009087, -0.3011596302118217, 0.4590338009280729, 0.06753212247896515]], "inverted": true, "swapped": false, "error_lsq": 0.029327398956480247, "error_max": 0.17129114084333227, "target": "925.xyz", "model": "13.xyz", "model_rescale": 3.9028299243045295, "target_rescale": 3.7028779404580607},
{"mapping": [0, 2, 8, 10, 3, 11, 12, 13, 7, 6, 4, 15], "R": [[0.49238943033334487, 0.8699245857616646, 0.02799757102679895], [-0.8106230549166824, 0.4466362041605109, 0.3786903272736655], [0.3169272972363688, -0.20915859107501866, 0.9250998713900913]], "T": [0.016996331690503755, 0.07742107390477238, -0.03440807824437806], "aligned_model": [[-0.607720525391073, -0.06573888491038375, 0.08055676373544933, -0.06201291863935346, -0.5613936220506891, 0.6446854177379593, 0.6456606205506931, 0.5037126253976248, -0.422051890574438, -0.14005295220927116, -0.5154012093127274, 0.005278029669763734], [-0.4363452289507018, -0.21537468002574572, -0.6757741725879745, 0.2763838116149651, 0.20536247718892725, 0.45477312909070317, -0.21974332580027284, -0.1826078861077698, 0.7525451947349796, 0.6007654843281048, -0.08317106649009443, 0.18680276333598894], [-0.21603804210789615, -0.7049118440578507, -0.1930402051815594, 0.6794013987270007, -0.22879301586839565, -0.13171442974206057, -0.06114420400595192, 0.5384300674739682, 0.38040758664353863, -0.41631698460093247, 0.35305327035676537, -0.004918172751583065]], "inverted": false, "swapped": false, "error_lsq": 0.04206649384938368, "error_max": 0.2703059112526739, "target": "925.xyz", "model": "14.xyz", "model_rescale": 3.942246331269136, "target_rescale": 3.7028779404580607},
{"mapping": [1, 12, 3, 9, 0, 11, 4, 10, 7, 8, 2, 14], "R": [[-0.6328509737367238, 0.0076072815497473245, -0.7742362522563144], [0.4651432482115131, -0.7956646192884204, -0.38802006682110657], [-0.6189841707860737, -0.6056896423747364, 0.49999865343442745]], "T": [0.06352931473434562, 0.0324751719178134, 0.006454609268060708], "aligned_model": [[-0.46804706774966265, -0.08311653249335518, 0.06398139054366495, -0.018465902152565716, -0.6014982464545461, 0.6184667687667105, 0.5661796980191753, 0.5935552781913909, -0.41811641485861073, -0.07715264898039512, -0.6431415111374214, -0.027123357690830074], [-0.500938528473751, -0.2900203417469898, -0.6739881922251831, 0.22047434127264748, 0.28006629927043647, 0.45407059485791007, -0.26465247760005856, -0.024282310436328162, 0.6536882024158168, 0.7128526160807124, 0.06578000047909821, 0.030566296436799204], [-0.29277408187035997, -0.7301374741266042, -0.1256712445678532, 0.7849759017591026, -0.18630031124934007, -0.1621061991204493, -0.045715583353809854, 0.48063978649465017, 0.34274506413318834, -0.3343327802397039, 0.2930816332830765, -0.029989286256853837]], "inverted": true, "swapped": false, "error_lsq": 0.04500524260534172, "error_max": 0.22065595602923402, "target": "925.xyz", "model": "15.xyz", "model_rescale": 4.355366556412066, "target_rescale": 3.7028779404580607},
{"mapping": [9, 7, 1, 2, 5, 6, 10, 8, 4, 3, 0, 11], "R": [[-0.49434807476619846, -0.6167085425967711, 0.6126096264858396], [0.82586515609507, -0.11331247302565778, 0.5523649404197148], [-0.2712318656113596, 0.7789934896679025, 0.5653338996840762]], "T": [-0.05341040664930815, 0.002150212803124933, -0.016491462238821364], "aligned_model": [[-0.39226019879834584, -0.08858583024236541, -0.0706533552910488, 0.004036797614515343, -0.6224681629141033, 0.5372298602781309, 0.49808217755567935, 0.5549163711681556, -0.20634536808887902, -0.04215965148142077, -0.6470044793068948, -0.01926670648986903], [-0.5849570743029883, -0.06459067335471824, -0.4487572745271461, 0.10049605794913385, 0.14687937801578332, 0.5724835608041713, -0.21092929798701146, -0.18366403593751202, 0.6977507219884543, 0.48667289338357345, 0.03113731513271225, 0.12109492916665754], [-0.31721950718885, -0.9079898994049623, 0.2851413973710809, 0.8128174761006793, -0.2829246071152095, 0.02777941127086825, -0.23486923179797387, 0.41064752236462854, 0.27860269278179306, -0.4593550996605454, 0.3717351254529016, 0.010050144710632584]], "inverted": true, "swapped": false, "error_lsq": 0.053789577806169914, "error_max": 0.29555691051787947, "target": "925.xyz", "model": "16.xyz", "model_rescale": 3.795458400668931, "target_rescale": 3.7028779404580607},
{"mapping": [4, 7, 2, 5, 11, 3, 0, 1, 9, 8, 10, 12], "R": [[-0.2553922655130719, -0.57553487791941, -0.7768747614734246], [-0.9058092554167738, -0.13852293576893893, 0.400401035297443], [-0.33805973365281217, 0.80595967676072, -0.4859471328430136]], "T": [-0.0050808809057794405, 0.05483424373983851, -0.0833008275251742], "aligned_model": [[-0.3283741621204006, 0.11604766473976971, -0.09349477994712099, 0.06196756458292526, -0.6909293442938907, 0.611236457148119, 0.5409373117514582, 0.49505179815965245, -0.42089114002327305, -0.09991586211868816, -0.5587913341169612, -0.12732271975803558], [-0.45652154423661445, -0.033158159595204344, -0.5451531362568663, 0.2094710590048759, 0.3199702148806425, 0.4248946845120322, -0.17465281425505497, -0.22993631029056041, 0.6308400680803308, 0.6868758297950922, -0.13149133166993973, -0.037522059637623166], [-0.3057699283206293, -0.7227223566677838, 0.2824121348127273, 0.6744382867793882, -0.4219085227986266, -0.45152649971487574, -0.0977994815482516, 0.5360291708778532, 0.45823864266429093, -0.3051488208671026, 0.361211463649107, -0.013038663981053605]], "inverted": false, "swapped": false, "error_lsq": 0.05256770695163954, "error_max": 0.3219743596964703, "target": "925.xyz", "model": "17.xyz", "model_rescale": 3.7474275329858107, "target_rescale": 3.7028779404580607},
{"mapping": [6, 0, 2, 12, 4, 3, 1, 7, 5, 8, 9, 13], "R": [[-0.34651913504407167, 0.5776491735785317, -0.7390845156762167], [-0.8968653787774056, -0.4349000623905273, 0.08058801451317821], [-0.27487630199558716, 0.690784603184491, 0.6687747383121435]], "T": [0.0816364689184543, 0.13070519511801637, 0.06835967808132014], "aligned_model": [[-0.5099259331000278, -0.02169354901427792, 0.054481249977479065, -0.09101480269665471, -0.652272318380422, 0.5684068236022081, 0.6487747946056307, 0.3602269003655123, -0.4048067666356929, -0.055177527563884055, -0.4484771083240058, 0.056999691167689374], [-0.33815081668787783, -0.15205410247090423, -0.5551791058938056, 0.27524362282900217, 0.24826365671551398, 0.4793526808273497, -0.16946109427890466, -0.2862605933033489, 0.6182421485635851, 0.6194674066345722, -0.12552654980949374, 0.04967924720542152], [-0.09046971520571205, -0.7117124197416378, -0.11235568794900531, 0.7814775537779133, -0.30148315617794746, -0.2511535983546474, -0.19004453058430248, 0.6304505824985579, 0.28949455610584024, -0.4408042269420779, 0.38624181657085666, 0.004774250887205803]], "inverted": false, "swapped": false, "error_lsq": 0.04001219421334291, "error_max": 0.2309236001141797, "target": "925.xyz", "model": "18.xyz", "model_rescale": 3.922800546911778, "target_rescale": 3.7028779404580607},
{"mapping": [5, 0, 1, 4, 12, 9, 2, 10, 13, 7, 8, 14], "R": [[0.8371212967601, 0.03582994166079839, -0.545842605328013], [0.5166155253170506, 0.2762433220729159, 0.8104307657113641], [0.1798230616803001, -0.9604196178185365, 0.21273886386182453]], "T": [-0.08560070346038474, 0.025547337028115038, 0.060104114618166775], "aligned_model": [[-0.6070090634629541, -0.004183195259353609, 0.05922784730545726, 0.008501632357036756, -0.6481812399029199, 0.6112939812436957, 0.571273896974989, 0.5969362767332356, -0.423162486888572, -0.019757607767265664, -0.5754479747898631, -0.06397061253993154], [-0.34403351857092773, -0.3672819416523763, -0.7003886852240199, 0.20478118944696436, 0.37114912469198785, 0.3494900026127198, -0.15837869250195233, 0.08455351896977623, 0.5451661970566873, 0.7488521620344978, -0.1775553962637157, 0.10726253973146863], [-0.3571212842729191, -0.673039106619388, 0.05514362919234952, 0.7550049101515787, -0.3673027044033346, -0.20848876272619837, -0.15856444222519697, 0.4858530881038905, 0.35651941363556594, -0.2726207505943517, 0.36537380607487024, 0.013657628568177003]], "inverted": false, "swapped": false, "error_lsq": 0.047776264197543016, "error_max": 0.3194500621256629, "target": "925.xyz", "model": "19.xyz", "model_rescale": 3.9282355846067225, "target_rescale": 3.7028779404580607},
{"mapping": [10, 12, 11, 3, 2, 8, 9, 4, 5, 7, 1, 13], "R": [[-0.40890617394325046, 0.878861081164718, 0.24576195988206928], [0.46362409938845606, 0.43202729220557906, -0.7735664892274993], [-0.7860333551302614, -0.20237494608646311, -0.584119804337403]], "T": [0.041368532290806705, 0.15602519689888483, 0.024176425541939446], "aligned_model": [[-0.4480433858685977, 0.04515278903269216, 0.24438711490816598, -0.0923718613618543, -0.7607219068876946, 0.8010652477696101, 0.4545330713598471, 0.42395461258437417, -0.37896828091632395, -0.1271840772351108, -0.574611453706944, -0.08167041567460959], [-0.4655021314456812, -0.04281342928433324, -0.5263079782585675, 0.260946986851202, 0.21499401900877144, 0.19106947615322725, -0.16627038356968815, -0.04755112958664226, 0.6470771815103094, 0.5198930085719637, 0.00874432059438196, 0.06933655978616633], [-0.3170186850265796, -0.802408854635519, 0.10522002194253532, 0.7572930562634026, -0.15440077277097364, 0.008227190123029714, -0.42731604139862633, 0.4841247002425565, 0.28851534458460937, -0.45257089729256916, 0.4246483928902189, 0.08010196996295846]], "inverted": false, "swapped": false, "error_lsq": 0.05520531635616488, "error_max": 0.38918307413876835, "target": "925.xyz", "model": "20.xyz", "model_rescale": 4.067790424073018, "target_rescale": 3.7028779404580607},
{"mapping": [2, 6, 3, 7, 4, 13, 11, 12, 8, 5, 0, 14], "R": [[-0.4555287688205898, -0.03772646219743647, -0.889421303335412], [0.3758006218802439, -0.9138641892653874, -0.15370795741515134], [-0.8070114208431126, -0.4042634755062364, 0.43046905696042653]], "T": [0.03220484862289797, 0.13530876105508483, 0.038260819024943875], "aligned_model": [[-0.5297985410904874, -0.04040761643072279, 0.06479900097738095, -0.18640194102067628, -0.6077210038625088, 0.5606208900030115, 0.5553856956410921, 0.4640021664067905, -0.3725877704657942, -0.07136866499697395, -0.43511921435501805, 0.10411845319746085], [-0.31505525813132396, -0.12673283283617648, -0.7118091805196738, 0.4108712693394621, 0.31452036078933077, 0.4887470013342086, -0.19159126047070468, -0.32437178305370556, 0.5097874192297143, 0.6421563633441237, -0.17716979661277094, 0.14426419791862563], [-0.1489459429038409, -0.6499386692668853, -0.0329700095905951, 0.6962428345531333, -0.40990276782454166, -0.25496503692531886, -0.15526031992093758, 0.4732995996183178, 0.1834385267768552, -0.24607024890146512, 0.47233846263330587, 0.06714899663701542]], "inverted": true, "swapped": false, "error_lsq": 0.043109327779948164, "error_max": 0.19780288785540961, "target": "925.xyz", "model": "21.xyz", "model_rescale": 4.186013935880536, "target_rescale": 3.7028779404580607},
{"mapping": [1, 0, 7, 11, 2, 3, 6, 4, 8, 5, 9, 12], "R": [[0.07763207201887383, -0.8388038346209435, 0.5388704746219235], [0.9810054451083113, 0.16064344954806506, 0.10872901537833396], [-0.1777683269367749, 0.5201940110598151, 0.835342212985553]], "T": [-0.07474796515429183, 0.012222632806250723, 0.06786478904741165], "aligned_model": [[-0.4865955530735284, -0.08123565133643595, 0.07932060227808657, 0.0683844099947338, -0.5609649381637196, 0.7152723208461302, 0.39684262037599505, 0.5117801860906876, -0.612253788851787, 0.04193456197760875, -0.5342692385734611, -0.032694077560755354], [-0.47235896775447284, -0.12564590108583717, -0.705103315314111, 0.42773708623346246, 0.4121785986744132, 0.46468114081092765, -0.1382301652922372, -0.1879400981926992, 0.4847079254020383, 0.6265717701549979, -0.15180685094878407, 0.028825277643412254], [-0.2936396682632276, -0.6411758432839235, 0.07335118708363988, 0.5215462201079558, -0.3237057453253957, -0.08539284038284235, -0.18673121288649808, 0.446725921501843, 0.3426615657307749, -0.3876559035844592, 0.45177270505412, 0.07665903913305634]], "inverted": false, "swapped": false, "error_lsq": 0.0459044900891008, "error_max": 0.27551208558183055, "target": "925.xyz", "model": "22.xyz", "model_rescale": 4.166573947596378, "target_rescale": 3.7028779404580607},
{"mapping": [4, 8, 3, 6, 0, 14, 9, 12, 5, 7, 1, 15], "R": [[-0.7080305354615919, -0.02564804055310059, -0.705715905212401], [0.4781968130442403, -0.7527652272938974, -0.45240725079456806], [-0.5196350342772357, -0.6577892448139859, 0.5452455782110871]], "T": [0.08935512674932747, 0.0018482975456793685, 0.021803087651838207], "aligned_model": [[-0.4734866199610803, -0.10691814098518398, 0.07177988753754022, -0.1094569436936661, -0.6650817335494473, 0.7595197128092183, 0.5337239885419294, 0.529166962228604, -0.31388797824130366, -0.2069876474686986, -0.5458972971920024, 0.03304726397764456], [-0.40836895733961964, -0.20769125336795569, -0.5929691697016745, 0.12318919712998674, 0.17271723027741695, 0.420955000419373, -0.21276681469815434, 0.015604966211425132, 0.7025366292423341, 0.5378649698950783, 0.0843266924820559, 0.02821800978084414], [-0.21225777050035438, -0.7342717242529859, -0.06369512075135576, 0.7462737762936253, -0.23970139507772975, 0.056541573769727974, -0.32014111035100606, 0.507351909778705, 0.21543377040387351, -0.347326611481755, 0.33445422408432524, 0.05175390296997289]], "inverted": true, "swapped": false, "error_lsq": 0.04699692614178528, "error_max": 0.24779909216076182, "target": "925.xyz", "model": "23.xyz", "model_rescale": 4.274766983524099, "target_rescale": 3.7028779404580607},
{"mapping": [8, 7, 5, 9, 6, 1, 4, 0, 10, 2, 11], "R": [[0.5046216767266855, 0.19172889052506412, -0.8417820358712682], [-0.8039248517479533, 0.45981103891490693, -0.37719841096434303], [0.3147408396118626, 0.8670719929913676, 0.3861662373258411]], "T": [-0.013707690975467077, 0.15827174177779518, 0.02223155039711825], "aligned_model": [[0.306301705309528, 0.16992724207748738, -0.6002350868468481, -0.39074749199961156, -0.41941510686765726, -0.6103071244414924, 0.035715642576883325, 0.06851296566703159, 0.5931341582948882, 0.15972129332550916, 0.06728650686235663], [-0.32068804483646146, 0.813281271210555, 0.41679522835633565, -0.29638936933019394, 0.5713067046275639, -0.02955003464203093, -0.6259878195960953, -0.14760118092459013, -0.07249573995845601, 0.43690582322912713, 0.17000969310772923], [-0.5086721626323698, -0.12224231779734471, -0.5930349686573784, -0.3398909310779664, 0.06257785600448729, 0.488116089672707, 0.15577493599605738, 0.6727399309870346, 0.1172388859180977, 0.5502584289075934, -0.1032993132993407]], "inverted": true, "swapped": true, "error_lsq": 0.05586237421265674, "error_max": 0.2729134702317371, "target": "925.xyz", "model": "24.xyz", "model_rescale": 3.7841303162186577, "target_rescale": 3.7028779404580607},
{"mapping": [4, 1, 6, 13, 2, 10, 7, 11, 12, 9, 3, 15], "R": [[0.48624419877052605, 0.7414043920404134, -0.4624782228658928], [-0.780037929133613, 0.6068199103041712, 0.15267752149999791], [0.39383677872305656, 0.2865119961216682, 0.8733862077016237]], "T": [0.023513045737910097, 0.11437335791365008, -0.12256708622357629], "aligned_model": [[-0.5471793753104738, -0.1029212132093913, -0.004382060813238199, -0.02079227857700886, -0.6237433698060804, 0.695344115769669, 0.600195090272669, 0.4265581891979063, -0.4511592270736661, -0.0876346520712866, -0.39265508514201514, 0.01389132076647038], [-0.35513304156911807, -0.28949621029959094, -0.5726757219023295, 0.28844305681520954, 0.3635228842060566, 0.5066434920170533, -0.18481214834754814, -0.13077351122411418, 0.5630263775978857, 0.6819810591511445, -0.26082601648163284, 0.05371628036809442], [-0.22541767815681008, -0.7340735406775752, 0.09927041555992447, 0.6388373893560666, -0.41883837071236407, -0.11784898197729016, -0.1496117244112107, 0.48314340076500895, 0.2628788993311385, -0.20979320211627456, 0.4562518871406779, -0.09038306921624796]], "inverted": false, "swapped": false, "error_lsq": 0.04103393517347107, "error_max": 0.22297048772080472, "target": "925.xyz", "model": "25.xyz", "model_rescale": 4.19342608120988, "target_rescale": 3.7028779404580607},
{"mapping": [9, 7, 1, 2, 5, 6, 10, 8, 4, 3, 0, 11], "R": [[-0.49434807476619846, -0.6167085425967711, 0.6126096264858396], [0.82586515609507, -0.11331247302565778, 0.5523649404197148], [-0.2712318656113596, 0.7789934896679025, 0.5653338996840762]], "T": [-0.05341040664930815, 0.002150212803124933, -0.016491462238821364], "aligned_model": [[-0.39226019879834584, -0.08858583024236541, -0.0706533552910488, 0.004036797614515343, -0.6224681629141033, 0.5372298602781309, 0.49808217755567935, 0.5549163711681556, -0.20634536808887902, -0.04215965148142077, -0.6470044793068948, -0.01926670648986903], [-0.5849570743029883, -0.06459067335471824, -0.4487572745271461, 0.10049605794913385, 0.14687937801578332, 0.5724835608041713, -0.21092929798701146, -0.18366403593751202, 0.6977507219884543, 0.48667289338357345, 0.03113731513271225, 0.12109492916665754], [-0.31721950718885, -0.9079898994049623, 0.2851413973710809, 0.8128174761006793, -0.2829246071152095, 0.02777941127086825, -0.23486923179797387, 0.41064752236462854, 0.27860269278179306, -0.4593550996605454, 0.3717351254529016, 0.010050144710632584]], "inverted": true, "swapped": false, "error_lsq": 0.053789577806169914, "error_max": 0.29555691051787947, "target": "925.xyz", "model": "26.xyz", "model_rescale": 3.795458400668931, "target_rescale": 3.7028779404580607},
{"mapping": [5, 6, 7, 4, 8, 2, 0, 3, 11, 1, 10, 12], "R": [[-0.4871339931868208, 0.4687078977361439, 0.7368944152873105], [-0.8480747366627845, -0.4553208637381514, -0.2710205750106309], [0.20849391769596454, -0.7569648721337792, 0.6193015974783854]], "T": [-0.04554695337865276, 0.2224225801727708, 0.00931642859516917], "aligned_model": [[-0.5117560979001982, -0.2232805815317499, 0.022832115060265182, -0.14742846641145296, -0.6192661660586116, 0.7769813826625342, 0.6414821713641343, 0.4781947100736882, -0.5749004023078438, 0.09116352864837825, -0.389274823533427, -0.03922591606216233], [-0.326047969835762, -0.1200386996243922, -0.5774664890346147, 0.25777365985650214, 0.35412764122117335, 0.5116571406828142, -0.1737337953107634, -0.10861137668268264, 0.5418888983269882, 0.44732575010333564, -0.2004393409264986, 0.05718108155501009], [-0.21134067466248918, -0.7202848247885488, 0.13465548312880013, 0.8383119901658734, -0.41992913282893823, -0.11161917127137373, -0.24033192411684673, 0.4107983686879381, 0.3689006181879448, -0.5208552217317316, 0.46836476534450333, -0.0022548512300880983]], "inverted": true, "swapped": false, "error_lsq": 0.05045270817541219, "error_max": 0.2732464196552135, "target": "925.xyz", "model": "27.xyz", "model_rescale": 3.6321398670334006, "target_rescale": 3.7028779404580607},
{"mapping": [7, 4, 12, 10, 3, 13, 6, 9, 0, 1, 8, 14], "R": [[0.40665299286182005, -0.2840659994156137, -0.8682970985627749], [-0.8691446798985082, -0.4131071758413294, -0.27190069266649686], [-0.2814620201743823, 0.8652450342211793, -0.41488572156070413]], "T": [-0.06684755023158809, 0.1603077085328412, 0.057641156596348185], "aligned_model": [[-0.5097355857953869, 0.022623115576318437, 0.0036084879482010807, -0.11325797241788735, -0.6934386545176346, 0.7044005149023314, 0.5154348904452706, 0.45021388016985053, -0.41220053945485935, -0.05143419279350778, -0.38396228606016836, -0.026730203998973155], [-0.3845448125746697, -0.0650328762816613, -0.6607843658086054, 0.25055320570102113, 0.27735271656753363, 0.38341403015029785, -0.24549428288695702, -0.020642887683544775, 0.5953654970638445, 0.5001766331366071, -0.16019628036275974, 0.1934499233100037], [-0.27079955677683476, -0.7346238704964669, 0.12362208564117011, 0.828597352466103, -0.19778815669013503, -0.09026869160708809, -0.2588700441215617, 0.44036366722301856, 0.34201367230929525, -0.5181354829501605, 0.3101189837751748, 0.020185466112528673]], "inverted": false, "swapped": false, "error_lsq": 0.04019085521147322, "error_max": 0.1942779754426542, "target": "925.xyz", "model": "28.xyz", "model_rescale": 4.156811204709835, "target_rescale": 3.7028779404580607},
{"mapping": [0, 10, 4, 8, 7, 2, 1, 6, 5, 11], "R": [[0.1223736169177237, -0.8822185754909169, -0.45465930425017337], [-0.33719243936226323, -0.4678099956548567, 0.8169792327852217], [-0.9334484220991541, 0.05333097621627081, -0.3547250347190327]], "T": [-0.10065274587232324, -0.016464847707554613, 0.027189625876122867], "aligned_model": [[-0.5630630116437984, 0.05747024704032862, 0.05329288992741278, 0.6256046851990195, -0.13759086229704687, -0.6218414911121259, -0.6226869308001439, -0.38609769462334953, 0.20686399928010174, 0.030973543140190282], [-0.144907180566, -0.5519365877854416, 0.10827610477064199, -0.0947089229569995, -0.32730300054825257, -0.35470130614119366, 0.5047830558697677, 0.2558877776490287, 0.5948656489558847, -0.0715352586212317], [-0.5142519200713344, -0.3174902098350146, -0.7448725460608712, -0.2558214196941362, 0.6481946090845799, 0.04922002290025437, -0.22586617909286258, 0.45282966266342045, 0.5938554391999165, 0.07298926788114722]], "inverted": true, "swapped": true, "error_lsq": 0.0540572439559356, "error_max": 0.2613867096219581, "target": "925.xyz", "model": "29.xyz", "model_rescale": 4.117894457231895, "target_rescale": 3.7028779404580607},
