[{"mapping": [1, 5, 3, 6, 0, 12, 10, 9, 7, 4, 2, 11, 8, 13], "R": [[0.6549362063831834, -0.6616826604994368, -0.3650131810808911], [-0.6238452300356105, -0.20082488082275574, -0.7553055647910599], [0.4264688670116733, 0.722388693181803, -0.5443150571432565]], "T": [-0.19704230413041332, -0.12411755908576191, -0.040054782260958405], "aligned_model": [[-0.7505510063498394, -0.1901377821384509, -0.18622671841390306, 0.3639768396213733, -0.6520427689962943, -0.6022730513774547, -0.1567082161161331, -0.15770418422175053, 0.3722241658865516, 0.6625351932828139, -0.028128377120203135, 0.04803468678311787, 0.527112299332867, -0.08706715031080461], [-0.2862204856411589, -0.6250495669349493, -0.578953455689752, -0.632404474289012, 0.05030076153820015, 0.2773001535441514, 0.7627857695454261, 0.5364257157468528, 0.36850288335172743, -0.08295510402521464, -0.25520505110864733, 0.0966528270453283, -0.07311086549803, -0.0064741279639709964], [-0.059926148407100255, -0.6069945599532999, 0.21725366311887276, 0.0669415558297887, 0.5582471991691349, -0.13890653715776624, -0.5167145893022067, 0.2743943649149926, 0.028174744210981734, 0.37568119747291306, 0.6985536391010262, -0.6550828677786679, -0.3291526188403535, -0.06465866227296181]], "inverted": true, "swapped": false, "error_lsq": 0.041981933363975134, "error_max": 0.24176739327647795, "target": "927.xyz", "model": "0.xyz", "model_rescale": 3.8414455957264533, "target_rescale": 3.908081578833939},
{"mapping": [7, 13, 0, 11, 4, 2, 6, 5, 10, 12, 1, 9, 8, 14], "R": [[0.45592854428466195, 0.7260518877601585, -0.5147599622993029], [0.6959767570442166, -0.6513455192541677, -0.30226704782647873], [-0.5547481556172, -0.2204487941165232, -0.8022822527090365]], "T": [-0.11208198443050102, -0.011697922333719628, -0.005232428234196624], "aligned_model": [[-0.6497388937098818, 0.12586331227435782, -0.4414709215754702, 0.4056548262524673, -0.5631237402768753, -0.6633025705404072, -0.09587921456690418, -0.13940536199688316, 0.3948260759318638, 0.6358644937507257, 0.026465420477977647, -0.279947599564726, 0.4780970908876706, -0.07085898748202504], [-0.24875346761828337, -0.611321759273815, -0.6299979584246755, -0.6141628243736208, -0.007682824874828518, 0.4735702416444729, 0.6942344577999111, 0.5905133130839241, 0.4165195766112914, -0.15519429768305537, -0.28995040142444833, -0.080873232800109, 0.028138280710005965, -0.013444123755818393], [-0.2653952973933133, -0.40357937574177394, 0.18111499719367793, 0.30339362187151714, 0.29867948058743254, -0.07786439155831536, -0.3390349427712466, 0.2610716197215452, 0.16226471307673718, 0.04245824071660897, 0.8021572333553805, -0.6629144119245883, -0.5290684077967105, 0.07452730076840135]], "inverted": false, "swapped": false, "error_lsq": 0.04083659702417621, "error_max": 0.2448615176686103, "target": "927.xyz", "model": "1.xyz", "model_rescale": 4.316132596720782, "target_rescale": 3.908081578833939},
{"mapping": [8, 12, 3, 4, 10, 7, 2, 5, 1, 6, 11, 13], "R": [[0.3037828027302092, -0.22729350318117125, -0.9252316856750041], [-0.9518804183303069, -0.11368164821275509, -0.2846052565553764], [-0.04049293721995273, 0.9671681065209203, -0.25089076460491455]], "T": [-0.035861211558499764, -0.07239504424925508, -0.059079992279801236], "aligned_model": [[-0.14557581467577135, 0.4898565588795307, 0.13361710861827425, -0.5986881539799485, -0.5760774925591013, -0.5683520212562984, -0.17305874105671792, -0.13204077404913395, 0.5258767427503377, 0.22030759761701146, 0.5192734536135486, -0.09732990926995033], [-0.5724941165137478, -0.32175075427958805, -0.40123234034508615, 0.3930093433157695, -0.26154827085646826, -0.10641678141504414, 0.20908229100647036, 0.5772101248250601, 0.1327298004739511, 0.034911269598377065, 0.2710060683331435, 0.058269793598143244], [0.2797918222149024, 0.06127117406362233, -0.7018040302768076, -0.03449738507282843, -0.4843174070133086, 0.43118268081268496, -0.7642061170757489, 0.45319095336720405, -0.559370624860444, 0.7197034052112702, 0.13616601170388642, -0.08785202186501151]], "inverted": false, "swapped": true, "error_lsq": 0.04750055600288356, "error_max": 0.342572078478961, "target": "927.xyz", "model": "2.xyz", "model_rescale": 3.795458400668931, "target_rescale": 3.908081578833939},
{"mapping": [9, 12, 1, 5, 10, 4, 11, 8, 6, 7, 2, 13], "R": [[-0.10169313508757404, -0.8627645280295714, -0.4952735359879144], [0.5788963597495228, 0.35355915527030557, -0.7347618174573984], [0.8090349256644065, -0.3614322798235645, 0.4634967056589822]], "T": [0.02219936873832782, 0.004212284762965003, -7.093970960319468e-05], "aligned_model": [[0.10196358438693226, -0.13684156491759483, -0.7501409853664572, 0.22569522978907786, 0.1222789559691228, 0.23415084384996163, -0.30137129442547644, 0.49781728211459564, 0.37632171614139565, 0.7117623479905272, -0.4846573965418408, -0.00367489324667844], [-0.1298845913083601, -0.5591902878962767, -0.10136037917744348, 0.06940914106461002, 0.5646080310384767, 0.606061462981203, -0.3931570902761436, -0.2722228854087788, -0.545012570154688, 0.1575328760140022, 0.5727177120484477, 0.11626762636466037], [-0.737575178598722, -0.10168476781428615, -0.016233808624425715, 0.8049121098924571, -0.4294659979709948, 0.356066469913956, 0.4489495814148482, -0.272727647024211, 0.5064762997499822, 0.16135125078305676, -0.12316969221954469, 0.09187281113698464]], "inverted": true, "swapped": true, "error_lsq": 0.04340676727395009, "error_max": 0.2532048669278267, "target": "927.xyz", "model": "3.xyz", "model_rescale": 3.7530521520055578, "target_rescale": 3.908081578833939},
{"mapping": [0, 3, 10, 9, 4, 12, 5, 11, 6, 8, 13], "R": [[0.3437832967526003, 0.29297394906102125, 0.8921767257923194], [0.8958556370817787, 0.18250911698802236, -0.4051334344695], [-0.281523928614805, 0.9385396568008421, -0.1997187778588776]], "T": [-0.030235971638286403, -0.031301520265496166, -0.030405574523064013], "aligned_model": [[-0.47137634082783514, 0.009032151728535838, 0.492091402808594, 0.412634965238713, 0.12820740986668958, -0.28559715423340337, -0.33028462575946904, -0.6695798478654894, -0.2624281467505764, 0.37892220786430986, -0.06342241962486361], [-0.6575531394508215, 0.1651747274576349, -0.3178492233670007, 0.43802523956089645, -0.7190157091318418, 0.5051938184721192, -0.45815344791560214, 0.09169821322886017, 0.23082741739062496, 0.36340517133716965, -0.17454970926769336], [-0.13796794132782708, -0.7444126864628698, -0.4222013887349543, -0.4200907428706574, 0.15913229754085223, -0.028110916439098174, 0.6187686260614105, 0.17041846826365448, 0.7186043705735277, 0.20147088962566917, -0.02278019898439097]], "inverted": false, "swapped": true, "error_lsq": 0.05294394595411012, "error_max": 0.24450105005633152, "target": "927.xyz", "model": "4.xyz", "model_rescale": 3.7855080009869324, "target_rescale": 3.908081578833939},
{"mapping": [7, 4, 5, 0, 10, 8, 13, 15, 14, 2, 3, 6, 12, 16], "R": [[-0.11239192084006054, 0.9929040628209723, -0.0388532902530635], [-0.7658466669827045, -0.11147127356892426, -0.6332874843547793], [-0.6331247418963852, -0.04142073396898316, 0.7729407376999267]], "T": [-0.008991091496851789, -0.004734793961526665, -0.058148447921666915], "aligned_model": [[-0.6525535905815059, -0.12273986075297248, -0.30650479840813305, 0.2653076756887403, -0.5610458445268633, -0.5619566664349154, -0.03273955424638954, -0.25113407180661745, 0.4222957780664737, 0.587780707042965, 0.11871687808386441, -0.30505393517416196, 0.5391679248017454, 0.02350328810965993], [-0.36921460513181215, -0.6281212375452822, -0.6722631018265496, -0.7298630895919213, 0.024105871668826342, 0.42233326302249097, 0.5708520153415052, 0.7071386251203484, 0.4468940201574809, -0.12800883083205625, -0.3052698198884882, -0.06786275152961836, 0.2587549756155712, 0.022119645040455792], [-0.17794514611112555, -0.4395292855552101, 0.28969461585576556, 0.0280085280996447, 0.4165809905348669, -0.1427168912142633, -0.49747005488948676, 0.27937357947394076, 0.2020830815527519, 0.3595268085634251, 0.5548654002872392, -0.6364552191373847, -0.36336983837278747, -0.02483618898202313]], "inverted": true, "swapped": false, "error_lsq": 0.03997294486880352, "error_max": 0.28791253881006773, "target": "927.xyz", "model": "5.xyz", "model_rescale": 4.2253639853439635, "target_rescale": 3.908081578833939},
{"mapping": [2, 3, 6, 7, 5, 10, 1, 8, 9, 12, 11, 4, 0, 13], "R": [[0.9507280607982366, 0.250760931528642, -0.18230499068789208], [-0.3097562937269406, 0.7437909927161118, -0.592305662349205], [-0.01293030963952721, 0.6195917320084806, 0.7848177449060115]], "T": [-0.06910518467597407, 0.025678567110246207, -0.012402010695081955], "aligned_model": [[-0.6591628482119453, -0.06174762238196387, -0.16963776010081655, 0.42605368865248194, -0.5789439349303125, -0.7370095953725196, -0.07477370844083317, -0.1683737123573021, 0.38192319033281097, 0.6188657729691438, -0.03141309201646325, -0.29439610018239015, 0.5857788579610569, -0.07411920605905746], [-0.25239982099070524, -0.5773199092885678, -0.5751430551074501, -0.591018427933637, -0.009562290114239376, 0.4220135667060294, 0.5912225118407173, 0.6438266759645362, 0.4303693823766509, -0.3278312557405024, -0.17437299833908446, -0.007580717739150845, 0.005443855077062874, -0.026052537090709024], [-0.16948789742867662, -0.38569569726926023, 0.19405512208858647, -0.07480171017232809, 0.3611803726848931, -0.08544131967764154, -0.4801986506737074, 0.37990341946175044, 0.061049854232437306, 0.5101594986547011, 0.7386721974397784, -0.6825132966529543, -0.47476560837002135, -0.04430590421220408]], "inverted": false, "swapped": false, "error_lsq": 0.04000960864789958, "error_max": 0.29535370625831714, "target": "927.xyz", "model": "6.xyz", "model_rescale": 3.89814844738969, "target_rescale": 3.908081578833939},
{"mapping": [3, 1, 0, 9, 4, 11, 12, 10, 8, 6, 5, 7, 13], "R": [[0.7330577630550394, 0.3813733129111514, -0.563187990127555], [0.676737879584457, -0.32592502744440166, 0.6601505273957595], [0.06820673251428393, -0.8650591151386935, -0.4970116386516375]], "T": [-0.07367434312812966, 0.02023251057621727, -0.0347351513903502], "aligned_model": [[-0.06723429284277835, -0.08326409655146162, 0.4912797615337661, -0.3573128831014757, 0.5546714180624763, -0.3327895676062879, -0.6217797437858261, 0.37573675362434183, -0.454882823590871, -0.5538499882932644, 0.12071916567221895, 0.020901243528428246, 0.05643685425495619], [-0.5117415759842308, 0.11504177466792895, 0.4479115152124276, -0.6772686202345842, 0.21635611045023878, 0.5762940617080232, 0.05724357314514349, -0.5251552428789871, -0.24144550929193237, 0.5861857583364646, 0.7651866370118391, 0.06603879947979602, 0.08913398384835802], [-0.5513715363974798, -0.8085798957373055, -0.34503034508924013, -0.07076508074062778, 0.28259252408658875, -0.33117177946898907, -0.2611252981208843, 0.06024535597881443, 0.3692143395328239, 0.32963959407587606, 0.28293357373987826, 0.6822158036586232, -0.03652222468178237]], "inverted": true, "swapped": true, "error_lsq": 0.03874014184277282, "error_max": 0.2624809319434587, "target": "927.xyz", "model": "7.xyz", "model_rescale": 3.7474275329858107, "target_rescale": 3.908081578833939},
{"mapping": [9, 7, 5, 6, 8, 4, 13, 2, 1, 0, 3, 11, 12, 14], "R": [[-0.5256249572043195, 0.5937473249351044, -0.6092475018384277], [0.849337042745111, 0.32549312650751966, -0.4155488087064493], [-0.04842511935913796, -0.7358792963039301, -0.6753789077890173]], "T": [0.01946400818180851, -0.02267085621124912, -0.08108054953191085], "aligned_model": [[-0.5914722264231222, -0.06705506229707495, -0.32182847016331706, 0.30864256269260526, -0.5684588152237431, -0.5312885297227423, -0.22405241444714952, -0.10885954910344856, 0.4988220920999017, 0.5753106929241989, 0.015900313023162048, -0.12190930543807482, 0.29060999585138003, 0.008682646089313703], [-0.3957686450683028, -0.6665488810236389, -0.5749482661780705, -0.7130877688830688, 0.023293856972416906, 0.5233198387696351, 0.6863379603202089, 0.5445079908035009, 0.4680979880446048, -0.16124978793850955, -0.25413036539656675, -0.21085173436214927, 0.24707411656254938, 0.03554867699834139], [-0.3416480019988774, -0.2855632420297912, 0.22145964728046147, 0.24547472711433072, 0.2616209455294799, 0.022802311573822065, -0.5771834407583423, 0.5275496468883147, 0.22578031297746864, 0.24456278353232735, 0.5975565645939822, -0.6564773681574201, -0.565188101459487, -0.072936404980916]], "inverted": false, "swapped": false, "error_lsq": 0.051400511923935396, "error_max": 0.29371457455415506, "target": "927.xyz", "model": "8.xyz", "model_rescale": 4.019505241142653, "target_rescale": 3.908081578833939},
{"mapping": [10, 4, 8, 9, 3, 12, 6, 2, 1, 0, 5, 11, 13], "R": [[-0.7422905053205218, 0.05611054242836727, 0.6677248031482724], [0.3455428492834502, -0.8217218469537138, 0.45318136054790753], [0.5741123104585718, 0.5671197521400327, 0.5905677283026466]], "T": [0.032037880689061486, -0.0426475876733491, -0.08662193288988866], "aligned_model": [[-0.36929595043021196, -0.6851525774543882, 0.22143908454461692, 0.35817967666634637, 0.2914028785527305, 0.6193012585705125, 0.2613829066781851, -0.2876735785874345, 0.36664325254369295, -0.37613273287696275, -0.3390748752517302, 0.3483169189712164, -0.08963549018539729], [-0.572751120051555, 0.07786637064732745, 0.07366924718138493, -0.5301394763395032, -0.7337544544235182, 0.04454195344197824, 0.7475155274770834, -0.6079879331400875, -0.3577162774205111, -0.03627611307426021, 0.654387576608109, 0.33342697109124, -0.029404043883629348], [-0.3442278979655302, -0.015250031869839212, -0.6589575518962217, -0.5601617855432437, -0.015543427371842264, -0.06292475080732372, -0.168376409853019, 0.3298278009648366, 0.5432093255823846, 0.570433417249005, 0.1780971782754887, 0.3853476835722777, -0.004770056293093516]], "inverted": true, "swapped": true, "error_lsq": 0.04415329365730647, "error_max": 0.24157998685469834, "target": "927.xyz", "model": "9.xyz", "model_rescale": 3.877068213659057, "target_rescale": 3.908081578833939},
{"mapping": [10, 12, 11, 0, 9, 14, 13, 2, 4, 1, 8, 6, 3, 15], "R": [[0.068221724870422, -0.8471832273907931, -0.526902624289749], [-0.5136661120961723, -0.48257992801953487, 0.7094108389055407], [-0.855273594553057, 0.22225479140027646, -0.46809174972425294]], "T": [-0.0056817534672643916, 0.012021911659282465, -0.03040666412168935], "aligned_model": [[-0.6548353244097181, 0.09812389667864864, -0.3243389106838278, 0.25460630031070675, -0.5153479541899975, -0.7017415675842855, -0.23101234956814798, -0.14804156646667388, 0.5005610565012442, 0.7270446895570394, -0.08399250173422572, -0.18356975301230866, 0.40319548817078166, 0.02239242629265456], [-0.225675487060619, -0.6061438130490747, -0.6337560121108673, -0.7121878066653193, 0.1062273358108842, 0.3602089208675028, 0.6506276139862411, 0.5653216920378509, 0.45670366389398726, -0.21843116717747674, -0.2169808700917713, -0.041568564284120334, 0.13871880666836467, -0.07146933320463092], [-0.1894989877401816, -0.4369663024370364, 0.1310980280376318, 0.17339826363636807, 0.37826313632963415, -0.09195411271704629, -0.4032972316880781, 0.30715576658603316, 0.03336665576705505, 0.37321438135419355, 0.7022242719329149, -0.6184444993252328, -0.4989455000720784, -0.011803489558824133]], "inverted": false, "swapped": false, "error_lsq": 0.036565814979707435, "error_max": 0.18780633622971132, "target": "927.xyz", "model": "10.xyz", "model_rescale": 4.260839863003843, "target_rescale": 3.908081578833939},
{"mapping": [9, 12, 11, 1, 0, 2, 10, 8, 6, 5, 4, 13], "R": [[-0.6304141485876901, -0.6418786460976037, -0.4365430161443027], [0.42730063869263957, 0.1825533484642776, -0.8854876843510259], [0.6480680253131766, -0.7447590742303091, 0.15919094169673337]], "T": [0.09884131639175184, 0.016024739274213544, -0.08054327169676659], "aligned_model": [[0.5560042678443345, 0.1677522583215104, -0.27900690109271975, -0.5089850909648422, -0.6041554612266594, -0.4189385279343577, 0.2366450320716431, 0.7014833184696474, 0.2998004776598769, -0.13578606767648352, -0.05862554267085643, 0.002710886293036757], [0.0022969012951560216, -0.5507743263498606, -0.5020236067016562, -0.2669910537954781, 0.2656835639637423, 0.4588851146150237, 0.6353231104620853, -0.1014068134654807, -0.49468469691951855, 0.021918712371785602, 0.599135279204354, 0.10571632085278096], [-0.6797680933898671, -0.24495722733714848, 0.14984001425423815, -0.47849498695233084, 0.12398442942547389, -0.44252977005748617, -0.40599541206788503, -0.07883136381095415, 0.537867571738885, 0.7185650797859706, 0.33075467648275103, -0.014256840676141913]], "inverted": true, "swapped": true, "error_lsq": 0.040940353588636194, "error_max": 0.22328729505164316, "target": "927.xyz", "model": "11.xyz", "model_rescale": 3.890672605050136, "target_rescale": 3.908081578833939},
{"mapping": [7, 3, 8, 0, 5, 12, 10, 9, 11, 1, 6, 4, 2, 13], "R": [[-0.20693452955420166, -0.4992497758164379, 0.8413844316514408], [0.446306024212456, -0.8134741573285821, -0.372921879366476], [0.8706256561978013, 0.298344526857441, 0.39115407458488505]], "T": [0.0061750902067927785, -0.02560492645018427, 0.10077494266560622], "aligned_model": [[-0.7474750277815029, -0.19597113934636534, -0.27058992438281704, 0.27740846715901096, -0.7259503468510915, -0.5460409353960206, -0.03410651943702866, -0.2890523810181614, 0.3212922780466116, 0.7278238400015773, 0.22653219404726707, 0.09413438699081689, 0.42833853957657225, -0.10329950174697922], [-0.24754282794580215, -0.7915976011224477, -0.6310880688863089, -0.5260702977792702, 0.06359413551174774, 0.34505179897967203, 0.6700425504338395, 0.5207715970984876, 0.42487442688826915, -0.31162422818011376, -0.09845585632885777, -0.11229202332348438, 0.284103668993264, -0.038172294718044036], [-0.23046400101757697, -0.3740463713335753, 0.3764238801985155, -0.05626456534034738, 0.3477730268544785, -0.23508693326871605, -0.4595753801432208, 0.5699591823523074, 0.12383300067024931, 0.15287418784043116, 0.6282157760719784, -0.5890116570665722, -0.38028923350150806, -0.02653053221109014]], "inverted": true, "swapped": false, "error_lsq": 0.0534999391109605, "error_max": 0.30216651110422915, "target": "927.xyz", "model": "12.xyz", "model_rescale": 4.124412569039231, "target_rescale": 3.908081578833939},
{"mapping": [5, 0, 2, 6, 4, 7, 11, 8, 1, 12, 10, 3, 13], "R": [[-0.06729713795937436, 0.4379667608319852, -0.8964687454835306], [0.07260474580916126, 0.8982732136121603, 0.4333979517635833], [0.9950877579934666, -0.03592144364054531, -0.09224968172473609]], "T": [0.13299693589526237, 0.060068630715793714, -0.1161050213842566], "aligned_model": [[-0.3073837140251323, 0.1318267590421222, 0.613697127140156, -0.5848173068936503, 0.3909014603690866, 0.20066572293813686, -0.4805090015610439, 0.12488269055949192, 0.005012388508705695, -0.25117105861057787, 0.844140039543162, 0.5199124853919311, 0.16014071510736966], [-0.19249999081282393, 0.47036599595285744, 0.5968388367807056, -0.34856852043469805, -0.149635764537136, -0.6316342378879648, 0.33710842429934695, -0.40778568900498646, 0.8268207929756647, 0.20204680464033098, 0.011293342261215145, 0.5486355755904125, 0.0844998066855531], [0.5441471124842078, 0.539654295270285, 0.15968579835233926, -0.07870080313695087, 0.5346553327591701, 0.08890596970076456, -0.010847051865790991, -0.513618514761722, -0.1763339644416225, -0.5465687221137165, -0.09777772879962009, -0.51803754714736, 0.026533904667855185]], "inverted": true, "swapped": true, "error_lsq": 0.04314200650999579, "error_max": 0.26977452264489576, "target": "927.xyz", "model": "13.xyz", "model_rescale": 3.9028299243045295, "target_rescale": 3.908081578833939},
{"mapping": [1, 12, 11, 14, 6, 2, 0, 3, 4, 10, 9, 8, 5, 15], "R": [[-0.37655171727747505, 0.38274964874578543, -0.8436299607057367], [0.3008870116415625, 0.9118172004146172, 0.2793857534905107], [0.8761711079696677, -0.14863411254832481, -0.4585107306772407]], "T": [-0.044303870860906, -0.0072768491041162835, -0.026753705024058837], "aligned_model": [[-0.6224398754647644, -0.10184290715134597, -0.27657744789707556, 0.3389807937141314, -0.48106549040413843, -0.6451484723603936, -0.06433232648464907, -0.18313799126602895, 0.42649450848372567, 0.6337240601985006, -0.060342845690830337, -0.08957636841446068, 0.3194065285345528, -0.031098235935333826], [-0.29038938937167913, -0.5196562001539484, -0.6887631572319403, -0.7512891093207518, 0.06322785116731434, 0.2594212904397102, 0.7535993146203962, 0.5389941558195581, 0.478094339229615, -0.1022577426670684, -0.33059333383174316, 0.1609849579212943, 0.010625490087277947, -0.030403487087084097], [0.06159110504841382, -0.4940832984390346, 0.13902351169481852, 0.26062979368783223, 0.471921176219067, -0.35842769672158103, -0.3552087760549772, 0.2397092782009399, 0.019365373725181965, 0.2675409714657787, 0.6775577732676396, -0.7791801298786294, -0.3866093500794406, 0.08398064796934442]], "inverted": true, "swapped": false, "error_lsq": 0.04179491043276762, "error_max": 0.22883911837974433, "target": "927.xyz", "model": "14.xyz", "model_rescale": 3.942246331269136, "target_rescale": 3.908081578833939},
{"mapping": [0, 7, 2, 9, 1, 12, 13, 3, 4, 10, 5, 8, 11, 14], "R": [[0.801475814724019, 0.45320353174662287, 0.3901833892221167], [0.165420366792525, -0.7950020750007502, 0.5836161435350534], [0.5746935014968384, -0.4032099447643739, -0.7121440302217059]], "T": [0.03218939669385384, -0.012580097180528566, -0.021950870828620912], "aligned_model": [[-0.5801993048978562, -0.07594125259966569, -0.3676965046134386, 0.44032841906848746, -0.6426456304556072, -0.5547932447936844, -0.0251652657366176, -0.14182292000250224, 0.36587240407337107, 0.7243148408163869, -0.17557019943131524, -0.1826016405125453, 0.44106785325044673, -0.06210362430357056], [-0.37698930681804876, -0.8092536000939616, -0.618543781598078, -0.6718622873136461, 0.14678657676782156, 0.5549064404798936, 0.713477211749132, 0.4175758363919092, 0.448735374922654, -0.0051252974761719396, -0.22724148940086594, -0.19173140601366404, 0.20906747422865385, -0.03820676620467725], [-0.20334405968210248, -0.31280925659056025, 0.2137336593006368, 0.19468670283005848, 0.3973835841681571, -0.06050818309551626, -0.38317251103394157, 0.5268965733223363, 0.11771896380643376, 0.15098643458208558, 0.5379919790204036, -0.7434843386365702, -0.5676630536767406, -0.020606114209326988]], "inverted": false, "swapped": false, "error_lsq": 0.047333525093561334, "error_max": 0.24519280007848843, "target": "927.xyz", "model": "15.xyz", "model_rescale": 4.355366556412066, "target_rescale": 3.908081578833939},
{"mapping": [8, 12, 3, 4, 10, 7, 2, 5, 1, 6, 11, 13], "R": [[0.3037828027302092, -0.22729350318117125, -0.9252316856750041], [-0.9518804183303069, -0.11368164821275509, -0.2846052565553764], [-0.04049293721995273, 0.9671681065209203, -0.25089076460491455]], "T": [-0.035861211558499764, -0.07239504424925508, -0.059079992279801236], "aligned_model": [[-0.14557581467577135, 0.4898565588795307, 0.13361710861827425, -0.5986881539799485, -0.5760774925591013, -0.5683520212562984, -0.17305874105671792, -0.13204077404913395, 0.5258767427503377, 0.22030759761701146, 0.5192734536135486, -0.09732990926995033], [-0.5724941165137478, -0.32175075427958805, -0.40123234034508615, 0.3930093433157695, -0.26154827085646826, -0.10641678141504414, 0.20908229100647036, 0.5772101248250601, 0.1327298004739511, 0.034911269598377065, 0.2710060683331435, 0.058269793598143244], [0.2797918222149024, 0.06127117406362233, -0.7018040302768076, -0.03449738507282843, -0.4843174070133086, 0.43118268081268496, -0.7642061170757489, 0.45319095336720405, -0.559370624860444, 0.7197034052112702, 0.13616601170388642, -0.08785202186501151]], "inverted": false, "swapped": true, "error_lsq": 0.04750055600288356, "error_max": 0.342572078478961, "target": "927.xyz", "model": "16.xyz", "model_rescale": 3.795458400668931, "target_rescale": 3.908081578833939},
{"mapping": [3, 1, 0, 9, 4, 11, 12, 10, 8, 6, 5, 7, 13], "R": [[0.7330577630550394, 0.3813733129111514, -0.563187990127555], [0.676737879584457, -0.32592502744440166, 0.6601505273957595], [0.06820673251428393, -0.8650591151386935, -0.4970116386516375]], "T": [-0.07367434312812966, 0.02023251057621727, -0.0347351513903502], "aligned_model": [[-0.06723429284277835, -0.08326409655146162, 0.4912797615337661, -0.3573128831014757, 0.5546714180624763, -0.3327895676062879, -0.6217797437858261, 0.37573675362434183, -0.454882823590871, -0.5538499882932644, 0.12071916567221895, 0.020901243528428246, 0.05643685425495619], [-0.5117415759842308, 0.11504177466792895, 0.4479115152124276, -0.6772686202345842, 0.21635611045023878, 0.5762940617080232, 0.05724357314514349, -0.5251552428789871, -0.24144550929193237, 0.5861857583364646, 0.7651866370118391, 0.06603879947979602, 0.08913398384835802], [-0.5513715363974798, -0.8085798957373055, -0.34503034508924013, -0.07076508074062778, 0.28259252408658875, -0.33117177946898907, -0.2611252981208843, 0.06024535597881443, 0.3692143395328239, 0.32963959407587606, 0.28293357373987826, 0.6822158036586232, -0.03652222468178237]], "inverted": true, "swapped": true, "error_lsq": 0.03874014184277282, "error_max": 0.2624809319434587, "target": "927.xyz", "model": "17.xyz", "model_rescale": 3.7474275329858107, "target_rescale": 3.908081578833939},
{"mapping": [10, 5, 8, 4, 3, 11, 7, 1, 2, 6, 0, 12, 9, 13], "R": [[-0.8953211776806771, 0.1281933485859789, -0.4265752620286358], [-0.28841055788426445, -0.8966668547636525, 0.33586887570768853], [-0.3394397426604212, 0.42373932664619773, 0.839777139576956]], "T": [-0.10206562544756775, 0.008181264676259757, -0.020805028572742308], "aligned_model": [[-0.6533853322797218, -0.12022476222257508, -0.32963134355516654, 0.34581479921042385, -0.6753557880805339, -0.6758346623629787, -0.027476318343482964, -0.2720863810389488, 0.414789661977701, 0.6538428834375556, 0.21030249227160414, -0.11952785292844881, 0.435747802907076, -0.0239312691306144], [-0.3227558858184441, -0.5755696962764886, -0.5738690234517372, -0.6769098066227499, -0.0038926923829452134, 0.4074908789323432, 0.6528771923412087, 0.50733197698779, 0.396519394709693, -0.1192588008297765, -0.11572165621611463, 0.020480805763438158, -0.07158169397763839, 0.026453986462372313], [-0.27173640115180014, -0.4475660835070267, 0.3345620453817654, 0.11804442679226174, 0.34221258849071945, -0.2026774730107988, -0.4031960302376101, 0.4269224844044085, 0.27225952478088616, 0.06498638917529675, 0.7448428121528674, -0.7683213930852195, -0.41082906958082704, 0.048306559500429856]], "inverted": true, "swapped": false, "error_lsq": 0.038458295786053275, "error_max": 0.24778801800925296, "target": "927.xyz", "model": "18.xyz", "model_rescale": 3.922800546911778, "target_rescale": 3.908081578833939},
{"mapping": [6, 10, 4, 11, 8, 1, 0, 5, 3, 7, 13, 2, 9, 14], "R": [[0.517497608432146, 0.7510529861073791, 0.41001906946652955], [-0.6683455247201027, 0.6539924913508419, -0.3544123034593042], [-0.5343318115680744, -0.09062689068873797, 0.8404024522991779]], "T": [-0.1101695580176432, 0.013080954642311224, 0.07978666365845483], "aligned_model": [[-0.7026138488827555, -0.13160050611723578, -0.3192399067384717, 0.28033597897335083, -0.5550168594834284, -0.6591731352896216, -0.011326531020290381, -0.30594226964261223, 0.36711019317272187, 0.6691963347799584, 0.0690785109730209, 0.014917790277518217, 0.46129343878176465, -0.013975259922030053], [-0.3042684985489007, -0.5981025521603972, -0.6725258958212349, -0.5819896966085687, 0.02122632464898498, 0.2955578179934249, 0.7665661272251617, 0.7023720280551694, 0.42775392920713406, -0.06223569989901227, -0.35021036141122514, 0.05125593255657186, -0.15080992220774997, 0.007005446591592204], [-0.07534830562211997, -0.4461373638770842, 0.18028529536741456, 0.10508406210244442, 0.4998285488885854, -0.3286064285330427, -0.2679672527661782, 0.34262612356139943, -0.017164905974689518, 0.23830235925720594, 0.6344967647593751, -0.6245036096987151, -0.4763724949367641, 0.0832875875775223]], "inverted": false, "swapped": false, "error_lsq": 0.04071728391790453, "error_max": 0.21683590511727774, "target": "927.xyz", "model": "19.xyz", "model_rescale": 3.9282355846067225, "target_rescale": 3.908081578833939},
{"mapping": [1, 3, 0, 4, 10, 2, 7, 12, 9, 8, 11, 5, 6, 13], "R": [[0.24090127102209274, -0.9704914497201771, 0.010626553532042116], [-0.9228876993711421, -0.23244629044200005, -0.3069967693790834], [0.300407842722824, 0.06414879640166682, -0.9516512281034669]], "T": [0.034881319540980886, 0.014273971520117633, -0.055688098240365774], "aligned_model": [[-0.596422990857064, -0.059494424504082814, -0.313022643825585, 0.3332093575302466, -0.6254823028797266, -0.7073864424736254, -0.009731144225278827, -0.02362967008161422, 0.32549514399447615, 0.7667787333744279, 0.011953026060212715, -0.20908537666747495, 0.3791475743908627, -0.10928490997388526], [-0.3495771517390253, -0.639924344192085, -0.641894825411127, -0.5200556257662657, 0.2060549689811488, 0.27970474958674274, 0.5903097315739376, 0.7428107187394257, 0.3099289223770047, -0.03452996880084939, -0.28111632446299956, -0.05347412897924828, -0.004489711802482872, -0.052152030483225996], [-0.23052523411979434, -0.415511460178991, 0.24197333763011566, 0.10198278731895, 0.4633246994705562, -0.29506495988044107, -0.2886909042224931, 0.37859869330648765, 0.4979874207309082, 0.14572175792671724, 0.5966783921030767, -0.7065187968620971, -0.6106410007617145, -0.031504352355927384]], "inverted": true, "swapped": false, "error_lsq": 0.044792795434393066, "error_max": 0.36832611994619263, "target": "927.xyz", "model": "20.xyz", "model_rescale": 4.067790424073018, "target_rescale": 3.908081578833939},
{"mapping": [12, 0, 3, 2, 11, 10, 1, 13, 5, 4, 6, 7, 8, 14], "R": [[0.8262011509269679, -0.20293293668938608, 0.5255567347238312], [0.20617884142600865, -0.7592400600144861, -0.6172882767535997], [0.5242918495982773, 0.6183629633765444, -0.5854445336400332]], "T": [-0.05210607572439208, -0.03264427917242526, -0.006195927625836159], "aligned_model": [[-0.7599431665429557, 0.053308208387780213, -0.40551230316088666, 0.29794722623557385, -0.5559022371226665, -0.660755640365044, -0.05551960673772537, -0.24208978300119868, 0.3468448636030349, 0.7180225049147105, 0.1465251698518465, 0.009209511998010282, 0.3897832720482092, -0.1188740902467994], [-0.2763973841463826, -0.5837218616831057, -0.7417392821118092, -0.6711886455641269, -0.03849242312103076, 0.5135743290344633, 0.6293697633958226, 0.5658345317030077, 0.3918788267141817, -0.13087493755446727, -0.20860464850234087, 0.0179325818008366, 0.07773897021419568, 0.006285159441706052], [-0.16918348412864104, -0.44169490153996777, 0.30369652447056444, 0.14692399098463482, 0.3990046164901216, -0.055973041492984994, -0.4909957384006404, 0.30340512046619833, 0.08911619875920651, 0.19311589282872316, 0.6845576314684934, -0.7480492399761512, -0.3492953874112017, -0.01681780241300223]], "inverted": true, "swapped": false, "error_lsq": 0.033933602946339465, "error_max": 0.19614353283357144, "target": "927.xyz", "model": "21.xyz", "model_rescale": 4.186013935880536, "target_rescale": 3.908081578833939},
{"mapping": [4, 7, 10, 1, 11, 2, 0, 5, 9, 8, 6, 12, 13], "R": [[-0.38137457010519704, 0.9085047451729147, -0.1707997812509532], [-0.8458447499285544, -0.41749349654036044, -0.3320328889806031], [-0.3729612530751386, 0.017841197964300226, 0.9276753717544846]], "T": [0.05598809277842957, 0.043654231251690094, 0.025512695053265665], "aligned_model": [[-0.20303939478593322, -0.48038396401194733, 0.4239796898718556, 0.5538018529887121, -0.141619414907089, 0.6073323149798272, 0.08848835413072512, -0.6401077035763022, 0.5011183734830861, -0.12534674743681257, -0.6647038938899034, 0.10649952619113526, 0.03255504238587112], [-0.30840210033536786, 0.2934948949978718, 0.1794965644375739, -0.3753541280244913, -0.3062728892702949, -0.40484922190372075, -0.7166834898028462, -0.4110001614984172, 0.6520038155689434, 0.6302200983691107, 0.12775425954260533, 0.23796122669871184, -0.07941220923358572], [-0.5600987936770204, -0.3927528773687461, -0.569943833390686, 0.45508213447338836, 0.575714572457932, -0.2746867476271577, -0.11303643546440403, -0.02346618951283356, 0.02035313011395675, 0.030864529581773346, 0.4219605851816163, 0.5847400496544444, -0.05185056308691794]], "inverted": true, "swapped": true, "error_lsq": 0.055046402278724295, "error_max": 0.3143369184245123, "target": "927.xyz", "model": "22.xyz", "model_rescale": 4.166573947596378, "target_rescale": 3.908081578833939},
{"mapping": [0, 8, 4, 3, 1, 5, 13, 6, 12, 11, 2, 10, 9, 15], "R": [[-0.8838778819831237, 0.29989774718793044, -0.3589167465759037], [-0.23555112343328738, -0.9483779631149281, -0.2123556152478584], [-0.40407370366103207, -0.10315318855752555, 0.9088915566227206]], "T": [0.03040035404687346, -0.023487496488980873, -0.06340200050218604], "aligned_model": [[-0.7274209561929591, -0.088937447634339, -0.27620880140194265, 0.29852148541757695, -0.5425185026892971, -0.6487135706193107, -0.23715861708330455, -0.15377253924510312, 0.4391770202168435, 0.7434489533443752, -0.03402919412982256, -0.07910840439159794, 0.49926190430749573, -0.029497400036724984], [-0.3264349755219319, -0.7131948668957551, -0.6490192622488412, -0.4981706053099538, 0.014539583188596945, 0.4497111960200544, 0.6375738286742703, 0.45008097755567944, 0.4421786470240005, -0.07826149139157869, -0.15788316779513067, 0.2231012121192279, -0.23721063818308233, -0.005415457614605105], [-0.08958309161729207, -0.4685456448033824, 0.17016672425545093, 0.19000213744472028, 0.35899234803299, -0.14053342038784192, -0.5197168701228365, 0.5030967883176471, 0.1497599923809947, 0.2692462099975619, 0.5927960458565393, -0.7620743655748852, -0.37152605291241747, -0.03427042076189563]], "inverted": true, "swapped": false, "error_lsq": 0.041712705358706366, "error_max": 0.2929941335472698, "target": "927.xyz", "model": "23.xyz", "model_rescale": 4.274766983524099, "target_rescale": 3.908081578833939},
{"mapping": [7, 12, 9, 10, 3, 2, 4, 0, 5, 11, 13], "R": [[-0.3458335367840151, 0.8072085279402654, -0.4783446009478615], [0.6827019855923744, -0.13325250914940112, -0.7184439906308758], [-0.6436747343990509, -0.5750288351255947, -0.5049996782874353]], "T": [-0.0015171969115969908, 0.1865777179359433, -0.05564941782981222], "aligned_model": [[0.3521984938457332, 0.09640550087552792, -0.49414201205297903, -0.5443720076442019, -0.686166153066334, -0.56249629363625, 0.10812628457163442, 0.013031110647174368, 0.6949231398747395, 0.39087934965853266, 0.011507290884497848], [-0.26767560388418, 0.7711254113924337, 0.4693088760452068, -0.22962870570135524, 0.46574065974496553, -0.07506198002419612, -0.52096895902553, -0.14835060291671942, -0.16753910670372468, 0.5444272236843224, 0.07420931863226021], [-0.4956500534743909, -0.09756584482539393, -0.5512709351095383, -0.2569459644241215, 0.0015774647473223782, 0.40489659042793863, 0.09041810952092108, 0.6414710489846163, 0.23284848075367628, 0.37118603541369066, 0.03860150200685677]], "inverted": false, "swapped": true, "error_lsq": 0.05044672617811296, "error_max": 0.26091425618411146, "target": "927.xyz", "model": "24.xyz", "model_rescale": 3.7841303162186577, "target_rescale": 3.908081578833939},
{"mapping": [0, 2, 1, 4, 7, 10, 14, 11, 13, 3, 6, 9, 12, 15], "R": [[0.0988179288356476, 0.4175343156373734, -0.9032718927354395], [-0.22211763704937493, -0.8755584313319953, -0.4290235292324399], [-0.969999367140121, 0.24302783500802197, 0.006220864817584826]], "T": [-0.13229903790034026, -0.07842044253112049, -0.05052932268451747], "aligned_model": [[-0.7907974873807744, 0.1732357074444989, -0.40423654847253215, 0.2633757296348195, -0.5849982926814004, -0.6652867060767281, -0.011556314466762418, -0.05357933496986467, 0.3753308023235389, 0.5696415159599773, 0.05553366869819887, -0.12288696880176406, 0.4614916335937117, -0.10222347494302923], [-0.34905570315558365, -0.5457896725940674, -0.7561497784857647, -0.6694798771131563, 0.0977869878711311, 0.4664628001968689, 0.5311053513167043, 0.47483771448883316, 0.5134630100888455, -0.057141384432503856, -0.22682598449073413, 0.03769141368486323, 0.12122924854902248, -0.08653914630350767], [0.1351216861740025, -0.5574884434276541, 0.09007413151729, 0.17484717561536456, 0.38169733809888173, -0.20635455377154804, -0.543680885272109, 0.4759079377977816, 0.012604828929233217, 0.3442219257819792, 0.6311752479988318, -0.6237397188982342, -0.4779922400544129, 0.011415949615946483]], "inverted": true, "swapped": false, "error_lsq": 0.04184236430600202, "error_max": 0.2757377405001569, "target": "927.xyz", "model": "25.xyz", "model_rescale": 4.19342608120988, "target_rescale": 3.908081578833939},
{"mapping": [8, 12, 3, 4, 10, 7, 2, 5, 1, 6, 11, 13], "R": [[0.3037828027302092, -0.22729350318117125, -0.9252316856750041], [-0.9518804183303069, -0.11368164821275509, -0.2846052565553764], [-0.04049293721995273, 0.9671681065209203, -0.25089076460491455]], "T": [-0.035861211558499764, -0.07239504424925508, -0.059079992279801236], "aligned_model": [[-0.14557581467577135, 0.4898565588795307, 0.13361710861827425, -0.5986881539799485, -0.5760774925591013, -0.5683520212562984, -0.17305874105671792, -0.13204077404913395, 0.5258767427503377, 0.22030759761701146, 0.5192734536135486, -0.09732990926995033], [-0.5724941165137478, -0.32175075427958805, -0.40123234034508615, 0.3930093433157695, -0.26154827085646826, -0.10641678141504414, 0.20908229100647036, 0.5772101248250601, 0.1327298004739511, 0.034911269598377065, 0.2710060683331435, 0.058269793598143244], [0.2797918222149024, 0.06127117406362233, -0.7018040302768076, -0.03449738507282843, -0.4843174070133086, 0.43118268081268496, -0.7642061170757489, 0.45319095336720405, -0.559370624860444, 0.7197034052112702, 0.13616601170388642, -0.08785202186501151]], "inverted": false, "swapped": true, "error_lsq": 0.04750055600288356, "error_max": 0.342572078478961, "target": "927.xyz", "model": "26.xyz", "model_rescale": 3.795458400668931, "target_rescale": 3.908081578833939},
{"mapping": [11, 5, 6, 12, 9, 2, 0, 1, 4, 8, 3, 10, 13], "R": [[0.06663010019243315, -0.9972236711347147, -0.03324724765974968], [-0.6252179079125493, -0.015759554031459677, -0.780291102142133], [0.7776007956360393, 0.07277764894067351, -0.6245321580518226]], "T": [-0.021839367678043467, -0.001297686007013632, -0.07591572361330848], "aligned_model": [[-0.009170780456743327, 0.45746250879608263, 0.6473853802645219, -0.037602459009389896, -0.20781719127679193, -0.6765682556560642, -0.32384068235782293, -0.6696980882076533, 0.13036161398170854, 0.36325635774538867, -0.6656323744153051, -0.2683381443724711, -0.04012150221420337], [-0.6200639111889313, -0.5872570557208947, -0.38669270948772577, -0.10342425904323624, 0.6436573637721824, -0.013199180238989083, -0.5257482719204177, -0.3671814187279685, -0.08607261964908713, 0.3972921225819436, 0.30954691938274276, 0.5304913626132108, -0.06946683911591436], [-0.36085025669423576, 0.27133092350647126, -0.37129615053969334, -0.661034118086465, -0.4189930291048427, 0.3320596946595815, 0.40586469055931795, -0.3089921502326781, 0.6337516544344178, -0.34010870161525786, -0.27303815538863535, 0.3301362350558069, 0.05330602554563843]], "inverted": true, "swapped": true, "error_lsq": 0.04928593822235804, "error_max": 0.2866686056930882, "target": "927.xyz", "model": "27.xyz", "model_rescale": 3.6321398670334006, "target_rescale": 3.908081578833939},
