[{"mapping": [0, 3, 7, 4, 9, 2, 8, 10, 14, 6, 12, 11, 5, 15], "R": [[0.9882542525545931, -0.058470281477734, -0.1411905042546326], [0.10923795446040466, 0.9163833327820824, 0.3851086297455694], [0.10686721486531509, -0.39600860291554035, 0.9120068995373952]], "T": [0.014248521286406017, 0.08052100896449771, 0.08145152950514159], "aligned_model": [[0.10726620844302628, 0.17490755136295383, -0.44750803699347935, -0.3904113405958588, -0.6943039624377763, 0.16817781352819725, -0.6667695776294691, 0.04670711019473738, -0.4791850078872093, 0.17107063564187716, 0.6450777414220532, 0.16300763342703722, 0.608006859022916, -0.03455152637070168], [-0.6449320907836458, -0.2653270123588842, -0.32483076794602384, -0.4516752027197019, 0.24158885452607243, 0.29847292445600493, 0.11371318001206149, 0.5185715208486448, 0.7231511170807139, 0.007625850549364432, 0.4334140224326199, 0.738413026332631, -0.28540677628769556, 0.13249468566787295], [0.10603418980627499, -0.41157444797056153, 0.4487952938307668, -0.23006272380080647, 0.6188047768126866, -0.5402613960182637, -0.10732758085249877, 0.6077971352956113, 0.16216599535746115, 0.730907053768433, 0.3397020590524975, -0.13516889661107948, 0.20313744741600284, 0.10463918109330922]], "inverted": false, "swapped": true, "error_lsq": 0.04408481277741598, "error_max": 0.2833111869232503, "target": "928.xyz", "model": "0.xyz", "model_rescale": 3.8414455957264533, "target_rescale": 3.952913323938146},
{"mapping": [7, 4, 14, 1, 8, 13, 11, 9, 12, 10, 2, 0, 5, 6, 15], "R": [[-0.7352603287458834, -0.6771005882124874, -0.030447371229701647], [-0.6768351230334186, 0.7358661025000297, -0.01988203761572812], [0.035867327762644396, 0.0059893767388210116, -0.9993386123659226]], "T": [0.03705718720099155, 0.14610198949372116, -0.10318197517642425], "aligned_model": [[-0.6264585953460995, -0.5680215346772297, 0.1450053815474611, -0.16780828364412967, -0.37370400158137557, 0.11201810353422091, 0.6424343763123173, -0.41887176560854433, 0.6774089370157081, 0.28618119262050656, 0.3980364117278501, -0.4203190508540373, 0.16201507359859468, -0.012892827260251247, 0.037020736119553595], [0.19921647394053252, 0.05565230566029354, -0.5538854032523277, -0.4044773494087626, -0.428575019124169, -0.6552013714318874, -0.2210944736656476, -0.24660653689980883, 0.48286999293468824, 0.11046467314766302, -0.11135106413101314, 0.6514556557788587, 0.8305081955252784, 0.548523050948402, 0.08954539802091513], [0.1602497639910374, -0.5151554410537798, 0.2984767928119513, -0.7385573192039749, -0.14250760719112363, -0.23717036009314693, -0.0795006466817095, 0.5710930345527966, 0.15315621610740726, 0.5345081684656179, -0.6141967996958648, -0.36957162602727317, -0.234457418582802, 0.43278597444407707, -0.053970944503677794]], "inverted": true, "swapped": true, "error_lsq": 0.04355353692343581, "error_max": 0.27650627211510165, "target": "928.xyz", "model": "1.xyz", "model_rescale": 4.316132596720782, "target_rescale": 3.952913323938146},
{"mapping": [7, 4, 0, 10, 6, 9, 12, 14, 3, 8, 2, 15], "R": [[0.1457185165949817, -0.09181997178037823, 0.9850559409006213], [-0.3563448410215617, -0.9337239411066776, -0.0343213647970404], [0.9229217020954029, -0.34601834429183687, -0.1687804408539682]], "T": [0.027854479013664134, 0.07462469073656859, -0.1609143390100544], "aligned_model": [[-0.19036601177598647, 0.4936379984367423, 0.22924533066737882, -0.6089624753871454, -0.5682654884726546, -0.5256169483233147, -0.3338538690093488, -0.2437104876184317, 0.6023323321204617, 0.20393762412913422, 0.54927969835045, -0.009849148485504805], [-0.5388580406151117, -0.43337802286361754, -0.5640926277006989, 0.3236814628497688, -0.14072763286439638, -0.14797544625329762, 0.5020605045450534, 0.4893176897591119, -0.04421078827199598, -0.037884754403984575, 0.5042878304612827, 0.10055625309886662], [0.1365573051524249, 0.10176892572344073, -0.45590706645284274, -0.1117574621457695, -0.3844399946989932, 0.5179498179397573, -0.6859267350421785, 0.48503234147356833, -0.37150901482812393, 0.5150007995522317, -0.19597932497657844, -0.10153113048751528]], "inverted": true, "swapped": true, "error_lsq": 0.04501678410945417, "error_max": 0.1991932587050762, "target": "928.xyz", "model": "2.xyz", "model_rescale": 3.795458400668931, "target_rescale": 3.952913323938146},
{"mapping": [6, 7, 0, 1, 12, 2, 4, 14, 8, 13, 5, 15], "R": [[-0.2853694160305673, 0.9130224822551494, 0.2914691120702469], [0.8374404237743287, 0.3854389487743699, -0.38746658358674146], [-0.466109250093844, 0.1335169040397275, -0.8745944221824196]], "T": [0.027335889183405994, 0.08746926251797592, -0.04997761918766543], "aligned_model": [[-0.18060294621435707, -0.21717341342153862, -0.6765802095179585, 0.2268209450782172, 0.08106114016413024, 0.24788377739171127, -0.26938654281371543, 0.7927268469529762, 0.33807017967782615, 0.7074399800529343, -0.5474395000136928, 0.09048356840703242], [-0.06974533504976481, -0.5823116245822776, -0.05714766758246721, 0.02518194356516172, 0.6265452106011868, 0.5431650392909, -0.28794637951343827, -0.18051067292599093, -0.40961572751449843, -0.012218189574251095, 0.43916134824342945, 0.051211100331719564], [-0.6694486586337639, -0.11384770266000444, 0.08832229680295156, 0.789745727957888, -0.5937450690670197, 0.39882547157433584, 0.5113087922193843, -0.12297326653763443, 0.34609767311495915, 0.38954478067231585, -0.2672458844276935, -0.06781273037661827]], "inverted": false, "swapped": true, "error_lsq": 0.04715077065130615, "error_max": 0.2696371742288459, "target": "928.xyz", "model": "3.xyz", "model_rescale": 3.7530521520055578, "target_rescale": 3.952913323938146},
{"mapping": [5, 4, 7, 9, 6, 13, 12, 2, 11, 14, 15], "R": [[0.4218424467127435, 0.17237174433994829, -0.8901330978593087], [0.6821251900802477, -0.7070948583911063, 0.1863386333932046], [-0.597289021504156, -0.6857877536016992, -0.41586173399405624]], "T": [-0.15399103998268396, -0.1392805866617306, -0.04922088680955672], "aligned_model": [[-0.4193291063765274, -0.2724717355334453, 0.3423699109592435, 0.6943366651843721, 0.2946753582409375, -0.1923469371382272, -0.22529695705011285, -0.7248361008865937, -0.32279076771812865, 0.2653217463180354, -0.10143247355434828], [-0.7956762185428885, 0.03546619350891561, -0.21649249976420476, 0.14886625880582693, -0.6234961811677572, 0.6706869239462704, -0.5319979088707997, 0.18905028353059566, 0.20152474218672456, 0.48097071767782074, -0.0916989529961576], [-0.048985857621510635, -0.7559382483934852, -0.5592549544981811, -0.16775141262721427, 0.07700541318221385, 0.041004161894538066, 0.6064168874005341, 0.1058886949696112, 0.5484696424087756, 0.2708260398712449, -0.024849589341210065]], "inverted": true, "swapped": true, "error_lsq": 0.050786328570318194, "error_max": 0.2873208588752119, "target": "928.xyz", "model": "4.xyz", "model_rescale": 3.7855080009869324, "target_rescale": 3.952913323938146},
{"mapping": [7, 15, 9, 10, 8, 5, 4, 6, 13, 11, 1, 2, 0, 14, 12, 16], "R": [[-0.28978172606265945, -0.15565257134195798, -0.9443510090399558], [0.6241719673124166, -0.7787283534833808, -0.06317837210953436], [-0.7255590303080058, -0.6077453648656647, 0.322815218078093]], "T": [-0.10703325787960638, 0.05819446186426415, -0.019575546307716594], "aligned_model": [[0.07857503722764123, -0.541488400302822, 0.11660742305904329, 0.0780938607923427, -0.5574571524291995, 0.6143699595225157, 0.199292027416694, -0.3917178782589975, -0.8282508434791149, -0.5788895535237601, 0.12208877649260977, 0.27263421911455893, 0.5700548240925257, -0.30788158530068827, -0.4457317646174586, -0.10875874807736638], [-0.6603109375557262, 0.24356619922423828, 0.4813648233506001, -0.20042641643214903, -0.29162768711829196, -0.28319683021535386, -0.4134287113943013, -0.4510569929728142, 0.05947937423019499, 0.007984045251802983, 0.2269211959538341, 0.6887058073288151, 0.06965987180648367, 0.6866293603811636, 0.48600308131919767, 0.10866690091286961], [-0.12286651235804291, -0.695004413692006, -0.5466672937652759, -0.6751725759804406, -0.43194995538716424, -0.15423299405339105, 0.4607755605911948, 0.273161008862156, 0.04906250507506949, 0.6185990212088212, 0.6819501635261956, 0.04440677728293104, 0.36758612140574615, -0.1693317689867013, 0.3870303681398796, -0.03791424244041368]], "inverted": false, "swapped": false, "error_lsq": 0.030751989348386542, "error_max": 0.1978785302059823, "target": "928.xyz", "model": "5.xyz", "model_rescale": 4.2253639853439635, "target_rescale": 3.952913323938146},
{"mapping": [11, 5, 4, 1, 3, 7, 8, 13, 6, 10, 0, 9, 14, 15], "R": [[-0.03754052397846641, -0.9792952108041387, -0.19892611481527567], [-0.34545627477618346, 0.19951103640194656, -0.9169816293533822], [0.9376836733553511, 0.0342963037352306, -0.34579342427657095]], "T": [0.019942426655051464, 0.006394200333458444, -0.14064190144969269], "aligned_model": [[0.7001005406690464, -0.3912514736338572, -0.4180424089674489, 0.13607446212844918, -0.22631290601569665, -0.428602982914139, 0.12346936082387408, 0.6004149018512503, -0.19035770636833763, 0.3403224135021501, -0.6990996166608339, 0.10292401433480836, 0.6559828736365411, 0.06844068037197706], [-0.029742495090251397, 0.1788975426389671, -0.49143693526923676, -0.8184201987499375, -0.49910450589753913, 0.1686079082587884, -0.31873171785634874, -0.42349206858161276, 0.6447175888329089, 0.6059829930706704, -0.10032695238287179, 0.39315320953497696, 0.10661937825356033, 0.028375399872916533], [-0.3354614799245822, -0.6905707546003809, 0.18240141724241704, 0.09388710479584594, -0.40957713788091055, 0.3931786225688634, 0.4791163054343346, 0.23871097363979799, -0.1446994145204557, -0.05214641375339382, -0.2250689868704983, 0.6719277942473136, 0.35772783286659277, -0.0878676543134952]], "inverted": true, "swapped": true, "error_lsq": 0.04167765264197525, "error_max": 0.2604882558951507, "target": "928.xyz", "model": "6.xyz", "model_rescale": 3.89814844738969, "target_rescale": 3.952913323938146},
{"mapping": [5, 12, 11, 0, 2, 10, 6, 3, 7, 9, 14, 8, 15], "R": [[-0.1760947652979465, -0.6634025459808162, 0.7272466539083096], [0.17577098665558358, -0.7481092970238056, -0.6398726748007533], [0.9685531445846347, 0.015150633409827419, 0.24834505113349292]], "T": [-0.0002547877277708499, -0.0029113424454251663, -0.02335190009812779], "aligned_model": [[-0.09638944518221194, 0.038047485048732455, 0.45999765288620764, -0.2522279233268292, 0.6760042467206043, -0.3179592688522749, -0.57739835629483, 0.36517321630246113, -0.5840468975650541, -0.6003844660871827, 0.03218462467782704, 0.020490764379951926, -0.01485983180317925], [-0.4869993978880109, 0.19438297500725443, 0.49364047437672, -0.6871155007203807, -0.018295021385077867, 0.5282771923215301, 0.05667910639334579, -0.5004327537876533, -0.13213938833814393, 0.5064879896253908, 0.7572141658724263, 0.1863057314844448, 0.06577569250864002], [-0.5309703123754417, -0.7641489088286482, -0.2318694607299777, 0.03920212440290573, -0.010652018658520942, -0.3181130082795919, -0.36254747397294834, 0.06285489424446652, 0.370294525002375, 0.42060156040821234, 0.2666857262459755, 0.658037448790178, 0.002899934587311092]], "inverted": true, "swapped": true, "error_lsq": 0.04865529620101502, "error_max": 0.2578284794568843, "target": "928.xyz", "model": "7.xyz", "model_rescale": 3.7474275329858107, "target_rescale": 3.952913323938146},
{"mapping": [2, 11, 12, 5, 10, 0, 3, 4, 6, 7, 1, 8, 13, 14, 15], "R": [[0.09219058324543021, 0.28208715964542763, 0.9549490723195886], [-0.5473845650159997, 0.8154810602011726, -0.18804461820381005], [-0.8317878541690258, -0.505388439535717, 0.22958983174465905]], "T": [0.017118965782085757, -0.15702997677628538, -0.011353080897390792], "aligned_model": [[-0.331597322512962, 0.2602028007389717, 0.402300491957489, -0.15790119901848443, 0.6987021635242837, -0.431203971981978, -0.5917968501652963, -0.5367406594427887, 0.4607628889296768, 0.06949717674054774, -0.575549276786527, -0.06593496593517024, 0.012619123339859303, 0.5178306542115333, 0.07096266873959149], [0.23427200036688578, 0.28378765758076885, -0.4373481418498483, -0.7831326655655831, -0.19687202946948973, -0.6691185567368828, -0.18744828374372802, -0.08467316355437314, -0.6491193168134617, -0.34992332958227046, 0.45994131128751814, 0.350559096494404, 0.6576848882354425, 0.47096185137974544, -0.11045335604953398], [-0.43914267777992083, -0.5098163708143697, -0.6132079123692574, -0.29175089699623397, -0.07330841225419732, 0.25755327267979056, -0.1409410739934978, 0.47033929883108344, 0.10146317920453503, 0.6760473124746086, 0.11864723188892892, 0.47442495576109556, 0.031989076959625315, 0.12235928729415743, 0.012138384809913319]], "inverted": false, "swapped": true, "error_lsq": 0.04160513219208833, "error_max": 0.24632563100642965, "target": "928.xyz", "model": "8.xyz", "model_rescale": 4.019505241142653, "target_rescale": 3.952913323938146},
{"mapping": [8, 3, 7, 9, 14, 10, 6, 13, 11, 2, 5, 12, 15], "R": [[0.20269674768438117, 0.25800653583024774, 0.9446410196191195], [0.7464505310711083, -0.6650939817649508, 0.021484880351174407], [0.633818296629117, 0.7007728753946736, -0.327401502698516]], "T": [-0.09594142688057922, 0.04487884109281416, 0.0032661076108516512], "aligned_model": [[-0.2580365693852276, -0.6879110474628727, -0.08526435666162985, 0.38723603725347205, 0.34145994055346657, 0.5894489246559702, 0.3740532945207865, -0.1676724189338138, 0.1520389500000459, -0.43787650196666944, -0.197854358171487, 0.3580945625129815, -0.04801568517384621], [-0.5676424915540396, 0.17003583770545833, 0.03159375806424468, -0.3919907126725595, -0.641484754488313, 0.03327771451264056, 0.43965675695914175, -0.7448656542179402, -0.2605133990770053, -0.17483867672080716, 0.7384749976705632, 0.44314237156762987, -0.011467519634954869], [-0.3114841197221652, 0.15294739158071335, -0.712401503846022, -0.6231702551614173, 0.026717909157597267, 0.012592820509613814, -0.2705124829810465, 0.19514471352147983, 0.5924323840545705, 0.5441254636647505, 0.102249420776643, 0.4769852233030484, -0.008923470813886673]], "inverted": false, "swapped": true, "error_lsq": 0.05074643587391203, "error_max": 0.31112225209871974, "target": "928.xyz", "model": "9.xyz", "model_rescale": 3.877068213659057, "target_rescale": 3.952913323938146},
{"mapping": [13, 10, 9, 14, 6, 2, 4, 3, 12, 5, 1, 8, 7, 11, 0, 15], "R": [[-0.9806513751246618, -0.14383856840826614, 0.13279061225994235], [-0.1952211304552634, 0.6681496474567936, -0.7179587445160979], [0.014546157220339362, -0.7299907635317197, -0.6833021984952912]], "T": [-0.11406677191696593, -0.009561307921173164, -0.03036327847103629], "aligned_model": [[0.03783193522712472, -0.38140760518264993, 0.26074649013073414, 0.0829147781304577, -0.585011563675263, 0.5086600315599118, 0.2225748360091324, -0.3845275290532698, -0.8308779095476633, -0.46562608876393263, 0.021677680176961867, 0.27980085871116434, 0.5506395736565307, -0.41998311588274284, -0.4495184554748476, -0.1563537142931245], [-0.674336859013625, 0.19118087853018803, 0.2902707034602412, -0.16439914394980326, -0.3177216010910694, -0.16573296197414905, -0.39507837254571226, -0.4897213895367728, 0.1568565857396933, -0.01794981423472953, 0.27465719169150365, 0.6510331630216712, 0.12913589126117306, 0.632113944292972, 0.600637781596905, 0.057987086822077726], [-0.39455930453578086, -0.6560167232049519, -0.48342076648308835, -0.7697853907407944, -0.28246010898269824, -0.19822363904294935, 0.4125133414144358, 0.28437251167743555, 0.09879589987721712, 0.6677277771531217, 0.7781538199301496, 0.031330889091415765, 0.42264348804587587, -0.22866440669331758, 0.3555062263920475, 0.011518155530440121]], "inverted": false, "swapped": false, "error_lsq": 0.04107322343368457, "error_max": 0.27111980478408615, "target": "928.xyz", "model": "10.xyz", "model_rescale": 4.260839863003843, "target_rescale": 3.952913323938146},
{"mapping": [14, 11, 2, 13, 4, 8, 9, 10, 5, 0, 7, 15], "R": [[0.4788196318618451, 0.019363106729502033, 0.8776997380889829], [-0.7209267404763323, -0.561855020843604, 0.40568900702262645], [0.500995404180376, -0.8270090722903924, -0.2550678328200685]], "T": [0.04710986206897055, -0.09700618155301857, 0.11402548088443482], "aligned_model": [[0.20567731443512338, 0.18453650154088402, -0.33507115975770996, -0.30097429776931656, -0.573844908434014, -0.33575973294139416, 0.31966946080152675, 0.6813805879539652, 0.20720035455609312, -0.19578757830734733, 0.030973497844050173, 0.07089860917226957], [0.027120599337126294, -0.6060383841553489, -0.6262253659781972, -0.16933681949058907, 0.2733918744207995, 0.2930032096758106, 0.6316438907980096, -0.041221270120462894, -0.3117618632902971, 0.16442936368039154, 0.6099002571999321, -0.07182698654424007], [-0.6749066035714908, -0.35912959353581364, -0.0637073175271422, -0.6203210306385676, 0.2597786787318628, -0.33522775699725565, -0.3458857308283349, -0.14008118497186245, 0.7693960643300111, 0.7529238189577001, 0.22579993211164698, 0.047538801334750636]], "inverted": false, "swapped": true, "error_lsq": 0.045236401737952486, "error_max": 0.26350158919560585, "target": "928.xyz", "model": "11.xyz", "model_rescale": 3.890672605050136, "target_rescale": 3.952913323938146},
{"mapping": [10, 14, 13, 12, 11, 0, 9, 5, 6, 4, 1, 8, 3, 15], "R": [[-0.6515452324300341, -0.7580184170369627, -0.029948113971842077], [0.628668774411636, -0.5616168910266252, 0.5379238234112331], [-0.4245755317696305, 0.33165425844750646, 0.8424613170206512]], "T": [0.10492932846189956, -0.08641902468869472, 0.17580828434518408], "aligned_model": [[0.3577939113201273, 0.2943065019282781, 0.272235838911117, 0.7023204780851342, 0.7489251149987668, -0.408614780666472, -0.3009089107124155, 0.1492362824225595, 0.009632293614417586, -0.48636822684367526, -0.03584431961333462, -0.2363404650610162, 0.03193685488352725, 0.11156526152667945], [-0.41121328355420156, 0.2893737264765071, 0.6563535931706352, -0.5683501603710976, 0.15369490074170142, -0.3326329151117834, -0.05751857340823485, -0.6120426518031372, -0.7011901681091204, 0.26348072814197915, 0.730799159219196, 0.462535709925234, 0.12274465343081331, -0.06388219892072645], [-0.3724158485008268, -0.5212433801027159, -0.11737505798600795, 0.16960225866442424, 0.004080829610881326, 0.6353623784276023, -0.6311601617524287, 0.6480542655020312, -0.07850308786261728, 0.44406358367966786, 0.423086502688201, -0.1117826597943053, 0.7584054408956924, 0.10461537188726305]], "inverted": true, "swapped": true, "error_lsq": 0.04697215847207931, "error_max": 0.30602394786009274, "target": "928.xyz", "model": "12.xyz", "model_rescale": 4.124412569039231, "target_rescale": 3.952913323938146},
{"mapping": [3, 1, 14, 0, 11, 12, 4, 6, 8, 7, 10, 9, 15], "R": [[-0.11792513887792969, -0.7200964872745655, -0.6837797237674226], [0.966851946521807, -0.24030345802764538, 0.08632242794864503], [-0.22647510928933082, -0.6509341726125517, 0.724564509065686]], "T": [0.07398706244598993, -0.03372452870523865, 0.06980086060641175], "aligned_model": [[-0.4263882207662604, -0.23635166641907782, 0.7147937423787142, -0.5985331767987572, 0.6105037832119532, 0.4810415003736882, -0.5246105848377642, 0.2302744791633262, 0.0538428128272286, -0.16629684255759034, 0.6681002224907719, 0.42906399300174136, 0.13185826544178392], [-0.07899385352964211, 0.5714115546605854, 0.4685707092013284, -0.18860577890485036, -0.06257087008066614, -0.6805369420473465, 0.396741964020613, -0.36982741271444775, 0.6732860872889777, 0.2735339903657812, -0.1750739663906721, 0.5087551888019729, 0.010794705836843763], [0.4386803211955196, 0.6048798186528876, 0.075388480672099, -0.17364753924134038, 0.5315294452750933, 0.14130405251401065, 0.04972607868958692, -0.49083132933982077, 0.05382832617879814, -0.5304711367434871, -0.24169777055981848, -0.5597816319534756, 0.0527909656277863]], "inverted": true, "swapped": true, "error_lsq": 0.05087871832623732, "error_max": 0.33060471053986223, "target": "928.xyz", "model": "13.xyz", "model_rescale": 3.9028299243045295, "target_rescale": 3.952913323938146},
{"mapping": [11, 13, 8, 12, 14, 1, 6, 9, 10, 7, 3, 0, 2, 5, 4, 15], "R": [[-0.05486840431313833, 0.10580260347558385, -0.9928722311082724], [0.44149470043570044, -0.889315489568883, -0.11916538717282629], [-0.8955846624944631, -0.4448862428876025, 0.0020840331168319737]], "T": [-0.04283446848473066, 0.08542544460896623, 0.005886269906099578], "aligned_model": [[-0.03351186768550635, -0.4995939066141811, 0.3256070781978792, 0.09065327167174603, -0.646705713105433, 0.38630174201727635, 0.16843250711034213, -0.36794923833021387, -0.7861796133398844, -0.6484916128763789, 0.08549177873866176, 0.25395835376521403, 0.6796744964406709, -0.22533042422617966, -0.3882012526370599, -0.10261539739842934], [-0.5887708781337173, 0.1446995344984025, 0.6183592264399365, -0.03433843537614564, -0.4530296889029813, -0.4014248774153841, -0.3278527987627068, -0.5551034932899441, 0.12438680043974225, -0.11966075318779762, 0.26477737959641956, 0.8069552888945755, 0.2214011024555564, 0.4522925381710782, 0.5954272751559684, 0.01081486348756136], [-0.29615527666077235, -0.6425801900921657, -0.4145177862340498, -0.6664811335570033, -0.35252165676102565, -0.026014083125954435, 0.4844002413089963, 0.2972082955170626, 0.04155993555840372, 0.6475614453319463, 0.5890283648777868, 0.28610959818343273, 0.046397819264233, -0.3010430305108799, 0.28869926664722206, 0.06777995968132583]], "inverted": false, "swapped": false, "error_lsq": 0.04652278600689952, "error_max": 0.3540479649393574, "target": "928.xyz", "model": "14.xyz", "model_rescale": 3.942246331269136, "target_rescale": 3.952913323938146},
{"mapping": [2, 11, 13, 10, 6, 14, 4, 1, 3, 8, 7, 0, 12, 5, 15], "R": [[-0.48652184508799823, -0.4200853359432727, 0.76604491041818], [-0.7503589841303987, -0.2481966219732057, -0.6126661666649184], [0.4475018314900686, -0.8728841546084549, -0.19446172745945894]], "T": [-0.05081524441487509, -0.05931177325522363, 0.030674804855275926], "aligned_model": [[-0.6743354204009788, -0.40502955518218453, -0.19849543720142362, 0.29610228910039404, 0.39911374549100975, 0.20134381868077308, 0.0004689727376473163, -0.420408548766232, -0.4928337584216128, 0.17532592406083006, 0.5664568821454019, 0.020480014255473022, -0.24739621830058, -0.23464074812034105, -0.011857923545966903], [0.05936401668616037, -0.39626331181876556, 0.23393486104696692, -0.6035672735735301, -0.47113986873966995, -0.13735213277466995, 0.6585428159588994, 0.6487068172781075, 0.2929484979359536, 0.4608643970027392, 0.2589108550854902, 0.2634454854587147, -0.7954536870542818, -0.3058623314647501, -0.06893445114571403], [-0.203553445489113, -0.48203512451966385, -0.7162228284451316, -0.20044352631681386, 0.31291739816698433, -0.7395786844278393, 0.19216244951462708, -0.30237138144154657, 0.2934087518052307, -0.39217487008070756, 0.2043990228895039, 0.6835787298582042, 0.1235366559969504, 0.6683899267576894, -0.032650593907858606]], "inverted": false, "swapped": true, "error_lsq": 0.03854386236250774, "error_max": 0.24420796938869224, "target": "928.xyz", "model": "15.xyz", "model_rescale": 4.355366556412066, "target_rescale": 3.952913323938146},
{"mapping": [7, 4, 0, 10, 6, 9, 12, 14, 3, 8, 2, 15], "R": [[0.1457185165949817, -0.09181997178037823, 0.9850559409006213], [-0.3563448410215617, -0.9337239411066776, -0.0343213647970404], [0.9229217020954029, -0.34601834429183687, -0.1687804408539682]], "T": [0.027854479013664134, 0.07462469073656859, -0.1609143390100544], "aligned_model": [[-0.19036601177598647, 0.4936379984367423, 0.22924533066737882, -0.6089624753871454, -0.5682654884726546, -0.5256169483233147, -0.3338538690093488, -0.2437104876184317, 0.6023323321204617, 0.20393762412913422, 0.54927969835045, -0.009849148485504805], [-0.5388580406151117, -0.43337802286361754, -0.5640926277006989, 0.3236814628497688, -0.14072763286439638, -0.14797544625329762, 0.5020605045450534, 0.4893176897591119, -0.04421078827199598, -0.037884754403984575, 0.5042878304612827, 0.10055625309886662], [0.1365573051524249, 0.10176892572344073, -0.45590706645284274, -0.1117574621457695, -0.3844399946989932, 0.5179498179397573, -0.6859267350421785, 0.48503234147356833, -0.37150901482812393, 0.5150007995522317, -0.19597932497657844, -0.10153113048751528]], "inverted": true, "swapped": true, "error_lsq": 0.04501678410945417, "error_max": 0.1991932587050762, "target": "928.xyz", "model": "16.xyz", "model_rescale": 3.795458400668931, "target_rescale": 3.952913323938146},
{"mapping": [5, 12, 11, 0, 2, 10, 6, 3, 7, 9, 14, 8, 15], "R": [[-0.1760947652979465, -0.6634025459808162, 0.7272466539083096], [0.17577098665558358, -0.7481092970238056, -0.6398726748007533], [0.9685531445846347, 0.015150633409827419, 0.24834505113349292]], "T": [-0.0002547877277708499, -0.0029113424454251663, -0.02335190009812779], "aligned_model": [[-0.09638944518221194, 0.038047485048732455, 0.45999765288620764, -0.2522279233268292, 0.6760042467206043, -0.3179592688522749, -0.57739835629483, 0.36517321630246113, -0.5840468975650541, -0.6003844660871827, 0.03218462467782704, 0.020490764379951926, -0.01485983180317925], [-0.4869993978880109, 0.19438297500725443, 0.49364047437672, -0.6871155007203807, -0.018295021385077867, 0.5282771923215301, 0.05667910639334579, -0.5004327537876533, -0.13213938833814393, 0.5064879896253908, 0.7572141658724263, 0.1863057314844448, 0.06577569250864002], [-0.5309703123754417, -0.7641489088286482, -0.2318694607299777, 0.03920212440290573, -0.010652018658520942, -0.3181130082795919, -0.36254747397294834, 0.06285489424446652, 0.370294525002375, 0.42060156040821234, 0.2666857262459755, 0.658037448790178, 0.002899934587311092]], "inverted": true, "swapped": true, "error_lsq": 0.04865529620101502, "error_max": 0.2578284794568843, "target": "928.xyz", "model": "17.xyz", "model_rescale": 3.7474275329858107, "target_rescale": 3.952913323938146},
{"mapping": [1, 11, 2, 14, 4, 7, 3, 12, 8, 0, 9, 10, 6, 15], "R": [[0.41579821173786025, 0.03170339455812271, -0.9089041433996708], [0.8889228135927338, 0.1970026530910787, 0.41352894233590687], [0.19216679887528784, -0.979890223162048, 0.0537314801718376]], "T": [0.10163259095069149, 0.05098538763009346, 0.08403272630633485], "aligned_model": [[0.4948288638555336, 0.17294629303522388, 0.619829239044946, -0.40494540211572555, 0.2791125421603825, -0.3276044147991117, 0.6762332515450831, 0.13755490069494886, -0.1230197268909255, 0.3319268593891975, -0.751814222024622, -0.4211527354431351, -0.31165260885061563, 0.04260480828169711], [-0.6103528665414966, 0.3733182649212913, 0.025638011004083736, -0.03542482890799849, -0.6314980380491609, -0.35469462666547874, -0.16451918133922333, 0.8170162442415467, -0.5595708846818078, -0.18105557071159878, -0.23978162974314682, 0.4760545081344711, 0.4019065806973369, 0.04337225915241523], [-0.3119946741497848, -0.5427778200986616, -0.3501952905712102, -0.5475343247552726, 0.3002288922160584, 0.48856942704436496, 0.19306783011307135, 0.05119015751503358, -0.1939552198464614, 0.7387543013455876, 0.02221796684171664, -0.04243170739640567, 0.48120903167820694, 0.03844614872541159]], "inverted": false, "swapped": true, "error_lsq": 0.04248394953270274, "error_max": 0.25776114497011154, "target": "928.xyz", "model": "18.xyz", "model_rescale": 3.922800546911778, "target_rescale": 3.952913323938146},
{"mapping": [4, 0, 7, 8, 12, 1, 5, 14, 2, 9, 6, 10, 13, 11, 15], "R": [[-0.007854855784250547, 0.18650820142341107, -0.9824220030325119], [0.9823184291611444, -0.18233708919831992, -0.042469867353989055], [-0.18705294697221458, -0.9653848334754841, -0.18177821190814258]], "T": [0.0421711418796935, -0.08118895225957402, -0.04688352284787286], "aligned_model": [[-0.3224799758151369, -0.096233477626119, 0.3697434331302946, -0.05240840264803621, 0.2906249548293609, -0.652838868919567, 0.01279623017232464, 0.3136004813205551, -0.5343912427286308, 0.6823690806241495, 0.6385727078248424, 0.6404237536046626, -0.22616462801718518, -0.04892529734848217, 0.08136208848458537], [0.32099603541651583, -0.2316774677625274, 0.29304421628106, 0.6199382679458613, -0.7129797942822025, 0.4320324079759451, -0.7121977877079666, 0.44380067979857796, -0.13051246435274697, 0.556328795872799, -0.3315096232093287, -0.15276028852833043, 0.5033597011055237, -0.14799613068921552, -0.03225504282938589], [-0.5461833722512586, -0.7495471445380855, -0.5617782236526019, -0.04738812287901013, 0.3112831348830784, 0.0018424215332545693, -0.36660924032655023, 0.5131851590922598, 0.30364070462992127, -0.06823078265086013, -0.22948716876118272, 0.28015296453507593, 0.45507054770409033, 0.6524832111640984, -0.005774921318900103]], "inverted": true, "swapped": true, "error_lsq": 0.042389391273346996, "error_max": 0.2844195168059226, "target": "928.xyz", "model": "19.xyz", "model_rescale": 3.9282355846067225, "target_rescale": 3.952913323938146},
{"mapping": [2, 3, 0, 1, 13, 4, 8, 7, 14, 10, 5, 11, 6, 15], "R": [[0.06932252995518329, 0.9149055707219702, -0.397670948778659], [0.6072726030978952, -0.35496322768133065, -0.7107890633097547], [-0.7914634371639155, -0.19222097610811878, -0.5802040365050238]], "T": [0.02208112663195895, -0.15264562060976186, 0.1581275384112256], "aligned_model": [[-0.5860055878966862, -0.10352348670442284, 0.535717880890787, -0.44980782104759975, -0.5897987488422283, 0.19606210660516954, -0.08791785182615548, 0.5993789751851037, -0.33012021102427325, 0.09397216611734664, 0.3206741298600774, -0.5997549216575959, 0.5274623361527933, 0.006183853272360235], [-0.4228506358215782, -0.6710474441399481, -0.5952816446545638, -0.21631771499631855, 0.2630500858953756, -0.28220426613381777, 0.2726328455715289, 0.12712754136599855, 0.581296279605162, 0.2903371736286935, -0.7219356358601261, -0.005409776590965698, -0.017018325522035832, -0.07949639492256834], [0.03588178753420257, -0.16433148647954063, -0.1171712667767075, -0.5644207179864532, -0.18605148489448534, -0.5468325438203024, -0.3964564270240595, -0.1595590921571979, 0.17388930957063783, 0.6763740339528942, 0.4547934569601222, 0.46393323531051034, 0.5799028667056151, 0.16223148634844736]], "inverted": true, "swapped": true, "error_lsq": 0.038822706161961575, "error_max": 0.22876454325925, "target": "928.xyz", "model": "20.xyz", "model_rescale": 4.067790424073018, "target_rescale": 3.952913323938146},
{"mapping": [3, 8, 5, 12, 0, 7, 6, 1, 4, 13, 14, 10, 11, 9, 15], "R": [[0.12797067531237233, 0.9636205493684877, -0.23464642144057832], [-0.9501202715264063, 0.051265561295250006, -0.30764153142849726], [-0.2844204210226184, 0.262311416182859, 0.9221159065136333]], "T": [0.05472331785211801, -0.07549176699003494, -0.06515648844983256], "aligned_model": [[0.07923433298273717, 0.12103547057386377, -0.24996029332683337, 0.25424151949884155, -0.5351719911239811, -0.5337029919846307, -0.3658204020950784, 0.40410955816001815, -0.23508327215711458, 0.6454921085750669, 0.47518887521139197, 0.10513910759925224, 0.7268358746759329, -0.2012100896172859, 0.07811614693533467], [0.039173138063802224, 0.6065662699041909, -0.5938222690944053, -0.8080851704540095, -0.0418009346886602, 0.2626363338042496, -0.46496946335858796, 0.6145148628082865, 0.5067466419779124, 0.4611376915749679, 0.22274490385044082, -0.39324698504156613, -0.23730402105172266, 0.31668917332693, -0.05008503169398134], [-0.6773231013507398, 0.11069702014942241, -0.4390026572628787, 0.04741221215463516, -0.4969287079272682, 0.16264713025074806, 0.28577008693569433, -0.4532665286277313, -0.4130560674551016, 0.10419569668151372, 0.5651041971466584, 0.5402123059524033, 0.0896243061197267, 0.707779593287021, 0.0013840875670376451]], "inverted": false, "swapped": true, "error_lsq": 0.03736913587518108, "error_max": 0.24374371079397858, "target": "928.xyz", "model": "21.xyz", "model_rescale": 4.186013935880536, "target_rescale": 3.952913323938146},
{"mapping": [6, 5, 7, 14, 11, 9, 10, 12, 4, 3, 2, 8, 15], "R": [[0.9347669295640395, 0.10898365789451125, -0.33813214828724986], [0.2547310888586722, 0.4578264669088281, 0.8517669860746279], [0.24763452861483962, -0.882336380588329, 0.40019951490224753]], "T": [-0.07345397217738334, 0.04038668687700359, -0.007542738671810465], "aligned_model": [[-0.05615057628247505, -0.5896413727906725, 0.4937422576042666, 0.376979030764899, -0.3187541748245786, 0.7340710478865345, -0.003768038116498257, -0.642641592621599, 0.27690928192925246, -0.32776089667864805, -0.39410984033789287, 0.5339481456453866, -0.02424923675474991], [-0.3239511593632964, 0.186175001254192, 0.1742853014016141, -0.4565018252631894, -0.35041749069528283, -0.3449423900841671, -0.6304482391594922, -0.4601195003349043, 0.6894108672135745, 0.5987579930399769, 0.24243382093921978, 0.20351767513978647, -0.009243394541937809], [-0.5720406429680783, -0.4696638322264777, -0.4232712814708281, 0.45416804193821314, 0.5300216708138324, -0.13467585739600502, -0.1304487201962715, -0.12875053231026046, -0.013604510079649721, 0.1022127389540074, 0.5528865575563775, 0.3164570633498686, 0.01958886537061757]], "inverted": true, "swapped": true, "error_lsq": 0.05210175016608192, "error_max": 0.2848411846924516, "target": "928.xyz", "model": "22.xyz", "model_rescale": 4.166573947596378, "target_rescale": 3.952913323938146},
{"mapping": [3, 0, 7, 8, 4, 9, 12, 2, 1, 6, 12, 13, 14, 5, 5, 15], "R": [[-0.3510270003213784, 0.18438349796591924, -0.9180320096397658], [0.5861466004997211, -0.7213007922203359, -0.36899502688374597], [-0.7302138096256434, -0.6676285590207837, 0.14512029290156747]], "T": [0.0005316826511413408, -0.07551185542920466, -0.009697198487736512], "aligned_model": [[-0.042206039969423265, -0.5387021378538269, -0.04325599699108407, 0.13499282079153524, -0.44306531470306143, 0.5237056911324305, 0.18083144872437215, -0.5249934673322992, -0.694335664058544, -0.4819149702086397, 0.18083144872437215, 0.20719929933935222, 0.6283808601720459, -0.3679775494693588, -0.3679775494693588, -0.059972677099988], [-0.6594307607053588, 0.20455247960329018, 0.5071430440552712, -0.23261055140368486, -0.39777501327771336, -0.33779735090993, -0.136953363414256, -0.4473061205281924, 0.08282914902263944, 0.049014862851307156, -0.136953363414256, 0.7254477926496203, 0.2471875991217332, 0.6671296631840435, 0.6671296631840435, -0.04267464594799326], [-0.14622137635513818, -0.555175537108471, -0.4219902433823854, -0.7915663322142789, -0.49880012671086277, -0.14365406465048514, 0.6172783119428369, 0.18626601327273068, 0.0039614124579092184, 0.565494904679148, 0.6172783119428369, 0.1707613210052594, 0.3475817339153607, 0.051511476347726626, 0.051511476347726626, -0.004805512061355342]], "inverted": true, "swapped": false, "error_lsq": 0.04693023377633211, "error_max": 0.35124938740452244, "target": "928.xyz", "model": "23.xyz", "model_rescale": 4.274766983524099, "target_rescale": 3.952913323938146},
{"mapping": [5, 7, 4, 3, 8, 13, 11, 14, 10, 9, 15], "R": [[-0.5094319873023488, 0.2822020258896575, -0.8129213165472737], [0.7492245037911752, 0.6101193539610709, -0.25771499149446675], [0.42325133577113144, -0.7403488302860342, -0.5222469877960564]], "T": [0.021715822213890068, -0.03567922608457276, -0.1418628414036665], "aligned_model": [[0.3324392436676533, 0.12338889981910572, -0.4835655254678947, -0.39873336240326174, -0.42189219288603114, -0.5249453776501662, -0.042174212268881295, -0.03419618377695555, 0.5608034279566818, 0.24005912221682735, 0.028710864750996802], [-0.22925456573155395, 0.6718065670362018, 0.428978104563879, -0.16292985100494684, 0.3762020217358587, -0.10347240207832943, -0.5882173482181511, 0.013920879758967442, -0.08828725983687967, 0.6153103208158958, -0.018469935797458155], [-0.7478654103005571, -0.18182608915050605, -0.41169216953884935, -0.5840466876446329, 0.22432111565925278, 0.4599882368147374, 0.29687999449823543, 0.6689260371919907, 0.27837334910119743, 0.44573974421663914, -0.06923168682592971]], "inverted": true, "swapped": true, "error_lsq": 0.04729975905278197, "error_max": 0.28645440111090087, "target": "928.xyz", "model": "24.xyz", "model_rescale": 3.7841303162186577, "target_rescale": 3.952913323938146},
{"mapping": [14, 2, 8, 9, 12, 10, 11, 13, 5, 3, 6, 1, 7, 4, 4, 15], "R": [[-0.30403635546202423, -0.5468018125853984, 0.7801087567196592], [-0.03364516114413724, 0.8245261841958469, 0.564822604635315], [-0.952066120439623, 0.14547972136610351, -0.26908317112425695]], "T": [0.055109375385437254, 0.048170373231610795, -0.03426006687295543], "aligned_model": [[-0.014485402106951872, -0.42261993104605233, 0.15828849300299863, -0.02504210011562194, -0.545801238231301, 0.6576733750347697, 0.18422539717194922, -0.2979591324144977, -0.8143517685336483, -0.5504827352761258, -0.04341443658154752, 0.19703985676522934, 0.6004762748572665, -0.41338622149803184, -0.41338622149803184, 0.034765992198120106], [-0.6720869185954684, 0.32371269117957996, 0.4657868270829865, -0.20009766174838595, -0.34445340551924264, -0.4198096071283781, -0.36997387471767307, -0.5891064970226022, 0.14310536421190853, 0.002382590204140188, 0.3196156860147502, 0.7758827338506772, 0.05843312880366094, 0.6000210048519746, 0.6000210048519746, 0.06550001775066096], [-0.3593523042860748, -0.5486958439370803, -0.4397330632600467, -0.5577860283192794, -0.2790557147719563, -0.18646542021528126, 0.5965426043227512, 0.250732593927218, -0.10031619562850036, 0.49504472439862707, 0.6280366588373463, -0.091938940481322, 0.31968227434777413, 0.14650801365942884, 0.14650801365942884, 0.02972039717552514]], "inverted": true, "swapped": false, "error_lsq": 0.04153207396665044, "error_max": 0.30484903735367874, "target": "928.xyz", "model": "25.xyz", "model_rescale": 4.19342608120988, "target_rescale": 3.952913323938146},
{"mapping": [7, 4, 0, 10, 6, 9, 12, 14, 3, 8, 2, 15], "R": [[0.1457185165949817, -0.09181997178037823, 0.9850559409006213], [-0.3563448410215617, -0.9337239411066776, -0.0343213647970404], [0.9229217020954029, -0.34601834429183687, -0.1687804408539682]], "T": [0.027854479013664134, 0.07462469073656859, -0.1609143390100544], "aligned_model": [[-0.19036601177598647, 0.4936379984367423, 0.22924533066737882, -0.6089624753871454, -0.5682654884726546, -0.5256169483233147, -0.3338538690093488, -0.2437104876184317, 0.6023323321204617, 0.20393762412913422, 0.54927969835045, -0.009849148485504805], [-0.5388580406151117, -0.43337802286361754, -0.5640926277006989, 0.3236814628497688, -0.14072763286439638, -0.14797544625329762, 0.5020605045450534, 0.4893176897591119, -0.04421078827199598, -0.037884754403984575, 0.5042878304612827, 0.10055625309886662], [0.1365573051524249, 0.10176892572344073, -0.45590706645284274, -0.1117574621457695, -0.3844399946989932, 0.5179498179397573, -0.6859267350421785, 0.48503234147356833, -0.37150901482812393, 0.5150007995522317, -0.19597932497657844, -0.10153113048751528]], "inverted": true, "swapped": true, "error_lsq": 0.04501678410945417, "error_max": 0.1991932587050762, "target": "928.xyz", "model": "26.xyz", "model_rescale": 3.795458400668931, "target_rescale": 3.952913323938146},
