[{"mapping": [1, 12, 8, 9, 3, 10, 7, 4, 5, 0, 11, 6, 2, 14], "R": [[-0.003069783137874982, -0.9835958669425837, -0.1803600481396985], [-0.8470903859992229, -0.09329369313967317, 0.5231961054595577], [-0.5314399819162786, 0.15438736137983722, -0.832908211189563]], "T": [0.03021441782339667, 0.06173456788029198, 0.06478655144633852], "aligned_model": [[0.0878281361922249, 0.18064166035824672, -0.4042527616541947, -0.4947167867859134, -0.5833004962331997, 0.06603065453684728, -0.5360305180113013, -0.09553721144377159, -0.4245854006604461, 0.3159300104681264, 0.6271167776955223, 0.11828290685421725, 0.5382604807265511, -0.02417535091460577], [-0.7503370959186314, -0.45078727365215665, -0.3091607221293921, -0.4059703256840376, 0.16398081642337486, 0.38860586083340876, 0.22709266784213267, 0.46195823735753117, 0.7594646106409553, -0.019904642757218524, 0.4971831406737464, 0.7216639913546471, -0.14332575822823052, 0.09480982505390463], [0.39806322429818863, -0.40905884488608035, 0.25699614118817815, -0.36073154198318214, 0.5494336166897849, -0.6153775133350403, -0.09548932332636992, 0.6094113787113541, 0.245176930892356, 0.8293692511206966, 0.14538706921881528, -0.006536205376696164, 0.2525760601020433, 0.09836784386578512]], "inverted": false, "swapped": true, "error_lsq": 0.046684839867630876, "error_max": 0.30262909630616847, "target": "929.xyz", "model": "0.xyz", "model_rescale": 3.8414455957264533, "target_rescale": 4.034143528769677},
{"mapping": [13, 9, 8, 0, 11, 1, 1, 4, 7, 2, 5, 12, 6, 10, 14], "R": [[0.636757196669431, -0.614056071907788, 0.46634259192450456], [-0.7701572579126227, -0.47717227444733834, 0.42327818108575355], [-0.037390781941508466, -0.6286825598439418, -0.7767626203505618]], "T": [0.036819486949945475, 0.06278154994708689, -0.025559799529105216], "aligned_model": [[-0.24251867540426564, 0.44400462462713924, 0.14144737271844693, -0.3773542756919543, -0.7737275243016662, -0.6913502626121887, -0.6913502626121887, 0.038140747905449746, 0.23706888006563215, 0.6386087745731915, 0.3128283823231686, -0.38804199891049224, 0.7237097749237879, 0.037821005438679035, -0.02793202823299471], [-0.020113891822360244, 0.11405578808682369, -0.5926010079868292, 0.6186184597983911, -0.13891527249156238, 0.18991237495159807, 0.18991237495159807, 0.5328895820323065, 0.5885378252329729, 0.38203073670351606, -0.07351993689191784, -0.5620720581640553, -0.2657248550141417, -0.5202041602923321, 0.041041000261760184], [-0.725520896609329, -0.5706110779896145, -0.4543127654385921, -0.2377455518622227, -0.1946672697934467, 0.4240004971220033, 0.4240004971220033, 0.2479615475110121, -0.3361004920146992, 0.2582259254038009, 0.557161213772134, -0.1320503161492306, 0.14848745833583157, 0.3329202682957976, 0.03273761763736767]], "inverted": false, "swapped": false, "error_lsq": 0.05506094469441022, "error_max": 0.38988245102125557, "target": "929.xyz", "model": "1.xyz", "model_rescale": 4.316132596720782, "target_rescale": 4.034143528769677},
{"mapping": [4, 2, 11, 7, 6, 8, 10, 9, 13, 1, 12, 14], "R": [[-0.5202742570801637, 0.782297497175871, 0.3425278431486295], [-0.7767080148712534, -0.266720300839846, -0.5706005088980025], [-0.35502022062755956, -0.5629128769465755, 0.7463844424378692]], "T": [-0.08177619101387448, -0.05884176975297059, -0.01949877047769412], "aligned_model": [[-0.46599141696700475, 0.43085070426289485, 0.16624944907194236, -0.6240534950090049, -0.3616692072614197, -0.2608937649123416, -0.15467924004391936, -0.21382594526080137, 0.48130421351842234, 0.37286206458195637, 0.37640631436199146, -0.1487511217109349], [-0.6276290683876034, -0.32584895620760757, -0.5138836719285668, 0.22151894306348233, -0.284423390983217, 0.08064472822374186, 0.37837670520739386, 0.6742307962456897, 0.05588517544208427, -0.05018908042343764, 0.48408890191757825, -0.07999465442855788], [0.018820016093959738, 0.017192748389197113, -0.552250569497084, 0.012095230478362376, -0.5844082056858425, 0.5388290760302759, -0.6312797366612947, 0.3276809528011321, -0.47931912635115415, 0.7335498706290937, 0.052135931285761314, -0.003787726302985725]], "inverted": true, "swapped": true, "error_lsq": 0.05524616250420084, "error_max": 0.32005698859920645, "target": "929.xyz", "model": "2.xyz", "model_rescale": 3.795458400668931, "target_rescale": 4.034143528769677},
{"mapping": [9, 12, 1, 11, 7, 4, 2, 10, 13, 6, 3, 14], "R": [[-0.3767911519834785, -0.25143001970194717, 0.891521941950753], [-0.7656040385414726, 0.626305772700061, -0.1469405840861085], [-0.5214200647807394, -0.7379187111567629, -0.4284823120839315]], "T": [0.013960346171557732, 0.039001380790754166, 0.06687952178688161], "aligned_model": [[-0.16318466503843995, -0.11215353576659187, -0.831692361483909, 0.3717596570844933, 0.19124750261359036, 0.01024779235764934, -0.2165400211826074, 0.6768281439998304, 0.2920372292369081, 0.5970605923359932, -0.23874382416122286, 0.016437315747871446], [-0.1591633957203675, -0.6089718475959426, -0.20298909372707352, -0.03755126526715475, 0.356029514614176, 0.6591558689501062, -0.24700754317334678, -0.24002172613166228, -0.579069929227109, 0.2813379988104672, 0.7550870756547476, 0.10893338810286865], [-0.7107557726964663, -0.20526462576453947, 0.054027415568552895, 0.7138135800383553, -0.42477829737266826, 0.3635330033215038, 0.5146449905300312, -0.1644280405511049, 0.35379009397811545, 0.2896280455933179, -0.14548691357347407, 0.0500479515674766]], "inverted": false, "swapped": true, "error_lsq": 0.04660518005101289, "error_max": 0.27241424283627175, "target": "929.xyz", "model": "3.xyz", "model_rescale": 3.7530521520055578, "target_rescale": 4.034143528769677},
{"mapping": [8, 12, 2, 13, 0, 10, 4, 7, 5, 6, 14], "R": [[-0.2719399523359549, -0.93376501921365, -0.23266188174355246], [0.026052375998278532, -0.24882839453459832, 0.9681971409677778], [-0.9619615044420247, 0.25723008954293525, 0.0919931791241646]], "T": [-0.08630055088465569, -0.09043243346087768, -0.07956453257080352], "aligned_model": [[-0.5392142668564954, -0.13402068881173046, 0.3983751047669549, 0.428427717662181, 0.3208010817012298, -0.11993910435614197, -0.0231014103717513, -0.6293494606660031, -0.35187621365663835, 0.11368538560694377, -0.1255885425733442], [-0.47421467305047416, 0.06677715410274268, -0.3202084251952792, 0.2906010407092535, -0.7684009316463808, 0.6620732333944839, -0.3637046505818996, 0.09148482470134858, 0.07705372463046808, 0.31202730837320236, -0.1062852471231195], [-0.18372753484839094, -0.7744345830005046, -0.2980088993497025, -0.44222811596215383, 0.13840803783468236, -0.13748231101574424, 0.5480793348690155, 0.134138479536223, 0.7126656932167728, 0.4168038989159578, -0.021383222950839102]], "inverted": false, "swapped": true, "error_lsq": 0.04912123348347643, "error_max": 0.23812507891150586, "target": "929.xyz", "model": "4.xyz", "model_rescale": 3.7855080009869324, "target_rescale": 4.034143528769677},
{"mapping": [1, 11, 12, 7, 0, 5, 3, 10, 6, 8, 9, 2, 13, 14, 16], "R": [[-0.379357372707006, -0.27440579521362213, -0.8836229078775729], [0.4846148375413715, -0.8724642558179133, 0.06288546378015278], [-0.7881855384410376, -0.40436070762782395, 0.46395686773571704]], "T": [0.010476293783738815, 0.05717551282450069, -0.0077345263944259435], "aligned_model": [[-0.33118759890079896, 0.37784026844328233, 0.2670585487538646, -0.1330275230767564, -0.7189424542637378, -0.6693323096375101, -0.5436517758242283, -0.0610202361822716, 0.2622621223905228, 0.5311831083732137, -0.14149670840830378, -0.3949573241099763, 0.7115828035312621, 0.2116411003559146, 0.013402513365267786], [-0.23270580589520173, -0.050875058950432275, -0.46375272104448545, 0.7922469544395149, 0.012294362438692787, 0.4639980175011869, -0.10257751404533134, 0.45234928497274673, 0.4787282374974463, 0.45246909557270837, -0.2374865285070476, -0.5478379269153486, -0.0039048100560111695, -0.5404534683402449, 0.011354840687575592], [-0.617930023331551, -0.7047316658159536, -0.3625085172713465, -0.02885565667674908, -0.28051256007274805, 0.1579729176820011, 0.37935416922676507, 0.6002870275682852, -0.43782087226066413, 0.252874895234548, 0.6223388877821324, 0.11623323874821213, -0.1797417792120236, 0.23735672192267837, 0.020169871819229364]], "inverted": true, "swapped": false, "error_lsq": 0.05100141939571783, "error_max": 0.32754952560580236, "target": "929.xyz", "model": "5.xyz", "model_rescale": 4.2253639853439635, "target_rescale": 4.034143528769677},
{"mapping": [7, 10, 11, 4, 6, 2, 0, 3, 12, 9, 13, 1, 8, 14], "R": [[-0.05392510536966805, 0.993146591702676, -0.10369151556529828], [0.9962183954852657, 0.060593174819739415, 0.06226857684279823], [0.06812482299157309, -0.09994155569442972, -0.9926583974045373]], "T": [0.017875666641753375, -0.042389771936942905, -0.0031523850570130615], "aligned_model": [[0.5005822682787293, -0.2320475731238919, -0.5763986460503727, 0.2439827423636733, -0.1524344379553066, -0.39767488813547125, -0.04239443739885801, 0.7253217172924591, -0.2015090034851074, 0.45390810255106573, -0.6804524391103763, 0.1343208177100591, 0.5232139820140347, 0.07564394780714653], [-0.043974060326378364, 0.07693531157177969, -0.4883370276152632, -0.6715579093012604, -0.5472414940794517, -0.01980622806284926, -0.4340997151749437, -0.35777831656491466, 0.6362168415350538, 0.6218638124296959, 0.14851926800310947, 0.4261703024480098, 0.18278704732576756, -0.08459868555336444], [-0.3781947978345131, -0.7060397861816625, -0.022476376912638603, 0.15694666422379625, -0.4087002185983671, 0.39962939073070575, 0.7150508592705173, 0.14445443828208823, -0.03779172158753032, -0.21293602446571494, -0.13562188639014697, 0.7322013066054956, 0.23600898236410847, -0.010972620574689562]], "inverted": false, "swapped": true, "error_lsq": 0.04518626732968955, "error_max": 0.35175141636114654, "target": "929.xyz", "model": "6.xyz", "model_rescale": 3.89814844738969, "target_rescale": 4.034143528769677},
{"mapping": [8, 3, 7, 1, 10, 4, 0, 12, 2, 11, 6, 13, 14], "R": [[0.40670172814204125, 0.3791074803634517, 0.8311866352743844], [-0.888687957169813, -0.04668344703491461, 0.4561297738081598], [0.2117248665311232, -0.9241743201936601, 0.31792201368726364]], "T": [0.01066644260573564, 0.06004408267148478, -0.03364282075344506], "aligned_model": [[0.05459167894108195, -0.0741049346530271, 0.4527205625845833, -0.34743887381282423, 0.5879507665474699, -0.3643065350493658, -0.7933790342503467, 0.30637648031588377, -0.42645599631083797, -0.34669713797463136, 0.061423045214767893, 0.025504591757337228, 0.012447187594131626], [-0.27831661304424105, 0.22376224607470044, 0.23009629176395402, -0.7221708938710278, 0.3264135444984252, 0.5091964081335294, 0.0342554579329066, -0.4957365890784998, -0.14524369692667352, 0.4804587965348468, 0.7081664815356015, -0.00476913954142294, 0.09766897145838654], [-0.5304850349331194, -0.8002899361394108, -0.4200821896175472, -0.21736375364350147, 0.3744514319949178, -0.3945667946137666, -0.19405130935845055, 0.3032545990592874, 0.2860544421055992, 0.46430001720682434, 0.12670355978074577, 0.6993207862242647, -0.09497078722954762]], "inverted": false, "swapped": true, "error_lsq": 0.05019449803735858, "error_max": 0.3337189563848766, "target": "929.xyz", "model": "7.xyz", "model_rescale": 3.7474275329858107, "target_rescale": 4.034143528769677},
{"mapping": [12, 10, 11, 1, 1, 2, 4, 3, 0, 6, 8, 13, 7, 9, 14], "R": [[-0.8536804210176165, -0.23151798414260882, 0.46650740807593566], [-0.41881081301446177, -0.22725073329650097, -0.879178370479147], [0.30955975460862223, -0.9459157083137723, 0.09703726651088379]], "T": [-0.00653660312049207, -0.006765584733869734, -0.027354465195150935], "aligned_model": [[-0.21736996426512387, 0.4895311303543937, 0.23621857044264696, -0.5132547954485703, -0.5132547954485703, -0.6368465774892396, -0.5750287890061793, 0.1533576086910252, 0.11261735281764129, 0.6539935111390478, -0.10355395173360116, -0.6667932684900149, 0.6524526439096621, 0.3748420231995039, -0.0655561638628771], [-0.23400863599207597, 0.045211134601940026, -0.5319802053356244, 0.49901307651197885, 0.49901307651197885, 0.35258972185983783, -0.3026633762155127, 0.5361251265009723, 0.6016665142442739, 0.47232385988127473, -0.10698313650203442, -0.5911677122930021, -0.17881433684577783, -0.5656361728301593, -0.010841974742300742], [-0.560789098756446, -0.5987375102187483, -0.25472966965762533, -0.2558855121930906, -0.2558855121930906, 0.3994506374969999, 0.42151854293601865, 0.4129159672310039, -0.25057174352347683, 0.005982760429909164, 0.6402939394627216, -0.20241764759523748, -0.03052165943969073, 0.3227233107855287, -0.018860149421959904]], "inverted": false, "swapped": false, "error_lsq": 0.05540726086313133, "error_max": 0.3605269833559612, "target": "929.xyz", "model": "8.xyz", "model_rescale": 4.019505241142653, "target_rescale": 4.034143528769677},
{"mapping": [7, 4, 8, 9, 10, 12, 1, 6, 13, 11, 0, 2, 14], "R": [[-0.947692715267588, 0.2923297008603165, -0.12814781864575148], [-0.09834110199303611, 0.11453525857883723, 0.988539681652221], [0.3036569529708513, 0.9494340527583771, -0.07979620526855546]], "T": [-0.015826178357599738, -0.10189137117056458, -0.01856794303814302], "aligned_model": [[-0.17599390363582929, -0.6892617879239249, 0.007325526257037807, 0.4571802032393262, 0.20781796733511437, 0.697224877431482, 0.35609686539415736, -0.41357766448332356, 0.4146928448541118, -0.22106218664707877, -0.38446069433094354, 0.13921392022693108, -0.0754951959758842], [-0.48475502995713426, 0.035829844038650624, 0.13540678750738444, -0.2991931940648779, -0.7967237993544853, -0.11287866900594112, 0.6449253249798362, -0.5192688799618188, -0.21710082264710728, -0.1245129128935419, 0.6053535765636054, 0.30820328981662554, -0.11190728690713678], [-0.4673738066087369, -0.007342659257735598, -0.5721229584113205, -0.6609877734634347, 0.17621910178387867, -0.054260016307013534, -0.29747857430568964, 0.3219311154160454, 0.5671254294196194, 0.6954143935679082, 0.17326073774959483, 0.3598635247297753, -0.057545020269012016]], "inverted": true, "swapped": true, "error_lsq": 0.057098541937297416, "error_max": 0.31583478912797947, "target": "929.xyz", "model": "9.xyz", "model_rescale": 3.877068213659057, "target_rescale": 4.034143528769677},
{"mapping": [3, 12, 6, 1, 4, 7, 2, 8, 0, 11, 9, 13, 10, 14, 15], "R": [[0.526540187159031, 0.8405746129484541, -0.12723895383525202], [-0.20368755623996623, -0.02057439616386844, -0.9788197350153311], [-0.8253888845505031, 0.5413049180351579, 0.16038134234201876]], "T": [-0.06021675891841964, -0.0073340117577919625, -0.06915302811016265], "aligned_model": [[-0.3108237106981418, 0.4332158196517193, 0.20914837466796937, -0.41226890427034657, -0.7223977918455508, -0.6538432656551678, -0.4663798709658001, 0.013565252750636761, 0.2946762703188408, 0.5958637876095839, 0.09470302154428421, -0.3363137741424196, 0.5498324478434808, 0.10950381485580736, -0.017126936855151126], [-0.16263089438467773, 0.14975684614877074, -0.4378118061171069, 0.7601760778081925, 0.03774456029547892, 0.4505328431513435, -0.19015135953335083, 0.5447389260579405, 0.6756969414789683, 0.3030302882639528, -0.07004670053725412, -0.7287308649616261, -0.3064809588820679, -0.6093111819499645, 0.06733424251716918], [-0.6311498045193094, -0.6077084741705789, -0.419061399682456, -0.2688882517712759, -0.2017233178366572, 0.25372788351508413, 0.42274604864624127, 0.4647894986599681, -0.2723418328044025, 0.06459148206963057, 0.5693704907887822, -0.037601255803753966, 0.13471420519445576, 0.39811558847322914, -0.09509420541614146]], "inverted": false, "swapped": false, "error_lsq": 0.041638208091231935, "error_max": 0.23853951941782198, "target": "929.xyz", "model": "10.xyz", "model_rescale": 4.260839863003843, "target_rescale": 4.034143528769677},
{"mapping": [6, 7, 9, 10, 12, 13, 11, 4, 8, 1, 2, 14], "R": [[0.8919039492481416, -0.26369792795951147, 0.3673836524743975], [0.11597331661362248, 0.9185978391580844, 0.3777938587745106], [-0.4371012870596529, -0.2943491339955983, 0.8498829638055091]], "T": [0.07549489116341686, 0.002104338744923386, -0.025005686938854098], "aligned_model": [[0.3557037133924708, 0.14083363588805348, -0.4257524064548876, -0.3134472454012872, -0.6181279248788679, -0.37529532512609415, 0.2625895738566682, 0.7620130055453699, 0.1161481098571563, -0.09942207211987379, 0.022428211643446785, 0.1312273728919754], [0.061930322882270045, -0.5881497695992367, -0.6014997155198053, -0.12705168079653342, 0.04424800341024577, 0.5094996097386685, 0.5952322013094415, 0.0020832070358469, -0.3700497022514904, 0.14739560016881148, 0.5427839147067973, -0.043343485552081354], [-0.6301946705920668, -0.1699053785749548, 0.2194929371432161, -0.6596658613706309, 0.13915202248725075, -0.3096015292635081, -0.43194456268251885, -0.061082528894881714, 0.44734826738267575, 0.8247869781661351, 0.1756805422815224, -0.027888138686734308]], "inverted": true, "swapped": true, "error_lsq": 0.04450488312010387, "error_max": 0.21631517815452042, "target": "929.xyz", "model": "11.xyz", "model_rescale": 3.890672605050136, "target_rescale": 4.034143528769677},
{"mapping": [7, 5, 3, 9, 8, 13, 6, 12, 10, 11, 0, 4, 2, 14], "R": [[-0.5092011623346027, -0.8258480456938622, 0.24225850181308128], [0.6100394901606636, -0.1477779862021035, 0.7784686809619054], [-0.6070963652679923, 0.5441844101200254, 0.579048643086842]], "T": [0.11154499134116247, -0.03131663525685553, 0.18196136872491864], "aligned_model": [[0.43322193131523196, 0.029249231227818764, 0.547549832368745, 0.7879218042146003, 0.6930039167749035, -0.38158347453841623, -0.37961117668075195, 0.2934103578292968, -0.1635518964030684, -0.6200109751179069, -0.011794867715246932, -0.0138477375672027, -0.1384784440681296, 0.1343973331538201], [-0.173292912780603, 0.21640330876302133, 0.4627750247145785, -0.49801557649958633, 0.12585955871570997, -0.4316197277197224, -0.03944069409555519, -0.55248674450205, -0.6771920946079785, 0.08874109964068345, 0.7210643890457394, 0.5494872334519648, 0.1344272532090134, 0.005442402492549396], [-0.31807029779731943, -0.6292556266977409, -0.2510638419814295, 0.17342965596716214, 0.20365778928327893, 0.5537655159604733, -0.27306550592120443, 0.634888690346574, -0.09717550334772218, 0.23503055435433595, 0.4846082564876997, -0.16380183055517, 0.6773830922278649, 0.12445948703005873]], "inverted": true, "swapped": true, "error_lsq": 0.042609196779884714, "error_max": 0.30437215178351057, "target": "929.xyz", "model": "12.xyz", "model_rescale": 4.124412569039231, "target_rescale": 4.034143528769677},
{"mapping": [6, 11, 0, 10, 4, 5, 13, 7, 2, 12, 8, 1, 14], "R": [[-0.22530968869392426, 0.5868599511902977, -0.7777087770300449], [0.31453470234527586, -0.7116785986095048, -0.6281572202098611], [-0.9221190081552465, -0.3861463064307784, -0.02423973656316758]], "T": [0.10884243694070972, 0.0790561827927368, -0.08810344364607946], "aligned_model": [[-0.16948198091763933, -0.2003206696620276, 0.6623892626842827, -0.5789460913480786, 0.5226731138250015, 0.27311695237251554, -0.500739635546243, 0.17357034624965467, 0.10386552537160049, -0.22460869618364226, 0.5637581504501468, 0.5895909221905103, 0.15243110802367643], [-0.2158606376191775, 0.35356198701862757, 0.5425294115017842, -0.23209768571348116, -0.10062316093622198, -0.6148720271666788, 0.4882538286900865, -0.507801659367618, 0.6464004141836406, 0.35557521500978173, -0.030470271701053098, 0.6372364635506358, 0.025653499058151362], [0.44472807365572364, 0.5295283780697396, 0.3013365943756927, -0.11778526395820313, 0.43061436465940084, 0.3784673435476513, -0.03688277308996705, -0.24644849556426446, 0.028177218525144238, -0.6557160048264256, -0.46800503873555366, -0.5689035439577245, -0.0674127717333753]], "inverted": false, "swapped": true, "error_lsq": 0.04866833097106761, "error_max": 0.2637362380788732, "target": "929.xyz", "model": "13.xyz", "model_rescale": 3.9028299243045295, "target_rescale": 4.034143528769677},
{"mapping": [7, 6, 3, 14, 10, 13, 5, 12, 11, 1, 8, 4, 2, 0, 15], "R": [[-0.3790260590113462, 0.26563017155637525, -0.8864422477235943], [0.21357138099452583, 0.9571653501927788, 0.19550385574311924], [0.9004035272090056, -0.11521763905438241, -0.41952161307889185]], "T": [0.007551994516241854, 0.015272789581528366, -0.016653290915530333], "aligned_model": [[-0.35321533404841815, 0.43195285789267507, 0.20129257996516903, -0.4716798947558739, -0.6868142149545383, -0.5767398814657037, -0.3386420597429925, 0.019711332016856688, 0.15080261331296177, 0.5442795327411547, 0.0988162077654092, -0.4031921906149625, 0.6471583477437802, 0.12980042972781505, -0.012175790773587117], [-0.15710365436017118, 0.02053817560586285, -0.4977002190405238, 0.7195583656246407, 0.04059705036404651, 0.41668839873153196, -0.06260468479550672, 0.5094033915632817, 0.7265923732179796, 0.36993043092350614, -0.1798004938440206, -0.5209432920592193, -0.19134667486783644, -0.7515294513331794, 0.04156724362537591], [-0.829525514608469, -0.5307198674643173, -0.3133226745959127, -0.25617213456932875, -0.2860356418778264, 0.34406802005384407, 0.3523814085848841, 0.4731705423731146, -0.1557949399195165, -0.10797833069967613, 0.72505043499611, -0.07255321983726126, 0.2839492363150492, 0.27366731231688424, -0.1256979757247624]], "inverted": false, "swapped": false, "error_lsq": 0.04674322081855764, "error_max": 0.34551226566946075, "target": "929.xyz", "model": "14.xyz", "model_rescale": 3.942246331269136, "target_rescale": 4.034143528769677},
{"mapping": [10, 9, 6, 3, 4, 12, 13, 1, 5, 2, 0, 11, 7, 8, 14], "R": [[-0.2849282766768912, 0.6752126869656039, -0.6803702701548815], [0.20019374316028382, -0.6522215184110562, -0.7311152823741621], [-0.9374104449756315, -0.34452128857628794, 0.05066299801949026]], "T": [-0.09193458975369755, 0.021424989151387172, -0.07488562838486705], "aligned_model": [[-0.2208538261921245, 0.48867728205677424, 0.15195759343475734, -0.4546038847108106, -0.6003830405388886, -0.5402626260666613, -0.8109542554648016, -0.10117670906035907, 0.18484108142981365, 0.5890619420096261, 0.3717714336683643, -0.41264806995981923, 0.6958011431373521, 0.08914550984271048, -0.04901903877618867], [-0.11320113761620094, -0.0378420504356103, -0.4628104831090963, 0.6415706396637028, 0.06430029127263594, 0.3044492868244412, -0.18837382733813746, 0.7018949239714447, 0.5851642561921808, 0.32563695115434393, 0.0703310248100061, -0.6132043388107636, -0.2940467497505254, -0.5590949789978383, 0.05907315152518498], [-0.7635482108669214, -0.6294481392559997, -0.21207892167086045, -0.09582088922905246, -0.3635131708764932, 0.5471879017907745, 0.2412235670296335, 0.3650196873562895, -0.1663887694584928, 0.08743111301946983, 0.4937112467265898, -0.1670783849383868, 0.0296586455369678, 0.40370343375296386, 0.004427546426333806]], "inverted": false, "swapped": false, "error_lsq": 0.0582259285611929, "error_max": 0.4438420058761418, "target": "929.xyz", "model": "15.xyz", "model_rescale": 4.355366556412066, "target_rescale": 4.034143528769677},
{"mapping": [4, 2, 11, 7, 6, 8, 10, 9, 13, 1, 12, 14], "R": [[-0.5202742570801637, 0.782297497175871, 0.3425278431486295], [-0.7767080148712534, -0.266720300839846, -0.5706005088980025], [-0.35502022062755956, -0.5629128769465755, 0.7463844424378692]], "T": [-0.08177619101387448, -0.05884176975297059, -0.01949877047769412], "aligned_model": [[-0.46599141696700475, 0.43085070426289485, 0.16624944907194236, -0.6240534950090049, -0.3616692072614197, -0.2608937649123416, -0.15467924004391936, -0.21382594526080137, 0.48130421351842234, 0.37286206458195637, 0.37640631436199146, -0.1487511217109349], [-0.6276290683876034, -0.32584895620760757, -0.5138836719285668, 0.22151894306348233, -0.284423390983217, 0.08064472822374186, 0.37837670520739386, 0.6742307962456897, 0.05588517544208427, -0.05018908042343764, 0.48408890191757825, -0.07999465442855788], [0.018820016093959738, 0.017192748389197113, -0.552250569497084, 0.012095230478362376, -0.5844082056858425, 0.5388290760302759, -0.6312797366612947, 0.3276809528011321, -0.47931912635115415, 0.7335498706290937, 0.052135931285761314, -0.003787726302985725]], "inverted": true, "swapped": true, "error_lsq": 0.05524616250420084, "error_max": 0.32005698859920645, "target": "929.xyz", "model": "16.xyz", "model_rescale": 3.795458400668931, "target_rescale": 4.034143528769677},
{"mapping": [8, 3, 7, 1, 10, 4, 0, 12, 2, 11, 6, 13, 14], "R": [[0.40670172814204125, 0.3791074803634517, 0.8311866352743844], [-0.888687957169813, -0.04668344703491461, 0.4561297738081598], [0.2117248665311232, -0.9241743201936601, 0.31792201368726364]], "T": [0.01066644260573564, 0.06004408267148478, -0.03364282075344506], "aligned_model": [[0.05459167894108195, -0.0741049346530271, 0.4527205625845833, -0.34743887381282423, 0.5879507665474699, -0.3643065350493658, -0.7933790342503467, 0.30637648031588377, -0.42645599631083797, -0.34669713797463136, 0.061423045214767893, 0.025504591757337228, 0.012447187594131626], [-0.27831661304424105, 0.22376224607470044, 0.23009629176395402, -0.7221708938710278, 0.3264135444984252, 0.5091964081335294, 0.0342554579329066, -0.4957365890784998, -0.14524369692667352, 0.4804587965348468, 0.7081664815356015, -0.00476913954142294, 0.09766897145838654], [-0.5304850349331194, -0.8002899361394108, -0.4200821896175472, -0.21736375364350147, 0.3744514319949178, -0.3945667946137666, -0.19405130935845055, 0.3032545990592874, 0.2860544421055992, 0.46430001720682434, 0.12670355978074577, 0.6993207862242647, -0.09497078722954762]], "inverted": false, "swapped": true, "error_lsq": 0.05019449803735858, "error_max": 0.3337189563848766, "target": "929.xyz", "model": "17.xyz", "model_rescale": 3.7474275329858107, "target_rescale": 4.034143528769677},
{"mapping": [6, 10, 7, 13, 4, 0, 3, 9, 11, 8, 2, 12, 1, 14], "R": [[-0.3906922257226221, 0.8224702641164519, 0.413403252773993], [0.9195006759080311, 0.32754693075583574, 0.21732812785533734], [0.043336956106513, 0.4650329803321974, -0.8842320031749454]], "T": [0.04258935130841732, -0.04369371950612897, -0.012447965129671848], "aligned_model": [[0.2760803692003727, 0.17139403915898083, 0.6215706531079149, -0.5037062689671783, 0.3365619374679425, -0.2553518253165512, 0.6273163556014464, 0.2898323290744784, -0.27998157651056177, 0.24955890020422442, -0.5039884684038375, -0.3266809551380263, -0.3935734090293721, 0.10581556743304384], [-0.490759348371902, 0.13693331016436724, 0.14670831828964495, -0.014632302614302158, -0.6135323717144323, -0.5643055778191416, -0.19144081071265026, 0.7363303044415468, -0.6139466669202934, 0.253590184005319, -0.20231096584832828, 0.5514701412396278, 0.2939918768732108, -0.06768784950143335], [-0.45286152806663865, -0.7346210943232304, -0.05927424819125747, -0.504761993889346, 0.23548890058966127, 0.5470870324266699, 0.49549174630329307, 0.06370790714780276, -0.36339511603051794, 0.469273384953724, 0.09487721876346832, -0.15121349618487573, 0.6728137023004295, 0.01218230286247219]], "inverted": false, "swapped": true, "error_lsq": 0.04873625754964918, "error_max": 0.26703556476419116, "target": "929.xyz", "model": "18.xyz", "model_rescale": 3.922800546911778, "target_rescale": 4.034143528769677},
{"mapping": [9, 7, 11, 0, 2, 1, 6, 5, 3, 12, 8, 10, 13, 4, 14], "R": [[-0.18869768302866716, 0.2177531579554789, 0.9575890280386619], [-0.6389899079489901, 0.7132246641898131, -0.28810150282612146], [-0.7457111250068313, -0.6662538109397536, 0.004558228746056409]], "T": [-0.03421176205409323, 0.04372494519436141, 0.07134644870793466], "aligned_model": [[-0.2532450970142511, 0.4689040122745282, 0.20941892258625458, -0.3503386092965, -0.6034589529211831, -0.6677344784350426, -0.4208015941140402, 0.060017819591987216, 0.0693647457296597, 0.6164469770019938, 0.13333360318708734, -0.4666230337639414, 0.5651110809017069, 0.007531774686677602, 0.013427364394807795], [-0.08909072445043023, 0.0419357490018669, -0.5139380433201707, 0.790435204964968, 0.06817787068377415, 0.263112761636886, -0.3290761728562108, 0.722101998327625, 0.4946781210515422, 0.4831988400348807, 0.027756782734674572, -0.5848769122857792, -0.2831690752532341, -0.6535529792526015, 0.0461535383379781], [-0.7013938582439032, -0.5492035778470175, -0.29865313711821334, -0.1309657854321868, -0.36280635033028696, 0.3851951029375332, 0.5041690452081833, 0.4081833230414154, -0.370312224709389, 0.02530358161475251, 0.6596186836429851, -0.19034199989860007, 0.14728179046109732, 0.2608935729580072, -0.012481510941561302]], "inverted": false, "swapped": false, "error_lsq": 0.04812206839861828, "error_max": 0.2509503870333709, "target": "929.xyz", "model": "19.xyz", "model_rescale": 3.9282355846067225, "target_rescale": 4.034143528769677},
{"mapping": [4, 6, 10, 11, 0, 13, 2, 12, 1, 8, 7, 3, 9, 14], "R": [[0.7849923101255032, -0.04580291262666569, 0.6178099758329743], [0.6106508276472042, -0.11079988555833636, -0.7841102932968324], [0.10436780987263611, 0.9927867235993709, -0.059007471621953814]], "T": [-0.013848562824961191, -0.13709653572208055, 0.021511636033096956], "aligned_model": [[-0.6515625755764737, -0.17564031480545977, 0.5119410493805049, -0.2775196244709943, -0.7237633711613461, 0.32187400227224416, -0.1558993264163925, 0.5936135625289564, -0.05666661769956524, -0.03925578960767939, 0.11977249779598056, -0.46114971048362396, 0.5795745988756185, -0.052795561547092806], [-0.3657982250787299, -0.7426992033175537, -0.6398408552785367, -0.36303049624108996, 0.24692853064376805, -0.09858542081731195, 0.2357351554919422, 0.22278082246119843, 0.7258433584593402, 0.15497010967879374, -0.47940874363238895, -0.2324029433079609, 0.02888080024692158, -0.17049080188355664], [0.13823796370770597, -0.21390008066879523, -0.18231238816332912, -0.6356304695792345, -0.12488091344464704, -0.6322955426602728, -0.39830207208737795, -0.08485803209369178, 0.18690335760206428, 0.5481245109752112, 0.5100121468718188, 0.6638324242195053, 0.5652641164636849, 0.07198813610104099]], "inverted": false, "swapped": true, "error_lsq": 0.046573370619107664, "error_max": 0.29262666155155453, "target": "929.xyz", "model": "20.xyz", "model_rescale": 4.067790424073018, "target_rescale": 4.034143528769677},
{"mapping": [12, 3, 11, 0, 9, 7, 1, 8, 2, 4, 5, 10, 6, 13, 14], "R": [[0.742599028432191, 0.6624435539466004, -0.0985658196646455], [0.10025651291460042, 0.03555950682578671, 0.9943259792907513], [0.6621897874399533, -0.7482673715383454, -0.04000782550108403]], "T": [0.01538249511429219, 0.047403243268137475, -0.0034650729985347163], "aligned_model": [[-0.35626023104776705, 0.33477773143871237, 0.14892396740922367, -0.1533918546952233, -0.7295216037330685, -0.6085604474424758, -0.5927148576851867, -0.12162238649221227, 0.4806756109212905, 0.5435945657948034, 0.1448186933941846, -0.4451960648347559, 0.742861650805756, 0.02646758144963763, -0.03349782047317319], [-0.14213605686088832, 0.11842592207262437, -0.45600414034562753, 0.6732379257165831, -0.14338686708012063, 0.42926101909028297, -0.1190923337536314, 0.41743428677580313, 0.5750524855927011, 0.4678362515071947, -0.025578060228744003, -0.6301371664663679, -0.07526810061320957, -0.5945121428837213, -0.011286063167109846], [-0.6460928071456995, -0.7887595902081751, -0.3865837690701225, -0.2938169261215818, -0.11645585484639664, 0.1433129930963414, 0.521703408185621, 0.4082078384028218, -0.24597388726280262, 0.42862356224514103, 0.5678370544022219, -0.013119338673782056, -0.06076011746270281, 0.27572171565674125, -0.019357625854809053]], "inverted": true, "swapped": false, "error_lsq": 0.05039910955978809, "error_max": 0.346148452446693, "target": "929.xyz", "model": "21.xyz", "model_rescale": 4.186013935880536, "target_rescale": 4.034143528769677},
{"mapping": [13, 11, 2, 9, 7, 12, 10, 6, 0, 4, 5, 8, 14], "R": [[0.8423958212374396, 0.09248570578030085, -0.530863141108911], [-0.5347226074320153, 0.021637262872124485, -0.8447505915691979], [-0.06664092933630869, 0.9954788913290539, 0.06768133757152633]], "T": [0.08699942458076829, -0.02171606427027503, 0.0196554383648468], "aligned_model": [[0.09492630800259846, -0.34641727222857865, 0.29480931808850475, 0.5498087632351728, -0.08099651901413624, 0.5956810943542828, -0.24573561067986807, -0.5733345786400371, 0.17595633197468338, -0.308714809774838, -0.6101195910599888, 0.4586102669015859, 0.05410033426384414], [-0.33548689706456747, 0.14129388262446554, 0.22999236863043113, -0.5173157987665565, -0.25423554456228176, -0.47598310952670164, -0.688150285461981, -0.07479741582454244, 0.7732593945997907, 0.5049690544276391, 0.10296922686179502, 0.10779683997951439, 0.004644943629088169], [-0.6460333797810135, -0.5617068018728629, -0.45876211137936396, 0.48393413063273905, 0.5594489533647776, -0.19181764124648942, -0.10645413749595421, -0.07776741663212866, -0.16196436687789947, 0.21617945933211233, 0.49366960763385087, 0.4761654186343965, 0.07798784702318148]], "inverted": false, "swapped": true, "error_lsq": 0.05162159327881356, "error_max": 0.27019365576473703, "target": "929.xyz", "model": "22.xyz", "model_rescale": 4.166573947596378, "target_rescale": 4.034143528769677},
{"mapping": [13, 14, 10, 6, 5, 1, 0, 2, 12, 11, 4, 7, 9, 8, 15], "R": [[-0.7111085608344908, 0.5530961273767897, -0.43406138804171146], [-0.6831355668387179, -0.39752719939073733, 0.6126156405647025], [0.16628413041491064, 0.7321589988693404, 0.660524631143156]], "T": [0.0779508119059365, 0.06058250571379082, 0.03360518491312464], "aligned_model": [[-0.2764362075305797, 0.36841482576567025, 0.023324452046484367, -0.3155171601851208, -0.6800086955274598, -0.5458762581585324, -0.5575886861047337, -0.05543922770557247, 0.3080228064086121, 0.7153652843871587, -0.08606459146500017, -0.3727523505191596, 0.6306724973968822, 0.21377261834980826, 0.011465227651287005], [-0.13939337612337607, 0.007194269812961014, -0.47837134121989106, 0.6999954339758324, 0.006394636559895396, 0.29353894589421853, -0.28645093470793187, 0.5621320418326431, 0.5449726281038452, 0.5176801581640798, -0.0715868981695183, -0.47177217102284214, -0.17171837585907604, -0.6063215921769934, 0.0775535342919223], [-0.7088452350033125, -0.7003962565978137, -0.48358524886148585, -0.0906594282185954, -0.3034749852678411, 0.28790843794065557, 0.41098178797089574, 0.4619326289795725, -0.34297739820208784, 0.1164173447830602, 0.7375112223206706, -0.12404888318176543, 0.002233141775788927, 0.4704924716725227, 0.040997055232551816]], "inverted": true, "swapped": false, "error_lsq": 0.0418312910563745, "error_max": 0.26228149781777327, "target": "929.xyz", "model": "23.xyz", "model_rescale": 4.274766983524099, "target_rescale": 4.034143528769677},
{"mapping": [4, 2, 1, 8, 12, 9, 7, 10, 6, 13, 14], "R": [[-0.8586230874061432, -0.4741824723544861, 0.1947238472425244], [0.39030504755145357, -0.8510166890762526, -0.35132970948889386], [0.3323076340215501, -0.22565809940146186, 0.9157783894291892]], "T": [0.034806934119774646, 0.06826367858090435, -0.029858176993058295], "aligned_model": [[0.45012961285451686, 0.11763323569549894, -0.5758712819012265, -0.4352132831579357, -0.45225916425352103, -0.6954888724053833, -0.10187274057474005, 0.18559723905154288, 0.6336797848646962, 0.20604597868315253, 0.04751419510147431], [-0.24408317493718204, 0.6056481796310127, 0.45796560002088527, -0.16994124324050808, 0.4483851155177657, -0.18064283233961012, -0.5054531656337478, -0.010319669343597765, -0.13634700350417575, 0.646959753986813, 0.003414971085828125], [-0.4799194794537019, -0.2293152920195562, -0.5289148844522681, -0.3224483052502777, 0.3280674604881769, 0.2531256894474884, 0.13086715954530484, 0.706238108391296, 0.18885537033662436, 0.39138357725794154, -0.05837297026945083]], "inverted": false, "swapped": true, "error_lsq": 0.04320428589510447, "error_max": 0.20309420673346723, "target": "929.xyz", "model": "24.xyz", "model_rescale": 3.7841303162186577, "target_rescale": 4.034143528769677},
{"mapping": [14, 10, 13, 2, 12, 5, 3, 4, 8, 1, 6, 13, 7, 11, 15], "R": [[-0.43779683559815324, -0.2360833713994515, 0.8675243930224167], [0.6354458057036778, 0.6013601066638325, 0.48432907214709686], [-0.6360366017406919, 0.7633024720659122, -0.11325536360022867]], "T": [0.11617296876637126, 0.10966431104336807, -0.08865858595224922], "aligned_model": [[-0.22095258663886588, 0.5141668584534773, -0.3704724831774837, -0.3236247931831756, -0.606281096232749, -0.6806243979049663, -0.3877691552940773, -0.1256735140466633, 0.28211685929661123, 0.466486106553202, 0.20653218746190924, -0.3704724831774837, 0.6841810548240368, 0.20176222559513154, 0.11197975228084205], [-0.208462533617872, -0.22867654153687775, -0.5007450649674289, 0.7179251445820055, 0.06120747717810357, 0.3488413341250092, -0.18016011254392492, 0.47290634452056657, 0.6698466602703478, 0.6709061936454979, -0.1021360228196452, -0.5007450649674289, -0.19059052575011068, -0.6303827345019111, 0.08411240573943701], [-0.7324292228324621, -0.6651838989474365, -0.13941875785415686, -0.16207326360102334, -0.3142333310948225, 0.18927495563478064, 0.4690564189766911, 0.5165437328839145, -0.17874823268866918, 0.25093624397065434, 0.5961788271724113, -0.13941875785415686, 0.011438403290626065, 0.09690115822166902, -0.024337619935203086]], "inverted": true, "swapped": false, "error_lsq": 0.05626669421772544, "error_max": 0.49509808473683364, "target": "929.xyz", "model": "25.xyz", "model_rescale": 4.19342608120988, "target_rescale": 4.034143528769677},
{"mapping": [4, 2, 11, 7, 6, 8, 10, 9, 13, 1, 12, 14], "R": [[-0.5202742570801637, 0.782297497175871, 0.3425278431486295], [-0.7767080148712534, -0.266720300839846, -0.5706005088980025], [-0.35502022062755956, -0.5629128769465755, 0.7463844424378692]], "T": [-0.08177619101387448, -0.05884176975297059, -0.01949877047769412], "aligned_model": [[-0.46599141696700475, 0.43085070426289485, 0.16624944907194236, -0.6240534950090049, -0.3616692072614197, -0.2608937649123416, -0.15467924004391936, -0.21382594526080137, 0.48130421351842234, 0.37286206458195637, 0.37640631436199146, -0.1487511217109349], [-0.6276290683876034, -0.32584895620760757, -0.5138836719285668, 0.22151894306348233, -0.284423390983217, 0.08064472822374186, 0.37837670520739386, 0.6742307962456897, 0.05588517544208427, -0.05018908042343764, 0.48408890191757825, -0.07999465442855788], [0.018820016093959738, 0.017192748389197113, -0.552250569497084, 0.012095230478362376, -0.5844082056858425, 0.5388290760302759, -0.6312797366612947, 0.3276809528011321, -0.47931912635115415, 0.7335498706290937, 0.052135931285761314, -0.003787726302985725]], "inverted": true, "swapped": true, "error_lsq": 0.05524616250420084, "error_max": 0.32005698859920645, "target": "929.xyz", "model": "26.xyz", "model_rescale": 3.795458400668931, "target_rescale": 4.034143528769677},
