[{"mapping": [3, 2, 0, 6, 4, 5, 11, 1, 7, 9, 12, 13], "R": [[-0.05918811295612836, 0.9970125065703406, 0.04962689822081773], [0.1896839850199618, -0.03757545547060548, 0.981125920039382], [0.9800595661038363, 0.06748441959818102, -0.18689328505823088]], "T": [-0.02804027432597573, -0.024346441853858883, 0.09719179732999596], "aligned_model": [[-0.2834897049433451, -0.42669211862275097, -0.7187176212312884, 0.20045056338912143, 0.3184830029520777, 0.2550303531333396, 0.6027293743916609, -0.4439503014063249, 0.4332221233241559, -0.07726902909304921, -0.1717935454993875, 0.09082198904265767], [-0.28594878211241775, 0.25404368168911323, 0.3164801350630017, -0.2886649337227431, 0.3900691244201438, -0.7219120128409463, -0.08045026365623223, -0.28767569547593536, 0.5470497901152881, 0.6975789724231654, 0.18541309932620736, 0.08703768272124623], [-0.276318724297226, -0.4984875556462611, 0.14425007523729486, -0.5828625799988064, -0.6912151935987727, 0.17252143615062146, 0.3905241212888083, 0.3983905140998971, -0.08207847092712921, 0.21183645568465653, 0.6172453906109938, 0.09491114064335493]], "inverted": false, "swapped": false, "error_lsq": 0.054894668095604, "error_max": 0.3175407082951596, "target": "931.xyz", "model": "0.xyz", "model_rescale": 3.8414455957264533, "target_rescale": 3.7834209257086915},
{"mapping": [11, 1, 0, 10, 3, 8, 6, 13, 5, 4, 7, 14], "R": [[-0.8164671630306763, 0.546888921824215, 0.18518606556268405], [0.5572140918125947, 0.8303566499343183, 0.004504419532122696], [-0.15130706387378082, 0.10686599597535079, -0.9826931521721783]], "T": [0.026104909325660022, 0.05876064046187239, 0.10889927937592164], "aligned_model": [[-0.5847922237151755, -0.38533312187827384, -0.6375711036673599, 0.4508973803409128, 0.09936595266991424, 0.20305518131254058, 0.7807189270297881, -0.47179165083035957, 0.5656582615983093, -0.057619669680875604, -0.19640231905726035, 0.01263947131470674], [-0.3237160227563853, 0.2976796900532971, 0.33718067290194914, -0.22529029337704715, 0.5544725462931313, -0.6991699116721882, -0.011580775481058028, -0.4346658152463704, 0.30712231883458224, 0.5955197559998641, 0.35266417124648514, 0.062804461153631], [-0.3458332761618242, -0.6136893486761001, 0.1956967725478006, -0.34634540644081957, -0.4929972299886937, 0.2450325849484311, 0.2976767761047958, 0.39782201789148836, -0.17662032021354696, 0.08249697634679069, 0.63527010877741, 0.020206954111699704]], "inverted": true, "swapped": false, "error_lsq": 0.04531837166900909, "error_max": 0.25006299996990655, "target": "931.xyz", "model": "1.xyz", "model_rescale": 4.316132596720782, "target_rescale": 3.7834209257086915},
{"mapping": [6, 3, 4, 10, 7, 8, 1, 2, 9, 5, 0, 11], "R": [[0.7751310481733442, 0.10556375212780006, 0.6229190576586926], [-0.6125502537104495, -0.11595855313719242, 0.7818796586646779], [0.1547709431287323, -0.9876284261760744, -0.025219971689385487]], "T": [0.03602456956310713, 0.08322945570721327, -0.0033589303524259187], "aligned_model": [[-0.4890330341724189, -0.33504431918575733, -0.7166306773285985, 0.3289187610893055, 0.29839908160980627, 0.1615063725448, 0.40566777839985435, -0.2416536193603493, 0.6516654735814058, -0.08291523082973029, -0.11876101108560008, -0.08329448982585033], [-0.40898507556677555, 0.33244820610254144, 0.1032558914302256, -0.2872507736650626, 0.570832474351494, -0.6683600485736574, -0.08569593317853555, -0.3892509163491725, 0.49236966502489876, 0.7155905570801311, 0.3904775799653226, 0.04758917132848113], [-0.4010212631949331, -0.48420703848345037, 0.16228753757056022, -0.42072350815433995, -0.7061135329108145, 0.0766638788221479, 0.35639845255371944, 0.6293989405292015, 0.05615637567068989, 0.038266101418621926, 0.617571075968384, -0.025960410542355084]], "inverted": false, "swapped": false, "error_lsq": 0.054897885821764164, "error_max": 0.3518226314959571, "target": "931.xyz", "model": "2.xyz", "model_rescale": 3.795458400668931, "target_rescale": 3.7834209257086915},
{"mapping": [8, 7, 9, 1, 0, 6, 2, 3, 10, 4, 5, 11], "R": [[0.9522535142021494, -0.007866393242296571, 0.30520708469335117], [-0.22061639725494273, -0.7087643141643298, 0.6700608571088276], [0.21104892786248924, -0.7054014933529167, -0.6766587642405655]], "T": [0.046111997151493354, 0.09023808183679918, -0.041886007680329185], "aligned_model": [[-0.39725943297427785, -0.4798427736197612, -0.7893039813073102, 0.24560695097276627, 0.3783086974266375, 0.08310653438132928, 0.7411759956490582, -0.3874490954129739, 0.5131634673837242, 0.004586434032125435, -0.17073572685636054, 0.037468015761910015], [-0.5429381366582857, 0.2880111771208468, 0.13414666189544408, -0.27136062622816337, 0.5096381759385761, -0.4605595571851542, -0.20085424137933236, -0.3446439282581424, 0.49590097426066415, 0.7279644833272881, 0.2900201784400924, 0.1876956366760575], [-0.15622142787821974, -0.5591477194865444, 0.19200888824565404, -0.5169828185360217, -0.6128123230393847, 0.16438968571056964, 0.09909841972990113, 0.4679889199696366, 0.3534762025325062, 0.008466725842365241, 0.5959923459409786, -0.13754028978400884]], "inverted": true, "swapped": false, "error_lsq": 0.05431549612102049, "error_max": 0.3815868513203728, "target": "931.xyz", "model": "3.xyz", "model_rescale": 3.7530521520055578, "target_rescale": 3.7834209257086915},
{"mapping": [1, 3, 8, 6, 9, 5, 2, 0, 7, 10, 11], "R": [[-0.6123141607973285, -0.5538518515017321, -0.5641980991417529], [-0.30531290263411753, 0.8239089796894004, -0.47744949960420074], [0.7292841695609426, -0.12009213036363037, -0.6735892518831722]], "T": [-0.06720398837731265, -0.04538869865192012, -0.05077079964892349], "aligned_model": [[-0.43199419818632134, -0.21591606819059767, 0.49013977287001653, 0.38539564094484735, 0.3078619013163666, -0.1367035830770298, -0.31361769481511115, -0.7069918073077415, -0.28997509130112886, 0.3431553222449387, -0.09315459205303388], [-0.7303975886427028, 0.06047821477754316, -0.22716853654578434, 0.44820985419087, -0.6017223216121103, 0.7393959113434015, -0.3729423337343774, 0.09563565439888587, 0.27371458889749023, -0.05028982594909452, -0.16771025880977541], [-0.0547432587832951, -0.6436346391197323, -0.41465073385788875, -0.44024003250890903, 0.1386533426014725, -0.08211329790867768, 0.5813284305888189, 0.02372263094816636, 0.604249248949698, 0.45176618871147967, -0.07150710237581637]], "inverted": true, "swapped": true, "error_lsq": 0.05346675821580796, "error_max": 0.3181130269507947, "target": "931.xyz", "model": "4.xyz", "model_rescale": 3.7855080009869324, "target_rescale": 3.7834209257086915},
{"mapping": [6, 12, 1, 8, 14, 7, 10, 4, 9, 2, 0, 16], "R": [[0.699022317615768, 0.5884490600061202, -0.4063194596041321], [0.4977168117036114, -0.808343739879054, -0.3144175146933391], [-0.5134644825327963, 0.017552833852624766, -0.8579313044766871]], "T": [0.013436060510328147, 0.042893088424454835, -0.08350458963190638], "aligned_model": [[-0.30551998043824247, -0.420264572859989, -0.6641173163832201, 0.3825070907580465, 0.14695301887622209, 0.13024633060184304, 0.6820058121869639, -0.43931340272251035, 0.5600157081649259, -0.013931929476783782, -0.3114908072047241, 0.031735133934335795], [-0.5168936048713426, 0.3709075049272238, 0.2887804571111988, -0.43019922351638246, 0.5859655049158928, -0.5981406900403864, -0.17260412290019223, -0.3107925654403928, 0.49632677418218224, 0.7557621897317297, 0.2535675589326978, 0.09034101491766236], [-0.18830425574937562, -0.49262017988811574, 0.14793603422187657, -0.4513090390040984, -0.46421835456264743, 0.28636096370355174, 0.11024708940243524, 0.3822476681811071, -0.032882453772375586, 0.10847021367341025, 0.5936310551494548, -0.10084213210779117]], "inverted": false, "swapped": false, "error_lsq": 0.03658281937625224, "error_max": 0.20015089185284318, "target": "931.xyz", "model": "5.xyz", "model_rescale": 4.2253639853439635, "target_rescale": 3.7834209257086915},
{"mapping": [0, 4, 3, 9, 10, 12, 11, 7, 5, 2, 6, 13], "R": [[-0.3432922109582955, 0.8287504020896024, 0.44195387647546136], [-0.8978936914483424, -0.4276390891206597, 0.10445921842193484], [0.27556737243845497, -0.3609675615514152, 0.890934926217954]], "T": [0.05499824179596758, 0.07146501915463235, -0.15873801555463238], "aligned_model": [[-0.48457880906605055, -0.4949697607412764, -0.5472549930646095, 0.2152599945679055, 0.30753838274806794, 0.20694126656558648, 0.6047856256122617, -0.38185090514397035, 0.4633430828434101, -0.0915375176071303, -0.02341102660968746, 0.004559745332360143], [-0.48898080783149944, 0.4104581040292491, 0.18962240731954141, -0.4243039533163391, 0.6981283365906069, -0.6562571840385516, -0.07381356142664067, -0.3402725843502944, 0.5106392614857087, 0.7049141418870923, 0.19577370631014263, 0.08711293129087516], [-0.3532109713183518, -0.4477539265334408, 0.19670444873510254, -0.4767407262646616, -0.5486470282449925, 0.4057772425850823, 0.37246981141510815, 0.35993932606034484, 0.044046949651244616, 0.0069155149325468845, 0.46745469044638177, -0.1282387222169326]], "inverted": false, "swapped": false, "error_lsq": 0.0442875155275109, "error_max": 0.2463710703713192, "target": "931.xyz", "model": "6.xyz", "model_rescale": 3.89814844738969, "target_rescale": 3.7834209257086915},
{"mapping": [11, 7, 4, 8, 3, 9, 5, 10, 6, 0, 2, 12], "R": [[0.9154977600213327, -0.0370391682118838, 0.4006144673050318], [-0.30381070468527444, 0.5891320796069929, 0.7487472527472652], [-0.2637478096867528, -0.8071873963313054, 0.5280962034415024]], "T": [-0.06599808595398846, 0.14762783536025875, -0.02157125664475361], "aligned_model": [[-0.430036964908766, -0.4024291015362019, -0.6935187850711125, 0.18536744141293707, 0.3057593494711609, 0.3877394352303125, 0.47640325287823093, -0.24227803347829496, 0.6009444031374552, 0.05990324792895596, -0.31523246270434446, -0.15379669692346565], [-0.4891142628742405, 0.4297985264210453, 0.17487126742683415, -0.19677059387668733, 0.5633775561804615, -0.6028702199038707, -0.034042372032071444, -0.3222867530615773, 0.19965018119980027, 0.724330956071604, 0.2909636147041713, 0.0751128976944217], [-0.36417243026837987, -0.5099036766278575, 0.12324364581028958, -0.5468253531593886, -0.6058062397756432, 0.1481956716684476, 0.5031890004287711, 0.5141612537942626, -0.12085490487364871, 0.02915104768578393, 0.62564194186614, 0.10269665269865501]], "inverted": true, "swapped": false, "error_lsq": 0.06278986485847173, "error_max": 0.39908691099611343, "target": "931.xyz", "model": "7.xyz", "model_rescale": 3.7474275329858107, "target_rescale": 3.7834209257086915},
{"mapping": [0, 2, 3, 12, 4, 10, 11, 6, 9, 8, 5, 14], "R": [[-0.2665688340005867, -0.49936264788580553, -0.8243652119273621], [-0.6326090056574443, 0.7359417238274124, -0.24123769417534374], [0.7271498488624388, 0.45719440616264534, -0.512080435354563]], "T": [0.043103655410642545, -0.0014428439718956743, -0.11605322699557089], "aligned_model": [[-0.46074317885579574, -0.45657777485256323, -0.6023760525781933, 0.4155113797261435, 0.16155977472278843, 0.19130549040515993, 0.622497488935936, -0.39496260653355947, 0.4812862612281543, -0.07258263106760937, -0.14799373418091993, 0.04190066848732574], [-0.4248951763171498, 0.4399873296257306, 0.19227587682251793, -0.36512926791015976, 0.6472846492590597, -0.6681267663627538, -0.10928823730407536, -0.2891818382286113, 0.3940826585341919, 0.6656998360047184, 0.3075409500704124, 0.022770783756010538], [-0.08380842186336127, -0.6299086209903532, 0.12882131388819573, -0.4472439435208121, -0.5371786633792134, 0.21384391366809183, 0.08181570032693428, 0.5102392923020111, 0.3655026066464697, -0.033909185635180375, 0.5012248843386955, -0.17068226653404617]], "inverted": true, "swapped": false, "error_lsq": 0.04811214647930346, "error_max": 0.389814451240601, "target": "931.xyz", "model": "8.xyz", "model_rescale": 4.019505241142653, "target_rescale": 3.7834209257086915},
{"mapping": [1, 0, 7, 2, 3, 10, 6, 9, 5, 4, 8, 12], "R": [[-0.6815669808967271, -0.6259135107887193, 0.37907615008525736], [-0.6750810872603974, 0.73773080927479, 0.004333436290487956], [-0.2823685113015271, -0.2529536124646249, -0.9253553337861387]], "T": [0.03534804998565098, -0.001268221183152729, 0.038537098358353394], "aligned_model": [[-0.3172827641896155, -0.37629492369318845, -0.7734041536525764, 0.2830889575587618, 0.32645555674198734, 0.20525477315359114, 0.6951955057316908, -0.33850822289481053, 0.5133037915009725, -0.2089972037688088, -0.2876578953059684, 0.05767166425483189], [-0.5317636362548717, 0.22785914529924203, 0.4051522752100598, -0.039916616615264425, 0.5872883692061318, -0.8839623383630274, -0.30176214538772567, -0.23570191806898458, 0.46306970168001177, 0.7748426124766493, 0.3231121653150953, 0.024803183452574505], [-0.18625486246883027, -0.4094548549407818, 0.05659930468819957, -0.4972827467967442, -0.5158259299554192, 0.21221081293878014, 0.08718455079434195, 0.5606600632074535, 0.11899405384151036, -0.12128168053410587, 0.5351067868690563, 0.05806111160397135]], "inverted": true, "swapped": false, "error_lsq": 0.055738525433762315, "error_max": 0.24987750343781717, "target": "931.xyz", "model": "9.xyz", "model_rescale": 3.877068213659057, "target_rescale": 3.7834209257086915},
{"mapping": [12, 10, 11, 3, 14, 5, 4, 0, 2, 9, 8, 15], "R": [[-0.43813762907149956, -0.7967732389044525, 0.41615841185456454], [-0.6804547439358865, 0.5964935521266437, 0.4256486623102277], [-0.5873812726387796, -0.09668426985320439, -0.8035144009389006]], "T": [0.09329714681153031, 0.0528923443191505, -0.06453072544077215], "aligned_model": [[-0.42296281914497424, -0.3986615143760879, -0.6262371699201241, 0.3807197195077613, 0.11174331668237575, 0.09185779613974407, 0.7114043438647863, -0.4505390098246653, 0.5342528389967092, -0.03734588679166809, -0.14516975174525895, 0.029763222048269117], [-0.4619511239446977, 0.38824398940076493, 0.1485817074450292, -0.4597812998222927, 0.687955838124817, -0.6872211199806137, -0.1454079506899212, -0.30742355486099493, 0.5385133472939029, 0.6932578562556615, 0.40792099105337737, 0.010332117674858372], [-0.22764745189814875, -0.4501817714440461, 0.06877039643664803, -0.3039369535043662, -0.5182659392946468, 0.1869159497696487, 0.1270708551770644, 0.39173753245907844, 0.03589674564553133, 0.02771737910830109, 0.577661717755866, -0.01702185096349816]], "inverted": false, "swapped": false, "error_lsq": 0.03828099421888784, "error_max": 0.2541445248496339, "target": "931.xyz", "model": "10.xyz", "model_rescale": 4.260839863003843, "target_rescale": 3.7834209257086915},
{"mapping": [7, 8, 1, 10, 9, 6, 5, 0, 4, 2, 3, 11], "R": [[0.6465726569335728, -0.7476902770798376, -0.151337532906202], [0.6632728098817847, 0.6489990474065863, -0.372651869895839], [0.3768460945497275, 0.1405684389385431, 0.9155476694290685]], "T": [-0.025328218653956996, 0.08986535990143438, -0.0446170777204016], "aligned_model": [[-0.43099314690828555, -0.3691086508154287, -0.67323552222768, 0.31297175385602505, 0.3200733702184026, 0.21034854038383907, 0.4898587560047682, -0.3969071117119556, 0.6047973949149322, -0.14747547084471968, -0.059564682878990596, -0.0819401445540398], [-0.39047185291733755, 0.3478154101824905, 0.27883467980438226, -0.21937946184359394, 0.4947279040488546, -0.6807051588119349, -0.07095779641924865, -0.5249518492174119, 0.4626046365969618, 0.7514810478537225, 0.29634271387488664, 0.06768052479811984], [-0.22986760335568693, -0.619847634177215, 0.2157045795663793, -0.4726995007020415, -0.6383487712555695, 0.18761744941429695, 0.361989852595525, 0.4593305337037752, -0.055105229804880355, 0.0884312457531238, 0.633636590331793, -0.03212490282206779]], "inverted": true, "swapped": false, "error_lsq": 0.043416158318097114, "error_max": 0.29057946488602565, "target": "931.xyz", "model": "11.xyz", "model_rescale": 3.890672605050136, "target_rescale": 3.7834209257086915},
{"mapping": [6, 8, 5, 0, 3, 11, 2, 9, 4, 7, 12, 13], "R": [[-0.8195387817017938, -0.5406169287789526, 0.18997242327336009], [-0.5026848807265469, 0.5191371827693636, -0.6912340386260112], [0.2750710744074648, -0.6619893668208738, -0.6972130106649057]], "T": [-0.008512282597629862, -0.09558501822579998, -0.032232549363070115], "aligned_model": [[-0.29888840471513134, -0.39696005607707713, -0.6447373371973348, 0.2781705944092378, 0.24799926620903384, 0.16331730511504206, 0.6305741453865408, -0.5592998880630037, 0.5960994761868614, -0.19574870902493002, -0.06944456592409631, 0.027743259131724384], [-0.5213554748798364, 0.19130708931123455, 0.27249416023703854, -0.013929317496528287, 0.6138714469316153, -0.5156843252178392, -0.26095373467437377, -0.3500791061058509, 0.2548756569626518, 0.7291977468369523, 0.35290037266663554, 0.06037628337819098], [-0.2900300859808057, -0.5670150207941665, 0.22214429729712437, -0.5419774015358926, -0.56508947704365, 0.27881942209275223, 0.23193758303889694, 0.45529815625578846, 0.019526315685538767, 0.07565665932147071, 0.5596122425796787, 0.019833918330696754]], "inverted": true, "swapped": false, "error_lsq": 0.04213593412065484, "error_max": 0.2692914753660386, "target": "931.xyz", "model": "12.xyz", "model_rescale": 4.124412569039231, "target_rescale": 3.7834209257086915},
{"mapping": [9, 8, 6, 10, 2, 7, 5, 3, 4, 1, 0, 12], "R": [[0.799361525390049, -0.5369913087372491, 0.26955794565686825], [0.08312215927342674, 0.5431450578901156, 0.8355143043223536], [-0.595072985745293, -0.6454717502960141, 0.4788051390764126]], "T": [-0.044814315865812554, -0.00040763619061977285, 0.050905060278923595], "aligned_model": [[-0.460083014033963, -0.4138824890145687, -0.6855424520345573, 0.43018513149544435, 0.21064408628459683, 0.16955876703863726, 0.5876610370083646, -0.49360487369424977, 0.5915502762570386, -0.2843801375547935, 0.09369508954983016, 0.033023664135087796], [-0.4264897044896913, 0.22571464426074317, 0.19171085758998546, -0.17093821225404493, 0.5511070835557861, -0.588107824542821, -0.24640061927429213, -0.178807234183472, 0.46124951299174555, 0.7776251363916697, 0.20055858745263933, 0.0157985704516432], [-0.18286245542013002, -0.5214178544733669, 0.037837747882036935, -0.48752276211836687, -0.5598060271615487, 0.009307651070254677, 0.3873694110688609, 0.5757993300189884, 0.06465417845630932, 0.039178135058230854, 0.57739828431889, -0.04121902945272682]], "inverted": false, "swapped": false, "error_lsq": 0.05029437504410647, "error_max": 0.32518822636685873, "target": "931.xyz", "model": "13.xyz", "model_rescale": 3.9028299243045295, "target_rescale": 3.7834209257086915},
{"mapping": [13, 9, 11, 4, 7, 8, 0, 12, 3, 6, 1, 15], "R": [[-0.2369479207810533, -0.9215961075518068, -0.3074350295312724], [-0.961278013701771, 0.26823463142324633, -0.06320413656409724], [0.14071340807156052, 0.28055444578654226, -0.9494677138998949]], "T": [-0.004374881865801714, 0.00331989411611025, 0.016604317887290346], "aligned_model": [[-0.463715895782708, -0.3764929094061979, -0.6967929304229044, 0.47850284080728944, 0.10663536815211845, 0.21620322308532886, 0.7776292405876579, -0.4828498775654798, 0.5212195478452939, 0.029064620115234426, -0.2954003751160031, -0.035177766862762624], [-0.5820455478364893, 0.5923518601362096, 0.22259222733409717, -0.1709432627934124, 0.5263594222178763, -0.6046657178064089, -0.21910925665289302, -0.3974997276578629, 0.3365986211919776, 0.6593737085735638, 0.3604985108327875, 0.08950996041044558], [-0.2644730453006052, -0.3231234746902433, 0.15200586239635394, -0.4259165640750018, -0.7146509947574868, 0.4387487894476694, 0.17850315852150628, 0.324249565294183, -0.020344711511445332, 0.13010962389684388, 0.4747815257246554, -0.05117312569899768]], "inverted": false, "swapped": false, "error_lsq": 0.04699162721138284, "error_max": 0.31791192500559673, "target": "931.xyz", "model": "14.xyz", "model_rescale": 3.942246331269136, "target_rescale": 3.7834209257086915},
{"mapping": [8, 6, 11, 0, 9, 12, 1, 13, 5, 10, 4, 14], "R": [[-0.01670692594487158, -0.39073628172534847, -0.9203510399673169], [0.8968608350438437, 0.40104981105546755, -0.18654675450629898], [0.4419971959073182, -0.8285434250513506, 0.3437357584166141]], "T": [0.020902086774193522, 0.12755714419055542, -0.014820561221754723], "aligned_model": [[-0.39963945265489564, -0.3514027461207639, -0.6930323952469534, 0.2952763755744002, 0.12178410732352174, 0.1824180756938938, 0.6921216048595477, -0.40422693185682185, 0.6341367203630947, -0.2222519440619505, -0.1560373620269057, 0.07967903359069975], [-0.3512674694140021, 0.27150398325188696, 0.1385802988369846, -0.3658290428638352, 0.7549838909285712, -0.5356232881157983, -0.27154614549941114, -0.29849908476095366, 0.28798907646680977, 0.7825481991299548, 0.3428642357414473, 0.05731614424823685], [-0.4538111411991038, -0.40655747327591624, 0.05065516022816645, -0.48599600936986054, -0.5091087378353536, 0.4348243627927364, 0.20156418519196564, 0.5316876764057904, -0.04619630762415401, 0.1296209538653912, 0.5009306042722883, -0.04889666420451842]], "inverted": false, "swapped": false, "error_lsq": 0.04467850605411126, "error_max": 0.23755409623342627, "target": "931.xyz", "model": "15.xyz", "model_rescale": 4.355366556412066, "target_rescale": 3.7834209257086915},
{"mapping": [6, 3, 4, 10, 7, 8, 1, 2, 9, 5, 0, 11], "R": [[0.7751310481733442, 0.10556375212780006, 0.6229190576586926], [-0.6125502537104495, -0.11595855313719242, 0.7818796586646779], [0.1547709431287323, -0.9876284261760744, -0.025219971689385487]], "T": [0.03602456956310713, 0.08322945570721327, -0.0033589303524259187], "aligned_model": [[-0.4890330341724189, -0.33504431918575733, -0.7166306773285985, 0.3289187610893055, 0.29839908160980627, 0.1615063725448, 0.40566777839985435, -0.2416536193603493, 0.6516654735814058, -0.08291523082973029, -0.11876101108560008, -0.08329448982585033], [-0.40898507556677555, 0.33244820610254144, 0.1032558914302256, -0.2872507736650626, 0.570832474351494, -0.6683600485736574, -0.08569593317853555, -0.3892509163491725, 0.49236966502489876, 0.7155905570801311, 0.3904775799653226, 0.04758917132848113], [-0.4010212631949331, -0.48420703848345037, 0.16228753757056022, -0.42072350815433995, -0.7061135329108145, 0.0766638788221479, 0.35639845255371944, 0.6293989405292015, 0.05615637567068989, 0.038266101418621926, 0.617571075968384, -0.025960410542355084]], "inverted": false, "swapped": false, "error_lsq": 0.054897885821764164, "error_max": 0.3518226314959571, "target": "931.xyz", "model": "16.xyz", "model_rescale": 3.795458400668931, "target_rescale": 3.7834209257086915},
{"mapping": [11, 7, 4, 8, 3, 9, 5, 10, 6, 0, 2, 12], "R": [[0.9154977600213327, -0.0370391682118838, 0.4006144673050318], [-0.30381070468527444, 0.5891320796069929, 0.7487472527472652], [-0.2637478096867528, -0.8071873963313054, 0.5280962034415024]], "T": [-0.06599808595398846, 0.14762783536025875, -0.02157125664475361], "aligned_model": [[-0.430036964908766, -0.4024291015362019, -0.6935187850711125, 0.18536744141293707, 0.3057593494711609, 0.3877394352303125, 0.47640325287823093, -0.24227803347829496, 0.6009444031374552, 0.05990324792895596, -0.31523246270434446, -0.15379669692346565], [-0.4891142628742405, 0.4297985264210453, 0.17487126742683415, -0.19677059387668733, 0.5633775561804615, -0.6028702199038707, -0.034042372032071444, -0.3222867530615773, 0.19965018119980027, 0.724330956071604, 0.2909636147041713, 0.0751128976944217], [-0.36417243026837987, -0.5099036766278575, 0.12324364581028958, -0.5468253531593886, -0.6058062397756432, 0.1481956716684476, 0.5031890004287711, 0.5141612537942626, -0.12085490487364871, 0.02915104768578393, 0.62564194186614, 0.10269665269865501]], "inverted": true, "swapped": false, "error_lsq": 0.06278986485847173, "error_max": 0.39908691099611343, "target": "931.xyz", "model": "17.xyz", "model_rescale": 3.7474275329858107, "target_rescale": 3.7834209257086915},
{"mapping": [1, 11, 7, 8, 10, 0, 4, 2, 5, 12, 9, 13], "R": [[0.2050401300650142, 0.9327808096749053, -0.29644309093846344], [0.530259094698051, -0.3604440825020396, -0.7674016913450648], [-0.8226687289261245, 0.0001564975749823172, -0.5685210092473132]], "T": [-0.05369440149418466, 0.04604767925295844, -0.045323180797949246], "aligned_model": [[-0.5266699535415303, -0.5008318119059311, -0.7199034806269771, 0.5385491449710373, 0.22193785896356358, 0.1478433363249332, 0.6666601298274174, -0.38536650149743107, 0.493322085238269, -0.12436695518695959, 0.029347248840205835, -0.06169601596973028], [-0.40220817490160066, 0.29992059515188846, 0.34887030086604703, -0.20623132110492148, 0.4269390257804603, -0.7517584416264171, -0.11641155232661357, -0.3743640269429253, 0.5176489757013505, 0.7788043373444271, 0.3300229325528467, -0.03821185254465055], [-0.27744218732553133, -0.552623230659278, 0.13323550635199047, -0.36541276024005637, -0.5506824684328704, 0.1031029776210586, 0.3340475736094188, 0.42059563099503355, -0.00550965167313263, 0.08624426764832838, 0.55483205385312, 0.018328897499350606]], "inverted": true, "swapped": false, "error_lsq": 0.04644312809839349, "error_max": 0.2380217597301257, "target": "931.xyz", "model": "18.xyz", "model_rescale": 3.922800546911778, "target_rescale": 3.7834209257086915},
{"mapping": [8, 5, 12, 1, 0, 4, 10, 13, 2, 3, 7, 14], "R": [[0.659345748242447, -0.20567810191756425, -0.7231595278126367], [0.07020103424114271, 0.9744930605909443, -0.2131550835696116], [0.7485552745563161, 0.08977635129410338, 0.6569666716677766]], "T": [0.009228544586927297, -0.01928530751812131, -0.004482959355774384], "aligned_model": [[-0.33996952351841375, -0.43652680616630546, -0.6930233191722321, 0.3638843700973412, 0.0854827403239784, 0.1561987517957803, 0.7015915249509664, -0.41681190141175267, 0.6463527369635561, -0.08412642994800792, -0.20153749642079447, -0.002689562057248865], [-0.4448219214361575, 0.22629596816516856, 0.3224273617831531, -0.08040557619551052, 0.6558353727057237, -0.6488455675881203, -0.2804991917452226, -0.3083431138732053, 0.3060814531088069, 0.6113724783701475, 0.41283070978313335, 0.0410928248719742], [-0.27163451459790405, -0.5732761770494679, 0.08873085964279459, -0.6513728898108527, -0.49114506024659405, 0.3209717628802798, 0.3164554418549902, 0.4502134995908704, -0.04106433925530608, 0.047525207437464204, 0.6335330612959712, 0.06977975750518667]], "inverted": false, "swapped": false, "error_lsq": 0.04153465538573916, "error_max": 0.27135502433883185, "target": "931.xyz", "model": "19.xyz", "model_rescale": 3.9282355846067225, "target_rescale": 3.7834209257086915},
{"mapping": [10, 1, 2, 4, 3, 9, 8, 12, 6, 5, 7, 13], "R": [[0.5229560969027991, -0.8253049370612668, 0.21304619586955487], [-0.21322138022396064, 0.11533449792868783, 0.9701724571450825], [-0.8252596947189288, -0.5527836054459612, -0.11565777891082163]], "T": [0.06182878540218129, 0.03247324288297593, -0.009736004469198341], "aligned_model": [[-0.6712583668554502, -0.37793789453803595, -0.6988290435652291, 0.513815225313875, 0.2426317139442435, 0.1719694621825253, 0.7394321799240893, -0.29485608488176074, 0.4431148169172344, -0.07656855740542837, -0.16183484687065477, -0.05085351872854133], [-0.39961408281262056, 0.34690647862324636, 0.3466602757006762, -0.09934752005139916, 0.4831618314366431, -0.5923501579501064, -0.27062257641204535, -0.47729955262402846, 0.5260141237202907, 0.7162222753353955, 0.1939652135819425, 0.039324489401896486], [-0.14433956742162982, -0.5286173047517143, 0.027712440086922335, -0.4312800585550842, -0.5846665796864797, 0.26574461976331265, 0.1564209790928931, 0.5696619119397812, 0.18489805003024828, -0.041729572147170824, 0.5488270621382425, -0.12391537124188924]], "inverted": true, "swapped": false, "error_lsq": 0.05263612113471347, "error_max": 0.2972371658112942, "target": "931.xyz", "model": "20.xyz", "model_rescale": 4.067790424073018, "target_rescale": 3.7834209257086915},
{"mapping": [11, 9, 12, 5, 1, 6, 4, 3, 8, 7, 0, 14], "R": [[-0.876212433586121, 0.37733049571499516, -0.2997890395470849], [0.48178134467168393, 0.6706479082333372, -0.5640196087979508], [-0.011768906297174725, -0.6386337606059715, -0.7694208293637774]], "T": [0.005018109825704699, -0.014396277677687933, -0.028267312467864063], "aligned_model": [[-0.45881232711455844, -0.4386434185588118, -0.7501286007302874, 0.5118055642388916, 0.16398318226556405, 0.18060272168079147, 0.7252115684965982, -0.5179235854318688, 0.44216551575343255, 0.04052523484870927, -0.07145575751953034, -0.048505012492063175], [-0.43631173704392134, 0.5131180290365848, 0.10874648365343043, -0.06952973818025744, 0.5099115127722407, -0.7074301241973457, -0.19272108178573844, -0.37943873620243423, 0.3498877121077987, 0.7308360806059183, 0.3896535798172066, -0.003701182633591083], [-0.186004197484441, -0.38735365850759496, 0.011772327464323794, -0.3259129044733556, -0.6391163510170975, 0.16260184259192376, 0.2750380469700465, 0.5347788699063385, 0.008708585109872692, -0.022616343662291365, 0.5508298208289412, -0.08400942847923415]], "inverted": false, "swapped": false, "error_lsq": 0.043122308947219794, "error_max": 0.24459332024094887, "target": "931.xyz", "model": "21.xyz", "model_rescale": 4.186013935880536, "target_rescale": 3.7834209257086915},
{"mapping": [2, 5, 0, 11, 3, 9, 10, 1, 4, 6, 7, 12], "R": [[0.21338981224209683, -0.16109968943980554, -0.9635931081601201], [-0.008661533383667194, 0.9859599394454234, -0.166757235669763], [0.9769287414498187, 0.04393048908418233, 0.2089984360183067]], "T": [-0.01753415855398476, -0.0281220808352953, -0.03630148132030994], "aligned_model": [[-0.5905722268379092, -0.4451038711259657, -0.6661149432987293, 0.42279113573802307, 0.09522056612325182, 0.1822282325156097, 0.6441734171910292, -0.46577504730511865, 0.5648753794399817, -0.06828583780703862, 0.10062238611247873, 0.004765894691254272], [-0.380063169046461, 0.16887456983482305, 0.2500735978021249, -0.12172748165541344, 0.6946447783105728, -0.5721636275760992, -0.14496509864774038, -0.20655715811403122, 0.3943035293072543, 0.5199209694044719, 0.20570155955811303, 0.0049783287722761985], [-0.34849380280045206, -0.6502357095815506, 0.11777178389376924, -0.479378949553373, -0.5995359743336245, 0.18632947513535497, 0.45846131642018595, 0.513575109180205, 0.06355783330689413, 0.04692069813974635, 0.649037322503397, -0.05929249306312114]], "inverted": true, "swapped": false, "error_lsq": 0.04975661098828901, "error_max": 0.247478318044915, "target": "931.xyz", "model": "22.xyz", "model_rescale": 4.166573947596378, "target_rescale": 3.7834209257086915},
{"mapping": [2, 4, 1, 9, 8, 12, 14, 6, 10, 7, 5, 15], "R": [[-0.22473180679619664, 0.043165013919828576, -0.9734641218799069], [0.9690253228224612, 0.11488389496156329, -0.21861293284544214], [0.10239891963757361, -0.9924406643481322, -0.06764605683479447]], "T": [0.017058324069075446, -0.015455564146270098, -0.09951138964083099], "aligned_model": [[-0.572400042240977, -0.4782426756986797, -0.63326362704981, 0.4793433105068902, 0.12273432860878658, 0.17802908005566442, 0.6938964053357931, -0.4349816585245766, 0.5673930433242068, 0.09099148724551706, -0.19882539976662736, -0.035849166359320304], [-0.3235659576837229, 0.25379617364887636, 0.14517412652031364, -0.11642288353729718, 0.5177768071634741, -0.5831690672609411, -0.19868227244178388, -0.357305264801859, 0.4149422904111489, 0.6558247273710884, 0.398364048894273, 0.006288069666320822], [-0.20157048512169323, -0.570716159022413, 0.14416569840075133, -0.46903453913389564, -0.6983226791746008, 0.18539411983133003, 0.2669527263850425, 0.4083333388592087, 0.17036009214045206, 0.13566153663537023, 0.5883908758352693, -0.0608979163873894]], "inverted": true, "swapped": false, "error_lsq": 0.04480192593523572, "error_max": 0.22247472994830864, "target": "931.xyz", "model": "23.xyz", "model_rescale": 4.274766983524099, "target_rescale": 3.7834209257086915},
{"mapping": [0, 5, 6, 3, 8, 4, 1, 9, 2, 10, 11], "R": [[-0.860247979315138, -0.2698237720217154, 0.4326298026444728], [0.47622171438092004, -0.1220345749318717, 0.8708159629182823], [-0.18217105378275533, 0.9551453787634483, 0.23347593578463216]], "T": [0.01661048613974811, 0.12793276857868896, -0.04582737489294781], "aligned_model": [[0.38253081236026765, 0.14930997615501487, -0.4421240026611549, -0.4270344993552443, -0.5769660258935899, -0.5945851917309402, 0.05684847573569532, -0.07002889573545026, 0.6289151467389877, 0.2839182666772303, -0.010889358332740812], [-0.21967084159152728, 0.5904801425216646, 0.6908261795246713, -0.04155727709355672, 0.32459318122494973, -0.3443215679026535, -0.5871806389311586, 0.07063992766203712, -0.12309894979127489, 0.53110604607925, 0.02377032954108188], [-0.4701381544668088, -0.6704394162067877, -0.3158012919178532, -0.4449048980093358, 0.2458508564615693, 0.41666424601364027, 0.25303475981703893, 0.643573941615081, 0.314209587687236, 0.3865614181013634, 0.02095538492643386]], "inverted": false, "swapped": true, "error_lsq": 0.06289584231507642, "error_max": 0.4218805163693532, "target": "931.xyz", "model": "24.xyz", "model_rescale": 3.7841303162186577, "target_rescale": 3.7834209257086915},
{"mapping": [0, 4, 6, 9, 5, 10, 14, 7, 12, 3, 11, 15], "R": [[-0.7000097738554465, 0.5133669994759242, 0.4964278803169031], [0.19106850088174943, -0.5351680691105503, 0.8228535506244634], [0.6880982084540317, 0.6708572587768369, 0.27653461604070556]], "T": [-0.044232816405340374, -0.04527670116312535, -0.09158336671289417], "aligned_model": [[-0.5309125996312902, -0.40575163466130915, -0.6125536874077037, 0.479987729001941, 0.20455448398064957, 0.19611958164184545, 0.6993005583890416, -0.4409199356908199, 0.5819455341447519, -0.13910108071719535, -0.1646338509855962, -0.08921001262744777], [-0.5920326499326766, 0.4428963296043804, 0.35512452704190145, -0.22269901593962724, 0.6833600212900953, -0.6386430133754404, -0.1284082691520184, -0.3531304815543721, 0.37030786792471826, 0.7409710263356025, 0.15223081285984122, 0.0030436428474866703], [-0.16595184414684297, -0.524821844847548, 0.10518222041567425, -0.280937137518664, -0.5117406602387389, 0.35045989990443965, 0.17213281648629214, 0.3215400281609197, -0.19337750046613578, 0.0561204283050183, 0.6404835304619186, -0.07037332726890118]], "inverted": false, "swapped": false, "error_lsq": 0.04050519718625376, "error_max": 0.19843828577447545, "target": "931.xyz", "model": "25.xyz", "model_rescale": 4.19342608120988, "target_rescale": 3.7834209257086915},
{"mapping": [6, 3, 4, 10, 7, 8, 1, 2, 9, 5, 0, 11], "R": [[0.7751310481733442, 0.10556375212780006, 0.6229190576586926], [-0.6125502537104495, -0.11595855313719242, 0.7818796586646779], [0.1547709431287323, -0.9876284261760744, -0.025219971689385487]], "T": [0.03602456956310713, 0.08322945570721327, -0.0033589303524259187], "aligned_model": [[-0.4890330341724189, -0.33504431918575733, -0.7166306773285985, 0.3289187610893055, 0.29839908160980627, 0.1615063725448, 0.40566777839985435, -0.2416536193603493, 0.6516654735814058, -0.08291523082973029, -0.11876101108560008, -0.08329448982585033], [-0.40898507556677555, 0.33244820610254144, 0.1032558914302256, -0.2872507736650626, 0.570832474351494, -0.6683600485736574, -0.08569593317853555, -0.3892509163491725, 0.49236966502489876, 0.7155905570801311, 0.3904775799653226, 0.04758917132848113], [-0.4010212631949331, -0.48420703848345037, 0.16228753757056022, -0.42072350815433995, -0.7061135329108145, 0.0766638788221479, 0.35639845255371944, 0.6293989405292015, 0.05615637567068989, 0.038266101418621926, 0.617571075968384, -0.025960410542355084]], "inverted": false, "swapped": false, "error_lsq": 0.054897885821764164, "error_max": 0.3518226314959571, "target": "931.xyz", "model": "26.xyz", "model_rescale": 3.795458400668931, "target_rescale": 3.7834209257086915},
{"mapping": [7, 5, 10, 0, 6, 3, 2, 4, 1, 8, 11, 12], "R": [[-0.8617892253617727, 0.5049522279036764, 0.0484001919982644], [-0.10367001811820849, -0.08192036001782821, -0.9912323551811247], [-0.49656002496548757, -0.8592510123064522, 0.12294649021672566]], "T": [0.05488783050709246, 0.13108302845504133, 0.12815210620018336], "aligned_model": [[-0.35466496499529676, -0.41798244145597774, -0.6334906157610413, 0.4699535481198473, 0.152907523050679, 0.042344370586670635, 0.829625789446075, -0.43935536802164993, 0.5412425999437226, -0.04963053096584429, -0.3469333260703201, -0.015191498439997751], [-0.30496230267689467, 0.3764930886026998, -0.05181044474412286, -0.3752946458047241, 0.5422794383384426, -0.6057583894757561, -0.2764902413050222, -0.2572176409079841, 0.4255017060926319, 0.8412379891514019, 0.43094668473714526, 0.0680955559420732], [-0.4217015793595609, -0.40385172475606923, 0.10887723437574909, -0.3842689054365307, -0.5807178480569627, 0.08361060552032623, 0.22034776041095258, 0.6793412148706011, -0.036559311302076514, 0.0036227762432005095, 0.6382463499446631, -0.008229963206861035]], "inverted": true, "swapped": false, "error_lsq": 0.057621966990272756, "error_max": 0.30279175221314775, "target": "931.xyz", "model": "27.xyz", "model_rescale": 3.6321398670334006, "target_rescale": 3.7834209257086915},
{"mapping": [9, 11, 13, 8, 5, 12, 7, 6, 3, 1, 4, 14], "R": [[-0.1280169028900474, 0.3061167220435306, 0.9433473512231665], [-0.6086448733998808, -0.7752421740289243, 0.16897038110553647], [0.7830473106131477, -0.5525324642880554, 0.28556047564270115]], "T": [0.0091292362698874, 0.03497014597233669, -0.163965387920803], "aligned_model": [[-0.4717459638346764, -0.46497699699679945, -0.777052670041573, 0.37719655743507985, 0.1790203317476629, 0.15873660249764235, 0.6112195869383591, -0.4098765127366293, 0.6007917969808142, -0.04587955484306816, 0.056315274276324406, -0.034923365986269356], [-0.4183471861926513, 0.16317554350159238, 0.1642394198429691, -0.3111196165804747, 0.8578464285472437, -0.6744659648957884, -0.1385849364290109, -0.21206173380572638, 0.3835076571357253, 0.6332537200647376, 0.28963069929194063, 0.07594676746933393], [-0.26313493719598513, -0.5778645206098587, 0.01403685064795096, -0.2724916019936288, -0.42083298187119883, 0.23331004729594068, 0.2923823161475256, 0.44210133267485147, -0.15983047229016697, 0.12979981426934506, 0.6230471486751774, -0.14180638650252075]], "inverted": false, "swapped": false, "error_lsq": 0.04390026555363675, "error_max": 0.24585263939125357, "target": "931.xyz", "model": "28.xyz", "model_rescale": 4.156811204709835, "target_rescale": 3.7834209257086915},
{"mapping": [2, 10, 9, 8, 5, 7, 1, 0, 3, 11], "R": [[-0.9586944061741252, -0.28341536587813443, -0.024099086177801043], [0.01691371948514117, -0.1413777760977613, 0.9898112196367697], [-0.2839347841734433, 0.9485188742506997, 0.14033169109850313]], "T": [-0.03602405887582942, 0.008487979735323049, 0.0451989853867729], "aligned_model": [[-0.6560262210397807, -0.051579026306598955, 0.08587348211970974, 0.6094803971799462, -0.012854489060193638, -0.6072697186268964, -0.3582371126672133, -0.559088076951227, 0.2435025330581006, -0.0508763935952587], [-0.07891077928236252, -0.5102059839298259, 0.034366180682725955, 0.07506980010041021, -0.40378764649346865, -0.48938135443638736, 0.5970047527411471, 0.19102216431881722, 0.39642146483102153, 0.10712173209412623], [-0.3737512637806974, -0.3442581041353738, -0.640756068191803, -0.1892694401953698, 0.7169068154723782, 0.12463234611047404, -0.34486717929265825, 0.40276142337563064, 0.44039907867731215, -0.03301088106479336]], "inverted": true, "swapped": true, "error_lsq": 0.049356487816657614, "error_max": 0.2713366007414349, "target": "931.xyz", "model": "29.xyz", "model_rescale": 4.117894457231895, "target_rescale": 3.7834209257086915},
