[{"mapping": [8, 3, 0, 2, 1, 4, 5, 12, 11, 9, 13, 6, 10, 14], "R": [[0.06690143238046448, -0.5889825342036294, -0.8053718226685813], [-0.9648436298305514, -0.2438088269370799, 0.09815307373165288], [-0.2541672054393493, 0.7704912915216082, -0.584587205956918]], "T": [-0.12674430239205867, 0.01563139720607408, 0.1817137534103021], "aligned_model": [[0.18961154561696889, 0.1755271452380652, -0.40376994420263157, -0.5372839596084155, -0.8129391029201711, -0.059574506885809925, -0.6523683049524924, 0.046896374772619404, -0.37059950692044585, 0.2505287839964593, 0.6215657056739539, 0.26595708661299455, 0.6936132990198047, -0.03567251431259566], [-0.6575836362926402, -0.2867077554630894, -0.33240889410969865, -0.3716913011805505, 0.21352197733766354, 0.3151577404901611, 0.21639428720352027, 0.5368068076356298, 0.7081094505445321, -0.20822923917371544, 0.5091761692421607, 0.5661350723448157, -0.09758579225702192, 0.12417844548826748], [0.21387492482520837, -0.3423586702204952, 0.5356901821160438, -0.25026283018941725, 0.42129368549626856, -0.5238008096177371, -0.21483177305863216, 0.7000965495766647, 0.09551175850452377, 0.6673358508109193, 0.3880453958603999, -0.08168184710887227, 0.11959087846125355, 0.16908479172370613]], "inverted": true, "swapped": true, "error_lsq": 0.03921035197321563, "error_max": 0.23102524305619113, "target": "932.xyz", "model": "0.xyz", "model_rescale": 3.8414455957264533, "target_rescale": 4.1926672239073834},
{"mapping": [9, 6, 2, 4, 3, 5, 1, 8, 7, 13, 0, 10, 12, 11, 14], "R": [[0.3554823950778445, 0.4829300778275183, -0.8002567130110351], [-0.8335519598446464, -0.22356110960383443, -0.5051846796092012], [-0.42287515536960585, 0.8466398113732954, 0.32307527415282394]], "T": [0.009404111186249398, 0.020919699737451277, 0.04934293649942082], "aligned_model": [[-0.38043833226274903, 0.034795844027189306, -0.44005873115710764, -0.3041148486716057, 0.19901376035942653, 0.1794812149985569, 0.36208267575769915, 0.3848236490960525, -0.6171934323453638, -0.010148924114610713, -0.3401549723535573, 0.609619257706502, 0.6920523377794907, 0.48727946963098273, 0.07420376832925665], [-0.5152873799991738, -0.48869346036094136, -0.02682600776693041, 0.4258069597335278, 0.6706020516322788, 0.10311992122846851, 0.800595789607202, -0.6372746665599305, 0.0009425822503409918, -0.24255279556677378, 0.45903594027143, -0.08926922902602091, -0.10605995668515902, 0.32755174549611016, 0.0829135599507753], [0.21063310024004162, -0.5419918762264214, -0.5340164967713261, -0.13393118428883685, -0.34478636286423453, -0.582036258064463, 0.17670429698987544, 0.2732686925672499, 0.1905216719809931, 0.7600094712877264, 0.5091037182135096, -0.2604658404518139, 0.3658190168767079, 0.6848563765108425, 0.0446776607960986]], "inverted": false, "swapped": false, "error_lsq": 0.04606916694530741, "error_max": 0.2896840733937947, "target": "932.xyz", "model": "1.xyz", "model_rescale": 4.316132596720782, "target_rescale": 4.1926672239073834},
{"mapping": [1, 5, 11, 9, 12, 0, 13, 8, 4, 2, 3, 14], "R": [[0.16662515497471014, -0.7011917345657616, 0.6932288288193965], [0.5893497251780796, -0.49282845104414813, -0.6401460921336217], [0.7905080386448803, 0.5152186615584533, 0.3311295390322951]], "T": [-0.06445838082658159, 0.026318586036964974, -0.007418912975631818], "aligned_model": [[-0.19358310623328048, 0.4135042265665446, 0.10758958419485265, -0.6123194262472266, -0.5590755649463411, -0.4041989022942609, -0.330075884196378, -0.1913416944341613, 0.6469155032588582, 0.38705735475848635, 0.3890463563905784, -0.05570989218589119], [-0.69207614472465, -0.4590367840903195, -0.5204825240481581, 0.38425728622508243, -0.1738926847042967, -0.0848521403313594, 0.37443416027525206, 0.6329437668259679, 0.03950501495098306, -0.05556731711382777, 0.5177863145866998, 0.049757479889606784], [0.17874860819156924, 0.091659819620584, -0.47414157451929173, -0.009774658185893452, -0.5419887445275903, 0.43461277180568253, -0.8163626352013543, 0.4051830254658091, -0.30025321002402, 0.5353459449468014, 0.09368411178196331, -0.14745499814483828]], "inverted": true, "swapped": true, "error_lsq": 0.04461130581489442, "error_max": 0.22553716757137368, "target": "932.xyz", "model": "2.xyz", "model_rescale": 3.795458400668931, "target_rescale": 4.1926672239073834},
{"mapping": [11, 12, 1, 8, 4, 3, 0, 13, 9, 10, 5, 14], "R": [[-0.061348456871744526, 0.6849001408523775, 0.7260496979545197], [-0.46036538074221706, 0.6260074572259923, -0.6294270249294363], [-0.8856071832666723, -0.37286252232939804, 0.27689972262288354]], "T": [-0.048896862840048995, 0.037849721889473054, 0.11956107625734816], "aligned_model": [[-0.25531760870665005, 0.0808175965727698, -0.7510141937336672, 0.23658892540751827, 0.11255257251468145, 0.3022771660470878, -0.3785606373942669, 0.687108639766072, 0.2595481068156338, 0.7683419216577332, -0.5159729675387114, 0.046934304335364184], [-0.011686884190109215, -0.6019854753946146, -0.1656571872381823, 0.12744601994090532, 0.6442540205160572, 0.581784859267966, -0.1948232403479556, -0.35551900150027593, -0.4209794309984936, 0.03583573541724139, 0.43175784387109356, 0.015341785946076984], [-0.5885057280702731, -0.26028191222546326, -0.06220449097439937, 0.8013265879467476, -0.32562036633092073, 0.3151122569226475, 0.5200103877429901, -0.2673290947786886, 0.46972517617547604, 0.2671439029925775, -0.1974736040013559, 0.016868315239762566]], "inverted": false, "swapped": true, "error_lsq": 0.05251825318683856, "error_max": 0.27792845023090107, "target": "932.xyz", "model": "3.xyz", "model_rescale": 3.7530521520055578, "target_rescale": 4.1926672239073834},
{"mapping": [12, 0, 9, 8, 13, 2, 6, 5, 4, 3, 14], "R": [[0.5969372539212934, -0.3107632567528925, -0.7396567535913137], [0.7718488261973447, -0.029091066634770416, 0.6351402202189942], [-0.2188956472355869, -0.950042055960886, 0.2224967135193829]], "T": [-0.1383866240335275, -0.02276626437380806, -0.09749356609824048], "aligned_model": [[-0.27337952469630367, -0.15123198813486416, 0.3187218248206293, 0.5075368034801301, 0.20004433413730197, -0.2704415319127186, -0.14307410080335797, -0.7000425511312033, -0.2840501723409464, 0.2606402124445074, -0.12652370341796917], [-0.7573730170921272, 0.12610558341015765, -0.3250987641700945, 0.27280354127068746, -0.8090754607795878, 0.6753699992106676, -0.41300576333841993, 0.3083011657111553, 0.16140459530114856, 0.3567099269792244, -0.12893844818846548], [-0.2098566035935675, -0.6459885362096267, -0.45515865143693, -0.3205524386526595, 0.23912103704804952, -0.07925321564571106, 0.5143373587903243, 0.12334950244431075, 0.6352013469011694, 0.29519498793141863, -0.0035640103314611288]], "inverted": true, "swapped": true, "error_lsq": 0.046696212251878255, "error_max": 0.2359940935541433, "target": "932.xyz", "model": "4.xyz", "model_rescale": 3.7855080009869324, "target_rescale": 4.1926672239073834},
{"mapping": [8, 15, 10, 5, 3, 9, 0, 13, 7, 6, 4, 14, 12, 1, 16], "R": [[-0.3457888044163397, 0.8974054696293772, -0.27403197955639325], [0.42768307035008946, 0.41068584032197525, 0.8052479940334863], [0.8351750080529463, 0.16124690272470388, -0.5258156923157116]], "T": [0.11717357075947342, 0.02271326527311101, 0.0855385137799345], "aligned_model": [[-0.25588692305407434, 0.12012861168208772, -0.40657071231007136, -0.3989496860542039, 0.11718624405903334, 0.2460042773599655, 0.12724477419973856, 0.3027771905009381, -0.6078412112356811, -0.16526522630570206, -0.1892592014215002, 0.6677970650156726, 0.7310626570829593, 0.48699435260612073, 0.15582052465487908], [-0.5644060265575271, -0.5726469611413096, -0.025210468115915437, 0.6310100220822736, 0.535236659401293, 0.12058610320395824, 0.7821137043837025, -0.6404926913349215, 0.09320498420319634, -0.21227337714633648, 0.40835836416736154, -0.14747722891783638, -0.13212894115504653, 0.4679187427697329, 0.020812168362578855], [-0.021357131966288287, -0.4844225157850448, -0.4188021605705592, -0.051191453859938466, -0.3832219535271498, -0.6078139044614836, 0.26353690495361576, 0.3104313645642328, 0.2609065705254802, 0.6250630005863943, 0.6372427803011163, -0.26878670659395265, 0.334996614092449, 0.573522746220604, 0.048261832316473845]], "inverted": true, "swapped": false, "error_lsq": 0.04354334141950719, "error_max": 0.40778278980386257, "target": "932.xyz", "model": "5.xyz", "model_rescale": 4.2253639853439635, "target_rescale": 4.1926672239073834},
{"mapping": [11, 5, 0, 7, 1, 8, 9, 12, 3, 6, 2, 10, 13, 14], "R": [[0.8967244222628726, 0.22925958561141832, 0.3785833500335142], [-0.2075586652904445, 0.9733226858226306, -0.09778726770837906], [-0.39090243153524484, 0.009109976306319705, 0.9203870367141922]], "T": [-0.060582355434584005, -0.026502453478220098, -0.0226145065178584], "aligned_model": [[0.43537567562492074, -0.19092005785505473, -0.37698945125044053, 0.10196479168947353, -0.0810642596670732, -0.5266983774816639, 0.017255687830819467, 0.6073818433418715, -0.35584326121751797, 0.5034303490018004, -0.6766828703573292, 0.13409199477409459, 0.7162347739865434, 0.06652531433733927], [-0.04405936700165489, 0.05660585196950185, -0.48794445077237886, -0.7414138297952291, -0.5721390331039434, 0.07527965350502942, -0.2627028703169, -0.35964995232676783, 0.5636982419594964, 0.4253058121172261, 0.11815148761349899, 0.43870428621908647, 0.19954293805271694, 0.03572037851530779], [-0.5704642900095083, -0.6933900110822862, 0.07804529444335877, 0.23997011750056246, -0.5415400738281444, 0.5489710964621513, 0.5827184513021366, 0.09285059525650918, 0.12541600763531727, -0.08898377662538744, -0.3461277897843528, 0.6371949845377909, 0.4150905143096484, -0.008192911186347393]], "inverted": false, "swapped": true, "error_lsq": 0.045289502905162905, "error_max": 0.26884679517399235, "target": "932.xyz", "model": "6.xyz", "model_rescale": 3.89814844738969, "target_rescale": 4.1926672239073834},
{"mapping": [10, 13, 6, 8, 4, 12, 9, 3, 0, 1, 11, 2, 14], "R": [[0.06766183202023024, 0.9235866855602908, -0.37737184678168983], [0.9287434564451986, -0.1964887823432036, -0.3143688128989751], [-0.3644961846136278, -0.3292108635343648, -0.8710698816587945]], "T": [-0.13390906467798994, 0.0783208545249148, 0.09645007918930258], "aligned_model": [[0.07907087310657421, 0.01517498998690417, 0.3798864739572303, -0.3093067816818251, 0.6255698941156886, -0.3966595310182155, -0.5627228408507537, 0.31780608935578314, -0.637036629470383, -0.44993721459793956, 0.1143217444217429, 0.03781893015184884, -0.06535419657243288], [-0.38746693537911914, 0.23163559319445987, 0.33931798546999115, -0.643277677082698, 0.16896972112737418, 0.5671897237161697, -0.182176340045867, -0.42448066900836146, -0.03611505686065655, 0.5968529872384111, 0.7745945962728965, -0.17317266044136823, 0.13190999726925365], [-0.5572664179665228, -0.7981982273554689, -0.3446174459784413, 0.04292396503420627, 0.17983535683165686, -0.41586333829801847, -0.3237133945949663, 0.12038632885873128, 0.33507455071397413, 0.5421777602196781, 0.09896821792544212, 0.7386540649546762, -0.016086389508651114]], "inverted": false, "swapped": true, "error_lsq": 0.04835631408241319, "error_max": 0.2923160174418458, "target": "932.xyz", "model": "7.xyz", "model_rescale": 3.7474275329858107, "target_rescale": 4.1926672239073834},
{"mapping": [7, 6, 10, 12, 1, 0, 2, 9, 11, 9, 13, 3, 8, 4, 14], "R": [[0.2181458699987513, -0.8625679748619919, -0.45649629587212404], [0.6237611997283179, 0.48298035693913044, -0.6145339213781773], [0.7505560239688823, -0.1506866402619425, 0.6433966050039356]], "T": [0.040431468272599844, 0.09565183939454361, 0.012764903700851662], "aligned_model": [[-0.18074175216217986, 0.17905879334031077, -0.5117021100734185, -0.48012598009018, 0.2056665290134036, 0.13721552695186873, 0.7061556849565428, -0.02466882607288519, -0.4645544092766471, -0.02466882607288519, -0.27046766278406026, 0.6526893485713524, 0.5693313061395928, 0.38078473990737743, 0.05727037443196952], [-0.5459662581615208, -0.44897556393588667, -0.1726008289906837, 0.4259798020013178, 0.7269343364072473, 0.15990953811851732, 0.6052741409672602, -0.4672361388441666, -0.14573234951892436, -0.4672361388441666, 0.6680305259163748, -0.10368688452055325, -0.04690868003840329, 0.42965789138065513, 0.14716166226813626], [-0.04456096633233818, -0.5797733268664834, -0.4327150366503259, 0.03613152248587852, -0.36003746179223534, -0.6358621322506481, 0.08816963107336807, 0.5219402327564404, 0.28332523414171845, 0.5219402327564404, 0.6323100580006213, -0.30273295389027555, 0.4191536039126085, 0.6331079165330106, 0.037969432918169926]], "inverted": false, "swapped": false, "error_lsq": 0.050505930395763045, "error_max": 0.32338130996922104, "target": "932.xyz", "model": "8.xyz", "model_rescale": 4.019505241142653, "target_rescale": 4.1926672239073834},
{"mapping": [9, 0, 12, 13, 10, 6, 11, 8, 3, 2, 1, 4, 14], "R": [[0.4244446651858247, 0.9052601376654079, 0.018729905213324127], [0.5898118389835127, -0.260728777362626, -0.7642921556903991], [-0.6869997967904942, 0.335446847964021, -0.6445980851668914]], "T": [-0.09280235511427082, -0.00635247081144448, 0.06595236156955842], "aligned_model": [[-0.3183548052549574, -0.6603607206443542, 0.025001851081423526, 0.48696617211040605, 0.29848106558902177, 0.6097033682451705, 0.2654561210384091, -0.3699934889499452, 0.17761429487380187, -0.2996514546847194, -0.46381845693249985, 0.5385952555968083, 0.030061569672610616], [-0.48797599109755346, -0.01838616810304645, 0.10604151016926887, -0.3446998756721373, -0.7294255341018788, 0.02098994975705179, 0.6010962977152201, -0.6560522524244411, -0.3759652585163541, 0.142211738859518, 0.6403615143959502, 0.18094538712188563, -0.015763089989424495], [-0.31541657353135666, 0.035831695486067856, -0.671601282991832, -0.5629487000576479, -0.051208244448852636, -0.11400324497077513, -0.15558512270101788, 0.3013012811334318, 0.5636371203010367, 0.7295091241928041, -0.0414282854937017, 0.4637402195995133, -0.005124492473790598]], "inverted": false, "swapped": true, "error_lsq": 0.03479134875146135, "error_max": 0.21695061678137703, "target": "932.xyz", "model": "9.xyz", "model_rescale": 3.877068213659057, "target_rescale": 4.1926672239073834},
{"mapping": [4, 1, 3, 6, 12, 5, 11, 7, 13, 2, 14, 0, 8, 9, 15], "R": [[0.2615573021397726, -0.5233707730267428, 0.810969057140131], [-0.6505982202954375, -0.716248731235333, -0.252407826249871], [0.712958437390128, -0.4615959152171575, -0.5278441792887949]], "T": [0.0005721999355586885, 0.11408905239995296, 0.0881080809423313], "aligned_model": [[-0.2791108950028057, 0.42599244577611484, -0.4383456229554302, -0.3793963745203323, 0.13318976406531474, 0.08394969574267663, 0.5754726337615674, 0.26201462769441775, -0.7030150979301445, -0.1354035678785251, -0.261576397497595, 0.6406622920234238, 0.6892738958079211, 0.24662503571362276, 0.07091030197993536], [-0.4935088842796942, -0.4880720275115604, 0.007792425971300657, 0.5677043940497578, 0.5610059834033656, -0.11739982576935165, 0.575835334455417, -0.6432774152148206, 0.1431735791376411, -0.23797268773512512, 0.45548897182239834, 0.1907101903498102, -0.09437197051675938, 0.21070841608131777, 0.1267885699615068], [-0.015297883553456848, -0.3694137857178263, -0.35777701040604176, -0.08556281290789494, -0.49573526635239534, -0.6538194995662923, 0.05752804728756447, 0.24409032389672053, 0.4071025958640678, 0.6339271715299875, 0.7394495847026576, -0.37898924388838007, 0.36659849699851715, 0.6928956506451438, 0.03336961826357808]], "inverted": true, "swapped": false, "error_lsq": 0.03857766159654137, "error_max": 0.30125539483377733, "target": "932.xyz", "model": "10.xyz", "model_rescale": 4.260839863003843, "target_rescale": 4.1926672239073834},
{"mapping": [2, 8, 9, 0, 12, 1, 5, 3, 10, 13, 6, 14], "R": [[0.5381858589085606, -0.7688654481086121, 0.3452562873802567], [-0.7252054876112706, -0.21371257300738908, 0.6545257343123042], [-0.4294566124876349, -0.6026382487390797, -0.672602526866604]], "T": [-0.014777478720054983, 0.06673045713122801, -0.13744484565296167], "aligned_model": [[0.41625610990002304, 0.2225304989646144, -0.3206844360501217, -0.2990454693307554, -0.6160719083268257, -0.4414341044443252, 0.18380671452157377, 0.6269376522764666, 0.24971679311892042, -0.19617563478951197, 0.1492230840006978, -0.016160650746625642], [0.09209882718036895, -0.6366167536931252, -0.4619082563462759, -0.22117195375975363, 0.225783727023934, 0.44989833179145267, 0.6109135550068001, -0.1257306302085685, -0.3720939932733353, 0.05802467607753499, 0.43494821089890134, 0.11893276483500029], [-0.7020083433161143, -0.1950770380264967, 0.09758585827137081, -0.5367924060515623, 0.2910906637557534, -0.625880136545108, -0.5092831960304056, -0.04476627742126754, 0.5161145316553184, 0.764301224592376, 0.46601635515300666, -0.005123158641366504]], "inverted": true, "swapped": true, "error_lsq": 0.03843220497366399, "error_max": 0.27913040546842516, "target": "932.xyz", "model": "11.xyz", "model_rescale": 3.890672605050136, "target_rescale": 4.1926672239073834},
{"mapping": [6, 13, 10, 4, 3, 1, 12, 5, 11, 7, 8, 9, 0, 14], "R": [[0.4010990055057435, -0.8835760647480847, 0.24168766122123758], [0.6536244726099784, 0.09120596666121839, -0.7513032147214067], [0.641790181124354, 0.4593199423600949, 0.6141095618557717]], "T": [0.10123326456805379, -0.008246796761006259, 0.24537414469140695], "aligned_model": [[0.40168862945258366, 0.10145845176793544, 0.46463074215145994, 0.7325421438835681, 0.7367686445910526, -0.3913521033916568, -0.3935951439092855, 0.25263345872194676, -0.0074808679818693935, -0.6455442235294776, 0.2825976777790402, -0.18136856252729042, -0.27206842913573026, 0.1289654169214162], [-0.26500032398604767, 0.1492847546711838, 0.5408750851042159, -0.4281535852936849, 0.21138048888795927, -0.47812666083683486, -0.1056298191628186, -0.6030709459089245, -0.6861310525874134, 0.2067621411065211, 0.680230053953913, 0.5456629432160179, 0.20132959082074367, -0.03726015015706587], [-0.3632719919185443, -0.6608878574063062, -0.26066084413732815, 0.11458424356867358, 0.31808956696802, 0.5678568549923257, -0.31690426470695476, 0.5569778953602975, -0.02862616943858365, 0.1947275682585994, 0.46318236422241077, 0.04141925997859763, 0.619403750371317, 0.1089000592443368]], "inverted": true, "swapped": true, "error_lsq": 0.04293026528981537, "error_max": 0.3161545553747488, "target": "932.xyz", "model": "12.xyz", "model_rescale": 4.124412569039231, "target_rescale": 4.1926672239073834},
{"mapping": [11, 12, 10, 1, 6, 4, 7, 2, 9, 0, 3, 8, 14], "R": [[-0.4473184275702883, 0.8592005039989378, 0.24835603130187095], [-0.10951190657074264, -0.3282151511939467, 0.9382334234325569], [0.8876448426455739, 0.39249115716752897, 0.2409093706562873]], "T": [0.07971966140247462, 0.05534291653736406, -0.05063327602947974], "aligned_model": [[-0.21609392278856948, -0.24779253874907564, 0.7505783805895121, -0.6251555898447829, 0.39912946008866945, 0.5001638679662161, -0.4770658778013666, 0.14540085439509792, 0.10637973597263307, -0.26157030001133996, 0.7071495989236968, 0.4582190715068643, 0.12795556726220259], [-0.34259929196220895, 0.4104721993570119, 0.5060464281763772, -0.20518745299768143, -0.0776191078845953, -0.535333101688187, 0.5998197065056037, -0.40507642805963767, 0.7080797027586712, 0.26802657323040957, -0.09387580790652439, 0.44743134584707805, 0.0673006111321604], [0.49759871971617897, 0.5299824039170521, 0.14036122981577476, -0.10256916500807699, 0.5872886629297274, 0.2068684153325911, -0.048304259946556724, -0.5880953301498039, -0.08938009595899273, -0.45245585764085516, -0.2543348770954272, -0.5579189006996798, 0.08265713575590712]], "inverted": false, "swapped": true, "error_lsq": 0.0454370565328633, "error_max": 0.277340440072407, "target": "932.xyz", "model": "13.xyz", "model_rescale": 3.9028299243045295, "target_rescale": 4.1926672239073834},
{"mapping": [9, 14, 7, 3, 4, 10, 5, 11, 6, 1, 2, 13, 12, 8, 15], "R": [[0.9759695349399348, 0.1468108498935693, 0.16102807588323065], [0.18949124550850094, -0.9366747087357825, -0.29450561605914105], [0.10759430628413684, 0.3179419198033897, -0.9419853506753545]], "T": [0.049241202694161754, 0.15675733651122248, 0.12320059814657047], "aligned_model": [[-0.34005832837711614, 0.35392698820001606, -0.4911177533845774, -0.4733269088102592, -0.0046054308446686, 0.17380148863504397, 0.47671538422919113, 0.14148560335249802, -0.5580996867450652, -0.142598678116582, -0.09355580943356322, 0.765233831667337, 0.6205356566172427, 0.5209311280405992, -0.018024748249934427], [-0.44055392036642327, -0.5544811234675833, 0.008892257912468476, 0.4946109121720855, 0.6486670538284779, 0.0666659014322091, 0.39691898145549165, -0.5576276327731791, -0.08003635737359885, -0.23597236645221004, 0.4283062398417047, -0.030151272993299755, -0.09848017398361963, 0.6277841779525488, 0.09006237702013155], [-0.18095494426321768, -0.3061676330264055, -0.5886814657893388, 0.08489948210508139, -0.3399285889579581, -0.6059913316913179, -0.02407479719756775, 0.2875227650798097, 0.2627500617814672, 0.6039911931914194, 0.7925435416241209, -0.16846887016370882, 0.4276948495110424, 0.5132640398148506, 0.059967684777672475]], "inverted": false, "swapped": false, "error_lsq": 0.04178482272928514, "error_max": 0.2807803700093811, "target": "932.xyz", "model": "14.xyz", "model_rescale": 3.942246331269136, "target_rescale": 4.1926672239073834},
{"mapping": [8, 0, 13, 4, 3, 12, 5, 7, 11, 6, 10, 1, 2, 9, 14], "R": [[0.17211591964782505, 0.04980292767947678, 0.9838169436426356], [-0.8755359610958758, 0.4654437058074623, 0.12961071542175087], [-0.4514564109985648, -0.883675180775589, 0.12371452562058213]], "T": [0.011900740340637449, 0.10878502582801233, 0.07477527017824634], "aligned_model": [[-0.21893860270412288, 0.4376695543415337, -0.5902850901006796, -0.34265045828026636, 0.2056975684713187, -0.012051178766222297, 0.5940321817421963, 0.33848041999624207, -0.6748022496306011, -0.18608631356670136, -0.2615504436645271, 0.5502770893427269, 0.7173262893997749, 0.29562613442184477, 0.07849783577764566], [-0.6295142780897024, -0.4629042102360169, 0.11954761206211534, 0.5676734922783334, 0.6509385058895913, 0.0694446490829996, 0.3615569926661333, -0.5165099607110508, -0.041239741113476364, -0.19346051758841995, 0.5521723617233886, 0.21011038466973292, -0.14882428160765224, 0.16854012831385837, 0.057073916865369674], [0.05313591193746063, -0.10580661501806765, -0.47128904733258614, -0.011124670671313064, -0.35541111264233183, -0.741285327137546, 0.07179602503125253, 0.5578191613249982, 0.21634715130321855, 0.501668872037561, 0.5622510504760336, -0.5223223049896619, 0.21137745938697863, 0.8258355437999655, 0.025373889289987392]], "inverted": true, "swapped": false, "error_lsq": 0.05375971225110248, "error_max": 0.36333497090849637, "target": "932.xyz", "model": "15.xyz", "model_rescale": 4.355366556412066, "target_rescale": 4.1926672239073834},
{"mapping": [1, 5, 11, 9, 12, 0, 13, 8, 4, 2, 3, 14], "R": [[0.16662515497471014, -0.7011917345657616, 0.6932288288193965], [0.5893497251780796, -0.49282845104414813, -0.6401460921336217], [0.7905080386448803, 0.5152186615584533, 0.3311295390322951]], "T": [-0.06445838082658159, 0.026318586036964974, -0.007418912975631818], "aligned_model": [[-0.19358310623328048, 0.4135042265665446, 0.10758958419485265, -0.6123194262472266, -0.5590755649463411, -0.4041989022942609, -0.330075884196378, -0.1913416944341613, 0.6469155032588582, 0.38705735475848635, 0.3890463563905784, -0.05570989218589119], [-0.69207614472465, -0.4590367840903195, -0.5204825240481581, 0.38425728622508243, -0.1738926847042967, -0.0848521403313594, 0.37443416027525206, 0.6329437668259679, 0.03950501495098306, -0.05556731711382777, 0.5177863145866998, 0.049757479889606784], [0.17874860819156924, 0.091659819620584, -0.47414157451929173, -0.009774658185893452, -0.5419887445275903, 0.43461277180568253, -0.8163626352013543, 0.4051830254658091, -0.30025321002402, 0.5353459449468014, 0.09368411178196331, -0.14745499814483828]], "inverted": true, "swapped": true, "error_lsq": 0.04461130581489442, "error_max": 0.22553716757137368, "target": "932.xyz", "model": "16.xyz", "model_rescale": 3.795458400668931, "target_rescale": 4.1926672239073834},
{"mapping": [10, 13, 6, 8, 4, 12, 9, 3, 0, 1, 11, 2, 14], "R": [[0.06766183202023024, 0.9235866855602908, -0.37737184678168983], [0.9287434564451986, -0.1964887823432036, -0.3143688128989751], [-0.3644961846136278, -0.3292108635343648, -0.8710698816587945]], "T": [-0.13390906467798994, 0.0783208545249148, 0.09645007918930258], "aligned_model": [[0.07907087310657421, 0.01517498998690417, 0.3798864739572303, -0.3093067816818251, 0.6255698941156886, -0.3966595310182155, -0.5627228408507537, 0.31780608935578314, -0.637036629470383, -0.44993721459793956, 0.1143217444217429, 0.03781893015184884, -0.06535419657243288], [-0.38746693537911914, 0.23163559319445987, 0.33931798546999115, -0.643277677082698, 0.16896972112737418, 0.5671897237161697, -0.182176340045867, -0.42448066900836146, -0.03611505686065655, 0.5968529872384111, 0.7745945962728965, -0.17317266044136823, 0.13190999726925365], [-0.5572664179665228, -0.7981982273554689, -0.3446174459784413, 0.04292396503420627, 0.17983535683165686, -0.41586333829801847, -0.3237133945949663, 0.12038632885873128, 0.33507455071397413, 0.5421777602196781, 0.09896821792544212, 0.7386540649546762, -0.016086389508651114]], "inverted": false, "swapped": true, "error_lsq": 0.04835631408241319, "error_max": 0.2923160174418458, "target": "932.xyz", "model": "17.xyz", "model_rescale": 3.7474275329858107, "target_rescale": 4.1926672239073834},
{"mapping": [1, 2, 0, 4, 12, 13, 7, 8, 11, 9, 6, 3, 10, 14], "R": [[0.19415526528633875, 0.9802570346119654, -0.037414957641936746], [0.9732513028756178, -0.1972627043625117, -0.11776810654205694], [-0.12282359061883996, -0.013548858304108131, -0.9923360287856888]], "T": [0.08717242934732115, -0.012552647402889215, -0.09038353272580113], "aligned_model": [[0.5430345076728749, 0.15864929471181294, 0.642450181401888, -0.5909835715921687, 0.1475850834572227, -0.3746526478939729, 0.707178847766828, 0.23105258822494157, -0.14305406428389683, 0.3353181587762225, -0.5510366180283595, -0.3257276441467681, -0.34761909650774636, -0.01734737167600174], [-0.45982109448382424, 0.3664118570765323, 0.10806155083781593, -0.031145701055770254, -0.6062956166111341, -0.3195312080772809, -0.28442914030335376, 0.6717539735165322, -0.6763624383173129, 0.1331591214235639, -0.31388506669396304, 0.5169909871728563, 0.33669451214486457, -0.0811934951182926], [-0.489837199157172, -0.6874115167212235, -0.10751233697413758, -0.45333993112615, 0.37255837972440575, 0.6435162003232137, 0.29451353081626414, 0.16526621456951474, -0.3201101575936245, 0.4973827176738981, 0.0785362842662575, -0.17116697712043788, 0.5249592403434304, -0.022559730362583866]], "inverted": true, "swapped": true, "error_lsq": 0.03818841042723624, "error_max": 0.2300811894656578, "target": "932.xyz", "model": "18.xyz", "model_rescale": 3.922800546911778, "target_rescale": 4.1926672239073834},
{"mapping": [2, 1, 10, 11, 4, 6, 13, 0, 9, 3, 7, 8, 5, 12, 14], "R": [[-0.9662800501733658, -0.17831292806595941, 0.18576157923936198], [0.23191033794881696, -0.2891645413856439, 0.928763405371732], [-0.11189486042452201, 0.9405255805610895, 0.3207665389668981]], "T": [0.1419297284519777, 0.05141222687547576, 0.01896463235388024], "aligned_model": [[-0.39512212517615997, 0.2978392029398982, -0.4914577143992629, -0.33420684679771295, 0.010071240260424746, 0.21852728835794188, 0.25557770651243894, 0.1964682434166406, -0.6357396936437291, 0.0010831022601984486, -0.2185503350483471, 0.6830777307849075, 0.7515089902690811, 0.5042982455580914, 0.0878677014857517], [-0.41971578180858266, -0.5733549963617383, 0.09771311311544925, 0.5800960932585635, 0.5223336516590775, -0.008899260730782198, 0.7256187815044381, -0.6653072093188632, -0.05591023387741261, -0.15859826826278262, 0.43142312501671504, 0.20656377855303354, -0.28872575397427225, 0.2861896844178929, 0.08517833101446777], [-0.03340586254316463, -0.3461944788143988, -0.4783051359158845, -0.013143682839069831, -0.5146208714445136, -0.6638699817308805, 0.08486915115417379, 0.44532297441322855, 0.2344996533371484, 0.60650787621537, 0.6221701198714806, -0.22078000179826185, 0.3275954761327981, 0.6763706315710672, 0.09135011918685614]], "inverted": false, "swapped": false, "error_lsq": 0.03723437409691087, "error_max": 0.2418678175877835, "target": "932.xyz", "model": "19.xyz", "model_rescale": 3.9282355846067225, "target_rescale": 4.1926672239073834},
{"mapping": [1, 0, 9, 2, 5, 8, 3, 10, 4, 6, 12, 11, 13, 14], "R": [[0.16326006900496104, -0.25547950373984674, -0.95293041353361], [0.07824016363413475, -0.9594948559353624, 0.27064385865576535], [-0.9834757885494686, -0.11874276652672251, -0.1366584382121392]], "T": [-0.08099794420524642, -0.19014119567336335, -0.038920626421908536], "aligned_model": [[-0.6793692548278265, -0.15979445029687894, 0.46647527284039825, -0.5269023990390789, -0.7335166819276209, 0.3501823207175333, 0.08980259597444784, 0.6825692744966632, -0.30001613951263334, 0.095897810958059, 0.1471344286987648, -0.46569603009301613, 0.5866763603411685, -0.020920289245303987], [-0.6151254342515273, -0.6768850480263985, -0.5441112535371315, -0.01018149068515578, 0.025560664460781868, -0.23271470132829455, 0.3412166989764133, 0.1349899410360081, 0.5361710961234754, 0.2917258239837226, -0.5080857697635849, -0.068879128571378, -0.024418715067234864, -0.12638059592486012], [0.13067507346138202, -0.32184481326933373, -0.09597903921853052, -0.5623221676416541, 0.0001522425048835485, -0.6443997099601722, -0.4209086625788773, -0.0692327402047762, 0.08945419705704329, 0.47406863936502486, 0.6071153515264198, 0.5805346930751293, 0.5717135843149904, 0.07315650881215348]], "inverted": true, "swapped": true, "error_lsq": 0.03646664328157094, "error_max": 0.21813197365117495, "target": "932.xyz", "model": "20.xyz", "model_rescale": 4.067790424073018, "target_rescale": 4.1926672239073834},
{"mapping": [11, 10, 12, 0, 7, 9, 8, 13, 3, 6, 2, 1, 5, 4, 14], "R": [[-0.5029552742910327, 0.8536434681885483, 0.13538397719766931], [-0.009770926967894222, 0.151012114133519, -0.9884836217009936], [-0.8642572076928372, -0.4984858780386381, -0.0676114513010026]], "T": [0.061537186323226675, 0.055948329675506434, 0.11409490890525134], "aligned_model": [[-0.27904874570140503, 0.21199605593749238, -0.47834679039007577, -0.26373616961768775, 0.2727003104201344, 0.10605326736688855, 0.44592344676974405, 0.4059133312388545, -0.7710658305156, -0.11036703124990872, -0.3190137187964249, 0.7024527342866976, 0.6050617640874312, 0.34125824706344116, 0.06146186588058038], [-0.4926482859944685, -0.5201786346923296, -0.11018129481955215, 0.6772157378666075, 0.5600022015368272, 0.0019224160535362203, 0.47697909724551835, -0.5519517565038506, 0.0019289982932396699, -0.20703788051567862, 0.4643593106738919, 0.05067403261678868, 0.005575740448921715, 0.40139615455630184, 0.006549217439450389], [0.08130420654146375, -0.4486898377220607, -0.40353440484257785, 0.0014801631771458046, -0.3938458223735378, -0.6599525177132445, 0.12626833341942284, 0.06952966332780114, 0.2802248124106629, 0.7840531881474869, 0.6061349588518815, -0.39825706332481514, 0.33883866627959713, 0.78109897426001, 0.05371266635671309]], "inverted": false, "swapped": false, "error_lsq": 0.04510846479093298, "error_max": 0.3860148631378624, "target": "932.xyz", "model": "21.xyz", "model_rescale": 4.186013935880536, "target_rescale": 4.1926672239073834},
{"mapping": [9, 0, 8, 13, 11, 10, 12, 1, 3, 2, 5, 4, 14], "R": [[0.19772308343091505, -0.7764634420259848, -0.5983394567264736], [0.7697444563920368, -0.2549601284390289, 0.5852254307188657], [-0.6069588570342305, -0.5762810565197455, 0.5472669273436745]], "T": [-0.057321808424987915, -0.020679025759111968, -0.029774691756769386], "aligned_model": [[0.17041111796213268, -0.4059659339144279, 0.2749018939330642, 0.5640511727571443, -0.3055089954052155, 0.7493900422275116, -0.07816785930470185, -0.7943607011876875, 0.4053280700592271, -0.29597626126344895, -0.45156932369308694, 0.19938347557786174, 0.026657337674852365], [-0.3394769588543649, 0.010989807401723232, 0.2898663149210392, -0.6814755435400722, -0.3231003191349361, -0.12574246952832718, -0.7728354015396475, -0.1348418251685931, 0.4709677720932151, 0.6485188473121065, 0.2871146116815729, 0.29257051489482405, -0.10359869099244666], [-0.5539721543704392, -0.47767972794963653, -0.6192853768323854, 0.12309988820160683, 0.5974146581117317, -0.19663283682693297, 0.03596604979130466, 0.07588067072461865, 0.011059272041401568, -0.01018616377130532, 0.4431594031087457, 0.6244085645554411, 0.04964731455119506]], "inverted": true, "swapped": true, "error_lsq": 0.04767313874150841, "error_max": 0.22631910855963486, "target": "932.xyz", "model": "22.xyz", "model_rescale": 4.166573947596378, "target_rescale": 4.1926672239073834},
{"mapping": [3, 2, 0, 7, 5, 1, 13, 11, 8, 9, 10, 6, 12, 14, 15], "R": [[0.6594441494075478, 0.7401065205171702, -0.13181711611214847], [-0.6058561748365614, 0.6270360819863194, 0.48965707112187806], [0.44505247918033886, -0.24303927702166483, 0.8618933812254395]], "T": [0.03732527865424866, -0.04647874587832059, 0.09171548992820358], "aligned_model": [[-0.15498993823435725, 0.20924130381587053, -0.46365621022569464, -0.3141880052139253, 0.18106858486107857, 0.08459761830099483, 0.29049960516164425, 0.369405109576513, -0.7594589005454807, -0.1354106806990853, -0.11575205718622496, 0.6343424897142285, 0.6502795956711668, 0.40826009199721575, 0.04700412978621771], [-0.6156729782110238, -0.4961383322848408, 0.2166059753215874, 0.5630246525622334, 0.6368322270985937, 0.02443853598511967, 0.7528770719247142, -0.6755035384456227, -0.11125432630763962, -0.22950821276408623, 0.5873911587031306, -0.03647409229553102, -0.14478980600422303, 0.3146086593372476, -0.021831940414455225], [0.11314993063323539, -0.3784550917062045, -0.49697775795970656, -0.03608774244032287, -0.35937868796751904, -0.6159815680737112, 0.20895957650706928, 0.43251473238145, 0.2142644033393172, 0.6367949968626414, 0.46011405998781096, -0.38006622715260463, 0.30148511579539516, 0.6900473487366346, 0.02798289785246387]], "inverted": false, "swapped": false, "error_lsq": 0.04004830368732296, "error_max": 0.25668611827834303, "target": "932.xyz", "model": "23.xyz", "model_rescale": 4.274766983524099, "target_rescale": 4.1926672239073834},
{"mapping": [3, 6, 13, 9, 12, 7, 0, 1, 5, 11, 14], "R": [[-0.22192780106627885, 0.4547063454483585, -0.8625486598000627], [0.8550827492291205, 0.5158825506402218, 0.051948877906148994], [0.4685952870918093, -0.7260215791241588, -0.5033002320299562]], "T": [0.06342783578565685, -0.06733602061387778, -0.04616501629008724], "aligned_model": [[0.42193709990879574, 0.13134033590492572, -0.44203108770607896, -0.5302448504541571, -0.4900501524323652, -0.599281259130096, -0.13842878465982983, 0.12421173049930444, 0.63750463267931, 0.22954617349060213, 0.035390865857664024], [-0.1875634931256316, 0.606011800535987, 0.5843750682538211, -0.24294256315681106, 0.39798690097896683, -0.2227160113003746, -0.5294117930511493, -0.11402739076878379, 0.030289153161319887, 0.5301043021113623, 0.06348055760477589], [-0.6069192930376633, -0.30815074819336385, -0.45348674436448916, -0.2582793051679869, 0.1720832638000676, 0.33217907287578485, 0.21635059846039667, 0.7031998907688481, 0.3209042433108597, 0.35619273213392944, -0.09450727656480601]], "inverted": false, "swapped": true, "error_lsq": 0.042642651009606486, "error_max": 0.2203230485522555, "target": "932.xyz", "model": "24.xyz", "model_rescale": 3.7841303162186577, "target_rescale": 4.1926672239073834},
{"mapping": [8, 0, 10, 14, 13, 7, 3, 1, 9, 2, 12, 6, 4, 5, 15], "R": [[0.6743383584133723, -0.7234975612044033, 0.14771275267775366], [0.14151137182750056, 0.3229488960286311, 0.9357769724658689], [-0.7247360278169268, -0.6101272731858243, 0.320159960799244]], "T": [0.030966894017957033, 0.014396605673147489, -0.04665539760734981], "aligned_model": [[-0.09594224584416806, 0.05572334379216698, -0.5238397066611137, -0.5895159437976014, 0.021782945211474516, 0.14824069860839068, 0.6082063553835749, 0.3320755957129738, -0.4895664531412378, -0.08016843670794283, -0.18828924066022085, 0.7277756097286734, 0.6121900752533501, 0.2957430061841717, 0.0968271337176707], [-0.5058875838136747, -0.6280564993151577, 0.024905875663539495, 0.5085843717095601, 0.7948604512914733, -0.1518835014823314, 0.5393868062295175, -0.6525698576209052, 0.0736918094746466, -0.13414531814955521, 0.5481770746054562, 0.07510389895367954, -0.12110539560968486, 0.3607303396266173, 0.03281258264202351], [0.20365683946538926, -0.4043858484178111, -0.5919390819079184, -0.0377975092104014, -0.09949324425172533, -0.6642340086533498, 0.15379854023190814, 0.08572919518111728, 0.21347884048427013, 0.6843557261511858, 0.44545949225123305, -0.22775948506857374, 0.4011427311307146, 0.7144525451942443, -0.05809874578433317]], "inverted": false, "swapped": false, "error_lsq": 0.05163106487475448, "error_max": 0.33056349505576127, "target": "932.xyz", "model": "25.xyz", "model_rescale": 4.19342608120988, "target_rescale": 4.1926672239073834},
{"mapping": [1, 5, 11, 9, 12, 0, 13, 8, 4, 2, 3, 14], "R": [[0.16662515497471014, -0.7011917345657616, 0.6932288288193965], [0.5893497251780796, -0.49282845104414813, -0.6401460921336217], [0.7905080386448803, 0.5152186615584533, 0.3311295390322951]], "T": [-0.06445838082658159, 0.026318586036964974, -0.007418912975631818], "aligned_model": [[-0.19358310623328048, 0.4135042265665446, 0.10758958419485265, -0.6123194262472266, -0.5590755649463411, -0.4041989022942609, -0.330075884196378, -0.1913416944341613, 0.6469155032588582, 0.38705735475848635, 0.3890463563905784, -0.05570989218589119], [-0.69207614472465, -0.4590367840903195, -0.5204825240481581, 0.38425728622508243, -0.1738926847042967, -0.0848521403313594, 0.37443416027525206, 0.6329437668259679, 0.03950501495098306, -0.05556731711382777, 0.5177863145866998, 0.049757479889606784], [0.17874860819156924, 0.091659819620584, -0.47414157451929173, -0.009774658185893452, -0.5419887445275903, 0.43461277180568253, -0.8163626352013543, 0.4051830254658091, -0.30025321002402, 0.5353459449468014, 0.09368411178196331, -0.14745499814483828]], "inverted": true, "swapped": true, "error_lsq": 0.04461130581489442, "error_max": 0.22553716757137368, "target": "932.xyz", "model": "26.xyz", "model_rescale": 3.795458400668931, "target_rescale": 4.1926672239073834},
{"mapping": [1, 12, 7, 0, 8, 4, 11, 2, 6, 9, 3, 10, 14], "R": [[-0.43304474103726665, 0.5257353339024095, -0.732171162329198], [0.6160331815331701, -0.42035229202021607, -0.6661884642077431], [-0.6580086409083752, -0.7395311415213515, -0.1418390609459887]], "T": [-0.14408384199356203, -0.10437349377058937, -0.0978772664290884], "aligned_model": [[-0.047295171343353176, 0.5019254355046817, 0.5570150257119241, 0.04442962503728562, -0.18094024920184684, -0.7274028411725956, -0.13580017110767503, -0.738921830649937, -0.17403308408570026, 0.35989729905035706, -0.6283242665836534, -0.021381007876703523, -0.10949238046152754], [-0.8027897525383982, -0.29868066655041975, -0.24959957405816058, -0.17126843729611435, 0.5289636549821854, -0.1516488729403042, -0.6836909107155239, -0.1880414130818724, -0.06308076123682589, 0.2875559429083232, 0.36127999053173726, 0.6414337528040868, -0.08855144955179864], [-0.3629606732230473, 0.24184666937230082, -0.40421090660420606, -0.6300072335966265, -0.487568818945136, 0.40160505969993837, 0.36119212949884844, -0.4777889642493373, 0.6260314797389748, -0.24165387737077285, -0.019730351907226565, 0.24618601733201634, 0.03919613235370012]], "inverted": true, "swapped": true, "error_lsq": 0.04197586254333731, "error_max": 0.1968862964978425, "target": "932.xyz", "model": "27.xyz", "model_rescale": 3.6321398670334006, "target_rescale": 4.1926672239073834},
