[{"mapping": [6, 3, 12, 5, 9, 8, 7, 1, 4, 2, 0, 13], "R": [[0.42860199997137216, -0.4367743779857841, -0.7909035771544287], [-0.7950192105753816, 0.23356103054081567, -0.5598157731154145], [0.42923744062772184, 0.8687216975233458, -0.24713929638064294]], "T": [-0.2191058461260367, 0.03880862532550995, -0.09091787777642148], "aligned_model": [[0.08201922271111864, -0.3231926618282757, -0.4287165692725692, -0.591237122109232, 0.18420818284136417, 0.33773340168416954, 0.495642076837989, -0.7678681512732535, 0.6597438636303163, 0.09106608771622346, -0.3586702890097721, -0.08288842991709763], [-0.6541641146562212, -0.328275019762484, 0.5663378566939133, -0.4773926515451747, 0.6384676627612447, -0.29656701977259975, 0.20942971033104069, 0.1554429906866207, -0.27419891630747806, -0.055766507534855334, 0.48554248874260714, 0.08628882283452782], [0.025952814647657432, 0.2663157126145328, -0.20447871066987625, -0.500131533015089, 0.029456557316571166, -0.5245448607881923, -0.268170055324726, 0.044361354514775506, 0.11657596105530789, 0.6062959783041216, 0.5225664791061428, -0.16661667975679983]], "inverted": true, "swapped": false, "error_lsq": 0.05738354103646259, "error_max": 0.41424370861767357, "target": "934.xyz", "model": "0.xyz", "model_rescale": 3.8414455957264533, "target_rescale": 3.9622178174532765},
{"mapping": [8, 12, 0, 13, 4, 9, 5, 11, 6, 10, 1, 14], "R": [[0.5796287711031618, -0.8118396217469332, 0.07033431787708465], [-0.7869439149135189, -0.5800748071829482, -0.21031522258802307], [0.21154139663437677, 0.06655559055001883, -0.975100297854798]], "T": [0.04098628002620922, 0.08629876448456433, -0.09856700701056077], "aligned_model": [[-0.03175367707292614, -0.3695087494104673, -0.44029772600615796, -0.5119463384383066, 0.14715783035559798, 0.1695174327939668, 0.5464400846885378, -0.7563361624836186, 0.7446196051174824, 0.2145489145440815, -0.42322756091949226, 0.008625958842283565], [-0.6984126175953661, -0.3658735166338918, 0.5098919677907412, -0.3018447371310983, 0.6116509262063206, -0.2757833660135317, 0.2358848394594761, 0.028850929861029648, -0.24435322914108212, -0.17690175056678878, 0.6147636551109842, 0.1172722011243482], [-0.041651780787762285, 0.35895195747395847, -0.4368743719280497, -0.4427430407939085, -0.19103290841817455, -0.6623807648558199, 0.2969873413519242, 0.1968006809602178, -0.02375673554983991, 0.5088725382828848, 0.40514745617109815, -0.02073735390210263]], "inverted": false, "swapped": false, "error_lsq": 0.045453381262015584, "error_max": 0.21781628426522204, "target": "934.xyz", "model": "1.xyz", "model_rescale": 4.316132596720782, "target_rescale": 3.9622178174532765},
{"mapping": [2, 0, 3, 4, 7, 6, 10, 5, 8, 1, 9, 11], "R": [[0.7825387072082074, 0.4619634253878438, -0.4174002459568491], [-0.06386846002416906, 0.7264392191574562, 0.6842564436554812], [0.6193173593038137, -0.5087984418940725, 0.597971699991827]], "T": [-0.051934325862804734, 0.033085425227915646, 0.04437463688489632], "aligned_model": [[0.0388814627645455, -0.5786930209216327, -0.25668840006111654, -0.4204597134116452, -0.13907311101360653, 0.2925236546436691, 0.5176774951578198, -0.6558352940988567, 0.6175144843892192, 0.12256939842330315, -0.17943382215523634, -0.0611435217054817], [-0.7954302217326669, -0.3489190907607709, 0.34496385622882625, -0.4217087713564874, 0.914189751541, -0.1500188829655923, 0.2951600551020535, 0.2579511595209934, -0.3378013474950794, -0.14994093691395088, 0.4683463942686573, -0.02164666296584168], [0.12209025322087921, 0.3281208007895655, -0.4958333066097491, -0.4573035554076006, -0.08416764430913379, -0.6794468017212623, -0.019618021437689454, 0.06671079638899566, 0.08067075353892347, 0.5246319266538282, 0.6310971202677161, -0.0693693033700474]], "inverted": false, "swapped": false, "error_lsq": 0.05681840063119358, "error_max": 0.4266729826787262, "target": "934.xyz", "model": "2.xyz", "model_rescale": 3.795458400668931, "target_rescale": 3.9622178174532765},
{"mapping": [7, 9, 6, 8, 2, 1, 10, 3, 0, 4, 5, 11], "R": [[-0.4277072313609379, 0.07905634047266896, -0.9004535630850881], [-0.8241256086618651, 0.3751179277192936, 0.4243860523760097], [0.37132668284042225, 0.9235998242391845, -0.09528829558805357]], "T": [0.01375217089161384, 0.01830197366780228, -0.02385924525040477], "aligned_model": [[0.0060437436377087025, -0.6401592455066364, -0.3677691777899033, -0.5937488201417237, 0.2585051609358087, 0.16573536868401276, 0.37867782720944787, -0.7641840016596366, 0.7420188565634865, 0.32241028240625774, -0.3169210358253164, 0.10723065349747529], [-0.7428772139159622, -0.3706270806439783, 0.30267718255961795, -0.2296680737589243, 0.6364159349933062, -0.12273801599016729, 0.5313737340234824, 0.19006083091170814, -0.26137916127178484, -0.10023195097860083, 0.29846504565597565, -0.0763259291135316], [0.03818204063700706, 0.3952931053614594, -0.3715207152019602, -0.44814256863707175, -0.4056398315744057, -0.6182309058010469, 0.35376142352539797, 0.024969352216118162, -0.0839761436663335, 0.5253534751300787, 0.5293030266038099, 0.008230759411372874]], "inverted": false, "swapped": false, "error_lsq": 0.059575426775786984, "error_max": 0.3982880982929785, "target": "934.xyz", "model": "3.xyz", "model_rescale": 3.7530521520055578, "target_rescale": 3.9622178174532765},
{"mapping": [3, 2, 7, 10, 1, 4, 0, 5, 8, 9, 11], "R": [[0.3335467076480363, -0.1504548001525802, -0.9306502817536795], [-0.6284301016980145, -0.7713425008538038, -0.100530361863583], [-0.7027248402447283, 0.6183802224260143, -0.3518290769896293]], "T": [-0.08074459470887371, 0.04228432384606426, 0.08424958793531655], "aligned_model": [[-0.3746162532054419, -0.1834070043841402, 0.3393338098488494, 0.6752952493896462, 0.2238014764565401, -0.31749823836836644, -0.20744579447579015, -0.7219291491611752, -0.3682297073885722, 0.4034900392111149, -0.13059482547745965], [-0.6826679464449066, 0.11904285805517154, -0.25970871932986817, 0.2501411043714028, -0.5562566328887247, 0.6639940344499657, -0.4547776239567072, -0.010702735230221375, 0.24757279365315407, 0.10193108755542032, 0.048635138079659884], [-0.19630598642458197, -0.5955880620818007, -0.5038499311837004, -0.29382431346563875, 0.11346146742531217, -0.3540696898890449, 0.5896191848820824, 0.11425897500748884, 0.8217648026805316, 0.347197157206992, 0.050167173087676244]], "inverted": true, "swapped": true, "error_lsq": 0.04789921193831892, "error_max": 0.28346516166430935, "target": "934.xyz", "model": "4.xyz", "model_rescale": 3.7855080009869324, "target_rescale": 3.9622178174532765},
{"mapping": [8, 10, 0, 7, 1, 6, 12, 3, 13, 14, 2, 16], "R": [[0.050048914838928205, -0.2849286257922521, 0.9572412362239651], [-0.31167428455291446, -0.9150341300149138, -0.2560696804705298], [0.9488699839661254, -0.28553146781395056, -0.13460139084027445]], "T": [-0.05761318722343879, -0.039359592073191056, -0.010145684424398574], "aligned_model": [[0.0848601021999446, -0.5615654874034994, -0.47464321382227803, -0.40432753114126085, 0.08739382310876499, 0.22365275283526476, 0.5021569169773451, -0.6415500449197497, 0.6036718919646546, 0.1722470037196624, -0.23949839093235986, -0.054558210575507346], [-0.7284807544043633, -0.5483051072747739, 0.5589388749659857, -0.40736458591461366, 0.6502831121411853, -0.24171093616654463, 0.31289706971692544, 0.1991838740365073, -0.33291952499883615, 0.09626969045989028, 0.5223989572092074, -0.026045367299428978], [-0.021247909058919004, 0.12390958691435237, -0.28691053872142824, -0.563075119438775, -0.2866775026077108, -0.5633368562388714, 0.1499728269279118, 0.2805970994918492, 0.02716716455938209, 0.6115185246724676, 0.43384845130105354, 0.041817290203113776]], "inverted": false, "swapped": false, "error_lsq": 0.042696634175596805, "error_max": 0.21653301647075818, "target": "934.xyz", "model": "5.xyz", "model_rescale": 4.2253639853439635, "target_rescale": 3.9622178174532765},
{"mapping": [3, 7, 9, 0, 8, 1, 5, 12, 2, 6, 11, 13], "R": [[0.9659375356516073, 0.2579390895302599, 0.020787094833098277], [0.2542572644667003, -0.9310607448822152, -0.261685178803242], [-0.04814478876482978, 0.2580568065982272, -0.9649294087564722]], "T": [0.047128152677805145, 0.019455407646959702, -0.10172629609839078], "aligned_model": [[0.028851894480520668, -0.5013346810035948, -0.35812729933424253, -0.5209171461737789, 0.15410865357224157, 0.19690543364879637, 0.4810297575917757, -0.754372578543621, 0.6173630160441285, 0.03989114366954834, -0.1366270402614207, 0.051068458320628354], [-0.6458063348020331, -0.4373271366075846, 0.3013149326536128, -0.3928688543592495, 0.71413153329979, 0.0008299663687167252, 0.31973317260927014, 0.1735888811183488, -0.2422935619737251, -0.18300935286847908, 0.48405842248233005, -0.03720636544985631], [0.14343133710599876, 0.24458201070556934, -0.4607801280831195, -0.4895095999424951, -0.3294215496172985, -0.8200059359326227, 0.247993488261895, 0.35124524238520427, 0.13595266708794762, 0.5087436987196587, 0.49487395238206433, -0.07952216506837649]], "inverted": true, "swapped": false, "error_lsq": 0.050224953564356446, "error_max": 0.27714060144453084, "target": "934.xyz", "model": "6.xyz", "model_rescale": 3.89814844738969, "target_rescale": 3.9622178174532765},
{"mapping": [9, 8, 4, 11, 2, 10, 1, 7, 5, 6, 3, 12], "R": [[-0.24310899963825117, 0.6719127271833747, -0.6995936687419981], [0.6925848794315899, -0.38472404828215545, -0.610175049847271], [-0.6791348901931182, -0.6328670426893704, -0.37182671663019523]], "T": [-0.14119274095560969, 0.10395366992974858, 0.013090034532982985], "aligned_model": [[0.20155116777269305, -0.47243309191651944, -0.34811526752298405, -0.6581808470204751, 0.2836757309055502, 0.1944882183438772, 0.6086784691213825, -0.7174205509640221, 0.5800479004097994, 0.12941939339222958, -0.41776257955867163, -0.08610893095187863], [-0.7171963698093473, -0.40751926820451007, 0.4098864765203314, -0.3848158715614411, 0.4585322938455097, -0.14080409148166062, 0.44295147630477255, 0.3971589507558407, -0.17551497688742318, -0.138192564737087, 0.21191841616795076, 0.09874083155820515], [-0.06555539954134795, 0.30696421809856245, -0.5151939556038155, -0.3731327026549841, -0.4288473203051595, -0.5921500788474654, 0.20692054710628607, 0.12827186389229378, 0.0785561839066877, 0.5836249807090774, 0.7642455940642348, -0.14612091281994394]], "inverted": false, "swapped": false, "error_lsq": 0.057032494369644145, "error_max": 0.34404366054892893, "target": "934.xyz", "model": "7.xyz", "model_rescale": 3.7474275329858107, "target_rescale": 3.9622178174532765},
{"mapping": [11, 7, 0, 10, 1, 12, 2, 6, 13, 8, 3, 14], "R": [[-0.9798133332966734, -0.1903689950450797, 0.0610366907653791], [0.00270750283519898, 0.2926495886941833, 0.9562159210479204], [-0.1998962263837401, 0.93707836596661, -0.2862265443925296]], "T": [-0.010480407598176457, -0.05481143087148378, 0.03393188301130932], "aligned_model": [[-0.04775562064837739, -0.5410582514818327, -0.38832345023297465, -0.5492238265895024, 0.22102488761436867, 0.20947347207687422, 0.4688128188782918, -0.7986028611462878, 0.8028873287225095, 0.19611562016109457, -0.32130549107716816, 0.04579498573398529], [-0.664810073877237, -0.4594585497760141, 0.41214530121366333, -0.29880418069751125, 0.553267812399214, -0.27966728401014335, 0.5867950746586968, 0.13809336881281298, -0.3694405017877916, 0.012948741484247489, 0.45884123903763285, -0.03476564498642909], [-0.08005131580794042, 0.1704071286276871, -0.23699113764179006, -0.44092222744171444, -0.3421621906481148, -0.4968248926633253, 0.29317808060150197, 0.12660785006755898, -0.18413531291570936, 0.6804123206217111, 0.42595642198830513, 0.03210829321625639]], "inverted": true, "swapped": false, "error_lsq": 0.052477479175811366, "error_max": 0.3706744371705955, "target": "934.xyz", "model": "8.xyz", "model_rescale": 4.019505241142653, "target_rescale": 3.9622178174532765},
{"mapping": [2, 3, 8, 5, 9, 6, 1, 4, 10, 0, 7, 12], "R": [[0.7249008213634616, -0.6884212044701672, 0.02439353238920705], [0.3191199786953147, 0.30422616756677406, -0.8975571726442473], [0.610476239000406, 0.6584243952068283, 0.44022275885333517]], "T": [0.004912676178279181, -0.0048240931149002245, -0.08020508028262595], "aligned_model": [[0.05855415207316509, -0.568204826652366, -0.3274968408984535, -0.48814286597409995, 0.23109866589710576, 0.26637494369372955, 0.5648447337298174, -0.7473037681212653, 0.8666849811249075, -0.1775588427810584, -0.3576857234618162, -0.023324996618684448], [-0.5458861589610426, -0.5874262077517234, 0.5679679515995195, -0.30665493951435147, 0.6201080762482183, -0.4677577171289897, 0.10713926579399659, 0.0759174740116405, -0.021226039224977282, 0.007083938923414223, 0.614318010422036, -0.00843835194659926], [0.15291848176716155, 0.18544866373697944, -0.21268193809103508, -0.42126092857813874, -0.2403292295558202, -0.5755754269827065, 0.28069047158591, 0.25927377252918254, -0.3888460186050819, 0.5436606277128819, 0.47185419758705693, -0.10756965510196433]], "inverted": true, "swapped": false, "error_lsq": 0.06980648379158993, "error_max": 0.5278509632203326, "target": "934.xyz", "model": "9.xyz", "model_rescale": 3.877068213659057, "target_rescale": 3.9622178174532765},
{"mapping": [3, 6, 9, 13, 8, 4, 0, 10, 5, 12, 11, 15], "R": [[-0.003334110998711559, -0.552736692228304, -0.8333492861749878], [-0.541837185259164, 0.7014171304776737, -0.4630620625174261], [0.8404768577267756, 0.44999573124306347, -0.3018318960758554]], "T": [-0.0919920170114234, -0.006564237862468318, -0.14266394224904477], "aligned_model": [[0.11147933546348232, -0.3948865142508584, -0.4743553479465796, -0.6032106511911728, 0.10875084711654356, 0.24094901240427824, 0.4328973133790324, -0.6471179846808643, 0.5950396649220548, 0.09187084156704195, -0.1290219841465921, -0.03455492062538493], [-0.6058569262916484, -0.4084957294643962, 0.49584229908835886, -0.47928226303904886, 0.725293273971931, -0.32209872438914167, 0.34452251547674356, 0.2041647646043329, -0.2859476933494258, -0.14640875657437902, 0.502843386135367, 0.030569156302447886], [-0.09566367580742338, 0.21372148776397787, -0.3350990187941031, -0.4785682034667564, -0.28198307475194456, -0.6403374682567403, 0.34209921446336533, 0.24545875355511965, 0.10417162055006451, 0.5678521909492938, 0.39005355362522487, -0.08412236182565239]], "inverted": false, "swapped": false, "error_lsq": 0.04732209582086754, "error_max": 0.32752674882438215, "target": "934.xyz", "model": "10.xyz", "model_rescale": 4.260839863003843, "target_rescale": 3.9622178174532765},
{"mapping": [8, 7, 3, 1, 5, 2, 4, 0, 9, 10, 6, 11], "R": [[0.6397345091002249, -0.22511993274575953, -0.7348882729686458], [0.5421381458270009, -0.5455918667390578, 0.6390741316838381], [-0.544817390237826, -0.8072487416086412, -0.22698784210990125]], "T": [-0.03432189207768872, -0.030897133975345402, -0.004993330239441373], "aligned_model": [[0.13634208922544183, -0.4948554701040491, -0.25835795220256574, -0.49973759445078203, 0.04558760167739777, 0.18461650872420232, 0.6131024315515007, -0.8648373706101972, 0.7037427740209177, 0.22782050198705528, -0.403983882623488, -0.09160002518445257], [-0.7283811109398795, -0.3196230828777016, 0.3818087074229763, -0.31807970627287496, 0.6372377952560645, -0.17083120432484913, 0.2918933986235189, 0.22542092823945872, -0.31968118913908883, -0.040179528771889426, 0.4698555967929244, -0.0542953015375183], [-0.006813885716472511, 0.3612740300629987, -0.5372665717725778, -0.47846459366989064, 0.0568216468829541, -0.6396913361849301, -0.11791310635969925, 0.11575169183349623, 0.08217076384262598, 0.5646811333123718, 0.5570138316616021, -0.009980585888053032]], "inverted": true, "swapped": false, "error_lsq": 0.053487377489148676, "error_max": 0.3944350257666804, "target": "934.xyz", "model": "11.xyz", "model_rescale": 3.890672605050136, "target_rescale": 3.9622178174532765},
{"mapping": [5, 8, 4, 7, 2, 12, 11, 0, 9, 6, 1, 13], "R": [[-0.7206638316013577, 0.6683652716686567, 0.18420506358114336], [0.5380933859278606, 0.7067745466513855, -0.45926598853651185], [-0.4371488874998321, -0.23185686065547356, -0.8689897849368817]], "T": [-0.039651947215261954, 0.031152877308217558, 0.0596398041358707], "aligned_model": [[0.10994276807976831, -0.5152492022400783, -0.3635649960557407, -0.3871410175723829, 0.0908597181770112, 0.17066880368296483, 0.39863271807654216, -0.5549840288060288, 0.6289681236879039, 0.08657233336916058, -0.26692162644663114, -0.09994398194150755], [-0.7004507402133465, -0.44101904388699176, 0.436482384072856, -0.48069375263253, 0.6812852983056451, -0.21013854424387388, 0.3613394037452763, 0.25850804833269686, -0.36508261383317353, -0.05687832475888363, 0.5722031847383007, -0.0004099971548345571], [-0.15796017247308833, 0.324313138051129, -0.4113648365651972, -0.5270701273268964, -0.1969896447417809, -0.6131720405666805, 0.10020547712095729, 0.23694465922724378, 0.10165233044395755, 0.6149561845850012, 0.570434624119513, -0.09436657386973293]], "inverted": false, "swapped": false, "error_lsq": 0.042301805457488184, "error_max": 0.21567911704644094, "target": "934.xyz", "model": "12.xyz", "model_rescale": 4.124412569039231, "target_rescale": 3.9622178174532765},
{"mapping": [6, 8, 4, 1, 5, 0, 7, 2, 3, 9, 10, 12], "R": [[0.6127746524180738, 0.7055819316400592, 0.35589515745088696], [-0.7650872920009996, 0.6424468726441378, 0.04362856229976869], [-0.1978602056313658, -0.29902533934910946, 0.9335069284449173]], "T": [0.035359904306773875, -0.002047160915327589, -0.0016623655445391046], "aligned_model": [[0.018879499399808392, -0.4255278426051516, -0.42506661063937484, -0.49184907729508004, 0.30306083797513494, 0.20174382298385163, 0.39390423859352786, -0.8176967696837426, 0.5997158360278116, 0.2810836347693894, -0.2879595103425372, -0.052448447172656266], [-0.6684329723795951, -0.3883192610314489, 0.4497900370379533, -0.47803979771842864, 0.6539920458370454, 0.03177257821136111, 0.3921733856075937, 0.09938901419280304, -0.4009362476425603, -0.24290974302597307, 0.5347217010173452, 0.0719445623650456], [0.05553170160662543, 0.3898379158305482, -0.4512475372637568, -0.3995894924613907, -0.2694209291592581, -0.5565857929154583, 0.3286614082987645, 0.06467410246960228, -0.17813688094866284, 0.5370827846210291, 0.38814966257650435, 0.0386260753498788]], "inverted": true, "swapped": false, "error_lsq": 0.05595041273477625, "error_max": 0.30001358326060173, "target": "934.xyz", "model": "13.xyz", "model_rescale": 3.9028299243045295, "target_rescale": 3.9622178174532765},
{"mapping": [1, 11, 10, 9, 4, 3, 8, 14, 2, 12, 13, 15], "R": [[-0.17639873982364948, 0.5401489057362121, 0.822874622418629], [-0.5247906849850086, 0.6556503015574391, -0.5428788253566397], [-0.8327533977964869, -0.5276000774257068, 0.1678092272754816]], "T": [0.054534883132421434, 0.015713980689371257, -0.09378817063796903], "aligned_model": [[0.05437353726852428, -0.40529411130790255, -0.47466288939592866, -0.5862559412303292, 0.15295888476544375, 0.315518579105865, 0.6468086534572034, -0.780757517482937, 0.68905419723617, 0.021874393146097924, -0.301488826030413, -0.03428934752081273], [-0.6172448863432184, -0.44241354697030205, 0.5122573289928373, -0.3091939617877152, 0.5682076677245159, -0.03484100388435904, 0.2551801859707991, 0.0601005237039602, -0.34983435861029194, -0.04004775684746276, 0.4661001292015181, -0.013125018679140378], [0.053051205399723175, 0.259104380445731, -0.2633376408689015, -0.3847648102355061, -0.47382332108008657, -0.6577218096496369, 0.3402335765948213, 0.19494543159148797, -0.01691541070084132, 0.5990784904026762, 0.45671231758848635, -0.15897939148352777]], "inverted": true, "swapped": false, "error_lsq": 0.0411476111917545, "error_max": 0.21904145348727694, "target": "934.xyz", "model": "14.xyz", "model_rescale": 3.942246331269136, "target_rescale": 3.9622178174532765},
{"mapping": [1, 5, 6, 2, 11, 0, 13, 9, 12, 3, 10, 14], "R": [[0.39761960799520263, 0.6923716948589114, -0.6020964071441881], [-0.32401506752282094, -0.5079707444160323, -0.7981102422821073], [-0.8584363012803706, 0.5124325896892398, 0.02235973319286616]], "T": [-0.06590606896823814, 0.10587244430745506, -0.0025609391613345698], "aligned_model": [[0.17704937748795302, -0.3745065073994523, -0.30721495871356075, -0.5026714020323226, 0.16320159128889591, -0.0585356495046897, 0.7005033332895289, -0.8612687051298653, 0.65647245487044, 0.15537619870363192, -0.40021147890023534, -0.05035464194934217], [-0.6626076630826685, -0.41408715854850703, 0.5062830191269456, -0.4229231375530789, 0.7794455098668732, -0.32047686887976107, 0.3558394513722558, 0.22957749216233786, -0.2762788880259095, -0.3060229970668052, 0.5598329205587563, 0.026563622540702686], [0.08141769719075093, 0.19027925111819904, -0.3095312645040717, -0.3376119727035173, -0.09155548967393229, -0.6016347434041657, 0.10261971502599405, -0.018612240217940543, 0.011787776991517292, 0.54326342259778, 0.4346578789778815, -0.05749701339406957]], "inverted": true, "swapped": false, "error_lsq": 0.05148123655367213, "error_max": 0.30803942668027895, "target": "934.xyz", "model": "15.xyz", "model_rescale": 4.355366556412066, "target_rescale": 3.9622178174532765},
{"mapping": [2, 0, 3, 4, 7, 6, 10, 5, 8, 1, 9, 11], "R": [[0.7825387072082074, 0.4619634253878438, -0.4174002459568491], [-0.06386846002416906, 0.7264392191574562, 0.6842564436554812], [0.6193173593038137, -0.5087984418940725, 0.597971699991827]], "T": [-0.051934325862804734, 0.033085425227915646, 0.04437463688489632], "aligned_model": [[0.0388814627645455, -0.5786930209216327, -0.25668840006111654, -0.4204597134116452, -0.13907311101360653, 0.2925236546436691, 0.5176774951578198, -0.6558352940988567, 0.6175144843892192, 0.12256939842330315, -0.17943382215523634, -0.0611435217054817], [-0.7954302217326669, -0.3489190907607709, 0.34496385622882625, -0.4217087713564874, 0.914189751541, -0.1500188829655923, 0.2951600551020535, 0.2579511595209934, -0.3378013474950794, -0.14994093691395088, 0.4683463942686573, -0.02164666296584168], [0.12209025322087921, 0.3281208007895655, -0.4958333066097491, -0.4573035554076006, -0.08416764430913379, -0.6794468017212623, -0.019618021437689454, 0.06671079638899566, 0.08067075353892347, 0.5246319266538282, 0.6310971202677161, -0.0693693033700474]], "inverted": false, "swapped": false, "error_lsq": 0.05681840063119358, "error_max": 0.4266729826787262, "target": "934.xyz", "model": "16.xyz", "model_rescale": 3.795458400668931, "target_rescale": 3.9622178174532765},
{"mapping": [9, 8, 4, 11, 2, 10, 1, 7, 5, 6, 3, 12], "R": [[-0.24310899963825117, 0.6719127271833747, -0.6995936687419981], [0.6925848794315899, -0.38472404828215545, -0.610175049847271], [-0.6791348901931182, -0.6328670426893704, -0.37182671663019523]], "T": [-0.14119274095560969, 0.10395366992974858, 0.013090034532982985], "aligned_model": [[0.20155116777269305, -0.47243309191651944, -0.34811526752298405, -0.6581808470204751, 0.2836757309055502, 0.1944882183438772, 0.6086784691213825, -0.7174205509640221, 0.5800479004097994, 0.12941939339222958, -0.41776257955867163, -0.08610893095187863], [-0.7171963698093473, -0.40751926820451007, 0.4098864765203314, -0.3848158715614411, 0.4585322938455097, -0.14080409148166062, 0.44295147630477255, 0.3971589507558407, -0.17551497688742318, -0.138192564737087, 0.21191841616795076, 0.09874083155820515], [-0.06555539954134795, 0.30696421809856245, -0.5151939556038155, -0.3731327026549841, -0.4288473203051595, -0.5921500788474654, 0.20692054710628607, 0.12827186389229378, 0.0785561839066877, 0.5836249807090774, 0.7642455940642348, -0.14612091281994394]], "inverted": false, "swapped": false, "error_lsq": 0.057032494369644145, "error_max": 0.34404366054892893, "target": "934.xyz", "model": "17.xyz", "model_rescale": 3.7474275329858107, "target_rescale": 3.9622178174532765},
{"mapping": [4, 6, 1, 0, 11, 8, 10, 2, 5, 9, 7, 13], "R": [[0.8663946119896688, 0.23978852886390434, -0.43802036224421775], [0.4059153336492224, -0.8490815004859693, 0.3380729912917256], [-0.29084896118726583, -0.4707037995998962, -0.8329734778601952]], "T": [-0.007780063595612431, 0.11024364107458279, -0.013576316401333291], "aligned_model": [[0.08373092861267656, -0.39973950881321385, -0.4692428779783612, -0.5352958172836885, 0.16997547120569553, 0.2763258018632398, 0.6430561318218204, -0.6981189800629076, 0.5987363452724538, -0.040587218640780555, -0.22970512674998, -0.10129553723597315], [-0.7147118876843586, -0.47067002050717927, 0.49766120545440656, -0.3398165177179013, 0.8054289401525792, -0.2664858219877944, 0.2529484326804282, 0.023282843950867382, -0.22975558592967232, -0.19842091874000944, 0.6345290462398587, 0.06115558655991628], [-0.030894973846863585, 0.30876809963950924, -0.3533970317228606, -0.48081862383876356, -0.0963835117371976, -0.5559905677732061, -0.19381770912439739, 0.12679007553082167, 0.18581853829804768, 0.5791918051676166, 0.4796714532955093, -0.021354535883789424]], "inverted": true, "swapped": false, "error_lsq": 0.05323786268408362, "error_max": 0.3300697446651766, "target": "934.xyz", "model": "18.xyz", "model_rescale": 3.922800546911778, "target_rescale": 3.9622178174532765},
{"mapping": [7, 3, 8, 12, 6, 13, 10, 5, 11, 2, 1, 14], "R": [[0.8893075269009143, -0.43871581759528966, 0.12907576840397267], [-0.3259879263912415, -0.8061075226403809, -0.4938851423050974], [0.3207241719055767, 0.39713863238708513, -0.8598935470284665]], "T": [-0.07652283408476758, 0.05498857569917407, 0.002236525430815866], "aligned_model": [[0.084593179997927, -0.3415905030796041, -0.30309803152160647, -0.5539875013440746, 0.15959427778978913, 0.11181260577649864, 0.6580765778408876, -0.8374016588371731, 0.5385652227936311, 0.14132673833918097, -0.3056810431674158, -0.05437025257705877], [-0.7226524253475117, -0.45054739982125375, 0.41785387665285695, -0.46133155218466576, 0.7022349373712184, -0.16438116250661833, 0.24624778069027733, 0.10952015991876839, -0.25073206418671967, 0.04589362099062309, 0.621768900679052, -0.03872936978488598], [-0.08452246577971262, 0.29089159968616024, -0.4352370249603699, -0.34997798538253444, -0.030757848262750277, -0.6208368465503422, 0.274971319265337, -0.02273226612212744, -0.186032392349364, 0.6845764761748261, 0.41964472175856254, 0.007595730526741181]], "inverted": false, "swapped": false, "error_lsq": 0.05284434815914776, "error_max": 0.2990791843587397, "target": "934.xyz", "model": "19.xyz", "model_rescale": 3.9282355846067225, "target_rescale": 3.9622178174532765},
{"mapping": [9, 7, 1, 10, 3, 11, 4, 2, 8, 6, 5, 13], "R": [[0.7189032040441107, -0.694300217631141, -0.0335468480257371], [0.4487263416381595, 0.426687009378807, 0.7852279072647659], [-0.5308699026457853, -0.5795562128255725, 0.6182974548226238]], "T": [-0.021444157831300707, -0.06859257293810019, 0.048686496900964535], "aligned_model": [[0.19179414730468602, -0.38987936275574153, -0.4125503258831178, -0.5693074839358461, 0.14720529522319248, 0.23707012187296395, 0.5259678915964859, -0.8290893368547713, 0.663167567195757, 0.16640328783348762, -0.32702584342573, -0.10591634616038509], [-0.702077800194674, -0.35352884982766924, 0.49609042878822096, -0.32037638145107306, 0.6635344202978989, -0.22062841815915135, 0.15343868420276785, 0.09217034183270505, -0.36747099019256946, 0.16778804246562462, 0.435926892871232, 0.01027893183782895], [-0.1292199878268372, 0.46240692697931923, -0.25076277957134213, -0.5666874046189428, 0.005068875448245899, -0.6020197657728016, -0.17583524800034384, 0.02458752608437928, 0.1922136956582921, 0.6280668520008202, 0.42254488492686587, -0.06278055730322916]], "inverted": true, "swapped": false, "error_lsq": 0.060876743643351085, "error_max": 0.3352386613362761, "target": "934.xyz", "model": "20.xyz", "model_rescale": 4.067790424073018, "target_rescale": 3.9622178174532765},
{"mapping": [2, 0, 11, 3, 13, 6, 5, 12, 4, 8, 9, 14], "R": [[-0.9315355134613414, 0.3636327318967647, -0.0035809850056564285], [0.20537779302506565, 0.5342016943733688, 0.8200295798693943], [0.30010256462161133, 0.7631512209398067, -0.5723099376086476]], "T": [-0.029908984941394327, 0.0718954397314645, 0.06509572851250502], "aligned_model": [[0.008505561243206613, -0.31142671829984253, -0.35256133455588173, -0.5780214315082209, 0.1692921560756211, 0.2366023905061136, 0.5300482346914016, -0.7844368432234341, 0.6274283940493115, 0.305355529331338, -0.4819592679007048, -0.07098705839792707], [-0.6491498004491445, -0.4774449523041763, 0.33185181818915743, -0.35761644122611086, 0.6987804372682161, -0.14980464266807375, 0.2486188875598792, 0.2015415486618869, -0.38421874541625634, -0.06408787861871723, 0.5185133765556842, 0.13816169491879604], [-0.11473757149962054, 0.41642311002981436, -0.43124125033005445, -0.4236141104365725, -0.1746074428433697, -0.5886455528186398, 0.12578226760176422, 0.03520485342985455, 0.016723060352287974, 0.5058611302002911, 0.5125695932824768, 0.06786493103619376]], "inverted": false, "swapped": false, "error_lsq": 0.04459135153058812, "error_max": 0.24924197308386847, "target": "934.xyz", "model": "21.xyz", "model_rescale": 4.186013935880536, "target_rescale": 3.9622178174532765},
{"mapping": [3, 6, 9, 4, 8, 11, 2, 7, 5, 0, 1, 12], "R": [[-0.9288441713481166, -0.16605719933188223, 0.33116991394551887], [0.29817695171557596, -0.8656025177678757, 0.4022720307199116], [0.2198613445293144, 0.4723952664707448, 0.8535242828401522]], "T": [-0.11340867756552955, 0.05691964090966367, -0.04793986128429941], "aligned_model": [[0.15505429888877972, -0.27446085167213485, -0.2848976698388538, -0.5726421694749995, 0.3470872095134372, 0.06494411168779432, 0.5058885167232336, -0.8001380002082655, 0.5738739619912868, 0.015822499055578115, -0.32080168240885454, -0.11189061224602027], [-0.821090009070377, -0.41154561911894616, 0.5973692651429721, -0.4068240730170642, 0.5289327678657072, -0.08740429615979053, 0.3822390206517485, 0.0504639440249794, -0.25313052109543815, -0.02821491529133907, 0.48985694116449624, 0.014492797374192908], [-0.14471454574158563, 0.20594071374864245, -0.300836064168976, -0.366785461019572, -0.4388558070682357, -0.636435283922565, 0.19769704387305384, 0.2102943372278949, 0.12541020799541397, 0.6576378107943697, 0.5040353841048931, -0.06580531781890762]], "inverted": true, "swapped": false, "error_lsq": 0.04997850474951441, "error_max": 0.29168413174435476, "target": "934.xyz", "model": "22.xyz", "model_rescale": 4.166573947596378, "target_rescale": 3.9622178174532765},
{"mapping": [3, 4, 7, 8, 13, 9, 12, 0, 11, 2, 1, 15], "R": [[-0.9401241149600751, -0.2727151437994499, -0.20443360490139867], [0.3118293295218157, -0.9303471962921525, -0.19291594957728742], [-0.1375831302177365, -0.24511333030616073, 0.9596824149611749]], "T": [0.045201742949455455, 0.06928724612703693, -0.05669917066253006], "aligned_model": [[0.07355484918243846, -0.482561764571794, -0.48364179924003836, -0.5040425113300394, 0.06979211359873586, 0.2505110135421128, 0.672578103092199, -0.7425483890708825, 0.6769561800211524, 0.06765905570533717, -0.3122842880714884, 0.011867049153248321], [-0.5163005325270438, -0.36145666879660554, 0.46214230050224936, -0.37571998481170277, 0.8546655157252234, -0.2766412876462764, 0.22283419658836814, 0.18504537647454494, -0.39168350241568495, -0.14841936721857532, 0.29294298726672663, 0.10773626932991726], [0.07637865196011767, 0.2185804567160971, -0.3348700925550488, -0.4496094069435195, -0.3719600566126171, -0.5023792343991199, 0.05377069838457701, 0.12442384719661465, 0.04570018311760798, 0.5796252267940348, 0.5180015409668278, -0.010078796621145927]], "inverted": true, "swapped": false, "error_lsq": 0.03949739652205219, "error_max": 0.2391901992913576, "target": "934.xyz", "model": "23.xyz", "model_rescale": 4.274766983524099, "target_rescale": 3.9622178174532765},
{"mapping": [3, 2, 4, 5, 6, 8, 0, 9, 1, 10, 11], "R": [[0.9412668099401489, 0.20865373077414695, -0.265481474191939], [0.1572362785751777, -0.966631852765321, -0.2022365296362447], [-0.29882025568044157, 0.1486152140714819, -0.9426664165767034]], "T": [-0.050522662088260985, 0.09980633571396151, 0.0491784854942579], "aligned_model": [[0.44315467901129857, 0.13785683601837304, -0.43470576004428674, -0.364833782889084, -0.6253020097830986, -0.6755617724537347, 0.021259768085516502, 0.0472150137132808, 0.5323566842722244, 0.36502647794304915, -0.06657142991546348], [-0.31854909485499067, 0.5444924854384069, 0.7024022757645287, -0.20221707719413107, 0.29997065511096377, -0.3440980230065784, -0.6026779323954513, 0.15903643944860207, -0.20052203720981593, 0.7712390120139221, 0.10650982812802703], [-0.47225146451849737, -0.44617801870388024, -0.3029301932360262, -0.4249693838529275, 0.30666385941375907, 0.33377428421820116, 0.1901938721409888, 0.5915081664402705, 0.19719016158082026, 0.4155630313082466, -0.008997880769377707]], "inverted": true, "swapped": true, "error_lsq": 0.059363677199064366, "error_max": 0.32675750758094757, "target": "934.xyz", "model": "24.xyz", "model_rescale": 3.7841303162186577, "target_rescale": 3.9622178174532765},
{"mapping": [14, 13, 4, 12, 1, 9, 7, 3, 10, 11, 6, 15], "R": [[-0.025823646793482716, -0.5896179198438433, 0.8072693775099515], [-0.3681279809070863, 0.7563989959907207, 0.5406869228467631], [-0.9294164453782585, -0.28321593786940913, -0.23658783484615964]], "T": [0.04094719217038389, 0.08260331426028648, -0.12977287157258643], "aligned_model": [[0.08576538332491118, -0.35866271274172895, -0.4753249431892467, -0.4562677047222333, 0.17192256937685813, 0.11703764259124563, 0.46566319867492095, -0.6864527129014681, 0.6755152149478136, 0.001536926179137664, -0.2459892996589056, 0.003096050129676585], [-0.7062564290165769, -0.4699881103632037, 0.6028152977891231, -0.4363310856703267, 0.7665848965013468, -0.32568401195415964, 0.26927742158784845, 0.13350217027054623, -0.3335464458044168, -0.09682506713695137, 0.5349660318081317, 0.1166306344597797], [-0.20041703261480376, 0.2535737582544595, -0.26958316197553134, -0.3719635842451703, -0.39063881324347816, -0.5416617050380403, 0.3258307407622535, 0.21271883955552046, 0.04168530683728719, 0.6156664995679193, 0.355058927789272, -0.0826867576452624]], "inverted": true, "swapped": false, "error_lsq": 0.046649087993695985, "error_max": 0.2767349347467797, "target": "934.xyz", "model": "25.xyz", "model_rescale": 4.19342608120988, "target_rescale": 3.9622178174532765},
{"mapping": [2, 0, 3, 4, 7, 6, 10, 5, 8, 1, 9, 11], "R": [[0.7825387072082074, 0.4619634253878438, -0.4174002459568491], [-0.06386846002416906, 0.7264392191574562, 0.6842564436554812], [0.6193173593038137, -0.5087984418940725, 0.597971699991827]], "T": [-0.051934325862804734, 0.033085425227915646, 0.04437463688489632], "aligned_model": [[0.0388814627645455, -0.5786930209216327, -0.25668840006111654, -0.4204597134116452, -0.13907311101360653, 0.2925236546436691, 0.5176774951578198, -0.6558352940988567, 0.6175144843892192, 0.12256939842330315, -0.17943382215523634, -0.0611435217054817], [-0.7954302217326669, -0.3489190907607709, 0.34496385622882625, -0.4217087713564874, 0.914189751541, -0.1500188829655923, 0.2951600551020535, 0.2579511595209934, -0.3378013474950794, -0.14994093691395088, 0.4683463942686573, -0.02164666296584168], [0.12209025322087921, 0.3281208007895655, -0.4958333066097491, -0.4573035554076006, -0.08416764430913379, -0.6794468017212623, -0.019618021437689454, 0.06671079638899566, 0.08067075353892347, 0.5246319266538282, 0.6310971202677161, -0.0693693033700474]], "inverted": false, "swapped": false, "error_lsq": 0.05681840063119358, "error_max": 0.4266729826787262, "target": "934.xyz", "model": "26.xyz", "model_rescale": 3.795458400668931, "target_rescale": 3.9622178174532765},
{"mapping": [0, 6, 10, 7, 4, 3, 9, 5, 2, 1, 8, 12], "R": [[0.8655017130914023, 0.18955986877828143, -0.4636527157092999], [-0.06008863380244949, 0.9582351608169396, 0.27959744752391674], [0.49728879006428783, -0.21413181156216604, 0.840744566770135]], "T": [0.01803288403900479, 0.1440882575452706, 0.08679122631638668], "aligned_model": [[0.1437347558580286, -0.5222616786585131, -0.39268903224614815, -0.4601449454763861, 0.1812753765684691, 0.2417460307770245, 0.4416976882474809, -0.7325977062695216, 0.7434353085792252, 0.1338281717050921, -0.3847985760605628, -0.0953857810132076], [-0.6497986292444935, -0.3042032940838418, 0.4435930601886205, -0.2007770700455329, 0.6982740471423525, -0.14030077434834515, 0.20955727887970574, 0.08565747383546546, -0.35380378781460187, -0.1451741263113973, 0.3550901954124809, 0.057030928860728455], [-0.1258489450938246, 0.5207306574969685, -0.4124990792032097, -0.47233484874634335, -0.5174381853130141, -0.5567550931999652, 0.06237338374352354, 0.08662303486084137, 0.11380506606076722, 0.5900524856947685, 0.6559631749193593, 0.002911366784554295]], "inverted": false, "swapped": false, "error_lsq": 0.05004301890479244, "error_max": 0.32178307707538994, "target": "934.xyz", "model": "27.xyz", "model_rescale": 3.6321398670334006, "target_rescale": 3.9622178174532765},
{"mapping": [6, 4, 8, 12, 0, 9, 11, 7, 13, 1, 3, 14], "R": [[0.4377444162281, 0.25625810876257293, 0.8618071755065337], [0.8549491463269678, -0.41531371934728456, -0.31076755254806454], [0.278283638139056, 0.8728380698705541, -0.40088891295312307]], "T": [-0.016549792874637287, 0.12903829667195912, -0.036621224944941876], "aligned_model": [[-0.016519308133000482, -0.3266276566905526, -0.3860540276800296, -0.545870047900928, 0.14854462046054615, 0.284702441519858, 0.6056013787942717, -0.7790920560004472, 0.6018993994614482, 0.08914368681395658, -0.4013197288531799, 0.023430910219038426], [-0.6459418458735595, -0.41970548381177153, 0.3251127379762503, -0.2915785372818186, 0.7288697653431362, -0.1590939847428082, 0.24539014568922365, 0.03471524475971438, -0.399219914473097, 0.012000696007575778, 0.5265668227589119, 0.09802965611938419], [-0.09418175718339955, 0.5011512493514031, -0.3400203840120933, -0.5124481656214365, 0.011935320413400126, -0.5589229010855364, -0.14578167217735527, 0.06594506010421433, 0.03367237910776442, 0.6133005276748221, 0.3701750966663236, 0.0027582647663191504]], "inverted": true, "swapped": false, "error_lsq": 0.057461231911696685, "error_max": 0.3245453807553707, "target": "934.xyz", "model": "28.xyz", "model_rescale": 4.156811204709835, "target_rescale": 3.9622178174532765},
{"mapping": [8, 5, 0, 3, 4, 6, 9, 10, 7, 11], "R": [[-0.7226646092455647, -0.26200092443277784, -0.6396181502586721], [-0.5859194683151038, -0.25870516968815177, 0.7679648506448526], [-0.36668002289912305, 0.9297457452298421, 0.03344562802077672]], "T": [-0.12156723298235306, -0.0018312107232977062, -0.021063740886516323], "aligned_model": [[-0.5773341704116395, 0.15187536593714923, -0.002033478474236086, 0.6766235612595871, -0.22612083956111234, -0.7010322454449712, -0.5052627740798943, -0.35311650020179675, 0.2663906604818137, -0.08706420539431206], [-0.33940529690816673, -0.5338944706840533, 0.14093566582675754, 0.09260235869572922, -0.5211562574255345, -0.31634528087932434, 0.39562730336591845, 0.5479084590604091, 0.5014528989340262, -0.04900504935955806], [-0.6101647279096715, -0.2597343446614244, -0.71665809393097, -0.23225449145616492, 0.5739733004620003, 0.024069064080838802, -0.06563730496170622, 0.6129013956246738, 0.4368887526711914, -0.004596822943667488]], "inverted": false, "swapped": true, "error_lsq": 0.060270585592916294, "error_max": 0.3003748661747775, "target": "934.xyz", "model": "29.xyz", "model_rescale": 4.117894457231895, "target_rescale": 3.9622178174532765},
