[{"mapping": [5, 6, 4, 7, 1, 3, 9, 8, 0, 11, 12, 13], "R": [[-0.6390651734900868, 0.7315108520734006, -0.2376711537627837], [0.04594789769205693, -0.27214369271078054, -0.9611589885213687], [-0.7677789361071099, -0.6251637256084104, 0.14030617040474985]], "T": [0.052899701412163, -0.12471637023509895, -0.013202132336753193], "aligned_model": [[-0.3871985978553439, -0.5827876823225377, -0.4704424284828859, -0.17277354468059516, 0.4268957168085657, -0.05295737999298782, 0.4268354475768696, -0.6272612968859358, 0.7298261716922649, -0.2887709731785018, 0.5185380545959143, 0.004438659159175379], [-0.6937829961992308, -0.15515457032218205, 0.5323776903728689, 0.5886919601857877, -0.5640090267364352, -0.37159232699577655, 0.5029073678031694, 0.21981176770614003, -0.04169982477701846, -0.0341252968801803, -0.08442231577087718, 0.01692546394541876], [0.22105824125904824, -0.43690173149120515, -0.4689922564089258, 0.09410407698735537, 0.0006923210380462702, -0.4615846097905624, 0.04160364249895058, 0.15785490547103845, -0.37416091335607626, 0.5885588238546938, 0.3283781967115751, 0.05105501083917776]], "inverted": true, "swapped": false, "error_lsq": 0.059393854730738105, "error_max": 0.32423044545838126, "target": "935.xyz", "model": "0.xyz", "model_rescale": 3.8414455957264533, "target_rescale": 3.680109950622507},
{"mapping": [9, 6, 5, 4, 13, 12, 1, 2, 11, 7, 0, 14], "R": [[-0.6693272911686903, 0.6938348836722867, -0.2656955616796184], [-0.4466681525072555, -0.6615555256967445, -0.6023552506252929], [-0.5937074522292429, -0.28449506255745216, 0.7527111136072676]], "T": [-0.0919440337678249, -0.019697503684254, -0.0714913978239359], "aligned_model": [[-0.37410937797356814, -0.8217353890490982, -0.49051557976819216, -0.11542691083595517, 0.3181171276906939, 0.29964092843323026, 0.5359441819056127, -0.7145340346418423, 0.7193984786462048, -0.18599677208051893, 0.39579886642331913, -0.04223937231588425], [-0.5545422958232262, -0.10519857186089651, 0.4059668610433657, 0.41665801289737536, -0.6391192133156007, -0.3008890552244962, 0.5524272293761753, 0.2693169486032538, -0.12465769023773846, -0.11841381804200804, 0.08007774563708939, 0.0343017392783909], [0.24447291478828856, -0.33629570081204474, -0.3785310635064054, 0.25232900375936984, 0.08021090980518342, -0.6629997008827032, -0.23558761840107525, 0.19953824040604343, -0.3101796650645393, 0.5564928168109757, 0.45545179877619335, -0.12323622806617049]], "inverted": false, "swapped": false, "error_lsq": 0.04754326517873638, "error_max": 0.267330610908577, "target": "935.xyz", "model": "1.xyz", "model_rescale": 4.316132596720782, "target_rescale": 3.680109950622507},
{"mapping": [5, 3, 6, 10, 0, 4, 8, 7, 2, 9, 1, 11], "R": [[0.5342523752058153, -0.7552207871932928, -0.37975776776530556], [0.6387094654680996, 0.6549233332551045, -0.40388816060820326], [0.5537369576869502, -0.026776671734296653, 0.8322610116678748]], "T": [-0.0383571226801038, -0.00483284935810103, 0.03525639961932982], "aligned_model": [[-0.3544351092347682, -0.6114114161335418, -0.15889688860402537, -0.1607107062645931, 0.30205555634208237, 0.016097014826281925, 0.4442978175814183, -0.863347310628567, 0.7183537553708806, -0.14779216836427386, 0.3899805212529748, -0.04984891970986721], [-0.5595267087286584, -0.05738176088279451, 0.43026660174515463, 0.6012632002070513, -0.627716333612589, -0.34489731500418314, 0.5798394786237555, 0.0733393024011013, -0.06198715795642668, -0.16471879907960396, 0.04952276662151677, -0.0020753820026396825], [0.12564063889335375, -0.2807568872710511, -0.6519514259183031, 0.15737510365290186, 0.042287159917614864, -0.6544686450542874, -0.0753717764766103, 0.37251212493448616, -0.31808116389884034, 0.7510859597031314, 0.36414786075224337, -0.09075324162152325]], "inverted": false, "swapped": false, "error_lsq": 0.05036689342516964, "error_max": 0.3196989979187117, "target": "935.xyz", "model": "2.xyz", "model_rescale": 3.795458400668931, "target_rescale": 3.680109950622507},
{"mapping": [5, 9, 8, 6, 4, 7, 1, 3, 0, 10, 2, 11], "R": [[-0.46552872006181917, -0.267973169114694, -0.8434888211661327], [-0.35525365674514214, -0.8163298250030092, 0.4554124023121914], [-0.8106033864762774, 0.5116600408915906, 0.2848265303443603]], "T": [0.03370807683342455, -0.009746498012613791, -0.0014554310032700232], "aligned_model": [[-0.48531481441057506, -0.6927021360587462, -0.3729845726683816, -0.2270276852081575, 0.14520296694972024, 0.062349283646857316, 0.3888182826134933, -0.7250205466108002, 0.757788127059857, 0.2090256782550126, 0.3466973256461881, 0.11751023721953363], [-0.3667068984716756, -0.2581951771916481, 0.5359592299370934, 0.48756860174749095, -0.6410246504710078, -0.20179105690957796, 0.468184145813634, 0.22678089534802176, -0.23916422116847807, -0.3861465576558116, 0.37720947501552066, -0.08674589366187745], [0.31002350314485133, -0.40784945067804007, -0.38534250340271453, 0.1774044319176672, 0.0019382440354268268, -0.7401034292313249, -0.20577841894715468, 0.07240723678245309, -0.18929454658308548, 0.6040174991369148, 0.5816638676659215, -0.07742072622779891]], "inverted": false, "swapped": false, "error_lsq": 0.059638311974960646, "error_max": 0.3699654359816116, "target": "935.xyz", "model": "3.xyz", "model_rescale": 3.7530521520055578, "target_rescale": 3.680109950622507},
{"mapping": [9, 10, 4, 8, 0, 6, 1, 3, 2, 5, 11], "R": [[-0.39569896222522566, 0.7628266628010315, 0.5113881244355615], [-0.5612885962266941, -0.6416129182643394, 0.5227695236547225], [0.7268957580284444, -0.08017696449828915, 0.6820514726353822]], "T": [-0.12131370425100685, -0.06695961232551158, 0.004754182578954229], "aligned_model": [[-0.3003847708375024, -0.3349150526956958, 0.4539674286233759, 0.5192849177034602, 0.1371630645137164, -0.19747126824255457, -0.1377292244817058, -0.6797133438153072, -0.48212984954656773, 0.47647727295143527, -0.11634957172744884], [-0.6381578471607141, 0.05432565160844742, -0.23631340889553343, 0.38130806695220343, -0.7257374450478511, 0.5736835624295696, -0.3736877006951052, 0.04111006131639658, 0.3784790784896787, 0.1089792134816734, -0.09678587416441935], [-0.34514086711995334, -0.5519710654444431, -0.30938465339027416, -0.43772502165434823, 0.08399513698952797, -0.08382075522445447, 0.6629712880991107, 0.06775269093673879, 0.6590648750152008, 0.34365472955049975, 0.0034344194877114695]], "inverted": true, "swapped": true, "error_lsq": 0.05596412238228237, "error_max": 0.2956342056003269, "target": "935.xyz", "model": "4.xyz", "model_rescale": 3.7855080009869324, "target_rescale": 3.680109950622507},
{"mapping": [3, 14, 13, 8, 0, 1, 6, 15, 4, 10, 7, 16], "R": [[-0.9767520463592486, 0.18749013120109567, -0.10393695509883093], [0.02129288470693695, 0.5672974858150093, 0.8232376179748024], [0.21331210231460745, 0.8018859103950919, -0.5581011859116205]], "T": [-0.08909041066010305, -0.04397184855255966, -0.08550828386440204], "aligned_model": [[-0.21416922201581495, -0.7145937007435682, -0.305412849212817, -0.2170163612572405, 0.35793797251311776, 0.2588619457022366, 0.35645757695654223, -0.7599323075885502, 0.6416022603481789, -0.19810663299823517, 0.45651164460694105, -0.1377981798767885], [-0.6595050276386352, -0.1566629740753246, 0.5777540211576647, 0.5557939406455193, -0.676406259403734, -0.39108606912919974, 0.421280291727015, 0.30956521172644086, -0.12982302800294737, -0.019185632834743463, 0.14918995080018688, -0.0649865326405584], [0.2109555449465879, -0.317335251355335, -0.38804618956725934, 0.25978264163907017, -0.17860083957847336, -0.6613075670914107, -0.19088619788340022, 0.23744806461102394, -0.16112957310961318, 0.6345371180734184, 0.3902819939209845, -0.09403403699247698]], "inverted": false, "swapped": false, "error_lsq": 0.04505224716906279, "error_max": 0.2464860365958534, "target": "935.xyz", "model": "5.xyz", "model_rescale": 4.2253639853439635, "target_rescale": 3.680109950622507},
{"mapping": [0, 7, 6, 11, 1, 4, 5, 12, 10, 9, 8, 13], "R": [[-0.9219052039071276, 0.2694243331554718, -0.278390595589519], [-0.23349602940296144, 0.1869958102047613, 0.954207614316149], [0.3091446251546502, 0.9446920639391413, -0.10948289852025567]], "T": [0.0032771503369307883, -0.02400652300529792, -0.08113936644380226], "aligned_model": [[-0.48808032773479165, -0.771042942601414, -0.3197315777117343, -0.18527085945452806, 0.3942010318156879, 0.17899663010517528, 0.35207804513384156, -0.7691139127790382, 0.7705117360727591, -0.07819472243775491, 0.46531537948586543, -0.025326333460066287], [-0.6466601278360128, -0.032824171626358103, 0.40279276352115795, 0.6853606506307685, -0.6280352019100524, -0.515096365876234, 0.490602899642801, 0.3143712886483717, 0.005538112705651865, -0.260869935426249, 0.13238831697369977, -0.03164033711586024], [0.03689862092006464, -0.2535976476936754, -0.43782648248249656, 0.17732078480672842, 0.06389047844484941, -0.5595374672610012, -0.20053930095529865, 0.31918083872711916, -0.21894604023218747, 0.475506378431941, 0.4737716214015921, -0.13445607649451974]], "inverted": false, "swapped": false, "error_lsq": 0.049488514504308516, "error_max": 0.2518994920622548, "target": "935.xyz", "model": "6.xyz", "model_rescale": 3.89814844738969, "target_rescale": 3.680109950622507},
{"mapping": [7, 8, 9, 10, 0, 6, 5, 11, 1, 4, 2, 12], "R": [[0.1275080838999904, 0.26992611011706874, -0.9544011649286799], [-0.14681901013290183, 0.9567913398214575, 0.2509870719902833], [0.9809107333512812, 0.10812135367136723, 0.16162891472915128]], "T": [-0.091557993435606, -0.14064931334012223, 0.006271943154955509], "aligned_model": [[-0.3855302361058638, -0.6238055847611641, -0.284276426898427, -0.014662926853243385, 0.3242109256329968, 0.04816551343504205, 0.3464338066487225, -0.8291650224823559, 0.7329203818801908, -0.1389069827164432, 0.4139244647908169, -0.06496576613627002], [-0.6821391476326875, -0.16471596549565448, 0.5903848470096433, 0.543281057641592, -0.5606132446234652, -0.19552291287899684, 0.3569901083218271, 0.13518337021189233, -0.09077892992377645, -0.11878953916600843, 0.11695509911189314, -0.014306850244574398], [0.23352457667805754, -0.4106453988888844, -0.4695374103049821, 0.2616737039872478, -0.035881227851198794, -0.6531536256010594, -0.3975780204350865, 0.19386877310773287, -0.1741302894486665, 0.6487484111064392, 0.43015317136822634, 0.11462304389528971]], "inverted": false, "swapped": false, "error_lsq": 0.041557801235292714, "error_max": 0.2102393213790028, "target": "935.xyz", "model": "7.xyz", "model_rescale": 3.7474275329858107, "target_rescale": 3.680109950622507},
{"mapping": [9, 4, 1, 12, 5, 3, 0, 13, 6, 11, 10, 14], "R": [[0.9830739591355899, 0.10021788445845743, 0.15336872726911355], [-0.015867328948563367, -0.787404530710086, 0.6162323692319865], [0.18252073510019223, -0.6082355470143953, -0.7724866993072339]], "T": [-0.08255304263852858, 0.0023046172122174738, -0.04412562667744354], "aligned_model": [[-0.17766998751163854, -0.8013596276627312, -0.14406813623579828, -0.25897017591959515, 0.24150944716267014, 0.25419283831307793, 0.4081768899224194, -0.8981760990159569, 0.7051320833684186, -0.1385604519873449, 0.4675931267574982, -0.1334577607570175], [-0.6610488511106447, -0.18729390311327548, 0.6101248680405824, 0.4498518359584177, -0.6225772857278498, -0.23368690608225556, 0.33994292480695687, 0.25325835425945437, -0.1729542773121175, -0.12026974873791285, 0.23799580218893623, 0.022585079161392223], [0.31816622107852494, -0.28824719528979087, -0.48181530669345113, 0.34216584472308686, -0.17651737152483238, -0.6315307250379302, -0.3259016798832634, 0.2385280137734397, -0.16972244413422619, 0.5627669919132133, 0.4217630051986847, -0.06798964651033956]], "inverted": true, "swapped": false, "error_lsq": 0.049359977416218594, "error_max": 0.2258723776455328, "target": "935.xyz", "model": "8.xyz", "model_rescale": 4.019505241142653, "target_rescale": 3.680109950622507},
{"mapping": [2, 0, 7, 8, 6, 1, 9, 4, 10, 5, 11, 12], "R": [[-0.11857201343869822, 0.8760968861220216, 0.46732742671107025], [0.005644022383064773, -0.4700453633121342, 0.882624213037521], [0.9929294147322016, 0.10729213650618269, 0.050789514700438076]], "T": [-0.032328889500750475, -0.087306425044694, -0.010169551829328955], "aligned_model": [[-0.2647515700858475, -0.5967749370117942, -0.5520107266255356, -0.05424595620497053, 0.4083539855732991, 0.11217916906649611, 0.35388227942413353, -0.7677795310548886, 0.7677379958326719, -0.18182532455585088, 0.33229717851125984, -0.03272041643497143], [-0.6303029081387428, -0.06394395712192276, 0.5716779949707718, 0.574351694577517, -0.5698445438209305, -0.2081102460996736, 0.4302330135942587, 0.22273075039636997, -0.3780911538725946, -0.16871673414371471, 0.21450528878531816, -0.07856130679497225], [-0.04343633877653011, -0.33188516011218466, -0.3496608071146228, 0.12349086232229826, 0.307662802582958, -0.6588830170805122, -0.2345217835574647, 0.21473926286065695, -0.34709236003789923, 0.639097647881372, 0.39381936375386006, 0.028335234891184436]], "inverted": false, "swapped": false, "error_lsq": 0.04637973398691166, "error_max": 0.3028133223846102, "target": "935.xyz", "model": "9.xyz", "model_rescale": 3.877068213659057, "target_rescale": 3.680109950622507},
{"mapping": [11, 10, 13, 2, 0, 12, 4, 14, 5, 8, 7, 15], "R": [[0.007392364746731828, -0.7664808179007714, -0.6422246559683116], [-0.45065053804042093, -0.5758794854368093, 0.6821120954923136], [-0.8926698412668206, 0.2843764653469071, -0.3496721041911536]], "T": [-0.04501725555974057, 0.04884599116268267, -0.10175966915867325], "aligned_model": [[-0.28210714086611355, -0.6849814438099563, -0.3710778589355768, -0.19339069564316164, 0.30229519169883057, 0.06250966762314503, 0.42337488875573415, -0.7716887554868523, 0.646213207512029, -0.011104447318104678, 0.41179360110582885, -0.007494068201800978], [-0.6337287283744604, -0.2408542140753614, 0.6842105751558922, 0.5636413731628888, -0.657673417872463, -0.5298800241390051, 0.5360714962374089, 0.3304812305014924, -0.19736604055803444, -0.23158875497021653, 0.3251065161835645, -0.03249211892002198], [0.048358333752056074, -0.20040250114435748, -0.39779146524989145, 0.28980947530827567, 0.016436880155090275, -0.5618785404488896, -0.06555488918143172, -0.05537357431508273, -0.37115811867179366, 0.6162439592490391, 0.5157276043656187, -0.0927514562055172]], "inverted": false, "swapped": false, "error_lsq": 0.048567843827150466, "error_max": 0.2828672340204314, "target": "935.xyz", "model": "10.xyz", "model_rescale": 4.260839863003843, "target_rescale": 3.680109950622507},
{"mapping": [5, 6, 7, 1, 4, 10, 8, 0, 9, 3, 2, 11], "R": [[0.41940097017025035, 0.34648272112865763, -0.8390783933456599], [-0.7043335785162044, 0.7073314158977351, -0.05997064497454818], [0.5727277157557601, 0.6161428341248371, 0.5406948969259864]], "T": [-0.002246880580075619, 0.008026327585713092, -0.03640276157114128], "aligned_model": [[-0.29006908953303845, -0.7284324109490706, -0.3464865726078861, -0.08438098261173586, 0.39534344606425775, 0.03290141528300618, 0.4833221441797155, -0.8384031474410518, 0.7094126298322013, -0.21939332622204422, 0.44576006652260625, -0.03523202608295797], [-0.5864906132343125, -0.28407813677956306, 0.4377096959129167, 0.5850454212927292, -0.5988422595783891, -0.2317201432092767, 0.47402156250742755, 0.25030839379387604, -0.19188409610160773, -0.10547443867623803, 0.10717416575436892, 0.06015834064975274], [0.1061415661284659, -0.33737600296446557, -0.39203862407355017, 0.39204046444868756, 0.062264906251302626, -0.6148662600578385, -0.2867716300089418, 0.07394381625548344, -0.33525025595268265, 0.629778946835639, 0.47331932709646396, -0.029520546345447814]], "inverted": true, "swapped": false, "error_lsq": 0.04299208942696863, "error_max": 0.2537721297676132, "target": "935.xyz", "model": "11.xyz", "model_rescale": 3.890672605050136, "target_rescale": 3.680109950622507},
{"mapping": [7, 3, 1, 6, 12, 4, 11, 8, 10, 5, 9, 13], "R": [[-0.3064034517313548, 0.8932171348523241, 0.3290593787955557], [-0.42778984087870714, 0.1796009669508, -0.8858551488315167], [-0.8503603805493775, -0.41219733463056657, 0.3270788597805963]], "T": [-0.043585515767596346, 0.144799908625617, -0.05475649292068307], "aligned_model": [[-0.2995254603236871, -0.7592854393923835, -0.2560577879969713, -0.15987993075249549, 0.3066944331150953, -0.031176925168637314, 0.4309558183104653, -0.7052841242625837, 0.7100861863275906, -0.06471431745344278, 0.4037247663037841, -0.051195072272732484], [-0.6396656177147569, -0.32714024307690703, 0.7162576595022557, 0.6597494900945884, -0.48842054645551525, -0.24907973363740768, 0.39837778004819446, 0.11756732720989344, -0.25346797525619913, -0.2367818610011405, 0.24024174198123038, -0.021710129362551928], [0.15988915236602427, -0.39842678336853093, -0.538067844832614, 0.17624325065018906, 0.12263561350645091, -0.6342061439821369, -0.16995609913294665, 0.2291526190559609, -0.3247604976535876, 0.6226806692300895, 0.5750250438207037, -0.07854327204648627]], "inverted": false, "swapped": false, "error_lsq": 0.043546476596047774, "error_max": 0.25038179837338065, "target": "935.xyz", "model": "12.xyz", "model_rescale": 4.124412569039231, "target_rescale": 3.680109950622507},
{"mapping": [9, 7, 5, 0, 8, 10, 4, 3, 2, 6, 1, 12], "R": [[-0.5450240002136408, -0.6635375507952118, -0.5125102514836294], [0.04613830784248879, 0.5866178144290338, -0.8085485738927102], [0.8371499840175313, -0.4643247338654225, -0.2891062880330547]], "T": [-0.13231731514602038, 0.0029138233380772245, -0.00826867258275624], "aligned_model": [[-0.45938185769375883, -0.5546791102116967, -0.3705498655010908, -0.2016563443719404, 0.2662729954563402, 0.10189932530646695, 0.38410410778385695, -0.644945144468949, 0.6929326593631739, -0.10484339792544323, 0.4703329274956036, -0.055144148798561124], [-0.5389748841942197, -0.13125408321384324, 0.4967072072693407, 0.5602210180541256, -0.5543173569513262, -0.2487651653743374, 0.4925179709099766, 0.1336518204022751, -0.16005817528242097, -0.2574658276788114, 0.14949174506211593, -0.025826376671190667], [0.0813230996812605, -0.4517629357208705, -0.5309150396506265, 0.13790992755338152, 0.20507447098092715, -0.6612693802955101, -0.3427428096531749, 0.4701387484437481, -0.19481121702539858, 0.6074101690164656, 0.519170325611145, -0.09785965132823107]], "inverted": true, "swapped": false, "error_lsq": 0.04856502937954887, "error_max": 0.3489388442193378, "target": "935.xyz", "model": "13.xyz", "model_rescale": 3.9028299243045295, "target_rescale": 3.680109950622507},
{"mapping": [1, 9, 7, 10, 2, 3, 4, 14, 0, 12, 5, 15], "R": [[-0.3789783351030468, 0.8199399939434643, 0.4290382591966764], [-0.1654019629594878, 0.3961395187178274, -0.9031697915448436], [-0.9105040429189049, -0.4132455541708825, -0.014508610764964847]], "T": [-0.0018153730760228429, -0.09739115419872463, 0.047376650853258845], "aligned_model": [[-0.32729787265648835, -0.7051955813363924, -0.37331567564869905, -0.20072792909583628, 0.3581024889212106, 0.22328174493166228, 0.37842325103182317, -0.7131377227071503, 0.7832956333656677, -0.08925866259128828, 0.28021220846641953, -0.09003973624692735], [-0.6597165381300354, 0.01597279396568063, 0.4306908030414825, 0.6205394388136194, -0.7377144218745588, -0.14454296671526143, 0.40042358943604067, 0.2930998298071231, -0.14104121607556486, -0.28211084060957503, 0.1829100036324286, -0.06258258295969506], [0.05445201629698215, -0.257992559035098, -0.5880326089651138, 0.02834875754940177, -0.0035646393155892436, -0.5321036674313148, -0.21139418142722358, 0.4003468466323775, -0.21513389923376633, 0.7125627883605828, 0.36985694144942605, -0.01568008726754888]], "inverted": true, "swapped": false, "error_lsq": 0.04559632228790201, "error_max": 0.2382886453280439, "target": "935.xyz", "model": "14.xyz", "model_rescale": 3.942246331269136, "target_rescale": 3.680109950622507},
{"mapping": [1, 5, 10, 6, 12, 3, 11, 9, 13, 0, 8, 14], "R": [[-0.3795254507748294, -0.3120582093229062, 0.8709650430461281], [0.3699223306402125, 0.8116895080178377, 0.45201505712473095], [-0.8480081966041814, 0.4937406369420505, -0.19261952633152868]], "T": [-0.08454750139217349, 0.050060269024158006, -0.05306994503423096], "aligned_model": [[-0.20142281702476084, -0.6104458427700094, -0.2758074987794137, -0.07711726188833201, 0.3986285137322047, -0.15885446527624764, 0.41478426751113434, -0.7393670400273168, 0.6825074029715257, -0.14328505154041232, 0.32802927489194644, -0.09330733536631694], [-0.7514042297937107, -0.30031511868762567, 0.5540488960622092, 0.5463359965005586, -0.6083553321850541, -0.47363346588712013, 0.561068301313439, 0.5097738276997945, -0.07300843687155523, -0.2688687909649379, 0.24187826898790796, -0.021592023842221024], [-0.02784587892616637, -0.1117860451343963, -0.5204194858052633, 0.20469852316369608, -0.08632791634317422, -0.5396614345134998, -0.1134818656814066, 0.03658005175216922, -0.29267527432819074, 0.6068934158922012, 0.5728910640140175, 0.012800553523129338]], "inverted": false, "swapped": false, "error_lsq": 0.05659172264159004, "error_max": 0.3069549211601651, "target": "935.xyz", "model": "15.xyz", "model_rescale": 4.355366556412066, "target_rescale": 3.680109950622507},
{"mapping": [5, 3, 6, 10, 0, 4, 8, 7, 2, 9, 1, 11], "R": [[0.5342523752058153, -0.7552207871932928, -0.37975776776530556], [0.6387094654680996, 0.6549233332551045, -0.40388816060820326], [0.5537369576869502, -0.026776671734296653, 0.8322610116678748]], "T": [-0.0383571226801038, -0.00483284935810103, 0.03525639961932982], "aligned_model": [[-0.3544351092347682, -0.6114114161335418, -0.15889688860402537, -0.1607107062645931, 0.30205555634208237, 0.016097014826281925, 0.4442978175814183, -0.863347310628567, 0.7183537553708806, -0.14779216836427386, 0.3899805212529748, -0.04984891970986721], [-0.5595267087286584, -0.05738176088279451, 0.43026660174515463, 0.6012632002070513, -0.627716333612589, -0.34489731500418314, 0.5798394786237555, 0.0733393024011013, -0.06198715795642668, -0.16471879907960396, 0.04952276662151677, -0.0020753820026396825], [0.12564063889335375, -0.2807568872710511, -0.6519514259183031, 0.15737510365290186, 0.042287159917614864, -0.6544686450542874, -0.0753717764766103, 0.37251212493448616, -0.31808116389884034, 0.7510859597031314, 0.36414786075224337, -0.09075324162152325]], "inverted": false, "swapped": false, "error_lsq": 0.05036689342516964, "error_max": 0.3196989979187117, "target": "935.xyz", "model": "16.xyz", "model_rescale": 3.795458400668931, "target_rescale": 3.680109950622507},
{"mapping": [7, 8, 9, 10, 0, 6, 5, 11, 1, 4, 2, 12], "R": [[0.1275080838999904, 0.26992611011706874, -0.9544011649286799], [-0.14681901013290183, 0.9567913398214575, 0.2509870719902833], [0.9809107333512812, 0.10812135367136723, 0.16162891472915128]], "T": [-0.091557993435606, -0.14064931334012223, 0.006271943154955509], "aligned_model": [[-0.3855302361058638, -0.6238055847611641, -0.284276426898427, -0.014662926853243385, 0.3242109256329968, 0.04816551343504205, 0.3464338066487225, -0.8291650224823559, 0.7329203818801908, -0.1389069827164432, 0.4139244647908169, -0.06496576613627002], [-0.6821391476326875, -0.16471596549565448, 0.5903848470096433, 0.543281057641592, -0.5606132446234652, -0.19552291287899684, 0.3569901083218271, 0.13518337021189233, -0.09077892992377645, -0.11878953916600843, 0.11695509911189314, -0.014306850244574398], [0.23352457667805754, -0.4106453988888844, -0.4695374103049821, 0.2616737039872478, -0.035881227851198794, -0.6531536256010594, -0.3975780204350865, 0.19386877310773287, -0.1741302894486665, 0.6487484111064392, 0.43015317136822634, 0.11462304389528971]], "inverted": false, "swapped": false, "error_lsq": 0.041557801235292714, "error_max": 0.2102393213790028, "target": "935.xyz", "model": "17.xyz", "model_rescale": 3.7474275329858107, "target_rescale": 3.680109950622507},
{"mapping": [7, 2, 0, 3, 12, 9, 8, 1, 5, 11, 10, 13], "R": [[0.6327019719797611, 0.48119850253404595, -0.6067422976947576], [0.13496760917730233, 0.7029912180914895, 0.6982743671073766], [0.762543086734045, -0.5236901263583611, 0.37983771854422127]], "T": [-0.038880956917178966, -0.008738617392583869, -0.07702006317598764], "aligned_model": [[-0.38542755657111377, -0.6360754822527518, -0.4128273138141973, -0.07690966232667584, 0.3443561835116541, 0.09702619125630596, 0.30812752043657715, -0.6382296004379809, 0.6650232754110973, -0.12964085619654592, 0.4979258978988341, -0.10900645048120122], [-0.6341489723597789, -0.10167439857132686, 0.584457654748405, 0.48926437470362466, -0.6351153690998812, -0.47780262626797143, 0.6170441943496487, 0.2055285723367062, -0.10681299129507772, -0.14629785808039522, 0.10589412121570498, 0.015591190652025608], [0.16001711577364464, -0.4492489756688239, -0.5324590773835443, 0.3824753325978283, 0.06446626983906215, -0.5344393112506353, -0.14655739409480634, 0.1938843327369686, -0.21163130180139963, 0.6262414513335485, 0.3414737914087128, -0.15255652587743979]], "inverted": true, "swapped": false, "error_lsq": 0.048802253067297525, "error_max": 0.2353221042016373, "target": "935.xyz", "model": "18.xyz", "model_rescale": 3.922800546911778, "target_rescale": 3.680109950622507},
{"mapping": [6, 11, 7, 12, 1, 2, 3, 13, 0, 8, 5, 14], "R": [[0.48989204976444245, -0.5369472148703385, 0.6867994379879615], [0.12844197890129444, -0.7347574865966199, -0.6660586265083108], [0.8622693532960061, 0.4145107047269162, -0.2909852883451031]], "T": [-0.11647620999961958, -0.10064109601425181, -0.020087791987806795], "aligned_model": [[-0.27447626704987305, -0.7258193118747811, -0.34638429204962995, -0.015544795748951484, 0.36503576396868354, 0.15865016198743379, 0.23821938548273733, -0.6770201682227164, 0.6918073358434603, -0.20324717446695179, 0.4491564370332527, -0.1360349284686621], [-0.7419708247644277, 0.01319988118093604, 0.5546607801631558, 0.6342603960014013, -0.6531738319886948, -0.3888261756417844, 0.34386471096527593, 0.2269500723368989, 0.027844316265432434, -0.19937481156492867, 0.1262139597812627, -0.027720580402843212], [0.17865810836350648, -0.3707797207190025, -0.41497099490369516, 0.24134420914640814, 0.0840122490188632, -0.6153892300048003, -0.31292710917728594, 0.20416261300200905, -0.18923815121750379, 0.5775016215400651, 0.43940128563680353, -0.08010917307225182]], "inverted": true, "swapped": false, "error_lsq": 0.0493770983986924, "error_max": 0.30516162446422, "target": "935.xyz", "model": "19.xyz", "model_rescale": 3.9282355846067225, "target_rescale": 3.680109950622507},
{"mapping": [2, 10, 11, 9, 5, 1, 4, 12, 3, 7, 6, 13], "R": [[-0.5027894249080098, 0.2999101129036547, -0.8107137092579537], [-0.49770938118816516, 0.6663749991315768, 0.55518441297436], [0.7067447672802158, 0.6826406702728077, -0.1857782258810904]], "T": [0.03018484984316034, 0.0951893349634988, 0.049935384259476814], "aligned_model": [[-0.29975008100899914, -0.7030663075677984, -0.20679852005554727, -0.3918820696455435, 0.38744449282243243, 0.11040503950934738, 0.3985327871981288, -0.7408444236137873, 0.6414305712739056, -0.21003430184154998, 0.5421309786471695, -0.0032260192837564386], [-0.6570582595805012, -0.10322303568746438, 0.5316528251136219, 0.6282915755708317, -0.49467030407557033, -0.44733757189003975, 0.4938657843898855, 0.22888025650702845, -0.11747247546069725, -0.16391550773645064, 0.00713400013359608, 0.009780605047444269], [-0.013173317725464331, -0.35652447885079325, -0.4664962912634138, 0.17676732728071287, 0.16003218702692407, -0.4606819605462646, -0.2737075218251801, 0.38225291650365206, -0.33413321841622745, 0.5630213575942925, 0.446169498474352, -0.08186079063947409]], "inverted": false, "swapped": false, "error_lsq": 0.0516541576084291, "error_max": 0.24459329408380376, "target": "935.xyz", "model": "20.xyz", "model_rescale": 4.067790424073018, "target_rescale": 3.680109950622507},
{"mapping": [0, 2, 6, 11, 7, 8, 13, 3, 1, 12, 10, 14], "R": [[0.08423286634393007, 0.9025277246606358, 0.42231330839363906], [-0.32594582412074113, -0.37554758801398386, 0.8675962937191062], [0.9416284532477426, -0.21073138199085198, 0.2625416932193611]], "T": [-0.03723923946705925, 0.0007738184826172291, -0.13489202987244747], "aligned_model": [[-0.4057651351227608, -0.7224659055356243, -0.4673835333060124, -0.1319137365398307, 0.2664445687158851, 0.13916559548642154, 0.4291631007721219, -0.7673840461053067, 0.7499580892549182, -0.12899285096841537, 0.5535991375321164, 0.009916862250488871], [-0.5987356192161274, -0.15457134636708417, 0.5219739664926984, 0.5005127643831591, -0.6751421729139678, -0.392910439156788, 0.5228726601077426, 0.15077564984983152, -0.2297281317079932, -0.03905840203453679, 0.28892469131584864, 0.021014271578901605], [-0.03879245722898267, -0.37995167037922306, -0.43636042769787314, 0.26426956589220135, -0.04784219109797282, -0.5078021212041235, -0.1326200989062965, 0.2751482469010637, -0.15712529076973417, 0.6247187493314934, 0.3541538864831593, -0.07613048371059591]], "inverted": false, "swapped": false, "error_lsq": 0.04551578497209443, "error_max": 0.219072742123898, "target": "935.xyz", "model": "21.xyz", "model_rescale": 4.186013935880536, "target_rescale": 3.680109950622507},
{"mapping": [10, 9, 2, 0, 4, 11, 5, 1, 3, 7, 6, 12], "R": [[-0.5174484009053125, 0.7662506022789801, -0.38092934634605846], [-0.4080903171457033, 0.17030461230108862, 0.8969161789603839], [0.7521365869657283, 0.6195614203096221, 0.2245756019951176]], "T": [-0.10310606802459044, -0.004305440712464297, -0.09855623069417879], "aligned_model": [[-0.384029460358355, -0.6472868533493734, -0.2970949124644131, -0.04536924340094517, 0.26726845283096334, 0.12280189317141887, 0.34072927774856016, -0.6129885757141135, 0.8177116786140152, -0.2727529207818771, 0.29555175237534587, -0.060198942237224426], [-0.7553313381861204, -0.25709186024989594, 0.612478202021984, 0.6052092125012203, -0.5854588035894394, -0.3470630758762556, 0.5435846293792352, 0.3184881188694306, 0.01590037299589637, -0.2544690855567702, 0.04040537385686297, -0.020723853834463752], [0.13240173431557106, -0.2579835157462682, -0.4613860381151213, 0.2847801589253716, 0.1310077732050991, -0.578607035627414, -0.4169356161012691, 0.31490160533875816, -0.16199957001653797, 0.5699958136738068, 0.2873527408414852, -0.10186234308036546]], "inverted": true, "swapped": false, "error_lsq": 0.051530250114595284, "error_max": 0.2709856936460297, "target": "935.xyz", "model": "22.xyz", "model_rescale": 4.166573947596378, "target_rescale": 3.680109950622507},
{"mapping": [3, 9, 10, 7, 2, 12, 5, 8, 6, 4, 1, 15], "R": [[-0.008897133543763702, -0.7696344474312111, 0.6384227896480192], [0.7965680438907614, -0.391401499499089, -0.46074311458980155], [0.6044834095876832, 0.5044478997053305, 0.6165485577114996]], "T": [-0.10019463162894957, -0.055056738960970526, -0.13000840220524523], "aligned_model": [[-0.3364546987488146, -0.6439927328018716, -0.3670038942539815, -0.13802275542706605, 0.2839943352083355, 0.13411635720084844, 0.43789666272974404, -0.7263122476457905, 0.6412430294302865, -0.17975182946074073, 0.46164551962237865, -0.04301559941932678], [-0.5419939467772383, -0.20704269461605454, 0.5754359651662072, 0.6370701745410513, -0.5101169019632149, -0.34147585097919464, 0.5776699257716659, 0.11285837208157173, -0.1976580520333675, -0.19348401184199607, 0.03573808981022702, -0.031073176827973004], [0.1317166220944539, -0.334050213426449, -0.4337072670762958, 0.045829637781257565, 0.1832460071778662, -0.6707891415197212, -0.09570522636035848, 0.3535827335883552, -0.2251014736663221, 0.587181987970522, 0.29916639246172383, -0.09970435141191646]], "inverted": true, "swapped": false, "error_lsq": 0.046358984864240914, "error_max": 0.24733319771826073, "target": "935.xyz", "model": "23.xyz", "model_rescale": 4.274766983524099, "target_rescale": 3.680109950622507},
{"mapping": [5, 6, 2, 1, 3, 7, 0, 9, 4, 10, 11], "R": [[0.8503974618830646, -0.5239802937751246, -0.04763201190561017], [0.5261368666139736, 0.8472497845255441, 0.07312865519786993], [0.0020382375895867007, -0.08724938026572757, 0.9961844162758094]], "T": [0.05158275527757461, 0.13377448577057016, 0.03579293286377654], "aligned_model": [[0.3227336774699599, 0.1556197896353769, -0.5595809224590668, -0.4249730482292193, -0.3947171135366013, -0.8165401133536155, 0.08905937087462523, 0.04017340317844399, 0.658181576281349, 0.25870334553594065, 0.05123473856088237], [-0.1331017956170073, 0.7152219770464007, 0.42357814986446013, -0.3438648996175243, 0.4628733059941854, -0.0351339251785448, -0.5454866361592735, -0.11092930824601843, -0.16090724559702158, 0.53532364100445, 0.10801326774937703], [-0.5628858887222488, -0.23836811814703063, -0.51121638653643, -0.23319876063013023, 0.17710258400547632, 0.22734236323864182, 0.24621496890395572, 0.6844456103805214, 0.09506220038957591, 0.4433932151424033, 0.05167464599684237]], "inverted": false, "swapped": true, "error_lsq": 0.0508583195964094, "error_max": 0.31876206646358995, "target": "935.xyz", "model": "24.xyz", "model_rescale": 3.7841303162186577, "target_rescale": 3.680109950622507},
{"mapping": [6, 7, 10, 13, 4, 8, 9, 11, 2, 3, 12, 15], "R": [[0.9010925674339276, 0.3918133568953296, -0.1857807263247349], [0.32652106998228525, -0.8950134968734862, -0.30386646947617973], [-0.28533519897299126, 0.21315049559573537, -0.934425326312561]], "T": [-0.04493273499705176, -0.015284430757471552, -0.16425876651550902], "aligned_model": [[-0.4288975748646494, -0.6540762300567002, -0.400038060363891, -0.15508174732553176, 0.21959248769677986, 0.2726461342455315, 0.3523070731639494, -0.6788876167269996, 0.6955796647603276, -0.06756793732760386, 0.445607299401475, -0.07684134616868533], [-0.5182226286176921, -0.06842703113679177, 0.56245248339514, 0.4149332678720493, -0.6599716637655144, -0.23824862188466878, 0.38910530034402285, 0.1627601362457723, -0.15722745119339154, -0.25601710023307594, 0.34213178986549364, -0.05734058855965905], [0.1845257272934801, -0.38545014643728454, -0.5455399897598854, 0.4797753351747817, 0.10240416869215635, -0.6102278404707104, -0.3085161362336477, 0.2304929393124474, -0.18118781499193523, 0.6042054923122882, 0.2904895444390495, -0.11930557171762415]], "inverted": true, "swapped": false, "error_lsq": 0.05050134807462683, "error_max": 0.3100751055698452, "target": "935.xyz", "model": "25.xyz", "model_rescale": 4.19342608120988, "target_rescale": 3.680109950622507},
{"mapping": [5, 3, 6, 10, 0, 4, 8, 7, 2, 9, 1, 11], "R": [[0.5342523752058153, -0.7552207871932928, -0.37975776776530556], [0.6387094654680996, 0.6549233332551045, -0.40388816060820326], [0.5537369576869502, -0.026776671734296653, 0.8322610116678748]], "T": [-0.0383571226801038, -0.00483284935810103, 0.03525639961932982], "aligned_model": [[-0.3544351092347682, -0.6114114161335418, -0.15889688860402537, -0.1607107062645931, 0.30205555634208237, 0.016097014826281925, 0.4442978175814183, -0.863347310628567, 0.7183537553708806, -0.14779216836427386, 0.3899805212529748, -0.04984891970986721], [-0.5595267087286584, -0.05738176088279451, 0.43026660174515463, 0.6012632002070513, -0.627716333612589, -0.34489731500418314, 0.5798394786237555, 0.0733393024011013, -0.06198715795642668, -0.16471879907960396, 0.04952276662151677, -0.0020753820026396825], [0.12564063889335375, -0.2807568872710511, -0.6519514259183031, 0.15737510365290186, 0.042287159917614864, -0.6544686450542874, -0.0753717764766103, 0.37251212493448616, -0.31808116389884034, 0.7510859597031314, 0.36414786075224337, -0.09075324162152325]], "inverted": false, "swapped": false, "error_lsq": 0.05036689342516964, "error_max": 0.3196989979187117, "target": "935.xyz", "model": "26.xyz", "model_rescale": 3.795458400668931, "target_rescale": 3.680109950622507},
{"mapping": [0, 1, 8, 5, 3, 9, 11, 6, 4, 7, 10, 12], "R": [[0.2289987993578034, -0.8541368944968221, 0.466915105080152], [0.39844977257841496, -0.35538863834037804, -0.8455392920916105], [0.8881426285371592, 0.3796697001314392, 0.25894707987774124]], "T": [-0.04926447061510478, -0.03872091294832594, -0.18980201770176208], "aligned_model": [[-0.4370847915433259, -0.5782813585546408, -0.366147645594037, -0.22540989850699886, 0.23511673011911324, 0.08984900154028536, 0.41498413289727754, -0.7603083649731222, 0.7855254171749146, 0.008009201574989938, 0.4310568732422799, -0.07296715094273451], [-0.6927743126108277, -0.07032357646197795, 0.6062989664688267, 0.4286629518699545, -0.6403889344901587, -0.29369791445341453, 0.43729090607057297, 0.2431180516747042, -0.07883625656979901, -0.1699322368321349, 0.19823195006510777, -0.05172170239916914], [0.14647575610728647, -0.4534221506295042, -0.3093265703180585, 0.37356782442731706, 0.129884521537472, -0.506043160951267, -0.45335575799860606, 0.12031140992153377, -0.17031394221332535, 0.6100175954535644, 0.2801247594178281, -0.026254577141124363]], "inverted": true, "swapped": false, "error_lsq": 0.04879828900639597, "error_max": 0.220225051532025, "target": "935.xyz", "model": "27.xyz", "model_rescale": 3.6321398670334006, "target_rescale": 3.680109950622507},
{"mapping": [11, 9, 12, 8, 1, 6, 7, 10, 4, 0, 3, 14], "R": [[0.11313405274534062, -0.6898209507776685, 0.7150858283993664], [0.3105324373411057, 0.708201636553935, 0.6340505085096301], [-0.9438062785701347, 0.15032464152800032, 0.2943335024781776]], "T": [-0.06289161128585354, -0.07148383855268114, 0.0351522812230785], "aligned_model": [[-0.47944808729313193, -0.6115860023882891, -0.14425035084992605, -0.1738642705830184, 0.4614348661293731, 0.012511928199653508, 0.4131190642846507, -0.7594398438077293, 0.6381106982311104, -0.19856589018980975, 0.4100112324598786, -0.04369119775876006], [-0.5335047857708843, -0.16151157507078923, 0.505144629850413, 0.4286047688983943, -0.4819097931912717, -0.22048273747808914, 0.5197546197758635, 0.09345210126277573, -0.1696649565729904, -0.10059948226517333, 0.16739972511146534, -0.13075462221802947], [0.19497462961874285, -0.33552498143324166, -0.5516953103913004, 0.1031674955557749, 0.09759807360852313, -0.7238082391551819, -0.12213187608481618, 0.3389422226702062, -0.3954559891052977, 0.643557132908981, 0.47202482939996976, 0.02001772002075606]], "inverted": false, "swapped": false, "error_lsq": 0.04896004994018809, "error_max": 0.25539883343670317, "target": "935.xyz", "model": "28.xyz", "model_rescale": 4.156811204709835, "target_rescale": 3.680109950622507},
{"mapping": [10, 6, 4, 5, 2, 3, 9, 7, 1, 11], "R": [[0.08024704142283096, -0.4652630585808502, -0.8815274803787316], [-0.539028950709469, -0.7641679706043547, 0.35425288001577526], [-0.8384558441801999, 0.4467410872333265, -0.31211247706180223]], "T": [-0.10601078722614451, 0.0032634700672893556, -0.14516203494249008], "aligned_model": [[-0.5412335081125406, -0.08173225541279514, 0.18182122172092222, 0.6024568656425594, 0.015009239697980598, -0.519392511165822, -0.5513319010942452, -0.5034080423389595, 0.149441755725894, -0.10870549055240582], [-0.20512689385030192, -0.6455441108688307, 0.24938773704858014, -0.026005823370646528, -0.44221114113926896, -0.20207457524960945, 0.4970536233696219, 0.3012898786567801, 0.35869854411780855, 0.03325309191207031], [-0.5158820000673385, -0.1954457035942751, -0.7063107481606825, -0.1646298773763065, 0.5921526360570419, 0.19308323308059755, -0.3416838052785273, 0.6112202969630003, 0.4345027422629922, -0.14822004691140256]], "inverted": false, "swapped": true, "error_lsq": 0.06351187587157062, "error_max": 0.3102507527008413, "target": "935.xyz", "model": "29.xyz", "model_rescale": 4.117894457231895, "target_rescale": 3.680109950622507},
