[{"mapping": [4, 5, 8, 9, 10, 2, 1, 3, 11, 12, 13], "R": [[0.14399994289128332, 0.14628836729391828, -0.9787051292609983], [-0.8723161167968999, -0.44822489847915314, -0.19534337142511593], [-0.46725647007150695, 0.8818696921755693, 0.0630653407069402]], "T": [0.0029939025452940526, -0.1369119709671438, 0.12110266566383024], "aligned_model": [[0.6243912924235753, -0.7018907842339226, 0.08920141166315065, 0.6465477676245914, 0.23361852529221663, 0.4985288130581961, -0.3077774106397233, -0.09510408969049264, -0.20358853560244153, 0.03894150761639126, 0.09773002284416754], [-0.5246615731388449, -0.19571995495417932, -0.07393194584553092, 0.18610315383767245, 0.8292001183105613, -0.709145771692454, -0.1393239998375912, -0.6463577641669802, 0.3483667476076641, 0.31760142092723787, -0.05281264540473324], [-0.4928352436390795, -0.14737537776829854, -0.6529651049028535, 0.2561686630615959, -0.04880507099325396, 0.2562021666996969, 0.6073736666920223, 0.18467996906708556, -0.3359423019166152, 0.4778170531672259, 0.01867106308892033]], "inverted": true, "swapped": false, "error_lsq": 0.05968577568863321, "error_max": 0.30728845624679035, "target": "937.xyz", "model": "0.xyz", "model_rescale": 3.8414455957264533, "target_rescale": 3.8246815111537273},
{"mapping": [1, 6, 4, 0, 7, 11, 8, 10, 9, 13, 14], "R": [[-0.9453368941573796, 0.2787557184119898, -0.16921408333083596], [-0.21498019687541972, -0.1425673058342718, 0.9661563425546423], [0.24519720939742654, 0.9497209130896155, 0.19470109333011443]], "T": [0.020311796447705296, -0.08144680830880768, -0.09590078968438102], "aligned_model": [[0.7034749213512062, -0.7383611041463528, 0.2629347300999362, 0.665932946521381, 0.12751145175821427, 0.6067841451051514, -0.4082458560052184, -0.28872103812548605, -0.29517299331655544, 0.22085183879159676, 0.06360947832183617], [-0.5853864876182778, -0.13055795608652787, 0.04259505742166231, 0.24805042972808322, 0.539443984394042, -0.4258556061598465, -0.18069248179856623, -0.6896608549370403, 0.47068075248187946, 0.21015329354245293, -0.15945234532503894], [-0.26272655375664294, -0.2748720132142995, -0.5666076649903192, -0.10695837580304614, -0.2222252116037265, 0.41761470799119577, 0.5604459420955331, -0.04153461407712651, 0.15135248943678203, 0.5746214490641744, -0.10612067258607807]], "inverted": false, "swapped": false, "error_lsq": 0.04630647177316428, "error_max": 0.2506801390067589, "target": "937.xyz", "model": "1.xyz", "model_rescale": 4.316132596720782, "target_rescale": 3.8246815111537273},
{"mapping": [6, 1, 10, 3, 7, 4, 0, 2, 9, 5, 11], "R": [[0.6875941113596571, -0.6095691382142092, 0.39451210850911766], [0.10183080023402286, -0.45700836502330844, -0.88361408002726], [0.7189192069678081, 0.6477413218527199, -0.25216334748981495]], "T": [0.02198707086318962, -0.06555361540784485, -0.051966750611534676], "aligned_model": [[0.6541492257090639, -0.5004686607725464, 0.08870359910595405, 0.633418430096443, 0.3459244323454954, 0.4448043231523365, -0.2882392659016779, -0.241489384218744, -0.44218314449786955, 0.10446443247272039, 0.12151453286453381], [-0.48850601227845625, -0.16779566433726262, 0.03149739792111708, 0.15143563462661286, 0.7561885079957718, -0.5237757056414667, -0.23472915880200515, -0.8504033456586184, 0.5117929720642445, 0.295077023978188, -0.14146386422530333], [-0.3643419144154708, -0.15772040452708325, -0.6711321600623077, 0.04845419916873343, -0.19432400627401913, 0.4014511783737774, 0.5637063071725352, 0.07179293704057439, -0.017784381793481255, 0.47614584029588736, -0.0332581124226994]], "inverted": true, "swapped": false, "error_lsq": 0.04043563600805364, "error_max": 0.2521836151026909, "target": "937.xyz", "model": "2.xyz", "model_rescale": 3.795458400668931, "target_rescale": 3.8246815111537273},
{"mapping": [0, 2, 1, 7, 8, 4, 5, 10, 6, 9, 11], "R": [[-0.7141192592195352, 0.19948323143604807, 0.6709993472333445], [-0.44649134126172096, 0.6084525457256108, -0.6560723906539071], [-0.5391467015479662, -0.7681093281401129, -0.3454401456607101]], "T": [0.0545685742318644, -0.06879150484912461, -0.007764295194227005], "aligned_model": [[0.517128906693211, -0.5175180119578735, 0.1451970767842025, 0.7830613683104013, 0.05628590890559837, 0.33386552300525235, -0.22450386400225203, -0.2739046170108265, -0.3733873036860223, 0.29898354402535043, 0.17538998928866753], [-0.5566791793067527, -0.2932003575118294, 0.12253885782813939, 0.15103390133395692, 0.7087458870216399, -0.5391760377215198, -0.13714716243965677, -0.7078720244113419, 0.31690726623350396, 0.4051782168176611, -0.13101158220097892], [-0.40802858303579387, -0.4661123247125816, -0.6005948011590928, 0.05763705332445249, -0.08519550360377437, 0.32643076605577176, 0.6335396061214092, 0.14287496778555508, -0.13180671197890884, 0.6779241678057216, -0.02367915404631228]], "inverted": true, "swapped": false, "error_lsq": 0.054095090840818864, "error_max": 0.2673008663488063, "target": "937.xyz", "model": "3.xyz", "model_rescale": 3.7530521520055578, "target_rescale": 3.8246815111537273},
{"mapping": [4, 0, 6, 9, 8, 3, 1, 2, 7, 5, 10], "R": [[-0.779362522958552, -0.3556491724867494, -0.5158563016162266], [0.6227126098540333, -0.5309010223760456, -0.5747809234559271], [-0.06944827813891039, -0.7691929345421473, 0.6352315846319204]], "T": [0.14345293556202543, -0.07666261320015619, 0.057976621336619766], "aligned_model": [[0.2016633963365584, -0.5043130465603142, 0.12112867999001276, 0.6663556594966031, 0.2488337000599452, 0.5381668899988573, -0.3909396243748571, 0.03630869497603284, -0.23076022041205896, 0.1701420390328631, 0.06401235181206648], [-0.516903353263541, -0.20962141121303657, 0.11006125125835578, 0.07717932930875035, 0.7669774156009977, -0.4615943858541921, -0.343864622954282, -0.7413215780419817, 0.3913069837109818, 0.3679246251176621, -0.10082646802689209], [-0.5272673768867112, -0.4349144175411219, -0.6568459921100687, 0.041570315533937446, -0.286473503256655, 0.5834271039406053, 0.5756189193351638, 0.14800192440000204, 0.04702624161034112, 0.6229453118593505, 0.00990095567160238]], "inverted": true, "swapped": false, "error_lsq": 0.06276748091249483, "error_max": 0.4413829358704053, "target": "937.xyz", "model": "4.xyz", "model_rescale": 3.7855080009869324, "target_rescale": 3.8246815111537273},
{"mapping": [7, 1, 6, 8, 13, 10, 2, 0, 12, 14, 16], "R": [[0.30319039091616296, 0.9521052124312134, 0.03963901256865865], [0.44497390279921467, -0.17823670533240357, 0.8776274281834433], [0.8426587759489244, -0.24844987690390183, -0.4777016286163328]], "T": [0.12090009246583086, -0.09523345039505299, 0.04565091949893724], "aligned_model": [[0.5498563418780863, -0.586629661308323, 0.25119709745456253, 0.7621839285778619, 0.2634955881139466, 0.7289086961330187, -0.38295398118549573, -0.3748772938663134, -0.3432923205304602, -0.055076164524022087, 0.10778628961284767], [-0.5343976323087072, -0.19913870314368964, 0.005768579201846202, 0.16897610522349793, 0.5806770017863834, -0.4058770790718257, -0.21624794181159224, -0.694150313892163, 0.4021969212213921, 0.3081757791407381, -0.07666493070305808], [-0.38388467773392354, -0.2027626166960477, -0.585933080120461, -0.07375689525749143, -0.17270480890806567, 0.30019040151202, 0.5722173947998734, -0.017414579317493323, 0.03325365688339077, 0.5594512202326463, 0.09433346716199864]], "inverted": false, "swapped": false, "error_lsq": 0.04482672063941361, "error_max": 0.22898141289865703, "target": "937.xyz", "model": "5.xyz", "model_rescale": 4.2253639853439635, "target_rescale": 3.8246815111537273},
{"mapping": [8, 0, 9, 11, 12, 5, 3, 4, 7, 6, 13], "R": [[0.49757200761001763, -0.6473989766005086, -0.5773185103039318], [-0.7897839080751392, -0.06290197210170331, -0.6101513914196026], [0.3586969135474921, 0.7595511220466538, -0.5426035543646691]], "T": [0.11995622388052386, -0.2521652557871014, -0.011424570370471772], "aligned_model": [[0.6804385966979073, -0.5563249608808963, 0.11442230351984072, 0.691930794169205, 0.17969954211458078, 0.6432013823704273, -0.3814828006790798, -0.37282895062457466, -0.3208427743976428, 0.16299526833617417, 0.07939011972976734], [-0.46378487080048836, -0.04633635773663891, -0.1455950759961788, 0.2656770447539378, 0.6617001988005615, -0.37697238121518617, -0.0996066751472642, -0.7213840094199909, 0.3855795183540011, 0.12275625195816425, -0.2427158579080949], [-0.4437919186997283, -0.3900284176721361, -0.6124308931243635, 0.08975957624663046, -0.19204691479856298, 0.32231028248421445, 0.4663769122770953, 0.18327480105558933, 0.15700660904590244, 0.5094395883172523, 0.03311985742455297]], "inverted": true, "swapped": false, "error_lsq": 0.05283673120518062, "error_max": 0.2390914805464462, "target": "937.xyz", "model": "6.xyz", "model_rescale": 3.89814844738969, "target_rescale": 3.8246815111537273},
{"mapping": [11, 5, 8, 7, 3, 4, 2, 10, 6, 0, 12], "R": [[0.4868483295324634, -0.6477776407600283, 0.5859716991142337], [-0.41909376298552237, -0.7618124528247449, -0.4939657928923634], [0.7663805333240695, -0.005090663268978585, -0.6423666891187595]], "T": [0.09212420560300608, -0.05339247089350198, 0.030061713500263113], "aligned_model": [[0.5319252763470834, -0.6758551819690675, 0.25351917414551367, 0.6984899471948511, 0.27924208086607055, 0.4347164895776475, -0.1748765761338634, -0.20347362119578058, -0.30309256754204694, 0.02008821185449436, 0.059915287210806474], [-0.5358664068596948, -0.12265212665890725, 0.09163786945028261, 0.18239686401986221, 0.7111791678441125, -0.4490789479118189, -0.3929079658978866, -0.7247082415120153, 0.3977538553580594, 0.39140687311846767, -0.2098431553076392], [-0.44861802130022266, -0.05931034238136486, -0.6107226783381016, 0.11949692195219928, -0.1510433572874611, 0.4063043576145974, 0.5912993242542064, 0.059399810964695474, -0.2824227590136685, 0.41473657184103735, 0.08386965425052904]], "inverted": false, "swapped": false, "error_lsq": 0.05215560395757323, "error_max": 0.2618344194105616, "target": "937.xyz", "model": "7.xyz", "model_rescale": 3.7474275329858107, "target_rescale": 3.8246815111537273},
{"mapping": [3, 9, 5, 0, 10, 1, 13, 4, 11, 12, 14], "R": [[-0.46541061197697525, -0.010669492958528815, -0.8850305781040707], [-0.7096789015408924, 0.6020326077949911, 0.3659406999218249], [0.5289128651932472, 0.7984002135968971, -0.28776427846676816]], "T": [0.11719674699179063, -0.07510004860274383, -0.013318695937232906], "aligned_model": [[0.5478644381036198, -0.5099109980477045, 0.05898872795913791, 0.7582046973680235, 0.28702775679467923, 0.6674337966779926, -0.4057213337561908, -0.26268216868065336, -0.34830742463885384, 0.015575499470885629, 0.11212552910477266], [-0.3926081147315868, -0.00577654425955873, -0.13807569627156174, 0.07089799739964625, 0.6632184242510435, -0.3073253938929918, -0.2695857121446741, -0.727886677511933, 0.3356647758385116, 0.22924451359588244, -0.1184497866299552], [-0.4906534890962282, -0.44025026884495166, -0.7244216127804104, -0.05811396069709972, -0.04946590109122806, 0.4428746821463403, 0.691552807385232, 0.19110114749884488, 0.01920945780808668, 0.5136444226126113, 0.02751219761524927]], "inverted": false, "swapped": false, "error_lsq": 0.056473307957020685, "error_max": 0.2539449511990995, "target": "937.xyz", "model": "8.xyz", "model_rescale": 4.019505241142653, "target_rescale": 3.8246815111537273},
{"mapping": [1, 11, 9, 0, 7, 2, 5, 6, 8, 4, 12], "R": [[0.7494644577876641, 0.3238297148990069, 0.5774403365383044], [-0.017621494997784815, 0.8816560622800447, -0.47156343238093507], [-0.6618100251787408, 0.3432446701600385, 0.6664762463731477]], "T": [0.10217177771942092, -0.19854777666410697, -0.006998903111926519], "aligned_model": [[0.6030264111822009, -0.5029456526597441, -0.08315119289534716, 0.6160396533240505, 0.379714343072932, 0.4334547336327803, -0.3236758994464332, -0.18497164784391346, -0.23498014846307647, 0.15001813712245354, 0.06806978332980596], [-0.3445022427303975, -0.1713449681224255, 0.02930047700428043, 0.15073555998295493, 0.6549059772401626, -0.5190711842055212, -0.2178440934881673, -0.8604952105452087, 0.35615342847945086, 0.45459244842212654, -0.19311240639443272], [-0.4361226989386376, -0.1496257822467878, -0.6243161888679846, 0.1842784746235752, -0.12604009110750317, 0.36379552855608766, 0.511466261726975, 0.07923383951449783, -0.1934716439343268, 0.501639714680019, 0.012152068550531568]], "inverted": true, "swapped": false, "error_lsq": 0.05411301702923284, "error_max": 0.24348818086594096, "target": "937.xyz", "model": "9.xyz", "model_rescale": 3.877068213659057, "target_rescale": 3.8246815111537273},
{"mapping": [2, 1, 8, 10, 11, 13, 3, 4, 0, 6, 15], "R": [[0.2155219372879199, -0.6245665198204722, -0.7506443611105099], [-0.563175947761285, -0.7074866417503297, 0.42696077525695375], [-0.7977362636929829, 0.3307254360707449, -0.5042197333752174]], "T": [0.1276662756128431, -0.08319235422304119, 0.04335177396561858], "aligned_model": [[0.4409903418340018, -0.6507806921213948, 0.10226931362919095, 0.660684945067691, 0.20169678848911943, 0.5681415876767621, -0.19987640040494925, -0.19766866995643695, -0.3701342323820437, 0.2930444728059571, 0.07223106571781096], [-0.5939694075733624, -0.16450580954150193, 0.06565020108948894, 0.37664338434898037, 0.6066467021328695, -0.5572322827512934, -0.2804856201229981, -0.6763778672788798, 0.4800849046131991, 0.09985888044238209, -0.01699529971606202], [-0.24176257019634573, -0.33123473221550037, -0.713301266640269, 0.1308330348412195, -0.20823685008754927, 0.4663247537016694, 0.5498618976017187, 0.06281455991948434, -0.21871581188153227, 0.6085480872103773, 0.017858380303173778]], "inverted": true, "swapped": false, "error_lsq": 0.05038301190167065, "error_max": 0.2570692659825084, "target": "937.xyz", "model": "10.xyz", "model_rescale": 4.260839863003843, "target_rescale": 3.8246815111537273},
{"mapping": [3, 4, 5, 0, 6, 1, 8, 2, 10, 7, 11], "R": [[0.34441497521299036, -0.2702957515043244, -0.899065365570128], [0.5445551043952853, 0.8376111978338727, -0.043211335785244415], [0.7647470582657219, -0.4747080028628312, 0.43567677111811587]], "T": [-0.02168174353437001, -0.08330133376407273, 0.048198668591481544], "aligned_model": [[0.4134291913716005, -0.5274019500039264, 0.04915300437838448, 0.7938600263439166, 0.31500763028816264, 0.4587493493700193, -0.3496618923339124, -0.11261701592871519, -0.40448627854602204, 0.25675241319867215, 0.027814042217529145], [-0.4748218478252655, -0.2549380561265243, 0.08745568673299073, 0.2406193938998618, 0.6235800634686373, -0.5045023837085525, -0.2498405440669445, -0.76297983307241, 0.4133404558578937, 0.30296796570999085, -0.08156311522685529], [-0.35332746107790686, -0.45269130625956816, -0.6017516223439097, 0.0493181454722922, -0.2521582698260458, 0.3873686608337988, 0.6648891261825399, 0.037016542050347774, 0.06009038073919361, 0.49861633912675396, 0.08561894765895052]], "inverted": false, "swapped": false, "error_lsq": 0.046082026689041884, "error_max": 0.23362631468760414, "target": "937.xyz", "model": "11.xyz", "model_rescale": 3.890672605050136, "target_rescale": 3.8246815111537273},
{"mapping": [5, 1, 8, 7, 3, 12, 2, 11, 0, 4, 13], "R": [[-0.1242624590582318, -0.40613357925658783, 0.9053255530852062], [0.8465172691751819, -0.5193881471222157, -0.11680952708210213], [0.5176556328844437, 0.7518586758355488, 0.40833953679973417]], "T": [-0.004568009885696764, -0.2531011579516329, -0.06933333646289198], "aligned_model": [[0.6951598230689684, -0.7435793259781699, 0.1971322731412768, 0.7691121608673843, 0.20681591985734343, 0.6073813757003936, -0.34315680387119224, -0.2912318565304196, -0.2849276323655339, -0.011037211817207723, 0.1189297982828659], [-0.4712123723096774, -0.029468042293200353, 0.10608969224254294, 0.10118275554157402, 0.6451122784831043, -0.3935632784291563, -0.2504626305255293, -0.6411576502293628, 0.25729601465371554, 0.19126544104346394, -0.17576442253465288], [-0.32968048892453716, -0.16498266818251933, -0.6605101076589166, -0.015797625952779074, -0.10924089034088547, 0.33181562456883884, 0.555898460894822, 0.19523832060416263, -0.16725038312303708, 0.47247245803273863, 0.015026782638558903]], "inverted": false, "swapped": false, "error_lsq": 0.04865422612083956, "error_max": 0.2479513631808295, "target": "937.xyz", "model": "12.xyz", "model_rescale": 4.124412569039231, "target_rescale": 3.8246815111537273},
{"mapping": [6, 5, 9, 8, 11, 1, 4, 0, 10, 2, 12], "R": [[0.4345038932366604, -0.8980497349953787, 0.06865158582957415], [-0.7448080213261183, -0.31540887077605056, 0.5880291281935356], [-0.506426083580277, -0.30663319733927563, -0.8059210284879254]], "T": [0.002448151003579535, -0.22237507938243184, -0.16194845682125], "aligned_model": [[0.6262112807171035, -0.7500328774987838, 0.2693734575387385, 0.607192927183142, 0.3156949264779449, 0.51654368048023, -0.36007524152143716, -0.2221438066772936, -0.27703696213631185, 0.21943587635809098, -0.024564740565714435], [-0.4312157760055663, -0.3020647291117801, -0.00647182667580426, 0.15186220887414004, 0.7146927915004928, -0.47636782734315036, -0.18406353493410865, -0.7259632940257444, 0.448545892396901, 0.2705767837817832, -0.12021290281434106], [-0.2840874605343685, -0.12777623795486848, -0.7011867512720446, -0.06641663667559844, -0.04222742963575568, 0.4160288519584444, 0.5347475107167168, 0.018951393956629953, -0.034031321701013445, 0.5105917288162515, -0.10160416511794736]], "inverted": true, "swapped": false, "error_lsq": 0.04639369965229962, "error_max": 0.2478951846753474, "target": "937.xyz", "model": "13.xyz", "model_rescale": 3.9028299243045295, "target_rescale": 3.8246815111537273},
{"mapping": [1, 14, 9, 3, 7, 2, 5, 12, 10, 4, 15], "R": [[0.6547679451297026, 0.2556224010296566, 0.711291871261341], [0.49571999486925133, 0.5651627278963884, -0.6594336795186777], [-0.5705616747709716, 0.7843776380599756, 0.24333330268172837]], "T": [0.14380186677478274, -0.1711844244664984, 0.11056815044278387], "aligned_model": [[0.4171871080478679, -0.5508181978987223, 0.1000999183619477, 0.647102628644523, 0.15427549286279052, 0.6919021628145414, -0.1926917489606042, -0.23324014096383205, -0.3619463871603477, 0.10615093090616917, 0.14257675370137596], [-0.588255967181897, -0.11632651653376352, 0.12384369018702035, 0.18372446055308045, 0.6501223371438574, -0.6116612790144254, -0.18433803692919187, -0.7559894645864292, 0.37258864406191816, 0.36788742079923786, -0.10227750285658511], [-0.3059778780508994, -0.43490799795709967, -0.6048995341751687, 0.2076118090385391, -0.2714965853374881, 0.3290080177849829, 0.4961856587378036, 0.11966091743894103, 0.04826120352888945, 0.5196491039870917, 0.019894767560854273]], "inverted": true, "swapped": false, "error_lsq": 0.04728460428084275, "error_max": 0.20663277325739218, "target": "937.xyz", "model": "14.xyz", "model_rescale": 3.942246331269136, "target_rescale": 3.8246815111537273},
{"mapping": [0, 3, 5, 6, 10, 8, 13, 12, 4, 11, 14], "R": [[0.3860805538078308, -0.9103452102622303, 0.1490416187648762], [-0.8943074902495565, -0.40899265153013376, -0.18149138788904054], [0.22617674251562264, -0.06321874047279505, -0.972032649656407]], "T": [0.15417135498341322, -0.015162208112050803, -0.10195629878423634], "aligned_model": [[0.5329034013619502, -0.49484309178702107, 0.06222309355339366, 0.6222337380559799, 0.09529207694880187, 0.6495462094577575, -0.3090027671340769, -0.3499275073689589, -0.3017057499238823, 0.24218623052373064, 0.17169288666803412], [-0.6248680461776674, -0.09449822569144173, -0.07892317658769707, 0.19974126472483963, 0.6957119551739169, -0.36995773466049353, -0.20212145317581096, -0.6351916911822713, 0.30730114304483186, 0.24690464205708776, -0.10478089188247244], [-0.261763404204763, -0.4003419128787438, -0.7266639218433428, 0.11604253665644812, -0.08811178240553894, 0.37508124081147165, 0.5394841269695492, 0.06986929669405084, 0.0765301973565651, 0.5596216424914675, -0.13675853709071753]], "inverted": true, "swapped": false, "error_lsq": 0.04823363827031566, "error_max": 0.20786664942820732, "target": "937.xyz", "model": "15.xyz", "model_rescale": 4.355366556412066, "target_rescale": 3.8246815111537273},
{"mapping": [6, 1, 10, 3, 7, 4, 0, 2, 9, 5, 11], "R": [[0.6875941113596571, -0.6095691382142092, 0.39451210850911766], [0.10183080023402286, -0.45700836502330844, -0.88361408002726], [0.7189192069678081, 0.6477413218527199, -0.25216334748981495]], "T": [0.02198707086318962, -0.06555361540784485, -0.051966750611534676], "aligned_model": [[0.6541492257090639, -0.5004686607725464, 0.08870359910595405, 0.633418430096443, 0.3459244323454954, 0.4448043231523365, -0.2882392659016779, -0.241489384218744, -0.44218314449786955, 0.10446443247272039, 0.12151453286453381], [-0.48850601227845625, -0.16779566433726262, 0.03149739792111708, 0.15143563462661286, 0.7561885079957718, -0.5237757056414667, -0.23472915880200515, -0.8504033456586184, 0.5117929720642445, 0.295077023978188, -0.14146386422530333], [-0.3643419144154708, -0.15772040452708325, -0.6711321600623077, 0.04845419916873343, -0.19432400627401913, 0.4014511783737774, 0.5637063071725352, 0.07179293704057439, -0.017784381793481255, 0.47614584029588736, -0.0332581124226994]], "inverted": true, "swapped": false, "error_lsq": 0.04043563600805364, "error_max": 0.2521836151026909, "target": "937.xyz", "model": "16.xyz", "model_rescale": 3.795458400668931, "target_rescale": 3.8246815111537273},
{"mapping": [11, 5, 8, 7, 3, 4, 2, 10, 6, 0, 12], "R": [[0.4868483295324634, -0.6477776407600283, 0.5859716991142337], [-0.41909376298552237, -0.7618124528247449, -0.4939657928923634], [0.7663805333240695, -0.005090663268978585, -0.6423666891187595]], "T": [0.09212420560300608, -0.05339247089350198, 0.030061713500263113], "aligned_model": [[0.5319252763470834, -0.6758551819690675, 0.25351917414551367, 0.6984899471948511, 0.27924208086607055, 0.4347164895776475, -0.1748765761338634, -0.20347362119578058, -0.30309256754204694, 0.02008821185449436, 0.059915287210806474], [-0.5358664068596948, -0.12265212665890725, 0.09163786945028261, 0.18239686401986221, 0.7111791678441125, -0.4490789479118189, -0.3929079658978866, -0.7247082415120153, 0.3977538553580594, 0.39140687311846767, -0.2098431553076392], [-0.44861802130022266, -0.05931034238136486, -0.6107226783381016, 0.11949692195219928, -0.1510433572874611, 0.4063043576145974, 0.5912993242542064, 0.059399810964695474, -0.2824227590136685, 0.41473657184103735, 0.08386965425052904]], "inverted": false, "swapped": false, "error_lsq": 0.05215560395757323, "error_max": 0.2618344194105616, "target": "937.xyz", "model": "17.xyz", "model_rescale": 3.7474275329858107, "target_rescale": 3.8246815111537273},
{"mapping": [12, 3, 5, 9, 4, 7, 1, 11, 8, 2, 13], "R": [[0.40877222798187357, 0.2917013674076244, 0.8647633074334602], [0.525541787685436, -0.849906730770401, 0.03826719727867678], [0.7461307492840188, 0.4388266870231244, -0.5007195260114963]], "T": [0.04895093248450422, -0.041786675066162675, 0.0275628084899465], "aligned_model": [[0.5693953802771886, -0.6101066179078057, 0.28778082330508625, 0.6942935010777106, 0.20162867335348095, 0.43026001207616127, -0.3435680611881815, -0.18637530818143588, -0.4142638681456981, 0.23562242151627374, 0.05593156417292878], [-0.4383947222945762, -0.19199981139714678, 0.09517473924264008, 0.13086123228592095, 0.7224362619759004, -0.5928663650449818, -0.22751257037660344, -0.7246552803413967, 0.36541314886463283, 0.1724879458650605, 0.028373206863372268], [-0.3344821568789036, -0.03300401620584827, -0.6413331407513797, -0.010513891794401674, -0.2585816165169968, 0.3715596735194247, 0.5660357866671192, 0.02058497289810688, -0.34186215423800836, 0.678003325230044, 0.10658270062729006]], "inverted": false, "swapped": false, "error_lsq": 0.05572536515447581, "error_max": 0.35731981567019644, "target": "937.xyz", "model": "18.xyz", "model_rescale": 3.922800546911778, "target_rescale": 3.8246815111537273},
{"mapping": [12, 1, 8, 13, 4, 7, 2, 0, 6, 10, 14], "R": [[0.1545042775979909, 0.19825394793778303, 0.9678965855560221], [0.32158319828205106, -0.9364040804872321, 0.14046937256764824], [0.9341909198801978, 0.2895561606561749, -0.20843357464536622]], "T": [0.09755542832150123, -0.11300388539712325, -0.020388041534066578], "aligned_model": [[0.6171248105250069, -0.6265485993265252, 0.11607791427280785, 0.720197757408979, 0.25547383666772555, 0.7220670904677584, -0.33835160086491833, -0.327094451689265, -0.2832534005424411, -0.0972596375365433, 0.16216480097312408], [-0.6169536539881805, -0.11033807538601807, 0.10611184340608781, 0.1369763548902051, 0.5916774682193633, -0.41554651654983554, -0.2283297792030081, -0.8320782237581792, 0.44446983731168865, 0.41699824992486156, -0.15366971922416325], [-0.32811573346347467, -0.17417124782375432, -0.5913835484575801, -0.16749397722191028, 0.028120774806847798, 0.3754201938996703, 0.536221303439165, 0.011972598050613348, -0.1617225959132525, 0.55558545953362, 0.03855625570650135]], "inverted": false, "swapped": false, "error_lsq": 0.05212921814910763, "error_max": 0.30981486453695, "target": "937.xyz", "model": "19.xyz", "model_rescale": 3.9282355846067225, "target_rescale": 3.8246815111537273},
{"mapping": [7, 3, 6, 9, 8, 10, 0, 1, 4, 11, 13], "R": [[0.7287650758574895, 0.2766981983389024, 0.6263701551370666], [-0.5415232846569883, 0.7927372880501637, 0.27985732848931805], [-0.4191109595139858, -0.5431442710467238, 0.7275577670840914]], "T": [0.18349082884622325, -0.107292796431019, -0.12537126444979577], "aligned_model": [[0.6311372155179265, -0.5618468449066991, -0.0036833397060020423, 0.6822882773487402, 0.2737067236849556, 0.49122744929571577, -0.34925531269285925, -0.27192231084301344, -0.23057816743183907, 0.14150775612509292, 0.11801707396369075], [-0.3676595425121221, -0.17780740567778278, -0.004094746964010493, 0.29483312697840014, 0.6364585795880098, -0.5472869972069399, -0.15609662542617603, -0.6560435270559449, 0.34255048418426415, 0.18665377635593014, -0.21218933662080586], [-0.471665426131059, -0.20188604151223818, -0.7427528703225753, 0.13524468350290644, -0.256963673487831, 0.5483776685433102, 0.4696049730147518, 0.10478586479805974, 0.03449034490770328, 0.5266992879275167, -0.02294532868409803]], "inverted": false, "swapped": false, "error_lsq": 0.047496519561459574, "error_max": 0.24442985168038114, "target": "937.xyz", "model": "20.xyz", "model_rescale": 4.067790424073018, "target_rescale": 3.8246815111537273},
{"mapping": [8, 6, 5, 9, 10, 0, 3, 2, 11, 12, 14], "R": [[0.43437932062471774, 0.8045999723720417, -0.40488700926618837], [0.4509892726398469, 0.19482780836692837, 0.8710056263025637], [0.7796943515105073, -0.5609465300238957, -0.27823678526887896]], "T": [0.11978478355881444, -0.1006019897866166, -0.12182053763779319], "aligned_model": [[0.48750624749228527, -0.5892785350674077, 0.15013340854017043, 0.690093079610238, 0.3054654086237685, 0.3911253267461825, -0.3769463793817614, -0.19484503133401548, -0.28039138101661387, 0.1983123257883478, 0.13942405035451472], [-0.43714470832183316, -0.2562739685746729, -0.14995136353840585, 0.36957630677523917, 0.6968108307833535, -0.5771666008283467, -0.1939109239717261, -0.7324086645159276, 0.35634758021521784, 0.2897945325294317, -0.02635523490950807], [-0.39874619605283523, -0.26518143849416687, -0.709280937264809, 0.11845163379702695, -0.15251777887867962, 0.32953133246621724, 0.5625014707878908, 0.11387065202980184, 0.09973844268118703, 0.532731100793134, -0.10810879930832115]], "inverted": false, "swapped": false, "error_lsq": 0.0465400825760752, "error_max": 0.19393506276834538, "target": "937.xyz", "model": "21.xyz", "model_rescale": 4.186013935880536, "target_rescale": 3.8246815111537273},
{"mapping": [8, 10, 11, 5, 3, 2, 1, 9, 6, 0, 12], "R": [[0.9411897752569178, 0.13502816554335317, -0.30972439597459767], [0.19535824575968247, -0.9653923566077434, 0.1727794942030077], [-0.27567546638308615, -0.22312550798450742, -0.9349962806990857]], "T": [-0.014906414815137839, -0.06146068076876283, -0.0067337425693601415], "aligned_model": [[0.4292259731260835, -0.7360875887961332, 0.17270183139876016, 0.6828760410440878, 0.2883496080470606, 0.5895988835660027, -0.24260381002369424, -0.20581951667899134, -0.15909824915282744, 0.11306952883052805, -0.011614181005168036], [-0.6366466031471948, -0.28787926584275547, -0.0851706023566706, 0.25849614456355907, 0.7490256151843376, -0.33196649506569026, -0.32445444563556863, -0.6431199664199746, 0.4631057581280413, 0.20331447851084866, -0.025386832276110292], [-0.25081509659485085, -0.36019062999178697, -0.6094002874204079, 0.08952658328291209, -0.32842676923704045, 0.32658165090306235, 0.636781145983164, -0.11005568211162763, 0.11112895344024373, 0.6530425179029526, -0.035182903600174946]], "inverted": false, "swapped": false, "error_lsq": 0.0466364190690538, "error_max": 0.19698861606374923, "target": "937.xyz", "model": "22.xyz", "model_rescale": 4.166573947596378, "target_rescale": 3.8246815111537273},
{"mapping": [8, 5, 0, 3, 2, 9, 14, 10, 6, 12, 15], "R": [[0.2539180505282785, -0.9601284818304143, -0.11695692366825503], [0.4559226790568873, 0.2254550254740208, -0.860990442577674], [0.8530299727075884, 0.16529770072972003, 0.49499145022511126]], "T": [0.13721039526252138, -0.043639056417497615, 0.02810853929904561], "aligned_model": [[0.6404656027442484, -0.6050435932840807, 0.043116557007411696, 0.706800873963686, 0.29667014662514507, 0.5110432620243275, -0.2052391744389535, -0.20697057378241412, -0.30183873150800905, -0.05481739488480172, 0.09641154588914916], [-0.5433242120568489, -0.07241293062290512, -0.13144202996951976, 0.1486180117406165, 0.5857224615839371, -0.36591360172699056, -0.38443703878716234, -0.7041088586287988, 0.5778893167682225, 0.24260176686350204, -0.013875099521230588], [-0.36064341451905046, -0.3451113179583321, -0.7782367653166993, 0.022580580155871388, -0.14876968588255032, 0.36992321343739093, 0.6546568539917643, 0.10723081187973052, 0.03488921581474236, 0.5853991942788039, -0.018929203325225]], "inverted": false, "swapped": false, "error_lsq": 0.04924136170856131, "error_max": 0.23245204798662567, "target": "937.xyz", "model": "23.xyz", "model_rescale": 4.274766983524099, "target_rescale": 3.8246815111537273},
{"mapping": [9, 0, 1, 4, 2, 7, 6, 8, 3, 5, 10], "R": [[-0.32675061638648095, 0.6969548491239501, 0.6383478463766187], [-0.8404704681181765, 0.09463101425325669, -0.5335300960232829], [-0.43225389172599515, -0.7108438010027325, 0.5548492260639099]], "T": [-0.014767195982523712, -0.0969086517183218, 0.026834856629248963], "aligned_model": [[0.6495962073692141, -0.6519310899530166, 0.1687730573543192, 0.5660627541860925, 0.19516497748629727, 0.3818412885392768, -0.40584507271669523, -0.12114473080165031, -0.2108753809246067, 0.35285678475071125, -0.003900274934233467], [-0.5109310123543952, -0.06146550653620586, -0.058449829528985475, 0.2906400076225643, 0.7285442080014088, -0.46059759208504075, -0.22281560947179305, -0.8274000633538046, 0.40413095485363587, 0.19257411821247306, -0.13491188971703527], [-0.31209317293087285, -0.34590539856222585, -0.5975186289097253, 0.015734742182855754, -0.42375096171494764, 0.36069791409750485, 0.5618307336554801, 0.01804592512639845, 0.18966966935938728, 0.695634739490599, -0.03935607923800734]], "inverted": false, "swapped": false, "error_lsq": 0.04945811383973777, "error_max": 0.27735825369758843, "target": "937.xyz", "model": "24.xyz", "model_rescale": 3.7841303162186577, "target_rescale": 3.8246815111537273},
{"mapping": [3, 14, 12, 4, 2, 6, 7, 11, 9, 1, 15], "R": [[0.21843149487299196, -0.9482836649382844, 0.23031667950620915], [-0.8539767534217324, -0.2999654750034613, -0.4251404690466736], [0.47224081427046083, -0.10382102203871632, -0.8753341126221511]], "T": [-0.03824678785514371, -0.013991404120465921, 0.10616126551543428], "aligned_model": [[0.530074880147502, -0.6016348802839665, -0.017247383941337527, 0.6952251279329352, 0.23536355086614127, 0.47306631576017744, -0.23166619729228113, -0.13813915633214677, -0.36479503712996375, 0.3282256038911462, 0.012125696737502252], [-0.44707785945202205, -0.05067209736573099, 0.07753987064323023, 0.12249812727042464, 0.6110201057727024, -0.46574647138339065, -0.37227535348454416, -0.7751889350503915, 0.34218903530195555, 0.3577475319169431, -0.06071616852635436], [-0.2659254065385238, -0.4511064855369844, -0.6464029890193751, 0.11585143730005278, -0.21522794241337487, 0.3438642766797171, 0.6131396711515391, 0.10092649819246621, -0.22344826710539936, 0.6358258228767257, 0.11549286696960304]], "inverted": false, "swapped": false, "error_lsq": 0.05082985688544943, "error_max": 0.23147841100518804, "target": "937.xyz", "model": "25.xyz", "model_rescale": 4.19342608120988, "target_rescale": 3.8246815111537273},
{"mapping": [6, 1, 10, 3, 7, 4, 0, 2, 9, 5, 11], "R": [[0.6875941113596571, -0.6095691382142092, 0.39451210850911766], [0.10183080023402286, -0.45700836502330844, -0.88361408002726], [0.7189192069678081, 0.6477413218527199, -0.25216334748981495]], "T": [0.02198707086318962, -0.06555361540784485, -0.051966750611534676], "aligned_model": [[0.6541492257090639, -0.5004686607725464, 0.08870359910595405, 0.633418430096443, 0.3459244323454954, 0.4448043231523365, -0.2882392659016779, -0.241489384218744, -0.44218314449786955, 0.10446443247272039, 0.12151453286453381], [-0.48850601227845625, -0.16779566433726262, 0.03149739792111708, 0.15143563462661286, 0.7561885079957718, -0.5237757056414667, -0.23472915880200515, -0.8504033456586184, 0.5117929720642445, 0.295077023978188, -0.14146386422530333], [-0.3643419144154708, -0.15772040452708325, -0.6711321600623077, 0.04845419916873343, -0.19432400627401913, 0.4014511783737774, 0.5637063071725352, 0.07179293704057439, -0.017784381793481255, 0.47614584029588736, -0.0332581124226994]], "inverted": true, "swapped": false, "error_lsq": 0.04043563600805364, "error_max": 0.2521836151026909, "target": "937.xyz", "model": "26.xyz", "model_rescale": 3.795458400668931, "target_rescale": 3.8246815111537273},
{"mapping": [6, 11, 1, 0, 2, 7, 10, 5, 9, 3, 12], "R": [[0.04971135078558217, 0.970707802329169, 0.2350641276340307], [-0.7864109237222859, -0.10704513072180032, 0.6083577886729272], [0.6157001223431209, -0.21509928518251237, 0.7580538614509119]], "T": [-0.08125443879262645, -0.026640455037787843, -0.08482752419467784], "aligned_model": [[0.42134620058705635, -0.7841386136939064, 0.18499350863557157, 0.6952407413187331, 0.327082741453435, 0.32571138557621565, -0.3229152193966767, 0.06537179880276783, -0.19591622606254777, 0.1840333087857537, 0.019788894349306835], [-0.5684893109761264, -0.15856076604926617, 0.04825788449448331, 0.21851881415277935, 0.7397028256782198, -0.3769713715937688, -0.39319584147050624, -0.7577784643170867, 0.3858066765468796, 0.3181442889527879, -0.11611694977557332], [-0.4522229165029019, -0.0960284147537363, -0.608139515053677, 0.08317652363360575, -0.22909684605252842, 0.524971758627343, 0.4763530566384738, 0.019087949705783452, -0.11820908052531695, 0.5116810257390174, 0.011415941100383117]], "inverted": true, "swapped": false, "error_lsq": 0.05648975675793137, "error_max": 0.31050099326559494, "target": "937.xyz", "model": "27.xyz", "model_rescale": 3.6321398670334006, "target_rescale": 3.8246815111537273},
{"mapping": [6, 3, 8, 9, 10, 13, 2, 1, 0, 11, 14], "R": [[-0.6936098100729038, -0.2303954448029087, 0.6825125422911291], [0.49285407033798584, -0.8427802851543298, 0.2163706456672589], [0.5253573038627237, 0.48645588697152875, 0.6981120062775266]], "T": [0.060426310117340606, -0.09507717358265375, -0.1614259819973949], "aligned_model": [[0.6486525314931099, -0.5799944786827785, 0.040582187590067195, 0.6815301474794644, 0.19810988998632928, 0.5277234286781655, -0.22526515029250266, -0.2666803323078352, -0.36029358349035007, 0.19108752511677862, 0.06514635478526049], [-0.6013275112146884, -0.16555786895502628, 0.18205750621627345, 0.11602338279511668, 0.6675081717472224, -0.40002839527305367, -0.22206727693471093, -0.6031286116399303, 0.324766692384337, 0.17751992938305952, -0.13644823286577737], [-0.2015251749344313, -0.3990259921293665, -0.597123349270175, -0.03399466900380885, -0.09678500490716488, 0.4344896892920358, 0.5704876514539436, 0.12519602852441794, 0.028672922661394346, 0.4052699706688334, -0.11267258979923223]], "inverted": true, "swapped": false, "error_lsq": 0.048252633697834085, "error_max": 0.21609733676292492, "target": "937.xyz", "model": "28.xyz", "model_rescale": 4.156811204709835, "target_rescale": 3.8246815111537273},
{"mapping": [9, 8, 4, 2, 7, 6, 3, 5, 0, 10], "R": [[-0.13578452847258732, -0.040570115294410236, -0.9899073833306203], [0.9907168262473562, -0.012152717844249039, -0.13539749495232195], [-0.006536973140765845, -0.9991027861006077, 0.041843646927109235]], "T": [-0.07388176737394997, -0.16071398786254631, -0.07623021245944386], "aligned_model": [[-0.6745909898142692, -0.02563945204954568, 0.0865938680095446, 0.5425696252580006, 0.002395901218212898, -0.6554557636233311, -0.1860193323537353, -0.5034494853458753, 0.19545960145458696, -0.1389385986430004], [-0.1257863144200112, -0.3967955996673244, 0.08806972184831238, 0.03842531840418645, -0.39083919196394623, -0.5528348022339601, 0.5003400075629673, 0.32107946461451753, 0.47932622374183154, -0.042264497260369266], [-0.33520630653018046, -0.43993627225898824, -0.8547617578385899, -0.12459401745377499, 0.6924606433235249, 0.17278960694933201, -0.30514130081386137, 0.42689333240053495, 0.469234918189245, 0.0570478810078576]], "inverted": false, "swapped": true, "error_lsq": 0.05614361714993025, "error_max": 0.2581197475332817, "target": "937.xyz", "model": "29.xyz", "model_rescale": 4.117894457231895, "target_rescale": 3.8246815111537273},
{"mapping": [4, 11, 3, 8, 5, 7, 10, 13, 9, 6, 14], "R": [[-0.22479959148049866, 0.9142890218760606, 0.33695805101988213], [0.9676094070511991, 0.25022919390190135, -0.033427322735027215], [-0.11487897569280428, 0.31852933145335494, -0.9409260788965578]], "T": [0.08850002568555582, -0.0466150113219321, -0.11692573438315718], "aligned_model": [[0.48846286987079535, -0.6236960391758066, 0.0818757865174255, 0.6635603924913475, 0.2726404365220476, 0.358821699797141, -0.20943271493788213, 0.018947609220044223, -0.31682543751716463, 0.1045941189300433, 0.08164979863771821], [-0.6680799575459977, -0.0357423654141273, -0.1263453205838027, 0.2615214196586946, 0.7669620910849239, -0.434801840985148, -0.23539128343434748, -0.8096667414748466, 0.3951589053002105, 0.29706734227493753, -0.07136446323767467], [-0.3478784049515728, -0.2516928708661077, -0.6585486643836014, 0.15902208874443263, -0.10524758957386927, 0.33389666816094005, 0.5075104639951076, 0.07273401597091017, 0.0573472930255457, 0.42475024185016436, -0.06890375941550336]], "inverted": true, "swapped": false, "error_lsq": 0.05003945423934376, "error_max": 0.27880743670877794, "target": "937.xyz", "model": "30.xyz", "model_rescale": 4.100398675895297, "target_rescale": 3.8246815111537273},
