[{"mapping": [8, 7, 9, 5, 10, 11, 1, 12, 6, 2, 3, 0, 13], "R": [[-0.4148013685125265, 0.5571326752640355, -0.7194046196913627], [-0.6531655462741326, 0.3681334161777705, 0.6617042821787531], [0.6334939572249679, 0.7443661532111892, 0.21119762336027198]], "T": [-0.06721795790634329, 0.15094768056301297, 0.07300226802042346], "aligned_model": [[-0.48395540499674733, 0.09990002133064028, 0.5679292507335876, -0.7654837534849228, 0.23556716068244227, -0.3869647757349144, 0.01769794017593844, 0.3019210504141348, -0.5639422532333545, 0.23432734571385805, -0.22645875892951578, 0.5942803257820588, -0.04273808973149698], [-0.41083848735737427, -0.47606704851042525, -0.1120012073867385, 0.43927430675477275, 0.1443797600519379, 0.11979426526183035, 0.6906025582540534, 0.49100057106079076, -0.31659422657430103, -0.25681069769719267, 0.1207650643919499, 0.3142774801617525, 0.04016591981706617], [-0.2752868839045242, -0.3147071502507595, -0.1803533663102932, 0.031845302686614355, -0.8880944799831065, -0.5465566702952589, 0.25902919257738033, -0.21547690310616974, 0.4182787133362613, 0.6509830464490071, 0.5699244779972981, 0.4351566989210554, -0.043907953070673494]], "inverted": true, "swapped": false, "error_lsq": 0.045544385885599364, "error_max": 0.22960496759408922, "target": "938.xyz", "model": "0.xyz", "model_rescale": 3.8414455957264533, "target_rescale": 4.05628442810093},
{"mapping": [12, 8, 9, 1, 13, 11, 4, 0, 10, 6, 5, 2, 14], "R": [[0.15135923667159223, -0.2801973542776443, 0.9479345041351759], [-0.9175608488442071, -0.39651394673742957, 0.02930492639481086], [0.36765808864009963, -0.87422315955282, -0.31711417054271407]], "T": [0.039563753638357145, 0.12165895901218246, 0.02203514422278605], "aligned_model": [[-0.46346588812052264, 0.08230683940181702, 0.658723047065305, -0.6789837274587337, 0.2024683859293081, -0.5250276194435209, 0.08241750303531803, 0.09790049484004218, -0.40646630682064916, 0.29168001722601283, -0.15107487841622455, 0.4401260075994498, -0.048523816115893396], [-0.3346771975244255, -0.6196647719881714, -0.10713043426440355, 0.5925817968505858, -0.04482568330771164, 0.1594974004620035, 0.6195561609232187, 0.7066510972596081, -0.3146792428220453, -0.3560117490485717, 0.05956205272212578, 0.2887895311262278, 0.1382992978396815], [-0.32582694859044736, -0.24799180253568778, -0.1506114974492025, -0.08003879652603013, -0.6994854343396669, -0.6152012608265033, 0.2366957305910668, -0.40210916178855194, 0.30318894412134345, 0.5862117638012477, 0.6498278418388506, 0.618878490658743, 0.027296156091669965]], "inverted": false, "swapped": false, "error_lsq": 0.0401037891652739, "error_max": 0.25779566493282324, "target": "938.xyz", "model": "1.xyz", "model_rescale": 4.316132596720782, "target_rescale": 4.05628442810093},
{"mapping": [8, 10, 9, 4, 1, 0, 2, 5, 11, 3, 7, 12], "R": [[0.12431331507970983, 0.7757739566315534, 0.6186444600140839], [0.334564500049793, 0.5541983589356045, -0.762188148857954], [-0.934137460441623, 0.3017266099721857, -0.19065219074106549]], "T": [-0.014763149501953225, -0.027650479140443926, -0.08842379487580171], "aligned_model": [[-0.12516416008496348, 0.5661778755902435, 0.0914173315242835, -0.4560102472792797, -0.648568515169548, -0.5217759017657093, -0.08072440014663848, -0.3546235815044648, 0.5712687977342523, 0.2168043740129032, 0.382870228602877, -0.04386324688217491], [-0.6803224089224579, -0.5284819889381626, -0.5075491830665597, 0.58693491366093, -0.16437448537276994, -0.16716326579863933, 0.26963207171153225, 0.4585137610948444, 0.031171081805909565, 0.1505510644883249, 0.5532764510249791, 0.010588416053049207], [0.17749403062633462, -0.04942607069197735, -0.6181032813323284, -0.12889534047187173, -0.30426316176914625, 0.3921900081050548, -0.6648420237979593, 0.5172022400927088, -0.46654951508405834, 0.680329257066006, -0.08125165241725135, -0.004626029116090169]], "inverted": false, "swapped": true, "error_lsq": 0.049342789990981815, "error_max": 0.29569494255247547, "target": "938.xyz", "model": "2.xyz", "model_rescale": 3.795458400668931, "target_rescale": 4.05628442810093},
{"mapping": [4, 7, 3, 10, 1, 8, 6, 2, 11, 9, 0, 12], "R": [[-0.7980157068220076, 0.48644782475377596, -0.3557238331313939], [0.5461219353060422, 0.8333218057838891, -0.08558971773911664], [0.254797494969937, -0.26257052728247765, -0.9306637173327684]], "T": [0.054218337028247146, 0.04576331267779735, -0.0014447570745276458], "aligned_model": [[-0.0495192309991498, -0.13478772142314333, -0.7460569033035261, 0.12011643520978814, 0.3356863175823447, -0.016006017672610687, -0.1266567994480554, 0.5300663293198193, 0.3670865901307884, 0.6879301619871427, -0.3395473102801156, -0.03500802535971699], [-0.1084185139703027, -0.6278237104106037, -0.047535060726380425, 0.0264533728829767, 0.5096922546955154, 0.6464916551241593, -0.4190747516280449, -0.26133632185222533, -0.4752516539939196, 0.18775997063224903, 0.5966298173585609, 0.058181987177724825], [-0.7359640785738903, -0.08016624967662914, 0.1635265016355299, 0.7634931915292328, -0.4168181317764816, 0.37680822648463425, 0.5402239966151711, -0.32431358332604465, 0.3457286004880469, 0.3153890968470691, -0.22282697233932733, -0.03630916726821052]], "inverted": true, "swapped": true, "error_lsq": 0.037555217385031606, "error_max": 0.19417396106974455, "target": "938.xyz", "model": "3.xyz", "model_rescale": 3.7530521520055578, "target_rescale": 4.05628442810093},
{"mapping": [3, 8, 10, 9, 6, 1, 7, 0, 4, 2, 12], "R": [[0.7349922236028478, 0.1148786516787543, 0.6682733921321521], [0.3554408823900288, -0.9045632796147198, -0.2354295060064909], [0.5774497470508922, 0.41057054029866047, -0.7056795455939805]], "T": [-0.047168428512696176, -0.011872188248543886, 0.035252042032639756], "aligned_model": [[-0.54435101900842, -0.18958240901188214, 0.3675250292029666, 0.5245636431871977, 0.2701300587627359, -0.22806852784006526, 0.06734281212609788, -0.6949741976321865, -0.4004732798352115, 0.3034843722535152, -0.1373968797595428], [-0.6645927200611221, 0.06032584907204694, -0.3986816637519488, 0.2968993007334282, -0.6748031632196533, 0.6458332406319585, -0.4531653350625662, 0.15449275774120727, 0.24047476667196346, 0.3036130311941627, -0.04319270563513026], [-0.020658082511935565, -0.6600083570613579, -0.48267967559195335, -0.28084924669517003, -0.009908473279429182, -0.005833851101539424, 0.5717102189153014, -0.2100758333836254, 0.6561778417212905, 0.4852492263454138, 0.04970700988832148]], "inverted": false, "swapped": true, "error_lsq": 0.04849540910688845, "error_max": 0.31693808714806304, "target": "938.xyz", "model": "4.xyz", "model_rescale": 3.7855080009869324, "target_rescale": 4.05628442810093},
{"mapping": [14, 15, 8, 1, 13, 12, 4, 6, 3, 10, 5, 7, 16], "R": [[0.0472589089921959, -0.9379443493369717, -0.3435505684287429], [0.9600948396643942, 0.13756531416881276, -0.24350294287223098], [0.27565285119270666, -0.31833344449567463, 0.9070167163535912]], "T": [-0.11052676725251237, 0.05540810591368332, -0.029291802665453934], "aligned_model": [[-0.44635965496258084, 0.2299630347637766, 0.5438117312389497, -0.6450871952216102, 0.18871126047975118, -0.46295264881113013, -0.08588309293563454, 0.2931659171628634, -0.4716728716200366, 0.285582788375134, -0.11597261358923378, 0.41017068259406236, -0.14139727875260236], [-0.40614453771237874, -0.6490137402171883, -0.15258798956131264, 0.5882222324206858, 0.06345042314838002, 0.16388570448690187, 0.7286451003522594, 0.545435362610486, -0.2519746673215271, -0.36347432789285755, 0.16329177238992465, 0.34429051855210474, 0.013922406972643436], [-0.3924485556344427, -0.2884725583213069, -0.183851265729724, -0.08809821756591116, -0.6890338452607399, -0.6012130136950603, 0.2759055474226885, -0.18089184326794272, 0.47815861601368437, 0.41635267521244135, 0.7728520135449707, 0.4254505301642344, -0.04387605783606076]], "inverted": true, "swapped": false, "error_lsq": 0.03361782709343486, "error_max": 0.17614119769353193, "target": "938.xyz", "model": "5.xyz", "model_rescale": 4.2253639853439635, "target_rescale": 4.05628442810093},
{"mapping": [7, 0, 1, 11, 9, 12, 5, 8, 3, 4, 2, 10, 13], "R": [[0.42881406855157367, -0.34051963564843013, 0.8367585508078822], [0.5524581832275066, -0.6340101127593033, -0.5411294971667121], [0.7147786023638435, 0.6943180500727287, -0.0837495966915347]], "T": [-0.021350007596283135, 0.08574307345177982, -0.002729867524458152], "aligned_model": [[-0.6216912188169595, 0.05316217774556936, 0.6841761447533474, -0.5347419512446367, 0.226579697640926, -0.679849256746963, -0.13031846297800814, 0.36785149311239135, -0.3899602641749866, 0.28253434313760956, -0.09722897274657173, 0.4736342557467572, -0.052067926706766576], [-0.3946064266517773, -0.6065261417940456, -0.11518487419782504, 0.6231464571478021, 0.06701634653785275, 0.08294289031171918, 0.6194926975719458, 0.6545691360109248, -0.41979411464952093, -0.3728473369947996, 0.14092795357290322, 0.4637143456480746, 0.04509732571486788], [-0.19829572315182936, -0.40056641333832665, -0.02653302198579723, -0.23333798577318823, -0.5602032735677106, -0.6643299448456482, 0.31972707678592194, -0.26885761504107186, 0.33128825008288737, 0.4425346033599863, 0.6616259284847069, 0.46699427580458275, 0.030787868232318247]], "inverted": true, "swapped": false, "error_lsq": 0.04222667253482782, "error_max": 0.2591558787290533, "target": "938.xyz", "model": "6.xyz", "model_rescale": 3.89814844738969, "target_rescale": 4.05628442810093},
{"mapping": [8, 11, 4, 6, 7, 3, 1, 0, 9, 10, 5, 2, 12], "R": [[0.9893896221535411, 0.14060335090148726, -0.03659061751524317], [0.0039323842975442225, -0.27767516127993863, -0.9606669772412794], [-0.14523330172040436, 0.9503300492583794, -0.27528182930944906]], "T": [0.021103926296497204, 0.05206407996876136, -0.09601613415768478], "aligned_model": [[-0.4928417508307576, 0.0526100887436222, 0.6407373620076774, -0.596093269417876, 0.19603957783432577, -0.4363731292164892, 0.007449955868527227, 0.07091742343187774, -0.49800646198516924, 0.2730269113153156, -0.2973226528413788, 0.5318943468077582, 0.13004165700427545], [-0.3084524560199714, -0.7432905069796392, -0.11548313902782786, 0.3172540386158035, 0.03792197507585113, 0.39147656411684906, 0.754042894935045, 0.6230375639360588, -0.39485921402702817, -0.2765033695443013, 0.24181951769785748, 0.2702799156055814, -0.00929552615615633], [-0.3481558584290224, -0.2435248185495013, -0.15499174894499687, -0.0178000331114658, -0.72884486156834, -0.6686380390421414, 0.37497847776895393, -0.24607706704062648, 0.477333543697483, 0.5101867228067274, 0.5860205155728244, 0.34332751256116784, 0.017019679325768394]], "inverted": false, "swapped": false, "error_lsq": 0.04301701432360641, "error_max": 0.23052053057742, "target": "938.xyz", "model": "7.xyz", "model_rescale": 3.7474275329858107, "target_rescale": 4.05628442810093},
{"mapping": [1, 0, 6, 4, 3, 2, 9, 5, 12, 10, 11, 7, 14], "R": [[-0.9191567845161914, -0.3611563899257926, 0.15721598994257724], [0.37340775507926605, -0.6719020242367217, 0.639620448604685], [-0.12536927025598626, 0.6466171447173084, 0.7524419009020675]], "T": [-0.1460256929738026, 0.05711349899396216, 0.029324705935756378], "aligned_model": [[-0.47339371376508044, 0.1500791404153902, 0.6358832834576966, -0.746149661656686, 0.21489101971039967, -0.5905047431725884, 0.05465619155915272, 0.3888599208500553, -0.45786135156960306, 0.296836271156262, -0.10658460550224054, 0.4176939756034195, -0.20232566836446886], [-0.48351779104067344, -0.4527004473954968, -0.09767188545412754, 0.5127905331448718, 0.12946807525891085, 0.11559047662341519, 0.7096985721741507, 0.4990964294359073, -0.27655828056329856, -0.36991281421500627, 0.20231242002779914, 0.24100224118282743, 0.05835072904884177], [-0.3773075692817177, -0.264996386304208, -0.1484333761163596, -0.1814726104733051, -0.5860113638532336, -0.6831416531799255, 0.36725952741929024, -0.1483545932077089, 0.44413102743359667, 0.4729294491952029, 0.632517568575507, 0.36441081080941573, 0.0093031940302765]], "inverted": false, "swapped": false, "error_lsq": 0.04190270488285946, "error_max": 0.20816708101780992, "target": "938.xyz", "model": "8.xyz", "model_rescale": 4.019505241142653, "target_rescale": 4.05628442810093},
{"mapping": [11, 9, 1, 5, 10, 6, 3, 2, 8, 7, 4, 0, 12], "R": [[-0.9321317376858925, -0.16602981332586333, -0.32181442585076525], [0.32509111630903853, 0.007807130891319236, -0.9456504717939865], [0.15951861864880185, -0.9860898284609902, 0.04669754287061956]], "T": [-0.016812162295175022, 0.06603295759514882, -0.08323146321558586], "aligned_model": [[-0.535855815135391, 0.017587817916316993, 0.6044978003794798, -0.5950091818337482, 0.2196905243392639, -0.30156448035973943, -0.15966409768057988, 0.17290174348801093, -0.2808065035883869, 0.2660906104334254, -0.16185743916945328, 0.3916092063057263, -0.05554012637321609], [-0.2477891985915608, -0.6116379871493909, -0.08014621742010297, 0.3838772864275502, -0.1625250513902613, 0.34854269277647815, 0.7976188561268716, 0.6211587080051135, -0.4402190601671694, -0.3326246659725825, 0.21701080058927746, 0.2251669311187224, 0.06951516387517623], [-0.222367600597645, -0.1664107481423925, -0.30438950906433193, 0.04000776904325508, -0.9376362115410538, -0.689173873722995, 0.34436204160873096, -0.15949546128099215, 0.27753551651349984, 0.6787541734138031, 0.7191164848869972, 0.3968877326221303, -0.0763562886921748]], "inverted": false, "swapped": false, "error_lsq": 0.04724481209629339, "error_max": 0.25425824665817703, "target": "938.xyz", "model": "9.xyz", "model_rescale": 3.877068213659057, "target_rescale": 4.05628442810093},
{"mapping": [9, 8, 0, 6, 11, 10, 3, 12, 2, 1, 4, 5, 15], "R": [[0.2691446563459959, -0.11683614523206787, -0.9559866469400642], [0.920182350400033, -0.2618151991093917, 0.2910622674404576], [-0.28429842766478086, -0.9580198936779031, 0.037044396940868085]], "T": [-0.19377657768017628, 0.07214916077728126, 0.03523499494720298], "aligned_model": [[-0.5037179364960704, 0.07181694409041514, 0.557309785266854, -0.37603223442248884, 0.13004719125576283, -0.4467126524970291, -0.12578334653113502, 0.26274543646670756, -0.6381423810382094, 0.5136685786424314, -0.2051528007896923, 0.45135716364045253, -0.10932368886628986], [-0.4089882234201859, -0.6251379255919385, 0.0075530280752883205, 0.6334251135551059, -0.03786886738697605, 0.17634562164951129, 0.5679285969079704, 0.5712273993218739, -0.355200809294521, -0.19560663560469985, 0.013805817934872455, 0.371214832615384, 0.06925030946643702], [-0.2935331232191257, -0.16116698107217517, -0.22062170453267874, -0.14380900954225612, -0.6187447267679862, -0.6192703289867001, 0.42554386489006507, -0.28210359098906296, 0.28072714112525177, 0.46036414532737463, 0.7094436537752445, 0.3598233834952252, 0.004181301543654703]], "inverted": false, "swapped": false, "error_lsq": 0.04154599852665256, "error_max": 0.28199709305008264, "target": "938.xyz", "model": "10.xyz", "model_rescale": 4.260839863003843, "target_rescale": 4.05628442810093},
{"mapping": [4, 2, 9, 1, 8, 0, 5, 7, 11, 10, 3, 12], "R": [[0.38008277711272326, 0.8148820782595646, -0.437612021171326], [-0.9184992320371471, 0.27672641557309635, -0.28245645977962214], [-0.10906990093261859, 0.5093031410225537, 0.8536475076137164]], "T": [-0.020863305658400617, -0.031061695715598546, -0.01558087676297724], "aligned_model": [[0.3605397040234308, 0.238233982001554, -0.40164838246410656, -0.3990693539825142, -0.6682691156046815, -0.36772611341956196, 0.26818050076318983, 0.671445937802424, 0.28203945582371287, -0.24135828040532914, 0.2165581696054662, -2.7855049453812813e-05], [-0.0008806225274586507, -0.581665000711928, -0.5956034774629588, -0.20722889324821783, 0.20177581209420878, 0.4764018456150841, 0.626807448441476, -0.017805732562660853, -0.4473306841414461, -0.06610257401138939, 0.727857425551051, 0.0568529584971734], [-0.6695480008384316, -0.2494406046252142, 0.22614773324702458, -0.5567967590638685, 0.17292305738066552, -0.3756951961493243, -0.465364761636063, 0.11158842795131203, 0.45859475088786356, 0.7192657747858773, 0.19426042857919992, -0.04975677312353673]], "inverted": false, "swapped": true, "error_lsq": 0.03862489136256898, "error_max": 0.26155373672056464, "target": "938.xyz", "model": "11.xyz", "model_rescale": 3.890672605050136, "target_rescale": 4.05628442810093},
{"mapping": [8, 5, 12, 0, 7, 3, 2, 4, 6, 9, 11, 10, 13], "R": [[-0.08594486814523014, 0.44535077710542925, 0.8912217260430143], [0.8474636339926067, 0.5030192935187863, -0.1696377888558637], [-0.5238500440961559, 0.7406985052499105, -0.4206505148231773]], "T": [-0.16273035522086415, 0.03106125123267324, 0.10963846338751607], "aligned_model": [[-0.5677174109900158, 0.20144181353519436, 0.5466619857572526, -0.6136139527179343, 0.2202558711284302, -0.4208834198109755, 0.029700605170442124, 0.006263655838196158, -0.5507736142979707, 0.20795719237125293, -0.013742262608566258, 0.5970064516879139, -0.060476856341510815], [-0.3333845324593085, -0.5914883881039682, -0.01932423915119401, 0.33063395134694584, -0.11864619981606943, 0.33081772568162177, 0.6565823033335407, 0.6506189724936676, -0.27446638300707327, -0.5400924820852521, 0.17694404445749706, 0.4460160207714809, 0.07373746476623336], [-0.36190771806951183, -0.18153632930647087, -0.1125235398115855, -0.12627405981029965, -0.6372707679141307, -0.7249669567187196, 0.38759146755942886, -0.17080100972066756, 0.40651156378941955, 0.4867254175486745, 0.6188367772063315, 0.3335871805251934, -0.017138000230831146]], "inverted": false, "swapped": false, "error_lsq": 0.04275585327487934, "error_max": 0.24541899710572176, "target": "938.xyz", "model": "12.xyz", "model_rescale": 4.124412569039231, "target_rescale": 4.05628442810093},
{"mapping": [2, 1, 6, 10, 8, 11, 7, 9, 4, 0, 5, 3, 12], "R": [[-0.995526686163642, 0.09150676755033822, -0.02351868679423976], [-0.011256572452151555, -0.3620275688891221, -0.9320994200946922], [-0.09380781797199336, -0.9276651070600426, 0.36143815851485994]], "T": [0.06298630638177957, 0.0958572319186138, 0.09973620142457061], "aligned_model": [[-0.502383661501014, 0.21979593503755876, 0.5914682047749632, -0.6134818479942732, 0.06644292913345005, -0.48934509608408006, -0.1102478519652764, 0.3168970695415714, -0.4958784785129028, 0.20936182662054234, -0.2867903743065868, 0.7284664159395268, -0.052225011961770706], [-0.33368048737794886, -0.6455867592619661, -0.046837011939384485, 0.34194904336802057, 0.01723548865854839, 0.31043603482308696, 0.6641089643299438, 0.5873441017387655, -0.39961645733047474, -0.21789078636091752, 0.2251024108318142, 0.19150494346845037, 0.09387877328018396], [-0.3883720455520985, -0.19781353763056875, -0.2849169548404083, -0.06286554749012364, -0.6134978374044404, -0.6999129844880232, 0.30012973802032367, -0.22059371155015206, 0.34560655591255013, 0.5654655020859352, 0.7590523899460838, 0.3379401367913375, 0.06061232124641598]], "inverted": false, "swapped": false, "error_lsq": 0.0462842130873572, "error_max": 0.3400101301829386, "target": "938.xyz", "model": "13.xyz", "model_rescale": 3.9028299243045295, "target_rescale": 4.05628442810093},
{"mapping": [4, 13, 12, 3, 8, 0, 6, 1, 10, 14, 9, 11, 15], "R": [[0.4985181085402922, 0.8245584005994477, -0.26755025594884096], [-0.6697219945645758, 0.17037258336990913, -0.7228040072054869], [-0.5504108878409435, 0.5395151775777436, 0.637158714693129]], "T": [-0.06799661888085495, 0.1092291166946949, -0.09522112887264651], "aligned_model": [[-0.6560660013634668, 0.2825437829155684, 0.5803133207399012, -0.5871421002515373, 0.1375814631745235, -0.5467276516720211, -0.1897471488020114, 0.3319919566989825, -0.3577643533705954, 0.28628514142142547, -0.10262878307033674, 0.5053589015642675, -0.10191846926299125], [-0.19391518077277045, -0.603801807746703, -0.09572491550098741, 0.4482804578353904, -0.01825584636395025, 0.2243771313990545, 0.6716540898990673, 0.5998192164678244, -0.4603771334273926, -0.3500654951329467, 0.2415850322164392, 0.2020420806310721, 0.12233062872402461], [-0.24233064651914343, -0.05834729948266719, -0.24330338924352568, -0.16019498885686828, -0.828700778167698, -0.7621348730683085, 0.24132488615236541, 0.05150735899869156, 0.28810116622576204, 0.5730479386788646, 0.66775199076763, 0.36140332211347154, 0.012709337448256877]], "inverted": false, "swapped": false, "error_lsq": 0.04715044913957008, "error_max": 0.28023513866890526, "target": "938.xyz", "model": "14.xyz", "model_rescale": 3.942246331269136, "target_rescale": 4.05628442810093},
{"mapping": [4, 10, 6, 12, 11, 13, 0, 8, 5, 9, 2, 7, 14], "R": [[0.06938516581629339, -0.979574101041921, -0.1887333551139207], [0.9898174506032036, 0.09117174538111594, -0.10931206395240832], [0.12428641617658749, -0.17922693271959095, 0.975925506041269]], "T": [-0.13984427808757924, -0.006787391057180875, -0.029226274298861432], "aligned_model": [[-0.3789358252372153, 0.07638612452608651, 0.4139619277520197, -0.7750113652924109, 0.20895608356024556, -0.45450045464142763, -0.071662313713738, 0.2935031272845592, -0.40858457234484413, 0.37375786548369994, -0.046634811775104534, 0.5175866960227568, -0.16674242290291874], [-0.3689135198293171, -0.6606222221827327, 0.0023369001397172857, 0.46602759977146935, -0.003853724402862857, 0.23901899676025537, 0.5988560499394585, 0.6083246404465774, -0.1778751293832603, -0.44405669432583483, 0.18280353052994322, 0.27812735962514, 0.0677744711395684], [-0.4233885199093512, -0.21562622772083703, -0.10671706744309625, -0.2319206598702957, -0.6556771709945703, -0.7373933144595664, 0.3821916701081999, -0.21002489499145977, 0.5196700713130398, 0.4102856148125646, 0.704268917560618, 0.43723659373353013, 0.02792901290805501]], "inverted": true, "swapped": false, "error_lsq": 0.04102979467653391, "error_max": 0.2468281374741778, "target": "938.xyz", "model": "15.xyz", "model_rescale": 4.355366556412066, "target_rescale": 4.05628442810093},
{"mapping": [8, 10, 9, 4, 1, 0, 2, 5, 11, 3, 7, 12], "R": [[0.12431331507970983, 0.7757739566315534, 0.6186444600140839], [0.334564500049793, 0.5541983589356045, -0.762188148857954], [-0.934137460441623, 0.3017266099721857, -0.19065219074106549]], "T": [-0.014763149501953225, -0.027650479140443926, -0.08842379487580171], "aligned_model": [[-0.12516416008496348, 0.5661778755902435, 0.0914173315242835, -0.4560102472792797, -0.648568515169548, -0.5217759017657093, -0.08072440014663848, -0.3546235815044648, 0.5712687977342523, 0.2168043740129032, 0.382870228602877, -0.04386324688217491], [-0.6803224089224579, -0.5284819889381626, -0.5075491830665597, 0.58693491366093, -0.16437448537276994, -0.16716326579863933, 0.26963207171153225, 0.4585137610948444, 0.031171081805909565, 0.1505510644883249, 0.5532764510249791, 0.010588416053049207], [0.17749403062633462, -0.04942607069197735, -0.6181032813323284, -0.12889534047187173, -0.30426316176914625, 0.3921900081050548, -0.6648420237979593, 0.5172022400927088, -0.46654951508405834, 0.680329257066006, -0.08125165241725135, -0.004626029116090169]], "inverted": false, "swapped": true, "error_lsq": 0.049342789990981815, "error_max": 0.29569494255247547, "target": "938.xyz", "model": "16.xyz", "model_rescale": 3.795458400668931, "target_rescale": 4.05628442810093},
{"mapping": [8, 11, 4, 6, 7, 3, 1, 0, 9, 10, 5, 2, 12], "R": [[0.9893896221535411, 0.14060335090148726, -0.03659061751524317], [0.0039323842975442225, -0.27767516127993863, -0.9606669772412794], [-0.14523330172040436, 0.9503300492583794, -0.27528182930944906]], "T": [0.021103926296497204, 0.05206407996876136, -0.09601613415768478], "aligned_model": [[-0.4928417508307576, 0.0526100887436222, 0.6407373620076774, -0.596093269417876, 0.19603957783432577, -0.4363731292164892, 0.007449955868527227, 0.07091742343187774, -0.49800646198516924, 0.2730269113153156, -0.2973226528413788, 0.5318943468077582, 0.13004165700427545], [-0.3084524560199714, -0.7432905069796392, -0.11548313902782786, 0.3172540386158035, 0.03792197507585113, 0.39147656411684906, 0.754042894935045, 0.6230375639360588, -0.39485921402702817, -0.2765033695443013, 0.24181951769785748, 0.2702799156055814, -0.00929552615615633], [-0.3481558584290224, -0.2435248185495013, -0.15499174894499687, -0.0178000331114658, -0.72884486156834, -0.6686380390421414, 0.37497847776895393, -0.24607706704062648, 0.477333543697483, 0.5101867228067274, 0.5860205155728244, 0.34332751256116784, 0.017019679325768394]], "inverted": false, "swapped": false, "error_lsq": 0.04301701432360641, "error_max": 0.23052053057742, "target": "938.xyz", "model": "17.xyz", "model_rescale": 3.7474275329858107, "target_rescale": 4.05628442810093},
{"mapping": [9, 7, 1, 4, 2, 6, 8, 0, 12, 11, 10, 3, 13], "R": [[-0.029378871224573277, 0.3706159363328214, -0.9283214473778553], [0.050403811598986076, -0.9269915468664971, -0.37168014180791664], [-0.9982967182666003, -0.05771048235983739, 0.008553509451157404]], "T": [-0.037778379318547065, 0.030037022952684435, 0.048347356643345184], "aligned_model": [[-0.5800662053954608, 0.10273338608429188, 0.6336425565031489, -0.5986153108472396, 0.14576104055280892, -0.42136710949591893, -0.08315370288745831, 0.2057193612838833, -0.47965959435090216, 0.37419406472021616, -0.14283023768675712, 0.4462584250535157, -0.020536614812419123], [-0.19348291458541322, -0.6916808675286168, 0.007066809186166707, 0.6066823716515347, -0.024225127083877758, 0.18423984742398644, 0.6880744886735354, 0.6702759647300988, -0.5183036280771458, -0.38064186064952527, 0.07482279110085727, 0.297400742651279, 0.0677196407352421], [-0.2736571729332044, -0.11535668233827331, -0.11653051643098519, -0.15700088434758133, -0.635174131121581, -0.6028668834238665, 0.33432327335207157, -0.43117880378392204, 0.2999431545876099, 0.47655083832235373, 0.7290805734678367, 0.4418117066313041, -0.04911044693493186]], "inverted": false, "swapped": false, "error_lsq": 0.03492457882007862, "error_max": 0.23813292710774123, "target": "938.xyz", "model": "18.xyz", "model_rescale": 3.922800546911778, "target_rescale": 4.05628442810093},
{"mapping": [12, 13, 4, 0, 8, 5, 2, 1, 7, 11, 9, 10, 14], "R": [[0.3088812010255068, -0.9510296244119776, -0.011621408858375815], [-0.07320872030985365, -0.011590969954051622, -0.9972492831213859], [0.9482789077711442, 0.30888234476307863, -0.07320389450041967]], "T": [-0.005242203411421727, 0.0854881761180672, -0.10256600409339316], "aligned_model": [[-0.5870803684230977, 0.14481972268831114, 0.667898769296295, -0.6507835281654336, 0.19957401980853123, -0.4872345419157648, -0.044241134703606674, 0.10510795214187797, -0.3930240192145114, 0.2646566689180762, -0.1404190105356066, 0.5571412451807531, -0.05433571635411495], [-0.3879852032749067, -0.5821940122343785, -0.17014196845983792, 0.6154128389361482, -0.04383710098018831, 0.23705587002643985, 0.6055531626343518, 0.7729333082344976, -0.42571614132945607, -0.34749082950422167, 0.20426722117262752, 0.27360969752029807, 0.03648141548674797], [-0.33900067436946746, -0.1616901151844947, -0.029070431863812154, -0.13254742248640305, -0.6644520614315269, -0.6746187463926742, 0.38849453794360495, -0.3540119375157334, 0.37336091068883037, 0.3943518886961542, 0.6913873668211848, 0.44418421053682416, -0.03555350039565537]], "inverted": false, "swapped": false, "error_lsq": 0.0344192229138585, "error_max": 0.24780915584036403, "target": "938.xyz", "model": "19.xyz", "model_rescale": 3.9282355846067225, "target_rescale": 4.05628442810093},
{"mapping": [11, 10, 2, 8, 12, 9, 6, 7, 0, 1, 3, 5, 13], "R": [[-0.7988361339128418, 0.486875762101059, 0.35328858378625416], [-0.2957516913925634, -0.8292938879525056, 0.47413350909111546], [0.5238241767937235, 0.2742692831564079, 0.8064642534689606]], "T": [-0.09051651750655668, 0.1771032718432774, -0.009593846587729476], "aligned_model": [[-0.5831693926185118, 0.16215909525655228, 0.6675736244003643, -0.7093657453355003, 0.08714263707790665, -0.4319541587958846, -0.02539584609224338, 0.3629632827227457, -0.36101918631519614, 0.2345731238875464, -0.16933739658616812, 0.39053308424830524, -0.04262306312820714], [-0.32142147499394047, -0.5571575117163288, -0.14415600742367352, 0.5825809883153323, 0.1094880927580324, 0.15793972087375335, 0.7546039639309474, 0.4668021415338264, -0.46652769735934424, -0.3019526839289463, 0.11141820328968188, 0.3613241417440538, 0.03500638120472804], [-0.1583533597650947, -0.3827566601593468, 0.01883189154342935, -0.1863282059758054, -0.8382432040467027, -0.6108241856948002, 0.28889619152053836, -0.3234862040347259, 0.3812571094652598, 0.4661402310270942, 0.735944757330125, 0.46193993162235997, 0.047815732214500486]], "inverted": true, "swapped": false, "error_lsq": 0.0429348291881297, "error_max": 0.24297760791304962, "target": "938.xyz", "model": "20.xyz", "model_rescale": 4.067790424073018, "target_rescale": 4.05628442810093},
{"mapping": [3, 11, 13, 0, 6, 2, 7, 8, 12, 10, 9, 1, 14], "R": [[0.5355650548168591, -0.5631977217535511, -0.6292681449673299], [0.30153028343816995, -0.5684955711859687, 0.7654360023618149], [-0.788827966180657, -0.5996841766743132, -0.13464519307327505]], "T": [0.024265744189070786, 0.1220677347324449, -0.1365838539930471], "aligned_model": [[-0.6193193948360421, 0.026897995971232096, 0.6289566238033382, -0.5935142175239828, 0.11401806806967937, -0.4421109715759711, -0.13826403716291144, 0.12317518804643882, -0.41062465723746155, 0.377747040963056, -0.017858040902705034, 0.4909340170555361, 0.042042444051502224], [-0.3628338568077285, -0.5243165287866826, -0.20948906926472619, 0.47056070739083156, -0.17254007707934585, 0.2786414017176308, 0.6461086508927862, 0.6833681313044999, -0.3213056286934133, -0.3010578914586066, 0.07771443369759481, 0.4445822332837428, 0.07851575203153889], [-0.4093724754541568, -0.12199930379297234, -0.015991437516292964, -0.09972471083293147, -0.8094193913072338, -0.6948842904409845, 0.36901395610139265, -0.11850946744928051, 0.31208558585013946, 0.4694710105572516, 0.6382117776968483, 0.4562991214775376, -0.07434634984248638]], "inverted": true, "swapped": false, "error_lsq": 0.03867289803396041, "error_max": 0.2055971778079175, "target": "938.xyz", "model": "21.xyz", "model_rescale": 4.186013935880536, "target_rescale": 4.05628442810093},
{"mapping": [4, 11, 8, 7, 9, 10, 0, 1, 3, 5, 0, 2, 12], "R": [[-0.49396988161294303, -0.7565466148118993, 0.4285218497065822], [0.6759586693238977, -0.02416016149674688, 0.7365433890561485], [-0.5468762505587171, 0.653493309998738, 0.5233286351440485]], "T": [-0.035773772786442955, 0.036956304715315774, -0.04970966352793259], "aligned_model": [[-0.6527110474293033, 0.05463164291673985, 0.6588499166401505, -0.5648646893365624, 0.23249747644934593, -0.4139935567960367, -0.07052015134208889, 0.052633522346160054, -0.4280830112428472, 0.23524548979926313, -0.07052015134208889, 0.610643467428235, -0.06172884936925858], [-0.27333130989155796, -0.5563802640706755, -0.19252505159189032, 0.4922862467487813, 0.1887893491244776, 0.08552448414312, 0.484068438077328, 0.7630774752699019, -0.5946317122150339, -0.2522403200042521, 0.484068438077328, 0.15855471855298534, 0.0006877660076090447], [-0.2749343161445629, -0.24654603126687635, -0.2788479796132362, -0.275676886356397, -0.5886234077368244, -0.7919295497939032, 0.5165693051651572, -0.0422644118786986, 0.4975824824309991, 0.6147093666579627, 0.5165693051651572, 0.29242741451300913, -0.0382012660949559]], "inverted": true, "swapped": false, "error_lsq": 0.0590219314339901, "error_max": 0.3747037793991216, "target": "938.xyz", "model": "22.xyz", "model_rescale": 4.166573947596378, "target_rescale": 4.05628442810093},
{"mapping": [9, 8, 7, 12, 10, 14, 6, 5, 3, 4, 2, 1, 15], "R": [[-0.9722104523956787, 0.15088432731204732, -0.17899931850200046], [0.18842286667110986, 0.9580873520184459, -0.21579028990601887], [0.1389376103437467, -0.24352114009644724, -0.9598925954283093]], "T": [-0.11354925699454751, 0.0327592026845261, -0.014816126773417562], "aligned_model": [[-0.4751824413591744, 0.1744756039678275, 0.5072198088069084, -0.6130249330734455, 0.11191417823085106, -0.4591263135132396, -0.11537049229508568, 0.5022959569124017, -0.3688624412205824, 0.21089245364560935, -0.17528791621745038, 0.346147090334219, -0.06401049549713025], [-0.3684169090900925, -0.7196252605473991, 0.004823061708026578, 0.4532752150313553, 0.018895242444835737, 0.2895453960088137, 0.709110206137805, 0.5680410715015839, -0.35698148577495864, -0.3872580708769425, 0.16712212192778533, 0.33757920427654053, 0.07183846548076833], [-0.2769770193371113, -0.08579809051067991, -0.36872993919325586, -0.07023893430484741, -0.7288996394572725, -0.678604581136812, 0.33397268496885546, -0.17378145200180653, 0.3651102157399095, 0.4932946679076962, 0.6416472637358166, 0.4366958838632605, 0.013142964773078126]], "inverted": false, "swapped": false, "error_lsq": 0.0424480282252917, "error_max": 0.2740340914258793, "target": "938.xyz", "model": "23.xyz", "model_rescale": 4.274766983524099, "target_rescale": 4.05628442810093},
{"mapping": [8, 6, 3, 0, 7, 4, 1, 2, 9, 11, 12], "R": [[-0.2500822600396131, 0.3313792461899955, -0.9097508771130862], [-0.07895181150604713, -0.9434576331649098, -0.32195388782056955], [-0.9650002459447318, -0.008688476127414663, 0.26210500893571337]], "T": [-0.036207100724228836, 0.050534657857853285, 0.01695912542504182], "aligned_model": [[0.30959371706925165, 0.11590147971423284, -0.4893822056930094, -0.3399868531333796, -0.3668078973442649, -0.6519108688672884, -0.03177460570986229, -0.0020144035240898805, 0.6488707898790849, 0.3062414609502725, -0.11883590938287232], [-0.2119170393996519, 0.7597144573465253, 0.4375238244252173, -0.3970419377567651, 0.6022767754389576, -0.18392145918662828, -0.6196364636533267, -0.007381415073988214, -0.07460016211625202, 0.5632646841911654, 0.04730526702823011], [-0.5490993715546675, -0.11001438165764646, -0.5498144379707423, -0.4466230456074396, 0.3031820982333809, 0.39111330677215606, 0.15052689328302957, 0.6653898188809877, 0.2096946426250151, 0.34818319188148683, -0.03297228086398284]], "inverted": true, "swapped": true, "error_lsq": 0.049388784286861886, "error_max": 0.2557128245927205, "target": "938.xyz", "model": "24.xyz", "model_rescale": 3.7841303162186577, "target_rescale": 4.05628442810093},
{"mapping": [6, 4, 8, 11, 0, 7, 14, 10, 3, 2, 12, 9, 15], "R": [[0.8039219188416721, 0.04709633010650996, 0.5928671723889111], [0.04842441725889857, -0.9987332382582316, 0.013674597301656002], [0.5927601742855707, 0.017715938832729525, -0.805184153651955]], "T": [0.00021905081295682527, 0.06125029344793375, -0.04033657802137056], "aligned_model": [[-0.5326655337179449, -0.06454392296172463, 0.5370803562469686, -0.6990160582670311, 0.27395827625384883, -0.21627695694427185, 0.03561380670360813, 0.093618202598147, -0.6180616079808502, 0.47614113815655035, -0.026716360392964975, 0.3793732276055303, -0.056424508578156916], [-0.3432305780494118, -0.6790392221544685, -0.14507643017768657, 0.34996802042846137, 0.05490645446748466, 0.27943351168201264, 0.6756737132520972, 0.8000853604356548, -0.3328428748789923, -0.32257432830291616, 0.10420424940573578, 0.3228635309228199, 0.023576851197330877], [-0.3132022893247606, 0.026607676215835062, -0.17696382817472991, -0.17125603998093114, -0.7232396029916837, -0.6133384296819577, 0.46019317610135835, -0.26540200742414555, 0.29346199787836635, 0.4012173308544944, 0.716367688993742, 0.3201371834714437, -0.053748830890200563]], "inverted": true, "swapped": false, "error_lsq": 0.047498062861551, "error_max": 0.3113475875987427, "target": "938.xyz", "model": "25.xyz", "model_rescale": 4.19342608120988, "target_rescale": 4.05628442810093},
{"mapping": [8, 10, 9, 4, 1, 0, 2, 5, 11, 3, 7, 12], "R": [[0.12431331507970983, 0.7757739566315534, 0.6186444600140839], [0.334564500049793, 0.5541983589356045, -0.762188148857954], [-0.934137460441623, 0.3017266099721857, -0.19065219074106549]], "T": [-0.014763149501953225, -0.027650479140443926, -0.08842379487580171], "aligned_model": [[-0.12516416008496348, 0.5661778755902435, 0.0914173315242835, -0.4560102472792797, -0.648568515169548, -0.5217759017657093, -0.08072440014663848, -0.3546235815044648, 0.5712687977342523, 0.2168043740129032, 0.382870228602877, -0.04386324688217491], [-0.6803224089224579, -0.5284819889381626, -0.5075491830665597, 0.58693491366093, -0.16437448537276994, -0.16716326579863933, 0.26963207171153225, 0.4585137610948444, 0.031171081805909565, 0.1505510644883249, 0.5532764510249791, 0.010588416053049207], [0.17749403062633462, -0.04942607069197735, -0.6181032813323284, -0.12889534047187173, -0.30426316176914625, 0.3921900081050548, -0.6648420237979593, 0.5172022400927088, -0.46654951508405834, 0.680329257066006, -0.08125165241725135, -0.004626029116090169]], "inverted": false, "swapped": true, "error_lsq": 0.049342789990981815, "error_max": 0.29569494255247547, "target": "938.xyz", "model": "26.xyz", "model_rescale": 3.795458400668931, "target_rescale": 4.05628442810093},
{"mapping": [1, 6, 7, 9, 0, 2, 4, 3, 8, 5, 11, 10, 12], "R": [[0.8938941412955623, 0.2383955260710899, 0.37963250296406065], [-0.17112531613490486, -0.6012656090611611, 0.7805099573599558], [0.4143300500026496, -0.7626580101917236, -0.4966722955382177]], "T": [-0.1583337735515489, 0.07584266287585904, 0.02948854539404527], "aligned_model": [[-0.5101751749120569, 0.00565403655874791, 0.6443811560286297, -0.43166918899978424, 0.13537730530277722, -0.5040593727333665, 0.011676882209908424, 0.23635395533523, -0.36426206237922065, 0.34073255327322716, -0.3581264363768257, 0.37739142255994984, -0.0011950171455073488], [-0.30467727228980424, -0.7208277512849899, 0.04889434269383912, 0.3800459763037145, 0.027106605387838975, 0.3364780819908585, 0.7932362971008052, 0.5669602712458359, -0.5005002789757923, -0.41272410831047124, 0.2673253240673568, 0.27311862462686404, 0.033512145672066763], [-0.2564579142473051, -0.11055148106937904, -0.09351807433787054, -0.10136398563482996, -0.7468050787918462, -0.7369172885296822, 0.4235772830378258, -0.35535122680083525, 0.42467718812617544, 0.3107282641437699, 0.6890276830330041, 0.45583011934120826, -0.002041463223404389]], "inverted": true, "swapped": false, "error_lsq": 0.047329464701010064, "error_max": 0.24500555688686262, "target": "938.xyz", "model": "27.xyz", "model_rescale": 3.6321398670334006, "target_rescale": 4.05628442810093},
{"mapping": [7, 4, 13, 8, 6, 12, 10, 9, 3, 2, 0, 11, 14], "R": [[0.04748551235263082, 0.5197135099372702, 0.8530199257375474], [0.023067504191705557, -0.854326097454769, 0.5192252011007076], [0.9986055359184495, -0.004978633988105607, -0.05255660602282736]], "T": [-0.07194237157405602, 0.04255960082952062, 0.04722443772601795], "aligned_model": [[-0.6955814608262637, -0.03884830130248133, 0.7193141930601652, -0.5246963620024006, 0.2621496372903883, -0.41676927159298666, -0.1317748561095829, 0.25755633934134764, -0.5382920369745644, 0.47371581611576175, -0.18322069831427867, 0.4163506126684431, -0.017823552631839268], [-0.256695649788793, -0.6579139597064657, 0.010937484137414938, 0.28362559127908193, -0.06810667770493414, 0.2773843527502181, 0.7570102556261137, 0.5478672952557702, -0.3499260257847271, -0.2474955041429828, 0.16382453696253538, 0.3192551531878105, 0.008181406157079449], [-0.30264405948100925, -0.3940337926356705, -0.1512457680309445, -0.015470284494800021, -0.64562687500206, -0.6665412631651545, 0.3483090913562411, -0.24029407416311974, 0.36350453897222035, 0.5487908261721227, 0.6491576927322507, 0.35953096865902334, 0.04739702412773105]], "inverted": true, "swapped": false, "error_lsq": 0.040507510974341084, "error_max": 0.27879595850344596, "target": "938.xyz", "model": "28.xyz", "model_rescale": 4.156811204709835, "target_rescale": 4.05628442810093},
