[{"mapping": [6, 3, 9, 4, 2, 8, 11, 10, 0, 12, 1, 5, 7, 13], "R": [[0.140291898280013, 0.7136861022167452, -0.6862727816106802], [-0.8489281573255049, 0.4434145324506319, 0.28758396358543836], [0.5095480026228281, 0.542250587749112, 0.668075694146127]], "T": [0.027328408849810658, -0.11550750312888809, -0.14576574187495464], "aligned_model": [[0.14477764200992932, -0.08467179211524933, -0.45586173755594933, -0.26739463164984434, -0.6139433059240805, 0.381033349862876, 0.5793042457101678, 0.22990219430486827, -0.6496510386220882, -0.046895135113194035, 0.02091487994705043, 0.7102329975516984, -0.10512429513933882, 0.031134138825412015], [0.5546423243959256, 0.04741034807089513, -0.16314583243112823, 0.77807427591544, 0.22141139654891867, 0.5068923619849638, -0.052856275365486746, -0.3695952816237999, -0.47007895197121785, -0.6114956410130535, -0.6114931361822936, -0.10944276035382965, 0.3312873870837506, -0.041703156172875414], [-0.4945510203575989, -0.6296190611174332, 0.4028698783338487, 0.021728019709449126, -0.40366977108069035, 0.16742805473012354, 0.27667873971443424, 0.8080854975264283, -0.25249132431478194, 0.14338204140096097, -0.4407254541656298, -0.4713510641279327, 0.44940237703037456, -0.000582075282777178]], "inverted": false, "swapped": false, "error_lsq": 0.046125760355880334, "error_max": 0.289607914195643, "target": "939.xyz", "model": "0.xyz", "model_rescale": 3.8414455957264533, "target_rescale": 3.9368172176960936},
{"mapping": [2, 7, 1, 5, 4, 6, 8, 12, 0, 11, 13, 9, 10, 14], "R": [[0.841614826418382, 0.3174366794724942, 0.43694214545890814], [0.4392448297243541, -0.8730470012816889, -0.21178506348058163], [0.31424268251334003, 0.3701660277207078, -0.8742017206619377]], "T": [-0.02935951985991455, 0.037431148622161, -0.06789958081840955], "aligned_model": [[-0.05966167487813991, -0.06631330356322673, -0.7606190238708855, -0.12762551069613384, -0.4736414094885639, 0.4474705866671603, 0.6750755227470829, 0.18404258193430995, -0.475613054687264, -0.250453103347635, 0.26871109812582167, 0.471851133569037, 0.12505728958496437, -0.08452362000426952], [0.6630963310814917, -0.04137747935196685, -0.17280598438587114, 0.6430113631390293, 0.22367992348382187, 0.6549777173839766, -0.17893760647492352, -0.3343406958448859, -0.4137282478041988, -0.659326601353723, -0.6497618010516902, -0.05106197127264292, 0.29460257798292033, 0.03187953335487159], [-0.4580656819571609, -0.7045930864881045, 0.3438743582148098, 0.172806014906271, -0.32037181940855197, -0.03189321049968555, 0.21715871158085823, 0.5633965323317112, -0.41837119333141337, 0.37017765816927795, -0.1852314062175003, -0.5222854615564102, 0.5472423583239302, 0.0027410639307434564]], "inverted": false, "swapped": false, "error_lsq": 0.04003420245621105, "error_max": 0.2334540837880667, "target": "939.xyz", "model": "1.xyz", "model_rescale": 4.316132596720782, "target_rescale": 3.9368172176960936},
{"mapping": [10, 6, 9, 4, 8, 1, 2, 0, 7, 11, 12, 13], "R": [[-0.6988324219603251, -0.09044971185960318, -0.7095435826230697], [0.33603546630340414, -0.9172058559928841, -0.21404107811028805], [-0.6314375752228559, -0.3880106536641429, 0.6713675008814507]], "T": [0.03062223736325003, 0.08578873243728076, -0.023152599342547608], "aligned_model": [[-0.09202208691925515, 0.6015769587401609, 0.11088751356293636, -0.5021925321751329, -0.6762637908643011, -0.5547932439386768, -0.12643139612970972, -0.23581038684505745, 0.5682228241213305, 0.09539034774773525, 0.4358871661929341, -0.026642818861183304], [-0.6971281601820041, -0.2775055660309706, -0.4260958191837732, 0.43306090585745916, -0.24558944779923292, 0.013584761983813587, 0.23467908777003188, 0.5646476852243458, 0.0277705206013001, -0.2110083689508916, 0.5013740575956972, 0.09498677085520471], [0.17538522627305897, 0.11392241493156753, -0.5812107492620857, -0.10641212461787321, -0.3647115321050091, 0.40579927387678094, -0.7324058350018376, 0.5912203739806625, -0.54415487385082, 0.6826520137859616, -0.19231914102805275, 0.0014934142270676097]], "inverted": true, "swapped": true, "error_lsq": 0.041869726880577995, "error_max": 0.22114981750169124, "target": "939.xyz", "model": "2.xyz", "model_rescale": 3.795458400668931, "target_rescale": 3.9368172176960936},
{"mapping": [7, 2, 3, 1, 6, 11, 4, 9, 8, 10, 5, 13], "R": [[-0.17664202385532246, 0.960225197084556, 0.21625255210568364], [-0.9479956053541833, -0.2250749044962198, 0.22504581665779438], [0.26476768616553603, -0.16525392052820792, 0.9500469536357692]], "T": [-0.03470848211087096, 0.03415319239773341, 0.033799591469695425], "aligned_model": [[0.020060845716949917, -0.0810476743747856, -0.7418687779506544, 0.055220904287212415, 0.24103726885000504, 0.16870440995810992, -0.30534189326881334, 0.5254730703350008, 0.4143230685308519, 0.7288660181069342, -0.3921783207967602, -0.03994509365048545], [-0.11138087980158706, -0.6655368991993653, -0.015443227644104218, 0.09849721512930448, 0.505825217344378, 0.7063837163389153, -0.3699524108556103, -0.30891082207630416, -0.5684424133794368, 0.26166280467100006, 0.5297179501535305, 0.023348794608988963], [-0.7008050834326919, -0.20736588901786945, 0.09979390975088938, 0.7546996960863935, -0.3883986823426549, 0.3455252680678545, 0.45198365118928174, -0.3514288053491366, 0.4355595474338914, 0.21438507861614103, -0.06084089185599452, 0.09566363149299592]], "inverted": true, "swapped": true, "error_lsq": 0.04301279917891191, "error_max": 0.24146306516303334, "target": "939.xyz", "model": "3.xyz", "model_rescale": 3.7530521520055578, "target_rescale": 3.9368172176960936},
{"mapping": [6, 9, 10, 8, 11, 2, 5, 12, 3, 4, 13], "R": [[-0.25718268650671716, -0.23540298463520776, -0.9372526343446703], [-0.9663159848333602, 0.053099016559773005, 0.25182119032344863], [-0.00951226664477195, 0.9704462526411348, -0.2411298146601902]], "T": [-0.06687097316500314, -0.05830977028631358, 0.052702469787568415], "aligned_model": [[-0.38994485832598313, -0.17696528646773224, 0.3723381721452008, 0.5264519597503856, 0.24004497460082064, -0.24633465408231842, -0.3334733119674286, -0.618555571559717, -0.2729723948908744, 0.24866916596360694, -0.011058592720755156], [-0.5983440146301245, 0.10683622100441086, -0.4831639860330188, 0.40685779884154316, -0.7524350352232574, 0.620615453958056, -0.4381320256439176, 0.04829844805057257, 0.18628913532030328, 0.41529419034552795, -0.0449128276757489], [-0.23145924537366303, -0.6824867923635607, -0.4895262469599444, -0.34447367463500306, 0.17285361215378325, -0.18547322400583094, 0.4613394517947497, 0.27596674263319787, 0.688771898605835, 0.3486000850057682, 0.0787181703899842]], "inverted": false, "swapped": true, "error_lsq": 0.04601004890437171, "error_max": 0.2089681212332862, "target": "939.xyz", "model": "4.xyz", "model_rescale": 3.7855080009869324, "target_rescale": 3.9368172176960936},
{"mapping": [15, 8, 5, 9, 10, 14, 12, 0, 7, 4, 11, 13, 2, 16], "R": [[-0.18068798730306745, 0.7037620220004374, -0.6870741354717284], [-0.9530991176891611, 0.04716710190566063, 0.29896042607335843], [0.24280428971603757, 0.7088683099756099, 0.6622324335215042]], "T": [0.009467041594013776, -0.04143179043486367, -0.021256497864619604], "aligned_model": [[0.030819491870305152, -0.15379830907027225, -0.6979423313191725, -0.13482889415413987, -0.5996058423309562, 0.4386687554262141, 0.6847814025896022, -0.18335084612629152, -0.5975096289082832, -0.21394099284467757, 0.588477275112506, 0.47255609239085145, 0.20728802629328089, 0.03214331316329115], [0.5862038766117863, 0.03808007988370317, -0.15153644493619317, 0.6371200077510509, 0.2906684320373144, 0.47838963026456205, -0.07646485072681813, -0.3188500390392809, -0.4278936428542907, -0.7088682773470398, -0.5650650934335252, -0.10243590629897262, 0.325255289501593, 0.005303997472319605], [-0.5550501368338013, -0.7012066149427265, 0.35630434331335414, 0.13893138979942618, -0.2442002988000452, 0.03591847881576186, 0.05482544171274254, 0.6818325867020881, -0.23005312132007605, 0.20593982682378942, -0.1728861182292206, -0.5750567034939791, 0.5888198342438951, -0.007534069792433453]], "inverted": true, "swapped": false, "error_lsq": 0.04662204945410521, "error_max": 0.3680413504588138, "target": "939.xyz", "model": "5.xyz", "model_rescale": 4.2253639853439635, "target_rescale": 3.9368172176960936},
{"mapping": [2, 10, 0, 3, 4, 6, 11, 12, 1, 9, 8, 5, 7, 13], "R": [[-0.21032600943760532, 0.31608622653474466, 0.9251229470449204], [-0.08002028602911959, -0.9486810728177024, 0.3059427657279561], [0.9743509242454026, -0.009680881802771407, 0.22482561453190897]], "T": [-0.02203002079609912, -0.04506101001267356, -0.06423380428216138], "aligned_model": [[0.07234305815663195, 0.005524643592877541, -0.6340211677462109, -0.21994768741474413, -0.5681986737592032, 0.3467790844417979, 0.7110729834868809, 0.3496368224575917, -0.59300979031073, -0.18486603152041015, 0.21630852998898464, 0.4796443940595135, -0.07024457129423362, -0.03726408204648825], [0.4672797438908251, -0.11444654892105466, -0.10947881270269064, 0.6014331742627815, 0.299204807360929, 0.43847724781594904, -0.1469045366991415, -0.17583950755074051, -0.3683274436538466, -0.586150271214613, -0.6772217217171563, 0.0443256279164622, 0.3251083335800128, 0.012446966518492385], [-0.48704852244581365, -0.8407251834036192, 0.4499449895997686, 0.14997016308676156, -0.35422028968291186, 0.14526217475512562, 0.17606116028538832, 0.781995778441436, -0.3931512675525122, 0.16664121062572, -0.3632863839159757, -0.439832096197459, 0.6357956452493095, -0.05082254084644321]], "inverted": false, "swapped": false, "error_lsq": 0.04273128533831839, "error_max": 0.2920244049976127, "target": "939.xyz", "model": "6.xyz", "model_rescale": 3.89814844738969, "target_rescale": 3.9368172176960936},
{"mapping": [12, 3, 5, 2, 6, 0, 4, 9, 8, 1, 11, 10, 13], "R": [[-0.822755504079528, 0.15198096339482906, -0.5476998879609356], [-0.5503809299083696, -0.45369223747046394, 0.7008881406132098], [-0.14196553278891327, 0.8781031490802341, 0.4569252094985964]], "T": [-0.0026539294287327847, 0.01314101804886849, -0.054005907613054335], "aligned_model": [[0.24246531472070015, -0.20611788942901382, 0.31629502941479254, -0.2621420197599854, 0.6608821378329305, -0.3416908192986057, -0.6201820497205328, 0.174645192984968, -0.6068284148077479, -0.4973167777099929, 0.21302889620847015, 0.1330984618209815, -0.0575052613527417], [-0.1503384717366172, 0.14578943645176123, 0.41094981004179565, -0.6686060253167718, 0.07901525420865874, 0.6818583130220899, -0.0032671891365336006, -0.5889339660186539, -0.3026572597249579, 0.4756564971585145, 0.686067468589376, 0.1557556343137901, 0.042491763618033314], [-0.5819823809707954, -0.723257394734892, -0.4037853559080573, -0.18727718672477384, 0.12527619733237377, -0.3940317257032592, -0.22666592326556212, 0.3772340977143055, 0.4572733690666335, 0.21675691618265874, 0.2478127305072385, 0.7388686844411467, -0.043946997100721225]], "inverted": true, "swapped": true, "error_lsq": 0.043879706877406756, "error_max": 0.2336927586514658, "target": "939.xyz", "model": "7.xyz", "model_rescale": 3.7474275329858107, "target_rescale": 3.9368172176960936},
{"mapping": [5, 3, 4, 9, 8, 7, 10, 12, 2, 1, 0, 6, 11, 14], "R": [[-0.9174230116614904, 0.3910799287401522, 0.07342688207025125], [-0.10178443391751713, -0.409033311290428, 0.9068250543885952], [0.384675118361003, 0.8244684588214308, 0.4150624214772556]], "T": [-0.030603777142121043, -0.049451471404694865, 0.08178478200941731], "aligned_model": [[0.02909206026328493, -0.07384603298291076, -0.802463789342376, -0.10879720085543226, -0.556091026172567, 0.4107543371469076, 0.7115540812192531, 0.10872047308178331, -0.6818942884632245, -0.1343894931912784, 0.3408111254201869, 0.5385447961475247, 0.17170241310859402, -0.07993994328748767], [0.44038614411739163, -0.11677891653589739, 0.0016398832231431862, 0.7061588300695041, 0.2542350657783683, 0.46143035208658756, -0.037256072058910066, -0.26308982318340657, -0.47908941424847873, -0.7918224311841628, -0.4789685601966535, 0.04770326002522481, 0.34403161172409635, -0.0786728707305978], [-0.4373654673770119, -0.6307681349213302, 0.19946078166117512, 0.13904996237636852, -0.22941925732281654, -0.008106314888285351, 0.23772177311645887, 0.6435587817176432, -0.2341604723969486, 0.027787529578132755, -0.25254929973708007, -0.495769508149426, 0.5185034835411575, 0.09864098080073724]], "inverted": false, "swapped": false, "error_lsq": 0.049773152249452446, "error_max": 0.31731158049467884, "target": "939.xyz", "model": "8.xyz", "model_rescale": 4.019505241142653, "target_rescale": 3.9368172176960936},
{"mapping": [2, 4, 12, 7, 9, 6, 5, 8, 10, 1, 0, 11, 13], "R": [[-0.8590720330678111, 0.3852539268441245, -0.3370083883999324], [-0.48113385526110497, -0.8324491993744317, 0.27484276192480295], [-0.1746581098097761, 0.3982558754269042, 0.9004925332092579]], "T": [0.014201460285574057, -0.04265002774281282, -0.04409934584047691], "aligned_model": [[-0.3152610076890205, -0.6263052550205314, 0.07524216086390279, 0.3929752475943448, 0.27747433459475285, 0.7034991659723031, 0.2346526406466806, -0.4226641620983553, 0.39480350609165954, -0.3441772420344216, -0.3706563467262571, 0.3531262891780503, -0.03300855963193191], [-0.5712389725013309, -0.03698608062997412, 0.13351807952975817, -0.3804597284694686, -0.7560027470985033, -0.005094621910678276, 0.5153231158009879, -0.6527616478446298, -0.3332661706811263, 0.1394107784646553, 0.6581509371135532, 0.38284331301967744, -0.030058026678861878], [-0.4464953493902039, -0.010324251907611368, -0.6192575629469496, -0.5974879055097275, -0.0854816957512999, -0.05892719558913788, -0.19374286873753238, 0.35972499565698113, 0.617793469817317, 0.5644587674092811, 0.1521374149748263, 0.49860587502593745, -0.004300199008001701]], "inverted": true, "swapped": true, "error_lsq": 0.042115390007731304, "error_max": 0.2590384902584674, "target": "939.xyz", "model": "9.xyz", "model_rescale": 3.877068213659057, "target_rescale": 3.9368172176960936},
{"mapping": [13, 3, 11, 14, 6, 2, 7, 8, 12, 0, 5, 4, 9, 15], "R": [[-0.7571065965468053, -0.6442753742410956, -0.10816119272552985], [-0.3029172890594476, 0.19951953914682463, 0.9318975638381687], [-0.5788183803700329, 0.738309688169629, -0.34621970900091315]], "T": [-0.030737275830909967, 0.028095672630197042, -0.055857060480434394], "aligned_model": [[0.036031761101749694, 0.0135369959613919, -0.5191114118937068, -0.2315839385614197, -0.48851610083325, 0.4228887372634454, 0.727943783358313, 0.19000091190422116, -0.58432099153042, -0.22541502004567726, 0.05466271793943946, 0.5607489614490703, -0.026147106237046393, -0.05696178778385299], [0.6910579291396863, -0.09674062392919558, -0.24166283250593115, 0.7609249051854383, 0.1886662074855419, 0.4787804349253347, -0.1338108652483729, -0.18086122283574468, -0.43391265623082254, -0.6978795695944201, -0.6550272863401101, -0.004625436622773434, 0.3886313913963136, -0.05363331593873529], [-0.44785379275584797, -0.6765156064191992, 0.4272333331265408, 0.12342896970903233, -0.4365934861617623, 0.12151836969127766, 0.19806397613627105, 0.6533217633156116, -0.2515317637225806, 0.20649110364149728, -0.4260533681797493, -0.3832162513741632, 0.49698851446482306, -0.028696923472976234]], "inverted": false, "swapped": false, "error_lsq": 0.0381002688195045, "error_max": 0.2510162707024602, "target": "939.xyz", "model": "10.xyz", "model_rescale": 4.260839863003843, "target_rescale": 3.9368172176960936},
{"mapping": [8, 1, 11, 10, 6, 9, 2, 4, 0, 5, 12, 13], "R": [[-0.8485249760793109, 0.4900391126140627, -0.19966730598179244], [-0.27194697831942644, -0.08015525418108471, 0.9589681831062483], [0.45392753381188294, 0.8680073751619785, 0.2012783910703635]], "T": [-0.0054614206649018105, 0.1106500937010778, 0.014083622900088917], "aligned_model": [[0.32552521489748926, 0.257944260178077, -0.4048640646693705, -0.5044797091916408, -0.6799614407614121, -0.2969400838175875, 0.3560466178172906, 0.6202371237298179, 0.37976786650914546, -0.1676940586564022, 0.038098116993376924, 0.0352188060653465], [-0.01563207909300425, -0.5514618902042299, -0.5218421338506518, -0.2913805905394233, 0.18938539900214757, 0.5076891385312174, 0.6684742762217558, 0.0012043193840549221, -0.43137988691078233, 0.01145523574353495, 0.5423973085016808, 0.06416940874663409], [-0.7609405829822252, -0.14131771784125455, 0.18979557319822082, -0.49264099251984594, 0.13903191336189627, -0.5666894767269604, -0.3145779865183541, -0.07504910759641994, 0.4994167936994209, 0.6024431108909764, 0.43511218849048733, 0.001594361939563112]], "inverted": false, "swapped": true, "error_lsq": 0.04395711393817939, "error_max": 0.2400983543025238, "target": "939.xyz", "model": "11.xyz", "model_rescale": 3.890672605050136, "target_rescale": 3.9368172176960936},
{"mapping": [7, 12, 2, 3, 4, 8, 6, 1, 10, 11, 9, 5, 0, 13], "R": [[0.7382230686007433, 0.6365398184832868, 0.22325716219410904], [-0.6282100085639776, 0.7693178296373971, -0.11619923468789317], [-0.24572115522630464, -0.05447142817357613, 0.9678088537448816]], "T": [0.0732996291951183, -0.06855506697102155, 0.04244047697450658], "aligned_model": [[0.04191766634529291, -0.1802272808181934, -0.5727212626588667, -0.09832616192736358, -0.5625944575392258, 0.5695728249441914, 0.5160082977198532, -0.005108903379797816, -0.6197405733591146, -0.1169221265128076, 0.43999880936861874, 0.48328019698843633, -0.011927101183519945, -0.00945241589524487], [0.5083147689854728, -0.07220934449672119, -0.3097676565734877, 0.8358119153065567, 0.22559517245973904, 0.4512492844976982, -0.2746180952063103, -0.09457853868683026, -0.45129692486671763, -0.5764975428708721, -0.6063766180052953, 0.022450934159923983, 0.32482726471386997, 0.02700243946918285], [-0.5846165659232037, -0.6581613349700103, 0.21575414513758573, 0.1181247236164847, 0.05553211263481202, 0.09447313223366817, 0.3483904845723434, 0.8160509547535651, -0.3731848979735354, 0.13502713220827148, -0.38429141370695175, -0.6122396156089494, 0.4745067743113165, -0.0687807932866213]], "inverted": true, "swapped": false, "error_lsq": 0.04556248003686873, "error_max": 0.304337382247482, "target": "939.xyz", "model": "12.xyz", "model_rescale": 4.124412569039231, "target_rescale": 3.9368172176960936},
{"mapping": [1, 8, 2, 11, 4, 0, 10, 5, 9, 6, 12, 7, 13], "R": [[0.5547450481836512, -0.51795640276092, -0.6511367723870972], [0.2933917141044384, 0.8541039572694419, -0.4294505003740702], [0.7785751303571019, 0.04719740475542471, 0.6257740577666787]], "T": [0.16080780120342952, 0.07847002813057685, -0.027623322139853045], "aligned_model": [[-0.21952669630510524, 0.010070134967134131, 0.6769682200942877, -0.4829658516571047, 0.4231827361416884, 0.1517084600292456, -0.5974948323383864, 0.18504473920994216, 0.08787091446991502, -0.1413375381309227, 0.641954634616957, 0.48504300353536656, 0.1467803828767396], [-0.23714917559277343, 0.5340304520947328, 0.5576075635066409, -0.31227047112676426, -0.07234856969893286, -0.705968579109723, 0.38007551838044046, -0.39935287586035584, 0.8329810659551631, 0.1963228963874067, -0.02265670312262602, 0.5443214603635058, 0.051892794331762984], [0.5087110855588807, 0.6765817019016197, 0.20449728909876844, -0.18033522590446147, 0.5379160961893844, 0.22201574475062036, 0.01017883973229445, -0.4193167980129367, -0.10035922660116792, -0.6371973505092886, -0.37953133963074104, -0.5192307371422787, 0.02776800153714535]], "inverted": true, "swapped": true, "error_lsq": 0.039880406107610275, "error_max": 0.28484640545825907, "target": "939.xyz", "model": "13.xyz", "model_rescale": 3.9028299243045295, "target_rescale": 3.9368172176960936},
{"mapping": [2, 3, 9, 1, 6, 12, 13, 14, 7, 10, 4, 8, 11, 15], "R": [[0.979948171227327, -0.1554678073103164, -0.12462480731515707], [-0.01789516394319371, 0.5542631977570478, -0.8321490676072275], [0.19844733511857476, 0.8176931383485216, 0.5403670851209222]], "T": [0.06525963333067027, 0.023711890668162476, -0.15367871330080934], "aligned_model": [[0.15081348612355794, -0.2944156525491427, -0.5629301274659805, -0.1711487148591434, -0.5524965709761289, 0.5460092844286522, 0.5999624036341439, 0.007391123860037194, -0.60622065542376, 0.01944792188281412, 0.11679406353183974, 0.7371353734654478, -0.08488654480464262, -0.03169787875543596], [0.5997153237147189, -0.0701074497227539, -0.07469033407032877, 0.6068134405242697, 0.26570033405867843, 0.346249703371293, -0.2540790454566643, -0.21169585324670293, -0.5794871793270746, -0.6587101165962814, -0.5527669446051161, 0.23369529719630788, 0.3729243456521494, -0.013654462606286097], [-0.6042898016537908, -0.6541995074083462, 0.2896497011510781, 0.008501529652442052, -0.21869507704970237, 0.23244227979168652, 0.3655288511971642, 0.6973706874389558, -0.07691244721785867, 0.14221669582944385, -0.5063536753671766, -0.47147915124702183, 0.479853823206466, -0.10704907032456464]], "inverted": false, "swapped": false, "error_lsq": 0.04883328101066941, "error_max": 0.277878124700284, "target": "939.xyz", "model": "14.xyz", "model_rescale": 3.942246331269136, "target_rescale": 3.9368172176960936},
{"mapping": [7, 2, 12, 8, 0, 6, 10, 4, 1, 3, 5, 9, 11, 14], "R": [[0.7990652139657644, 0.6010639397154729, 0.014728346939210601], [-0.5397131873043604, 0.7062785730071207, 0.4581268959150881], [0.2649612410893638, -0.3740223491781471, 0.8887647737369233]], "T": [0.01936483566377463, -0.020844721554061394, 0.0807945234190945], "aligned_model": [[0.12854683980076873, -0.09507220619466095, -0.7190668973250144, -0.26645766387675685, -0.4577682235527099, 0.30903300025006875, 0.6883161194336151, 0.1992089427100422, -0.5677047936979704, -0.17220457179817517, 0.016433964117675212, 0.661206606776687, 0.2076219819575993, -0.05833558650891037], [0.545374287833569, -0.03213179970797217, -0.2418032218559526, 0.6982841669401558, 0.2453844035500166, 0.45531310474524594, -0.13714266134935912, -0.3042633952504386, -0.5129616608573061, -0.7028985873025614, -0.46813185902251914, 0.05940805353508091, 0.42398362930165584, -0.01850740167340578], [-0.5504382636806879, -0.6738078115606778, 0.3527727854590253, 0.08105293639488627, -0.4113269855777116, 0.034367503080210124, 0.2998367229725447, 0.5614128017684743, -0.1834243330474497, 0.2018383867201774, -0.3694334020102013, -0.39853932587333046, 0.6106982975147679, 0.021575525838747646]], "inverted": false, "swapped": false, "error_lsq": 0.04592605554721512, "error_max": 0.34084964651062416, "target": "939.xyz", "model": "15.xyz", "model_rescale": 4.355366556412066, "target_rescale": 3.9368172176960936},
{"mapping": [10, 6, 9, 4, 8, 1, 2, 0, 7, 11, 12, 13], "R": [[-0.6988324219603251, -0.09044971185960318, -0.7095435826230697], [0.33603546630340414, -0.9172058559928841, -0.21404107811028805], [-0.6314375752228559, -0.3880106536641429, 0.6713675008814507]], "T": [0.03062223736325003, 0.08578873243728076, -0.023152599342547608], "aligned_model": [[-0.09202208691925515, 0.6015769587401609, 0.11088751356293636, -0.5021925321751329, -0.6762637908643011, -0.5547932439386768, -0.12643139612970972, -0.23581038684505745, 0.5682228241213305, 0.09539034774773525, 0.4358871661929341, -0.026642818861183304], [-0.6971281601820041, -0.2775055660309706, -0.4260958191837732, 0.43306090585745916, -0.24558944779923292, 0.013584761983813587, 0.23467908777003188, 0.5646476852243458, 0.0277705206013001, -0.2110083689508916, 0.5013740575956972, 0.09498677085520471], [0.17538522627305897, 0.11392241493156753, -0.5812107492620857, -0.10641212461787321, -0.3647115321050091, 0.40579927387678094, -0.7324058350018376, 0.5912203739806625, -0.54415487385082, 0.6826520137859616, -0.19231914102805275, 0.0014934142270676097]], "inverted": true, "swapped": true, "error_lsq": 0.041869726880577995, "error_max": 0.22114981750169124, "target": "939.xyz", "model": "16.xyz", "model_rescale": 3.795458400668931, "target_rescale": 3.9368172176960936},
{"mapping": [12, 3, 5, 2, 6, 0, 4, 9, 8, 1, 11, 10, 13], "R": [[-0.822755504079528, 0.15198096339482906, -0.5476998879609356], [-0.5503809299083696, -0.45369223747046394, 0.7008881406132098], [-0.14196553278891327, 0.8781031490802341, 0.4569252094985964]], "T": [-0.0026539294287327847, 0.01314101804886849, -0.054005907613054335], "aligned_model": [[0.24246531472070015, -0.20611788942901382, 0.31629502941479254, -0.2621420197599854, 0.6608821378329305, -0.3416908192986057, -0.6201820497205328, 0.174645192984968, -0.6068284148077479, -0.4973167777099929, 0.21302889620847015, 0.1330984618209815, -0.0575052613527417], [-0.1503384717366172, 0.14578943645176123, 0.41094981004179565, -0.6686060253167718, 0.07901525420865874, 0.6818583130220899, -0.0032671891365336006, -0.5889339660186539, -0.3026572597249579, 0.4756564971585145, 0.686067468589376, 0.1557556343137901, 0.042491763618033314], [-0.5819823809707954, -0.723257394734892, -0.4037853559080573, -0.18727718672477384, 0.12527619733237377, -0.3940317257032592, -0.22666592326556212, 0.3772340977143055, 0.4572733690666335, 0.21675691618265874, 0.2478127305072385, 0.7388686844411467, -0.043946997100721225]], "inverted": true, "swapped": true, "error_lsq": 0.043879706877406756, "error_max": 0.2336927586514658, "target": "939.xyz", "model": "17.xyz", "model_rescale": 3.7474275329858107, "target_rescale": 3.9368172176960936},
{"mapping": [10, 11, 0, 8, 3, 5, 9, 6, 1, 2, 7, 12, 4, 13], "R": [[-0.049541151463037114, 0.2182612762494492, 0.9746320790953265], [-0.6964363706910053, -0.7070111419598036, 0.12292935663801174], [0.7159064575001803, -0.6726791660477203, 0.18703123716343878]], "T": [-0.020189121156563884, -0.013807375442447383, -0.0865281486261426], "aligned_model": [[0.07157862705973442, -0.10676637459150837, -0.6051845001935071, -0.34310243057742495, -0.552104923839376, 0.4546995545882977, 0.5380008836973877, 0.17840626984281283, -0.5668088903639105, -0.1712592299970877, 0.26611949952448083, 0.6655467951315167, 0.10477511202512257, -0.060142880214280214], [0.5510629947997804, -0.08068636463889514, -0.08599557879000351, 0.5912341741135971, 0.25767815281143747, 0.5234311118066725, -0.1867078481058872, -0.2687772515508138, -0.38735385310385084, -0.6140951267277804, -0.5991514521826752, 0.013739722784429155, 0.36565249215350276, -0.07012411448330375], [-0.4724549754640489, -0.8005087098445677, 0.5065246825649279, 0.1291247417518624, -0.4089414984028589, 0.008737218312020525, 0.2394373570488903, 0.6138639161571622, -0.2869982804367009, 0.2608407643200117, -0.46444211712313416, -0.38358762719116896, 0.6412217887355744, -0.006232422429195014]], "inverted": false, "swapped": false, "error_lsq": 0.035466805951422244, "error_max": 0.17904156368877625, "target": "939.xyz", "model": "18.xyz", "model_rescale": 3.922800546911778, "target_rescale": 3.9368172176960936},
{"mapping": [7, 3, 2, 11, 9, 13, 8, 6, 0, 1, 5, 12, 4, 14], "R": [[0.6597044823240102, 0.30851946327310764, -0.685277853708467], [-0.7275215773394887, 0.033557903800274465, -0.6852636146753992], [-0.18842067430903653, 0.9506259032207176, 0.24659286611482278]], "T": [0.02593433945206821, -0.027047933370524486, 0.04097439898723407], "aligned_model": [[-0.04986349229408441, -0.207763063743262, -0.6843125813428427, -0.06173203744622927, -0.6722917445948012, 0.5054334077238717, 0.5575741640029007, 0.051823992415858076, -0.33833286472947893, -0.20531227271378946, 0.3319269908268423, 0.4597215979343276, 0.1856817619856482, 0.0012036540672971906], [0.5524286505377134, -0.0551636220134427, -0.11058809600651943, 0.6715906991048071, 0.35157233511014163, 0.4646385808831213, -0.23453159523758932, -0.1927876130778225, -0.5966003487904298, -0.6639902190464496, -0.6185254630520286, 0.02805880339951759, 0.3748043825228239, 0.03900056455236604], [-0.5037021990627247, -0.553789651184764, 0.08219715381857996, 0.1480364386807178, -0.13754790709014605, 0.029194668610143998, 0.26165580063089844, 0.7100243645003103, -0.45031175563549564, 0.3389887493390038, -0.33192846956195854, -0.6127884834919688, 0.6213730691245765, -0.02481694067839764]], "inverted": true, "swapped": false, "error_lsq": 0.046171328922218584, "error_max": 0.3263661612130343, "target": "939.xyz", "model": "19.xyz", "model_rescale": 3.9282355846067225, "target_rescale": 3.9368172176960936},
{"mapping": [5, 7, 10, 1, 2, 3, 4, 11, 12, 9, 8, 6, 0, 13], "R": [[-0.6694864995643006, 0.5565052721390319, -0.4920261263211554], [-0.0641355910657509, -0.7032037319093136, -0.7080897805980968], [-0.7400503042765312, -0.4425001621584743, 0.5064771995163626]], "T": [0.04182975990911314, -0.05478050097397049, -0.11655414849930254], "aligned_model": [[0.10985618975128034, -0.2875415578031617, -0.7045984509453971, -0.11859894218193853, -0.5799206782188988, 0.5025003201729159, 0.5466130352322869, 0.01699882648233475, -0.5969616312556867, -0.10957455742616945, 0.5292051646561706, 0.46513543126844675, 0.12552161404278334, -0.02487725168270867], [0.532588320153185, -0.13682151312987748, -0.020000968703588383, 0.6282151861123421, 0.4638268595822057, 0.514628465974584, -0.11249815138948241, -0.30728271737656715, -0.6014588207636353, -0.7139836155954267, -0.6387307311395315, 0.0646715093068925, 0.28196937436189573, 0.05478386149321319], [-0.4881189814143889, -0.6389348370517571, 0.31224610705921907, 0.14665740001916375, -0.26883352538422, 0.05639420334705311, 0.2592521350090147, 0.5535124353435911, -0.24258080644615912, 0.02819671195891027, -0.12598403001583403, -0.5996561872985074, 0.6044119971759194, -0.019977784303229718]], "inverted": false, "swapped": false, "error_lsq": 0.05261989670864782, "error_max": 0.34649577527269626, "target": "939.xyz", "model": "20.xyz", "model_rescale": 4.067790424073018, "target_rescale": 3.9368172176960936},
{"mapping": [10, 12, 6, 13, 11, 1, 8, 4, 3, 2, 0, 7, 5, 14], "R": [[-0.09189767038893892, -0.8234512049144316, 0.55989546462001], [-0.00994809901011906, -0.5614874779072103, -0.8274254331838521], [0.9957187622532635, -0.08160836524751114, 0.043407617055742864]], "T": [-0.0103568124363019, -0.0017772731488102616, -0.02168872960662494], "aligned_model": [[-0.05852914103892273, -0.20244278074233035, -0.5910860698635371, -0.20164683220628385, -0.5647299139071814, 0.5899958392415625, 0.49243100789210853, 0.0844535306339129, -0.6056904632310787, -0.17739496978652405, 0.2721312972099939, 0.6831178023058563, 0.16969147316491132, -0.01654326758022958], [0.7027010122180213, -0.018229593846001407, -0.14050413504697312, 0.6612032425397132, 0.21205460811732585, 0.5543476382152497, -0.08929497017217547, -0.3207918118386975, -0.5075685596297479, -0.6938280170499588, -0.6092200146709014, -0.07258769101858692, 0.27642950354113793, 0.05519584752780319], [-0.4372324622717667, -0.763204858103706, 0.41542142819260963, 0.09658412962564886, -0.27659782104686936, -0.0817460177779375, 0.2326986858882969, 0.7074979527235349, -0.3585834244329772, 0.19484291564145756, -0.25763748082507754, -0.2876639176187946, 0.46682915656924395, -0.07462344856488769]], "inverted": true, "swapped": false, "error_lsq": 0.03634088552447873, "error_max": 0.23919630358297014, "target": "939.xyz", "model": "21.xyz", "model_rescale": 4.186013935880536, "target_rescale": 3.9368172176960936},
{"mapping": [11, 5, 6, 8, 4, 10, 1, 0, 7, 12, 3, 2, 13], "R": [[-0.06398813367198614, -0.9830886883027594, 0.17158714893702412], [0.17407987930000937, 0.15830768947818968, 0.9719232845626098], [-0.9826503520439356, 0.09206142722789795, 0.16100614660531526]], "T": [0.0664151460479471, 0.01036997636720912, 0.012120768109641572], "aligned_model": [[-0.06307004726919518, -0.3833773567629759, 0.29243729954094166, 0.5377598178041227, -0.17544800683411896, 0.6216117423319781, -0.09609277949309827, -0.6642683638651486, 0.3887652661889043, -0.19808369292592262, -0.5713652132701972, 0.3236038346859409, 0.0461015352919943], [-0.3632479166869408, 0.20917066779716112, 0.30871417347980895, -0.5065507285311543, -0.28710291971836804, -0.4171684259557912, -0.7006259373353455, -0.36407756390721163, 0.687801240785407, 0.5488399098242147, 0.183396232644761, 0.265863594819566, -0.0460556676700139], [-0.6467318968542963, -0.3627004229746626, -0.5681087786044164, 0.4987305142558317, 0.5263520205551664, -0.4078618663423621, 0.012748040138748385, -0.048187093569970585, 0.043761815246908094, 0.08734469247199167, 0.27705258357386614, 0.6589989045189788, 0.031481048919562986]], "inverted": false, "swapped": true, "error_lsq": 0.04596019212138659, "error_max": 0.2571317590891541, "target": "939.xyz", "model": "22.xyz", "model_rescale": 4.166573947596378, "target_rescale": 3.9368172176960936},
{"mapping": [14, 12, 8, 10, 9, 13, 1, 0, 3, 4, 2, 6, 7, 15], "R": [[0.17634705644089094, -0.8593014647997508, 0.4801069758685415], [0.08854061553097536, -0.4719260990491815, -0.8771808915141839], [0.9803378372204297, 0.1971972353488386, -0.0071396978049168]], "T": [-0.05873423497236207, -0.014531595733065382, -0.1251773041538764], "aligned_model": [[-0.11374777386394119, 0.11116097257311114, -0.6357526554149215, -0.1460229754710474, -0.6167507131352225, 0.33484406113320125, 0.4941270919427321, 0.16997207836357914, -0.41956843344244776, -0.19312721580353828, 0.1865227057331674, 0.624196115535766, 0.07619211365286388, 0.0017121402889553675], [0.6919496041075738, 0.14257097582916536, -0.13087504778685974, 0.6742242839313398, 0.14070307107319013, 0.7231715967782464, -0.3769840604833008, -0.25172588510766597, -0.4787799547550686, -0.610315460846746, -0.6177321655439528, -0.18608540145798363, 0.3217819111967556, -0.03199640804848461], [-0.4770801146436501, -0.7382317517283409, 0.4294334457017014, 0.15578042774532452, -0.2831930457822438, 0.007876307180067876, 0.1414153155213544, 0.6219425350729877, -0.25047213395899004, 0.2832754178815002, -0.294904570097439, -0.41376534975349294, 0.491327159052551, -0.0968188041925552]], "inverted": true, "swapped": false, "error_lsq": 0.04488491884109968, "error_max": 0.303869045789007, "target": "939.xyz", "model": "23.xyz", "model_rescale": 4.274766983524099, "target_rescale": 3.9368172176960936},
{"mapping": [8, 4, 2, 9, 12, 6, 10, 11, 1, 0, 13], "R": [[-0.3114572963830348, 0.13432809046147925, -0.9407179793342654], [-0.38897603596538427, 0.8851997139754477, 0.25518446234526454], [0.8670017277805314, 0.4453958132838232, -0.22345150152732293]], "T": [-0.16879386034417757, 0.17053203048138507, 0.07887178779451186], "aligned_model": [[0.27317509371993043, 0.2650051090459635, -0.3731624671882704, -0.5242237763862483, -0.593953523217174, -0.6101039874085716, 0.0142064157245049, 0.11053750990351494, 0.5492608756020311, 0.375708624009912, -0.10655516984751723], [-0.12727470124715676, 0.528663131792156, 0.37280033406418533, -0.2997980944284405, 0.5930632542356954, -0.20793882532761201, -0.6234984675194528, -0.1779941189802395, 0.07327543698102201, 0.6057819838077582, 0.17850659786556827], [-0.5860616329106442, -0.22932012976542843, -0.6046451029258033, -0.4031617751738271, 0.15808523280604053, 0.45138592679327183, 0.1375593199529654, 0.704129405233662, 0.16171477084985975, 0.516845431885645, 0.07303498727583578]], "inverted": false, "swapped": true, "error_lsq": 0.05298207828928683, "error_max": 0.28104360630675357, "target": "939.xyz", "model": "24.xyz", "model_rescale": 3.7841303162186577, "target_rescale": 3.9368172176960936},
{"mapping": [1, 8, 12, 4, 2, 6, 11, 13, 9, 14, 10, 7, 3, 15], "R": [[-0.9324244092817344, -0.2779052439107127, 0.2309835413672062], [-0.2681143438619664, 0.960586393793648, 0.07340625773040028], [-0.24227963098675007, 0.006515785865269352, -0.9701845829240342]], "T": [0.015802887952764022, -0.007171024071551669, -0.13380617037623183], "aligned_model": [[0.008917091707735691, -0.2671385153447524, -0.5199184106287205, -0.16783509612969405, -0.7007598999711928, 0.45687798902463256, 0.6187072931489015, 0.0650911136791884, -0.4278768409498156, -0.2338114845838699, 0.2987601532119467, 0.6287596235198869, 0.06163817997000881, 0.05234631543800232], [0.529438492346676, 0.1526436689745529, -0.19758855150602705, 0.7066624892879787, 0.2165588229605069, 0.5081318536965083, -0.1726489412365752, -0.30068847990402814, -0.38181976461051437, -0.7090922412014764, -0.6914375467021263, -0.07647294600289604, 0.38691967006618566, 0.03930053271744416], [-0.6486257567389415, -0.6276292255543741, 0.3681059353953308, -0.017947856625016106, -0.2064405591798817, 0.11507563213537328, 0.31178434376034964, 0.5896702778910299, -0.20400109825300972, 0.1387708504390765, -0.3724892601025558, -0.33944382266728745, 0.5673311474388174, -0.09757576994013613]], "inverted": true, "swapped": false, "error_lsq": 0.041509682085774866, "error_max": 0.24996694956316742, "target": "939.xyz", "model": "25.xyz", "model_rescale": 4.19342608120988, "target_rescale": 3.9368172176960936},
{"mapping": [10, 6, 9, 4, 8, 1, 2, 0, 7, 11, 12, 13], "R": [[-0.6988324219603251, -0.09044971185960318, -0.7095435826230697], [0.33603546630340414, -0.9172058559928841, -0.21404107811028805], [-0.6314375752228559, -0.3880106536641429, 0.6713675008814507]], "T": [0.03062223736325003, 0.08578873243728076, -0.023152599342547608], "aligned_model": [[-0.09202208691925515, 0.6015769587401609, 0.11088751356293636, -0.5021925321751329, -0.6762637908643011, -0.5547932439386768, -0.12643139612970972, -0.23581038684505745, 0.5682228241213305, 0.09539034774773525, 0.4358871661929341, -0.026642818861183304], [-0.6971281601820041, -0.2775055660309706, -0.4260958191837732, 0.43306090585745916, -0.24558944779923292, 0.013584761983813587, 0.23467908777003188, 0.5646476852243458, 0.0277705206013001, -0.2110083689508916, 0.5013740575956972, 0.09498677085520471], [0.17538522627305897, 0.11392241493156753, -0.5812107492620857, -0.10641212461787321, -0.3647115321050091, 0.40579927387678094, -0.7324058350018376, 0.5912203739806625, -0.54415487385082, 0.6826520137859616, -0.19231914102805275, 0.0014934142270676097]], "inverted": true, "swapped": true, "error_lsq": 0.041869726880577995, "error_max": 0.22114981750169124, "target": "939.xyz", "model": "26.xyz", "model_rescale": 3.795458400668931, "target_rescale": 3.9368172176960936},
{"mapping": [9, 6, 7, 2, 3, 1, 10, 8, 11, 12, 4, 0, 13], "R": [[-0.6286229030783167, -0.12954714679815216, -0.7668446925433123], [0.10880531108720383, -0.9909809836415647, 0.0782182481267232], [-0.7700614585892518, -0.03426699311662543, 0.6370487604399989]], "T": [-0.04050583917267636, -0.04237912644964789, -0.043747214021746736], "aligned_model": [[0.04040015446606088, 0.4923423956170797, 0.525552148891571, -0.1381475921031538, 0.006113210339523709, -0.6572594867656997, -0.2321297638348397, -0.7446140516182201, -0.04507446133553461, 0.4040313536578606, -0.5401886591746559, -0.31284967738614294, -0.09849918793259277], [-0.7267015871489189, -0.35322677771768174, -0.3106861866462435, -0.15874832300175615, 0.6429527812427946, 0.07308302933973812, -0.6912517761777442, -0.44633122734338737, -0.060782176360476184, 0.26430851204245054, 0.27181112438243904, 0.6398133667924234, -0.02235925614672337], [-0.3678678665867141, 0.26642708711063495, -0.4577684084398431, -0.7695561642118822, -0.2309304917465274, 0.3280159328833104, 0.41414176287050253, -0.3030080578456694, 0.7244220608612019, -0.31558819775796576, -0.29479154336663915, 0.32799009404427915, -0.029349545715261938]], "inverted": true, "swapped": true, "error_lsq": 0.048003311579782326, "error_max": 0.2844584870221349, "target": "939.xyz", "model": "27.xyz", "model_rescale": 3.6321398670334006, "target_rescale": 3.9368172176960936},
