[{"mapping": [11, 8, 6, 3, 5, 1, 12, 0, 4, 7, 9, 9, 13], "R": [[-0.4437713355039491, 0.8849732768763636, 0.14102943309732507], [0.7833144276253539, 0.45951057806593976, -0.4186508522856134], [-0.4352993329411453, -0.07531485816369382, -0.8971299587466562]], "T": [0.029468516373443512, -0.10547538017154601, -0.16980029932989993], "aligned_model": [[-0.42909594443266225, -0.750613815337372, -0.44728327249493377, 0.11884789497708916, -0.1848544584549261, 0.5367356724485995, 0.36552785581347697, 0.673609116250235, -0.6130743070227184, -0.476811999446074, 0.1054628435671902, 0.1054628435671902, -0.08260907171617282], [-0.6250197615963247, -0.1154108465549453, 0.32769771900176203, 0.2488537345744864, -0.47713879615726784, -0.2805736339269073, -0.4467140241693811, 0.21854911532010446, 0.5662276860247499, 0.03104947637995803, 0.014965644431535086, 0.014965644431535086, -0.11882590027755474], [-0.08701073562268856, -0.12561915082670227, -0.5816438159124084, -0.5435147771354187, -0.7929641847726782, -0.38208488973207255, 0.15537675427513703, 0.10497860905350448, 0.05236616433116581, 0.37465859289299663, 0.5488526026966323, 0.5488526026966323, -0.05232587608674212]], "inverted": true, "swapped": false, "error_lsq": 0.04713707730959465, "error_max": 0.36444740977945767, "target": "94.xyz", "model": "0.xyz", "model_rescale": 3.8414455957264533, "target_rescale": 4.004226286332036},
{"mapping": [7, 4, 3, 5, 2, 6, 9, 8, 1, 0, 12, 13, 14], "R": [[0.951543917628896, 0.2838258184993483, 0.11835150010299025], [0.023259840629228895, 0.3173347966234413, -0.9480282731363354], [-0.30663194979870567, 0.9048433740737314, 0.29535625227428297]], "T": [-0.05897406586146066, -0.03746413382457678, -0.03723160028236679], "aligned_model": [[-0.29664342137876276, -0.5266451352356977, -0.5333642133896659, 0.008627110475678282, -0.11404256878455193, 0.4909380205336204, 0.2640527119338227, 0.6593539252803856, -0.6550110458499959, -0.6504532510233942, 0.2780202126371393, 0.08701502236067547, -0.09054400984033194], [-0.6285120775349241, -0.1599246850704551, 0.4081789733858796, 0.18094140086452642, -0.4419252359004553, -0.18407321275779873, -0.6122135222332381, 0.04159291693734224, 0.5840018662848352, -0.2106890118147438, 0.5263370506657975, -0.19156396999608463, 0.04647556465106843], [0.04721132611695982, -0.2864391826451514, -0.4728152213748424, -0.6553350611669468, -0.6520351498100238, -0.5721424797703464, 0.13834323089940537, 0.2822324467832118, 0.04654083171585572, 0.3444264727000264, 0.35116590806897663, 0.6906333784405511, -0.04186460410031863]], "inverted": false, "swapped": false, "error_lsq": 0.04647603266799776, "error_max": 0.300805939472227, "target": "94.xyz", "model": "1.xyz", "model_rescale": 4.316132596720782, "target_rescale": 4.004226286332036},
{"mapping": [11, 7, 6, 1, 0, 9, 4, 8, 5, 10, 3, 12], "R": [[0.8772891858592362, 0.4161561584888807, -0.23911866536558019], [-0.44087519966709526, 0.5017883513849533, -0.7442025992516215], [-0.18971753396282998, 0.758302381748962, 0.6236864237266305]], "T": [0.03645338448369887, 0.013695876341183149, 0.02124278217919095], "aligned_model": [[-0.10037810815103562, 0.6446925521323011, 0.05594216403597465, -0.4659047331223443, -0.5841819313221448, -0.5070954479342678, -0.08703226726585381, -0.30369361304177067, 0.6078895651847948, 0.11999892862233114, 0.2984695171507553, -0.08089807165695975], [-0.6649337709426018, -0.2989613955478115, -0.5213158021365227, 0.4420234568800442, -0.02995306656194377, -0.21296932916224684, 0.33914434685812345, 0.5871299423173398, -0.03304513172035521, -0.15685776479930572, 0.5208675296568251, 0.04164741289943547], [0.2707040967318773, 0.02435595772650423, -0.33390962777095096, -0.05724060258983952, -0.43264129085037123, 0.3475466682328433, -0.7494500768267875, 0.6518313947037757, -0.5597438333919029, 0.5615084792675521, -0.24014032502221755, -0.03356237900106146]], "inverted": false, "swapped": true, "error_lsq": 0.04835075575378692, "error_max": 0.26452932920574457, "target": "94.xyz", "model": "2.xyz", "model_rescale": 3.795458400668931, "target_rescale": 4.004226286332036},
{"mapping": [0, 4, 2, 7, 9, 10, 3, 6, 5, 7, 8, 12], "R": [[-0.6747855128868591, 0.4716307267384571, -0.5676521551039628], [0.2572696002216583, -0.5705907489452612, -0.7798964995561105], [-0.6917202211875888, -0.6723025024601953, 0.26369012265527203]], "T": [0.08795597208542341, 0.09598109994970087, 0.043831129247957984], "aligned_model": [[0.028102189667243767, -0.1540332055746141, -0.8130088230696649, 0.5447613983130764, 0.12052794384668344, 0.2017177940887616, -0.2946853867951559, 0.6515617374999243, 0.35769668543006816, 0.5447613983130764, -0.6320205247089828, 0.03792261873314891], [-0.22700215180836908, -0.6871913067174914, 0.004853076186256064, 0.049200120642007864, 0.5477360104742005, 0.6351184433330764, -0.29442070501469697, -0.1545201810751638, -0.5577600356937803, 0.049200120642007864, 0.6621650720422446, 0.05839058227941754], [-0.6527343888520303, -0.16405132648886833, 0.07671275064969557, 0.5506442004417733, -0.4543186897173276, 0.19985868683336847, 0.35264934371975576, -0.13602490297170222, 0.4514240058460559, 0.5506442004417733, -0.013073703608172504, -0.0729587456552212]], "inverted": true, "swapped": true, "error_lsq": 0.05996037261226279, "error_max": 0.40011605958154794, "target": "94.xyz", "model": "3.xyz", "model_rescale": 3.7530521520055578, "target_rescale": 4.004226286332036},
{"mapping": [1, 10, 9, 11, 0, 7, 4, 3, 5, 6, 12], "R": [[0.049477343503681256, 0.701519186599374, -0.7109309553766611], [-0.926802554491934, -0.23306401703361157, -0.29447952212570283], [-0.37227545912542326, 0.6734626899814938, 0.6386383857362836]], "T": [-0.1500832548654982, -0.019878515116132325, -0.11219582633309802], "aligned_model": [[-0.2580574427343866, -0.08852729655622618, 0.2935279695072086, 0.48244285335753934, 0.23699590789483096, -0.1890406122137004, -0.3063083617848207, -0.6975967616188569, -0.3526898733329179, 0.32791229202288885, -0.1104590720963543], [-0.6749615770286435, 0.23710482679966144, -0.30026222086251936, 0.257922256849685, -0.602469518404286, 0.6511114784949749, -0.4320478724960943, -0.10718634118779297, 0.37657326701473354, 0.2042246360102712, -0.1428055768756442], [-0.1467731745418397, -0.6202567005169788, -0.5339667758128285, -0.36563113665692126, 0.2100798659496895, 0.014192066169041534, 0.6094987301640897, 0.18242761445915476, 0.5719430634546969, 0.2539306241446725, -0.08261339956746035]], "inverted": true, "swapped": true, "error_lsq": 0.05268650394919384, "error_max": 0.2685653083544122, "target": "94.xyz", "model": "4.xyz", "model_rescale": 3.7855080009869324, "target_rescale": 4.004226286332036},
{"mapping": [11, 6, 4, 0, 1, 2, 14, 9, 7, 8, 10, 15, 16], "R": [[0.6660769174197956, -0.4527631295432077, -0.5927453826111038], [-0.25758866891670357, 0.6061655062471345, -0.7524702364093057], [0.6999925840509056, 0.6538875496309715, 0.2871261999737052]], "T": [-0.07771274461796217, -0.07852345342733094, -0.04526198832660984], "aligned_model": [[-0.5794000326439612, -0.729460248464535, -0.5156856648763251, 0.0729040373719906, -0.12181299083648725, 0.5707758293085846, 0.400671717701866, 0.5715990511480418, -0.5342545363535814, -0.3917960044373483, 0.05672294823439229, 0.1515114062019638, -0.0304721546356787], [-0.6459828306085417, -0.10139485429271813, 0.20527956443120107, 0.2182447506229814, -0.3167102031416585, -0.21239427452015994, -0.5215389244797476, 0.052016780069159635, 0.5140742124928692, -0.009958552286560174, 0.47898420267897546, -0.20052090389112065, -0.10147290959293051], [-0.2876169936031066, -0.07317539584305022, -0.5693195729870167, -0.750752669603306, -0.7624970819558605, -0.3728697726134567, 0.1352456213524384, 0.21601843299663326, -0.003225449212763104, 0.580805447495127, 0.40426724536619973, 0.7369726423610599, -0.03393055789554064]], "inverted": false, "swapped": false, "error_lsq": 0.0431605896751899, "error_max": 0.23351078844069378, "target": "94.xyz", "model": "5.xyz", "model_rescale": 4.2253639853439635, "target_rescale": 4.004226286332036},
{"mapping": [3, 7, 12, 9, 0, 1, 4, 10, 11, 6, 5, 2, 13], "R": [[0.6780955021472999, -0.28966695360824957, 0.6754846748483031], [0.16025249743115416, -0.8386763442791436, -0.5205200539975858], [0.7172904760518429, 0.46121041351414427, -0.5222828040740313]], "T": [0.005768732719912559, 0.01790780535945489, -0.08761133342571475], "aligned_model": [[-0.36773820885289377, -0.7043143251927447, -0.7735755872799011, 0.11229678528837662, -0.14683918274455604, 0.6351550304871376, 0.3085477569541661, 0.657774379840217, -0.43309592155403215, -0.5157193106514313, 0.0778186643101376, 0.09477479294326883, -0.023781515828823298], [-0.5497842917097985, -0.28360619671059806, 0.3495129360721632, 0.21733780554583193, -0.443774699637714, -0.2105394264771972, -0.6092659177360756, 0.11935383975119068, 0.6421361649989569, -0.0057064914275401155, 0.37138975732254365, -0.20795405276698944, -0.030473369743023546], [0.11543477025614288, -0.27271285542924084, -0.48004506367589017, -0.6545997605801104, -0.7252811053639243, -0.3882615162084691, 0.03844141644024454, 0.3284533401751125, 0.06500111385161678, 0.2881685938337018, 0.4325814995169291, 0.5378772390713524, -0.06513577603010767]], "inverted": true, "swapped": false, "error_lsq": 0.05058795876666637, "error_max": 0.2480955004670311, "target": "94.xyz", "model": "6.xyz", "model_rescale": 3.89814844738969, "target_rescale": 4.004226286332036},
{"mapping": [9, 5, 1, 0, 6, 3, 8, 7, 2, 10, 4, 11, 12], "R": [[0.10289797186672366, -0.9427718942091637, 0.3171642522021997], [0.8652108454999295, -0.07247792230836146, -0.49614226146052137], [0.49073638566445443, 0.3254659832718754, 0.8082386364916363]], "T": [0.00335980387658201, -0.0024797111620009707, -0.02726939089988755], "aligned_model": [[-0.527975069182882, -0.6720253689967525, -0.49604213265962616, 0.12677394728643654, -0.05984404347610123, 0.5799017287064043, 0.2921359244646272, 0.6282397978925226, -0.4661014810679669, -0.598457049100789, 0.04310480172879217, 0.18307100807729593, -0.11147870595303974], [-0.7077483308787502, -0.22221965871923224, 0.3095244913295942, 0.33483118077416885, -0.40763147719635207, -0.1947911884817328, -0.612226850555459, 0.1782669121401473, 0.5225192070377667, 0.01571222080386931, 0.45249836094199386, -0.3645101854317735, 0.05440137571750977], [0.10773174149657999, -0.34055173597415034, -0.6339387369569546, -0.4984388920944644, -0.5650734176483339, -0.5592446170848453, 0.02276610144652131, 0.06289895603774445, 0.047095132552180737, 0.3927177423981325, 0.42760540224052573, 0.6741421773022221, 0.08221204214219899]], "inverted": false, "swapped": false, "error_lsq": 0.0485678119009133, "error_max": 0.24272511525621004, "target": "94.xyz", "model": "7.xyz", "model_rescale": 3.7474275329858107, "target_rescale": 4.004226286332036},
{"mapping": [9, 5, 6, 3, 8, 2, 4, 1, 10, 11, 12, 13, 14], "R": [[0.6301642162473304, 0.09657081241293203, -0.7704330851873473], [-0.6977213410737041, 0.5058084580710905, -0.5072895957478903], [0.3407022024755636, 0.8572233559193615, 0.38612190729696744]], "T": [-0.09662954512157323, 0.03540598722735299, -0.02360804376756557], "aligned_model": [[-0.656042920023324, -0.5264236799487756, -0.5156177074211725, -0.018404233624717214, -0.027294893967032927, 0.6361288845053552, 0.3233921664435237, 0.560798340814672, -0.5490797323440213, -0.5320969888595286, -0.00713250511049518, 0.276773941947013, -0.043697314692575], [-0.4810142977971402, -0.17653996335489608, 0.46897876521037446, 0.08503182038771576, -0.5470285601750468, -0.21047486586093017, -0.6203308735553922, 0.39802963272203173, 0.612704015351111, -0.06413559680788519, 0.23947470675276558, -0.35834188092987684, 0.012273155538918657], [0.0029852878148624515, -0.5559400639596738, -0.5744271288060515, -0.7346302757047757, -0.3717071963059833, -0.3570704640567218, 0.052659754615782865, -0.05669106919453804, 0.169470112674469, 0.40875700348065186, 0.5517082660480607, 0.6930817642102134, -0.008274094958938459]], "inverted": false, "swapped": false, "error_lsq": 0.0614577429494645, "error_max": 0.3507871466372328, "target": "94.xyz", "model": "8.xyz", "model_rescale": 4.019505241142653, "target_rescale": 4.004226286332036},
{"mapping": [11, 5, 3, 2, 6, 10, 9, 1, 4, 8, 7, 9, 12], "R": [[-0.9230671405995889, 0.3811367893802852, -0.05178611518724825], [-0.2831475227561768, -0.7644441682496002, -0.5791826948262677], [-0.26033542652189917, -0.5199614037696119, 0.8135512302784598]], "T": [-0.047440896298755315, -0.014489178019709316, -0.1333584571196491], "aligned_model": [[-0.3188556531317422, -0.661610989071718, -0.5699260754363673, 0.009280612946515256, -0.030851532949712896, 0.6507287995887604, 0.19241774981326298, 0.6106751450516938, -0.6245759402005887, -0.3262457231891811, -0.11871589836505811, 0.19241774981326298, -0.08343488715020586], [-0.5500589503952182, -0.12131789754475941, 0.5234823419551203, 0.2926732239372778, -0.4648271633968167, -0.5631095319007736, -0.3560670265363773, 0.1276806034870622, 0.5165555243494622, -0.1486350069372103, 0.4889094981818685, -0.3560670265363773, -0.030592531181508224], [0.030191451727545005, -0.3821705166542426, -0.5529495545219606, -0.6357587869658894, -0.7034306717706168, -0.3564157171887581, 0.4080586323026155, -0.07880269194228935, 0.13590226491233987, 0.4669828595267549, 0.6157033807513264, 0.4080586323026155, -0.13544738662208275]], "inverted": false, "swapped": false, "error_lsq": 0.059553073171227926, "error_max": 0.3542111887365923, "target": "94.xyz", "model": "9.xyz", "model_rescale": 3.877068213659057, "target_rescale": 4.004226286332036},
{"mapping": [12, 6, 14, 9, 11, 8, 0, 7, 13, 3, 4, 5, 15], "R": [[0.72861585690824, 0.05777634472977966, 0.6824813748751954], [0.6308800263522537, 0.3313333391918617, -0.7015758053765471], [-0.26666331845915947, 0.9417431243867069, 0.2049647829718865]], "T": [-0.11131710356389272, 0.00941613050708126, -0.07373393323927792], "aligned_model": [[-0.40138451351536386, -0.7175064564636137, -0.4468737496633371, 0.07804432907528953, -0.02253710134508584, 0.5605549220265007, 0.2309748327291951, 0.6168067783584668, -0.591258178693533, -0.41062809344118784, 0.09316970642990187, 0.00903945548050765, -0.07709857325881843], [-0.6670314674434785, -0.10058453111847168, 0.4346344469982626, 0.22537636042581036, -0.5602440040653405, -0.10428928125937845, -0.70784166258588, 0.3190176840115575, 0.614770452643381, 0.01537768206899659, 0.3878892582875195, -0.4247575328290276, -0.07369134765220103], [0.05462011081268468, -0.046551254971563316, -0.6359729102032404, -0.6679971163677123, -0.5344515458271443, -0.4356482827367519, -0.02743572344739037, 0.12693758955042306, -0.04473039831718155, 0.48585407053660135, 0.4487925405700639, 0.565017169306013, -0.0685123530474439]], "inverted": true, "swapped": false, "error_lsq": 0.04930902235363104, "error_max": 0.2819690791933068, "target": "94.xyz", "model": "10.xyz", "model_rescale": 4.260839863003843, "target_rescale": 4.004226286332036},
{"mapping": [4, 1, 9, 0, 11, 6, 5, 3, 8, 10, 7, 12], "R": [[-0.041817118109753804, -0.5185226373680984, 0.8540407502981499], [-0.9968153266366435, 0.07974365599108929, -0.0003923155067089845], [-0.0679009073229283, -0.8513373149733345, -0.5202059620176577]], "T": [0.029715394086130588, 0.05048229592884475, 0.04432312105033357], "aligned_model": [[0.3724396430879251, 0.18764697505382402, -0.46547204248692003, -0.2251186219164599, -0.6649255926676152, -0.378421115888208, 0.33530842145845285, 0.6328584491017509, 0.2845233771395443, -0.161392219976585, 0.03272861057896912, 0.008722765609452308], [-0.017375265975540594, -0.5580422638715211, -0.3793707390102063, -0.33749332249276526, 0.1987684700610346, 0.4121163162916678, 0.6984709721548196, 0.09273766307145129, -0.6680054861824423, 0.06788090578981769, 0.711372330050077, -0.04798107435345883], [-0.7257861806148166, -0.1718788958518713, 0.19700725800129462, -0.5702000444936884, 0.23661746077602241, -0.29537669860159244, -0.346820145574501, -0.12487973817211964, 0.5552211587469712, 0.583888310924767, 0.22020498456822288, -0.041819392313184094]], "inverted": true, "swapped": true, "error_lsq": 0.04831601841885558, "error_max": 0.32520757353835705, "target": "94.xyz", "model": "11.xyz", "model_rescale": 3.890672605050136, "target_rescale": 4.004226286332036},
{"mapping": [6, 8, 3, 0, 1, 2, 11, 10, 7, 5, 12, 9, 13], "R": [[-0.21852603474131072, -0.9711244752233399, -0.09572682885394346], [-0.6286255252443527, 0.21512556405812416, -0.7473626567470009], [0.7463754558876525, -0.10314186982436702, -0.6574841698000282]], "T": [-0.08258118585532447, -0.14862599859361572, -0.08658003254901112], "aligned_model": [[-0.3094875295952141, -0.790503487732275, -0.48552282646830536, -0.24381787597414267, 0.006584355317042087, 0.5816175704608227, 0.37515488968423616, 0.695791076143368, -0.4115679804255633, -0.47453285022566644, 0.11287096750910745, -0.060212148558362974, -0.0750708024161251], [-0.6783126794195933, -0.08754057359723741, 0.4775685673653861, -0.10274655675745412, -0.575861231905603, -0.0862455772513083, -0.4371778807732417, 0.18728811987534796, 0.6042978012957417, 0.08783230397957267, 0.3809854336996584, -0.4301337687720056, 0.018672099742486598], [-0.08854860251504224, -0.20618618287743007, -0.6330061994055883, -0.6527887805594479, -0.7306435791610896, -0.33257358695222605, 0.013308206676079709, 0.19774167117200223, 0.14109871225377313, 0.5422550378602218, 0.39967333070367217, 0.6387291549848291, -0.0691372863223966]], "inverted": true, "swapped": false, "error_lsq": 0.05821573395251723, "error_max": 0.4051333384502319, "target": "94.xyz", "model": "12.xyz", "model_rescale": 4.124412569039231, "target_rescale": 4.004226286332036},
{"mapping": [6, 8, 11, 10, 9, 7, 3, 5, 2, 1, 4, 0, 12], "R": [[0.034970244319178063, -0.9940470879335442, -0.10318657365712541], [0.9703232968068397, 0.009052140187727481, 0.24164179777498612], [-0.23926926607101578, -0.10857460904310041, 0.9648636030988915]], "T": [0.01599756975949243, -0.1514324006121296, -0.02000139846345971], "aligned_model": [[-0.4533075047913573, -0.6490169165279067, -0.5230422673447904, 0.06822890469190086, -0.07376388676756634, 0.4729551031594549, 0.18748664596842887, 0.6992651383173393, -0.5402872984367426, -0.6035002944289999, 0.07591710945005091, 0.2655516640973818, -0.005183039668272035], [-0.625688970496677, -0.1273457229278485, 0.34307613695842626, 0.4483502184281226, -0.5117466194886322, -0.12173016003923944, -0.8232848910440856, 0.14923193226993076, 0.5061934881116681, -0.1225470987923551, 0.5067968707647927, -0.2240446261248909, -0.038634500137461975], [0.029458359989693227, -0.2884631012899196, -0.6948719205793045, -0.44678280603167264, -0.5403453391391908, -0.4482364555174291, 0.14720836084295966, 0.10842082610007078, 0.001697669374889861, 0.5074948901617871, 0.40593302232852585, 0.4988604445152902, -0.06045205489834265]], "inverted": false, "swapped": false, "error_lsq": 0.052736684001856375, "error_max": 0.3235666670307549, "target": "94.xyz", "model": "13.xyz", "model_rescale": 3.9028299243045295, "target_rescale": 4.004226286332036},
{"mapping": [7, 6, 1, 11, 9, 14, 10, 13, 2, 3, 5, 4, 15], "R": [[-0.7465193477271042, -0.20714125614002163, -0.6322984765708626], [-0.6013353154171935, -0.19670740236054263, 0.7744043106082715], [-0.2847888725024275, 0.958331204678895, 0.022284529106411655]], "T": [-0.11938690561107922, 0.11828750545659422, 0.048031197136368865], "aligned_model": [[-0.22927992850173706, -0.6483679193589368, -0.40683259550659256, 0.05674683367174198, -0.1751745704457539, 0.5056925734414299, 0.33707267873375424, 0.672662493611861, -0.607975056998884, -0.6326769639145288, 0.2574314203946781, -0.07505019014026136, -0.13294541726784925], [-0.7802735210071265, -0.09775771558454052, 0.37402628862037296, 0.19165951548930582, -0.42769279576577185, -0.21214802272287064, -0.4594714872514683, 0.19051872612283588, 0.6644446745116515, -0.11783869741109035, 0.23991924498501743, -0.22732096804887686, 0.020560815544311495], [0.014273811609813385, -0.29535169674277206, -0.4755825974577082, -0.6657265645502816, -0.49936144402086363, -0.4840765545146994, 0.16288674229497757, 0.03845248392016272, 0.11975103099700876, 0.3115974650924217, 0.37255469825864723, 0.6293678574160958, -0.008863336445444986]], "inverted": true, "swapped": false, "error_lsq": 0.04949699380531137, "error_max": 0.2861921336876532, "target": "94.xyz", "model": "14.xyz", "model_rescale": 3.942246331269136, "target_rescale": 4.004226286332036},
{"mapping": [8, 6, 9, 5, 0, 1, 12, 3, 10, 11, 4, 13, 14], "R": [[-0.02581548924310215, -0.9384977206195132, -0.34431902199430897], [0.9734387035799114, 0.05478059161433821, -0.2222974969608169], [0.22748769392606835, -0.34091218102960363, 0.91215581669901]], "T": [-0.13183501467747832, -0.012743629623547768, -0.10215811991484863], "aligned_model": [[-0.5433330863814172, -0.6885445566739665, -0.5934185856880616, 0.2135167499838289, -0.08395672751956652, 0.6012999562835815, 0.49230444733140505, 0.5359495913566124, -0.4242098052707879, -0.5814677530399086, 0.00905370120000179, 0.07426221134454505, -0.0901527852073443], [-0.6667605081221797, -0.06092134688114275, 0.43920023391569846, 0.23018266404478857, -0.5743267694522715, -0.20770694309559465, -0.46814009381457194, 0.23879828730338717, 0.6046067390858434, -0.1013968717479482, 0.3184385535985392, -0.3141253721329546, -0.07922251521984386], [-0.06006078139283588, -0.12545581826314703, -0.5826262846403574, -0.5759708811180484, -0.5744393174520723, -0.3870157273866252, 0.1645631775631053, -0.01649415740281071, 0.10374481868258584, 0.44927821177729205, 0.36058663497411964, 0.6242183838442807, -0.16040636332812916]], "inverted": false, "swapped": false, "error_lsq": 0.04332270855848838, "error_max": 0.25366363155629884, "target": "94.xyz", "model": "15.xyz", "model_rescale": 4.355366556412066, "target_rescale": 4.004226286332036},
{"mapping": [11, 7, 6, 1, 0, 9, 4, 8, 5, 10, 3, 12], "R": [[0.8772891858592362, 0.4161561584888807, -0.23911866536558019], [-0.44087519966709526, 0.5017883513849533, -0.7442025992516215], [-0.18971753396282998, 0.758302381748962, 0.6236864237266305]], "T": [0.03645338448369887, 0.013695876341183149, 0.02124278217919095], "aligned_model": [[-0.10037810815103562, 0.6446925521323011, 0.05594216403597465, -0.4659047331223443, -0.5841819313221448, -0.5070954479342678, -0.08703226726585381, -0.30369361304177067, 0.6078895651847948, 0.11999892862233114, 0.2984695171507553, -0.08089807165695975], [-0.6649337709426018, -0.2989613955478115, -0.5213158021365227, 0.4420234568800442, -0.02995306656194377, -0.21296932916224684, 0.33914434685812345, 0.5871299423173398, -0.03304513172035521, -0.15685776479930572, 0.5208675296568251, 0.04164741289943547], [0.2707040967318773, 0.02435595772650423, -0.33390962777095096, -0.05724060258983952, -0.43264129085037123, 0.3475466682328433, -0.7494500768267875, 0.6518313947037757, -0.5597438333919029, 0.5615084792675521, -0.24014032502221755, -0.03356237900106146]], "inverted": false, "swapped": true, "error_lsq": 0.04835075575378692, "error_max": 0.26452932920574457, "target": "94.xyz", "model": "16.xyz", "model_rescale": 3.795458400668931, "target_rescale": 4.004226286332036},
{"mapping": [9, 5, 1, 0, 6, 3, 8, 7, 2, 10, 4, 11, 12], "R": [[0.10289797186672366, -0.9427718942091637, 0.3171642522021997], [0.8652108454999295, -0.07247792230836146, -0.49614226146052137], [0.49073638566445443, 0.3254659832718754, 0.8082386364916363]], "T": [0.00335980387658201, -0.0024797111620009707, -0.02726939089988755], "aligned_model": [[-0.527975069182882, -0.6720253689967525, -0.49604213265962616, 0.12677394728643654, -0.05984404347610123, 0.5799017287064043, 0.2921359244646272, 0.6282397978925226, -0.4661014810679669, -0.598457049100789, 0.04310480172879217, 0.18307100807729593, -0.11147870595303974], [-0.7077483308787502, -0.22221965871923224, 0.3095244913295942, 0.33483118077416885, -0.40763147719635207, -0.1947911884817328, -0.612226850555459, 0.1782669121401473, 0.5225192070377667, 0.01571222080386931, 0.45249836094199386, -0.3645101854317735, 0.05440137571750977], [0.10773174149657999, -0.34055173597415034, -0.6339387369569546, -0.4984388920944644, -0.5650734176483339, -0.5592446170848453, 0.02276610144652131, 0.06289895603774445, 0.047095132552180737, 0.3927177423981325, 0.42760540224052573, 0.6741421773022221, 0.08221204214219899]], "inverted": false, "swapped": false, "error_lsq": 0.0485678119009133, "error_max": 0.24272511525621004, "target": "94.xyz", "model": "17.xyz", "model_rescale": 3.7474275329858107, "target_rescale": 4.004226286332036},
{"mapping": [5, 12, 11, 3, 10, 8, 4, 0, 7, 9, 2, 6, 13], "R": [[0.28798406905091267, -0.708401579548426, -0.6443852714534799], [0.3023257769329232, 0.7057345423348688, -0.64073230007336], [0.9086607180762158, -0.010293582888829256, 0.41740836308886675]], "T": [-0.09243289201972855, 0.04063838145801995, -0.1098980409480032], "aligned_model": [[-0.29855825322917434, -0.7998210754470059, -0.4396056487433274, 0.21022712624640166, -0.25764696876733845, 0.41989624913728135, 0.3009919263822283, 0.6912045419521867, -0.6624557541545043, -0.39224013559798293, 0.09053443512153776, 0.08667941802951669, -0.02790250321089781], [-0.6493987641796616, -0.20161923717975436, 0.40536357917230187, 0.20675075979165364, -0.3032507012291449, -0.36109881120983417, -0.5943278516810978, 0.15725915811601784, 0.5059734442650051, -0.21728363826966202, 0.45581283923990357, -0.11961827777721568, 0.07406355842323799], [-0.17758119820865695, -0.09764538927943392, -0.6277621823473372, -0.6941863023538986, -0.6851231952280223, -0.4148251311964301, 0.2524010303440897, 0.15741143757916554, 0.05121216357795211, 0.4298389452718386, 0.43598276162155275, 0.6230653926691976, -0.03286643659266]], "inverted": false, "swapped": false, "error_lsq": 0.047663607881968134, "error_max": 0.28046969997077564, "target": "94.xyz", "model": "18.xyz", "model_rescale": 3.922800546911778, "target_rescale": 4.004226286332036},
{"mapping": [7, 3, 0, 2, 9, 10, 11, 4, 5, 12, 8, 13, 14], "R": [[-0.44629238865504717, 0.8931474131495596, 0.05577456600299069], [0.7533759611930915, 0.3413520516703094, 0.5620528782213076], [0.4829573117004834, 0.29285913884446235, -0.8252186133809161]], "T": [-0.019745442367373536, 0.10792126343544212, -0.02989982441958538], "aligned_model": [[-0.34779978842837855, -0.5784789909744664, -0.6443741958007948, 0.03339987498324143, -0.02911584083092756, 0.624889211381072, 0.3077123255225406, 0.6478722643929248, -0.5774801440466726, -0.6461156568802143, 0.09320966899550552, 0.09731527617588574, -0.05973064677079438], [-0.6176183146245158, -0.10791612271891143, 0.3960556609729547, 0.043931779950262095, -0.4500456921265293, -0.14589726060027292, -0.5207363950589405, -0.04142261258452709, 0.59983585035591, -0.05862856159743007, 0.4854988998249643, -0.24497017750206312, 0.020539003190849073], [0.03478159298696166, -0.2543553611837448, -0.5045155900835409, -0.7413841067721813, -0.6226293226297916, -0.44296515497427946, 0.03941519151289536, 0.2064265249526699, 0.14181436224908728, 0.4156734632886999, 0.43814603373655747, 0.5476624370790103, -0.038148174304986404]], "inverted": true, "swapped": false, "error_lsq": 0.0402287707020558, "error_max": 0.22715344978914953, "target": "94.xyz", "model": "19.xyz", "model_rescale": 3.9282355846067225, "target_rescale": 4.004226286332036},
{"mapping": [11, 0, 1, 2, 10, 12, 9, 7, 3, 4, 6, 8, 13], "R": [[0.8814529157510759, 0.4407988260589323, 0.16952035942326799], [0.24300523498104426, -0.11553864666464533, -0.9631195548314392], [-0.4049558162142313, 0.8901388745987727, -0.20895829929030424]], "T": [-0.009027350605282244, 0.029503822115080132, 0.02304177651410024], "aligned_model": [[-0.38580753864956857, -0.7577346281332156, -0.47307208220792674, 0.1208601480826917, -0.03284944975388389, 0.6264692112805907, 0.2663058047917666, 0.5697336743216597, -0.6150395073563033, -0.48328700656275003, 0.11947493285826456, 0.07356344078268298, -0.10731364173508665], [-0.5785084063081868, -0.1425481623647146, 0.33825579707330805, 0.3576093203883976, -0.3931408319864253, -0.45923002811320207, -0.5899616775159539, 0.20889936279371635, 0.4623274748069931, -0.12070807683969625, 0.5211583707686487, -0.2809356298828321, 0.03540854466169719], [-0.018443055786871852, -0.20063771608661465, -0.4777930279252838, -0.7213991076716607, -0.7273170396152489, -0.2599382382216392, 0.1604425535998304, -0.1217017635481702, 0.1315222848184176, 0.41276220077143433, 0.43365963047319706, 0.712554421031466, -0.10378924598149891]], "inverted": false, "swapped": false, "error_lsq": 0.04928208041290959, "error_max": 0.309930568255163, "target": "94.xyz", "model": "20.xyz", "model_rescale": 4.067790424073018, "target_rescale": 4.004226286332036},
{"mapping": [0, 7, 1, 5, 8, 4, 2, 6, 10, 12, 11, 3, 14], "R": [[0.8324303857397684, 0.5452682402906681, -0.0987025786261869], [0.05531085062740046, -0.25899317677714084, -0.9642941689058159], [-0.5513622789963182, 0.7972484434059454, -0.24575304023914596]], "T": [-0.07055708162403954, 0.0022083075037393485, -0.07097426983283747], "aligned_model": [[-0.2772790909128352, -0.6643018261793754, -0.5955206622290247, 0.1412031696741718, -0.14374255488750387, 0.517465251504043, 0.35645633342420724, 0.6399835851932795, -0.5307230166215766, -0.5336155485994437, 0.00277770263304869, 0.13011956437901576, -0.12151954965908462], [-0.6722719438751216, -0.30372372508747303, 0.3252853077826609, 0.22154486681341032, -0.23834451819707891, -0.3049445938507023, -0.5873763666492243, 0.07907765532874281, 0.6680618740757256, 0.024943510008100148, 0.37893805030447725, -0.288717660928028, 0.05615360175626119], [0.011490455331747751, -0.40344491057621845, -0.612582608217676, -0.5764593740428422, -0.5827809924104214, -0.5208179378647811, 0.08320545293156925, 0.1208067690086751, 0.05619947629770783, 0.5390042819435028, 0.4493419458345238, 0.7028706637887651, -0.046911326167194886]], "inverted": true, "swapped": false, "error_lsq": 0.04399364545140082, "error_max": 0.298823201590727, "target": "94.xyz", "model": "21.xyz", "model_rescale": 4.186013935880536, "target_rescale": 4.004226286332036},
{"mapping": [8, 5, 5, 0, 2, 1, 9, 7, 3, 11, 4, 10, 12], "R": [[-0.9536837008503172, -0.04160637452662763, -0.2979199696750667], [-0.00463098577832614, -0.9882403531014348, 0.15283834097723145], [-0.3007755852843837, 0.14713909779763337, 0.94227603874668]], "T": [-0.02753420853213575, -0.05955423708637996, -0.026692014538440882], "aligned_model": [[-0.40845939242718277, -0.6036098670916399, -0.6036098670916399, 0.17972864132217284, -0.280724628523488, 0.5634999499344462, 0.18532761151062918, 0.6402861605833428, -0.6107947248001551, -0.5069035735569629, 0.01218215394398043, 0.4073819792954201, -0.05300108538000156], [-0.7244502991709771, 0.13226441679286316, 0.13226441679286316, 0.22815104574366174, -0.41015198144604265, -0.22425538125896116, -0.6021186191884766, 0.18389452572870735, 0.6528340331970673, -0.16504760010028205, 0.3580159616653954, -0.1757026443856805, -0.027071816888388257], [-0.048540620959353964, -0.5061513097388205, -0.5061513097388205, -0.6560219934114699, -0.6289170852051398, -0.42503281406353055, 0.18723436784714434, 0.15516615646061732, 0.04148992780635825, 0.37085312874414317, 0.5663289702795791, 0.6759151941388167, -0.006250716302166212]], "inverted": false, "swapped": false, "error_lsq": 0.050283586415094256, "error_max": 0.31865159647726427, "target": "94.xyz", "model": "22.xyz", "model_rescale": 4.166573947596378, "target_rescale": 4.004226286332036},
{"mapping": [6, 1, 0, 7, 13, 14, 12, 9, 4, 2, 3, 11, 15], "R": [[0.41297472856020656, -0.18677597118607328, 0.891384658920111], [-0.4987541845611291, -0.8653140835083092, 0.049757414170533906], [0.7620342098314136, -0.46513038330093415, -0.45050814596069083]], "T": [-0.005124569537359389, 0.0015180249791518219, -0.0749554333476487], "aligned_model": [[-0.46510938011212377, -0.7053406938010632, -0.5824499832153469, -0.0962895279863787, 0.1713041502197999, 0.622820435317399, 0.20749024402053062, 0.5230500575546746, -0.45552004178787076, -0.5023466918095215, -0.026299010918569107, 0.2968244830708615, -0.06683068283346981], [-0.5979915889862399, -0.08202934608069296, 0.415201023437356, 0.208883675224522, -0.414587945953146, -0.41980334849603923, -0.5688657772787533, 0.2266479249983771, 0.5533759127523756, -0.08378332416634528, 0.31283654504628994, -0.17601576895245674, -0.015241924063497156], [0.01509915437795642, -0.17895676496050417, -0.47784190165625834, -0.753245994316559, -0.790875726882539, -0.3076593962515534, 0.1676112882090714, 0.10053604136157579, 0.1051842448004715, 0.37035690664105686, 0.4389113530001993, 0.6317282646868048, -0.10092557315236432]], "inverted": false, "swapped": false, "error_lsq": 0.049892473740555277, "error_max": 0.29923744655908435, "target": "94.xyz", "model": "23.xyz", "model_rescale": 4.274766983524099, "target_rescale": 4.004226286332036},
{"mapping": [7, 10, 11, 6, 9, 0, 4, 1, 3, 8, 12], "R": [[-0.2901849459723488, -0.7900890562135755, 0.5399555355606298], [0.3332243977042426, -0.6123469035287404, -0.7169328912202371], [0.8970809316364214, -0.02811677418028169, 0.44097080300630476]], "T": [0.04564713589870706, 0.07558464555609312, -0.04609659919125921], "aligned_model": [[0.27006440204764787, 0.10284307063623024, -0.455053151646753, -0.37274365838873846, -0.4259267439971958, -0.5199045960150356, 0.016059407445343066, -0.04141539404430539, 0.5181304003054881, 0.3184296951922667, -0.0305887275768727], [-0.0236490730007623, 0.5982641094161147, 0.40118339617124577, -0.23219479698848122, 0.525189451221928, -0.2336817936933533, -0.6756413593893443, 0.0700524401821116, -0.2741820219430763, 0.7157799573299323, 0.044466221937168954], [-0.6844606852303596, -0.27301118446636435, -0.4759531783630378, -0.42421232345016185, 0.1235214104205544, 0.37534104183670963, 0.3410945059381384, 0.6129764975464147, 0.174401726419215, 0.5521577316090054, 0.05771089176146361]], "inverted": true, "swapped": true, "error_lsq": 0.048053530294322404, "error_max": 0.2391536000208322, "target": "94.xyz", "model": "24.xyz", "model_rescale": 3.7841303162186577, "target_rescale": 4.004226286332036},
{"mapping": [2, 9, 14, 13, 12, 3, 4, 6, 10, 8, 7, 1, 15], "R": [[-0.8002871146864771, 0.5036769113863923, -0.32534612799764145], [-0.5725987102652744, -0.8029875249359998, 0.16535341484136729], [-0.1779641847938444, 0.3186229805482043, 0.931025319310512]], "T": [-0.09807648489142713, 0.02373078531036018, 0.018706876097708346], "aligned_model": [[-0.3649710781036565, -0.6224095272353833, -0.5643130065440416, 0.10113270571620729, -0.25363678776786724, 0.5516423363321287, 0.345299736555144, 0.6113804410099999, -0.5317497538194093, -0.39378789695712446, 0.07525431852023927, -0.003794537622227409, -0.02874359236508764], [-0.6796708734841936, -0.10030004831105688, 0.24302352086456816, 0.22122413493227355, -0.30048618874836325, -0.19739011773205636, -0.5577815514587695, 0.05568762575660493, 0.6696262427033643, -0.28477883313300983, 0.5586985029240948, -0.29289602558037203, 0.023669668748665173], [-0.034079584726732746, -0.2089593742417543, -0.5844789694930057, -0.7115753108024024, -0.6490178069336522, -0.40316145314582513, 0.1669137291761759, 0.15165830663615423, 0.017418771444064333, 0.42716049615866514, 0.34515983411781387, 0.684961160022019, 0.01792209764583709]], "inverted": true, "swapped": false, "error_lsq": 0.04165029229258343, "error_max": 0.2312326130627784, "target": "94.xyz", "model": "25.xyz", "model_rescale": 4.19342608120988, "target_rescale": 4.004226286332036},
{"mapping": [11, 7, 6, 1, 0, 9, 4, 8, 5, 10, 3, 12], "R": [[0.8772891858592362, 0.4161561584888807, -0.23911866536558019], [-0.44087519966709526, 0.5017883513849533, -0.7442025992516215], [-0.18971753396282998, 0.758302381748962, 0.6236864237266305]], "T": [0.03645338448369887, 0.013695876341183149, 0.02124278217919095], "aligned_model": [[-0.10037810815103562, 0.6446925521323011, 0.05594216403597465, -0.4659047331223443, -0.5841819313221448, -0.5070954479342678, -0.08703226726585381, -0.30369361304177067, 0.6078895651847948, 0.11999892862233114, 0.2984695171507553, -0.08089807165695975], [-0.6649337709426018, -0.2989613955478115, -0.5213158021365227, 0.4420234568800442, -0.02995306656194377, -0.21296932916224684, 0.33914434685812345, 0.5871299423173398, -0.03304513172035521, -0.15685776479930572, 0.5208675296568251, 0.04164741289943547], [0.2707040967318773, 0.02435595772650423, -0.33390962777095096, -0.05724060258983952, -0.43264129085037123, 0.3475466682328433, -0.7494500768267875, 0.6518313947037757, -0.5597438333919029, 0.5615084792675521, -0.24014032502221755, -0.03356237900106146]], "inverted": false, "swapped": true, "error_lsq": 0.04835075575378692, "error_max": 0.26452932920574457, "target": "94.xyz", "model": "26.xyz", "model_rescale": 3.795458400668931, "target_rescale": 4.004226286332036},
{"mapping": [7, 3, 9, 4, 10, 11, 5, 8, 2, 0, 1, 6, 12], "R": [[0.10599707359926097, -0.39339814838936976, -0.9132373827391258], [-0.9885475104909367, -0.14090192006077068, -0.0540413584707119], [-0.10741713034039146, 0.9085067670452455, -0.40382795141301414]], "T": [-0.01727920674673404, 0.062003093130777266, -0.08864020520041455], "aligned_model": [[-0.3795787537228057, -0.7034587840538126, -0.1775334958697452, -0.1164351791452156, 0.03999171454072521, 0.4831266366389106, 0.2760190394427558, 0.6540290862188258, -0.6378365800358097, -0.7138429613279882, 0.0644391812604699, 0.20820813942037303, -0.07582468564776154], [-0.6625966548421505, -0.09820807273802515, 0.4187499880603767, -0.05403705318321415, -0.5159809353827219, 0.10833849439354548, -0.5868558149729278, 0.02431110368689219, 0.652369009922051, -0.010044681435883253, 0.3901054488072655, -0.22188706648676512, -0.08563770834669313], [-0.026171475999965443, -0.3090183549010943, -0.2659097905532776, -0.9105684017101365, -0.5013640025121568, -0.5975818661289085, 0.15593846115638707, 0.1918525751587251, 0.11436606230619231, 0.3595575704261184, 0.3971829311488875, 0.6528102608906843, -0.04117207342409741]], "inverted": true, "swapped": false, "error_lsq": 0.06905190643736435, "error_max": 0.5039811677984655, "target": "94.xyz", "model": "27.xyz", "model_rescale": 3.6321398670334006, "target_rescale": 4.004226286332036},
{"mapping": [3, 8, 10, 11, 0, 2, 1, 13, 12, 7, 6, 4, 14], "R": [[-0.14241642891544887, -0.7743343575582613, -0.6165418586599012], [0.5988047706086514, 0.42857328454467797, -0.6765779973298766], [0.7881309583256395, -0.46554402850796095, 0.40263923063865464]], "T": [-0.13343634610366592, -0.02609099683380747, -0.11560027184740104], "aligned_model": [[-0.4033059993883582, -0.6449678849495927, -0.3990574725177177, 0.26270901396369906, -0.21471684593358958, 0.5280385033139131, 0.30047886763301135, 0.5961437499587259, -0.6109201490239669, -0.6524982302762624, 0.14298377993871927, 0.08760252388539294, -0.0711864988850526], [-0.6539646765228864, 0.035532327373709344, 0.2670076450621396, 0.13057640255437777, -0.35709624738221946, -0.36900203280048005, -0.46778325113269903, 0.3348935914113745, 0.47740401257590204, -0.2190335760925279, 0.4424062914258556, -0.22956593425506688, -0.03274849473572898], [-0.04848028561417411, -0.1551940399693723, -0.785085324942605, -0.5962768950409506, -0.6383245765019934, -0.39543363071061766, 0.13716985282424884, -0.0533078775034905, 0.33385687216994897, 0.4268343375868079, 0.4393858919015884, 0.6565441577474807, -0.10176658608951394]], "inverted": false, "swapped": false, "error_lsq": 0.05447188279192491, "error_max": 0.32707163995181926, "target": "94.xyz", "model": "28.xyz", "model_rescale": 4.156811204709835, "target_rescale": 4.004226286332036},
