[{"mapping": [3, 11, 7, 12, 10, 9, 14, 6, 4, 0, 5, 8, 2, 15], "R": [[0.9791137281181164, -0.08762981782785353, 0.18345932093546222], [0.17667724525638046, 0.8132279058631922, -0.5544777039106118], [-0.10060545919213579, 0.5753098192737757, 0.8117248015355423]], "T": [-0.05774106964885173, 0.0893876438979052, 0.08599542828410986], "aligned_model": [[0.07484522246809927, 0.406623181787743, -0.6030155943933853, -0.26451821290296706, -0.6509586587305242, -0.2245325597671474, -0.759959849858891, -0.23052922655618452, -0.1689950096824487, 0.42427583715816375, 0.44846128566097565, 0.35884543987667794, 0.5274230619547642, 0.03352718411342766], [-0.5068619977093519, -0.5295237776462385, -0.3954414562112209, -0.23825260485387106, 0.1522151957931417, 0.3395314077211834, 0.27413322380242794, 0.5429503510293703, 0.619996104690871, -0.14495245076476687, 0.46980732798747943, 0.5760700289530448, -0.044167294754877864, 0.1197692737728433], [0.24036487302656193, -0.2896730273482945, 0.3412902821876276, -0.20776677928328655, 0.6127903428474761, -0.6119190294882466, -0.06713013544329463, 0.7398043630891834, 0.057653098091920374, 0.6595182735378626, 0.45997044457122527, -0.20120275852035865, 0.0777964965076354, 0.08609164340382194]], "inverted": true, "swapped": true, "error_lsq": 0.04675422215976643, "error_max": 0.29471385382363824, "target": "940.xyz", "model": "0.xyz", "model_rescale": 3.8414455957264533, "target_rescale": 4.159615577508049},
{"mapping": [3, 0, 13, 5, 2, 8, 9, 11, 14, 12, 4, 1, 10, 7, 15], "R": [[0.41731090386398645, -0.2436365233936675, 0.8754957761090969], [0.8669835267086601, -0.1820180913250113, -0.4639062177274784], [0.27238056819831574, 0.9526335386175773, 0.1352707180764407]], "T": [0.05447590099757508, 0.04926214179985555, -0.08276940334738697], "aligned_model": [[-0.4690308049158714, -0.6762098452049444, 0.11139368239306349, -0.210121037455236, -0.36821476128622593, 0.2570441316996833, 0.6743815132050637, -0.39865554801087816, 0.662774871395827, 0.13203745293888827, 0.4587467700008867, -0.43175925874066373, 0.1647059634790983, -0.05410251858658218, 0.019053542592435753], [0.1900857569488504, 0.06096126275227781, -0.8284533202180357, -0.23264085197752726, -0.3766197469732877, -0.5665267414310748, -0.28308755988141227, -0.36399022148807914, 0.4612685713928394, 0.12945104753246206, -0.019324821634235434, 0.664166494438762, 0.794804908778348, 0.7467679118608643, -0.029818162057736713], [0.2382167703801072, -0.36937977180547493, 0.2549358078250874, -0.7083382929444677, -0.09945550143350644, -0.35231907510533744, 0.2048703050888283, 0.5203115766575654, 0.021694214373029208, 0.39046954182427895, -0.4385600137364199, -0.26653635129669623, -0.33846963254990065, 0.2322789320074064, -0.12453672194496458]], "inverted": false, "swapped": true, "error_lsq": 0.04656903826126627, "error_max": 0.28625927591448447, "target": "940.xyz", "model": "1.xyz", "model_rescale": 4.316132596720782, "target_rescale": 4.159615577508049},
{"mapping": [0, 3, 1, 8, 5, 2, 4, 13, 7, 11, 12, 15], "R": [[-0.7579741813412212, -0.6197606847616307, 0.2034006736564573], [-0.1413482696560454, -0.1483576096269974, -0.9787802032790639], [0.6367855267555537, -0.7706404565616566, 0.024849137310861524]], "T": [0.011504399512073209, 0.12508162836547554, -0.21793893194669414], "aligned_model": [[-0.1922015638297037, 0.35507979866053446, 0.2690697517530943, -0.5917640603944381, -0.6464511744966043, -0.2679504372227071, -0.31118833723703027, -0.29000800904614854, 0.7007704474510605, 0.21732117374579893, 0.42581688967541564, -0.07068592442749166], [-0.6114286463483734, -0.2857440673288022, -0.5805209266423302, 0.4399032162893137, -0.20195432770254312, -0.09930720622149242, 0.3942432782951996, 0.5952756630389147, -0.12214258021326485, 0.06289496920163319, 0.31232779938460375, 0.10922925598812154], [-0.03838245564410406, 0.11387559199926786, -0.5079172213236102, -0.04519230996948434, -0.24891019993115465, 0.26359595793614454, -0.561664795645202, 0.5407946925884538, -0.4656313458975568, 0.6148783164057647, -0.045645037386687654, -0.1705427319224104]], "inverted": true, "swapped": true, "error_lsq": 0.04842876511342074, "error_max": 0.25902811945487697, "target": "940.xyz", "model": "2.xyz", "model_rescale": 3.795458400668931, "target_rescale": 4.159615577508049},
{"mapping": [8, 4, 6, 7, 2, 3, 10, 9, 14, 12, 0, 15], "R": [[-0.15461494904578849, -0.830793727752802, -0.5346737317824501], [0.45651763067645107, -0.5400194515055565, 0.707086023675477], [-0.8761768488228432, -0.13476191569668736, 0.462767064152832]], "T": [0.09727518282246245, 0.04957752911423157, -0.0054859816287279525], "aligned_model": [[0.0832991626748357, -0.0733426759784877, -0.6426455714074601, 0.16183241455478078, 0.05552843960892598, 0.17783299188481744, -0.29568423823202333, 0.650687380132146, 0.283508604994497, 0.5303188910118104, -0.4067463307003583, 0.06871475720008123], [-0.11817220124746747, -0.42426479606500117, -0.2565684678001485, 0.12869730594746775, 0.5131949086809436, 0.613392159708334, -0.2532616554729464, -0.3939476383291951, -0.5605712516804153, 0.10260887918785291, 0.6509130164377178, 0.08374878592256713], [-0.6870661758610779, -0.20819035416597706, 0.1422736398242386, 0.7607590515183319, -0.3844811528789643, 0.2638580124964537, 0.6167990117351979, -0.27842601137223755, 0.3736250319301867, 0.2091345599704321, -0.028766403314407683, -0.0907477792430759]], "inverted": true, "swapped": true, "error_lsq": 0.04898569467135166, "error_max": 0.29822300174232586, "target": "940.xyz", "model": "3.xyz", "model_rescale": 3.7530521520055578, "target_rescale": 4.159615577508049},
{"mapping": [5, 1, 10, 7, 4, 3, 8, 2, 13, 12, 15], "R": [[0.9196084344042318, -0.009211650724605211, 0.39272824301738923], [0.1549193739812496, 0.9272068356159832, -0.34100948894752614], [-0.36099905115921754, 0.3744364158010317, 0.854094289633306]], "T": [0.017502365436232632, -0.06487900345999553, 0.059258767884949194], "aligned_model": [[-0.5339191154518644, -0.01229506979063965, 0.48239437076928254, 0.46134690191328653, 0.1653536297972973, -0.1830797175692751, -0.29392949171450344, -0.5585857458731859, -0.3827414419501235, 0.2630944985702644, -0.06943921625533342], [-0.5281972620685698, 0.07318589538277051, -0.24816111040507033, 0.3483954473547189, -0.5721183425294037, 0.4755185692955324, -0.4712491213278309, 0.06210407744291088, 0.09730432383486318, 0.32552634709918904, -0.09510546576476404], [-0.08936093143540488, -0.7334281067256905, -0.560136408019767, -0.4200796113638707, 0.18405589143379958, -0.19502449302953276, 0.5396340253671833, 0.17024971440127817, 0.8966179135051258, 0.21310713663406863, 0.08719564647812719]], "inverted": false, "swapped": true, "error_lsq": 0.05033731712126239, "error_max": 0.23261110357201217, "target": "940.xyz", "model": "4.xyz", "model_rescale": 3.7855080009869324, "target_rescale": 4.159615577508049},
{"mapping": [4, 0, 6, 1, 10, 7, 5, 2, 8, 15, 3, 11, 14, 13, 9, 16], "R": [[-0.5441740092730522, 0.5475212760726827, 0.6356847488177089], [-0.13336025906632648, 0.6916100567660288, -0.7098524992432251], [-0.8283053114241479, -0.47105836329252426, -0.30333863822255436]], "T": [-0.047762145435069014, 0.0535720032513702, -0.0292403329350401], "aligned_model": [[-0.3946799326836385, 0.2153932436378201, -0.6868280447239794, 0.02169596477020444, 0.016689572760625465, -0.5014341944052363, 0.0937897452163679, 0.6438523045211602, -0.4573157240397939, 0.052891871271616805, 0.5389027784939853, -0.5078812020751187, 0.3928875099801519, -0.4457603936412228, 0.5523243025571676, -0.0030808839342327463], [-0.1372504120411924, -0.1329865582031857, 0.09274269578808245, 0.400883364695358, -0.5693264927322705, -0.529687969901013, -0.6516388566304178, 0.22441032396329766, -0.10532936463990855, 0.04846438827759727, -0.29806873657473, 0.6610778475804646, 0.45416608295664457, 0.5259506792003265, -0.1280875816212941, 0.07359459780190063], [-0.6539287661381985, -0.7394649647737398, -0.15627379812911116, -0.6983100812632734, 0.3433287395833663, -0.15317155409177713, -0.40037905360036796, -0.22486601725783764, 0.5206015493347302, 0.7887821532326359, -0.1500280083208597, -0.2565360238818879, 0.29177316058260094, 0.349340464001284, 0.3081171472087899, -0.007117205354516737]], "inverted": true, "swapped": false, "error_lsq": 0.04192180425246281, "error_max": 0.2582792460571044, "target": "940.xyz", "model": "5.xyz", "model_rescale": 4.2253639853439635, "target_rescale": 4.159615577508049},
{"mapping": [4, 6, 7, 14, 10, 3, 12, 9, 0, 5, 1, 11, 13, 15], "R": [[0.41784927607502603, 0.10923887087037648, -0.9019250809100179], [0.9013627168139384, 0.07448895012735574, 0.42661065275813337], [0.11378591837909036, -0.991220593712565, -0.06733869154310519]], "T": [0.11464952151186292, -0.03415800103181675, 0.04678561557170232], "aligned_model": [[0.4604319265559692, -0.09025361051661418, -0.5159071292694842, 0.18163300108019842, -0.3572858083058214, -0.35928748645672987, 0.0580554010882101, 0.7378224727742219, -0.3357799844867415, 0.21925802042582826, -0.6476484988237058, 0.08037625863968245, 0.786566511659422, 0.15608107839334845], [-0.1576553790402196, -0.011491100095996146, -0.47019777570569077, -0.7530588114129331, -0.44407245288802955, 0.14840816823725672, -0.31367935805597674, -0.4058065670813847, 0.6009117762380127, 0.5541553996914292, 0.039787383603545654, 0.3071979000456124, 0.29814220785747, 0.05245775524189425], [-0.35310060762905504, -0.7409592148052969, 0.14591508210606793, -0.12463323152237218, -0.44577349551258083, 0.41958045427040425, 0.44056991016732744, 0.27263669547060704, -0.0531327039026332, -0.38188871052608575, -0.20168187305034735, 0.8355275166642006, 0.6175508959457732, 0.04094749125543958]], "inverted": true, "swapped": true, "error_lsq": 0.03983141323937556, "error_max": 0.21111601601651006, "target": "940.xyz", "model": "6.xyz", "model_rescale": 3.89814844738969, "target_rescale": 4.159615577508049},
{"mapping": [2, 13, 8, 3, 5, 9, 12, 0, 7, 14, 4, 6, 15], "R": [[0.7844767219763642, 0.6039510396086297, 0.14085245625431542], [-0.15442225868357332, 0.4102028761867312, -0.8988255483636393], [-0.6006247070345025, 0.6833569653729951, 0.4150580913269]], "T": [-0.1337426099822413, 0.05669025623810551, 0.011321363803280905], "aligned_model": [[0.22305435262788814, 0.01920980661376709, 0.33347012109311264, -0.30531245259212, 0.5943996834134905, -0.38655518290133783, -0.5801814684530983, 0.313746977150732, -0.7075067123005824, -0.610805042127426, 0.06567573418400793, 0.23875119382324084, -0.04931520962745188], [-0.2528613370715085, 0.21707204948119677, 0.4389611264400689, -0.5435775634866244, 0.005818003772200327, 0.6503460605235486, 0.006276074250814535, -0.5757529787666616, -0.26353385123307704, 0.5257664990821014, 0.53637806858669, 0.1699273925336009, 0.048961721358136], [-0.35907699416811056, -0.904403548171315, -0.34710311647330466, -0.07332507235287063, 0.10097674773768689, -0.3900942352153295, -0.17456007709687824, 0.13762518934526052, 0.41851947524626515, 0.33236419128249856, 0.16898553923011372, 0.7264903765470654, -0.034123445074785874]], "inverted": true, "swapped": true, "error_lsq": 0.04475316298730998, "error_max": 0.2404022847520335, "target": "940.xyz", "model": "7.xyz", "model_rescale": 3.7474275329858107, "target_rescale": 4.159615577508049},
{"mapping": [5, 8, 9, 4, 12, 10, 6, 1, 14, 7, 0, 3, 2, 11, 15], "R": [[-0.09274113992434979, -0.8053692645467081, -0.5854736789036951], [0.8299248031247293, -0.3873962273008305, 0.4014336610592879], [-0.5501126267628403, -0.4486697123682164, 0.704323496043906]], "T": [0.06697520173195083, -0.07958804795454091, -0.04020509763532695], "aligned_model": [[-0.4770451984459042, 0.11194717600795419, 0.6500762786175247, -0.07645015794373529, 0.4799403681606335, -0.3686129410108735, -0.6757731204842908, -0.4735650492975886, 0.23484696134099353, 0.06743265011681664, -0.44624960787761225, 0.11332490771682464, 0.04620724863077359, 0.5713712952539185, 0.04470291155331227], [0.2447554037525628, 0.10786016570571375, -0.3444723840861047, -0.38998169643204705, -0.14747859008167458, -0.6397584050704448, -0.4031874857429243, -0.08199280857602667, -0.8009782641492199, -0.3867993348343396, 0.4667588929305341, 0.27855666493789843, 0.5109312264981619, 0.5823862494070877, -0.007481672279584406], [-0.41391675506124215, -0.7152810571174402, -0.44923482360920364, -0.4618815312968787, 0.20728591184894332, 0.32012729362771575, -0.12174854253926448, 0.5565467257903103, 0.005673123179427392, 0.6691467487936884, 0.19279564791931972, 0.476037824666282, -0.1459258792256976, 0.1770203722333187, -0.09985040351301845]], "inverted": true, "swapped": true, "error_lsq": 0.05038708945668337, "error_max": 0.3264518232806499, "target": "940.xyz", "model": "8.xyz", "model_rescale": 4.019505241142653, "target_rescale": 4.159615577508049},
{"mapping": [3, 12, 2, 0, 1, 5, 8, 7, 10, 14, 9, 4, 15], "R": [[0.41298132054945075, 0.8704021553549688, 0.268042005720478], [0.42049621258294184, 0.07883272339672648, -0.9038630078309748], [-0.8078547914573717, 0.4859891867884308, -0.333444367539904]], "T": [-0.018607584405213116, 0.005217869556150945, -0.006834388670202751], "aligned_model": [[-0.24104938428879313, -0.5025543224905512, 0.11217071048804414, 0.403240795057876, 0.20960768375390929, 0.6659517658296484, 0.2518521172840774, -0.3580356846891464, 0.15383861936577467, -0.2703651274229005, -0.39572980718137213, 0.2556777091960933, 0.03509569683851614], [-0.45722969357403487, -0.03911416225820277, 0.06563472779176344, -0.44850382524933013, -0.7643717253973126, 0.0962572577860436, 0.6258822320912907, -0.6217056653709847, -0.4812654040626722, 0.06743700834958244, 0.6352661760229934, 0.33870086200280947, 0.046390439982113146], [-0.3723266354603409, 0.008376785548153597, -0.5895590628191425, -0.4888765038940495, 0.05602999979394188, -0.25963391234010047, -0.19261426160154693, 0.2920208809332041, 0.5989408357958801, 0.6884615922920563, 0.18885376817602165, 0.322229035279755, -0.07519902765995327]], "inverted": true, "swapped": true, "error_lsq": 0.044585225331329394, "error_max": 0.23505229935348457, "target": "940.xyz", "model": "9.xyz", "model_rescale": 3.877068213659057, "target_rescale": 4.159615577508049},
{"mapping": [8, 0, 9, 11, 4, 8, 1, 12, 2, 13, 5, 10, 6, 14, 3, 15], "R": [[0.8338847838474701, -0.512543842596524, -0.20478031322382445], [0.5387229966272272, 0.6751208796116452, 0.5039735417830773], [-0.12005707048166171, -0.5305757319448263, 0.839092183552304]], "T": [-0.009350672101597492, -0.0009389217296960541, 0.0359044991475667], "aligned_model": [[-0.5172859438302079, 0.23381619613764518, -0.644223950700743, -0.10763335930641454, 0.10217186044686868, -0.5172859438302079, 0.20959554647330675, 0.5518179324175053, -0.5219949525558295, -0.08000250706666218, 0.6321254717466519, -0.2043073021702352, 0.3315860184321151, -0.4948905751548043, 0.5368556588791064, 0.021102767787782577], [-0.28259186704464967, -0.14333438040519172, 0.1607086495991134, 0.32415831836911774, -0.5501155274675447, -0.28259186704464967, -0.7518283296091252, 0.2896201206886347, -0.20701912321124197, 0.226861834843017, -0.3834349121433169, 0.6640640960312645, 0.4760622223265712, 0.504763474931485, -0.10327612713044067, -0.013132574813383318], [-0.47202887634324725, -0.7086486844283981, -0.044415403142725934, -0.6193111707960318, 0.4154548386141557, -0.47202887634324725, -0.3397739014954102, -0.36266852538439454, 0.40343973585881465, 0.7712640231116207, -0.19474808903130653, -0.11566620455527328, 0.22705014189617745, 0.3794705556677146, 0.34241238341090613, -0.047934205907516445]], "inverted": false, "swapped": false, "error_lsq": 0.044746164533330524, "error_max": 0.3481326538185442, "target": "940.xyz", "model": "10.xyz", "model_rescale": 4.260839863003843, "target_rescale": 4.159615577508049},
{"mapping": [9, 14, 6, 4, 5, 8, 13, 12, 1, 0, 2, 15], "R": [[-0.4549088948888036, -0.8904485494884862, -0.012620541386886716], [0.8863341771198952, -0.4513406391761383, -0.10345701473207722], [0.08642698548628078, -0.05824953340521774, 0.9945538537645051]], "T": [0.12370173336317708, -0.0497180481720618, -0.00972543056303821], "aligned_model": [[0.3186097835355918, 0.3089747826992901, -0.48585249730628527, -0.24482245048142992, -0.5451240012380545, -0.281517227862676, 0.2529016180834356, 0.6014974115088267, 0.09179651463309875, -0.14104139849022124, 0.017791201852968605, 0.06568491215958555], [0.06587674843983238, -0.6355713376034601, -0.5556292196775011, -0.21751560595638472, 0.17989270544002672, 0.37017358284930374, 0.7852243873756769, -0.05611812433479586, -0.4502068523071171, 0.16614969798205734, 0.4941310779895285, 0.026671445335766993], [-0.7350698929376274, -0.42582566283031, 0.17879121622910749, -0.37133291256816153, 0.19218621331068156, -0.40007844260041897, -0.4266755413283335, -0.09956686387628604, 0.6880517970668164, 0.6970250365390839, 0.22121242325208987, -0.0025392928611369216]], "inverted": true, "swapped": true, "error_lsq": 0.045559908281722745, "error_max": 0.2369823450206904, "target": "940.xyz", "model": "11.xyz", "model_rescale": 3.890672605050136, "target_rescale": 4.159615577508049},
{"mapping": [10, 7, 14, 6, 4, 2, 3, 5, 1, 11, 9, 12, 8, 15], "R": [[0.4321981760726774, -0.8470976127135735, 0.3092416064089948], [0.32723512685854417, 0.4668742800110206, 0.8215507156676718], [-0.8403106023068634, -0.2538780045595831, 0.47898230703390365]], "T": [0.057248988246028504, 0.03558310303435109, 0.14422220789354956], "aligned_model": [[0.5826285062917389, 0.050736101670157935, 0.5483667933909911, 0.6915259502095477, 0.5269608601809492, -0.3740112255767588, -0.44048287634328276, 0.1796305412770152, 0.09353790542755808, -0.7904072188383421, 0.15050397988939906, -0.16723203582594226, 0.12759867960498048, 0.03051987343568231], [-0.1835337223687896, 0.03100230432237467, 0.47922060336665184, -0.4719933889852401, 0.11859883250985068, -0.21116960313729016, -0.17153988390989408, -0.5128573422455758, -0.555929398904718, 0.16370233462481204, 0.7417531720492514, 0.3837642353556039, 0.12435445074823892, -0.0032200735975107253], [-0.4119535468154736, -0.6287562036220828, -0.19145420267065938, 0.08854600139368513, 0.4034618876145481, 0.48104402281463393, -0.18179273761652742, 0.6186198331298651, -0.4008450899313353, 0.21405566245012664, 0.4089923615822262, -0.11029561681902011, 0.8370839770049343, 0.22808408684194112]], "inverted": false, "swapped": true, "error_lsq": 0.05303185019134864, "error_max": 0.35951263185027005, "target": "940.xyz", "model": "12.xyz", "model_rescale": 4.124412569039231, "target_rescale": 4.159615577508049},
{"mapping": [4, 8, 13, 6, 9, 14, 5, 7, 2, 0, 12, 11, 15], "R": [[0.18973878937995414, 0.892938243335555, 0.40824071991098887], [-0.968590472779544, 0.23829572590684833, -0.07104676667679771], [-0.16072239372697428, -0.38193774440783046, 0.9101054178233037]], "T": [0.09769178698853874, 0.0039978326284466625, -0.06407882850443627], "aligned_model": [[-0.1415884058202474, -0.0006353870643757559, 0.5980255915036543, -0.6527341185755469, 0.571192551302192, 0.2537463030568834, -0.506444280890791, 0.24485862485268328, 0.06894463950243176, -0.33899367337468916, 0.5528008242489936, 0.6533660575012938, 0.06475958126727546], [-0.13319813175206519, 0.4337963750461742, 0.7046726770088494, -0.3095120499756682, -0.051920687608438564, -0.6701561575474907, 0.4114769867590946, -0.5466801848257171, 0.5885284966907967, 0.3905751078684523, -0.12682541814541318, 0.5649822339644819, 0.09174612902542145], [0.403519634074189, 0.48226524085457334, 0.3185302700141932, -0.02391026534022514, 0.5276525627637156, 0.20397521154216633, 0.034904118548325536, -0.5862422789712802, -0.19756556686625956, -0.5894813898016205, -0.1743611726495916, -0.4051578528302733, -0.042430430370073824]], "inverted": false, "swapped": true, "error_lsq": 0.0438655563729427, "error_max": 0.27187341718402547, "target": "940.xyz", "model": "13.xyz", "model_rescale": 3.9028299243045295, "target_rescale": 4.159615577508049},
{"mapping": [1, 2, 11, 6, 5, 12, 8, 3, 13, 10, 0, 9, 15, 14, 4, 15], "R": [[0.3279659853121389, 0.9352633392822626, 0.13311949020646496], [0.8675224645717158, -0.24239019024350916, -0.4343406141925153], [-0.3739559946593368, 0.2579330957211708, -0.8908576946909306]], "T": [0.020908192758410056, -0.008372434215411175, -0.08010962766331953], "aligned_model": [[-0.32191332283948404, 0.18221904553324647, -0.6667551929192911, 0.08079054946563391, 0.05162536166241321, -0.5334917268862999, 0.11604013133451263, 0.5672874198582664, -0.4209311618883355, 0.03553380307775999, 0.74203436069476, -0.23921159676845205, 0.009324858170854449, -0.642751332052295, 0.5623208630917337, 0.009324858170854449], [0.1332349950351887, -0.32831583442500184, 0.22436713617335965, 0.5053684044148761, -0.3872676347223945, -0.4287675650769744, -0.7685296997988306, 0.21975994889538325, -0.3178785358018003, 0.2563089468089088, -0.39610185290165645, 0.7197597055203523, 0.10301966466019792, 0.3178482750791572, -0.02691161060130423, 0.10301966466019792], [-0.6136070504940256, -0.7233551476595065, -0.21725206716130158, -0.5006957856950299, 0.26281414844800294, -0.09231421723914253, -0.17818105775952586, -0.27533975138428723, 0.5043861461121433, 0.6163689865889914, -0.2099532145183891, -0.025275891296174413, -0.05939842830235459, 0.4058808421386409, 0.32718865765615124, -0.05939842830235459]], "inverted": true, "swapped": false, "error_lsq": 0.045386488491975095, "error_max": 0.41423552339433983, "target": "940.xyz", "model": "14.xyz", "model_rescale": 3.942246331269136, "target_rescale": 4.159615577508049},
{"mapping": [14, 4, 10, 5, 2, 6, 3, 7, 12, 1, 0, 11, 8, 13, 15], "R": [[0.6008648134951461, 0.22879501793441392, 0.765907511173402], [-0.6041363293348745, -0.4974427026763255, 0.6225512453861589], [0.5234317257114129, -0.8367816903604334, -0.1606724344631282]], "T": [-0.17335760892371374, -0.029498308953823087, -0.02637232920218612], "aligned_model": [[-0.8016443267097838, -0.342132770787968, -0.23713179175490098, 0.3941597864407448, 0.253403581056191, 0.0971099465384774, 0.10655425556228462, -0.3187278248909182, -0.4800616687414122, 0.26043408331551143, 0.5967103677500575, -0.022541625138362303, -0.14154948852002416, -0.277662269430895, -0.11262621815679238], [0.07397120977229917, -0.4436259953786108, 0.3214482312777145, -0.47017163113289967, -0.1712029140008797, -0.15999221918368278, 0.4668759473019006, 0.6936992083147226, 0.25856081058039404, 0.5139996530452763, 0.1226970976372735, 0.19401127904432272, -0.7074001247914982, -0.4996494017864365, -0.09507646081824554], [-0.40747525727931444, -0.3341697781730152, -0.7378051586292327, -0.1830513081667332, 0.3712655672207168, -0.783247246565702, 0.24229964792000347, -0.2574824272158393, 0.21725795937836404, -0.4322504114702511, -0.02238460348343641, 0.7903958737752884, 0.15341708624200845, 0.7834099646657963, 0.00918257214186299]], "inverted": true, "swapped": true, "error_lsq": 0.04703774751385006, "error_max": 0.2583506153770182, "target": "940.xyz", "model": "15.xyz", "model_rescale": 4.355366556412066, "target_rescale": 4.159615577508049},
{"mapping": [0, 3, 1, 8, 5, 2, 4, 13, 7, 11, 12, 15], "R": [[-0.7579741813412212, -0.6197606847616307, 0.2034006736564573], [-0.1413482696560454, -0.1483576096269974, -0.9787802032790639], [0.6367855267555537, -0.7706404565616566, 0.024849137310861524]], "T": [0.011504399512073209, 0.12508162836547554, -0.21793893194669414], "aligned_model": [[-0.1922015638297037, 0.35507979866053446, 0.2690697517530943, -0.5917640603944381, -0.6464511744966043, -0.2679504372227071, -0.31118833723703027, -0.29000800904614854, 0.7007704474510605, 0.21732117374579893, 0.42581688967541564, -0.07068592442749166], [-0.6114286463483734, -0.2857440673288022, -0.5805209266423302, 0.4399032162893137, -0.20195432770254312, -0.09930720622149242, 0.3942432782951996, 0.5952756630389147, -0.12214258021326485, 0.06289496920163319, 0.31232779938460375, 0.10922925598812154], [-0.03838245564410406, 0.11387559199926786, -0.5079172213236102, -0.04519230996948434, -0.24891019993115465, 0.26359595793614454, -0.561664795645202, 0.5407946925884538, -0.4656313458975568, 0.6148783164057647, -0.045645037386687654, -0.1705427319224104]], "inverted": true, "swapped": true, "error_lsq": 0.04842876511342074, "error_max": 0.25902811945487697, "target": "940.xyz", "model": "16.xyz", "model_rescale": 3.795458400668931, "target_rescale": 4.159615577508049},
{"mapping": [2, 13, 8, 3, 5, 9, 12, 0, 7, 14, 4, 6, 15], "R": [[0.7844767219763642, 0.6039510396086297, 0.14085245625431542], [-0.15442225868357332, 0.4102028761867312, -0.8988255483636393], [-0.6006247070345025, 0.6833569653729951, 0.4150580913269]], "T": [-0.1337426099822413, 0.05669025623810551, 0.011321363803280905], "aligned_model": [[0.22305435262788814, 0.01920980661376709, 0.33347012109311264, -0.30531245259212, 0.5943996834134905, -0.38655518290133783, -0.5801814684530983, 0.313746977150732, -0.7075067123005824, -0.610805042127426, 0.06567573418400793, 0.23875119382324084, -0.04931520962745188], [-0.2528613370715085, 0.21707204948119677, 0.4389611264400689, -0.5435775634866244, 0.005818003772200327, 0.6503460605235486, 0.006276074250814535, -0.5757529787666616, -0.26353385123307704, 0.5257664990821014, 0.53637806858669, 0.1699273925336009, 0.048961721358136], [-0.35907699416811056, -0.904403548171315, -0.34710311647330466, -0.07332507235287063, 0.10097674773768689, -0.3900942352153295, -0.17456007709687824, 0.13762518934526052, 0.41851947524626515, 0.33236419128249856, 0.16898553923011372, 0.7264903765470654, -0.034123445074785874]], "inverted": true, "swapped": true, "error_lsq": 0.04475316298730998, "error_max": 0.2404022847520335, "target": "940.xyz", "model": "17.xyz", "model_rescale": 3.7474275329858107, "target_rescale": 4.159615577508049},
{"mapping": [5, 8, 2, 4, 1, 7, 0, 11, 6, 3, 14, 9, 12, 15], "R": [[-0.784877233879754, 0.09600221593936753, -0.6121693411728468], [-0.3382245471410431, 0.761405214453128, 0.5530517653120933], [0.5192031234964813, 0.6411284379422874, -0.5651393125709627]], "T": [-0.040679394570812516, -0.007502229149494409, 0.003148443383229546], "aligned_model": [[0.4390114003168031, 0.08987454684779358, 0.5139174339831264, -0.29783997996685485, 0.17370400984212325, -0.2977520603152528, 0.6613025347961142, 0.4085482314152049, -0.0836440961251983, 0.29946558581093263, -0.7721510567953791, -0.5118871814102726, -0.23974191206323137, 0.03204019154696784], [-0.2980479918700331, 0.25746506457298984, 0.20726369799553193, -0.1485064787894524, -0.6375105033350881, -0.28170078128855847, -0.33359822613691076, 0.6325851656523331, -0.7755296989750542, 0.04034783144599933, -0.12132627832867793, 0.522602133550487, 0.28458145660954365, 0.011782850408123297], [-0.47255858245957244, -0.6337462606164566, -0.07820977274573943, -0.4537019702326934, 0.4563940886889033, 0.6786392461403865, 0.1337884220778972, 0.36133130360140603, -0.2639261523994704, 0.5312908952523316, 0.054944930056105304, -0.2696673926518959, 0.33700827746382817, -0.05679231351337546]], "inverted": false, "swapped": true, "error_lsq": 0.049704667841662616, "error_max": 0.3765251719396552, "target": "940.xyz", "model": "18.xyz", "model_rescale": 3.922800546911778, "target_rescale": 4.159615577508049},
{"mapping": [13, 9, 12, 2, 10, 8, 14, 0, 4, 3, 7, 1, 5, 6, 15], "R": [[-0.44973385514628933, -0.4734660551808535, 0.7573436169446056], [0.8784516551378753, -0.38774041351725935, 0.27924910261448], [0.16143775618108702, 0.7908775292780456, 0.5902970307923547]], "T": [0.06578347083493673, 0.05101813409129741, -0.07669445942693051], "aligned_model": [[-0.3837131924091063, -0.38261802214946333, 0.29543418472962457, 0.028635146690141985, 0.3685912427033947, -0.5842456525600475, 0.025550061654190756, 0.3700623609202157, -0.3855691019110572, 0.6184956333588315, 0.7352546212974711, 0.669248744094397, -0.25727862876656826, -0.0370256423344298, 0.01522908157002291], [0.6587521886017693, -0.1262709773458384, -0.0163549936345031, 0.6469401605273577, -0.5742045933973254, 0.3158859779825587, -0.6580037360280553, 0.5318615558493308, -0.21886738656178867, 0.35105961602871416, -0.33337922073116966, -0.05494423563907683, 0.37801845687615054, -0.31059942452215417, 0.12771811702860905], [-0.6390830657109164, -0.6640449222499638, -0.4999231983346659, -0.014903315580821266, 0.31159832393453246, -0.09062379380229033, -0.2920054979709853, 0.46403467169397516, 0.05809695846080992, -0.11420525732774198, -0.11677036717062783, 0.44570761253446134, 0.49734294533920964, 0.6455963595999876, -0.048158286251634506]], "inverted": true, "swapped": true, "error_lsq": 0.03585624833622391, "error_max": 0.2387542586990876, "target": "940.xyz", "model": "19.xyz", "model_rescale": 3.9282355846067225, "target_rescale": 4.159615577508049},
{"mapping": [5, 4, 14, 8, 2, 9, 13, 12, 11, 3, 10, 0, 7, 15], "R": [[-0.881652486492417, -0.37014801359718796, -0.2927103364963299], [0.3386152594501912, -0.9282524960975208, 0.15390584640032906], [-0.32867704381233914, 0.0365752856281126, 0.9437338869363565]], "T": [-0.0022011370498615512, -0.18262552345163932, 0.06268209399264837], "aligned_model": [[-0.6972880763555142, -0.049795304425972645, 0.6199176432838305, -0.4100688458308275, -0.4774840486694202, 0.32420472348741114, -0.250843362331125, 0.3834758186430528, -0.09473865494993322, 0.0002515761047610088, 0.313378507373273, -0.5670673219253191, 0.5304899359200108, -0.09190977123955148], [-0.4219403358371415, -0.6332243955323894, -0.5687023143184967, -0.251386170507476, 0.1833614149026568, -0.14211623618254693, 0.392544405627954, 0.11203540997329911, 0.6716941766969625, 0.2727579334395531, -0.726796129726976, -0.04128870809533433, -0.1579395362915513, -0.16611742672367702], [0.08267811236051761, -0.23635221378847068, -0.05815878299373117, -0.5045945297947465, 0.040752207701990284, -0.6223683464678423, -0.6408983720857292, 0.03388323412079578, 0.025440289441926653, 0.49804697180458857, 0.5501809458626247, 0.5891173988986321, 0.6223157678309533, 0.03214047435217328]], "inverted": true, "swapped": true, "error_lsq": 0.048516993439245405, "error_max": 0.3348206667621304, "target": "940.xyz", "model": "20.xyz", "model_rescale": 4.067790424073018, "target_rescale": 4.159615577508049},
{"mapping": [4, 1, 8, 9, 2, 0, 13, 6, 5, 10, 7, 12, 14, 3, 15], "R": [[0.9034516984459893, -0.321769486233105, 0.28326564617747246], [0.13126200293271612, -0.42139743170554844, -0.897326301374288], [0.4080996387662565, 0.8478729871161432, -0.33847611814956713]], "T": [0.052041765136175325, -0.03596594410177813, 0.0421983750753343], "aligned_model": [[0.29555740233592687, 0.15093484762916892, -0.2369836363580523, 0.24561294587187255, -0.5474772896416231, -0.4472783793075631, -0.5389557935963475, 0.3663889474975778, -0.3205107380506696, 0.6648982952828535, 0.46422870482644785, 0.15309680974047418, 0.7703201077501215, -0.22325615800784543, -0.028132112064827047], [-0.15823654662112818, 0.7320856037698341, -0.4055706928421962, -0.7671286054200064, -0.02073739921433697, 0.5697189636312596, -0.7687836874211396, 0.526783594757821, 0.26388391933935296, 0.471714635850081, 0.30202136789736084, -0.266528726740163, -0.2189590921479782, 0.22198766166108952, -0.041355856572003094], [-0.42735045062605825, 0.2626961362104569, -0.48005013793837525, -0.03133566334139882, 0.016387535972660433, 0.03916220324574212, 0.005199504743567306, -0.4553353475541542, -0.5164714425580575, 0.048079997229360676, 0.6020425763974385, 0.45816692603970344, 0.07796586227632518, 0.5467711411167855, -0.010679267592855056]], "inverted": false, "swapped": true, "error_lsq": 0.048287951889552365, "error_max": 0.40455559770024746, "target": "940.xyz", "model": "21.xyz", "model_rescale": 4.186013935880536, "target_rescale": 4.159615577508049},
{"mapping": [6, 5, 1, 14, 9, 10, 4, 8, 3, 2, 13, 12, 15], "R": [[0.9018286980501282, 0.1638030195477994, -0.3998419314682163], [-0.40293648531201975, 0.6529678799185065, -0.6413073651527225], [0.1560358554230628, 0.7394602887118106, 0.6548673859955456]], "T": [0.05171116246350434, 0.015834314636576738, 0.04792847181116208], "aligned_model": [[0.16579170773344287, -0.426426724088049, 0.5709595796639424, 0.4660086355918665, -0.1683449977528973, 0.6603080070115035, -0.14177260991176266, -0.6220734058807321, 0.30244670407228286, -0.3476128689662764, -0.6545761750008118, 0.29033192977198663, -0.03646574682126999], [-0.3841538134147873, 0.03289510841168185, 0.2647963317539234, -0.5506301728052423, -0.3559465189997135, -0.3181896753870192, -0.48313589234206017, -0.17378531214663745, 0.5936289607513728, 0.45706988225933354, 0.2587702824692903, 0.13459909892536576, 0.043038380070585365], [-0.652097332218718, -0.5105608872018396, -0.5148337158722756, 0.2891030373596465, 0.67309260403146, -0.3411796701979457, -0.043279136939065765, 0.10220199155295703, 0.03351595851795372, -0.0306380402886426, 0.622218632120443, 0.4545686193510692, 0.020767501120303726]], "inverted": false, "swapped": true, "error_lsq": 0.03509569810112041, "error_max": 0.1803040233185223, "target": "940.xyz", "model": "22.xyz", "model_rescale": 4.166573947596378, "target_rescale": 4.159615577508049},
{"mapping": [5, 0, 13, 7, 2, 6, 1, 8, 12, 11, 4, 10, 9, 14, 3, 15], "R": [[0.18658037678950948, 0.9525228234169656, 0.24059932224937108], [0.10026892185806946, 0.22515827223505838, -0.9691490575518007], [-0.9773095243097271, 0.20494883096493965, -0.053498321278331346]], "T": [0.0031172270523224035, 0.016192403256417083, 0.033477493861764046], "aligned_model": [[-0.4961493138094778, 0.2783375485967458, -0.6866316428513894, -0.07638991929531327, 0.16463031345703175, -0.45051433188800766, -0.03553075839088742, 0.6693686390374396, -0.43814413281709097, 0.09730438978156575, 0.6276175275800833, -0.2783030536395278, 0.2187461521754628, -0.5448900689312546, 0.49766941914761903, -0.015673850447121072], [-0.14767984194305062, -0.19719256607685787, 0.3390775217544322, 0.2750882683350091, -0.6204864982035567, -0.5939417482477118, -0.571187673780255, 0.3815174586927735, -0.06619247099381725, -0.06332421480351175, -0.285007348062535, 0.6326419889946466, 0.4671415153627871, 0.5306061816829917, -0.1206837683747258, -0.03146279641695842], [-0.6106814846757731, -0.7050862422569517, -0.3363938832611748, -0.6283693104480239, 0.1796374697266953, 0.06607132561818971, -0.3685051415700613, -0.2435167301203375, 0.5108478951333406, 0.812514857057991, -0.20969240108975248, -0.28547981827038305, 0.3660406175282488, 0.2805488020582218, 0.34670216554233746, -0.012770379840728499]], "inverted": true, "swapped": false, "error_lsq": 0.05555405751511106, "error_max": 0.29423032758825035, "target": "940.xyz", "model": "23.xyz", "model_rescale": 4.274766983524099, "target_rescale": 4.159615577508049},
{"mapping": [8, 2, 11, 12, 3, 7, 14, 1, 6, 0, 15], "R": [[-0.4405203265008553, -0.8925942650923451, 0.09600687404470795], [-0.7247168826253927, 0.2904613670009225, -0.6248340854320354], [0.529837033414344, -0.34482991779167305, -0.7748322694741588]], "T": [0.009121038616398874, -0.04161037427243304, -0.08488266585606011], "aligned_model": [[0.45356996787715487, 0.08777936765873356, -0.5124511351556145, -0.45596016833602193, -0.3969517770655193, -0.48939580882835854, -0.1280612956219983, -0.034510712737142735, 0.5956461893169163, 0.19441654283545876, 0.0658135340144671], [0.014356780044484749, 0.5141101794619771, 0.5339472398759161, -0.14683427881132116, 0.3833587179580394, -0.21628563439973314, -0.7631630900465106, 0.16617503289946933, -0.2199411294646046, 0.6277122495413776, 0.022150464184388444], [-0.6254561476899654, -0.2977411598506059, -0.45435281976553865, -0.1799013746591129, 0.14189657582439918, 0.4795006545838877, 0.021099730666790467, 0.6917921563564128, 0.45105332756771266, 0.28098183612448635, -0.12930634513688896]], "inverted": false, "swapped": true, "error_lsq": 0.04925447992865551, "error_max": 0.22181116981596274, "target": "940.xyz", "model": "24.xyz", "model_rescale": 3.7841303162186577, "target_rescale": 4.159615577508049},
{"mapping": [14, 10, 12, 9, 6, 13, 11, 0, 3, 4, 7, 2, 8, 5, 1, 15], "R": [[-0.30692422614393267, 0.021644775058910992, 0.9514877945189824], [0.9004931563751529, 0.3302182926649303, 0.28296281471418266], [-0.30807400852305356, 0.9436563902724908, -0.12084296574658329]], "T": [0.05294541792781094, -0.0005252070363207014, -0.1061875494479513], "aligned_model": [[-0.424543266238997, 0.2786306723452284, -0.6737457794107492, -0.17408925186002064, 0.1513643100314454, -0.5871242672044183, -0.05238571845246039, 0.7874159881654451, -0.4509867573075659, -0.013741460625320272, 0.5219142110242905, -0.20496981978245066, 0.3581925168527336, -0.6121719160176616, 0.5791817722957926, 0.0485056838905861], [0.014179211671437009, -0.19455441324306444, 0.19884340506600232, 0.38198974995186136, -0.4548598433242998, -0.4264455632487272, -0.7572290609686568, 0.03669039199730683, -0.34611556585080094, 0.17059393241788326, -0.43719296946344177, 0.6772842386390603, 0.5021877686834533, 0.2992180735271404, 0.3097846815564434, -0.04546002949193744], [-0.7395020833674553, -0.8249878961051611, -0.19188449599319857, -0.4860273511022581, 0.44691299492819714, -0.2507650221387759, -0.18189883206472088, -0.12850189449695054, 0.41880916891338404, 0.6169828614509236, -0.21661896010081738, 0.10080789358718832, -0.046507935845387156, 0.3807535591945662, 0.3178637047492814, -0.05356797047697808]], "inverted": true, "swapped": false, "error_lsq": 0.05324819981718975, "error_max": 0.43926374336313745, "target": "940.xyz", "model": "25.xyz", "model_rescale": 4.19342608120988, "target_rescale": 4.159615577508049},
{"mapping": [0, 3, 1, 8, 5, 2, 4, 13, 7, 11, 12, 15], "R": [[-0.7579741813412212, -0.6197606847616307, 0.2034006736564573], [-0.1413482696560454, -0.1483576096269974, -0.9787802032790639], [0.6367855267555537, -0.7706404565616566, 0.024849137310861524]], "T": [0.011504399512073209, 0.12508162836547554, -0.21793893194669414], "aligned_model": [[-0.1922015638297037, 0.35507979866053446, 0.2690697517530943, -0.5917640603944381, -0.6464511744966043, -0.2679504372227071, -0.31118833723703027, -0.29000800904614854, 0.7007704474510605, 0.21732117374579893, 0.42581688967541564, -0.07068592442749166], [-0.6114286463483734, -0.2857440673288022, -0.5805209266423302, 0.4399032162893137, -0.20195432770254312, -0.09930720622149242, 0.3942432782951996, 0.5952756630389147, -0.12214258021326485, 0.06289496920163319, 0.31232779938460375, 0.10922925598812154], [-0.03838245564410406, 0.11387559199926786, -0.5079172213236102, -0.04519230996948434, -0.24891019993115465, 0.26359595793614454, -0.561664795645202, 0.5407946925884538, -0.4656313458975568, 0.6148783164057647, -0.045645037386687654, -0.1705427319224104]], "inverted": true, "swapped": true, "error_lsq": 0.04842876511342074, "error_max": 0.25902811945487697, "target": "940.xyz", "model": "26.xyz", "model_rescale": 3.795458400668931, "target_rescale": 4.159615577508049},
