[{"mapping": [0, 8, 1, 7, 3, 9, 6, 4, 10, 2, 11, 13, 12, 14], "R": [[0.6612501170143239, 0.717368016168608, -0.21938872379149083], [0.5063273330266527, -0.2110107131188096, 0.8361262528943872], [0.5535168602478703, -0.6639710899786281, -0.5027538931663607]], "T": [0.03377189787266408, 0.03438917257714857, 0.2073868840871217], "aligned_model": [[0.1336978588604924, 0.2024973090598969, -0.33528914045338587, -0.4369973010213673, -0.596927500772385, -0.18888965169403985, -0.8008199742198611, -0.058207595799208804, -0.3275074511447126, 0.18523237577686855, 0.629875457294195, 0.27896794757024723, 0.7852256723941755, -0.09936590472261142], [-0.7941106651925548, -0.33233575795212433, -0.4768659224544849, -0.33977557864764785, 0.2611527581609354, 0.24035375330980127, 0.35265928472506985, 0.5534437943768913, 0.6823462522968909, -0.013851738702877266, 0.4625161329372878, 0.6202563390343614, -0.07478820001837597, 0.09427287993686212], [0.169633408410645, -0.36653170931362433, 0.5415457009716895, -0.18713770084496595, 0.3977901698852443, -0.4308366886431526, -0.282829797319335, 0.5975373560135993, 0.09947678765980716, 0.6207292881992682, 0.5093759997410159, -0.02751319151072143, 0.11008008598784207, 0.14626837794252118]], "inverted": false, "swapped": true, "error_lsq": 0.04591039131784354, "error_max": 0.28736454724242194, "target": "941.xyz", "model": "0.xyz", "model_rescale": 3.8414455957264533, "target_rescale": 3.9488412952913543},
{"mapping": [8, 12, 10, 1, 3, 11, 0, 13, 9, 7, 4, 5, 6, 2, 14], "R": [[0.37619879088292413, -0.7621209774622448, -0.5269213275719806], [0.5743392009605635, -0.2544427045129744, 0.7780703003971459], [-0.7270549855259969, -0.5953406804780905, 0.3419949154441871]], "T": [-0.12057758988403769, 0.0005276803735163038, 0.11548041555885286], "aligned_model": [[-0.34942374434108064, -0.3167243809975141, 0.2802502722784469, -0.08272981940527255, 0.37895566331656705, -0.6126802837207914, -0.5802493831331553, -0.8492347489270168, -0.4167523074484647, -0.3780171688311774, 0.0490935494814293, 0.5367152535749952, 0.39779395095858405, 0.3578618867355535, -0.096265816578405], [0.2873339620983445, -0.3310412201624533, -0.17050717646248534, -0.8521335913381636, -0.5500113378622122, -0.6395611959931864, -0.26239922001264476, 0.078772964292468, 0.6151709738949749, 0.32681384371336286, -0.12177426426026884, -0.02788870162835222, 0.524438003311005, 0.403469736611581, -0.08410783503708703], [-0.5842866827345528, -0.5432137808633772, -0.41221779655838625, 0.25702261125169, 0.3619559729411554, -0.1572586010856239, 0.6105447114352904, -0.07889916351052079, 0.11743959859456085, 0.6055999978442417, 0.6175473171301571, 0.07699129821437761, -0.14304635858190257, 0.5070644986687802, 0.09788023722721337]], "inverted": false, "swapped": false, "error_lsq": 0.04517942618819051, "error_max": 0.29220555129216597, "target": "941.xyz", "model": "1.xyz", "model_rescale": 4.316132596720782, "target_rescale": 3.9488412952913543},
{"mapping": [12, 2, 11, 9, 13, 8, 10, 7, 4, 0, 3, 14], "R": [[0.2845322540992146, -0.7627900910339107, -0.5806829370643659], [-0.7464265877282017, -0.5563685787778777, 0.3651045791018209], [-0.6015718955450405, 0.3295531543911586, -0.7276716106329723]], "T": [0.05039297128035642, -0.010265299288891286, 0.018476022161687235], "aligned_model": [[-0.1969974116798679, 0.41912922126099134, 0.1236957243452799, -0.5452831177872757, -0.3367004991916887, -0.4711110042685573, -0.0860220351784326, -0.1501399131494651, 0.3509576329626733, 0.14070048350778047, 0.3375764636950213, 0.012003010115321656], [-0.7240421381888174, -0.2537182423955485, -0.6396426000607002, 0.3606243909240351, -0.16918702276430567, -0.06035237250902705, 0.3947018172097382, 0.5206351644211116, 0.013749849139575351, -0.13595593612769713, 0.570141408154066, 0.13582210993855057], [0.14253935096857095, -0.011250184596522016, -0.45937384273517196, -0.06482906512155603, -0.5139167050250083, 0.4852338603240586, -0.5974852709923082, 0.46029477198681357, -0.5639151481062129, 0.8393712169556202, -0.23864372052740487, -0.02876680192145782]], "inverted": false, "swapped": true, "error_lsq": 0.04595914388074971, "error_max": 0.25188931813545573, "target": "941.xyz", "model": "2.xyz", "model_rescale": 3.795458400668931, "target_rescale": 3.9488412952913543},
{"mapping": [0, 1, 5, 10, 8, 9, 3, 12, 4, 13, 7, 14], "R": [[0.8047311203791938, 0.554465281338734, 0.2120756367035279], [-0.5680556833993776, 0.6154879428053815, 0.5463399425438945], [0.17239653259539237, -0.5601275248112331, 0.8102694561057622]], "T": [0.19601964996285598, -0.1079729038412517, 0.009908248114301167], "aligned_model": [[-0.10215909517958566, -0.37895235380232767, -0.7290897763265958, 0.18314903379249664, 0.19035533467526092, 0.11440087530632853, -0.2606236039614768, 0.8116054641778512, 0.3461264842878998, 0.6935646470443648, -0.38329019997270813, 0.10821701570205731], [-0.1082656907749598, -0.4415717875135284, -0.01164174668119751, 0.04466258542914818, 0.44114467234339483, 0.5489378621983124, -0.25500654693723956, -0.05572091924376801, -0.4718847892666294, 0.13620516089235324, 0.29636318237309073, -0.03745293752926715], [-0.770419794448896, -0.2496469807035008, 0.1322065826874224, 0.743769603378965, -0.42687063640338413, 0.2571642370110294, 0.5151952090425271, -0.4421923184952845, 0.5344379387394572, 0.3989654850575156, -0.1249434294977338, 0.1211055342709827]], "inverted": false, "swapped": true, "error_lsq": 0.04874935829952348, "error_max": 0.28012781475740367, "target": "941.xyz", "model": "3.xyz", "model_rescale": 3.7530521520055578, "target_rescale": 3.9488412952913543},
{"mapping": [10, 8, 7, 0, 3, 12, 4, 13, 11, 2, 14], "R": [[-0.38692862229084324, -0.444829684821768, -0.8077207393359893], [0.3911098799922287, 0.7140838065705148, -0.5806181007910696], [0.8350564669676985, -0.5405653232451473, -0.10232217882890768]], "T": [0.013317086047915587, -0.04480955112480159, -0.01069660062415567], "aligned_model": [[-0.399287309130475, -0.048352733144981716, 0.2992081823571975, 0.5992547675317024, 0.18067314185904892, -0.24811929643010244, -0.1635055158352672, -0.6541270099365202, -0.4094668100985766, 0.1919833800004368, -0.010061194727257326], [-0.6569136754916917, 0.2477556178935338, -0.31727289102920764, 0.40663887815012223, -0.704169570801426, 0.6746926205389042, -0.3414717495703832, -0.08928725112530408, 0.3134246129852015, 0.12653946660182944, -0.19273269983723287], [0.12007758684732422, -0.6454725029558999, -0.6117810849202412, -0.3988896620150427, 0.13994596134339038, -0.004473275641380925, 0.5468162924007116, 0.09456306864171427, 0.5574157426137393, 0.35650535260416855, -0.061876701673167486]], "inverted": false, "swapped": true, "error_lsq": 0.05165109621982253, "error_max": 0.2703887941742351, "target": "941.xyz", "model": "4.xyz", "model_rescale": 3.7855080009869324, "target_rescale": 3.9488412952913543},
{"mapping": [15, 14, 3, 1, 0, 12, 11, 13, 8, 6, 4, 5, 10, 7, 16], "R": [[0.22298696511404248, -0.15598161582492504, 0.962261164608587], [-0.18428178959195218, -0.976061775221319, -0.11551464399198332], [0.9572445013757018, -0.1515689495789051, -0.24639362432808826]], "T": [-0.1154237155412483, -0.06973421222069656, 0.015616522645164305], "aligned_model": [[-0.4002301964492365, -0.39514860448525757, 0.4594207318327097, -0.10261552859907849, 0.43054806623640707, -0.6214309547979835, -0.7086890358294097, -0.8168756548175536, -0.37251439559702293, -0.35514941924922283, 0.15251854785064717, 0.6702614321721208, 0.2716874273865237, 0.22949096192380103, -0.12268045461474603], [0.4117208636955497, -0.3132772723184852, -0.2458092195254106, -0.7356265663394185, -0.5570923218475419, -0.5227297059164838, -0.328714865038757, 0.10885495610559234, 0.5844753885610557, 0.15011540272411586, -0.1896355642871445, 0.019018484870825816, 0.4928826421230561, 0.4118640567515157, -0.0894713383935867], [-0.5896969374671521, -0.5501910090441335, -0.3321881043010767, 0.3755154835534318, 0.28556238722544125, -0.027009989307373042, 0.4775705349771888, 0.04625513745447288, -0.019369966705149635, 0.5815447882913471, 0.6944621554118585, 0.18860511198245306, -0.23849273004701746, 0.47438274248709855, -0.033825744538286566]], "inverted": true, "swapped": false, "error_lsq": 0.043601876569295483, "error_max": 0.2401700254555773, "target": "941.xyz", "model": "5.xyz", "model_rescale": 4.2253639853439635, "target_rescale": 3.9488412952913543},
{"mapping": [1, 4, 6, 5, 3, 9, 7, 1, 13, 2, 10, 8, 0, 14], "R": [[0.03008985074576359, 0.01713582839059352, 0.9994003023150764], [-0.7493577386886864, -0.6612970221617516, 0.033900264709564365], [0.661481352986973, -0.7499284044929677, -0.0070574630821324535]], "T": [0.08538505988919162, 0.223989493792623, -0.012126556402598188], "aligned_model": [[0.6156390419825631, -0.17761438656612624, -0.5841159346104227, 0.16218789675786097, -0.1300587586299508, -0.4480787141340832, 0.11818067434535612, 0.6156390419825631, -0.48190574412609466, 0.36009368352338467, -0.5848267092285611, 0.1423158261393577, 0.7872496509596856, -0.02064341563774867], [-0.2472829161562885, 0.2410608485954409, -0.5208110989288818, -0.7028780095323607, -0.34583380332915137, 0.054572558432422286, -0.3123997038350035, -0.2472829161562885, 0.5892660246509339, 0.3588143849480224, 0.008743867484237777, 0.3154817830977763, 0.14666902401411466, 0.10697910335001692], [-0.089476198954251, -0.6126556384807719, 0.1754696786993835, 0.11068215915858803, -0.3502718470099409, 0.4192007054049774, 0.4658730504414991, -0.089476198954251, -0.0695171890840992, -0.3322465741322746, -0.27000489784962883, 0.6812175426960837, 0.4342254846413511, -0.00146186764521632]], "inverted": true, "swapped": true, "error_lsq": 0.0514336769336165, "error_max": 0.3968268674679377, "target": "941.xyz", "model": "6.xyz", "model_rescale": 3.89814844738969, "target_rescale": 3.9488412952913543},
{"mapping": [13, 10, 9, 11, 8, 3, 4, 12, 2, 1, 7, 0, 14], "R": [[0.4412084696792404, -0.8487505617067012, -0.2914748192998192], [0.8785424142330284, 0.4747592743070694, -0.052600930153627976], [0.1830254427037531, -0.23286501553901207, 0.9551311804464928]], "T": [-0.09282561400805106, 0.05723354662754089, 0.015052485295221667], "aligned_model": [[0.10039166673057218, -0.1841959178698738, 0.427157733751042, -0.29807702943748904, 0.5558117691769557, -0.47020862903982724, -0.5708499725826204, 0.20761619676445525, -0.44127402478140665, -0.42397179294596293, 0.22389543574925824, 0.10005152218524857, -0.07771515679612957], [-0.3013055999354988, 0.2208184015746817, 0.32911493566585975, -0.6873326908528785, 0.12341970345934289, 0.5399228793744182, -0.0900661021758226, -0.5918678881475883, -0.1512205808997214, 0.4893074672490441, 0.6869077210434187, 0.22055867672672402, 0.17552434238850562], [-0.5259246379194247, -0.710831249816972, -0.37868185573723034, -0.16749216180273038, 0.2743340478519033, -0.31668526422789783, -0.4090829228989523, 0.28795014486457116, 0.1918291428936643, 0.4764679947889795, 0.15812854379764366, 0.8112596291977217, -0.08899638015498082]], "inverted": true, "swapped": true, "error_lsq": 0.043084847195632166, "error_max": 0.2765258486074663, "target": "941.xyz", "model": "7.xyz", "model_rescale": 3.7474275329858107, "target_rescale": 3.9488412952913543},
{"mapping": [2, 1, 0, 12, 10, 13, 13, 4, 8, 9, 11, 6, 3, 7, 14], "R": [[-0.9897187323485419, -0.019108228679821385, -0.1417452166216388], [-0.003012196969843341, -0.9880310567388808, 0.154225670978814], [-0.1429956555557214, 0.15306700008875257, 0.9778152872480668]], "T": [-0.0538054968660743, -0.0519650748232682, 0.08667629789424217], "aligned_model": [[-0.48108747531566765, -0.10676512224839194, 0.43760298070163167, -0.1813020557650714, 0.5355536398590879, -0.8356439706994424, -0.8356439706994424, -0.7954455792856139, -0.3859223859814199, -0.16457981119718593, -0.08043546446103544, 0.7138225182733365, 0.23348025474223225, 0.36977026059692725, -0.1048108955572471], [0.19417642089152568, -0.3768047112449428, -0.17269890258146955, -0.6424316995057415, -0.4388659019491388, -0.47098140514243025, -0.47098140514243025, 0.17475373745554668, 0.5429227000148871, 0.34537698128036926, -0.24141464167552532, 0.22318982313869265, 0.4631469043551416, 0.12936048472137915, -0.06217344345098062], [-0.5955509155979576, -0.5889540068868944, -0.3354069742647052, 0.21212115193121484, 0.3663670514349182, 0.2325040882921676, 0.2325040882921676, -0.017219872165813124, 0.054782361652723974, 0.7271361185108085, 0.6781825633177374, 0.042234078120517424, -0.32107495325572566, 0.5882560533364672, 0.057243027255476225]], "inverted": false, "swapped": false, "error_lsq": 0.056913432210015366, "error_max": 0.5115765581281069, "target": "941.xyz", "model": "8.xyz", "model_rescale": 4.019505241142653, "target_rescale": 3.9488412952913543},
{"mapping": [2, 3, 1, 0, 12, 8, 7, 11, 13, 10, 6, 9, 14], "R": [[-0.3493045173390404, 0.9278276876747834, -0.13085158061943675], [-0.8783025775186041, -0.27555802226807286, 0.3907075104062946], [0.32645204317130033, 0.2514031788736435, 0.9111671115451383]], "T": [-0.010580265427019356, -0.191712583790913, -0.03466322274035587], "aligned_model": [[-0.2245161760002135, -0.5536960268860983, -0.1836072145442328, 0.46317205068163153, 0.4625735969474845, 0.6711467790623689, 0.245040928751801, -0.1653333534632619, -0.0047196705668282185, -0.41007572943654025, -0.1861589757050155, 0.2615594376722092, -0.05568487477212848], [-0.5262267150110315, 0.2446107210849368, -0.0091189481326589, -0.20959090881517534, -0.7859427247021329, -0.028817322971967096, 0.4346316226298787, -0.8833656847479356, -0.321325509085121, 0.13560783391445758, 0.755382097249206, 0.3072423049469968, -0.04970853824539462], [-0.23075281223090982, -0.04486663970256559, -0.7024739565595202, -0.7224579684788183, 0.06066279174962082, -0.06708793118288356, -0.27884202602184527, 0.32240405858829424, 0.6299461573170868, 0.5087339179268615, 0.29750485763665147, 0.38523307869849066, 0.018699966303416228]], "inverted": false, "swapped": true, "error_lsq": 0.050202419701673495, "error_max": 0.31788700530532665, "target": "941.xyz", "model": "9.xyz", "model_rescale": 3.877068213659057, "target_rescale": 3.9488412952913543},
{"mapping": [5, 3, 4, 14, 2, 6, 10, 12, 0, 11, 9, 7, 1, 8, 15], "R": [[0.9195415915324094, 0.38851668629946845, 0.059144280441339486], [-0.03227656036861276, -0.07532675882953196, 0.9966363946068841], [0.3916650164270671, -0.9183575904140597, -0.056726105419527606]], "T": [-0.12453345513600157, -0.17137939030727034, 0.06409660541445397], "aligned_model": [[-0.24125899788955874, -0.26557960196514363, 0.34728140531773044, -0.1613232926668454, 0.4206473824326381, -0.638551434019876, -0.5803582782269804, -0.7714816065880692, -0.3462174934063209, -0.5008225701593063, 0.0794369414111296, 0.642301749322637, 0.24487116386190283, 0.2438742754342661, -0.1542267198955053], [0.321056290607774, -0.29163337785317467, -0.24560704724948132, -0.7866656158485152, -0.5040370238699602, -0.4810487173177402, -0.36412455948685785, 0.16126412259391254, 0.5924999038423179, 0.24527020299192992, -0.2929981899261277, 0.10156211987310748, 0.5272970222964042, 0.30018013605913524, -0.08644032554784074], [-0.5316195099233416, -0.5428682252571316, -0.4154570121768073, 0.5432530674936454, 0.24429680277819893, -0.07801250906405938, 0.5723129076636911, -0.10620195115912082, 0.09742297304551184, 0.5431215469178095, 0.6799295769345953, 0.0028326630001687877, -0.2940906474822781, 0.5511595304634194, 0.06704464673880174]], "inverted": true, "swapped": false, "error_lsq": 0.04327406518905588, "error_max": 0.3515273310665725, "target": "941.xyz", "model": "10.xyz", "model_rescale": 4.260839863003843, "target_rescale": 3.9488412952913543},
{"mapping": [0, 7, 3, 1, 4, 2, 12, 8, 9, 10, 13, 14], "R": [[0.4228834504702034, -0.9036037216618873, -0.06833667768630255], [-0.9034097759262636, -0.426284731555427, 0.04617471606383363], [-0.07085452758485622, 0.042209499422571996, -0.9965931938756267]], "T": [-0.03695265285828258, 0.09625628190572744, -0.08494716274626066], "aligned_model": [[0.3191928802693108, 0.2692688342451838, -0.5041429131057256, -0.2798945975972088, -0.5887302066341724, -0.3255715117591608, 0.3512120007699003, 0.6485879179202653, 0.36694350344813886, -0.2962514454513759, 0.050056798366811824, -0.0517726113778368], [-0.09401195968569315, -0.5515273329499661, -0.3594557919271366, -0.32867088344737, 0.2766722355335075, 0.31801821312887324, 0.7232888306315295, -0.008117035853995452, -0.19268749034738852, -0.04653891179314171, 0.4564376115951035, -0.020328979351388207], [-0.8162342877966002, -0.1472154288447303, 0.1590131474143063, -0.6042409646919902, 0.2201543502587305, -0.3372172661518009, -0.2904452683286719, -0.1920841183663572, 0.4177538362158033, 0.6038121587242907, 0.48183167434672414, 0.021050244615800323]], "inverted": true, "swapped": true, "error_lsq": 0.04983477320311656, "error_max": 0.23659503632674875, "target": "941.xyz", "model": "11.xyz", "model_rescale": 3.890672605050136, "target_rescale": 3.9488412952913543},
{"mapping": [9, 6, 5, 8, 7, 11, 10, 12, 13, 4, 1, 3, 2, 14], "R": [[0.7809755937096178, -0.5365157562755403, 0.3197310827836347], [0.4017713947982688, 0.8235134869694799, 0.400506283472834], [-0.47818079044621187, -0.18432682942928735, 0.8587006181439388]], "T": [0.10103501449739213, -0.04755216786544441, 0.2800069441220415], "aligned_model": [[0.35553837155583334, 0.21304784854641756, 0.4427884659545659, 0.7355333163205844, 0.6679507377506942, -0.4573582178392619, -0.311840286776773, 0.20070414269583348, -0.22117468696748224, -0.5410154837964377, 0.31064087608692115, -0.1557349089107247, -0.13031338653824023, 0.10110904671176354], [-0.28705356054020337, 0.22013283041648807, 0.7128771574790037, -0.3452884672381578, 0.24323590645517923, -0.5029902903258872, -0.06282011760890338, -0.6364560203324746, -0.57306939817876, 0.03905321851980519, 0.5981512398918826, 0.45462619534101606, 0.07094370538733921, 0.0008101205614379145], [-0.3341559228059855, -0.6966965516645881, -0.15012773788122274, 0.24679562191983084, -0.05364168297443961, 0.6125767689798933, -0.3455460987166189, 0.7588904417699301, -0.00026441360384821255, 0.17819347201757155, 0.4999670066463263, -0.12906879996581522, 0.638554082286081, 0.12931424934974606]], "inverted": true, "swapped": true, "error_lsq": 0.04810553661120321, "error_max": 0.29648109855436205, "target": "941.xyz", "model": "12.xyz", "model_rescale": 4.124412569039231, "target_rescale": 3.9488412952913543},
{"mapping": [7, 0, 12, 5, 8, 9, 1, 10, 2, 3, 13, 11, 14], "R": [[0.5668765625302374, 0.7231374498372007, 0.3946177789923462], [0.5965945844160327, -0.030035382543123046, -0.8019805344526447], [-0.5680896625528081, 0.6900507984477944, -0.4484462407716208]], "T": [0.15791797638676788, 0.19295370730267447, -0.051922817761485295], "aligned_model": [[-0.2518550932407567, -0.13241133681417813, 0.7491557918089853, -0.6783064992979392, 0.3331261862707691, 0.30667069030722094, -0.49923272522610684, 0.2066188496710986, 0.10697675854968738, -0.3152203911181045, 0.7135490738802756, 0.7276521276248167, 0.10057487509398919], [-0.22716923028184394, 0.5193993587757262, 0.5716552258644169, -0.2199113860386317, -0.013996131623182528, -0.48467041876449524, 0.4272707213392003, -0.3213031604358684, 0.604958629589056, -0.09191377339386625, -0.06159478341147462, 0.5926169485569843, 0.05214337633245614], [0.3638358821182271, 0.6600916696754082, 0.2531904273453386, 0.04973870915437407, 0.5952339161607519, 0.08234213236855886, 0.09807194684886356, -0.5952310479783621, -0.2061186064924821, -0.4767139076835714, -0.34350236850036103, -0.4333698838385644, -0.09587078821034242]], "inverted": false, "swapped": true, "error_lsq": 0.042605444228192665, "error_max": 0.27043409313837674, "target": "941.xyz", "model": "13.xyz", "model_rescale": 3.9028299243045295, "target_rescale": 3.9488412952913543},
{"mapping": [12, 13, 5, 10, 4, 14, 9, 11, 1, 6, 7, 0, 2, 3, 15], "R": [[-0.13080160919310357, 0.9520123141742384, 0.27670108907105107], [0.22935747199134987, -0.2424696547390176, 0.9426577409497463], [0.9645133949687956, 0.18676461172115216, -0.18663571666327838]], "T": [-0.032986191044607135, 0.018861651892909594, 0.029591752313777142], "aligned_model": [[-0.3285999659336206, -0.25193641497844826, 0.18659135377110841, -0.10956546877994434, 0.47394204174137006, -0.7480617425113854, -0.5985395162370885, -0.7557653977899874, -0.4275048886056674, -0.23879451066053703, -0.1300307104140653, 0.7785574115753474, 0.22739484542388128, 0.334874033300033, -0.09396814693829804], [0.1091410136621224, -0.5002039787736691, -0.2633022252514139, -0.7098486515739719, -0.3948833967198027, -0.4935236783130113, -0.1389885936850029, 0.1369900403666102, 0.5334575821005987, 0.35494633746930554, -0.4678763621188275, 0.18717611905933776, 0.6987699752297071, 0.16291861119335885, -0.01819785148045852], [-0.5938682880218464, -0.5319089353930697, -0.33683843462875385, 0.16549432731408326, 0.2062328444629679, -0.06621472902858841, 0.5356334430847869, -0.06783817363842286, 0.07136233563761721, 0.5672703570091093, 0.7874152296575656, 0.04643308343205203, -0.08029981815786957, 0.5118944508967012, 0.11835616734677125]], "inverted": true, "swapped": false, "error_lsq": 0.04143806456606099, "error_max": 0.2649644338517294, "target": "941.xyz", "model": "14.xyz", "model_rescale": 3.942246331269136, "target_rescale": 3.9488412952913543},
{"mapping": [1, 3, 5, 4, 10, 12, 13, 12, 0, 8, 11, 9, 2, 6, 14], "R": [[0.621324870264835, 0.6945897955358303, -0.3626298684993829], [-0.7733731656071209, 0.4692661613791745, -0.42624314247067424], [-0.1258942107851152, 0.5452836745419288, 0.8287438458105405]], "T": [-0.012521222742982702, -0.07086783131151697, 0.13649533964916744], "aligned_model": [[-0.43028965608804826, -0.22968764935402872, 0.1776395049048651, -0.0466595965299241, 0.5051347380399084, -0.794615558312398, -0.6520871428719524, -0.794615558312398, -0.24351944317304886, -0.2801703612964417, -0.0675232613276826, 0.7699034979740198, 0.19863528338542638, 0.26487439617149733, -0.058426270247096665], [0.058219219376376696, -0.4747745569512536, 0.024375309249735078, -0.6542125722431147, -0.5304669723177663, -0.14699627734464005, -0.4630999412118501, -0.14699627734464005, 0.6134260626609814, 0.42482303303243973, -0.2913843556408459, 0.1178610318499749, 0.5349830757560495, 0.1288408872255321, 0.0019772750679039747], [-0.5457417930442454, -0.41689966451749677, -0.4614571668474479, 0.18347897068418836, 0.30912630991644463, -0.08846947568328656, 0.4496075436240904, -0.08846947568328656, -0.0017044132390168498, 0.6670567705177557, 0.8165381786716732, 0.1176465000813528, -0.27703280566205124, 0.5791661967041165, 0.09027818445031298]], "inverted": false, "swapped": false, "error_lsq": 0.05466846265822744, "error_max": 0.37808907354099197, "target": "941.xyz", "model": "15.xyz", "model_rescale": 4.355366556412066, "target_rescale": 3.9488412952913543},
{"mapping": [12, 2, 11, 9, 13, 8, 10, 7, 4, 0, 3, 14], "R": [[0.2845322540992146, -0.7627900910339107, -0.5806829370643659], [-0.7464265877282017, -0.5563685787778777, 0.3651045791018209], [-0.6015718955450405, 0.3295531543911586, -0.7276716106329723]], "T": [0.05039297128035642, -0.010265299288891286, 0.018476022161687235], "aligned_model": [[-0.1969974116798679, 0.41912922126099134, 0.1236957243452799, -0.5452831177872757, -0.3367004991916887, -0.4711110042685573, -0.0860220351784326, -0.1501399131494651, 0.3509576329626733, 0.14070048350778047, 0.3375764636950213, 0.012003010115321656], [-0.7240421381888174, -0.2537182423955485, -0.6396426000607002, 0.3606243909240351, -0.16918702276430567, -0.06035237250902705, 0.3947018172097382, 0.5206351644211116, 0.013749849139575351, -0.13595593612769713, 0.570141408154066, 0.13582210993855057], [0.14253935096857095, -0.011250184596522016, -0.45937384273517196, -0.06482906512155603, -0.5139167050250083, 0.4852338603240586, -0.5974852709923082, 0.46029477198681357, -0.5639151481062129, 0.8393712169556202, -0.23864372052740487, -0.02876680192145782]], "inverted": false, "swapped": true, "error_lsq": 0.04595914388074971, "error_max": 0.25188931813545573, "target": "941.xyz", "model": "16.xyz", "model_rescale": 3.795458400668931, "target_rescale": 3.9488412952913543},
{"mapping": [13, 10, 9, 11, 8, 3, 4, 12, 2, 1, 7, 0, 14], "R": [[0.4412084696792404, -0.8487505617067012, -0.2914748192998192], [0.8785424142330284, 0.4747592743070694, -0.052600930153627976], [0.1830254427037531, -0.23286501553901207, 0.9551311804464928]], "T": [-0.09282561400805106, 0.05723354662754089, 0.015052485295221667], "aligned_model": [[0.10039166673057218, -0.1841959178698738, 0.427157733751042, -0.29807702943748904, 0.5558117691769557, -0.47020862903982724, -0.5708499725826204, 0.20761619676445525, -0.44127402478140665, -0.42397179294596293, 0.22389543574925824, 0.10005152218524857, -0.07771515679612957], [-0.3013055999354988, 0.2208184015746817, 0.32911493566585975, -0.6873326908528785, 0.12341970345934289, 0.5399228793744182, -0.0900661021758226, -0.5918678881475883, -0.1512205808997214, 0.4893074672490441, 0.6869077210434187, 0.22055867672672402, 0.17552434238850562], [-0.5259246379194247, -0.710831249816972, -0.37868185573723034, -0.16749216180273038, 0.2743340478519033, -0.31668526422789783, -0.4090829228989523, 0.28795014486457116, 0.1918291428936643, 0.4764679947889795, 0.15812854379764366, 0.8112596291977217, -0.08899638015498082]], "inverted": true, "swapped": true, "error_lsq": 0.043084847195632166, "error_max": 0.2765258486074663, "target": "941.xyz", "model": "17.xyz", "model_rescale": 3.7474275329858107, "target_rescale": 3.9488412952913543},
{"mapping": [10, 13, 9, 11, 3, 1, 6, 8, 4, 7, 2, 12, 0, 14], "R": [[-0.6321810972354163, 0.013733101755975002, 0.7746989494083397], [-0.16936427306541227, 0.9732153659663731, -0.155459301606443], [-0.7560838599700762, -0.22948475627609471, -0.6129224611071549]], "T": [-0.08711155413358497, -0.02176296475018341, 0.030116450048642596], "aligned_model": [[0.4129602802056126, 0.1372244858848865, 0.5862320000859378, -0.5187505018272924, 0.2086417173492986, -0.28990321613716274, 0.8656977380028651, 0.12583701039172984, -0.15740474765394702, 0.3588564749364449, -0.4997400626030061, -0.4841755029603445, -0.38568492043436325, 0.05505689264221718], [-0.44729285732396873, 0.03906872301670539, 0.17575687018608283, -0.0321508515690518, -0.6344587127142003, -0.25652989652176117, -0.3490422981404469, 0.6171234245872701, -0.5555786556200706, 0.10488013063948576, -0.18104259662553718, 0.5547087451054087, 0.41408032572156234, -0.0891141092302449], [-0.33164065786090646, -0.6058963894035481, -0.05308977422688567, -0.6357735441373034, 0.1804187762939441, 0.6727749648729517, 0.18241399675500702, 0.22713188418782648, -0.3443097690360726, 0.5799769698532509, 0.008045704858255582, -0.2798701225058681, 0.6771999646555309, 0.04741271435547262]], "inverted": false, "swapped": true, "error_lsq": 0.04479063248298264, "error_max": 0.2474130800989364, "target": "941.xyz", "model": "18.xyz", "model_rescale": 3.922800546911778, "target_rescale": 3.9488412952913543},
{"mapping": [12, 7, 3, 9, 2, 11, 10, 13, 8, 6, 2, 0, 5, 1, 14], "R": [[0.30949053313871366, -0.625688193543572, 0.7160516003457408], [0.9120186435072032, 0.40845044676749254, -0.03728574031338272], [-0.26914234856818064, 0.6645919928765449, 0.697050844064898]], "T": [-0.19093719778312784, 0.06369854538927952, 0.09453950479723461], "aligned_model": [[-0.12802679208747525, -0.3220119762094931, 0.22527815283457336, -0.050007474131521706, 0.19157984693175878, -0.7147012190479176, -0.46356725454883535, -0.7775670591763031, -0.39816996202420024, -0.4000556654057925, 0.19157984693175878, 0.637536355261614, 0.2758485854641548, 0.24727023465489467, -0.19639269648451815], [0.22054914165685166, -0.4680183149172432, -0.21804015762174864, -0.7355794314818762, -0.4105861904314001, -0.4162754295744432, -0.41338639863906157, 0.11549151994256387, 0.6394032163643741, 0.32532129250021835, -0.4105861904314001, 0.043051382744243985, 0.5861317503786129, 0.3488942293283499, -0.00979547865315851], [-0.673610360705734, -0.4871026549409575, -0.30110848107019395, 0.15807464936477164, 0.4711874341130398, 0.04414261843641559, 0.6850168164635745, -0.25900913447172397, 0.09760010344474407, 0.6975243939995976, 0.4711874341130398, -0.013385942883138047, -0.2082942764566228, 0.6185821480567766, 0.032319112509514344]], "inverted": true, "swapped": false, "error_lsq": 0.051796416672571524, "error_max": 0.31185592205928947, "target": "941.xyz", "model": "19.xyz", "model_rescale": 3.9282355846067225, "target_rescale": 3.9488412952913543},
{"mapping": [4, 13, 13, 10, 3, 9, 6, 8, 5, 1, 12, 2, 0, 14], "R": [[0.3920480954439699, -0.9112019559721067, 0.12652780837176925], [0.8758796522362646, 0.4117790487841839, 0.25154095050482944], [-0.28130610668315803, 0.012206982223297691, 0.9595404441334217]], "T": [-0.008596775288223248, -0.18269019506839695, 0.18212056496405937], "aligned_model": [[-0.6010685887624024, -0.017854402449986425, -0.017854402449986425, -0.401040507461141, -0.5318750264619987, 0.2791546925060018, -0.1472093510263888, 0.6800039900927286, -0.17370368906252226, -0.16396147290147825, 0.43666730670538306, -0.23417832136039274, 0.4736319953595716, -0.04818940364271164], [-0.4347216535853065, -0.6957830967944951, -0.6957830967944951, -0.24483104735580413, 0.18936878556609266, -0.06279620468436822, 0.36237249383167064, -0.06429135093334193, 0.7250309769100796, 0.3811664432620521, -0.7282625880623113, -0.3145566058286528, 0.20832508037088443, -0.10235604847716885], [0.057410450824434925, -0.25968194246816645, -0.25968194246816645, -0.45360120251877123, -0.08845078092922476, -0.45203511530103335, -0.6674940953349346, 0.11771023561121398, 0.012279444929187672, 0.5909939429847223, 0.48239002424206756, 0.5396728278714609, 0.7410346647343906, 0.05163664506650126]], "inverted": true, "swapped": true, "error_lsq": 0.06394221624118757, "error_max": 0.5302642038341956, "target": "941.xyz", "model": "20.xyz", "model_rescale": 4.067790424073018, "target_rescale": 3.9488412952913543},
{"mapping": [3, 11, 6, 13, 5, 10, 9, 12, 0, 7, 1, 4, 2, 8, 14], "R": [[0.9828809392390647, -0.014752361825752222, 0.1836502847835968], [-0.17093257061204953, 0.29895971017988593, 0.9388317996281951], [-0.06875402231499483, -0.9541516962777571, 0.2913201416067699]], "T": [-0.06051891891914343, -0.04506604502623897, 0.05993402176767431], "aligned_model": [[-0.3303794985398505, -0.35880773103283914, 0.37825361889017617, -0.05013352661113368, 0.3838095138292471, -0.5803038476215784, -0.7109484812738492, -0.7952346528815695, -0.1934247616314202, -0.295303209222744, -0.19038690893657265, 0.7110973792897001, 0.2554605659402198, 0.21659997023143648, -0.12170550746652425], [0.30798342199581746, -0.37112575553859123, -0.15291576096504553, -0.7449003465595905, -0.3294184096079938, -0.6596611107916913, -0.16365738757478643, 0.02782791439974673, 0.6474210818658425, 0.2673235294568101, -0.3830279197107423, 0.17156013797427694, 0.5249021227119774, 0.14673600601836273, -0.09247258250950967], [-0.665515051602082, -0.4120205350781616, -0.5260728054379988, 0.07566930381575451, 0.3248530612231459, 0.21285019025299995, 0.4685014915404025, -0.14474408611136513, 0.1451140991487657, 0.6955070293676826, 0.7962907136686769, 0.07233885604253987, -0.2992528160369478, 0.5199177075828194, 0.06968670159687124]], "inverted": true, "swapped": false, "error_lsq": 0.05338663819335221, "error_max": 0.35248509525686084, "target": "941.xyz", "model": "21.xyz", "model_rescale": 4.186013935880536, "target_rescale": 3.9488412952913543},
{"mapping": [9, 6, 7, 12, 11, 8, 13, 10, 1, 3, 4, 2, 14], "R": [[0.2543581044285227, -0.5809618319179608, 0.7731657678441642], [0.36009708582367284, 0.7988680520600883, 0.4818090121396845], [-0.897570077204464, 0.15586271283487663, 0.4124012260589506]], "T": [0.14216772198409974, -0.008789560148077136, 0.10357969039340313], "aligned_model": [[-0.047910609287561245, -0.4250466630062375, 0.33560999596997676, 0.5678553587306242, -0.03455677804893201, 0.6210866670115893, -0.24893483872681818, -0.5758074220139574, 0.4008010128875811, -0.3514257802995723, -0.41609743478996575, 0.19185276468745321, 0.041147762309044295], [-0.30342744018342044, 0.16635536618005975, 0.2530203565787413, -0.5492402007459523, -0.43455722502715394, -0.3040914210856096, -0.5605289445348134, -0.08572396867178134, 0.6561602520138692, 0.4508576952285343, 0.06354540625614583, 0.14143820292325954, 0.025148580614214232], [-0.5099247110493889, -0.7245168910632894, -0.5377534538779243, 0.43939843299769527, 0.7495827247106926, -0.3156713631815143, 0.13766669316108016, -0.0979358759591374, 0.08941970275116438, -0.07119651384747812, 0.4400362043437045, 0.5172007980021115, -0.013426185652370734]], "inverted": true, "swapped": true, "error_lsq": 0.048497678622985166, "error_max": 0.26094557765391224, "target": "941.xyz", "model": "22.xyz", "model_rescale": 4.166573947596378, "target_rescale": 3.9488412952913543},
{"mapping": [8, 4, 3, 1, 2, 0, 5, 7, 10, 13, 6, 11, 9, 12, 15], "R": [[-0.9393430045855694, 0.25046134200335696, 0.23431567574115206], [-0.233240179871441, 0.03440785974386512, -0.971810227195302], [-0.25146319458261307, -0.9675149690571843, 0.026096866106544325]], "T": [-0.023853033282658226, 0.03008092389656524, 0.08064101162111187], "aligned_model": [[-0.3059162602683325, -0.10199992597584878, 0.37129367359821386, -0.25752023983458683, 0.3039706222389412, -0.6410686097261188, -0.6565479041673103, -0.7352167801802286, -0.5260060720518264, -0.5458326293728012, 0.11465391932526584, 0.7538845131740964, 0.20071138718245177, 0.40191744661604323, -0.05773021759526057], [0.12600770394829086, -0.4714026123609003, -0.1277480246059522, -0.6198574860980541, -0.5571576568771759, -0.4468223863796902, -0.18446199957098677, 0.09936850079144155, 0.5783168146295864, 0.3916697878611759, -0.4147243530371742, 0.1569748653548288, 0.49045314142458984, 0.19869258005081478, -0.022733933965911154], [-0.6712349948271068, -0.45064124800149213, -0.3440656578248202, 0.256932703606372, 0.10281620768314587, -0.16094526216349497, 0.5753434631488916, 0.05717829783728262, 0.1713105592715754, 0.6406445237691143, 0.6823649696434175, 0.04724095355202544, -0.23253211728938805, 0.5493317018262489, 0.1093797597413322]], "inverted": true, "swapped": false, "error_lsq": 0.044879145683632944, "error_max": 0.2632112978033276, "target": "941.xyz", "model": "23.xyz", "model_rescale": 4.274766983524099, "target_rescale": 3.9488412952913543},
{"mapping": [8, 2, 1, 7, 3, 6, 9, 10, 13, 4, 14], "R": [[-0.7719896689773087, -0.6306061495843176, -0.07979871614723508], [-0.5672982150725219, 0.626914659408258, 0.5339950795602512], [-0.2867135960638012, 0.45750835394063505, -0.8417133834665422]], "T": [0.12203870233808628, 0.20267004309340514, -0.14480139499599365], "aligned_model": [[0.1806137747275034, 0.23653951898593706, -0.40330411724351317, -0.4319991074043497, -0.40659900986811165, -0.5482020284878308, -0.0014978780007068176, -0.005809522905629583, 0.5513723047170468, 0.1912430741370595, 0.01753769530066994], [-0.3534526580523783, 0.6232330457948545, 0.5344860572257404, -0.20129628662121396, 0.35988112382463233, -0.33101766906291635, -0.4497709368068909, 0.06205364519458109, -0.037295463393616946, 0.5744161987366673, 0.1343494744040245], [-0.5686344907636365, -0.22313228718434, -0.49574724806621573, -0.36188630381045284, 0.28097285477667655, 0.40665725314909396, 0.09683548965814465, 0.5803865765260801, 0.3206324870973787, 0.3910258804395017, -0.04754377780065305]], "inverted": true, "swapped": true, "error_lsq": 0.04741678834782743, "error_max": 0.2467793658065785, "target": "941.xyz", "model": "24.xyz", "model_rescale": 3.7841303162186577, "target_rescale": 3.9488412952913543},
{"mapping": [6, 1, 4, 8, 2, 0, 10, 7, 11, 14, 9, 5, 3, 12, 15], "R": [[-0.530928061186426, -0.6233618899124861, 0.5740516945794656], [0.5602816674498251, 0.2500046672945358, 0.7896721594754319], [-0.6357671326550831, 0.7408897492445701, 0.2165237458105967]], "T": [-0.18917144445842937, -0.06242690699039584, 0.12186734143320538], "aligned_model": [[-0.2213206574528849, -0.18392681363117813, 0.3037384807288842, -0.1098684040229336, 0.4459987615007772, -0.6917332320824433, -0.8024797897143156, -0.7977002248975178, -0.5479275442234306, -0.1622161577478566, -0.019404679851101753, 0.6704164691530221, 0.24054049765261104, 0.3779965223920576, -0.1835203048409915], [0.26603364226543286, -0.6080733554150037, -0.13890017758065512, -0.6464878509620197, -0.45433489310961783, -0.5228343031324574, -0.06022785558611647, 0.013702476814493589, 0.6100743556406968, 0.18455559928582865, -0.2518948478948405, 0.09922739380086214, 0.5292514971979299, 0.19820263877101668, -0.021719378930667402], [-0.5208663109683358, -0.3833839237530396, -0.43301641882241876, 0.07668299521103607, 0.23031072668530983, -0.15523666169456524, 0.6005145425005536, -0.0942405029386792, 0.029869070777304177, 0.8752410975612157, 0.6485758505065955, 0.056176769411915545, -0.21616549788490763, 0.5526394896543041, 0.06602263372681458]], "inverted": false, "swapped": false, "error_lsq": 0.05193790347491408, "error_max": 0.4088385701033659, "target": "941.xyz", "model": "25.xyz", "model_rescale": 4.19342608120988, "target_rescale": 3.9488412952913543},
{"mapping": [12, 2, 11, 9, 13, 8, 10, 7, 4, 0, 3, 14], "R": [[0.2845322540992146, -0.7627900910339107, -0.5806829370643659], [-0.7464265877282017, -0.5563685787778777, 0.3651045791018209], [-0.6015718955450405, 0.3295531543911586, -0.7276716106329723]], "T": [0.05039297128035642, -0.010265299288891286, 0.018476022161687235], "aligned_model": [[-0.1969974116798679, 0.41912922126099134, 0.1236957243452799, -0.5452831177872757, -0.3367004991916887, -0.4711110042685573, -0.0860220351784326, -0.1501399131494651, 0.3509576329626733, 0.14070048350778047, 0.3375764636950213, 0.012003010115321656], [-0.7240421381888174, -0.2537182423955485, -0.6396426000607002, 0.3606243909240351, -0.16918702276430567, -0.06035237250902705, 0.3947018172097382, 0.5206351644211116, 0.013749849139575351, -0.13595593612769713, 0.570141408154066, 0.13582210993855057], [0.14253935096857095, -0.011250184596522016, -0.45937384273517196, -0.06482906512155603, -0.5139167050250083, 0.4852338603240586, -0.5974852709923082, 0.46029477198681357, -0.5639151481062129, 0.8393712169556202, -0.23864372052740487, -0.02876680192145782]], "inverted": false, "swapped": true, "error_lsq": 0.04595914388074971, "error_max": 0.25188931813545573, "target": "941.xyz", "model": "26.xyz", "model_rescale": 3.795458400668931, "target_rescale": 3.9488412952913543},
