[{"mapping": [11, 8, 7, 5, 1, 2, 9, 4, 6, 3, 13], "R": [[0.5656938593348971, 0.3328362665844283, -0.7544603880635015], [-0.124395773057814, 0.9388979192292687, 0.3209305048017385], [0.8151785995449945, -0.08769673262493455, 0.5725322121337562]], "T": [-0.10498782369969634, 0.21749772712136586, -0.13088330912330412], "aligned_model": [[-0.5163547346416982, -0.04707277585294062, 0.2721476416926164, -0.6831491833219132, -0.3826525178007589, 0.6063327281767092, 0.2915039342118823, 0.6380522203686714, 0.15299371364376058, 0.060954279519485205, -0.06247390506149125], [-0.3385193151613788, -0.5244782158315593, -0.3925551744132234, 0.13342912139643742, 0.7196285505524352, 0.4580817815277547, 0.09350488569023091, -0.3144931975758848, -0.014657018126162685, 0.48526736200563747, 0.07467892113166694], [-0.2240721180891055, 0.1072273351888009, -0.3696274829747753, 0.3498069988847249, -0.19261715100254737, 0.03464804939626234, -0.7343426971074882, 0.14890478133396082, 0.5503625971664988, 0.2862053466932629, -0.19672567871234642]], "inverted": true, "swapped": false, "error_lsq": 0.049536922851592176, "error_max": 0.26957579766727113, "target": "942.xyz", "model": "0.xyz", "model_rescale": 3.8414455957264533, "target_rescale": 3.7255741513725638},
{"mapping": [0, 13, 9, 1, 3, 6, 2, 8, 12, 10, 14], "R": [[0.9503992783359414, -0.020086214453866928, 0.31038324008785506], [0.2284922412071927, -0.6319687994960803, -0.7405448886945323], [0.21102726706905878, 0.7747334899514777, -0.5960331468139735]], "T": [-0.0021860829094587815, 0.0169996087003847, -0.11832697108864823], "aligned_model": [[-0.5903697480457336, 0.018669805653728274, 0.4217839289513473, -0.7510538866167132, -0.47511751589690304, 0.6695941749115276, 0.19293491806876856, 0.5780856818796918, 0.0713605612804514, 0.24847869995729663, -0.05408521920913842], [-0.3699246793926143, -0.6947577694371121, -0.44142183477904207, 0.2894381977358484, 0.6412620306141249, 0.3757775076908344, 0.34385148792455683, -0.25349367357900193, -0.04822646294193599, 0.4722875117064779, 0.06509538565381781], [-0.29108964314992186, 0.142083219223494, -0.39329767715463615, 0.21852925780400592, -0.12135522452749906, -0.29158076810796396, -0.7505455817316065, 0.34472859871996553, 0.6383935814098196, 0.3269385591481605, -0.06303434085656986]], "inverted": false, "swapped": false, "error_lsq": 0.03755246843576729, "error_max": 0.17072645094724254, "target": "942.xyz", "model": "1.xyz", "model_rescale": 4.316132596720782, "target_rescale": 3.7255741513725638},
{"mapping": [4, 2, 0, 6, 3, 9, 5, 1, 8, 10, 11], "R": [[-0.5998607833757597, 0.3142281719594385, -0.7358177060351633], [0.05661655477192179, -0.9006764138225738, -0.43078598318592765], [-0.7980987447011668, -0.300071080797097, 0.5224899426550564]], "T": [0.09665323961484892, 0.1305306509969334, -0.04254028564542842], "aligned_model": [[-0.5047218040418416, -0.02258245130181044, 0.27275984134744136, -0.6439344125037989, -0.3577138106765452, 0.7675182524796351, 0.16128277782319214, 0.5227935173667559, 0.05550671690744294, 0.1063324117666812, -0.026959638232829486], [-0.255222495707683, -0.6596583463377157, -0.40140005090567876, 0.19284169012904645, 0.5156849848602914, 0.38240840781465985, 0.22356069977753332, -0.12354500372083727, -0.1028477992191991, 0.5046317713967797, 0.10343384310875706], [-0.3321474295682665, 0.20667769173158757, -0.47837311114855374, 0.3092312693887657, -0.3186267423123251, -0.23345711404568534, -0.6773066322107248, 0.1775671625749151, 0.6860731773489748, 0.4645992059457159, -0.04446749692715582]], "inverted": true, "swapped": false, "error_lsq": 0.037967499382745684, "error_max": 0.208529894828079, "target": "942.xyz", "model": "2.xyz", "model_rescale": 3.795458400668931, "target_rescale": 3.7255741513725638},
{"mapping": [0, 7, 4, 1, 2, 5, 10, 9, 8, 6, 11], "R": [[0.4718858250259004, 0.6853379040473133, 0.5546491913053343], [-0.7845774926217073, 0.03943715786002913, 0.6187752973829503], [0.4021963776702382, -0.7271565635101969, 0.5563105301295137]], "T": [0.015233223369403154, 0.0662865377354973, -0.029340227578078727], "aligned_model": [[-0.5303940772412639, -0.011754798667256854, 0.218076153604603, -0.5466796745827498, -0.3674997025477714, 0.6760557738903487, 0.11747259145883182, 0.7146927629552103, 0.06217178905804811, 0.028957705735528878, -0.03081712272920607], [-0.3323850641552144, -0.6548193708022152, -0.2830586858233984, 0.08931779917003382, 0.7037677313980217, 0.2237794076220101, 0.34209865950161544, -0.2817640147296946, 0.1030707464163532, 0.5215249784903138, -0.051644485891871456], [-0.42375085985103333, 0.22082014489230553, -0.5271026144192096, 0.25348886935397097, -0.2160446639486703, -0.20915726850336636, -0.7020106673178591, 0.3503594013634818, 0.7497660745875188, 0.34464626584622843, -0.08124470122611926]], "inverted": false, "swapped": false, "error_lsq": 0.044107694811972395, "error_max": 0.24582166522091, "target": "942.xyz", "model": "3.xyz", "model_rescale": 3.7530521520055578, "target_rescale": 3.7255741513725638},
{"mapping": [9, 4, 6, 3, 5, 7, 8, 0, 2, 1, 10], "R": [[-0.8233998756038663, -0.5659794356302229, -0.04098686739959323], [-0.4859242795931059, 0.7405487552751618, -0.4641822223678214], [0.29307036588071905, -0.3622910701412649, -0.8847909024952951]], "T": [-0.046581096717841275, 0.04508682782551543, -0.014287961170646145], "aligned_model": [[-0.4617689116550958, 0.0930539163799266, 0.34140730163818095, -0.7054354236701025, -0.24930442625091007, 0.37021512528158307, 0.18223546185158326, 0.7180339714474527, -0.12141140406545711, 0.1233202360996378, 0.039935553877524024], [-0.08807171706365025, -0.650591529945176, -0.46073112096304514, 0.17644596450751462, 0.6956648033792204, 0.3694896071361346, 0.08342627263494018, -0.19159145530785943, -0.1272149661555565, 0.5500939757569113, 0.02296786721651986], [-0.3417809368110926, 0.17609215874272713, -0.3883852052989349, 0.3444954528285849, -0.2449636889305913, -0.2974746251503598, -0.9017858831683545, 0.18462803516335702, 0.6384512669443613, 0.5696873708895305, 0.020806035568020097]], "inverted": false, "swapped": false, "error_lsq": 0.05227278696007068, "error_max": 0.25544986882573, "target": "942.xyz", "model": "4.xyz", "model_rescale": 3.7855080009869324, "target_rescale": 3.7255741513725638},
{"mapping": [1, 4, 6, 2, 14, 8, 13, 7, 5, 9, 16], "R": [[-0.01291160262500951, 0.9829663105081887, 0.18333172917848506], [0.9998417600069507, 0.014935592039589884, -0.009663489878429715], [-0.012237052907355703, 0.183177947625653, -0.9830036083554303]], "T": [0.01911712667828498, 0.08923361804734534, -0.047533257245825015], "aligned_model": [[-0.5582144427288673, 0.03660483206321499, 0.35590081226101766, -0.6321380164934008, -0.33032167149024927, 0.6570574228854724, 0.21432234834953703, 0.5780061710373587, 0.1257852971817347, -0.10646686161810391, -0.01025449051339107], [-0.389628550256909, -0.6408930407374606, -0.3583516930677104, 0.32115330675108766, 0.6417907876614147, 0.3063989389688841, 0.2434487430151721, -0.32757167624686667, -0.22483865024082647, 0.6741880680412438, 0.13419146730792464], [-0.14992086256107975, 0.0691287595267886, -0.38267681822576144, 0.212977172608102, -0.2215174495607826, -0.250464959618203, -0.7279597819631036, 0.22684942190798996, 0.6907646205196966, 0.33843432243535854, -0.04584444429175745]], "inverted": false, "swapped": false, "error_lsq": 0.04250447523067586, "error_max": 0.24212209905970866, "target": "942.xyz", "model": "5.xyz", "model_rescale": 4.2253639853439635, "target_rescale": 3.7255741513725638},
{"mapping": [9, 1, 0, 8, 11, 3, 7, 4, 10, 5, 13], "R": [[-0.05373796440900103, -0.9883869550874147, -0.1421388693996315], [-0.1455509421447207, -0.1330711037879752, 0.9803606502596043], [-0.987890254239792, 0.07337103208813744, -0.13670968227730024]], "T": [0.02161405079089724, 0.09773861263433392, -0.030491071314787267], "aligned_model": [[-0.4113556670326326, 0.0027631044054802004, 0.19005527977721698, -0.6271222073373115, -0.40499848860874554, 0.6720844126668997, 0.32273547412244186, 0.5888824801629378, 0.005393188137392164, -0.08702779525520335, 0.07887161989584734], [-0.2665409319450964, -0.5813845703446368, -0.4374333625508514, 0.01050881931936104, 0.7288417358293744, 0.22066328240206962, 0.27254986191381403, -0.26379506528674246, 0.030008652040659806, 0.5561232158989527, 0.11034606391904964], [-0.2594759274389396, 0.24725364262078395, -0.6034493234419076, 0.312141539723228, -0.18943879207114847, -0.2850245790927169, -0.7433431818980719, 0.18953447486829425, 0.7464658196655904, 0.3923821617330355, -0.0472758538908993]], "inverted": false, "swapped": false, "error_lsq": 0.046123604340713435, "error_max": 0.24136469273480313, "target": "942.xyz", "model": "6.xyz", "model_rescale": 3.89814844738969, "target_rescale": 3.7255741513725638},
{"mapping": [10, 9, 5, 11, 4, 0, 2, 6, 8, 7, 12], "R": [[-0.4120089933905152, -0.430320010060405, -0.8031645399959757], [0.7568094102271044, -0.6524926994837674, -0.0386366886791325], [-0.5074328585705075, -0.6237611450403101, 0.5945030933317038]], "T": [0.1109803263760189, 0.1482752574891444, 0.009672258467128481], "aligned_model": [[-0.36939493023643466, -0.1321664189552959, 0.3321588250100097, -0.5913825248959599, -0.30236011230044507, 0.6161822471094927, 0.02471841508381617, 0.6076364600504525, 0.04809395590167975, 0.10265776817960198, -0.005862284012594227], [-0.19462831329907596, -0.7048713618108374, -0.5100357295658915, 0.09914120580042791, 0.5616240999248742, 0.41536464350079105, 0.21684410193625847, -0.25570449757218516, -0.08852589270475938, 0.7155649765388996, 0.1251144684474519], [-0.42686000497663296, 0.11439276861874272, -0.3371465992806388, 0.4091877642247356, -0.2619675850685066, -0.14667564409456038, -0.689902641563147, 0.2276376075754891, 0.6402729974376296, 0.3404105072855452, -0.10957918938140886]], "inverted": false, "swapped": false, "error_lsq": 0.03860618582617149, "error_max": 0.19476301375363206, "target": "942.xyz", "model": "7.xyz", "model_rescale": 3.7474275329858107, "target_rescale": 3.7255741513725638},
{"mapping": [9, 8, 4, 7, 10, 1, 12, 2, 3, 0, 14], "R": [[-0.5514372679910907, -0.1122305582421349, 0.8266324704892622], [0.6704678548088829, -0.6492370490608264, 0.3591157331484728], [0.49637666659352253, 0.7522602979843142, 0.4332604862413073]], "T": [-0.01982688139874744, 0.07242124535016879, -0.09833384070914575], "aligned_model": [[-0.6246680115844068, 0.008181592802411267, 0.3355936284887304, -0.6821615278224268, -0.4241399320085919, 0.668735182930816, 0.06769149645717995, 0.6986541375601341, 0.08751240162260893, 0.1646828029218036, 0.030199629566063934], [-0.38128257628732987, -0.5691232954337917, -0.589597506262689, 0.16561575726562366, 0.7114213380450631, 0.3662781268350143, 0.3736277974965196, -0.29223034482017773, -0.020232004067979245, 0.5671169247640176, 0.04829348366168305], [-0.19139559201257608, 0.13154970245944403, -0.3165843378673523, 0.030138845180412294, -0.1572676877814375, -0.032514110991802125, -0.6296132072207112, 0.14539498202606388, 0.6045375491463042, 0.29593205787728105, -0.12040822003837816]], "inverted": true, "swapped": false, "error_lsq": 0.047180034827986134, "error_max": 0.2387661678917166, "target": "942.xyz", "model": "8.xyz", "model_rescale": 4.019505241142653, "target_rescale": 3.7255741513725638},
{"mapping": [11, 8, 9, 5, 6, 1, 10, 0, 4, 2, 12], "R": [[-0.9258898389424085, -0.34214332057440006, -0.16020597469983616], [-0.03661805681477159, 0.503334583673923, -0.8633153623056347], [0.3760147923397581, -0.7934684902780464, -0.4785610001635808]], "T": [0.05784301419430289, 0.06103437322705428, 0.012427913437653527], "aligned_model": [[-0.4239600717430586, -0.05583398497175124, 0.17922562791491886, -0.5297373010101001, -0.37216552973240946, 0.6433399960085054, 0.16668707473325, 0.5178543229423481, 0.04016232327575238, 0.1437640027780546, 0.02094494073881318], [-0.23573112365762244, -0.6042361185410013, -0.43382783220768495, 0.11907477167073556, 0.5531029775328783, 0.20473803708003097, 0.39378399787722085, 0.022502062131497344, -0.285304253310462, 0.5945105747641954, 0.05127460785616634], [-0.2465036416749205, 0.03752062212747441, -0.4433326817755138, 0.3316541724997027, -0.30541320846674147, -0.29228152759141396, -0.8335096823685361, 0.47019525051691236, 0.7656421062008213, 0.2532450397616605, 0.022553531547801885]], "inverted": false, "swapped": false, "error_lsq": 0.05417144889763841, "error_max": 0.383990574607975, "target": "942.xyz", "model": "9.xyz", "model_rescale": 3.877068213659057, "target_rescale": 3.7255741513725638},
{"mapping": [12, 0, 5, 10, 13, 4, 3, 1, 8, 2, 15], "R": [[-0.4891555945653069, -0.768375595160522, -0.41270540227524866], [-0.4435318819241705, -0.1882928692602358, 0.87625639233192], [-0.7510035113248573, 0.6116737203341839, -0.24869456333075257]], "T": [-0.08109669640649567, 0.14383426364735438, 0.022782202763499935], "aligned_model": [[-0.3771687727567401, -0.012387950243612667, 0.3151554827990585, -0.7715595715184476, -0.22333092408244834, 0.5161736155292685, 0.09553345214821818, 0.6327777685876068, 0.1010252130360873, 0.1310096344511222, -0.07694654701578996], [-0.4424010756224851, -0.6384966091024266, -0.3804290569728819, 0.14769076017300736, 0.8463372121402909, 0.38904611061030225, 0.1610936109144794, -0.34578777473168565, -0.09871262821027108, 0.6869063675107967, 0.05464078448682752], [-0.3333984653115114, 0.1531798613969305, -0.40045251151407724, 0.18543805106463757, -0.26686849687285025, -0.18026952545900424, -0.5865331903472252, 0.08244892687646324, 0.732236606625574, 0.3397032534448302, 0.03428547087348109]], "inverted": false, "swapped": false, "error_lsq": 0.04437298889163097, "error_max": 0.2105892177406819, "target": "942.xyz", "model": "10.xyz", "model_rescale": 4.260839863003843, "target_rescale": 3.7255741513725638},
{"mapping": [3, 0, 1, 5, 4, 8, 2, 7, 6, 10, 11], "R": [[-0.7899220614357854, 0.31773075179104104, -0.5244714541548845], [0.41591887024868535, -0.3508697184281702, -0.838988637623415], [-0.45059364201916624, -0.8808732088424738, 0.14500951594797845]], "T": [0.07511402476269109, 0.13397330507719107, -0.054897464411279004], "aligned_model": [[-0.4245244480361022, 0.02936486651108318, 0.2945472961130015, -0.5479684023120899, -0.38428771015374524, 0.6952939149805348, -0.021631285073420034, 0.5410381972263791, -0.15858470619005677, 0.2004964117975695, 0.10653726607116884], [-0.262198735228628, -0.6654084677487285, -0.3963196312245769, 0.1464087934731828, 0.6901591063806202, 0.3808198947291084, 0.20437815940943033, -0.183958560097442, -0.14236283796714755, 0.5279187617476712, 0.08045121772246405], [-0.36673425247833946, 0.3041708650860286, -0.4952372017439909, 0.20630083180607944, -0.18023803639598018, -0.3195804294946863, -0.73020526656717, 0.2789282744149111, 0.7015934964419763, 0.4167168125485301, -0.055945112840110924]], "inverted": true, "swapped": false, "error_lsq": 0.04202545320439057, "error_max": 0.19066089176616977, "target": "942.xyz", "model": "11.xyz", "model_rescale": 3.890672605050136, "target_rescale": 3.7255741513725638},
{"mapping": [4, 12, 7, 11, 1, 8, 3, 5, 9, 6, 13], "R": [[0.37601742003468885, 0.8934911404325994, -0.24552898362293094], [0.12192467976196814, 0.21496270488932526, 0.9689816344862303], [0.9185560801036582, -0.3942900169610157, -0.028108899471238152]], "T": [-0.08344065303597431, 0.1245375622115627, 0.038063643737177896], "aligned_model": [[-0.45061446130511795, -0.020551887276010622, 0.405899876893079, -0.512720447259956, -0.45094390214817043, 0.5390064255283069, 0.18587143769250097, 0.5326393687004876, 0.11041694674607938, 0.05226138126091337, -0.06098333789778913], [-0.15254629337380654, -0.6155548863345122, -0.46502644918824415, 0.1353018148608002, 0.7836568134125739, 0.3787205458614859, 0.09476286990786732, -0.2826098503780062, -0.08254669236896053, 0.5998089479472228, -0.014079119150466751], [-0.4905808259399594, 0.09671786346037228, -0.33600091286678985, 0.382106014719549, -0.15114910683327354, -0.22105349395878254, -0.8449129253107857, 0.2822942173226315, 0.7628779361824714, 0.33430748203621996, -0.054836268034405]], "inverted": true, "swapped": false, "error_lsq": 0.043282811900802604, "error_max": 0.23746545032570163, "target": "942.xyz", "model": "12.xyz", "model_rescale": 4.124412569039231, "target_rescale": 3.7255741513725638},
{"mapping": [9, 8, 6, 10, 5, 0, 3, 1, 2, 4, 12], "R": [[-0.47543326708011935, 0.2483981327773564, 0.8439559089112694], [0.2826843440882029, -0.8653048666778491, 0.4139287973928033], [0.8330982956175979, 0.43536864303295053, 0.34117645654807555]], "T": [-0.037506451473738656, 0.07581548996152114, -0.13959387003963122], "aligned_model": [[-0.38297893169798225, -0.052385591783769114, 0.2926158358012276, -0.5934172395117285, -0.23807256297458534, 0.36105940747727483, 0.2244518984896241, 0.6476597070281864, 0.009309772860416843, 0.15734794381104883, -0.09530883856539059], [-0.3520053318040915, -0.5798252531888537, -0.4652064298840895, 0.15715945480842602, 0.8059594048999923, 0.47654523919540864, 0.042650094252856666, -0.2015723179781087, -0.13416708521388726, 0.5479387494437099, 0.08241117666459112], [-0.4655683811166442, 0.15162760582247112, -0.35390059526073536, 0.3388996277463653, -0.15981706137940233, -0.2712309375837384, -0.8021882068535575, 0.2016796832265054, 0.6947388411198431, 0.45824193370889, -0.032712528652749095]], "inverted": false, "swapped": false, "error_lsq": 0.04797407093529265, "error_max": 0.2697714382283765, "target": "942.xyz", "model": "13.xyz", "model_rescale": 3.9028299243045295, "target_rescale": 3.7255741513725638},
{"mapping": [12, 14, 13, 1, 2, 4, 8, 10, 9, 3, 15], "R": [[-0.03542846046788059, 0.7376226003363554, -0.674283118327835], [0.4170339892702789, 0.6240656073751967, 0.6607758844606422], [0.908200129917516, -0.2577887064331178, -0.3297233792944429]], "T": [0.023107230815552184, 0.1423490455629475, -0.010363411744717355], "aligned_model": [[-0.34800365564933855, 0.0505683364104956, 0.20734313398287305, -0.5958753494577984, -0.42592272692884925, 0.6677268463652284, -0.06312940412053109, 0.6138786178962607, -0.025190735645432314, 0.20665639827840837, 0.042229939803006586], [-0.2665521644026808, -0.7027488027036246, -0.5322988932474255, 0.16575307464517497, 0.6726484466364341, 0.3437288316981569, 0.3346314112522373, -0.2725656775300117, -0.15562490363290013, 0.6805388283452347, 0.11237755013535865], [-0.43382155536315603, 0.25060817160807963, -0.38925474502943447, 0.18588024416208984, -0.2538883834107599, -0.06759108745703012, -0.7533963142446366, 0.1745353249097091, 0.7035863683519126, 0.24527482105819873, 0.09783713619227566]], "inverted": true, "swapped": false, "error_lsq": 0.04343495338381061, "error_max": 0.22537815402779673, "target": "942.xyz", "model": "14.xyz", "model_rescale": 3.942246331269136, "target_rescale": 3.7255741513725638},
{"mapping": [8, 7, 0, 11, 13, 3, 12, 5, 10, 4, 14], "R": [[-0.2687452202487525, 0.44537994395546343, 0.8540566211415249], [-0.42826986058130145, 0.7389582129116754, -0.52012083796754], [-0.8627635441481766, -0.5055466992203704, -0.007848681180058603]], "T": [0.08092472959229118, -0.015114337019574688, 0.06825833411925694], "aligned_model": [[-0.5123664369059809, -0.07897120912690099, 0.14219292097157754, -0.5861266862275876, -0.3136349321407844, 0.6107251507093278, 0.1755531031726688, 0.6963904376865723, 0.021860100167742383, 0.059761966471992264, 0.1148969861556955], [-0.3581326861880376, -0.8547726291049444, -0.5265250525935631, 0.1896959400378206, 0.6084026020134163, 0.45719469028998083, 0.40001196266488326, -0.16823846773256604, 0.1683322037336967, 0.5233727718008827, -0.0594536337256154], [-0.2911647176966409, 0.0879242803824634, -0.4565490320537704, 0.2332013052363023, -0.2730320797181768, -0.044806368625494114, -0.6294463916685011, 0.09137804308174763, 0.7551784548609347, 0.2990130697454274, -0.01192658276704428]], "inverted": true, "swapped": false, "error_lsq": 0.04936264333990045, "error_max": 0.25836770679203414, "target": "942.xyz", "model": "15.xyz", "model_rescale": 4.355366556412066, "target_rescale": 3.7255741513725638},
{"mapping": [4, 2, 0, 6, 3, 9, 5, 1, 8, 10, 11], "R": [[-0.5998607833757597, 0.3142281719594385, -0.7358177060351633], [0.05661655477192179, -0.9006764138225738, -0.43078598318592765], [-0.7980987447011668, -0.300071080797097, 0.5224899426550564]], "T": [0.09665323961484892, 0.1305306509969334, -0.04254028564542842], "aligned_model": [[-0.5047218040418416, -0.02258245130181044, 0.27275984134744136, -0.6439344125037989, -0.3577138106765452, 0.7675182524796351, 0.16128277782319214, 0.5227935173667559, 0.05550671690744294, 0.1063324117666812, -0.026959638232829486], [-0.255222495707683, -0.6596583463377157, -0.40140005090567876, 0.19284169012904645, 0.5156849848602914, 0.38240840781465985, 0.22356069977753332, -0.12354500372083727, -0.1028477992191991, 0.5046317713967797, 0.10343384310875706], [-0.3321474295682665, 0.20667769173158757, -0.47837311114855374, 0.3092312693887657, -0.3186267423123251, -0.23345711404568534, -0.6773066322107248, 0.1775671625749151, 0.6860731773489748, 0.4645992059457159, -0.04446749692715582]], "inverted": true, "swapped": false, "error_lsq": 0.037967499382745684, "error_max": 0.208529894828079, "target": "942.xyz", "model": "16.xyz", "model_rescale": 3.795458400668931, "target_rescale": 3.7255741513725638},
{"mapping": [10, 9, 5, 11, 4, 0, 2, 6, 8, 7, 12], "R": [[-0.4120089933905152, -0.430320010060405, -0.8031645399959757], [0.7568094102271044, -0.6524926994837674, -0.0386366886791325], [-0.5074328585705075, -0.6237611450403101, 0.5945030933317038]], "T": [0.1109803263760189, 0.1482752574891444, 0.009672258467128481], "aligned_model": [[-0.36939493023643466, -0.1321664189552959, 0.3321588250100097, -0.5913825248959599, -0.30236011230044507, 0.6161822471094927, 0.02471841508381617, 0.6076364600504525, 0.04809395590167975, 0.10265776817960198, -0.005862284012594227], [-0.19462831329907596, -0.7048713618108374, -0.5100357295658915, 0.09914120580042791, 0.5616240999248742, 0.41536464350079105, 0.21684410193625847, -0.25570449757218516, -0.08852589270475938, 0.7155649765388996, 0.1251144684474519], [-0.42686000497663296, 0.11439276861874272, -0.3371465992806388, 0.4091877642247356, -0.2619675850685066, -0.14667564409456038, -0.689902641563147, 0.2276376075754891, 0.6402729974376296, 0.3404105072855452, -0.10957918938140886]], "inverted": false, "swapped": false, "error_lsq": 0.03860618582617149, "error_max": 0.19476301375363206, "target": "942.xyz", "model": "17.xyz", "model_rescale": 3.7474275329858107, "target_rescale": 3.7255741513725638},
{"mapping": [9, 12, 10, 2, 0, 3, 8, 11, 7, 1, 13], "R": [[0.8700487406792502, -0.19387349886441552, 0.4532419390132829], [-0.3984606574990798, 0.2647602828779353, 0.8781407045774594], [-0.2902486748769958, -0.9446242951821986, 0.15310338887066754]], "T": [-0.029581114605700173, -0.008210543941251168, -0.08690827313281463], "aligned_model": [[-0.5730899842659601, -0.013592320319417369, 0.4945229561088151, -0.5148729851552132, -0.34796943252266216, 0.5423186967433704, 0.1547220580454334, 0.5719953351526107, -0.05671886821638933, 0.1788700675983354, -0.1059041222345995], [-0.39743772199906713, -0.742588299412765, -0.32129707121609663, 0.35571682710017805, 0.7295249674142164, 0.3380092457374737, 0.2377423649895903, -0.12770598533281632, -0.27243770307991166, 0.5160955699942172, 0.06426550700093508], [-0.058194542656771486, 0.05334362182547844, -0.40898143246607604, 0.28171266061228756, -0.3182469535992759, -0.2037485244289808, -0.7368266975199709, 0.29461928339341575, 0.6179795425788599, 0.3133036961251078, -0.07519067308682671]], "inverted": true, "swapped": false, "error_lsq": 0.0518359381824245, "error_max": 0.2793811762512183, "target": "942.xyz", "model": "18.xyz", "model_rescale": 3.922800546911778, "target_rescale": 3.7255741513725638},
{"mapping": [2, 3, 7, 1, 6, 13, 11, 12, 5, 8, 14], "R": [[0.16950754771666338, -0.1846811860227061, -0.9680702716209862], [0.19381460323193467, 0.9693494440988255, -0.15098859161985023], [0.9662831318206538, -0.16203244969617908, 0.2001059579430967]], "T": [-0.04241030016202468, 0.08463156930283913, -0.048769547596500096], "aligned_model": [[-0.6155347282665324, 0.04012389802297321, 0.45555680830665374, -0.6815234780822934, -0.41084181227669364, 0.5697379438727717, 0.2198295404180462, 0.5902970029491224, 0.027994733865891852, 0.13019600050838243, 0.0044454916160011765], [-0.25671375721222556, -0.5433826894817015, -0.4202157239015597, 0.2178077384708266, 0.6663718862447507, 0.3265058864595317, 0.12539568034612597, -0.23978600454107576, -0.06623373414368183, 0.5547283664881976, 0.015410052466765231], [-0.30980732410402206, 0.040311541745564505, -0.4166947960997672, 0.30020248238619107, -0.08882196872599485, -0.24520042308527001, -0.7096872172288033, 0.28745768351002465, 0.696090514150156, 0.3028079264637188, -0.0968884382345494]], "inverted": true, "swapped": false, "error_lsq": 0.036476145671101586, "error_max": 0.19009496836631598, "target": "942.xyz", "model": "19.xyz", "model_rescale": 3.9282355846067225, "target_rescale": 3.7255741513725638},
{"mapping": [7, 12, 9, 2, 5, 4, 6, 11, 10, 1, 13], "R": [[-0.9015780003340883, 0.24718259343178223, 0.3550462995412361], [-0.42754241728597925, -0.38376074983070846, -0.8184956739718507], [-0.06606504926849344, -0.889735046175945, 0.451671292945922]], "T": [0.1132812597263857, 0.07153888000482789, -0.16112015158852222], "aligned_model": [[-0.42849075347806465, -0.14068321637736947, 0.3764852173610941, -0.541782878267742, -0.33807203836291366, 0.6976430157661686, -0.047183421179162105, 0.6862648173191874, -0.00601123379380164, -0.03436868638415458, 0.10648057833108164], [-0.19441660428069402, -0.7205238457629392, -0.568086271963838, 0.2197927052440153, 0.592283783627644, 0.2878313125622469, 0.34289308746042035, -0.11365022331382035, -0.22207821875206102, 0.6130219224848098, 0.14282005389017044], [-0.3155498846921999, 0.01475772818675164, -0.16642740061909644, 0.3159835989478122, -0.27423557009266797, -0.2665087972592385, -0.7333631369846669, 0.2271555366360769, 0.6399994707518551, 0.33536389088091034, -0.017405454978288604]], "inverted": false, "swapped": false, "error_lsq": 0.049020216323940824, "error_max": 0.2569637471075909, "target": "942.xyz", "model": "20.xyz", "model_rescale": 4.067790424073018, "target_rescale": 3.7255741513725638},
{"mapping": [0, 4, 8, 3, 12, 10, 9, 5, 6, 11, 14], "R": [[0.3614353490202212, -0.7160924972948308, -0.5971398695420396], [-0.6899290856173959, 0.2253940285618075, -0.6878919891289791], [0.6271860531754316, 0.6606126453578772, -0.41258767249578937]], "T": [0.07545466730612994, -0.038176471789388204, -0.028473659985344586], "aligned_model": [[-0.49657321926385456, 0.09790847358939873, 0.20883965852135167, -0.6404325181768264, -0.27287147905924125, 0.530488921531584, 0.20597934021993203, 0.5554630474734266, -0.005833245469416479, 0.04315130023204623, 0.10416112133592241], [-0.28105675523842527, -0.7657902310295669, -0.5196348113199364, 0.28421174593804693, 0.5970666731196497, 0.6084371580388261, 0.39147381947924087, -0.36364547840195083, -0.1272779963896793, 0.5266135596063412, 0.029490017393408084], [-0.3723505193681057, 0.3070059052403895, -0.30338129563786, 0.2991181460517406, -0.27777049009357657, -0.24323274071427334, -0.6628346269768656, 0.08165354628851713, 0.7016017445078288, 0.28457740117055713, -0.05461708969110381]], "inverted": true, "swapped": false, "error_lsq": 0.04698902255433502, "error_max": 0.23822324162863295, "target": "942.xyz", "model": "21.xyz", "model_rescale": 4.186013935880536, "target_rescale": 3.7255741513725638},
{"mapping": [0, 3, 5, 7, 1, 8, 2, 11, 4, 9, 12], "R": [[0.6604437636393815, 0.6078456654977704, 0.4408374779954875], [-0.566916399527432, 0.7886266631041466, -0.23806255939998733], [-0.4923614840914166, -0.09269106309020382, 0.8654412376392208]], "T": [0.009639136579452905, 0.07296867034963266, 0.045015344355897643], "aligned_model": [[-0.5003780869050019, 0.10712715198642599, 0.21302066429847077, -0.5904865238102033, -0.48881975715215986, 0.6591755709437184, 0.2124303030795212, 0.5649591269340127, -0.06399993815510498, 0.1987487056946286, 0.018504184020015153], [-0.08017473892625666, -0.8396140328494583, -0.4462547299295751, 0.2728496332326848, 0.5241729633861858, 0.39177591690061225, 0.17402732579621522, -0.0939583322421491, -0.20667141818304724, 0.6506456839937393, 0.03308943001700287], [-0.443060437619542, 0.14515300665354686, -0.49125118536606077, 0.4167955647814555, -0.24321486422326394, -0.20822859078087036, -0.6609323122121105, 0.29545707975595903, 0.7113447346173051, 0.17141787207837383, 0.066289113092455]], "inverted": false, "swapped": false, "error_lsq": 0.05284042386715712, "error_max": 0.25479470166516754, "target": "942.xyz", "model": "22.xyz", "model_rescale": 4.166573947596378, "target_rescale": 3.7255741513725638},
{"mapping": [14, 9, 11, 10, 5, 2, 6, 3, 8, 0, 15], "R": [[-0.2767431080974728, 0.506811541303324, 0.8164283886063124], [0.7182312457260618, -0.455346349156915, 0.526121259760769], [0.6384020126717491, 0.7319848112571858, -0.23799392073211]], "T": [0.03298532372883715, 0.026061714828811797, -0.0389416654579259], "aligned_model": [[-0.59181747609762, -0.03959677990670337, 0.4057354084191511, -0.6836053782427396, -0.37781347857457187, 0.6314512454074648, 0.18915699774255465, 0.5433906110950926, 0.10199020847552301, 0.1118981219932825, 0.03949192062288898], [-0.36048666046109795, -0.5287972549220475, -0.5887368804151273, 0.004287618578916727, 0.7314616096112041, 0.2218098387361096, 0.40747924227963017, -0.24350544017028408, -0.0586332070396129, 0.7018602487556198, 0.09314858624264342], [-0.3325052498991797, 0.17857276670911137, -0.36324613517095145, 0.17777217278149487, -0.19615907438079386, -0.2762820365817943, -0.678659345341733, 0.12912571266860953, 0.7623973616161235, 0.4125280175225224, -0.053774209146161475]], "inverted": true, "swapped": false, "error_lsq": 0.043040314720447, "error_max": 0.18065725440478234, "target": "942.xyz", "model": "23.xyz", "model_rescale": 4.274766983524099, "target_rescale": 3.7255741513725638},
{"mapping": [5, 7, 6, 4, 2, 0, 3, 8, 9, 1, 10], "R": [[0.8604799749950616, -0.40282435971769726, -0.3119402953299328], [-0.06715800736641461, 0.5172448928292397, -0.8531984076922794], [0.5050386269178537, 0.7551094331685282, 0.4180259911307351]], "T": [0.12282656493700977, 0.017136880458921176, -0.07064450485191667], "aligned_model": [[-0.5021679028190886, -0.049013994952553985, 0.3569609889179434, -0.5468883751860869, -0.4114426780949824, 0.6830688008004484, -0.06811714242102318, 0.640625549304566, -0.04880481583812782, 0.12177420178992572, 0.15428676943330227], [-0.42330425241008607, -0.5221880964412281, -0.4244567626768802, 0.1492010590199371, 0.8117314212075817, 0.44303519489558496, 0.19759764165950203, -0.36798453998553554, -0.047495708550482435, 0.5159318318144474, 0.04781991266311297], [-0.356361974327704, 0.2133130056145132, -0.5236248377206574, 0.0767378503587379, -0.17856768369770815, -0.2962738581617014, -0.5676240799646132, 0.2879316112059265, 0.762440577004936, 0.3491005005237928, -0.007301130058274263]], "inverted": false, "swapped": false, "error_lsq": 0.04986571832139896, "error_max": 0.2963950598489384, "target": "942.xyz", "model": "24.xyz", "model_rescale": 3.7841303162186577, "target_rescale": 3.7255741513725638},
{"mapping": [13, 3, 5, 11, 10, 8, 9, 4, 6, 0, 15], "R": [[-0.4807214153217201, -0.7744593255412386, -0.4112416247576262], [-0.08189959676176994, 0.5065914437239627, -0.8582875772117005], [0.8730403065731513, -0.3789166956309541, -0.3069572622870766]], "T": [0.05940729525083947, 0.16445947677399705, -0.0779852036518376], "aligned_model": [[-0.5272639069692256, -0.07023055193657239, 0.3869835320055676, -0.6175301960424466, -0.4211339473689389, 0.5754185032833182, 0.10571850065214419, 0.5652560298742924, 0.014129319168157739, 0.2688078184284299, 0.050126299839596], [-0.31098928673683957, -0.599161709532446, -0.6055086169647363, 0.015203136483912222, 0.7479536837281303, 0.44156314627862936, 0.27492985682673754, -0.3010025719121119, -0.16229519889167934, 0.7568511743801146, 0.12234408753624303], [-0.28235098119964674, 0.1435517007991029, -0.3410093264650017, 0.2520235036991183, -0.26202250929828863, -0.15800878249452877, -0.6505166664653714, 0.21212939744768844, 0.5648271632605482, 0.3048377931128382, -0.02369131161921087]], "inverted": false, "swapped": false, "error_lsq": 0.041100052118944325, "error_max": 0.24269676827096348, "target": "942.xyz", "model": "25.xyz", "model_rescale": 4.19342608120988, "target_rescale": 3.7255741513725638},
{"mapping": [4, 2, 0, 6, 3, 9, 5, 1, 8, 10, 11], "R": [[-0.5998607833757597, 0.3142281719594385, -0.7358177060351633], [0.05661655477192179, -0.9006764138225738, -0.43078598318592765], [-0.7980987447011668, -0.300071080797097, 0.5224899426550564]], "T": [0.09665323961484892, 0.1305306509969334, -0.04254028564542842], "aligned_model": [[-0.5047218040418416, -0.02258245130181044, 0.27275984134744136, -0.6439344125037989, -0.3577138106765452, 0.7675182524796351, 0.16128277782319214, 0.5227935173667559, 0.05550671690744294, 0.1063324117666812, -0.026959638232829486], [-0.255222495707683, -0.6596583463377157, -0.40140005090567876, 0.19284169012904645, 0.5156849848602914, 0.38240840781465985, 0.22356069977753332, -0.12354500372083727, -0.1028477992191991, 0.5046317713967797, 0.10343384310875706], [-0.3321474295682665, 0.20667769173158757, -0.47837311114855374, 0.3092312693887657, -0.3186267423123251, -0.23345711404568534, -0.6773066322107248, 0.1775671625749151, 0.6860731773489748, 0.4645992059457159, -0.04446749692715582]], "inverted": true, "swapped": false, "error_lsq": 0.037967499382745684, "error_max": 0.208529894828079, "target": "942.xyz", "model": "26.xyz", "model_rescale": 3.795458400668931, "target_rescale": 3.7255741513725638},
{"mapping": [7, 10, 5, 3, 0, 1, 6, 11, 4, 9, 12], "R": [[0.36334606316302287, 0.37072530392959346, 0.8547177238189482], [0.8759915448559181, -0.44830248129923234, -0.17794296446303784], [0.3172041168157739, 0.8133803749090966, -0.4876411733927549]], "T": [0.18674481068182244, 0.1475882188575612, 0.029025856687317417], "aligned_model": [[-0.46356186379326914, -0.04645242522190049, 0.16182491342541558, -0.5062629675340208, -0.4434599421623927, 0.4324641834181909, 0.29217281543311246, 0.6281386403713524, 0.006659417755314506, 0.1993086140287368, 0.06945001521378419], [-0.24390404847603256, -0.5128546801625637, -0.3886410381164137, 0.2220909412523622, 0.5836724919815418, 0.5812246200933836, 0.14353707436704782, -0.2502965400684454, -0.2546825307792314, 0.4235945341685141, 0.0761468769357914], [-0.2608760791126448, 0.1598717767994415, -0.49889236668265075, 0.2724722009522521, -0.29338020454510655, -0.2902461776917051, -0.7895433118734985, 0.4270632889216972, 0.7393853979604277, 0.3577156114247282, -0.06380015537569292]], "inverted": false, "swapped": false, "error_lsq": 0.05301231067073464, "error_max": 0.27304631200923807, "target": "942.xyz", "model": "27.xyz", "model_rescale": 3.6321398670334006, "target_rescale": 3.7255741513725638},
{"mapping": [9, 12, 8, 13, 2, 3, 0, 7, 4, 1, 14], "R": [[-0.12527173250684714, 0.14217397458654113, 0.9818826579510397], [-0.7323748727698141, -0.680882156537374, 0.0051511789343261505], [0.6692787451952523, -0.7184608895822238, 0.18941993393143197]], "T": [-0.00758862262388944, 0.003411570741070416, -0.13522867344253803], "aligned_model": [[-0.551739064477968, 0.08750888597861893, 0.29833784278571424, -0.7470978983610637, -0.3008969217722819, 0.6220948136272126, 0.15321973578223402, 0.6104033715995233, 0.15416961054571304, 0.0475923673010018, -0.04331134207438185], [-0.36611046421292026, -0.7821332459406914, -0.3530133095199899, 0.18086131459997962, 0.7429362097923369, 0.2772704350890336, 0.330186838423149, -0.32118588851982516, 0.09229031277209948, 0.5349444630489083, 0.04384103566387378], [-0.2532368237275999, 0.10432410926299046, -0.3506350760573128, 0.1616129533841884, -0.15797100443974488, -0.14298576640967767, -0.6419537374741882, 0.2018318085499332, 0.6724854440370693, 0.2668845430675365, -0.10058646941594668]], "inverted": false, "swapped": false, "error_lsq": 0.03985121528646946, "error_max": 0.24069890414455328, "target": "942.xyz", "model": "28.xyz", "model_rescale": 4.156811204709835, "target_rescale": 3.7255741513725638},
{"mapping": [2, 0, 1, 8, 4, 6, 7, 5, 9, 10], "R": [[-0.5674425045495785, 0.06603002401301461, 0.8207612563707807], [0.8234096392136603, 0.042646383010072786, 0.565842603615341], [0.0023601018052908374, 0.9969058741651584, -0.07856912863504195]], "T": [-0.03971843115245126, -0.061367554345627934, -0.050452326381554696], "aligned_model": [[-0.5641730748993832, -0.03107323327484142, 0.030317362727301303, 0.5587388050407296, 0.03258795147056327, -0.7223718152575704, -0.2300132685582586, -0.5451687791831319, 0.19348829356453362, -0.07940686751935414], [-0.05464421759424776, -0.639616834143426, -0.036303519002529955, 0.37051365351710785, -0.46236771527371534, -0.34532823981293026, 0.6018000985879203, 0.3305281014927727, 0.23361500659259735, -0.07947600373734469], [-0.488101746023757, -0.31680722921136695, -0.7593583502797081, -0.1986839266670579, 0.665107744642194, 0.28353667801599314, -0.3205766302004661, 0.3522550409340247, 0.49530375596251464, 0.04611138980272904]], "inverted": false, "swapped": true, "error_lsq": 0.06600319844430659, "error_max": 0.31278406414426774, "target": "942.xyz", "model": "29.xyz", "model_rescale": 4.117894457231895, "target_rescale": 3.7255741513725638},
{"mapping": [7, 8, 6, 4, 12, 9, 10, 5, 0, 3, 14], "R": [[-0.9649030198426736, 0.15931539221596347, 0.20876007305412309], [0.10080192109120784, 0.958754461076945, -0.26576090018920917], [-0.2424894533847008, -0.2353900787376788, -0.9411643723755476]], "T": [0.032364173830054736, 0.11867626685199864, -0.025250777204045515], "aligned_model": [[-0.4186217466887444, 0.07058280786156343, 0.3538416807844412, -0.7086222837456605, -0.32490002228320153, 0.611838915965309, 0.013052430835126715, 0.685893574460541, 0.08795997930184815, -0.055453097582873846, 0.014709162025973575], [-0.19869871574575385, -0.5776786354121306, -0.30725549063019186, 0.1537975469873344, 0.7900797271841841, 0.1807127157857551, 0.07217141627240156, -0.3101915052696552, 0.024658179841649308, 0.44592649284625807, 0.10636596933610273], [-0.3758053104353079, 0.09892197650072698, -0.38165475267302446, 0.1966358098798922, -0.12198552014012211, -0.2492697827400311, -0.7406425021689211, 0.2661656397613017, 0.7378692375718077, 0.404809238944992, -0.07527405372406597]], "inverted": false, "swapped": false, "error_lsq": 0.04811072208763692, "error_max": 0.2479061214152894, "target": "942.xyz", "model": "30.xyz", "model_rescale": 4.100398675895297, "target_rescale": 3.7255741513725638},
