[{"mapping": [2, 7, 10, 12, 11, 0, 9, 1, 3, 6, 5, 13], "R": [[0.5737888695447072, 0.7975914862335552, -0.18604879541226757], [-0.501364913270108, 0.5216964155955465, 0.6902652198223638], [0.6476106522658999, -0.3027881619920232, 0.6992279828705573]], "T": [0.044821281074657306, 0.1600860456400576, 0.09855336671993434], "aligned_model": [[0.761227062354175, -0.12612391335737008, -0.7330191081983726, -0.16385426921934965, -0.6262854261187781, 0.5689211729813083, 0.08205579982983638, 0.13422918603602826, 0.4529371884018859, 0.28826840628677436, -0.2894028328518021, -0.031533211715740465], [-0.11224961703545874, -0.535655167843168, -0.05378928158752308, 0.43036929882867403, -0.005117914148957847, 0.3992995494135081, -0.1501817494394214, 0.7273889700114564, 0.23787995360540282, -0.22262570563728176, 0.4312376634090618, 0.02667051598342987], [0.0364704480218343, -0.1425200387750605, -0.5053096954560048, -0.36890923684197363, 0.1954310219005527, -0.4147775572428569, -0.5640857942974442, 0.04182831094165265, 0.41571234872688423, 0.7140300087201333, 0.7207850778155056, 0.04460755935215262]], "inverted": true, "swapped": false, "error_lsq": 0.04162650041474732, "error_max": 0.21690564706909624, "target": "943.xyz", "model": "0.xyz", "model_rescale": 3.8414455957264533, "target_rescale": 3.872155154823372},
{"mapping": [9, 2, 5, 10, 3, 8, 6, 12, 13, 0, 1, 14], "R": [[0.20481387993615632, 0.5591474644868205, 0.8033712638272902], [0.18011600297511923, 0.7852243233315844, -0.5924364839547969], [-0.9620860148956353, 0.2660392358401579, 0.060113433904746175]], "T": [0.0714438877188523, 0.018552694984258128, 0.08400127005513167], "aligned_model": [[0.6688608303687551, -0.1372358384539525, -0.4453429542618981, -0.2315947478954291, -0.6959937480726748, 0.5652985527881798, 0.03915730462252928, 0.16023979666646238, 0.7214862617379114, 0.16612190018059217, -0.49906816287735695, 0.005490859625476685], [-0.26084308227857933, -0.6242266639280125, -0.07840385561308771, 0.44899423279124206, 0.018780920119926187, 0.4692611043124777, -0.17960318303109093, 0.7738379957231282, 0.28987039691406713, -0.13104113176294072, 0.37209325115639624, 0.07450653115619674], [-0.09075763894804093, -0.21246490889147937, -0.3133066360256821, -0.35334180839219387, 0.24025844628731238, -0.3370354231803385, -0.6707960526372404, 0.02116063901887183, 0.36449835959176624, 0.7869771803554708, 0.6299160678347352, 0.10815422785219501]], "inverted": false, "swapped": false, "error_lsq": 0.04218662444028292, "error_max": 0.23299224707825272, "target": "943.xyz", "model": "1.xyz", "model_rescale": 4.316132596720782, "target_rescale": 3.872155154823372},
{"mapping": [4, 6, 8, 1, 10, 0, 2, 9, 5, 3, 7, 11], "R": [[-0.802878209728968, -0.5879840416969132, 0.09829215152884979], [0.334416443924583, -0.30772969155119667, 0.8907682521119856], [-0.4935101036202237, 0.7480489313190472, 0.4437009961417576]], "T": [0.004679601100723248, 0.15018672604487152, 0.01746534060390396], "aligned_model": [[0.5616693584871598, -0.1621032433143366, -0.5158305051101054, -0.16993324826815978, -0.6032516723101474, 0.5786884139106865, 0.1640813369117032, -0.09140002902034108, 0.5004080417940003, 0.17634335067567214, -0.16733087456911136, 0.04607912524157508], [-0.37233852324176997, -0.6522596347101662, -0.12139196716872494, 0.4699033608484078, 0.04468471751278828, 0.39812370296134036, -0.10514800759365692, 0.8669519550551382, 0.40454323403679204, -0.1686539849493419, 0.37821032707799496, 0.03060133573092079], [-0.08769884132737406, 0.08349021409358164, -0.47482558815436465, -0.3848888437535964, 0.14601374235990738, -0.3186227384475022, -0.7636368692016952, 0.18168414704723407, 0.34198954901826323, 0.5650867124783818, 0.865332519713628, 0.019338449038912246]], "inverted": false, "swapped": false, "error_lsq": 0.04806107056190292, "error_max": 0.2765135891539168, "target": "943.xyz", "model": "2.xyz", "model_rescale": 3.795458400668931, "target_rescale": 3.872155154823372},
{"mapping": [7, 0, 2, 6, 10, 8, 1, 3, 9, 4, 5, 11], "R": [[-0.9109792696277174, 0.41174090734684987, 0.024211475084004064], [-0.057412324714449556, -0.0684575934562422, -0.9960006942111348], [-0.40843677023430836, -0.9087260220304978, 0.08600245115805816]], "T": [-0.014256386212771487, 0.0372729331799079, -0.007314098125487549], "aligned_model": [[0.6832167504601574, -0.04740949662172857, -0.6629678784840969, -0.10803999323203821, -0.6450706550151379, 0.47283605058249906, 0.07761271590829658, 0.13803321993851672, 0.5869748570540873, -0.05112809037572219, -0.16031047779293076, 0.033673052006692725], [-0.26158257358653914, -0.7413606873553505, 0.0649325878414336, 0.5043967909978258, -0.09514084216640781, 0.4986881989964339, -0.1523493356008282, 0.8182379575600552, 0.47592897365375175, -0.29868554429391103, 0.44679731426853453, -0.08663632475527547], [0.07939752918577833, -0.07687342832717642, -0.41490906216956586, -0.35415157178233625, 0.3441836767949721, -0.40781359565281944, -0.6005023525755958, 0.055705994616196054, 0.44063289994779975, 0.5374125417308626, 0.5447570921895802, 0.025422728907680825]], "inverted": true, "swapped": false, "error_lsq": 0.04651815317406488, "error_max": 0.242118787540949, "target": "943.xyz", "model": "3.xyz", "model_rescale": 3.7530521520055578, "target_rescale": 3.872155154823372},
{"mapping": [1, 0, 6, 5, 2, 8, 4, 9, 10, 7, 11], "R": [[0.06701275993108424, -0.6177560594474334, 0.7835092475666121], [-0.6668815627830273, -0.6118317940515398, -0.4253596560650083], [0.7421443735732871, -0.4940033469559229, -0.4529706634759695]], "T": [-0.051240232061261444, -0.1406825736163409, -0.016414128210947586], "aligned_model": [[-0.4772609003336557, -0.21786410550188948, 0.3900089938337502, 0.609005079567315, 0.2894035432451853, -0.24928169729393718, -0.22382949839702646, -0.6670559403739116, -0.279823910670385, 0.20905525074339765, -0.044157212373637955], [-0.6374598769012777, 0.14523505301806694, -0.4343791715381033, 0.3328638868574412, -0.7330145699946162, 0.6128414411244385, -0.49195597984870987, 0.11029555612722164, 0.17334675502744307, 0.4461143876675862, -0.05668412322514435], [-0.26343643799885735, -0.6297866762361699, -0.4275219747306943, -0.39627254230998155, 0.1773598503477634, -0.13553216485943514, 0.5688601730627924, 0.08268687358240026, 0.7434507401835884, 0.32635823866419733, 0.04666469753971334]], "inverted": true, "swapped": true, "error_lsq": 0.0396718916394168, "error_max": 0.22047298149724814, "target": "943.xyz", "model": "4.xyz", "model_rescale": 3.7855080009869324, "target_rescale": 3.872155154823372},
{"mapping": [2, 12, 6, 7, 13, 5, 4, 10, 9, 14, 15, 16], "R": [[0.12255035843187198, -0.44849227279405196, -0.8853451817750212], [0.1673186319294762, 0.888637118663815, -0.42699946925273957], [0.9782565538024613, -0.09580580659280766, 0.18394391092295864]], "T": [0.014974858580837847, 0.03623071422815495, -0.03446632573906839], "aligned_model": [[0.6425964196172362, -0.11528721303527016, -0.5080069540012964, -0.1590156996197012, -0.6191458149838721, 0.49217835120498615, 0.005351702854172736, 0.11850184026804254, 0.467301770921904, 0.1581647795217516, -0.20487709480569707, 0.03965796648633889], [-0.28619926106089577, -0.6019045685905475, 0.02611276910428488, 0.5617535443406737, -0.17544761902678457, 0.4913806211627391, -0.017029013630551447, 0.7453026720449348, 0.2687149494028263, -0.23983528180689934, 0.37815675805244725, 0.02222094556749528], [0.18443039588103277, 0.1627148511778151, -0.42493363418081004, -0.5393648428328524, 0.24473054649206488, -0.503740907901854, -0.7720784054446712, 0.09768282020936542, 0.4637961191795587, 0.566351126493286, 0.6825202890820513, 0.01115409471038984]], "inverted": false, "swapped": false, "error_lsq": 0.039698248905823776, "error_max": 0.21770959528380815, "target": "943.xyz", "model": "5.xyz", "model_rescale": 4.2253639853439635, "target_rescale": 3.872155154823372},
{"mapping": [1, 0, 3, 2, 7, 10, 4, 5, 8, 9, 11, 13], "R": [[-0.5536500225001773, 0.5900259410659735, -0.5876572482789317], [-0.6895875414049942, 0.07076929290460343, 0.7207362415757919], [0.46684116712707424, 0.8042767533946231, 0.3676931174558973]], "T": [-0.0007894218607666995, 0.10690294552957277, 0.07963134567464783], "aligned_model": [[0.5841658228310135, -0.15693613253751848, -0.54768917036559, -0.09333721926507085, -0.7206547638082126, 0.5667204807905134, 0.08773607350131107, 0.07069433342646841, 0.5838819714772112, 0.2582221953418633, -0.26919646291670385, -0.04618707404668988], [-0.2688843858211575, -0.6795518039886598, -0.03273150236080774, 0.5083403145333275, -0.21351543269223103, 0.5118523310145207, -0.12885134330770326, 0.7357895626288015, 0.3265638456280674, -0.2596461267491106, 0.5745199267703688, 0.09934112990430653], [-0.15556437125519498, 0.09266135072623966, -0.34980125526064676, -0.44994825740706823, 0.17191985193359482, -0.2703129069960267, -0.5818022973858297, 0.06810043009054498, 0.47431264289917796, 0.4933355724491614, 0.6407425717074462, 0.0396191213639775]], "inverted": false, "swapped": false, "error_lsq": 0.0409631408496745, "error_max": 0.21804420435266883, "target": "943.xyz", "model": "6.xyz", "model_rescale": 3.89814844738969, "target_rescale": 3.872155154823372},
{"mapping": [11, 4, 2, 5, 0, 9, 10, 6, 8, 7, 3, 12], "R": [[-0.35867556820166996, 0.10844857233387095, 0.927141167209155], [-0.9305915139907829, 0.03629368813538486, -0.36425568257732616], [-0.07315238112017644, -0.9934393163954587, 0.08790366190422244]], "T": [-0.03442621110986695, 0.04804549454463167, 0.065787223164716], "aligned_model": [[0.7020404716453952, -0.10547453869516234, -0.4704340589635501, -0.15872364624027596, -0.5645675371531366, 0.5142612683321622, 0.11380941812340782, -0.05625927953034264, 0.5152558826981687, -0.023402814731805208, -0.1192396387879588, -0.029845472268307024], [-0.28758829725172874, -0.5832876192932401, -0.22088520112024349, 0.5832446745705662, 0.15455169770478344, 0.5209367422656961, -0.1260982464818283, 0.7152003743287826, 0.32251239446007096, -0.28536210998775624, 0.4203679116512826, -0.04036580528666174], [0.048261464440276916, -0.043145888896691326, -0.42321306524028257, -0.48256356724631, 0.3078966830744868, -0.45695726199699416, -0.6317827150775011, 0.1744312958577092, 0.34899084057161955, 0.631466048575587, 0.777520766617085, -0.07764214781360912]], "inverted": false, "swapped": false, "error_lsq": 0.046155475708760024, "error_max": 0.2509393948069519, "target": "943.xyz", "model": "7.xyz", "model_rescale": 3.7474275329858107, "target_rescale": 3.872155154823372},
{"mapping": [2, 13, 9, 5, 11, 3, 8, 0, 1, 12, 10, 14], "R": [[0.3236497860964044, -0.1808731459666741, -0.9287280124061457], [-0.9252997044797557, -0.26556047744415134, -0.27073619948080674], [-0.19766454626317914, 0.9469754684719941, -0.25331046023174586]], "T": [-0.0021028600460317876, 0.10814412890364472, 0.04545177349622379], "aligned_model": [[0.7555405208653433, -0.01496017385420749, -0.5968663102268161, -0.20765071542309033, -0.5846191048334642, 0.36290501674505193, 0.11125911827170584, 0.31723558655353273, 0.6600298521236933, -0.12205665703070974, -0.39929556387458914, 0.03589848511214551], [-0.12865921768652508, -0.7606758517455998, -0.020183553047604275, 0.4873042500070061, -0.062094981666029364, 0.5693700231465144, -0.07200808536611436, 0.6255950314444372, 0.1016971322140644, -0.16778421883639666, 0.5386349328346973, 0.06203105426127306], [-0.23470921282186266, 0.27588258610350763, -0.4129463989068381, -0.5263953614416578, 0.1802606210584713, -0.3646390229683426, -0.602548656613291, 0.29938238923614985, 0.40089590097380806, 0.5840771092369081, 0.5273013179023778, 0.04670118110614524]], "inverted": false, "swapped": false, "error_lsq": 0.05418083173062186, "error_max": 0.29395246707287725, "target": "943.xyz", "model": "8.xyz", "model_rescale": 4.019505241142653, "target_rescale": 3.872155154823372},
{"mapping": [10, 1, 7, 8, 0, 11, 9, 5, 6, 2, 3, 12], "R": [[0.1554389096818259, 0.9783207786785202, 0.1368473578947694], [0.969876885435361, -0.1774422056444538, 0.166892452658097], [0.18755685126150137, 0.10678350837973676, -0.9764321327583325]], "T": [0.03758797176282726, 0.09137153436954262, 0.034990067205442336], "aligned_model": [[0.7683823501079727, 0.0361555451012707, -0.7447458356720219, -0.17037517268399405, -0.5654553494982599, 0.37220280813703965, 0.15142860118280835, 0.10305261157180824, 0.6831755586753555, 0.0025774523049759343, -0.3635076920918434, 0.044529177293483255], [-0.45219519167479405, -0.5828448315434391, 0.023681324624597447, 0.37916817461169494, -0.10089588924403028, 0.4772595035712255, -0.0744118230769342, 0.7193158058407182, 0.1953106240535872, -0.023827461870173705, 0.48247976744349386, 0.1301865128237773], [-0.058039762066473134, -0.006669772682729717, -0.415516136220075, -0.5395195983383339, 0.1833749335850227, -0.3204996098551574, -0.6183829127359377, 0.26286084638340634, 0.3519682545101969, 0.6141926371318122, 0.686616820953721, 0.03287675219992378]], "inverted": false, "swapped": false, "error_lsq": 0.046811358426021694, "error_max": 0.24973310620154676, "target": "943.xyz", "model": "9.xyz", "model_rescale": 3.877068213659057, "target_rescale": 3.872155154823372},
{"mapping": [14, 11, 12, 3, 0, 13, 6, 4, 2, 8, 1, 15], "R": [[0.5661666041266755, -0.1684461908835661, -0.8068960634111966], [0.13178099226082102, 0.98480330796039, -0.1131203549721568], [0.8136886053340195, -0.042288596655487704, 0.5797607507778426]], "T": [0.07728826980653211, 0.09704779079743246, 0.0047864819610355085], "aligned_model": [[0.7628434630671023, -0.21116776330417117, -0.5275745878290187, -0.13907148584228413, -0.617529767490523, 0.6596246015627661, 0.058613274458274994, 0.12716058282399803, 0.6448784536906472, 0.05118568158025935, -0.4891960756948832, -0.00234632259357212], [-0.20915688629898516, -0.5750914118373976, -0.14400779078936177, 0.5636405756434293, -0.18739273493221764, 0.3818132632034809, 0.02100748262402838, 0.7516576859691251, 0.27913706114237397, -0.22220300056864922, 0.45026839894985077, 0.06355387245404576], [-0.20916285633269827, 0.1031596770253201, -0.3615853861625118, -0.36702122639567253, 0.26952695488328926, -0.4164397261572686, -0.6069109033582776, 0.16937480865088395, 0.2964030773961175, 0.7067270228248028, 0.5590763866875275, 0.030114623803863864]], "inverted": true, "swapped": false, "error_lsq": 0.04208312408838421, "error_max": 0.21292978175402677, "target": "943.xyz", "model": "10.xyz", "model_rescale": 4.260839863003843, "target_rescale": 3.872155154823372},
{"mapping": [1, 7, 6, 5, 10, 3, 0, 4, 2, 8, 9, 11], "R": [[0.22182777090346611, 0.9340192951973663, 0.2800007075973463], [0.9739308356882688, -0.22620621151047476, -0.01701402861256096], [0.04744646827267593, 0.27647550718480224, -0.9598490123844252]], "T": [0.02787423470394519, 0.09185641412734416, 0.056963358425460096], "aligned_model": [[0.6601813822002792, -0.12884150026532576, -0.5035326134912212, -0.19260746035730125, -0.5766140834580745, 0.5019428303810238, 0.08830516519804037, -0.11154921733011312, 0.5928981718882266, 0.12954365480440838, -0.19548465381582836, 0.0531783786744812], [-0.24865422468013468, -0.5352855299314069, -0.034567982565701955, 0.5534120830700605, 0.06981496708236781, 0.3855978280300295, -0.35564934415150695, 0.7819268748438899, 0.3709495643632754, -0.23713097268374897, 0.38354866458816983, 0.03926458759442888], [-0.029643911623096632, -0.05138233690895109, -0.5793376460262902, -0.3845851540368273, 0.22261914570745342, -0.38213574173756754, -0.6954467481001743, 0.2581267717753587, 0.3275406857121459, 0.6870776618612627, 0.7646071240996314, 0.0358226021424313]], "inverted": true, "swapped": false, "error_lsq": 0.045832979566723116, "error_max": 0.2554622408020607, "target": "943.xyz", "model": "11.xyz", "model_rescale": 3.890672605050136, "target_rescale": 3.872155154823372},
{"mapping": [6, 1, 3, 7, 4, 5, 8, 12, 9, 11, 10, 13], "R": [[-0.9866305385658553, -0.10410791686124234, -0.1253862911807474], [-0.12591068071401657, -0.0015459046873359528, 0.9920403775355269], [-0.10347309240272808, 0.9945648052417251, -0.011583061905479475]], "T": [0.075942612019386, -0.0433003974340269, 0.05703979668587162], "aligned_model": [[0.5155588504720301, -0.07219344912920377, -0.5761135264170726, -0.19014139279381992, -0.6118574792166143, 0.44574067103528225, 0.18946742846348852, -0.04178092357968151, 0.7297948359785491, 0.18927409144274737, -0.22933014019065157, -0.030998911636458626], [-0.4107014822451999, -0.8010195422627445, -0.06263112741335385, 0.603751304293007, 0.035820809404661966, 0.5566808724901199, -0.138746438570982, 0.6832858659568916, 0.3127789434969204, -0.12978307944199352, 0.4427309886775362, 0.0810594011748592], [-0.004704431464446324, 0.15303820988971772, -0.5968044288050594, -0.43028716537462885, 0.1653352857391122, -0.2719648432864901, -0.648079494725694, 0.1725634642295856, 0.28398734174252116, 0.5884895924141919, 0.7426946245075269, 0.01899429799903933]], "inverted": false, "swapped": false, "error_lsq": 0.04663791754186536, "error_max": 0.2458369183305095, "target": "943.xyz", "model": "12.xyz", "model_rescale": 4.124412569039231, "target_rescale": 3.872155154823372},
{"mapping": [5, 4, 1, 6, 2, 3, 0, 9, 7, 10, 11, 12], "R": [[-0.20158798729916078, -0.9220030414176434, -0.33056417681486505], [-0.600095162676267, 0.38299394572501844, -0.7022830150804781], [0.774111154233821, 0.05679814393620303, -0.6304965437940038]], "T": [0.10257870598282089, 0.14993159070947254, -0.06556298655390264], "aligned_model": [[0.640045136617398, -0.10037620243490035, -0.5801581094861165, -0.21407584165678023, -0.6126734417117674, 0.4265556105780024, 0.27013841597997407, 0.20892553834842292, 0.5983827994378157, 0.054439647911650194, -0.4312625828131737, 0.05747908365806999], [-0.3739968762589459, -0.6076644931000919, 0.0286394446093447, 0.6309637863512212, -0.17165737037890666, 0.5001199141526516, -0.176538405604808, 0.748699878359824, 0.22374806062954627, -0.07055607641530123, 0.3457115651196398, 0.09575708809554845], [0.036293169437098274, -0.009583216144467221, -0.49220446954224556, -0.406078388554044, 0.29135495776004916, -0.5958086646870744, -0.5151277521731057, 0.13143488386722885, 0.3110098539402757, 0.6370588833244883, 0.7512824953660753, 0.03363070027109763]], "inverted": false, "swapped": false, "error_lsq": 0.042534263889930084, "error_max": 0.24651489126646353, "target": "943.xyz", "model": "13.xyz", "model_rescale": 3.9028299243045295, "target_rescale": 3.872155154823372},
{"mapping": [9, 12, 5, 4, 8, 7, 10, 3, 6, 1, 2, 15], "R": [[0.8046372813181094, -0.45929423019771976, -0.37630792659746903], [0.5524054567175448, 0.8114503536031085, 0.19077875936820493], [0.21773161667907315, -0.3613822543297814, 0.906639845447928]], "T": [-0.03409310578313782, 0.037973742357264396, 0.02851940982581297], "aligned_model": [[0.7257555343010477, -0.3224150378203723, -0.43816561270825194, -0.20320992956988407, -0.7858607204528879, 0.6336380436094646, 0.16164304831511825, 0.08637460617242107, 0.48814509008973517, 0.22251513567691508, -0.32602773538149854, 0.07502763219678812], [-0.07694957795669558, -0.5791926046132865, -0.06537249206735721, 0.4888851250122412, -0.005560292029933973, 0.40309363788913066, -0.01152917363794858, 0.6436961845772249, 0.26870533912729616, -0.17552256168733146, 0.23740425989615652, 0.04556867105022655], [-0.07281237725944167, 0.17070398224570724, -0.26837585560066285, -0.44838907068923145, 0.200150994743486, -0.4628567493992796, -0.6888294741461138, 0.11382649397144731, 0.37266830096544057, 0.5859871616436942, 0.6743920058315747, -0.0032029594412443796]], "inverted": true, "swapped": false, "error_lsq": 0.04502560376829772, "error_max": 0.2809559282083751, "target": "943.xyz", "model": "14.xyz", "model_rescale": 3.942246331269136, "target_rescale": 3.872155154823372},
{"mapping": [11, 9, 2, 0, 5, 8, 7, 12, 13, 4, 3, 14], "R": [[-0.11671538490097799, 0.1951448462633387, 0.9738049126515405], [-0.7258515675606618, -0.6859970766474174, 0.050472890752633615], [0.6778768478102394, -0.7009468594751356, 0.2217126054034778]], "T": [0.05105414535120652, 0.013053674175365501, 0.09634597325314723], "aligned_model": [[0.7496168508005198, -0.23744295991053693, -0.5353218091134189, -0.16980444752977863, -0.5813088470875752, 0.5055201577368627, -0.059171079115331884, 0.08689998278654677, 0.6186891680933557, 0.24062339423703932, -0.3053655484816686, 0.004485192012581213], [-0.1467732767296665, -0.6812787553169537, 0.044976078384526184, 0.41393773562161684, -0.002021609835081789, 0.24642665637941863, -0.20351236110174276, 0.7903354466018754, 0.457050410283952, -0.09310064119420862, 0.2637107779160643, 0.08347605454992267], [0.12035674117686337, -0.19146334512144877, -0.3912933594249015, -0.47918068477169784, 0.14801162717321012, -0.4848928942112185, -0.7233668181468009, 0.3465946103219847, 0.4726267537705131, 0.6408262191095813, 0.667908698326302, 0.04713490466298923]], "inverted": false, "swapped": false, "error_lsq": 0.04882316712330471, "error_max": 0.26786659251356487, "target": "943.xyz", "model": "15.xyz", "model_rescale": 4.355366556412066, "target_rescale": 3.872155154823372},
{"mapping": [4, 6, 8, 1, 10, 0, 2, 9, 5, 3, 7, 11], "R": [[-0.802878209728968, -0.5879840416969132, 0.09829215152884979], [0.334416443924583, -0.30772969155119667, 0.8907682521119856], [-0.4935101036202237, 0.7480489313190472, 0.4437009961417576]], "T": [0.004679601100723248, 0.15018672604487152, 0.01746534060390396], "aligned_model": [[0.5616693584871598, -0.1621032433143366, -0.5158305051101054, -0.16993324826815978, -0.6032516723101474, 0.5786884139106865, 0.1640813369117032, -0.09140002902034108, 0.5004080417940003, 0.17634335067567214, -0.16733087456911136, 0.04607912524157508], [-0.37233852324176997, -0.6522596347101662, -0.12139196716872494, 0.4699033608484078, 0.04468471751278828, 0.39812370296134036, -0.10514800759365692, 0.8669519550551382, 0.40454323403679204, -0.1686539849493419, 0.37821032707799496, 0.03060133573092079], [-0.08769884132737406, 0.08349021409358164, -0.47482558815436465, -0.3848888437535964, 0.14601374235990738, -0.3186227384475022, -0.7636368692016952, 0.18168414704723407, 0.34198954901826323, 0.5650867124783818, 0.865332519713628, 0.019338449038912246]], "inverted": false, "swapped": false, "error_lsq": 0.04806107056190292, "error_max": 0.2765135891539168, "target": "943.xyz", "model": "16.xyz", "model_rescale": 3.795458400668931, "target_rescale": 3.872155154823372},
{"mapping": [11, 4, 2, 5, 0, 9, 10, 6, 8, 7, 3, 12], "R": [[-0.35867556820166996, 0.10844857233387095, 0.927141167209155], [-0.9305915139907829, 0.03629368813538486, -0.36425568257732616], [-0.07315238112017644, -0.9934393163954587, 0.08790366190422244]], "T": [-0.03442621110986695, 0.04804549454463167, 0.065787223164716], "aligned_model": [[0.7020404716453952, -0.10547453869516234, -0.4704340589635501, -0.15872364624027596, -0.5645675371531366, 0.5142612683321622, 0.11380941812340782, -0.05625927953034264, 0.5152558826981687, -0.023402814731805208, -0.1192396387879588, -0.029845472268307024], [-0.28758829725172874, -0.5832876192932401, -0.22088520112024349, 0.5832446745705662, 0.15455169770478344, 0.5209367422656961, -0.1260982464818283, 0.7152003743287826, 0.32251239446007096, -0.28536210998775624, 0.4203679116512826, -0.04036580528666174], [0.048261464440276916, -0.043145888896691326, -0.42321306524028257, -0.48256356724631, 0.3078966830744868, -0.45695726199699416, -0.6317827150775011, 0.1744312958577092, 0.34899084057161955, 0.631466048575587, 0.777520766617085, -0.07764214781360912]], "inverted": false, "swapped": false, "error_lsq": 0.046155475708760024, "error_max": 0.2509393948069519, "target": "943.xyz", "model": "17.xyz", "model_rescale": 3.7474275329858107, "target_rescale": 3.872155154823372},
{"mapping": [2, 0, 3, 11, 8, 7, 1, 12, 9, 4, 5, 13], "R": [[0.7870623793740313, 0.5008067663278845, 0.3601741159138124], [-0.6085381346632891, 0.534682194318783, 0.5863414446710857], [0.1010650762361216, -0.6806669772206222, 0.7255882554773939]], "T": [0.011928589082452087, 0.13389127730282818, -0.001212839728600909], "aligned_model": [[0.5653922920048284, 0.0016973448012379787, -0.5398848339011608, -0.17704353650074967, -0.5798302376737065, 0.5236689666479502, 0.043162190331549194, 0.1899120379391583, 0.49127688646080725, -0.04705270343492726, -0.2208911569542405, 0.06701280470784875], [-0.2835524328318703, -0.7014616361661399, 0.004871934832329838, 0.5533683165573804, -0.17461679527717605, 0.5296834154334642, -0.1653256824834478, 0.8333949084135011, 0.2909674769428897, -0.23061203628295696, 0.4730103890904717, 0.043498657331277085], [-0.15369694455960237, 0.033761756483993, -0.3746363751315302, -0.5580478342259436, 0.26617958972265626, -0.38707505788347313, -0.6241190043625264, 0.19437214259252694, 0.4384193282973326, 0.7423491035811464, 0.5937771858567558, 0.001978562494041023]], "inverted": false, "swapped": false, "error_lsq": 0.0394914312274038, "error_max": 0.21831844790648292, "target": "943.xyz", "model": "18.xyz", "model_rescale": 3.922800546911778, "target_rescale": 3.872155154823372},
{"mapping": [3, 1, 10, 11, 6, 7, 9, 13, 12, 5, 8, 14], "R": [[0.17253973699940045, -0.9506846959605599, -0.25773755648441155], [-0.15508605116575164, 0.23217875165750218, -0.9602298391596555], [0.9727169968135603, 0.20564930377986088, -0.107377874652402]], "T": [-0.02445238871732187, 0.038094605038755405, 0.06970811680747241], "aligned_model": [[0.57032804346301, -0.33397198770603237, -0.551845084152437, -0.11783771979639691, -0.6966307647505601, 0.5314577636978771, 0.16329687700728504, -0.004610242769063504, 0.6290052698168053, 0.3361561305269943, -0.25059286287665955, 0.042664631967772745], [-0.13822758947934188, -0.5990003422869431, 0.003929997949764966, 0.5284868039346752, -0.06591512112100016, 0.43457844004194657, -0.1074764259127446, 0.7215931016472482, 0.34453917541301704, -0.23538881140852796, 0.21296518429581263, 0.07314210248581601], [-0.08616351242891251, 0.28486078323245306, -0.5396278920476132, -0.4382665715088658, 0.18427678429820862, -0.3449911598756775, -0.7089461544083042, 0.13489892289455369, 0.38227628274530967, 0.6842827965352158, 0.6106992632035202, 0.009962910225488064]], "inverted": true, "swapped": false, "error_lsq": 0.04900194364862123, "error_max": 0.35970342730369725, "target": "943.xyz", "model": "19.xyz", "model_rescale": 3.9282355846067225, "target_rescale": 3.872155154823372},
{"mapping": [9, 6, 3, 0, 5, 11, 4, 10, 12, 7, 2, 13], "R": [[0.07883714595547336, 0.48273215235422173, 0.8722123442723431], [-0.08601355430250456, -0.8683788065229744, 0.4883850088382985], [0.9931698610478703, -0.113524964061634, -0.026938998514406676]], "T": [0.04882341490783368, -0.030458265497395845, 0.0061243573005306685], "aligned_model": [[0.7399278724443172, -0.23842230703785552, -0.5679049596218712, -0.1705985615922794, -0.5938980035801178, 0.4108364162489817, 0.06050325415963484, 0.24737765561603955, 0.6896407882579534, 0.10930599413676106, -0.34338427063205446, -0.025963823970914], [-0.007197947671338814, -0.615959752397786, -0.06306997987681466, 0.5061081767439263, -0.17530777298057, 0.38369196934164845, -0.12094661488058273, 0.7741745251378617, 0.1595449255993746, -0.19648044451743285, 0.41793633680492975, 0.110733094256507], [-0.009950829342819862, 0.04513663893588583, -0.42391942800131555, -0.5453712795689848, 0.2376798596046422, -0.4529936462330849, -0.619210181103331, 0.2414467632094689, 0.5315253723864013, 0.6035155775765556, 0.5751864122554022, -0.009782806853443656]], "inverted": false, "swapped": false, "error_lsq": 0.03949055763556753, "error_max": 0.23917891505179534, "target": "943.xyz", "model": "20.xyz", "model_rescale": 4.067790424073018, "target_rescale": 3.872155154823372},
{"mapping": [11, 13, 4, 2, 8, 3, 6, 0, 12, 9, 7, 14], "R": [[0.6489251911276757, -0.5881891430332933, 0.48262783626482775], [0.3209074561689548, -0.36355560020562394, -0.8745545895679119], [0.6898655672629848, 0.7223993753990159, -0.047166105711959755]], "T": [-0.03242018583279532, -0.005052169990172314, 0.03324491628228278], "aligned_model": [[0.5512675059717631, 0.06601369471209409, -0.6438429335880671, -0.12345429190821586, -0.5703456677584811, 0.5840045130169438, 0.04809182126228122, -0.10588576053042348, 0.6300803047192043, 0.1969428016672802, -0.32948778103278425, 0.01403584789700063], [-0.2452561583546956, -0.696875796687686, 0.08378352893765155, 0.5306909828758802, 0.10719071880712704, 0.4365994891274218, -0.1404684592604829, 0.6920919612039592, 0.19873235798141747, -0.04626079564244641, 0.2956106243656301, -0.04261193779405403], [-0.10690848677590399, 0.07584005428149007, -0.4773850249272753, -0.47509945245521235, 0.1855787816389694, -0.3523836865177489, -0.6897607185568609, 0.14748544848029738, 0.3597090537850773, 0.7746923983103635, 0.6480755313146199, 0.08341855428755998]], "inverted": false, "swapped": false, "error_lsq": 0.044806378183341544, "error_max": 0.23164689380407313, "target": "943.xyz", "model": "21.xyz", "model_rescale": 4.186013935880536, "target_rescale": 3.872155154823372},
{"mapping": [7, 0, 2, 8, 5, 9, 1, 11, 4, 6, 3, 12], "R": [[0.899398034486513, -0.02146942968520779, -0.4366030681875582], [-0.3722963595483571, -0.5610479082570557, -0.7393379912512431], [-0.2290820731284708, 0.8275048690064456, -0.5125983764525476]], "T": [0.09393063841221161, 0.13376304573132472, -0.02799760003320237], "aligned_model": [[0.7159667051681884, -0.1722825110323406, -0.5200691045663977, -0.23091490421234206, -0.643684064013998, 0.36823586288165533, 0.24240366670337288, 0.012645051003417368, 0.5498042715253693, 0.15214451553572608, -0.24786888897747772, 0.09103945441342215], [-0.2525823989206778, -0.537731608958919, 0.038888545774138555, 0.6418948182135743, 0.07371509693799222, 0.3895214218113594, -0.4128607207773004, 0.7327501869207281, 0.32061404824264517, -0.1819539022170534, 0.2127182420564465, 0.14825278647678897], [0.018176731930063098, -0.024265470397929173, -0.4325990678321555, -0.5012265149724976, 0.19751863158940977, -0.5227652799921947, -0.4909030479276101, 0.15523186452207152, 0.5057458610613487, 0.42674056892296097, 0.8259800429915051, 0.015628132970404204]], "inverted": true, "swapped": false, "error_lsq": 0.056034943044168534, "error_max": 0.3816174482890295, "target": "943.xyz", "model": "22.xyz", "model_rescale": 4.166573947596378, "target_rescale": 3.872155154823372},
{"mapping": [5, 10, 8, 4, 9, 1, 0, 2, 6, 12, 11, 15], "R": [[0.20973112991879322, -0.8725807866070622, 0.4411526085009444], [-0.3366524691885334, 0.3591553765329067, 0.8704438698139991], [-0.917974927834225, -0.3310742912877822, -0.21843041344108394]], "T": [-0.05158647902784458, 0.02656316807271869, 0.0961952948282061], "aligned_model": [[0.652097887456419, -0.10032815090735545, -0.615990106642988, -0.19923172970219186, -0.6068850154463032, 0.492871739978134, 0.1892090311077433, 0.16199403878021756, 0.6141713861405127, 0.10625830586027785, -0.38562624127163336, 0.008878909075762748], [-0.3162731094479894, -0.7155276585018964, -0.03742581687870408, 0.4850858314591305, -0.10881555406261542, 0.3323830868451099, 0.06805601922914617, 0.6646399436613986, 0.30242886484882553, 0.04649814624762404, 0.4133075756860451, 0.038869186473647926], [-0.1837218007246213, 0.007500945288488242, -0.4795069677702134, -0.4586122037502959, 0.2799486711961413, -0.24751750083996155, -0.682939884995852, 0.10331077487423668, 0.34067886130163716, 0.7318594952972947, 0.696977724536611, 0.06528433845191102]], "inverted": true, "swapped": false, "error_lsq": 0.04355387814874109, "error_max": 0.3049706127751259, "target": "943.xyz", "model": "23.xyz", "model_rescale": 4.274766983524099, "target_rescale": 3.872155154823372},
{"mapping": [3, 4, 10, 7, 9, 8, 5, 0, 6, 1, 11], "R": [[0.3634774394592928, 0.3706927157082662, 0.8546759979810753], [0.5978081449529935, 0.6108163844019538, -0.5191615994793776], [-0.7144995261243895, 0.6996358017332701, 0.00041485065705934923]], "T": [0.06106267770242982, 0.17075774676513036, 0.05562777410007351], "aligned_model": [[0.33549195527266595, 0.09744486530552876, -0.5350857686208611, -0.40955695151841687, -0.46407705650138753, -0.6227228786077311, 0.08789141044174334, -0.07018736617575791, 0.6343637351533569, 0.35088158742256137, -0.024548828213626916], [-0.2621272983090479, 0.7136126681524653, 0.45415924382526884, -0.21731077874154411, 0.5278919514187254, -0.14241690367709778, -0.7249160966246383, -0.09425617898913871, -0.1505814297953765, 0.6685875958338663, 0.142943758150001], [-0.3950255834190159, -0.39126252481302226, -0.48525128539991186, -0.34123151045411015, 0.27636163239422096, 0.2913541423738613, 0.09450092529211401, 0.6867215327681886, 0.18992320807655716, 0.4524548917874859, 0.0010210054152094972]], "inverted": true, "swapped": true, "error_lsq": 0.04534207367143672, "error_max": 0.2526837879060404, "target": "943.xyz", "model": "24.xyz", "model_rescale": 3.7841303162186577, "target_rescale": 3.872155154823372},
{"mapping": [3, 6, 1, 2, 0, 5, 4, 9, 13, 11, 10, 15], "R": [[-0.04744953057748186, 0.04732660512860237, -0.9977518401361023], [0.9233797091195548, -0.3788671777600766, -0.061883555185537176], [-0.38094416235750816, -0.924240149562394, -0.02572335714133389]], "T": [-0.07574720270527541, 0.17779957656491469, 0.10320452728421534], "aligned_model": [[0.5961600917760506, 0.0724110276321373, -0.5868789293734815, -0.007420275463260018, -0.777095826928252, 0.5401408650986907, 0.06363529617540609, -0.050425307029614924, 0.6277137527062102, 0.2431345255725727, -0.35572123466653083, -0.0482339310713327], [-0.21676335473265623, -0.5206247928981305, -0.06194067608632031, 0.6037828462079331, -0.03982898166643695, 0.3084328998340566, -0.13980720965836635, 0.7618915320732857, 0.200466436088784, -0.2585195321687107, 0.42112400893108354, 0.11501333963520086], [-0.1013989147733522, -0.007606082164804073, -0.38084646492125884, -0.5153928481750811, 0.14878815695841605, -0.5074963554988707, -0.5574033679222008, 0.1215374931087023, 0.44471425622605065, 0.6485187925360183, 0.7870633338504821, 0.09278445364127487]], "inverted": true, "swapped": false, "error_lsq": 0.04466824791385691, "error_max": 0.2559880811756095, "target": "943.xyz", "model": "25.xyz", "model_rescale": 4.19342608120988, "target_rescale": 3.872155154823372},
{"mapping": [4, 6, 8, 1, 10, 0, 2, 9, 5, 3, 7, 11], "R": [[-0.802878209728968, -0.5879840416969132, 0.09829215152884979], [0.334416443924583, -0.30772969155119667, 0.8907682521119856], [-0.4935101036202237, 0.7480489313190472, 0.4437009961417576]], "T": [0.004679601100723248, 0.15018672604487152, 0.01746534060390396], "aligned_model": [[0.5616693584871598, -0.1621032433143366, -0.5158305051101054, -0.16993324826815978, -0.6032516723101474, 0.5786884139106865, 0.1640813369117032, -0.09140002902034108, 0.5004080417940003, 0.17634335067567214, -0.16733087456911136, 0.04607912524157508], [-0.37233852324176997, -0.6522596347101662, -0.12139196716872494, 0.4699033608484078, 0.04468471751278828, 0.39812370296134036, -0.10514800759365692, 0.8669519550551382, 0.40454323403679204, -0.1686539849493419, 0.37821032707799496, 0.03060133573092079], [-0.08769884132737406, 0.08349021409358164, -0.47482558815436465, -0.3848888437535964, 0.14601374235990738, -0.3186227384475022, -0.7636368692016952, 0.18168414704723407, 0.34198954901826323, 0.5650867124783818, 0.865332519713628, 0.019338449038912246]], "inverted": false, "swapped": false, "error_lsq": 0.04806107056190292, "error_max": 0.2765135891539168, "target": "943.xyz", "model": "26.xyz", "model_rescale": 3.795458400668931, "target_rescale": 3.872155154823372},
{"mapping": [7, 3, 2, 1, 9, 6, 0, 8, 5, 10, 11, 12], "R": [[-0.8639908304798616, -0.45558695842559416, 0.21438369378111544], [0.2434620160179909, -0.005309818927672683, 0.9698958978052288], [-0.4407335834755217, 0.8901754485130846, 0.11550575423481735]], "T": [-0.10791140935874528, 0.14211061109267384, 0.09286355720692244], "aligned_model": [[0.5353745069623925, -0.12669022123233348, -0.6275435494748772, -0.1985104202556821, -0.5209720076749805, 0.4761437454626692, 0.06480752857753806, 0.11320571497049271, 0.6118350225798497, 0.25408646685281544, -0.303292198869086, 0.038975466529796984], [-0.3541154118970826, -0.5865069058924818, -0.13184693264335082, 0.5134619353523008, 0.0340054112304391, 0.5659243345827069, -0.2870696219021389, 0.8255230407031297, 0.3073995084868405, -0.1521639374537345, 0.36982678583394957, 0.06878830915914491], [0.08057280458311487, -0.02478179550562551, -0.5627007928668557, -0.35906916316896187, 0.04738281406448683, -0.3076966300108207, -0.5979661527633383, 0.21454502041506407, 0.23950980499429825, 0.6314231696969039, 0.7421295139494972, 0.06991385947761294]], "inverted": false, "swapped": false, "error_lsq": 0.046749895815362597, "error_max": 0.253684228148386, "target": "943.xyz", "model": "27.xyz", "model_rescale": 3.6321398670334006, "target_rescale": 3.872155154823372},
{"mapping": [6, 12, 10, 11, 8, 13, 9, 1, 4, 7, 3, 14], "R": [[-0.6372452849450957, 0.7336259715969845, 0.2360325837964421], [0.7652624005100245, 0.6385608011582715, 0.08132380702931638], [-0.09105989886266498, 0.2324500742578654, -0.9683362317896785]], "T": [-0.08862643574863592, 0.18421405106883762, 0.014528699860991331], "aligned_model": [[0.6053621784506605, 0.06472637114526424, -0.6888366133814479, -0.16624584696918565, -0.422894331292414, 0.4943223421494394, 0.01875040932085585, 0.2706854560116376, 0.5810131183258189, -0.0495540259421466, -0.3489017126860104, -0.04100729070387684], [-0.14015789507905432, -0.6208564792832034, 0.03889516780027499, 0.49983571031664376, -0.17842140911482915, 0.3956177071901965, -0.13459005954516604, 0.6812058551270951, 0.20496941783532002, -0.20810048755911173, 0.4101069566684088, 0.22472203120314838], [-0.11612382041602275, 0.12340518325568567, -0.45801949644090184, -0.5394424470719061, 0.16876913820540618, -0.5164671084461108, -0.5628847684775689, 0.2812894677502684, 0.5019908365735622, 0.6819491322549281, 0.6084893512321147, 0.00030698444592124063]], "inverted": true, "swapped": false, "error_lsq": 0.04740161563290851, "error_max": 0.2879179576544544, "target": "943.xyz", "model": "28.xyz", "model_rescale": 4.156811204709835, "target_rescale": 3.872155154823372},
{"mapping": [2, 3, 4, 10, 5, 6, 1, 0, 8, 11], "R": [[-0.10347632679066349, 0.7167311688167072, 0.6896296697797657], [0.19781169569725, -0.6646718107451899, 0.7204733978753757], [0.9747631419166867, 0.21096875514480212, -0.07300001036549347]], "T": [-0.13686410690223993, 0.08231063043202239, -0.04904304427704256], "aligned_model": [[-0.41634508032109907, -0.09402828098251631, 0.08093693149637249, 0.6567731842771145, -0.16513917727252592, -0.6770865246372624, -0.6111412364803923, -0.3881267251750134, 0.29202674730565575, -0.034944464099745304], [-0.30198424227044285, -0.5983908574274849, 0.15466207593102355, 0.20512198224181713, -0.49870876622107674, -0.30194138731242937, 0.524376326611454, 0.34733201709930006, 0.31966575994426505, 0.06858742202977791], [-0.5769176190260229, -0.07353622135662186, -0.7146660941472855, -0.33768946727815496, 0.6336571224323412, 0.05332081013315472, -0.3116081695465045, 0.5445637686549086, 0.5681466729644274, -0.026484075855142675]], "inverted": false, "swapped": true, "error_lsq": 0.06035912545570484, "error_max": 0.30691832450519013, "target": "943.xyz", "model": "29.xyz", "model_rescale": 4.117894457231895, "target_rescale": 3.872155154823372},
