[{"mapping": [12, 10, 8, 11, 5, 7, 6, 3, 0, 1, 2, 9, 4, 13], "R": [[0.8151071957033957, -0.5776589819941236, -0.04370766562125128], [-0.0775131639436279, -0.18352190127240336, 0.9799548056766754], [-0.5741010093424279, -0.7953802941202877, -0.19436619767112387]], "T": [0.050562577087967624, -0.13290712130154617, 0.0675933027450374], "aligned_model": [[0.5680130398137728, 0.3099221812143724, -0.619296498716602, -0.1267135871823941, -0.1619619876473008, -0.29978958870083905, -0.6501300123602413, -0.11121533728034658, 0.5647873279902694, 0.5072614438987415, -0.12010097548575063, 0.2657791966037504, -0.7167108764349642, -0.010775438346863342], [-0.05541122602903291, 0.1263482303433274, -0.0937360798277963, -0.3478948475009827, -0.8553233021094075, 0.4008273037766278, -0.22998816617465548, -0.24783134450377375, 0.2689644346111132, -0.4118409960650694, 0.3460332663817627, 0.5308201343113694, 0.4313904325759955, -0.04148904742420284], [-0.18011461560713715, -0.8709950964121826, -0.3328234547649472, -0.5722623684875184, -0.005546505380671737, -0.3370984390647414, 0.3576819960896114, 0.5511433364972184, 0.47927836767748155, 0.28361680143472606, 0.6444366976785177, -0.1557698737298972, 0.14673838988186916, -0.0524910254850537]], "inverted": false, "swapped": false, "error_lsq": 0.04551500258992204, "error_max": 0.2761805926305597, "target": "945.xyz", "model": "0.xyz", "model_rescale": 3.8414455957264533, "target_rescale": 3.9451936339372375},
{"mapping": [10, 6, 4, 5, 1, 2, 0, 11, 8, 12, 13, 9, 7, 14], "R": [[-0.8616228342627672, -0.419255754260606, 0.2860606648883525], [-0.34840456064716896, 0.07871859528297803, -0.934032999886475], [0.3690804161659748, -0.904449000926003, -0.21389635603886709]], "T": [-0.08061438546944318, 0.0020474372512121076, -0.04239371239957323], "aligned_model": [[0.46724247779185885, 0.33845372742055196, -0.5634628937454382, 0.0542732484847087, -0.35379050635038944, -0.32091244682937237, -0.6777003741316838, 0.0025461178296728587, 0.6128211652337731, 0.4754906887126212, 0.008449652153302026, -0.026740694749045682, -0.5438874934322713, -0.07371378102268294], [-0.34021469044898767, 0.3128328499181829, -0.10811675324381083, -0.22711870699702896, -0.8007194347664466, 0.28377032746354386, -0.05256743982902827, -0.4866816243529451, 0.2634561780827807, -0.3272728355811305, 0.2735713322248427, 0.6734372803032146, 0.44389303424585275, -0.08740072465376474], [-0.2684264395211322, -0.6236178669353956, -0.26720119456245267, -0.6453953620815112, 0.1291814820201455, -0.6807461091644796, 0.36506537370835934, 0.650782771018994, 0.2316774548879617, 0.3632968694946395, 0.6598807156554519, 0.06643176296447839, 0.013333282764646813, -0.03846852992243115]], "inverted": true, "swapped": false, "error_lsq": 0.050614622119491394, "error_max": 0.2910193653661604, "target": "945.xyz", "model": "1.xyz", "model_rescale": 4.316132596720782, "target_rescale": 3.9451936339372375},
{"mapping": [8, 0, 9, 12, 10, 11, 6, 5, 4, 1, 3, 13], "R": [[0.2744608249640913, -0.7840352952686966, -0.5567404344332811], [-0.8954903301357535, 0.0025680379531272113, -0.4450735600037714], [0.350383110599512, 0.6207109318789217, -0.7013911995830936]], "T": [-0.02614432859274377, -0.0019582183314601227, -0.10024464722388879], "aligned_model": [[-0.27914117932900334, 0.33480823847331054, 0.2771679594455943, -0.5501770254770162, -0.48764212718089883, -0.5162920544912686, -0.18012083015721872, -0.2199366326260532, 0.4364489392489209, 0.29752605209924626, 0.5378258859369701, -0.05265867131080268], [-0.7017078290639979, -0.3052686286584053, -0.5872131534263588, 0.45736301019858355, -0.21168788368438976, -0.1788876397735094, 0.42465658909085513, 0.5152239006072538, 0.17074702811825854, 0.10612727708336375, 0.2548077790090801, 0.06861597824024665], [0.08875507583212153, 0.16839869940225397, -0.5196187268875637, -0.10632002690400884, -0.3434499480396229, 0.48088413559596754, -0.6295999351779723, 0.3744842365109009, -0.7161606694943469, 0.678320925039764, 0.06173318813623574, -0.08816849280430826]], "inverted": false, "swapped": true, "error_lsq": 0.049672776826443825, "error_max": 0.3172143653715471, "target": "945.xyz", "model": "2.xyz", "model_rescale": 3.795458400668931, "target_rescale": 3.9451936339372375},
{"mapping": [8, 10, 7, 2, 0, 3, 6, 11, 12, 5, 9, 13], "R": [[-0.04005837481781027, 0.6883756663149256, -0.7242473808253906], [0.44811160254819216, -0.6354735762946225, -0.6287840054366951], [-0.8930796819257771, -0.3497317198322237, -0.28301308428153643]], "T": [0.06628985006483418, 0.08130638019650359, 0.03578748731991547], "aligned_model": [[0.02581743381279636, -0.1651914786091831, -0.7679968359548979, 0.2064310499065476, 0.15134884508979235, 0.2247611064622164, -0.24508298012636698, 0.6102405889927496, 0.3033291463817432, 0.7183817593227879, -0.5754655882296293, 0.10673077869500885], [-0.03984059668629629, -0.39064819195227807, -0.21456362625809416, 0.20712562138638768, 0.5239139101865057, 0.6304664858171687, -0.22851835050638591, -0.25468664763282384, -0.48544182213821374, -0.07391561695861067, 0.3625507109029755, 0.04932716912937441], [-0.7212219003582904, -0.16368894055768818, 0.09190803638186837, 0.7906706664604914, -0.266399127427101, 0.3248169645457865, 0.5770652115009202, -0.41196886882353106, 0.36477383319518275, 0.3205375317168399, -0.309824847076139, 0.09210287108076065]], "inverted": false, "swapped": true, "error_lsq": 0.05164045695628199, "error_max": 0.29721883078356454, "target": "945.xyz", "model": "3.xyz", "model_rescale": 3.7530521520055578, "target_rescale": 3.9451936339372375},
{"mapping": [6, 11, 5, 1, 2, 8, 4, 10, 9, 0, 13], "R": [[0.10837983236461432, -0.11103147344667488, -0.9878895807937638], [0.9607123689215094, 0.2671144239445187, 0.07537657939976836], [0.2555103836203916, -0.9572470404368184, 0.13561912636907816]], "T": [-0.09285175537109841, -0.06061617867302173, 0.023977969640949573], "aligned_model": [[-0.39988155772662065, -0.09557160943286533, 0.2692312928025958, 0.6753470162053952, 0.2565405099058185, -0.3759962657807934, -0.13297876913739004, -0.6333674210848037, -0.3685693677010646, 0.2218226130865032, -0.07837683869157017], [-0.6815193018325854, 0.35263656909054963, -0.3115147400034035, 0.19682546006109414, -0.7553536569212582, 0.6462363067571615, -0.48607313448725076, 0.011705579305454586, 0.2773132901451149, 0.33549488824032486, -0.11854790204085555], [0.10232329462714794, -0.6381959081711713, -0.5559755564731235, -0.23332300191736782, 0.04813439276196978, -0.07383087241373618, 0.6877161571882988, -0.11287212139522572, 0.672190723431782, 0.22026671836422168, -0.023603048757479365]], "inverted": false, "swapped": true, "error_lsq": 0.056184098390995654, "error_max": 0.33233515429463656, "target": "945.xyz", "model": "4.xyz", "model_rescale": 3.7855080009869324, "target_rescale": 3.9451936339372375},
{"mapping": [2, 3, 10, 9, 15, 5, 8, 13, 1, 12, 6, 0, 7, 16], "R": [[0.025864620853583986, 0.9996525601938048, -0.005077429080978579], [0.9130457816563357, -0.021555100721076803, 0.4072870955879596], [0.407036143343158, -0.015170251509986687, -0.9132860677145209]], "T": [-0.01382810927290146, -0.026365016381284676, 0.08347103109982851], "aligned_model": [[0.5668950520482193, 0.11323277127128009, -0.5932653640058122, 0.013045015124793998, -0.36547835139663654, -0.24432544025444158, -0.6106378904143912, -0.08391627900860064, 0.5915259769086758, 0.5138674945503399, -0.2631185078354104, 0.34520476273468165, -0.5968031539991762, 0.012842801642082482], [-0.10170686881616463, 0.0818838556025331, -0.10125398985188323, -0.3922801159545426, -0.7607407217743009, 0.5613200340732446, -0.33460307980741705, -0.45733781525547873, 0.3902793842533611, -0.2745163981717244, 0.22704187347954985, 0.6050085678277972, 0.4430635081901224, -0.06528944142982203], [-0.36693978444035813, -0.5907354059421273, -0.35196941667046383, -0.5266912377585806, -0.04440600839000555, -0.4230864745221367, 0.2935121112550566, 0.6615867063492045, 0.26528910707808284, 0.4342180972761162, 0.6309345581247501, -0.20102268992310973, 0.11732999477296213, 0.05777465311788431]], "inverted": true, "swapped": false, "error_lsq": 0.047478887955070895, "error_max": 0.2803277901151086, "target": "945.xyz", "model": "5.xyz", "model_rescale": 4.2253639853439635, "target_rescale": 3.9451936339372375},
{"mapping": [5, 10, 3, 2, 6, 4, 7, 12, 8, 11, 9, 1, 0, 13], "R": [[0.6427974262071795, -0.724110030960343, -0.24995225928972292], [0.04139410922399245, -0.2929826681384703, 0.95522127483218], [-0.7649169867266499, -0.6243603280422887, -0.15835461529095995]], "T": [-0.00546733494279629, 0.03209796628838322, -0.0041819731666716455], "aligned_model": [[0.45998304247775584, 0.4978580563157743, -0.6083301517184507, 0.008311363529399048, -0.1771330878314234, -0.3557101749748432, -0.6451144479183559, -0.19947787471892775, 0.6624138484183463, 0.3492143543347973, 0.0668417090059718, 0.02516569806832862, -0.6305277313075972, -0.05442571631517031], [-0.3141979910602757, 0.25015082062465427, -0.23478676161675568, -0.22311722198608683, -0.5845937860698295, 0.3390497582576978, -0.32057700818833046, -0.4028178552734137, 0.28111749333707325, -0.5457151277831243, 0.4066807021125635, 0.7469121055288677, 0.4148059466660453, 0.00795771781618988], [-0.25751243429151566, -0.5588250814979219, -0.26559819083241976, -0.6245423258486203, -0.06695234819858316, -0.5371189887882539, 0.3054357738485674, 0.798657925617658, 0.19021163696302812, 0.37776922322351136, 0.47232154588756425, -0.16791390526512087, 0.32123583823603613, -0.03137445872665531]], "inverted": true, "swapped": false, "error_lsq": 0.04887720065078717, "error_max": 0.31808524073704303, "target": "945.xyz", "model": "6.xyz", "model_rescale": 3.89814844738969, "target_rescale": 3.9451936339372375},
{"mapping": [0, 1, 3, 8, 4, 5, 11, 9, 10, 12, 2, 7, 13], "R": [[-0.06821711437081435, 0.9706272572876942, 0.23071443976718897], [0.8780937489686791, -0.051364023569021366, 0.4757237697497695], [0.47360087978069665, 0.23504141016631444, -0.8487978217325848]], "T": [-0.0689989577952049, 0.06323144626823593, -0.009444715803952699], "aligned_model": [[0.13499039818352812, -0.09529400373580255, 0.3857213441457614, -0.4048949771453648, 0.6145577118288656, -0.42261850367313947, -0.7632473551681208, 0.3583527320858422, -0.3949648209241765, -0.5244199192002232, 0.21965593685574727, 0.13614496842181084, -0.09535171077050572], [-0.22990646824007702, 0.2108713416097907, 0.31964804770417077, -0.6201570191318923, 0.19237844430628, 0.610136510530408, -0.07169319707381075, -0.5502172951740364, -0.1526180791984571, 0.5299729659467182, 0.7854810544378252, -0.1949271548630833, 0.1348121146166492], [-0.41799301661533395, -0.8461766751751192, -0.38053496483467925, -0.10707610963209882, 0.3637087545046619, -0.33540235379089883, -0.3397082150907503, 0.2173756461577676, 0.3946231094507004, 0.23625280217610295, 0.009330448349222396, 0.8139585617061831, -0.006082956369461878]], "inverted": true, "swapped": true, "error_lsq": 0.04343185440782804, "error_max": 0.29331900867653393, "target": "945.xyz", "model": "7.xyz", "model_rescale": 3.7474275329858107, "target_rescale": 3.9451936339372375},
{"mapping": [12, 13, 9, 11, 10, 4, 5, 6, 1, 0, 3, 2, 8, 14], "R": [[0.07122042417543795, 0.7325410130026235, -0.6769869389060335], [0.7784665758166947, -0.465164571159744, -0.42144004564588117], [-0.6236324570742784, -0.49699656538738995, -0.6033879121068276]], "T": [-0.00995334444205765, -0.06691451299788422, -0.03331538153299609], "aligned_model": [[0.40747209967060527, 0.24652045912487386, -0.6990543665309831, -0.18457754440378588, 0.16068254259270043, -0.14809153818985424, -0.6326482256770559, -0.20419428795220632, 0.6369045874799184, 0.3320775089301825, -0.20502334347211218, 0.1633052676492384, -0.48870562719118843, 0.014401355335272047], [-0.2836369758177438, 0.23073703421689667, -0.21413274577682706, -0.47425226746851107, -0.7986193662622804, 0.6043054814855547, -0.1206200682460978, -0.4713078282084637, 0.24457046766052992, -0.20818722963020114, 0.17596564756076555, 0.735176827105892, 0.4184898266556748, -0.017620010909913608], [-0.4326022352058868, -0.8418551599095005, -0.32280979146493616, -0.4692767309212426, 0.07038978445911945, -0.41094933694388647, 0.316524956680167, 0.6490881654060779, 0.18884164127678257, 0.5119094826320051, 0.6125108025676731, 0.154355690602729, -0.013587364285607743, -0.05674569456621856]], "inverted": false, "swapped": false, "error_lsq": 0.0577450477889999, "error_max": 0.40868753120406065, "target": "945.xyz", "model": "8.xyz", "model_rescale": 4.019505241142653, "target_rescale": 3.9451936339372375},
{"mapping": [6, 12, 10, 7, 4, 9, 8, 2, 3, 1, 11, 0, 13], "R": [[-0.688044951601887, 0.6823195071288337, -0.24705107724238476], [-0.685814723614365, -0.7226847223017008, -0.08593577267626219], [-0.23717569320845153, 0.11030359170570765, 0.9651843389777475]], "T": [-0.00284991983647645, -0.02666687236528792, 0.04336923671935218], "aligned_model": [[-0.21532603693020833, -0.6422235014353874, -0.034243281086194316, 0.36271142556532343, 0.3617432075287492, 0.7501265691528438, 0.29090614363691636, -0.36031160982332133, 0.08327829400154249, -0.16871819525729004, -0.36814796207572065, 0.3339628505557839, -0.07405713209186102], [-0.5713185445399838, -0.10593334370827198, 0.15359169560287453, -0.3558463197124076, -0.7233518218043158, -0.03883811984241632, 0.6551819657276663, -0.6669449750707421, -0.3322601124342624, 0.2544711921290161, 0.6626431228839975, 0.18566899135404027, -0.05368550247113627], [-0.3362811728590427, -0.22222710793663641, -0.4882667990411566, -0.6946881088904022, -0.026445609812994528, -0.16465616938746686, -0.15199543941724125, 0.3033379711543011, 0.5996270023461737, 0.828263142844197, 0.06922550061433241, 0.4120477512140615, 0.04876253321575405]], "inverted": true, "swapped": true, "error_lsq": 0.041618867184183186, "error_max": 0.2898356802889366, "target": "945.xyz", "model": "9.xyz", "model_rescale": 3.877068213659057, "target_rescale": 3.9451936339372375},
{"mapping": [3, 13, 10, 6, 12, 14, 11, 0, 7, 5, 8, 2, 9, 15], "R": [[-0.11924762255798105, -0.9912915310220658, -0.05586685097800059], [-0.9332555330610299, 0.0927075995989543, 0.34704381710033805], [-0.33884231513381297, 0.09352219790257724, -0.936183467048115]], "T": [0.04571028100372269, -0.0046278195449082436, -0.027190117426381808], "aligned_model": [[0.5043349402349769, 0.20535110370321066, -0.6174634932213299, -0.08006058878576269, -0.13650748123691916, -0.3739051614920553, -0.5664627555985613, -0.11104413646418035, 0.4745346034228737, 0.49270386039495523, -0.2037579181513499, 0.16865603707594579, -0.3837349611644315, 0.0264248386482323], [-0.35880323266674136, 0.25866280463998964, -0.059862736620137684, -0.36924462671421393, -0.7260867398453189, 0.4183013220894894, -0.23471124975836666, -0.44854310139074677, 0.4805500083499636, -0.5601083858582769, 0.3457730412841648, 0.6399144985701718, 0.49341503562558586, -0.05838784534028819], [-0.28600383694916887, -0.7362961397586057, -0.27287371186375886, -0.5083770326338773, 0.039809353888761695, -0.5317447410441317, 0.31480559111694395, 0.6147859808684208, 0.4697995658043453, 0.2931745539619014, 0.6133626049538041, -0.12620980825690908, 0.02916059057636344, 0.04240123966318618]], "inverted": false, "swapped": false, "error_lsq": 0.045449790226781424, "error_max": 0.26918937729328113, "target": "945.xyz", "model": "10.xyz", "model_rescale": 4.260839863003843, "target_rescale": 3.9451936339372375},
{"mapping": [5, 2, 4, 3, 9, 0, 11, 12, 6, 7, 10, 13], "R": [[0.6816534744915005, -0.7293234760201555, -0.05861576613457714], [-0.6974154253425391, -0.6234206128938683, -0.3534946448156173], [0.2212696662625745, 0.2818403923232292, -0.9335982690896216]], "T": [-0.04609351299636633, 0.12642977246576462, -0.11668618232616634], "aligned_model": [[0.49247941668123163, 0.17524090404489498, -0.4174106841218295, -0.313999388948401, -0.7016973259524095, -0.46319350923127867, 0.3385484281357097, 0.6369013878716332, 0.23442119012417667, -0.19498453237512295, 0.15424259460754586, 0.01835016825797995], [0.000666797533335789, -0.6019987934693682, -0.47306235625189785, -0.290513899037257, 0.2724074947698769, 0.28771135937137693, 0.7294975553169539, 0.024675077258512937, -0.3332976036591797, 0.043004746469487626, 0.4248919084138516, 0.08909621881724121], [-0.5905249606666378, -0.27706558143573823, 0.23814465923936168, -0.5224107389392443, 0.28240083431323953, -0.42404436301575166, -0.42912705994319766, -0.022946564170336387, 0.3259064281017894, 0.7537129103905719, 0.3156347243751592, -0.13350221085371075]], "inverted": true, "swapped": true, "error_lsq": 0.03851456096122801, "error_max": 0.24734411222883013, "target": "945.xyz", "model": "11.xyz", "model_rescale": 3.890672605050136, "target_rescale": 3.9451936339372375},
{"mapping": [5, 9, 10, 12, 7, 11, 4, 3, 8, 7, 0, 6, 2, 13], "R": [[-0.6099298119403859, -0.7918507414121753, 0.030952024672940226], [-0.35362539678992516, 0.23701359159147634, -0.9048611142855445], [0.7091788936872938, -0.5628471912747701, -0.42458018797698144]], "T": [-0.0324237924213271, 0.20758911456186324, -0.006078733957311977], "aligned_model": [[0.5228562442063872, 0.28663803906863644, -0.6842248044089432, -0.11724663809048308, 0.21011398744600984, -0.3499153391605943, -0.570245804923816, -0.004238019712022846, 0.5454995861988566, 0.21011398744600984, -0.11917417811931932, 0.271466987002168, -0.7384919419004027, -0.0640832176868816], [-0.2356833012042035, 0.2540334481766946, -0.1469491334344546, -0.4314076727827374, -0.5989437508712784, 0.4812974675398604, -0.13035138422719206, -0.24620919595738144, 0.1393340974262538, -0.5989437508712784, 0.3269091923535871, 0.6961159781298127, 0.2677840688491407, 0.043882729238452045], [-0.3225369905705649, -0.7145015509125155, -0.5050763050157121, -0.37973678266085414, 0.1267532373057488, -0.3625124853816573, 0.28989549798040026, 0.797871396081047, 0.4188175674130136, 0.1267532373057488, 0.5657006197834841, -0.03848616667575174, -0.06446083255126954, 0.017313768226157843]], "inverted": false, "swapped": false, "error_lsq": 0.059064000439487625, "error_max": 0.4773016194471762, "target": "945.xyz", "model": "12.xyz", "model_rescale": 4.124412569039231, "target_rescale": 3.9451936339372375},
{"mapping": [5, 2, 6, 1, 12, 11, 3, 8, 4, 0, 10, 7, 13], "R": [[0.328404181386555, -0.21686934010030506, -0.9193032051354358], [0.40893540279443147, 0.9099823190247294, -0.06858582509332486], [0.8514238251242346, -0.3534117547377764, 0.3875275495032359]], "T": [0.10342455551087794, 0.09496926518257871, -0.0947561174440857], "aligned_model": [[-0.10302013457380209, -0.10795741783752603, 0.5044133091104821, -0.6456148609341936, 0.45916573486830503, 0.13872261936950792, -0.4626296583026176, 0.2606958443244136, 0.11163229870137907, -0.3084573405721136, 0.6357726458735867, 0.7763147187637666, 0.10826054871856958], [-0.2007501238277395, 0.5480739618580721, 0.5507924639597673, -0.2755348033877556, -0.04237829424216037, -0.6794432473718616, 0.3756027100364506, -0.4236548403015202, 0.8787665308520952, -0.0060600418167540415, -0.05086327454481014, 0.5785010661474392, 0.09443326914725436], [0.5379609972317864, 0.5013415647272176, 0.24782118591113111, 0.06105154525274957, 0.48851657165584533, -0.0036584627873807313, 0.010389001645482773, -0.6385139665311584, -0.18838655786737857, -0.4332817312122061, -0.20177924587655893, -0.411203074878385, -0.018559746303306146]], "inverted": true, "swapped": true, "error_lsq": 0.04200019178908286, "error_max": 0.22355648167616934, "target": "945.xyz", "model": "13.xyz", "model_rescale": 3.9028299243045295, "target_rescale": 3.9451936339372375},
{"mapping": [1, 11, 13, 12, 8, 14, 5, 0, 6, 2, 3, 9, 10, 15], "R": [[0.5958479629909459, -0.4237089894529684, 0.6822286253568408], [0.6918730737698742, -0.16050206394642455, -0.7039536470969976], [0.4077705908863054, 0.8914649627022264, 0.1975180130584329]], "T": [-0.05166027226751699, -0.012746403758115575, 0.09167957804087846], "aligned_model": [[0.5332685675201101, 0.2281534150536705, -0.6524551325824142, -0.11509278895837743, -0.21570863975604573, -0.3299350734596106, -0.4998418998187949, -0.13432941739189133, 0.5031395146081356, 0.43172483273911166, 0.1454606714508694, 0.16082857300237727, -0.6223046186490027, -0.03383911639253313], [-0.04759792974999137, 0.17394768925145687, -0.10659278302627655, -0.4045828153675801, -0.7646776596745658, 0.4656302777463415, -0.2591406460613295, -0.433755180578917, 0.33413292346971296, -0.5281180893660324, 0.1297315052108898, 0.697576731874456, 0.46484122435010083, 0.09947354428700982], [-0.18910927370281877, -0.5661245754584588, -0.42104817107427683, -0.4798804199682265, 0.15644592005493835, -0.5988054242562292, 0.06876801457468781, 0.8009988513790461, 0.2192734300633663, 0.2987559781621126, 0.6657290743750739, -0.13445089333491922, 0.05133494432350148, 0.08390675518947742]], "inverted": true, "swapped": false, "error_lsq": 0.03991958226407829, "error_max": 0.23711320302325872, "target": "945.xyz", "model": "14.xyz", "model_rescale": 3.942246331269136, "target_rescale": 3.9451936339372375},
{"mapping": [4, 13, 1, 3, 5, 12, 2, 9, 11, 10, 6, 8, 0, 14], "R": [[-0.5804454699785585, -0.1142964085475946, -0.806237798279448], [0.8079973312255591, -0.20378153296805013, -0.5528231177814165], [-0.10111067754567171, -0.9723216637586107, 0.21063526075171357]], "T": [0.00527888839127158, -0.02947760537000143, 0.03900567822677146], "aligned_model": [[0.4621698417369926, 0.4065071995646241, -0.6003093134271138, -0.09214498559698199, -0.4301195915564514, -0.20185398828028786, -0.6830737497196249, -0.03102849255298848, 0.6071702243859067, 0.5348167842138353, 0.18969087942528073, -0.05172132277464839, -0.6253243405409412, -0.08571025751199693], [-0.26165079752750203, 0.3492015773020276, -0.19031165168990397, -0.4748234124816134, -0.4911881355604224, 0.22137989543991066, -0.13163845017553155, -0.38951985132381917, 0.35075499697933554, -0.42687316487081967, 0.2087772693642191, 0.717010310489333, 0.3391676957227716, 0.0005825106972899702], [-0.2456173048874514, -0.558110529415543, -0.47483941043649536, -0.5166233629201743, 0.033428209302005914, -0.7108227980609177, 0.35266429206333727, 0.7581813600666545, 0.1242172526858438, 0.30483814844063617, 0.5101916516668499, 0.23483134991161245, 0.12360882539485024, 0.019846526516066717]], "inverted": true, "swapped": false, "error_lsq": 0.05937231420342797, "error_max": 0.40410821936787206, "target": "945.xyz", "model": "15.xyz", "model_rescale": 4.355366556412066, "target_rescale": 3.9451936339372375},
{"mapping": [8, 0, 9, 12, 10, 11, 6, 5, 4, 1, 3, 13], "R": [[0.2744608249640913, -0.7840352952686966, -0.5567404344332811], [-0.8954903301357535, 0.0025680379531272113, -0.4450735600037714], [0.350383110599512, 0.6207109318789217, -0.7013911995830936]], "T": [-0.02614432859274377, -0.0019582183314601227, -0.10024464722388879], "aligned_model": [[-0.27914117932900334, 0.33480823847331054, 0.2771679594455943, -0.5501770254770162, -0.48764212718089883, -0.5162920544912686, -0.18012083015721872, -0.2199366326260532, 0.4364489392489209, 0.29752605209924626, 0.5378258859369701, -0.05265867131080268], [-0.7017078290639979, -0.3052686286584053, -0.5872131534263588, 0.45736301019858355, -0.21168788368438976, -0.1788876397735094, 0.42465658909085513, 0.5152239006072538, 0.17074702811825854, 0.10612727708336375, 0.2548077790090801, 0.06861597824024665], [0.08875507583212153, 0.16839869940225397, -0.5196187268875637, -0.10632002690400884, -0.3434499480396229, 0.48088413559596754, -0.6295999351779723, 0.3744842365109009, -0.7161606694943469, 0.678320925039764, 0.06173318813623574, -0.08816849280430826]], "inverted": false, "swapped": true, "error_lsq": 0.049672776826443825, "error_max": 0.3172143653715471, "target": "945.xyz", "model": "16.xyz", "model_rescale": 3.795458400668931, "target_rescale": 3.9451936339372375},
{"mapping": [0, 1, 3, 8, 4, 5, 11, 9, 10, 12, 2, 7, 13], "R": [[-0.06821711437081435, 0.9706272572876942, 0.23071443976718897], [0.8780937489686791, -0.051364023569021366, 0.4757237697497695], [0.47360087978069665, 0.23504141016631444, -0.8487978217325848]], "T": [-0.0689989577952049, 0.06323144626823593, -0.009444715803952699], "aligned_model": [[0.13499039818352812, -0.09529400373580255, 0.3857213441457614, -0.4048949771453648, 0.6145577118288656, -0.42261850367313947, -0.7632473551681208, 0.3583527320858422, -0.3949648209241765, -0.5244199192002232, 0.21965593685574727, 0.13614496842181084, -0.09535171077050572], [-0.22990646824007702, 0.2108713416097907, 0.31964804770417077, -0.6201570191318923, 0.19237844430628, 0.610136510530408, -0.07169319707381075, -0.5502172951740364, -0.1526180791984571, 0.5299729659467182, 0.7854810544378252, -0.1949271548630833, 0.1348121146166492], [-0.41799301661533395, -0.8461766751751192, -0.38053496483467925, -0.10707610963209882, 0.3637087545046619, -0.33540235379089883, -0.3397082150907503, 0.2173756461577676, 0.3946231094507004, 0.23625280217610295, 0.009330448349222396, 0.8139585617061831, -0.006082956369461878]], "inverted": true, "swapped": true, "error_lsq": 0.04343185440782804, "error_max": 0.29331900867653393, "target": "945.xyz", "model": "17.xyz", "model_rescale": 3.7474275329858107, "target_rescale": 3.9451936339372375},
{"mapping": [3, 11, 2, 1, 0, 7, 6, 4, 10, 8, 5, 12, 9, 13], "R": [[0.9260268305864199, 0.17918479520806313, 0.332215469537941], [0.37369826642213594, -0.5591311815221502, -0.7400823788759836], [0.05314051850669557, 0.8094844847283293, -0.5847315232454556]], "T": [-0.015962453456223838, 0.006652677627899088, -0.05212984901463002], "aligned_model": [[0.5459727862897054, 0.39424796793386085, -0.6167412950721504, 0.0055464911563056635, -0.24178927476275097, -0.3060096916034513, -0.6886660136724997, -0.2182433192481577, 0.601044820464856, 0.3981782874219121, 0.16849075906291222, -0.03363722140900251, -0.5163320626974446, -0.09299334649849013], [-0.30085656083342094, 0.29570786235896435, -0.27259073495469766, -0.34670759770496, -0.793976821768749, 0.470143959746578, -0.16480728877038722, -0.27005272878790215, 0.2558275904441777, -0.4072756351779717, 0.34412850545282625, 0.7465290464375746, 0.3306665550283241, -0.06586735910508126], [-0.2763084293961162, -0.5716596096338974, -0.30692510761559694, -0.6464296874194692, 0.03235116811544304, -0.5702685496339196, 0.28412929428912864, 0.7040066409230912, 0.13131839222778177, 0.365009515971814, 0.560493211843794, 0.05514309616878755, 0.251793541424154, -0.05685926693772011]], "inverted": true, "swapped": false, "error_lsq": 0.04601352420756099, "error_max": 0.2838267814599933, "target": "945.xyz", "model": "18.xyz", "model_rescale": 3.922800546911778, "target_rescale": 3.9451936339372375},
{"mapping": [1, 0, 9, 2, 10, 3, 11, 4, 8, 6, 13, 5, 7, 14], "R": [[0.7549459141037326, 0.4613308116142482, 0.46607998136952733], [0.6541674152265287, -0.579694852727268, -0.4858177339057868], [0.046061476679784524, 0.6716604499126403, -0.7394258450914651]], "T": [0.02530202900829629, 0.06528503410085296, 0.04202270771206524], "aligned_model": [[0.6170366546830056, 0.1922567475817586, -0.5952454762285393, -0.1144462195855939, -0.20788569986084046, -0.2703118922148643, -0.5548494920950394, -0.027579670180714964, 0.463712196403588, 0.4501506114144586, -0.24511461557346734, 0.47478335318051634, -0.7173968003965677, -0.06604080976209536], [-0.20332402626866308, 0.3346347124154524, -0.26335820344433036, -0.3698212250492155, -0.7056794197386371, 0.4053129377291305, -0.18457786051381367, -0.3673598584375377, 0.23508746620846677, -0.4239401454319114, 0.2755688981017696, 0.6367092659568964, 0.35929763066902876, 0.09231862016863963], [-0.3124943291153108, -0.7312945030202161, -0.3698724270918598, -0.5095948527871995, 0.08489392514447483, -0.4120066723046151, 0.37101565478703025, 0.6198540515689838, 0.4336274998129669, 0.27851832638547874, 0.637395936614885, -0.1903016488539942, 0.029136245104371912, 0.026917004082279164]], "inverted": true, "swapped": false, "error_lsq": 0.044638959044085345, "error_max": 0.3013470729204648, "target": "945.xyz", "model": "19.xyz", "model_rescale": 3.9282355846067225, "target_rescale": 3.9451936339372375},
{"mapping": [1, 3, 11, 0, 10, 4, 9, 12, 5, 2, 7, 6, 8, 13], "R": [[0.3328290022998069, -0.555811066317573, -0.761773531823624], [-0.1239421142207632, 0.7750377131074575, -0.6196409408549841], [0.9348065080810052, 0.3006502982205158, 0.18906663013158215]], "T": [-0.06802495796613423, 0.08308259503743123, 0.05421148441512928], "aligned_model": [[0.47634511464990553, 0.31024997497266754, -0.5523887357856234, -0.05354365650285706, -0.08457874916110336, -0.3450299478123401, -0.6992598633257228, -0.41573764868864277, 0.5986287082783641, 0.5599646495897144, 0.11096080797264626, 0.16051624249568258, -0.6718150829636025, 0.004757073646516077], [-0.26420506684656664, 0.30675063076430076, -0.2910685866634507, -0.28885439543360947, -0.7740875345699688, 0.2899043804783059, -0.05793792772239717, -0.31524482510113594, 0.2910283320041579, -0.39116730625882745, 0.11651514311726917, 0.6910837811399407, 0.5450559049822067, -0.03690373752495078], [-0.32599017293234495, -0.5567187522287822, -0.31830132783999393, -0.6540611715755656, 0.13918024277590368, -0.4748072577927099, 0.2993247881218048, 0.7199633123088511, 0.04956261264599768, 0.29799888007417036, 0.6499833675212556, 0.12455017537876197, 0.028918699230497093, -0.02380918536057186]], "inverted": false, "swapped": false, "error_lsq": 0.05102863284529596, "error_max": 0.28667152465342033, "target": "945.xyz", "model": "20.xyz", "model_rescale": 4.067790424073018, "target_rescale": 3.9451936339372375},
{"mapping": [8, 4, 13, 5, 1, 6, 10, 9, 0, 7, 12, 2, 11, 14], "R": [[0.07150633674989518, -0.14262180484412026, 0.9871908957175489], [0.04268007643251906, 0.9892554667143008, 0.13982858309939872], [-0.9965265951696046, 0.03213475313234562, 0.07682514406623836]], "T": [-0.03855368766647403, 0.07856694021468262, -0.03424894696808942], "aligned_model": [[0.39160836835946594, 0.3512738715000524, -0.6395470582029692, -0.06283812893129395, -0.05783028589990383, -0.26667645122374206, -0.6422737043008171, -0.13587279085190848, 0.5672106763454463, 0.44042130552236325, -0.2470898513431674, 0.38817502238491697, -0.5961644109897973, -0.09132767500304112], [-0.24302230802630898, 0.1991737001862451, -0.22887979222982047, -0.257261547904297, -0.7373848663629715, 0.5875501875159627, -0.3455196945221997, -0.3759074538970636, 0.2849926322747213, -0.37865861421498004, 0.25565549438507906, 0.6600152972449601, 0.35352858725094105, 0.046587170665006804], [-0.2258445045793854, -0.7241481992504128, -0.21974013370637904, -0.5191155403090432, 0.05034516264970979, -0.5205132386953458, 0.3220648042487887, 0.5886731322046064, 0.2738029942232082, 0.30954125865887017, 0.6814089177399939, -0.217394647609952, 0.14322958095316732, 0.013484623799448307]], "inverted": true, "swapped": false, "error_lsq": 0.04362585044499357, "error_max": 0.2785116808362141, "target": "945.xyz", "model": "21.xyz", "model_rescale": 4.186013935880536, "target_rescale": 3.9451936339372375},
{"mapping": [1, 2, 5, 8, 9, 11, 0, 3, 12, 6, 4, 10, 13], "R": [[0.18985359744207286, 0.9219922466283794, 0.3374698633885064], [-0.9427810228761984, 0.0752463816422171, 0.3248105985867196], [0.2740794673863999, -0.3798266436243088, 0.8835225896095016]], "T": [0.01626774125816739, -0.05061740052717262, 0.07969603138846088], "aligned_model": [[0.017065791566731502, -0.4633211286884316, 0.2091797112584143, 0.5319136298858075, -0.22678817077305302, 0.7270488967908704, -0.08923389607699483, -0.4844632246956077, 0.3177933728665648, -0.19997799592528348, -0.6834995755500816, 0.3813978826167405, 0.021458742147548646], [-0.5345440158476675, 0.39043565590135526, 0.16517144777130735, -0.5108804923134045, -0.39696541859899015, -0.22728215052949305, -0.5802616846375324, -0.23494369218515282, 0.5352356770033424, 0.5954699761045192, 0.1546210915899103, 0.15708080410917058, 0.0058194611787289255], [-0.6191771574453571, -0.3454925958517961, -0.5886006535391208, 0.41382927337261594, 0.7364784731651393, -0.19019133519844428, 0.02678530280159805, -0.27459243491201263, -0.14719961346086485, 0.22712350758651806, 0.3819790837973602, 0.45340314215562955, 0.028534568864080942]], "inverted": false, "swapped": true, "error_lsq": 0.055340074240780884, "error_max": 0.38789529449258786, "target": "945.xyz", "model": "22.xyz", "model_rescale": 4.166573947596378, "target_rescale": 3.9451936339372375},
{"mapping": [12, 11, 8, 9, 10, 3, 7, 5, 6, 13, 1, 2, 4, 15], "R": [[0.7216495292344818, 0.6911627971010047, -0.0389351365628291], [0.20249208897209336, -0.26453875831375484, -0.9428765556813548], [-0.6619810502267935, 0.6725423653966582, -0.33085926900617313]], "T": [-0.03326463085545703, -0.031775382974251386, -0.07969842322539038], "aligned_model": [[0.6024722424450383, 0.35151636890148275, -0.8079717362079468, -0.1353134383229404, -0.15564256846313967, -0.2085509133675376, -0.4114057844719674, 0.03979648622286641, 0.502636838103535, 0.21374837153808918, -0.07263287273844156, 0.09141849844853535, -0.5791558239974545, -0.03184678072451444], [-0.05807511613952692, 0.23641581127628622, -0.11327195280761251, -0.2639706314502396, -0.7593243189628293, 0.3692194216864047, -0.42673010709010234, -0.2385766045810128, 0.3083017464540837, -0.6929565699645214, 0.3837907409115358, 0.6257307727084285, 0.45802992891618455, -0.007714328591803404], [-0.23631357955057553, -0.7138201725597939, -0.29710668029707626, -0.6238680417835497, 0.049287697085505996, -0.4918932046265159, 0.38118082504942874, 0.7221477647150176, 0.3401405858891055, 0.3878880965914322, 0.49810257978232925, -0.009349210753329326, -0.03557274976295961, -0.015029699451744219]], "inverted": false, "swapped": false, "error_lsq": 0.05198129352444316, "error_max": 0.3173977761853012, "target": "945.xyz", "model": "23.xyz", "model_rescale": 4.274766983524099, "target_rescale": 3.9451936339372375},
{"mapping": [3, 5, 1, 0, 11, 8, 9, 10, 6, 12, 13], "R": [[0.8811397001758061, 0.46596930657860935, -0.08040792312167105], [0.45771452708622307, -0.7978148524038968, 0.39241416001207646], [0.11870231871503484, -0.38257556980340296, -0.9162672606402982]], "T": [0.03233574600250774, -0.006504840656145955, 0.040071801285747444], "aligned_model": [[0.16385077211957078, 0.09538777673839469, -0.3703604206496137, -0.3431470030107705, -0.5195883695385896, -0.6375174445406585, -0.1095112849685268, -0.002584429128681197, 0.6874484297334656, 0.34049408129356973, 0.07542259590991439], [-0.057480789226017126, 0.6897102428808694, 0.3594692346917876, -0.21279641921297582, 0.5053280598953873, -0.1668979771209773, -0.7672173471795241, -0.0320766065639983, 0.002812185565872788, 0.5383526655430138, 0.056383281970044774], [-0.5846947551077228, -0.16415677942758816, -0.6130040851987457, -0.29295927561358776, 0.24663009377041878, 0.3791124543233536, 0.14773889953475755, 0.6006449322265712, 0.27811915470133286, 0.3463264452496945, 0.035809349563093805]], "inverted": true, "swapped": true, "error_lsq": 0.046326045082759705, "error_max": 0.27645058401112144, "target": "945.xyz", "model": "24.xyz", "model_rescale": 3.7841303162186577, "target_rescale": 3.9451936339372375},
{"mapping": [9, 10, 1, 8, 2, 7, 4, 5, 13, 12, 3, 11, 6, 15], "R": [[0.38236340511598577, -0.7915426327738738, -0.47671635899087156], [-0.920430774175467, -0.37165603866494534, -0.12115683585597481], [-0.08127371271733291, 0.4851103476790467, -0.8706678667527907]], "T": [-0.02198005034666172, 0.0027042180569277537, -0.15723654724567124], "aligned_model": [[0.3982402369963491, 0.4355480092225871, -0.6898377637800382, -0.2757794503739809, -0.07259671806684466, -0.18594910003514495, -0.5753485720821506, -0.03943892107475532, 0.493255282540635, 0.4641816582467282, -0.13141343941648853, 0.14038979435694848, -0.5026767912528382, -0.059505337915401864], [-0.3905912279421678, 0.2676596095708792, -0.24171831121061754, -0.4474415588217524, -0.7174404330153035, 0.5136431423239796, -0.2145855473577783, -0.42424208603980385, 0.3283054704358721, -0.3050173362406167, 0.23562026749888343, 0.7359117152436646, 0.4372317483159612, 0.04353333960407514], [-0.2615165107470734, -0.7279569871211724, -0.3746304192779847, -0.44431219536463906, 0.060989625355556715, -0.524470977158422, 0.29362127940997984, 0.6087600498059896, 0.3331881395970899, 0.3368546837495724, 0.6061613404264101, 0.0023578410102230996, 0.16236151434449905, -0.11561317370275424]], "inverted": true, "swapped": false, "error_lsq": 0.04620645007651687, "error_max": 0.29513363209373716, "target": "945.xyz", "model": "25.xyz", "model_rescale": 4.19342608120988, "target_rescale": 3.9451936339372375},
{"mapping": [8, 0, 9, 12, 10, 11, 6, 5, 4, 1, 3, 13], "R": [[0.2744608249640913, -0.7840352952686966, -0.5567404344332811], [-0.8954903301357535, 0.0025680379531272113, -0.4450735600037714], [0.350383110599512, 0.6207109318789217, -0.7013911995830936]], "T": [-0.02614432859274377, -0.0019582183314601227, -0.10024464722388879], "aligned_model": [[-0.27914117932900334, 0.33480823847331054, 0.2771679594455943, -0.5501770254770162, -0.48764212718089883, -0.5162920544912686, -0.18012083015721872, -0.2199366326260532, 0.4364489392489209, 0.29752605209924626, 0.5378258859369701, -0.05265867131080268], [-0.7017078290639979, -0.3052686286584053, -0.5872131534263588, 0.45736301019858355, -0.21168788368438976, -0.1788876397735094, 0.42465658909085513, 0.5152239006072538, 0.17074702811825854, 0.10612727708336375, 0.2548077790090801, 0.06861597824024665], [0.08875507583212153, 0.16839869940225397, -0.5196187268875637, -0.10632002690400884, -0.3434499480396229, 0.48088413559596754, -0.6295999351779723, 0.3744842365109009, -0.7161606694943469, 0.678320925039764, 0.06173318813623574, -0.08816849280430826]], "inverted": false, "swapped": true, "error_lsq": 0.049672776826443825, "error_max": 0.3172143653715471, "target": "945.xyz", "model": "26.xyz", "model_rescale": 3.795458400668931, "target_rescale": 3.9451936339372375},
{"mapping": [5, 3, 1, 11, 8, 6, 2, 12, 4, 0, 10, 9, 13], "R": [[0.5954387795389957, -0.25336509653352474, -0.7624032972644261], [0.7412885675367882, -0.19260854561816224, 0.6429566142393381], [-0.3097481548942107, -0.9480021497936668, 0.07313005214149707]], "T": [-0.12292560828893134, 0.002052452155148793, -0.04406985270965578], "aligned_model": [[-0.09771698914175658, 0.365641935141956, 0.5669489338700424, -0.1334194922784291, -0.07501595197379798, -0.6372840099136698, -0.1308396479060282, -0.6280091559048551, -0.15367153851227133, 0.37743381242028223, -0.5876535453221194, -0.016306763660952017, -0.15043120399714466], [-0.6363767330493979, -0.2943072178813716, -0.34377595599811417, -0.008673547479778228, 0.6092923615561578, -0.23838127800717618, -0.6658873372781199, -0.43080182870896655, 0.027700974561678054, 0.20559039910029864, 0.2785914636547355, 0.6875971580476817, -0.06868695526071263], [-0.3936024195819106, 0.24524088144426034, -0.4005599201248942, -0.824476353789476, -0.5113408413024336, 0.3603470533529355, 0.3548191759246699, -0.251797920350339, 0.7443266345771754, -0.09570281341947401, -0.19791941765978918, 0.31517543955546984, -0.052372836526768225]], "inverted": false, "swapped": true, "error_lsq": 0.0332327006203777, "error_max": 0.1713141005050153, "target": "945.xyz", "model": "27.xyz", "model_rescale": 3.6321398670334006, "target_rescale": 3.9451936339372375},
