[{"mapping": [1, 9, 4, 2, 3, 5, 10, 12, 13, 8, 11, 6, 7, 14], "R": [[-0.43074120827190854, 0.8441227718702191, -0.31924717305967587], [0.030348530615038727, -0.3399975863362189, -0.9399364914583612], [-0.9019650648367511, -0.414558062634999, 0.12083308536304072]], "T": [-0.13295995096383312, -0.006956536438680244, 0.11996140775357753], "aligned_model": [[0.23817752421120014, 0.18522610157177394, -0.3651028262316625, -0.5082144170164731, -0.7549041984700355, -0.12871347136509562, -0.7517291260041661, -0.348575408192877, -0.10013943599114, 0.24583886088176993, 0.6285800912299431, 0.40603431486459546, 0.6581628286671142, -0.03314873702664256], [-0.5530365679002266, -0.33444524993563074, -0.4199186130595953, -0.22545034466117184, 0.01660662557297793, 0.46278537287728505, 0.3112319469519178, 0.35465032720057676, 0.7166917226428691, -0.03297497107323014, 0.41637929706271826, 0.4815949836954676, -0.07474696199326239, 0.11590576442933956], [0.3139370678329021, -0.3771928231640642, 0.6135104359694731, -0.24063019377971792, 0.43925380829713034, -0.629823284203836, -0.04575108069229761, 0.6182288501993088, 0.03999523155059462, 0.7017495307628961, 0.42652580495833015, -0.23824533405727957, 0.18142294389536667, 0.0946071296110268]], "inverted": true, "swapped": true, "error_lsq": 0.052244252261933334, "error_max": 0.29440332237311617, "target": "948.xyz", "model": "0.xyz", "model_rescale": 3.8414455957264533, "target_rescale": 3.9827996163221964},
{"mapping": [0, 13, 4, 1, 11, 2, 6, 8, 12, 7, 3, 8, 10, 5, 14], "R": [[-0.4055332396964408, -0.8718404202437422, 0.27465810224809384], [0.3016704396939942, 0.15598776959064786, 0.940565128820417], [-0.862866001947082, 0.4642866543067442, 0.1997502573628089]], "T": [-0.04544409215602464, -0.12049417142956553, 0.055173841846537126], "aligned_model": [[-0.2728229290032889, 0.3826993703152197, -0.5387456746853667, -0.015066188524334154, 0.5125324585011074, -0.6582423559652328, -0.10723212269256999, 0.6157279554721262, 0.6917322949574328, -0.4619745058670923, -0.34105768720688034, 0.6157279554721262, 0.32109645154048017, -0.2460791075178304, -0.02124360661211206], [-0.12794142377413922, -0.5514216002964067, 0.06559495963822098, 0.6350173329692061, 0.1894779736068588, -0.23321106108200187, -0.3117331698301199, -0.4767188436869073, 0.07441445112199191, -0.5364800099434694, 0.6038709417089172, -0.4767188436869073, 0.23333072885619893, 0.23376379009644271, -0.03490401444325214], [-0.6331289784975818, -0.3985239950809465, -0.07839868085433052, -0.3652752524095818, -0.5094896334626604, 0.4506203215096279, 0.8099168832565329, 0.3006486955707403, 0.025658642296520894, -0.2025337419469802, 0.09101609804000282, 0.3006486955707403, 0.5121610081595853, 0.5734109230060185, 0.042818252265882935]], "inverted": true, "swapped": false, "error_lsq": 0.054932091731678595, "error_max": 0.41082216840291963, "target": "948.xyz", "model": "1.xyz", "model_rescale": 4.316132596720782, "target_rescale": 3.9827996163221964},
{"mapping": [11, 13, 6, 1, 7, 8, 9, 4, 5, 12, 2, 14], "R": [[0.7043132148954305, -0.5906478996507138, -0.3937993828865954], [0.37171218801315764, -0.16576063264049012, 0.9134295057359904], [-0.604791653882669, -0.7897205020162671, 0.10280361904641885]], "T": [0.05932434144746535, 0.18917617523651645, 0.027145895650583847], "aligned_model": [[-0.339170968947512, 0.5008003663792631, 0.14111700829821483, -0.6000773724617097, -0.5427365933640379, -0.46706366927497756, -0.1320798587384122, -0.2444766907923242, 0.6630994469035025, 0.2010885099848192, 0.34159879867746534, 0.07570957796748909], [-0.6440915755924108, -0.3901052949383249, -0.46017960138886993, 0.3712087724725336, -0.23486867154530375, -0.10522368680419528, 0.3375891711071265, 0.5760615462988486, -0.06776510084835288, -0.04708089973322965, 0.6403234779972248, 0.03690829071593424], [0.029275789086148793, 0.053039449555936695, -0.45155705118883865, -0.04786407822425464, -0.27609808757819726, 0.371946275971224, -0.602926771288164, 0.5025859833435845, -0.5663938089403515, 0.6184203737689721, -0.16092059160222913, -0.02024902169440975]], "inverted": true, "swapped": true, "error_lsq": 0.04012319801070545, "error_max": 0.1836094907127482, "target": "948.xyz", "model": "2.xyz", "model_rescale": 3.795458400668931, "target_rescale": 3.9827996163221964},
{"mapping": [13, 12, 11, 1, 5, 9, 8, 10, 4, 0, 6, 14], "R": [[0.6297960394913117, -0.3579146750685427, 0.6893867086125448], [0.5918470530242131, 0.7959073482333207, -0.12746983507778686], [-0.5030646225562007, 0.48829148917299736, 0.7130900413928133]], "T": [0.17275716071963357, -0.03285333960545257, 0.07532277483894843], "aligned_model": [[-0.193403928135611, -0.00715865802922977, -0.7493426095934076, 0.08997397885456013, 0.18335594938750108, 0.253606091371558, -0.3103192195836585, 0.5581071683179002, 0.40038575462462833, 0.7105428117008474, -0.38221745065107904, 0.039773937479555654], [-0.04365319313026553, -0.6176184196958846, -0.010125680642203719, 0.03897847791497637, 0.565887440117211, 0.593337886002606, -0.3675522222393049, -0.2125798698553567, -0.5181460940306506, 0.17462343025633698, 0.4638255678124077, 0.018791722779837663], [-0.5547153181233266, -0.1509515999790514, 0.12383731421656367, 0.7547049336682464, -0.5760217750164529, 0.31407274907833893, 0.4458046065498959, -0.4998151023155418, 0.5004048848562577, 0.5745985341555572, -0.2453370448456989, 0.0021892483943119906]], "inverted": true, "swapped": true, "error_lsq": 0.04830005903636365, "error_max": 0.2396372895238834, "target": "948.xyz", "model": "3.xyz", "model_rescale": 3.7530521520055578, "target_rescale": 3.9827996163221964},
{"mapping": [9, 5, 6, 13, 7, 10, 1, 2, 4, 12, 14], "R": [[-0.6272689679159297, -0.047516896377633046, -0.7773517777996795], [0.20950278629028143, -0.9716393409411826, -0.10966117668524834], [-0.7500948102915348, -0.23164441649653866, 0.6194341287656703]], "T": [-0.10733766897876071, -0.009980767310233604, 0.1328501299325631], "aligned_model": [[-0.4378785643876866, -0.13198963145024498, 0.32991916879982575, 0.39570873086805247, 0.251889584350369, -0.25314628836007835, -0.231920769758811, -0.6230642091369217, -0.2763043767256581, 0.2976351010804619, 0.017350857165896683], [-0.5322734170744436, 0.04249216608435512, -0.33881695624123936, 0.2634991367668687, -0.7200268654202319, 0.6383950333975206, -0.5361306717010057, 0.15010223322065197, 0.11062407969524474, 0.4377480447857772, -0.04840942519915142], [-0.13845533495883475, -0.7500380001596567, -0.46563353314042866, -0.318028612168343, 0.16507797033728464, -0.13158984310502495, 0.5585475718477816, -0.03140981752233893, 0.7847115853580915, 0.37994517188641347, 0.03970361887037209]], "inverted": true, "swapped": true, "error_lsq": 0.040774392729144855, "error_max": 0.221769167278603, "target": "948.xyz", "model": "4.xyz", "model_rescale": 3.7855080009869324, "target_rescale": 3.9827996163221964},
{"mapping": [11, 12, 6, 4, 1, 8, 15, 14, 2, 13, 7, 9, 0, 10, 16], "R": [[0.22105005209310524, -0.7908510218759237, -0.5706939071581567], [-0.7684420477487195, 0.21908554701620442, -0.6012473221066065], [0.600527845916732, 0.5714509465268368, -0.5592943071337236]], "T": [0.046979794745576176, -0.012134855264757709, 0.10632392148980876], "aligned_model": [[-0.1880339096110682, 0.23767381167510007, -0.48568736767511606, -0.07703509363487214, 0.4126878390140278, -0.5547755003778223, -0.15826525345549852, 0.4028993550411804, 0.780747920561008, -0.3739405480838691, -0.42361857410973885, 0.44327217401315977, 0.5135820361258949, -0.1357756140742911, 0.08332103277568967], [-0.19131177499091362, -0.4366011345717296, 0.15175451083086824, 0.6189464833879839, 0.21942907194514139, -0.23361202766997177, -0.609796897308066, -0.5833074036105849, -0.09626916465873081, -0.5426192473528678, 0.5443780826459436, -0.22346603898811626, 0.5821401207895055, 0.13524254819968193, -0.04856591739351083], [-0.6319852403809852, -0.39019338198382747, -0.23350403178423287, -0.25885745170657515, -0.5147555524600574, 0.3964071868774607, 0.6354672483639339, 0.1754656971973118, 0.12339562611469446, -0.15112512903990052, 0.2801053849565014, 0.6587779921323954, -0.08756647150345223, 0.7961388499811015, 0.12177851065920181]], "inverted": false, "swapped": false, "error_lsq": 0.04041662534685833, "error_max": 0.34966523950133976, "target": "948.xyz", "model": "5.xyz", "model_rescale": 4.2253639853439635, "target_rescale": 3.9827996163221964},
{"mapping": [9, 5, 11, 7, 6, 12, 8, 1, 10, 2, 13, 4, 0, 14], "R": [[-0.20687375195664676, -0.5420182187822143, -0.8145056790836609], [-0.576228466102778, 0.7403024141909933, -0.3462846955841784], [0.7906731344899862, 0.3977041438697152, -0.46547546481488955]], "T": [0.046097736912075936, 0.08018555024694517, 0.08473097787410425], "aligned_model": [[0.5451472515464704, -0.16209943101624696, -0.36672809107046594, 0.17658610942841677, -0.24439914021432532, -0.4743757654317086, -0.07031770412427565, 0.5409124222215139, -0.26936482084395647, 0.3244105807459199, -0.608153014252375, 0.2561846963081369, 0.7773415870048358, -0.05108252754415619], [-0.12935347775525607, 0.17777434180599033, -0.7451664369149884, -0.7047051170409899, -0.41625423491225166, 0.18671869155966897, -0.3904436467465822, -0.2873148725049698, 0.6992685081825517, 0.5232696574137292, 0.02083607990372756, 0.24738874781754883, 0.28365710427756785, -0.02057619845075584], [-0.31862559948947333, -0.7696594160788801, 0.12355270455790343, 0.050558771110232145, -0.48681830293286377, 0.46325180502705987, 0.5823237058120418, 0.3907944507401705, -0.08497316944454433, -0.12692959132502188, -0.23081960980097418, 0.7139568472814355, 0.15833844133146577, 0.0066071721428970775]], "inverted": false, "swapped": true, "error_lsq": 0.04802538803851506, "error_max": 0.3401097315058339, "target": "948.xyz", "model": "6.xyz", "model_rescale": 3.89814844738969, "target_rescale": 3.9827996163221964},
{"mapping": [1, 7, 11, 0, 12, 6, 9, 4, 2, 5, 13, 10, 14], "R": [[-0.8311512392273586, -0.5389640662635249, -0.13676751371401302], [0.11150105278132333, 0.07942213755767752, -0.9905855032729005], [0.5447523591132788, -0.8385760903713245, -0.005916747253463417]], "T": [-0.008830523768396215, -0.0201914191685965, 0.04253709439439443], "aligned_model": [[0.0004553796715676267, -0.011614510779924092, 0.3651654569221878, -0.39607631663922993, 0.5829148599779451, -0.24019214840001435, -0.5951983941947235, 0.3573097664679715, -0.3963855444182228, -0.5916659333676422, 0.12030672568302492, -0.043195257442321555, -0.003192282576396378], [-0.44042850528051236, 0.1679577607687207, 0.5416636063737605, -0.6732805742170501, 0.10951231021529935, 0.6945488810259594, -0.08482851093019497, -0.5977304831489076, -0.2529752883465716, 0.5973464666611871, 0.6677461817810102, 0.10306550050073536, 0.13118392006704999], [-0.5023367867900693, -0.7313107266776885, -0.5880056322502165, -0.028537174765984996, 0.284475799084909, -0.2626310202992568, -0.28556093625450774, 0.06274976269678408, 0.3804639175973026, 0.2911380258741952, 0.24552479455176118, 0.7462462876003488, -0.009941279531281197]], "inverted": true, "swapped": true, "error_lsq": 0.04120536896621475, "error_max": 0.27516382075979984, "target": "948.xyz", "model": "7.xyz", "model_rescale": 3.7474275329858107, "target_rescale": 3.9827996163221964},
{"mapping": [7, 5, 11, 10, 6, 13, 4, 8, 3, 9, 12, 2, 0, 1, 14], "R": [[-0.338806482988817, -0.6755411032549746, -0.6548697465128468], [-0.5386042311061173, 0.7099619197895319, -0.45371748333445394], [0.7714373917041724, 0.19899319149612626, -0.6043889975991038]], "T": [-0.009599786283806908, -0.000882846846160891, 0.09281829476545736], "aligned_model": [[-0.06862756445688183, 0.34958554899607025, -0.5401260776275794, -0.16368526900717723, 0.5160122874749172, -0.6936107955950851, -0.13580800953460115, 0.20367973567534886, 0.6929324553876023, -0.27828413276541997, -0.4881314063148118, 0.41597527513688065, 0.432098280964935, 0.25246618063753457, -0.017424200787947545], [-0.022569914836090478, -0.3722853696820259, -0.023174470612469113, 0.568885795249222, 0.2469137736368169, -0.1723823833262673, -0.5815925749727912, -0.6445042119447769, -0.1245192871499898, -0.5366493079703033, 0.34687420830271315, -0.26383069835678774, 0.48783216956359066, 0.39255269531630654, -0.015209211962515084], [-0.5853579540150257, -0.4032336430121555, -0.23048480341448727, -0.3835058786573826, -0.48099951708253075, 0.6503384081431215, 0.601810968473536, 0.16680275095723027, 0.02003768590736482, -0.37739810347971225, 0.26807564275418083, 0.7698218326680074, 0.07627478391365891, 0.6770543114528577, 0.15031275281490677]], "inverted": false, "swapped": false, "error_lsq": 0.05386492591587685, "error_max": 0.3924853850882136, "target": "948.xyz", "model": "8.xyz", "model_rescale": 4.019505241142653, "target_rescale": 3.9827996163221964},
{"mapping": [8, 12, 4, 1, 7, 9, 2, 11, 6, 13, 10, 5, 14], "R": [[0.5180315849873992, 0.7923232495442026, 0.322284261463632], [0.7640072795643723, -0.59802928098085, 0.24218558144979446], [0.38462469204159333, 0.12076774122771043, -0.9151387867152538]], "T": [0.025841793307127145, 0.05487470493186629, -0.10660953589111274], "aligned_model": [[-0.2701057484867575, -0.6264101856817221, -0.1973850812834897, 0.3102147478574411, 0.2882520990070725, 0.6934217989638156, 0.29170376808482423, -0.18073213367174473, 0.20975967879929897, -0.3051694882117929, -0.23796314244833328, 0.3332551835831759, 0.010859275229388038], [-0.5299174653298262, 0.04569131928937594, 0.06356567296546768, -0.3626017195522522, -0.6912509201803125, -0.029902851550493534, 0.5455954588699273, -0.7658109286736869, -0.2892603198613649, 0.057094831545054084, 0.6866110767130769, 0.35933302351948826, -0.02576894964039457], [-0.33699201998648765, -0.10834584283149143, -0.7532260095852745, -0.5739621229855172, -0.01341244534533606, -0.053663782712148916, -0.19082541112927648, 0.2634451856168215, 0.6042032189232012, 0.5426709743326118, 0.10050382487829077, 0.6651771690813484, 0.031130755787137143]], "inverted": true, "swapped": true, "error_lsq": 0.039486963977452764, "error_max": 0.25112007880622744, "target": "948.xyz", "model": "9.xyz", "model_rescale": 3.877068213659057, "target_rescale": 3.9827996163221964},
{"mapping": [7, 8, 4, 5, 1, 13, 14, 9, 11, 2, 3, 10, 12, 6, 15], "R": [[-0.21107399031563903, -0.7644445027522937, 0.6091571002820473], [-0.7829572368772524, 0.5053075353631604, 0.3628253848985026], [-0.5851715439371361, -0.4003609582826565, -0.7051846334466041]], "T": [0.026932919715833857, -0.026805764683918036, 0.09223606279036736], "aligned_model": [[-0.1745714285322786, 0.4607767476873733, -0.5180633399987986, 0.06234332848841775, 0.11852393055904734, -0.5858630746103625, -0.08927803192188974, 0.21259016048258875, 0.7580875131240089, -0.33915690514282787, -0.34459117930891303, 0.40214155681998104, 0.44511431969695975, -0.030207463481045867, 0.0992061743215241], [-0.2682136376954885, -0.4327363434123839, 0.08983236838843481, 0.6749648707040113, 0.3148237528455917, -0.21560966454321995, -0.6021028793446775, -0.6589617823989116, -0.07155568520092048, -0.5592121325266964, 0.4823651580729348, -0.267277938771611, 0.5488663346509841, 0.2357580364409813, 0.015400754045604113], [-0.6610267106837645, -0.4000269096057615, -0.29177604972098015, -0.25019571216679093, -0.70010664695631, 0.524060856774407, 0.6070659290773233, 0.1316754101131758, 0.18204520161015755, -0.059015573779024944, 0.16623713028949283, 0.6441440185147478, 0.32009822829991863, 0.6473034479534715, 0.059066617703507754]], "inverted": true, "swapped": false, "error_lsq": 0.03951981921408707, "error_max": 0.30323386174998684, "target": "948.xyz", "model": "10.xyz", "model_rescale": 4.260839863003843, "target_rescale": 3.9827996163221964},
{"mapping": [6, 5, 2, 9, 4, 1, 11, 13, 10, 3, 12, 14], "R": [[-0.05891497631829484, 0.2181039498310327, 0.9741456218828464], [0.9982415197368004, 0.019273902250136365, 0.05605697963336698], [-0.0065493388199331926, 0.9757352016608578, -0.21885593983455678]], "T": [-0.1246791904359063, 0.04065640406243653, -0.03556033849545524], "aligned_model": [[0.4432818741430629, 0.4018438482150232, -0.3504218102772551, -0.3771239190565772, -0.5974248583104325, -0.644087770485231, 0.3477374289079819, 0.6026377699860945, 0.1413469368328249, -0.1901289774360688, 0.17191870360498013, 0.009319422969727265], [-0.03552321549931021, -0.6199152940416333, -0.4527400089725753, -0.279723412871097, 0.3734883949417756, 0.3599228628817107, 0.6579966923903376, 0.003673033114431054, -0.3666054696983004, 0.06077361637884854, 0.4072980573726305, 0.06443324953611594], [-0.6092557027662631, -0.29875437278225697, 0.11994532317547614, -0.5734097437276848, 0.33016228026183747, -0.3547102064065929, -0.534410716463891, -0.007616685062514714, 0.4887942147990899, 0.6605927551593517, 0.41513199640386234, -0.12029106519490942]], "inverted": false, "swapped": true, "error_lsq": 0.044307010853438515, "error_max": 0.27418154846197573, "target": "948.xyz", "model": "11.xyz", "model_rescale": 3.890672605050136, "target_rescale": 3.9827996163221964},
{"mapping": [6, 5, 10, 11, 13, 1, 9, 8, 7, 0, 3, 2, 4, 14], "R": [[-0.2589646380417163, -0.4335946882128504, -0.8630949904833906], [0.5943414971169355, -0.7759117661454824, 0.21146894798480007], [-0.7613773709854547, -0.45821018922607915, 0.45863702580655]], "T": [0.07824114112976921, 0.07934218556406, 0.1529362249779154], "aligned_model": [[0.44342700878034835, 0.29325792060510225, 0.316524926785015, 0.5915489233807278, 0.7422771669215396, -0.3732114445949749, -0.3800720261354106, 0.24128149059841986, 0.04945581488986128, -0.674519295359687, 0.1862077585418197, -0.24885288504301883, -0.1667787978442148, 0.18932927326816623], [-0.3398148413369856, 0.25581845407602777, 0.7425286778290449, -0.6885403393964576, 0.12244981783760489, -0.36581154514123915, -0.16531090655736183, -0.40334545443869263, -0.711997700348607, 0.1845012301044793, 0.629559349608669, 0.4964724282459917, 0.17896910320534992, -0.003325753860058664], [-0.4373655158020293, -0.6869902536180462, 0.030525662768204592, 0.1560574371138805, -0.14427828829792763, 0.42052116817380614, -0.27804806248762315, 0.6252426991076824, 0.0680780808209447, 0.2148199941124432, 0.571172747259526, -0.04095451823215643, 0.7838548736989759, 0.07215441073918002]], "inverted": true, "swapped": true, "error_lsq": 0.04387028144150885, "error_max": 0.3242393051169182, "target": "948.xyz", "model": "12.xyz", "model_rescale": 4.124412569039231, "target_rescale": 3.9827996163221964},
{"mapping": [2, 1, 7, 3, 9, 5, 4, 13, 8, 12, 6, 11, 14], "R": [[0.06888030323484073, 0.7969121890590116, -0.6001553688466432], [-0.9059016234487587, 0.30193316398414927, 0.2969488392289565], [0.41784895890642126, 0.5232277968683383, 0.7427212937065458]], "T": [-0.023015503678260024, 0.03572014120474726, 0.07503815504284818], "aligned_model": [[-0.2330410806575982, 0.035311943333093204, 0.5886759048873502, -0.6836206108650799, 0.37704086393270686, 0.4678793996588442, -0.5682002357173059, 0.25521967789586786, 0.014916809460680545, -0.32790866558976894, 0.7376554708906411, 0.5950147246433442, 0.10835410563698242], [-0.3437927649452247, 0.6046151141737146, 0.543533422609177, -0.08378315357405258, -0.016991200497567298, -0.6998871305269294, 0.43619389992153906, -0.3005811744772177, 0.6782408049786544, 0.13172072296055398, -0.1283333809074962, 0.5046420497789412, 0.0219081670143851], [0.43620428399248323, 0.45782974533621834, 0.12202332918385873, -0.12152573164697593, 0.6161758159067473, 0.047529721725062826, 0.1770823172878626, -0.5085928818429121, -0.1864408213867036, -0.49359533108918496, -0.15294339384001437, -0.4262492614800645, -0.015799711178538775]], "inverted": true, "swapped": true, "error_lsq": 0.04196145742994813, "error_max": 0.21218855390202793, "target": "948.xyz", "model": "13.xyz", "model_rescale": 3.9028299243045295, "target_rescale": 3.9827996163221964},
{"mapping": [13, 14, 12, 1, 11, 0, 4, 10, 9, 5, 2, 7, 6, 3, 15], "R": [[-0.683841889911134, 0.4468506513604797, 0.5767883190404294], [-0.4065723123816504, 0.42304278460347694, -0.8097738926389109], [-0.6058541279940303, -0.7882634697698807, -0.10761727472363347]], "T": [-0.08225830150402204, -0.006056990304598206, 0.0781443889509648], "aligned_model": [[-0.17395173370292055, 0.47722765210975127, -0.3343275950396121, 0.06906107940037627, 0.30570140094113046, -0.6649699544955167, -0.18813887778906474, 0.2652785102573386, 0.6891606976623885, -0.40231742844723145, -0.5223828223694255, 0.6369364035900023, 0.33059020107833254, -0.04070254080114165, 0.029887315789377603], [-0.5441258780501795, -0.3472447419114583, 0.04807396960864628, 0.5857642741865933, 0.2590451335695026, -0.030049311831999256, -0.4918253514118657, -0.6652384902836369, 0.055645941695586135, -0.38697182922201795, 0.5679134851133933, -0.3276495057531517, 0.45112694961360894, 0.12496060934403476, -0.013084043412423065], [-0.5004103088322727, -0.516512687560612, -0.5682078365393058, -0.14332522883342352, -0.49200017301032933, 0.6672860588575967, 0.5387762124232639, 0.0852518923880086, 0.03397502885443651, -0.042553060931041956, 0.21597787195574286, 0.525319059532117, 0.33299183595722776, 0.686253715119267, 0.09672685804289478]], "inverted": false, "swapped": false, "error_lsq": 0.048522173132210925, "error_max": 0.3855700398334602, "target": "948.xyz", "model": "14.xyz", "model_rescale": 3.942246331269136, "target_rescale": 3.9827996163221964},
{"mapping": [11, 13, 6, 10, 4, 7, 0, 12, 3, 8, 9, 1, 5, 2, 14], "R": [[-0.2778420215982461, 0.9530034067343004, 0.12078210872069495], [-0.8580152231988089, -0.3027354960839542, 0.4149230002902957], [0.4319880644106945, 0.011650157235855524, 0.9018040729798695]], "T": [0.05228202035583529, -0.007224562045090817, -0.0036692944124010266], "aligned_model": [[-0.23381179333567126, 0.371713560232022, -0.48307702709813793, -0.010736146582791858, 0.3929228720919249, -0.6872741001781472, -0.17215379870566255, 0.5944948006249912, 0.7579871023569077, -0.47852342233544365, -0.39919943372744077, 0.6062671512464544, 0.30090564043828943, -0.14097690627895926, 0.05851380943544976], [-0.17542943440549666, -0.5335207126681368, 0.044934867543485295, 0.5643669071612261, 0.14983218209120508, -0.0011904310187205794, -0.409902868438918, -0.6155381776564797, 0.09658385288642851, -0.5694677973164151, 0.632504808766396, -0.22946400514790058, 0.3014221081797378, 0.09131678238918556, -0.060106871110964], [-0.6392544384633135, -0.5346172199917449, -0.15683415184578817, -0.4259398463212708, -0.45418118789849127, 0.4252827331763742, 0.5692148365863998, 0.0598610458774168, 0.0843766068432048, -0.03479890553655677, 0.18360893409361537, 0.5443740802050423, 0.4920151684118192, 0.7281698336427603, 0.0782717486441026]], "inverted": true, "swapped": false, "error_lsq": 0.047004884415603174, "error_max": 0.35382075191567636, "target": "948.xyz", "model": "15.xyz", "model_rescale": 4.355366556412066, "target_rescale": 3.9827996163221964},
{"mapping": [11, 13, 6, 1, 7, 8, 9, 4, 5, 12, 2, 14], "R": [[0.7043132148954305, -0.5906478996507138, -0.3937993828865954], [0.37171218801315764, -0.16576063264049012, 0.9134295057359904], [-0.604791653882669, -0.7897205020162671, 0.10280361904641885]], "T": [0.05932434144746535, 0.18917617523651645, 0.027145895650583847], "aligned_model": [[-0.339170968947512, 0.5008003663792631, 0.14111700829821483, -0.6000773724617097, -0.5427365933640379, -0.46706366927497756, -0.1320798587384122, -0.2444766907923242, 0.6630994469035025, 0.2010885099848192, 0.34159879867746534, 0.07570957796748909], [-0.6440915755924108, -0.3901052949383249, -0.46017960138886993, 0.3712087724725336, -0.23486867154530375, -0.10522368680419528, 0.3375891711071265, 0.5760615462988486, -0.06776510084835288, -0.04708089973322965, 0.6403234779972248, 0.03690829071593424], [0.029275789086148793, 0.053039449555936695, -0.45155705118883865, -0.04786407822425464, -0.27609808757819726, 0.371946275971224, -0.602926771288164, 0.5025859833435845, -0.5663938089403515, 0.6184203737689721, -0.16092059160222913, -0.02024902169440975]], "inverted": true, "swapped": true, "error_lsq": 0.04012319801070545, "error_max": 0.1836094907127482, "target": "948.xyz", "model": "16.xyz", "model_rescale": 3.795458400668931, "target_rescale": 3.9827996163221964},
{"mapping": [1, 7, 11, 0, 12, 6, 9, 4, 2, 5, 13, 10, 14], "R": [[-0.8311512392273586, -0.5389640662635249, -0.13676751371401302], [0.11150105278132333, 0.07942213755767752, -0.9905855032729005], [0.5447523591132788, -0.8385760903713245, -0.005916747253463417]], "T": [-0.008830523768396215, -0.0201914191685965, 0.04253709439439443], "aligned_model": [[0.0004553796715676267, -0.011614510779924092, 0.3651654569221878, -0.39607631663922993, 0.5829148599779451, -0.24019214840001435, -0.5951983941947235, 0.3573097664679715, -0.3963855444182228, -0.5916659333676422, 0.12030672568302492, -0.043195257442321555, -0.003192282576396378], [-0.44042850528051236, 0.1679577607687207, 0.5416636063737605, -0.6732805742170501, 0.10951231021529935, 0.6945488810259594, -0.08482851093019497, -0.5977304831489076, -0.2529752883465716, 0.5973464666611871, 0.6677461817810102, 0.10306550050073536, 0.13118392006704999], [-0.5023367867900693, -0.7313107266776885, -0.5880056322502165, -0.028537174765984996, 0.284475799084909, -0.2626310202992568, -0.28556093625450774, 0.06274976269678408, 0.3804639175973026, 0.2911380258741952, 0.24552479455176118, 0.7462462876003488, -0.009941279531281197]], "inverted": true, "swapped": true, "error_lsq": 0.04120536896621475, "error_max": 0.27516382075979984, "target": "948.xyz", "model": "17.xyz", "model_rescale": 3.7474275329858107, "target_rescale": 3.9827996163221964},
{"mapping": [12, 13, 10, 11, 4, 1, 3, 5, 8, 2, 7, 6, 9, 14], "R": [[0.3892702631002767, -0.9090113297934111, 0.1488860791781945], [0.8189465754495949, 0.2675480975247839, -0.5076854558387995], [0.421657644096751, 0.319556595641653, 0.8485802338946475]], "T": [0.09825523401055085, -0.07372030003361241, 0.1307382108495745], "aligned_model": [[0.3973130379810793, 0.19344328907746508, 0.7565359024686228, -0.5599776165996162, 0.2732010307939621, -0.35671870149241963, 0.7275528350163121, 0.14629359396849678, -0.2531951458080647, 0.41165387486455307, -0.6886197305068128, -0.358585489763485, -0.29535884235055193, 0.021309610233335538], [-0.3865354173220788, 0.29775419717757595, 0.18627163200638602, -0.15217041402684972, -0.7012284867234811, -0.4618477947847373, -0.37675561670371166, 0.8025249718723613, -0.6010577146645222, 0.1517351414195013, -0.12975312326921037, 0.47236603582532033, 0.255713120092095, 0.003391710612584989], [-0.35735104913126947, -0.4890073099132859, 0.027536522016832918, -0.5124672675291444, 0.33965464950995966, 0.4712213217004738, 0.09237634340343906, 0.01787051092864178, -0.15393844876079416, 0.542481938731872, 0.021484251613206468, -0.25732846279020505, 0.5691388625485273, 0.013122856333400754]], "inverted": true, "swapped": true, "error_lsq": 0.03858563197231463, "error_max": 0.24585607711791216, "target": "948.xyz", "model": "18.xyz", "model_rescale": 3.922800546911778, "target_rescale": 3.9827996163221964},
{"mapping": [6, 4, 1, 2, 10, 5, 12, 13, 11, 8, 0, 7, 9, 3, 14], "R": [[0.8665824862223206, -0.02256981462046688, 0.49852321715316283], [0.4524663803578012, 0.4569129886523837, -0.7658359455174825], [-0.21049695774203334, 0.8892250132945793, 0.4061648760203228]], "T": [-0.028532270398281268, -0.10542564213259756, 0.03569575575162102], "aligned_model": [[-0.15419472058832534, 0.3626359115690575, -0.5781622602453416, 0.05119955660951048, 0.4509380127093345, -0.695255881766933, -0.11210565441005887, 0.34209399020633363, 0.6773028223637974, -0.33534819413258227, -0.5317093081383388, 0.5184491369781377, 0.48454202644835714, -0.040506250086986, 0.037173120667822176], [-0.20264192407350412, -0.4372462768039137, 0.20416728915242796, 0.5904620691515046, 0.2126539082653948, -0.2159537051800296, -0.4305738471165804, -0.6696280096777003, -0.18542840479147585, -0.6096652477731499, 0.4447041750028099, -0.06729437887696724, 0.5165904284157288, 0.22116381768195828, -0.08496868212187042], [-0.635516367984931, -0.4749407675355965, -0.3516569454070408, -0.11434454494642454, -0.5295778899268415, 0.3903743334924272, 0.7469679813073692, 0.1626824094870671, -0.01568510217523624, -0.12554029191808205, 0.4133367078034107, 0.6167020946203955, 0.14791856898463046, 0.585555003317356, 0.1032740483050664]], "inverted": false, "swapped": false, "error_lsq": 0.040218808522489685, "error_max": 0.3318036254590678, "target": "948.xyz", "model": "19.xyz", "model_rescale": 3.9282355846067225, "target_rescale": 3.9827996163221964},
{"mapping": [11, 13, 10, 6, 7, 5, 9, 2, 1, 4, 12, 8, 3, 14], "R": [[0.6751658199182005, -0.6333669806917835, 0.37814994827919546], [0.04121356999526965, 0.5442177867958795, 0.8379310485852878], [-0.736513786199844, -0.5501574940908911, 0.39354056262754167]], "T": [0.06600637869547457, -0.02586003632449449, 0.0583539556049117], "aligned_model": [[-0.7973721239060153, -0.027551603257518348, 0.6632521031725204, -0.3946957386008877, -0.6929162356038578, 0.23127762606922447, -0.04638556207009198, 0.555634462028597, -0.278176632821186, 0.1866301687308125, 0.07693220168920206, -0.46424805197231855, 0.5556459766974257, -0.03550377107123037], [-0.35399723665674276, -0.7101681875418564, -0.41591963284770606, -0.3487153020395276, 0.16781834580746544, -0.3603051732919015, 0.4279690131597801, 0.17928690025199637, 0.5378849095812002, 0.25513772587393624, -0.49515040647396047, -0.028605141275763964, -0.2086226252245355, -0.1237311018975489], [0.05189389151401959, -0.17425695686850584, 0.006096061239891877, -0.5256216541758286, -0.08577607066508318, -0.7439455167873128, -0.42853493963766925, -0.13337720004064318, 0.2514929560493046, 0.6703251913950534, 0.5113077814033115, 0.5072031753069851, 0.5232930987429691, -0.01791666023280966]], "inverted": true, "swapped": true, "error_lsq": 0.050358196778797874, "error_max": 0.31728888989014326, "target": "948.xyz", "model": "20.xyz", "model_rescale": 4.067790424073018, "target_rescale": 3.9827996163221964},
{"mapping": [4, 5, 2, 7, 8, 3, 11, 13, 1, 6, 0, 10, 7, 12, 14], "R": [[-0.07961921458269328, -0.9228679973887333, -0.37679628456892245], [-0.5289668786177774, -0.28127050978786466, 0.8006753035088823], [-0.8448992969547322, 0.2630618933243355, -0.46577206688037365]], "T": [0.006862359673662957, -0.0954285422783797, 0.058168608851000544], "aligned_model": [[-0.22023194230478949, 0.3282119727399237, -0.6653742405986629, 0.33921287138096645, 0.20868285279685467, -0.7376501191270824, -0.11870929503849272, 0.44881241259914334, 0.8040473188550143, -0.4403182636132346, -0.3358266065983431, 0.573748240222304, 0.33921287138096645, -0.09859228319033772, 0.051826518679554984], [-0.20905462865365965, -0.3322821305101844, 0.026875194362303803, 0.5698766733051684, 0.1952536837378973, -0.11859339145316652, -0.4865164630201504, -0.6212866836789733, 0.0924284328272439, -0.6542343890184245, 0.524327780796385, -0.2873868764691968, 0.5698766733051684, 0.12061389764055068, -0.10355656191632925], [-0.7020877855583036, -0.3766887525696947, -0.2365544489455748, -0.001631597620285155, -0.3889781553761235, 0.46915470998277725, 0.5574823897161771, 0.19336058686403323, 0.00805873918432573, -0.12977398478135038, 0.0040908692049061585, 0.6177034316484267, -0.001631597620285155, 0.7856429034827688, 0.12140192981177257]], "inverted": true, "swapped": false, "error_lsq": 0.04454538373925694, "error_max": 0.3961494301101905, "target": "948.xyz", "model": "21.xyz", "model_rescale": 4.186013935880536, "target_rescale": 3.9827996163221964},
{"mapping": [1, 0, 9, 11, 12, 7, 8, 4, 5, 2, 3, 13, 14], "R": [[0.05040111239028616, 0.6534117967287998, -0.7553229453455409], [0.9896772599493837, -0.13426720517305063, -0.050112261514499934], [-0.1341590437089556, -0.7450002292017495, -0.653434013103419]], "T": [-0.04088040566052828, 0.04794959989310472, 0.039331937333931616], "aligned_model": [[-0.10101616480535872, -0.41782418600520443, 0.24682980217116193, 0.6284476015915571, -0.23326908508868172, 0.5108394087495306, 0.0012963009593448746, -0.6231055346336474, 0.49786697301484484, -0.29013170730566995, -0.6390050257396402, 0.371118796563497, 0.106526855951491], [-0.37697374711700377, 0.1919443099569932, 0.2602495250381139, -0.5572869901350987, -0.21480902372617233, -0.4264485323647265, -0.6440726161864997, -0.29728471008381235, 0.7355091925181562, 0.5216133946575647, 0.10733558149143735, 0.18703437544581514, 0.03214590005132624], [-0.4986242156946894, -0.607750136446379, -0.5332107500774618, 0.23637731846051205, 0.6045438402253287, -0.284396302352363, 0.08370869636558184, -0.0598940921367922, 0.18027748288309656, -0.13982765570506747, 0.39715556805125707, 0.6241829106489931, 0.10033689711332926]], "inverted": true, "swapped": true, "error_lsq": 0.04641761020449363, "error_max": 0.2653704222792016, "target": "948.xyz", "model": "22.xyz", "model_rescale": 4.166573947596378, "target_rescale": 3.9827996163221964},
{"mapping": [1, 5, 2, 4, 0, 11, 14, 13, 7, 6, 3, 10, 8, 9, 15], "R": [[-0.8496835891552212, 0.07505897472235282, 0.5219233168138114], [-0.20079308517752403, -0.9612993747225751, -0.18864158900644828], [0.48756531384542995, -0.26508425542007463, 0.8318716260717106]], "T": [-0.05984343306196761, -0.042701615270816326, 0.14560219741376249], "aligned_model": [[-0.06681214042014784, 0.3921491561062431, -0.5511355067218149, -0.05795295372184743, 0.41108811845962273, -0.7462723847393055, 0.054537615058096664, 0.45461549418822755, 0.6331586398462484, -0.41930899214746215, -0.41365987447710195, 0.5657802151600696, 0.35076590596786283, -0.08124647893503918, -0.04865450543986732], [-0.10912405177556345, -0.5440354128625013, 0.08298460412201837, 0.5669416681808338, 0.22751546709432874, 0.039816522431136286, -0.5645406137833485, -0.7106220439101627, -0.10201014739068984, -0.5287594486445591, 0.44083942518526287, -0.2875948383858138, 0.6447752687351084, 0.19375061992174192, -0.06359580766315898], [-0.5640727689713216, -0.33960817338498905, -0.2967147837240126, -0.26450145581886775, -0.46428464866307373, 0.5252064369524643, 0.7291934916279914, 0.22323886448901972, -0.0205912820399069, -0.31660979552263846, 0.19488343111430456, 0.4766061145533864, 0.2589805237384001, 0.6970379746189528, 0.08078530845386059]], "inverted": false, "swapped": false, "error_lsq": 0.037903817583942005, "error_max": 0.2251149397321094, "target": "948.xyz", "model": "23.xyz", "model_rescale": 4.274766983524099, "target_rescale": 3.9827996163221964},
{"mapping": [3, 2, 0, 1, 9, 7, 8, 6, 13, 5, 14], "R": [[-0.2380661020792412, 0.8129338038328728, 0.5314726348803039], [-0.9699028425509555, -0.1701849351220419, -0.1741423666690081], [-0.05111758065845047, -0.5569342137481975, 0.828982071280377]], "T": [0.03454601926613987, 0.030724804616112107, -0.09020147435500414], "aligned_model": [[0.4565778583566944, 0.07480768875837945, -0.4635402747555045, -0.61163289858679, -0.44778485822530617, -0.5047528778080826, -0.18656182182399547, 0.06268160715627447, 0.5763245617011046, 0.3562717068476621, 0.06750401233763856], [-0.06386867788207881, 0.5297314126074715, 0.39350792025422693, -0.16603425358748797, 0.44826161392229946, -0.2739073115227161, -0.6269352598420724, 0.0902553109866451, -0.045201777955234744, 0.6321293883322597, -0.002351834069829202], [-0.6399820728828327, -0.3508797526426693, -0.5394617051683185, -0.22177526384516216, 0.13041921440317164, 0.41040244902562895, -0.05502362484007407, 0.7179903245426387, 0.39130630691902446, 0.4734098162397361, 0.06316074227043458]], "inverted": false, "swapped": true, "error_lsq": 0.047844346939577516, "error_max": 0.2565458688318235, "target": "948.xyz", "model": "24.xyz", "model_rescale": 3.7841303162186577, "target_rescale": 3.9827996163221964},
{"mapping": [2, 4, 9, 12, 5, 10, 7, 6, 3, 8, 14, 6, 13, 11, 15], "R": [[-0.5296868707709343, 0.6272413881037516, -0.570964149472254], [0.27670615007170896, -0.508539466773961, -0.8153657567286896], [-0.8017889531824373, -0.5898778278448296, 0.09580512915119527]], "T": [-0.10931892990122286, -0.16871568358793693, 0.08530421102019597], "aligned_model": [[-0.13647028865690686, 0.4372899140791323, -0.5040119550648037, 0.0008287977809898761, 0.4068206429087996, -0.7008134757597198, -0.18410404438122988, 0.5063556783666437, 0.6574142475800392, -0.3890766330666421, -0.46227118686889224, 0.5063556783666437, 0.190265148084748, 0.19341054139472205, -0.04494075657973928], [-0.14177926758161458, -0.473591997839342, 0.14925801730064203, 0.4749598121393474, 0.13908589431342344, -0.0010600953817391234, -0.46073871875833067, -0.44467756530440217, 0.07727803787996951, -0.5378032229095453, 0.5408404022580815, -0.44467756530440217, 0.5203868298295333, 0.0715417352409474, -0.18268108462793647], [-0.6679090795805982, -0.3208651471905059, -0.2066732709138825, -0.3003397189395736, -0.5535986575479486, 0.5620440889830982, 0.6614424701927166, 0.3437926417414677, 0.06062200728939208, -0.2820754284210671, 0.12071363986150635, 0.3437926417414677, 0.3029900017601096, 0.748673496614009, 0.10693955183337892]], "inverted": true, "swapped": false, "error_lsq": 0.0474430709884237, "error_max": 0.29996464417292434, "target": "948.xyz", "model": "25.xyz", "model_rescale": 4.19342608120988, "target_rescale": 3.9827996163221964},
{"mapping": [11, 13, 6, 1, 7, 8, 9, 4, 5, 12, 2, 14], "R": [[0.7043132148954305, -0.5906478996507138, -0.3937993828865954], [0.37171218801315764, -0.16576063264049012, 0.9134295057359904], [-0.604791653882669, -0.7897205020162671, 0.10280361904641885]], "T": [0.05932434144746535, 0.18917617523651645, 0.027145895650583847], "aligned_model": [[-0.339170968947512, 0.5008003663792631, 0.14111700829821483, -0.6000773724617097, -0.5427365933640379, -0.46706366927497756, -0.1320798587384122, -0.2444766907923242, 0.6630994469035025, 0.2010885099848192, 0.34159879867746534, 0.07570957796748909], [-0.6440915755924108, -0.3901052949383249, -0.46017960138886993, 0.3712087724725336, -0.23486867154530375, -0.10522368680419528, 0.3375891711071265, 0.5760615462988486, -0.06776510084835288, -0.04708089973322965, 0.6403234779972248, 0.03690829071593424], [0.029275789086148793, 0.053039449555936695, -0.45155705118883865, -0.04786407822425464, -0.27609808757819726, 0.371946275971224, -0.602926771288164, 0.5025859833435845, -0.5663938089403515, 0.6184203737689721, -0.16092059160222913, -0.02024902169440975]], "inverted": true, "swapped": true, "error_lsq": 0.04012319801070545, "error_max": 0.1836094907127482, "target": "948.xyz", "model": "26.xyz", "model_rescale": 3.795458400668931, "target_rescale": 3.9827996163221964},
