[{"mapping": [3, 4, 11, 10, 12, 8, 13, 0, 9, 1, 5, 7, 2, 14], "R": [[-0.37097351693825903, -0.6126340051503105, -0.6978955691677291], [0.9164621462060609, -0.362849019404117, -0.16863488277592925], [-0.14991925927591804, -0.702153946689015, 0.6960632520448123]], "T": [-0.08206538795668822, 0.19539180593472713, 0.18520538148899657], "aligned_model": [[0.009990553560982773, 0.32589117050078026, -0.5955290939095437, -0.30029149701753477, -0.5387980043451258, -0.3032532385712386, -0.6581773893227743, 0.051014949237594504, -0.43472920428065326, 0.32011788873884256, 0.6435207479172442, 0.31508748892558386, 0.5268713590925245, 0.009776370601621287], [-0.4947991793895362, -0.16254744843161442, -0.46699011249295075, -0.465795246911751, 0.19107959167774874, 0.056787922337325686, 0.2844865603388227, 0.5673495296385132, 0.7959250693743583, 0.011972454170930541, 0.5217483991060806, 0.5290154881512473, -0.21527447967041172, 0.08231478391127203], [0.14669337274736693, -0.3289927327513238, 0.2742840929153502, -0.31887883238395043, 0.5627365644141882, -0.6549616760988822, -0.22650277412186615, 0.6882024991910096, 0.32050756719951057, 0.7079660865906262, 0.48825742316454124, -0.16527534977362618, 0.254743536888092, 0.1488083091987975]], "inverted": false, "swapped": true, "error_lsq": 0.054572988258918084, "error_max": 0.34462727316679326, "target": "949.xyz", "model": "0.xyz", "model_rescale": 3.8414455957264533, "target_rescale": 4.122267009728223},
{"mapping": [11, 10, 3, 5, 4, 1, 11, 0, 7, 13, 2, 6, 8, 9, 14], "R": [[-0.28184413694537847, 0.7811061702610509, 0.5571687655007492], [0.23663041378814048, -0.5061830538690945, 0.8293278985095165], [0.9298225259370565, 0.3655842813304089, -0.042168750327231164]], "T": [-0.06458874890367937, 0.09155392658907606, -0.02671243098722048], "aligned_model": [[0.3973214679216278, -0.4391381812150142, -0.6188563390880277, -0.7179307368581578, -0.2772350655616876, -0.1742446984086931, 0.3973214679216278, 0.3391412549904644, 0.18123318522785464, 0.6795848447974373, -0.5384590021038481, -0.5241486017820888, 0.23267494295838226, 0.2747472053997094, -0.09372209712493601], [-0.6221374514812009, -0.2668360317907182, -0.288761824000891, 0.07464937698720912, 0.19399650458300427, -0.6244691541106547, -0.6221374514812009, 0.03934896603524578, 0.5811217716573513, 0.054944461232663375, 0.6380060269825835, 0.48114092717399853, 0.05493229158491128, 0.6404775878563074, 0.008188957171329128], [-0.08628566818749807, 0.4201104208211624, -0.428613227657843, 0.05802993127004513, -0.5167168157369192, -0.4997710022150999, -0.08628566818749807, -0.6265408194087543, -0.362643828612031, 0.11368845976355985, -0.17314266258562544, 0.47033272227479533, 0.7044479829102566, 0.1947454751968392, -0.043007490446626696]], "inverted": false, "swapped": false, "error_lsq": 0.05853746131382948, "error_max": 0.4170746874615871, "target": "949.xyz", "model": "1.xyz", "model_rescale": 4.316132596720782, "target_rescale": 4.122267009728223},
{"mapping": [13, 12, 9, 4, 7, 8, 5, 3, 0, 11, 1, 14], "R": [[0.03523734887642882, 0.4296217994627555, -0.9023211394345944], [0.8599735576237728, 0.4469263263205694, 0.24637844676333087], [0.5091206236561944, -0.7846540436829367, -0.3537148884340944]], "T": [-0.010399179472856089, -0.022169098473057734, -0.07398406338436514], "aligned_model": [[-0.1942697598745605, 0.5041551638438776, 0.22360413303091012, -0.6251502085781915, -0.4880102774103492, -0.7138295985797259, 0.007175243027633095, -0.05922812415269997, 0.40224720182495255, 0.2732994331172475, 0.34147764637388345, -0.07366229799119631], [-0.6265072403123964, -0.2665445758723938, -0.6061409373063931, 0.35954014330368306, -0.008477236686378457, -0.33821479829516443, 0.4242136869737464, 0.44114731867277684, -0.0013370899866421877, -0.00358371978146255, 0.5343997371367813, 0.10428113989482321], [0.2581507567682008, 0.08931788383443529, -0.40191391943068006, 0.11397335479659598, -0.478424521283565, 0.34947378287985115, -0.7987308846765455, 0.4449327885037746, -0.5622032930460247, 0.7194259699108354, -0.2612983236885114, -0.023445133358945408]], "inverted": true, "swapped": true, "error_lsq": 0.05654638110363968, "error_max": 0.3277764388566935, "target": "949.xyz", "model": "2.xyz", "model_rescale": 3.795458400668931, "target_rescale": 4.122267009728223},
{"mapping": [3, 12, 13, 6, 4, 7, 9, 1, 0, 5, 8, 14], "R": [[-0.40235774582991396, -0.8847267418070498, -0.2353015866970567], [-0.040754206450618, 0.27407973206915015, -0.9608430647746196], [0.9145749499233242, -0.37701312019661193, -0.1463344394609972]], "T": [0.005737435943638146, -0.05698607251062405, -0.020298140827540313], "aligned_model": [[0.07010254376856273, -0.1894926934763814, -0.7010015778527275, 0.1629740508254521, 0.09139426579239204, 0.16135409636250073, -0.23074172750767805, 0.6219377516925689, 0.377022176403743, 0.7807522194182895, -0.6173696675497854, 0.06637238786662866], [0.006196438637801054, -0.6164236754946093, -0.0009654221097315716, 0.07455121508554774, 0.5849258565539924, 0.456779847622483, -0.3401369679622834, -0.30040883587099837, -0.40882974445561027, 0.06778688722339699, 0.5434545062068566, 0.0188389398528643], [-0.7118082062557761, -0.012061813982663726, 0.061727293542921495, 0.6910964168162597, -0.3938764417470405, 0.3017266194748627, 0.5856901634803633, -0.19267949307387677, 0.3636584931832818, 0.3092594419369056, -0.17912016533640207, -0.13484087739973516]], "inverted": false, "swapped": true, "error_lsq": 0.04206988953547919, "error_max": 0.2126228506390682, "target": "949.xyz", "model": "3.xyz", "model_rescale": 3.7530521520055578, "target_rescale": 4.122267009728223},
{"mapping": [12, 1, 0, 5, 9, 2, 13, 3, 8, 7, 14], "R": [[0.6783626502162815, -0.5958232575086646, -0.42990552520676806], [-0.6121819191386455, -0.13481327623429362, -0.7791397040522973], [0.4062725841984274, 0.7917196639990319, -0.4562045165997286]], "T": [-0.10726261862178726, -0.10008689676049035, 0.04999350472807755], "aligned_model": [[-0.2934238473071945, -0.09887799952881669, 0.2951383822277821, 0.4950806813153918, 0.2960205433975466, -0.22818352188821495, -0.27148599294237064, -0.6982171433263888, -0.33951820002526345, 0.35453985766816337, -0.17287315714542967], [-0.62260543638552, 0.1269446954910684, -0.30713943753381256, 0.2870571668476458, -0.6778656210967215, 0.5512184730567934, -0.47916860467285094, 0.2549642012960839, 0.06292059983884707, 0.23657583580907618, 0.0343014856637365], [-0.15850456439532268, -0.5958076688042614, -0.4019707689283206, -0.4105783457755786, 0.13277687404682698, -0.27476142671455633, 0.6319507719134534, -0.05504236966194871, 0.8827609917393027, 0.3054706843923678, 0.03653659943335439]], "inverted": false, "swapped": true, "error_lsq": 0.051149579834924845, "error_max": 0.23798940663933696, "target": "949.xyz", "model": "4.xyz", "model_rescale": 3.7855080009869324, "target_rescale": 4.122267009728223},
{"mapping": [8, 10, 9, 3, 2, 15, 13, 12, 1, 6, 0, 5, 7, 4, 16], "R": [[0.44985086754774417, -0.08869145327062009, -0.888688934939154], [0.7656828155695049, 0.5505256162343293, 0.33264300956335724], [0.4597434316095204, -0.8300935923054447, 0.315563947727469]], "T": [0.003224492493675832, -0.01084058399273299, -0.12017483272189723], "aligned_model": [[0.24009238699946162, -0.3922879132461957, -0.6250434714914267, -0.6720638268393233, -0.4913494288366593, -0.13588069842025197, 0.5623072438422206, 0.30175119365220476, 0.16155503038669866, 0.5794642177869168, -0.2741808596547993, -0.4548398436178857, 0.10302155047335064, 0.24202242929016282, -0.026278363249824088], [-0.6037925635866357, -0.4016208485088769, -0.2963109957236935, 0.15077526582247436, 0.257506453324477, -0.8148575488107861, -0.4055341085635127, 0.08479747730025869, 0.675964529760889, 0.05566498962203423, 0.7128330857741827, 0.3418802584356581, 0.0439583105804212, 0.5688914262255542, -0.027690773252506767], [0.1758174381428808, 0.35080817742266895, -0.29538906931588077, -0.1033638761708187, -0.5988941570463944, -0.23647002966236122, -0.35789554633733944, -0.7241619459434272, -0.3964611253275025, 0.1791608579985775, -0.03176344428138693, 0.44627756238168437, 0.6203703044899208, 0.2721096629892547, -0.16179700014111265]], "inverted": true, "swapped": false, "error_lsq": 0.04228244496762191, "error_max": 0.2777336297236964, "target": "949.xyz", "model": "5.xyz", "model_rescale": 4.2253639853439635, "target_rescale": 4.122267009728223},
{"mapping": [9, 8, 11, 12, 13, 3, 1, 0, 4, 7, 10, 2, 5, 14], "R": [[-0.6411467924325435, 0.7616988636788422, 0.09351808180144505], [0.1982078189735098, 0.04663447967888518, 0.9790499914727767], [0.7413800989042163, 0.6462507766923306, -0.1808742175472619]], "T": [0.12861397806177843, -0.0995323544501254, -0.003206285478848339], "aligned_model": [[0.6037730470931582, -0.37226285256945724, -0.5718171217728352, 0.13156491720892943, -0.11623778748127295, -0.46589255215241154, 0.28083015948733353, 0.6829005705156863, -0.2584275741396014, 0.40795757426428847, -0.7055630164909694, -0.027620667173416907, 0.7423132372522319, 0.04254421871612095], [-0.4600361925972767, 0.2467816616909065, -0.5581824418452993, -0.6919397735457863, -0.29710671575654846, -0.003651879570099756, -0.10733622316094558, -0.30624138180590554, 0.539032069111562, 0.42946079698830464, 0.04087033405701773, 0.3355120851932961, 0.2828506588927935, -0.004913851017029083], [-0.3873670475278691, -0.6381903712831449, 0.09357269848473768, 0.01085834762294842, -0.6437985922088552, 0.34848958808005903, 0.664208229795374, 0.23991256657224547, 0.03398347015321303, -0.18761158076573803, -0.15594028635116913, 0.571783615527666, 0.44621651859151806, 0.07544105224046355]], "inverted": true, "swapped": true, "error_lsq": 0.05026996484937688, "error_max": 0.33465492220082527, "target": "949.xyz", "model": "6.xyz", "model_rescale": 3.89814844738969, "target_rescale": 4.122267009728223},
{"mapping": [0, 1, 2, 9, 4, 11, 12, 7, 13, 11, 3, 8, 14], "R": [[-0.3253204906446096, -0.3210291885994435, -0.8894418690583064], [-0.9254376397825149, 0.30131003351538527, 0.22973340762006228], [0.19424662993349143, 0.8978599689094844, -0.39511482253813357]], "T": [-0.04458200774242902, -0.0632736403347273, -0.08446353161563588], "aligned_model": [[-0.10501477102175441, 0.15820034844502304, 0.5156787945648229, -0.44110118949315624, 0.5268149826291014, -0.5360095437799317, -0.6031241881126937, 0.4383097012110414, -0.4458438838344144, -0.5360095437799317, 0.07691591646001267, 0.04210564408013464, 0.05770953353596837], [-0.3902291048135238, 0.16432523726984455, 0.3509073419655012, -0.6491743135111209, 0.24787021824409636, 0.60517493233931, -0.025365665744932167, -0.4267900222388724, -0.1869554991495076, 0.60517493233931, 0.6207924289493065, 0.001994575916383995, 0.04605620390468959], [-0.6308306519267489, -0.6974487421921739, -0.32705013964410723, -0.1374879502815855, 0.2838349108955076, 0.0638782444769479, -0.27874860658396783, 0.0784577667135701, 0.4926311082590751, 0.0638782444769479, -0.024355839281898432, 0.7886006684478695, -0.07308398252314037]], "inverted": false, "swapped": true, "error_lsq": 0.05937724549921977, "error_max": 0.44308500725517086, "target": "949.xyz", "model": "7.xyz", "model_rescale": 3.7474275329858107, "target_rescale": 4.122267009728223},
{"mapping": [1, 1, 3, 6, 5, 2, 4, 8, 9, 13, 7, 10, 12, 11, 14], "R": [[-0.8679813469243258, -0.2820632226176061, -0.4087159402788248], [0.44464164135844775, -0.07492395153260872, -0.892569443940809], [0.22113840046789407, -0.9564657547101778, 0.19044964663971226]], "T": [-0.06474275205875636, 0.03853776675382612, 0.0014678412165385485], "aligned_model": [[-0.16031919120392024, -0.16031919120392024, -0.5721143044676532, -0.8470092804150248, -0.40428089137196893, 0.058219544270272275, 0.5367341169801556, 0.10158613539094229, 0.15482476714004528, 0.7943436295095766, -0.3351619420054845, -0.4347693957183306, 0.22171713315539832, 0.1896872744954654, -0.024848757480902713], [-0.6394713801835669, -0.6394713801835669, -0.2248019287899645, 0.2538840957000124, 0.336581483009162, -0.7254617037437071, -0.27668864224813583, -0.056703130300605094, 0.636817307744698, -0.0944954243339095, 0.6579317154639682, 0.4624484926805924, 0.07928013909757217, 0.5785580278022225, -0.0059427133148338765], [0.31125899828757575, 0.31125899828757575, -0.4313841537444433, -0.09139299886461189, -0.554324619306558, -0.3298546280046525, -0.38722706860915124, -0.6531115570114664, -0.4158954722563087, 0.23034463725626592, -0.08280688769925476, 0.5100377372136716, 0.5463746332995997, 0.175028881875745, 4.130847477632534e-05]], "inverted": true, "swapped": false, "error_lsq": 0.048449919161665064, "error_max": 0.4002460418454289, "target": "949.xyz", "model": "8.xyz", "model_rescale": 4.019505241142653, "target_rescale": 4.122267009728223},
{"mapping": [13, 9, 12, 11, 10, 3, 1, 8, 4, 7, 5, 2, 14], "R": [[0.9891665504073469, -0.09764539285470794, -0.10961255771799006], [0.08920724908180758, 0.9928415377144523, -0.07942133025868317], [0.11658302735169598, 0.0687826885419015, 0.9907963158442111]], "T": [-0.106214230800374, 0.019260214901295244, -0.05479093061215763], "aligned_model": [[-0.38889604868409183, -0.7432212313184261, -0.14850506472041572, 0.4254456190736718, 0.39983892415733385, 0.5719011645775539, 0.2442749354633184, -0.15519760722955508, 0.2514268921569204, -0.3897306982620149, -0.20503172474356623, 0.4395022271085867, 0.01789338416186105], [-0.609952103999782, 0.07544503898094404, 0.039618146016544176, -0.38897007709973536, -0.6699039421382721, -0.13926668179845664, 0.6066016969598093, -0.7904675266246297, -0.23036767992304308, 0.07201002214872138, 0.7629819926606692, 0.3204271147190759, 0.015222228212213987], [-0.23790118799264304, -0.36201071534909907, -0.6455109253243517, -0.5656878211339258, 0.03383647605670535, -0.01805129284746479, -0.08411889062387079, 0.2857342518642091, 0.5524384374099355, 0.5008238482152143, 0.34762356542372913, 0.3398967447937912, 0.02963100355164941]], "inverted": true, "swapped": true, "error_lsq": 0.05020556027561214, "error_max": 0.33737017475111974, "target": "949.xyz", "model": "9.xyz", "model_rescale": 3.877068213659057, "target_rescale": 4.122267009728223},
{"mapping": [6, 12, 11, 0, 8, 10, 14, 9, 7, 13, 1, 5, 3, 4, 15], "R": [[-0.35190323324610956, -0.2701574445069127, 0.8962025829065817], [-0.5843553529211502, -0.6845444603077189, -0.43580695654660206], [0.7312270071211348, -0.6770626537031179, 0.08302546005388639]], "T": [0.03166766312103615, 0.008718005512460872, -0.0523660914316134], "aligned_model": [[0.13348903094129905, -0.5088296523588591, -0.5234743656962225, -0.7600746603379943, -0.29507086831890506, 0.008548441085135403, 0.5584488460888767, 0.1841505802528215, 0.07084743780007825, 0.7631995362180581, -0.45451875107514506, -0.4322137280237143, 0.12599583675524068, 0.30601051355086234, -0.058218549806881306], [-0.4698068669066419, -0.33430122781250243, -0.354976581884416, 0.08876639937019125, 0.2790007403701776, -0.6550775442442357, -0.44910076253199777, -0.12786014291405223, 0.7698138279150797, -0.1652062267131107, 0.7212929547990446, 0.3440346741184647, 0.10567899501008857, 0.5764473678642408, 0.01375935195960797], [0.32306823126190365, 0.3328554983601723, -0.37516455983345914, -0.074780004929339, -0.6969683805358342, -0.3014679765219067, -0.40225908583967807, -0.6798536795598722, -0.3447436962411968, 0.12721669185113643, 0.041262550039446025, 0.47996109080419147, 0.5676839911445452, 0.1936218173904471, -0.052084678191792945]], "inverted": false, "swapped": false, "error_lsq": 0.04083512203585548, "error_max": 0.3253395226633118, "target": "949.xyz", "model": "10.xyz", "model_rescale": 4.260839863003843, "target_rescale": 4.122267009728223},
{"mapping": [6, 2, 3, 1, 11, 12, 9, 7, 4, 10, 13, 14], "R": [[-0.5564468674763043, 0.08739274467644881, 0.8262744046947874], [-0.7769363308220347, -0.40721680001055816, -0.48015040939059406], [0.29451115687627566, -0.9091407954585903, 0.29449311113898674]], "T": [0.036598131059428204, 0.07073558250447959, -0.14530256687450888], "aligned_model": [[0.613911742508247, -0.026551746781444244, -0.37142042477318027, -0.23007273017513574, -0.6852776920419362, -0.3853472125130984, 0.21531907750977725, 0.6414060412907143, 0.2727936517038787, -0.20511650474240717, 0.0990073971652549, 0.020247049943460313], [0.2432917450044554, -0.6639585889871231, -0.3405563086516398, -0.40458221052897614, 0.19267633772622103, 0.4415398394871372, 0.6595518291385771, -0.09075485090878271, -0.42325550045924437, -0.02397864282641532, 0.644696723638063, -0.06159186709933781], [-0.5754664804610299, -0.12243594489272659, 0.2428738180001938, -0.5595880346954054, 0.272256468781325, -0.33403359820407574, -0.49839306561286983, -0.1449236531390128, 0.3637487567392504, 0.6741454781916256, 0.27424505944415895, -0.07625072675592871]], "inverted": true, "swapped": true, "error_lsq": 0.05192555472863402, "error_max": 0.3013732906983109, "target": "949.xyz", "model": "11.xyz", "model_rescale": 3.890672605050136, "target_rescale": 4.122267009728223},
{"mapping": [0, 9, 13, 5, 7, 3, 12, 2, 1, 11, 8, 13, 4, 14], "R": [[-0.5009447177858608, 0.43839390747315116, 0.7462339925337537], [-0.5150869853652952, -0.8439107457849038, 0.15000016885343692], [0.6955140453144971, -0.30923362533720294, 0.6485636265865315]], "T": [0.10692032150159471, -0.020943146012860087, 0.03212292163622581], "aligned_model": [[0.31976530786474616, 0.30208658795254684, -0.05645422524691672, 0.7007591110977939, 0.6953187960156704, -0.33998750630321056, -0.2801813317404631, 0.14895623201184133, 0.06330555476582464, -0.72132850162126, 0.11118608821881094, -0.05645422524691672, 0.23424924728385393, 0.08865469974137256], [-0.4195620265320437, 0.20189418556747588, 0.6624556792377142, -0.6310060197867166, 0.07451827719199475, -0.17859858597130027, -0.03845093460894686, -0.5207107762678533, -0.7033967014535202, 0.09331302615986906, 0.7364762736203396, 0.6624556792377142, 0.06256112094101392, -0.06979667750797544], [-0.42050167409502853, -0.6125260536933178, -0.09286236508871182, 0.030337296732262833, 0.22329369295645096, 0.5437274789920012, -0.4162060418955324, 0.573188179320352, 0.06418065459325736, 0.13832656628269102, 0.47968678575000984, -0.09286236508871182, 0.7640813536203979, 0.1729269269707404]], "inverted": true, "swapped": true, "error_lsq": 0.051090497284759014, "error_max": 0.4301149508191797, "target": "949.xyz", "model": "12.xyz", "model_rescale": 4.124412569039231, "target_rescale": 4.122267009728223},
{"mapping": [7, 8, 13, 2, 9, 0, 4, 1, 10, 3, 12, 11, 14], "R": [[-0.5255832238598803, -0.12793395185883893, -0.8410678799947335], [0.1694753700568602, -0.9845581954667959, 0.04385497330129238], [-0.8336908142357966, -0.11949085195506409, 0.5391489242852181]], "T": [0.16483490823866892, -0.028853155176315176, 0.06536021257570616], "aligned_model": [[-0.22504002271937418, -0.035731514037278145, 0.5150198479241925, -0.45056728080638603, 0.7008486441189652, 0.36913790963140897, -0.5054946503119471, -0.017102604398725352, -0.05153415003434178, -0.13293394079210863, 0.7138707030850602, 0.44935497540308117, 0.037470390447210705], [-0.15573161825685877, 0.739021097446005, 0.5065071872113842, -0.18019910500807315, -0.24670034390761886, -0.6348871078108856, 0.3021350622082569, -0.5052530832750707, 0.7674458845351999, 0.29970971180592365, -0.05680352871071766, 0.5054349005317476, 0.006806319739184559], [0.5384049311327768, 0.4450416960309577, 0.3817560573537833, -0.31234451903879795, 0.4759092676339232, 0.07258216959690765, 0.07269826265837896, -0.3913833166134624, -0.17543870390882582, -0.4728787886088937, -0.1558445449282842, -0.5210819456365149, -0.005722484704109562]], "inverted": true, "swapped": true, "error_lsq": 0.05639190021117588, "error_max": 0.3765978761458416, "target": "949.xyz", "model": "13.xyz", "model_rescale": 3.9028299243045295, "target_rescale": 4.122267009728223},
{"mapping": [8, 12, 1, 11, 6, 2, 0, 3, 7, 4, 9, 14, 5, 10, 15], "R": [[-0.08072414335794692, 0.9824235466807618, -0.168308014088214], [0.4873287060195348, -0.10839896394734794, -0.8664643079229908], [-0.8694793528131943, -0.15196591572564677, -0.4700127822615192]], "T": [-0.044325749818445184, -0.04235477523965116, -0.033663594039216906], "aligned_model": [[0.1745975039163009, -0.43309737039478613, -0.6071320020672626, -0.7567167341807607, -0.2953244403761729, -0.1076525335298907, 0.6178622324911643, 0.2927327836588958, 0.17443439259619903, 0.607605305751508, -0.4179962492927546, -0.48766418893128405, 0.22012453690097966, 0.2081236676019096, -0.07160725706939534], [-0.7302757159909277, -0.3646534713052917, -0.20563254855629592, 0.11183864778175322, 0.14202949540888649, -0.6769183936157538, -0.476343615250135, 0.005194164259598691, 0.7908843750005241, 0.1403165051198383, 0.6042340605689345, 0.5376427551258368, -0.16421724439672525, 0.5664869664294492, 0.06187897782024633], [0.24082601925734184, 0.4451061486447996, -0.3143560358918696, 0.08708474770575009, -0.6230788638829406, -0.40172405409160583, -0.2793812614459614, -0.5559854187802015, -0.3138144006326041, -0.002352637522686253, -0.241362153721224, 0.4664409409910897, 0.3874271540426042, 0.3140915314362161, -0.07057390690994501]], "inverted": true, "swapped": false, "error_lsq": 0.052731629080151526, "error_max": 0.3796878292793496, "target": "949.xyz", "model": "14.xyz", "model_rescale": 3.942246331269136, "target_rescale": 4.122267009728223},
{"mapping": [6, 8, 0, 12, 1, 7, 9, 5, 3, 10, 12, 13, 11, 4, 14], "R": [[-0.9249282934276408, -0.36395766891819104, 0.10973817591279966], [-0.3772133990473856, 0.9144912388615205, -0.14634146925816816], [-0.04709250042363366, -0.17675007575997814, -0.983128530316709]], "T": [0.03267412537480767, 4.612724477677174e-05, -0.0585249103475722], "aligned_model": [[0.16989645201317438, -0.45091686086753163, -0.5070363341785116, -0.605716862820225, -0.3878084226753127, -0.035696749114317874, 0.6174818934564524, 0.1555275131269011, 0.05031454263511281, 0.7088476937107743, -0.605716862820225, -0.32956962927953626, 0.08866221381921664, 0.2930050915069515, -0.04298403143827283], [-0.47035812697080953, -0.4921345431713227, -0.37235796414557104, 0.5102396292613529, 0.37842100346571633, -0.8309463397178626, -0.4949026231428612, 0.09318512588809066, 0.6500925916347914, 0.051719171793903465, 0.5102396292613529, 0.4645223623059643, -0.09119818345868921, 0.45248050215021135, -0.01653727675432864], [0.21106600201086093, 0.29181616914741315, -0.3913090677720686, -0.07388052346396137, -0.6387561708038539, -0.24761867413151595, -0.30588682134731027, -0.6741641961624629, -0.3645908187947077, 0.1631047762785466, -0.07388052346396137, 0.501806362903015, 0.6504538159715892, 0.20829881685680887, -0.1181113380296282]], "inverted": true, "swapped": false, "error_lsq": 0.046490015324921356, "error_max": 0.3106509722353852, "target": "949.xyz", "model": "15.xyz", "model_rescale": 4.355366556412066, "target_rescale": 4.122267009728223},
{"mapping": [13, 12, 9, 4, 7, 8, 5, 3, 0, 11, 1, 14], "R": [[0.03523734887642882, 0.4296217994627555, -0.9023211394345944], [0.8599735576237728, 0.4469263263205694, 0.24637844676333087], [0.5091206236561944, -0.7846540436829367, -0.3537148884340944]], "T": [-0.010399179472856089, -0.022169098473057734, -0.07398406338436514], "aligned_model": [[-0.1942697598745605, 0.5041551638438776, 0.22360413303091012, -0.6251502085781915, -0.4880102774103492, -0.7138295985797259, 0.007175243027633095, -0.05922812415269997, 0.40224720182495255, 0.2732994331172475, 0.34147764637388345, -0.07366229799119631], [-0.6265072403123964, -0.2665445758723938, -0.6061409373063931, 0.35954014330368306, -0.008477236686378457, -0.33821479829516443, 0.4242136869737464, 0.44114731867277684, -0.0013370899866421877, -0.00358371978146255, 0.5343997371367813, 0.10428113989482321], [0.2581507567682008, 0.08931788383443529, -0.40191391943068006, 0.11397335479659598, -0.478424521283565, 0.34947378287985115, -0.7987308846765455, 0.4449327885037746, -0.5622032930460247, 0.7194259699108354, -0.2612983236885114, -0.023445133358945408]], "inverted": true, "swapped": true, "error_lsq": 0.05654638110363968, "error_max": 0.3277764388566935, "target": "949.xyz", "model": "16.xyz", "model_rescale": 3.795458400668931, "target_rescale": 4.122267009728223},
{"mapping": [0, 1, 2, 9, 4, 11, 12, 7, 13, 11, 3, 8, 14], "R": [[-0.3253204906446096, -0.3210291885994435, -0.8894418690583064], [-0.9254376397825149, 0.30131003351538527, 0.22973340762006228], [0.19424662993349143, 0.8978599689094844, -0.39511482253813357]], "T": [-0.04458200774242902, -0.0632736403347273, -0.08446353161563588], "aligned_model": [[-0.10501477102175441, 0.15820034844502304, 0.5156787945648229, -0.44110118949315624, 0.5268149826291014, -0.5360095437799317, -0.6031241881126937, 0.4383097012110414, -0.4458438838344144, -0.5360095437799317, 0.07691591646001267, 0.04210564408013464, 0.05770953353596837], [-0.3902291048135238, 0.16432523726984455, 0.3509073419655012, -0.6491743135111209, 0.24787021824409636, 0.60517493233931, -0.025365665744932167, -0.4267900222388724, -0.1869554991495076, 0.60517493233931, 0.6207924289493065, 0.001994575916383995, 0.04605620390468959], [-0.6308306519267489, -0.6974487421921739, -0.32705013964410723, -0.1374879502815855, 0.2838349108955076, 0.0638782444769479, -0.27874860658396783, 0.0784577667135701, 0.4926311082590751, 0.0638782444769479, -0.024355839281898432, 0.7886006684478695, -0.07308398252314037]], "inverted": false, "swapped": true, "error_lsq": 0.05937724549921977, "error_max": 0.44308500725517086, "target": "949.xyz", "model": "17.xyz", "model_rescale": 3.7474275329858107, "target_rescale": 4.122267009728223},
{"mapping": [5, 4, 7, 3, 0, 12, 6, 8, 1, 9, 11, 10, 13, 14], "R": [[0.5877318675806693, -0.44967371105324505, -0.6725807055051023], [0.12964472590602438, 0.8729180919100192, -0.4703256848832762], [0.7986009622301307, 0.18922885193271574, 0.5713396054198727]], "T": [0.03405924596134088, -0.10018357510863973, 0.05285086670761784], "aligned_model": [[0.6094880939877928, 0.08087043376791023, 0.5995742211806947, -0.47083463065448977, 0.28641215048967433, -0.3008906828607765, 0.7229718780437835, 0.006621552717614408, -0.029319979556503235, 0.3052819107253865, -0.7978677951511803, -0.4986757038228466, -0.09780145268480431, -0.0009823482993790641], [-0.6145026882030173, 0.3318853259069209, 0.09548488404911817, -0.004799647391862338, -0.6609326002274701, -0.34570170205046485, -0.2230087845718361, 0.7789167371578727, -0.6825505813768992, -0.2114660944287361, 0.023635591495803077, 0.517595337492324, 0.43107865066702145, -0.07522618700754109], [-0.3065679658642941, -0.5554861628774961, -0.13093862926927435, -0.4186416009926168, 0.22877007313935996, 0.4755593557053626, 0.29455519230074934, 0.03174161693355234, -0.3014153400300013, 0.6988950728667179, 0.10666547687342132, -0.21813720798860342, 0.5108025261579383, -0.0910076882931605]], "inverted": false, "swapped": true, "error_lsq": 0.044536580387440995, "error_max": 0.2636628801016351, "target": "949.xyz", "model": "18.xyz", "model_rescale": 3.922800546911778, "target_rescale": 4.122267009728223},
{"mapping": [11, 4, 6, 8, 1, 10, 9, 2, 0, 7, 5, 12, 7, 3, 14], "R": [[0.6674534656460986, 0.7407814824713116, -0.07581996059493748], [-0.7402303537810205, 0.6489636612164147, -0.17579871945441447], [-0.08102403679302447, 0.17346170081084875, 0.9815019836014445]], "T": [-0.19224399242806134, 0.030059276608183767, -0.04972886136344333], "aligned_model": [[0.09660371081463176, -0.4680050060877903, -0.6531544544364378, -0.7838025741768173, -0.4527319120121688, 0.005603876872124214, 0.5657514276761131, 0.262496819116755, 0.1125086072472331, 0.40414755590765894, -0.44585873195361886, -0.11646072299667423, 0.40414755590765894, 0.29763573991687214, -0.11059224472088942], [-0.5365967473756111, -0.6305836875781885, -0.32983140238041964, 0.10308049927018388, 0.21241173314045644, -0.6698651054928806, -0.21745691706770812, -0.061530881562007395, 0.7070412075915669, 0.011235479259634074, 0.7499200025061404, 0.5314285057687448, 0.011235479259634074, 0.4341157365752931, 0.027861056485100025], [0.27075759323815546, 0.05691951559826898, -0.4155266430700284, 0.08853537631921164, -0.7182171928122689, -0.3983873292329705, -0.21380769267412153, -0.5955777415763712, -0.43347871972177243, 0.48147148199653433, -0.04601141724610751, 0.5515197034512661, 0.48147148199653433, 0.027118185304657677, 0.0015612076277750284]], "inverted": false, "swapped": false, "error_lsq": 0.04914049600306133, "error_max": 0.36930711842634584, "target": "949.xyz", "model": "19.xyz", "model_rescale": 3.9282355846067225, "target_rescale": 4.122267009728223},
{"mapping": [7, 6, 9, 5, 2, 0, 1, 12, 3, 10, 13, 4, 11, 14], "R": [[-0.30412213836486346, -0.19992210194656046, -0.9314187447703917], [0.9436618721302497, 0.07064348453976566, -0.3232828006246424], [0.13043004272028447, -0.977261813049783, 0.16717461742332718]], "T": [0.02395180379000144, -0.16208764339017595, 0.0452881052564339], "aligned_model": [[-0.47332527193406604, -0.12241558895786372, 0.4282239927057358, -0.4622899152138963, -0.5031746388612063, 0.1569603882555991, -0.0994194974881604, 0.6026546671109254, -0.10924663424787445, -0.04837967853520376, 0.34802204620485677, -0.5925452630815555, 0.48719807391749625, -0.0797398607901103], [-0.5394709934931794, -0.7715428242088564, -0.7016472912719209, -0.20595107488070358, 0.33600526982050793, -0.26289179595202444, 0.2868180983529559, -0.07775249640611351, 0.454161932579825, 0.18247064643994954, -0.5096589305176731, 0.012277827773475636, 0.3808326425143815, -0.06076892332578818], [-0.001286876893984365, -0.34872788001107946, -0.17552410669455237, -0.652185475978442, -0.09009091218380452, -0.5721390273445918, -0.4566441197544133, -0.05033433516975938, 0.34330774157250304, 0.8294689452273762, 0.577753312685589, 0.4306149964770455, 0.4935851679129148, 0.08438572739888103]], "inverted": true, "swapped": true, "error_lsq": 0.05538498312757328, "error_max": 0.33760185271811693, "target": "949.xyz", "model": "20.xyz", "model_rescale": 4.067790424073018, "target_rescale": 4.122267009728223},
{"mapping": [10, 13, 5, 4, 8, 1, 9, 7, 0, 12, 2, 6, 11, 3, 14], "R": [[-0.9921131132819664, 0.12529128980177504, 0.0036963703510390147], [0.09673657887587257, 0.7465850652594029, 0.6582193970394716], [0.07970950232786866, 0.6533856694414266, -0.7528170841626953]], "T": [-0.10589022821042805, 0.05566608114487591, -0.040942901944059744], "aligned_model": [[0.26451025764967306, -0.26414365272885654, -0.6128613410636952, -0.8142392042889889, -0.3591824152243936, -0.08725328227913855, 0.48362444443781627, 0.1571481985253685, 0.16536123569073996, 0.6370435035010373, -0.2763434236428164, -0.5275151555660338, 0.14040894348499794, 0.26835517468259185, -0.05662363610365155], [-0.6382966990092351, -0.527599801412141, -0.22743176887956373, 0.38590187869716663, 0.02809704105782561, -0.6378874902359382, -0.390850351430193, -0.06995809283559669, 0.5545548951983784, 0.07311414739885908, 0.7798159179872732, 0.3656312528867147, -0.025503589896960152, 0.6739862086359208, -0.0011085897625721236], [0.18819889125187111, 0.3124411228085768, -0.14725385576230787, -0.21887137307708468, -0.5510908341670713, -0.47905385723973737, -0.279993996151465, -0.7277422250224006, -0.46754649319092473, 0.1454944928214763, -0.057515575444421034, 0.4822309846699457, 0.5513243152005796, 0.4077949001227144, -0.020068687620988068]], "inverted": true, "swapped": false, "error_lsq": 0.05194212964490721, "error_max": 0.33213583483306924, "target": "949.xyz", "model": "21.xyz", "model_rescale": 4.186013935880536, "target_rescale": 4.122267009728223},
{"mapping": [9, 0, 12, 8, 4, 13, 7, 5, 11, 1, 2, 3, 14], "R": [[-0.115340694002224, -0.9279802477005391, -0.3543292031215204], [0.6452655045012957, 0.20120126479766062, -0.7369874352690895], [0.7552012665559917, -0.31364105426660577, 0.5755869491838382]], "T": [0.028312489654143617, -0.058814371722575885, -0.07312679764513219], "aligned_model": [[0.09936110506968565, -0.4064862418103702, 0.26230103386060066, 0.6132752958121935, -0.0007616852838409696, 0.6708884841167019, -0.26169536784934283, -0.81751885042287, 0.6241487698588157, -0.4843956516112801, -0.4044667656615374, 0.16621838288088273, -0.002294473536413627], [-0.28962788981634885, 0.05971497534822944, 0.29677028667363087, -0.5671548950173497, -0.27684038286800305, -0.3378667607700729, -0.5966736818541746, -0.15102294175408393, 0.5116483946156373, 0.3906403950850831, 0.16494209078530636, 0.3418406703304645, -0.027413601212225122], [-0.740206900340745, -0.5269658459728375, -0.48539125650511716, 0.3433155323979793, 0.6414136944956462, -0.2094072961920636, 0.06279493361575222, -0.10298195128501109, 0.09973487952411142, -0.011534785765460132, 0.4808781452482237, 0.48074915353862313, 0.07048125857624388]], "inverted": true, "swapped": true, "error_lsq": 0.0554996251142896, "error_max": 0.3160009842441671, "target": "949.xyz", "model": "22.xyz", "model_rescale": 4.166573947596378, "target_rescale": 4.122267009728223},
{"mapping": [13, 6, 1, 2, 4, 5, 10, 7, 8, 14, 3, 11, 12, 9, 15], "R": [[-0.1337178095922933, 0.048442223072426294, 0.9898347833965224], [0.3034861687944609, -0.9488158989558948, 0.08743303288218483], [0.9434064303089624, 0.3120925197955223, 0.11217203902658768]], "T": [-0.06872687376323865, 0.08961935185668339, -0.04776107074001705], "aligned_model": [[0.4531294947373417, -0.5407618976258564, -0.5884078994246744, -0.735783278850103, -0.4990667090063103, -0.040390424477106404, 0.6251175199113187, 0.2589143273728363, 0.13413246616929775, 0.5465015885897598, -0.3560910740757205, -0.23792130093219016, -0.0753698014148485, 0.27992081429452426, -0.10563417819361917], [-0.5770326898005963, -0.43245015639095125, -0.29896750360114793, 0.12491216437101561, 0.4042726716191072, -0.6860693706662401, -0.13581185451665523, -0.2347951787098072, 0.6005837483009737, -0.10278003334381615, 0.6167751355383736, 0.5323194814417042, -0.06033451411412112, 0.5534426012303926, 0.03840045704170682], [-0.04040410769054405, 0.24160720114194773, -0.34277115226268967, 0.03347567591141458, -0.5533838826562176, -0.3453615287268202, -0.217177603768897, -0.5943835211805832, -0.6409242978450388, 0.41099178091921873, -0.016853982139258643, 0.5827015915222139, 0.5900877082208291, 0.10638804289507588, -0.0756441151418872]], "inverted": false, "swapped": false, "error_lsq": 0.049404989190770396, "error_max": 0.33379867176631395, "target": "949.xyz", "model": "23.xyz", "model_rescale": 4.274766983524099, "target_rescale": 4.122267009728223},
{"mapping": [1, 12, 9, 7, 13, 8, 4, 10, 3, 11, 14], "R": [[-0.8473766508601077, -0.3231224031755083, 0.42136056310859404], [0.37786544491262447, 0.19056014524955456, 0.9060378229320525], [-0.37305564882211817, 0.9269728925964087, -0.03937942703183345]], "T": [-0.06386792671838709, 0.08974178601105677, -0.19814576862568495], "aligned_model": [[0.49621353663567663, 0.08394560305656568, -0.49189498298949796, -0.44770610530982324, -0.5211389747319232, -0.5546719898808807, -0.046190724316588244, 0.0451864796042854, 0.4354128218075569, 0.3655282243442458, 0.01521081573845745], [-0.06058393351778367, 0.6615432436366014, 0.5375916122547272, -0.3762161795733928, 0.43188763652917117, -0.100654371579935, -0.5438993106324834, -0.020332974044418847, -0.09490722359511762, 0.5031708711833344, -0.02201283941721928], [-0.561991524281382, -0.24659497520837304, -0.5438942632472534, -0.3637457049238835, 0.2298564794977333, 0.5067488768507962, 0.19825710882693115, 0.6473614944205257, 0.2523478992673608, 0.39769408989870175, -0.136473047079579]], "inverted": false, "swapped": true, "error_lsq": 0.04668341395473675, "error_max": 0.23039291032778528, "target": "949.xyz", "model": "24.xyz", "model_rescale": 3.7841303162186577, "target_rescale": 4.122267009728223},
{"mapping": [13, 12, 9, 2, 8, 14, 11, 10, 0, 11, 1, 4, 3, 6, 15], "R": [[-0.9066520404778641, -0.415882136784654, -0.07088106799954459], [-0.3421090548597616, 0.6264538285910631, 0.7003691849493092], [-0.2468673167519071, 0.6592402058028843, -0.7102526867057135]], "T": [-0.08375750054516391, 0.07467003860663551, -0.13598664376197836], "aligned_model": [[0.21694675204613173, -0.4156135535031439, -0.46236219648024585, -0.8175236734122749, -0.5179435202759617, -0.12822351019241157, 0.6397958758587853, 0.22590624310753976, 0.030572188545037418, 0.6397958758587853, -0.32407671148971645, -0.339477339649904, 0.09617980992166551, 0.3207107790030067, -0.04639737226264262], [-0.557529463984781, -0.5288539989000336, -0.2988766809539997, 0.0646152800360747, 0.399546025917845, -0.6862466519882129, -0.12772277250111422, -0.20684048077945533, 0.6411500219343045, -0.12772277250111422, 0.7773188237870705, 0.48143927162451533, -0.03315348421947212, 0.44631564653721395, 0.0990261943910974], [0.2131562190717282, 0.1815069824652812, -0.3794246051556688, 0.03802235977882268, -0.37134993057144916, -0.3558218690349002, 0.02192228780629582, -0.7918184046726289, -0.5913536386498545, 0.02192228780629582, -0.1755815340718445, 0.43484651734260105, 0.6418298769294267, 0.3333867738793307, -0.08289551372467217]], "inverted": true, "swapped": false, "error_lsq": 0.05326391814673455, "error_max": 0.38263646698945736, "target": "949.xyz", "model": "25.xyz", "model_rescale": 4.19342608120988, "target_rescale": 4.122267009728223},
{"mapping": [13, 12, 9, 4, 7, 8, 5, 3, 0, 11, 1, 14], "R": [[0.03523734887642882, 0.4296217994627555, -0.9023211394345944], [0.8599735576237728, 0.4469263263205694, 0.24637844676333087], [0.5091206236561944, -0.7846540436829367, -0.3537148884340944]], "T": [-0.010399179472856089, -0.022169098473057734, -0.07398406338436514], "aligned_model": [[-0.1942697598745605, 0.5041551638438776, 0.22360413303091012, -0.6251502085781915, -0.4880102774103492, -0.7138295985797259, 0.007175243027633095, -0.05922812415269997, 0.40224720182495255, 0.2732994331172475, 0.34147764637388345, -0.07366229799119631], [-0.6265072403123964, -0.2665445758723938, -0.6061409373063931, 0.35954014330368306, -0.008477236686378457, -0.33821479829516443, 0.4242136869737464, 0.44114731867277684, -0.0013370899866421877, -0.00358371978146255, 0.5343997371367813, 0.10428113989482321], [0.2581507567682008, 0.08931788383443529, -0.40191391943068006, 0.11397335479659598, -0.478424521283565, 0.34947378287985115, -0.7987308846765455, 0.4449327885037746, -0.5622032930460247, 0.7194259699108354, -0.2612983236885114, -0.023445133358945408]], "inverted": true, "swapped": true, "error_lsq": 0.05654638110363968, "error_max": 0.3277764388566935, "target": "949.xyz", "model": "26.xyz", "model_rescale": 3.795458400668931, "target_rescale": 4.122267009728223},
