[{"mapping": [4, 5, 2, 3, 7, 1, 0, 14, 12, 8, 10, 13, 6, 15], "R": [[0.6103371174481056, 0.7240915802112629, 0.3212164169719437], [-0.7155089044670608, 0.6779328606903419, -0.16868326539569886], [-0.3399052966540589, -0.1268795486410854, 0.9318615613078751]], "T": [-0.06638450357839254, 0.12126591075456666, 0.15771814239568427], "aligned_model": [[0.09049456948360185, 0.28400528418374865, -0.5178618218387192, -0.2609389787372823, -0.632747558986673, -0.08296547799864396, -0.7183546395304639, -0.07945243340077168, -0.41020687519131344, 0.32988214123045256, 0.6527660037296742, 0.0598803376330298, 0.6839537068346124, -0.026962156282948617], [-0.643579825090961, -0.257831391068031, -0.3333658527274386, -0.2963325768786396, 0.30290088397544085, 0.11824543598900739, 0.2036394344790291, 0.33114775351112424, 0.814319404568745, -0.10303701664635831, 0.3769501027234465, 0.7144290064850021, -0.20610260124978136, 0.21389057373944942], [0.21413757751115112, -0.28775639071462644, 0.38577572123380904, -0.29246396841334055, 0.5249176857460776, -0.6360387141496434, -0.18139703043635425, 0.7705408321329261, 0.18563110941275066, 0.7794463081437173, 0.3942492761263937, -0.22215685981817385, 0.08997303508000307, 0.17272950532514342]], "inverted": false, "swapped": true, "error_lsq": 0.04119041002885147, "error_max": 0.23861030203856715, "target": "95.xyz", "model": "0.xyz", "model_rescale": 3.8414455957264533, "target_rescale": 4.248354714473481},
{"mapping": [8, 6, 11, 9, 10, 13, 12, 14, 0, 7, 1, 4, 3, 2, 15], "R": [[-0.567654052182416, -0.15135065392955815, -0.8092353530314764], [0.37773309511477615, -0.9212659606102258, -0.09266465710253236], [-0.7314961284216717, -0.3582764426752246, 0.5801305066345781]], "T": [0.007778316208527607, 0.09260046594003427, -0.03477305224642843], "aligned_model": [[-0.711593646016782, -0.6368055618115686, 0.03534631352701979, -0.1900253415353142, -0.5227975121737286, 0.384272075246934, 0.5438104544460676, -0.2226196750169917, 0.6946141121210838, 0.2942185852867214, 0.44849225371096124, -0.47170027400545095, 0.20728237738661037, 0.007372613618426423, 0.012177378720556345], [0.0441882727170013, 0.037166929364175524, -0.6498123779830471, -0.29010966212512856, -0.4906830483901248, -0.45061179976728527, -0.35913641756558645, -0.1458007338795886, 0.35737665104753813, 0.16107162374460832, 0.18066031983924402, 0.6863765742784196, 0.5945251147178058, 0.6805195693928956, -0.008686487347913135], [0.23733944034540624, -0.5409407314222249, 0.15104126190977882, -0.6570020348003648, -0.16426617042382627, -0.3091143895616225, 0.2937378868323016, 0.5218726531437495, 0.03593562672675524, 0.5991493021980268, -0.6892581068623498, -0.2088805206605193, -0.38573409010266124, 0.3071085526058861, -0.025806892588800527]], "inverted": false, "swapped": true, "error_lsq": 0.04075060156020975, "error_max": 0.28493143125230264, "target": "95.xyz", "model": "1.xyz", "model_rescale": 4.316132596720782, "target_rescale": 4.248354714473481},
{"mapping": [11, 13, 12, 8, 14, 10, 2, 6, 0, 9, 3, 15], "R": [[-0.045052853919502645, 0.08665473395381737, 0.9952191705534523], [-0.7841770607489952, 0.6141257028605972, -0.08897167235162279], [-0.6188994892135353, -0.7844364717230905, 0.040284538992700236]], "T": [0.02152964744168532, 0.10818938515097981, -0.14378350011800903], "aligned_model": [[-0.2046167424653286, 0.37626506032544804, 0.1708474034048449, -0.7156447332381561, -0.5286758103496921, -0.43443916312873454, -0.06567380843056642, -0.20684050830678238, 0.5752292922333421, 0.1527665280750636, 0.47791762901193885, 0.0006734075004035806], [-0.5934432516738848, -0.43243157050334974, -0.6040600934371276, 0.28983718994016405, -0.16570601188058093, -0.12561162217809943, 0.5070488922515097, 0.48714375426680045, 0.02153604793531219, 0.05326289146427603, 0.5580570107242235, 0.017143190831737043], [0.06366104167006456, 0.16278142730067682, -0.4078308258805782, -0.011635943963305001, -0.34879099624198845, 0.46934647645063676, -0.6876940804667099, 0.5483202712301871, -0.6262329363660281, 0.5995348686335698, -0.2088450349114897, -0.10335580624561483]], "inverted": true, "swapped": true, "error_lsq": 0.04286327849093829, "error_max": 0.2328512790583705, "target": "95.xyz", "model": "2.xyz", "model_rescale": 3.795458400668931, "target_rescale": 4.248354714473481},
{"mapping": [0, 13, 1, 6, 2, 4, 9, 14, 10, 8, 3, 15], "R": [[-0.30295484671042255, -0.032551617299597393, 0.9524488191319493], [0.4896718872187364, -0.8627150939129337, 0.12626998694242095], [0.8175816801533077, 0.5046415152818667, 0.27730333090627657]], "T": [0.09217790023748142, -0.01943156660197112, -0.08637313536657637], "aligned_model": [[-0.30586722391899335, -0.2531711310729209, -0.6990564542012193, 0.08678558370529323, 0.2595383485435107, 0.13755345330500163, -0.2132175365127552, 0.70759602605613, 0.4062414635337548, 0.7415723295307691, -0.38877512838803774, 0.11410409516303202], [0.06717760468607897, -0.6458791590576793, -0.05998163442830402, 0.075552850788805, 0.5580640602161838, 0.6708366553360513, -0.3555763533024714, -0.17927235716660744, -0.4547912888599973, 0.11981088336930476, 0.4081920015825854, -0.1183642178742401], [-0.7035509757117266, -0.10606440371200414, -0.035012764957996434, 0.7295409873193204, -0.40421169483429287, 0.28003379255777855, 0.5190214016560253, -0.21080890133059785, 0.50550930722927, 0.30450201662180393, -0.11332015300137109, -0.07686718119710868]], "inverted": false, "swapped": true, "error_lsq": 0.042311381939424235, "error_max": 0.27237839780110557, "target": "95.xyz", "model": "3.xyz", "model_rescale": 3.7530521520055578, "target_rescale": 4.248354714473481},
{"mapping": [2, 8, 14, 11, 7, 9, 0, 5, 1, 13, 15], "R": [[-0.8751928035941204, 0.4701872988651321, 0.11384841027864329], [0.4494566296391097, 0.8773277042128331, -0.16818096650362047], [-0.1789589187789074, -0.09602084881186286, -0.9791596917678617]], "T": [-0.1288636838280686, -0.09125176712140995, -0.028060632016833884], "aligned_model": [[-0.4003680864238718, -0.184958622649988, 0.27824962829366107, 0.5551148410910552, 0.2545674602769312, -0.2331274514703457, -0.06678623729624095, -0.6880807364082838, -0.4020405413763637, 0.2697768215874423, -0.04414747317879124], [-0.7105812903844179, -0.0814876134799927, -0.29702398774110156, 0.22662300606062455, -0.6755602893399427, 0.6578124707043665, -0.48151108752518446, 0.2816723562412283, 0.22767137954754776, 0.3554979727787444, -0.035909558547526005], [-0.10050626350495857, -0.7965936425344886, -0.4881577435922435, -0.16069844965336172, -0.015491333778135788, 0.00011861989177390508, 0.5969942531725568, 0.08656577674103476, 0.6457319401536105, 0.3638458656466376, -0.03897824529710888]], "inverted": false, "swapped": true, "error_lsq": 0.04139827780503992, "error_max": 0.2238211976819397, "target": "95.xyz", "model": "4.xyz", "model_rescale": 3.7855080009869324, "target_rescale": 4.248354714473481},
{"mapping": [13, 12, 6, 11, 4, 1, 0, 8, 5, 2, 3, 9, 15, 14, 10, 16], "R": [[0.7436289385044894, 0.6249793853734971, 0.2375221456556263], [-0.6108927911373352, 0.49075896083658543, 0.6212613299530488], [0.2717094027727465, -0.6070884698433673, 0.746737966242588]], "T": [0.011407164544402434, 0.024505712111674502, 0.009584324954200273], "aligned_model": [[-0.3180505774443862, 0.188208760500327, 0.08608045743889864, 0.2938895916263679, 0.5630118383063049, 0.7319723678446027, 0.7017448666193887, -0.5911448116548362, 0.27256146320346797, 0.29290589866778877, 0.12416524048759085, -0.2967739372233462, -0.7841513717891894, -0.19906931807809347, -0.4513464273616407, -0.0030786654542059866], [-0.3487282994184665, 0.06279508155413775, -0.6238027642993228, -0.4656570694823813, -0.37116414477760873, 0.02890948778910216, 0.22903075896224112, -0.3327429177172133, 0.1476316433731632, 0.6930596663153478, 0.605500935925442, 0.6550225696866665, 0.19552423500048738, 0.483086649454573, 0.13341836758914866, 0.07051894947474266], [-0.5167440969993988, -0.6464190156358378, -0.004454435992073381, -0.5493256447459295, 0.3031459574925604, -0.22251551033676628, 0.3097130400500977, 0.07751374735270769, 0.7657203457614266, -0.13034337274806126, 0.3731042991157594, 0.12952981288941287, -0.12140188340964927, -0.44108248400940653, 0.5618174466783368, -0.014073547148051917]], "inverted": true, "swapped": false, "error_lsq": 0.02973336181947832, "error_max": 0.19151459981080035, "target": "95.xyz", "model": "5.xyz", "model_rescale": 4.2253639853439635, "target_rescale": 4.248354714473481},
{"mapping": [11, 8, 5, 9, 6, 3, 1, 13, 2, 14, 4, 0, 12, 15], "R": [[0.7807867266157064, -0.6219030138558046, 0.060072696774805305], [0.6017644235304775, 0.7226535384792622, -0.3400756414335406], [0.16808231945615992, 0.3016761586212426, 0.9384773994112852]], "T": [0.044682983228982384, 0.06394930278624517, 0.01955256473639828], "aligned_model": [[0.7540787562617566, -0.11436683901120327, -0.40486468276979876, 0.10097085514140414, -0.32254348648627196, -0.41880225711224023, -0.061144746176214224, 0.5768280191571235, -0.35526847909563214, 0.333123065628428, -0.7126001857478425, 0.11168959450468167, 0.7503795389056742, 0.13658299955791847], [-0.06675883254924819, 0.16172476583420675, -0.4387062330015083, -0.6843144117489097, -0.5256269237926081, -0.011329575242714496, -0.4094244582394922, -0.33684444343107817, 0.6095818980873189, 0.42540836023773904, 0.06523463160880895, 0.3558017398721209, 0.2688103599039171, 0.0315422690964381], [-0.23761820577184312, -0.7281292405686526, 0.12044674496497433, -0.07891227597451787, -0.4189808606902817, 0.46048157952097984, 0.6480840065549787, 0.2808499418754728, 0.08923733541995073, -0.43423425351331435, -0.17869915853192941, 0.695704785054747, 0.26315145804249035, -0.00982364745160589]], "inverted": true, "swapped": true, "error_lsq": 0.041482249925040696, "error_max": 0.2707740230880393, "target": "95.xyz", "model": "6.xyz", "model_rescale": 3.89814844738969, "target_rescale": 4.248354714473481},
{"mapping": [5, 4, 8, 1, 10, 2, 3, 9, 13, 7, 14, 11, 15], "R": [[-0.40211381645084904, -0.6114298025321244, -0.6815116104622583], [0.4899555824067105, 0.4851014430642235, -0.724306645838287], [0.7734649351378733, -0.6251641276597177, 0.10450745236407782]], "T": [-0.1614478695229278, 0.12564660805441677, -0.01838005683230225], "aligned_model": [[-0.0355687315406939, -0.004455765291808217, 0.45697226395751356, -0.5105492176413685, 0.5934326835723198, -0.4803781710055022, -0.5323073101921856, 0.26603570549348965, -0.19975566857113233, -0.5185055181168396, 0.08706763821227748, 0.1449199536622063, -0.11827606163405388], [-0.3848804528481925, 0.1879266629907561, 0.5441347006293619, -0.5839204389238739, 0.013209951267999148, 0.5658256379116138, -0.1576743478171401, -0.4950779569188749, -0.32972838292088547, 0.6755269130896585, 0.6634202538021055, 0.15158710709460832, 0.11343161811334887], [-0.452490515096112, -0.7827476842412852, -0.20892985082881943, -0.08892687729680042, 0.21828887686511006, -0.4271072922913713, -0.4623354428801282, 0.05032979253810588, 0.5323071644612049, 0.2239737431792192, 0.2439410367150363, 0.6829968975009575, 0.07297518221117803]], "inverted": true, "swapped": true, "error_lsq": 0.04932663309920739, "error_max": 0.3135148372501269, "target": "95.xyz", "model": "7.xyz", "model_rescale": 3.7474275329858107, "target_rescale": 4.248354714473481},
{"mapping": [8, 14, 7, 2, 12, 3, 4, 5, 0, 1, 6, 9, 10, 11, 15], "R": [[-0.9152655508956427, 0.3088703756516641, -0.2586272653617469], [0.13966982858652138, 0.8454697066788848, 0.5154350726046222], [0.37786414268399077, 0.4356375398575291, -0.8169691692717493]], "T": [0.02958321139039751, -0.11998066820632954, -0.010124767391447693], "aligned_model": [[-0.3205016141622948, 0.24453997297359348, 0.44260505097480635, -0.1873898566395479, 0.803402705789085, -0.2821367873011795, -0.7286590082195845, -0.4748475023308582, 0.36644140548986776, 0.009237920736630094, -0.583404120014277, -0.12767252230226436, -0.031607606647366455, 0.5744848685297528, 0.09766081546238417], [0.33776891921888724, 0.1493318641612112, -0.41904528683364944, -0.610982203084077, -0.13989444777785778, -0.5957620687908608, -0.2616776061169125, -0.10906474754830335, -0.7612214704080822, -0.3938778697312085, 0.3790530431156855, 0.36569484219797815, 0.6764282622402757, 0.4176582299104425, -0.04529149857393573], [-0.5217798262376223, -0.5587932996811774, -0.4882117809953465, -0.42770380066918606, -0.021212314866203265, 0.2921442764154007, -0.1434435959653499, 0.44853177622029844, 0.1388260523066877, 0.7347915980069155, 0.21343475203122547, 0.5485810305781998, 0.011950891170117377, -0.03226938122910259, 0.0019482786114038957]], "inverted": false, "swapped": true, "error_lsq": 0.0399609569098998, "error_max": 0.3114935301599948, "target": "95.xyz", "model": "8.xyz", "model_rescale": 4.019505241142653, "target_rescale": 4.248354714473481},
{"mapping": [5, 10, 13, 1, 3, 0, 12, 4, 2, 14, 11, 7, 15], "R": [[0.4550119853557373, 0.6154668857058583, 0.6435562180432745], [0.8580321117589216, -0.49635323844672935, -0.1319634717411219], [0.23821206596886738, 0.6122368620746192, -0.7539370241232802]], "T": [-0.038883400726953926, -0.11645778019295405, 0.06288354968553303], "aligned_model": [[-0.2077053251573192, -0.7902360431605123, -0.006912987650075947, 0.26775973194428704, 0.3002173369101201, 0.6933347861799011, 0.2823548742346984, -0.2184061145600978, 0.289669767767019, -0.24806474762388522, -0.3190186533644209, 0.3562029665188128, -0.07949482029735075], [-0.6676814211755921, 0.1163731229485446, 0.2851228103325954, -0.3963601921699581, -0.6386463410363628, -0.07977779196968719, 0.578534953093617, -0.8256430463924642, -0.4032026224727994, 0.29543544077058215, 0.5789474080881698, 0.2502895528378128, -0.030013644740399414], [-0.3012414051314819, -0.07767893698351772, -0.5285563944934875, -0.6138428560710901, -0.10214272164313568, -0.033866960679163366, -0.051603015534111035, 0.3414711468397116, 0.584766946081969, 0.5171521336754321, -0.09332032025656686, 0.5078521269990902, 0.02771375124023022]], "inverted": true, "swapped": true, "error_lsq": 0.048471751280454035, "error_max": 0.31541762905548437, "target": "95.xyz", "model": "9.xyz", "model_rescale": 3.877068213659057, "target_rescale": 4.248354714473481},
{"mapping": [8, 11, 2, 9, 14, 10, 6, 7, 13, 12, 3, 5, 1, 0, 4, 15], "R": [[-0.46955517894375903, -0.5900223528368801, -0.6568040477036712], [-0.8826691079787302, 0.2965820368543172, 0.3646016199022943], [-0.02032682334077457, 0.750941221779825, -0.6600561352526741]], "T": [0.08034727812380188, 0.0691900663912547, 0.04342764702519436], "aligned_model": [[-0.2655724281861704, 0.28510206820505457, -0.03205553971885186, 0.25333794005625215, 0.6615500581091867, 0.7148886753622434, 0.5681753941812404, -0.6429366999232982, 0.4409330539578739, 0.2678940258364526, 0.010736480215685948, -0.3663860355144561, -0.7354472583748843, -0.20583951394839012, -0.39520988397822565, 0.05175503940932616], [-0.3162978360041646, 0.17111192204229153, -0.5367605350869702, -0.5067727760634674, -0.4394117590057117, -0.01904505565418932, 0.3924236358570502, -0.30832463937062005, -0.1651585343051814, 0.7374893315973445, 0.5076453881220799, 0.7104508067460864, 0.3068677820042897, 0.4797799989777223, 0.02967261769034682, 0.11873280188315272], [-0.5284653234695478, -0.6582437059194268, 0.2894862438242366, -0.2285766523807206, 0.1576601221744235, -0.2611746475954963, 0.23797420669433583, 0.06851755437248289, 0.6858427212423501, -0.23297337551440783, 0.4969390695811637, 0.057900090076884014, -0.1323426232803876, -0.5756677114906468, 0.5234010177100772, -0.02609232771019293]], "inverted": true, "swapped": false, "error_lsq": 0.042971769571883, "error_max": 0.3388240882968289, "target": "95.xyz", "model": "10.xyz", "model_rescale": 4.260839863003843, "target_rescale": 4.248354714473481},
{"mapping": [12, 11, 10, 13, 5, 1, 0, 7, 8, 4, 2, 15], "R": [[-0.8025328833636723, -0.4312003007171785, 0.41231938079770747], [0.12008487620285015, -0.7937106297209104, -0.5963246253303497], [0.5843976331465899, -0.42905679918799866, 0.6887595149565726]], "T": [-0.006320996647451357, 0.03942686395472527, 0.02098074621532145], "aligned_model": [[0.39093400174776494, 0.13957322377254147, -0.26522763790502935, -0.23527857013014086, -0.6384941056228156, -0.5607925832011629, 0.20637475905429806, 0.6728282130127783, 0.12320604737466058, -0.23362220976253853, 0.3617636176876283, -0.0023661069338538057], [-0.09890590704005175, -0.5911679518982846, -0.710029125632013, -0.17019824599964084, 0.21590802776966217, 0.4460457380244906, 0.6162457629565479, 0.15477368427366103, -0.42602832686366116, 0.3030716489571374, 0.4771788522393537, -0.04381565125426753], [-0.6289181789693506, -0.3883221236876422, 0.11988426583644449, -0.6237874511945515, 0.20576950770792116, -0.37595293873482316, -0.38998157479456996, -0.0975322941021249, 0.6213632737094275, 0.7221289343482348, 0.38897392818810206, -0.03744727091156322]], "inverted": false, "swapped": true, "error_lsq": 0.04859893179924274, "error_max": 0.22808380662023287, "target": "95.xyz", "model": "11.xyz", "model_rescale": 3.890672605050136, "target_rescale": 4.248354714473481},
{"mapping": [8, 4, 5, 10, 6, 12, 2, 11, 14, 0, 1, 3, 13, 15], "R": [[0.6613358289252561, 0.6591103630659622, 0.35806207657164685], [0.6238309427912482, -0.21824435003697829, -0.7504694254219284], [-0.41649715028548145, 0.7196825223499543, -0.5555062473348799]], "T": [0.009549648475684472, -0.030922812758386677, 0.07088004917833116], "aligned_model": [[0.4393510680542965, 0.23356794477876092, 0.38014990059209536, 0.7095470188799764, 0.7835102531784726, -0.39228970701489, -0.39488053187504674, 0.1832677969545745, -0.0062030179016420856, -0.655461170568602, -0.026739928871486837, -0.159343810179973, 0.07424626445435299, 0.04115375431280516], [-0.4826939586189369, 0.27407581764426037, 0.5336204776195752, -0.3727234258064621, 0.16829458713804316, -0.37343672580321136, -0.011531545530445272, -0.5500364047873579, -0.6703920346684202, 0.2421811521528983, 0.6722261642087564, 0.5657851759988245, 0.02501698996412269, -0.08823374968388163], [-0.3819538504020259, -0.6143752567030626, -0.023362476718942232, 0.24885436686265255, -0.11902619655767877, 0.6370297237228908, -0.47555592741231345, 0.6064235750502217, -0.03209458603490853, 0.2441555261877246, 0.4377568432922109, -0.10324188897713218, 0.7813555040125665, 0.14882507903465786]], "inverted": false, "swapped": true, "error_lsq": 0.04582377328374488, "error_max": 0.3095508449258664, "target": "95.xyz", "model": "12.xyz", "model_rescale": 4.124412569039231, "target_rescale": 4.248354714473481},
{"mapping": [14, 4, 5, 7, 10, 11, 2, 12, 3, 0, 13, 1, 15], "R": [[-0.41279740167994106, -0.8345768915696141, 0.3648009282119361], [-0.7724915648147312, 0.5329891356852766, 0.34522364277602713], [-0.48255060610922196, -0.1392982171438768, -0.8647201392613452]], "T": [0.09068330587799102, 0.1284316648202301, 0.08350235427862478], "aligned_model": [[-0.20850595315256482, -0.08034151309940794, 0.484915135631661, -0.48283860039332505, 0.5684255836291969, 0.3678445381013703, -0.5275885655516401, 0.05027938136365649, 0.07213848539206034, -0.16505574779168797, 0.603573081030736, 0.542684008831464, 0.14176847351823846], [-0.36747298605887385, 0.7498784395169926, 0.6741451929846691, -0.20237488583416996, -0.23081838391678727, -0.5853876160597247, 0.41113208004670543, -0.47040607497740133, 0.7233386819457854, 0.24966181657229441, -0.18614832026125605, 0.5415307266049665, 0.0404067059452773], [0.37391098411379325, 0.5277293383502423, 0.1917305246152567, -0.14062601906161482, 0.6137858199266722, 0.09386913969617336, 0.10227565354865271, -0.405452640087087, -0.16276092795865965, -0.5996889386718628, -0.30389124027288145, -0.4218475531868772, 0.08266393995603143]], "inverted": true, "swapped": true, "error_lsq": 0.04196888406805745, "error_max": 0.2369956347690351, "target": "95.xyz", "model": "13.xyz", "model_rescale": 3.9028299243045295, "target_rescale": 4.248354714473481},
{"mapping": [7, 10, 3, 4, 0, 5, 8, 6, 2, 13, 12, 11, 9, 14, 1, 15], "R": [[-0.759135849188816, 0.6389981346658612, 0.12407314927060278], [-0.6505717504549736, -0.7384626889536252, -0.1772829786903773], [-0.02166010125384485, -0.21530035048027962, 0.976307635480099]], "T": [0.07285116080251039, 0.046720147125666536, 0.05268266412059652], "aligned_model": [[-0.3779026113758439, 0.08415084274635064, 0.008486059822168227, 0.4243789775095175, 0.6285757089348449, 0.5286677196379461, 0.7337443744764197, -0.49310123600580424, 0.19173255648987036, 0.3776091025901199, 0.23089695143058914, -0.4265108151098832, -0.6351367874415007, -0.2881002206799632, -0.35557505554868507, -0.020990191787106094], [-0.3767019720007541, 0.0983079500076524, -0.5716105692182044, -0.3639529212681706, -0.530005260808984, 0.20734258309327253, 0.17222916723796716, -0.25589621647843885, -0.13980946702222002, 0.675207894191934, 0.6880667598959703, 0.5839357788391902, 0.07502157773508743, 0.6641630075788382, 0.20862696616438986, 0.027477871482529455], [-0.6092559295107507, -0.6906635659974768, 0.09973268260748824, -0.35614382579890963, 0.2666322836352201, -0.11623604831354067, 0.4321227852831408, 0.2330419812494567, 0.7549815224145924, -0.3278131972237565, 0.27162635394446305, 0.1415289943398898, -0.2616381125238335, -0.46840184636138993, 0.5135903716223986, -0.008919791051865467]], "inverted": true, "swapped": false, "error_lsq": 0.039522551295885604, "error_max": 0.25462052737111723, "target": "95.xyz", "model": "14.xyz", "model_rescale": 3.942246331269136, "target_rescale": 4.248354714473481},
{"mapping": [9, 10, 6, 14, 7, 8, 3, 5, 1, 4, 2, 0, 11, 12, 15], "R": [[0.24268696714294458, 0.8076839862650977, -0.537354272626431], [-0.7023774220520467, 0.5283689294090892, 0.47696145696126635], [0.6691554325943115, 0.26167317930199546, 0.6955272491164565]], "T": [-0.031851522291834286, -0.001272721279566875, 0.021779204890646477], "aligned_model": [[-0.7123878109864451, -0.39141571537356246, -0.34667754460932154, 0.2981877675399617, 0.4529234483703113, 0.27662534004445705, -0.03752978829006502, -0.3575476964656022, -0.5654433701014268, 0.27424020613192257, 0.5887161578369859, 0.06267939054884288, -0.33938822653961337, -0.14201056099791937, -0.08667756057631601], [0.05475873518862541, -0.42355236814457653, 0.2155477721723684, -0.5412436267550448, -0.3085957627926572, -0.25177939761273205, 0.6228043104080256, 0.5314931001545032, 0.49194502723621, 0.5439701051997622, 0.2613126568619547, 0.21323338654589152, -0.7022940376888855, -0.5224354817946009, -0.0870197290971933], [-0.3045535570662574, -0.5534532057967312, -0.7052974220985267, -0.11706709924754441, 0.42070232359868437, -0.6385036130205614, 0.18115137744789825, -0.2521147689519199, 0.341701057525672, -0.44917865928407436, 0.11384842939922085, 0.7231354569139182, 0.043088219969036966, 0.5835357940651476, 0.022368146906553237]], "inverted": true, "swapped": true, "error_lsq": 0.033944617193104216, "error_max": 0.22967771522212513, "target": "95.xyz", "model": "15.xyz", "model_rescale": 4.355366556412066, "target_rescale": 4.248354714473481},
{"mapping": [11, 13, 12, 8, 14, 10, 2, 6, 0, 9, 3, 15], "R": [[-0.045052853919502645, 0.08665473395381737, 0.9952191705534523], [-0.7841770607489952, 0.6141257028605972, -0.08897167235162279], [-0.6188994892135353, -0.7844364717230905, 0.040284538992700236]], "T": [0.02152964744168532, 0.10818938515097981, -0.14378350011800903], "aligned_model": [[-0.2046167424653286, 0.37626506032544804, 0.1708474034048449, -0.7156447332381561, -0.5286758103496921, -0.43443916312873454, -0.06567380843056642, -0.20684050830678238, 0.5752292922333421, 0.1527665280750636, 0.47791762901193885, 0.0006734075004035806], [-0.5934432516738848, -0.43243157050334974, -0.6040600934371276, 0.28983718994016405, -0.16570601188058093, -0.12561162217809943, 0.5070488922515097, 0.48714375426680045, 0.02153604793531219, 0.05326289146427603, 0.5580570107242235, 0.017143190831737043], [0.06366104167006456, 0.16278142730067682, -0.4078308258805782, -0.011635943963305001, -0.34879099624198845, 0.46934647645063676, -0.6876940804667099, 0.5483202712301871, -0.6262329363660281, 0.5995348686335698, -0.2088450349114897, -0.10335580624561483]], "inverted": true, "swapped": true, "error_lsq": 0.04286327849093829, "error_max": 0.2328512790583705, "target": "95.xyz", "model": "16.xyz", "model_rescale": 3.795458400668931, "target_rescale": 4.248354714473481},
{"mapping": [5, 4, 8, 1, 10, 2, 3, 9, 13, 7, 14, 11, 15], "R": [[-0.40211381645084904, -0.6114298025321244, -0.6815116104622583], [0.4899555824067105, 0.4851014430642235, -0.724306645838287], [0.7734649351378733, -0.6251641276597177, 0.10450745236407782]], "T": [-0.1614478695229278, 0.12564660805441677, -0.01838005683230225], "aligned_model": [[-0.0355687315406939, -0.004455765291808217, 0.45697226395751356, -0.5105492176413685, 0.5934326835723198, -0.4803781710055022, -0.5323073101921856, 0.26603570549348965, -0.19975566857113233, -0.5185055181168396, 0.08706763821227748, 0.1449199536622063, -0.11827606163405388], [-0.3848804528481925, 0.1879266629907561, 0.5441347006293619, -0.5839204389238739, 0.013209951267999148, 0.5658256379116138, -0.1576743478171401, -0.4950779569188749, -0.32972838292088547, 0.6755269130896585, 0.6634202538021055, 0.15158710709460832, 0.11343161811334887], [-0.452490515096112, -0.7827476842412852, -0.20892985082881943, -0.08892687729680042, 0.21828887686511006, -0.4271072922913713, -0.4623354428801282, 0.05032979253810588, 0.5323071644612049, 0.2239737431792192, 0.2439410367150363, 0.6829968975009575, 0.07297518221117803]], "inverted": true, "swapped": true, "error_lsq": 0.04932663309920739, "error_max": 0.3135148372501269, "target": "95.xyz", "model": "17.xyz", "model_rescale": 3.7474275329858107, "target_rescale": 4.248354714473481},
{"mapping": [8, 7, 2, 11, 6, 9, 4, 0, 10, 3, 13, 12, 1, 15], "R": [[0.35649509703221083, -0.8421631768493373, 0.40456449343834755], [-0.6024782375275323, -0.5381734016485417, -0.5893974576325862], [0.7140946849667159, -0.033623999123687354, -0.6992411655396279]], "T": [0.09645960508297378, -0.008121581854539622, -0.01256471717175505], "aligned_model": [[0.418600424301295, 0.21574660030334847, 0.7041328922921305, -0.5115573476138707, 0.167848973144913, -0.32960110775538093, 0.7597395720919332, 0.07079908435423556, -0.23501170524780052, 0.3576514001391184, -0.6048628849473725, -0.423005526568101, -0.18436788147224126, 0.008735154860669461], [-0.5921357307978469, 0.4567488052678711, 0.2810095745915766, -0.16879736229861875, -0.7540071858350804, -0.49122189630622437, -0.2989245081658085, 0.7164137095740993, -0.7119270107109055, 0.23121698456816095, 0.07550978430835631, 0.4244827545456922, 0.22628601605469564, -0.034245693284734084], [-0.3986187749673847, -0.5207576083194396, -0.11089283583753226, -0.4495572382237527, 0.32407336166848255, 0.38473692015555244, 0.2845489635600856, 0.13317376497828493, -0.19500244393919264, 0.5253941756708459, 0.10251284424227836, -0.38982532651722546, 0.6920791646087919, -0.057070248418139256]], "inverted": false, "swapped": true, "error_lsq": 0.04236259065165989, "error_max": 0.22140471422588043, "target": "95.xyz", "model": "18.xyz", "model_rescale": 3.922800546911778, "target_rescale": 4.248354714473481},
{"mapping": [11, 12, 13, 10, 3, 14, 0, 6, 2, 9, 1, 5, 8, 4, 15], "R": [[0.6315882283549356, 0.3996338563347937, -0.6643711994619088], [0.12535583879061504, 0.7930042261929131, 0.5961796800640564], [0.7651027535465909, -0.45982287688974427, 0.45075569702918233]], "T": [-0.029104859612219938, -0.031217181347990203, -0.012076911304083874], "aligned_model": [[-0.15939436345509606, -0.26021002880639355, 0.32427718065480177, 0.07591548933680485, 0.3080774467, -0.5916327852118978, -0.03568760366027364, 0.39961584360703506, -0.4078210974447592, 0.589851575551568, 0.6655201051779177, 0.5527229118125608, -0.38070232608865995, 0.04609252998641648, -0.030574041272406385], [0.4928903715024264, -0.0685531786364067, 0.12452317232049681, 0.7608054463475395, -0.5257498843820246, 0.28336441199460305, -0.691535224376117, 0.45908921024041016, -0.4753388948467817, 0.4032818050766157, -0.3735223410981292, -0.051472814552609936, 0.4809742153685952, -0.141492250006726, 0.04034746008268705], [-0.5550315161072629, -0.7499878316159333, -0.6145355085749419, 0.0009507106222995301, 0.22593437311366243, -0.07820982153853022, -0.3449226797334766, 0.48848794285738734, 0.3370104464398867, -0.04150135753385611, -0.18716927319341947, 0.3428899617832147, 0.44391011023266963, 0.7592647495016112, -0.08443113908998184]], "inverted": false, "swapped": true, "error_lsq": 0.03231020817333594, "error_max": 0.2077552493488222, "target": "95.xyz", "model": "19.xyz", "model_rescale": 3.9282355846067225, "target_rescale": 4.248354714473481},
{"mapping": [12, 13, 1, 11, 14, 9, 10, 5, 8, 2, 0, 7, 3, 15], "R": [[0.8481496989995657, -0.1533914771252396, -0.5070632532853108], [0.4781504505214973, -0.19041040221693495, 0.8573890746876089], [-0.22806629464485823, -0.9696468086230792, -0.08815232143308836]], "T": [0.0029532454685019596, -0.027525517976615912, 0.1000545557894231], "aligned_model": [[-0.5349095202317029, -0.05557131398501005, 0.5892456035344492, -0.535745125442567, -0.5857843905064115, 0.3526373369963265, -0.1570153955666453, 0.6556506849994386, -0.22112504116041107, 0.008142852196595697, 0.043951767750250066, -0.5208746326917432, 0.5504072023602822, -0.05648720916817485], [-0.5835173627378707, -0.5895473464708761, -0.5571414736057149, -0.21857095861374276, 0.24244270322364042, -0.08245540919827081, 0.2800470000926651, 0.06209970371305777, 0.6914655110907747, 0.209258158916232, -0.5822075096393811, -0.13998691003120994, -0.15128025953771485, -0.05772375977675316], [0.07017452785148283, -0.3390315699380688, 0.021937914093804217, -0.4096213112407687, 0.08338232456026645, -0.5688744232908228, -0.6198815631975697, -0.07569725596185758, -0.06342568979138977, 0.7375799489110721, 0.5873907491147202, 0.5489985033200323, 0.4160969621133844, 0.0231540406993975]], "inverted": false, "swapped": true, "error_lsq": 0.04815380499246284, "error_max": 0.3236805839928204, "target": "95.xyz", "model": "20.xyz", "model_rescale": 4.067790424073018, "target_rescale": 4.248354714473481},
{"mapping": [14, 9, 7, 2, 12, 13, 0, 10, 11, 6, 5, 3, 4, 1, 15], "R": [[-0.7624560113788775, 0.21346352244624367, -0.6108143378286525], [-0.29177471213444744, -0.9560130332049618, 0.030109760894252838], [-0.5775191322121488, 0.2011775457825519, 0.7912011419366355]], "T": [0.08107044598821492, -0.05103843766814806, -0.03821691100455895], "aligned_model": [[0.114539657427179, 0.17320371411022978, -0.22637175962175718, 0.28971282020136035, -0.6336286305492215, -0.4535278009372593, -0.4291403006652118, 0.3225798530624321, -0.2849753339401435, 0.6983465922121553, 0.40927359390260776, 0.16194708893474893, 0.7863728308923923, -0.19252776589855383, 0.03263939477655662], [-0.12131506588070469, 0.6561423895985811, -0.5490168963596519, -0.6983315527770926, -0.04587671356217412, 0.4156587354856156, -0.49126674903012557, 0.6227451792796612, 0.40450879257035055, 0.46608662048620064, 0.19275941254746504, -0.29218783815588134, -0.26995849274156347, 0.13062306892554787, 0.02032424954161878], [-0.6814227996422849, 0.2150990464914195, -0.4204349424394953, -0.034745405414401194, -0.33569747984571585, 0.05391749366673474, 0.2663049829600376, -0.39344596279445887, -0.5331421504722219, 0.12401380666237058, 0.5074758864523528, 0.5535683615736517, 0.22140926487098353, 0.6846088735159754, -0.09225940196380653]], "inverted": true, "swapped": true, "error_lsq": 0.03284398809117533, "error_max": 0.1859305757076337, "target": "95.xyz", "model": "21.xyz", "model_rescale": 4.186013935880536, "target_rescale": 4.248354714473481},
{"mapping": [12, 14, 7, 1, 9, 0, 13, 10, 2, 8, 6, 3, 15], "R": [[0.17088612353299004, 0.7190915366422046, 0.6735764950719562], [-0.23655083414621486, 0.6935800887048562, -0.6804339522811116], [-0.9564735415308664, -0.04305836134500424, 0.2886249155386371]], "T": [0.03770639420783429, 0.029711699755073935, 0.01483137587824104], "aligned_model": [[0.13925387943105663, -0.29725403013731105, 0.29286344436033734, 0.4321158607110901, -0.358491750871031, 0.7277341070498458, -0.03605300084044993, -0.7448284706141283, 0.42285119763092005, -0.5366650184294597, -0.47881711332275156, 0.5218120718745627, -0.02594714141945583], [-0.4272159106855964, 0.2664597314506109, 0.20721548198708878, -0.4750280517901785, -0.40275207054340967, -0.15921399374791917, -0.6790097202501442, -0.11151798369351251, 0.5818254737819111, 0.5426411316238787, 0.12865200050132664, 0.08290761602673419, -0.036007045114696594], [-0.6017895524878724, -0.4866909978762388, -0.6112526166626087, 0.48388676198515757, 0.49312454234195885, -0.17230064669803008, -0.051227582920219075, 0.09352189156627401, -0.08194635638407861, -0.014931812473855586, 0.6458474258163446, 0.4363948478646285, -0.029756342736114706]], "inverted": true, "swapped": true, "error_lsq": 0.05299126451625897, "error_max": 0.2812063650882619, "target": "95.xyz", "model": "22.xyz", "model_rescale": 4.166573947596378, "target_rescale": 4.248354714473481},
{"mapping": [8, 10, 0, 7, 5, 10, 13, 4, 6, 14, 12, 11, 3, 9, 2, 15], "R": [[-0.291156907417723, 0.8292556123827104, 0.47703541230680513], [0.9119490990467618, 0.08989583395955258, 0.4003343350057753], [0.28909599791548, 0.5515921213800036, -0.7824127015972839]], "T": [-0.05352208290449872, 0.11295239646710165, 0.033595579345937335], "aligned_model": [[-0.3898821699394103, 0.5105003049051977, -0.03575842904433892, 0.3769189609205334, 0.5974081627165183, 0.5105003049051977, 0.7900797551137275, -0.572045716314111, 0.13226644414463054, 0.46327056200144284, 0.09180251107151768, -0.4920444759592698, -0.6501454779455258, -0.2420947756169537, -0.44762160975192716, -0.03222897551818919], [-0.26839630398599246, 0.09713962508537549, -0.7033718756167895, -0.3793758380647614, -0.33257327234874023, 0.09713962508537549, 0.11426950098319605, -0.40761095282931203, 0.13324129329254059, 0.6689830224140634, 0.6724456165619928, 0.7544723934547902, 0.18110247943703736, 0.4590224266861057, 0.010871085927166457, 0.06504432334801165], [-0.5953036182475951, -0.458918314280178, 0.026186244270756207, -0.25575380275772547, 0.29600494458145027, -0.458918314280178, -0.038149406706806874, 0.03285104621181868, 0.7712802110479849, -0.18941354244148484, 0.3421882790048447, 0.16866419776204772, 0.004912087630777065, -0.41931174012404626, 0.5693886440324579, 0.07847774261100401]], "inverted": false, "swapped": false, "error_lsq": 0.04606170060349187, "error_max": 0.37880105982124, "target": "95.xyz", "model": "23.xyz", "model_rescale": 4.274766983524099, "target_rescale": 4.248354714473481},
{"mapping": [9, 3, 1, 13, 0, 12, 11, 7, 8, 2, 15], "R": [[-0.6131055487573955, 0.10051108173982562, -0.7835809521232525], [-0.3555769452091382, 0.8506131032127431, 0.38732723203839536], [0.7054549043834274, 0.5160957964276376, -0.48577619002076683]], "T": [0.10540176869099008, 0.11219321011154657, 0.038439726125882104], "aligned_model": [[0.17418167054405168, 0.023992613422477188, -0.326137356739885, -0.40684915664623345, -0.48912512875669134, -0.5127135219342904, -0.10020479191417012, -0.12764579698656517, 0.8002555636101679, 0.26809637193011276, 0.07604423742910132], [-0.18836069899928895, 0.7020897935329958, 0.41994701180373784, -0.26606794078372, 0.5170885097762044, -0.24901475271558562, -0.6227841319779913, 0.13220875853942643, -0.1558683869281933, 0.6113243739165518, 0.0150239950793465], [-0.6527179322197966, -0.20711768849752088, -0.5526572033701299, -0.28806873744617423, 0.21004135942158036, 0.3330214589654576, 0.10166973082749692, 0.6971369924159321, 0.23644516289977224, 0.47079446003234404, 0.0310188309926157]], "inverted": true, "swapped": true, "error_lsq": 0.048582998497614875, "error_max": 0.2718191645577677, "target": "95.xyz", "model": "24.xyz", "model_rescale": 3.7841303162186577, "target_rescale": 4.248354714473481},
{"mapping": [10, 9, 11, 14, 13, 12, 5, 7, 3, 2, 4, 1, 0, 8, 6, 15], "R": [[-0.5123132537583626, -0.0686696241479273, 0.8560488378257998], [-0.47316636568123815, -0.809287506305475, -0.3480909687508065], [0.7166929052331472, -0.5833851342443074, 0.3821165590905778]], "T": [-0.04121616217059617, 0.06150222464754332, -0.06481555585000312], "aligned_model": [[-0.3145936021815968, 0.2675975644057917, -0.12276100008608734, 0.4190368029435215, 0.47534205874797913, 0.7111848582928743, 0.681675440515344, -0.6029730786100953, 0.3696488279045235, 0.3750700962297037, 0.07239544070672502, -0.4723656582057637, -0.7450890715004791, -0.21522185856768794, -0.2407968498205245, -0.0472245950851877], [-0.4601330241755185, 0.09945280961918801, -0.6027051424854468, -0.38871819525449647, -0.4892571921667881, 0.02213959246987013, 0.4439047021180339, -0.252420336010019, -0.012369426334744749, 0.6649211170141845, 0.5998686781071995, 0.658490588559258, 0.2275815517656717, 0.556044148895984, 0.040283637586117686, 0.05531963972156538], [-0.573162433243317, -0.5601281277724588, 0.3114909442510231, -0.5282459647761498, 0.13971235535728097, -0.15150577456993417, 0.2522567094685947, 0.028390414145722076, 0.6241944779991958, -0.24197203845596524, 0.439127207109515, 0.0388733983632544, -0.20013197749597206, -0.33796036436899346, 0.6292620860052347, 0.003983746298096502]], "inverted": false, "swapped": false, "error_lsq": 0.035188140174057296, "error_max": 0.22594677204199118, "target": "95.xyz", "model": "25.xyz", "model_rescale": 4.19342608120988, "target_rescale": 4.248354714473481},
{"mapping": [11, 13, 12, 8, 14, 10, 2, 6, 0, 9, 3, 15], "R": [[-0.045052853919502645, 0.08665473395381737, 0.9952191705534523], [-0.7841770607489952, 0.6141257028605972, -0.08897167235162279], [-0.6188994892135353, -0.7844364717230905, 0.040284538992700236]], "T": [0.02152964744168532, 0.10818938515097981, -0.14378350011800903], "aligned_model": [[-0.2046167424653286, 0.37626506032544804, 0.1708474034048449, -0.7156447332381561, -0.5286758103496921, -0.43443916312873454, -0.06567380843056642, -0.20684050830678238, 0.5752292922333421, 0.1527665280750636, 0.47791762901193885, 0.0006734075004035806], [-0.5934432516738848, -0.43243157050334974, -0.6040600934371276, 0.28983718994016405, -0.16570601188058093, -0.12561162217809943, 0.5070488922515097, 0.48714375426680045, 0.02153604793531219, 0.05326289146427603, 0.5580570107242235, 0.017143190831737043], [0.06366104167006456, 0.16278142730067682, -0.4078308258805782, -0.011635943963305001, -0.34879099624198845, 0.46934647645063676, -0.6876940804667099, 0.5483202712301871, -0.6262329363660281, 0.5995348686335698, -0.2088450349114897, -0.10335580624561483]], "inverted": true, "swapped": true, "error_lsq": 0.04286327849093829, "error_max": 0.2328512790583705, "target": "95.xyz", "model": "26.xyz", "model_rescale": 3.795458400668931, "target_rescale": 4.248354714473481},
