[{"mapping": [9, 0, 1, 12, 4, 2, 8, 3, 5, 6, 10, 11, 13], "R": [[-0.24382160334525338, 0.06963667929633169, 0.9673167829820435], [-0.8653860401561873, -0.4658680457451225, -0.18459134718727832], [0.43778765085934507, -0.882109798636315, 0.1738513040067745]], "T": [0.058192892705644116, -0.08780450995103764, -0.042946403162517105], "aligned_model": [[-0.5376056771341182, -0.13800968223836307, 0.47509533223398825, 0.10417045635734781, -0.6877803556541882, -0.3870779285557788, -0.2089857243159912, 0.172346744409957, 0.6800752845733452, -0.01625252476591544, -0.21327653486269046, 0.14726703246584846, -0.0586947529740739], [0.22489571314929555, -0.22808381575573503, -0.09526447616294804, 0.35970246096408076, -0.47186080762423765, -0.6683493020147725, -0.011857744221250313, -0.5970937033312628, -0.13320055888129997, -0.652610583330539, 0.878364759316995, 0.4081410851997225, -0.0030160827412109015], [-0.33274945078990525, -0.7759120916697759, -0.4419211119379033, -0.40728605595457135, 0.4146876204416229, -0.27950482205847693, 0.6874143344215148, -0.0711194655612282, 0.3855425113592309, 0.46695384539475493, 0.04788430562818782, 0.43992584197051865, 0.03247284606561977]], "inverted": true, "swapped": false, "error_lsq": 0.045056096562363965, "error_max": 0.31832496651749814, "target": "950.xyz", "model": "0.xyz", "model_rescale": 3.8414455957264533, "target_rescale": 3.9866917977941236},
{"mapping": [0, 11, 12, 13, 3, 1, 2, 10, 6, 5, 7, 9, 14], "R": [[0.9272970004053505, 0.3616572182702529, 0.0965625678628224], [-0.1567677314516216, 0.14095646093608064, 0.9775250147673397], [0.3399178598055003, -0.9215939087219479, 0.18740468508511296]], "T": [-0.02631813425188375, -0.01311205568981412, 0.05117503052146841], "aligned_model": [[-0.5961907000493065, -0.13380641637374213, 0.362470824334747, 0.16423636519909804, -0.5101698783740038, -0.5864135105828903, -0.143218965437225, 0.34639849445382587, 0.4768635656081112, 0.006677207081401237, -0.2835837572115231, 0.2823552782212457, -0.05434683733037042], [0.313657551249946, -0.18338324985443605, -0.32989054607692236, 0.462288162368829, -0.613141959861391, -0.5284978535173193, 0.05926161831925013, -0.5870983411045536, -0.12805620913765922, -0.4931038991017235, 0.548000275792878, 0.5795408989421846, -0.0898095034522449], [-0.25539348097158054, -0.7769067237602084, -0.5239632811708242, -0.507869347008715, 0.1898418464865243, -0.36012600276081735, 0.7762274249020654, 0.05300785687151605, 0.6373688485525073, 0.5015547843857276, 0.229843306486643, 0.18898968791173557, 0.013813387385014995]], "inverted": false, "swapped": false, "error_lsq": 0.05075656264053431, "error_max": 0.3232430250369713, "target": "950.xyz", "model": "1.xyz", "model_rescale": 4.316132596720782, "target_rescale": 3.9866917977941236},
{"mapping": [3, 0, 1, 8, 2, 11, 7, 6, 5, 10, 4, 12], "R": [[-0.9708540904882894, -0.16884873385547183, -0.1700953851742031], [-0.05851959943345074, -0.5212207314392887, 0.8514131814812603], [-0.23241727875591553, 0.8365518837426028, 0.496148318895064]], "T": [-0.09204374404476312, 0.0020394830863314246, -0.01574497937061306], "aligned_model": [[-0.20815408847680159, 0.4062524347340807, 0.21636785628494004, -0.7378012412684105, -0.3546243171104393, -0.44381026956213915, -0.29496172691128264, 0.04051062613609982, 0.4605608652808715, 0.09789989079697203, 0.5196019779133615, -0.10403345318547141], [-0.7454661456871309, -0.30571458626699566, -0.5325477448003227, 0.36195640909696924, -0.24522639441534888, 0.04075562354890028, 0.2781241485844673, 0.6060083500888261, 0.10886173899802512, -0.11916649709695962, 0.45882920572379415, 0.10636231996675605], [0.12833390811522297, 0.13863874948753405, -0.5234059888065379, -0.09416994114272631, -0.5005351329209455, 0.4419383693278397, -0.6897492761403959, 0.5240310930412251, -0.6250553394543461, 0.7521390646495366, -0.0004641584374659169, -0.10244288650951983]], "inverted": false, "swapped": true, "error_lsq": 0.04888022405856779, "error_max": 0.25455719583501, "target": "950.xyz", "model": "2.xyz", "model_rescale": 3.795458400668931, "target_rescale": 3.9866917977941236},
{"mapping": [7, 5, 1, 10, 8, 11, 0, 9, 4, 6, 2, 12], "R": [[-0.1018391202431619, -0.0755028523187252, 0.9919315061433603], [0.8067575734960133, 0.5771264189586136, 0.12675690966109615], [-0.5820403862232614, 0.8131570671350914, 0.0021384511528509675]], "T": [-0.025661260582665872, 0.12595933082201677, 0.12186886764726937], "aligned_model": [[-0.07348769389828956, -0.23796611460083084, -0.7487726220754233, 0.2032207843027891, 0.2959890282343382, 0.23604905972500118, -0.25809061372558273, 0.49653773998965384, 0.35280597486264414, 0.7485460867535033, -0.45013957855312803, 0.028611774728890052], [0.0013385899201822093, -0.6165210489207658, -0.20578681751477296, 0.25872603816754114, 0.5940890815752499, 0.5979795284779732, -0.19444037042259127, -0.2034771405759671, -0.5301004600280377, 0.05468775774502321, 0.2485982482612792, 0.08067563860459512], [-0.6223505526659526, -0.18093717286168085, 0.04653380354851626, 0.8771180914532274, -0.35780710803017346, 0.3302370920290201, 0.5803081896575076, -0.3030451993393688, 0.21855881495019894, 0.38498596688731346, -0.2903062383572329, 0.005475743367725286]], "inverted": false, "swapped": true, "error_lsq": 0.05456154967084789, "error_max": 0.3522291244718613, "target": "950.xyz", "model": "3.xyz", "model_rescale": 3.7530521520055578, "target_rescale": 3.9866917977941236},
{"mapping": [5, 4, 9, 6, 7, 10, 2, 0, 3, 11, 12], "R": [[-0.6121937051455832, 0.11417973176589379, -0.7824205111281218], [0.26567258029510354, -0.9022903165706558, -0.3395442013967662], [-0.7447395165153147, -0.4157344987810063, 0.522042028062723]], "T": [-0.04230963335982779, -0.03981682637154248, 0.13632249761395326], "aligned_model": [[-0.4515866880499048, -0.15803646340566033, 0.35139478189987233, 0.3616488725662038, 0.19047865337402475, -0.14494783245379816, -0.09984767850624104, -0.5842677584986169, -0.4540836953801509, 0.30233818966993375, 0.02510922122954226], [-0.6312698137350401, -0.07118217935681566, -0.37827815241680485, 0.3981655060935698, -0.7591656883526847, 0.7457292301455183, -0.4889439737988171, 0.18706563252302233, 0.220377989822502, 0.3877759200189005, -0.14307111262900454], [-0.27685739027312556, -0.6177493549471462, -0.4042447168799613, -0.4282094001997136, 0.141525447154104, 0.0231934903387937, 0.5364282877646311, -0.010822754321950762, 0.7327667803632496, 0.3182428015875288, 0.07855758665890698]], "inverted": true, "swapped": true, "error_lsq": 0.04550424577512536, "error_max": 0.2421099976479618, "target": "950.xyz", "model": "4.xyz", "model_rescale": 3.7855080009869324, "target_rescale": 3.9866917977941236},
{"mapping": [4, 5, 3, 0, 8, 10, 13, 9, 14, 15, 11, 12, 16], "R": [[-0.5118527124660381, 0.7884998326745223, 0.3409909303975838], [0.6996294896368254, 0.612947464168377, -0.3671702376283676], [-0.4985231970246469, 0.050630228537968, -0.8653965576465616]], "T": [-0.0911034803569224, -0.011373778365240061, 0.004263364777398653], "aligned_model": [[-0.4518083595044104, -0.20300840863413636, 0.32824488288130077, 0.11967929641344233, -0.5577905272587415, -0.28175021468699724, -0.30381517231396343, 0.3805248105776932, 0.4498871899316328, -0.04132600327539349, -0.2803610082765531, 0.21616495515179807, -0.0433697714663045], [0.44523029740888287, -0.18685685859625648, -0.29126277009322277, 0.3425712173806376, -0.40741036589287327, -0.6796007358312564, 0.09223975975965276, -0.5412523810440479, -0.1402152640864119, -0.6615598454833451, 0.6480024458895299, 0.4186057260158745, -0.028724280860326405], [-0.45225113883776924, -0.7779042772273125, -0.47346637886240955, -0.658131867937888, 0.35163650069488284, -0.21503285060096491, 0.6890155898175316, -0.0566418144957153, 0.389524788684296, 0.5083450918681004, 0.406557798387427, 0.4329462281651802, 0.021790637654229977]], "inverted": true, "swapped": false, "error_lsq": 0.04331997572029693, "error_max": 0.3051878504745452, "target": "950.xyz", "model": "5.xyz", "model_rescale": 4.2253639853439635, "target_rescale": 3.9866917977941236},
{"mapping": [9, 12, 6, 11, 1, 0, 10, 3, 2, 4, 8, 5, 13], "R": [[-0.267009953639309, -0.6188957366721552, 0.7386973343572891], [-0.41810523589807835, 0.7650233798627487, 0.48982368254096187], [-0.8682705202712726, -0.17806542447203808, -0.4630324051677664]], "T": [-0.07996923408685186, -0.08400934378514256, -0.00021575386829655353], "aligned_model": [[-0.6404162822947448, -0.06149258083522724, 0.505691407983835, 0.21262412197940472, -0.6313277642069419, -0.5118954308013313, -0.05448134956905468, 0.3330090399266453, 0.43615711265560886, -0.06420633287938993, -0.451526003055947, 0.3005821013425345, -0.04144637070602446], [0.011680528656832459, 0.020094439501297703, -0.12138915620181061, 0.4719721857985666, -0.2554646586269972, -0.6848441576482066, 0.2117689767445472, -0.6549084260242692, -0.15922737756258712, -0.6100025955086281, 0.5366102190523573, 0.37469405108462783, -0.13121708469889282], [-0.22233955257631757, -0.9276664426162755, -0.2635070945465547, -0.45937526380012006, 0.4528986116450481, -0.30924639372218143, 0.7211565683319544, -0.08104060023188564, 0.4218357283352009, 0.4730642291157755, 0.15025617459454996, 0.21312234185898576, -0.002769999078590615]], "inverted": false, "swapped": false, "error_lsq": 0.049947800324728904, "error_max": 0.28941660752408904, "target": "950.xyz", "model": "6.xyz", "model_rescale": 3.89814844738969, "target_rescale": 3.9866917977941236},
{"mapping": [6, 5, 2, 1, 8, 9, 7, 10, 4, 11, 3, 0, 12], "R": [[-0.9100421133152893, -0.30102152386489983, 0.2849726200228643], [0.014813412306180884, 0.6634265947162155, 0.7480947241085809], [-0.4142510287355836, 0.6850191206041625, -0.599286984339065]], "T": [-0.02287746515858002, -0.05084481166661425, 0.10904834245473836], "aligned_model": [[-0.5415960283145059, -0.13114505471018018, 0.6083381916309244, 0.20955638024807483, -0.6411754887144444, -0.4710382473925657, -0.005916962216058742, 0.294428689864717, 0.5215525704386048, -0.1812261569189454, -0.5262012541501752, 0.10036481310130545, 0.09533021667261667], [0.2052621727779812, -0.141957446682986, -0.08055667016962298, 0.385080332856638, -0.22842422252025765, -0.6546937616797321, 0.18959190952926827, -0.6238321802883285, -0.22712030701042069, -0.7091464206981337, 0.5343096943812321, 0.5240169592521862, -0.16276311518098652], [-0.2412602583302348, -0.6542033989896476, -0.21068880679298052, -0.5770568884797718, 0.3184758459553972, -0.37309711056757433, 0.7199306584424138, -0.22247230914395377, 0.4057277560735764, 0.5527881903243018, 0.34704267885154505, 0.035865881074141834, 0.0653360688923752]], "inverted": true, "swapped": false, "error_lsq": 0.05570512413640398, "error_max": 0.3354586179182195, "target": "950.xyz", "model": "7.xyz", "model_rescale": 3.7474275329858107, "target_rescale": 3.9866917977941236},
{"mapping": [1, 2, 8, 4, 0, 3, 10, 5, 9, 6, 12, 11, 14], "R": [[0.2556759078946124, -0.42728448828982735, 0.8672126591495113], [0.5791244389123984, 0.7859628646570027, 0.2165115692857037], [-0.7741089809430362, 0.44686725260088, 0.44840265852944694]], "T": [-0.05676541448507468, 0.03356657285273967, 0.04737130891437161], "aligned_model": [[-0.7216472210800449, -0.2719123729231038, 0.37184587260835766, 0.26436873089665214, -0.6194116813544, -0.1806546486823104, -0.2796697150872151, 0.32609584813505876, 0.6823506293277124, -0.21950649936686015, -0.24408387902208553, 0.28912659621461345, -0.0656299901270072], [0.13995017646067429, -0.055362564160674366, -0.21197851372522297, 0.2977756044552644, -0.2858033194402617, -0.629551627113947, 0.02673002663278367, -0.5677451195424459, -0.03425786452422944, -0.6575419005412997, 0.5835760085048982, 0.3385738386796382, 0.06540219888166007], [-0.2864198416457522, -0.7615742335758264, -0.42295867193955683, -0.6154199811122324, 0.17245243419604786, -0.19565183300338101, 0.7723059915562738, 0.11710628002387129, 0.21897480410438933, 0.4508840295220429, 0.2548418666724457, 0.4642756628335811, -0.0024282003223144444]], "inverted": false, "swapped": false, "error_lsq": 0.05252911078786071, "error_max": 0.28059309081758765, "target": "950.xyz", "model": "8.xyz", "model_rescale": 4.019505241142653, "target_rescale": 3.9866917977941236},
{"mapping": [0, 3, 5, 4, 1, 2, 9, 6, 11, 10, 7, 8, 12], "R": [[-0.8679496280215215, -0.27731599955063735, -0.412018542799391], [-0.03925949396327459, 0.8653054274653182, -0.49970512237999987], [0.49509810679404764, -0.41754323559637985, -0.7619288097038042]], "T": [-0.05840595458643545, -0.14627291459712674, 0.04470124280116579], "aligned_model": [[-0.5341324437182653, -0.043848354605466835, 0.4649324835366228, -0.023928413834345352, -0.6310666428843779, -0.2954073866925359, -0.011395696922572932, 0.26323684539123116, 0.5033946331734495, -0.16901878816484528, -0.3840560870035078, 0.21387922165029405, -0.021317700386312664], [0.18141712470937724, -0.10240132144053951, -0.1546831150645987, 0.49945101106887346, -0.30671737375159763, -0.4827870544472329, 0.09460213894025146, -0.7977381589841579, -0.09480742556611552, -0.8066768683218217, 0.697244585713904, 0.4226097668721015, -0.1397463651616063], [-0.2535429922624724, -0.8133920897323436, -0.37550212088476703, -0.47438119983131105, 0.3650488879857569, -0.38022312350095483, 0.6827524207549293, 0.03053146703830216, 0.30734344623472704, 0.6690498450822427, 0.08958117151623375, 0.2863005162111152, 0.03282207869813039]], "inverted": true, "swapped": false, "error_lsq": 0.047804432747299334, "error_max": 0.31725970159765987, "target": "950.xyz", "model": "9.xyz", "model_rescale": 3.877068213659057, "target_rescale": 3.9866917977941236},
{"mapping": [7, 1, 0, 8, 3, 5, 13, 12, 10, 6, 2, 9, 15], "R": [[0.2325654968574191, 0.9551301103726388, -0.18341145528841082], [-0.9433469190723638, 0.2674165230332741, 0.19643063275740302], [0.2366640656038452, 0.1273376435636583, 0.9632109034803923]], "T": [-0.05489495186921341, -0.055011233795668794, 0.11169246358026338], "aligned_model": [[-0.47106891051927324, -0.36157122381299706, 0.2985471765118373, 0.2350660834787105, -0.47625586180696416, -0.3208163891021162, -0.38864700542741, 0.2716528656265983, 0.5504450244743762, 0.0487592613939387, -0.31534258924025443, 0.2737898288493867, -0.01328659088646552], [0.4269877374453929, -0.14552071799711455, -0.3582496436094342, 0.4298306047034393, -0.5163702896835859, -0.6172984332168585, 0.06115306848343293, -0.7166637223728588, -0.03979479296291339, -0.4666926438257936, 0.5363223774019665, 0.5090596715891174, -0.0929962713879526], [-0.3989569242397014, -0.6949451921857472, -0.5339786325150179, -0.41383006251054333, 0.22288665342337313, -0.3617146939803213, 0.7992634908824378, -0.005686081997127668, 0.4812093812289735, 0.5589941468246404, 0.26284452742760744, 0.20882964761401263, 0.04147204733700295]], "inverted": false, "swapped": false, "error_lsq": 0.048628823790414485, "error_max": 0.2580861468766191, "target": "950.xyz", "model": "10.xyz", "model_rescale": 4.260839863003843, "target_rescale": 3.9866917977941236},
{"mapping": [6, 9, 7, 8, 2, 11, 10, 4, 5, 1, 0, 12], "R": [[-0.92560929953997, -0.10067089408254261, 0.364846263088644], [-0.21265226262065615, 0.9357634050778602, -0.28129320098325267], [-0.3130917434354379, -0.33795298608195573, -0.8875592033159523]], "T": [-0.09887968671916628, 0.13560242960161356, -0.05115040061998287], "aligned_model": [[0.43465659067588025, 0.19874121256372254, -0.36712344480418546, -0.5243590204595412, -0.5774083516377361, -0.24021749258527997, 0.2522000491852574, 0.6185759330800635, 0.22732006672704516, -0.21705147002992237, 0.24619082686650326, -0.09262625048767664], [0.09054497512635493, -0.5210023448586112, -0.5481475984287068, -0.238171752114602, -0.04874238267125616, 0.39107992062513713, 0.7724252538037122, -0.12142183907846826, -0.3095926109603937, 0.19577615717658237, 0.5105055071896649, -0.00017478027647976901], [-0.6732566039408616, -0.2562457922676057, 0.12832502325450268, -0.532766026529975, 0.26843960477264733, -0.5506176687126898, -0.3852388450809746, -0.004280342872538576, 0.5680725481004216, 0.7369076379012021, 0.2762942630928431, -0.05945572032146692]], "inverted": false, "swapped": true, "error_lsq": 0.04555548512975247, "error_max": 0.28994198421537243, "target": "950.xyz", "model": "11.xyz", "model_rescale": 3.890672605050136, "target_rescale": 3.9866917977941236},
{"mapping": [8, 3, 4, 7, 6, 0, 9, 2, 10, 11, 5, 12, 13], "R": [[-0.4998062579176009, -0.6369986293335821, -0.5868785656109295], [0.31225443594189495, 0.4994986129433768, -0.8080831039579107], [0.8078928590976736, -0.5871404277468723, -0.050746884871943315]], "T": [-0.17454266305653612, -0.18944137284878118, 0.07356416976604445], "aligned_model": [[-0.7013349942804892, -0.14776717506366574, 0.36413368232044496, 0.04903343229393861, -0.6787568900212667, -0.3171616210405113, -0.2733961750481524, 0.36528897755988365, 0.6648759227346058, 0.01448754013863171, -0.28685461634149867, 0.34299172004208844, -0.06426813375464152], [0.09370291146071488, -0.06462464110442936, -0.352130456313811, 0.5172679493678196, -0.3556861899185666, -0.49268475546997204, 0.1719393395717271, -0.6487932534070605, -0.18420815568897772, -0.48473063847073605, 0.5671686243251279, 0.3369538721530124, -0.09440766193801076], [-0.3283191464647103, -0.8411855297263562, -0.3440685646762516, -0.3477905902122773, 0.2975932260631016, -0.41264342320967073, 0.755804875000473, 0.12961578244261854, 0.3816056535131515, 0.4976325555055289, 0.21462982526330981, 0.1745510753295897, -0.01103743151891795]], "inverted": true, "swapped": false, "error_lsq": 0.04387907162531521, "error_max": 0.2360859588017437, "target": "950.xyz", "model": "12.xyz", "model_rescale": 4.124412569039231, "target_rescale": 3.9866917977941236},
{"mapping": [8, 6, 3, 9, 2, 1, 10, 0, 5, 4, 11, 7, 12], "R": [[-0.38099376312872574, -0.9162022626197629, -0.12416588270309858], [0.13040683211267137, 0.0797018018500864, -0.9882518307193704], [0.9153348079229534, -0.39270986332440994, 0.0891131452277007]], "T": [0.08313657672525199, -0.10182073605028359, -0.042436330184804597], "aligned_model": [[-0.5510272188015557, -0.14704959570865703, 0.5251816145551729, 0.11157729474702535, -0.6899785683914222, -0.45517377001729264, -0.1442527895932972, 0.37666727604462896, 0.5915022097581849, -0.10069938092940095, -0.65707246581553, 0.4566248949577952, 0.014972168733716165], [0.14401835301491211, -0.11086794561913514, -0.18829977517579288, 0.45282068459946306, -0.2119215794602102, -0.6459660320186542, 0.25666088682373006, -0.6023357072380918, -0.24427263320391746, -0.5967229803515681, 0.49870540852568107, 0.3327463521371156, -0.07479808746669478], [-0.27111851932307224, -0.6705647317105782, -0.5954923274290251, -0.3589885250254485, 0.32166020965122205, -0.3199109531220177, 0.5612147896223013, -0.052022026193464195, 0.5007190059949739, 0.5402748890381266, 0.2439406667232586, 0.21199557922161366, 0.05468024986169816]], "inverted": false, "swapped": false, "error_lsq": 0.051925131270234334, "error_max": 0.3483138470359065, "target": "950.xyz", "model": "13.xyz", "model_rescale": 3.9028299243045295, "target_rescale": 3.9866917977941236},
{"mapping": [12, 2, 3, 8, 11, 1, 14, 6, 7, 9, 13, 10, 15], "R": [[-0.4941305907846874, -0.8358581976878172, 0.23911510326378393], [0.84998075711969, -0.40668000591943493, 0.3348792100319268], [-0.18266820132966438, 0.3687172984054893, 0.9114164153006808]], "T": [0.03351269589726632, 0.0029882468817626767, -0.12708224424786366], "aligned_model": [[-0.6137598410168162, -0.08177507293798064, 0.5594598785610256, -0.15443547092043503, -0.5502721990381465, -0.36249493875812777, -0.34560126075536474, 0.1550672958138405, 0.6354773546001374, 0.04988765303875189, -0.3290292142766671, 0.30399767580832715, 0.06474980942082266], [0.25286512307902026, -0.23072666585390422, -0.2641655659263259, 0.4625835152858584, -0.29581263760483095, -0.4990308402935395, 0.09033650405165193, -0.6516133100872229, -0.25619746737300275, -0.47507735582441457, 0.6129826275261373, 0.3232770234328755, -0.059654005845464805], [-0.18037482027486978, -0.8157300783965923, -0.3288193171628492, -0.7186520502792878, 0.21316754078249375, -0.24263978467306657, 0.6677092646546426, -0.0934735682528382, 0.4982890622862254, 0.4828608651905957, 0.23225265629055555, 0.4890391539415506, -0.037240616796970966]], "inverted": false, "swapped": false, "error_lsq": 0.04775691639074124, "error_max": 0.3340024091800285, "target": "950.xyz", "model": "14.xyz", "model_rescale": 3.942246331269136, "target_rescale": 3.9866917977941236},
{"mapping": [12, 1, 5, 3, 8, 0, 11, 2, 9, 6, 13, 4, 14], "R": [[-0.8097853519572632, -0.226515213230014, 0.5412379716269109], [-0.5329276459104372, 0.669837990539541, -0.5170156580359144], [-0.2454298432950059, -0.7071123847064986, -0.6631412122729802]], "T": [0.02551948170078406, -0.04885133703877836, 0.1055686464522809], "aligned_model": [[-0.5264579102819066, -0.07844077161673813, 0.4162011173034397, 0.19259063143835548, -0.573715535730697, -0.31132496861372566, -0.2481786772514049, 0.2077394286573144, 0.6493113777199826, 0.01639494902307572, -0.5426558696296259, 0.14495549822077028, -0.015147599699472304], [0.27564476690802886, -0.03407229683572024, -0.19787941948357263, 0.4055797768957369, -0.43417101677651126, -0.6219507757756549, 0.175004533158666, -0.6888194376147964, -0.47912665248969716, -0.3288785489982071, 0.5270265703310083, 0.5142916160882348, -0.10288217084067741], [-0.40246628878945845, -0.6979332399683121, -0.3718599329549176, -0.4255881327704343, 0.4077061392903838, -0.20877246202710684, 0.7293385493979724, -0.268442903925203, 0.37743098203179326, 0.5896046913952826, 0.18601274163195755, 0.2163342964699147, 0.03502386752771697]], "inverted": true, "swapped": false, "error_lsq": 0.05389952876623451, "error_max": 0.33590662630290663, "target": "950.xyz", "model": "15.xyz", "model_rescale": 4.355366556412066, "target_rescale": 3.9866917977941236},
{"mapping": [3, 0, 1, 8, 2, 11, 7, 6, 5, 10, 4, 12], "R": [[-0.9708540904882894, -0.16884873385547183, -0.1700953851742031], [-0.05851959943345074, -0.5212207314392887, 0.8514131814812603], [-0.23241727875591553, 0.8365518837426028, 0.496148318895064]], "T": [-0.09204374404476312, 0.0020394830863314246, -0.01574497937061306], "aligned_model": [[-0.20815408847680159, 0.4062524347340807, 0.21636785628494004, -0.7378012412684105, -0.3546243171104393, -0.44381026956213915, -0.29496172691128264, 0.04051062613609982, 0.4605608652808715, 0.09789989079697203, 0.5196019779133615, -0.10403345318547141], [-0.7454661456871309, -0.30571458626699566, -0.5325477448003227, 0.36195640909696924, -0.24522639441534888, 0.04075562354890028, 0.2781241485844673, 0.6060083500888261, 0.10886173899802512, -0.11916649709695962, 0.45882920572379415, 0.10636231996675605], [0.12833390811522297, 0.13863874948753405, -0.5234059888065379, -0.09416994114272631, -0.5005351329209455, 0.4419383693278397, -0.6897492761403959, 0.5240310930412251, -0.6250553394543461, 0.7521390646495366, -0.0004641584374659169, -0.10244288650951983]], "inverted": false, "swapped": true, "error_lsq": 0.04888022405856779, "error_max": 0.25455719583501, "target": "950.xyz", "model": "16.xyz", "model_rescale": 3.795458400668931, "target_rescale": 3.9866917977941236},
{"mapping": [6, 5, 2, 1, 8, 9, 7, 10, 4, 11, 3, 0, 12], "R": [[-0.9100421133152893, -0.30102152386489983, 0.2849726200228643], [0.014813412306180884, 0.6634265947162155, 0.7480947241085809], [-0.4142510287355836, 0.6850191206041625, -0.599286984339065]], "T": [-0.02287746515858002, -0.05084481166661425, 0.10904834245473836], "aligned_model": [[-0.5415960283145059, -0.13114505471018018, 0.6083381916309244, 0.20955638024807483, -0.6411754887144444, -0.4710382473925657, -0.005916962216058742, 0.294428689864717, 0.5215525704386048, -0.1812261569189454, -0.5262012541501752, 0.10036481310130545, 0.09533021667261667], [0.2052621727779812, -0.141957446682986, -0.08055667016962298, 0.385080332856638, -0.22842422252025765, -0.6546937616797321, 0.18959190952926827, -0.6238321802883285, -0.22712030701042069, -0.7091464206981337, 0.5343096943812321, 0.5240169592521862, -0.16276311518098652], [-0.2412602583302348, -0.6542033989896476, -0.21068880679298052, -0.5770568884797718, 0.3184758459553972, -0.37309711056757433, 0.7199306584424138, -0.22247230914395377, 0.4057277560735764, 0.5527881903243018, 0.34704267885154505, 0.035865881074141834, 0.0653360688923752]], "inverted": true, "swapped": false, "error_lsq": 0.05570512413640398, "error_max": 0.3354586179182195, "target": "950.xyz", "model": "17.xyz", "model_rescale": 3.7474275329858107, "target_rescale": 3.9866917977941236},
{"mapping": [9, 12, 10, 5, 2, 7, 0, 11, 3, 1, 4, 8, 13], "R": [[0.9059520805029917, 0.19082633151080794, 0.3779366865421089], [-0.024750401219206977, 0.9150089571620568, -0.40267359728779556], [-0.42265617879286854, 0.35544889859912737, 0.83367729668792]], "T": [-0.07399924992150982, -0.10426157522783228, 0.012372494470034768], "aligned_model": [[-0.5948001537928376, -0.12902420656873254, 0.526902963512054, 0.08280513742706748, -0.6559444304055623, -0.37632035922103785, -0.26277287024559665, 0.33138890124506976, 0.506031103238946, -0.024688905215751136, -0.2766703878631662, 0.3517368731298604, -0.14737199570094606], [0.11617164972171956, -0.16469710602732948, 0.02352111583672231, 0.4190732470971259, -0.29477667214609793, -0.7147509493968052, 0.15487119053849122, -0.672149225485359, -0.2501884101662547, -0.604698980986279, 0.6930343419034916, 0.39762714417921907, -0.09327040050180706], [-0.34525828960933314, -0.7309690986595668, -0.30231383224023217, -0.461708705875049, 0.37136626679385953, -0.30906794003529586, 0.7846141151800963, -0.1744448638904285, 0.3330893938792264, 0.48739808286757746, 0.1240391967216942, 0.3017008858868444, 0.0879430962901959]], "inverted": true, "swapped": false, "error_lsq": 0.03992053788004787, "error_max": 0.31188255907347084, "target": "950.xyz", "model": "18.xyz", "model_rescale": 3.922800546911778, "target_rescale": 3.9866917977941236},
{"mapping": [8, 13, 11, 4, 5, 12, 0, 7, 9, 3, 1, 2, 14], "R": [[0.9966119007679037, 0.08216090222669829, 0.0037822470940878997], [0.06529829764753849, -0.7624330380031763, -0.6437639279158008], [-0.05000851499614124, 0.6418297661425044, -0.7652148062611823]], "T": [-0.09537140258156948, 0.044466074184763546, -0.04491521198728703], "aligned_model": [[-0.5834115068032035, -0.06640067414522377, 0.48234111744119845, 0.1503792100176481, -0.7728238542275854, -0.4215919008901139, -0.313876188351804, 0.31701475704574755, 0.6346250048319073, -0.021463058350356695, -0.36737780244484397, 0.33168203660978746, -0.037825471193790476], [0.18614367068021725, -0.2664547876797677, -0.09493218704592023, 0.3767273452312625, -0.1480930498478622, -0.6695001489434842, -0.09531423608297686, -0.6378825778270281, -0.08095012653710267, -0.41980620690789405, 0.6034524290473242, 0.28900064554991667, -0.032623825069847415], [-0.3857010235232527, -0.6567180081328013, -0.4374199657720144, -0.6391173857142426, 0.24921550673536763, -0.09437694751914394, 0.7495404249955694, -0.09540275009501281, 0.292900133541736, 0.38883361999629995, 0.35699248568312764, 0.4756202491197166, -0.0379780320057609]], "inverted": false, "swapped": false, "error_lsq": 0.04796975489744292, "error_max": 0.23783239933100314, "target": "950.xyz", "model": "19.xyz", "model_rescale": 3.9282355846067225, "target_rescale": 3.9866917977941236},
{"mapping": [7, 6, 4, 8, 2, 5, 10, 3, 0, 1, 12, 11, 13], "R": [[0.9879125403995357, -0.08137762115539962, -0.1319336776430654], [-0.1550090968726337, -0.5131491680867079, -0.8441860643120391], [0.0009961968010940153, 0.8544329195829292, -0.5195607698093897]], "T": [-0.07646696632707996, 0.013731014428619875, -0.09695448263974162], "aligned_model": [[-0.6786960074023174, -0.18331360407176595, 0.5388569891103616, 0.28009982706525266, -0.6367766414763738, -0.3671801959336983, -0.23182513581868514, 0.30124696194915845, 0.49716643583358455, -0.038495095502019176, -0.5347264857253086, 0.44017214239132263, -0.0552575208801441], [0.12531365375722536, -0.24227424854747, -0.016031877082458568, 0.4646716234723981, -0.35640717349095796, -0.6029256147276559, 0.19116854334478697, -0.6305324796614301, -0.2701327062357919, -0.5877354219340959, 0.6816068986836693, 0.3215685144287884, -0.06852276744017016], [-0.2108284176103271, -0.6884687727361544, -0.23787447800425116, -0.5950852567275527, 0.38029492819025823, -0.24831686930796554, 0.7316673318786836, -0.18975430866635512, 0.3832153791935234, 0.3483510970039373, 0.1613754640931253, 0.29251088971350814, 0.03930132028915874]], "inverted": true, "swapped": false, "error_lsq": 0.047272731085560786, "error_max": 0.3158583378794617, "target": "950.xyz", "model": "20.xyz", "model_rescale": 4.067790424073018, "target_rescale": 3.9866917977941236},
{"mapping": [3, 2, 8, 0, 11, 6, 10, 5, 1, 13, 12, 9, 14], "R": [[0.1457124557130588, -0.889911068672586, 0.4322339298390243], [-0.9133209844226824, 0.04693496172715028, 0.40452674668166755], [-0.38027971240029745, -0.4537129039620623, -0.8059354447566258]], "T": [-0.006003959090213791, -0.12923882198249326, -0.0772086507236673], "aligned_model": [[-0.7291386375990143, -0.21268294772088164, 0.5252358282529535, 0.1243918042193489, -0.5692042680895449, -0.4804619107713505, -0.051545535843792546, 0.3217303401623115, 0.6351628639862716, -0.06874039128947673, -0.36834099336170184, 0.2213255061224915, -0.016459988528246983], [0.18874417584220737, -0.12498890205177907, -0.18963845858338466, 0.3726793522668784, -0.12685206087866044, -0.6297491400555101, -0.01810063629354841, -0.6157866135875988, -0.1080317901508447, -0.5205197740409832, 0.4885100830105532, 0.3970617961625106, -0.10356108707300259], [-0.39297449194657474, -0.7920426631895818, -0.27546118908603084, -0.5625261970683808, 0.24033184951786007, -0.34541748034036657, 0.7332610217639812, -0.011424181161793417, 0.43441666927693384, 0.4999281283056259, 0.1950265984137693, 0.44755689030888096, -0.004286647484734271]], "inverted": true, "swapped": false, "error_lsq": 0.04521514795054715, "error_max": 0.2735919973801909, "target": "950.xyz", "model": "21.xyz", "model_rescale": 4.186013935880536, "target_rescale": 3.9866917977941236},
{"mapping": [6, 3, 11, 4, 0, 5, 1, 8, 9, 2, 7, 10, 12], "R": [[0.004995865765948037, -0.7990615283955201, -0.6012285049492114], [0.8390483304016313, 0.33044645131696626, -0.4322071749314891], [0.5440339516753376, -0.5023005242384675, 0.6721021074020503]], "T": [-0.02660820003432184, -0.08803930447323174, 0.03915603564153558], "aligned_model": [[-0.4524195410144715, -0.3558476899270199, 0.41907332958248944, 0.08036131882451776, -0.7018505380854835, -0.3695736291485304, -0.30748831984582914, 0.5014241701320655, 0.4544443130942028, -0.14230100515722371, -0.2104322282184996, 0.4458528819159078, -0.029971392612758226], [0.16041887082753659, -0.1635491368921739, -0.21541749924226905, 0.4670785665151236, -0.2164742203211243, -0.6996441490603389, 0.00822916636492621, -0.6260221394391777, -0.026611748131577004, -0.7684925474055575, 0.5771768075096806, 0.5931943904634371, -0.08011941662164833], [-0.21931269754701466, -0.8200519009138988, -0.3899229178945937, -0.4169336705708823, 0.2612836978106514, -0.28772774282558755, 0.7077081845046604, 0.17852753933611043, 0.42679748746648616, 0.30989162970088147, 0.28819416706187295, 0.13402758861300024, -0.00609305743209719]], "inverted": true, "swapped": false, "error_lsq": 0.05260922849019319, "error_max": 0.33041719678277043, "target": "950.xyz", "model": "22.xyz", "model_rescale": 4.166573947596378, "target_rescale": 3.9866917977941236},
{"mapping": [1, 6, 12, 2, 7, 13, 8, 14, 9, 10, 4, 3, 15], "R": [[-0.9229930557662811, 0.27882397294326927, -0.26521879857836916], [-0.04395527449835406, 0.6083082563126417, 0.7924828068454529], [0.3822979895984242, 0.7431138926261601, -0.5492085120744203]], "T": [0.004890308861457679, -0.039791162549739044, 0.013581786351038709], "aligned_model": [[-0.5210284260170737, -0.1154581172326924, 0.43778648036873036, 0.007237602095275755, -0.5828518541802153, -0.3021452756444096, -0.16200839664785704, 0.3460950933342807, 0.43746275249987154, -0.17379725276169194, -0.28179874899895635, 0.2932904489403817, -0.051512636216276275], [0.25368711834391994, 0.006395505573359474, -0.2638505894598352, 0.5061632726277473, -0.34777482954389277, -0.8168147656818429, 0.2009797414855229, -0.7532721957719491, -0.12042325982774385, -0.6858873179143259, 0.5969659307118372, 0.46321442625766396, -0.029616092233623163], [-0.3677042530139096, -0.7364120002840316, -0.4243447293297111, -0.3797850705568583, 0.2802179772519464, -0.1234459806105778, 0.7674075845899577, -0.008820747105418, 0.4220284930036148, 0.3476053580467367, 0.24206220487474958, 0.17244458516510663, -0.02486511472201665]], "inverted": true, "swapped": false, "error_lsq": 0.04486486599889391, "error_max": 0.26055414952332584, "target": "950.xyz", "model": "23.xyz", "model_rescale": 4.274766983524099, "target_rescale": 3.9866917977941236},
{"mapping": [8, 2, 3, 11, 0, 10, 6, 4, 9, 5, 12], "R": [[-0.3093713138416545, 0.9216209622171118, -0.2343164359875208], [0.0653714444518822, 0.26643347973713705, 0.9616339090971342], [0.9486917120024624, 0.2821843420127454, -0.14267456921494803]], "T": [-0.06333939472185326, 0.16188293222207703, -0.055219186370212954], "aligned_model": [[0.3510308796754116, 0.17376402658041798, -0.6412702569148041, -0.30535079587417713, -0.4711634249404808, -0.7365805292346844, -0.08034187098708184, 0.1149366068515322, 0.5558746616998644, 0.348087063867515, 0.07090834323456205], [-0.20339430214061013, 0.5896063173139673, 0.5369847436266689, -0.27340347158272016, 0.3997656291385805, -0.23035746148062994, -0.580014784157591, 0.008986563774241701, -0.13729700303902773, 0.6572452999337244, 0.14746499985687983], [-0.5527764506431158, -0.41010668679791484, -0.3991662063561384, -0.3496150152429903, 0.3241715984536184, 0.12728897086568497, 0.2955028630395103, 0.671307627425222, 0.24283696249427972, 0.4676444261895927, -0.037521655406171306]], "inverted": true, "swapped": true, "error_lsq": 0.05110312303825004, "error_max": 0.3369593416560314, "target": "950.xyz", "model": "24.xyz", "model_rescale": 3.7841303162186577, "target_rescale": 3.9866917977941236},
{"mapping": [9, 12, 3, 13, 8, 2, 0, 4, 6, 1, 10, 7, 15], "R": [[-0.8535419832394611, 0.3206177953288998, -0.4106949137329116], [-0.3245337683051259, -0.9438177307635345, -0.06233718253215595], [-0.4076075515459972, 0.08007696556943375, 0.9096393590362442]], "T": [-0.08057541064037707, 0.007317223091430403, 0.012801210007841818], "aligned_model": [[-0.5845212409037078, -0.2000344744233589, 0.5729742242555981, 0.24025685172585046, -0.4726477127194101, -0.44979279541623995, -0.2127924260196362, 0.23910703740962555, 0.6015660968402706, -0.12556715617746148, -0.39909931017396727, 0.13448691870821852, -0.012664343566414354], [0.06251915105012329, -0.06392397354150425, -0.19903221578508024, 0.37255318318779723, -0.3458145129902076, -0.5811993014150696, 0.016251600247124298, -0.6666995604814634, -0.14148555454808598, -0.5071861760951311, 0.6953099217767043, 0.3745240955041686, -0.006049712342537738], [-0.27897277073062177, -0.7327362675280208, -0.41063080512072414, -0.6001175041366146, 0.27932526249331435, -0.28066062923072843, 0.7365199309904028, -0.001650458724990228, 0.19872363840695445, 0.5478697933335719, 0.18733967928859419, 0.5044442384830461, 0.01693419978540512]], "inverted": true, "swapped": false, "error_lsq": 0.04236186314927067, "error_max": 0.21449528642887755, "target": "950.xyz", "model": "25.xyz", "model_rescale": 4.19342608120988, "target_rescale": 3.9866917977941236},
{"mapping": [3, 0, 1, 8, 2, 11, 7, 6, 5, 10, 4, 12], "R": [[-0.9708540904882894, -0.16884873385547183, -0.1700953851742031], [-0.05851959943345074, -0.5212207314392887, 0.8514131814812603], [-0.23241727875591553, 0.8365518837426028, 0.496148318895064]], "T": [-0.09204374404476312, 0.0020394830863314246, -0.01574497937061306], "aligned_model": [[-0.20815408847680159, 0.4062524347340807, 0.21636785628494004, -0.7378012412684105, -0.3546243171104393, -0.44381026956213915, -0.29496172691128264, 0.04051062613609982, 0.4605608652808715, 0.09789989079697203, 0.5196019779133615, -0.10403345318547141], [-0.7454661456871309, -0.30571458626699566, -0.5325477448003227, 0.36195640909696924, -0.24522639441534888, 0.04075562354890028, 0.2781241485844673, 0.6060083500888261, 0.10886173899802512, -0.11916649709695962, 0.45882920572379415, 0.10636231996675605], [0.12833390811522297, 0.13863874948753405, -0.5234059888065379, -0.09416994114272631, -0.5005351329209455, 0.4419383693278397, -0.6897492761403959, 0.5240310930412251, -0.6250553394543461, 0.7521390646495366, -0.0004641584374659169, -0.10244288650951983]], "inverted": false, "swapped": true, "error_lsq": 0.04888022405856779, "error_max": 0.25455719583501, "target": "950.xyz", "model": "26.xyz", "model_rescale": 3.795458400668931, "target_rescale": 3.9866917977941236},
{"mapping": [9, 11, 10, 4, 1, 8, 0, 5, 7, 6, 2, 3, 12], "R": [[-0.9092673057126276, 0.07557578512339669, -0.4092936201128492], [0.41499143563667656, 0.2398955676511626, -0.8776287512208888], [0.03186024341258639, -0.9678524770461192, -0.24949250001830137]], "T": [-0.15957150274607707, -0.06624572098334168, -0.06297529398376044], "aligned_model": [[-0.38585090578116, -0.15691453689196866, 0.48926273687122385, 0.24318540404157551, -0.639597045368056, -0.3845392543227898, -0.07009556041513837, 0.2773525229638025, 0.5690645119666593, -0.2028631991959731, -0.6106217170188818, 0.22930043239750042, -0.02641171970742634], [0.28917039282387597, -0.15511223169363436, -0.12066966583654958, 0.3960048071644076, -0.2539027432026038, -0.733450970939266, 0.19181596780314153, -0.6729703513206907, -0.11447861047787876, -0.73952601244721, 0.5268565171461929, 0.5019111533087416, -0.10588130776168869], [-0.14574792184871127, -0.7726726066036984, -0.3523515062681944, -0.6312837541517876, 0.22808052711161503, -0.25000035991863245, 0.7223089937856899, 0.025585908468070143, 0.29335495320831384, 0.41242604995700355, 0.4056592685800737, 0.20358228534985412, 0.027446469639992574]], "inverted": false, "swapped": false, "error_lsq": 0.047759357272232586, "error_max": 0.3348098897674494, "target": "950.xyz", "model": "27.xyz", "model_rescale": 3.6321398670334006, "target_rescale": 3.9866917977941236},
{"mapping": [8, 3, 1, 7, 10, 0, 9, 2, 13, 11, 12, 6, 14], "R": [[-0.22115232618363734, 0.9639364341287914, 0.14804796379091767], [-0.9317740641694211, -0.16403150099573038, -0.323868430110574], [-0.2879040499276905, -0.2095715096098668, 0.9344469168417626]], "T": [-0.06921671492093881, -0.0626735929375615, -0.04390006898955398], "aligned_model": [[-0.5150422092293462, -0.13561854222841685, 0.5027593759134303, -0.1472185742000808, -0.7134855018305495, -0.36951461885847936, -0.17874601031251758, 0.3682923908213842, 0.48889593753512806, -0.048963476810986485, -0.29181003236590075, 0.38175805164280074, -0.010035120537098305], [0.1663168967436159, -0.14266063655968703, -0.24343662459334267, 0.5244963912766448, -0.34855491372862846, -0.5728722934903381, 0.04100668326436879, -0.7274655486847705, -0.20103790015503278, -0.5595278170713991, 0.7170245486536749, 0.43956624909764697, -0.08308809018591506], [-0.16972772912357217, -0.722687922552855, -0.3395946310747392, -0.543934571389881, 0.2845222713488895, -0.2412073143325073, 0.6071190513117971, -0.03489442083023084, 0.5356194885499072, 0.3626113364164163, 0.11744661950441024, 0.3411769858137622, -0.030060856331808494]], "inverted": true, "swapped": false, "error_lsq": 0.04139585750423883, "error_max": 0.27025612356657086, "target": "950.xyz", "model": "28.xyz", "model_rescale": 4.156811204709835, "target_rescale": 3.9866917977941236},
