[{"mapping": [12, 9, 8, 7, 11, 6, 5, 1, 4, 0, 2, 3, 1, 13], "R": [[-0.8863522408801946, 0.3615812545316524, 0.28920356404784164], [0.2492142565412418, -0.1538525432187402, 0.9561493864881795], [0.3902203985227499, 0.9195588025332814, 0.04625634291969216]], "T": [0.10332033740898686, 0.06390452919690359, -0.05398806952205991], "aligned_model": [[0.6105243512816503, 0.15368563452892736, -0.4741198948442813, -0.3131277959979205, 0.10301585853153694, -0.578259591652098, 0.12120452353952854, 0.5784877597609487, -0.7952850864102307, 0.40595561580758965, -0.2898493420996354, -0.09636522243919438, 0.5784877597609487, 0.039115242003896544], [-0.19003824022656712, -0.6639020016929714, 0.11175997593508108, -0.43687794414301506, 0.17945999897799073, 0.390977260693189, 0.7853098706596715, 0.258092181693387, -0.26153121267357704, -0.359863421702881, -0.22727766026582635, 0.31296680467916754, 0.258092181693387, -0.032022893255520546], [-0.1696469046476259, -0.12110112491586614, -0.5782511389971864, -0.43763158771691407, -0.7422530486831139, 0.06011062810547092, -0.2812670822729802, 0.20973752608115248, -0.05601212658024248, 0.5154371201555874, 0.5392140723018565, 0.3598886825641713, 0.20973752608115248, -0.1689467473200262]], "inverted": true, "swapped": false, "error_lsq": 0.054849408969568005, "error_max": 0.3961595942344972, "target": "951.xyz", "model": "0.xyz", "model_rescale": 3.8414455957264533, "target_rescale": 4.2996390456390365},
{"mapping": [13, 0, 2, 7, 9, 5, 6, 8, 4, 11, 1, 10, 12, 14], "R": [[0.2716642893618578, 0.9204311540556587, 0.28107828896819065], [0.9504028830559157, -0.2106257096032636, -0.22884748268907304], [-0.1514360385262395, 0.32930730495676913, -0.9319999061896891]], "T": [-0.044093737008383815, 0.004081693353459455, -0.07769357328466486], "aligned_model": [[0.6377122172253463, -0.05896402583369983, -0.5993258479516635, -0.12409711861113243, 0.2623662523696072, -0.5143455031894333, -0.1900165071372992, 0.6216464821541581, -0.5141115789231063, 0.4108510871493575, -0.2841158912617014, -0.025037486936975717, 0.48363669989200087, -0.06272896717379123], [-0.30314738323170815, -0.7190352308628755, 0.22730248029625724, -0.33841008123460253, 0.07267136805295063, 0.43666754657005075, 0.7223634972943835, 0.42934205963180655, -0.2623583594536509, -0.4043157810744149, -0.422180950700425, 0.5277643882177498, 0.16320510577627836, -0.004723758910284167], [-0.20258527001182128, -0.12666456397635883, -0.5095436756032105, -0.6155168206501602, -0.6834058906668534, 0.08372371507990609, -0.34751753268953006, -0.09337728976986599, -0.14022485657680686, 0.5160253096750989, 0.6358801194202512, 0.36250478523485596, 0.4500088707639861, 0.009708893925944748]], "inverted": false, "swapped": false, "error_lsq": 0.045035018100592225, "error_max": 0.27741248685240744, "target": "951.xyz", "model": "1.xyz", "model_rescale": 4.316132596720782, "target_rescale": 4.2996390456390365},
{"mapping": [8, 3, 1, 11, 10, 5, 12, 6, 0, 2, 4, 13], "R": [[-0.3823252452494833, 0.33127397510019335, 0.8626035939330645], [-0.591471705112305, -0.8049558778512808, 0.046981451278316946], [0.7099215653130035, -0.4922434236574327, 0.5036941363263466]], "T": [-0.0872403982349453, 0.03413049711276443, -0.13763416810011808], "aligned_model": [[-0.19935230479507965, 0.32430098099296195, 0.34187859759874123, -0.6729344090661343, -0.6941099623005266, -0.46275753356301363, -0.10258309811840612, -0.10994048063166952, 0.4569073655204629, 0.23259183163761643, 0.538232292405385, -0.05442472504855664], [-0.6182363093766738, -0.309615439134186, -0.5156733876322004, 0.38470662894035734, -0.3148407342609147, -0.11539329589896112, 0.4171874193082697, 0.5911252813797722, 0.09301900530377316, -0.11932878957159106, 0.42665176545757677, 0.09317428322575849], [0.1940084261095696, 0.0895566737494545, -0.4604118464471072, -0.051471419502987836, -0.3730993028132019, 0.3867696350890064, -0.7622926394115795, 0.44689947483752523, -0.6071938994401861, 0.6362615962620527, 0.055907124019153404, -0.10567536124227805]], "inverted": true, "swapped": true, "error_lsq": 0.04176003234711565, "error_max": 0.22131064565497735, "target": "951.xyz", "model": "2.xyz", "model_rescale": 3.795458400668931, "target_rescale": 4.2996390456390365},
{"mapping": [12, 0, 1, 2, 11, 5, 3, 7, 4, 6, 10, 13], "R": [[-0.15771707438060967, -0.9595192989893938, 0.23334103650177626], [0.7170422352534968, -0.2737486098123191, -0.6410242830724058], [0.6789519550833404, 0.06621490385649381, 0.7311906927715812]], "T": [-0.04734256989434537, 0.07414643567992045, 0.01831510590698096], "aligned_model": [[-0.009197762021857965, -0.2507410090162022, -0.7077132035669834, 0.1699623076910714, 0.33411972849118493, 0.09332117200163134, -0.2632691322325873, 0.5650242988852506, 0.35403498894252927, 0.7215456445599425, -0.43162509463435694, 0.01784188664394285], [-0.20182019830369652, -0.5897217955082984, -0.2946908832060189, 0.06485518804111, 0.5573454177350297, 0.6220462334586293, -0.15025658509502288, -0.22234547555567497, -0.5295883450860039, 0.1523005643972199, 0.637168601659647, 0.040476322752789125], [-0.6595887223923602, -0.17651567470775886, 0.15426550967566635, 0.8413882040747779, -0.2888825119676858, 0.36239264907232926, 0.5104149515351701, -0.3317041512062533, 0.25737081981222093, 0.2531361207356321, -0.2660234239759752, 0.032517659983336875]], "inverted": true, "swapped": true, "error_lsq": 0.043569148055690975, "error_max": 0.22981397547033205, "target": "951.xyz", "model": "3.xyz", "model_rescale": 3.7530521520055578, "target_rescale": 4.2996390456390365},
{"mapping": [11, 9, 12, 0, 7, 1, 6, 5, 2, 4, 13], "R": [[0.921149993207192, -0.013380149501999589, -0.38897771351800353], [-0.20856188808783505, -0.8607754123706841, -0.4642926106404407], [-0.3286101472134226, 0.5088090614929952, -0.7956938545012082]], "T": [-0.1875681324496236, 0.013262110656794272, -0.059708565774055616], "aligned_model": [[-0.43934823287485114, -0.13426205092412682, 0.3036088553713907, 0.43974706913270445, 0.3390112646633374, -0.044269373183725064, -0.16720733873340812, -0.7737086633738038, -0.41051497346221966, 0.37223403432942004, -0.14709098849951283], [-0.6237275974180054, 0.07766111880341581, -0.274244158852904, 0.3158077252005627, -0.5208837940016298, 0.7235409844520985, -0.46741232448759135, -0.11739600177371842, 0.2966272182838583, 0.07232629387476025, -0.01509610576650015], [-0.12463937982392384, -0.7617910306268153, -0.5215002087154055, -0.24677212576687596, 0.09134244160407395, -0.31579886418062675, 0.5891177504657316, 0.2191060107187199, 0.7114956768845551, 0.4559271786476763, -0.00365667196179284]], "inverted": false, "swapped": true, "error_lsq": 0.05251385580391214, "error_max": 0.3239372397746719, "target": "951.xyz", "model": "4.xyz", "model_rescale": 3.7855080009869324, "target_rescale": 4.2996390456390365},
{"mapping": [5, 7, 15, 10, 9, 13, 14, 2, 8, 4, 6, 12, 0, 16], "R": [[-0.31606503872023806, -0.4691678568020975, -0.8246116743307126], [0.5326172586647423, -0.807023299971433, 0.2550142134777468], [-0.7851253066047672, -0.35860133218791235, 0.5049587482971507]], "T": [0.008372605382374885, 0.04631306293001805, 0.017501525893681313], "aligned_model": [[0.580305691628337, -0.0003743112428805668, -0.5283352290270685, -0.03669025597458281, 0.18165602687974602, -0.6546576654451047, -0.07990990898452992, 0.5212339981532661, -0.5959282084157859, 0.31275534733729043, -0.2996300433446993, -0.11599882422046334, 0.7457384319375285, 0.013304762490613384], [-0.49577527962283807, -0.7017985075623819, 0.21269644230323287, -0.3700944173744779, 0.28761649535164735, 0.25472168045022325, 0.666282016829946, 0.551593972592723, -0.23962443129612296, -0.39233016501133544, -0.3035342880439065, 0.6175643962209766, -0.05321953566964702, 0.09104652120347603], [-0.16725782662945793, 0.057776101258970716, -0.585473911614125, -0.5787689018042461, -0.6295375212933854, 0.22201154272697596, -0.23851037302930939, -0.14817913596588086, -0.20243062228428882, 0.5293062238464699, 0.474467900434081, 0.3657384060801449, 0.25172104464723516, -0.011847132217748642]], "inverted": false, "swapped": false, "error_lsq": 0.04165906526020654, "error_max": 0.252580877982155, "target": "951.xyz", "model": "5.xyz", "model_rescale": 4.2253639853439635, "target_rescale": 4.2996390456390365},
{"mapping": [6, 3, 10, 2, 5, 1, 8, 11, 4, 7, 0, 9, 12, 13], "R": [[-0.3695182604677692, -0.11131544503913139, -0.922531911034309], [0.17147968559383645, -0.9839161926446219, 0.05003641953967346], [-0.9132639118072677, -0.13970611134610877, 0.38266333746915937]], "T": [-0.033429388887624534, 0.05420428428832836, -0.05318789944887395], "aligned_model": [[0.4554124379255251, 0.02247398424474812, -0.46107195176448035, -0.12102046695440674, 0.17380702832705952, -0.7302814767686521, -0.10250242222295533, 0.6821776470088952, -0.5899381401597421, 0.37839008185280526, -0.2479637716584692, -0.1142936186111447, 0.7280100300225407, -0.029729549470056186], [-0.3263333783250491, -0.6500426752126426, 0.27323685489407, -0.3170252294918057, 0.19207857711413487, 0.24651165847154252, 0.7731463998222668, 0.3247901506781571, -0.3774878207865177, -0.4379141078503097, -0.16623025369754413, 0.4677787228231756, 0.12930367365132608, -0.006667671719288518], [-0.22622755910480083, 0.009426041525978465, -0.6677276018433526, -0.6051734637337532, -0.635240313934451, 0.07377990516661312, -0.2088028928657429, -0.1954680733967982, -0.12283880310505185, 0.4133047882375094, 0.6873836787248278, 0.38841552855773764, 0.4815212341144929, -0.053336674187772666]], "inverted": true, "swapped": false, "error_lsq": 0.041677649827910716, "error_max": 0.27256922485036267, "target": "951.xyz", "model": "6.xyz", "model_rescale": 3.89814844738969, "target_rescale": 4.2996390456390365},
{"mapping": [9, 12, 0, 10, 3, 7, 11, 8, 5, 6, 4, 2, 13], "R": [[-0.1365265383005257, 0.8568280645050945, 0.4971983228211141], [-0.6241014418163287, -0.46416515788094453, 0.6285285168806088], [0.7693230106154729, -0.22449136750844467, 0.598118492651526]], "T": [-0.026301519108131145, 0.02112629080405233, -0.06909824321659834], "aligned_model": [[0.11167514378463902, -0.09478707414721343, 0.4814088943699547, -0.22299105583861908, 0.42884961107162867, -0.3671199148372781, -0.7027252664675584, 0.1810009101376224, -0.36665809586635595, -0.5266447335944106, 0.17036153077191302, 0.10061080809292575, -0.04434895657302593], [-0.3237940163932545, 0.2436225739757767, 0.35989703564896675, -0.6529191159320641, 0.036868534680029666, 0.6566253336958039, -0.06657355274631287, -0.5191631205095507, -0.2763137887522221, 0.49668560367168973, 0.7361933735182582, 0.1820907155112304, 0.09056168910213445], [-0.6706803076196926, -0.7640596396901982, -0.4531757158393283, -0.29820833374023825, 0.293852007612981, -0.3248283810053268, -0.1592357449903114, 0.3926932627112583, 0.4146957544020266, 0.3503514806238383, 0.11187130291077048, 0.7571830510263089, -0.04818370556579227]], "inverted": true, "swapped": true, "error_lsq": 0.0429751764527689, "error_max": 0.24079263233308143, "target": "951.xyz", "model": "7.xyz", "model_rescale": 3.7474275329858107, "target_rescale": 4.2996390456390365},
{"mapping": [10, 12, 9, 11, 7, 8, 5, 6, 4, 1, 2, 3, 0, 14], "R": [[0.8423472741634425, -0.41836616927753545, 0.33973639503806374], [0.462737561526921, 0.8845967629495116, -0.05798720661805362], [-0.2762698298069076, 0.20605415643293012, 0.9387314130011716]], "T": [-0.010290087689087542, -0.1149485134536337, -0.04940913521614207], "aligned_model": [[0.6426268921911391, 0.1332823232891202, -0.38574780334129233, -0.033175316268779786, 0.20176980109727527, -0.57136139203379, -0.08625969723838846, 0.5396085780650338, -0.7480449595088023, 0.19369956511078598, -0.3969155593905923, 0.06237396839651152, 0.5373982322428982, -0.04578482083945175], [-0.1855753927651172, -0.6981954718120738, 0.1767185548292649, -0.30232768275692434, 0.23678749353970968, 0.2565509475283463, 0.5746063287353317, 0.4871647280920918, -0.25924507203070185, -0.4184662714772707, -0.08812134428779062, 0.47976463632577465, 0.012893190864795193, -0.14740974441392019], [-0.4288490131824244, -0.19030827350622598, -0.6446420855178586, -0.6417310652625746, -0.5927230563301804, 0.061934736584496955, -0.22763427951560808, -0.0942332376040373, 0.16766711437053403, 0.6071478022727131, 0.6978462049962798, 0.34450804061813944, 0.2939671022756213, -0.013934196043439179]], "inverted": true, "swapped": false, "error_lsq": 0.04606556915122254, "error_max": 0.2712471943796201, "target": "951.xyz", "model": "8.xyz", "model_rescale": 4.019505241142653, "target_rescale": 4.2996390456390365},
{"mapping": [5, 6, 11, 10, 8, 9, 12, 2, 3, 4, 7, 0, 13], "R": [[-0.18220789363992218, 0.8842179080005358, -0.4300685697263391], [-0.9443713740758014, -0.2791674171186473, -0.17386276497711017], [-0.2737937021216621, 0.37446527795038537, 0.8858965878069829]], "T": [0.0998804346254139, -0.08251131346579874, 0.0064760355133499856], "aligned_model": [[-0.2133130230725354, -0.7042533132566962, -0.18134017572558175, 0.506753016840745, 0.24893521471888477, 0.7324068939264674, 0.34890858337958397, -0.4116056156759899, 0.13349995322407693, -0.3015798752098317, -0.301879932336448, 0.4253858502464211, 0.03778319468207984], [-0.5683838925341127, -0.01621962390603196, 0.0662911079597088, -0.27885473067103783, -0.8072816513900652, 0.1419768841708597, 0.600237000278982, -0.6437958593447665, -0.441136802482622, 0.1758121878497941, 0.5683475287288383, 0.3190726540065697, -0.05268657455205769], [-0.3163358715866482, -0.031105749699748587, -0.6035550501439746, -0.5778349965086881, -0.01860323665191556, -0.21583879853403362, -0.088423548624351, 0.39131202777128005, 0.46407929240741597, 0.6021654284775969, 0.02610995597998566, 0.5092956134572462, 0.03543842769971395]], "inverted": true, "swapped": true, "error_lsq": 0.044743098791263244, "error_max": 0.27660150328133154, "target": "951.xyz", "model": "9.xyz", "model_rescale": 3.877068213659057, "target_rescale": 4.2996390456390365},
{"mapping": [8, 7, 5, 1, 0, 3, 12, 11, 4, 2, 13, 6, 9, 15], "R": [[0.38603991522631886, -0.905049807341935, 0.17848817911106163], [-0.914972557044139, -0.40029981569667167, -0.050845623305452385], [0.1174666067789728, -0.1436833455329342, -0.9826274433926102]], "T": [0.02399570373462753, 0.06093716138864058, 0.09167194634792365], "aligned_model": [[0.6128159104017473, 0.03885882912603136, -0.44176851172728987, -0.15589511498867192, 0.23175712320305808, -0.596168846204306, -0.0728664948645511, 0.5818157788371638, -0.4530191330387256, 0.12906578488351267, -0.28091516016672735, -0.19365654256222362, 0.5971553610800215, 0.046290827792627796], [-0.29726640929302056, -0.7040947011203657, 0.1748546921098923, -0.3064779246098235, 0.2898836480181816, 0.19351509980718082, 0.7087413653965691, 0.44675295682349103, -0.41731436488965234, -0.48499128226663435, -0.003637531786462464, 0.5703808145313758, -0.13662965739071378, 0.09142819504149743], [-0.25517658252238323, -0.1925672245388641, -0.5256463945686951, -0.6735417872737597, -0.6419388049870348, 0.06758120181907036, -0.26772010067832464, -0.1992545255814595, 0.048975308827560696, 0.45399468977565943, 0.7991307578980674, 0.3625948857225121, 0.3526329840695903, 0.00995138619349649]], "inverted": true, "swapped": false, "error_lsq": 0.041157367662598046, "error_max": 0.24700656353249334, "target": "951.xyz", "model": "10.xyz", "model_rescale": 4.260839863003843, "target_rescale": 4.2996390456390365},
{"mapping": [8, 5, 11, 10, 12, 9, 1, 3, 6, 7, 0, 13], "R": [[0.4665274963074477, 0.14833173608621217, 0.871980384675455], [-0.636622084646759, 0.7407142100531383, 0.2146037752821928], [-0.6140557112584484, -0.6552405322436986, 0.4399948049419169]], "T": [0.050018232881845946, -0.00018527073643932572, -0.015438484158960056], "aligned_model": [[0.44264420710844576, 0.23479413524417547, -0.3789826442079781, -0.3685756572692048, -0.5309169524236335, -0.45591347646032665, 0.28706801813011784, 0.5866418097704291, 0.24614452930464814, -0.21648710798488266, 0.04065669161165574, 0.07182509627068392], [-0.1739487772887739, -0.593425181739309, -0.5294109167272192, -0.16918142319807855, 0.3517315765376264, 0.3665704153464399, 0.6329210064299523, 0.1882470033617819, -0.5463615276477172, -0.02781144872122645, 0.6868370978483386, -0.013089318668881418], [-0.6185880744341737, -0.24411753064185115, 0.08070505882931496, -0.6000194224065508, 0.2599431654503583, -0.34624345727693184, -0.38094730078490463, -0.1406250206910234, 0.5464013821777762, 0.7012384398009405, 0.20356748174685457, 0.05486335562569544]], "inverted": true, "swapped": true, "error_lsq": 0.04453027857632793, "error_max": 0.258788989896118, "target": "951.xyz", "model": "11.xyz", "model_rescale": 3.890672605050136, "target_rescale": 4.2996390456390365},
{"mapping": [6, 1, 3, 0, 8, 4, 7, 5, 2, 11, 10, 12, 9, 13], "R": [[-0.9557544880210134, -0.26708040202477684, -0.12329402857386976], [0.016564579170062044, -0.467330003516609, 0.8839277586602227], [-0.2936987799508356, 0.8427756087283552, 0.45107682271198646]], "T": [0.09633792208511684, -0.08029572998618931, -0.061398536635155654], "aligned_model": [[0.5406853889400709, -0.0644469470826896, -0.4386322783913468, -0.1978298210975627, 0.32500995810670724, -0.6000241220790865, -0.08653655695456379, 0.5144983281121787, -0.4109012788653823, 0.12039328859589594, -0.31883556935228424, -0.039996129458700444, 0.7031226285154561, -0.0030370772170254107], [-0.4070497599609222, -0.7778351486569736, 0.2656962907202315, -0.2807191601474376, 0.16338459569695402, -0.008643919127975686, 0.7394398393615947, 0.5728180983077797, -0.4030617487315743, -0.41827764618498875, 0.04232879050639557, 0.5100204144505853, 0.07192414176060988, 0.05512011237723749], [-0.22826817598400245, -0.3661693942271405, -0.730098441085347, -0.5325570314757178, -0.6997715033676375, -0.02972890965073398, -0.20821369776789045, -0.0017631112779218083, 0.3181994399519713, 0.37213546152401045, 0.7209918412608176, 0.37227417723098266, 0.4017017189348842, -0.04971657991083848]], "inverted": false, "swapped": false, "error_lsq": 0.05119695343034379, "error_max": 0.44537493731298594, "target": "951.xyz", "model": "12.xyz", "model_rescale": 4.124412569039231, "target_rescale": 4.2996390456390365},
{"mapping": [7, 4, 2, 12, 6, 11, 0, 10, 3, 9, 5, 8, 13], "R": [[0.9286015223169168, -0.353914722957406, 0.11155080288679106], [0.12939934780514167, 0.5905795596929855, 0.7965372511442537], [-0.3477858846162522, -0.7252311028539953, 0.5942094125094864]], "T": [0.07566002168703212, 0.11351136154489672, -0.07342916231123323], "aligned_model": [[-0.23610061158478707, -0.08907398071972922, 0.6836357832741293, -0.5735435626856608, 0.45989157912585044, 0.2817219369800687, -0.5619599575473119, 0.18481704572135876, 0.2120877588893737, -0.3746709742216969, 0.7221431632198773, 0.5818978118155772, 0.0764523152427083], [-0.20866468838386787, 0.4719093659804967, 0.6155822986463713, -0.22276694839340072, -0.07369042969500103, -0.5374645354407791, 0.44161055412640227, -0.26027588903273924, 0.6792694677474396, -0.0814764133910611, -0.016342733254569974, 0.422850655901549, 0.11694467169763736], [0.5465885923953689, 0.580146268272491, 0.24758066537831183, -0.022264583103838498, 0.6119609913911198, 0.011033766752323454, 0.0030081872090767237, -0.701030351913868, -0.09460678992575214, -0.5824383172200375, -0.13315599194804495, -0.5163409378474046, 0.0012165815280929526]], "inverted": true, "swapped": true, "error_lsq": 0.04608829266870805, "error_max": 0.29071537017998517, "target": "951.xyz", "model": "13.xyz", "model_rescale": 3.9028299243045295, "target_rescale": 4.2996390456390365},
{"mapping": [6, 1, 14, 11, 9, 13, 10, 7, 12, 2, 8, 4, 3, 15], "R": [[0.9296226334739881, 0.31296115395104157, 0.19456894780647688], [-0.005783876281468314, 0.5403101744921031, -0.8414460541921115], [-0.3684675102475763, 0.7811019341020388, 0.5040946958994973]], "T": [0.008308880661737789, -0.016920880980985757, 0.09626713527619625], "aligned_model": [[0.5627352797468272, 0.1209281597772348, -0.4086589628453858, -0.20969015178855982, 0.2924338400197541, -0.7244673137112075, -0.11818487530577207, 0.526117857361115, -0.6035965507522838, 0.18535607055010006, -0.3803399336797758, 0.1545819398866085, 0.5823151905487403, 0.06393926196427145], [-0.25038209964177915, -0.5940298405668629, 0.23125580008579394, -0.35488874665918624, 0.09722619602173824, 0.2599694102010079, 0.6702026254076221, 0.5974301915347029, -0.3412781930425714, -0.6004231132450032, -0.24152802791291123, 0.553703613666678, 0.0753220116793673, 0.022565072842918824], [-0.19098795976686, -0.18024851071877857, -0.6437307060981211, -0.5234996208164341, -0.6158346192120243, -0.04165373843292773, -0.16298798756312405, -0.32215200767204044, 0.028411655916830342, 0.5089767269400285, 0.7247660519146101, 0.43146133590592717, 0.3214280781630745, 0.005067095595275281]], "inverted": true, "swapped": false, "error_lsq": 0.04154837935634247, "error_max": 0.2551895574170486, "target": "951.xyz", "model": "14.xyz", "model_rescale": 3.942246331269136, "target_rescale": 4.2996390456390365},
{"mapping": [4, 3, 2, 5, 9, 0, 7, 6, 1, 13, 12, 8, 11, 14], "R": [[0.661767082363615, 0.33451516269268494, 0.670942571781397], [-0.48615352125447137, 0.8727459763741847, 0.04437583232514461], [-0.5707180411304926, -0.35554755891632495, 0.7401802826857897]], "T": [0.12146320551319029, -0.03836478670854877, -0.08007060888770023], "aligned_model": [[0.5123887242375118, -0.06917427052663921, -0.45317344233408824, -0.2552008290116058, 0.3013185988154815, -0.5000220686630714, -0.10030065813421249, 0.3945168502406386, -0.5754106519631144, 0.3219692428149599, -0.29014467194116056, 0.04429373387264393, 0.6862757110383206, 0.02613354332600329], [-0.46843548598161056, -0.7281388235720226, 0.24959891034751225, -0.2537240265125413, 0.3208772094565716, 0.340375920849279, 0.7481288523775786, 0.4486755651056577, -0.4512611018591755, -0.34359456266971816, -0.45110901004853626, 0.5690178735028544, 0.16700008124961035, -0.022266501873944078], [-0.0033867816520664062, -0.1465315846469917, -0.4917957001417241, -0.5432381391784837, -0.7777521492940228, 0.02494850027301604, -0.33152249809570616, -0.11205173057177101, -0.057160011301695735, 0.6462639967711186, 0.49290183327661785, 0.39318630126684717, 0.31098326114493663, -0.06582950369463816]], "inverted": false, "swapped": false, "error_lsq": 0.046323003125498356, "error_max": 0.3049115433621815, "target": "951.xyz", "model": "15.xyz", "model_rescale": 4.355366556412066, "target_rescale": 4.2996390456390365},
{"mapping": [8, 3, 1, 11, 10, 5, 12, 6, 0, 2, 4, 13], "R": [[-0.3823252452494833, 0.33127397510019335, 0.8626035939330645], [-0.591471705112305, -0.8049558778512808, 0.046981451278316946], [0.7099215653130035, -0.4922434236574327, 0.5036941363263466]], "T": [-0.0872403982349453, 0.03413049711276443, -0.13763416810011808], "aligned_model": [[-0.19935230479507965, 0.32430098099296195, 0.34187859759874123, -0.6729344090661343, -0.6941099623005266, -0.46275753356301363, -0.10258309811840612, -0.10994048063166952, 0.4569073655204629, 0.23259183163761643, 0.538232292405385, -0.05442472504855664], [-0.6182363093766738, -0.309615439134186, -0.5156733876322004, 0.38470662894035734, -0.3148407342609147, -0.11539329589896112, 0.4171874193082697, 0.5911252813797722, 0.09301900530377316, -0.11932878957159106, 0.42665176545757677, 0.09317428322575849], [0.1940084261095696, 0.0895566737494545, -0.4604118464471072, -0.051471419502987836, -0.3730993028132019, 0.3867696350890064, -0.7622926394115795, 0.44689947483752523, -0.6071938994401861, 0.6362615962620527, 0.055907124019153404, -0.10567536124227805]], "inverted": true, "swapped": true, "error_lsq": 0.04176003234711565, "error_max": 0.22131064565497735, "target": "951.xyz", "model": "16.xyz", "model_rescale": 3.795458400668931, "target_rescale": 4.2996390456390365},
{"mapping": [9, 12, 0, 10, 3, 7, 11, 8, 5, 6, 4, 2, 13], "R": [[-0.1365265383005257, 0.8568280645050945, 0.4971983228211141], [-0.6241014418163287, -0.46416515788094453, 0.6285285168806088], [0.7693230106154729, -0.22449136750844467, 0.598118492651526]], "T": [-0.026301519108131145, 0.02112629080405233, -0.06909824321659834], "aligned_model": [[0.11167514378463902, -0.09478707414721343, 0.4814088943699547, -0.22299105583861908, 0.42884961107162867, -0.3671199148372781, -0.7027252664675584, 0.1810009101376224, -0.36665809586635595, -0.5266447335944106, 0.17036153077191302, 0.10061080809292575, -0.04434895657302593], [-0.3237940163932545, 0.2436225739757767, 0.35989703564896675, -0.6529191159320641, 0.036868534680029666, 0.6566253336958039, -0.06657355274631287, -0.5191631205095507, -0.2763137887522221, 0.49668560367168973, 0.7361933735182582, 0.1820907155112304, 0.09056168910213445], [-0.6706803076196926, -0.7640596396901982, -0.4531757158393283, -0.29820833374023825, 0.293852007612981, -0.3248283810053268, -0.1592357449903114, 0.3926932627112583, 0.4146957544020266, 0.3503514806238383, 0.11187130291077048, 0.7571830510263089, -0.04818370556579227]], "inverted": true, "swapped": true, "error_lsq": 0.0429751764527689, "error_max": 0.24079263233308143, "target": "951.xyz", "model": "17.xyz", "model_rescale": 3.7474275329858107, "target_rescale": 4.2996390456390365},
{"mapping": [9, 6, 1, 2, 7, 3, 11, 12, 0, 4, 8, 10, 5, 13], "R": [[-0.03876578615734348, 0.18958890077544352, 0.9810979882388725], [-0.8467547183528449, 0.5150911555734543, -0.13299454273464828], [-0.5305691856589466, -0.835904988711494, 0.14056738269043667]], "T": [-0.009846017118233614, 0.060647363334299514, -0.07294087945059138], "aligned_model": [[0.5549213053097376, 0.20495272556648833, -0.566919463135651, -0.15918376058288913, 0.25772251426918785, -0.5469147743603792, -0.11742982766144196, 0.6675471973145943, -0.5788032826977155, 0.14073368709133638, -0.31831167306286773, 0.07865033830787924, 0.4747835958315846, -0.04827877041819696], [-0.2803559031491404, -0.6724500639411334, 0.16494805457725953, -0.40823903900694125, 0.31472264396010763, 0.4194512175550621, 0.7424746782869351, 0.3737779825830607, -0.54867992866905, -0.5683024355605261, -0.03159321329325947, 0.5583497825724139, 0.09165752590929314, -0.03061640145256582], [-0.18464947187409014, -0.17984491924112495, -0.4695628132341344, -0.5844841365521345, -0.7296539940009197, 0.13540048826100223, -0.28571751843978344, -0.12115469119316213, -0.008518275148583318, 0.4476104870550811, 0.5698616301468449, 0.39705919227736064, 0.46314908010794753, -0.11047926400886737]], "inverted": false, "swapped": false, "error_lsq": 0.04797797819541231, "error_max": 0.25827008187050526, "target": "951.xyz", "model": "18.xyz", "model_rescale": 3.922800546911778, "target_rescale": 4.2996390456390365},
{"mapping": [4, 11, 12, 13, 8, 3, 5, 1, 7, 10, 9, 0, 6, 14], "R": [[-0.10286567159609605, -0.9193305406291008, -0.379802594348287], [-0.7732311994670915, 0.31409826207695934, -0.5508682182980944], [0.625725311760494, 0.23700978635246073, -0.7431649853130823]], "T": [0.056705344692780386, 0.05407125414211099, -0.06031209423115051], "aligned_model": [[0.4993559742795638, -0.062335595490941594, -0.5403971261213286, -0.060319652514321885, 0.3775829225270837, -0.5200223805926483, -0.08901543736128331, 0.5119823334418382, -0.6429854515409714, 0.41430091096813665, -0.29146121888523463, -0.26908131492265225, 0.7438960837752594, -0.0280302357908326], [-0.5012351336504157, -0.6461878830411117, 0.21882313931479902, -0.3925606723196371, 0.20221205913227253, 0.25590458211492917, 0.7422570129697388, 0.5593552697382594, -0.3314680578426751, -0.45713530534917624, -0.2756982874603814, 0.7340011736887179, 0.006179715752996848, 0.010697287323199162], [-0.20017765430726525, -0.00825435589774974, -0.5450176752246488, -0.5688775463746585, -0.5597943621463153, 0.12889065995497928, -0.35645316738735666, 0.23191033994266064, -0.06211421485187506, 0.45095487299496945, 0.5975444853912941, 0.30024440979955047, -0.025055029930332803, -0.04478496780781617]], "inverted": false, "swapped": false, "error_lsq": 0.052107379509275555, "error_max": 0.34429053161919093, "target": "951.xyz", "model": "19.xyz", "model_rescale": 3.9282355846067225, "target_rescale": 4.2996390456390365},
{"mapping": [11, 4, 1, 0, 10, 5, 2, 12, 3, 8, 6, 7, 9, 13], "R": [[0.07981788106416454, 0.2877442781278113, 0.9543753644489845], [0.9496850872626791, -0.31285179846752376, 0.01489923576945179], [0.3028652190221002, 0.9051668258394918, -0.29823761752393785]], "T": [0.008031259024828907, 0.007202914156049308, 0.06718321628981126], "aligned_model": [[0.4390552630936979, -0.012562955346020184, -0.45883788530652125, -0.10566428256200382, 0.3755209965467019, -0.6457900541979542, -0.26962632245918583, 0.6852626514778535, -0.6107052949069842, 0.3441417823708876, -0.394553158251018, 0.044883916278067634, 0.6881986602179099, -0.035853505183763665], [-0.3831252984834227, -0.6231582731809293, 0.09319861838341686, -0.41262902477097185, 0.3836073938701739, 0.2457560646575901, 0.6771475340337139, 0.5182181945142028, -0.38099671545357244, -0.47258680730847225, -0.051987752298397194, 0.5550686874126122, -0.047583903771775606, 0.024216182767347237], [-0.3514160737956705, 0.027327266001627194, -0.5125915134392144, -0.6043906479104667, -0.6150962788283619, 0.12463090562555952, -0.32370894799760086, 0.12209559726332976, -0.11398298790151672, 0.5524183329098074, 0.5783253746258358, 0.36143268957223984, 0.18030057204647087, -0.0863284940166029]], "inverted": false, "swapped": false, "error_lsq": 0.04638115458419346, "error_max": 0.25438905471488904, "target": "951.xyz", "model": "20.xyz", "model_rescale": 4.067790424073018, "target_rescale": 4.2996390456390365},
{"mapping": [1, 7, 4, 8, 5, 2, 6, 13, 0, 9, 12, 11, 10, 14], "R": [[0.05063686943661688, 0.6673696524822927, 0.7430031321598333], [-0.5086480685963968, -0.6230078815238661, 0.5942544252021179], [0.859484176565697, -0.40801829187526384, 0.3079091160202594]], "T": [-0.06883404731084411, 0.07340206103703245, -0.04577438413020415], "aligned_model": [[0.5663916580949847, -0.03559846448263024, -0.3921267827666153, -0.09316978900807996, 0.21769276202477292, -0.7831585708898517, -0.2987588417180119, 0.5577469126433061, -0.6245097211368225, 0.324397080548705, -0.09074982069870782, 0.07343898590117423, 0.633666581604677, -0.011792178345233606], [-0.41212098402345504, -0.6695243222744327, 0.25856312007628734, -0.2779573181725952, 0.1607604262311293, 0.22085940624760614, 0.7605938083720445, 0.38567784537457406, -0.36324794215779516, -0.44831522163476006, -0.07614393225121036, 0.48785963781805836, 0.03417445978079697, 0.0639659169852678], [-0.23033000497573017, -0.10593867771535914, -0.7554712801028898, -0.49424094368902316, -0.5544363784058248, -0.1931471695961956, -0.19563763515208096, -0.04768231927228624, 0.025072985256109105, 0.37521285619040007, 0.70533783229683, 0.4296365486938104, 0.3740361484039944, 0.00660383222368207]], "inverted": false, "swapped": false, "error_lsq": 0.04466104317510284, "error_max": 0.3182389391126507, "target": "951.xyz", "model": "21.xyz", "model_rescale": 4.186013935880536, "target_rescale": 4.2996390456390365},
{"mapping": [3, 1, 8, 6, 7, 2, 4, 0, 10, 9, 12, 11, 13], "R": [[-0.8573086504365862, 0.5143301314470604, 0.02205433681271815], [-0.2097827540114971, -0.3881556128121835, 0.8973998085367246], [0.4701202761059673, 0.764721999244201, 0.4406667560254588]], "T": [0.05387974400189766, 0.01959836783735297, 0.017219618846147762], "aligned_model": [[0.06665330092361774, -0.39090016871414623, 0.4553720333203705, 0.510464546069791, -0.14423181669526225, 0.5612537722091887, -0.1418932505502662, -0.6325325636898831, 0.20026952075097773, -0.37589885195312744, -0.5056198159751765, 0.3970980003158338, 0.058539329411307545], [-0.22678460687514598, 0.1308652858972795, 0.24935944912491576, -0.5194044032363754, -0.3697952249299081, -0.5214735101121009, -0.7178543919575888, -0.17145546877797696, 0.7434202945554533, 0.5800546761579299, 0.15604411911693286, 0.23425324695299157, -0.048272806370314184], [-0.5102986463720395, -0.5995488596729739, -0.5608393117476884, 0.4089394095931632, 0.6453426602855646, -0.40059598692461945, 0.041377977026572206, -0.0940798054872139, 0.030152887826289172, 0.050199051136528956, 0.4705506338958471, 0.5735375398061027, 0.04814201196981284]], "inverted": false, "swapped": true, "error_lsq": 0.04481739676877584, "error_max": 0.34802704611607327, "target": "951.xyz", "model": "22.xyz", "model_rescale": 4.166573947596378, "target_rescale": 4.2996390456390365},
{"mapping": [9, 11, 4, 3, 8, 1, 0, 10, 2, 12, 6, 5, 14, 15], "R": [[-0.128138146965176, 0.022707843011142592, -0.9914963283634046], [0.9589976836988165, -0.2519899399548001, -0.12970933976349147], [-0.25279251957412735, -0.9674633967377566, 0.010512755110191896]], "T": [0.0739778103377085, -0.002642350039842494, -0.04522922358003427], "aligned_model": [[0.5127148422720005, 0.11800924024348865, -0.40799947896404315, -0.11829504522740486, 0.21107110985709343, -0.550122825870663, -0.3308005672035463, 0.6709891938914061, -0.5450476124876837, 0.18904493564580005, -0.3923740034703943, -0.07981617471701336, 0.7414765474783875, 0.024619650324239434], [-0.27463971781920316, -0.7894371832863187, 0.12875641291979978, -0.37846243984930844, 0.268177921855638, 0.2986564640131233, 0.6619457109905839, 0.43832480896617176, -0.26620481571337096, -0.4442668951878139, -0.09352570702535916, 0.6489097424453909, -0.10972514211895411, 0.036635740181136474], [-0.3517849526288995, -0.07852263108821232, -0.5840109707231657, -0.4732678446465291, -0.7948564294487461, 0.12155351354141904, -0.2926821222272356, 0.05510325216706789, -0.03291696249500406, 0.4249927165986394, 0.549214914373903, 0.4476087438498782, 0.36581393081666197, -0.017229363934341383]], "inverted": true, "swapped": false, "error_lsq": 0.04116663080899278, "error_max": 0.2504309764867381, "target": "951.xyz", "model": "23.xyz", "model_rescale": 4.274766983524099, "target_rescale": 4.2996390456390365},
{"mapping": [5, 9, 1, 3, 0, 4, 6, 7, 11, 12, 13], "R": [[-0.23055894321568537, 0.4457600869816028, 0.8649511654176901], [0.535073130114718, -0.6843641352720149, 0.49532057879985686], [0.8127357006632011, 0.5770127166774932, -0.08072797321842318]], "T": [0.003826567481884799, 0.0691492361021713, -0.10656698254889949], "aligned_model": [[0.31780422625161203, 0.1975466782027525, -0.5005293986371826, -0.47471738562177773, -0.49509575589861804, -0.5491516091005515, 0.09665572948137939, 0.04720465695430974, 0.6381446643027382, 0.12137415788559185, -0.01934125986217873], [-0.40052299392999335, 0.7462075744382113, 0.524418918418746, -0.060139987718036775, 0.5098617766297984, -0.21648359497785438, -0.6392549149752749, -0.03884088898130378, -0.10679104998127004, 0.5739439404124583, 0.023187751908002735], [-0.45181451480789236, -0.16959938075437347, -0.4656873380127823, -0.41221913070968974, 0.17074143482680262, 0.3354469161328556, 0.27024114977594205, 0.64965427475305, 0.09355969122294477, 0.41163286341147065, -0.05238953181675048]], "inverted": false, "swapped": true, "error_lsq": 0.05200744154143635, "error_max": 0.2891740082310288, "target": "951.xyz", "model": "24.xyz", "model_rescale": 3.7841303162186577, "target_rescale": 4.2996390456390365},
{"mapping": [3, 5, 1, 4, 6, 8, 7, 11, 2, 12, 9, 10, 13, 15], "R": [[0.6052128117776564, 0.24208995724036705, 0.7583600101953824], [0.531527635658631, 0.5862870682380289, -0.6113475657496337], [-0.5926177730977437, 0.7730846824379682, 0.22615094248854473]], "T": [-0.06992305545274162, 0.1372893620556274, 0.0038971910503825882], "aligned_model": [[0.5189249139311722, 0.06247524901824432, -0.594106503378365, -0.1415993062751082, 0.28570755296791767, -0.6541537931883613, 0.037447915049638084, 0.6185766049909188, -0.48913535793742224, 0.15162919424469185, -0.2870700828415968, -0.06482339096142987, 0.626781838454211, -0.02718502230284381], [-0.30239574353850707, -0.7249548713188348, 0.1711474730113248, -0.3320693204336539, 0.17987653205117335, 0.08213810352017267, 0.7498180687634308, 0.4730407624779158, -0.48585509154069617, -0.45457385227570757, -0.043891996800993344, 0.7324697336917599, -0.05169461881785162, 0.1320897215819824], [-0.3261588110223981, -0.0874500389534745, -0.5225263409526241, -0.5716627841896704, -0.6235895861403015, -0.06745102130081787, -0.18606495847552176, -0.04774372147178715, 0.07278161109478598, 0.4231637442161725, 0.5159139800575164, 0.5048856379414759, 0.3053724687272678, -0.05045438537518806]], "inverted": false, "swapped": false, "error_lsq": 0.04305459639148112, "error_max": 0.26313883405753047, "target": "951.xyz", "model": "25.xyz", "model_rescale": 4.19342608120988, "target_rescale": 4.2996390456390365},
{"mapping": [8, 3, 1, 11, 10, 5, 12, 6, 0, 2, 4, 13], "R": [[-0.3823252452494833, 0.33127397510019335, 0.8626035939330645], [-0.591471705112305, -0.8049558778512808, 0.046981451278316946], [0.7099215653130035, -0.4922434236574327, 0.5036941363263466]], "T": [-0.0872403982349453, 0.03413049711276443, -0.13763416810011808], "aligned_model": [[-0.19935230479507965, 0.32430098099296195, 0.34187859759874123, -0.6729344090661343, -0.6941099623005266, -0.46275753356301363, -0.10258309811840612, -0.10994048063166952, 0.4569073655204629, 0.23259183163761643, 0.538232292405385, -0.05442472504855664], [-0.6182363093766738, -0.309615439134186, -0.5156733876322004, 0.38470662894035734, -0.3148407342609147, -0.11539329589896112, 0.4171874193082697, 0.5911252813797722, 0.09301900530377316, -0.11932878957159106, 0.42665176545757677, 0.09317428322575849], [0.1940084261095696, 0.0895566737494545, -0.4604118464471072, -0.051471419502987836, -0.3730993028132019, 0.3867696350890064, -0.7622926394115795, 0.44689947483752523, -0.6071938994401861, 0.6362615962620527, 0.055907124019153404, -0.10567536124227805]], "inverted": true, "swapped": true, "error_lsq": 0.04176003234711565, "error_max": 0.22131064565497735, "target": "951.xyz", "model": "26.xyz", "model_rescale": 3.795458400668931, "target_rescale": 4.2996390456390365},
{"mapping": [6, 4, 2, 5, 8, 12, 7, 11, 0, 3, 10, 1, 13], "R": [[0.192699777388617, 0.10799308756056931, 0.9752970259533826], [0.3326488830864353, 0.9278810983379349, -0.1684677652506114], [-0.9231530297711885, 0.3568951672218653, 0.14287870113474646]], "T": [-0.18655671565455847, -0.019665615940902992, -0.03668539398507469], "aligned_model": [[0.04486946422285415, 0.3663370677365104, 0.5391027146825115, -0.1635800313209566, 0.015204919017999419, -0.6174020179246111, -0.27400624514710054, -0.661935684070776, -0.028470484678499386, 0.32799462952701675, -0.7553605654795505, 0.05789923791442972, -0.15097662165857148], [-0.7290201682539712, -0.43047586072264055, -0.09886449041841015, -0.05065842689723883, 0.4958982209275915, -0.19390771282228783, -0.7059377424848527, -0.40001165368925184, 0.08670337735693393, 0.25239395412841986, 0.363158033245568, 0.6170709043992545, -0.08446693151220026], [-0.3460332653976561, 0.2923900862089838, -0.47475273067774604, -0.6976554009043668, -0.5282385579293237, 0.5300404895326842, 0.29011311255609945, -0.35718008307242854, 0.6588326628141143, -0.05575782510815928, -0.31131906240335644, 0.3174625190891425, -0.025765282608561358]], "inverted": true, "swapped": true, "error_lsq": 0.04910345371687536, "error_max": 0.3020692466483528, "target": "951.xyz", "model": "27.xyz", "model_rescale": 3.6321398670334006, "target_rescale": 4.2996390456390365},
