[{"mapping": [11, 7, 9, 5, 6, 12, 4, 8, 0, 1, 2, 13], "R": [[0.7026269379494224, -0.5073677693596963, 0.49889210525201255], [-0.6862362616951161, -0.29779254421202417, 0.6636259441480888], [-0.18813606566134847, -0.8086393183779134, -0.5574112248338502]], "T": [0.05889079755708181, -0.16327345815567307, 0.16508348414294136], "aligned_model": [[-0.14220905677823084, 0.08393479122298664, 0.6122975632105015, -0.49450437211560905, -0.61178506429794, 0.5604766722948341, -0.29865554710667214, -0.44704464223532525, 0.6650491789209114, 0.27628340628700077, 0.11167624110637867, 0.06697231903982], [-0.573568787590265, 0.18416097691460465, 0.13824694452606856, -0.6592079835764645, 0.2004269514823387, -0.44426341900568733, 0.6237226422920522, -0.05563218754822613, 0.13392086994828012, -0.4564841793933482, 0.5603809133023657, -0.12868907039756086], [-0.3624375411003722, -0.5057790905950807, -0.20850662581700954, 0.3072242352320848, 0.21470388863363282, 0.09743690153393286, -0.2425952814418543, -0.4205971619832375, 0.5387945792764, 0.6120868846264887, 0.41963464408663265, 0.0060914359476941515]], "inverted": false, "swapped": false, "error_lsq": 0.04476668801452524, "error_max": 0.22348729597381833, "target": "952.xyz", "model": "0.xyz", "model_rescale": 3.8414455957264533, "target_rescale": 3.875374591338312},
{"mapping": [6, 8, 12, 2, 7, 10, 13, 9, 1, 3, 0, 14], "R": [[-0.050803426202072455, -0.4172229758900456, 0.9073830504674335], [0.5536367018729117, -0.7679404535562809, -0.32210846330243814], [0.8312072029436554, 0.48599634585172324, 0.2700039584771988]], "T": [0.004353679043844823, -0.05413505932295647, 0.07989267307311065], "aligned_model": [[-0.15894961239669192, 0.15557947925298346, 0.6211569325647605, -0.45862757105542296, -0.5892109353677584, 0.5244452636002879, -0.07174697354850729, -0.5311635604461945, 0.5944531512642144, 0.3781520630187262, -0.16706063987232642, 0.08546389253458514], [-0.7054697247518886, 0.05211137220060056, 0.18537011697774158, -0.599140607238689, 0.1353170080447235, -0.42458596128551157, 0.6164097208086199, 0.06977198610635499, 0.14129865331809874, -0.3769864420318495, 0.48521019616197836, -0.05629264735602127], [-0.3190087713952073, -0.6883161856627064, -0.30021331324946404, 0.262161821356691, 0.23719481807958656, -0.1663839464405727, -0.2656871138830185, -0.32430778498623836, 0.6816286351173584, 0.6876908590368225, 0.5329282082837188, 0.11836964214234173]], "inverted": true, "swapped": false, "error_lsq": 0.04501668829538475, "error_max": 0.24140347475136187, "target": "952.xyz", "model": "1.xyz", "model_rescale": 4.316132596720782, "target_rescale": 3.875374591338312},
{"mapping": [9, 0, 2, 7, 3, 1, 4, 5, 8, 10, 6, 11], "R": [[0.7923611946047839, -0.4511966385425576, -0.4105914400622307], [-0.541867842452524, -0.21134022642234312, -0.8134583886171434], [0.2802552026284728, 0.8670391583219581, -0.41194674332494036]], "T": [0.040067275282970195, -0.09501884094648702, 0.02756827224524785], "aligned_model": [[-0.042684801023537854, 0.11954658239758748, 0.6761696373841828, -0.6526952933905947, -0.5414068091236525, 0.4904875309231205, -0.1131070050385938, -0.4496605184243301, 0.6921212454425673, 0.1689760436801906, 0.017962494059740465, 0.01678238266197539], [-0.7850340558912197, 0.05624192321051233, 0.3926032679397058, -0.5825211267301955, 0.11755824728773567, -0.3462964399435494, 0.6377680996443494, -0.15289535656901368, 0.007669726956999051, -0.33007813795765795, 0.4830976774023643, 0.024899845604127446], [-0.2312417009855933, -0.6614290278609761, -0.2139350726583814, 0.3154617674482836, 0.24600791965489452, -0.14148327301873515, -0.1565259174627273, -0.38785546194307896, 0.4165628658245542, 0.5979764198976242, 0.6118529912468536, 0.06066535825659371]], "inverted": false, "swapped": false, "error_lsq": 0.04766355178554942, "error_max": 0.2640252870703811, "target": "952.xyz", "model": "2.xyz", "model_rescale": 3.795458400668931, "target_rescale": 3.875374591338312},
{"mapping": [0, 10, 2, 7, 9, 1, 5, 4, 6, 8, 3, 11], "R": [[0.838357461178092, 0.4908794196151474, -0.23705307988997013], [0.17340796129382813, -0.6524266527430809, -0.7377459872817865], [-0.5168040694953385, 0.5773879615897407, -0.63208915159517]], "T": [0.06322658740048487, -0.07818325770262399, -0.019700658183371057], "aligned_model": [[0.018104489621455028, 0.11636003768531093, 0.7652378050294051, -0.44875819624400043, -0.5725020793999731, 0.4616498526948645, -0.23725013210565388, -0.4083330858484597, 0.4690932266543121, 0.18205769931205018, 0.04640587178055022, -0.009573999631205019], [-0.6945091712801649, 0.26149586620190446, 0.0445054173645989, -0.5783888601947753, 0.1975683516383235, -0.5369685749106738, 0.5550443209531417, -0.07050305584177638, 0.16389283213982989, -0.1232878359333727, 0.48398591553495873, -0.17982153471783618], [-0.4996113881327756, -0.6683960139895037, -0.3022834792259616, 0.24669797763886006, 0.5040977333388471, 0.14474926229737908, -0.07030886121222335, -0.45389787419047756, 0.3323898621211322, 0.7512777337938767, 0.5466498602443737, -0.0753079442842155]], "inverted": true, "swapped": false, "error_lsq": 0.05281379990465119, "error_max": 0.2661240505330604, "target": "952.xyz", "model": "3.xyz", "model_rescale": 3.7530521520055578, "target_rescale": 3.875374591338312},
{"mapping": [2, 6, 10, 4, 8, 7, 5, 1, 0, 3, 11], "R": [[-0.3439628447503403, -0.068707862193502, 0.9364661185029881], [-0.9173627777395675, -0.188194637755008, -0.35075391991851856], [0.20033745393510044, -0.9797254758313987, 0.001701927654593982]], "T": [-0.03717064038314361, -0.04725857941093535, -0.00443033804581806], "aligned_model": [[-0.4625332440391247, -0.20544059575201695, 0.4207337428486015, 0.4143976855443212, 0.15971238156119325, -0.16453431870737925, -0.1614644524757129, -0.7143791389793365, -0.40698702404395903, 0.4134631156422451, 0.045231450846373346], [-0.6200074174838879, -0.02894580024735425, -0.31399978384210103, 0.41489229292062857, -0.7836889657607338, 0.5992631459049524, -0.37481712461173733, 0.10621593020889093, 0.18502077772953812, 0.3199321592144454, -0.03666185571829522], [-0.07797091962310547, -0.6686604407133409, -0.4803792614627818, -0.3923344861873003, 0.010048222813635786, -0.03651302871975014, 0.5987591915625541, -0.07048958849526077, 0.6493995713664558, 0.5039472872478117, 0.05702422945639833]], "inverted": false, "swapped": true, "error_lsq": 0.04473955446545657, "error_max": 0.2189908080846534, "target": "952.xyz", "model": "4.xyz", "model_rescale": 3.7855080009869324, "target_rescale": 3.875374591338312},
{"mapping": [7, 8, 13, 5, 9, 6, 15, 10, 12, 1, 14, 16], "R": [[0.362016976736421, 0.23857246099538668, -0.9011253461140835], [-0.9282180263342873, 0.1811962794510255, -0.32492953682481185], [0.08576132078450305, 0.9540707988234997, 0.28704338816559943]], "T": [0.04736182912302449, -0.10929862376025458, 0.14335855695828278], "aligned_model": [[-0.08660362662980935, 0.11259021364331927, 0.6064831418998589, -0.5249816240009659, -0.5204809171377276, 0.5031307254350569, -0.13446044510698824, -0.5167366257066615, 0.5299697311326788, 0.3585963671215042, 0.02411134961379796, 0.03087319928459234], [-0.6664991126707819, 0.08156802105821993, 0.255089107090791, -0.681575205549081, 0.3060772663209456, -0.4440537970524353, 0.5680286177984621, -0.0911309828656813, 0.18920812248435798, -0.438296545085557, 0.5092164868521124, -0.06461830742719447], [-0.33929073983879476, -0.5309003367259096, -0.1385502546800447, 0.14843105353363614, 0.25258998424613094, -0.18266407289369005, -0.2896386429427581, -0.3175396358754181, 0.5189229301014864, 0.7499864240315594, 0.41648100510129427, 0.16822915434181993]], "inverted": true, "swapped": false, "error_lsq": 0.04240359853726033, "error_max": 0.2153924869700267, "target": "952.xyz", "model": "5.xyz", "model_rescale": 4.2253639853439635, "target_rescale": 3.875374591338312},
{"mapping": [7, 4, 2, 12, 9, 6, 1, 0, 5, 11, 8, 13], "R": [[0.735350604308324, 0.4524062787294154, -0.5045671884988021], [0.6647330142975865, -0.3366389315146489, 0.6669364658582709], [0.131869285454301, -0.8258346013306045, -0.5482770310699638]], "T": [0.0662028712497924, 0.04292468333199037, 0.01897296457209274], "aligned_model": [[-0.13815506986245063, 0.19965107610041516, 0.6936104849115442, -0.3465975649099285, -0.4975203595409031, 0.4278662449691506, -0.21773633423238037, -0.5758102781483044, 0.5885108915823972, 0.2076746646091312, -0.046830643712362674, 0.08782837778234731], [-0.6739017603462297, 0.315800707339417, 0.10564917622421473, -0.7111220742155829, 0.17282484192813052, -0.48897217888333244, 0.6700633276054868, -0.11166950489549873, 0.11569418944373325, -0.37345636612247446, 0.4913121625363044, 0.010791150339989009], [-0.2526681545076823, -0.6202778190414829, -0.21036725507529516, 0.3827765541741844, 0.21375103148153993, 0.017156319715488862, -0.2355489999166721, -0.43598022235247463, 0.36917318919676845, 0.6609747886754824, 0.5951994552741364, -0.028132019224681438]], "inverted": true, "swapped": false, "error_lsq": 0.04460411623577166, "error_max": 0.2714292409491653, "target": "952.xyz", "model": "6.xyz", "model_rescale": 3.89814844738969, "target_rescale": 3.875374591338312},
{"mapping": [2, 4, 7, 5, 9, 0, 11, 10, 3, 6, 8, 12], "R": [[0.24879681201379633, -0.934912128083454, -0.25306018867897656], [-0.07787306166997171, -0.27973869190874523, 0.9569127705884841], [-0.9654200808963509, -0.2183702750184914, -0.1424025645500526]], "T": [0.11199346768683188, -0.060497984418332276, -0.006330462602645047], "aligned_model": [[-0.09038905021780405, 0.1548358542866742, 0.6675904074248982, -0.4150072887117496, -0.6676502313679014, 0.5340543649555213, -0.15859855843403736, -0.5405426169989844, 0.7158006830078072, 0.10218487604194197, 0.08226065216006884, -0.0020476025977788775], [-0.5491051765199663, 0.017299264658137817, 0.25270109283327163, -0.5253106357947217, 0.09738897933807898, -0.47101958346438594, 0.6807474644720094, -0.13600085224616015, 0.019600432714861102, -0.23083560614364895, 0.4514272428209431, -0.08387895171426121], [-0.4773423231689189, -0.6447722425096599, -0.1628330443973088, 0.32351193294498937, 0.40008470472584945, 0.059601344453803974, -0.18709414568685426, -0.3340493027458461, 0.5241250274895941, 0.648088926766806, 0.43495775807812687, -0.12822176755126974]], "inverted": false, "swapped": false, "error_lsq": 0.04141382327725506, "error_max": 0.21636569849327442, "target": "952.xyz", "model": "7.xyz", "model_rescale": 3.7474275329858107, "target_rescale": 3.875374591338312},
{"mapping": [2, 3, 0, 4, 9, 1, 7, 8, 12, 13, 11, 14], "R": [[-0.3405241053815681, 0.6924842535614998, -0.6360101353150397], [-0.838435715340276, 0.0824922701890334, 0.5387212420175198], [0.4255218970815983, 0.7167011817545941, 0.5525129239896981]], "T": [0.10131732865159895, 0.07002140876189414, 0.019472106155682754], "aligned_model": [[0.05089059650335867, 0.008306688913119392, 0.5962582549800092, -0.33426370142782447, -0.5541935702643679, 0.648840646728901, -0.09935233363209797, -0.48602034429167684, 0.4512395049482263, 0.036909425570406065, -0.038054628919620886, 0.10193095044022345], [-0.700017230362383, 0.019313869606133266, 0.16073001804744882, -0.5551684249239508, 0.41061217338120337, -0.4165672039168674, 0.7199293324788468, -0.19827517257196278, 0.054439983347164225, -0.42340326752034385, 0.4391949770782074, 0.012224616310661497], [-0.31681220033263263, -0.6896909945149725, -0.40599077738836653, 0.19732790149657062, 0.20560064385695548, -0.1486098923534746, -0.015585122098753824, -0.20021339232491134, 0.5273641306227269, 0.7681346065849622, 0.49985350617990665, 0.034678458671301274]], "inverted": false, "swapped": false, "error_lsq": 0.05115637775937341, "error_max": 0.2587227905994032, "target": "952.xyz", "model": "8.xyz", "model_rescale": 4.019505241142653, "target_rescale": 3.875374591338312},
{"mapping": [0, 3, 4, 1, 6, 7, 5, 2, 8, 9, 11, 12], "R": [[0.189831625027402, -0.8117398719906599, 0.5523063772581692], [0.9577609589799407, 0.2768627658752267, 0.07772357638286989], [-0.21600439716191022, 0.5142230927258195, 0.830010066995704]], "T": [-0.10109960325871964, -0.060063557298712884, 0.12070243510422987], "aligned_model": [[0.14601290348088053, -0.04502865903749126, 0.5475326936417817, -0.35890869395928054, -0.6893885414249821, 0.675481475318142, -0.016794060220062357, -0.46733807646608805, 0.502337368803434, 0.13650423544093004, 0.04040073322675755, -0.08831988925536535], [-0.4714622667824602, 0.20334702952049943, 0.022405404887612272, -0.6681433193162098, 0.3528256633517094, -0.517243168356976, 0.559087397633711, -0.1007635909979079, 0.030780787192067886, -0.24617312117854082, 0.38105859574707573, -0.022705740746422905], [-0.3178549601350571, -0.6953439604563809, -0.3892678433793416, 0.26240203971712495, 0.22794260793510376, 0.034142503815499464, -0.12438813909474275, -0.3420988723877415, 0.4100950010222256, 0.7340927737126023, 0.5362002387804155, 0.12013547886960416]], "inverted": false, "swapped": false, "error_lsq": 0.04778589867387434, "error_max": 0.2890875889025861, "target": "952.xyz", "model": "9.xyz", "model_rescale": 3.877068213659057, "target_rescale": 3.875374591338312},
{"mapping": [12, 6, 10, 1, 4, 11, 13, 3, 9, 8, 2, 15], "R": [[0.021605216808092714, -0.9910206352409303, -0.131951942514457], [0.32682423857680853, 0.13173242442824382, -0.9358592230848326], [0.9448381510530599, -0.02290565172441722, 0.32673567211695]], "T": [-0.0019599950267665533, -0.03055925366111283, 0.03466827012335822], "aligned_model": [[0.06247751484928288, 0.07597260173741904, 0.649778338819108, -0.5116498295473165, -0.6177530957767223, 0.5580076054449574, -0.10131572650183138, -0.5045183507136834, 0.49926321906730053, 0.2845447750693063, -0.019271511154317432, 0.006955948255152685], [-0.5495953259540182, 0.10373597003857361, 0.048626677567928586, -0.6085824995717186, 0.15119065707006865, -0.5104219298933533, 0.7022478065500839, 0.005776485302465311, 0.18283528112624112, -0.34158106875121624, 0.4589259651101867, -0.12014434764108337], [-0.49885265607659696, -0.5621532093643441, -0.23399045754256215, 0.43343137019258016, 0.2488095943999523, 0.00597376464102254, -0.19063318813057686, -0.3511764602170447, 0.4073388566683053, 0.6800390031585276, 0.48239574299417004, 0.03487450767587856]], "inverted": true, "swapped": false, "error_lsq": 0.03320117241630829, "error_max": 0.18527743265304147, "target": "952.xyz", "model": "10.xyz", "model_rescale": 4.260839863003843, "target_rescale": 3.875374591338312},
{"mapping": [0, 6, 5, 1, 8, 3, 10, 7, 4, 2, 9, 11], "R": [[0.8502399055994546, -0.3619833704122043, 0.3821781554082485], [0.042637649761878144, -0.676284441353902, -0.7354055923131289], [0.524665735253422, 0.6415663597225634, -0.5595698994078617]], "T": [0.008332314177388514, -0.019998645575681602, 0.0680221607675397], "aligned_model": [[-0.0775793475641036, 0.18811717347812473, 0.6230460881243151, -0.289221585363633, -0.5620013781941806, 0.4408823337491832, -0.05656510627706003, -0.5053875255777032, 0.5518925475158393, 0.12105619438124557, -0.02050892299579664, -0.03123898172757495], [-0.5546338285402078, 0.06243184630830655, 0.02812293990758446, -0.6592317192501166, 0.15594313543334987, -0.5805116899463417, 0.5623206723733306, -0.07648915914498625, 0.3431086672539744, -0.2891775814943642, 0.5939840781384467, -0.0628536900848182], [-0.62249842326188, -0.7469244344325419, -0.20842347833425773, 0.22958761973064107, 0.46724312226621306, 0.11860554807544066, -0.15564350222961376, -0.3350986367620895, 0.3978678985054956, 0.6886614710202188, 0.5758869648011637, 0.04679271902052176]], "inverted": true, "swapped": false, "error_lsq": 0.04749473000606289, "error_max": 0.2535015253249189, "target": "952.xyz", "model": "11.xyz", "model_rescale": 3.890672605050136, "target_rescale": 3.875374591338312},
{"mapping": [10, 11, 9, 4, 0, 12, 6, 2, 5, 7, 8, 13], "R": [[-0.7629003358632692, -0.10424867621484141, 0.6380558682804858], [-0.5511076726831017, -0.41114311990115293, -0.7261140875012425], [0.3380287127590299, -0.9055901658396032, 0.25620897893140643]], "T": [-0.05513888674799517, 0.10836247840127033, 0.017812690168550277], "aligned_model": [[0.06857158426863297, -0.05781100284104484, 0.6441610652446778, -0.47106995477297414, -0.5747272497067638, 0.39050255110351145, -0.020562261294840574, -0.4319376624274843, 0.645712383026485, 0.2504658619919563, -0.02448015579685351, -0.036333669246646334], [-0.6500608919797334, 0.058856244146205064, 0.24189287355915287, -0.44633215903461976, 0.22805402238230632, -0.483590071301351, 0.6663725685451872, -0.30625082937027115, 0.08176434753821016, -0.32533235199831606, 0.48954433644535744, -0.031904417977969446], [-0.4393855327756395, -0.5301874525875626, -0.29678169429091006, 0.11965693240446804, 0.27157716192233705, 0.09609445378741795, -0.1217850899406174, -0.4200030488494383, 0.3540748184630552, 0.6852545991828605, 0.6285102250846951, 0.10903149599864564]], "inverted": false, "swapped": false, "error_lsq": 0.04116680937867175, "error_max": 0.2670219666066552, "target": "952.xyz", "model": "12.xyz", "model_rescale": 4.124412569039231, "target_rescale": 3.875374591338312},
{"mapping": [1, 2, 8, 0, 5, 6, 10, 4, 9, 3, 7, 12], "R": [[-0.3983339950444698, 0.7094084440054467, -0.5814376045335246], [0.6954919216188218, -0.17968550292185426, -0.6957040369314231], [-0.5980142267161133, -0.6815077252779247, -0.4218129977035296]], "T": [0.03393775132291526, -0.04713030146597439, 0.13183912692722385], "aligned_model": [[0.14093876590513488, 0.0464649903252339, 0.6054221665619377, -0.37434483471235563, -0.6426373775094377, 0.5633161306476269, -0.08110622806446943, -0.5793886410509846, 0.5630798815128711, 0.17991774581083173, -0.05030134368140061, 0.01113023380366756], [-0.6343076769033804, 0.11446744190036126, 0.0019849693348412342, -0.43976114176121783, 0.1873800882655077, -0.4560797673951651, 0.6193532175434376, -0.04667043796197016, 0.1719347760766496, -0.47618466693984496, 0.4437750622850353, 0.03712180650990355], [-0.4219097435560918, -0.7144024173559715, -0.2993097733514588, 0.25798882602883877, 0.37881453304225743, 0.1203639099858814, -0.16341377143798533, -0.36020434746574226, 0.41584682023793684, 0.6826163672368148, 0.5126190807448937, 0.04704738428993825]], "inverted": false, "swapped": false, "error_lsq": 0.03635093264617404, "error_max": 0.23641586123861744, "target": "952.xyz", "model": "13.xyz", "model_rescale": 3.9028299243045295, "target_rescale": 3.875374591338312},
{"mapping": [7, 10, 14, 3, 8, 9, 13, 4, 11, 1, 12, 15], "R": [[-0.256070199169404, 0.87797277551066, 0.40446490398976565], [0.9664961021469963, 0.2248762269484696, 0.12375769506613987], [0.017701345485727243, 0.4226044107857003, -0.9061413655453913]], "T": [-0.13755446251197187, -0.08414412378416755, 0.1608814437269032], "aligned_model": [[0.1311579573312173, 0.039038478425204776, 0.6051167258184916, -0.4378715372636628, -0.6807182702032716, 0.5149108672090376, 0.04521482439597305, -0.5616106854236156, 0.543277382462342, 0.19975808981750867, 0.043800762494730916, -0.05958310551530016], [-0.6549387584661243, 0.002748962856846532, 0.23957131607773355, -0.628592389057323, 0.37862026773636936, -0.4516946257344552, 0.623906456131653, -0.19652243182515042, 0.06310931323325089, -0.2218232519818583, 0.5192446587668157, -0.15061584678360002], [-0.4892070704598035, -0.5578793834987675, -0.19506584563176851, 0.11532723105902434, 0.4563968502838879, -0.03922122614985862, -0.15202607590032766, -0.35575257525990833, 0.4071356061147809, 0.6988995246893384, 0.4563007193595141, 0.11114911379320036]], "inverted": false, "swapped": false, "error_lsq": 0.038867850619919486, "error_max": 0.2295207828140303, "target": "952.xyz", "model": "14.xyz", "model_rescale": 3.942246331269136, "target_rescale": 3.875374591338312},
{"mapping": [4, 10, 5, 13, 8, 3, 7, 11, 1, 12, 0, 14], "R": [[-0.31809452436967484, 0.4657639125968486, 0.8257601657191425], [0.3887701988392398, -0.7303167610615127, 0.5616895592826339], [0.8646812164379012, 0.49970131702357623, 0.05123463383664423]], "T": [0.030443989420992905, 0.016248496685514008, -0.08842378217519489], "aligned_model": [[0.0442351990531638, 0.003148094110660117, 0.637740882963214, -0.34273857535951235, -0.5909078708985813, 0.5796509642546336, -0.17127244467866523, -0.6196019371775068, 0.6108725483797313, 0.12336477825481273, 0.04850869323953482, 0.05949115740717156], [-0.5156101199074442, -0.14965639480164153, 0.2005469397049546, -0.6359631180979232, 0.3184843603086921, -0.4321165950995056, 0.8470834477046588, -0.21670069901503144, -0.0533955262764326, -0.4139529070936786, 0.5144397314340045, 0.059854552093504716], [-0.33459484346248547, -0.7817714706569582, -0.08639272735261017, 0.2218738642721179, 0.260024599518776, 0.0294251625096784, -0.09023278968548956, -0.2815195879082995, 0.4727302374944291, 0.600320537112929, 0.45212838271176625, -0.005934496154542029]], "inverted": true, "swapped": false, "error_lsq": 0.04695225561629272, "error_max": 0.2614259270809147, "target": "952.xyz", "model": "15.xyz", "model_rescale": 4.355366556412066, "target_rescale": 3.875374591338312},
{"mapping": [9, 0, 2, 7, 3, 1, 4, 5, 8, 10, 6, 11], "R": [[0.7923611946047839, -0.4511966385425576, -0.4105914400622307], [-0.541867842452524, -0.21134022642234312, -0.8134583886171434], [0.2802552026284728, 0.8670391583219581, -0.41194674332494036]], "T": [0.040067275282970195, -0.09501884094648702, 0.02756827224524785], "aligned_model": [[-0.042684801023537854, 0.11954658239758748, 0.6761696373841828, -0.6526952933905947, -0.5414068091236525, 0.4904875309231205, -0.1131070050385938, -0.4496605184243301, 0.6921212454425673, 0.1689760436801906, 0.017962494059740465, 0.01678238266197539], [-0.7850340558912197, 0.05624192321051233, 0.3926032679397058, -0.5825211267301955, 0.11755824728773567, -0.3462964399435494, 0.6377680996443494, -0.15289535656901368, 0.007669726956999051, -0.33007813795765795, 0.4830976774023643, 0.024899845604127446], [-0.2312417009855933, -0.6614290278609761, -0.2139350726583814, 0.3154617674482836, 0.24600791965489452, -0.14148327301873515, -0.1565259174627273, -0.38785546194307896, 0.4165628658245542, 0.5979764198976242, 0.6118529912468536, 0.06066535825659371]], "inverted": false, "swapped": false, "error_lsq": 0.04766355178554942, "error_max": 0.2640252870703811, "target": "952.xyz", "model": "16.xyz", "model_rescale": 3.795458400668931, "target_rescale": 3.875374591338312},
{"mapping": [2, 4, 7, 5, 9, 0, 11, 10, 3, 6, 8, 12], "R": [[0.24879681201379633, -0.934912128083454, -0.25306018867897656], [-0.07787306166997171, -0.27973869190874523, 0.9569127705884841], [-0.9654200808963509, -0.2183702750184914, -0.1424025645500526]], "T": [0.11199346768683188, -0.060497984418332276, -0.006330462602645047], "aligned_model": [[-0.09038905021780405, 0.1548358542866742, 0.6675904074248982, -0.4150072887117496, -0.6676502313679014, 0.5340543649555213, -0.15859855843403736, -0.5405426169989844, 0.7158006830078072, 0.10218487604194197, 0.08226065216006884, -0.0020476025977788775], [-0.5491051765199663, 0.017299264658137817, 0.25270109283327163, -0.5253106357947217, 0.09738897933807898, -0.47101958346438594, 0.6807474644720094, -0.13600085224616015, 0.019600432714861102, -0.23083560614364895, 0.4514272428209431, -0.08387895171426121], [-0.4773423231689189, -0.6447722425096599, -0.1628330443973088, 0.32351193294498937, 0.40008470472584945, 0.059601344453803974, -0.18709414568685426, -0.3340493027458461, 0.5241250274895941, 0.648088926766806, 0.43495775807812687, -0.12822176755126974]], "inverted": false, "swapped": false, "error_lsq": 0.04141382327725506, "error_max": 0.21636569849327442, "target": "952.xyz", "model": "17.xyz", "model_rescale": 3.7474275329858107, "target_rescale": 3.875374591338312},
{"mapping": [7, 9, 5, 1, 0, 11, 4, 2, 10, 3, 8, 13], "R": [[0.8559204632205529, -0.10655094370492321, -0.5060109258068489], [-0.10407013007578708, 0.9230251525163918, -0.37039705161907044], [0.5065269673633607, 0.3696910388658101, 0.7789473455349823]], "T": [0.06375825791301129, -0.07734667115395387, -0.021701006888716727], "aligned_model": [[0.10541332899801506, 0.0826463059814753, 0.586146395148477, -0.34123980306069723, -0.6550189247334586, 0.3974891213651873, -0.07441803654991139, -0.5754875904237978, 0.6719580693779283, 0.11492972074521754, 0.10883075836247993, -0.03875785566225952], [-0.6883450848997208, 0.14991445562292238, 0.40493605872143534, -0.5487387107261095, 0.24067075013650163, -0.6785219759007131, 0.7358483533554528, -0.21060959435824145, -0.004882233777720207, -0.23615610621003225, 0.4162463288001807, -0.05734856980979803], [-0.4602954385557831, -0.650763633144913, -0.15486984412136684, 0.28208268662562586, 0.26354743262224933, 0.19954235583242927, -0.11575942374891407, -0.29997867845595566, 0.29654616923896215, 0.636136530834706, 0.4990569707920964, -0.039188259519824416]], "inverted": true, "swapped": false, "error_lsq": 0.04307035600990128, "error_max": 0.26330011568225425, "target": "952.xyz", "model": "18.xyz", "model_rescale": 3.922800546911778, "target_rescale": 3.875374591338312},
{"mapping": [5, 12, 13, 1, 9, 8, 7, 3, 4, 6, 11, 14], "R": [[0.31391343720247844, 0.677103415840939, -0.665574427243309], [-0.7475219892866345, -0.2559480144690499, -0.6129449318024452], [-0.5853795601801269, 0.6899431702291748, 0.42580417139506477]], "T": [-0.013230628823745212, -0.1268170062860814, 0.08674743674921483], "aligned_model": [[-0.05127234481495229, 0.10403218561604499, 0.5231216683445208, -0.24912857233079497, -0.602378621197172, 0.4912212422821505, -0.1631919859058818, -0.47411556959766327, 0.47072145758509315, 0.24910766695926273, 0.13029001456934414, -0.045915651961295836], [-0.6438032485447005, 0.025659654822441896, 0.2729499538456168, -0.775687602251294, 0.3863256328829383, -0.4618356210610343, 0.5764064325582638, 0.03270142782037294, 0.08557584601818405, -0.45875937028315383, 0.5267567190995761, -0.04327615395305322], [-0.4734416146838456, -0.6758890066059199, -0.06922159136076218, 0.3537720308912912, 0.31551032898481735, -0.0008966817850682568, -0.26138961313297304, -0.3271223303673896, 0.5812641639109521, 0.6315048666781824, 0.33064664374741687, 0.05131967212261027]], "inverted": true, "swapped": false, "error_lsq": 0.044697804405190424, "error_max": 0.2394914108108244, "target": "952.xyz", "model": "19.xyz", "model_rescale": 3.9282355846067225, "target_rescale": 3.875374591338312},
{"mapping": [12, 10, 2, 8, 4, 7, 0, 11, 5, 6, 3, 13], "R": [[0.787374408841353, -0.38862644621728426, -0.4785509644774051], [-0.5672487626992001, -0.7606896537663448, -0.3155631345215495], [-0.24139258795157092, 0.5199237789843463, -0.8193954372149508]], "T": [0.0232575735999242, -0.12568876154694852, 0.08314908134133299], "aligned_model": [[0.12300256071517773, 0.14188774499383405, 0.7298014500338641, -0.5461167941304328, -0.5110043491048248, 0.4856531504416849, -0.30098711106973497, -0.5435689253841602, 0.5612651956622962, 0.1908450126431487, -0.003889292595162238, 0.055602847342965375], [-0.7066989513085299, 0.07438439033580854, 0.12617623634030212, -0.5409662100881202, 0.10902167194341306, -0.5393202852158167, 0.5813995298181226, 0.07060522151480861, 0.12705467128058612, -0.2716754209856759, 0.48148213173353116, 0.011550685585728554], [-0.5294457620961177, -0.746388118139327, -0.2575501758824457, 0.3694689186439144, 0.32572495668429363, 0.026606446770871144, -0.10417022058651539, -0.30869216660118665, 0.44969881604855866, 0.697515746776494, 0.5269526675710157, 0.006335759209757125]], "inverted": false, "swapped": false, "error_lsq": 0.04048802583533389, "error_max": 0.23108172575577648, "target": "952.xyz", "model": "20.xyz", "model_rescale": 4.067790424073018, "target_rescale": 3.875374591338312},
{"mapping": [4, 2, 0, 13, 11, 8, 3, 6, 7, 1, 12, 14], "R": [[-0.23268663648829646, -0.4617648764112919, 0.8559381567103007], [-0.7615897060886581, 0.6338595860115875, 0.1349190305368746], [-0.604845475125304, -0.6204798337851787, -0.4991660315830418]], "T": [0.0023783859561158707, -0.09254777934409067, 0.09212277583675041], "aligned_model": [[0.11400146153201726, 0.13037173812666494, 0.5595252000347217, -0.4807830458294277, -0.5414684758414449, 0.4444513206471028, -0.24328045172335075, -0.5157643191814912, 0.6865777433216228, 0.29224034826216805, -0.04316575809427297, -0.020214271705654294], [-0.5679142300480431, 0.11451231318262964, 0.2702685952208429, -0.4206035442606407, 0.2227746240277831, -0.44613262241317675, 0.6351262735533604, -0.16166271557374656, -0.10712029163442577, -0.5260335838338841, 0.5836533003440652, -0.07385444761060637], [-0.543518255941707, -0.6110598117049945, -0.15769662979575022, 0.4782030149285206, 0.24323408191236465, 0.02344107601386039, -0.27378325699215866, -0.4316215944413698, 0.3893143613080775, 0.7256645671913066, 0.4494625268706608, 0.16441678905050147]], "inverted": true, "swapped": false, "error_lsq": 0.046297785304450605, "error_max": 0.2714078865845129, "target": "952.xyz", "model": "21.xyz", "model_rescale": 4.186013935880536, "target_rescale": 3.875374591338312},
{"mapping": [1, 0, 6, 9, 8, 7, 5, 2, 4, 10, 11, 12], "R": [[-0.43425435478177105, -0.8329603560263243, 0.342928856530865], [0.8948834760342605, -0.3553958079008939, 0.26995811535738246], [-0.1029889298609643, 0.42411185436741783, 0.8997346360517213]], "T": [0.034795410879418426, 0.006666069095393641, 0.04556529840470434], "aligned_model": [[-0.03679764944002664, 0.15070124752850236, 0.5318865203770273, -0.2967188141768845, -0.6879868456633891, 0.5401603139821173, -0.15534326052132472, -0.5600975679919837, 0.6114173736052371, 0.3163143933153483, -0.09228805975817897, 0.06124383829221107], [-0.573778025811273, -0.02988544134881587, 0.15086621679254708, -0.41401460765736436, 0.10002982679866032, -0.5247703505594369, 0.6427726795730394, 0.14361388402582945, 0.09254185898394648, -0.485287225166873, 0.37960998026354253, 0.041314875060356054], [-0.3938460377422169, -0.666486852158226, -0.15927511577118483, 0.35953479856434173, 0.2833407157169843, 0.023084496432629407, -0.35161783550137793, -0.3752040476036282, 0.47886497482012397, 0.657960964155702, 0.5392540762042062, 0.060446731281958224]], "inverted": false, "swapped": false, "error_lsq": 0.0445627600861937, "error_max": 0.22701914538812543, "target": "952.xyz", "model": "22.xyz", "model_rescale": 4.166573947596378, "target_rescale": 3.875374591338312},
{"mapping": [11, 2, 6, 9, 8, 12, 0, 3, 13, 14, 7, 15], "R": [[0.1996263716322123, 0.972204246457885, -0.12234465627159219], [-0.9183710369372192, 0.142095355784143, -0.369328510109137], [-0.34167813840486627, 0.18608549925728762, 0.9212102022352723]], "T": [0.010053805578805742, -0.015260661089299778, 0.027467900416253306], "aligned_model": [[-0.0578136044515809, 0.08526369184649389, 0.6514466996466085, -0.3560795692841978, -0.7397644947853821, 0.4464721574347342, -0.16277734069075453, -0.4062075774463347, 0.5427114764780482, 0.3352745656208616, -0.0011674646173474544, 0.045132949797507], [-0.717108250346203, 0.05620942160691294, 0.078976093810599, -0.4373918161542501, 0.22126935023954672, -0.49760898304321877, 0.781645831900848, -0.20918258896173872, 0.1524982996636758, -0.47073227865906675, 0.5240820883701871, 0.040356502526865574], [-0.3259402256030059, -0.6373965515407524, -0.3710822487897513, 0.24701472006311648, 0.21695460285450427, -0.05165525485962388, -0.01525444908968928, -0.3605364795954912, 0.6638214779303743, 0.5867127716902718, 0.4969070651126831, 0.006511440226676126]], "inverted": false, "swapped": false, "error_lsq": 0.04617211983521746, "error_max": 0.23506271533324072, "target": "952.xyz", "model": "23.xyz", "model_rescale": 4.274766983524099, "target_rescale": 3.875374591338312},
{"mapping": [2, 5, 9, 10, 3, 4, 6, 7, 1, 0, 11], "R": [[0.5119852672486993, -0.0365614900711148, -0.8582157907916038], [0.1305164293885846, -0.9841828157746015, 0.11979001124313866], [-0.8490209348301917, -0.1733419815790637, -0.4991152268187286]], "T": [-0.0466611401478718, 0.0332010293260138, 0.00822992330010898], "aligned_model": [[0.4516234421333485, 0.21039347187098645, -0.4934440847929947, -0.516182675473338, -0.4768470239752849, -0.6158496973182792, 0.023870873903073256, -0.031173750092374705, 0.5812889525360639, 0.36670572914889654, -0.12049053398202207], [-0.11047398229897185, 0.6062525808630984, 0.501389545132407, -0.3827502370997716, 0.6062017789423831, -0.279282368307654, -0.6470432339342186, -0.0005877809595979944, -0.11999443866416035, 0.636432587600306, 0.10544207996966323], [-0.48720196842369595, -0.2952762654481803, -0.4898645625782777, -0.3292441406668908, 0.296254013951739, 0.39078125647347045, 0.054541286330206315, 0.6669101218421195, 0.2704119782340915, 0.29710866306711686, 0.005146051239878137]], "inverted": false, "swapped": true, "error_lsq": 0.044318429301386304, "error_max": 0.21189212848592132, "target": "952.xyz", "model": "24.xyz", "model_rescale": 3.7841303162186577, "target_rescale": 3.875374591338312},
{"mapping": [10, 13, 12, 0, 6, 9, 3, 11, 2, 8, 4, 15], "R": [[0.9581285838640771, -0.03587518660766363, -0.2840820088785699], [-0.19039952639692131, 0.661183584732559, -0.7256612760978991], [0.21386359468232688, 0.7493658907810448, 0.6266682731744803]], "T": [0.009990250298705924, -0.1477216657015497, 0.07145667620448046], "aligned_model": [[-0.055236532605103084, 0.08613655532469425, 0.5995594205246934, -0.36984300011973387, -0.5587200959104291, 0.5449868676757673, -0.12622559210819617, -0.4912532302639159, 0.6170404489254775, 0.20726131736940212, -0.03358225556934602, -0.03763241369465442], [-0.8100610302796165, 0.20377855640089554, 0.20356043038180532, -0.6244955492341489, 0.289516521806651, -0.3606737116901322, 0.6227151634368693, -0.0210739569054105, 0.06363743476572248, -0.3699622031439067, 0.4233994094782199, -0.09732739406279069], [-0.3314169245681947, -0.6232730060200963, -0.2513141231539202, 0.4834558451470886, 0.15758310503012218, -0.031357496118708805, -0.12056994751647163, -0.4961196624609391, 0.46593153589022096, 0.5824860816724872, 0.5496057084906891, 0.07104575200703436]], "inverted": true, "swapped": false, "error_lsq": 0.038701178692814794, "error_max": 0.2049387356964579, "target": "952.xyz", "model": "25.xyz", "model_rescale": 4.19342608120988, "target_rescale": 3.875374591338312},
{"mapping": [9, 0, 2, 7, 3, 1, 4, 5, 8, 10, 6, 11], "R": [[0.7923611946047839, -0.4511966385425576, -0.4105914400622307], [-0.541867842452524, -0.21134022642234312, -0.8134583886171434], [0.2802552026284728, 0.8670391583219581, -0.41194674332494036]], "T": [0.040067275282970195, -0.09501884094648702, 0.02756827224524785], "aligned_model": [[-0.042684801023537854, 0.11954658239758748, 0.6761696373841828, -0.6526952933905947, -0.5414068091236525, 0.4904875309231205, -0.1131070050385938, -0.4496605184243301, 0.6921212454425673, 0.1689760436801906, 0.017962494059740465, 0.01678238266197539], [-0.7850340558912197, 0.05624192321051233, 0.3926032679397058, -0.5825211267301955, 0.11755824728773567, -0.3462964399435494, 0.6377680996443494, -0.15289535656901368, 0.007669726956999051, -0.33007813795765795, 0.4830976774023643, 0.024899845604127446], [-0.2312417009855933, -0.6614290278609761, -0.2139350726583814, 0.3154617674482836, 0.24600791965489452, -0.14148327301873515, -0.1565259174627273, -0.38785546194307896, 0.4165628658245542, 0.5979764198976242, 0.6118529912468536, 0.06066535825659371]], "inverted": false, "swapped": false, "error_lsq": 0.04766355178554942, "error_max": 0.2640252870703811, "target": "952.xyz", "model": "26.xyz", "model_rescale": 3.795458400668931, "target_rescale": 3.875374591338312},
{"mapping": [1, 0, 3, 8, 5, 9, 7, 6, 4, 11, 10, 12], "R": [[0.45940694155733847, 0.4486261683571676, -0.7666027805285467], [-0.8192384271903411, -0.11947559447570553, -0.5608689523760193], [-0.343210811985329, 0.8856975462254841, 0.31264387911252634]], "T": [0.11097608663430208, -0.19156779058426293, 0.027583008765894756], "aligned_model": [[-0.1040737733490103, 0.17601826977480517, 0.574595789584129, -0.478465785727255, -0.529020347410831, 0.4908575495831638, -0.06825638406681872, -0.6483275543978084, 0.6613855524401067, 0.186522500801889, 0.07874035879442129, 0.04251531352186427], [-0.6114085769059749, 0.10690725945827045, 0.31525163992632116, -0.5341399727326238, 0.1755879707283946, -0.38509184351171977, 0.5876889786982933, -0.20748949833956837, 0.12399354919656486, -0.36283776622617164, 0.3617123598551683, -0.04716042919279578], [-0.3299648095929276, -0.7456927189065434, -0.2430964968149651, 0.28439868046679506, 0.17745521841355133, -0.023532597087619747, -0.11678702830240123, -0.2955136325249133, 0.571948367163803, 0.7178973766327197, 0.47538694073789683, -0.0164424317860839]], "inverted": false, "swapped": false, "error_lsq": 0.03977687543616179, "error_max": 0.18401551886557183, "target": "952.xyz", "model": "27.xyz", "model_rescale": 3.6321398670334006, "target_rescale": 3.875374591338312},
{"mapping": [12, 4, 3, 9, 13, 8, 1, 6, 0, 10, 2, 14], "R": [[0.5061372650753515, -0.37218967861977914, -0.7780102261737626], [0.4960108259546241, 0.8635925764537857, -0.0904495573771612], [0.7055482474202989, -0.3401216032874393, 0.6217064946896782]], "T": [0.11558973800455241, -0.06928643762856207, 0.05902132225554703], "aligned_model": [[-0.00586916095188679, -0.10180950857548121, 0.7066295858092063, -0.354063704819288, -0.6500175161446516, 0.44047654485772936, 0.04414084596352644, -0.5343064802591081, 0.5292431042363175, 0.2773853457139446, -0.04247274686604127, 0.07315518058438898], [-0.7410272425576043, 0.2667132352015664, 0.20672036712244551, -0.47236669755242666, 0.16949052707174458, -0.4657248268961485, 0.5610413292069889, -0.19516470819655812, 0.09138116829985168, -0.49615660969569303, 0.6193341712246281, -0.02122704227463669], [-0.4073709565372322, -0.6664502759504142, -0.15557649227303516, 0.3110612177555504, 0.21169229342123608, -0.006665678301878933, -0.1527548764272179, -0.3480376459863643, 0.49775644420295584, 0.6885256276593569, 0.425438532101933, 0.05843867873442238]], "inverted": true, "swapped": false, "error_lsq": 0.03952244616453948, "error_max": 0.25906114829547633, "target": "952.xyz", "model": "28.xyz", "model_rescale": 4.156811204709835, "target_rescale": 3.875374591338312},
{"mapping": [8, 5, 9, 3, 1, 2, 10, 6, 4, 11], "R": [[-0.6744438365038391, -0.7383187228878643, -0.003312828884171143], [-0.5876094512790502, 0.5340454990951347, 0.6078737843202008], [-0.4470353947614397, 0.4119233767698326, -0.7940267549025173]], "T": [-0.0556198879171096, -0.04441187817632865, 0.10252684318989001], "aligned_model": [[-0.5508703990497039, 0.015881399432935567, 0.03434425173269612, 0.6480548183058044, -0.16737232586122008, -0.6524268099058008, -0.40996013288595934, -0.4794922086663731, 0.1931559807594187, 0.011610800248790562], [-0.07497319659665626, -0.595520262349781, 0.03264800855317122, 0.0440851859285369, -0.465086303343973, -0.43891553289663143, 0.5364554244146089, 0.2611339415219441, 0.6397033270806536, -0.02081026168566889], [-0.4763472398654178, -0.31907519154043523, -0.7054841903087383, -0.20301825653829597, 0.6475718146072195, 0.051820260576325564, -0.1081644940837246, 0.5461773507042943, 0.2976267227991894, 0.02767995062468348]], "inverted": false, "swapped": true, "error_lsq": 0.04450766933075835, "error_max": 0.2563636435294058, "target": "952.xyz", "model": "29.xyz", "model_rescale": 4.117894457231895, "target_rescale": 3.875374591338312},
