[{"mapping": [6, 4, 9, 7, 5, 3, 0, 1, 12, 11, 5, 8, 2, 13], "R": [[0.8785517890043772, -0.4772069693953836, -0.02050030238024067], [0.38219308252604517, 0.7280749236324309, -0.569065333021499], [0.28648769904909965, 0.49211829262698964, 0.8220367293226314]], "T": [0.12770262584611108, 0.007026171552656743, -0.06536134033904045], "aligned_model": [[-0.6028485162399422, -0.6438567647538067, 0.3679263192819265, -0.17150876145629473, -0.07398587865898398, -0.09124797816837821, 0.5881694157103109, 0.555123005383656, 0.6712453065059494, 0.029171673441952803, -0.07398587865898398, -0.4888890703828466, -0.11170403575477122, 0.08126822674087486], [-0.06355897583927254, -0.389633267295752, -0.335918958468837, -0.06986129575730647, 0.5960200181946025, -0.2291440367920371, -0.6091708947836083, 0.02106176783522578, 0.07800123575208638, 0.6170948985857732, 0.5960200181946025, 0.31062465684981605, -0.7206907892655948, 0.028892940763653487], [-0.2795086026425211, 0.3355895581019394, 0.5358244767515015, 0.6245338296358609, -0.49525581135491636, -0.47704637952536605, -0.12605685459969965, -0.45286480434413223, 0.12076684811345989, 0.25893735000337076, -0.49525581135491636, 0.30642054664507185, -0.1314727669479986, 0.08925286741499444]], "inverted": false, "swapped": false, "error_lsq": 0.05520747523719476, "error_max": 0.3702179293432775, "target": "953.xyz", "model": "0.xyz", "model_rescale": 3.8414455957264533, "target_rescale": 3.916720282226172},
{"mapping": [10, 8, 9, 13, 3, 5, 2, 4, 7, 0, 1, 11, 6, 14], "R": [[0.4263488023292028, 0.6450410663488133, -0.6341519703320652], [0.9043395330613233, -0.2885189735336793, 0.3145263277589013], [0.019917522307810298, -0.7075866198810279, -0.706345855562599]], "T": [-0.00018982797336801992, -0.038766061782945276, 0.023268204309135464], "aligned_model": [[-0.552616952062896, -0.5185602549153826, 0.25611178882256364, -0.1428128670590888, -0.004342454220219163, -0.04890819542842966, 0.5213702203260647, 0.4061607907206305, 0.5816540542558283, 0.3436010693862788, -0.22324330073376347, -0.5113205478864559, -0.020996697618491496, -0.051219590595975785], [-0.2531523138216472, -0.45335799453892095, -0.4360074806570526, 0.10955067462508694, 0.31853882828422597, -0.28873660029406306, -0.41683829266459205, 0.18662028157394076, -0.025166651757386187, 0.5499423015618201, 0.7139669562719382, 0.5882564976686069, -0.7797542019117638, 0.015875313633158215], [-0.31914106530452635, 0.4518799485091623, 0.5152218772826369, 0.7529995350484379, -0.6736484716783148, -0.5845673289821234, -0.3367890576263779, -0.2593930872810067, 0.29571591469506553, 0.26973859061901884, -0.3402397639505106, 0.2913232345360035, -0.22276192422728505, -0.026473955743532198]], "inverted": true, "swapped": false, "error_lsq": 0.04719981509476626, "error_max": 0.27430184637697924, "target": "953.xyz", "model": "1.xyz", "model_rescale": 4.316132596720782, "target_rescale": 3.916720282226172},
{"mapping": [11, 0, 1, 8, 3, 9, 2, 7, 12, 4, 6, 13], "R": [[0.34636227742583914, 0.5857080306375889, 0.7327886977997298], [-0.9313159097356741, 0.3084679011694321, 0.1936445977076029], [-0.11262259564403565, -0.749528956608591, 0.6523208521545493]], "T": [-0.0045255351831213, -0.0300228232067306, 0.02457357791731834], "aligned_model": [[-0.24800454791335294, 0.34918785641904143, 0.1863670751112522, -0.5638606969483693, -0.49476386306793735, -0.5373267007441204, -0.22238709457007225, -0.04210523557925281, 0.6225751576402421, 0.30556644172228314, 0.24013835103686637, 0.002421811525200615], [-0.6814285887677561, -0.5460329685103016, -0.5047037569375931, 0.31542899598170604, -0.24306600644960472, -0.061422256450369986, 0.44208327931690367, 0.562472624087966, 0.040757121011149686, 0.06363445890926167, 0.6230991867869526, 0.0019543387626664334], [0.08380959094346843, 0.06425185706396089, -0.6213835844828876, -0.0030881727258607952, -0.46654985797159343, 0.4424639138064464, -0.6833085191640936, 0.32465666222591044, -0.3709210749469734, 0.7535058225096157, -0.1442816121481843, 0.07010343609961198]], "inverted": true, "swapped": true, "error_lsq": 0.048155908943134124, "error_max": 0.30547593340250995, "target": "953.xyz", "model": "2.xyz", "model_rescale": 3.795458400668931, "target_rescale": 3.916720282226172},
{"mapping": [7, 5, 10, 1, 8, 3, 0, 6, 12, 2, 9, 13], "R": [[0.4560937304293894, -0.81755048129093, 0.35155329553848935], [0.22327523813234817, 0.4875215842520054, 0.8440798972403964], [-0.8614677458268225, -0.30648640333526, 0.4048943164217912]], "T": [-0.037915532781161325, 0.015470135362989915, 0.06057090880596379], "aligned_model": [[0.08317855607335531, -0.024131124556887755, -0.8358334096348282, 0.1959188010139381, 0.15891361322370498, 0.1897048705941728, -0.3611031882211476, 0.5087537175173746, 0.35758218150714316, 0.7955069569520785, -0.42117917779438235, -0.05400797093095641], [-0.05842125682045757, -0.6680138347427054, 0.029362399035407886, -0.018219320221961707, 0.5322533971217606, 0.5977623028822246, -0.2833752883283912, -0.2667833077792688, -0.5441688111213209, 0.2925866584797024, 0.47480766237079264, -0.00202155558607316], [-0.5893438781012502, -0.04967551864401941, -0.02574621395642218, 0.8500068834674435, -0.2960119043877777, 0.429417799732116, 0.5068837490882929, -0.3087887763017764, 0.35223322632046944, 0.06820508783845201, -0.25819758705622925, 0.009788562639801504]], "inverted": false, "swapped": true, "error_lsq": 0.0528249632262456, "error_max": 0.3343717533471688, "target": "953.xyz", "model": "3.xyz", "model_rescale": 3.7530521520055578, "target_rescale": 3.916720282226172},
{"mapping": [8, 2, 6, 12, 7, 1, 9, 3, 11, 0, 13], "R": [[-0.04037369553305031, -0.3227705986729685, -0.9456157281588004], [-0.8635956268985628, -0.46473793217104387, 0.19550255139782918], [-0.5025659736897069, 0.8245227680505105, -0.2599800897292734]], "T": [0.04022053942119697, -0.087120861750438, 0.12306500160231346], "aligned_model": [[-0.3865096726604746, -0.3014541249167093, 0.35695799527309313, 0.4729502195209783, 0.26289967793889674, -0.14432328783257245, -0.2900736208173368, -0.6331285345800352, -0.31563456256362554, 0.24537050878355537, 0.0711450042994355], [-0.5520891594375144, -0.10457165188415476, -0.3420055851209523, 0.35852138938446115, -0.6892172061519668, 0.6965045071870929, -0.5327515798375332, 0.13337579639184333, 0.22989729806872872, 0.40212592788454143, -0.1325863781701996], [-0.06311706858414592, -0.6858841860109973, -0.46824880190925455, -0.2878231922551342, -0.051310856136921074, -0.052711817542813094, 0.5126986373041235, -0.03474974302776315, 0.6329542435183488, 0.45698874767833886, 0.13403481421153482]], "inverted": false, "swapped": true, "error_lsq": 0.048181846434666095, "error_max": 0.20682857183626746, "target": "953.xyz", "model": "4.xyz", "model_rescale": 3.7855080009869324, "target_rescale": 3.916720282226172},
{"mapping": [9, 15, 13, 8, 0, 2, 12, 1, 6, 7, 5, 10, 14, 16], "R": [[0.734552716335166, 0.3341057728517366, -0.5905976968053409], [0.6652424270688563, -0.5261267266548811, 0.5297576622635656], [-0.13373413981540813, -0.7820255750591307, -0.6087291514304773]], "T": [0.061956318588415625, -0.00023527193940587297, -0.010591790335957843], "aligned_model": [[-0.5916874552438495, -0.4803811217464263, 0.3364790900316971, -0.10583687789356144, 0.21972770304208175, -0.13850824596295372, 0.43713670314416886, 0.605178557757364, 0.5365913967999694, 0.08117755938456492, -0.19366204076005175, -0.5388442312760701, -0.16606933048885208, 0.033575356202581785], [-0.19421488124986488, -0.4070062986508382, -0.44258651148388684, 0.004693440483741868, 0.40136590928966076, -0.2677441713743365, -0.5491204606999367, 0.0005763444824916821, 0.2264635099434183, 0.6827095944347975, 0.7119463846557919, 0.32290184956458845, -0.6191587397472774, -0.0410886516749987], [-0.21561800171176898, 0.4581571182761424, 0.4932239177438514, 0.6728780516993955, -0.66043682171152, -0.6694078759478937, -0.1556090017767611, -0.5378610565941264, 0.3759392858932616, 0.2969571086561969, -0.29792397960931677, 0.24550462522452818, -0.16104258924523182, -0.03089633500010868]], "inverted": true, "swapped": false, "error_lsq": 0.03765801980397893, "error_max": 0.26280870385440475, "target": "953.xyz", "model": "5.xyz", "model_rescale": 4.2253639853439635, "target_rescale": 3.916720282226172},
{"mapping": [2, 4, 0, 1, 11, 6, 7, 12, 9, 8, 5, 10, 3, 13], "R": [[-0.855238554401797, -0.5149853455342784, -0.057940563939819736], [0.5147545825255292, -0.8312346540444416, -0.20994444428130482], [0.05995610755955395, -0.2093777538339674, 0.975994990440909]], "T": [-0.0018994180456301142, 0.02746709414358671, 0.02947957860413222], "aligned_model": [[-0.6304752784183125, -0.4514655785801195, 0.44310042514542475, -0.12514761108574035, 0.2819524812376621, -0.07293482196277667, 0.38568579088580923, 0.7941617873541044, 0.47819323543621156, 0.0960979920227921, -0.3477972146170594, -0.6167722374575046, -0.17753773725205937, -0.022184169717768275], [-0.0736896174589686, -0.38234292260191166, -0.5121980194110247, 0.07766248090639229, 0.4003037870148308, -0.19127196075685415, -0.5763603750471992, -0.06440745684644883, 0.19831850673012608, 0.7323286682612213, 0.423640704130448, 0.4494908546080769, -0.6251054504335247, -0.026631881121811987], [-0.18225449869976348, 0.3912216547908234, 0.421652186136357, 0.7512801660369401, -0.5917890336203144, -0.5712076656209296, -0.3089894883652658, -0.44925770697840167, 0.36551122350581616, 0.22805335469499224, -0.32285896814841, 0.2582585897503519, -0.1857173720918205, 0.009962004506272618]], "inverted": true, "swapped": false, "error_lsq": 0.04453780691671268, "error_max": 0.2871064243151041, "target": "953.xyz", "model": "6.xyz", "model_rescale": 3.89814844738969, "target_rescale": 3.916720282226172},
{"mapping": [3, 2, 8, 1, 9, 6, 12, 11, 0, 5, 7, 10, 13], "R": [[0.3588053607969612, 0.7979310589909498, 0.48431883936198905], [0.8335170847166675, -0.04035701061086222, -0.5510177684793682], [-0.42012853098640013, 0.6013961562831411, -0.679569481847937]], "T": [-0.05360077915122621, 0.09696450086565764, 0.019897822733037047], "aligned_model": [[0.253241829071871, -0.07843482910229435, 0.4649169640223335, -0.4399067164287026, 0.5856857046469192, -0.34341043411509786, -0.7751481474994623, 0.19971971777399458, -0.37263191715336763, -0.6186184284220678, 0.0753485407905983, 0.24354472202256464, -0.04567520470306615], [-0.36958007428818285, 0.1899957581472578, 0.3169957004645362, -0.5748747052280344, 0.17173425129245745, 0.6442845063865954, 0.08001264931751356, -0.49503036595125294, -0.29922742794514334, 0.4065234634597069, 0.7492372057860393, -0.002112918215356363, 0.14582322224434902], [-0.44389848870794096, -0.8531275775839184, -0.3202250612860756, -0.2601422407369903, 0.23254216268787092, -0.34258255993172887, -0.16384963941569478, 0.28913973957633937, 0.38623794860132377, 0.2737145415621343, -0.0007258951023311304, 0.7589545154400352, 0.04623758573327175]], "inverted": false, "swapped": true, "error_lsq": 0.046102696855014974, "error_max": 0.24379363264964524, "target": "953.xyz", "model": "7.xyz", "model_rescale": 3.7474275329858107, "target_rescale": 3.916720282226172},
{"mapping": [3, 2, 13, 4, 6, 0, 12, 10, 11, 9, 5, 8, 1, 14], "R": [[-0.18796430032115513, 0.804448072632181, 0.5635004172519735], [-0.348724836060887, -0.5910070615056826, 0.7273937324205688], [0.9181832118477697, -0.05978253665401023, 0.39161925104893125]], "T": [0.06870039521523874, -0.029266816489092587, -0.029081627730598927], "aligned_model": [[-0.5554193824986493, -0.6224480124655205, 0.39633690703349334, -0.2318320555318361, -0.0873937601999043, -0.09717087405111255, 0.5627286815466681, 0.5919461547819047, 0.6149422842090712, 0.22655466827663293, -0.22946538437062414, -0.4046016758702766, -0.17995806010252233, 0.05065757223333857], [0.1291674373243335, -0.4234496338725715, -0.42165183072275414, -0.12876317702157775, 0.32721807516725776, -0.2720248831955607, -0.38908810261871435, 0.03787722125062967, 0.22860826747451685, 0.6492147864519995, 0.6039970925421976, 0.27994456440049653, -0.7222679601771931, -0.06904453902970831], [-0.3445299234457005, 0.2457333662013555, 0.7103777324921144, 0.6864647132804306, -0.7470588105600661, -0.618800612254473, 0.055223254404493244, -0.5740301693194099, 0.11788842149399, 0.27927722658551074, -0.18105351139416465, 0.3524728078235431, -0.17981386547628575, 0.011713816065310474]], "inverted": false, "swapped": false, "error_lsq": 0.050747401382616866, "error_max": 0.292344866184646, "target": "953.xyz", "model": "8.xyz", "model_rescale": 4.019505241142653, "target_rescale": 3.916720282226172},
{"mapping": [0, 1, 5, 4, 10, 7, 6, 11, 9, 3, 2, 8, 13], "R": [[-0.734682945006426, -0.5005667840185304, 0.4579015888310839], [-0.6443811157485804, 0.7259824792411061, -0.24025490109787884], [-0.2121649075207766, -0.4715743150048387, -0.8559227286644615]], "T": [-0.007262021412385952, -0.05524436462088493, -0.010782040851468808], "aligned_model": [[-0.37140910845487674, -0.8300845121886761, 0.08188452297107636, 0.536422631647576, 0.2645293982391197, 0.5942092978829165, 0.21702713454367162, -0.31368218211101156, 0.40251733416991115, -0.40664123012669745, -0.20466704574359934, 0.3041035403759133, 0.04549099053585269], [-0.47220756100523337, -0.013518402824038878, -0.01093850768851358, -0.43235486826463526, -0.8105188352892073, 0.21592793367766588, 0.5650291393347537, -0.6052793264404634, -0.3560536340926779, 0.07494624896524389, 0.7509394928305163, 0.2162132014146967, -0.05880665250404774], [-0.30487826855657263, -0.026425760152166886, -0.6960444042809777, -0.4562768263534397, -0.008237038869399946, -0.09569837105722626, -0.2934408584772883, 0.29036349236964915, 0.43764855846030054, 0.5812229397979213, 0.2765222208999351, 0.5013900315914713, -0.02944222132832687]], "inverted": true, "swapped": true, "error_lsq": 0.05245673419084933, "error_max": 0.30240527058851685, "target": "953.xyz", "model": "9.xyz", "model_rescale": 3.877068213659057, "target_rescale": 3.916720282226172},
{"mapping": [12, 5, 7, 4, 10, 11, 8, 9, 2, 13, 6, 3, 0, 15], "R": [[0.8989716766919815, -0.3484593093209774, -0.2653790388353146], [-0.2610346567472544, 0.06030835171706595, -0.9634437247135996], [0.35172550729574775, 0.935381746914445, -0.03674445613736612]], "T": [0.01863977957364965, 0.05008725957534779, 0.005021999415616745], "aligned_model": [[-0.6243376517689336, -0.6011733431195674, 0.4216432047931827, 0.02768847979168771, 0.11143872567809118, -0.017752024619521675, 0.4761868001825465, 0.6121136517187074, 0.5996746681715728, 0.16895314984725324, -0.34350361116666966, -0.4615894833042407, -0.3123710709611471, -0.022094432252298374], [-0.0734964738239405, -0.3275638309063126, -0.41441750437735403, 0.04137169701104895, 0.30678841937186596, -0.29474217378221934, -0.5518181990038035, 0.04717832122752513, 0.2005067902527764, 0.7747944531425355, 0.5014903408902012, 0.26617593076485835, -0.6232087636059113, -0.023321689187918937], [-0.35484227963513515, 0.29520606003546884, 0.5417809145193883, 0.6817293510370713, -0.6497326489992729, -0.6464559931072077, -0.14887237563637, -0.28381291027933964, 0.2880905087420451, 0.2282794075180867, -0.20803197930200368, 0.3592068155604297, -0.2611927966238265, -0.027487627932685856]], "inverted": true, "swapped": false, "error_lsq": 0.03584937495271776, "error_max": 0.21516544457651338, "target": "953.xyz", "model": "10.xyz", "model_rescale": 4.260839863003843, "target_rescale": 3.916720282226172},
{"mapping": [10, 11, 1, 0, 12, 5, 4, 9, 3, 2, 7, 13], "R": [[-0.3824246894323642, -0.8931055883686345, -0.2368834416696843], [-0.691939239629185, 0.10690870788308793, 0.7139962302702682], [-0.6123491206607101, 0.43695873512665184, -0.6588593311341742]], "T": [0.027309876436358297, 0.05102580387737893, 0.032760944781022226], "aligned_model": [[0.4580921950612986, 0.2395754630449629, -0.5078970866318067, -0.26178346162319305, -0.710850981547123, -0.4158953986984715, 0.18016891262165685, 0.7011489397791735, 0.1523504331915747, -0.1705918907211567, 0.24651584409768007, 0.04806568051953461], [-0.0036181529450079464, -0.5371202802056958, -0.5695035614177493, -0.22902387784282557, 0.14250527673895583, 0.48904117525495844, 0.5726579682112987, 0.03469183369686997, -0.5201074456915147, 0.03254516760436188, 0.6603919629344641, 0.10061843919481855], [-0.6423369820544091, -0.2773163210817269, 0.1194756878095638, -0.4478128965263822, 0.07059153654659481, -0.2692427647932835, -0.5510240653294064, -0.03913799396030187, 0.4629875312864454, 0.8882948430608183, 0.18486148512405234, 0.01683801731354019]], "inverted": true, "swapped": true, "error_lsq": 0.045400334794478685, "error_max": 0.2369313175746551, "target": "953.xyz", "model": "11.xyz", "model_rescale": 3.890672605050136, "target_rescale": 3.916720282226172},
{"mapping": [4, 10, 9, 11, 3, 7, 5, 8, 6, 1, 0, 2, 12, 13], "R": [[0.7150259015870625, 0.6443412489417191, 0.2712237360037542], [-0.42602099363486723, 0.09399402224947062, 0.8998173352207249], [0.55429601571901, -0.758939706889547, 0.3417110596168046]], "T": [0.08740742970288128, 0.03764224817315605, 0.07135234446979422], "aligned_model": [[-0.5424753935730766, -0.6318561934344618, 0.4234461946695387, -0.10537156321484091, -0.06649061211379216, 0.032307156294690956, 0.4643133766889943, 0.5934485265438354, 0.5421999814694601, 0.0487159772889597, 0.03054208578919841, -0.5523352956863087, -0.2020261136941578, 0.0004589359626233497], [0.15378119003396123, -0.4185079342593756, -0.5227786247776444, 0.018157682784864987, 0.33319015098319416, -0.43338894822037466, -0.5982943458922266, 0.1838009436105476, 0.2622288686221993, 0.7864554152894035, 0.5541043209542135, 0.1837916519500168, -0.6294575152742904, -0.04334553783113809], [-0.21292994296736284, 0.3436157388890073, 0.494231534809243, 0.5863463012270655, -0.7900592794775593, -0.6372079861801955, -0.17051277763358316, -0.42032955462165766, 0.34481701991157476, 0.27890981278561805, -0.20923240170769863, 0.34509260594765495, -0.09093837094568452, -0.04793825413977365]], "inverted": true, "swapped": false, "error_lsq": 0.046859218211364885, "error_max": 0.35595731440391115, "target": "953.xyz", "model": "12.xyz", "model_rescale": 4.124412569039231, "target_rescale": 3.916720282226172},
{"mapping": [6, 7, 4, 2, 5, 12, 8, 1, 9, 3, 0, 10, 13], "R": [[-0.674152793489998, 0.1949464606001281, -0.7124000902085253], [0.35987383997212286, 0.9289978884716648, -0.0863350596160543], [0.6449874652528927, -0.3145771776761172, -0.6964426530246244]], "T": [0.1173247764317167, 0.12530047318720303, -0.06875550468279853], "aligned_model": [[-0.17531750160430137, -0.07215201404041575, 0.6546010063537643, -0.6607265565880078, 0.5307123958447226, 0.2690369944976053, -0.4462152156424115, 0.15531801944536489, 0.016411402948396853, -0.34261826607355916, 0.6492277515178688, 0.6604740018740759, 0.12854628897665418], [-0.11411878161211078, 0.4247636623411236, 0.5218146034201038, -0.27341415924907464, -0.12856725021757207, -0.5634783807676337, 0.4646003142741898, -0.5336329389454252, 0.7773159091517218, 0.01868873648232386, -0.09110268726258886, 0.685321720644059, 0.15929462824936078], [0.541145938099348, 0.4942127809684502, 0.3675720501738923, 0.015551431771930052, 0.4253664207529638, 0.17051044174808197, -0.05274768822836087, -0.5620970750265989, -0.22427946289157027, -0.6201261428026087, -0.32015736731073985, -0.2576515082742365, -0.025601738012712386]], "inverted": false, "swapped": true, "error_lsq": 0.041707775300008104, "error_max": 0.2329945571416681, "target": "953.xyz", "model": "13.xyz", "model_rescale": 3.9028299243045295, "target_rescale": 3.916720282226172},
{"mapping": [12, 14, 7, 10, 2, 1, 6, 3, 4, 0, 8, 13, 11, 15], "R": [[-0.7860480651998394, -0.6018826950738989, -0.1409455943482057], [0.6110049436838836, -0.7218747008845368, -0.3249151812653801], [0.09381576620932712, -0.3415174045249241, 0.9351815141549347]], "T": [0.01380375485621212, 0.017887636502684545, -0.04328027524205445], "aligned_model": [[-0.6479837131090526, -0.5168627035195761, 0.5228014227062662, -0.032300679263096044, 0.16729673733578324, -0.06576716565708408, 0.419146620701882, 0.632388221848142, 0.3518710914721256, 0.46939061099077817, -0.24134509509708715, -0.658527478837024, -0.4167269502018029, 0.051496143620408635], [0.08489782385124045, -0.5410660888920812, -0.45134646992208743, -0.11127810667852545, 0.29161657343989766, -0.3463291853619637, -0.4384701964054909, 0.08343038254175195, 0.36503653547759385, 0.7032563405675867, 0.6980994743856322, 0.12410058664270834, -0.5524359239284224, -0.07977442774448865], [-0.24769962607881146, 0.39147769835378793, 0.540987371755554, 0.6892108127528496, -0.7093599573886679, -0.5754581881831007, -0.31131563056035944, -0.08507562039099793, 0.4305988145441898, -0.1429134286125438, -0.30542161026771336, 0.3682302024110885, -0.23097960064670248, 0.0015832082080752055]], "inverted": false, "swapped": false, "error_lsq": 0.051764880982396545, "error_max": 0.3836173635815997, "target": "953.xyz", "model": "14.xyz", "model_rescale": 3.942246331269136, "target_rescale": 3.916720282226172},
{"mapping": [8, 7, 9, 2, 13, 11, 10, 4, 5, 3, 12, 0, 6, 14], "R": [[0.9509252620867858, -0.2785414576974256, -0.1347434683722048], [-0.30061551674381476, -0.9348127600591806, -0.18909102232360625], [-0.07329022457345391, 0.2203174073338977, -0.9726709531016346]], "T": [0.0663334890946686, 0.016767541742056156, -0.03670123957115955], "aligned_model": [[-0.657308567969724, -0.45535606466492784, 0.2700695108796255, -0.17090107052402084, -0.021864889250270525, -0.04051733094411561, 0.6028361147807241, 0.5048417833997508, 0.3033408671122301, 0.5081653113893498, -0.13486873955220544, -0.537162007764488, -0.14105139046575607, 0.004653536564491162], [-0.17357064133453357, -0.4664763331808161, -0.5956139885672234, 0.03855602281953551, 0.36008566139379405, -0.340797919379728, -0.4313395845313951, 0.08669737977727304, 0.23472681371464754, 0.5820380629912129, 0.7680154523512152, 0.1949960341126553, -0.49948384201250323, 0.07190419981921736], [-0.23407012161315816, 0.4379511331993552, 0.44459160360819433, 0.6884835261639938, -0.7683319943111679, -0.6489437306858774, -0.17940881490645672, -0.4194338753635891, 0.5101998636600672, 0.005746482571667863, -0.28813810670812645, 0.3437527952954464, -0.09384500423216022, 0.015310689218459357]], "inverted": false, "swapped": false, "error_lsq": 0.04844917909684859, "error_max": 0.3320844804902462, "target": "953.xyz", "model": "15.xyz", "model_rescale": 4.355366556412066, "target_rescale": 3.916720282226172},
{"mapping": [11, 0, 1, 8, 3, 9, 2, 7, 12, 4, 6, 13], "R": [[0.34636227742583914, 0.5857080306375889, 0.7327886977997298], [-0.9313159097356741, 0.3084679011694321, 0.1936445977076029], [-0.11262259564403565, -0.749528956608591, 0.6523208521545493]], "T": [-0.0045255351831213, -0.0300228232067306, 0.02457357791731834], "aligned_model": [[-0.24800454791335294, 0.34918785641904143, 0.1863670751112522, -0.5638606969483693, -0.49476386306793735, -0.5373267007441204, -0.22238709457007225, -0.04210523557925281, 0.6225751576402421, 0.30556644172228314, 0.24013835103686637, 0.002421811525200615], [-0.6814285887677561, -0.5460329685103016, -0.5047037569375931, 0.31542899598170604, -0.24306600644960472, -0.061422256450369986, 0.44208327931690367, 0.562472624087966, 0.040757121011149686, 0.06363445890926167, 0.6230991867869526, 0.0019543387626664334], [0.08380959094346843, 0.06425185706396089, -0.6213835844828876, -0.0030881727258607952, -0.46654985797159343, 0.4424639138064464, -0.6833085191640936, 0.32465666222591044, -0.3709210749469734, 0.7535058225096157, -0.1442816121481843, 0.07010343609961198]], "inverted": true, "swapped": true, "error_lsq": 0.048155908943134124, "error_max": 0.30547593340250995, "target": "953.xyz", "model": "16.xyz", "model_rescale": 3.795458400668931, "target_rescale": 3.916720282226172},
{"mapping": [3, 2, 8, 1, 9, 6, 12, 11, 0, 5, 7, 10, 13], "R": [[0.3588053607969612, 0.7979310589909498, 0.48431883936198905], [0.8335170847166675, -0.04035701061086222, -0.5510177684793682], [-0.42012853098640013, 0.6013961562831411, -0.679569481847937]], "T": [-0.05360077915122621, 0.09696450086565764, 0.019897822733037047], "aligned_model": [[0.253241829071871, -0.07843482910229435, 0.4649169640223335, -0.4399067164287026, 0.5856857046469192, -0.34341043411509786, -0.7751481474994623, 0.19971971777399458, -0.37263191715336763, -0.6186184284220678, 0.0753485407905983, 0.24354472202256464, -0.04567520470306615], [-0.36958007428818285, 0.1899957581472578, 0.3169957004645362, -0.5748747052280344, 0.17173425129245745, 0.6442845063865954, 0.08001264931751356, -0.49503036595125294, -0.29922742794514334, 0.4065234634597069, 0.7492372057860393, -0.002112918215356363, 0.14582322224434902], [-0.44389848870794096, -0.8531275775839184, -0.3202250612860756, -0.2601422407369903, 0.23254216268787092, -0.34258255993172887, -0.16384963941569478, 0.28913973957633937, 0.38623794860132377, 0.2737145415621343, -0.0007258951023311304, 0.7589545154400352, 0.04623758573327175]], "inverted": false, "swapped": true, "error_lsq": 0.046102696855014974, "error_max": 0.24379363264964524, "target": "953.xyz", "model": "17.xyz", "model_rescale": 3.7474275329858107, "target_rescale": 3.916720282226172},
{"mapping": [7, 11, 10, 3, 6, 9, 5, 4, 8, 0, 2, 1, 12, 13], "R": [[0.16071882016877376, 0.9592682933551593, -0.23232262525857722], [-0.7235141471422819, 0.27460655506858705, 0.6333391814804603], [0.671339511520463, 0.06629918006161895, 0.7381786226887251]], "T": [-0.04196045491506797, -0.03145297802579434, 0.020694298007000723], "aligned_model": [[-0.7308185282419306, -0.508471138021998, 0.20140138197633436, -0.0179624632175615, 0.15605894766717995, 0.01744859758956078, 0.4644111843107185, 0.6893207045288682, 0.5690235495010986, 0.22451981603322105, -0.3379219505493443, -0.47646466664268794, -0.17266496948836552, -0.043003402454430364], [-0.22952496379371745, -0.36093078623137215, -0.5412974493496125, 0.05424081725891649, 0.33495578218728916, -0.1720167073270652, -0.5226429937030977, 0.15754498442844517, 0.0902867514355212, 0.7601416481433095, 0.5118775876623882, 0.38597561582168544, -0.7046484680986045, 0.06577549953926556], [-0.21095484466927034, 0.46290331900635606, 0.4172709007823478, 0.6935017378836884, -0.628560465626207, -0.6307936668407748, -0.13911830524134755, -0.3238829183771995, 0.3794873244678998, 0.059535047180930264, -0.32720139512610513, 0.360514656195194, -0.2775691515292897, -0.0212677922095735]], "inverted": true, "swapped": false, "error_lsq": 0.040514167689846524, "error_max": 0.25984995884652407, "target": "953.xyz", "model": "18.xyz", "model_rescale": 3.922800546911778, "target_rescale": 3.916720282226172},
{"mapping": [3, 9, 4, 10, 5, 12, 13, 8, 6, 1, 0, 2, 7, 14], "R": [[-0.4647118304348544, -0.8320809879284881, 0.3027938972004529], [-0.4781225028646349, -0.05202105625270642, -0.8767512087022236], [0.7452796702636832, -0.552209235013599, -0.37366184426209703]], "T": [0.07762239836509202, -0.019878117975215274, -0.020255460764447928], "aligned_model": [[-0.4735906133096537, -0.6116816774225633, 0.5244314187145069, -0.002221580942837184, 0.13973432390563803, -0.004745608098062654, 0.3893235663832073, 0.6474620474700774, 0.5352727205427528, 0.15215939074959842, -0.4535778803412793, -0.4353274900511329, -0.3827730626726139, 0.010411508063024863], [-0.03472880425809223, -0.22167101065847963, -0.3415239924365064, -0.11978612891739693, 0.39230702984506044, -0.30367702267151225, -0.6166790130313508, 0.0721362887813983, 0.24754991470373344, 0.6978523077712452, 0.5312959836724623, 0.257768087168976, -0.643797121533351, -0.0873092004628353], [-0.3444358371947457, 0.36299733502448106, 0.4496091685370057, 0.7761388985708992, -0.6596139148477097, -0.7491503350577038, -0.1562143528477665, -0.22324998600775212, 0.42111309482290027, 0.14494228940159462, -0.3556298921870402, 0.3955858064645251, -0.21253680544862824, -0.03569102333341198]], "inverted": false, "swapped": false, "error_lsq": 0.0453772164541548, "error_max": 0.2393063934071044, "target": "953.xyz", "model": "19.xyz", "model_rescale": 3.9282355846067225, "target_rescale": 3.916720282226172},
{"mapping": [11, 10, 2, 1, 8, 9, 7, 6, 5, 3, 4, 0, 12, 13], "R": [[-0.5322843031661866, -0.3318491192954359, 0.7788129317273378], [0.8442925338559567, -0.14072059558157318, 0.5170762335035866], [-0.061996273097464305, 0.9327775061621131, 0.3550810979480797]], "T": [0.0782072628546738, -0.010282796339894245, -0.09918697327842484], "aligned_model": [[-0.625402742725718, -0.4708158924544643, 0.23638195607854443, -0.00793153240427577, 0.024286943364847102, -0.27638593523632704, 0.47377922651517046, 0.6534665046134671, 0.6068847736151385, 0.175599788345516, -0.1828721568841559, -0.4827183841360779, -0.09428728139397477, 0.004891795692973544], [0.08774721766660805, -0.5404523786350279, -0.4477360038572171, 0.14426231429323824, 0.2368891714709516, -0.3145399906972031, -0.4894707774206531, 0.2629654430159086, 0.12782657270018702, 0.6383526957962066, 0.5374415621990154, 0.3898455230047638, -0.7974536608006272, -0.005940370762799619], [-0.19238701473228043, 0.3004730546639086, 0.580762780759488, 0.6289591061845783, -0.8165573076266016, -0.6092027071408223, -0.14390248214444995, -0.24498223560582805, 0.3356877719621576, 0.2697869600304619, -0.2758318390169679, 0.30757676011390234, -0.37011502205920155, 0.04359662050830336]], "inverted": true, "swapped": false, "error_lsq": 0.04387363088338454, "error_max": 0.22883715609685842, "target": "953.xyz", "model": "20.xyz", "model_rescale": 4.067790424073018, "target_rescale": 3.916720282226172},
{"mapping": [12, 3, 4, 6, 9, 7, 8, 1, 5, 13, 10, 11, 0, 14], "R": [[0.659970440169824, -0.7411768439725503, 0.12286539000442281], [-0.10719939695049852, -0.25476681131952594, -0.9610422265142832], [0.743604268005166, 0.6210883655398572, -0.24759227531474107]], "T": [0.005142498581564223, -0.07996028474811766, 0.07123835221486917], "aligned_model": [[-0.6548119974280892, -0.7623638131907524, 0.4927199829410843, -0.08072183636936, -0.127563120788381, 0.2199367164843779, 0.4730625441332398, 0.5042701453645614, 0.5553464952670566, 0.1764977128350687, -0.10814085779487285, -0.456161943944904, -0.17778340350532873, -0.019409561013037722], [0.060420863200728134, -0.32246260740423527, -0.5028964605379627, -0.08114164812219456, 0.20272587049086632, -0.33334961541435537, -0.3547523945973249, 0.2588996557942644, 0.061658563336726965, 0.5885967206763357, 0.6501510462514036, 0.3299730555443315, -0.7103686136379241, -0.017717117607308375], [-0.29175898027518665, 0.3466865352672607, 0.5464916348865222, 0.8062096598584981, -0.6404692111092329, -0.5968344344400138, -0.10399869883482359, -0.48495463065285815, 0.23150620537425454, 0.1886795124748939, -0.2828677718042803, 0.2640727936436956, -0.20002071718745873, 0.031122548695377707]], "inverted": true, "swapped": false, "error_lsq": 0.04676902700305312, "error_max": 0.2960223954780662, "target": "953.xyz", "model": "21.xyz", "model_rescale": 4.186013935880536, "target_rescale": 3.916720282226172},
{"mapping": [6, 5, 12, 8, 9, 2, 7, 4, 1, 0, 10, 3, 13], "R": [[-0.18836745074301614, 0.5064012570330924, -0.8414722041611842], [0.9717526813009894, 0.22014463289648473, -0.0850474396511155], [0.14217745913088872, -0.8337230400331852, -0.5335648626295669]], "T": [0.00404500373301826, -0.0023458805339934274, 0.06828802358187851], "aligned_model": [[0.17315683369230916, -0.367232994268013, 0.13320290799992612, 0.3029064175767275, -0.17511836801192876, 0.8098505682580109, -0.15378071929704776, -0.7609517684601249, 0.43647646444675725, -0.25527212052202886, -0.6526705133843206, 0.6025519107776306, -0.034544583384672235], [-0.4054741245568507, 0.06349625771141013, 0.3205669809476941, -0.513609302510017, -0.32824035058170514, -0.2596152114142853, -0.6222390433411112, -0.19775320451021733, 0.6929119222683694, 0.5676303823719215, 0.0992709563691308, 0.1438722848977909, -0.041860888106036845], [-0.5007723073228335, -0.5124977227124329, -0.5902912195941905, 0.3550798011503914, 0.6350230762105404, -0.168217321042535, -0.11429470914492736, -0.04514413284364589, -0.024675692975398913, 0.039379753435498016, 0.5185272121358007, 0.4521278022012167, 0.05863502183786234]], "inverted": true, "swapped": true, "error_lsq": 0.04751192438549318, "error_max": 0.299014019436002, "target": "953.xyz", "model": "22.xyz", "model_rescale": 4.166573947596378, "target_rescale": 3.916720282226172},
{"mapping": [9, 8, 0, 7, 12, 11, 2, 6, 5, 13, 14, 10, 3, 15], "R": [[0.10853079469141613, -0.6420446745094393, 0.7589464424699005], [-0.07408452355671458, -0.7665569268200699, -0.6378886747023691], [0.991328679083292, 0.013004379194656301, -0.13076060625714953]], "T": [-0.00955831639451895, -0.10306080070123845, -0.0592663194922024], "aligned_model": [[-0.5821962999696899, -0.5223315065215681, 0.26894336422617443, -0.017934805485265347, 0.10956813931462603, -0.19570930749786059, 0.4371682849493732, 0.6971119058332536, 0.5161784633124079, 0.09461302350659626, -0.3014657093419871, -0.3416119913774423, -0.17986953343989392, 0.05241303548193875], [-0.11580016761692784, -0.5269068607562036, -0.4062090993994554, 0.11521106923954698, 0.23271120055916628, -0.2618332317264042, -0.5343872833002188, 0.0350563612017475, 0.30578399237226667, 0.6761516686570979, 0.6016667668031638, 0.4357528833384994, -0.6227206970394522, -0.10473928435947522], [-0.23919023279903281, 0.4006220507499664, 0.6459242120138868, 0.6216719103592881, -0.6092185046401267, -0.8090879323335545, -0.3184998980456345, -0.30553543767651486, 0.4382361979299898, 0.2550414889304243, -0.2693303401196928, 0.3411851805998053, -0.30901486003317225, -0.028939389038983486]], "inverted": true, "swapped": false, "error_lsq": 0.04281128341466244, "error_max": 0.24785010300032959, "target": "953.xyz", "model": "23.xyz", "model_rescale": 4.274766983524099, "target_rescale": 3.916720282226172},
{"mapping": [5, 7, 4, 0, 9, 11, 1, 3, 2, 8, 13], "R": [[0.6133893760193169, -0.7738145192557029, 0.15800178219152727], [0.7881734268220073, 0.5870095520105755, -0.18493900372824906], [0.05035993088048274, 0.2379724262123853, 0.969965464191537]], "T": [-0.043490959332763986, 0.0751461510560643, -0.018664107162683595], "aligned_model": [[0.06799335348628266, 0.22933329603736813, -0.3792908589905215, -0.4257988952936704, -0.3911360358760943, -0.6179735231434925, 0.007028390143548516, 0.030736889977729297, 0.7318459956264013, 0.1728115101431548, -0.04565541815263105], [-0.0336489650392449, 0.6369505545621662, 0.45440437559432273, -0.3731405705969407, 0.5844622583053515, -0.15273605040612387, -0.7156853989416972, -0.1332716088341565, -0.001723207326788767, 0.5297787755709386, 0.12019636835565611], [-0.6933710752429709, -0.24769616674790612, -0.634839864841245, -0.23275207175170248, 0.26282362420819455, 0.3056195532639057, 0.20729139293713014, 0.6726936215725696, 0.386784536297133, 0.40498713317721935, -0.051974248850750755]], "inverted": false, "swapped": true, "error_lsq": 0.05491034572748113, "error_max": 0.3124654378763995, "target": "953.xyz", "model": "24.xyz", "model_rescale": 3.7841303162186577, "target_rescale": 3.916720282226172},
{"mapping": [9, 10, 11, 7, 5, 12, 13, 3, 6, 4, 2, 8, 14, 15], "R": [[0.7254744417192224, -0.35471553619420093, 0.5897997310906838], [-0.14845247948563484, -0.9174334216056538, -0.36915820220538215], [0.67204813499239, 0.18025760817064868, -0.7182329002140233]], "T": [-0.0996373509146306, 0.03817243359309193, 0.13782193314056493], "aligned_model": [[-0.5325587672246012, -0.4903797771976159, 0.41954540700835047, -0.01731359481707423, 0.21621098599684146, -0.05332712951962293, 0.3205540206286481, 0.6405370165611362, 0.5353961750744249, 0.25735916396550024, -0.3605324447662069, -0.5164866390440914, -0.3506741150755622, -0.03345323859946328], [-0.12328831754092746, -0.550700719483669, -0.4642700023803425, -0.13106338948132834, 0.3614092983301916, -0.15696963373192807, -0.5127650928942202, 0.09420556950082475, 0.2532480431867349, 0.6697985621620862, 0.48147065214970186, 0.45583292030285943, -0.6003849000539752, 0.05321432790734318], [-0.22085644879725266, 0.4630970031430446, 0.39749178424241005, 0.7602266210009414, -0.6139070757375481, -0.5935786707575986, -0.22536816922961397, -0.17523410185212632, 0.40708269016033416, -0.036265013327973855, -0.41373356484303325, 0.17323623062314605, -0.2603288385473955, 0.15200199981931473]], "inverted": false, "swapped": false, "error_lsq": 0.044145874514249304, "error_max": 0.24339464990219187, "target": "953.xyz", "model": "25.xyz", "model_rescale": 4.19342608120988, "target_rescale": 3.916720282226172},
{"mapping": [11, 0, 1, 8, 3, 9, 2, 7, 12, 4, 6, 13], "R": [[0.34636227742583914, 0.5857080306375889, 0.7327886977997298], [-0.9313159097356741, 0.3084679011694321, 0.1936445977076029], [-0.11262259564403565, -0.749528956608591, 0.6523208521545493]], "T": [-0.0045255351831213, -0.0300228232067306, 0.02457357791731834], "aligned_model": [[-0.24800454791335294, 0.34918785641904143, 0.1863670751112522, -0.5638606969483693, -0.49476386306793735, -0.5373267007441204, -0.22238709457007225, -0.04210523557925281, 0.6225751576402421, 0.30556644172228314, 0.24013835103686637, 0.002421811525200615], [-0.6814285887677561, -0.5460329685103016, -0.5047037569375931, 0.31542899598170604, -0.24306600644960472, -0.061422256450369986, 0.44208327931690367, 0.562472624087966, 0.040757121011149686, 0.06363445890926167, 0.6230991867869526, 0.0019543387626664334], [0.08380959094346843, 0.06425185706396089, -0.6213835844828876, -0.0030881727258607952, -0.46654985797159343, 0.4424639138064464, -0.6833085191640936, 0.32465666222591044, -0.3709210749469734, 0.7535058225096157, -0.1442816121481843, 0.07010343609961198]], "inverted": true, "swapped": true, "error_lsq": 0.048155908943134124, "error_max": 0.30547593340250995, "target": "953.xyz", "model": "26.xyz", "model_rescale": 3.795458400668931, "target_rescale": 3.916720282226172},
{"mapping": [5, 0, 12, 6, 2, 9, 10, 7, 11, 1, 8, 3, 13], "R": [[-0.7853495010930406, -0.6186904941011863, -0.021171529036476955], [0.162045282886542, -0.2384628540708083, 0.9575368366400456], [-0.5974675618199978, 0.7485703305216116, 0.2875325596095729]], "T": [-0.12487375003881634, -0.11588064147007007, -0.03837805017686742], "aligned_model": [[0.12072930507817448, 0.3604639584812359, 0.45762930649690164, -0.22533625165069618, -0.138631427342543, -0.6792745822432869, -0.3176219178943821, -0.628702396536321, 0.03445311070514914, 0.6015962594276252, -0.6588165009678328, -0.0647876399489219, -0.16202484078384577], [-0.6406317977694044, -0.38582383081787286, -0.1902403878491197, -0.10903973705238737, 0.5929849668965039, -0.11585527494196211, -0.6166191076255209, -0.30511067575398043, -0.03732424383008634, 0.254730946357309, 0.2650684799479197, 0.5644141715875151, -0.154672005891999], [-0.41760092046125935, 0.2523657932733377, -0.49646310465066773, -0.7488717800345939, -0.5568037151060272, 0.35166689065462065, 0.5586359456182007, -0.4293532866412318, 0.6365769484124979, 0.07956689241341983, -0.09073127966099472, 0.20761355950545018, -0.054465281223326265]], "inverted": false, "swapped": true, "error_lsq": 0.0458545984201904, "error_max": 0.38953590160069085, "target": "953.xyz", "model": "27.xyz", "model_rescale": 3.6321398670334006, "target_rescale": 3.916720282226172},
