[{"mapping": [2, 9, 12, 7, 1, 4, 5, 8, 3, 11, 6, 10, 13], "R": [[0.4988017974381754, -0.10672695127310167, 0.8601198316190566], [-0.7203605369762038, -0.6028847260829447, 0.3429441701257624], [0.4819517233497569, -0.7906575522486594, -0.3776018689471195]], "T": [0.08070941337971445, 0.07375585839184909, -0.18422543094562213], "aligned_model": [[-0.027694102555822067, -0.6410932933958062, -0.2972821490191076, -0.357298540114513, 0.19346268284769286, -0.024568072058953547, 0.7403943433822352, 0.1892903664129581, 0.4233132280272223, 0.09827366551314531, 0.5693694767133953, -0.5905676445592565, -0.0124560184471523], [-0.6869848935250247, -0.02056388056805719, 0.3709024086982037, 0.051021446456656766, 0.15136185304816785, -0.47004890084014395, 0.4432908649875257, 0.21490885405395382, -0.30918230229241606, 0.6655808240014031, -0.295097650291381, 0.7849916446493074, 0.11148085419835896], [-0.15628922656014724, -0.10147392885476525, -0.5066321839300103, 0.43142598151538125, -0.744857327327425, 0.5946181101506786, -0.15851682403081793, 0.5766064427799114, -0.2800445160928947, 0.18522896132969527, 0.2737098437629837, 0.05859073917729135, -0.05601899873837493]], "inverted": true, "swapped": false, "error_lsq": 0.05103142026422698, "error_max": 0.32523291358544393, "target": "954.xyz", "model": "0.xyz", "model_rescale": 3.8414455957264533, "target_rescale": 3.9885274920156553},
{"mapping": [3, 11, 13, 10, 0, 5, 7, 6, 4, 9, 2, 8, 14], "R": [[0.20708461714009216, 0.7730244600381262, -0.5996241702322426], [-0.4055733504776081, -0.4899280621227786, -0.7716739929056744], [-0.8902955794152352, 0.4029933971262839, 0.21206155508792376]], "T": [-0.007070037017965915, 0.07420410118195038, -0.016124794706078076], "aligned_model": [[-0.008096810587619109, -0.6740818871748808, -0.2653551399400873, -0.4524108728317131, 0.1639488390546873, 0.07441684629792689, 0.5201169748797063, 0.16840557454125182, 0.3691015937370882, 0.27124424259901303, 0.6251528090340018, -0.4665493709600906, -0.06274885590324664], [-0.7088997744443158, 0.01732788962388708, 0.6495445572939688, -0.12823833407751667, 0.016548991757563206, -0.3459148230877346, 0.30883202704961177, 0.2036710073430129, -0.2809123456926158, 0.6949922787271897, -0.06675593288535724, 0.6468173892776019, 0.004648191691260017], [-0.004982633550614617, -0.5435010270478722, -0.4369800736425006, 0.46248767982140415, -0.7182257859397293, 0.4850565719671439, -0.2989296621050758, 0.7338577409176817, -0.18406659481092852, 0.03557511220664553, 0.3374699865678034, 0.27592855911297903, -0.02734280031543059]], "inverted": true, "swapped": false, "error_lsq": 0.042936762547658915, "error_max": 0.2238885536651422, "target": "954.xyz", "model": "1.xyz", "model_rescale": 4.316132596720782, "target_rescale": 3.9885274920156553},
{"mapping": [3, 7, 11, 4, 1, 0, 2, 8, 9, 10, 6, 12], "R": [[-0.5635006324471117, -0.5970739848179054, -0.5709375569056331], [-0.6540144300423003, -0.0998051157131109, 0.7498693647389109], [-0.5047099786294603, 0.7959532621524711, -0.3342547560479722]], "T": [-0.08167077827639652, -0.05359621830338098, 0.04767701220623006], "aligned_model": [[-0.2435153489767164, 0.45306208500378303, 0.266823413427228, -0.31943687534767584, -0.6681550897716111, -0.5936591249590708, -0.19079885868070864, -0.2191606181206753, 0.43633523975648564, 0.3039905338989943, 0.4440272846560193, -0.07170408625427149], [-0.6746023767052559, -0.3226640178791433, -0.5471048548367403, 0.5412219826030944, -0.2432028771447882, -0.13796335905626833, 0.3193592590859276, 0.4121276820255625, 0.07550693714065906, 0.09008929265871682, 0.5337169546133624, -0.033708194764146215], [0.059116802210894055, 0.1742979218053505, -0.6240697733306096, -0.16720864061415508, -0.3597669433676633, 0.5720745076093388, -0.7723003738994361, 0.4810488746423094, -0.4665969263018463, 0.5940882291547417, 0.007630885988656452, -0.04905610268815922]], "inverted": true, "swapped": true, "error_lsq": 0.047378018470294415, "error_max": 0.27686647582540025, "target": "954.xyz", "model": "2.xyz", "model_rescale": 3.795458400668931, "target_rescale": 3.9885274920156553},
{"mapping": [11, 9, 2, 8, 3, 0, 4, 7, 6, 10, 1, 12], "R": [[0.5506396226583397, -0.3260405167630617, 0.7684358056386734], [-0.5622958163650753, -0.8252501304469376, 0.052779135040715505], [0.6169436123804305, -0.4611505216588053, -0.6377466389694241]], "T": [0.11066100924252388, 0.10800813997287398, 0.0693053988563941], "aligned_model": [[-0.10700166932710607, -0.04276291808144543, -0.6938567916313717, 0.2628648200402449, 0.1844372016237576, 0.2643385387543325, -0.3397186052712803, 0.5745607616599775, 0.2242409535660293, 0.7227274094246127, -0.49093374646938903, 0.03440787145520319], [-0.18441628065609275, -0.5599052207734897, -0.30993436599000834, 0.15643543821455838, 0.5427296922584004, 0.7532794914782881, -0.08189802923607284, -0.12756083865545145, -0.6049986475382347, -0.049473268941284676, 0.49880472076471916, 0.05270635436437795], [-0.7573466660663047, -0.2132337742744953, 0.031321065788734795, 0.7002587848628308, -0.39711439923301567, 0.3921841913037344, 0.5357934507515614, -0.25267883461335705, 0.3880840460208784, 0.33106811467166725, -0.10757561194477962, 0.0380110633716456]], "inverted": false, "swapped": true, "error_lsq": 0.048675658041237635, "error_max": 0.24699564732755275, "target": "954.xyz", "model": "3.xyz", "model_rescale": 3.7530521520055578, "target_rescale": 3.9885274920156553},
{"mapping": [7, 11, 9, 2, 6, 1, 10, 3, 0, 4, 12], "R": [[-0.4019908031432438, -0.48769692218597327, 0.774954905964585], [0.7854687929162825, 0.2512926418531682, 0.5655888820557685], [-0.4705764226381178, 0.8360644234990414, 0.28205338185586]], "T": [-0.14335598095432506, -0.04144679505536512, 0.14100536008051345], "aligned_model": [[-0.3995680032823143, -0.2592057492359281, 0.23938649936691886, 0.5457057015961408, 0.43829581964752534, -0.17571896449348845, -0.2288480804054583, -0.7149903670533522, -0.4902080094182911, 0.4652214456139347, -0.08187068989048224], [-0.5489854286077736, -0.044989647079317775, -0.3322851530457124, 0.3317751016368797, -0.5746703063689237, 0.674318392292217, -0.6216463576493749, 0.1735343610839458, 0.23484977242349067, 0.1908677020561484, -0.015565078427233064], [-0.08511298427576947, -0.7549907332434979, -0.4232612316751214, -0.3164517999271341, 0.1569043700033119, -0.03943283853176199, 0.4931487403584821, -0.05645454412226425, 0.7305785038994661, 0.32039527935567025, 0.06750801540393504]], "inverted": true, "swapped": true, "error_lsq": 0.04146384119711002, "error_max": 0.20263297102973854, "target": "954.xyz", "model": "4.xyz", "model_rescale": 3.7855080009869324, "target_rescale": 3.9885274920156553},
{"mapping": [8, 14, 2, 13, 9, 6, 5, 4, 10, 0, 7, 1, 16], "R": [[-0.3581893399839922, 0.639844247388858, -0.6799262723304771], [-0.41813165172645006, -0.7610665913660724, -0.4959269758048443], [-0.8347851930564789, 0.10666293915795606, 0.5401450720536506]], "T": [-0.08042649400659689, 0.030638088654133436, 0.0005897344059261848], "aligned_model": [[0.009653441213888156, -0.5846802376740434, -0.2853874434790884, -0.5713342151240156, -0.039497862643749784, -0.020703949763024018, 0.6644980836815068, 0.2703389823806024, 0.443245176167879, 0.21447428912010597, 0.5633029847425878, -0.2913493142561578, -0.10941599162045251], [-0.6650571617618037, 0.025848534922158016, 0.5670704516499357, -0.4379048711684951, 0.02325803966782751, -0.1784240250587456, 0.33585452828318696, 0.3673064766260194, -0.3293561539744806, 0.7487007996654662, -0.16135947744128687, 0.6790954395499542, 0.036628541616818826], [0.057190068177024884, -0.4504120623812739, -0.46418657383360323, 0.25425239035542085, -0.7101735182040877, 0.616059732363536, -0.08327648737417004, 0.5579215574526823, -0.35597218336602254, 0.07735792109042405, 0.33243120962963363, 0.3294036133047884, -0.044248594032846714]], "inverted": false, "swapped": false, "error_lsq": 0.04545582285027512, "error_max": 0.30733169350289635, "target": "954.xyz", "model": "5.xyz", "model_rescale": 4.2253639853439635, "target_rescale": 3.9885274920156553},
{"mapping": [10, 9, 12, 1, 11, 4, 6, 3, 5, 7, 2, 0, 13], "R": [[0.35450916576368163, 0.6046273471310106, -0.7132664456504701], [-0.9320710184314531, 0.2893706375845333, -0.21796387476844648], [0.07461144677388876, 0.7420851738211978, 0.6661401705385064]], "T": [-0.04703917565883553, -0.005879875532635331, -0.031388438827996454], "aligned_model": [[0.0501716352453111, -0.6206759106469508, -0.10401886341213629, -0.5634521575020107, 0.2246690291870329, -0.009448581282904989, 0.5123862051965766, 0.33728977421797873, 0.3661459089614606, 0.10492592258495778, 0.5002181145933322, -0.5245150398555527, -0.01055209454105667], [-0.7721533826337589, 0.08546903590307924, 0.7396946328561019, -0.35879484387211336, 0.13469710239977797, -0.14557494429161175, 0.2924845087726152, 0.38911138936876444, -0.385684981012657, 0.7689614773772466, -0.28327165331269, 0.5230874384823784, 0.023635342539421747], [0.07764112114287623, -0.21898561401213346, -0.5901511184098214, 0.35263556987986083, -0.7469068197994527, 0.6614200103016422, -0.13973928356875065, 0.4150223939667729, -0.3242492148792004, 0.04554466694221097, 0.24015321897630448, 0.33640638052097105, 0.007555762120225774]], "inverted": true, "swapped": false, "error_lsq": 0.04655110668731551, "error_max": 0.2810069615506781, "target": "954.xyz", "model": "6.xyz", "model_rescale": 3.89814844738969, "target_rescale": 3.9885274920156553},
{"mapping": [7, 11, 10, 8, 2, 3, 1, 6, 0, 5, 0, 9, 12], "R": [[-0.11522589885746565, 0.13595736614749812, 0.9839911518010335], [0.4422554203386078, -0.8799725889071779, 0.173373544559487], [0.8894566517900749, 0.4551525429592087, 0.04126775041306885]], "T": [-0.04149586161574108, -0.02400212326198707, -0.06941094462282622], "aligned_model": [[-0.11156983961812125, -0.8380266712997492, -0.2559284045427497, -0.4948340374051654, 0.29486607341796384, 0.16089275942887343, 0.7059522476539428, 0.14830234577965357, 0.5078247055133385, 0.18865858995477824, 0.5078247055133385, -0.4773572487345283, -0.07346128291553702], [-0.6767303044302903, -0.11030520503899104, 0.49947940841977073, -0.07637978992985749, 0.21817386192227028, -0.45329777647622305, 0.37097407219680606, 0.2188563001685232, -0.22702065758128215, 0.7055415868113272, -0.22702065758128215, 0.7148269161082, 0.054563367987583655], [-0.051797351531224764, -0.1853023443164193, -0.5372671549846252, 0.4300165783683286, -0.6436576558727755, 0.5841378484086759, -0.07998170636986443, 0.5325627073471915, 0.02025943354154057, 0.062390070318507254, 0.02025943354154057, 0.1797925482034729, -0.21506533347284212]], "inverted": true, "swapped": false, "error_lsq": 0.0517556092716152, "error_max": 0.345404016593334, "target": "954.xyz", "model": "7.xyz", "model_rescale": 3.7474275329858107, "target_rescale": 3.9885274920156553},
{"mapping": [5, 2, 1, 8, 0, 9, 10, 11, 6, 12, 7, 13, 14], "R": [[0.8742946830972468, -0.37395358233178366, -0.30946328597930756], [-0.3445795587830316, -0.9271910513823217, 0.14690705192548165], [-0.34186800782871746, -0.021805331865642805, -0.9394949668441301]], "T": [-0.034422742710604304, 0.1175766114439456, -0.009262618564800434], "aligned_model": [[0.07753020908010232, -0.7916878649718336, -0.30147057009543454, -0.5101668154263101, 0.19960654113950202, 0.05910785318093023, 0.7045666316028939, 0.29114586032648715, 0.4812983502638004, 0.11100832984657957, 0.4958240013042978, -0.4666490854575939, -0.08696949804738327], [-0.5825177865455592, 0.06544019446602657, 0.4752102444341771, -0.3276330111010794, 0.08650478583959276, -0.25106960660417177, 0.26775515110282544, 0.27445196016573503, -0.39814912482442777, 0.70917766618836, -0.22155024093990439, 0.7681332287993625, 0.14590766159561847], [0.09250100219894852, -0.3731593408380797, -0.6138992553088063, 0.1923962149280919, -0.6244683350379007, 0.6508074032051575, -0.09053051238476392, 0.49657842886982667, -0.3766817492717819, 0.08820847437828194, 0.25094691311656275, 0.43578603601490723, -0.012138206688938143]], "inverted": true, "swapped": false, "error_lsq": 0.04104615419007293, "error_max": 0.2609587459583913, "target": "954.xyz", "model": "8.xyz", "model_rescale": 4.019505241142653, "target_rescale": 3.9885274920156553},
{"mapping": [7, 9, 10, 8, 1, 4, 2, 5, 0, 6, 3, 11, 12], "R": [[0.05286758473716796, -0.14631171331689574, -0.987824833171516], [0.316342686289688, 0.9407149707560964, -0.12240362995589962], [0.9471706938641433, -0.3060199770303097, 0.09601796885628391]], "T": [0.021827346035050245, 0.13948072257547176, -0.037696600948000855], "aligned_model": [[-0.19289195465917305, -0.6208723289715679, -0.21713372186290972, -0.49807938766360044, 0.0413465556625244, 0.20831359789492288, 0.5967381754318474, 0.16761308456778753, 0.34383525364983164, 0.14227454246090107, 0.7206974434743771, -0.443222390579577, 0.01452507334067364], [-0.7397964314410531, 0.0456469528103499, 0.7448199443196301, -0.18473641734336496, 0.04593653979627732, -0.47507669625849036, 0.25413628593261595, 0.34051276376589973, -0.4165884958164655, 0.8555094507427692, -0.013935359433125044, 0.4050919983397816, 0.15014058716173018], [-0.018953644679570218, -0.25093921589280177, -0.6816234546084395, 0.2464110649530652, -0.7064071425833545, 0.48683817203327173, -0.11709308859198293, 0.5858876804424394, -0.1364083523336404, -0.008419113365009431, 0.43822870876776154, 0.2792086161982479, -0.0003831571584810081]], "inverted": false, "swapped": false, "error_lsq": 0.050355916932877456, "error_max": 0.29653966176617524, "target": "954.xyz", "model": "9.xyz", "model_rescale": 3.877068213659057, "target_rescale": 3.9885274920156553},
{"mapping": [7, 9, 10, 2, 11, 4, 12, 3, 0, 6, 5, 13, 15], "R": [[0.723161098600595, -0.2619647946147043, -0.6390715702120195], [0.690182954622295, 0.2390119121458023, 0.683023275592601], [-0.026182334113283134, -0.9350121668913635, 0.3536477529201866]], "T": [-0.03644815167317437, 0.07270649848464598, 0.013156696218946698], "aligned_model": [[-0.23020543963865672, -0.5664223282057554, -0.2050509899767609, -0.6368883400740724, 0.159845657026255, -0.06330366042305308, 0.6119061247333392, 0.3005719576424323, 0.550647759469956, 0.11485568601684304, 0.6739400706656359, -0.4786602269985156, 0.0319076725083905], [-0.6902173173601156, -0.01347136158759317, 0.5400435140663851, -0.1350700481219369, 0.0890359625079206, -0.23627411912279633, 0.35852054089009994, 0.26536341221613363, -0.24668559242273408, 0.6674679595734853, -0.14584256157243491, 0.5177169242007441, 0.041073809309396934], [0.22923986075042443, -0.3707001163318209, -0.49318308717063236, 0.20461385796235468, -0.6980798084225744, 0.6147383110790415, -0.22378692817886123, 0.5152145636372152, -0.4193628050970278, 0.0737415807083116, 0.25519042145780857, 0.4648786210843476, -0.03615739829708082]], "inverted": false, "swapped": false, "error_lsq": 0.046266047988332525, "error_max": 0.32350672351097143, "target": "954.xyz", "model": "10.xyz", "model_rescale": 4.260839863003843, "target_rescale": 3.9885274920156553},
{"mapping": [0, 4, 2, 1, 11, 3, 5, 8, 6, 9, 7, 12], "R": [[-0.8245135477996407, 0.5625937572361756, 0.060544808313621634], [0.0399168866010991, 0.1645636128544955, -0.9855584505691943], [-0.564432504077259, -0.810189534394983, -0.15814191948346934]], "T": [0.07428174720243191, 0.044508686857463356, -0.10387868239211304], "aligned_model": [[0.42393214146350555, 0.18495828166745898, -0.430702061123638, -0.42489489221461635, -0.7204824795472771, -0.2595004465633026, 0.26135851514691955, 0.6731079001924745, 0.40037407277062836, -0.2426181602501245, 0.08924892674561286, 0.004116850806489505], [0.11505259478626108, -0.6200695390441011, -0.6562189249899483, -0.24587641911573072, 0.2884875862327595, 0.463379401290394, 0.733825184793297, -0.1894510867616952, -0.19982066186316266, -0.05388305138512882, 0.546872235068433, -0.009218813478443777], [-0.7496423958430458, -0.05285183445390462, 0.17422167196799968, -0.5647737708124145, 0.24976922217090167, -0.4575875377363867, -0.1950820784427637, -0.2052859867273707, 0.5720398579932953, 0.5589705144804953, 0.2450861002915806, -0.05868568549288172]], "inverted": true, "swapped": true, "error_lsq": 0.050233032766168535, "error_max": 0.28390312059003653, "target": "954.xyz", "model": "11.xyz", "model_rescale": 3.890672605050136, "target_rescale": 3.9885274920156553},
{"mapping": [10, 4, 3, 2, 7, 11, 5, 6, 12, 8, 9, 1, 13], "R": [[0.8362893125347892, 0.32820112663510026, -0.4392086135488927], [-0.030981256122249473, 0.828060513160656, 0.5597820542972046], [0.5474124108103298, -0.454532514810065, 0.7026662404522226]], "T": [0.017549660016838643, 0.15948504947284906, 0.12921134465416953], "aligned_model": [[-0.13272362854508066, -0.5192671549175113, -0.3571328216028366, -0.5117722084627301, 0.2733343619959512, -0.0683302863178687, 0.7204407513450205, 0.1872630831421234, 0.2880350884773842, 0.22989522678681945, 0.6806093370839051, -0.5354175304604375, 0.0082097242212988], [-0.7125371588282321, -0.0600388071688977, 0.624558988047375, -0.30226028206903044, 0.16472847120673714, -0.21394020622368068, 0.14113518501172903, 0.47043983182070137, -0.35548674067312025, 0.8054200457210317, -0.14307533931848296, 0.4848666702494854, 0.1078504648009398], [0.0006200874978068704, -0.2641002714900972, -0.5753327814501754, 0.23954602648751658, -0.6841218361754203, 0.5241042125573278, -0.2033237332561099, 0.5837031721798744, -0.33637842659241124, -0.10925959012222777, 0.4023953335765743, 0.569270860522961, -0.030775980554112736]], "inverted": true, "swapped": false, "error_lsq": 0.05411215343402705, "error_max": 0.3145619578653704, "target": "954.xyz", "model": "12.xyz", "model_rescale": 4.124412569039231, "target_rescale": 3.9885274920156553},
{"mapping": [3, 6, 1, 9, 1, 7, 4, 10, 0, 2, 5, 11, 12], "R": [[-0.4564699718723161, 0.6625073928458441, -0.5939016073420657], [-0.7440384111892367, -0.650261779094477, -0.15351371705447653], [-0.48789548824915696, 0.3718112062236529, 0.7897559239870435]], "T": [0.007945331229144259, -0.059167471779770525, 0.04282886858343085], "aligned_model": [[-0.18727663309448223, -0.5286316207869193, -0.07258755457858906, -0.5350126451531352, -0.07258755457858906, 0.07598663710870363, 0.6549445436309589, 0.15946581234948265, 0.39681424521095615, 0.06014323146674383, 0.6702735612278243, -0.3971454101232794, 0.03875733006636256], [-0.6990032073147003, -0.12833848615015675, 0.3040427089346994, -0.2253801368496122, 0.3040427089346994, -0.2841281080870839, 0.36340682282770465, 0.4092944650491601, -0.32563035923365025, 0.7956107629937096, -0.27678804159596193, 0.7298749451975316, 0.044657047870215724], [-0.20466252913379682, -0.3507614769793158, -0.6813652475467497, 0.3364464052763757, -0.6813652475467497, 0.6240695823350201, -0.10242690733599022, 0.592551189251838, -0.29561742071868646, -0.05217145887516075, 0.3389850476712628, 0.49434455692399737, 0.09832057985946144]], "inverted": true, "swapped": false, "error_lsq": 0.05102901935177165, "error_max": 0.3637786641333222, "target": "954.xyz", "model": "13.xyz", "model_rescale": 3.9028299243045295, "target_rescale": 3.9885274920156553},
{"mapping": [7, 3, 8, 6, 5, 9, 13, 11, 10, 12, 14, 1, 15], "R": [[0.5940868352088162, 0.32423338436215465, 0.7361613577855312], [0.6443111711473968, 0.3560950028041925, -0.6768009040423578], [-0.48158482842199624, 0.876395493737243, 0.002644161646153286]], "T": [-0.12588982303318783, 0.1364567605085827, -0.12456009384061337], "aligned_model": [[-0.09388711900490784, -0.6333591077905291, -0.17152410398723392, -0.5558081443990592, 0.17254954951657067, -0.012506620623934317, 0.6380017548602442, 0.14783311879280023, 0.3876572968820371, 0.24408929336854787, 0.617566741350776, -0.36189716561908614, -0.11557155060018759], [-0.7546999751222212, -0.19802515452185854, 0.7204892606157711, -0.09370246130686516, 0.25733341974867485, -0.32845501308593417, 0.30916823787009595, 0.33265597320235035, -0.38918092450779906, 0.7161130185171038, -0.032712254434874466, 0.42575139793501793, 0.0469255976670937], [0.03494995384259206, -0.26343492519457923, -0.6278797842740179, 0.32997838837678484, -0.5225859822175052, 0.4852322877519132, -0.2634548547436817, 0.5330403231257986, -0.24836228189224352, -0.01800323137255852, 0.3245555193820917, 0.4072367684523641, -0.05492510805545257]], "inverted": false, "swapped": false, "error_lsq": 0.04445812713175758, "error_max": 0.29384214314231266, "target": "954.xyz", "model": "14.xyz", "model_rescale": 3.942246331269136, "target_rescale": 3.9885274920156553},
{"mapping": [9, 4, 13, 5, 11, 2, 8, 0, 6, 12, 7, 1, 14], "R": [[0.7035148126622379, -0.6613099816012744, -0.2602614389404211], [0.5853699023528431, 0.7468785681762311, -0.3154591603020046], [0.4029999823625794, 0.06958097896368687, 0.9125510953268401]], "T": [-0.09895921636316407, 0.032816934648777524, -0.08563206356879896], "aligned_model": [[-0.027628280505689065, -0.49896093125336216, -0.1362531760815714, -0.43942325290505657, 0.19319395758759028, 0.061302498804509, 0.6416348160144526, 0.33457951675605424, 0.32381915711204295, -0.2487003272536913, 0.5582326466882926, -0.4264361368216234, -0.07221654539590952], [-0.7518865539523144, 0.08226534087942858, 0.6604431253427925, -0.1166887672787158, 0.0457037127949837, -0.1673825132676565, 0.2453794243681864, 0.25100146236984844, -0.28208008275592344, 0.8311476490601762, -0.3601340115531345, 0.4943285186166828, 0.07956381795220077], [0.07963934563235217, -0.5113285048608937, -0.6010196573550269, 0.42867508503199836, -0.740301047526387, 0.6333145842048429, -0.15759450834897032, 0.4667782564079136, -0.27241456994908786, 0.005592540017104103, 0.2947202956285858, 0.4943742814060622, -0.004089027106986942]], "inverted": true, "swapped": false, "error_lsq": 0.05244815841139678, "error_max": 0.3794180923843231, "target": "954.xyz", "model": "15.xyz", "model_rescale": 4.355366556412066, "target_rescale": 3.9885274920156553},
{"mapping": [3, 7, 11, 4, 1, 0, 2, 8, 9, 10, 6, 12], "R": [[-0.5635006324471117, -0.5970739848179054, -0.5709375569056331], [-0.6540144300423003, -0.0998051157131109, 0.7498693647389109], [-0.5047099786294603, 0.7959532621524711, -0.3342547560479722]], "T": [-0.08167077827639652, -0.05359621830338098, 0.04767701220623006], "aligned_model": [[-0.2435153489767164, 0.45306208500378303, 0.266823413427228, -0.31943687534767584, -0.6681550897716111, -0.5936591249590708, -0.19079885868070864, -0.2191606181206753, 0.43633523975648564, 0.3039905338989943, 0.4440272846560193, -0.07170408625427149], [-0.6746023767052559, -0.3226640178791433, -0.5471048548367403, 0.5412219826030944, -0.2432028771447882, -0.13796335905626833, 0.3193592590859276, 0.4121276820255625, 0.07550693714065906, 0.09008929265871682, 0.5337169546133624, -0.033708194764146215], [0.059116802210894055, 0.1742979218053505, -0.6240697733306096, -0.16720864061415508, -0.3597669433676633, 0.5720745076093388, -0.7723003738994361, 0.4810488746423094, -0.4665969263018463, 0.5940882291547417, 0.007630885988656452, -0.04905610268815922]], "inverted": true, "swapped": true, "error_lsq": 0.047378018470294415, "error_max": 0.27686647582540025, "target": "954.xyz", "model": "16.xyz", "model_rescale": 3.795458400668931, "target_rescale": 3.9885274920156553},
{"mapping": [7, 11, 10, 8, 2, 3, 1, 6, 0, 5, 0, 9, 12], "R": [[-0.11522589885746565, 0.13595736614749812, 0.9839911518010335], [0.4422554203386078, -0.8799725889071779, 0.173373544559487], [0.8894566517900749, 0.4551525429592087, 0.04126775041306885]], "T": [-0.04149586161574108, -0.02400212326198707, -0.06941094462282622], "aligned_model": [[-0.11156983961812125, -0.8380266712997492, -0.2559284045427497, -0.4948340374051654, 0.29486607341796384, 0.16089275942887343, 0.7059522476539428, 0.14830234577965357, 0.5078247055133385, 0.18865858995477824, 0.5078247055133385, -0.4773572487345283, -0.07346128291553702], [-0.6767303044302903, -0.11030520503899104, 0.49947940841977073, -0.07637978992985749, 0.21817386192227028, -0.45329777647622305, 0.37097407219680606, 0.2188563001685232, -0.22702065758128215, 0.7055415868113272, -0.22702065758128215, 0.7148269161082, 0.054563367987583655], [-0.051797351531224764, -0.1853023443164193, -0.5372671549846252, 0.4300165783683286, -0.6436576558727755, 0.5841378484086759, -0.07998170636986443, 0.5325627073471915, 0.02025943354154057, 0.062390070318507254, 0.02025943354154057, 0.1797925482034729, -0.21506533347284212]], "inverted": true, "swapped": false, "error_lsq": 0.0517556092716152, "error_max": 0.345404016593334, "target": "954.xyz", "model": "17.xyz", "model_rescale": 3.7474275329858107, "target_rescale": 3.9885274920156553},
{"mapping": [0, 1, 11, 2, 3, 6, 5, 9, 8, 12, 4, 7, 13], "R": [[0.4135278377863829, 0.7293639704568485, -0.544998097221578], [0.50412458227822, -0.6818652110755592, -0.5300172067656799], [-0.758190696934834, -0.05557006860086283, -0.6496605533331743]], "T": [0.015737032287040962, 0.1376129923943735, -0.06424421010817458], "aligned_model": [[-0.10085848354948507, -0.5834674402171514, -0.28817467700071053, -0.4632007376353354, -0.05225036714204914, 0.07936193869615377, 0.6981150523119608, 0.1809235749958024, 0.47973365183347305, 0.22076836157120477, 0.6109490067307173, -0.4935883367235587, -0.025167601124984156], [-0.6887647480714275, -0.07073377874820139, 0.5966351913426312, -0.17742089603592073, -0.01519775717768762, -0.21309438214389523, 0.36145609604398743, 0.29951260850785694, -0.2805213659877397, 0.8232290990527904, -0.32540873357230393, 0.6460810652213309, 0.05588872414513381], [-0.012788340371857693, -0.34004130925012144, -0.5318690123124179, 0.35433073597908504, -0.7219795441471241, 0.6198281692415825, 0.02221063015928529, 0.5636300498088158, -0.4202291067099292, 0.15284939093990527, 0.2829724496049002, 0.1581679510569776, -0.010734990817595422]], "inverted": true, "swapped": false, "error_lsq": 0.03887068777439552, "error_max": 0.23441404907619934, "target": "954.xyz", "model": "18.xyz", "model_rescale": 3.922800546911778, "target_rescale": 3.9885274920156553},
{"mapping": [11, 2, 0, 10, 3, 4, 12, 8, 7, 5, 13, 1, 14], "R": [[-0.4184880640989366, 0.21444919952476418, 0.8825413763840835], [-0.8844561722283217, 0.12461416385323096, -0.44967609406592396], [-0.2064098341018421, -0.9687532456670007, 0.13752137795885433]], "T": [-0.008634141013338599, 0.10905125081056555, 0.08467971576002728], "aligned_model": [[0.07115978394167488, -0.6323868288943597, -0.22653897184887023, -0.5781475452800435, 0.09031567063206342, -0.051094707745505015, 0.6880307969958501, 0.2532611178219811, 0.3719922628331586, 0.2538649058075778, 0.5320310914883468, -0.5328394496216196, 0.023495816615783684], [-0.5981194439890697, 0.013472230412301306, 0.652729548804179, -0.43154978873840333, 0.18418790299299928, -0.33831343684074344, 0.2730380835630509, 0.3948490936599333, -0.36786544134718513, 0.8118317370752611, -0.2452611011941634, 0.611134710632686, 0.0515270275457095], [0.11271809527239456, -0.25432795083277404, -0.5114528438826952, 0.26908591322212194, -0.5427855516924913, 0.6520676567735767, -0.241480256337983, 0.5580940379386533, -0.43096069042906093, -0.05577511231428131, 0.3169674907309905, 0.22995193518202073, 0.014244349551034444]], "inverted": false, "swapped": false, "error_lsq": 0.0480336502659844, "error_max": 0.29793963567603526, "target": "954.xyz", "model": "19.xyz", "model_rescale": 3.9282355846067225, "target_rescale": 3.9885274920156553},
{"mapping": [8, 12, 10, 7, 11, 6, 0, 5, 4, 1, 3, 2, 13], "R": [[0.9024820787897367, 0.17138168951706506, 0.3951637811865247], [-0.19535820841546475, 0.980508852355805, 0.02091795536380184], [-0.3838766310522889, -0.096076568164035, 0.9183724871650754]], "T": [-0.04452787426874766, -0.05011847486974491, 0.022780382606677627], "aligned_model": [[0.02552457636846521, -0.812759613925254, -0.3204354393005331, -0.5977062279408831, 0.1865437303410773, 0.045294995156507895, 0.5605313848328077, 0.07047557834555754, 0.4882967755483782, 0.29868021063528516, 0.6343603270822378, -0.3269224644350295, 0.011260110037421368], [-0.7813796239106867, -0.037889285891938844, 0.5906880087350879, -0.03305077504707922, -0.021501602771829532, -0.38411494457477724, 0.32802404848714894, 0.207337909744352, -0.32157126404605185, 0.6025933308877602, 0.08511052888464957, 0.6803851736640112, 0.09702961841590865], [-0.17463128166680914, -0.3411767390283414, -0.48266636544864966, 0.30878768851156485, -0.6548258153433757, 0.5770567256070378, -0.3393087130612203, 0.6616704890857334, -0.18161903210743746, 0.15573264993557906, 0.31804127698921286, 0.2783854007177581, -0.009099211009546318]], "inverted": true, "swapped": false, "error_lsq": 0.04898553562858313, "error_max": 0.2803909801133343, "target": "954.xyz", "model": "20.xyz", "model_rescale": 4.067790424073018, "target_rescale": 3.9885274920156553},
{"mapping": [10, 12, 3, 9, 11, 1, 6, 8, 13, 2, 5, 0, 14], "R": [[0.9546762187461537, -0.02057157352656481, -0.2969345512451982], [0.24557573313799064, 0.6181342766381761, 0.7467279125215135], [0.16818405588605742, -0.7858033000742869, 0.5951699731489113]], "T": [0.08455567157344294, 0.15126663536450857, 0.06769783613470537], "aligned_model": [[-0.11984746935822298, -0.5705516506103864, -0.21610214403276962, -0.49149065264605746, 0.029486681336419948, 0.023605440898564707, 0.5984578148816883, 0.1826563164003791, 0.4052529232022269, 0.15610457096869712, 0.5697036002844543, -0.35454267317345695, 0.05041118459450057], [-0.6188822175027161, 0.02103221014336687, 0.6318138074983266, -0.34806167851449005, -0.050413870567108054, -0.4684487016807475, 0.450372708978188, 0.23648923826010154, -0.44159111297119646, 0.8887409212915274, -0.02765109467455923, 0.6533961966357985, 0.08486471568006396], [-0.12302951365613041, -0.30765167805991667, -0.5666713859433452, 0.21899808987159958, -0.5441229168809061, 0.6020601399047061, -0.37275312200475796, 0.622928660355851, -0.12150170961860768, -0.001108879603610613, 0.3524539668904249, 0.31165803136948833, 0.045087390556710946]], "inverted": true, "swapped": false, "error_lsq": 0.04565981790194621, "error_max": 0.23982931826559528, "target": "954.xyz", "model": "21.xyz", "model_rescale": 4.186013935880536, "target_rescale": 3.9885274920156553},
{"mapping": [10, 7, 0, 4, 1, 11, 2, 11, 9, 5, 8, 3, 12], "R": [[-0.42993106538292514, -0.8301598838777915, 0.3549561187227439], [-0.6741224345466066, 0.556686392332115, 0.48544742643587135], [-0.6005982203267499, -0.030574953675617134, -0.7989661757221482]], "T": [0.004552174553787487, 0.08633629992127116, -0.04859851984771164], "aligned_model": [[-0.2810133752936785, -0.4972568938254905, -0.10288599703930368, -0.5775566224206666, 0.08477293709517728, 0.12363327207484254, 0.6034217511403756, 0.12363327207484254, 0.3349820841773743, 0.195374279828882, 0.7239515505622974, -0.4456341753003062, -0.022278140328308], [-0.6966174232896953, -0.25080200528084584, 0.5909195259761624, -0.1751747628876395, 0.02326041309053499, -0.030805010906209365, 0.4877681813915649, -0.030805010906209365, -0.4300879693018899, 0.8065383848470549, -0.030845528216968024, 0.6496873274123551, 0.09862500064834004], [-0.006942587637937321, -0.464349842080869, -0.5542082985062573, 0.2983560323374029, -0.7729667257279393, 0.5605513666520395, -0.22153457058095866, 0.5605513666520395, -0.14643925380757236, 0.1598113098671822, 0.18889061181174516, 0.5278618213435757, -0.013234157140945224]], "inverted": true, "swapped": false, "error_lsq": 0.05397943777094787, "error_max": 0.29551094393947774, "target": "954.xyz", "model": "22.xyz", "model_rescale": 4.166573947596378, "target_rescale": 3.9885274920156553},
{"mapping": [13, 6, 4, 12, 0, 14, 8, 9, 7, 3, 10, 11, 15], "R": [[-0.6133938201111585, -0.48939412778049496, 0.6198720909537778], [0.31085691696202855, -0.8711222276596841, -0.3801500251928077], [0.7260275467406885, -0.04049014906367196, 0.6864725407490815]], "T": [-0.05487954877733746, 0.12064297071733646, -0.015363627942565431], "aligned_model": [[0.06929302227685798, -0.7370894865293158, 0.09523115254889937, -0.5313670016023454, 0.24322072643657855, -0.009108384150118096, 0.6438609247987512, 0.23151114399392292, 0.4192274479305339, -0.09319318792887517, 0.4485082160300412, -0.43870450959212115, -0.07824612146677166], [-0.7113398801495738, -0.13175364767935957, 0.6086635319987599, -0.02295898869601115, 0.06041662130379681, -0.34292283706446636, 0.4934722566954911, 0.3686785051867171, -0.30643665090607985, 0.7201120536129094, -0.3950628680460395, 0.5780421291167905, 0.09275089720361997], [0.08054699376798183, -0.2389551747890831, -0.5437159937728923, 0.41092212103598075, -0.773166224660022, 0.6241592454282927, -0.1791904094066127, 0.4503701060907128, -0.3381874190684022, 0.009039972680513488, 0.18857135976595094, 0.49995931621711864, -0.07400682010803256]], "inverted": false, "swapped": false, "error_lsq": 0.05174581421001642, "error_max": 0.3349567474042253, "target": "954.xyz", "model": "23.xyz", "model_rescale": 4.274766983524099, "target_rescale": 3.9885274920156553},
{"mapping": [1, 9, 11, 3, 7, 5, 0, 10, 8, 6, 12], "R": [[0.29033382759595583, -0.043326780483578964, -0.955944066693449], [0.34246859492091436, 0.9375128833280695, 0.061521175921660856], [0.8935443637818866, -0.3452424998270303, 0.2870297654718174]], "T": [0.05606787447622938, 0.03920940128243407, -0.020559138643300286], "aligned_model": [[0.1807179877525482, 0.03242816103481948, -0.4384307239234948, -0.4398665424392645, -0.4224726054351392, -0.5342235982294911, 0.1162192745526431, -0.047323321233300575, 0.47241028520926087, 0.3770896952688345, 0.08334609140065895], [-0.24908923829992835, 0.766665047760284, 0.5511772378563505, -0.2631776239207092, 0.3174838947668838, -0.16910195046756854, -0.6769594240137918, 0.07999996557514444, -0.18228057505302853, 0.6349348358732244, 0.10593436116662304], [-0.6893426262653245, -0.16100482084250659, -0.576978755800879, -0.2936604453795714, 0.24007832211443558, 0.3352994974262035, 0.14595403652731445, 0.6544162551977438, 0.42801032750129697, 0.38558751693085924, -0.08879287338799455]], "inverted": false, "swapped": true, "error_lsq": 0.04804426748802845, "error_max": 0.2560121999501434, "target": "954.xyz", "model": "24.xyz", "model_rescale": 3.7841303162186577, "target_rescale": 3.9885274920156553},
{"mapping": [14, 7, 1, 11, 8, 13, 2, 3, 9, 4, 12, 6, 15], "R": [[-0.8609149440692989, -0.31815917159222545, 0.39698891749002846], [0.26539612612306024, -0.9465955217685196, -0.18308963489683644], [0.4340395780536938, -0.05226528197123757, 0.8993764423106925]], "T": [-0.05341625595731306, 0.032286869733476393, -0.1153878381847536], "aligned_model": [[0.20856666103829888, -0.6957630497293505, -0.11411915143260101, -0.5739362858890752, 0.1437518436444718, 0.013984601496951632, 0.6480989930205967, 0.04477983065359617, 0.35301202012046873, 0.18035995647174743, 0.554089557050822, -0.41894186690526736, -0.08073916679462101], [-0.7012128477397767, 0.0018045635579018587, 0.6205998217776226, -0.16383889421635234, 0.23649217041352827, -0.3356495647738413, 0.24330781700627424, 0.35005440252326037, -0.344389152146173, 0.7244372558173944, -0.22504992971146504, 0.5295385681754117, 0.07556691189276982], [0.03508500979683349, -0.2116530221364877, -0.5662086703800082, 0.41378241071215804, -0.6339268620898529, 0.5716928716649063, -0.2946628871758892, 0.6183581746235937, -0.30266287515307955, 0.036206582571952306, 0.2586260188324623, 0.2603224602910327, -0.0686121383761149]], "inverted": false, "swapped": false, "error_lsq": 0.04365367945343939, "error_max": 0.30251527983963405, "target": "954.xyz", "model": "25.xyz", "model_rescale": 4.19342608120988, "target_rescale": 3.9885274920156553},
{"mapping": [3, 7, 11, 4, 1, 0, 2, 8, 9, 10, 6, 12], "R": [[-0.5635006324471117, -0.5970739848179054, -0.5709375569056331], [-0.6540144300423003, -0.0998051157131109, 0.7498693647389109], [-0.5047099786294603, 0.7959532621524711, -0.3342547560479722]], "T": [-0.08167077827639652, -0.05359621830338098, 0.04767701220623006], "aligned_model": [[-0.2435153489767164, 0.45306208500378303, 0.266823413427228, -0.31943687534767584, -0.6681550897716111, -0.5936591249590708, -0.19079885868070864, -0.2191606181206753, 0.43633523975648564, 0.3039905338989943, 0.4440272846560193, -0.07170408625427149], [-0.6746023767052559, -0.3226640178791433, -0.5471048548367403, 0.5412219826030944, -0.2432028771447882, -0.13796335905626833, 0.3193592590859276, 0.4121276820255625, 0.07550693714065906, 0.09008929265871682, 0.5337169546133624, -0.033708194764146215], [0.059116802210894055, 0.1742979218053505, -0.6240697733306096, -0.16720864061415508, -0.3597669433676633, 0.5720745076093388, -0.7723003738994361, 0.4810488746423094, -0.4665969263018463, 0.5940882291547417, 0.007630885988656452, -0.04905610268815922]], "inverted": true, "swapped": true, "error_lsq": 0.047378018470294415, "error_max": 0.27686647582540025, "target": "954.xyz", "model": "26.xyz", "model_rescale": 3.795458400668931, "target_rescale": 3.9885274920156553},
{"mapping": [8, 1, 2, 6, 9, 5, 4, 7, 11, 3, 10, 0, 12], "R": [[-0.416997976707871, 0.851000131133766, -0.3192357502408768], [0.1556476757446188, -0.2791818062115907, -0.9475396140086875], [-0.895481149135391, -0.4448104044317617, -0.016037944145454286]], "T": [0.018631945957976355, 0.02293616995019305, -0.11153977924067462], "aligned_model": [[-0.17658185188531497, -0.5357926686625788, -0.41060612237925187, -0.5758087104680517, 0.06202907343637836, 0.013565422831216305, 0.8241248904347934, 0.15211440212626212, 0.5299363568185078, 0.216890115040276, 0.5933514493212071, -0.4443504333163203, 0.014272019448914198], [-0.6766528969980957, -0.09187519081947859, 0.6529041432274659, -0.30190007252325085, 0.22434787482600588, -0.3364642228721891, 0.20620735097415563, 0.3293157480652787, -0.4132138453299598, 0.7179909252802479, -0.02411297380368429, 0.6587999253001937, 0.06631435724986595], [-0.054808653355550394, -0.28412271203617, -0.5516874217815075, 0.3599564362684142, -0.48826820208802246, 0.5500236386285104, -0.23982061662777096, 0.6290829902167058, -0.3563163208843169, 0.03902297954472128, 0.30699373080981174, 0.15789999734515223, 0.04839122714152869]], "inverted": false, "swapped": false, "error_lsq": 0.04633983689924484, "error_max": 0.27127160442766013, "target": "954.xyz", "model": "27.xyz", "model_rescale": 3.6321398670334006, "target_rescale": 3.9885274920156553},
{"mapping": [6, 13, 2, 9, 1, 12, 3, 8, 4, 0, 7, 10, 14], "R": [[-0.023727438749914398, 0.11905577224762587, -0.9926040155796724], [0.9477426378319955, -0.3132983910499875, -0.06023296938338546], [-0.31815232371557467, -0.9421623221398798, -0.1054004632550049]], "T": [0.006381791447147206, 0.15967073867369158, 0.03705584456806635], "aligned_model": [[-0.20716691063338258, -0.6015187236638857, -0.22935014967079684, -0.5727088666907216, 0.21201913486574206, 0.11246425904214835, 0.6241501439854045, 0.21158845796466494, 0.40071230134219604, 0.03572614856623137, 0.6716177622169734, -0.3794743516934286, -0.014915262885107208], [-0.5844403351898448, -0.17115143018243129, 0.46950204177176524, -0.039059107404586096, 0.0866738530842119, -0.4002371555250818, 0.43804833906225576, 0.23889989699312364, -0.4465249312999234, 0.7823421273933975, -0.14486655992236175, 0.6406745148440824, 0.14179986895194796], [-0.03079029558848065, -0.39594645130935924, -0.6571189744002762, 0.30488530365608946, -0.5951244571119876, 0.6360211114598955, -0.07442623545525033, 0.5046481673058608, -0.36729241007164615, 0.008229734962594888, 0.2931915917054031, 0.510787875474897, -0.020717887446234318]], "inverted": true, "swapped": false, "error_lsq": 0.03648944771422641, "error_max": 0.19641990390479536, "target": "954.xyz", "model": "28.xyz", "model_rescale": 4.156811204709835, "target_rescale": 3.9885274920156553},
