[{"mapping": [4, 10, 3, 9, 1, 14, 2, 6, 0, 5, 8, 11, 7, 16], "R": [[-0.1079490258754014, 0.9515039216003, 0.2880751551102635], [0.9756098720167744, 0.045679931698842324, 0.21470612814589726], [0.1911344695128675, 0.30422628259116524, -0.9332277233048724]], "T": [0.04603892026936015, 0.11340787375671553, 0.04176335009078905], "aligned_model": [[0.13804514515866148, 0.29439155782014226, -0.49030811678237934, -0.42777974496915777, -0.5373741238398761, -0.048176662439163916, -0.7021279834006465, -0.015358225046099093, -0.43291156677923054, 0.11623294495945102, 0.6265014738366828, 0.1713813565363403, 0.6834110467763398, -0.0044350007027606705], [-0.6281075832549852, -0.3387511645659221, -0.31496210600374713, -0.19783919926309523, 0.20292956628659364, 0.1724534746527151, 0.09651760510364905, 0.5151209527167795, 0.7232804268711058, -0.09970493979530591, 0.4001357654097887, 0.7233659433741103, -0.17997701701840552, 0.1608116072967533], [0.28882125402122705, -0.3503372245132558, 0.2999905174862336, -0.3828405002926738, 0.6179923390275963, -0.6877661200437936, 0.06572325906445955, 0.5697426338266565, 0.24811325206720916, 0.7102996487715827, 0.5018023295418605, -0.28229603567186656, 0.23237334359928616, 0.06596939029531187]], "inverted": false, "swapped": true, "error_lsq": 0.0432658091623075, "error_max": 0.22674979314703653, "target": "955.xyz", "model": "0.xyz", "model_rescale": 3.8414455957264533, "target_rescale": 4.361424366270004},
{"mapping": [6, 0, 15, 13, 11, 14, 10, 12, 4, 7, 9, 1, 3, 5, 16], "R": [[0.9746278467433019, 0.08382100521379918, -0.20754421080209137], [0.1957590162145251, 0.13038932251128652, 0.9719449738260747], [0.10853095375622565, -0.9879132875207196, 0.11067234711872725]], "T": [-0.0009724037579555284, 0.02524201001453175, -0.027646948822562724], "aligned_model": [[-0.5858955241197209, -0.6805282614387733, 0.25179143913226426, -0.25071120329713453, -0.4140288164639259, 0.23306102167531906, 0.5907044119799684, -0.2533956186270563, 0.5815668469318631, 0.24308859418150897, 0.41407649163590526, -0.365824295542528, 0.23847429949864907, -0.07210214958728117, -0.05823308245451324], [0.32401117935844653, 0.1325292783928723, -0.6617007962592959, -0.3243181127852579, -0.539125048083932, -0.5681121690194137, -0.21188130194519103, -0.3334748409670649, 0.4958347933009517, 0.058377637970393956, -0.01947593233844466, 0.6905827092228851, 0.6186993294260217, 0.6396659186217986, 0.045431883148245006], [0.08418801007001514, -0.44069859264888483, 0.27533266979058224, -0.6147807197717619, -0.08804796021600142, -0.39877412487956015, 0.08880376935292841, 0.4829981427225358, 0.21430011155354264, 0.6564483302528242, -0.5998374921001706, -0.3511119580577393, -0.3858702591077903, 0.31104003770938493, -0.06880817733036995]], "inverted": true, "swapped": true, "error_lsq": 0.0354375818545482, "error_max": 0.2554972019778429, "target": "955.xyz", "model": "1.xyz", "model_rescale": 4.316132596720782, "target_rescale": 4.361424366270004},
{"mapping": [3, 6, 5, 10, 4, 9, 7, 14, 8, 13, 12, 16], "R": [[0.9385854971742277, 0.3213618261748826, -0.12563375808974564], [-0.035010411468123864, 0.4509244386005068, 0.8918752276869509], [0.3432659837255082, -0.8327026644309256, 0.4344821481563964]], "T": [0.01209826091983849, 0.00592979412065762, 0.03724322125557696], "aligned_model": [[-0.3632926604016761, 0.5729133860532593, 0.09505950012019213, -0.50923988210225, -0.5448628374250476, -0.5162763810290039, -0.07051937730539473, -0.2381452797598447, 0.5502426987941021, 0.15522432715832116, 0.41072830826529066, 0.05597675226383199], [-0.621475414345635, -0.3354941487355827, -0.4527724442500319, 0.37196875890276615, -0.23594060892247562, -0.0782734719279372, 0.2595865307335212, 0.46345616706057213, 0.13445979856588286, 0.07596403480181792, 0.4687363445373291, -0.03743911867924631], [0.09464195185117905, -0.07598759601951913, -0.49190207482115084, -0.08146527048628374, -0.46339733779089526, 0.5013524169029532, -0.639131436189145, 0.5593772990724373, -0.5325515878664435, 0.7471009159602352, -0.24570173866930115, 0.07692291926535513]], "inverted": false, "swapped": true, "error_lsq": 0.04583944073343713, "error_max": 0.22681292190065078, "target": "955.xyz", "model": "2.xyz", "model_rescale": 3.795458400668931, "target_rescale": 4.361424366270004},
{"mapping": [1, 9, 4, 15, 6, 12, 10, 13, 14, 11, 5, 16], "R": [[0.8038593686561231, -0.2085944365270807, 0.5570444115810955], [0.462030860298063, 0.8087719405009914, -0.36388931337769775], [-0.3746166034174284, 0.5498875424195481, 0.7465159684399114]], "T": [0.0012352174554234457, 0.04319578747781496, 0.021860804483942863], "aligned_model": [[-0.0934877073902166, -0.03555917256835031, -0.7795536406885463, 0.19063578020724825, 0.14130511464260403, 0.2250487020471102, -0.2656609478336854, 0.6068278107642068, 0.37925028243123127, 0.6703321742997244, -0.4853620054439093, 0.03952743527614779], [0.10950268981227473, -0.6617719602951023, -0.03743738060186667, 0.02385309877318125, 0.525810835063175, 0.5394047998821045, -0.25355622942611517, -0.3270280626789341, -0.4822159261652891, 0.1516868403587575, 0.449629079694407, 0.047891260873116584], [-0.7948739892972762, -0.035879521242805835, 0.07856157611734585, 0.7908405934783792, -0.41559578886087684, 0.41788833916530005, 0.532325657865175, -0.13776289093987712, 0.37629464686228264, 0.20437933041506656, -0.2868788539674885, -0.0405276689561245]], "inverted": false, "swapped": true, "error_lsq": 0.04283827270003936, "error_max": 0.21419418667433163, "target": "955.xyz", "model": "3.xyz", "model_rescale": 3.7530521520055578, "target_rescale": 4.361424366270004},
{"mapping": [0, 5, 8, 7, 11, 4, 13, 3, 9, 10, 16], "R": [[-0.03703078411765935, 0.7842157679968781, 0.6193822327551045], [-0.9745978184359027, 0.10865547642128236, -0.19583942336425472], [-0.22087963538454825, -0.6109006602294118, 0.7602713791822353]], "T": [-0.020751510573811055, -0.0887805447113657, 0.04112889838117456], "aligned_model": [[-0.45609683750844043, -0.2155080436342325, 0.3969009682227381, 0.4661416172855942, 0.28886650485739906, -0.11930956465305528, -0.2187924608565596, -0.6651270872361572, -0.35490568160501645, 0.28575071951633313, -0.06972053194339801], [-0.7580704075851277, 0.152186158833839, -0.2701203662119318, 0.30368143043320445, -0.6818636621878114, 0.6650704552978435, -0.5797039713858756, 0.260419659960646, 0.1340574939975102, 0.38412373385014736, -0.1425771666880978], [-0.03914505693826101, -0.5923456438609818, -0.6096151362847897, -0.32976026500510713, 0.25364515377461433, -0.1622006520077983, 0.540189800064891, 0.014868910694043058, 0.6245254155451887, 0.36095324921783006, 0.03171500204568738]], "inverted": false, "swapped": true, "error_lsq": 0.04261226312647703, "error_max": 0.19465288608774017, "target": "955.xyz", "model": "4.xyz", "model_rescale": 3.7855080009869324, "target_rescale": 4.361424366270004},
{"mapping": [2, 1, 12, 11, 6, 4, 0, 7, 5, 13, 8, 9, 10, 14, 15, 10, 16], "R": [[0.2829279707236909, -0.5956099453445597, -0.7517982152072621], [-0.36047885471936236, 0.6603278146502848, -0.6588035917474918], [0.8888232437793192, 0.4574013229165713, -0.027879582345854272]], "T": [0.039467478589522466, -0.054306622013594076, -0.030462416845400637], "aligned_model": [[0.7413209944170512, 0.2603339505007691, 0.05470238470211317, -0.3900102767721534, -0.5411930737992333, -0.1055114525229843, 0.5020265882839263, -0.3121536351482862, 0.3361026942579824, -0.48531977764195655, -0.4903301087779226, 0.5370716387602529, 0.05135423894929301, 0.33990529789378165, -0.08803469417545079, 0.05135423894929301, 0.07452152870693499], [-0.27985324967665615, -0.2763202392469565, -0.7073325027227595, -0.538548250011025, 0.02018201849310749, 0.29649490247459304, 0.22362740567504777, 0.5991084021796359, 0.6813299915781731, -0.5293035439235348, 0.054078757194894515, -0.024231191513486718, 0.47264685727234573, -0.5652134780102652, -0.21659858721528485, 0.47264685727234573, -0.08412913560777968], [-0.07858775995117369, -0.7196879926461005, -0.22122499118825248, -0.49251775083066474, -0.3191869107873084, -0.6652223587254681, -0.5937257918415059, -0.13429338721673115, -0.19155110728599842, 0.12395228047488643, 0.41995627721279066, 0.47786777850999795, 0.47267077592851714, 0.2957410469010274, 0.7674865919622047, 0.47267077592851714, -0.002739079220293105]], "inverted": false, "swapped": false, "error_lsq": 0.038024082466708825, "error_max": 0.32875465608792065, "target": "955.xyz", "model": "5.xyz", "model_rescale": 4.2253639853439635, "target_rescale": 4.361424366270004},
{"mapping": [14, 9, 1, 0, 2, 5, 6, 11, 4, 10, 3, 8, 12, 16], "R": [[-0.33349877114508086, -0.29975066326620603, -0.8938277851556141], [0.810602897261394, -0.5752620107088442, -0.10952881806470749], [-0.4813538330543917, -0.7610671185294287, 0.43482792975745893]], "T": [0.11877489957310958, 0.044467825510955766, 0.018946131455209535], "aligned_model": [[0.5978904282615906, 0.001822688836429942, -0.5206892492390528, 0.05975711900086053, -0.28556523559573443, -0.41288995664068884, -0.05764723811109829, 0.7262584944608157, -0.39613010736192356, 0.27085256871906993, -0.5558345394862213, 0.2526770753443283, 0.5916316061170681, 0.10192849845233971], [-0.0021510750082026076, -0.005771943654756591, -0.45800072674517, -0.7436026379866955, -0.4435775814799001, 0.19425784934068926, -0.3375010797236436, -0.29738524801589383, 0.6349803432844697, 0.5772490107203344, -0.016737138255694096, 0.18103626515695168, 0.1885883652997467, -0.026285256297245152], [-0.5403848931528157, -0.6778073714066358, 0.15691611927475171, 0.15815901976282307, -0.3797189033385824, 0.4573300778815312, 0.5355505411184623, 0.10185702690415444, -0.0553218056790108, -0.31703940447472645, -0.2621344812480009, 0.7897929328214008, 0.4758809990123873, 0.02847835145570946]], "inverted": true, "swapped": true, "error_lsq": 0.04399657254922466, "error_max": 0.24204358141701698, "target": "955.xyz", "model": "6.xyz", "model_rescale": 3.89814844738969, "target_rescale": 4.361424366270004},
{"mapping": [3, 9, 0, 4, 6, 14, 10, 5, 7, 15, 11, 8, 16], "R": [[-0.743866948790293, 0.2613037140633051, 0.6151278985009071], [-0.5945041392835319, 0.1617790033555913, -0.7876499110950363], [-0.3053306255064612, -0.9516028179287797, 0.03500408601633703]], "T": [-0.03093683731267071, 0.10471335695460857, -0.06609041030737975], "aligned_model": [[0.15576010821846226, -0.242539550403635, 0.6976397045976249, -0.351544605785034, 0.5700054812913643, -0.4134221559961734, -0.6693298773607128, 0.23524662880424263, -0.4028308282475047, -0.6570452416882507, 0.054104565153501157, 0.13498942831372823, 0.037598144006609484], [-0.3909148700502152, 0.15444466690237335, 0.41447383075977295, -0.6101677963019103, 0.04804896461387906, 0.636935173636987, 0.03447824807134395, -0.5010908384621287, -0.23512533364726632, 0.4999673138866906, 0.7755664971712173, 0.013968852386802524, 0.12319655650293954], [-0.5733843732328557, -0.7401960299069307, -0.1970218945961498, -0.14027613544338316, 0.2159780346951837, -0.40523805609606756, -0.15206159744865216, 0.17769780564559207, 0.4581753765651121, 0.21558174692289575, 0.12231893831866839, 0.7052846163989027, -0.08458340098601988]], "inverted": true, "swapped": true, "error_lsq": 0.0411333621500802, "error_max": 0.2975203870339339, "target": "955.xyz", "model": "7.xyz", "model_rescale": 3.7474275329858107, "target_rescale": 4.361424366270004},
{"mapping": [6, 8, 7, 5, 10, 3, 1, 2, 4, 9, 0, 13, 11, 15, 16], "R": [[0.5749693949216921, -0.5086788052241342, -0.6408245220176354], [-0.778111071991755, -0.09787678955339138, -0.6204541028235393], [0.2528900048385173, 0.855374775862878, -0.45208476889882737]], "T": [0.07796246649575078, -0.027507842045990716, 0.020066796331278346], "aligned_model": [[-0.4196996353245448, 0.13288728460273064, 0.5556273711947768, -0.15529688380837553, 0.6572490651600738, -0.2853831893919285, -0.7029042467225408, -0.4752062449502693, 0.30521828992415645, 0.09116919706140648, -0.6301692115902785, -0.17304142906002407, 0.10475393435051128, 0.7882248422391056, 0.008724578653947532], [0.1097527792531161, 0.15443058374348123, -0.2472211040033215, -0.47320917656471184, -0.22930855017555557, -0.6158687078735643, -0.28762338753889233, -0.19281092278164763, -0.7741805052128636, -0.22559285570926507, 0.34680834694116586, 0.4334115722626242, 0.6728561719746069, 0.32184669188732035, -0.00417297422289967], [-0.40111853765732436, -0.7510798798187655, -0.48214074318541184, -0.47412491845155275, 0.22880874210747018, 0.2643242007337127, -0.034813440019775474, 0.49681866296298355, -0.08084232663250707, 0.6999603228352884, 0.0685982220801734, 0.5238903273074824, 0.05939266106091219, 0.05255365340617292, 0.026567708967402758]], "inverted": true, "swapped": true, "error_lsq": 0.03675052998543839, "error_max": 0.2674160277422169, "target": "955.xyz", "model": "8.xyz", "model_rescale": 4.019505241142653, "target_rescale": 4.361424366270004},
{"mapping": [7, 10, 12, 8, 5, 6, 11, 4, 3, 9, 14, 2, 16], "R": [[0.7982406923838988, -0.12250765130634456, -0.589748821443398], [0.48815607175903686, -0.44200905388867984, 0.7525500952662356], [-0.3528674632595927, -0.8886055770992198, -0.2930267593939208]], "T": [0.04396576945576966, -0.00011301695839309456, 0.017143782342106596], "aligned_model": [[-0.2563420026579981, -0.601932027369115, 0.040646819155781555, 0.31928867624524904, 0.3250462348475769, 0.6780333280997252, 0.17591270867301204, -0.3052877732845697, 0.13875422210202246, -0.26336041158074164, -0.3683775622202715, 0.327782529419115, 0.10953603031139014], [-0.48650266342909815, -0.05156561012625342, 0.054623664274627545, -0.3139198305393082, -0.6467777204782065, -0.12878916342082342, 0.5853992216552572, -0.6653769318587778, -0.31911198487360265, 0.2448531370876384, 0.6029016971327847, 0.1635301220248359, 0.024114290664985327], [-0.4321784241229603, 0.023336990974740894, -0.6537858327432675, -0.6585100515900937, 0.006965950901961955, -0.14193453711587342, -0.3469159410363844, 0.2512245647974146, 0.6706765369988218, 0.6063886377067348, 0.12165425175526359, 0.690406022474426, 0.039375325043094565]], "inverted": false, "swapped": true, "error_lsq": 0.04458188345195086, "error_max": 0.24216361560218086, "target": "955.xyz", "model": "9.xyz", "model_rescale": 3.877068213659057, "target_rescale": 4.361424366270004},
{"mapping": [10, 15, 6, 13, 11, 14, 2, 12, 7, 5, 3, 4, 9, 0, 1, 16], "R": [[-0.37664815818280556, -0.8891496116467097, 0.2599021605258519], [-0.6525156293319845, 0.05550289741016273, -0.7557398903436032], [0.6575405070525957, -0.45423825960346226, -0.6010890824972893]], "T": [-0.07080034780858536, 0.01700522266062228, -0.11078776521526038], "aligned_model": [[0.13645766797961212, -0.164769876871585, -0.4763529492013342, 0.3360681177445026, -0.18764806271340548, 0.40402841931690614, 0.46766746168170326, -0.6156792675309828, -0.544562563187339, -0.43812379452391137, 0.3208314306599277, -0.021332199595836557, 0.6333791517889769, -0.0564936443482671, -0.013271481876485733, -0.0647898840053868], [0.11935398114556885, -0.3870195151276129, 0.01834810433115354, -0.5232530748410662, -0.6741684595934068, -0.45696823905195444, 0.1154421452948411, -0.3026022438705674, 0.3043082185249954, 0.5794956522334749, 0.563067836298401, 0.7464067175633095, 0.05593949878387407, -0.3001285288939426, 0.345090901996084, -0.0015141176596030169], [-0.7161294337366286, -0.785702846926868, 0.417824016234127, 0.1572921410723119, -0.07337638990615922, -0.41813611205871337, 0.40007000810858717, -0.34340697826907274, -0.5815918043390126, 0.1036022000074337, 0.18296455524519448, -0.4021196856192566, -0.17622974135869215, 0.6261924814623905, 0.6438478937360709, -0.04006597654167057]], "inverted": false, "swapped": true, "error_lsq": 0.03332017642494502, "error_max": 0.23505931080251297, "target": "955.xyz", "model": "10.xyz", "model_rescale": 4.260839863003843, "target_rescale": 4.361424366270004},
{"mapping": [5, 1, 0, 6, 11, 12, 7, 4, 9, 14, 10, 16], "R": [[0.8849551761193901, 0.11061267215667836, 0.4523485083625882], [0.3666121653006068, -0.7644504065001047, -0.5302934058192932], [0.2871408304527586, 0.6351223604630718, -0.7170562953678854]], "T": [-0.0025498452084573154, 0.03137401291011004, 0.005616074442276055], "aligned_model": [[0.3400328856956516, 0.11910179586308468, -0.47908057378529373, -0.26601394257694405, -0.680125425576947, -0.40512943264505286, 0.2332861184404921, 0.7547252847255768, 0.27118589812684185, -0.20638861752838275, 0.31324764740607486, -0.035942989050970944], [-0.08176484728490621, -0.715434778554442, -0.6051120750938372, -0.2845045905917377, 0.12695192193395088, 0.5004666575506337, 0.6155052947708829, 0.18877146113449245, -0.1982534211466651, 0.17487698728083545, 0.4845718044176677, -0.03299590888394106], [-0.600289632624527, -0.32286873247763453, -0.10265352716171011, -0.5185141656338264, 0.16223744819606817, -0.2609086610432829, -0.35745710717532825, -0.13967104534471111, 0.6171774222246919, 0.700189942400884, 0.3443687785660241, -0.0054326425311429435]], "inverted": true, "swapped": true, "error_lsq": 0.04504073432313908, "error_max": 0.22988791879981843, "target": "955.xyz", "model": "11.xyz", "model_rescale": 3.890672605050136, "target_rescale": 4.361424366270004},
{"mapping": [6, 0, 13, 8, 11, 4, 1, 7, 5, 3, 14, 2, 10, 16], "R": [[-0.6239444410985746, -0.5392592967381491, -0.5655906163504348], [-0.09384943776495108, 0.7702225870965413, -0.6308323464736996], [0.7758128752820427, -0.34052397449781424, -0.5311852834358477]], "T": [0.14252053840149595, 0.016923186964974562, 0.2139196246010381], "aligned_model": [[0.2792635922069127, 0.26086447621691955, 0.2995197215967371, 0.5997762762236942, 0.758444259660284, -0.42157738275017254, -0.2859182533582282, 0.26242810075281064, -0.13907422241124776, -0.5704172777539108, 0.3081179704911592, -0.33148514332563916, 0.04827444829797248, 0.14165926894640188], [-0.29663261883982595, 0.2366002676519466, 0.6703185375354154, -0.6242496881868331, 0.32447249012047535, -0.3758601112044155, -0.10236906168276745, -0.5505531876069453, -0.6015890123848271, 0.027893358926980288, 0.6684700920079008, 0.41431966633806433, 0.10647406632236532, 0.034857720830231254], [-0.35782264705357114, -0.5487435217061725, -0.06485193916589052, 0.11096304657739582, 0.07671374192510089, 0.5971463751439716, -0.4807992554428169, 0.6523746761195992, 0.025685448654287762, 0.042310827280161, 0.5182883612009306, -0.20798999372098123, 0.8487172329980935, 0.1427980825467529]], "inverted": true, "swapped": true, "error_lsq": 0.04447270372663973, "error_max": 0.29726377959126987, "target": "955.xyz", "model": "12.xyz", "model_rescale": 4.124412569039231, "target_rescale": 4.361424366270004},
{"mapping": [11, 8, 7, 0, 15, 14, 6, 9, 5, 3, 10, 4, 16], "R": [[0.8348386437627164, -0.3422464187214309, -0.4311749386882123], [0.12430899553189137, -0.6458163184437585, 0.7533050885674425], [-0.536275780275672, -0.682487122006053, -0.49660811087376977]], "T": [0.06300356667848293, 0.06563808174594155, -0.016565004500132804], "aligned_model": [[-0.15174313865505068, -0.03668484374033529, 0.5271125593519804, -0.7208261465593078, 0.6057416639675686, 0.30442794185488903, -0.4955913979048272, 0.22137131211112787, -0.054654818701204574, -0.04229353592145453, 0.6959695926032917, 0.5232824028787443, -0.008813283775664413], [-0.3212767994649069, 0.6343296614304569, 0.5688374922318021, -0.10507360954672312, -0.19611846657643167, -0.6269081328456539, 0.4009309608086332, -0.4219855101233622, 0.7339591569749259, 0.179982204459119, -0.06105291757105652, 0.5077832298228748, 0.05407810690879952], [0.5283705749655301, 0.5288134242850517, 0.22847231432037285, 0.003104292223082089, 0.49772625132708864, 0.06510640133235511, 0.12291790522978248, -0.5052470970831657, -0.20836828865003038, -0.7332854489415107, -0.0728951903432445, -0.47699848208219736, -0.026018575615275395]], "inverted": true, "swapped": true, "error_lsq": 0.038834771204573744, "error_max": 0.24398394651234584, "target": "955.xyz", "model": "13.xyz", "model_rescale": 3.9028299243045295, "target_rescale": 4.361424366270004},
{"mapping": [12, 4, 7, 15, 11, 6, 10, 14, 8, 9, 13, 3, 5, 0, 2, 16], "R": [[-0.6861776312388379, -0.1674354413073849, 0.7079022753047619], [0.5598407563713625, 0.4998178437914004, 0.6608785444643035], [-0.4644766796008152, 0.849792619420713, -0.2492266399987873]], "T": [-0.009120480976339423, 0.04942698823647314, 0.05399744946979608], "aligned_model": [[0.09596969152972547, -0.20120770549713488, -0.07819194123417285, -0.5329289880983968, 0.023198839773891162, 0.6540467569419692, -0.6064574933426862, -0.581725984747111, 0.46023355161204194, -0.47414457761608103, -0.08722523002651013, 0.0472139320206655, 0.4340350380805175, 0.541863810981516, 0.09099883200163669, 0.042160739200725564], [-0.5411340084725674, 0.6092368727985332, -0.05976927242861514, -0.5070733138370771, -0.5760100777484548, -0.010126585756083203, 0.08023874231748775, -0.19644281880376857, -0.3413470024503264, 0.40573091648206105, -0.1373791529785814, 0.7710978551190099, 0.3975543036559743, -0.02031274449106836, 0.5230399612873778, 0.05494860742719864], [-0.2515306718394828, -0.4647156866880077, -0.6615131384624028, -0.15458991907770026, 0.3711062581143979, 0.07782427660259915, -0.19521895967655772, 0.44927859225621386, -0.4537308271268837, 0.45207708724775053, 0.7527756161409164, 0.17175927478057018, -0.3699195391545407, 0.6331960870949349, 0.6252066485265565, 0.10615501088596827]], "inverted": true, "swapped": true, "error_lsq": 0.04394659511976755, "error_max": 0.29440388072793955, "target": "955.xyz", "model": "14.xyz", "model_rescale": 3.942246331269136, "target_rescale": 4.361424366270004},
{"mapping": [6, 5, 1, 4, 10, 3, 13, 0, 11, 2, 9, 14, 7, 15, 16], "R": [[-0.7736033640640853, -0.621525641389883, 0.12346542918414403], [0.6326563142585345, -0.7465458257124592, 0.20594979519317141], [-0.035830477774330946, 0.23743463775573542, 0.9707424836980537]], "T": [-0.13596878479279612, -0.06990673523625747, 0.014805634298264952], "aligned_model": [[-0.6496490155907093, -0.3101677876517911, -0.18870473121409065, 0.2699079372770692, 0.2661393369970139, 0.324701856017942, -0.06375871598512982, -0.4645022103501957, -0.5101445697594964, 0.21934127350706378, 0.5153064005626207, 0.19372488918749592, -0.30121171936096147, -0.16774761536790525, -0.1589412917367156], [0.0687221386261037, -0.4535800050711113, 0.2339634754642036, -0.6749921520789682, -0.415206324331014, -0.029896771824844848, 0.6237397432514058, 0.5956308080664311, 0.31928359950523466, 0.4505093925243596, 0.202355302874893, 0.2525925588436807, -0.769302614485542, -0.2945893821943681, -0.01108507928881286], [-0.3862177903713645, -0.5506451455873325, -0.7502476815989101, -0.2826563819428982, 0.38756150786938437, -0.5544324680965724, 0.22199656383080213, -0.2902254278547026, 0.4634674488200149, -0.38958883969706537, 0.07295469530618134, 0.5908893898932649, 0.12521518131703335, 0.7738079022409475, -0.022516473768265842]], "inverted": false, "swapped": true, "error_lsq": 0.041703576931844046, "error_max": 0.2425185383548087, "target": "955.xyz", "model": "15.xyz", "model_rescale": 4.355366556412066, "target_rescale": 4.361424366270004},
{"mapping": [3, 6, 5, 10, 4, 9, 7, 14, 8, 13, 12, 16], "R": [[0.9385854971742277, 0.3213618261748826, -0.12563375808974564], [-0.035010411468123864, 0.4509244386005068, 0.8918752276869509], [0.3432659837255082, -0.8327026644309256, 0.4344821481563964]], "T": [0.01209826091983849, 0.00592979412065762, 0.03724322125557696], "aligned_model": [[-0.3632926604016761, 0.5729133860532593, 0.09505950012019213, -0.50923988210225, -0.5448628374250476, -0.5162763810290039, -0.07051937730539473, -0.2381452797598447, 0.5502426987941021, 0.15522432715832116, 0.41072830826529066, 0.05597675226383199], [-0.621475414345635, -0.3354941487355827, -0.4527724442500319, 0.37196875890276615, -0.23594060892247562, -0.0782734719279372, 0.2595865307335212, 0.46345616706057213, 0.13445979856588286, 0.07596403480181792, 0.4687363445373291, -0.03743911867924631], [0.09464195185117905, -0.07598759601951913, -0.49190207482115084, -0.08146527048628374, -0.46339733779089526, 0.5013524169029532, -0.639131436189145, 0.5593772990724373, -0.5325515878664435, 0.7471009159602352, -0.24570173866930115, 0.07692291926535513]], "inverted": false, "swapped": true, "error_lsq": 0.04583944073343713, "error_max": 0.22681292190065078, "target": "955.xyz", "model": "16.xyz", "model_rescale": 3.795458400668931, "target_rescale": 4.361424366270004},
{"mapping": [3, 9, 0, 4, 6, 14, 10, 5, 7, 15, 11, 8, 16], "R": [[-0.743866948790293, 0.2613037140633051, 0.6151278985009071], [-0.5945041392835319, 0.1617790033555913, -0.7876499110950363], [-0.3053306255064612, -0.9516028179287797, 0.03500408601633703]], "T": [-0.03093683731267071, 0.10471335695460857, -0.06609041030737975], "aligned_model": [[0.15576010821846226, -0.242539550403635, 0.6976397045976249, -0.351544605785034, 0.5700054812913643, -0.4134221559961734, -0.6693298773607128, 0.23524662880424263, -0.4028308282475047, -0.6570452416882507, 0.054104565153501157, 0.13498942831372823, 0.037598144006609484], [-0.3909148700502152, 0.15444466690237335, 0.41447383075977295, -0.6101677963019103, 0.04804896461387906, 0.636935173636987, 0.03447824807134395, -0.5010908384621287, -0.23512533364726632, 0.4999673138866906, 0.7755664971712173, 0.013968852386802524, 0.12319655650293954], [-0.5733843732328557, -0.7401960299069307, -0.1970218945961498, -0.14027613544338316, 0.2159780346951837, -0.40523805609606756, -0.15206159744865216, 0.17769780564559207, 0.4581753765651121, 0.21558174692289575, 0.12231893831866839, 0.7052846163989027, -0.08458340098601988]], "inverted": true, "swapped": true, "error_lsq": 0.0411333621500802, "error_max": 0.2975203870339339, "target": "955.xyz", "model": "17.xyz", "model_rescale": 3.7474275329858107, "target_rescale": 4.361424366270004},
{"mapping": [5, 6, 1, 12, 4, 10, 3, 13, 7, 9, 15, 11, 14, 16], "R": [[-0.029824870413360127, -0.5669967186484999, -0.8231799306024536], [0.7525004028248174, -0.5548020911670961, 0.3548771384368189], [-0.657916119922072, -0.6088590647091093, 0.44321215965746563]], "T": [0.041936428059711886, -0.025386700279671583, -0.011016884329047821], "aligned_model": [[0.43148256297503507, 0.30784677408783184, 0.8123984407648097, -0.4877510462789447, 0.2883843934597035, -0.27670733539903636, 0.708385810559166, 0.03140167402928491, -0.2705661608096667, 0.23000033502130285, -0.7274256233032154, -0.3875580856514019, -0.32931463381241866, 0.08427054224042563], [-0.4663519575314655, 0.13304581712345676, 0.1354008929915352, -0.06160896186220797, -0.7420990152260597, -0.36657786273791515, -0.18174806724152442, 0.6673591042835194, -0.6466584846323509, 0.12167966111847622, -0.09466011098448543, 0.5053031604739694, 0.32853455824548117, 0.0287895074908043], [-0.39971793362716745, -0.6010134577252116, -0.2579184800910387, -0.4248680597492569, 0.20096137930792915, 0.43834314036089117, 0.2521305974813455, 0.2109742903912923, -0.22318095604158458, 0.6558194899005857, 0.16465285453029826, -0.17434720272378199, 0.5195381068150454, -0.03657905016769104]], "inverted": false, "swapped": true, "error_lsq": 0.03383930015647308, "error_max": 0.22059333005177473, "target": "955.xyz", "model": "18.xyz", "model_rescale": 3.922800546911778, "target_rescale": 4.361424366270004},
{"mapping": [4, 7, 10, 3, 11, 5, 12, 2, 6, 9, 14, 13, 1, 0, 16], "R": [[-0.16295273272214084, -0.5896490596610986, 0.7910501838310696], [-0.6161557890654794, -0.5653795482828384, -0.5483593803196862], [0.7705831885653119, -0.5767668097457377, -0.271185539209304]], "T": [0.06530731703768484, -0.02426215353418347, -0.09563794485759805], "aligned_model": [[-0.18621115785790548, -0.31196405768606966, 0.36620856564800164, -0.0035441291347264453, 0.32340497165249305, -0.5877020605767008, -0.12505755437732163, 0.27895366454069065, -0.4226994779761941, 0.6226854574238675, 0.7862413544377049, 0.5860715437171432, -0.29872179903880236, 0.010877161841321092, 0.05750835427411657], [0.5248670005977047, -0.1646434580298452, 0.0691036835532773, 0.6896455644511994, -0.6293167491574164, 0.23865614120330858, -0.6400625910740612, 0.4645426352063169, -0.16757287888696243, 0.4114993699123052, -0.17086732586942932, -0.15884195688130903, 0.4041883496298113, -0.1311651964132953, -0.022421083207025717], [-0.6001610416220048, -0.7011208022289797, -0.6618631192977802, 0.05748129709489053, 0.14945100944090026, -0.1373246105442298, -0.28981493875479136, 0.42975542288065594, 0.3347299620939359, -0.0623392803872547, -0.15340682893701016, 0.3942403146907265, 0.5079660065446819, 0.6977897328550663, -0.022723956665477385]], "inverted": false, "swapped": true, "error_lsq": 0.03601820314005945, "error_max": 0.26267673150605353, "target": "955.xyz", "model": "19.xyz", "model_rescale": 3.9282355846067225, "target_rescale": 4.361424366270004},
{"mapping": [2, 0, 11, 1, 3, 6, 5, 12, 4, 10, 14, 9, 15, 16], "R": [[0.3562265471275271, 0.7847836513583597, 0.5071659173113275], [-0.7260480028772625, 0.5741362956123924, -0.3784465769146529], [-0.5881810475011401, -0.23341408402476527, 0.7743131929260546]], "T": [0.04944231718384575, -0.05851612513043659, 0.042754790717390294], "aligned_model": [[-0.6020739112211805, -0.09388197469588241, 0.510744421062773, -0.5008604270405789, -0.6626602190808766, 0.10685240943991994, -0.10678283162209909, 0.7131597475140786, -0.2781081541988104, 0.10430966985383888, 0.11945317968207161, -0.43791497720587963, 0.6346606383866195, 0.025625248210682364], [-0.42209133008562655, -0.6907582944487046, -0.5855881823821913, -0.20349569956641084, 0.0923902591821543, -0.19140867685464583, 0.4004711122737385, -0.009978335851822069, 0.6510989585258377, 0.26215500621489973, -0.43601076681333795, -0.2304449860208777, -0.002145461976793002, -0.11131151477138397], [-0.02011609783244437, -0.4301578532507425, 0.08933240275223486, -0.5543821900975532, -0.04661799437004278, -0.607590334826024, -0.4693091445843558, -0.05862037285774103, 0.1349776080927685, 0.6031379527171005, 0.6729710087236183, 0.5271003617204852, 0.5737147642777196, -0.0022569532213408475]], "inverted": false, "swapped": true, "error_lsq": 0.03746449428788183, "error_max": 0.2354440666551675, "target": "955.xyz", "model": "20.xyz", "model_rescale": 4.067790424073018, "target_rescale": 4.361424366270004},
{"mapping": [11, 9, 12, 8, 15, 10, 7, 13, 14, 2, 3, 5, 6, 4, 16], "R": [[0.668518158554984, -0.47573861486969904, -0.5716259633747521], [-0.3571444490518645, -0.879566305558352, 0.31434210128118656], [-0.652327612625507, -0.005990362951585948, -0.7579134524192157]], "T": [0.09925771691100232, 0.02908966790956673, 0.016455211613405882], "aligned_model": [[0.15516226419809287, 0.04861345178240917, -0.13574142498324165, 0.08222327025759575, -0.5649228213238882, -0.5040867449769908, -0.3907287380580668, 0.39289885451252904, -0.18260319006293674, 0.6189213094258879, 0.38494141886139904, 0.2879509366601606, 0.6182632578856608, -0.21307928396555137, 0.1706313936944554], [-0.051599465539317116, 0.7315698607971837, -0.49216480641156884, -0.7632956651010608, -0.026800994064603855, 0.24521331708340324, -0.447764637357885, 0.4575734652151865, 0.5358367947871319, 0.5489928132659097, 0.3837992421950093, -0.37280364436522107, -0.388657660492896, 0.04663408408924351, 0.03436243582733239], [-0.678626081371439, 0.09144877642021709, -0.33882333320920616, -0.03473887219464358, -0.41170022183694754, 0.11203616001305852, 0.26378765368926543, -0.4929212014552977, -0.439985348948736, 0.15880528791640133, 0.5912736125413781, 0.5643253508120692, 0.011400573653199828, 0.7385948917615802, 0.00037232583024094865]], "inverted": false, "swapped": true, "error_lsq": 0.03951462395890314, "error_max": 0.22238175586083314, "target": "955.xyz", "model": "21.xyz", "model_rescale": 4.186013935880536, "target_rescale": 4.361424366270004},
{"mapping": [15, 12, 11, 9, 4, 14, 10, 7, 0, 6, 5, 2, 16], "R": [[-0.19264823658235136, 0.8721271945689494, -0.4497563934342731], [-0.8819648311334479, 0.047023412701234155, 0.46896357566625413], [0.4301449681043118, 0.48701432745990514, 0.7601265363499141]], "T": [-0.0003229823461069056, -0.00692019188063803, 0.05058686497093273], "aligned_model": [[-0.04008992967503612, -0.34145682925292503, 0.2686034199336581, 0.540416161828328, -0.40824639272151503, 0.5549606473725334, -0.03586361142223986, -0.6552526554957113, 0.3604911183231579, -0.20001264930584703, -0.5364446507675081, 0.5194898623124341, 0.031979544293896045], [-0.4738721201101553, 0.08376352069241315, 0.22890231519146587, -0.3637342708949992, -0.44777235557471723, -0.3680941528487591, -0.6498832110626122, -0.29167513578869053, 0.7090052272502727, 0.6268316550374684, 0.20803405500448108, 0.20024679946932275, 0.057204333180602876], [-0.5881236447921634, -0.5226127781470924, -0.5534333282649224, 0.3368597919600304, 0.5591100083322735, -0.27466637066279814, -0.02155957478445647, -0.0859116205757669, 0.08497234348271979, 0.0994516247892201, 0.4551276953591293, 0.5480700489916244, 0.06559536564754814]], "inverted": true, "swapped": true, "error_lsq": 0.044517304354423325, "error_max": 0.30624528124684414, "target": "955.xyz", "model": "22.xyz", "model_rescale": 4.166573947596378, "target_rescale": 4.361424366270004},
{"mapping": [0, 2, 9, 14, 13, 1, 3, 6, 11, 15, 8, 10, 4, 5, 7, 16], "R": [[0.9410070502429996, -0.12624046462487376, -0.3139571252325146], [0.31462837391281123, -0.01511014969300583, 0.9490946579268241], [-0.12455808974911695, -0.9918845842473564, 0.02550007471557623]], "T": [-0.0395964557100562, 0.022180002262150812, 0.04042911241925194], "aligned_model": [[-0.7940147014421769, -0.26927006648188334, 0.2599390350660146, 0.19805006723321184, -0.3470274341879261, -0.5476802967077381, 0.04272246508882242, -0.6275395511389814, -0.37502697644512684, 0.3586032305519725, -0.3005227684467577, 0.5902921184074609, 0.5082811084285994, -0.12807444330004997, 0.3244196868913733, -0.10591823249605845], [-0.009774779022425871, 0.21907528772583748, -0.06492770763532324, -0.5923728684153615, -0.4386757171557171, 0.5862036613190924, 0.5757570077613712, 0.26942748866674576, -0.586162496289162, -0.5783662472625933, 0.12720882543453488, -0.1286118871152403, 0.5847783518778461, 0.670084513652398, 0.18660628347839212, 0.02945772060128381], [-0.2311411079502675, -0.6444762483697909, -0.5954624148039279, -0.29187362016073254, -0.4311491014414815, -0.28229814658193014, -0.43351850911318934, 0.23303422221326858, 0.14132424975170954, 0.3696066339810163, 0.7831753195349461, 0.05971328764928582, 0.09201591328287126, 0.30439207362452597, 0.6479703352012468, 0.009947646346542806]], "inverted": true, "swapped": true, "error_lsq": 0.0400817480990093, "error_max": 0.2518221215066814, "target": "955.xyz", "model": "23.xyz", "model_rescale": 4.274766983524099, "target_rescale": 4.361424366270004},
{"mapping": [2, 10, 4, 5, 7, 8, 6, 12, 11, 15, 16], "R": [[-0.3205372847640043, 0.6580923552339437, -0.681300448450433], [0.8125833095772703, -0.17859027654120735, -0.554809767507193], [-0.48678970210201666, -0.7314505896556354, -0.4775100216957273]], "T": [0.09178169929186109, 0.05366963461333854, -0.09932721437169581], "aligned_model": [[0.41350741652914025, 0.08625137828400112, -0.4604284603346378, -0.5501860165230985, -0.4778052910720556, -0.4112787064588769, -0.116441722591828, -0.03796903811816976, 0.5462576770944673, 0.2711804058904492, 0.1168070612586839], [-0.26225531346087916, 0.7008656778921456, 0.4326816617164684, -0.18885604094353384, 0.3970602185364309, -0.17946229087172536, -0.5659805688747033, 0.07697304897983223, -0.09941125529910702, 0.6178971443798016, -0.013925750811246723], [-0.6970705240062126, -0.1305743939870048, -0.5125605010471606, -0.26163495788097324, 0.19444762915579475, 0.4693249253812699, 0.02944298098024753, 0.5608056246255203, 0.4133050956376999, 0.42701872695629606, -0.11293817179389962]], "inverted": true, "swapped": true, "error_lsq": 0.04564655447258605, "error_max": 0.24222211230895108, "target": "955.xyz", "model": "24.xyz", "model_rescale": 3.7841303162186577, "target_rescale": 4.361424366270004},
{"mapping": [0, 1, 5, 10, 3, 4, 9, 13, 6, 8, 11, 14, 7, 15, 12, 16], "R": [[-0.14935603733617836, -0.7903012151839877, 0.5942362858240375], [0.5750229005609879, 0.4194809535227489, 0.7024132640134824], [-0.8043888599064899, 0.4466091343785508, 0.39178928411581065]], "T": [0.019695336238856553, -0.06601344062678023, 0.10445553598195953], "aligned_model": [[0.08713438178764839, -0.13026995010260078, -0.5589474685836506, 0.22688707003978154, 0.13312334333545295, -0.19550758430691267, 0.6537997118022365, 0.5791499649744121, -0.40222935098867707, -0.7024797937441785, 0.1827161304342984, 0.6704871037902371, -0.4812721579077731, 0.15872346845353302, -0.32916348681147245, 0.025691166300443637], [0.03518294656888833, -0.5561324357403303, -0.46336942979384105, -0.09867146241217327, -0.7763880690745013, -0.6616785739518549, -0.37163091808800636, 0.18240705532558615, -0.02617953334902902, 0.26439478385304255, 0.5829131249629965, 0.23126055078696595, -0.01633586449849636, 0.48726688324022466, 0.49248012148126646, -0.0687067109427768], [-0.6887213979275166, -0.541855956011463, 0.03688499982694746, 0.7175417682345981, -0.03820569967472162, 0.5715943571363848, 0.18304876796719724, -0.28871820171327767, -0.4096436270728323, 0.09556681334175882, -0.10789462684664483, 0.28521630639803, 0.6290637704264197, 0.6541178780916234, 0.2442272454438967, 0.03139761819685344]], "inverted": false, "swapped": true, "error_lsq": 0.04172668447032307, "error_max": 0.2967883541492383, "target": "955.xyz", "model": "25.xyz", "model_rescale": 4.19342608120988, "target_rescale": 4.361424366270004},
{"mapping": [3, 6, 5, 10, 4, 9, 7, 14, 8, 13, 12, 16], "R": [[0.9385854971742277, 0.3213618261748826, -0.12563375808974564], [-0.035010411468123864, 0.4509244386005068, 0.8918752276869509], [0.3432659837255082, -0.8327026644309256, 0.4344821481563964]], "T": [0.01209826091983849, 0.00592979412065762, 0.03724322125557696], "aligned_model": [[-0.3632926604016761, 0.5729133860532593, 0.09505950012019213, -0.50923988210225, -0.5448628374250476, -0.5162763810290039, -0.07051937730539473, -0.2381452797598447, 0.5502426987941021, 0.15522432715832116, 0.41072830826529066, 0.05597675226383199], [-0.621475414345635, -0.3354941487355827, -0.4527724442500319, 0.37196875890276615, -0.23594060892247562, -0.0782734719279372, 0.2595865307335212, 0.46345616706057213, 0.13445979856588286, 0.07596403480181792, 0.4687363445373291, -0.03743911867924631], [0.09464195185117905, -0.07598759601951913, -0.49190207482115084, -0.08146527048628374, -0.46339733779089526, 0.5013524169029532, -0.639131436189145, 0.5593772990724373, -0.5325515878664435, 0.7471009159602352, -0.24570173866930115, 0.07692291926535513]], "inverted": false, "swapped": true, "error_lsq": 0.04583944073343713, "error_max": 0.22681292190065078, "target": "955.xyz", "model": "26.xyz", "model_rescale": 3.795458400668931, "target_rescale": 4.361424366270004},
