[{"mapping": [4, 2, 3, 6, 5, 11, 9, 0, 1, 12, 8, 7, 13], "R": [[0.6006337257079093, 0.7468727312711205, -0.2853423397006699], [-0.7860546720720951, 0.48639313937477846, -0.38149674504873365], [-0.1461409595420367, 0.4534344905857557, 0.8792269233203502]], "T": [0.0507929654900979, -0.10081186555020794, -0.13284943702036858], "aligned_model": [[-0.3347147664855641, -0.6927161759611775, -0.3345662307435846, -0.20998142295981695, 0.43505534510051236, 0.7031228722739328, -0.04415773024104086, -0.46274827873864577, 0.021420352884862687, 0.2702608573366553, 0.3390778619525189, 0.13631127746972238, 0.1101962971637648], [0.37759604924168166, -0.05905515766287617, 0.15881944989826047, 0.6125629719748504, 0.3719358214718834, 0.05743339876173867, -0.5934748289084648, -0.6707766240739252, -0.37201634708994935, -0.6346010432844614, 0.434185241704946, -0.05447063834461349, -0.09870554256005881], [0.5992119553932306, 0.0587459160926517, -0.3722030994413986, -0.045446097826017745, -0.5814620856082142, 0.058163572697598115, 0.40101453599097825, -0.21548114460057669, -0.6414057192984214, -0.17782460968066233, 0.35832165875275246, 0.6167728621761694, 0.018830060094200934]], "inverted": false, "swapped": false, "error_lsq": 0.053361793925216186, "error_max": 0.31805062491640756, "target": "956.xyz", "model": "0.xyz", "model_rescale": 3.8414455957264533, "target_rescale": 3.917709093489038},
{"mapping": [2, 7, 9, 6, 8, 10, 4, 0, 13, 1, 5, 3, 14], "R": [[0.2932260391084023, 0.3513097745382419, -0.8891568659706159], [0.9310059782629351, -0.3163776691510444, 0.18202483045240803], [-0.21736227461883395, -0.8811847778851166, -0.41984167110481624]], "T": [0.012909599022295786, -0.05915450675064113, -0.0642063637905653], "aligned_model": [[-0.3696361639705746, -0.6231620671638173, -0.45730513892341534, 0.04091483426221877, 0.27429287441867595, 0.625747018445859, -0.2240761877549151, -0.3285938877518669, -0.12051206933248253, 0.44437722692141896, 0.2627577117199971, 0.3266332466683905, 0.0851228615126506], [0.31592309184175504, -0.14868806401552642, 0.2584584122160455, 0.7043959278777145, 0.3428334804656581, 0.2349405197552165, -0.2816796760901538, -0.6969324103386659, -0.27808564875075126, -0.7460699822216552, 0.2614010978256305, -0.33340182192741297, -0.10366217550884323], [0.44331729267166764, -0.082956823353979, -0.44305965190820695, 0.09776157859819373, -0.6922086241188382, 0.015290259717460147, 0.37184124911907834, -0.11038085591685112, -0.77772918340833, 0.23659374725043222, 0.4545833912534518, 0.5989246678057681, -0.03473924296755748]], "inverted": false, "swapped": false, "error_lsq": 0.04156879068750542, "error_max": 0.22408282938436386, "target": "956.xyz", "model": "1.xyz", "model_rescale": 4.316132596720782, "target_rescale": 3.917709093489038},
{"mapping": [7, 8, 2, 10, 1, 6, 3, 11, 4, 9, 5, 12], "R": [[0.637791338808193, -0.05394585565262833, -0.7683176770055202], [0.684278388876268, 0.49756862721000056, 0.5330933761858748], [0.3535325934877178, -0.865745520273863, 0.35425894408975317]], "T": [-0.0863977238024039, 0.030282178786466454, -0.1001120804040196], "aligned_model": [[-0.17046649490796859, 0.4615450344147352, 0.04049630290777495, -0.301565680327019, -0.4762217867916667, -0.5168663507615006, -0.2423575057980241, -0.3530708289530913, 0.6092961200453888, 0.19058626845689153, 0.411199218580279, -0.0547657422340185], [-0.6806574321586087, -0.44395937729022916, -0.311808103943683, 0.6240776534233567, -0.4581493872108171, -0.06773153931710472, 0.35443767013776684, 0.5319865605853806, -0.027071477938789043, -0.014209619348535922, 0.5286770964017782, -0.022815615599534517], [0.2680381462370844, -0.022305158089029095, -0.7140582236438712, -0.1187818707238759, -0.34011524283715744, 0.41359895630302895, -0.6952974345081526, 0.4894108714684113, -0.42783842657297666, 0.64826277596263, -0.07382136378292614, 0.022165431396255486]], "inverted": false, "swapped": true, "error_lsq": 0.05553074506655209, "error_max": 0.352573181858803, "target": "956.xyz", "model": "2.xyz", "model_rescale": 3.795458400668931, "target_rescale": 3.917709093489038},
{"mapping": [7, 1, 2, 10, 9, 5, 3, 6, 0, 11, 4, 12], "R": [[0.2522026248827926, -0.47204135224299837, 0.8447311985329007], [0.9236219986028443, -0.14296401170989875, -0.3556454625785339], [0.28864552603343224, 0.8699070370610951, 0.39993187816485676]], "T": [-0.004466937443571628, 0.03587029514083423, 0.04605430481592307], "aligned_model": [[0.052016450829630134, -0.20491941101195, -0.685286883050385, 0.31061804788787445, 0.44662435622452484, -0.02036202798272918, -0.2809355732452728, 0.566151546732391, 0.17798956292202356, 0.7834962877069871, -0.6098474288421009, 0.05775889757257162], [-0.1818411903373878, -0.5624761425380946, -0.17985001556679664, 0.06308003892534733, 0.5030436468282063, 0.6623734688983853, -0.1724905656099275, -0.20844375677656707, -0.6158499120039822, 0.1813194331661998, 0.5135713913009523, 0.08333264900337391], [-0.7268936973173868, -0.17739604556012076, 0.04863724197043168, 0.5930643213116719, -0.4198107850556151, 0.36843999327353194, 0.649209912465006, -0.22508061827513606, 0.3844004060816977, 0.21433278403811148, 0.04627257581096758, -0.06640465810405899]], "inverted": false, "swapped": true, "error_lsq": 0.05179447302150141, "error_max": 0.28022982953789993, "target": "956.xyz", "model": "3.xyz", "model_rescale": 3.7530521520055578, "target_rescale": 3.917709093489038},
{"mapping": [9, 11, 6, 0, 7, 3, 8, 5, 4, 1, 12], "R": [[-0.965916750089032, -0.1214691288140794, 0.2285827697850196], [-0.08668139743681014, 0.9838609757550397, 0.15653726624910455], [-0.24390811227969525, 0.13138809356821443, -0.9608569100717681]], "T": [-0.07102003605513815, 0.05320116831475043, 0.03181371960165547], "aligned_model": [[-0.378068149471086, -0.2540188100932297, 0.24591257694350913, 0.4541607400786166, 0.3640306154392545, -0.05045748300510981, -0.22898390461752596, -0.7645871310097597, -0.5319303439993316, 0.5651574731570436, -0.08301598097717594], [-0.6518584523339775, -0.11563103279487401, -0.3235478352205198, 0.4710263862714953, -0.5972154354173304, 0.7475646399831996, -0.3800237078721095, 0.1737060931205469, 0.13570113221603627, 0.08990634198154318, -0.08242477161966387], [-0.1858487831161195, -0.7481646641246882, -0.4333989888664144, -0.3176357428206502, 0.2208281377970959, 0.06471345422049704, 0.5962283365584342, -0.0018710046450304066, 0.6445447929672926, 0.2369005785775479, 0.016534660697351294]], "inverted": false, "swapped": true, "error_lsq": 0.054586248602899595, "error_max": 0.33077157354047804, "target": "956.xyz", "model": "4.xyz", "model_rescale": 3.7855080009869324, "target_rescale": 3.917709093489038},
{"mapping": [7, 10, 3, 5, 2, 1, 8, 15, 14, 13, 4, 6, 16], "R": [[0.4708342332589008, 0.7337459085248392, -0.48982860932632505], [0.5756523694762747, 0.1652229902571712, 0.8008281419922938], [0.6685353201648015, -0.6590283038030593, -0.34458993090136747]], "T": [0.07529294792692826, -0.06741351611492291, -0.026380059692798614], "aligned_model": [[-0.23887606045755017, -0.6476855076116981, -0.2297314210457267, -0.2891034836203528, 0.21079885451588376, 0.7317522294379748, -0.30547617222133155, -0.4256660031198977, 0.13118395515475972, 0.29336044398801414, 0.34834730088137617, 0.2868953965691594, 0.0707607265815287], [0.21124479239799338, -0.015371321493100054, 0.38358498155380527, 0.6435637331029858, 0.19589830037582961, 0.3016879236151587, -0.538825856323901, -0.6883143853631388, -0.40999641103379975, -0.7341156720983033, 0.43282219918985926, -0.1698473985340805, -0.0828981342602977], [0.5941172031080477, 0.04817218293082278, -0.4576306768896023, 0.10334979958966109, -0.7032040576084585, -0.10338186419471579, 0.33152377739732697, -0.23335915675027802, -0.6070783926962005, 0.1547895879973128, 0.44500760808340517, 0.5825606365396938, -0.07762884276472523]], "inverted": true, "swapped": false, "error_lsq": 0.04232944030211158, "error_max": 0.24813001882937583, "target": "956.xyz", "model": "5.xyz", "model_rescale": 4.2253639853439635, "target_rescale": 3.917709093489038},
{"mapping": [9, 12, 7, 0, 3, 4, 8, 11, 6, 5, 1, 10, 13], "R": [[0.7327907952417667, 0.5885174985468876, 0.3415622993145663], [-0.5911447656001013, 0.3020024908322497, 0.7478919451596721], [0.3369948315813468, -0.7499610986146089, 0.5692036841520165]], "T": [0.04667965162085988, -0.058537750879604236, 0.04794726057891947], "aligned_model": [[-0.3552138063010023, -0.8140019168704434, -0.296438218509395, -0.1771059982344547, 0.27866193384836835, 0.6407694544089351, -0.12540537208731006, -0.4491988657268914, 0.0016951232338886513, 0.21284001764484983, 0.33788491869905146, 0.6111524414033392, 0.07092054754320384], [0.17913061846964512, -0.05114104943567334, 0.276808806977214, 0.7099400693047851, 0.21660321251818349, 0.32385670404817696, -0.40523337113419206, -0.6292502176082619, -0.30369918745536845, -0.6692587499945728, 0.3235507254456024, -0.40333194258653426, -0.038542867419992556], [0.4411289261940143, -0.31332312422466596, -0.5838786880475775, -0.0012916684313991483, -0.5631919573505109, 0.006196820219123003, 0.6772752888045311, -0.1362959622724924, -0.5450031845216963, 0.03562409323148248, 0.6028469547973139, 0.46146861353362306, -0.0043183071894555905]], "inverted": true, "swapped": false, "error_lsq": 0.05293563054321994, "error_max": 0.35439225035071115, "target": "956.xyz", "model": "6.xyz", "model_rescale": 3.89814844738969, "target_rescale": 3.917709093489038},
{"mapping": [2, 4, 7, 0, 3, 6, 10, 11, 8, 9, 1, 5, 12], "R": [[0.9325606569295095, -0.028482635133324996, 0.35988798346577705], [-0.2828925133831183, 0.5616661014351698, 0.7774979204926531], [-0.22428207021289895, -0.8268735876749718, 0.515730184288778]], "T": [-0.07907536117265818, 0.00018241310353477036, -0.0564507398005871], "aligned_model": [[-0.3537517048323, -0.7115624881125155, -0.4077376533032677, 0.02736078122336326, 0.29879861688194076, 0.5888665905375259, -0.2584137025681422, -0.411961714195926, 0.1998756683586843, 0.39160826827016576, 0.2910604581123825, 0.45107089603213285, -0.1686537573519042], [0.15608113224665504, 0.012125202527301412, 0.2558615874832791, 0.581907571323228, 0.4086921507161056, 0.0701240531424618, -0.45778779631244665, -0.6583590162388755, -0.35262578877969003, -0.7297764118408275, 0.4616868088628539, -0.14741165097747377, -0.07108509102356017], [0.5774233329648724, 0.06729574467641977, -0.5642734815775797, -0.02070755367462055, -0.6418676746895704, -0.13605957826739148, 0.4885306448770229, -0.38939252305035243, -0.5618213643149761, 0.15226656636972127, 0.5475441111798316, 0.49103217522474096, 0.0672674050241717]], "inverted": true, "swapped": false, "error_lsq": 0.0478076900400759, "error_max": 0.22532368245520157, "target": "956.xyz", "model": "7.xyz", "model_rescale": 3.7474275329858107, "target_rescale": 3.917709093489038},
{"mapping": [1, 0, 3, 2, 5, 8, 12, 10, 7, 11, 4, 13, 14], "R": [[0.5540655579766711, -0.33484555098711144, 0.7621612785022196], [0.39573625152752967, -0.6995332660624489, -0.5950176710812403], [0.7323961883372552, 0.6312936453475047, -0.2550767661958241]], "T": [-0.015571407703983213, -0.09364934867403862, -0.01159156963394363], "aligned_model": [[-0.5416151404895788, -0.6484062854152444, -0.2228738831619341, -0.0472948093685269, 0.1960649041903679, 0.44644279162782974, -0.1193479674839238, -0.39954525211095215, 0.09845976342095425, 0.28074886179503517, 0.5039033495495691, 0.39509656294741097, -0.005072636448867773], [0.2312689018298938, 0.004328362484341541, 0.4340119411446224, 0.6877843124265811, 0.0704614976402326, 0.3836188052156019, -0.5029053411945952, -0.7068461920433802, -0.483612752058654, -0.6401071515437327, 0.33743925317388523, -0.22318836938776446, -0.06282051655802082], [0.4156179126301013, -0.16694157219364653, -0.4506061296208818, 0.29976763600410733, -0.6758950888415858, -0.16640857372290896, 0.4382779414752337, -0.2392252178089671, -0.5582203906419291, -0.019215424087086416, 0.38405276531689436, 0.7775112682054366, 0.03852267802752233]], "inverted": false, "swapped": false, "error_lsq": 0.04752229546393967, "error_max": 0.2945503844686083, "target": "956.xyz", "model": "8.xyz", "model_rescale": 4.019505241142653, "target_rescale": 3.917709093489038},
{"mapping": [3, 0, 7, 4, 8, 11, 2, 1, 9, 10, 5, 6, 12], "R": [[0.5154442502621815, 0.6528428534224102, 0.5550796641987016], [0.7078675203537692, -0.6894514812511751, 0.15355855114179467], [0.48295009938902, 0.3137719932305085, -0.8175000536784631]], "T": [0.021934972957901984, -0.10536635707265646, 0.027783006260686763], "aligned_model": [[-0.35515469467600547, -0.6047377750580807, -0.4628956522207826, -0.3496783935377563, 0.20964002454358735, 0.605360775853161, -0.2783614554098003, -0.2849641515199484, 0.2787941338617058, 0.3785660858433216, 0.287723850321484, 0.4655184364375679, 0.04674907461368538], [0.37983177520568917, 0.0484420082635901, 0.3042172213999653, 0.6347476272918415, 0.299985802168331, 0.06708813019428178, -0.23506358902755525, -0.6634455693570669, -0.24625834243468706, -0.9476892795613137, 0.36239212139069876, -0.3982598911730085, -0.07655526323175457], [0.6284883939001862, -0.05140241990965279, -0.6177900315980079, -0.013803857446402952, -0.47876745716224445, -0.10307304568384289, 0.5207057642557879, -0.19730769186186498, -0.5898842839133859, -0.010766984531313945, 0.42913447023884554, 0.5232715798690872, 0.038433368585098826]], "inverted": false, "swapped": false, "error_lsq": 0.05464575858256316, "error_max": 0.2830136009438578, "target": "956.xyz", "model": "9.xyz", "model_rescale": 3.877068213659057, "target_rescale": 3.917709093489038},
{"mapping": [7, 4, 5, 1, 12, 11, 2, 13, 6, 14, 8, 9, 15], "R": [[0.20168452368257486, 0.9691488949911381, -0.14168194043133753], [0.02949272398878744, -0.15059806760570363, -0.9881550492028816], [-0.9790064004584721, 0.1951169940596772, -0.05895614039658453]], "T": [0.01201089673539798, -0.0804271487146789, -0.07657046667148193], "aligned_model": [[-0.40146690691784637, -0.650652380027248, -0.29303682374975715, -0.325906834605384, 0.30683808605195273, 0.6969444707361561, -0.21852922295181146, -0.29264812595255607, 0.11411290676623179, 0.2813338015178954, 0.3032482980307161, 0.3667588239252556, 0.04956416622853454], [0.2670402161042693, -0.011628477175992233, 0.5115984695909103, 0.7073292568173014, 0.2206617959287803, 0.1931338176737449, -0.3927108274762481, -0.7884736943972194, -0.3990957977321262, -0.7819534118705171, 0.3118840619979053, -0.3074189743084038, -0.0009336840233934857], [0.5354663832719455, 0.042739231885155424, -0.48577334757437246, 0.05818138894567812, -0.6935125965075942, -0.10275582782774503, 0.4616539429786687, -0.13565908660387013, -0.5945763033238369, 0.13520210402809862, 0.5205858159246857, 0.4316361086183115, -0.09595000907283503]], "inverted": false, "swapped": false, "error_lsq": 0.041195241577272945, "error_max": 0.25734471993706737, "target": "956.xyz", "model": "10.xyz", "model_rescale": 4.260839863003843, "target_rescale": 3.917709093489038},
{"mapping": [6, 10, 3, 0, 2, 1, 7, 9, 5, 4, 8, 12], "R": [[0.6382911796187467, -0.7335339928707998, 0.2334785885770482], [-0.47917977292317143, -0.615979759869405, -0.6252644885586645], [0.6024708418190934, 0.2872225909190498, -0.7446690996835719]], "T": [0.018294464423992008, -0.04632761692280508, -0.05008505018879721], "aligned_model": [[0.36864913414333883, 0.059703551812450115, -0.5212860400434147, -0.37358648520503746, -0.5941352270557545, -0.4081781416062994, 0.20362277563743542, 0.7896293130327469, 0.273907034187156, -0.11619920588531825, 0.1450839838905058, 0.13168795618632168], [0.032114674524667035, -0.6683649018361006, -0.4771945349205785, -0.33827979388409307, 0.2237041863687621, 0.311073496180241, 0.6765811929232793, 0.16089072080357003, -0.42137837168798264, 0.10722994128827079, 0.5376576770651972, 0.029044218707701498], [-0.6244606844957236, -0.1530111399045076, 0.0326942955877036, -0.6277535839118205, 0.1990543095224541, -0.4222614510854126, -0.35190212686193995, -0.020628479739853794, 0.48907221655529604, 0.6935650377179504, 0.36715089158992803, -0.0653412075785692]], "inverted": false, "swapped": true, "error_lsq": 0.03952784121264991, "error_max": 0.1944240680418938, "target": "956.xyz", "model": "11.xyz", "model_rescale": 3.890672605050136, "target_rescale": 3.917709093489038},
{"mapping": [8, 6, 1, 0, 2, 4, 5, 9, 11, 12, 3, 7, 13], "R": [[-0.7362182973220049, -0.31152850777837926, -0.6007766702608086], [-0.6746165883560993, 0.2675032439721764, 0.6879930764034909], [-0.05361974825626714, 0.91180699893439, -0.40710308189842526]], "T": [-0.08403867426351701, -0.061700266257095134, -0.07949346558131157], "aligned_model": [[-0.38657458555655744, -0.6494711182955005, -0.31970309403307945, -0.05999008642504118, 0.34475838978850104, 0.5540146609511781, -0.16540577012298163, -0.39895048870209115, -0.10157906736847182, 0.4056865964442175, 0.30192085352686454, 0.3527835475456948, 0.059070421299406886], [0.1801020680721091, -0.002083149773074701, 0.5697223929353376, 0.5223808468775717, 0.059820560777208535, 0.22141197650134148, -0.6179745542154301, -0.7698302835637494, -0.23211895167118507, -0.591980401630019, 0.5271109451254672, -0.2514898948426514, -0.08563880346391425], [0.5281204737989253, -0.17325003654946233, -0.46816556015882405, 0.003965856543657442, -0.6335060106775001, -0.1410762817464844, 0.45801048240689035, -0.15162420616869168, -0.6023815704055743, 0.10517998677224819, 0.5183357376699688, 0.6277055259984428, 0.005923407258694086]], "inverted": true, "swapped": false, "error_lsq": 0.042174102098278654, "error_max": 0.22302304145261198, "target": "956.xyz", "model": "12.xyz", "model_rescale": 4.124412569039231, "target_rescale": 3.917709093489038},
{"mapping": [3, 6, 8, 9, 11, 10, 0, 1, 2, 4, 7, 5, 12], "R": [[-0.8727902738377334, 0.4445650342348414, 0.20149210463447156], [0.21063274200526594, -0.029342662920915974, 0.9771247904582367], [0.44030783082929337, 0.8952658479292529, -0.06802996135467498]], "T": [-0.051345536766338906, -0.02071578991752554, 0.14530104403659388], "aligned_model": [[-0.559685959961369, -0.6770215977721662, -0.2649251989256338, -0.1970619514771586, 0.31507231495303156, 0.6022463771165257, -0.17010784322958342, -0.5212098489835865, 0.18884497923485888, 0.34976185169950663, 0.34964221454955907, 0.47885706338352907, 0.04214785846462572], [0.13632982076974054, 0.11359851256044373, 0.1663541672227996, 0.5981441893145707, 0.33133098660666765, 0.10081664374287613, -0.4373876006453305, -0.5456760809410005, -0.36542080213748396, -0.688094362499941, 0.3791060105097662, -0.22416092670111312, -0.03550780667298436], [0.6203590047905301, -0.049896162957175694, -0.5137017480256862, 0.07881552238664294, -0.710475729670651, -0.17510050086140633, 0.5313677612013452, -0.26275351097032484, -0.606950565614351, 0.03577954146520919, 0.4144274561810407, 0.6465406655607098, 0.06882607125640695]], "inverted": true, "swapped": false, "error_lsq": 0.03990770586358429, "error_max": 0.2176098322795689, "target": "956.xyz", "model": "13.xyz", "model_rescale": 3.9028299243045295, "target_rescale": 3.917709093489038},
{"mapping": [14, 11, 12, 13, 8, 4, 9, 1, 2, 3, 10, 7, 15], "R": [[-0.1023618554864485, -0.9908724866330143, 0.0877141138875514], [0.8699513323834038, -0.04641030076205442, 0.49094883976593373], [-0.48239685926186565, 0.12656144443266504, 0.8667614844681353]], "T": [0.07761353541284807, -0.0849558207385138, -0.10710423976900295], "aligned_model": [[-0.44532060924845907, -0.6416006269662059, -0.40428601993355584, -0.13378040830784424, 0.22499310673160755, 0.7136418274844631, -0.235423462926544, -0.4212523152188268, 0.07683831054464069, 0.5123991034322826, 0.26727310406791993, 0.36295233977268737, 0.060125909619974174], [0.3151334551975774, -0.10853884982673218, 0.3082943372908534, 0.6746586102204138, 0.22999019346223118, 0.07445230776075004, -0.3650009083747311, -0.47116654111641365, -0.45598042680310635, -0.530166787371082, 0.3037914996083092, -0.3191137592428397, -0.12692037967621933], [0.484097167884289, 0.060321916223261676, -0.4191417707291457, -0.0024626197873181405, -0.7967385121587869, 0.06441932751997044, 0.5443771820882509, -0.26258059900578606, -0.7430994522327463, -0.06918128800805619, 0.4997378904343236, 0.7201682560865477, -0.002679693572514144]], "inverted": false, "swapped": false, "error_lsq": 0.03868919677540105, "error_max": 0.21670113984209788, "target": "956.xyz", "model": "14.xyz", "model_rescale": 3.942246331269136, "target_rescale": 3.917709093489038},
{"mapping": [8, 12, 13, 11, 4, 10, 0, 1, 3, 5, 6, 7, 14], "R": [[-0.7840194616436899, -0.5411429936957164, 0.30410153590203565], [-0.15230391534378762, -0.30722815578495, -0.9393691381261848], [0.6017615816375217, -0.7827995405383277, 0.15845465659958397]], "T": [0.10169909136610986, -0.04000106776338667, 0.00540194917848457], "aligned_model": [[-0.2987529032799575, -0.6300183731647813, -0.45082098036696827, 0.059449096360858295, 0.19581486712287954, 0.6983049468197954, -0.2678818593857968, -0.29569810235309135, 0.011113196161410238, 0.2988361874764129, 0.30255744042905086, 0.2702924492805581, 0.043364293951769085], [0.27508249993739625, -0.19452774652929708, 0.4177673139029428, 0.6745663097679524, 0.22283914696476628, 0.275015353381816, -0.41649381195123675, -0.7069864995302468, -0.39476407793524054, -0.6360371977612731, 0.28654624886487273, -0.1649894193149159, -0.10858536866852475], [0.5878120037248701, -0.32442727301507723, -0.3768277273040988, 0.04686790565595334, -0.5100795919051557, -0.22660370525779547, 0.517632968625254, -0.2266483471270741, -0.6130520367448137, -0.08764349812257428, 0.41260234573159954, 0.8342165845298407, 0.043388175951361234]], "inverted": true, "swapped": false, "error_lsq": 0.04688121338604389, "error_max": 0.3339346959598908, "target": "956.xyz", "model": "15.xyz", "model_rescale": 4.355366556412066, "target_rescale": 3.917709093489038},
{"mapping": [7, 8, 2, 10, 1, 6, 3, 11, 4, 9, 5, 12], "R": [[0.637791338808193, -0.05394585565262833, -0.7683176770055202], [0.684278388876268, 0.49756862721000056, 0.5330933761858748], [0.3535325934877178, -0.865745520273863, 0.35425894408975317]], "T": [-0.0863977238024039, 0.030282178786466454, -0.1001120804040196], "aligned_model": [[-0.17046649490796859, 0.4615450344147352, 0.04049630290777495, -0.301565680327019, -0.4762217867916667, -0.5168663507615006, -0.2423575057980241, -0.3530708289530913, 0.6092961200453888, 0.19058626845689153, 0.411199218580279, -0.0547657422340185], [-0.6806574321586087, -0.44395937729022916, -0.311808103943683, 0.6240776534233567, -0.4581493872108171, -0.06773153931710472, 0.35443767013776684, 0.5319865605853806, -0.027071477938789043, -0.014209619348535922, 0.5286770964017782, -0.022815615599534517], [0.2680381462370844, -0.022305158089029095, -0.7140582236438712, -0.1187818707238759, -0.34011524283715744, 0.41359895630302895, -0.6952974345081526, 0.4894108714684113, -0.42783842657297666, 0.64826277596263, -0.07382136378292614, 0.022165431396255486]], "inverted": false, "swapped": true, "error_lsq": 0.05553074506655209, "error_max": 0.352573181858803, "target": "956.xyz", "model": "16.xyz", "model_rescale": 3.795458400668931, "target_rescale": 3.917709093489038},
{"mapping": [2, 4, 7, 0, 3, 6, 10, 11, 8, 9, 1, 5, 12], "R": [[0.9325606569295095, -0.028482635133324996, 0.35988798346577705], [-0.2828925133831183, 0.5616661014351698, 0.7774979204926531], [-0.22428207021289895, -0.8268735876749718, 0.515730184288778]], "T": [-0.07907536117265818, 0.00018241310353477036, -0.0564507398005871], "aligned_model": [[-0.3537517048323, -0.7115624881125155, -0.4077376533032677, 0.02736078122336326, 0.29879861688194076, 0.5888665905375259, -0.2584137025681422, -0.411961714195926, 0.1998756683586843, 0.39160826827016576, 0.2910604581123825, 0.45107089603213285, -0.1686537573519042], [0.15608113224665504, 0.012125202527301412, 0.2558615874832791, 0.581907571323228, 0.4086921507161056, 0.0701240531424618, -0.45778779631244665, -0.6583590162388755, -0.35262578877969003, -0.7297764118408275, 0.4616868088628539, -0.14741165097747377, -0.07108509102356017], [0.5774233329648724, 0.06729574467641977, -0.5642734815775797, -0.02070755367462055, -0.6418676746895704, -0.13605957826739148, 0.4885306448770229, -0.38939252305035243, -0.5618213643149761, 0.15226656636972127, 0.5475441111798316, 0.49103217522474096, 0.0672674050241717]], "inverted": true, "swapped": false, "error_lsq": 0.0478076900400759, "error_max": 0.22532368245520157, "target": "956.xyz", "model": "17.xyz", "model_rescale": 3.7474275329858107, "target_rescale": 3.917709093489038},
{"mapping": [12, 9, 4, 5, 8, 3, 7, 2, 0, 1, 10, 11, 13], "R": [[-0.6006093468301611, -0.0716689009607761, -0.7963240427962237], [-0.6318406681773152, -0.5677695418500646, 0.5276505637110719], [-0.48994467293510957, 0.8200617757111001, 0.2957243674100364]], "T": [-0.016855452920665384, -0.0669624875115149, 0.020370929683054265], "aligned_model": [[-0.3715200697111654, -0.6793518408334376, -0.35749741574174376, -0.2299331429199139, 0.3392692599233089, 0.660316051868222, -0.2516647997429353, -0.30883563530835983, 0.08739317512189397, 0.3674554652198604, 0.3276345674947504, 0.4032156319594321, -0.04992098827777228], [0.2387418619650462, 0.020909181722602366, 0.35021730678584695, 0.6228756292633366, 0.35134150499231, -0.05430572525414806, -0.4874364002377577, -0.664891361092488, -0.362279968684181, -0.6416630100524057, 0.4727721249863883, -0.1842689783234358, -0.1325794149421028], [0.6034616461427318, 0.053556342210468066, -0.6114121774162253, 0.06443006425698855, -0.4433654285808379, -0.022846436969122957, 0.5995820668324363, -0.22673503754703928, -0.7549110832941237, -0.0029280917318004994, 0.2781548399051265, 0.5961453062118341, -0.055894205278145495]], "inverted": false, "swapped": false, "error_lsq": 0.04607908009730844, "error_max": 0.2774850478625392, "target": "956.xyz", "model": "18.xyz", "model_rescale": 3.922800546911778, "target_rescale": 3.917709093489038},
{"mapping": [2, 3, 0, 1, 5, 8, 11, 7, 12, 13, 6, 4, 14], "R": [[-0.5467079190976785, -0.7482954081031195, 0.37571855611304655], [-0.3817086441428563, -0.17664904720699454, -0.9072450744465266], [0.7452576481878659, -0.6394130873955016, -0.1890553926362435]], "T": [0.014035158106819977, -0.010313519905990082, 0.062470486146612554], "aligned_model": [[-0.5580862219126341, -0.48784916518639876, -0.4829865054723199, 0.044742135664860835, 0.149638640139712, 0.6030954406861079, -0.0856412755167635, -0.39793571254982796, 0.03883669034397884, 0.3584309146531286, 0.400124108596433, 0.4026866893125937, -0.04849547970673117], [0.30151967439257354, -0.1016458415736341, 0.45638081293501565, 0.726996771278031, 0.3024203036869554, 0.07794608729393837, -0.5726494355215342, -0.6783019039860694, -0.4053913781921501, -0.604623767556563, 0.3435175408520872, -0.2341747854800792, -0.08256132699955979], [0.36007113844088423, -0.3234307662955262, -0.4208601473787115, 0.12089684988105964, -0.6204226031632786, -0.07756122185604913, 0.4880131272035526, -0.0868028856353078, -0.6171709005105152, 0.06327000512436279, 0.5113654345095394, 0.63054025312875, 0.049329521293529785]], "inverted": false, "swapped": false, "error_lsq": 0.04427950841426632, "error_max": 0.34207618784048754, "target": "956.xyz", "model": "19.xyz", "model_rescale": 3.9282355846067225, "target_rescale": 3.917709093489038},
{"mapping": [5, 6, 7, 2, 12, 10, 4, 8, 9, 11, 1, 0, 13], "R": [[0.1665500632153307, 0.6603365145111688, -0.7322682323071309], [-0.7632881086382324, 0.5564793601110359, 0.32821027555803567], [0.6242213867326553, 0.5042681919114599, 0.5967086818305125]], "T": [-0.12239867816032954, -0.06620815061795148, 0.0012712894582624567], "aligned_model": [[-0.4820327599964275, -0.7683424906545685, -0.3266134851068577, 0.11847873323864475, 0.19594125681319466, 0.6732717725898771, -0.1354650485940457, -0.40478048005892087, 0.11339120242096351, 0.43077696701113255, 0.1537449235778491, 0.3783013025929759, -0.010111634781678439], [0.4067055258034553, -0.04236000763515661, 0.3570429135011799, 0.7155664550020543, 0.10178025175332452, 0.23792421652766027, -0.6143524703191101, -0.718552319672357, -0.415473409654856, -0.5198580745561628, 0.30448989876894794, -0.2773936893213758, -0.006086539068592765], [0.3682946321547284, 0.09630765741150278, -0.40769402169347535, 0.09885586326627442, -0.7689455162122992, -0.1277495850110838, 0.3154924212792381, -0.2695223260229884, -0.5472191263952217, 0.04078867077264133, 0.5910411290621765, 0.588550767826971, 0.0990372383038258]], "inverted": true, "swapped": false, "error_lsq": 0.043296419066386066, "error_max": 0.20950229047453486, "target": "956.xyz", "model": "20.xyz", "model_rescale": 4.067790424073018, "target_rescale": 3.917709093489038},
{"mapping": [6, 5, 8, 4, 7, 0, 11, 10, 9, 12, 2, 3, 14], "R": [[-0.6348615958105003, 0.3730746461416675, 0.6765841134487381], [0.7146959016169735, -0.04912000826909679, 0.6977083867917495], [0.29353112675974713, 0.9265001528299464, -0.23545051375870857]], "T": [-0.09301264207969519, -0.025737694547268875, -0.006603049620931116], "aligned_model": [[-0.3394191890578282, -0.5912223397317277, -0.12198418859592917, -0.2990251731293725, 0.21955253448944, 0.5565733786654019, -0.16678996119429396, -0.37364737984818247, 0.08711211518349764, 0.3641220300444446, 0.2761920724256256, 0.4288631491673053, -0.10376678936624148], [0.16535768684264104, 0.24954045456926566, 0.3964753542485597, 0.730467131581169, 0.06869723603068661, 0.23972879569171962, -0.5375254859536471, -0.745582789368701, -0.5457881308249859, -0.6398867564220831, 0.4600974878815264, -0.21293988845464903, -0.09920834469249086], [0.6644582527301505, -0.1630484351148197, -0.3887871513887081, 0.16128260410458356, -0.6774599728853694, -0.11625510721084802, 0.3815495205506344, -0.2792823575502356, -0.5553766960518823, 0.02276850529072392, 0.4192771986183551, 0.6386457502674537, -0.03053430661774827]], "inverted": true, "swapped": false, "error_lsq": 0.05123863261121166, "error_max": 0.29856625492025457, "target": "956.xyz", "model": "21.xyz", "model_rescale": 4.186013935880536, "target_rescale": 3.917709093489038},
{"mapping": [1, 7, 6, 0, 3, 5, 9, 10, 4, 11, 2, 8, 12], "R": [[0.9825510293686737, 0.13037149598483352, 0.1326527335611172], [0.18356496306238262, -0.5648543096800009, -0.8045144580253583], [-0.029956285191363573, 0.8148269030110669, -0.5789298222642598]], "T": [-0.0055326642198009835, -0.051559284537579124, 0.0408091974405299], "aligned_model": [[-0.5070020172736599, -0.7163852119778845, -0.13877114725742062, -0.14635709746655978, 0.4763211740845682, 0.6110345372724653, -0.18556609546960962, -0.5258157038001268, -0.18151991548928442, 0.41696654206684824, 0.37390085410748114, 0.4470468535675007, 0.012707486687821012], [0.2860482028497197, -0.049974278525223285, 0.22808983714659486, 0.6558146910188402, 0.14538809082296011, 0.41079011184004643, -0.4602558838088038, -0.6935058546392912, -0.3982497963781995, -0.4959864813039156, 0.31366342674553627, -0.35437274546485376, -0.058016569174399214], [0.4527229121188896, -0.14087702378341427, -0.421680504494874, 0.08054556255621514, -0.7216652379253584, -0.0271370889046157, 0.4720931104431929, -0.07542157515249073, -0.5727462810280158, -0.11066643153465167, 0.5626729528382215, 0.5803867346530011, -0.000989325043809823]], "inverted": false, "swapped": false, "error_lsq": 0.048343259317682956, "error_max": 0.27433127280822556, "target": "956.xyz", "model": "22.xyz", "model_rescale": 4.166573947596378, "target_rescale": 3.917709093489038},
{"mapping": [14, 13, 7, 10, 0, 8, 12, 6, 1, 2, 9, 11, 15], "R": [[-0.020749117306517684, 0.9445676346361875, 0.32766058311734414], [0.4892422709201947, 0.2954034237617871, -0.8205966229364248], [-0.8719010692021493, 0.14327875218472452, -0.46825177489950537]], "T": [0.09477192546664594, -0.0628853879074074, 0.04121239779976352], "aligned_model": [[-0.4458729726814874, -0.6846701849207306, -0.1403578726656281, -0.3080800559035034, 0.24084046574545243, 0.6507000425821006, -0.23278225189693041, -0.2757198887823691, 0.04100156439333531, 0.34898918272579926, 0.32200547103169047, 0.34803342850216384, 0.07247333092224648], [0.21731230057662393, 0.2485720243505659, 0.40632865913057054, 0.5684883692427465, 0.06697886884576819, 0.49012759118045224, -0.39363860648260585, -0.7102938541430923, -0.45445184854607096, -0.6691218930699959, 0.26136678398251684, -0.40993361928476396, -0.09230202465370357], [0.5463560533026768, -0.06959110304828597, -0.4445260130169373, 0.03688885847162712, -0.7516022206305341, -0.15677677812160304, 0.50239774505511, -0.1094717931019207, -0.5519853062080126, -0.10252390627466207, 0.4925156340796508, 0.7026573793397574, -0.017100745104576806]], "inverted": true, "swapped": false, "error_lsq": 0.051087373275277764, "error_max": 0.2963984171681775, "target": "956.xyz", "model": "23.xyz", "model_rescale": 4.274766983524099, "target_rescale": 3.917709093489038},
{"mapping": [5, 3, 2, 8, 1, 7, 9, 6, 11, 0, 12], "R": [[0.6191685640695246, 0.33116370180648363, 0.7120118621721903], [-0.617227807504357, 0.7657833165354619, 0.18057061156044515], [-0.48544837306499233, -0.551277166878672, 0.6785524020787026]], "T": [-0.009661469688367466, 0.1145184520463242, -0.060772250744799756], "aligned_model": [[0.3930487422419101, 0.220876483234984, -0.4756185169125182, -0.5475501973365182, -0.4604648127680981, -0.615681001692844, 0.03819978731483409, 0.0633882805702906, 0.6300669843721058, 0.17751701394129077, -0.043888059007362014], [-0.165063171101333, 0.708195815184347, 0.5246513625236919, -0.2894787097251647, 0.5074661327878854, -0.17716391763670775, -0.658416973034978, -0.0637145227287045, -0.18669453432451083, 0.7222780825899875, -0.006473033291029717], [-0.5670824461379119, -0.3401381088462887, -0.4139474880388653, -0.3412401578258377, 0.24005690142282093, 0.3816065463363867, 0.13682508335524962, 0.5886164600110606, 0.3519957039443754, 0.3492279125671487, -0.00635397276656087]], "inverted": false, "swapped": true, "error_lsq": 0.036167253874404955, "error_max": 0.17075119564645555, "target": "956.xyz", "model": "24.xyz", "model_rescale": 3.7841303162186577, "target_rescale": 3.917709093489038},
{"mapping": [6, 3, 13, 11, 14, 10, 1, 2, 9, 8, 7, 0, 15], "R": [[-0.18139077521812771, 0.7140946396108373, -0.676140689756825], [0.7339893211073084, 0.5558913160677434, 0.39018523962459745], [0.6544899259470685, -0.4255040427534626, -0.6249713964928798]], "T": [-0.02091558666394506, -0.09339287074633804, -0.007538117303858811], "aligned_model": [[-0.4674126980600223, -0.7763541882537287, -0.3204761488915044, -0.10969063091860642, 0.22151053685484906, 0.6684316276566926, -0.027011280092974606, -0.2559012181774478, 0.20285785619035754, 0.16507371979699198, 0.28514155268519153, 0.4218860659127464, -0.07149493565040543], [0.1859197766311381, 0.18431666030198254, 0.4507983302858265, 0.6648724111628133, 0.12716281193722176, 0.23686200350143463, -0.5794286119588455, -0.7519146740613659, -0.3273403073822937, -0.6366756511158465, 0.2772418789593122, -0.23937684473067994, -0.06300503240168602], [0.4870841898891888, -0.0420609101535854, -0.48305825730648716, 0.07358107235866237, -0.729953321865751, -0.152407856798217, 0.5552837857781298, -0.2902461212021312, -0.49470826385506256, 0.13285270175144506, 0.43037108545889696, 0.5616238325546004, 0.02887586813260124]], "inverted": false, "swapped": false, "error_lsq": 0.04445372499403563, "error_max": 0.2712565130207386, "target": "956.xyz", "model": "25.xyz", "model_rescale": 4.19342608120988, "target_rescale": 3.917709093489038},
{"mapping": [7, 8, 2, 10, 1, 6, 3, 11, 4, 9, 5, 12], "R": [[0.637791338808193, -0.05394585565262833, -0.7683176770055202], [0.684278388876268, 0.49756862721000056, 0.5330933761858748], [0.3535325934877178, -0.865745520273863, 0.35425894408975317]], "T": [-0.0863977238024039, 0.030282178786466454, -0.1001120804040196], "aligned_model": [[-0.17046649490796859, 0.4615450344147352, 0.04049630290777495, -0.301565680327019, -0.4762217867916667, -0.5168663507615006, -0.2423575057980241, -0.3530708289530913, 0.6092961200453888, 0.19058626845689153, 0.411199218580279, -0.0547657422340185], [-0.6806574321586087, -0.44395937729022916, -0.311808103943683, 0.6240776534233567, -0.4581493872108171, -0.06773153931710472, 0.35443767013776684, 0.5319865605853806, -0.027071477938789043, -0.014209619348535922, 0.5286770964017782, -0.022815615599534517], [0.2680381462370844, -0.022305158089029095, -0.7140582236438712, -0.1187818707238759, -0.34011524283715744, 0.41359895630302895, -0.6952974345081526, 0.4894108714684113, -0.42783842657297666, 0.64826277596263, -0.07382136378292614, 0.022165431396255486]], "inverted": false, "swapped": true, "error_lsq": 0.05553074506655209, "error_max": 0.352573181858803, "target": "956.xyz", "model": "26.xyz", "model_rescale": 3.795458400668931, "target_rescale": 3.917709093489038},
{"mapping": [7, 3, 4, 10, 11, 8, 0, 2, 9, 1, 5, 6, 12], "R": [[0.0996257928343179, 0.01831700916502471, 0.9948563658023112], [-0.8279058213401782, 0.5561396869279684, 0.07266773434410978], [-0.5519480522596113, -0.8308869572925728, 0.07057061575409357]], "T": [0.06049329867200302, -0.07748595156188737, -0.10154893364172994], "aligned_model": [[-0.35491844717944376, -0.6726602446583603, -0.3725560634250931, -0.1405153329180517, 0.3191828525530826, 0.7733384381742355, -0.40377975666791155, -0.32946847035716936, -0.09949709654352934, 0.37755766482020936, 0.32232744425095006, 0.5141211892890813, 0.0034280817141402117], [0.2855305044365964, -0.09094804898675729, 0.4352199604916241, 0.6024694149774179, 0.3624796036603309, 0.04215893566754936, -0.5373607999387324, -0.8581497619207543, -0.2997300409178929, -0.5629545388399728, 0.3713857382463929, -0.20322217701026757, -0.01744603873652288], [0.49499128521393937, -0.01563494943128023, -0.6000106476873125, -0.03124489357343513, -0.6026323764575422, -0.010507085274782516, 0.4124927436653035, -0.2169991297906136, -0.4322828573636636, 0.01737797263471029, 0.44326071584865506, 0.5763884514759225, 0.04203857548238908]], "inverted": false, "swapped": false, "error_lsq": 0.047482510488147917, "error_max": 0.26452321880108653, "target": "956.xyz", "model": "27.xyz", "model_rescale": 3.6321398670334006, "target_rescale": 3.917709093489038},
{"mapping": [12, 9, 10, 8, 0, 3, 6, 13, 11, 1, 7, 4, 14], "R": [[0.4683924746970045, 0.4855192981209858, -0.73815953614332], [0.0504743354250847, -0.8488154110414166, -0.5262743955789482], [-0.8820775652461705, 0.20924485449037095, -0.4220850148473545]], "T": [0.03707639424174962, -0.012630288653238626, -0.06418925467732534], "aligned_model": [[-0.385167649511478, -0.6226766278874025, -0.3523527333383872, -0.023540954830218272, 0.28456856313531176, 0.6711032111311115, -0.3437123718729322, -0.319049964676722, -0.19670426695323623, 0.5070076356465977, 0.3177420462187453, 0.35433261798606436, 0.045010754004685384], [0.34111901645311, -0.09983286547616793, 0.38895639582228214, 0.49332607141373735, 0.19062235786718665, 0.2495338793516581, -0.4163467770534616, -0.745661407833981, -0.29500852203689726, -0.4819376864727968, 0.3765779942575802, -0.3956842664853534, -0.07623143867788512], [0.5523179452089755, -0.12496607268485779, -0.6043232403149061, 0.021620502890370943, -0.5997708845328031, -0.03520607952868696, 0.479796360698134, -0.1123216420079998, -0.5915742868701932, 0.014438926338376762, 0.544605528741354, 0.5984459322253339, -0.0658251854208084]], "inverted": true, "swapped": false, "error_lsq": 0.04332954403610995, "error_max": 0.25789568795229556, "target": "956.xyz", "model": "28.xyz", "model_rescale": 4.156811204709835, "target_rescale": 3.917709093489038},
