[{"mapping": [4, 13, 2, 14, 6, 12, 9, 0, 7, 3, 1, 11, 5, 15], "R": [[-0.18479433577799986, 0.9717238153176152, -0.1469825847131046], [-0.9819175026802559, -0.1888104131066234, -0.013734840103767229], [-0.04109831376757062, 0.14178665186498812, 0.9890437169096111]], "T": [-0.070487537157567, 0.046135075786204474, 0.03374496031925181], "aligned_model": [[0.2055100640354255, 0.22230716298336622, -0.3069618794554273, -0.4472276185473973, -0.5992732307270046, -0.2179291865632303, -0.7503847335358782, -0.0045767905306222795, -0.3355002027073918, 0.20388441154178777, 0.5284347652798993, 0.2911515306612615, 0.5872399174159721, -0.005182108722457321], [-0.6883004001713514, -0.3921672646192992, -0.4205550703624027, -0.2792875480201985, 0.1615271471190297, 0.48114260462793157, 0.25885841809189136, 0.4703897263206717, 0.7569566580839244, 0.01572238890936185, 0.39304906681607815, 0.647694088045148, -0.22048268138624, 0.05072619835548904], [0.40616919305556054, -0.40325540563991724, 0.5659659754002199, -0.49385811875203733, 0.49215553508727605, -0.5923600442359134, -0.19491787071930508, 0.5537236779546398, 0.17610928374930823, 0.7025260814777833, 0.3812866325570068, -0.12030007391951938, 0.34257781587345315, 0.08176540529127803]], "inverted": true, "swapped": true, "error_lsq": 0.04890537564293403, "error_max": 0.2981415598391979, "target": "957.xyz", "model": "0.xyz", "model_rescale": 3.8414455957264533, "target_rescale": 4.262211018970395},
{"mapping": [5, 8, 0, 2, 3, 6, 7, 1, 12, 11, 9, 13, 14, 10, 15], "R": [[0.5782801258043316, 0.7734044506242198, 0.2596876043525672], [-0.2810542826093284, -0.10996885203717485, 0.9533705165404384], [0.765898548325222, -0.6243015355869911, 0.15377583144643645]], "T": [-0.02320956770308294, 0.0691900135182525, -0.11225965059856592], "aligned_model": [[-0.7192470619128223, -0.3470712958415717, 0.06296820576985068, -0.39700907124422435, -0.44064992780033063, 0.22317169977195994, 0.5986837241024718, -0.2566903217486294, 0.5928837995687661, 0.24182040719567974, 0.6201321440184555, -0.3654608915987396, 0.15264851021784356, -0.01815374284315413, -0.0759820241510102], [-0.016854063403286046, 0.1555760748454389, -0.5264896670764241, -0.3442558031883084, -0.4965749867174012, -0.49707436391445237, -0.31778266991691556, -0.238689902697089, 0.5048852929843322, 0.11373166803846023, 0.0909261838141154, 0.6609130069841728, 0.583367704882325, 0.6398260036983552, 0.03554004970969194], [0.21514894594428852, -0.6307196150201049, 0.19180154603898397, -0.6085614778886446, 0.05840550707705287, -0.46113043011081495, 0.13118954580592374, 0.558962481152648, 0.07097968227536021, 0.5541944637965777, -0.49362180021940655, -0.15143781006796436, -0.5927731469643128, 0.3832871241523243, -0.06054322863237599]], "inverted": false, "swapped": true, "error_lsq": 0.03715099998590634, "error_max": 0.2370685864496055, "target": "957.xyz", "model": "1.xyz", "model_rescale": 4.316132596720782, "target_rescale": 4.262211018970395},
{"mapping": [7, 12, 9, 3, 6, 0, 8, 5, 14, 11, 13, 15], "R": [[-0.06989080220667104, 0.028922130427546877, 0.9971352897869177], [-0.6445626093760964, -0.7642051218613508, -0.023012481725273926], [0.7613503256459448, -0.6443244850945914, 0.07205303287443204]], "T": [-0.007713427447496923, 0.07877438316624365, -0.06138053500708824], "aligned_model": [[-0.21224208752992318, 0.5770423853939021, 0.13710960561151778, -0.6414736022126951, -0.5245167819780735, -0.5381795821463147, -0.04457025872221528, -0.23183364980981105, 0.4926303475827315, 0.1536900463398706, 0.4788933512727369, -0.048741219169945366], [-0.6233390815929948, -0.4163842660296161, -0.5321503155946827, 0.34252990027626495, -0.290884993485525, -0.15581557252563621, 0.424282625424698, 0.7262429037372505, 0.042977430761825516, -0.1808092956481579, 0.5554022264178636, 0.12072486599969004], [0.18554322884811536, 0.06454253012475508, -0.46831469410757104, 0.16721113992842518, -0.37655688708431917, 0.2825486920474307, -0.5716895921208305, 0.298651139164883, -0.5853773546951667, 0.5889664227923649, -0.1309990657646054, -0.005267097924060278]], "inverted": false, "swapped": true, "error_lsq": 0.048268658410474286, "error_max": 0.2721449316007876, "target": "957.xyz", "model": "2.xyz", "model_rescale": 3.795458400668931, "target_rescale": 4.262211018970395},
{"mapping": [5, 0, 2, 9, 13, 14, 6, 11, 7, 12, 8, 15], "R": [[-0.6575694019387317, 0.03387673827561011, -0.7526319473937739], [0.7499149321521826, -0.06646280801178422, -0.6581871236102814], [-0.07231926554608975, -0.997213649001554, 0.018299237029986315]], "T": [0.05318630637661918, 0.0283091982453141, -0.028900557254809174], "aligned_model": [[-0.16573936313321125, -0.024254081762346072, -0.6919024003268797, 0.17409906688312976, 0.15745182650008388, 0.1178750273667095, -0.33865539476310275, 0.6495922072073647, 0.34326371459670474, 0.7428312092051224, -0.41051915044013493, 0.039261164410125116], [-0.06458924970338335, -0.6413672547607832, 0.019167618841337903, 0.10667376478750588, 0.6124962279800261, 0.6656929413624655, -0.31475731428598896, -0.33367172487763025, -0.549963612399637, 0.16584778714639178, 0.4353548135580031, -0.015114952358598329], [-0.7654530640101725, -0.04472889857175009, 0.01279196773634722, 0.7052909759030633, -0.37045760005604694, 0.3113277711406961, 0.4525922714943629, -0.20110899469554333, 0.3920772201359476, 0.30041860620707717, -0.00790480469539984, -0.09607401994948156]], "inverted": true, "swapped": true, "error_lsq": 0.03755236199762732, "error_max": 0.19557286629383494, "target": "957.xyz", "model": "3.xyz", "model_rescale": 3.7530521520055578, "target_rescale": 4.262211018970395},
{"mapping": [9, 10, 11, 1, 7, 5, 6, 8, 2, 3, 15], "R": [[0.849824521198641, -0.33549000393812806, -0.4065030632444185], [-0.43675777382492537, -0.8799635141897235, -0.1868337782585578], [-0.29502699905770696, 0.3363192991079569, -0.8943424393790873]], "T": [-0.20818135924046163, -0.08536315693304819, -0.06973684011107315], "aligned_model": [[-0.44393111066004376, -0.14857788596757468, 0.33076967192345097, 0.4793132513990216, 0.292776635447739, 0.01577206452093105, -0.12155896274249253, -0.713678901736843, -0.4076614945002828, 0.20873142287916333, -0.15375508811786504], [-0.7869816382299931, 0.025528880747058974, -0.21964663562948422, 0.2560160220332198, -0.6665571738325171, 0.6552802345854107, -0.4155992314443145, 0.139637761576394, 0.17209072957758476, 0.33276088162899664, -0.025326472698009653], [0.03958685225033533, -0.8149669942063108, -0.5256816465657475, -0.17295443541860056, 0.014055985512556018, -0.08872094385075446, 0.551962918957305, 0.2041180967669806, 0.6017571568304657, 0.3483888661735949, -0.06471507920450772]], "inverted": false, "swapped": true, "error_lsq": 0.04762727606763491, "error_max": 0.23390699574054755, "target": "957.xyz", "model": "4.xyz", "model_rescale": 3.7855080009869324, "target_rescale": 4.262211018970395},
{"mapping": [3, 9, 1, 2, 12, 14, 0, 5, 11, 4, 8, 10, 7, 13, 6, 16], "R": [[0.26239959244247607, 0.5198477713077989, -0.8129604840041962], [-0.9646357605298919, 0.11949914061309456, -0.23494213095919825], [-0.024986063974537454, 0.845859474179397, 0.53282027602937]], "T": [0.01677123908691351, -0.10896354559687516, 0.0012057967326809596], "aligned_model": [[0.5277429895835604, 0.4783036946334395, -0.4145954437423938, 0.07987925909750655, -0.5838206834399526, -0.1099729835830174, 0.13050534125431373, 0.6256523821183985, -0.7525002037111869, -0.07595356400308101, 0.12503657886441688, 0.6828899029705471, 0.34582352228161656, -0.4767335325640876, -0.2855549239515618, 0.02024195765500807], [-0.1364250687754957, -0.5795330919706412, 0.27371382602784633, -0.31932255666499076, -0.33931565588295687, -0.7160460377085311, 0.42362882713717065, 0.39732924562556615, 0.04929243645368184, 0.6246630285455762, -0.31583688180881897, -0.2051582014747923, 0.412498766543822, -0.42019324515695233, 0.26146495950960424, -0.15424620454850557], [-0.4684433705596105, -0.2679895110864274, -0.4892885999535649, -0.7041679707491261, -0.22081337111636887, -0.26913500359935405, -0.5572597812846288, -0.1662295873298434, 0.12615666604091186, -0.012756454850779697, 0.6651274132892002, 0.28048484693282827, 0.4268478104215783, 0.4306900843903735, 0.44556902857570224, -0.027502862356112538]], "inverted": false, "swapped": false, "error_lsq": 0.03783961698533923, "error_max": 0.25300199626500836, "target": "957.xyz", "model": "5.xyz", "model_rescale": 4.2253639853439635, "target_rescale": 4.262211018970395},
{"mapping": [8, 14, 7, 6, 9, 11, 0, 3, 10, 13, 12, 1, 5, 15], "R": [[0.7118998838051908, 0.43542672976275376, 0.5510010149230853], [0.117128366517403, 0.6999821583073272, -0.7044898322959539], [-0.692444583483127, 0.5660640785807998, 0.4473163955695668]], "T": [0.0934658986800907, -0.049856547788017125, -0.0491898354196537], "aligned_model": [[0.54391801580858, -0.033830201281043165, -0.4408326395850961, 0.15580269577799183, -0.34953917365678283, -0.39384998239740315, 0.07294794273911193, 0.5614142742476649, -0.24677617838973953, 0.24851341651763614, -0.6422590937118982, 0.14661940824321068, 0.6206086821738064, 0.13132498627174471], [-0.08055078588383412, 0.05811480148722062, -0.5063908613366076, -0.7563631298263496, -0.4807904055000593, 0.1756636311373261, -0.4135885743296108, -0.23636835094834419, 0.6197446694300683, 0.5405975568823183, 0.11159190337036318, 0.1148489537596808, 0.3286923840430837, -0.030102645650265464], [-0.47026044609515005, -0.7551189201913, 0.2699780324933891, -0.05488792048657344, -0.4709013771926728, 0.4283557792849505, 0.5182536667607276, 0.47014700215280725, 0.034995314762050325, -0.35924017870986436, -0.2379256297084958, 0.7057202636332938, 0.37257948260768226, 0.019863139620603806]], "inverted": true, "swapped": true, "error_lsq": 0.043382540779445165, "error_max": 0.2975736872122014, "target": "957.xyz", "model": "6.xyz", "model_rescale": 3.89814844738969, "target_rescale": 4.262211018970395},
{"mapping": [7, 11, 1, 9, 3, 10, 12, 6, 14, 13, 5, 8, 15], "R": [[0.15600926047867802, -0.28269246628861927, -0.9464386298902607], [-0.1056905983506567, -0.9574474609116284, 0.26855885204952074], [-0.9820848273266298, 0.05813199719202894, -0.1792486062352781]], "T": [-0.040516338608568625, 0.04844736739372045, 0.05459977310028538], "aligned_model": [[0.11750163928942281, -0.0801914763044266, 0.4295561144417809, -0.35851241168534637, 0.659074811283474, -0.49003133162134305, -0.6421814135200246, 0.3329762908566301, -0.6491138091089272, -0.45980646175293194, 0.34792793215824425, -0.07637085488085164, 0.017802771748522017], [-0.42215117683006576, 0.24383500027476362, 0.47353424693481805, -0.6267292800230916, 0.22797456930011922, 0.5444405791855877, -0.12982054152407535, -0.5479983052356753, -0.14736671512854255, 0.5084482033536432, 0.7069335209561574, 0.02990710967908971, 0.10277405452775737], [-0.5364450341548316, -0.6357881537512845, -0.39056928377173683, 0.0015611023580748007, 0.09720602314181546, -0.2963198837058888, -0.40278164009808737, 0.14306281762273523, 0.3973299089837441, 0.3399101679928753, 0.17532756478140515, 0.6706520580235799, 0.03912938341389486]], "inverted": false, "swapped": true, "error_lsq": 0.041773899903114316, "error_max": 0.191430598937151, "target": "957.xyz", "model": "7.xyz", "model_rescale": 3.7474275329858107, "target_rescale": 4.262211018970395},
{"mapping": [8, 14, 9, 6, 12, 0, 2, 3, 7, 1, 4, 5, 13, 10, 15], "R": [[0.5743449833273985, 0.1826761299099287, 0.7979707210717579], [-0.616082303486279, -0.5454242855901827, 0.5682912492899036], [0.5390458565444045, -0.8180108680510118, -0.20071817130678402]], "T": [0.06042623702776549, -0.06156249570566234, -0.017317673593490252], "aligned_model": [[-0.34252421877162964, 0.26242376998894695, 0.3398383332925105, -0.2563737587485825, 0.8143323208911164, -0.0895781790856703, -0.6561027438895473, -0.4748669488497278, 0.3687561164596075, 0.024249756149864923, -0.6692575292325378, -0.3163040848875404, 0.1526596110577929, 0.616688162126885, 0.028213115837258287], [0.23237300082777185, 0.24712602085524665, -0.43359682853848164, -0.6403881361649956, -0.12044777748353828, -0.5908721938676345, -0.12444598649923559, -0.24428369128359056, -0.7642569197163817, -0.1824365290148518, 0.40058503386181543, 0.29623568647330856, 0.6144977754207324, 0.35566624791665785, -0.056637740807229886], [-0.38116181508976243, -0.6419026385719839, -0.603250642420077, -0.2774494393051966, -0.19377222060557023, 0.3726105510747633, -0.2163425515923014, 0.4338444431826289, 0.06586806593886126, 0.7468309937310993, 0.07351852794186886, 0.5563746577028483, -0.07426073641550056, 0.278841821949387, 0.05704563817519637]], "inverted": false, "swapped": true, "error_lsq": 0.04794926968006762, "error_max": 0.2634586372662067, "target": "957.xyz", "model": "8.xyz", "model_rescale": 4.019505241142653, "target_rescale": 4.262211018970395},
{"mapping": [14, 8, 13, 10, 12, 11, 5, 9, 7, 6, 4, 0, 15], "R": [[0.8794974834628787, -0.45128751135191725, 0.1510753410727803], [-0.2728593383334249, -0.7382669143754624, -0.6168547192190227], [0.38991275699406047, 0.5012998556117158, -0.7724419050627457]], "T": [0.0023816965135679408, -0.02914997777090212, 0.037861695769579456], "aligned_model": [[-0.4604001119038921, -0.5739793110371445, -0.13567075966864833, 0.45777239629580246, 0.2808532200079202, 0.7048622777379296, 0.18900939565590807, -0.24407737662398382, 0.384962165871195, -0.25972341288417394, -0.4171547947595721, 0.34894685311430107, 0.04430022993553451], [-0.4821581003060013, 0.14015468362655198, 0.014374591557344156, -0.2013101866354318, -0.7354943214354399, -0.17923881769396047, 0.6780386054048492, -0.6703019390615057, -0.37726827998738555, -0.059350301132569123, 0.6973013149305923, 0.19826906785539755, 0.040361910991617435], [-0.28896336564899416, -0.10459400210410091, -0.6313573484086752, -0.5402367159696487, -0.12495521254561923, 0.018360251984959275, -0.21536266196072193, 0.3344762539165951, 0.6107600004238752, 0.6962375360050713, -0.186921767058686, 0.5697331762340985, 0.03952734917572541]], "inverted": false, "swapped": true, "error_lsq": 0.0480171354777079, "error_max": 0.30568141712907726, "target": "957.xyz", "model": "9.xyz", "model_rescale": 3.877068213659057, "target_rescale": 4.262211018970395},
{"mapping": [6, 10, 5, 12, 0, 11, 3, 13, 1, 4, 9, 14, 2, 8, 7, 15], "R": [[-0.1340847971674596, -0.24322780700223168, -0.9606568071217975], [0.20595585489968138, 0.9414032198994544, -0.26709953836628203], [0.9693314464109285, -0.23366688140133315, -0.07613366886649237]], "T": [0.07946548124167134, -0.021481197162838174, -0.06595100747211952], "aligned_model": [[0.4780684598744382, 0.49933960120838844, -0.4830409253734517, -0.09219850314690199, -0.5662035631147022, -0.09872778062992148, 0.09383063366345226, 0.744444988010595, -0.7558003299880802, -0.08878077472943151, 0.27591591525009623, 0.7727003145591866, 0.2813205032424011, -0.3527475977999686, -0.40006157574760487, 0.008884928185030644], [-0.08301525039176413, -0.5917465508831252, 0.20422719739287137, -0.35384203745902165, -0.4292551225735111, -0.7358961538678751, 0.4103764909680141, 0.37132901305208693, 0.21292325925629207, 0.627149386825515, -0.343072046846774, -0.19815242560520463, 0.24838581029122567, -0.35930747243973565, 0.3453709866456394, -0.06896093851305034], [-0.5324633876327682, -0.1073506353488132, -0.5595477106484632, -0.7126835364321096, -0.2908908806580188, -0.11608789332880472, -0.5307670165836813, -0.03217393992716311, -0.04885756998893345, 0.02924480447149952, 0.47592707501241743, 0.24667383087967742, 0.5056972290600841, 0.47662451523967847, 0.4833757134025916, -0.09543126075241387]], "inverted": true, "swapped": false, "error_lsq": 0.03386364036231441, "error_max": 0.21836709213216632, "target": "957.xyz", "model": "10.xyz", "model_rescale": 4.260839863003843, "target_rescale": 4.262211018970395},
{"mapping": [5, 8, 14, 13, 12, 10, 1, 3, 6, 9, 7, 15], "R": [[-0.005104714101260954, 0.24566553927043985, 0.9693412117045827], [-0.9586540580122442, 0.2746099357487458, -0.07464435842531147], [-0.28452827443085693, -0.9296439243081374, 0.23410646092401047]], "T": [0.025695777792579064, -0.017703830191437113, -0.03526753539460501], "aligned_model": [[0.4111044630750548, 0.08591377448016589, -0.5174344796329167, -0.356154516550387, -0.6346219424085325, -0.48520121539988986, 0.41030547744261925, 0.7186338011182175, 0.4235462209323324, -0.2792502705288477, 0.10254491867794066, 0.07951241788837345], [0.04551316459881504, -0.6247622433206544, -0.4812753843412741, -0.27676732038569424, 0.2997638946093803, 0.3427060673932784, 0.5652801730526595, 0.0830601351784434, -0.1534627464512919, -0.1386386659160031, 0.49534835708791286, 0.01631307402736233], [-0.7034979765507505, -0.13015473777947056, 0.09243884544904804, -0.5411167803703871, 0.22197324472330535, -0.45989274506746336, -0.3700024848212811, -0.2173570872275069, 0.5360068614225402, 0.6371763517995431, 0.5362552533206061, -0.0856506675026785]], "inverted": true, "swapped": true, "error_lsq": 0.047343842417996884, "error_max": 0.24811824758917855, "target": "957.xyz", "model": "11.xyz", "model_rescale": 3.890672605050136, "target_rescale": 4.262211018970395},
{"mapping": [8, 2, 3, 13, 5, 12, 6, 10, 14, 7, 1, 0, 11, 15], "R": [[-0.5773868733974709, -0.8127691598309605, 0.07765752543036158], [0.4669758410102596, -0.40675706922920096, -0.7851638367530892], [0.6697446993751079, -0.41707910455900976, 0.614399754393832]], "T": [0.06773480873005952, -0.09799751077484212, 0.04984466584844581], "aligned_model": [[0.3610613122773706, 0.24703643023105873, 0.2899975783686741, 0.5799442968308092, 0.7208583736653668, -0.3567877453328344, -0.37577454370141405, 0.2870466415789571, 0.03241900787117397, -0.62554584125248, 0.23924985749504585, -0.18402732196740254, -0.11609537256005956, 0.1104931612894282], [-0.34416390499312843, 0.09651230844501238, 0.5619359825852868, -0.5263270213023681, 0.30749060284512575, -0.5249517328338835, 0.14241438239601129, -0.332530790295798, -0.8069238157860517, 0.19014456313398895, 0.5465827035104482, 0.5272749911202399, 0.12609556841485947, -0.03140131741197762], [-0.43441907833103827, -0.6480062313533861, -0.14652267193531465, 0.2014437047465425, 0.13971771101956182, 0.5402208074126006, -0.44872475844185544, 0.7340332812093361, -0.09973564812706866, 0.22901698779315982, 0.4434706188420965, 0.06892946962856238, 0.7073967090226506, 0.06796953387101404]], "inverted": false, "swapped": true, "error_lsq": 0.04130475642158241, "error_max": 0.25086054135377583, "target": "957.xyz", "model": "12.xyz", "model_rescale": 4.124412569039231, "target_rescale": 4.262211018970395},
{"mapping": [14, 6, 3, 12, 8, 13, 7, 10, 0, 11, 5, 1, 15], "R": [[0.5056076695653113, 0.7619481283674197, 0.40471710385665866], [-0.4884153879627733, -0.13390815925356542, 0.8622754859593862], [0.7112041150597408, -0.6336431602745416, 0.3044421983881063]], "T": [0.09426964657694245, 0.06088672542046669, 0.1237154486083082], "aligned_model": [[-0.17409868785568086, -0.06742115375239621, 0.6011575523333649, -0.5785653666629395, 0.38644484740914353, 0.33632164771111195, -0.4511237183425729, 0.010992589399686031, 0.11247939404019727, -0.15691557226335187, 0.8034461982666647, 0.3914986668851681, 0.1530819103413627], [-0.48731569297681643, 0.5973195762138659, 0.5712629641175648, -0.23472011758186156, -0.15760634541009627, -0.5771487933830378, 0.5770579757554012, -0.4158932048177432, 0.7030907843430304, 0.16567739786557573, 0.08357424256026341, 0.42891116296778564, 0.09327542685454546], [0.5156982640395391, 0.5586473703936219, 0.04590907518373745, -0.12705876495073554, 0.6217557434340883, 0.0677824227997965, -0.05483413323716731, -0.45677006412202126, -0.08111729685856243, -0.541349085088315, -0.18551272072417707, -0.4895180944449715, 0.07806536454300564]], "inverted": true, "swapped": true, "error_lsq": 0.04468965494931498, "error_max": 0.2960187073485969, "target": "957.xyz", "model": "13.xyz", "model_rescale": 3.9028299243045295, "target_rescale": 4.262211018970395},
{"mapping": [1, 6, 8, 2, 0, 3, 12, 11, 5, 13, 7, 9, 14, 4, 10, 15], "R": [[0.5318481380274256, -0.8467500279029685, -0.012326732052045097], [-0.8038465810419397, -0.5002142065883264, -0.32189504760774984], [0.2663986340504489, 0.18110808312588778, -0.9466951093158356]], "T": [-0.010686072499629062, -0.07384946299938339, -0.11267645975955991], "aligned_model": [[0.5134954059870831, 0.4683545799616738, -0.540555848700096, -0.06420145965063379, -0.6649618827782889, -0.11634872783548843, 0.05502735736603588, 0.6271994557729709, -0.42365138949388687, -0.18259417489693497, 0.19161757867061283, 0.6173829106625602, 0.4219698118262396, -0.5238481492486484, -0.12486586119671042, 0.06292468701703773], [-0.11470513337377773, -0.537133576918259, 0.1391912760044262, -0.3539930017258623, -0.5225779121157572, -0.6859358997208622, 0.5332544885620263, 0.2942181410766654, 0.22485322150752224, 0.6712106306185581, -0.46362362468500956, -0.16498264231374624, 0.520455424017819, -0.29830307267094336, 0.11857317413304896, -0.10398734654426588], [-0.4944661237796189, -0.12988533331620677, -0.632636865320985, -0.7915029991668434, -0.35305606014725055, -0.05905703709267977, -0.44636317824667304, -0.1717101788362825, -0.06432165768827734, 0.1063769881097119, 0.6796475216032579, 0.33237359639292746, 0.3799301173469822, 0.26896281229554336, 0.5981604460219735, -0.031162711410800195]], "inverted": true, "swapped": false, "error_lsq": 0.048858967715254865, "error_max": 0.41034707462862396, "target": "957.xyz", "model": "14.xyz", "model_rescale": 3.942246331269136, "target_rescale": 4.262211018970395},
{"mapping": [9, 14, 12, 13, 5, 10, 0, 7, 6, 11, 1, 3, 8, 4, 15], "R": [[-0.2779358551793195, 0.9405838306912664, -0.19507362160959635], [-0.9038020676158813, -0.18725977362385657, 0.3848059247927454], [0.3254127885916568, 0.28325930633341184, 0.9021478162676648]], "T": [-0.13078472577598227, -0.03755856819186461, -0.05187909316956491], "aligned_model": [[-0.7747601233261223, -0.5117580437486307, -0.20456740543962226, 0.13834909659918465, 0.48201166998363026, 0.3985215524994595, -0.048729924858655876, -0.3314093103528073, -0.6671738633525088, 0.29506082380642223, 0.4818187176167423, 0.10676366308259091, -0.37575795115356836, 0.05365722113853949, -0.06773208596244434], [0.11678984110495146, -0.5155938701624578, 0.12719512410032396, -0.6315985962051616, -0.20841024385129975, -0.14496496127513442, 0.5504020868848529, 0.689282728680269, 0.28545180993712244, 0.428270476152542, 0.3738710371028225, 0.17653360296542986, -0.5443783424756807, -0.5854749457637001, -0.019231057313228904], [-0.4001180401600472, -0.4424422290630589, -0.8071210437491231, -0.260422682511703, 0.3889819369494576, -0.5805721337166225, 0.267938635455604, -0.2168583057157722, 0.28131887144039563, -0.395455580319789, 0.1832488645503148, 0.5971266009303131, 0.20163923061682404, 0.5962248836315767, -0.00412652797785433]], "inverted": true, "swapped": true, "error_lsq": 0.0441857892772233, "error_max": 0.27986031099241443, "target": "957.xyz", "model": "15.xyz", "model_rescale": 4.355366556412066, "target_rescale": 4.262211018970395},
{"mapping": [7, 12, 9, 3, 6, 0, 8, 5, 14, 11, 13, 15], "R": [[-0.06989080220667104, 0.028922130427546877, 0.9971352897869177], [-0.6445626093760964, -0.7642051218613508, -0.023012481725273926], [0.7613503256459448, -0.6443244850945914, 0.07205303287443204]], "T": [-0.007713427447496923, 0.07877438316624365, -0.06138053500708824], "aligned_model": [[-0.21224208752992318, 0.5770423853939021, 0.13710960561151778, -0.6414736022126951, -0.5245167819780735, -0.5381795821463147, -0.04457025872221528, -0.23183364980981105, 0.4926303475827315, 0.1536900463398706, 0.4788933512727369, -0.048741219169945366], [-0.6233390815929948, -0.4163842660296161, -0.5321503155946827, 0.34252990027626495, -0.290884993485525, -0.15581557252563621, 0.424282625424698, 0.7262429037372505, 0.042977430761825516, -0.1808092956481579, 0.5554022264178636, 0.12072486599969004], [0.18554322884811536, 0.06454253012475508, -0.46831469410757104, 0.16721113992842518, -0.37655688708431917, 0.2825486920474307, -0.5716895921208305, 0.298651139164883, -0.5853773546951667, 0.5889664227923649, -0.1309990657646054, -0.005267097924060278]], "inverted": false, "swapped": true, "error_lsq": 0.048268658410474286, "error_max": 0.2721449316007876, "target": "957.xyz", "model": "16.xyz", "model_rescale": 3.795458400668931, "target_rescale": 4.262211018970395},
{"mapping": [7, 11, 1, 9, 3, 10, 12, 6, 14, 13, 5, 8, 15], "R": [[0.15600926047867802, -0.28269246628861927, -0.9464386298902607], [-0.1056905983506567, -0.9574474609116284, 0.26855885204952074], [-0.9820848273266298, 0.05813199719202894, -0.1792486062352781]], "T": [-0.040516338608568625, 0.04844736739372045, 0.05459977310028538], "aligned_model": [[0.11750163928942281, -0.0801914763044266, 0.4295561144417809, -0.35851241168534637, 0.659074811283474, -0.49003133162134305, -0.6421814135200246, 0.3329762908566301, -0.6491138091089272, -0.45980646175293194, 0.34792793215824425, -0.07637085488085164, 0.017802771748522017], [-0.42215117683006576, 0.24383500027476362, 0.47353424693481805, -0.6267292800230916, 0.22797456930011922, 0.5444405791855877, -0.12982054152407535, -0.5479983052356753, -0.14736671512854255, 0.5084482033536432, 0.7069335209561574, 0.02990710967908971, 0.10277405452775737], [-0.5364450341548316, -0.6357881537512845, -0.39056928377173683, 0.0015611023580748007, 0.09720602314181546, -0.2963198837058888, -0.40278164009808737, 0.14306281762273523, 0.3973299089837441, 0.3399101679928753, 0.17532756478140515, 0.6706520580235799, 0.03912938341389486]], "inverted": false, "swapped": true, "error_lsq": 0.041773899903114316, "error_max": 0.191430598937151, "target": "957.xyz", "model": "17.xyz", "model_rescale": 3.7474275329858107, "target_rescale": 4.262211018970395},
{"mapping": [3, 7, 6, 11, 4, 13, 2, 9, 5, 8, 10, 12, 14, 15], "R": [[0.2752277010147313, -0.3749858114225675, 0.885231807961002], [-0.26094791162953834, -0.9153640246797481, -0.3066184758592936], [0.9252869284769607, -0.1466094933960698, -0.3497853004856258]], "T": [0.017344887210064636, -0.02538239618502012, -0.01364415133427866], "aligned_model": [[0.4165671695066734, 0.12692077956998682, 0.6530994038617857, -0.43211103508353244, 0.3242962802137864, -0.4040150475522112, 0.6767229994097886, 0.15765965312217842, -0.03445277382759704, 0.28086976622620896, -0.7320630308410553, -0.5021026641188058, -0.1362496135594687, 0.019705760955138846], [-0.5394522955164945, 0.4334733974566394, 0.25203204844611166, 0.012378044833991943, -0.7206215151013585, -0.2638523734676861, -0.2640748416868465, 0.7046820904342459, -0.7950038824765274, -0.15088074631418769, -0.11390224040145983, 0.5449028138456731, 0.3563966213731309, -0.09566887991399892], [-0.3295979354442766, -0.6245542263885084, -0.1617228985476406, -0.5730630070995388, 0.40670494548885483, 0.4704992914550914, 0.2417485611371536, 0.0707105767355467, -0.07742452259921154, 0.5303728589759134, -0.05571088595954738, -0.10267834418264743, 0.5837263309812233, -0.054216025890757344]], "inverted": true, "swapped": true, "error_lsq": 0.039951779018908666, "error_max": 0.29141750042418796, "target": "957.xyz", "model": "18.xyz", "model_rescale": 3.922800546911778, "target_rescale": 4.262211018970395},
{"mapping": [5, 13, 10, 1, 9, 4, 14, 0, 8, 11, 12, 7, 3, 6, 15], "R": [[0.8816161802025455, 0.27534650939307376, 0.3833238977289608], [0.4322507091092583, -0.7971645292901104, -0.42153058930072934], [0.18950523813239628, 0.5373202145897051, -0.8218118712416226]], "T": [0.0472513827125433, -0.024934384074337207, 0.0019001837946047268], "aligned_model": [[-0.3485395090313826, -0.20450798229272232, 0.37990940582155824, 0.20576207266734164, 0.36375299190814875, -0.7861509323263384, -0.03338484498899845, 0.237027807618097, -0.5030346173412632, 0.6438138480096784, 0.6949827061964843, 0.6617151759532806, -0.24949845626494194, 0.004209367935171501, 0.029993803023504392], [0.59400362643431, -0.14975162554459487, 0.10258734722703625, 0.7331064076747534, -0.6319842312260767, 0.20085848524701022, -0.6997439573442527, 0.4258535196166807, -0.30445985634994976, 0.3386063913569345, -0.36806928388376636, 0.033599026141174604, 0.5506569912134907, -0.1620063779128482, 0.054355042384676505], [-0.2416844519469777, -0.6224754052925324, -0.6646539762906446, -0.007637881289669928, 0.30375333145584715, -0.09152419626746276, -0.2517291139245354, 0.46610840889484045, -0.012260810038245517, -0.16643657028448894, -0.25438216044312684, 0.46533812142218195, 0.32455663814708796, 0.696470949360203, -0.0007837163391470566]], "inverted": false, "swapped": true, "error_lsq": 0.038360359078564964, "error_max": 0.28897663720030964, "target": "957.xyz", "model": "19.xyz", "model_rescale": 3.9282355846067225, "target_rescale": 4.262211018970395},
{"mapping": [1, 11, 12, 0, 3, 7, 6, 9, 2, 8, 10, 5, 14, 15], "R": [[-0.09147982160391947, 0.770333227943044, 0.6310452916916232], [-0.6779099229873401, 0.4160131501406678, -0.6061115369511928], [-0.7294309964312005, -0.4832388403645643, 0.4841597304697051]], "T": [0.016725679044205917, -0.0807007239602874, 0.133866636793849], "aligned_model": [[-0.6200466289945475, -0.0743280190856142, 0.6053869830933922, -0.38362156830603106, -0.6627683989392735, 0.13575959607111462, 0.041959162998533424, 0.6563211181831544, -0.2465076479149984, 0.07006241994025257, 0.10498535690171201, -0.6705153442037078, 0.6381426820897181, -0.062306892749028474], [-0.47960517020143933, -0.7415677467029071, -0.5694645514021014, -0.10753338179814538, 0.11051193508720479, -0.267025006496225, 0.41269709494161494, 0.09601175616733694, 0.6162954932009587, 0.407789626404619, -0.7611587068014166, -0.17051131629973593, 0.07565870211573476, -0.09921664079066261], [-0.05385317024612596, -0.13324745022636128, 0.0013303890839775623, -0.408089257931203, -0.024874040978363876, -0.605647273611124, -0.3750456920995606, -0.2118044234688781, 0.1772660009842578, 0.5076072887484033, 0.4507337437521459, 0.4783982014987568, 0.4738528427776735, 0.13555599896008452]], "inverted": false, "swapped": true, "error_lsq": 0.04268657114157297, "error_max": 0.21717137973998393, "target": "957.xyz", "model": "20.xyz", "model_rescale": 4.067790424073018, "target_rescale": 4.262211018970395},
{"mapping": [9, 3, 12, 14, 11, 1, 10, 6, 0, 2, 4, 13, 8, 5, 15], "R": [[-0.8234291882471411, 0.4857252641777746, -0.2933178134414711], [0.21191951327648098, -0.21627007783447783, -0.9530568573417477], [-0.5263596601519858, -0.8469346026541248, 0.07514843306274588]], "T": [0.05629712549122759, -0.02249186763931021, -0.06259782723962162], "aligned_model": [[0.3137778495927571, 0.02046566580489642, -0.2762263023643369, 0.4433982293601023, -0.6475189749293514, -0.5282936858097022, -0.4877320944919049, 0.4118608602674587, -0.19606999697156016, 0.6502410396267889, 0.4713462574093167, 0.09498738837790066, 0.6123145650637917, -0.1325168772648334, 0.01841003023619154], [-0.2885096115491885, 0.6595256973444138, -0.586363226156956, -0.6319129980634528, -0.04152086779440939, 0.4376939406177054, -0.48816124628747715, 0.3876901997335746, 0.560725511210962, 0.4023656741773056, 0.2601496611523571, -0.4872084170567395, -0.08760587437187714, 0.31152170641850885, 0.0325049905531203], [-0.7127796056251808, 0.17623523857127338, -0.4802763254031277, -0.13300097512537634, -0.20635709517848558, 0.15263474625343623, 0.179066895493806, -0.519100836021629, -0.28816916035102846, 0.09136876652052256, 0.6460049794404435, 0.4387489490932145, 0.1976990768350477, 0.6096018233981707, -0.016426904279945573]], "inverted": false, "swapped": true, "error_lsq": 0.03849478694907023, "error_max": 0.2466816183401244, "target": "957.xyz", "model": "21.xyz", "model_rescale": 4.186013935880536, "target_rescale": 4.262211018970395},
{"mapping": [11, 1, 10, 9, 6, 12, 7, 3, 13, 5, 2, 8, 15], "R": [[0.13655433680522047, -0.4301852874021238, -0.8923528066871528], [0.6789654986993697, 0.6965808283179831, -0.23190731164788536], [0.7213589707459133, -0.5742088192657663, 0.3872021012363078]], "T": [0.06413569694205985, -0.013007492920885017, 0.07347835336748727], "aligned_model": [[0.07306017501577287, -0.4667522844735254, 0.4300458776602782, 0.48473359644916425, -0.21063358377251928, 0.6867759371538755, -0.01714793127423761, -0.6550550367807753, 0.40534636229619386, -0.42345072203818873, -0.34828658126490253, 0.10195065136959715, -0.002012424917507541], [-0.2551045828619658, 0.006770202455180098, 0.23683645673379702, -0.5439644504388735, -0.48701220846300963, -0.3459357586188392, -0.7558589171194356, 0.06581142593562397, 0.5761521201647511, 0.5351090877084762, 0.1352069061278194, 0.3369789753984652, 0.01396740252410416], [-0.6030534536524219, -0.4900899649624056, -0.5388167887719547, 0.39125221084605805, 0.5239128846023428, -0.24971813180182462, -0.11973491920439165, 0.06844324346662174, 0.0008613440557461299, -0.17329251945669516, 0.6775639204227186, 0.5806560406403486, 0.034895695151203714]], "inverted": true, "swapped": true, "error_lsq": 0.05711875723872633, "error_max": 0.3280306178866632, "target": "957.xyz", "model": "22.xyz", "model_rescale": 4.166573947596378, "target_rescale": 4.262211018970395},
{"mapping": [5, 7, 12, 13, 14, 10, 6, 1, 12, 2, 8, 0, 4, 9, 3, 15], "R": [[-0.8999851962086923, 0.07955547254506759, -0.42859954898871794], [0.43224400056087864, 0.03543751962253949, -0.9010601013151837], [-0.05649575722413669, -0.9962003357714416, -0.06628061877003183]], "T": [-0.0706819153030063, -0.020541326613178854, 0.03237829018178522], "aligned_model": [[0.47989867317520873, 0.43308312301106167, -0.5671885183511642, 0.02370818706567346, -0.5811646372634189, -0.044047497651498485, 0.020099788038199506, 0.4926126263076551, -0.5671885183511642, 0.044975892481563695, 0.18858908603080213, 0.73485068784124, 0.37800953457571607, -0.4888338002813628, -0.21494976437125077, -0.015510568793734546], [-0.15653439580327527, -0.5109290774115328, 0.18562863017982378, -0.5254300284163675, -0.46160246704408325, -0.736361153728191, 0.5090903000843765, 0.3710672576945714, 0.18562863017982378, 0.6382936004241755, -0.3917438107104043, -0.06609878995499767, 0.2326500258259997, -0.2933618637320625, 0.27159304569431125, 0.004624242569415252], [-0.5754283253832195, -0.0985044347652938, -0.3422635351324303, -0.6406678050168015, -0.38096203473452844, -0.1863311426497175, -0.5064692339909016, -0.16111857531028356, -0.3422635351324303, 0.105652089068174, 0.7025024606819986, 0.15806641867261564, 0.5562328837670122, 0.3657956291089997, 0.5376217446250814, -0.0005732670434965212]], "inverted": false, "swapped": false, "error_lsq": 0.04022792951366341, "error_max": 0.2908576993498823, "target": "957.xyz", "model": "23.xyz", "model_rescale": 4.274766983524099, "target_rescale": 4.262211018970395},
{"mapping": [1, 3, 4, 13, 8, 14, 12, 9, 7, 6, 15], "R": [[0.8898062068858108, 0.0756689529602424, -0.4500212481043382], [-0.45380233611903287, 0.04289857722079597, -0.8900691837185128], [-0.048045331931354546, 0.9962097779234713, 0.07251016790267369]], "T": [-0.042945660770316425, 0.03502128011311671, -0.016036484549666198], "aligned_model": [[0.4414663888999843, 0.251978262901438, -0.5083683175422841, -0.6279990850796664, -0.5430419406740299, -0.5877022448406917, 0.04215108905329389, 0.020122146915029608, 0.6443557671158996, 0.2615986727897273, -0.01466603558062586], [0.0228118357846923, 0.550556375313778, 0.6131956194888819, -0.216819201761769, 0.38647588498162794, -0.17345306822673956, -0.6584970471572936, -0.08197989729668849, -0.09490454386672607, 0.510900853747637, 0.05729972023608283], [-0.6202205219707947, -0.4292150544643155, -0.46699783232709663, -0.2672253781674727, 0.07075681470575809, 0.4152136658878878, 0.32273916358192833, 0.7202591655949218, 0.31031097267419916, 0.4127539948260277, -0.08880855631946574]], "inverted": false, "swapped": true, "error_lsq": 0.046723234215947484, "error_max": 0.2235465299336957, "target": "957.xyz", "model": "24.xyz", "model_rescale": 3.7841303162186577, "target_rescale": 4.262211018970395},
{"mapping": [1, 6, 2, 4, 5, 3, 8, 0, 12, 10, 11, 7, 10, 13, 14, 15], "R": [[0.675414360401665, 0.0010917604226321487, -0.7374376243604537], [-0.6356833217459793, 0.5077434073136401, -0.5814665482927913], [0.37379426990954223, 0.8615076554440563, 0.3436312025909139]], "T": [0.049009171574842386, 0.019309753095690718, -0.07028754283379454], "aligned_model": [[0.4532436811687103, 0.3853830064176055, -0.43206413278690614, 0.005250200216481801, -0.6179833153728242, -0.20891926558309973, 0.13246430127577474, 0.6990849833296118, -0.7013435870699156, 0.24696526489195847, 0.24694577444196028, 0.6368733212860314, 0.24696526489195847, -0.379501276280392, -0.4655686369607078, 0.06914870959727913], [0.06263744935399906, -0.6173658195603615, 0.16138441018315988, -0.44535874930673264, -0.4038384411282838, -0.7436273331886477, 0.3669966387028487, 0.3121060206840617, -0.055605209753640694, 0.5228770598314261, -0.39162246134973866, 0.015822462895856648, 0.5228770598314261, -0.33762781464259783, 0.3338857889266401, -0.047026915627832705], [-0.6929861583722882, -0.12964502474880218, -0.6334716118300405, -0.6524152591977403, -0.45160810813815855, -0.05024231122184317, -0.5410389151549581, -0.25195133672044134, 0.010523300272935077, 0.4887191279517533, 0.5472749119342123, 0.2075777849630759, 0.4887191279517533, 0.47832376409217625, 0.44502843688563676, -0.07151839190249223]], "inverted": false, "swapped": false, "error_lsq": 0.0468989401294208, "error_max": 0.45113844014531806, "target": "957.xyz", "model": "25.xyz", "model_rescale": 4.19342608120988, "target_rescale": 4.262211018970395},
{"mapping": [7, 12, 9, 3, 6, 0, 8, 5, 14, 11, 13, 15], "R": [[-0.06989080220667104, 0.028922130427546877, 0.9971352897869177], [-0.6445626093760964, -0.7642051218613508, -0.023012481725273926], [0.7613503256459448, -0.6443244850945914, 0.07205303287443204]], "T": [-0.007713427447496923, 0.07877438316624365, -0.06138053500708824], "aligned_model": [[-0.21224208752992318, 0.5770423853939021, 0.13710960561151778, -0.6414736022126951, -0.5245167819780735, -0.5381795821463147, -0.04457025872221528, -0.23183364980981105, 0.4926303475827315, 0.1536900463398706, 0.4788933512727369, -0.048741219169945366], [-0.6233390815929948, -0.4163842660296161, -0.5321503155946827, 0.34252990027626495, -0.290884993485525, -0.15581557252563621, 0.424282625424698, 0.7262429037372505, 0.042977430761825516, -0.1808092956481579, 0.5554022264178636, 0.12072486599969004], [0.18554322884811536, 0.06454253012475508, -0.46831469410757104, 0.16721113992842518, -0.37655688708431917, 0.2825486920474307, -0.5716895921208305, 0.298651139164883, -0.5853773546951667, 0.5889664227923649, -0.1309990657646054, -0.005267097924060278]], "inverted": false, "swapped": true, "error_lsq": 0.048268658410474286, "error_max": 0.2721449316007876, "target": "957.xyz", "model": "26.xyz", "model_rescale": 3.795458400668931, "target_rescale": 4.262211018970395},
