[{"mapping": [12, 2, 14, 0, 10, 3, 7, 9, 5, 6, 13, 8, 11, 15], "R": [[-0.8981842184091285, 0.4395744558106666, 0.006277547255021887], [0.274811275628635, 0.5725541232762204, -0.7724380484587493], [-0.34313827036363215, -0.6920665240554228, -0.6350590946468682]], "T": [-0.0505595070599466, 0.0946763962237129, 0.024822024323004843], "aligned_model": [[0.32054936393127104, 0.01730698565991135, -0.27925780930021554, -0.616860233447478, -0.6025389508016298, 0.11546169932471836, -0.7614973156005846, -0.19164335438886912, -0.37962497800141937, 0.20398277707591866, 0.7268449379604334, 0.2470499731906457, 0.5516372725605106, 0.02008173296509081], [-0.5416593551021686, -0.5215608208906881, -0.3860297134996269, -0.33082606435006057, 0.09287982163237868, 0.4441343731934454, 0.21987978676915923, 0.4694260383654596, 0.7407647665078518, -0.03967943034264304, 0.37371803261204073, 0.7942769246194712, -0.17289585004195188, 0.09284482233736717], [0.3095309453522515, -0.28519616304335316, 0.5054350542772024, -0.14613011210775062, 0.4190097988610845, -0.5878083371411276, -0.18807204370219632, 0.6278437562475836, -0.00458240216791006, 0.6427156391236815, 0.38748605979281814, 0.13409455903743722, 0.03185204967770838, 0.05140928297240422]], "inverted": true, "swapped": true, "error_lsq": 0.0535070825849279, "error_max": 0.29170708732126416, "target": "958.xyz", "model": "0.xyz", "model_rescale": 3.8414455957264533, "target_rescale": 4.279151676773085},
{"mapping": [8, 4, 6, 11, 13, 12, 14, 9, 7, 10, 2, 3, 1, 5, 15], "R": [[-0.39566134389467733, 0.7361892726796583, -0.5490696274051712], [-0.8245768839715523, -0.5480075935913229, -0.140572542788458], [-0.4043823232625572, 0.39713100125480383, 0.8238700774243071]], "T": [0.06599965263648425, 0.08539157898070489, -0.06614562500776812], "aligned_model": [[-0.6478463679147518, -0.6129632841751552, 0.008520933291009863, -0.14345882284261188, -0.6557145808744594, 0.2913428273985963, 0.5867575413210354, -0.0997490456507506, 0.44867485600562174, 0.45007571330272533, 0.46649635268156175, -0.31900571793207577, 0.26716079523531566, -0.18854098047937276, 0.0202939341378561], [0.15688980272129138, 0.10144530294855779, -0.5639299550433831, -0.3358300409235496, -0.45446296527418534, -0.5884462889976438, -0.3692513046187399, -0.13557297300108062, 0.6540874409549734, 0.06374878251906127, 0.018425832483274424, 0.6138376414380918, 0.606108883922677, 0.5506125896083508, 0.029381779305319655], [0.20819841421064433, -0.5690869519646266, 0.1331368981393674, -0.5276483699493336, -0.1039972404822312, -0.41091675709978936, 0.12485498153544021, 0.602942703405897, 0.24462285170229425, 0.4925006893749062, -0.6279137507838425, -0.3784203472180686, -0.36435699924728737, 0.4291899824778821, -0.08792431676171725]], "inverted": false, "swapped": true, "error_lsq": 0.042674676362862846, "error_max": 0.30398692275241157, "target": "958.xyz", "model": "1.xyz", "model_rescale": 4.316132596720782, "target_rescale": 4.279151676773085},
{"mapping": [2, 3, 7, 6, 14, 11, 9, 13, 5, 4, 8, 15], "R": [[0.5386012726793767, 0.8096043642010211, -0.2333440432811954], [-0.4518915596751856, 0.04382488990314153, -0.8909957336145364], [-0.7111277574124667, 0.5853376397359376, 0.38945752033550196]], "T": [-0.06334630047695516, -0.1522056223137945, -0.12240204229601837], "aligned_model": [[-0.3750027373113723, 0.557576120019788, 0.2548294378227133, -0.5714911090106707, -0.701279122596342, -0.3572984792797819, -0.10833115303764279, -0.15943994209600013, 0.508342175323446, 0.2528330483877471, 0.38687472720217114, -0.089804410792275], [-0.7008740446828915, -0.29973109352470806, -0.5237360470217606, 0.3021297292817141, -0.19946759690828753, -0.052336696549384026, 0.42581118198949475, 0.5887966278132616, 0.07006882116559088, 0.04711796181810793, 0.46028426433696246, -0.10528667997711966], [0.16447541022264783, 0.22065984934065852, -0.694382534874864, -0.12440793553806087, -0.44671390170746167, 0.4588927227390065, -0.5558188075681093, 0.3829975876464672, -0.5101458302443895, 0.6355551452406878, -0.01235680661694441, -0.06949643743021705]], "inverted": true, "swapped": true, "error_lsq": 0.04265569175521646, "error_max": 0.20005058898622613, "target": "958.xyz", "model": "2.xyz", "model_rescale": 3.795458400668931, "target_rescale": 4.279151676773085},
{"mapping": [10, 5, 1, 4, 14, 11, 3, 9, 8, 13, 2, 15], "R": [[-0.6281735184780579, -0.19196379055526766, -0.7540211759616241], [-0.6395990179009767, -0.4244433987220464, 0.6409063095190937], [-0.4430701151996187, 0.8848715750869904, 0.14384425125831513]], "T": [-0.03363718469020074, 0.05391531805259139, -0.04490989344388686], "aligned_model": [[0.02967060298528818, -0.020541723434078694, -0.650415420163046, 0.0855361607581418, 0.11113372809704253, 0.17803815075631488, -0.35675808676202503, 0.5105695486907548, 0.407959996085458, 0.7194047568047629, -0.44266337029734243, 0.021369482222294137], [-0.11891533549259992, -0.6686023966205906, -0.027849127121413825, 0.0747690889592265, 0.4546152391337245, 0.5351987360507809, -0.265429126398793, -0.27980148902932167, -0.45716613218098834, 0.14211476755891242, 0.6107359627930639, 0.08609885763770883], [-0.697742356487585, -0.11105781523693667, 0.07102769509370224, 0.7914878611871689, -0.6218424007538887, 0.35238736747918586, 0.5195472677890967, -0.3861565482988455, 0.3207955482270018, 0.44385978652332286, 0.010891487967283786, -0.004426462850406078]], "inverted": true, "swapped": true, "error_lsq": 0.04613393886826581, "error_max": 0.2503853698116798, "target": "958.xyz", "model": "3.xyz", "model_rescale": 3.7530521520055578, "target_rescale": 4.279151676773085},
{"mapping": [0, 3, 5, 8, 10, 4, 14, 2, 12, 6, 15], "R": [[-0.013072677445820857, 0.04291107440143188, 0.9989933657427923], [0.8041674960874742, -0.5933110712191135, 0.036008485183777694], [0.5942589867564476, 0.8038287208494996, -0.026751526996740826]], "T": [-0.06071052545323934, -0.06394230651395894, -0.04595701822452468], "aligned_model": [[-0.47201122207814833, -0.20861032411236982, 0.41703611127225815, 0.525573555629535, 0.21831397501878513, -0.14087822037379114, -0.09610813997658774, -0.7303103456110821, -0.3642795358755869, 0.2366263485708046, -0.047152600018611955], [-0.6637745719215792, 0.21893195992906078, -0.28941640249052764, 0.31885922421454693, -0.650800181018055, 0.723705385157246, -0.41289089870733026, -0.05287036968114072, 0.17574022128401762, 0.09747111124559452, 0.002247880302513286], [-0.0011632692918023615, -0.6964242943928061, -0.5434491988873287, -0.3616891091662094, 0.14849528661600914, -0.3415625399496712, 0.5796243520439671, 0.13286954062027573, 0.6425938470258626, 0.5457965399985493, -0.01226037737152949]], "inverted": false, "swapped": true, "error_lsq": 0.048110138996721036, "error_max": 0.2667665217785735, "target": "958.xyz", "model": "4.xyz", "model_rescale": 3.7855080009869324, "target_rescale": 4.279151676773085},
{"mapping": [0, 3, 2, 10, 15, 7, 11, 5, 8, 6, 4, 14, 12, 13, 1, 16], "R": [[-0.507056890875508, 0.37568790628750076, -0.7757266957408242], [0.7386789028524752, 0.653168033668744, -0.16650825287045187], [0.4441247436208964, -0.657442101528812, -0.608706082802737]], "T": [0.07038542542141861, -0.034164385905215394, 0.018021472318336153], "aligned_model": [[-0.43618181199996015, -0.30291080720238167, 0.11887541271098266, -0.29911116802121435, 0.4560322430777836, -0.495842925048915, 0.5004025532973287, -0.7280173490433467, 0.19856944349583927, 0.051361758552465706, -0.3919991955561416, 0.5706354263894714, 0.6331207628767707, 0.6708449485145287, 0.054522640271567724, 0.0980360387882944], [0.45556529545294533, -0.18308184595672095, 0.11250032977764293, -0.6612648609490963, -0.7625705807147228, -0.13328921182331985, 0.5188601963093356, -0.06534918765401349, -0.5253875860226226, 0.1906800354595025, 0.47085110066319535, -0.1904658075481318, 0.3291965970735503, -0.08069297513141999, 0.7005715631962823, -0.05066160608866037], [-0.3166849012221452, -0.5484501670422995, -0.7044215149720214, 0.0523949462235612, 0.022386570313608183, 0.49857240186301927, 0.39443256341438016, -0.11114416740894076, 0.5054417213235765, 0.6305246595320737, 0.2975936534717142, -0.4097836242580553, -0.1018242578428544, 0.4207013580673169, -0.16367992045172722, -0.024990589971673194]], "inverted": true, "swapped": false, "error_lsq": 0.03805632691635496, "error_max": 0.226305402818112, "target": "958.xyz", "model": "5.xyz", "model_rescale": 4.2253639853439635, "target_rescale": 4.279151676773085},
{"mapping": [1, 0, 9, 5, 10, 6, 8, 3, 12, 2, 14, 13, 4, 15], "R": [[-0.17503740968818027, -0.896009092322092, -0.40808039855620803], [0.7302224006484059, 0.15987275881860863, -0.6642408799366434], [0.6604068070522378, -0.41425645132437994, 0.6263021968149246]], "T": [0.06578961192251702, -0.05206629220336757, -0.03172067960853529], "aligned_model": [[0.538076955333064, -0.013727160595108742, -0.44223566838190737, 0.1735669050035415, -0.4369569310265358, -0.4867564644620013, 0.20637018082529696, 0.7668876757922504, -0.26934374415353024, 0.22169643241582726, -0.5585692814946405, -0.020288258176719906, 0.6380781025797619, 0.05726340909848528], [-0.0913589408692932, -0.03303423266845758, -0.4736133194475643, -0.764647173424804, -0.40005596572364754, 0.1687923901616179, -0.4465542552930528, -0.19842962164296796, 0.6619795520666504, 0.5030054228442613, 0.17102863743343893, 0.1597258833030168, 0.19880194226965192, -0.010541172373858959], [-0.45117639085651096, -0.755798267446925, 0.26523987977437014, 0.053081616901734366, -0.3253490778689035, 0.30077000846100455, 0.6121497573070687, 0.07800242214463998, 0.007373030670883421, -0.4164984070911289, -0.3051704675329996, 0.840908556248494, 0.537269111487835, 0.03075643673188634]], "inverted": false, "swapped": true, "error_lsq": 0.049070534755635165, "error_max": 0.29540681119777573, "target": "958.xyz", "model": "6.xyz", "model_rescale": 3.89814844738969, "target_rescale": 4.279151676773085},
{"mapping": [1, 0, 12, 3, 11, 10, 5, 4, 8, 9, 6, 13, 15], "R": [[0.7224555097782083, 0.0780875952796947, -0.6869937145669851], [0.15728060420430978, 0.9489930803480527, 0.273267167791233], [0.6732910573683843, -0.3054741575239209, 0.6733236154723924]], "T": [-0.06495979501366252, 0.09106416048171698, -0.17550874882536713], "aligned_model": [[-0.07055543672984906, -0.06316985112867286, 0.6189325287031544, -0.15036081046334632, 0.5138630425911284, -0.45813572712800166, -0.7646767120751553, 0.2412767680275162, -0.4368797424502668, -0.5233049544045143, 0.11354544031873183, 0.15149241406150432, -0.023395158418006545], [-0.3299942249789819, 0.2568733583446685, 0.47874302894437715, -0.6279761277928239, 0.030580666821327665, 0.5935399807048756, -0.08618836626700796, -0.5209963224070945, -0.15761891584934953, 0.5227520879891332, 0.6172407186499821, 0.09117312580635076, 0.095652255505028], [-0.6479713034374066, -0.8850703005011569, -0.10000684973526247, -0.14928645252814143, 0.13366945104513253, -0.40572445655620126, -0.1009657114659975, 0.3202729599143661, 0.44881894490192475, 0.1816220445027116, 0.2193455184049671, 0.7002169718840393, -0.11264578559267914]], "inverted": false, "swapped": true, "error_lsq": 0.04752760394915455, "error_max": 0.3094930469321478, "target": "958.xyz", "model": "7.xyz", "model_rescale": 3.7474275329858107, "target_rescale": 4.279151676773085},
{"mapping": [14, 6, 9, 10, 8, 7, 0, 1, 5, 3, 2, 1, 11, 4, 15], "R": [[-0.38473674735713986, 0.5630389594133449, -0.7314128556538959], [-0.8458403028235839, 0.10215194345603745, 0.5235639049509265], [0.3695021209037326, 0.8200927451397756, 0.4369394374701728]], "T": [0.008766740372723071, -0.014586558985829987, -0.03112888288463565], "aligned_model": [[-0.40212706592781494, 0.18135330966273241, 0.34338540734935297, -0.23592422172034194, 0.753319691930163, -0.3557755034376868, -0.6924232137072514, -0.31071175824615627, 0.31402919769919074, 0.2528843812493655, -0.49708046464592126, -0.31071175824615627, 0.15545843224964695, 0.5520723202285587, 0.05440496790106525], [0.024391161852398972, 0.19897854620161093, -0.41342840703480116, -0.5040208645605062, -0.19112173163823087, -0.6373294253085319, -0.20669590157184964, -0.0921818551192806, -0.6508051266838094, -0.01337918975410625, 0.4316790248324752, -0.0921818551192806, 0.6258988318902884, 0.46877319394499584, 0.04054156004822022], [-0.6176586597560205, -0.6550195814079119, -0.534053015723259, -0.43193922355155134, 0.03542203035673548, 0.1827229717690403, 0.017862324490892468, 0.5096620190559478, 0.1380445575336102, 0.6510770963454151, 0.12834236519178494, 0.5096620190559478, -0.08157986128885132, 0.39942978457244127, -0.05518017094796018]], "inverted": true, "swapped": true, "error_lsq": 0.051877567884712004, "error_max": 0.4506838522905312, "target": "958.xyz", "model": "8.xyz", "model_rescale": 4.019505241142653, "target_rescale": 4.279151676773085},
{"mapping": [2, 3, 11, 12, 14, 6, 13, 0, 10, 5, 8, 9, 15], "R": [[-0.4991792874255706, -0.7607163855841563, -0.4148862732232496], [-0.3488795026807406, 0.6147313928290178, -0.7073813732914764], [0.7931602181240175, -0.20836481318656747, -0.5722595329142085]], "T": [-0.1167125886754621, -0.1134181097405362, 0.039713308883947855], "aligned_model": [[-0.25170375369194775, -0.7752574087768258, 0.024602015517799267, 0.35880524917927137, 0.4410617198409187, 0.5394638423549912, 0.24807203103371545, -0.2367636229373638, 0.2011783054957048, -0.34460205022152607, -0.15501437932965423, 0.35268634446845437, -0.08282752119236164], [-0.6131340268988006, 0.17525351588667373, 0.02161905892267363, -0.36829598630161176, -0.5626604568988407, 0.014849055570225894, 0.6127819304071405, -0.8073825737056617, -0.3779628973698559, 0.21027335570319602, 0.6360491230473058, 0.1921495929346461, -0.07016146318303228], [-0.4212930170976865, -0.04965833594973324, -0.5896359068417228, -0.5370225112097629, 0.07765136647067826, -0.09301124581546627, -0.3518384648473359, 0.22672817871483808, 0.5773283852444777, 0.6478819657503978, 0.20337341006803586, 0.49826556989787074, -0.012065900340711685]], "inverted": true, "swapped": true, "error_lsq": 0.04632321629998834, "error_max": 0.33796099154524134, "target": "958.xyz", "model": "9.xyz", "model_rescale": 3.877068213659057, "target_rescale": 4.279151676773085},
{"mapping": [0, 11, 8, 10, 14, 12, 4, 0, 6, 3, 5, 2, 7, 13, 1, 15], "R": [[-0.6931060541137695, -0.344130754503307, 0.6333861551658871], [-0.22286205305572473, -0.7333305383569877, -0.6423074239185144], [0.6855191485718163, -0.5863449030374831, 0.4315821493335154]], "T": [0.13225125636242052, -0.06781496618567719, 0.059411782821521805], "aligned_model": [[-0.549752923739805, -0.43105929904258866, 0.07785138803298586, -0.07554364123492444, 0.5192401609209412, -0.566912629342255, 0.532949587109866, -0.549752923739805, -0.033158313107165854, 0.11574549213152646, -0.28286327753196905, 0.7566847995789937, 0.5098378173043554, 0.6907998419498425, -0.06845127221350417, 0.052723164026579866], [0.2357280966588451, -0.3239723050643114, 0.09581943424323495, -0.736184565168548, -0.7410200877010807, -0.11109201907845247, 0.4369150265293187, 0.2357280966588451, -0.4295516669431976, 0.16616522633025838, 0.5259584487422287, -0.08442684338835892, 0.5327699806905576, -0.3949362374971676, 0.753813819407876, -0.03625294837630021], [-0.21717083224285233, -0.3427323607036832, -0.6926436493974792, -0.055975127822031734, -0.021557339395607625, 0.3192043410921266, 0.2662430230515755, -0.21717083224285233, 0.5306768979932244, 0.6491084607717922, 0.35285427755775867, -0.16455730788365563, -0.3443365050987135, 0.482086181570152, -0.1343696505273103, 0.03140915431709028]], "inverted": false, "swapped": false, "error_lsq": 0.04158183432466409, "error_max": 0.3037966789439762, "target": "958.xyz", "model": "10.xyz", "model_rescale": 4.260839863003843, "target_rescale": 4.279151676773085},
{"mapping": [1, 5, 9, 10, 6, 14, 2, 3, 8, 13, 11, 15], "R": [[-0.23264009010342782, -0.8848529880149478, -0.4036257896587977], [0.5995117471094322, 0.19631443586310454, -0.7759164306480097], [0.7658095413054511, -0.42248767067545306, 0.4848091527320465]], "T": [0.05286762117528233, 0.0553168234483918, -0.1455546191579528], "aligned_model": [[0.5427611453019943, 0.18788770479686923, -0.44789189902007287, -0.42225437234029917, -0.5215287360149757, -0.5691534042971047, 0.19984641707468948, 0.7547054701175994, 0.1845888554682608, -0.07701286798952225, 0.0868807613153326, 0.04006957468135949], [0.10541710047039889, -0.6569335412530543, -0.42879519486858336, -0.25498081920652943, 0.19600794617894562, 0.29947337217158954, 0.6733342719730302, -0.08248941908146902, -0.438380877418573, 0.11122220071510654, 0.5640141483371837, 0.08518931751488837], [-0.5430928411499392, -0.1779256197770946, 0.051556040347308596, -0.5170960028953542, 0.19343006277953123, -0.4060303100017246, -0.42289396357914194, -0.029654007698418805, 0.427912804070757, 0.7453734115639166, 0.27200427197261723, -0.07740576823695289]], "inverted": false, "swapped": true, "error_lsq": 0.044836493983479365, "error_max": 0.2371992634408438, "target": "958.xyz", "model": "11.xyz", "model_rescale": 3.890672605050136, "target_rescale": 4.279151676773085},
{"mapping": [5, 7, 3, 9, 8, 12, 0, 6, 10, 2, 4, 1, 11, 15], "R": [[-0.03804754674638633, -0.4238527374094746, 0.9049316223765621], [-0.017185522001657294, -0.9051758531252903, -0.424689689953069], [0.9991281409409468, -0.03171012313754554, 0.027155590041271438]], "T": [0.07179174852315909, -0.024544898447980232, 0.10583223722064787], "aligned_model": [[0.6308730099810435, 0.029759995393700972, 0.26447376351523855, 0.569729817558412, 0.8108133905315509, -0.40334901051027194, -0.46215163070816034, 0.14692468966599448, 0.09499672913963036, -0.5881878497665183, 0.3149319966869244, -0.19357637792754137, -0.09288990253023091, 0.08752721376392136], [0.001196111504682032, -0.0818966526194822, 0.6601346900100378, -0.5497772405559366, 0.12788182952612037, -0.26248825984775065, -0.1713808051586041, -0.5100720462695343, -0.5930486988921889, 0.1611130870735532, 0.6273845543021583, 0.3959121045302799, 0.14887308608191901, -0.021679239857488986], [-0.3560599906560348, -0.6434183542634535, -0.03232484972179793, 0.09295506186846074, 0.2492403755946564, 0.6900653825730848, -0.3677891029733193, 0.5783300802214106, -0.2634014196201184, 0.2079277187190992, 0.5854875075325833, -0.2857517343539114, 0.7199099571073966, 0.179619803328805]], "inverted": false, "swapped": true, "error_lsq": 0.04990441119300359, "error_max": 0.311743324838016, "target": "958.xyz", "model": "12.xyz", "model_rescale": 4.124412569039231, "target_rescale": 4.279151676773085},
{"mapping": [10, 5, 8, 0, 9, 14, 1, 12, 3, 2, 11, 4, 15], "R": [[-0.7962939110324136, 0.1685240433801861, -0.5809609746407204], [0.26189591322129535, 0.9617765721628468, -0.07997722098615452], [0.5452765700914411, -0.2158366790920339, -0.8099925864277007]], "T": [0.10152774154562279, 0.1015047433327309, 0.023131175167053243], "aligned_model": [[-0.12555479084042348, 0.03843659837371617, 0.6211334208974559, -0.5721215741270136, 0.4299292881025173, 0.017529065461876728, -0.4140681356706963, 0.3350099032838594, 0.024060588237520886, -0.20923313725703868, 0.49099900313348804, 0.560775835473664, 0.1704022424408312], [-0.2807468993679982, 0.5028723305768197, 0.5589858462897552, -0.1751694819471588, -0.09334107068317887, -0.6089580769464598, 0.41480036370124046, -0.46523461775794334, 0.8034470536383487, -0.08909911525616221, 0.026053981744564664, 0.6591469398488197, 0.09472812266782986], [0.5353671956953431, 0.6243819167405903, 0.35580784602347687, -0.0017979678423369547, 0.6380821394034984, 0.07369762008658097, -0.16804697823695364, -0.4748615245766905, -0.13896667054972994, -0.5664138107209967, -0.5030860885048196, -0.41541727012311197, -0.007048326427011042]], "inverted": true, "swapped": true, "error_lsq": 0.04954171003706079, "error_max": 0.30326831344417227, "target": "958.xyz", "model": "13.xyz", "model_rescale": 3.9028299243045295, "target_rescale": 4.279151676773085},
{"mapping": [0, 3, 4, 6, 9, 1, 13, 2, 11, 12, 8, 10, 10, 14, 5, 15], "R": [[0.12690715990563217, 0.18271368995647497, 0.9749411675927813], [0.8827009505548142, -0.46916029234090983, -0.02697502511990746], [0.45247497682669024, 0.864004819195519, -0.22082134804543896]], "T": [-0.03859286391776001, -0.0025739872274416365, 0.0038389684940477835], "aligned_model": [[-0.5369150651397612, -0.3136500496466699, 0.1233429542429231, -0.24078275233685967, 0.35850293086673235, -0.33413902344629665, 0.5097968107325954, -0.7671283161295248, 0.16086882493878385, -0.009785471691541314, -0.42823635190281034, 0.6562090928248072, 0.6562090928248072, 0.7275035601243538, 0.11333517254227635, 0.02320656229925852], [0.397765762118066, -0.20573042086629806, 0.2706669836208187, -0.6308850698957966, -0.6678347324470748, -0.4090281415355504, 0.45532965013581606, 0.03250865374184568, -0.37369337224605537, 0.2821109696120487, 0.6475379875785418, 0.061224988638240455, 0.061224988638240455, -0.18721103858848953, 0.4862464926573234, -0.09477224511792974], [-0.5240052112673325, -0.5174675184099461, -0.5948925544185503, -0.08971686866445679, 0.028098545941994704, 0.415720315214701, 0.3534735998188203, 0.10461134927868507, 0.6107509267547393, 0.6381613616533217, 0.1522961409119951, -0.2579482230073013, -0.2579482230073013, 0.40640086574406853, -0.004777517899985772, -0.021688257603918747]], "inverted": false, "swapped": false, "error_lsq": 0.04163374008161565, "error_max": 0.345181629502344, "target": "958.xyz", "model": "14.xyz", "model_rescale": 3.942246331269136, "target_rescale": 4.279151676773085},
{"mapping": [6, 9, 13, 5, 1, 8, 11, 13, 12, 4, 3, 2, 10, 0, 15], "R": [[0.4770683690309405, 0.8555135553429253, 0.2012519015926706], [-0.844089834584013, 0.38223785149281647, 0.3760406574269457], [0.24478178531519118, -0.34927178745307086, 0.9044838838073593]], "T": [-0.04133762542438287, -0.11059322470556028, 0.0755932565467361], "aligned_model": [[-0.6628602637121943, -0.3924987172397209, -0.271672492823479, 0.302221053945678, 0.44909634469114207, 0.17253064104724966, -0.2029123394550256, -0.271672492823479, -0.6080898788940924, 0.3546356583158247, 0.6541393672326615, -0.05772884445320702, -0.3622253574453135, -0.05937179005220589, -0.06929685180162894], [0.03449965296362749, -0.48422830936785605, 0.44903658235109895, -0.6059974201539714, -0.17922984210947324, -0.06999136866436882, 0.5282927107882468, 0.44903658235109895, 0.3663296277868313, 0.5639056471375608, 0.06839420421729865, 0.20575289096259036, -0.7068166459609228, -0.47071323086541794, -0.05012639155469162], [-0.16376724291445705, -0.4353469224764791, -0.5933667097538925, -0.3282891565900826, 0.46968192219394056, -0.6609966176655001, 0.07367940506083231, -0.5933667097538925, 0.349528701889275, -0.2444923576639032, -0.02071422705224972, 0.6921335294643619, 0.11580806692721912, 0.7088087330483941, 0.040062065646949564]], "inverted": true, "swapped": true, "error_lsq": 0.04749791321538509, "error_max": 0.4035368547491857, "target": "958.xyz", "model": "15.xyz", "model_rescale": 4.355366556412066, "target_rescale": 4.279151676773085},
{"mapping": [2, 3, 7, 6, 14, 11, 9, 13, 5, 4, 8, 15], "R": [[0.5386012726793767, 0.8096043642010211, -0.2333440432811954], [-0.4518915596751856, 0.04382488990314153, -0.8909957336145364], [-0.7111277574124667, 0.5853376397359376, 0.38945752033550196]], "T": [-0.06334630047695516, -0.1522056223137945, -0.12240204229601837], "aligned_model": [[-0.3750027373113723, 0.557576120019788, 0.2548294378227133, -0.5714911090106707, -0.701279122596342, -0.3572984792797819, -0.10833115303764279, -0.15943994209600013, 0.508342175323446, 0.2528330483877471, 0.38687472720217114, -0.089804410792275], [-0.7008740446828915, -0.29973109352470806, -0.5237360470217606, 0.3021297292817141, -0.19946759690828753, -0.052336696549384026, 0.42581118198949475, 0.5887966278132616, 0.07006882116559088, 0.04711796181810793, 0.46028426433696246, -0.10528667997711966], [0.16447541022264783, 0.22065984934065852, -0.694382534874864, -0.12440793553806087, -0.44671390170746167, 0.4588927227390065, -0.5558188075681093, 0.3829975876464672, -0.5101458302443895, 0.6355551452406878, -0.01235680661694441, -0.06949643743021705]], "inverted": true, "swapped": true, "error_lsq": 0.04265569175521646, "error_max": 0.20005058898622613, "target": "958.xyz", "model": "16.xyz", "model_rescale": 3.795458400668931, "target_rescale": 4.279151676773085},
{"mapping": [1, 0, 12, 3, 11, 10, 5, 4, 8, 9, 6, 13, 15], "R": [[0.7224555097782083, 0.0780875952796947, -0.6869937145669851], [0.15728060420430978, 0.9489930803480527, 0.273267167791233], [0.6732910573683843, -0.3054741575239209, 0.6733236154723924]], "T": [-0.06495979501366252, 0.09106416048171698, -0.17550874882536713], "aligned_model": [[-0.07055543672984906, -0.06316985112867286, 0.6189325287031544, -0.15036081046334632, 0.5138630425911284, -0.45813572712800166, -0.7646767120751553, 0.2412767680275162, -0.4368797424502668, -0.5233049544045143, 0.11354544031873183, 0.15149241406150432, -0.023395158418006545], [-0.3299942249789819, 0.2568733583446685, 0.47874302894437715, -0.6279761277928239, 0.030580666821327665, 0.5935399807048756, -0.08618836626700796, -0.5209963224070945, -0.15761891584934953, 0.5227520879891332, 0.6172407186499821, 0.09117312580635076, 0.095652255505028], [-0.6479713034374066, -0.8850703005011569, -0.10000684973526247, -0.14928645252814143, 0.13366945104513253, -0.40572445655620126, -0.1009657114659975, 0.3202729599143661, 0.44881894490192475, 0.1816220445027116, 0.2193455184049671, 0.7002169718840393, -0.11264578559267914]], "inverted": false, "swapped": true, "error_lsq": 0.04752760394915455, "error_max": 0.3094930469321478, "target": "958.xyz", "model": "17.xyz", "model_rescale": 3.7474275329858107, "target_rescale": 4.279151676773085},
{"mapping": [8, 9, 5, 6, 4, 11, 3, 0, 13, 1, 12, 14, 2, 15], "R": [[-0.7227339158280559, -0.6329094757468459, 0.27763516063657634], [-0.6902742557993493, 0.6809807160755937, -0.24451322277910933], [-0.03430945485576039, -0.36836240286302896, -0.9290489768922177]], "T": [0.09646173422923449, 0.070735921008245, 0.029651201020975515], "aligned_model": [[0.47235518622475653, 0.13227991805339476, 0.7350921672765574, -0.41752625585627906, 0.20105706502129905, -0.339036204756386, 0.6178315267024315, 0.06469052893826707, -0.16172899635324683, 0.419782723342807, -0.6804031007770703, -0.4360364039154691, -0.24867387665667612, 0.05516337063849133], [-0.4659585666186632, 0.10214279470155596, 0.119048598505004, -0.061705989040902465, -0.7176265859890141, -0.3772985013631549, -0.2660896390371738, 0.742509154533255, -0.7226313186243761, 0.26967537868565, 0.0002471498796645516, 0.5057034410042271, 0.22367410677508104, 0.008718218100080395], [-0.3711179702077373, -0.6926422444900353, -0.3115172938001182, -0.3980300684628154, 0.31555808151835596, 0.23915535640457136, 0.4034452084922253, 0.3101593164924046, -0.313354743997432, 0.5360393632652779, 0.15300643411993195, -0.17435652274371982, 0.6109916920601567, 0.01745811001058898]], "inverted": false, "swapped": true, "error_lsq": 0.04433249804138189, "error_max": 0.30991526655853074, "target": "958.xyz", "model": "18.xyz", "model_rescale": 3.922800546911778, "target_rescale": 4.279151676773085},
{"mapping": [13, 4, 11, 6, 1, 8, 3, 14, 5, 12, 2, 0, 9, 7, 15], "R": [[-0.15661003192752132, -0.4998894030820278, 0.8518121169518282], [-0.6047373822170801, -0.6333493885371182, -0.4828677361233528], [0.7808751477982214, -0.590744561317286, -0.20311294105781003]], "T": [0.08576420054709576, 0.015608474667904673, 0.06411830896339235], "aligned_model": [[-0.29825610229054755, -0.1591717822053823, 0.30452696423753856, 0.11235612935921303, 0.26283774655768566, -0.6422753439548741, -0.18493194573901167, 0.5093007934885214, -0.5236553313049681, 0.6463928507829118, 0.7329165676107616, 0.5717298321992118, -0.3589760953715726, 0.0446479163168924, 0.0786086372012382], [0.5210250886991015, -0.17675624609761953, 0.22161325844196594, 0.6916966076982045, -0.5885108589494225, 0.08856274828745501, -0.5789117636203949, 0.48843302700610935, -0.1992049236303935, 0.48307806017010063, -0.1658860486289057, -0.22913157243414212, 0.49465025827071973, -0.39275273923543735, 0.05970660905723748], [-0.5768415664334191, -0.7215028138026188, -0.5223884445340528, -0.01854660169726366, 0.1291346971783099, -0.16952433378740545, -0.2493608148652048, 0.39792043460136484, 0.394333276504774, -0.23733128122153488, -0.10534849281818467, 0.5487967630018084, 0.3750880730637395, 0.6949771766726842, 0.003253095300332569]], "inverted": true, "swapped": true, "error_lsq": 0.04469120726287073, "error_max": 0.2889565584920125, "target": "958.xyz", "model": "19.xyz", "model_rescale": 3.9282355846067225, "target_rescale": 4.279151676773085},
{"mapping": [4, 11, 12, 13, 8, 6, 9, 14, 5, 7, 2, 3, 0, 15], "R": [[0.10194089717162708, -0.9376733959203867, 0.33222982416841185], [0.7231823185503978, -0.1594739300268943, -0.671993600994718], [0.6830925176137672, 0.30876636511269695, 0.6618519050023034]], "T": [0.0008715298648967473, -0.058898268351210564, 0.12626272454369272], "aligned_model": [[-0.6955655090875206, -0.09356812864453527, 0.4165348651715604, -0.4565755479192874, -0.6399231167246393, 0.2250171118709525, 0.02778074965917071, 0.6772414847927968, -0.3404691867765031, 0.1758857690070486, 0.3136169987542069, -0.5967868914563987, 0.5417842855040362, -0.02245006506621109], [-0.5330939918304617, -0.6604142798441683, -0.643927636599643, -0.3420179375981557, 0.19555065848858819, -0.14877521751848322, 0.45226609572184195, -0.05563193317418332, 0.5755827163037707, 0.472648700517901, -0.5836864270866535, -0.1371712300293981, 0.035050469846612115, -0.10349789977273044], [0.0605951024805559, -0.12581846958156692, -0.2033867593419467, -0.5978453699499278, -0.21224983569866382, -0.5111670157668997, -0.38556150527321587, -0.11223921897045422, 0.21286111918001746, 0.629512341334916, 0.4537579233316864, 0.5283542978435232, 0.6053874629882137, 0.06998308466744567]], "inverted": true, "swapped": true, "error_lsq": 0.03980490680326019, "error_max": 0.21076568295869136, "target": "958.xyz", "model": "20.xyz", "model_rescale": 4.067790424073018, "target_rescale": 4.279151676773085},
{"mapping": [1, 12, 3, 5, 4, 11, 8, 2, 11, 14, 14, 9, 10, 6, 15], "R": [[0.6949996114680465, -0.6901272984004778, 0.20174204336657847], [-0.631027630989504, -0.4509608357849818, 0.6312198139443067], [-0.3446442644046744, -0.5660023291388195, -0.7489069998487078]], "T": [0.11646581516257347, -0.05576987779181233, -0.06273913521593756], "aligned_model": [[0.29653847777855324, 0.03336693799231831, -0.23113235115467645, 0.1854503902775448, -0.6824179338489479, -0.3442695921029773, -0.39892746744791385, 0.24101198784392802, -0.3442695921029773, 0.5547139976024985, 0.5547139976024985, 0.17920052474327652, 0.672190347789638, -0.002365136836796941, 0.054639365771549264], [-0.14514454610758112, 0.7037615634544506, -0.3934152325766338, -0.7759858209303301, -0.05805726903173335, 0.4154030990373513, -0.5740128467615789, 0.496342167281151, 0.4154030990373513, 0.3623028191177613, 0.3623028191177613, -0.37574798176256763, -0.20937422362461755, 0.24149232542894114, -0.02437483175187831], [-0.6628460802893624, 0.13703753666770796, -0.6014143690906616, -0.006980635192087983, -0.3383800127810404, -0.06478852809738488, 0.173368421340299, -0.4628965862832575, -0.06478852809738488, 0.3213492824974077, 0.3213492824974077, 0.5835236013153603, 0.2945345475073089, 0.5390500048822751, -0.032868363255445815]], "inverted": true, "swapped": true, "error_lsq": 0.04654387409038856, "error_max": 0.3387520150185659, "target": "958.xyz", "model": "21.xyz", "model_rescale": 4.186013935880536, "target_rescale": 4.279151676773085},
{"mapping": [9, 6, 8, 7, 0, 5, 10, 14, 4, 11, 2, 1, 15], "R": [[0.5540502356284772, 0.7668001891772436, -0.3241077078345598], [-0.7154522923660358, 0.637643701508196, 0.28554951807893325], [0.42562466299336243, 0.07367482476850609, 0.9018955962011993]], "T": [0.012346009847746593, 0.03293242671476542, 0.02554615368212308], "aligned_model": [[0.04015917346183002, -0.46031838554485494, 0.4964974690508742, 0.34296024481416415, -0.1656574510807989, 0.6247752709862284, -0.10240271702996318, -0.6025495700302393, 0.28713917876926254, -0.31439759837705344, -0.3576952960563288, 0.2844375848000082, -0.014373868339903471], [-0.3444702590157384, 0.04227697527654296, 0.23047141695861947, -0.5506997097010805, -0.40408186256913303, -0.29392251473886916, -0.6260466280489004, -0.3347545896532641, 0.8253730670424198, 0.6010679643690573, 0.24471114860034066, 0.040709334532136786, 0.08832231649396115], [-0.5915201281458464, -0.4655106968934516, -0.5370625031962523, 0.36686726026243055, 0.580799941126, -0.18581877725090062, -0.0869165986034866, -0.007314853234509696, -0.07801501592027388, -0.0433444476499744, 0.5720666473237036, 0.5969024656524371, -0.01825373213452997]], "inverted": true, "swapped": true, "error_lsq": 0.04287338682419592, "error_max": 0.27754844513422006, "target": "958.xyz", "model": "22.xyz", "model_rescale": 4.166573947596378, "target_rescale": 4.279151676773085},
{"mapping": [0, 7, 5, 10, 14, 8, 2, 0, 9, 3, 4, 12, 6, 11, 1, 15], "R": [[-0.8852787766076273, -0.45128632199830815, 0.1123483122496392], [0.11902947617934471, 0.013660439759571597, 0.9927967446491989], [-0.4495703187362061, 0.8922746482797855, 0.04162307711608598]], "T": [0.12678860110280835, -0.06924667193162565, 0.07968407833690941], "aligned_model": [[-0.5319302736410633, -0.4129594004114634, -0.03445559276091034, -0.14238281353502866, 0.47354381765257225, -0.5733413179540232, 0.33763968982280523, -0.5319302736410633, 0.12433256590583001, 0.12698812480489644, -0.3242300960546819, 0.7680770566435446, 0.5920312513230336, 0.6943662801320543, 0.016323468581907266, 0.11626548423466476], [0.3313723538051872, -0.22596221747860812, 0.056467701798294606, -0.6771032960460242, -0.7478513719097315, -0.18649749266199675, 0.5537006109401932, 0.3313723538051872, -0.49268436030578644, 0.14375040058833194, 0.4277263773018107, -0.19170900713669298, 0.3788804891440994, -0.09793675330194773, 0.543488918536148, -0.021553251034717315], [-0.18929473702197594, -0.36247198042003825, -0.7260815125046699, -0.2652772342275451, -0.13299935821468828, 0.4671753449490941, 0.22211911734523132, -0.18929473702197594, 0.5052938270945625, 0.6418752018031952, 0.37877175196217705, 0.023706864441290817, -0.3226080492136262, 0.6266080080795589, -0.26737731614307336, 0.030923540132016467]], "inverted": true, "swapped": false, "error_lsq": 0.04919641769315126, "error_max": 0.3557090616016591, "target": "958.xyz", "model": "23.xyz", "model_rescale": 4.274766983524099, "target_rescale": 4.279151676773085},
{"mapping": [2, 11, 4, 3, 8, 5, 7, 9, 14, 6, 15], "R": [[-0.2641371163187705, -0.8610591428016661, 0.43452127264434903], [-0.9417043950114015, 0.13290371564447034, -0.30907836350043105], [0.20838525907322492, -0.4908296598266594, -0.845967983339459]], "T": [0.01847732616695058, 0.00266346032016454, 0.0031208587421985637], "aligned_model": [[0.4371551732421208, 0.17908723966884235, -0.4512557063399745, -0.5710093000309362, -0.6083848366873064, -0.5302865395617502, -0.08328917676386456, -0.05211464663462523, 0.6807252589424453, 0.3580083317460256, 0.021258906377097972], [-0.10315287189390486, 0.5340366988897262, 0.5153038384324597, -0.08981105893557131, 0.35711619095621405, -0.27061090741225313, -0.7228012009060799, 0.15412197698926097, -0.025201433503289773, 0.488920111864222, 0.07766518676269914], [-0.539075793123322, -0.35203013257051297, -0.4772426399532991, -0.4079191140671679, 0.27025355879200547, 0.39139682540836696, 0.17568083385254293, 0.7074320446111974, 0.2770211784964383, 0.3391401243156217, -0.005090451740293234]], "inverted": true, "swapped": true, "error_lsq": 0.04763085146565218, "error_max": 0.22649397515237515, "target": "958.xyz", "model": "24.xyz", "model_rescale": 3.7841303162186577, "target_rescale": 4.279151676773085},
{"mapping": [9, 14, 10, 13, 11, 5, 1, 12, 3, 4, 2, 7, 0, 6, 8, 15], "R": [[-0.7942754470365512, 0.059052528635116786, 0.6046811664808863], [0.5864166122294082, 0.33477823382847705, 0.7375900562345383], [-0.15887753502704693, 0.940444752772051, -0.300535515118006]], "T": [0.0968204760964029, 0.05218455327759983, -0.04227722525701026], "aligned_model": [[-0.37647833157297617, -0.4466129238289315, 0.2203503619752752, -0.23771336038237542, 0.3901880349458653, -0.49539729327608406, 0.4621563671463689, -0.6234416138815209, -0.015941924201723107, 0.11674702183538449, -0.4233187466648599, 0.6855514852400826, 0.6747876594629412, 0.5416719628613116, 0.09707367848996298, 0.12871559295435175], [0.23866247799190796, -0.2171909117097605, -0.025971637026254185, -0.6540174550689913, -0.6482086990844844, -0.023268987545890324, 0.6130915816680228, -0.16730769145242902, -0.48304278704302817, 0.19525110166844192, 0.49960161950328497, -0.07479155331429144, 0.47127440205086657, -0.25520316807507604, 0.6423949245272776, 0.01418823895414964], [-0.3309897653017968, -0.5535657553640296, -0.8064022690091038, -0.07923440221997065, -0.15546881780281196, 0.6003141085317025, 0.28168170117681435, 0.04837365820333962, 0.5491771033986036, 0.6897331833881114, 0.27087798501823324, -0.2873862363677572, -0.22017490078466823, 0.43693712733240114, -0.008969010103262023, 0.006165020943727964]], "inverted": true, "swapped": false, "error_lsq": 0.04270379045144679, "error_max": 0.29971218799591776, "target": "958.xyz", "model": "25.xyz", "model_rescale": 4.19342608120988, "target_rescale": 4.279151676773085},
{"mapping": [2, 3, 7, 6, 14, 11, 9, 13, 5, 4, 8, 15], "R": [[0.5386012726793767, 0.8096043642010211, -0.2333440432811954], [-0.4518915596751856, 0.04382488990314153, -0.8909957336145364], [-0.7111277574124667, 0.5853376397359376, 0.38945752033550196]], "T": [-0.06334630047695516, -0.1522056223137945, -0.12240204229601837], "aligned_model": [[-0.3750027373113723, 0.557576120019788, 0.2548294378227133, -0.5714911090106707, -0.701279122596342, -0.3572984792797819, -0.10833115303764279, -0.15943994209600013, 0.508342175323446, 0.2528330483877471, 0.38687472720217114, -0.089804410792275], [-0.7008740446828915, -0.29973109352470806, -0.5237360470217606, 0.3021297292817141, -0.19946759690828753, -0.052336696549384026, 0.42581118198949475, 0.5887966278132616, 0.07006882116559088, 0.04711796181810793, 0.46028426433696246, -0.10528667997711966], [0.16447541022264783, 0.22065984934065852, -0.694382534874864, -0.12440793553806087, -0.44671390170746167, 0.4588927227390065, -0.5558188075681093, 0.3829975876464672, -0.5101458302443895, 0.6355551452406878, -0.01235680661694441, -0.06949643743021705]], "inverted": true, "swapped": true, "error_lsq": 0.04265569175521646, "error_max": 0.20005058898622613, "target": "958.xyz", "model": "26.xyz", "model_rescale": 3.795458400668931, "target_rescale": 4.279151676773085},
