[{"mapping": [5, 1, 7, 3, 13, 4, 6, 12, 11, 8, 10, 9, 0, 14], "R": [[-0.8604584381573832, -0.4344022588896991, 0.2662817186276287], [0.34099774842717034, -0.10264491467248843, 0.9344434477588666], [-0.3785918802237537, 0.8948512161043334, 0.23645187515695137]], "T": [-0.04988916160061498, 0.13356623309516263, 0.018928585123708486], "aligned_model": [[0.1063564930398945, 0.4442027664603356, -0.5197678967590788, -0.19835564778951506, -0.6492376377285936, -0.3353723455486324, -0.752504994738167, -0.027244060348777986, -0.361695109385921, 0.15415165173576242, 0.6720835214422136, 0.2552936772700055, 0.5471631571990084, 0.03641852627976957], [-0.6528832247071714, -0.4465572976529581, -0.33863261239921094, -0.3707347084410881, 0.34774089137015735, 0.3645342779374146, 0.2291831398128743, 0.5749461318881988, 0.5753728945588632, -0.12983670330334657, 0.47646058975567757, 0.6253991056621455, -0.12966032887945794, 0.10994117620793599], [0.295180525001066, -0.44029245618171187, 0.4889608765895273, -0.3281150571627876, 0.5710647601113645, -0.5358127802712633, -0.11773820429806212, 0.596438734618074, 0.02598862421068207, 0.5955586567415241, 0.5065685347629049, 0.03316872573679519, 0.0916161508490348, 0.11500099647268563]], "inverted": false, "swapped": true, "error_lsq": 0.04269726510316462, "error_max": 0.30390205465449127, "target": "959.xyz", "model": "0.xyz", "model_rescale": 3.8414455957264533, "target_rescale": 4.0448948528736635},
{"mapping": [1, 11, 12, 13, 8, 0, 9, 7, 4, 10, 3, 6, 5, 2, 14], "R": [[0.7810078823810447, 0.06380436673397133, 0.6212533222803345], [-0.27745807628101665, -0.8557541071406729, 0.4366943141584366], [0.5595030862873893, -0.5134334532318153, -0.6506476662044822]], "T": [-0.027496582154247953, 0.09261824362718632, -0.029386345857785524], "aligned_model": [[-0.8670711604547908, -0.46591430899021197, -0.05589953859778511, 0.18048292915783903, 0.5291943095716399, -0.42522853845190484, 0.5589012406459887, 0.09964718200691002, -0.3509210694560243, -0.009475138034576405, -0.6696255704811485, 0.5113535379938212, -0.09238361568482527, 0.14813824902054218, -0.10007239704405275], [-0.11305384385045791, -0.553288598391575, -0.6685500221962469, -0.27499681781777074, -0.4680687754930535, 0.267912537156228, 0.24493691082619248, 0.5625112013643474, 0.5298759152630892, -0.3022418984502214, 0.2442196406255853, 0.24343736453354328, 0.25700780676371626, 0.7420317358137463, 0.05149773421996978], [0.006827064266029935, -0.3712337538621623, 0.016501419784992442, -0.6590296497311259, -0.03465086483549689, -0.609557502589107, -0.343147874779516, -0.44889805444179615, -0.02496317309123297, 0.5293103483877065, 0.39259026583824314, 0.515518521590733, 0.605506187878339, 0.2739604027034779, 0.003868035305608003]], "inverted": false, "swapped": false, "error_lsq": 0.04780174514440561, "error_max": 0.2834116148177417, "target": "959.xyz", "model": "1.xyz", "model_rescale": 4.316132596720782, "target_rescale": 4.0448948528736635},
{"mapping": [5, 0, 1, 6, 3, 7, 4, 13, 2, 8, 9, 14], "R": [[-0.6564015778426199, -0.3632351742392236, 0.6612088753193803], [0.6726953354197827, 0.11492694594914477, 0.7309396574268416], [-0.34149371049872235, 0.9245820706082306, 0.16890837871346548]], "T": [0.026135797805214828, 0.13752605265436468, -0.05002432873997715], "aligned_model": [[-0.15061139651114955, 0.45495307413328556, 0.1832916741008959, -0.5749464545873522, -0.3524962174460293, -0.5622802051241866, -0.17507217848856488, -0.3760340036727623, 0.3942531422726252, 0.14191172415927697, 0.5136641738616895, 0.10117522193405235], [-0.632788284406729, -0.3572022575855314, -0.6090758317790586, 0.5257862783395515, -0.25948932304391864, -0.07389126232863052, 0.4578231246132127, 0.6021941770979732, 0.006496749994473555, -0.17616732728209838, 0.4482915347119372, 0.08079884940979884], [0.2575579203854412, -0.001005770072758018, -0.5076724094597438, -0.14720218715567107, -0.35956853445708936, 0.47319403569586055, -0.5972994008070119, 0.5264188347370163, -0.6813172914996014, 0.5259169861222154, -0.0813263891284362, 0.041562666849199174]], "inverted": false, "swapped": true, "error_lsq": 0.05140788753732614, "error_max": 0.24486085761275084, "target": "959.xyz", "model": "2.xyz", "model_rescale": 3.795458400668931, "target_rescale": 4.0448948528736635},
{"mapping": [5, 3, 2, 11, 8, 12, 4, 7, 6, 13, 0, 14], "R": [[0.34837234606208006, 0.935551800458956, -0.058133786709693325], [-0.6345615082638416, 0.28103002233275426, 0.7199679289923755], [0.6899046316188353, -0.2139274531369395, 0.691568249752128]], "T": [-0.07118160350575814, 0.034237706152921266, 0.11551206518997525], "aligned_model": [[0.03192337120981706, -0.18812213948614012, -0.7985953946644404, 0.14477152279636799, 0.188650160144388, 0.2979205410064827, -0.25608026491242264, 0.6078535916000045, 0.3383296531624037, 0.7364025281680995, -0.4434683236638757, -0.0662814196171198], [-0.02294066549629753, -0.5025018926923963, -0.06962466987262475, 0.03583800011808094, 0.4289447031011772, 0.6191734897988144, -0.40998690870124666, -0.14578414009921759, -0.44791401859902225, 0.1223087818732711, 0.33738826600343574, 0.14086809985573515], [-0.7243275543577538, -0.19276790639931562, 0.22177422007863185, 0.6113221151480883, -0.35375314880189807, 0.3401467115945117, 0.5749267418202693, -0.2982408431268071, 0.4638217810141013, 0.339107887387489, -0.3323110165960025, 0.03907244287778634]], "inverted": false, "swapped": true, "error_lsq": 0.048565392948110055, "error_max": 0.29760464062100767, "target": "959.xyz", "model": "3.xyz", "model_rescale": 3.7530521520055578, "target_rescale": 4.0448948528736635},
{"mapping": [2, 6, 3, 7, 1, 12, 0, 9, 10, 8, 14], "R": [[0.2320386463191062, -0.47184341498035964, 0.8506008807625756], [-0.13492732647705022, -0.8816275592178071, -0.45224712646672294], [0.9633030069423394, -0.009830491713274409, -0.26823623589761875]], "T": [-0.10420035864034435, -0.030346506768648612, -0.1513176124250956], "aligned_model": [[-0.45817913052829196, -0.07174718910444468, 0.2881608540052667, 0.5854932811091688, 0.17449062184059053, -0.33815391694950336, 0.022653021199364326, -0.6242095692837388, -0.4371877481078592, 0.26961334348790156, -0.07273396522324878], [-0.6729651071450335, 0.1564037342883837, -0.45798725203296753, 0.36610304426396256, -0.8247299579428485, 0.6158387769770068, -0.2945484725056493, 0.05209340899752235, 0.23787556036881932, 0.2799201284949755, 0.009199494550174867], [-0.037518553614855135, -0.8481393632401151, -0.39621983497146, -0.329751261819081, 0.13650243374860474, 0.0865001750999154, 0.43617597719781, 0.08958278694734653, 0.6816230436422624, 0.3042193575868444, -0.030143983331955712]], "inverted": true, "swapped": true, "error_lsq": 0.047017628230975085, "error_max": 0.2868472827030236, "target": "959.xyz", "model": "4.xyz", "model_rescale": 3.7855080009869324, "target_rescale": 4.0448948528736635},
{"mapping": [1, 0, 4, 5, 7, 2, 10, 9, 14, 6, 11, 8, 13, 15, 16], "R": [[-0.19280277637130028, -0.953328155188164, 0.23236290140435606], [-0.9653726898724688, 0.14187953353303445, -0.21891954598172195], [0.1757346268437529, -0.2665250954225149, -0.9476717334805902]], "T": [-0.09422697324566451, 0.08786904744177826, -0.00388028696975703], "aligned_model": [[-0.7504369192910499, -0.3984319595654129, -0.18466699939354717, 0.2310228742151567, 0.4270237282202731, -0.5222342147249937, 0.5863865080831745, 0.07080801644158427, -0.3600130503758865, -0.02176204777882866, -0.5777806282866805, 0.43894806365932626, -0.16046862065114859, 0.3230734449876176, -0.11034208433816331], [-0.281865002337238, -0.42899108067669367, -0.6452425991501822, -0.41266475780936995, -0.4445734402376119, 0.31763639579757874, 0.17740650675506942, 0.5663907704549316, 0.701951210295373, -0.29511200814710337, -0.07498043849087921, 0.2765868236167753, 0.3863938027942709, 0.7863655734917847, 0.13392913401038792], [-0.07996693582808406, -0.5026676340226589, 0.03311564749530279, -0.5504895543141937, 0.07468290677234499, -0.5604792938404944, -0.24824191752464464, -0.5045742374350042, -0.10367135371246884, 0.5197144166933668, 0.6061132670357615, 0.4149512483049231, 0.6529017571408752, 0.12757719940609272, -0.02636414374642606]], "inverted": true, "swapped": false, "error_lsq": 0.04295072958299411, "error_max": 0.2808985013673315, "target": "959.xyz", "model": "5.xyz", "model_rescale": 4.2253639853439635, "target_rescale": 4.0448948528736635},
{"mapping": [5, 7, 12, 10, 8, 11, 9, 0, 6, 3, 13, 4, 2, 14], "R": [[-0.5650475922623525, -0.6875964119218376, -0.45599604470952715], [0.7774661640700056, -0.25874654883975245, -0.5732334491198058], [0.27616585995519005, -0.6784256759408008, 0.6807870592332658]], "T": [0.08151832019470795, 0.031236694115659935, 0.091063596605735], "aligned_model": [[0.4756513628990331, -0.21070890635028205, -0.4394890295702739, 0.12424549583724065, 0.0676746224644724, -0.3711507740330169, 0.007122119820786615, 0.5849343663708276, -0.3674737214657783, 0.43618810293064325, -0.7146879318565291, 0.047962768998036844, 0.6309810483977715, 0.10281262831485245], [-0.07041663952436933, 0.16880037435778983, -0.47449112045770453, -0.8869964815032074, -0.4306046401127933, 0.13991322500854422, -0.31462137491559033, -0.3760590788139539, 0.5966110763920403, 0.4891148259880369, 0.03885515734762579, 0.5442742690771123, 0.10847444572014373, -0.08775489192868355], [-0.6529500678965571, -0.6575134618224604, 0.13153219549400835, 0.26892882375345445, -0.38854763547242505, 0.3662835488331174, 0.5494153422544233, -0.0172212792086225, 0.07533567405239058, -0.15664185019391058, -0.18451089246508917, 0.513261820426238, 0.5843534731751112, 0.03983251800177042]], "inverted": false, "swapped": true, "error_lsq": 0.05175871179151193, "error_max": 0.302816973620445, "target": "959.xyz", "model": "6.xyz", "model_rescale": 3.89814844738969, "target_rescale": 4.0448948528736635},
{"mapping": [7, 13, 11, 5, 4, 12, 8, 3, 0, 10, 9, 2, 14], "R": [[0.9094280585851217, -0.3934009025413705, -0.13481964299660373], [0.13879283283616073, -0.018478457493245157, 0.9901490272489207], [-0.3920167800125527, -0.9191813077343912, 0.03779639798028956]], "T": [0.06205356961115073, 0.05089429904240046, 0.012039504736536807], "aligned_model": [[-0.08198476819202509, 0.09616075911063605, 0.3580072782014508, -0.41685879958292255, 0.7027392477253134, -0.27406662807879356, -0.5491173924307716, 0.2976911181272968, -0.43658600287661364, -0.6835690984771541, -0.03550914059977105, 0.2408240983301983, -0.06909887035262123], [-0.4032151196192267, 0.2594679285262492, 0.43510811946118766, -0.6460886554260917, 0.14094116540464874, 0.5797636589783332, -0.0795470619411061, -0.5204103924908745, -0.1027064979913072, 0.5754406059581436, 0.5789846647239122, 0.08917315510668022, 0.05686969477993724], [-0.6495689320194064, -0.8036059308067027, -0.22724497430619428, -0.05190025105687511, 0.16695332675821076, -0.3569691689611028, -0.2181150224963991, 0.13405147942949752, 0.4105474073230335, 0.22537450914917362, 0.22846733227719426, 0.7316127737807824, 0.01267248176508365]], "inverted": false, "swapped": true, "error_lsq": 0.04414913987308809, "error_max": 0.247821416855716, "target": "959.xyz", "model": "7.xyz", "model_rescale": 3.7474275329858107, "target_rescale": 4.0448948528736635},
{"mapping": [4, 2, 8, 3, 5, 1, 6, 0, 12, 9, 13, 7, 11, 10, 14], "R": [[0.8815557501779308, 0.42290728686911816, -0.20978294983441226], [0.4537541012045061, -0.8816878420245808, 0.12935905405548098], [-0.1302561897504948, -0.20922709179033072, -0.9691529028448731]], "T": [-0.11013866372998005, 0.10601312690786135, -0.006723208544342009], "aligned_model": [[-0.6661667520982183, -0.5440023165864095, -0.13181662998563914, 0.25891865771447875, 0.46291885709450953, -0.48232862454936853, 0.6557514595443351, 0.14082923061701969, -0.45258786388873345, 0.14620205918146023, -0.9262532902844038, 0.4660178123614337, -0.06098011083114703, 0.2906251294336468, -0.1660015065215428], [-0.4374902288053969, -0.35555054348930537, -0.57525352751603, -0.25275687052489365, -0.31950411922351385, 0.321607145125564, 0.2038186006761834, 0.403888814558364, 0.58311697060009, -0.2504423286474389, 0.13723786893173778, 0.17233042374783117, 0.30595978869861584, 0.7363140929414422, 0.08995480329384378], [0.08081371577628983, -0.5610794160043268, 0.01809870124562711, -0.5059379112674838, 0.05295605999296581, -0.6229988550077242, -0.2727767873016163, -0.5382290206863496, 0.18233521217287205, 0.6158274978808472, 0.3689012854680221, 0.35038092629839657, 0.5798641461655029, 0.12508132094724553, -0.020635503255575942]], "inverted": true, "swapped": false, "error_lsq": 0.05437091366717988, "error_max": 0.35484189609139094, "target": "959.xyz", "model": "8.xyz", "model_rescale": 4.019505241142653, "target_rescale": 4.0448948528736635},
{"mapping": [7, 6, 3, 5, 8, 0, 2, 13, 12, 11, 4, 9, 14], "R": [[-0.9496096081844524, -0.2368080817787453, 0.20533758654479756], [0.26505708337253464, -0.9563763684399657, 0.12283722743382261], [0.16729116712431763, 0.17107359321021617, 0.970951847986464]], "T": [0.06069323293458058, 0.019089715578765695, 0.014729726741939501], "aligned_model": [[-0.25424838500420716, -0.6612091080168986, -0.09780639743709522, 0.35181343640513557, 0.4010225710460699, 0.6851983254786751, 0.351001367389119, -0.4382055207381851, 0.14854173738941676, -0.2893748694218505, -0.35122901178328425, 0.30799558943641275, 0.1662010369978677], [-0.6633362779344465, 0.020160694111528262, 0.15519162583275992, -0.4411982095916225, -0.5505063179894141, 0.003259512554141565, 0.6943598464920571, -0.5597499160643291, -0.3774601330916712, 0.07793425560748564, 0.5406289706891708, 0.22224570989169973, -0.05815153239330062], [-0.3011732190001818, 0.03331133836341515, -0.5795388691003457, -0.6353584531469366, -0.04229921387848022, -0.18722564105686562, -0.08987094079403729, 0.3696782444697757, 0.617952609450117, 0.42271938734779274, 0.04475868311919674, 0.49723165184345186, 0.026517916426977078]], "inverted": false, "swapped": true, "error_lsq": 0.047987418299186686, "error_max": 0.2974105684198926, "target": "959.xyz", "model": "9.xyz", "model_rescale": 3.877068213659057, "target_rescale": 4.0448948528736635},
{"mapping": [2, 9, 10, 8, 11, 7, 0, 1, 4, 6, 13, 12, 3, 5, 15], "R": [[-0.5974028899685321, -0.3408849809765357, 0.7258837488206176], [-0.06316093351203184, 0.9223468650594366, 0.38116526204904694], [-0.7994501132247935, 0.18186173390698995, -0.5725432963586321]], "T": [-0.13788417971350286, -0.003194853609785983, 0.05646968356123065], "aligned_model": [[-0.7349558705164768, -0.3383040967807147, 0.024470526075663995, 0.007565597506406896, 0.4408135222388131, -0.42036542614741373, 0.5919667715440643, 0.1494142689582048, -0.514510295032825, -0.05284255311145725, -0.762472070938944, 0.5245653749034043, -0.16318254441927754, 0.29249864079323185, -0.05353573387125843], [-0.09213267643551602, -0.5255376762150334, -0.6646052019901281, -0.17207642656417305, -0.42244847876084346, 0.38436109623422826, 0.13413880950549317, 0.6543568312936606, 0.554355742750112, -0.1389194814464047, -0.10459193743818994, 0.044040701391031986, 0.45596602877408215, 0.6451988069278598, 0.011124752340913712], [-0.21912207549952595, -0.2937233152482946, 0.25493398771536824, -0.6822090777628166, -0.1278958333244099, -0.6040538213728911, -0.23027600438813267, -0.4313745469826013, -0.01688412685901869, 0.651995772215907, 0.5005947712215919, 0.3987044065879225, 0.49383980092169505, 0.12962520987189208, 0.028446225328006274]], "inverted": true, "swapped": false, "error_lsq": 0.0424575541392825, "error_max": 0.26381807427850784, "target": "959.xyz", "model": "10.xyz", "model_rescale": 4.260839863003843, "target_rescale": 4.0448948528736635},
{"mapping": [13, 8, 0, 9, 2, 4, 6, 7, 5, 1, 3, 14], "R": [[0.1669851706202471, 0.844724771823942, -0.5084840338298897], [0.867619367395574, -0.37087378837937257, -0.33119369923541214], [-0.46835092197307693, -0.3858661593870624, -0.7948299949843659]], "T": [-0.07309943334757256, 0.01908780612830668, -0.17192705124358906], "aligned_model": [[0.5220315382436935, 0.25817214726933685, -0.28429853345216366, -0.510439827460228, -0.7317365730510931, -0.3228493791068668, 0.25430086334412627, 0.7379492294542236, 0.38119134488949175, -0.3622686805349084, 0.07877820734495798, -0.06193168784643966], [0.02022169003213849, -0.5507337343577634, -0.44323175418347366, -0.18499025860803645, 0.17808171802297684, 0.6268104488462304, 0.5956805826810774, -0.023123242458933078, -0.3094441808720169, 0.011280513775793363, 0.3631210977759876, -0.11059437512104683], [-0.7683845742695535, -0.07664561665137079, 0.24364332882721504, -0.4918089739184377, 0.13159875732414225, -0.27624877792025154, -0.45800261627850913, -0.10046780127880242, 0.4644040032272827, 0.6694256106928429, 0.33341966468799555, -0.15475492704704885]], "inverted": false, "swapped": true, "error_lsq": 0.04681535386080606, "error_max": 0.220024428632491, "target": "959.xyz", "model": "11.xyz", "model_rescale": 3.890672605050136, "target_rescale": 4.0448948528736635},
{"mapping": [0, 1, 5, 10, 8, 11, 2, 12, 9, 6, 7, 3, 13, 14], "R": [[0.9067574578259123, -0.41911898260415725, -0.046153993304424074], [-0.09807335055479624, -0.3160957006300756, 0.9436445972685574], [-0.41008844239754516, -0.8511302993455454, -0.327726536838135]], "T": [-0.04773006969455436, -0.030728197161987294, 0.0751480204136178], "aligned_model": [[0.45111052148273095, 0.09831321055279153, 0.4921949841513195, 0.6426251007413265, 0.5787525908376782, -0.3694836738957882, -0.2492779257664231, 0.25081680769321035, -0.0030690601917087446, -0.6058618555821144, 0.15415869412352212, -0.2355677055601864, -0.0771558838498186, 0.08232003005715348], [-0.07963063190823856, 0.23616300320686143, 0.594308435263597, -0.6631985030934022, 0.11780000555879486, -0.2722287120355541, -0.31213994166287273, -0.4171466641389678, -0.6079496873187997, 0.21428529784444664, 0.6180428189345459, 0.4758297773664967, 0.0765869244444678, -0.04856960263361006], [-0.34889182794245877, -0.7609109228078265, -0.11731167124477897, 0.07294208721536609, 0.2453680220388214, 0.4365591973841445, -0.5816592222785599, 0.6140334616898101, 0.06742359068467645, 0.4623775518331487, 0.5257312271335604, -0.2487610220676248, 0.9103493865224334, 0.07754057719614875]], "inverted": true, "swapped": true, "error_lsq": 0.04497432102351586, "error_max": 0.2934514517427805, "target": "959.xyz", "model": "12.xyz", "model_rescale": 4.124412569039231, "target_rescale": 4.0448948528736635},
{"mapping": [12, 4, 2, 13, 9, 10, 6, 8, 3, 7, 0, 1, 14], "R": [[-0.7265096977548421, -0.6851901580068384, 0.05194330022950289], [0.5274831346640575, -0.604542514267694, -0.5969002354563744], [0.4403920999667774, -0.40625459482135007, 0.8006322517069825]], "T": [0.07472034656148227, 0.1666596994674091, 0.030910733000497535], "aligned_model": [[-0.1491089628766843, -0.04169039814270864, 0.661682578175325, -0.6941282780586043, 0.29253647829887997, 0.5478613829758077, -0.5511520085029631, 0.11189953856428661, 0.11372410565237107, -0.45766303900059435, 0.6441655004412797, 0.7618711904241562, 0.12730021955920595], [-0.489935608105173, 0.6828664807197324, 0.5247531766032587, -0.17797258971353402, -0.10811773435329952, -0.6244894391981965, 0.5030347713282992, -0.33008280924053945, 0.6839630575157635, 0.06587484151781142, -0.023389754708673244, 0.5818029637663835, 0.0591780203766443], [0.2491537872963014, 0.4341029527197768, 0.3110076136949354, 0.03755253154039217, 0.4916627442833181, 0.19472286754264803, 0.15984877763186442, -0.411108030887244, -0.3264084091340676, -0.5782677906249553, -0.23490235586881777, -0.3525392597838228, -0.023127347442489656]], "inverted": false, "swapped": true, "error_lsq": 0.051414366536362395, "error_max": 0.28083736678752613, "target": "959.xyz", "model": "13.xyz", "model_rescale": 3.9028299243045295, "target_rescale": 4.0448948528736635},
{"mapping": [5, 8, 2, 12, 1, 13, 11, 14, 10, 3, 4, 6, 7, 9, 15], "R": [[0.5130342152826554, -0.7981464665509624, 0.31584507575949905], [0.20705296940829554, -0.24202422020712433, -0.9479205371191941], [0.8330215854397278, 0.5517123297202511, 0.04109189002875699]], "T": [-0.10715547762258666, -0.06414238276525608, 0.025451245274327704], "aligned_model": [[-0.5464606437938597, -0.4726658322144613, 0.08277499395561803, -0.012376410067957908, 0.5099457741258479, -0.42234998802784185, 0.4713678001661539, 0.08219847297615075, -0.4552742610173692, -0.1531568623973269, -0.6833352290093327, 0.403917074894319, -0.1144191071216681, 0.36012384345941195, -0.05916351472626248], [-0.07754376739470101, -0.6544304406425674, -0.7712587301934536, -0.18819934738537586, -0.25042316116701524, 0.2722800925055965, 0.1862428220256746, 0.6792380612979326, 0.5944836792188821, -0.2089347824742564, 0.056686512968057684, -0.0435997381636489, 0.620710936851975, 0.521825093856864, 0.02615365906312947], [-0.23710009736249163, -0.3128819469654791, 0.10331430918572307, -0.6526837610803092, -0.05630615458254141, -0.6227182468635376, -0.35987297485243985, -0.41566240171476765, 0.04488382544210684, 0.6301069149107469, 0.36127939467589903, 0.45299201299813646, 0.6183687151914565, 0.2232835199261499, 0.07559826351604043]], "inverted": true, "swapped": false, "error_lsq": 0.04810093447474912, "error_max": 0.3167245412951856, "target": "959.xyz", "model": "14.xyz", "model_rescale": 3.942246331269136, "target_rescale": 4.0448948528736635},
{"mapping": [4, 13, 3, 12, 1, 11, 0, 8, 6, 5, 10, 2, 9, 7, 14], "R": [[-0.740490762548245, -0.11113661857401819, -0.6628137616198475], [-0.26378000720718137, 0.9551541576390811, 0.13453862992671284], [0.61813715175396, 0.27446163148373004, -0.736598448589726]], "T": [-0.14326499246791635, 0.03189269453440411, 0.001641913524534265], "aligned_model": [[-0.6258548440250721, -0.4301208660233877, -0.11720925736994231, 0.14405777558958893, 0.43694124958134906, -0.6553825510032844, 0.546246246454169, 0.060136719699161484, -0.2939749607034523, 0.18570640499467145, -0.7552421025629162, 0.4942237431619033, -0.21428918497661126, 0.2631452019428996, -0.04725746355765528], [-0.299243817752917, -0.2813395308970984, -0.6745759740648806, -0.5156530180235298, -0.533683301942171, 0.32851333914466463, 0.2428609128938025, 0.5592297112187602, 0.5703468546538374, -0.2236918748331254, 0.10671886871455757, 0.21226146974521723, 0.48430372367070224, 0.7634083839026496, 0.023775143936624027], [-0.03181884448893497, -0.6915601690338435, 0.13114500019317285, -0.5328817789138327, 0.012864421141680925, -0.40315781978481163, -0.1425251600763738, -0.5269262851118723, -0.010316859946866631, 0.48042569117561634, 0.3606482873126546, 0.3807502562361283, 0.663791542329599, 0.17684196551112016, -0.014678874118743877]], "inverted": false, "swapped": false, "error_lsq": 0.055352459117537396, "error_max": 0.33338329914834297, "target": "959.xyz", "model": "15.xyz", "model_rescale": 4.355366556412066, "target_rescale": 4.0448948528736635},
{"mapping": [5, 0, 1, 6, 3, 7, 4, 13, 2, 8, 9, 14], "R": [[-0.6564015778426199, -0.3632351742392236, 0.6612088753193803], [0.6726953354197827, 0.11492694594914477, 0.7309396574268416], [-0.34149371049872235, 0.9245820706082306, 0.16890837871346548]], "T": [0.026135797805214828, 0.13752605265436468, -0.05002432873997715], "aligned_model": [[-0.15061139651114955, 0.45495307413328556, 0.1832916741008959, -0.5749464545873522, -0.3524962174460293, -0.5622802051241866, -0.17507217848856488, -0.3760340036727623, 0.3942531422726252, 0.14191172415927697, 0.5136641738616895, 0.10117522193405235], [-0.632788284406729, -0.3572022575855314, -0.6090758317790586, 0.5257862783395515, -0.25948932304391864, -0.07389126232863052, 0.4578231246132127, 0.6021941770979732, 0.006496749994473555, -0.17616732728209838, 0.4482915347119372, 0.08079884940979884], [0.2575579203854412, -0.001005770072758018, -0.5076724094597438, -0.14720218715567107, -0.35956853445708936, 0.47319403569586055, -0.5972994008070119, 0.5264188347370163, -0.6813172914996014, 0.5259169861222154, -0.0813263891284362, 0.041562666849199174]], "inverted": false, "swapped": true, "error_lsq": 0.05140788753732614, "error_max": 0.24486085761275084, "target": "959.xyz", "model": "16.xyz", "model_rescale": 3.795458400668931, "target_rescale": 4.0448948528736635},
{"mapping": [7, 13, 11, 5, 4, 12, 8, 3, 0, 10, 9, 2, 14], "R": [[0.9094280585851217, -0.3934009025413705, -0.13481964299660373], [0.13879283283616073, -0.018478457493245157, 0.9901490272489207], [-0.3920167800125527, -0.9191813077343912, 0.03779639798028956]], "T": [0.06205356961115073, 0.05089429904240046, 0.012039504736536807], "aligned_model": [[-0.08198476819202509, 0.09616075911063605, 0.3580072782014508, -0.41685879958292255, 0.7027392477253134, -0.27406662807879356, -0.5491173924307716, 0.2976911181272968, -0.43658600287661364, -0.6835690984771541, -0.03550914059977105, 0.2408240983301983, -0.06909887035262123], [-0.4032151196192267, 0.2594679285262492, 0.43510811946118766, -0.6460886554260917, 0.14094116540464874, 0.5797636589783332, -0.0795470619411061, -0.5204103924908745, -0.1027064979913072, 0.5754406059581436, 0.5789846647239122, 0.08917315510668022, 0.05686969477993724], [-0.6495689320194064, -0.8036059308067027, -0.22724497430619428, -0.05190025105687511, 0.16695332675821076, -0.3569691689611028, -0.2181150224963991, 0.13405147942949752, 0.4105474073230335, 0.22537450914917362, 0.22846733227719426, 0.7316127737807824, 0.01267248176508365]], "inverted": false, "swapped": true, "error_lsq": 0.04414913987308809, "error_max": 0.247821416855716, "target": "959.xyz", "model": "17.xyz", "model_rescale": 3.7474275329858107, "target_rescale": 4.0448948528736635},
{"mapping": [0, 8, 5, 12, 2, 4, 1, 7, 9, 3, 11, 13, 6, 14], "R": [[-0.6672563056412669, -0.23074395375470344, -0.7081851808585206], [0.23586706207816951, 0.8364097448632358, -0.49475798904558355], [0.7064954009819039, -0.49716794597345493, -0.5036747778953744]], "T": [-0.013702598014836458, -0.10806396322767065, 0.03544577730444866], "aligned_model": [[0.4953812384587449, 0.2434708704157443, 0.7094450636944716, -0.4548239862965442, 0.20246912132779107, -0.2850207586860182, 0.7841995469786747, 0.10974441436137929, -0.2929048010716451, 0.3927998723792112, -0.5484670847733211, -0.5572429818748212, -0.4212239528481183, 0.037021085817327465], [-0.36229571086222684, 0.1853501729245564, 0.3005075547203868, -0.017211387782650356, -0.7679138287095169, -0.31758941368880883, -0.4305875067950152, 0.6956395362137241, -0.5434252783179283, 0.04329652633951375, -0.09323753340397703, 0.5094804191507479, 0.2635656936918568, -0.1051710019694289], [-0.29203405789167236, -0.5042633589399936, -0.13589412652303173, -0.5355224519112294, 0.29827234571628447, 0.6055952400198771, 0.2610224603632374, -0.023796526685083155, -0.22483402678032377, 0.49222446613375903, 0.11464830264626504, -0.14661608778634455, 0.5016079342942832, -0.08561539399437297]], "inverted": false, "swapped": true, "error_lsq": 0.03944515624798383, "error_max": 0.2185961929501421, "target": "959.xyz", "model": "18.xyz", "model_rescale": 3.922800546911778, "target_rescale": 4.0448948528736635},
{"mapping": [5, 0, 3, 2, 9, 1, 10, 6, 8, 7, 12, 11, 13, 4, 14], "R": [[-0.9720263984848508, 0.22938688834140708, 0.05046123369099107], [0.20967244194948648, 0.9442910581040086, -0.253676693197761], [-0.10584019905267181, -0.23600011237679228, -0.9659719453600255]], "T": [-0.1275031370215125, 0.11234818040626825, -0.025158108420705108], "aligned_model": [[-0.8692753599102684, -0.49778240993741, -0.25125576032170394, 0.26245928188149664, 0.47868995941011794, -0.29761478943191827, 0.6281917789062105, 0.020836687645168134, -0.49903999229185936, 0.08726258865923422, -0.6229137596157279, 0.4451028945293376, -0.08801272605871685, 0.2893001406617347, -0.09482242292427318], [-0.031009187654107442, -0.5285311548385743, -0.5033740976618017, -0.2879099955895339, -0.4309995390059732, 0.17614761577572952, 0.2583360360011732, 0.6514912880536365, 0.5977715474974813, -0.3360411003739847, -0.1430822368284645, 0.1816370376347155, 0.41840134110033367, 0.6918145186703863, 0.0485788175860771], [-0.13358483279800462, -0.41324260100174237, 0.09617040472477303, -0.47332288523790833, -0.03196777530914706, -0.7427754728264062, -0.26643261458142437, -0.4289993864091102, 0.0015846266538804693, 0.6001688100890012, 0.5297632027024264, 0.39265165650152295, 0.5885076940250131, 0.09467898777008849, 0.03940155812173027]], "inverted": true, "swapped": false, "error_lsq": 0.047777194555347874, "error_max": 0.28179782843963436, "target": "959.xyz", "model": "19.xyz", "model_rescale": 3.9282355846067225, "target_rescale": 4.0448948528736635},
{"mapping": [12, 8, 5, 13, 11, 7, 6, 3, 4, 2, 0, 9, 1, 14], "R": [[-0.2690776864823352, -0.23010383401457843, -0.9352269372773145], [0.8219090830001576, -0.5610492619126031, -0.09843365780648344], [-0.5020584208228704, -0.7951578153292057, 0.34009026860780756]], "T": [-0.08023102872049154, -0.06509789786752529, 0.07517999026941641], "aligned_model": [[-0.6819583422424418, -0.0027728811075674598, 0.5836987723981373, -0.510953926857641, -0.5244415106126954, 0.17301936299839854, -0.18380011848273572, 0.495454975321636, -0.1409666918255689, 0.0806945168164612, 0.19333543493812005, -0.5230304502447888, 0.6563425232155302, -0.08209884523016787], [-0.45074849361957425, -0.7121334643871569, -0.5660671673346793, -0.18079219702405624, 0.19032068609062758, -0.3442785400060697, 0.41681073239299143, 0.1739127606926047, 0.5955358249369047, 0.24795314549761865, -0.4830040493413915, -0.10552987691000648, -0.0655604591518902, -0.19353681441108678], [-0.05915111780316609, -0.06215613364300773, -0.09052335548363127, -0.6396880744650173, -0.0977486484397681, -0.6477380815826328, -0.4525765150272472, -0.0157076142306804, 0.12476962685181195, 0.7288709534352911, 0.5012774146287794, 0.44603420509211167, 0.5741923124676755, 0.10232818544316388]], "inverted": false, "swapped": true, "error_lsq": 0.04404809730239718, "error_max": 0.26925505271476746, "target": "959.xyz", "model": "20.xyz", "model_rescale": 4.067790424073018, "target_rescale": 4.0448948528736635},
{"mapping": [6, 2, 4, 0, 8, 3, 7, 12, 11, 5, 13, 1, 10, 9, 14], "R": [[-0.3483730025765618, -0.7492355899071305, 0.5632781567683104], [-0.8587806090921711, 0.014276057657941377, -0.5121445690671989], [0.37567554687931254, -0.6621496998370244, -0.6484023893252308]], "T": [-0.10204868107007709, 0.0026888688944797026, -0.015889850413266245], "aligned_model": [[-0.7704712301564467, -0.29069911987888125, -0.18777268880912434, 0.25748239233797615, 0.3200154819211542, -0.5669306809536074, 0.6391680672951456, -0.09284863788151383, -0.5790177451821978, -0.0677244835524166, -0.3452137074044481, 0.469281903464077, -0.06945824047363763, 0.3718864691933617, -0.09657166871801987], [-0.31265431644296215, -0.44448483201515065, -0.7940746838771856, -0.1097909587055367, -0.3683269738057099, 0.21477447202298106, 0.05402867698193357, 0.6893090777475605, 0.4390839607587708, -0.3479696188256144, 0.22208546304472354, 0.15957948522908993, 0.6772241432872295, 0.6097234752840854, 0.07472351968287863], [-0.05231613253877785, -0.5799542303301, 0.0011902610649393228, -0.618005890025302, 0.08094497549680099, -0.6960732372882539, -0.08390391702610464, -0.35571615148127916, -0.006293514867207979, 0.45774143583428634, 0.6028664905807276, 0.5518000287996951, 0.44803562672212055, 0.08872544225027501, 0.013560185232873105]], "inverted": true, "swapped": false, "error_lsq": 0.05049012780802961, "error_max": 0.3699519008684381, "target": "959.xyz", "model": "21.xyz", "model_rescale": 4.186013935880536, "target_rescale": 4.0448948528736635},
{"mapping": [4, 2, 3, 13, 12, 6, 11, 9, 5, 0, 10, 8, 14], "R": [[0.3965318175303968, 0.5820840003660218, -0.7098878321283788], [-0.8020877117277004, -0.1564798512048835, -0.5763413561964117], [-0.4465622245347916, 0.7979299923456862, 0.40483318408172986]], "T": [0.0393536229370974, -0.031013690555419058, -0.07957914099787973], "aligned_model": [[0.014572879012185309, -0.4613808348837994, 0.3816698036959732, 0.49481556590662007, -0.12068145484232476, 0.5056224040485392, 0.02522759502729876, -0.4858815008091993, 0.4353903259811556, -0.25869644385819524, -0.6286533057877246, 0.15142000652216583, 0.005148995410530266], [-0.40266679095777147, 0.15156502472447217, 0.27114474103181047, -0.5487988492048608, -0.35286113826315485, -0.535714820208177, -0.5710410067313112, -0.23759165076431252, 0.6970406867491657, 0.5415243184254475, 0.1459369259451819, 0.31781099883096897, 0.04260821996863441], [-0.6308002910161594, -0.5964349020769808, -0.5135387490474166, 0.40456617169546877, 0.5525996175209524, -0.30174936097520905, -0.05434280887020854, 0.04962044267964956, 0.1002050131627573, 0.04046069605468497, 0.5521399721129197, 0.47654895723934193, 0.023604802855545073]], "inverted": false, "swapped": true, "error_lsq": 0.04282743664506993, "error_max": 0.3568464989174063, "target": "959.xyz", "model": "22.xyz", "model_rescale": 4.166573947596378, "target_rescale": 4.0448948528736635},
{"mapping": [13, 14, 12, 9, 11, 10, 3, 8, 7, 6, 5, 2, 1, 4, 15], "R": [[0.5191754958255912, -0.7093121185586377, -0.47679463398837507], [-0.8521546921983798, -0.47235990135405126, -0.22518548833589525], [-0.06549187047669461, 0.5232135721277191, -0.8496813360565335]], "T": [-0.006762691672854204, 0.054083143048842354, -0.04118577294985911], "aligned_model": [[-0.8315401081514406, -0.4141453859626622, 0.015864883892801517, 0.19154417837906462, 0.5753971776988054, -0.6204836497720949, 0.58118860270349, 0.15204100030561774, -0.5688114696587894, -0.08465158659935734, -0.6989695225774368, 0.42258557929995544, -0.07752424318002454, 0.3805434560969383, -0.031912801273445854], [-0.13514691973037365, -0.5077283950665519, -0.5934428401519667, -0.06362961689163732, -0.46412213571373456, 0.08977137406505101, 0.15133388268604708, 0.6934288994139584, 0.4896153079616804, -0.2549750939363307, 0.20921494941148086, 0.06868040650242158, 0.3446901098676666, 0.6580624206061526, 0.07747854134322948], [-0.06852321070884657, -0.421165903027522, 0.05668888737171265, -0.595502701898904, -0.1622085104092958, -0.4689873260802355, -0.1204462365951236, -0.5103313062901119, -0.11736025779267992, 0.6498453104071839, 0.39222604865292643, 0.476748799463894, 0.6058377618089642, 0.117106657525091, 0.01867335999763936]], "inverted": false, "swapped": false, "error_lsq": 0.04226877261533666, "error_max": 0.26547885378668273, "target": "959.xyz", "model": "23.xyz", "model_rescale": 4.274766983524099, "target_rescale": 4.0448948528736635},
{"mapping": [12, 9, 10, 8, 0, 5, 7, 3, 6, 2, 14], "R": [[0.9452394364196367, -0.1299870664967696, 0.29937563424676417], [-0.26109491056539325, -0.8515491015443389, 0.4546356511932149], [0.19583629774364403, -0.5079050011592657, -0.8388567543290507]], "T": [0.120442363653045, 0.11353588280399121, 0.09891254661860574], "aligned_model": [[0.14377819405255587, 0.2107242702229445, -0.35413129490549133, -0.41243475740941266, -0.4751697137204243, -0.5807917133905653, -0.041583102795291815, 0.05061622615536686, 0.7101961123351868, 0.11998575454325493, 0.008704728869951522], [-0.004364319796195643, 0.5321698946869977, 0.5043584073739588, -0.17232987284042509, 0.3890201182505414, -0.26098147065014565, -0.6837431607620439, -0.013296393499898612, -0.2728760924944097, 0.7857105705712282, 0.11191885040387613], [-0.6183056696061787, -0.2907458457254375, -0.6072399951632179, -0.18008340944945003, 0.11885912104504717, 0.3942735286594553, 0.15165726553503386, 0.7119695676344607, 0.2550077560839953, 0.4141756794398068, 0.0299984355680622]], "inverted": false, "swapped": true, "error_lsq": 0.0448372741929078, "error_max": 0.2605627787875605, "target": "959.xyz", "model": "24.xyz", "model_rescale": 3.7841303162186577, "target_rescale": 4.0448948528736635},
{"mapping": [12, 13, 3, 11, 6, 14, 7, 10, 9, 4, 2, 1, 8, 0, 15], "R": [[-0.8242964577355952, 0.10616248816967444, 0.5561158834902792], [0.4524237198148139, -0.46700279154495666, 0.7597507291461749], [0.3403646978073326, 0.8778598514540015, 0.3369183190206221]], "T": [-0.05367482713503283, 0.10383452686834496, 6.152136973247742e-05], "aligned_model": [[-0.7579270710011697, -0.3630533980927284, -0.10831683553486263, 0.25805526032002646, 0.4320439099810628, -0.6180297068695481, 0.5226185573809361, 0.023808070873514636, -0.5510809601579312, 0.007416788411994689, -0.569297975150907, 0.3101657302476529, -0.07352579320912744, 0.4956015872339027, -0.017352053231394438], [-0.1623150509664197, -0.3657833507573396, -0.6999162006411259, -0.2600169223800053, -0.42400504911134995, 0.2621875733521627, 0.2427484727876096, 0.6254699408360869, 0.4078236508809143, -0.34020968473602164, 0.13406608348794183, 0.2662218310758472, 0.47428260714169423, 0.5577818802179878, 0.044895109179110326], [-0.0913993208307598, -0.5437619298693274, 0.0010136658861751042, -0.5998251717797507, 0.08660135431936367, -0.5344727101811534, -0.26713580401457676, -0.5719070098346496, -0.048088866369111596, 0.5965486507437583, 0.5496175695957326, 0.6279841328744308, 0.46031356384926153, 0.18324768448379802, 0.0038655635515016697]], "inverted": true, "swapped": false, "error_lsq": 0.045847223308266356, "error_max": 0.35777837261294193, "target": "959.xyz", "model": "25.xyz", "model_rescale": 4.19342608120988, "target_rescale": 4.0448948528736635},
{"mapping": [5, 0, 1, 6, 3, 7, 4, 13, 2, 8, 9, 14], "R": [[-0.6564015778426199, -0.3632351742392236, 0.6612088753193803], [0.6726953354197827, 0.11492694594914477, 0.7309396574268416], [-0.34149371049872235, 0.9245820706082306, 0.16890837871346548]], "T": [0.026135797805214828, 0.13752605265436468, -0.05002432873997715], "aligned_model": [[-0.15061139651114955, 0.45495307413328556, 0.1832916741008959, -0.5749464545873522, -0.3524962174460293, -0.5622802051241866, -0.17507217848856488, -0.3760340036727623, 0.3942531422726252, 0.14191172415927697, 0.5136641738616895, 0.10117522193405235], [-0.632788284406729, -0.3572022575855314, -0.6090758317790586, 0.5257862783395515, -0.25948932304391864, -0.07389126232863052, 0.4578231246132127, 0.6021941770979732, 0.006496749994473555, -0.17616732728209838, 0.4482915347119372, 0.08079884940979884], [0.2575579203854412, -0.001005770072758018, -0.5076724094597438, -0.14720218715567107, -0.35956853445708936, 0.47319403569586055, -0.5972994008070119, 0.5264188347370163, -0.6813172914996014, 0.5259169861222154, -0.0813263891284362, 0.041562666849199174]], "inverted": false, "swapped": true, "error_lsq": 0.05140788753732614, "error_max": 0.24486085761275084, "target": "959.xyz", "model": "26.xyz", "model_rescale": 3.795458400668931, "target_rescale": 4.0448948528736635},
