[{"mapping": [6, 8, 3, 5, 7, 4, 2, 9, 0, 11, 1, 10, 12, 13], "R": [[0.3225506307672892, 0.6269486056071196, 0.7091519840759889], [0.20467984118610572, -0.777666686936493, 0.5944246686008652], [0.9241575911086019, -0.0465829363233608, -0.37916062142558965]], "T": [-0.143126405044032, -0.02487619430135077, 0.12735760121811385], "aligned_model": [[-0.34409143453598673, 0.2948663462051723, -0.5831451058077519, -0.4562006629930637, 0.5311864021174424, 0.204890543429177, -0.329123241488517, 0.3806610483274894, -0.32538348687361174, 0.28642429302998224, -0.534883671326926, 0.7381620872189747, 0.03601437922843473, 0.014258463533948634], [-0.3953788795047904, -0.5467207670604024, -0.015453805242018368, -0.6909333512188408, -0.009008864008350579, -0.046827920029312936, 0.43653279276609114, 0.4868365075688895, 0.722334600816171, -0.5286507771612067, 0.1300245089777121, -0.049750610697064185, 0.23994346759752241, -0.04251426949547328], [-0.5105194256185575, -0.25529070121869973, -0.15459109510863728, 0.3027247394460333, -0.21388270765944756, -0.7624775250407003, -0.4589573046948639, 0.10411999808308786, 0.1895735024285988, 0.3481724745663227, 0.5217890019219333, 0.6153543035178258, 0.6099536373141614, 0.0891638359999864]], "inverted": false, "swapped": false, "error_lsq": 0.05629813947188801, "error_max": 0.3960165581894661, "target": "96.xyz", "model": "0.xyz", "model_rescale": 3.8414455957264533, "target_rescale": 4.067609623906497},
{"mapping": [1, 3, 0, 11, 5, 4, 7, 2, 9, 10, 13, 6, 8, 14], "R": [[-0.6065487082318911, 0.7150866159806322, 0.3474907138149058], [-0.18298725704275465, 0.2997731453574313, -0.9362968146279691], [-0.7737017049885527, -0.6314959960030474, -0.05097527567287935]], "T": [-0.016863847106761164, 0.006817590829842759, 0.06354161276570444], "aligned_model": [[-0.2212958195577487, 0.2846590888418665, -0.5911728374721835, -0.617251979826066, 0.6094580851885227, 0.046261256092130616, -0.2439612839156013, 0.49287561505311217, -0.14057728123108298, 0.39274689956307507, -0.66724545516316, 0.6496949738204633, -0.06730015531727643, -0.013255146011286984], [-0.7246664074259779, -0.5019194842633173, 0.03871841842722071, -0.5788293718301079, -0.161974171144751, 0.04584636701785534, 0.5333736507320133, 0.42282272075084815, 0.6248490566533453, -0.42033049562762176, 0.1497938682962365, 0.28735746389961137, 0.05678289267801319, -0.08139187485444127], [-0.3507488893028551, -0.449924442161622, -0.37767136334812035, 0.2145950051373249, -0.052875581831604374, -0.4752618865024296, -0.22649368182838206, -0.2706890564057547, 0.32477287709419433, 0.4072636645149279, 0.42604478326653694, 0.35853973419319607, 0.8504736587047973, 0.04710791240683505]], "inverted": true, "swapped": false, "error_lsq": 0.04684752416561382, "error_max": 0.2896371913936179, "target": "96.xyz", "model": "1.xyz", "model_rescale": 4.316132596720782, "target_rescale": 4.067609623906497},
{"mapping": [8, 2, 10, 4, 12, 7, 9, 5, 3, 6, 0, 13], "R": [[0.848476774167525, 0.37792738739433324, 0.37048354019519447], [-0.5251094404339144, 0.6883938343199683, 0.5003738646626473], [-0.06593359739504605, -0.6191000070485749, 0.7825394188199098]], "T": [-0.0993003729649986, 0.0750928501052487, -0.013835398643433701], "aligned_model": [[-0.2897723740079221, 0.5181802088284634, 0.29382623887651216, -0.5265647254767527, -0.44226470524484784, -0.6053683648440846, -0.13802381740708142, -0.04540801336460795, 0.49446788023021826, 0.022548410785379447, 0.411454521018642, -0.09526670476213812], [-0.610966477839473, -0.03559751692828532, -0.6245813651606004, 0.5119834118983493, -0.3560820934583187, 0.009578151248323327, 0.3439320141031013, 0.4206104160212415, 0.0034275724472174612, -0.25111270206795094, 0.5646775086929244, 0.03690750878445133], [0.1806632867946032, 0.011036244752621875, -0.4403929273555273, -0.02512167715850712, -0.42305338742590193, 0.4574994201330243, -0.6022966599554728, 0.5870114299053665, -0.5989401075537076, 0.5553078306667444, -0.23128396918484123, -0.02117102240898162]], "inverted": true, "swapped": true, "error_lsq": 0.056212560859121206, "error_max": 0.33318218179292053, "target": "96.xyz", "model": "2.xyz", "model_rescale": 3.795458400668931, "target_rescale": 4.067609623906497},
{"mapping": [9, 12, 10, 6, 0, 2, 8, 4, 7, 5, 3, 13], "R": [[0.6884115617757169, -0.04396419345673158, -0.7239866513322035], [-0.624424692488457, -0.5437695730108985, -0.5607213700923491], [-0.36903024947043894, 0.8380822162301528, -0.40178958898226996]], "T": [0.14369333766272738, -0.02872847139632251, 0.031606424388341076], "aligned_model": [[0.013907213601080687, -0.3180631079463203, -0.7509388891573754, 0.19405226982595933, 0.2328547030148269, -0.11001423204107866, -0.20288123449865023, 0.5943817692469966, 0.5213388270102104, 0.7394193960164239, -0.4301573128576728, 0.10940442352916452], [-0.013212012478962924, -0.5181084961060576, 0.08720629252294781, 0.014209718671467388, 0.5997805898758055, 0.518908525578755, -0.4208414291643202, -0.28948351985864257, -0.49866483836932657, 0.17171402137806024, 0.47211880089701885, -0.03785860765703544], [-0.6031970560819538, -0.1036115621000489, 0.1422236698644592, 0.6955352561352145, -0.3490170001542513, 0.20446305142456092, 0.5521063932259712, -0.28845968180133985, 0.3767110388657413, 0.32865348571991104, -0.3146472566706644, 0.04801109221150054]], "inverted": false, "swapped": true, "error_lsq": 0.05279991724580352, "error_max": 0.28552571197498183, "target": "96.xyz", "model": "3.xyz", "model_rescale": 3.7530521520055578, "target_rescale": 4.067609623906497},
{"mapping": [7, 12, 8, 10, 6, 9, 5, 4, 1, 2, 13], "R": [[0.9793575619902977, -0.20174379722244518, 0.012577998834850002], [0.18750987182815093, 0.8834959103928681, -0.4292726689250874], [0.07549048774124445, 0.42276993341691915, 0.9030873543900628]], "T": [-0.07876032613393956, 0.01676168996612809, 0.03376959352214196], "aligned_model": [[-0.3876050079878869, -0.0890066605394238, 0.23402861138053832, 0.6424277873738446, 0.26471339265809507, -0.32335831118073194, -0.21917427365669434, -0.6866122649919422, -0.5091885583224603, 0.4634864822071504, -0.05151159449528418], [-0.5935319301359077, 0.1414145209489232, -0.4233158696099399, 0.32357100264214766, -0.5482851258777408, 0.6099441441352285, -0.40124914616433416, 0.013031559774551827, 0.16414967085310192, 0.16806061491337193, 0.013413916834943711], [-0.08751585208105905, -0.6410284591392469, -0.46950125344251165, -0.42644732960996984, 0.1228151113406259, -0.05770203645377744, 0.5712214986965033, 0.09746948794293767, 0.6659069575609434, 0.3116729203193236, 0.005939732111547476]], "inverted": true, "swapped": true, "error_lsq": 0.03973279698521838, "error_max": 0.18710719190833128, "target": "96.xyz", "model": "4.xyz", "model_rescale": 3.7855080009869324, "target_rescale": 4.067609623906497},
{"mapping": [7, 5, 6, 8, 3, 0, 1, 2, 12, 10, 13, 9, 14, 16], "R": [[-0.41335873991578614, 0.22215861889981012, 0.8830515841012702], [-0.03182758142735373, 0.9656630924322618, -0.25784064259663614], [-0.9100118445359483, -0.13468607932035895, -0.3920945075381589]], "T": [-0.09557803356770246, -0.020398240929641338, 0.058503901328691085], "aligned_model": [[-0.25990175364328416, 0.33894344740981364, -0.688346334565212, -0.41755284370580975, 0.587712715295978, 0.2427351458647634, -0.15755753876245765, 0.46682338227446485, -0.32386496095926753, 0.21212598721562564, -0.6658173358702026, 0.515033297254467, 0.12735106250412276, -0.06404831024823687], [-0.6491147664058007, -0.43934445234870406, -0.18661093068056747, -0.5053992564845712, -0.05460045242593915, 0.16942703837906697, 0.5375227776667334, 0.45851129288599257, 0.6006061061876804, -0.6589454850063022, 0.09884060080676861, -0.06460643592127732, 0.3780984098960903, 0.006048186759756168], [-0.31443405261219753, -0.48073482050610405, -0.15846649104144517, 0.4539986680587158, -0.06133168038773233, -0.6182415746651868, -0.4494199285253203, 0.04684227803219741, 0.21757603167734763, 0.22744154293102625, 0.48917416453050033, 0.42197805091322926, 0.5577036969397702, 0.09304684859224366]], "inverted": true, "swapped": false, "error_lsq": 0.04396788101258058, "error_max": 0.274873934348669, "target": "96.xyz", "model": "5.xyz", "model_rescale": 4.2253639853439635, "target_rescale": 4.067609623906497},
{"mapping": [11, 12, 5, 8, 7, 6, 2, 3, 4, 9, 10, 0, 1, 13], "R": [[0.9386847649611484, -0.29579364476872205, -0.17713563092802334], [-0.33830839973869287, -0.889267176467858, -0.3078170162988532], [-0.06647058519434496, 0.34886961543149425, -0.9348110251449769]], "T": [-0.03700691920866333, -0.03795146232826961, 0.07745733743947902], "aligned_model": [[-0.17493633844354906, 0.516863051808807, -0.5812856464306841, -0.5035157001868539, 0.6553090056169663, 0.05228543472798406, -0.3734892694289335, 0.33882010563703446, 0.008973539536229307, 0.15780706021614788, -0.7415227786341904, 0.6828464281685354, -0.11491213717623597, -0.009606795346492874], [-0.5734705471217685, -0.6535896560500075, -0.07014914582747722, -0.5300492658087154, 0.00017645639922066192, 0.0733291505073465, 0.47820316037772537, 0.4783907789809718, 0.6127301619964894, -0.4676614654449291, 0.1975456451794006, 0.014130856222389715, 0.12183857998692439, 0.009007923911355804], [-0.47003565241943135, -0.3533110853878844, -0.24420279798539257, 0.37084135997420103, -0.30807623836586484, -0.5497280170279952, -0.18812813935981448, -0.2310134228178301, 0.3520671212896327, 0.46474696307839647, 0.3155980323292247, 0.42697305910422667, 0.7895694784317528, 0.049832073093823086]], "inverted": false, "swapped": false, "error_lsq": 0.05164973068579198, "error_max": 0.3023180905773891, "target": "96.xyz", "model": "6.xyz", "model_rescale": 3.89814844738969, "target_rescale": 4.067609623906497},
{"mapping": [0, 1, 5, 3, 6, 4, 9, 2, 12, 11, 7, 8, 13], "R": [[0.41493918248837874, -0.4614065640546991, 0.784174379512053], [-0.8790820038909637, -0.42554596855666604, 0.21476838473159193], [0.23460670338019757, -0.7784694029262849, -0.5821899032417774]], "T": [-0.03836217416474345, 0.041198136053511594, 0.008739881554279034], "aligned_model": [[-0.058902018225915516, -0.011662404856587795, 0.46132015627947576, -0.26027444669106276, 0.5616431385204054, -0.31078884550652225, -0.6080802149515893, 0.2882801808731657, -0.49404067084343356, -0.6667555724498228, 0.14504682913490272, 0.14024974244439833, -0.03740407282319154], [-0.35251192661517067, 0.2472864107304722, 0.38613466613871295, -0.7561172716943667, 0.12892039218174356, 0.509721295278424, -0.14057695864219727, -0.48793484849662044, 0.005509700154789118, 0.6227153440428554, 0.6724048301141132, 0.10450287618723703, 0.023726756090493007], [-0.6176929415341331, -0.7418625913622199, -0.32984547697673755, -0.1140903052212759, 0.28709151953950224, -0.273793882809284, -0.2411397419924269, -0.0777256112598485, 0.5206765677998818, 0.19141815698910533, 0.2334457925659781, 0.7220960453323696, 0.043697499765384104]], "inverted": true, "swapped": true, "error_lsq": 0.042594235086600575, "error_max": 0.2736805808297272, "target": "96.xyz", "model": "7.xyz", "model_rescale": 3.7474275329858107, "target_rescale": 4.067609623906497},
{"mapping": [0, 10, 3, 1, 11, 7, 5, 9, 8, 12, 2, 13, 4, 14], "R": [[0.09617153292375646, 0.6002809839220226, 0.7939860052902086], [0.30639033915683556, -0.7768053734656104, 0.5501803084683353], [0.9470353722678229, 0.190357957796783, -0.2586268578028664]], "T": [0.003386221789040921, -0.08615185488970727, 0.008152081244455687], "aligned_model": [[-0.4081427239498106, 0.2954014436095215, -0.6505936471000272, -0.4093554749948978, 0.603885194154369, 0.2537488808891185, -0.2039951793845367, 0.387820821374832, -0.23122051346993533, 0.41659620209271525, -0.6018361032915335, 0.49670153868380207, -0.029597566189616818, -0.005776912359235994], [-0.5273829886924165, -0.5265477782716752, 0.09416473953523095, -0.5968651488686721, -0.015731422415765903, 0.1012670420826834, 0.41884824532011683, 0.5330838509321473, 0.5300707879051677, -0.49511011035814484, 0.023958768948341883, -0.10174282916627166, 0.3396207352477551, -0.08720125888957021], [-0.25674837366116804, -0.5359452451429669, -0.22407796385617643, 0.37369009997701236, -0.13649197313813824, -0.5968853786784881, -0.4555173238894595, -0.21342774492440048, 0.18262170649352005, 0.2146787774873498, 0.5827572357565824, 0.7594900533520134, 0.6637858334748765, 0.06720303068648707]], "inverted": false, "swapped": false, "error_lsq": 0.05587902778055513, "error_max": 0.4194831239399178, "target": "96.xyz", "model": "8.xyz", "model_rescale": 4.019505241142653, "target_rescale": 4.067609623906497},
{"mapping": [9, 12, 4, 1, 0, 5, 7, 3, 2, 10, 8, 6, 13], "R": [[-0.025765266344168147, -0.04280610399129217, 0.998751114398027], [-0.2602615144375786, -0.9643420452035656, -0.0480454363624936], [0.9651943302531736, -0.26117438104395124, 0.013705748189603517]], "T": [0.023784118386599336, -0.025179392585366195, -0.03878021016333387], "aligned_model": [[-0.33551767166719015, -0.6300503366773492, 0.08417332955145221, 0.5135371534434213, 0.25413041580968243, 0.6953836732777734, 0.20575101399137696, -0.287563613559353, 0.19536345875099498, -0.5296252050441549, -0.21387458850855934, 0.3672845205892542, 0.0007086217838274782], [-0.48931516974104083, 0.18337803910543166, -0.01483723519262591, -0.4262408693103039, -0.7284518029752892, 0.09830275354753631, 0.5878971874152745, -0.6811275787393354, -0.3222122037349767, -0.12253663636973423, 0.5800062850696556, 0.40930848688154264, -0.01079302784207627], [-0.3136271882106099, -0.03895506480111025, -0.6468934832870586, -0.49252130762822294, -0.024777334352383412, -0.16920215468706457, -0.3100340682383091, 0.37695857538199823, 0.4870384505476666, 0.6755751310846072, 0.3105840093505374, 0.33325333687597536, -0.010695407992146622]], "inverted": true, "swapped": true, "error_lsq": 0.05077129075839227, "error_max": 0.3748355391105649, "target": "96.xyz", "model": "9.xyz", "model_rescale": 3.877068213659057, "target_rescale": 4.067609623906497},
{"mapping": [7, 1, 4, 2, 0, 5, 3, 12, 6, 8, 14, 11, 10, 15], "R": [[-0.3521022117089237, -0.43507442020623377, 0.8286943232530881], [-0.9215476973160628, 0.0063645961526530015, -0.3882130001523336], [0.16362724125629713, -0.9003720013405698, -0.40318281848415904]], "T": [-0.12036304554002306, 0.01905151082708797, 0.09180310757132508], "aligned_model": [[-0.2363581648246332, 0.24669591086811435, -0.497263885993641, -0.6130597667803366, 0.6497809323787103, 0.23201587257845527, -0.29267237381504285, 0.41961037008421487, -0.192173289771212, 0.23096036943524215, -0.5365164802879555, 0.5119528492149447, 0.02331546085842026, -0.0326518438805168], [-0.7229705148178439, -0.4279379365202252, -0.19855313489687862, -0.39725869214726706, -0.07323643099592009, 0.14962033399352895, 0.3937297503010025, 0.5202758218498726, 0.6249067300724115, -0.6372555858040089, 0.10583882278811088, 0.03146810661821797, 0.3083775538389089, 0.013427809029016965], [-0.2279389997225834, -0.5550158521725488, -0.4265448975079597, 0.24765917491552908, -0.08743758173602133, -0.5935991996359902, -0.3905733584615489, -0.0322860384985815, 0.1817326203105018, 0.2946720031908243, 0.746635779227729, 0.47216834474855224, 0.7233549321226538, 0.07230580715648756]], "inverted": true, "swapped": false, "error_lsq": 0.042606558729189906, "error_max": 0.2861226535699819, "target": "96.xyz", "model": "10.xyz", "model_rescale": 4.260839863003843, "target_rescale": 4.067609623906497},
{"mapping": [3, 0, 4, 9, 11, 12, 10, 2, 5, 7, 8, 13], "R": [[-0.8465215852331168, 0.03905702386385873, -0.5309197252139999], [-0.3628435218349758, 0.6874384812429011, 0.6291048506956889], [0.3895456127295013, 0.725191618397063, -0.5677599248008316]], "T": [0.039458598614391424, -0.03685745482964376, 0.04690660944845831], "aligned_model": [[0.3641260386741046, 0.3150420512912115, -0.4393805496626999, -0.27658213903829304, -0.8256148689280917, -0.3376333557928646, 0.373575349811609, 0.6276290527412098, 0.24750755426263532, -0.22170634666426942, 0.08380540646018529, 0.04813045593939339], [-0.023554975544270752, -0.5907275534234603, -0.3843048278154815, -0.23943329717032463, 0.06549512528997692, 0.4856075162970236, 0.6137340111999315, -0.045036066344623725, -0.43938843785490256, 0.07816280551550242, 0.6520968933461778, 0.0004273120373852399], [-0.7241045891233998, -0.35945438151591985, 0.20036332346387498, -0.48143223784311634, 0.1339911867782902, -0.18937233456328245, -0.4926678586703926, -0.17250590636859972, 0.5741524021441948, 0.6802443634388624, 0.3079851226239019, 0.03897898703109122]], "inverted": false, "swapped": true, "error_lsq": 0.04285078361834827, "error_max": 0.264505439106292, "target": "96.xyz", "model": "11.xyz", "model_rescale": 3.890672605050136, "target_rescale": 4.067609623906497},
{"mapping": [7, 3, 12, 5, 0, 4, 10, 2, 11, 8, 9, 1, 6, 13], "R": [[-0.5933852486415222, 0.14754009172247035, 0.79128115611909], [0.04692768329354038, -0.9750440191838766, 0.21699528380693722], [0.8035494628430411, 0.16589479192632028, 0.5716530230624017]], "T": [0.01840881468220371, 0.007667622720460926, 0.15432445110529794], "aligned_model": [[-0.31545453668770435, 0.4721573988637453, -0.573621846661004, -0.6059223920976676, 0.578210786789042, 0.2527274891418377, -0.3920003185647592, 0.18808747087812333, -0.06637084432276, 0.18728462700406218, -0.6406697222595406, 0.7202971338419303, 0.1394590037553659, -0.03054828961590637], [-0.5974971935007508, -0.6088779038625058, -0.029369066774641003, -0.450678211639543, -0.15441304982070578, 0.1160598832220688, 0.5836905280901973, 0.5926815380755242, 0.5420173842955052, -0.6643665357292629, 0.1360271947568261, 0.265394730479403, 0.012499332519155137, -0.05273599680234352], [-0.3449500005707329, -0.3624414456079176, -0.29651934269233216, 0.2257514922079559, 0.059213214329019465, -0.4971376893817552, -0.39276097209609406, -0.2124615984374482, 0.2545487277000811, 0.3519151789432628, 0.5479736838376533, 0.3693309992464706, 0.7176909838771072, 0.004979502581773099]], "inverted": true, "swapped": false, "error_lsq": 0.04507395993887124, "error_max": 0.2547099586924222, "target": "96.xyz", "model": "12.xyz", "model_rescale": 4.124412569039231, "target_rescale": 4.067609623906497},
{"mapping": [2, 1, 9, 6, 3, 10, 5, 8, 4, 7, 12, 11, 13], "R": [[-0.07852281128397218, 0.3927780756500412, -0.9162748230725936], [-0.8640655753411193, 0.4315991388289183, 0.2590615078944703], [0.49721710511453876, 0.8120637700641415, 0.3054956361893424]], "T": [0.06670158002096047, 0.12224683018987037, 0.03864961455199759], "aligned_model": [[-0.09988766422912834, -0.1760374873333547, 0.5991846622593667, -0.4603247269040487, 0.483025723734959, 0.4755360004239555, -0.5717430987111047, 0.030782855302584566, 0.12340175545576815, -0.2434202800749832, 0.6091967815707717, 0.5193079242047447, 0.07827586181022697], [-0.26811474336702396, 0.760496991237423, 0.3817247011672707, -0.2270006695619622, -0.21793503003561648, -0.6769522811381673, 0.39640588472824756, -0.39297262378339526, 0.7095431639170076, 0.30092609158892014, -0.09173500183300448, 0.5863300791780427, 0.08676881441073528], [0.5012715881779821, 0.4132211085174739, 0.3016964904437324, -0.17454198839184878, 0.6797382825594829, 0.18070264300636846, 0.061647248567153985, -0.4886505682096614, -0.12079842240746022, -0.5567088094233443, -0.32316036233634177, -0.5497262123860285, 0.027007082850330218]], "inverted": true, "swapped": true, "error_lsq": 0.04676284979933997, "error_max": 0.27608466408520377, "target": "96.xyz", "model": "13.xyz", "model_rescale": 3.9028299243045295, "target_rescale": 4.067609623906497},
{"mapping": [1, 11, 6, 2, 14, 9, 7, 10, 4, 12, 0, 13, 5, 15], "R": [[0.5313198252028323, 0.5211228892890597, 0.6679297699649674], [-0.20441443129094533, -0.6862663447284542, 0.6980352744475355], [0.8221398808149568, -0.5074144640745561, -0.2581018752769914]], "T": [-0.11489797654304273, -0.05556137567462642, 0.11956607984770905], "aligned_model": [[-0.21563164325120623, 0.3004546786262367, -0.46000340985074517, -0.6458263860851221, 0.6891129100898441, 0.0840812576907907, -0.11892974630368575, 0.3215366646370301, -0.2518994930400733, 0.3118747484850629, -0.7244935112869677, 0.615864259277225, 0.10500246329151092, -0.09750683221513515], [-0.6076443601852343, -0.505086921757191, -0.16111120619624827, -0.5214114838989942, -0.010769115627525847, 0.052589400943069256, 0.6260960548609357, 0.5397529669886022, 0.5663418658852962, -0.5379432385554206, 0.17300618155879816, -0.002704413505559708, 0.09205436440896637, -0.012737461610567408], [-0.2079333283169389, -0.2942764549417054, -0.4409423816652255, 0.3275287451610949, -0.24732736571738256, -0.6217544515854685, -0.477053437152383, 0.017202807887285884, 0.351579477084772, 0.3830296797939363, 0.6327586022458261, 0.4291529788671204, 0.5576930289107582, 0.015474833365354199]], "inverted": false, "swapped": false, "error_lsq": 0.04682846442978101, "error_max": 0.27644812469818675, "target": "96.xyz", "model": "14.xyz", "model_rescale": 3.942246331269136, "target_rescale": 4.067609623906497},
{"mapping": [13, 11, 12, 3, 6, 8, 0, 7, 2, 4, 1, 9, 5, 14], "R": [[-0.41607386591919654, -0.8888951934850097, -0.19169734765588664], [0.5728165208733565, -0.4199347990374122, 0.7039431780846747], [-0.7062320946499091, 0.1830849517482407, 0.6838977474226293]], "T": [0.06283038991782572, -0.12400060013615269, 0.07709700331035782], "aligned_model": [[-0.273169598939078, 0.4175005001773011, -0.7019001313527459, -0.44496525572684587, 0.5509524433707709, 0.1674142467386469, -0.19582024657575073, 0.4685539874404252, -0.0030984347847349825, 0.055120758651691526, -0.6756351831263949, 0.6852236282062771, -0.13602294432663722, -0.0005178096881605504], [-0.7033196494423738, -0.5337888723413874, -0.28148210655243733, -0.38898956000530216, -0.008217785630740132, 0.14109844205572072, 0.5141937677497108, 0.6027078980115548, 0.6026439553025745, -0.6921957287432469, 0.11013115830490153, 0.20822747744520395, 0.17066499952287248, -0.05124136236812435], [-0.3837970117347641, -0.3923640808149721, -0.16469435951479774, 0.5112310424185854, -0.1701287844556161, -0.6423650464248764, -0.18082794683694478, -0.11851135352099623, 0.3013490908459703, 0.22117626738230062, 0.3147782034469889, 0.4649287548879881, 0.6028432291898798, 0.06151472906829829]], "inverted": true, "swapped": false, "error_lsq": 0.04711172046240798, "error_max": 0.3108597211657855, "target": "96.xyz", "model": "15.xyz", "model_rescale": 4.355366556412066, "target_rescale": 4.067609623906497},
{"mapping": [8, 2, 10, 4, 12, 7, 9, 5, 3, 6, 0, 13], "R": [[0.848476774167525, 0.37792738739433324, 0.37048354019519447], [-0.5251094404339144, 0.6883938343199683, 0.5003738646626473], [-0.06593359739504605, -0.6191000070485749, 0.7825394188199098]], "T": [-0.0993003729649986, 0.0750928501052487, -0.013835398643433701], "aligned_model": [[-0.2897723740079221, 0.5181802088284634, 0.29382623887651216, -0.5265647254767527, -0.44226470524484784, -0.6053683648440846, -0.13802381740708142, -0.04540801336460795, 0.49446788023021826, 0.022548410785379447, 0.411454521018642, -0.09526670476213812], [-0.610966477839473, -0.03559751692828532, -0.6245813651606004, 0.5119834118983493, -0.3560820934583187, 0.009578151248323327, 0.3439320141031013, 0.4206104160212415, 0.0034275724472174612, -0.25111270206795094, 0.5646775086929244, 0.03690750878445133], [0.1806632867946032, 0.011036244752621875, -0.4403929273555273, -0.02512167715850712, -0.42305338742590193, 0.4574994201330243, -0.6022966599554728, 0.5870114299053665, -0.5989401075537076, 0.5553078306667444, -0.23128396918484123, -0.02117102240898162]], "inverted": true, "swapped": true, "error_lsq": 0.056212560859121206, "error_max": 0.33318218179292053, "target": "96.xyz", "model": "16.xyz", "model_rescale": 3.795458400668931, "target_rescale": 4.067609623906497},
{"mapping": [0, 1, 5, 3, 6, 4, 9, 2, 12, 11, 7, 8, 13], "R": [[0.41493918248837874, -0.4614065640546991, 0.784174379512053], [-0.8790820038909637, -0.42554596855666604, 0.21476838473159193], [0.23460670338019757, -0.7784694029262849, -0.5821899032417774]], "T": [-0.03836217416474345, 0.041198136053511594, 0.008739881554279034], "aligned_model": [[-0.058902018225915516, -0.011662404856587795, 0.46132015627947576, -0.26027444669106276, 0.5616431385204054, -0.31078884550652225, -0.6080802149515893, 0.2882801808731657, -0.49404067084343356, -0.6667555724498228, 0.14504682913490272, 0.14024974244439833, -0.03740407282319154], [-0.35251192661517067, 0.2472864107304722, 0.38613466613871295, -0.7561172716943667, 0.12892039218174356, 0.509721295278424, -0.14057695864219727, -0.48793484849662044, 0.005509700154789118, 0.6227153440428554, 0.6724048301141132, 0.10450287618723703, 0.023726756090493007], [-0.6176929415341331, -0.7418625913622199, -0.32984547697673755, -0.1140903052212759, 0.28709151953950224, -0.273793882809284, -0.2411397419924269, -0.0777256112598485, 0.5206765677998818, 0.19141815698910533, 0.2334457925659781, 0.7220960453323696, 0.043697499765384104]], "inverted": true, "swapped": true, "error_lsq": 0.042594235086600575, "error_max": 0.2736805808297272, "target": "96.xyz", "model": "17.xyz", "model_rescale": 3.7474275329858107, "target_rescale": 4.067609623906497},
{"mapping": [7, 7, 1, 2, 12, 11, 3, 10, 8, 9, 0, 5, 4, 13], "R": [[-0.5529986813322738, 0.08404819446570955, 0.8289320596115347], [-0.67681919729828, -0.6255379014505617, -0.3880954882723317], [0.48590969594491373, -0.775653424446693, 0.4028070661381696]], "T": [-0.023337193700900028, -0.008682494732453538, 0.048846382703910465], "aligned_model": [[0.08316257033498865, 0.08316257033498865, -0.5900674971715244, -0.5122900133268887, 0.6621612257190395, 0.08649419105169125, -0.26543082492660663, 0.41131482277955866, -0.10440570524712005, 0.2822843738374674, -0.729955213866906, 0.5834433998601886, 0.02916658065450618, -0.10540451996861887], [-0.6018027942160908, -0.6018027942160908, -0.04174918329981843, -0.5031382417320912, -0.2743391033073026, 0.07241463570315405, 0.5263433029270504, 0.48890103590367384, 0.6412326762614724, -0.47147074320616567, 0.12948183852829823, 0.2149917671914162, 0.16053792549797263, -0.0491676887265515], [-0.4031330334612923, -0.4031330334612923, -0.3464279195786432, 0.1912239731053088, -0.08810399738601064, -0.6604469164076013, -0.2913406994552998, -0.15097259805771235, 0.34531327489647284, 0.42320805326608196, 0.4739863377447832, 0.37289433054613785, 0.8599158156602267, 0.10214914652588478]], "inverted": false, "swapped": false, "error_lsq": 0.04680882808969088, "error_max": 0.3134558574645696, "target": "96.xyz", "model": "18.xyz", "model_rescale": 3.922800546911778, "target_rescale": 4.067609623906497},
{"mapping": [12, 13, 3, 5, 4, 11, 9, 10, 2, 8, 0, 6, 1, 14], "R": [[-0.21338846803596684, 0.9541833232705366, -0.20976069055392246], [-0.7747159906792906, -0.0344576304178254, 0.6313697850640257], [0.5952146633737014, 0.2972319923870642, 0.7465739395442007]], "T": [0.004142654752388637, -0.08703792909074182, 0.036812033233888174], "aligned_model": [[-0.4341068913453058, 0.2989262250591996, -0.6072974941608602, -0.43460591415374134, 0.7044376849819254, 0.30520821546973315, -0.23802884089191753, 0.45106424675219314, -0.1977881133243143, 0.2911818842272067, -0.7326722523477028, 0.5561496673193833, -0.00856418467213647, -0.04026827284889872], [-0.6696832668518645, -0.48400246076719694, -0.027588465342409073, -0.5561276172109619, -0.03125877772176855, 0.11611008393100594, 0.5804771130916541, 0.5736953062513992, 0.5910468738569709, -0.5620142767965158, 0.05456575395591973, 0.046651167896310686, 0.1311146277895531, -0.07255342877317036], [-0.2582740394583103, -0.4399851501557031, -0.1413899564914937, 0.4491083804985865, -0.13737951650528432, -0.5758330726178371, -0.361333444038701, -0.08274268052501563, 0.14885634457141497, 0.29448741794147976, 0.40490825068196595, 0.42819835815692375, 0.7440821528446878, -0.047570310965669445]], "inverted": true, "swapped": false, "error_lsq": 0.040741155875310346, "error_max": 0.24361126660725607, "target": "96.xyz", "model": "19.xyz", "model_rescale": 3.9282355846067225, "target_rescale": 4.067609623906497},
{"mapping": [9, 8, 11, 12, 6, 4, 0, 3, 1, 7, 10, 5, 2, 13], "R": [[-0.07206488703003176, -0.44349244155271383, 0.8933762400819496], [0.5202828744611779, 0.7474701747557461, 0.41303034802908656], [-0.850947931779473, 0.49457334353584703, 0.17687516859076102]], "T": [0.06933213707494436, -0.10618894067728724, 0.011806663914271136], "aligned_model": [[-0.3372813375852673, 0.20236978815412943, -0.49675127435499977, -0.4226253730471792, 0.7163754041470342, 0.1093661781153471, -0.27696999794466476, 0.42187026253948445, -0.0019323227137704319, 0.1999573297355225, -0.6970275957840938, 0.5592683086483303, -0.05658023617895218, -0.006403173666156198], [-0.6146661973633271, -0.542098548177442, 0.014906585272727008, -0.7221090025146636, -0.19183195001911357, 0.10348578648989532, 0.5571267587884231, 0.5287074354417641, 0.5869445366819367, -0.48533546021218116, 0.039459280940144836, 0.2149167341354012, 0.17394449992749222, 0.026982173917869334], [-0.2217338826629199, -0.5972133493961124, -0.41038833395363394, 0.3302633029222346, -0.017250857394611203, -0.5830055999851502, -0.27153783015613464, -0.18562314849105152, 0.2874661561171432, 0.4885484725975307, 0.37747550916003175, 0.3919958873750283, 0.7762591085283083, 0.059877299276381454]], "inverted": true, "swapped": false, "error_lsq": 0.045486005235966, "error_max": 0.28083793417468694, "target": "96.xyz", "model": "20.xyz", "model_rescale": 4.067790424073018, "target_rescale": 4.067609623906497},
{"mapping": [7, 9, 5, 8, 12, 10, 13, 11, 6, 0, 4, 3, 2, 14], "R": [[0.8261845036356485, -0.5523200330150323, 0.11118339391559678], [-0.44339857218378975, -0.5156743915845803, 0.7331286572282177], [-0.34758721515282137, -0.654998093885888, -0.6709401052762906]], "T": [-0.058709325721866525, -0.015332981876793291, 0.02998557098751795], "aligned_model": [[-0.1176858985163691, 0.25875680612448326, -0.6227872856972195, -0.48410139353127907, 0.676488086103388, 0.17724874034396673, -0.21668673828938192, 0.3633799286019132, -0.15480900196483288, 0.15005750315664326, -0.6698205468422886, 0.6040385202217076, -0.028691565512760316, -0.021751194133206024], [-0.7426263719554964, -0.4346872168878253, 0.09352913868327553, -0.38955395882200855, -0.12481388321593824, 0.09436548956968653, 0.4029690097055917, 0.4433700634000769, 0.6106073042830995, -0.5394041285026843, 0.06993015179773769, 0.22411542018431693, -0.005808233027943329, -0.011560151902962319], [-0.12567446183410377, -0.5422094833232637, -0.10577603859006074, 0.0945467496017148, -0.15579000540804325, -0.7469165193523435, -0.5087073712661199, -0.1416664945907007, 0.41276555098051615, 0.4615222136439601, 0.5415965249290694, 0.5066141182844179, 0.7734438043606693, -0.038615853498667946]], "inverted": false, "swapped": false, "error_lsq": 0.04448055021746599, "error_max": 0.2544425278669963, "target": "96.xyz", "model": "21.xyz", "model_rescale": 4.186013935880536, "target_rescale": 4.067609623906497},
{"mapping": [8, 6, 10, 11, 4, 12, 7, 5, 3, 0, 1, 9, 13], "R": [[-0.05266677597672004, -0.1035311611044542, 0.993230843957527], [-0.6949283963196539, -0.7104746577003013, -0.11090664882789408], [0.7171476380054612, -0.6960654131947681, -0.03452833412119144]], "T": [-0.04204397079584262, -0.014492520434194085, -0.026683226043906712], "aligned_model": [[0.1588066336872141, -0.40959459461437175, 0.5238178512807247, 0.3802542184835288, -0.10917106365637441, 0.5966080565781509, -0.26672499523745224, -0.7216082148447938, 0.31602364044358816, -0.22544226551588903, -0.5089284592968656, 0.3442140199784131, -0.019680791862647845], [-0.38661552955934975, -0.19055413590929798, 0.38345636373725195, -0.6446059555290337, -0.31570333390526706, -0.23713271117901233, -0.6693421319961548, -0.14362157014359198, 0.7399538908723455, 0.6194918978766412, 0.14471333378202975, 0.23371647741817636, -0.014799935918643913], [-0.6316379549590654, -0.554972966931039, -0.6161583736538161, 0.4103901965708522, 0.5008786843003555, -0.14309053214011117, -0.08363867402650899, 0.042756048781563874, -0.07808720605761578, 0.3083934865399484, 0.5760287261929963, 0.4307637274508523, -0.05874560073306641]], "inverted": false, "swapped": true, "error_lsq": 0.048766240510122426, "error_max": 0.27304238868003244, "target": "96.xyz", "model": "22.xyz", "model_rescale": 4.166573947596378, "target_rescale": 4.067609623906497},
{"mapping": [8, 8, 7, 10, 3, 4, 1, 2, 6, 9, 13, 11, 12, 15], "R": [[0.6754087865765018, -0.6536160412313247, -0.34148066074134953], [0.16713809998600346, 0.586687374954758, -0.7923779272555262], [0.7182533164199981, 0.4781045855393845, 0.5054979512697232]], "T": [-0.017482891483304633, -0.002523954744996247, 0.10256342964835197], "aligned_model": [[0.061330048771528464, 0.061330048771528464, -0.6420510008404698, -0.5828242907127058, 0.5461430531369643, 0.23103930694724656, -0.20396988057183124, 0.3495013238786371, -0.10127653271394134, 0.2518863834385777, -0.78480068654152, 0.6613800769434823, 0.11819838905576464, -0.052250279498496754], [-0.6037298387186937, -0.6037298387186937, -0.20859626283803331, -0.4555141598786724, -0.07432424110348454, 0.024030882003223154, 0.5511273658604, 0.5167765018146564, 0.7380311834995058, -0.501827749168172, -0.02333885899779261, 0.0333163746044108, 0.2495738672555076, 0.048637407694764774], [-0.4326179842151895, -0.4326179842151895, -0.17821856454187412, 0.29264291164041617, -0.09389818351262397, -0.5883671536211361, -0.3058381851375569, -0.11757030398011317, 0.2563956267848477, 0.2989942848742365, 0.45977944278842636, 0.5025057608878707, 0.6919857175566881, 0.0719573486282415]], "inverted": false, "swapped": false, "error_lsq": 0.0403900355759864, "error_max": 0.31661739285188634, "target": "96.xyz", "model": "23.xyz", "model_rescale": 4.274766983524099, "target_rescale": 4.067609623906497},
{"mapping": [0, 6, 5, 4, 7, 11, 9, 12, 10, 8, 13], "R": [[0.9761917411501488, 0.12063774110402728, -0.18026707944480289], [0.1917566661532603, -0.8684190261496101, 0.45725023346866683], [-0.10138572629334106, -0.4809313157226101, -0.8708765722312726]], "T": [0.003713281173997593, 0.063702167302503, -0.07654356924553146], "aligned_model": [[0.22237794601684036, 0.11217802948552884, -0.30068536645148225, -0.5650419373240763, -0.5027019767834069, -0.6345596140698496, -0.0024342916732167236, 0.06565005922146464, 0.8041489171627716, 0.15209202833010455, 0.028870910043397122], [-0.3562327127480723, 0.7198466321142594, 0.43205347551087525, -0.15314264716262407, 0.5085984881545719, -0.2063433882464975, -0.5822261846532567, -0.09637172320981277, 0.01731267335073791, 0.5569138766507287, 0.07517804148257373], [-0.645479454340881, -0.1303119940903863, -0.5814816478471769, -0.13178302855400464, 0.09127880638450594, 0.45833491007206334, -0.023633940620074734, 0.5879381179496286, 0.3514688993076433, 0.452146018728895, -0.04891025296863527]], "inverted": true, "swapped": true, "error_lsq": 0.05356744075179399, "error_max": 0.29080076599857374, "target": "96.xyz", "model": "24.xyz", "model_rescale": 3.7841303162186577, "target_rescale": 4.067609623906497},
{"mapping": [12, 5, 9, 14, 3, 2, 8, 1, 0, 13, 10, 6, 7, 15], "R": [[0.5734011525856584, -0.7648326724211696, 0.293670055352143], [0.11343086672318337, -0.2808855525860274, -0.9530145564590657], [0.8113843458484187, 0.5797708940137769, -0.0743044666665458]], "T": [-0.014545519607362153, 0.04276481671496506, 0.09378200998247696], "aligned_model": [[-0.10059930613206831, 0.3940069467526911, -0.48223160148308414, -0.5696008556119221, 0.6393959371625103, -0.033948392738926206, -0.15971235541781986, 0.2281076144114238, -0.11210315118041272, 0.05378809764312738, -0.6381190742305896, 0.6510315116818048, -0.006946812924880405, 0.050567402132910236], [-0.6098520760216302, -0.4195286291187616, -0.14303985156426097, -0.5229740754605188, -0.4277089607982536, 0.013024186078110192, 0.47391622618488694, 0.7006145175391764, 0.7443668375966989, -0.7013950380190667, 0.07327724502526094, 0.12001575778145929, 0.35312845724710124, 0.03658803683872425], [-0.2828581944138773, -0.5296828227177965, -0.20435732420794148, 0.1277237566005146, 0.08967306567877942, -0.6595652215985413, -0.2837002220917526, -0.15398728084986268, 0.2926967207710897, 0.3252050525403199, 0.5579803716452048, 0.36408916817047143, 0.6651157394197051, 0.1167999249907311]], "inverted": false, "swapped": false, "error_lsq": 0.04569625996770046, "error_max": 0.3185258753492026, "target": "96.xyz", "model": "25.xyz", "model_rescale": 4.19342608120988, "target_rescale": 4.067609623906497},
{"mapping": [8, 2, 10, 4, 12, 7, 9, 5, 3, 6, 0, 13], "R": [[0.848476774167525, 0.37792738739433324, 0.37048354019519447], [-0.5251094404339144, 0.6883938343199683, 0.5003738646626473], [-0.06593359739504605, -0.6191000070485749, 0.7825394188199098]], "T": [-0.0993003729649986, 0.0750928501052487, -0.013835398643433701], "aligned_model": [[-0.2897723740079221, 0.5181802088284634, 0.29382623887651216, -0.5265647254767527, -0.44226470524484784, -0.6053683648440846, -0.13802381740708142, -0.04540801336460795, 0.49446788023021826, 0.022548410785379447, 0.411454521018642, -0.09526670476213812], [-0.610966477839473, -0.03559751692828532, -0.6245813651606004, 0.5119834118983493, -0.3560820934583187, 0.009578151248323327, 0.3439320141031013, 0.4206104160212415, 0.0034275724472174612, -0.25111270206795094, 0.5646775086929244, 0.03690750878445133], [0.1806632867946032, 0.011036244752621875, -0.4403929273555273, -0.02512167715850712, -0.42305338742590193, 0.4574994201330243, -0.6022966599554728, 0.5870114299053665, -0.5989401075537076, 0.5553078306667444, -0.23128396918484123, -0.02117102240898162]], "inverted": true, "swapped": true, "error_lsq": 0.056212560859121206, "error_max": 0.33318218179292053, "target": "96.xyz", "model": "26.xyz", "model_rescale": 3.795458400668931, "target_rescale": 4.067609623906497},
{"mapping": [4, 9, 11, 7, 8, 2, 0, 5, 3, 12, 6, 10, 13], "R": [[0.4418337941915228, -0.21312047672442758, 0.8714141155105739], [-0.5931942084443076, 0.6592930500405177, 0.4620100704924114], [-0.6729810765381554, -0.7210494688778463, 0.16487611728968318]], "T": [-0.14461942458521615, -0.1291030002421248, -0.07891254079718957], "aligned_model": [[0.1029002961042289, 0.3256542244357507, 0.5695152082195304, -0.19839572023402602, -0.14037241733445632, -0.5388936239118186, -0.31727108166400647, -0.6691837650124385, -0.047830295769923814, 0.4128889196846852, -0.6477497845659708, -0.012421528196418286, -0.13916404893387996], [-0.6000134561695679, -0.4046434027763883, -0.27674506613876276, -0.10226689766893526, 0.5402273879516457, 0.0326276362695202, -0.5762374568709485, -0.4644313601281, -0.012813863699153133, 0.2690381029614174, 0.21035682950629508, 0.5975539041260036, -0.09077085410611155], [-0.37979939720990535, 0.2717736991969679, -0.5632940279727799, -0.7709684873700471, -0.38998410434514874, 0.38211270997562463, 0.48509966074312016, -0.38825188515108344, 0.7439804487090675, -0.11970268085181913, -0.35605522731894634, 0.4507452027234181, -0.07351924902904201]], "inverted": false, "swapped": true, "error_lsq": 0.04363070438343624, "error_max": 0.259580692006249, "target": "96.xyz", "model": "27.xyz", "model_rescale": 3.6321398670334006, "target_rescale": 4.067609623906497},
