[{"mapping": [11, 5, 12, 1, 3, 0, 6, 8, 10, 9, 7, 2, 13], "R": [[0.500887600075233, -0.16698536129083086, 0.8492511414213375], [-0.3635969593031211, 0.8498338240305213, 0.38154910918410717], [-0.7854354609236829, -0.49989835031557356, 0.3649558549679265]], "T": [-0.1169540081820086, -0.09777204823078015, -0.059738445438519604], "aligned_model": [[-0.17238030554796088, -0.7882492299710003, 0.2680951332839362, -0.20233408443679876, -0.44195109119328535, 0.32300802536632556, -0.6173834807228897, -0.2698571048422663, 0.5181352004457951, 0.602061889224084, 0.288461422682487, 0.013430608111017872, -0.031899918174466246], [0.33823028950341216, -0.06511758897329292, -0.36060963771479815, -0.6505382861927808, -0.25776879295022376, -0.6351494755830291, 0.28462153561717884, 0.6671791207553356, 0.2656353098252291, 0.013479428811946081, 0.5343448381192529, -0.15496763416048567, 0.03905012184461881], [-0.6018562627936599, -0.407154150229577, -0.40291969228073204, -0.20187866554189113, 0.31706155922055, 0.2765223821773651, 0.3737264023081263, -0.10500966942439235, -0.7525773255808561, 0.026182564200274434, 0.026638940974615534, 0.6958982147322147, -0.08393261424521176]], "inverted": false, "swapped": false, "error_lsq": 0.04956908546605449, "error_max": 0.3027404803081659, "target": "960.xyz", "model": "0.xyz", "model_rescale": 3.8414455957264533, "target_rescale": 3.9067162838348723},
{"mapping": [13, 0, 9, 7, 4, 2, 1, 11, 8, 6, 10, 5, 14], "R": [[-0.9882409507235822, 0.1454942107915801, -0.04702401449350995], [-0.1366841222327403, -0.7027439868941089, 0.6981893293467311], [0.0685366620314697, 0.6964067227635787, 0.7143671342155071]], "T": [-0.035961755843969746, 0.004107053370718191, -0.05056711200138463], "aligned_model": [[-0.19972996869174778, -0.7198868988718228, 0.22132416181747785, -0.24644401816074557, -0.3458669871344328, 0.2003311300516204, -0.6525151701022978, -0.5037531362807456, 0.47407219915079535, 0.6965207953053582, 0.3628625431716357, 0.27048172542971755, -0.0682593114598346], [0.1855229903387939, -0.14777303916017429, -0.35849133151955465, -0.5467300625709333, -0.31673959607585944, -0.6070736744231326, 0.441352570625085, 0.6795816775766056, 0.3755330258049276, -0.19773906818060277, 0.4667911261663065, -0.02490763532570202, 0.06906224564660281], [-0.7682823974133437, -0.23683628748220642, -0.5680959013856215, -0.3059701094117859, 0.26061355900165234, 0.2888861508595624, 0.3703558455289712, -0.2767764366830709, -0.5261830382005301, 0.1304152884139707, 0.2580490374567857, 0.5321620923527532, 0.0023638804796886695]], "inverted": true, "swapped": false, "error_lsq": 0.042652189757700174, "error_max": 0.20853741912202314, "target": "960.xyz", "model": "1.xyz", "model_rescale": 4.316132596720782, "target_rescale": 3.9067162838348723},
{"mapping": [11, 10, 6, 3, 4, 5, 1, 2, 7, 9, 0, 12], "R": [[-0.28032133610264487, -0.9097480109741054, 0.30623276286884693], [0.07954867255010717, 0.29590954870407477, 0.9518978662027072], [-0.9566043890873301, 0.2911976914647679, -0.010580513430166388]], "T": [0.022151480862457502, -0.037113019821700066, 0.021804270416842235], "aligned_model": [[-0.1538902668029833, 0.4955209345165143, 0.16797625475643221, -0.563640911621305, -0.45497952058662877, -0.6389199440067609, -0.267012863799511, -0.017728267093053078, 0.5842661341191724, 0.09926600021816567, 0.3085668840537732, 0.038384120877965264], [-0.6090343165572869, -0.2866390312656805, -0.5898990164320677, 0.43542347126303627, -0.17816035965061155, -0.20001329473842294, 0.3766226345720512, 0.6043047278867961, -0.010428673190492621, -0.020942007757416465, 0.47795332092064474, 0.01358897269043069], [0.10244042199405615, 0.2125760188377489, -0.6516422741556038, 0.02048711370490928, -0.4197077918120979, 0.39252077659244927, -0.5503231495566796, 0.3748273060203222, -0.5581503134091981, 0.6918202178271883, -0.16729414209740712, 0.0017042772637333933]], "inverted": true, "swapped": true, "error_lsq": 0.04217510322237127, "error_max": 0.2713320835983887, "target": "960.xyz", "model": "2.xyz", "model_rescale": 3.795458400668931, "target_rescale": 3.9067162838348723},
{"mapping": [8, 0, 2, 4, 10, 11, 1, 7, 1, 6, 9, 12], "R": [[0.5482804576173672, -0.7152038016866917, -0.4334421089924164], [-0.5952663835483223, 0.030288719702315614, -0.8029573625517712], [0.5874065648357979, 0.6982593468845928, -0.40913006743101865]], "T": [-0.02584365701172748, 0.1502019157710547, 0.1092993758723841], "aligned_model": [[-0.17863595101713875, -0.08288272058429783, -0.6698443452559423, 0.20376119583779959, 0.15253436530181363, 0.18338579751701234, 0.0452190493341823, 0.5857039015784675, 0.0452190493341823, 0.8386061033021428, -0.4950292228429364, -0.03473339676172059], [-0.05514715353422353, -0.4047338371603427, -0.1532923311720544, 0.055219781323103484, 0.4119853863132149, 0.6753724772168852, -0.4867897409323366, -0.271417456248093, -0.4867897409323366, 0.18324911319844275, 0.5221340699106777, 0.09597847730677248], [-0.7903177696452652, -0.15880169371069264, -0.06616213173695885, 0.7263417175264478, -0.3622792768907188, 0.32144501516359925, 0.5232011947655048, -0.2089441563202405, 0.5232011947655048, 0.2881903084592562, -0.20160398217242192, 0.09450101043508533]], "inverted": true, "swapped": true, "error_lsq": 0.05297476178156549, "error_max": 0.3458300975904742, "target": "960.xyz", "model": "3.xyz", "model_rescale": 3.7530521520055578, "target_rescale": 3.9067162838348723},
{"mapping": [7, 11, 4, 5, 1, 9, 0, 10, 8, 2, 12], "R": [[0.2786823610390894, 0.9480955792832552, 0.1531369132156844], [-0.9400797156215638, 0.3019146617540207, -0.15842242674203497], [-0.19643388180901683, -0.0998113699009522, 0.9754237133245927]], "T": [-0.051213053354180346, -0.04946431127184393, -0.09036638982635432], "aligned_model": [[-0.5462038079015005, -0.14974125270075367, 0.30848939142715837, 0.4694815543294921, 0.3882797610789801, -0.10760601481991539, -0.07768459135613234, -0.5846962451224708, -0.5938580830914924, 0.2748788493906428, -0.04313995878880331], [-0.6601374167727999, 0.11869811160199333, -0.43838495330977745, 0.3787600368124126, -0.6543470755312318, 0.6062957763972108, -0.3237208835389267, 0.144942816312164, 0.15769239544607894, 0.21462154031199332, -0.07721698941477098], [0.09696958694367165, -0.6618560651387996, -0.4926550065251139, -0.4730982666468926, 0.06157406623953775, 0.05771487782160521, 0.4638609267238895, -0.07200112694491966, 0.6427415179501749, 0.5109281461513405, -0.04134787932917756]], "inverted": true, "swapped": true, "error_lsq": 0.04844212352099097, "error_max": 0.2151599640270738, "target": "960.xyz", "model": "4.xyz", "model_rescale": 3.7855080009869324, "target_rescale": 3.9067162838348723},
{"mapping": [6, 12, 4, 1, 14, 2, 15, 8, 7, 5, 10, 9, 16], "R": [[-0.4033157241719567, 0.31129786221913636, -0.8604824621184596], [0.273279513475877, 0.9384171309246566, 0.21140386917349493], [0.873301055850752, -0.1498897240137956, -0.4635497130675739]], "T": [-0.0889068797139761, -0.02693080599093922, -0.10466067109916569], "aligned_model": [[-0.16678949809288046, -0.6463388596829025, 0.30464330333151696, -0.08355313311816802, -0.5161295007760298, -0.04286118899402741, -0.4354414822021788, -0.25999699085100697, 0.4086167743102187, 0.7202780187803814, 0.30222734336552315, 0.013909547154703827, -0.10942726900017204], [0.1810952724223493, -0.41315855420979813, -0.223002211081751, -0.7123751254276145, -0.19715013117734392, -0.5946938309801951, 0.5243872082684939, 0.6539038781920828, 0.37864712876421025, -0.0433389432523269, 0.5018927641503803, 0.004484538198766305, -0.042302764964890785], [-0.7184493289622748, -0.16090102337282494, -0.6993665155264099, -0.42597260884619537, 0.3915284177760565, 0.3657759658668174, 0.40059206082539767, -0.15468247282744435, -0.49111406337573726, -0.09732461632896275, 0.20890578959660153, 0.5991545587477326, -0.057444480055930495]], "inverted": false, "swapped": false, "error_lsq": 0.04537577362483036, "error_max": 0.24615600407664193, "target": "960.xyz", "model": "5.xyz", "model_rescale": 4.2253639853439635, "target_rescale": 3.9067162838348723},
{"mapping": [3, 6, 4, 2, 5, 10, 11, 12, 0, 1, 9, 8, 13], "R": [[-0.011942886964568744, -0.21749021567647514, 0.9759894331067072], [-0.9023358371217582, -0.4182386810658832, -0.10424223091456847], [0.4308681985209947, -0.8819151953250781, -0.19125423853604373]], "T": [-0.017558802492247748, 0.02531894583717765, -0.06540936155388279], "aligned_model": [[-0.22397578568906243, -0.6147181674398818, 0.3261170749095473, -0.2669549401331248, -0.40368030206967337, 0.15747042683298862, -0.6298451170145645, -0.43998579491530304, 0.4191432970651201, 0.6927395928042106, 0.34394943917661747, 0.1655973555769357, -0.036720014878831406], [-0.07246620274417795, 0.01654768103021379, -0.406950935974263, -0.5748850623272483, -0.3317648021444805, -0.6410218857357691, 0.3142398672104512, 0.8573248219925479, 0.4917286740583309, -0.15112702742862275, 0.46295566863264576, 0.042166327641951676, 0.011642104690783172], [-0.7368552390921919, -0.3042434585587566, -0.5080615419137622, -0.2319276102547469, 0.28692946818552656, 0.30046922411303867, 0.31823625493962737, -0.09120514772872189, -0.5499874161430852, -0.010193511331079277, 0.15905069625532076, 0.650156752153545, -0.1216667871078885]], "inverted": true, "swapped": false, "error_lsq": 0.045447111117063725, "error_max": 0.2948554950139424, "target": "960.xyz", "model": "6.xyz", "model_rescale": 3.89814844738969, "target_rescale": 3.9067162838348723},
{"mapping": [5, 1, 10, 2, 0, 4, 3, 6, 9, 11, 8, 7, 12], "R": [[0.09045264861549196, 0.2631906538638038, 0.9604941426563649], [-0.9393218175236042, -0.29790021027448477, 0.17008817666895684], [0.33089702549674715, -0.9175980298786397, 0.22027486030013488]], "T": [-0.023500011183903633, -0.03281234913777249, 0.031876114665400856], "aligned_model": [[-0.2601847294589327, -0.7364428968662073, 0.3099581258113815, -0.20610770364592249, -0.5832042228587158, 0.2015063305866777, -0.38745275515165883, -0.34600903966519836, 0.3582389107784012, 0.7751520766654731, 0.2953372333905101, 0.023914110315664174, 0.0444316243235052], [0.13045082838506428, -0.16983346278566375, -0.3686393670542968, -0.6355184689936426, -0.1006401484332253, -0.6129337051594516, 0.4965234078022734, 0.532966189746962, 0.4013617202954542, 0.03204110278618351, 0.5487592955778653, -0.08015710506974948, -0.1559910581954106], [-0.6891662440244646, -0.40140701240455745, -0.5293097261761641, -0.2920800679626585, 0.21392273656353333, 0.20018281932942272, 0.5214922839786308, -0.15049280404961618, -0.6490894879353931, 0.1471550874678517, 0.16530776701849537, 0.6851639950934106, -0.0609776633816648]], "inverted": false, "swapped": false, "error_lsq": 0.04464273667893596, "error_max": 0.26684981762835647, "target": "960.xyz", "model": "7.xyz", "model_rescale": 3.7474275329858107, "target_rescale": 3.9067162838348723},
{"mapping": [8, 9, 5, 7, 11, 10, 13, 4, 2, 0, 1, 12, 14], "R": [[0.45131715861238486, 0.021280627412383568, 0.8921098347395231], [-0.8923175772496481, 0.0006073495719866873, 0.45140776738755395], [0.009064417982536266, -0.9997733573282662, 0.019263185178084036]], "T": [0.03343340622413579, -0.029254532921723947, -0.052206376968936735], "aligned_model": [[-0.19971191863574425, -0.5953120747094723, -0.02429369932167999, -0.15132056171502803, -0.43975009199273996, 0.1891831086377041, -0.4849801626736374, -0.3337781612814579, 0.31332939298937057, 0.6715087408942714, 0.5884438954532129, -0.07340893916077365, 0.029227535740953086], [0.21829104773365662, -0.3314814550849101, -0.40566800666598746, -0.6746684912410505, -0.33047262925915943, -0.6434504929286311, 0.5582439596522188, 0.6211261042062134, 0.6913467950918164, -0.18293208291682655, 0.42191061018267206, 0.04613548103830263, 0.030008389094047676], [-0.6434548516819766, -0.35827572828287, -0.6588380132120251, -0.16702983128612003, 0.21583278256555818, 0.36464936858045727, 0.38848027077363734, -0.28541559073346395, -0.38534517463093787, 0.006584060519306163, 0.17847780225266316, 0.5507394562757374, -0.04570286762314047]], "inverted": true, "swapped": false, "error_lsq": 0.0489360351236618, "error_max": 0.32336064759709937, "target": "960.xyz", "model": "8.xyz", "model_rescale": 4.019505241142653, "target_rescale": 3.9067162838348723},
{"mapping": [5, 11, 4, 8, 9, 7, 10, 6, 3, 0, 2, 1, 12], "R": [[0.21157792733341746, 0.702903443245183, 0.6790887498253535], [-0.10484258794361623, -0.6744866609581508, 0.7308048822653077], [0.9717215714486227, -0.22581960424992092, -0.0690122736752592]], "T": [-0.07550604790308713, 0.05736504925277749, -0.025332717861899168], "aligned_model": [[-0.1255139700137951, -0.6174307441969303, 0.43660936294027664, -0.27713872387278016, -0.49425464134546204, 0.32699754381374546, -0.6156566370824225, -0.4470134523662044, 0.53229113741108, 0.5336900266347233, 0.2929031910819633, 0.0334883086829776, -0.08983433746219395], [0.190690527423186, -0.09012117202755718, -0.3836579488442294, -0.5653695285813569, -0.3799829946170881, -0.7466829726074333, 0.47957945170300326, 0.670026880481496, 0.2962669563786046, -0.14367942635946132, 0.5197314393082852, 0.11735825683939896, 0.05422975980551481], [-0.6812658270573101, -0.2933158555259386, -0.5057816666268865, -0.19171433023882367, 0.29202570008802337, 0.07993659045456944, 0.5814226674381445, -0.14653324158786613, -0.5838748094159608, 0.08005864641721261, -0.04687607401066127, 0.6386148308544246, -0.06199494727210193]], "inverted": true, "swapped": false, "error_lsq": 0.0469439293662222, "error_max": 0.32786746635409014, "target": "960.xyz", "model": "9.xyz", "model_rescale": 3.877068213659057, "target_rescale": 3.9067162838348723},
{"mapping": [3, 5, 6, 12, 0, 11, 7, 4, 13, 10, 2, 8, 15], "R": [[0.07796176483693262, -0.6610803562454994, -0.7462537945028048], [0.7204402069342195, 0.5547618499175158, -0.41617928601586435], [0.689121086207707, -0.5051851665106759, 0.5195190815374262]], "T": [0.03754640376300855, 0.05151819227735377, -0.06997560639599917], "aligned_model": [[-0.2590819022522701, -0.6837251631031159, 0.2744472775264827, -0.16158862760087114, -0.42097659294296125, 0.15936912441373358, -0.3700315596373899, -0.345022945039656, 0.4640690897447227, 0.621876028959789, 0.2667581943188274, -0.04415826227550057, -0.012797597886812416], [0.11248346531092437, -0.16303419464005003, -0.2096096984182051, -0.6255049365838646, -0.5109794247324287, -0.5670948390736301, 0.5874467767201103, 0.5874587477179039, 0.490792297846494, -0.3485156535373457, 0.6396835781008059, 0.04044103076726313, -0.015177920575614318], [-0.6276997553107413, -0.2814703872797365, -0.5759348694160951, -0.31529201021808917, 0.25731498006178954, 0.31360283204874195, 0.39148655407263033, -0.22649747111703655, -0.5419450487151467, -0.0282312561199502, 0.13466747787231936, 0.6971779504936974, -0.03647731285555757]], "inverted": true, "swapped": false, "error_lsq": 0.043443701511048635, "error_max": 0.2771390160886438, "target": "960.xyz", "model": "10.xyz", "model_rescale": 4.260839863003843, "target_rescale": 3.9067162838348723},
{"mapping": [5, 4, 1, 3, 0, 2, 9, 11, 6, 7, 10, 12], "R": [[0.26695982783039385, 0.06650306098688097, 0.9614103146961457], [0.9080248424104496, 0.3168377347138269, -0.2740524318937695], [-0.3228363918306687, 0.9461454395286096, 0.02419651563695019]], "T": [0.04088661412431655, 0.09805055323438723, -0.02680744387480313], "aligned_model": [[0.39305892948920923, 0.14294883798625638, -0.4495246686980492, -0.3180324321262989, -0.5436732671545311, -0.4791079768917936, 0.17810409010024056, 0.635544728741903, 0.38040610516024026, -0.21682097664529293, 0.2511143402078601, -0.015119061075613366], [-0.04496879683553516, -0.5558440453648229, -0.4864307836806681, -0.22525185804542303, 0.18015951341773048, 0.40696566972824416, 0.6661424998204661, -0.0041722741638233335, -0.38389297349238566, 0.004291719504813954, 0.5185919855999499, 0.09748784904438779], [-0.7024573399701988, -0.09378805370634198, -0.027962911088165423, -0.6039537567795452, 0.15929250782651222, -0.4413064923112331, -0.36381252547100895, -0.049590678943035794, 0.6310864863139328, 0.7333427622155986, 0.2920733126551493, -0.016745233346158808]], "inverted": false, "swapped": true, "error_lsq": 0.03759262459776447, "error_max": 0.20029748636464095, "target": "960.xyz", "model": "11.xyz", "model_rescale": 3.890672605050136, "target_rescale": 3.9067162838348723},
{"mapping": [5, 9, 8, 6, 11, 1, 10, 12, 7, 0, 4, 2, 13], "R": [[-0.7772285176326016, 0.5642644232386141, 0.27842681631951893], [-0.41332384249850124, -0.12420723301592779, -0.9020731480810197], [-0.4744251601684961, -0.8161974172549932, 0.32976134319440126]], "T": [-0.019131493620998512, -0.1084267269555153, -0.08239692399659945], "aligned_model": [[-0.2819509329543705, -0.7370639292538897, 0.39021051479893076, -0.1385421012426259, -0.4024236573744294, 0.3020867380369895, -0.4327325545433198, -0.28479360699673856, 0.22961895040104519, 0.5296360852118382, 0.3452199277866208, -0.06086499918842467, 0.03073662954335209], [0.17660712708221837, -0.14146548444190546, -0.29903968969125927, -0.6570453535059959, -0.20443347779649196, -0.6610950412289345, 0.5123099177280404, 0.5748060113474001, 0.5445959923091148, -0.28313504727555205, 0.33303311116582474, 0.0724708757353239, 0.05078028747457991], [-0.7566771522370156, -0.38123111613562055, -0.6439099375750679, -0.21207750593104113, 0.3005286365153934, 0.3610834841827594, 0.41071633357562753, -0.21562159728540206, -0.5709137763153967, 0.04808559199735815, 0.3218533658848911, 0.6039692359504429, -0.10510387911010295]], "inverted": true, "swapped": false, "error_lsq": 0.04792723595696516, "error_max": 0.2626109692074108, "target": "960.xyz", "model": "12.xyz", "model_rescale": 4.124412569039231, "target_rescale": 3.9067162838348723},
{"mapping": [9, 3, 8, 6, 0, 1, 5, 7, 11, 2, 10, 4, 12], "R": [[-0.6924384439916128, -0.718651521596232, -0.06378864938133683], [-0.616933443644664, 0.5439441971439134, 0.568786283683248], [-0.37406166255740636, 0.4332028403656703, -0.8200080314874393]], "T": [-0.1863787807906419, -0.009204572474781325, -0.05595459543114595], "aligned_model": [[-0.2790419367041803, -0.8024579835792185, 0.3425782835137869, -0.1974475532125421, -0.5051477478489508, 0.16920324891903832, -0.47722902473265316, -0.40614513553843323, 0.6552203869715076, 0.6535213485033109, 0.2711059492207157, 0.15097001337952815, -0.08599278466693125], [0.10230395586843985, -0.3158252585793821, -0.24006426697129937, -0.5485367350489417, -0.21806815998255105, -0.7169188214154408, 0.4704151570635646, 0.5610430882420625, 0.31182342270969216, -0.06842428911555257, 0.5688971496352371, 0.05685465182467194, 0.05488933467186171], [-0.6785464839450139, -0.24352737200083593, -0.4823398044591532, -0.45169581829557204, 0.38168651421006283, 0.1326355975870369, 0.45308069775455156, -0.19594755698235913, -0.4792803901405988, 0.12695607025543862, -0.022551107628559386, 0.6512287087456523, -0.030997371583824304]], "inverted": true, "swapped": false, "error_lsq": 0.04864317935574588, "error_max": 0.2952461216867163, "target": "960.xyz", "model": "13.xyz", "model_rescale": 3.9028299243045295, "target_rescale": 3.9067162838348723},
{"mapping": [9, 11, 6, 1, 12, 2, 13, 10, 7, 3, 4, 8, 15], "R": [[0.5292621660551529, 0.803173256790328, 0.273485427691176], [-0.1702696942068477, 0.4163188989401564, -0.8931331399180987], [-0.8311978048679594, 0.42613530006568745, 0.3570979070515705]], "T": [-0.006492599697859272, -0.007885378428351157, 0.031038859766807328], "aligned_model": [[-0.1632891268507367, -0.6013998238488273, 0.22448800217884612, -0.19032348809578403, -0.5977446107726744, 0.2527163098341837, -0.6132631142579225, -0.1171255712131796, 0.29075064962071184, 0.5976625494556719, 0.41572576292714797, -0.002807399186102691, -0.006253075566356878], [0.09072151809183485, -0.25563622944978526, -0.3300538170497578, -0.5774773553295046, -0.19723635381428364, -0.639663026567911, 0.41920591165099574, 0.7054168181606238, 0.5141993935866702, -0.04756729998894478, 0.4994759055326504, -0.1881633111083594, 0.02516707518813434], [-0.7216476523317664, -0.33029422591601687, -0.5049310283446021, -0.22188393490277458, 0.3453755526317491, 0.30638866290136524, 0.31752432954513526, -0.1541986202527817, -0.6469743387785682, -0.1176599838422953, 0.18492016364226282, 0.7820338303514538, -0.07795107118633564]], "inverted": true, "swapped": false, "error_lsq": 0.044712465761337014, "error_max": 0.2884154333999574, "target": "960.xyz", "model": "14.xyz", "model_rescale": 3.942246331269136, "target_rescale": 3.9067162838348723},
{"mapping": [2, 5, 0, 1, 3, 12, 10, 9, 7, 8, 6, 4, 14], "R": [[0.7299951988742637, -0.3212976193090413, -0.6032203987323925], [-0.45711928318152306, -0.885668101428227, -0.08144921765204642], [-0.5080836255619097, 0.3352012141070826, -0.7934047992651689]], "T": [-0.010916838097413083, 0.02439618104088461, 0.09830735913068485], "aligned_model": [[-0.14532871203897177, -0.5113228028636123, 0.3003854949942808, -0.2874174563449775, -0.5229172147952785, 0.1329182156590088, -0.3216009680393279, -0.29031406982569485, 0.31503263010035526, 0.7433766228315228, 0.29553861287036687, -0.22684361775024509, 0.007630329427552172], [0.02078969999533556, -0.10234773943163608, -0.22587998835826847, -0.6716560461464757, -0.4482849835110435, -0.7687270135417702, 0.5470885048880488, 0.7007150677440773, 0.4451037154267648, 0.06671072042102769, 0.4892916399559983, 0.001897318681267298, -0.03631166722096314], [-0.6530702823236458, -0.27089367992362073, -0.5190824523424329, -0.21104703459413138, 0.2743075336752674, 0.23374492293275617, 0.47149447310522763, -0.23738931425689647, -0.5708276218870352, -0.06929866953381579, 0.045898789309887986, 0.6428561668090096, 0.024008852546255732]], "inverted": true, "swapped": false, "error_lsq": 0.04984762446875721, "error_max": 0.3037275330597736, "target": "960.xyz", "model": "15.xyz", "model_rescale": 4.355366556412066, "target_rescale": 3.9067162838348723},
{"mapping": [11, 10, 6, 3, 4, 5, 1, 2, 7, 9, 0, 12], "R": [[-0.28032133610264487, -0.9097480109741054, 0.30623276286884693], [0.07954867255010717, 0.29590954870407477, 0.9518978662027072], [-0.9566043890873301, 0.2911976914647679, -0.010580513430166388]], "T": [0.022151480862457502, -0.037113019821700066, 0.021804270416842235], "aligned_model": [[-0.1538902668029833, 0.4955209345165143, 0.16797625475643221, -0.563640911621305, -0.45497952058662877, -0.6389199440067609, -0.267012863799511, -0.017728267093053078, 0.5842661341191724, 0.09926600021816567, 0.3085668840537732, 0.038384120877965264], [-0.6090343165572869, -0.2866390312656805, -0.5898990164320677, 0.43542347126303627, -0.17816035965061155, -0.20001329473842294, 0.3766226345720512, 0.6043047278867961, -0.010428673190492621, -0.020942007757416465, 0.47795332092064474, 0.01358897269043069], [0.10244042199405615, 0.2125760188377489, -0.6516422741556038, 0.02048711370490928, -0.4197077918120979, 0.39252077659244927, -0.5503231495566796, 0.3748273060203222, -0.5581503134091981, 0.6918202178271883, -0.16729414209740712, 0.0017042772637333933]], "inverted": true, "swapped": true, "error_lsq": 0.04217510322237127, "error_max": 0.2713320835983887, "target": "960.xyz", "model": "16.xyz", "model_rescale": 3.795458400668931, "target_rescale": 3.9067162838348723},
{"mapping": [5, 1, 10, 2, 0, 4, 3, 6, 9, 11, 8, 7, 12], "R": [[0.09045264861549196, 0.2631906538638038, 0.9604941426563649], [-0.9393218175236042, -0.29790021027448477, 0.17008817666895684], [0.33089702549674715, -0.9175980298786397, 0.22027486030013488]], "T": [-0.023500011183903633, -0.03281234913777249, 0.031876114665400856], "aligned_model": [[-0.2601847294589327, -0.7364428968662073, 0.3099581258113815, -0.20610770364592249, -0.5832042228587158, 0.2015063305866777, -0.38745275515165883, -0.34600903966519836, 0.3582389107784012, 0.7751520766654731, 0.2953372333905101, 0.023914110315664174, 0.0444316243235052], [0.13045082838506428, -0.16983346278566375, -0.3686393670542968, -0.6355184689936426, -0.1006401484332253, -0.6129337051594516, 0.4965234078022734, 0.532966189746962, 0.4013617202954542, 0.03204110278618351, 0.5487592955778653, -0.08015710506974948, -0.1559910581954106], [-0.6891662440244646, -0.40140701240455745, -0.5293097261761641, -0.2920800679626585, 0.21392273656353333, 0.20018281932942272, 0.5214922839786308, -0.15049280404961618, -0.6490894879353931, 0.1471550874678517, 0.16530776701849537, 0.6851639950934106, -0.0609776633816648]], "inverted": false, "swapped": false, "error_lsq": 0.04464273667893596, "error_max": 0.26684981762835647, "target": "960.xyz", "model": "17.xyz", "model_rescale": 3.7474275329858107, "target_rescale": 3.9067162838348723},
{"mapping": [9, 4, 12, 5, 8, 10, 0, 2, 7, 11, 1, 3, 13], "R": [[-0.5025944441955897, 0.8525133029707714, -0.14359628449786704], [0.790368418671437, 0.38579779809425885, -0.4758968604145586], [-0.35030927397164163, -0.3526770863601541, -0.8676994210704385]], "T": [-0.023068944164306777, 0.029666801313520792, -0.07994210494508915], "aligned_model": [[-0.24965348881070543, -0.8155251529754551, 0.30339904785861027, -0.22606152316477088, -0.41663820763324344, 0.20126975411333273, -0.6145071343566847, -0.20502267867725643, 0.5183679418530047, 0.6743824182684127, 0.231584045096285, 0.17531713765351759, -0.08777509500006891], [0.019191662197504684, -0.1990942479705295, -0.3463432277497216, -0.6221899155847983, -0.32171176340429336, -0.5906765605748707, 0.4671700981000147, 0.6976934679228255, 0.34374711867807245, -0.03026007465022191, 0.5443730200440569, -0.057012220118413774, 0.11350187201273795], [-0.709444989326058, -0.17432092390214143, -0.6378596898461962, -0.3188914095592245, 0.4084130837527148, 0.12324655684379841, 0.31746715924459107, -0.23635800888498454, -0.49901123377750106, 0.09812256977739471, 0.3057362328837749, 0.5632677294742924, -0.07966539316363491]], "inverted": false, "swapped": false, "error_lsq": 0.050644146594236224, "error_max": 0.25376863545313016, "target": "960.xyz", "model": "18.xyz", "model_rescale": 3.922800546911778, "target_rescale": 3.9067162838348723},
{"mapping": [13, 4, 8, 6, 10, 1, 9, 7, 12, 5, 3, 2, 14], "R": [[-0.864048216226943, 0.44998262536684663, -0.22569075502332425], [0.30093005839452625, 0.8210998755008077, 0.48501143739836217], [0.4035613707847978, 0.35115613524544675, -0.8448831804988052]], "T": [0.00598620817282864, -0.03286020246461142, -0.09003727288363819], "aligned_model": [[-0.24766676365295315, -0.5811313732240865, 0.20060219728351622, -0.21241820510313553, -0.6930010927994081, 0.29114439263592296, -0.3938776374348412, -0.18625554740814676, 0.4316527173498517, 0.7622922102083748, 0.28195807369633585, -0.145770983603248, -0.018390923723203934], [0.1772993099507067, -0.33102308827419075, -0.3911847175075452, -0.6870733308007718, -0.24456031432334338, -0.590184538909704, 0.3994400433445427, 0.7391027297328647, 0.4955926906362298, -0.06467328853608695, 0.4819956113958235, -0.02652097722293157, 0.06017909941676906], [-0.6927867200384988, -0.39046859320910854, -0.5462376813921509, -0.09855002140030278, 0.25230825868038564, 0.30500376014406505, 0.47207355992798294, -0.1630260239544357, -0.4877301283700193, -0.18762251267599866, 0.17056254284670694, 0.6100045342645924, -0.08282929130639269]], "inverted": false, "swapped": false, "error_lsq": 0.04476909916586648, "error_max": 0.22695725866092176, "target": "960.xyz", "model": "19.xyz", "model_rescale": 3.9282355846067225, "target_rescale": 3.9067162838348723},
{"mapping": [11, 9, 4, 8, 7, 6, 2, 10, 0, 3, 1, 5, 13], "R": [[0.7141379260045504, 0.2054678106989546, 0.6691711301367522], [-0.053716473902943346, 0.96921850901509, -0.24027072691861712], [-0.6979409452621002, 0.13564092505267294, 0.7031927021645643]], "T": [-0.13180657801479428, -0.10663268951007975, -0.038101210749776876], "aligned_model": [[-0.1287545553121105, -0.633919621117351, 0.28509529802158584, -0.18450829028692903, -0.561076338221324, 0.1053706803553581, -0.2609829116644238, -0.505714630510891, 0.35206465466783016, 0.6141112391291506, 0.28443622765658244, 0.2011972205281835, -0.07818190902068364], [0.12460512327784264, -0.2625455776778795, -0.29407947645404603, -0.7461071911132506, -0.18671153895988934, -0.5863174302899656, 0.5102417092430096, 0.6477641526103027, 0.3746668806207249, -0.04854070738673551, 0.4860349414779569, -0.04524351658508739, 0.044621860139379785], [-0.7162478987313925, -0.48754363029565173, -0.47447762253384906, -0.4466553325637017, 0.40621019718687057, 0.33672348378356876, 0.49246043632597236, -0.22061839314320636, -0.4557330368489606, 0.043059129452508144, 0.15422092061440493, 0.5726606019498428, -0.04335717167958039]], "inverted": true, "swapped": false, "error_lsq": 0.04557829606899928, "error_max": 0.2994683151221622, "target": "960.xyz", "model": "20.xyz", "model_rescale": 4.067790424073018, "target_rescale": 3.9067162838348723},
{"mapping": [11, 10, 12, 9, 1, 7, 5, 6, 3, 0, 2, 8, 14], "R": [[0.2917428604199531, -0.47693821768610095, -0.8291055662003419], [-0.7696856651447532, -0.631681066079473, 0.09253652050611921], [-0.567864491110919, 0.6111538000103625, -0.5513809504038305]], "T": [-0.07675903830435547, 0.11091886303838505, -0.013093411540354323], "aligned_model": [[-0.2597860194845806, -0.6294616197382632, 0.13758653956996575, -0.17889335838436815, -0.5289572703988281, 0.1367798030393253, -0.46695777537408534, -0.1301796800027914, 0.44454569860581383, 0.5978664183918684, 0.5013688998027888, -0.018763302379320154, -0.11601126942254708], [0.2249131442538897, -0.3548181886694771, -0.2880124517367928, -0.6393994698096159, -0.4765431677835068, -0.503604187580743, 0.2629480010436554, 0.8345066427726004, 0.3986086088689438, -0.0647651277882618, 0.5699582058143122, -0.006389204587352967, 0.060986424104711154], [-0.6226331411637499, -0.3989634371920386, -0.6310931253227791, -0.18813877572598572, 0.3386312286429445, 0.3521825672813376, 0.40295731570867754, -0.15843391778416682, -0.6207289915303577, 0.12282442417517281, 0.08057035147800262, 0.5419229923699106, -0.05839580742014247]], "inverted": false, "swapped": false, "error_lsq": 0.050928860297504576, "error_max": 0.3174608628099451, "target": "960.xyz", "model": "21.xyz", "model_rescale": 4.186013935880536, "target_rescale": 3.9067162838348723},
{"mapping": [11, 8, 10, 9, 2, 1, 5, 3, 4, 7, 6, 0, 12], "R": [[0.8627979175193635, 0.4902925475394503, -0.1232597718297648], [-0.49763491842724916, 0.7806896391460417, -0.3779989091147333], [-0.08910242132599314, 0.3874750381086493, 0.9175640867844307]], "T": [-0.05452755816271781, -0.03270716694345835, -0.07203931544577372], "aligned_model": [[-0.37400918935926275, -0.7057229234836857, 0.45055902622696453, -0.0931984399880472, -0.619391501161838, 0.21768556999563282, -0.5673409989901412, -0.14280307982988982, 0.3693522368438133, 0.6627915910359272, 0.2760030975072803, 0.06759412388544353, -0.05238244845721868], [0.18239529546720198, -0.3732570134882308, -0.3056331739358712, -0.5798711357676395, -0.2373778405424125, -0.5332697106764381, 0.4015478100159313, 0.8862145404583802, 0.34492271855219425, -0.1851684246877209, 0.37515232404857335, 0.03257875338552696, 0.010155086072867976], [-0.5726673177635871, -0.29030183835440143, -0.6775955635471431, -0.362843225938315, 0.3624003744227148, 0.3867203041832429, 0.3113453034522654, -0.08339636949453347, -0.5251813877964078, -0.04896242308950392, 0.11303626448652493, 0.6369123644216885, -0.08876480146571909]], "inverted": true, "swapped": false, "error_lsq": 0.04937718198400171, "error_max": 0.35497460987733676, "target": "960.xyz", "model": "22.xyz", "model_rescale": 4.166573947596378, "target_rescale": 3.9067162838348723},
{"mapping": [7, 5, 4, 1, 6, 2, 14, 10, 8, 3, 9, 12, 15], "R": [[-0.2956013896632679, 0.9384396643267239, 0.1787479086520771], [-0.007549847480847693, 0.1848088496488791, -0.9827454853086197], [-0.9552815387267573, -0.2918504505903743, -0.04754467644263394]], "T": [0.012263504657182192, 0.03584942685024291, -0.004483407373695292], "aligned_model": [[-0.36782889242778993, -0.7331657610585921, 0.44567760845128085, -0.21636278231076167, -0.3774875904988378, 0.2182504429683691, -0.350067413552092, -0.3811228211307735, 0.4721525743755107, 0.5949126891768591, 0.36304868028829507, -0.15234945919516807, -0.026520210861322273], [0.23317251791423116, -0.15907432305625352, -0.3257237293550896, -0.5845208157568841, -0.5389522610536105, -0.5922378817009687, 0.6048567762798226, 0.6343514439840261, 0.33043258360880007, -0.10003843365599478, 0.5029727538534627, 0.027998914804259083, -0.014848316963437642], [-0.5771814212181374, -0.31657621847029355, -0.47487747696712296, -0.2708850662686193, 0.30665118629025, 0.12155211647244174, 0.40894700421330293, -0.22353538128382458, -0.6009747715433369, 0.054517178739132484, 0.13406161855284762, 0.6297265711204765, -0.030723656120290946]], "inverted": true, "swapped": false, "error_lsq": 0.052067426797115596, "error_max": 0.32358463719651065, "target": "960.xyz", "model": "23.xyz", "model_rescale": 4.274766983524099, "target_rescale": 3.9067162838348723},
{"mapping": [3, 0, 1, 4, 7, 6, 11, 10, 9, 8, 12], "R": [[0.8589484980296977, -0.40764115212707186, -0.3098970293904728], [-0.12473420098551291, 0.4203988604798301, -0.8987247505280834], [0.4966375507722225, 0.8106130329570168, 0.31025417638316244]], "T": [0.03955907872827774, -0.01580943973158687, 0.0210211388477229], "aligned_model": [[0.22303200840991633, 0.031158157836567835, -0.34272656497336146, -0.4063854418584925, -0.5144175049322446, -0.7886309773309435, -0.07730656336192514, 0.11502628658290691, 0.670334463897811, 0.43205018243292875, 0.0377606572549113], [-0.030100108100763592, 0.5917279557371492, 0.2544566015106109, -0.3065126066410375, 0.49971196539922236, -0.16542337118978173, -0.5694954028766774, 0.04612840650746382, -0.12414756935860582, 0.682320738623315, 0.0369199216325882], [-0.708758730888301, -0.09693252070380626, -0.5814213465372835, -0.3778602959392617, 0.30453460002665633, 0.2895064711930108, 0.23164196269223047, 0.5806675752496223, 0.23436307950631619, 0.5041253941220486, -0.00029975469965507276]], "inverted": false, "swapped": true, "error_lsq": 0.05618670844916367, "error_max": 0.36803135176974305, "target": "960.xyz", "model": "24.xyz", "model_rescale": 3.7841303162186577, "target_rescale": 3.9067162838348723},
{"mapping": [7, 6, 13, 3, 4, 5, 1, 0, 10, 14, 9, 2, 15], "R": [[-0.6095729267279001, 0.6962713752528574, 0.37898155496524744], [-0.16281586094300582, 0.3579154585684746, -0.9194495744428328], [-0.7758297767073458, -0.6221757762250257, -0.10481155018897892]], "T": [-0.014151442603449825, 0.08813097209651677, -0.0964017351465527], "aligned_model": [[-0.2822968127874446, -0.6076941113343567, 0.37138511843010397, -0.22323186178272605, -0.5182271773291648, 0.03453841931713018, -0.5834184873659919, -0.4017711938154952, 0.39210320866930515, 0.7637155959939991, 0.4981208885866011, 0.10912668478421303, -0.0632132071411949], [0.4004248790085112, -0.2385737045908785, -0.48565807795228444, -0.6853630826907026, -0.27785131575638966, -0.6118415764626299, 0.3960770026768883, 0.7101613721813718, 0.5752424982617099, 0.01824127836791478, 0.2025534553281221, -0.03030061895399419, 0.04527711948472376], [-0.5997665494262062, -0.34739497583125, -0.46263620023900653, -0.1800331476528316, 0.3142915342127566, 0.4299123099381772, 0.2698504563831616, -0.16089250341752645, -0.546884392607933, -0.23546022386521684, 0.16171696342902014, 0.6381522039731402, -0.12015379137945933]], "inverted": false, "swapped": false, "error_lsq": 0.04977904043831864, "error_max": 0.3029943278513135, "target": "960.xyz", "model": "25.xyz", "model_rescale": 4.19342608120988, "target_rescale": 3.9067162838348723},
{"mapping": [11, 10, 6, 3, 4, 5, 1, 2, 7, 9, 0, 12], "R": [[-0.28032133610264487, -0.9097480109741054, 0.30623276286884693], [0.07954867255010717, 0.29590954870407477, 0.9518978662027072], [-0.9566043890873301, 0.2911976914647679, -0.010580513430166388]], "T": [0.022151480862457502, -0.037113019821700066, 0.021804270416842235], "aligned_model": [[-0.1538902668029833, 0.4955209345165143, 0.16797625475643221, -0.563640911621305, -0.45497952058662877, -0.6389199440067609, -0.267012863799511, -0.017728267093053078, 0.5842661341191724, 0.09926600021816567, 0.3085668840537732, 0.038384120877965264], [-0.6090343165572869, -0.2866390312656805, -0.5898990164320677, 0.43542347126303627, -0.17816035965061155, -0.20001329473842294, 0.3766226345720512, 0.6043047278867961, -0.010428673190492621, -0.020942007757416465, 0.47795332092064474, 0.01358897269043069], [0.10244042199405615, 0.2125760188377489, -0.6516422741556038, 0.02048711370490928, -0.4197077918120979, 0.39252077659244927, -0.5503231495566796, 0.3748273060203222, -0.5581503134091981, 0.6918202178271883, -0.16729414209740712, 0.0017042772637333933]], "inverted": true, "swapped": true, "error_lsq": 0.04217510322237127, "error_max": 0.2713320835983887, "target": "960.xyz", "model": "26.xyz", "model_rescale": 3.795458400668931, "target_rescale": 3.9067162838348723},
{"mapping": [0, 7, 6, 5, 10, 8, 4, 3, 2, 1, 9, 11, 12], "R": [[0.8353611302841277, -0.18616436280352416, 0.517218147431413], [0.5487403426282998, 0.22679453888866896, -0.804641705047938], [0.03249335905383163, 0.955984867637681, 0.29161123857829097]], "T": [0.059847866512149586, 0.027808105579224123, 0.019141728098806113], "aligned_model": [[-0.006461906915692026, -0.6230662150513085, 0.2417513423551943, -0.27160843635305587, -0.5936998137675478, 0.3683340904925406, -0.45141209844399033, -0.38890703866672294, 0.450615921096745, 0.5839702480685928, 0.22237798192323788, 0.015549614064359937, -0.05830662457737473], [0.26821288187035414, -0.13141285490160512, -0.6316011183273463, -0.6385547414781205, -0.1245444639887728, -0.5970553963747576, 0.42396306667008266, 0.529689006815442, 0.6821549228184116, -0.0848309897857566, 0.4136754239560054, -0.059524036024066015, -0.03178247234750836], [-0.7740050108954827, -0.3913276880277998, -0.4426781075287031, -0.09469035539611098, 0.2586214822666425, 0.23158834173691278, 0.5487998042882779, -0.28386182782105457, -0.4212733990077894, -0.2317792433208627, 0.11435025874904982, 0.7276509754671022, -0.0806935469933567]], "inverted": false, "swapped": false, "error_lsq": 0.054779317398563926, "error_max": 0.3403870660454876, "target": "960.xyz", "model": "27.xyz", "model_rescale": 3.6321398670334006, "target_rescale": 3.9067162838348723},
{"mapping": [6, 12, 4, 7, 8, 3, 10, 9, 13, 1, 11, 0, 14], "R": [[0.4609342900606114, 0.8853621795790625, 0.06060850779661686], [0.13465881511504657, -0.13728411986516387, 0.9813358619477122], [0.8771582432823237, -0.44416987899210336, -0.18250078037643677]], "T": [-0.014679361351472527, 0.0010002327240765183, 0.01685018246734238], "aligned_model": [[-0.07097210600151356, -0.6895738014909707, 0.3035652804043547, -0.2921607101736319, -0.456896262834124, 0.15994567842977797, -0.4206348770560586, -0.3299117515213361, 0.3403723068339889, 0.605084520868591, 0.18967454400663036, 0.11180517364475584, 0.03883906911451438], [0.1313484255855164, -0.17698962996352757, -0.4515726793867526, -0.6982898115046801, -0.2019777129999541, -0.5798918779286767, 0.4300162017193568, 0.5496969762122638, 0.5754575107027042, -0.2007618728303247, 0.5784331368023296, 0.041774048354733126, 0.02114651413937465], [-0.7471837910300987, -0.42626022624496807, -0.5998874923801248, -0.1699248669965391, 0.1908438070266883, 0.3387671457125852, 0.5226337830443785, -0.1979347916194928, -0.4418593995234381, -0.13298966271435406, 0.21007688629308102, 0.6265639288972155, -0.01214363694810714]], "inverted": true, "swapped": false, "error_lsq": 0.041137765090016765, "error_max": 0.2263638416838619, "target": "960.xyz", "model": "28.xyz", "model_rescale": 4.156811204709835, "target_rescale": 3.9067162838348723},
