[{"mapping": [3, 2, 9, 4, 10, 12, 11, 0, 13, 1, 8, 15, 6, 16], "R": [[0.3648177171014279, 0.6319574481188095, -0.6837673705698928], [0.9207197299032117, -0.13561658704215535, 0.36590069730187025], [0.13850347380430533, -0.7630451658232297, -0.6313310246280793]], "T": [-0.09792539306772649, 0.16670024156775243, 0.05596687785172198], "aligned_model": [[0.16929556139938998, 0.2372417877898528, -0.42990184074385285, -0.33207122308905196, -0.613464812468991, 0.13109977588711555, -0.6945210570454038, -0.21123665480768622, -0.3968627105804232, 0.05476757045401484, 0.6704060599810495, 0.16158470812925882, 0.5644811843136304, 0.0606737519094003], [-0.6299504303645985, -0.39250596417478567, -0.3743624963750446, -0.16500472641143105, 0.1962626547463341, 0.22644232868893244, 0.13973206794073129, 0.4365023210004668, 0.7239039268980494, -0.06520960797040698, 0.29289394962149706, 0.7590986300540132, -0.0886319037285569, 0.1761025818848342], [0.26873567527739667, -0.4039588002196966, 0.5496934635159284, -0.3024038305614077, 0.5764680964090183, -0.7176988907902879, -0.02644446369119942, 0.7650457095173658, 0.1565455735862487, 0.7558219219055783, 0.3341787337774836, -0.18641644038373334, 0.008545101369342042, 0.11947623746779633]], "inverted": false, "swapped": true, "error_lsq": 0.04364466211924218, "error_max": 0.27839758113063034, "target": "961.xyz", "model": "0.xyz", "model_rescale": 3.8414455957264533, "target_rescale": 4.117480294510245},
{"mapping": [5, 8, 3, 7, 6, 1, 9, 2, 11, 4, 0, 15, 13, 14, 16], "R": [[-0.48608790516998174, -0.8347797055987319, 0.2585756979454049], [0.4866914037006683, -0.012834748614716784, 0.8734796773777112], [-0.7258443538468368, 0.5504344759810123, 0.4125189227661884]], "T": [0.0645409438770216, 0.12721994920572444, 0.01123699517208327], "aligned_model": [[-0.7113249988666551, -0.5300709060626043, 0.10638551439337475, -0.1605861169789468, -0.47755472738473037, 0.269932282445281, 0.6875990362516563, -0.28382861390691455, 0.5635228195606529, 0.20485964248275423, 0.3879383630452433, -0.4047846513753631, 0.23540760356103502, 0.03628596170344174, -0.051737055363680534], [0.17693590929234024, -0.23632575491634583, -0.7009930939734409, -0.09143202312083654, -0.3301434143754231, -0.4484564638056765, -0.381229825394085, -0.22833162094233073, 0.40078513988838105, 0.14211756610151519, 0.04701368499738387, 0.5869720049983628, 0.6361523599702802, 0.7374959175707514, 0.03648414175213882], [0.01464651926795709, -0.43365757593417065, 0.2635108142274075, -0.7390966990820154, 0.06760045778265647, -0.428428181585133, 0.012030613049090776, 0.6347768745616171, 0.2102959614776821, 0.5340856768950027, -0.6797090650067905, -0.20181827723077433, -0.3376869602463071, 0.32412393519954535, -0.075492306036233]], "inverted": false, "swapped": true, "error_lsq": 0.046970661332098027, "error_max": 0.39821423443408693, "target": "961.xyz", "model": "1.xyz", "model_rescale": 4.316132596720782, "target_rescale": 4.117480294510245},
{"mapping": [7, 13, 15, 3, 6, 1, 2, 9, 14, 10, 4, 16], "R": [[0.13998670850465766, -0.2176979858427055, 0.9659251049652151], [-0.9851469505136607, 0.06735363320440158, 0.15795244217106175], [-0.09944449374232667, -0.9736894140608681, -0.20503589346779322]], "T": [0.07898253033750427, -0.017772436315495254, -0.09713415341047507], "aligned_model": [[-0.3356556268771558, 0.5448055558749804, 0.2911983285924957, -0.6186673409214859, -0.5263867133885792, -0.4507370099693152, -0.26245141731704336, -0.15947597294763416, 0.6822852512041045, 0.2583513643133317, 0.23616461934490762, -0.06162248327682579], [-0.6605024247979251, -0.39798971045395976, -0.566827180715119, 0.49135015703274715, -0.06637781302441487, -0.08482507822345399, 0.4521059441495634, 0.4457266498490402, 0.01591954954676689, 0.026196427580012952, 0.4694847456017103, -0.11148483880398756], [0.179388705955532, 0.12286419683069752, -0.4584295434813688, -0.02359005215669882, -0.4677976115095137, 0.43371003647934936, -0.6441418462037324, 0.5152622287874467, -0.42274744537636455, 0.6124219811941486, -0.2736454836766852, -0.12403670563338945]], "inverted": false, "swapped": true, "error_lsq": 0.04503257390215628, "error_max": 0.23464768842858838, "target": "961.xyz", "model": "2.xyz", "model_rescale": 3.795458400668931, "target_rescale": 4.117480294510245},
{"mapping": [8, 7, 1, 11, 2, 4, 10, 15, 13, 14, 3, 16], "R": [[0.3768734930038958, 0.5098553194517411, 0.7733135997108844], [-0.8528305348395496, 0.5167880567743394, 0.07490115633746969], [-0.36145047948001185, -0.6877337112590638, 0.6295839048780585]], "T": [0.10645774140315756, 0.04435148152317044, 0.08882649972776649], "aligned_model": [[-0.10538223708783684, -0.2325487026825886, -0.611568393057475, 0.2005348607698958, 0.14916851351850105, 0.23228573685900722, -0.2708007399759934, 0.6207351297479811, 0.35660481941846917, 0.7402105709799476, -0.5343128720821624, 0.048377139335819455], [-0.24332154916974083, -0.5794101439500088, -0.16084752285230816, 0.13413830298738458, 0.752771421008953, 0.5279351042161087, -0.2530356105862089, -0.3197001277621392, -0.46256506661394853, 0.11921007221019295, 0.5752462291259145, -0.004652063324489787], [-0.6568463249071025, -0.3080205699607228, -0.007226823714594127, 0.6774971378469583, -0.2757242214328266, 0.2976235676423127, 0.6427338055320758, -0.19404486658070627, 0.3895216832079137, 0.3415850430552164, -0.1538537026291952, -0.06447329742022914]], "inverted": false, "swapped": true, "error_lsq": 0.04593651471986423, "error_max": 0.2862585523276617, "target": "961.xyz", "model": "3.xyz", "model_rescale": 3.7530521520055578, "target_rescale": 4.117480294510245},
{"mapping": [6, 7, 1, 10, 3, 13, 2, 15, 12, 11, 16], "R": [[-0.7089369667412916, -0.7051974055759169, 0.0102467729872599], [0.44782614039030927, -0.43888180769845425, 0.7789958323729697], [-0.5448487176921457, 0.556847715304941, 0.6269453698599995]], "T": [-0.02727583445440545, 0.04109413552822068, 0.07467543424459391], "aligned_model": [[-0.3777088715228866, -0.2644985039600281, 0.29578495172200003, 0.5486710429705581, 0.3156974833470921, -0.07937559482733952, -0.1555927533629856, -0.6447235329954558, -0.5585743666883523, 0.37628156468289975, -0.11776181692029689], [-0.5759940314430265, -0.05135314575924131, -0.29957995782844965, 0.3474418913174337, -0.7548561504936654, 0.6465870690135469, -0.5552426394650968, 0.34465975213976574, 0.01163141688740045, 0.41428036639478233, -0.06037121244910329], [0.023443766504119862, -0.6977690210530852, -0.5139392892037598, -0.2600073927072992, 0.08741663561890808, -0.12686727401206052, 0.5889686075677628, 0.01436563204934016, 0.684129439410829, 0.32230168603101045, -0.029212012960449507]], "inverted": false, "swapped": true, "error_lsq": 0.0471878042540111, "error_max": 0.2547926946876049, "target": "961.xyz", "model": "4.xyz", "model_rescale": 3.7855080009869324, "target_rescale": 4.117480294510245},
{"mapping": [8, 10, 0, 5, 4, 2, 3, 15, 9, 7, 8, 6, 1, 13, 11, 12, 16], "R": [[-0.8208578981647991, 0.3652874492096232, -0.43904144504863724], [0.14603360352002626, 0.8774073595764633, 0.4569797719856045], [0.5521471702937762, 0.31100065082084033, -0.7735710035449815]], "T": [0.07672321176701279, 0.04725682558148252, -0.08798522096489546], "aligned_model": [[0.17157344012180026, -0.08044199695042377, -0.40751018996448624, -0.5842959479214226, -0.5798149959278766, 0.3206635961268933, -0.021968648299355728, 0.63465723560286, 0.3911754095751634, -0.5624678588435783, 0.17157344012180026, -0.21323782073147224, -0.09263123034240699, 0.4913699697199728, 0.17119427699766238, 0.5132059171993187, 0.1208200292762954], [-0.6476873396783156, -0.32267524957915283, 0.6580550616101157, 0.2094225789518806, 0.17755656681572285, 0.7020157451117003, 0.44170177345290235, -0.4349306502104035, 0.18739874919062988, -0.3364062938243385, -0.6476873396783156, -0.29883041732649523, 0.6368215716765778, -0.3584561083597377, 0.041813307625677074, 0.30608282915940027, 0.06852935392470147], [-0.14600172996041771, -0.6957792905398095, -0.11827401150470045, -0.52600255347345, 0.2266261951287044, -0.3279217412211235, -0.6510924090335559, -0.4561196664079231, -0.7111979260582643, -0.16286417618857418, -0.14600172996041771, 0.3834204302482922, 0.3556772882569262, 0.345987958191726, 0.701623425293991, 0.3653989546969063, -0.11011444190068825]], "inverted": true, "swapped": false, "error_lsq": 0.04080489786921412, "error_max": 0.32668553661741834, "target": "961.xyz", "model": "5.xyz", "model_rescale": 4.2253639853439635, "target_rescale": 4.117480294510245},
{"mapping": [7, 6, 12, 15, 5, 4, 14, 13, 3, 1, 2, 11, 10, 16], "R": [[-0.5620844327361884, 0.8209626513452911, 0.10040625265264741], [0.7442151872695953, 0.44906492244603075, 0.4944536888989923], [0.3608390853454188, 0.35264857936003413, -0.863385275507077]], "T": [0.08876370958610866, -0.0011394733759772513, 0.10130336040647743], "aligned_model": [[0.6351606485502809, -0.2611840734955533, -0.5259174304112825, 0.18985752511177711, -0.20413651013729636, -0.3253671353201244, -0.08429336025472814, 0.5691761078619267, -0.285108220765661, 0.4512791827468632, -0.6775749298514959, 0.15575640507862842, 0.6322013212864066, 0.10421262235804227], [-0.032623021339254044, 0.03442221945549023, -0.5258561823785821, -0.6682583604141279, -0.5123530931792799, 0.11908841492998246, -0.4715850535659519, -0.329395404983598, 0.6997038513428502, 0.5385781477758032, 0.12259209530368907, 0.10468769819884655, 0.3742154332612138, -0.00811759777209127], [-0.5003200289021266, -0.5171606386942253, 0.13898409794972766, -0.04622103514442623, -0.405965166968338, 0.4289051282858863, 0.5702015854821022, 0.3685252003266071, -0.24563799868270947, -0.27840945639957404, -0.08307624158741704, 0.6910133623462156, 0.419675161924806, -0.06895576100507948]], "inverted": true, "swapped": true, "error_lsq": 0.044519158227030606, "error_max": 0.23165815422881122, "target": "961.xyz", "model": "6.xyz", "model_rescale": 3.89814844738969, "target_rescale": 4.117480294510245},
{"mapping": [13, 10, 0, 14, 7, 9, 4, 15, 2, 3, 1, 6, 16], "R": [[0.906646955990618, -0.26965016855841883, -0.3244689257684975], [-0.41996273428645925, -0.5034029674751507, -0.7551269788239945], [0.0402814970375637, 0.8208984339938947, -0.5696517901865876]], "T": [-0.11485686958141111, -0.06439118729041998, -0.04378626427530112], "aligned_model": [[0.2441717491538576, -0.010574126376715148, 0.42508182354409624, -0.3021819760482806, 0.622885400820623, -0.384229701123168, -0.6461463265442517, 0.3002184613407944, -0.6542183643907542, -0.4982094495327561, 0.14421186796113067, -0.07926815476110485, -0.013109403139249187], [-0.32847653840159863, 0.31263293857136004, 0.33922855846868566, -0.6886261090776717, 0.23942228585908948, 0.6387507332869038, -0.16532092626288225, -0.5995725918420263, -0.08592838860640324, 0.59218649281951, 0.6421607395465236, 0.0791929200202886, -0.011868848911293417], [-0.503474113843397, -0.6639106596485426, -0.40982274076214914, -0.259131117312677, 0.11409105284096323, -0.32619183565706283, -0.07253901819654268, 0.09158119911679231, 0.5437557137066494, 0.372478605946365, -0.020076223773341215, 0.6521611838626095, 0.08335298455662883]], "inverted": false, "swapped": true, "error_lsq": 0.045983611776964244, "error_max": 0.24596107441832543, "target": "961.xyz", "model": "7.xyz", "model_rescale": 3.7474275329858107, "target_rescale": 4.117480294510245},
{"mapping": [4, 11, 9, 3, 0, 6, 2, 5, 1, 8, 12, 15, 14, 13, 16], "R": [[-0.3343639121470107, 0.941549783251742, 0.04104607060784468], [-0.2960851348289367, -0.06359893230141381, -0.9530418504679903], [-0.8947258614721477, -0.3308159329124252, 0.30004408233492164]], "T": [0.06760942542719472, 0.00023586890110520453, -0.03833680813491057], "aligned_model": [[-0.2510457401070298, 0.25657658402169514, 0.3781727385431899, -0.2180792222837834, 0.7921354349474088, -0.3720115155368052, -0.6803405099639049, -0.40361801530317787, 0.45549502805731934, -0.0012348720160898219, -0.6208908522745026, 0.009608961375533673, -0.10829183051280475, 0.5144713869856661, 0.05120614640603188], [0.13320048423321212, 0.33427381439510306, -0.4649231198770448, -0.7520281957970446, -0.2093828018716286, -0.4608064319434923, -0.23094351565824756, 0.01113071145887616, -0.6450848756894478, -0.4787491128569428, 0.39285842286171085, 0.38021209447998766, 0.6610363857914993, 0.4308643263069497, -0.11254022385389725], [-0.45554337171572923, -0.503261922345271, -0.6161782511785504, -0.3605334348823696, 0.10147545174175267, 0.27852156426874064, -0.19230834874435565, 0.5799489382314222, -0.037790930082386556, 0.6321061502395039, 0.12412938614241377, 0.5354968179518121, -0.09779068822164978, 0.1192355871866942, 0.08928770710423424]], "inverted": true, "swapped": true, "error_lsq": 0.048017651476241104, "error_max": 0.2693381131329815, "target": "961.xyz", "model": "8.xyz", "model_rescale": 4.019505241142653, "target_rescale": 4.117480294510245},
{"mapping": [13, 7, 15, 14, 11, 4, 6, 10, 9, 1, 8, 3, 16], "R": [[-0.7782789789679007, 0.5014731617938492, 0.3778974714087966], [0.12469648673630082, 0.7132718863279471, -0.6897057360714031], [-0.6154125584453943, -0.48966098902674726, -0.6176564568860607]], "T": [0.11466196353543136, -0.09694869338276822, -0.08478300681346916], "aligned_model": [[-0.2514045312786246, -0.6341604166435754, -0.1500073124078094, 0.3912883215837867, 0.32665243086005186, 0.6430858484551013, 0.1649417110398227, -0.16769015269424553, 0.17925321953983, -0.28007900938446173, -0.3429132165880435, 0.41419881928336283, 0.026535059975981393], [-0.5260271995431062, 0.19815748174026215, 0.03761894804882045, -0.40407904539698203, -0.6604987491233565, -0.213041980364714, 0.608321834653344, -0.6504926861763574, -0.33669161879315435, 0.04109239605494437, 0.5916417957719365, 0.3288434324992336, 0.04853361874318805], [-0.38783827851942954, 0.03213114807056498, -0.7083796236375492, -0.6327630645945692, -0.05450637690002573, -0.0608546405694919, -0.005465717783888782, 0.3043733605402187, 0.6801186136299019, 0.5413308997838803, -0.07346915447627338, 0.6082600151845011, -0.06623368668396058]], "inverted": false, "swapped": true, "error_lsq": 0.0457643053488989, "error_max": 0.2862356028633044, "target": "961.xyz", "model": "9.xyz", "model_rescale": 3.877068213659057, "target_rescale": 4.117480294510245},
{"mapping": [5, 6, 9, 7, 1, 8, 13, 3, 2, 4, 14, 12, 15, 10, 11, 16], "R": [[0.9658399408429134, -0.005224294639171262, 0.2590866947916872], [-0.22965389205640974, 0.44591885765135986, 0.8651100867833234], [-0.1200512329628508, -0.8950581428803549, 0.4294864634975938]], "T": [-0.003126371875455369, 0.06160075825063589, 0.033571128343700074], "aligned_model": [[0.3383564754923096, -0.139480438424252, -0.6057621219441466, 0.38220956770029646, -0.2233218496593638, 0.24604069141520496, 0.49161162116727214, -0.7472058980986783, -0.48433345165136865, -0.36078114525777794, 0.24633515437577921, 0.11504443064749045, 0.6311192270434487, -0.0760693059784555, -0.13011105657954516, 0.031756625068880724], [0.12459113515667418, -0.1669150673540657, -0.28526294415453557, -0.6466428752724837, -0.6514660581144529, -0.4905811491107937, 0.11174633095670362, -0.27447555838285526, 0.3270738138938514, 0.4680071052801004, 0.6927140717226608, 0.684548955323595, 0.20847960123177545, -0.2121504235849327, 0.37083913012317327, -0.05870719058086636], [-0.662038632960918, -0.626287863447919, 0.4375994866137271, -0.07319356858457762, 0.13329108157253766, -0.5291640013824042, 0.4369013659419297, -0.25751006446689717, -0.5448267037022276, 0.0476765995510295, 0.1365190341019793, -0.46897396590302814, -0.1970587526338975, 0.7098225361479569, 0.5352600928355176, -0.08298231657276656]], "inverted": false, "swapped": true, "error_lsq": 0.03813548200256311, "error_max": 0.27920304474247576, "target": "961.xyz", "model": "10.xyz", "model_rescale": 4.260839863003843, "target_rescale": 4.117480294510245},
{"mapping": [15, 7, 1, 8, 3, 6, 12, 13, 10, 9, 4, 16], "R": [[0.4414956040653798, -0.2634028651483971, 0.857729888847626], [-0.5383729360965668, 0.6869739408668368, 0.4880792827488687], [-0.717799563436554, -0.6772634164056872, 0.16148700111398806]], "T": [0.13792187181544271, 0.1282320407047692, 0.00378134034158685], "aligned_model": [[0.49992673413537436, -0.04098713744419488, -0.32331361267844827, -0.2991548091241466, -0.6819987918382217, -0.43394230709729054, 0.2636771496033221, 0.7080373979179075, 0.3199963754815094, -0.21259758918114322, 0.1258394673586153, 0.0334157719608473], [0.08009389801182266, -0.5920011148561287, -0.4259791877801328, -0.24961257752910296, 0.23645809973681495, 0.21240054052648147, 0.7833710075701865, -0.16288624877084304, -0.30644508569631324, -0.06567697543963416, 0.6118040021912707, 0.051552147568512396], [-0.5824491733115487, -0.32900582783271626, 0.2205903442469368, -0.5877060474568222, 0.263294573558464, -0.4110834901498296, -0.4539947083545273, -0.00940839857596578, 0.5654583103587109, 0.7011037840604326, 0.24728533150726373, -0.10790662065489348]], "inverted": false, "swapped": true, "error_lsq": 0.04667923016464625, "error_max": 0.25011912972636213, "target": "961.xyz", "model": "11.xyz", "model_rescale": 3.890672605050136, "target_rescale": 4.117480294510245},
{"mapping": [14, 12, 2, 11, 4, 0, 15, 10, 13, 7, 3, 6, 1, 16], "R": [[-0.8347821908910745, 0.0360203220982126, 0.5494007919242917], [-0.3945304600794559, 0.6568842762291692, -0.642533083749291], [-0.384036990198328, -0.7531305225781396, -0.5341441810228655]], "T": [0.11877065053660721, -0.026470118879758798, 0.07858608707064228], "aligned_model": [[0.4154815534089311, 0.31306450057192137, 0.4438851017332497, 0.5668142799823376, 0.6381826161614466, -0.30860407153093494, -0.27220830148938024, 0.18576050002525357, -0.052951150937523644, -0.6533618004170907, 0.29489031031860924, -0.1473215094190303, -0.19175760106720705, -0.021998592546888684], [-0.3567398768304994, 0.21141510169906522, 0.6651906195274289, -0.4194525927628956, 0.08902467113506186, -0.3989757882963081, -0.21290536747051608, -0.49129333832245387, -0.6370287313435069, -0.029537177334602528, 0.6790856176471726, 0.6268419115656642, 0.13631169086839945, 0.0702157797457554], [-0.4448810713271877, -0.6699063231951126, -0.15051272476295707, 0.16950901715119754, -0.022181882007572665, 0.5953217707715576, -0.45938080170484863, 0.6416385557461477, -0.009080009157213312, 0.3341122160704287, 0.5502881761552271, -0.01417250471397942, 0.7448958419748319, 0.08914017435634228]], "inverted": false, "swapped": true, "error_lsq": 0.04356882284276469, "error_max": 0.24064656533779058, "target": "961.xyz", "model": "12.xyz", "model_rescale": 4.124412569039231, "target_rescale": 4.117480294510245},
{"mapping": [13, 14, 12, 10, 15, 7, 11, 1, 4, 9, 6, 2, 16], "R": [[0.2595182243164671, 0.8690363018026346, -0.4212198919766592], [-0.6187399236035136, 0.4845077506256562, 0.6183956229815872], [0.7414925476272478, 0.10014062978066135, 0.6634460460959779]], "T": [0.10670566331686736, 0.09811177599859243, 0.00033452892757162515], "aligned_model": [[-0.22661156092602852, 0.01594489851430271, 0.5976370800590536, -0.5627217516783605, 0.4165275335384495, 0.2910133597641369, -0.4185929513876786, 0.0038438071585065597, 0.028924684097737352, -0.36313802687875457, 0.7495599299763036, 0.6036619064124487, 0.2312493988596408], [-0.11257359095227613, 0.5423786380319693, 0.6496320784941875, -0.1777194234631989, -0.028091353586538872, -0.6939424288019197, 0.3831105725316172, -0.45123276949220503, 0.6170998670388773, 0.015534261171626276, 0.015890358814806646, 0.6011518455613597, -0.01375267883982799], [0.5047815974677692, 0.5156235523820979, 0.3310792439987234, -0.11525281123319572, 0.6045813287358437, 0.013462398254890255, 0.07959580096416849, -0.5041795055617124, -0.13339467796848792, -0.6470842307804039, -0.2932703645236314, -0.3692130727113092, -0.035031178056913526]], "inverted": false, "swapped": true, "error_lsq": 0.039641044804957434, "error_max": 0.20239045967290636, "target": "961.xyz", "model": "13.xyz", "model_rescale": 3.9028299243045295, "target_rescale": 4.117480294510245},
{"mapping": [2, 14, 12, 4, 3, 6, 11, 9, 5, 10, 1, 13, 15, 7, 0, 16], "R": [[0.7268826300173675, 0.4514869050523608, -0.5174951369291075], [0.6858078871575343, -0.5168996465522301, 0.5123302619470166], [-0.03618264904002974, -0.7273062147131842, -0.6853586549741865]], "T": [-0.047652707430496405, 0.06456671602182104, 0.030185971817544476], "aligned_model": [[-0.01679006072481698, -0.24085542996562595, 0.12035520677971714, -0.42798032324754454, -0.12189487314550626, 0.44056095468095313, -0.6053031496775995, -0.5334826098098633, 0.6158684847535351, -0.4583619613840302, 0.05134506404751607, -0.07637266335322052, 0.4149671581538198, 0.539203907157882, 0.02160342370560031, 0.10497614360977994], [-0.6519359397606035, 0.36025322126131976, -0.10845899295718955, -0.1898635392462402, -0.7223891363081152, -0.4529940097562172, 0.2815296587871263, -0.1928209606461833, -0.07713062813019136, 0.3972483280404223, -0.09062283853544337, 0.7041917378599996, 0.44023037107827057, 0.2687824800231977, 0.47045416918835503, 0.015778361222592435], [-0.3194591201106706, -0.5583508048120177, -0.74209364810769, -0.2594658363903865, 0.3858803350961312, 0.02815660633009994, -0.04328758539099204, 0.6170795562491281, -0.3494358832361081, 0.5383367383138679, 0.7602613415624727, 0.026939996876727233, -0.31894250668227153, 0.5549590341141405, 0.6773987322616486, 0.0901831535502515]], "inverted": false, "swapped": true, "error_lsq": 0.04419022210782808, "error_max": 0.2671598214930373, "target": "961.xyz", "model": "14.xyz", "model_rescale": 3.942246331269136, "target_rescale": 4.117480294510245},
{"mapping": [13, 14, 11, 12, 6, 4, 1, 10, 0, 9, 3, 8, 15, 5, 16], "R": [[0.7536414972695513, -0.5143859186398202, 0.4091840909644182], [0.29795340660867187, 0.8222581843702597, 0.48488683806266775], [-0.5858739293428207, -0.2435130488109263, 0.7729509259812106]], "T": [-0.07599032705221309, -0.019668017338780815, -0.10260837181788918], "aligned_model": [[-0.7075419568052155, -0.31028003699139345, -0.22852486639122205, 0.1295604952175315, 0.38707342064147104, 0.23522139406728249, 0.01925432019526957, -0.3972421067222574, -0.5289547308423852, 0.19089856198865734, 0.6890525458716668, -0.0041358811613657065, -0.4736337239883984, 0.020950760041102703, -0.04740415858853343], [-0.03078813206243419, -0.5166741682430839, 0.09303222013873161, -0.7982889131006543, -0.17169684151214037, -0.15708443244444395, 0.6383849648980418, 0.5877070877102312, 0.554857604324552, 0.7034882879458845, 0.36192704842897266, -0.04238846959920822, -0.514516403174822, -0.596546787743176, -0.01326837568479949], [-0.20736725109725684, -0.5139799272287526, -0.6748645807503877, -0.18057456131070523, 0.4157399717280217, -0.5239704650872342, 0.25064668030368403, -0.3584777204603075, 0.12797556641504082, -0.33182108662012855, 0.04030594210703137, 0.7207874200883208, 0.1694868691763889, 0.4095093612682712, 0.06596626182853016]], "inverted": true, "swapped": true, "error_lsq": 0.05046504495430198, "error_max": 0.32435320627782155, "target": "961.xyz", "model": "15.xyz", "model_rescale": 4.355366556412066, "target_rescale": 4.117480294510245},
{"mapping": [7, 13, 15, 3, 6, 1, 2, 9, 14, 10, 4, 16], "R": [[0.13998670850465766, -0.2176979858427055, 0.9659251049652151], [-0.9851469505136607, 0.06735363320440158, 0.15795244217106175], [-0.09944449374232667, -0.9736894140608681, -0.20503589346779322]], "T": [0.07898253033750427, -0.017772436315495254, -0.09713415341047507], "aligned_model": [[-0.3356556268771558, 0.5448055558749804, 0.2911983285924957, -0.6186673409214859, -0.5263867133885792, -0.4507370099693152, -0.26245141731704336, -0.15947597294763416, 0.6822852512041045, 0.2583513643133317, 0.23616461934490762, -0.06162248327682579], [-0.6605024247979251, -0.39798971045395976, -0.566827180715119, 0.49135015703274715, -0.06637781302441487, -0.08482507822345399, 0.4521059441495634, 0.4457266498490402, 0.01591954954676689, 0.026196427580012952, 0.4694847456017103, -0.11148483880398756], [0.179388705955532, 0.12286419683069752, -0.4584295434813688, -0.02359005215669882, -0.4677976115095137, 0.43371003647934936, -0.6441418462037324, 0.5152622287874467, -0.42274744537636455, 0.6124219811941486, -0.2736454836766852, -0.12403670563338945]], "inverted": false, "swapped": true, "error_lsq": 0.04503257390215628, "error_max": 0.23464768842858838, "target": "961.xyz", "model": "16.xyz", "model_rescale": 3.795458400668931, "target_rescale": 4.117480294510245},
{"mapping": [13, 10, 0, 14, 7, 9, 4, 15, 2, 3, 1, 6, 16], "R": [[0.906646955990618, -0.26965016855841883, -0.3244689257684975], [-0.41996273428645925, -0.5034029674751507, -0.7551269788239945], [0.0402814970375637, 0.8208984339938947, -0.5696517901865876]], "T": [-0.11485686958141111, -0.06439118729041998, -0.04378626427530112], "aligned_model": [[0.2441717491538576, -0.010574126376715148, 0.42508182354409624, -0.3021819760482806, 0.622885400820623, -0.384229701123168, -0.6461463265442517, 0.3002184613407944, -0.6542183643907542, -0.4982094495327561, 0.14421186796113067, -0.07926815476110485, -0.013109403139249187], [-0.32847653840159863, 0.31263293857136004, 0.33922855846868566, -0.6886261090776717, 0.23942228585908948, 0.6387507332869038, -0.16532092626288225, -0.5995725918420263, -0.08592838860640324, 0.59218649281951, 0.6421607395465236, 0.0791929200202886, -0.011868848911293417], [-0.503474113843397, -0.6639106596485426, -0.40982274076214914, -0.259131117312677, 0.11409105284096323, -0.32619183565706283, -0.07253901819654268, 0.09158119911679231, 0.5437557137066494, 0.372478605946365, -0.020076223773341215, 0.6521611838626095, 0.08335298455662883]], "inverted": false, "swapped": true, "error_lsq": 0.045983611776964244, "error_max": 0.24596107441832543, "target": "961.xyz", "model": "17.xyz", "model_rescale": 3.7474275329858107, "target_rescale": 4.117480294510245},
{"mapping": [1, 8, 0, 6, 9, 4, 10, 15, 3, 11, 2, 5, 14, 16], "R": [[0.3531182060128789, -0.9334183503830454, -0.0635430228305219], [0.8719840449085426, 0.30374253286871167, 0.38390662816814786], [-0.33904477286515267, -0.19097292188866405, 0.9211829270552746]], "T": [0.04997407356691293, 0.03370571166998901, 0.132049450341952], "aligned_model": [[0.44761370910977955, 0.0061028673641356085, 0.7810531981154387, -0.37404927451993264, 0.35239262437364727, -0.28151678672528535, 0.694993368727956, 0.0012059114331924026, -0.2324679105329917, 0.22152924333667395, -0.698114117526651, -0.4049916547525847, -0.13756164955998934, 0.03865811903948765], [-0.3850130182515662, 0.23944955762906409, -0.0015152553452970896, -0.01589171843958237, -0.7110574977575151, -0.19686527925039468, -0.2511832744830915, 0.7180235225091639, -0.6940097497979293, -0.10919762313089693, -0.2252732692763538, 0.5188011766177041, 0.4151314613681263, 0.05900920911980207], [-0.35111899602815655, -0.6675783990919804, -0.09753319436688027, -0.43713426188828364, 0.15642098301121002, 0.49292733527770916, 0.33295918676053693, 0.05228845490184497, -0.2447616767665696, 0.6920429846873952, 0.032680467310070696, -0.2706164640254026, 0.671009642600836, -0.03679134372067461]], "inverted": false, "swapped": true, "error_lsq": 0.03855346200588044, "error_max": 0.20155694151428744, "target": "961.xyz", "model": "18.xyz", "model_rescale": 3.922800546911778, "target_rescale": 4.117480294510245},
{"mapping": [12, 2, 4, 14, 1, 5, 3, 13, 8, 11, 9, 10, 15, 7, 16], "R": [[0.46861700554540275, 0.8146238151965932, -0.341739874507215], [-0.34314360335639726, -0.18861375691367877, -0.920150704058034], [-0.8140335187136017, 0.5484641195351386, 0.19114533735693817]], "T": [0.12702172467933276, 0.09212200808603782, -0.002779579099794967], "aligned_model": [[-0.3590315020200422, -0.22837618680153798, 0.28511796108882315, 0.15847527025317698, 0.2706793914895367, -0.6417522455365576, 0.10996991900210779, 0.3269856183806596, -0.509285280480458, 0.6527414969975707, 0.7066028098048469, 0.7726946140445661, -0.3102973985956394, -0.13948373422572385, 0.0010101034862901592], [0.565471300016156, -0.07597907212120719, 0.21695453629988237, 0.7588205590862527, -0.5860716346569239, 0.20803474698624683, -0.6543475530272416, 0.4884173068420888, -0.31283073154139845, 0.3605931602774241, -0.45381522085040943, -0.04351025467334829, 0.5278948418457046, -0.2759952983000085, -0.006025181148639036], [-0.4435437736542099, -0.6970522923491562, -0.5054767444785836, -0.16295777794813196, 0.29100649922790434, -0.004222607366261023, -0.44303214639389366, 0.45865299255360126, 0.33602210969007174, -0.1252020415621083, -0.11574637696259871, 0.31704342974522937, 0.3068735139548328, 0.6717246984091267, 0.05856968429750603]], "inverted": true, "swapped": true, "error_lsq": 0.040852375596925804, "error_max": 0.22397804041886796, "target": "961.xyz", "model": "19.xyz", "model_rescale": 3.9282355846067225, "target_rescale": 4.117480294510245},
{"mapping": [12, 14, 13, 4, 2, 11, 9, 0, 3, 8, 15, 6, 7, 16], "R": [[0.53166617917681, -0.8442399983026347, -0.06774879471620981], [-0.5131739506126809, -0.25747123497401914, -0.818755799719017], [0.6737830291214715, 0.4700716843492282, -0.5701307229407775]], "T": [0.0070360520118876516, -0.13626195751412415, -0.04651738524007748], "aligned_model": [[-0.6139714246158028, -0.15155585863474097, 0.4939393466372999, -0.3890110984790597, -0.764971430119934, 0.10367785164245974, 0.16652010393649366, 0.7358650931856219, -0.370926104494914, 0.0664345218477539, 0.08970887340972586, -0.3711691976758757, 0.5237019910473871, 0.014280151398261701], [-0.6291450029612335, -0.7637297076740115, -0.5451574930504426, -0.17107260032697258, 0.05090925446393543, -0.2945473475334873, 0.5100157650490369, 0.09650201011205956, 0.6437460412148044, 0.11068937580355812, -0.6741579282630135, 0.16054642279410627, 0.09739273060539114, -0.06910943280889495], [0.11471655672038905, -0.2751353355589231, -0.12191740834614853, -0.4142358833904043, 0.027991902460089424, -0.6201474016716002, -0.4977525036581076, 0.008750668247670707, -0.05439284853883736, 0.7403414148173599, 0.3787638693638015, 0.4779741566858769, 0.5365377797531528, 0.11068819035936381]], "inverted": false, "swapped": true, "error_lsq": 0.04794539108927592, "error_max": 0.3118042251674633, "target": "961.xyz", "model": "20.xyz", "model_rescale": 4.067790424073018, "target_rescale": 4.117480294510245},
{"mapping": [8, 12, 1, 0, 3, 2, 9, 5, 6, 15, 14, 11, 13, 4, 16], "R": [[0.8958025302095773, -0.13015361545749715, 0.4249680732166372], [0.033358760272554536, 0.9731535002230527, 0.22772671805631248], [-0.4431986236251162, -0.18982176215324456, 0.87609513103877]], "T": [0.09622522353525895, -0.03954950991145928, 0.0925159983619763], "aligned_model": [[0.17429965976659242, 0.18004834848938217, -0.17366345622277743, 0.33883893388846464, -0.7206312749533915, -0.45659442058461397, -0.45061158227943654, 0.30286202188873435, -0.18693674998209622, 0.6863387783061764, 0.4249686671896802, 0.10047305897269157, 0.6615174858951639, -0.20792165224750972, 0.09545613578045528], [0.07511404507172623, 0.7495021041268044, -0.580472587731848, -0.7230116915952141, -0.0868799035786908, 0.5340163464523313, -0.6216789406079268, 0.5697736165927365, 0.3191336618583004, 0.28588288329949657, 0.2952940351830963, -0.24766748745314937, -0.27915881851038127, 0.17199144581769066, -0.020943568997125205], [-0.7226015158896997, 0.2504767550813469, -0.35632331200340417, -0.1573708307754665, -0.1935525029916623, 0.04787410656418967, 0.18642032902269606, -0.34392165322734924, -0.45282012010752826, -0.058780948691953216, 0.5934560021388677, 0.6583023195104287, 0.2741408263227393, 0.4875186846158216, -0.07756856594788533]], "inverted": false, "swapped": true, "error_lsq": 0.042378720912311686, "error_max": 0.22982838300959155, "target": "961.xyz", "model": "21.xyz", "model_rescale": 4.186013935880536, "target_rescale": 4.117480294510245},
{"mapping": [10, 11, 9, 7, 15, 1, 13, 14, 3, 4, 12, 6, 16], "R": [[-0.003288463773053335, -0.26087838275036396, -0.9653660732693936], [-0.8618723010207843, 0.490296023157222, -0.12956058972292403], [0.5071147037299868, 0.831596223590372, -0.22645617273786173]], "T": [-0.0390262449947834, -0.038007015097645584, 0.04217978554659009], "aligned_model": [[0.11740251027714918, -0.39169853708237345, 0.3695510061699287, 0.5565351046998978, -0.2967723968364467, 0.6763551781879162, -0.2842265823671573, -0.7204906973601105, 0.5205457638958659, -0.337852512970877, -0.5702302841836789, 0.33182709547596495, 0.08762838751714658], [-0.32243084108717196, -0.0297262146332535, 0.221822014376736, -0.5465934962585868, -0.4539846734213869, -0.10286140387053214, -0.6101579293604658, -0.10277217883540635, 0.6197600424379647, 0.390864717505755, 0.24553486670599556, 0.2688635167595381, -0.05936176077309281], [-0.6152466205877529, -0.4466954343388132, -0.5999079770424032, 0.26158352570415216, 0.5295815964270272, -0.1834697873124767, -0.10773908132380393, 0.09262790295145622, -0.032328990054535836, -0.09943207373155104, 0.5825561697173572, 0.5661302408415735, 0.155220090085116]], "inverted": false, "swapped": true, "error_lsq": 0.04580904012172385, "error_max": 0.26219933048470645, "target": "961.xyz", "model": "22.xyz", "model_rescale": 4.166573947596378, "target_rescale": 4.117480294510245},
{"mapping": [10, 9, 4, 14, 11, 1, 3, 0, 13, 15, 7, 12, 6, 7, 8, 16], "R": [[0.0884659876887493, -0.995474378444153, -0.0347063522065002], [0.27767245902257753, -0.008815476278050516, 0.9606353589569492], [-0.9565938398937188, -0.09462055399974534, 0.2756359487406753]], "T": [0.004315171201015197, -0.044074120310515164, -0.10612998340846858], "aligned_model": [[-0.7103110260799661, -0.46759157672090307, 0.22217377941756722, 0.20676931746681582, -0.2666798557319444, -0.4164387029487939, 0.1508934391831997, -0.6784320294825628, -0.3603721492239666, 0.22472683605158966, -0.28478958676685245, 0.7374967533611341, 0.4736021674054451, -0.28478958676685245, 0.19809504032739528, 0.042880421529451415], [-0.059185053129807125, 0.3759282748899132, -0.17481667433671533, -0.694694699194721, -0.40868808991116706, 0.5755121623616611, 0.709938677500078, 0.12621147105666555, -0.49433584505222516, -0.3948917091173334, 0.33863482013109575, -0.38616088409255916, 0.45633104172939665, 0.33863482013109575, 0.46644225155876684, 0.07484687309753416], [-0.26940094107767343, -0.603749515666913, -0.5843830874649169, -0.18882532676839411, -0.5024425449433084, -0.028842094176782226, -0.507763404388017, 0.19929508260789575, 0.16630914435565647, 0.446479040807375, 0.5507138618784808, -0.10479574837174088, 0.08252364645768845, 0.5507138618784808, 0.5147422311806866, 0.010686326855575856]], "inverted": true, "swapped": true, "error_lsq": 0.04100292824537463, "error_max": 0.3348492962604858, "target": "961.xyz", "model": "23.xyz", "model_rescale": 4.274766983524099, "target_rescale": 4.117480294510245},
{"mapping": [0, 15, 8, 1, 6, 3, 9, 4, 11, 12, 16], "R": [[0.22545063949822391, -0.35236420137666846, 0.9083014250445853], [0.5801219573505892, 0.797557608835495, 0.16540971914711897], [-0.7827071762476456, 0.4896338736002548, 0.38422408315154677]], "T": [0.11204946121530945, 0.12091731546820389, 0.057622646189515715], "aligned_model": [[0.1630794839055789, 0.328846287560786, -0.47491503596162843, -0.3318226766139274, -0.5294707907881844, -0.617798301170094, -0.08809687992991577, 0.1933624298917946, 0.5730327605801759, 0.184234844649151, -0.020557418165661562], [-0.26470315599815597, 0.7188284578108926, 0.46926359251839395, -0.34266279417472006, 0.42584129957881095, -0.24023830226819248, -0.6546975522457052, 0.045182867581284966, -0.19954914330645895, 0.7774436878353976, 0.18087757391193623], [-0.6035264915925171, -0.2116957865480316, -0.4090543950211596, -0.3360338148419859, 0.09884076414669393, 0.3546390704374214, 0.12894030670053291, 0.5876552062037618, 0.27726085868396305, 0.5248942581687823, -0.032353542315883714]], "inverted": false, "swapped": true, "error_lsq": 0.04695251414838095, "error_max": 0.21191765833577017, "target": "961.xyz", "model": "24.xyz", "model_rescale": 3.7841303162186577, "target_rescale": 4.117480294510245},
{"mapping": [1, 9, 2, 14, 4, 12, 11, 0, 3, 6, 7, 13, 5, 15, 8, 16], "R": [[0.22384743362703757, -0.7870810095304698, 0.5748006705764056], [0.8422981381128366, -0.1404815860712047, -0.520383291917186], [0.4903327166223334, 0.600639999010568, 0.6315104263575917]], "T": [0.10333900139619587, -0.12152554358651745, 0.09525842384784135], "aligned_model": [[0.0465651956929006, 0.22142817130473003, -0.5838675327893104, 0.3505050177267678, 0.02288174395065365, -0.2585126688315261, 0.5495945340028866, 0.5266558943727172, -0.47238873354689837, -0.5787162743691077, 0.07971603508909617, 0.6636424911644753, -0.40767323420242274, 0.13824921648629362, -0.37728980954484714, -0.0029474980336304385], [0.21265114675822971, -0.3663500965228075, -0.5209395871219002, -0.4182426651759934, -0.6543661841702026, -0.381260543271843, -0.5259834631565315, 0.3680886423588581, -0.33182918104130715, 0.07845546459336371, 0.6617288605772319, 0.09898710862077724, 0.2043425962966572, 0.2515339735855751, 0.5496715764940636, 0.010324819543789568], [-0.5770488546533541, -0.6616029081168122, 0.16451050117333937, 0.6627099627022011, 0.1490125084711007, 0.7706704945488999, 0.06851727960041905, -0.3164528228547283, -0.5176362229268952, 0.06310254985073473, -0.12256266118730579, 0.31295020217904546, 0.5822160330183009, 0.6754643267761952, 0.04888728451542175, 0.07088234272069037]], "inverted": false, "swapped": true, "error_lsq": 0.04825002705612812, "error_max": 0.32987309546189286, "target": "961.xyz", "model": "25.xyz", "model_rescale": 4.19342608120988, "target_rescale": 4.117480294510245},
{"mapping": [7, 13, 15, 3, 6, 1, 2, 9, 14, 10, 4, 16], "R": [[0.13998670850465766, -0.2176979858427055, 0.9659251049652151], [-0.9851469505136607, 0.06735363320440158, 0.15795244217106175], [-0.09944449374232667, -0.9736894140608681, -0.20503589346779322]], "T": [0.07898253033750427, -0.017772436315495254, -0.09713415341047507], "aligned_model": [[-0.3356556268771558, 0.5448055558749804, 0.2911983285924957, -0.6186673409214859, -0.5263867133885792, -0.4507370099693152, -0.26245141731704336, -0.15947597294763416, 0.6822852512041045, 0.2583513643133317, 0.23616461934490762, -0.06162248327682579], [-0.6605024247979251, -0.39798971045395976, -0.566827180715119, 0.49135015703274715, -0.06637781302441487, -0.08482507822345399, 0.4521059441495634, 0.4457266498490402, 0.01591954954676689, 0.026196427580012952, 0.4694847456017103, -0.11148483880398756], [0.179388705955532, 0.12286419683069752, -0.4584295434813688, -0.02359005215669882, -0.4677976115095137, 0.43371003647934936, -0.6441418462037324, 0.5152622287874467, -0.42274744537636455, 0.6124219811941486, -0.2736454836766852, -0.12403670563338945]], "inverted": false, "swapped": true, "error_lsq": 0.04503257390215628, "error_max": 0.23464768842858838, "target": "961.xyz", "model": "26.xyz", "model_rescale": 3.795458400668931, "target_rescale": 4.117480294510245},
