[{"mapping": [7, 9, 6, 2, 0, 12, 3, 11, 5, 1, 13], "R": [[0.09115769774097293, 0.8639149860869111, 0.49531926164547424], [0.9188083643579177, -0.2647777054568479, 0.29271821992990943], [0.38403315446520186, 0.4284199616118033, -0.8179088413533915]], "T": [0.03722026876436716, -0.03562350569738677, -0.027919067193651573], "aligned_model": [[-0.6280713487539374, -0.2656284838475625, -0.002079486715531667, 0.28997852427014, 0.48232280819682055, 0.03640433415898257, 0.4058796725346592, -0.5079246998423989, 0.11223634462091728, 0.510825910908389, -0.11975432354828425], [-0.016423392286367813, -0.48583119576781947, 0.721433115758611, 0.20517860371270852, -0.4451151842947308, -0.6087462669120156, 0.3193198417234237, -0.06037327737402738, 0.31686952645084754, -0.2872203278300753, -0.05012926512034428], [0.3304283923764575, 0.46436016312900774, 0.07141413630096799, 0.657198334269069, 0.45126015724219304, -0.10946318287372404, 0.07840952694346214, -0.4629664816762148, -0.6931427221335713, -0.24108765832530193, 0.013171352215736135]], "inverted": true, "swapped": false, "error_lsq": 0.0450476951110564, "error_max": 0.24532248717096258, "target": "962.xyz", "model": "0.xyz", "model_rescale": 3.8414455957264533, "target_rescale": 3.617822038242181},
{"mapping": [4, 0, 6, 9, 13, 11, 8, 3, 10, 12, 14], "R": [[-0.5656295914648769, -0.8039722924435353, -0.18355303931660502], [-0.7933990652205598, 0.5912394262156272, -0.1447544962871897], [0.2249023978672051, 0.0637533832145599, -0.9722933803962047]], "T": [-0.09533390781766851, 0.033733687969186334, 0.1173077730992345], "aligned_model": [[-0.6270441868104913, -0.3456878419125914, -0.0011064317469813983, 0.2118638947300663, 0.4479161143130479, 0.20623739781497477, 0.6725686861368125, -0.6921456228922974, 0.09705470348613118, 0.4596526492164321, -0.11512011035290884], [-0.028053729201851597, -0.5513197874695673, 0.8043839895992551, 0.27589689084585317, -0.36618198532455976, -0.7095881050427834, 0.2086119638836457, -0.06909888419704988, 0.2730112471580186, -0.2210447805562187, -0.007654641634531993], [0.213659883303928, 0.46451478349418257, 0.032181577750946336, 0.6763213447375254, 0.46342028132208934, -0.17042971452180372, 0.05370280228926842, -0.37929883266775666, -0.49434095968750175, -0.3402590497303463, 0.04010990117754949]], "inverted": true, "swapped": false, "error_lsq": 0.0403795692151245, "error_max": 0.19998663310363304, "target": "962.xyz", "model": "1.xyz", "model_rescale": 4.316132596720782, "target_rescale": 3.617822038242181},
{"mapping": [1, 9, 2, 0, 5, 7, 4, 10, 6, 3, 11], "R": [[-0.9921273846604679, -0.0631393795510185, -0.10815115051025807], [0.12484717964398775, -0.5663857256688669, -0.8146289900890422], [-0.009820098865180447, -0.8217180955220977, 0.5698095621782902]], "T": [-0.0595609449457817, -0.027862363904257184, 0.051393887436985246], "aligned_model": [[-0.49263307215311986, -0.3668062963032697, -0.1320839020159573, 0.17899301551595187, 0.37249054979094715, 0.0400787461833576, 0.5709447294858879, -0.4661018634500602, 0.15716173489708782, 0.4280202993917813, 0.024125310639587387], [0.12323647802103609, -0.546851785417914, 0.7879975620075486, 0.21803197911311117, -0.35656714387742844, -0.888263268664796, 0.41252654750738627, -0.17578817414672698, 0.2996879955214233, -0.3028628411143327, 0.03781482911090282], [0.34159198531109886, 0.4829049297732689, 0.22413185006819664, 0.6731189380876113, 0.3993084680965858, -0.17275636310646764, -0.0019908702366815204, -0.4069490353131055, -0.6709896707101688, -0.29161671960538565, -0.01717149489687115]], "inverted": false, "swapped": false, "error_lsq": 0.033898337784149926, "error_max": 0.17640024232599696, "target": "962.xyz", "model": "2.xyz", "model_rescale": 3.795458400668931, "target_rescale": 3.617822038242181},
{"mapping": [5, 9, 10, 4, 7, 8, 0, 6, 2, 1, 11], "R": [[0.048909644738553415, -0.5105580927405785, -0.8584510938828441], [-0.6679236234637582, 0.6223135746039995, -0.4081713464742921], [0.7426209530242146, 0.5933432807411706, -0.3105766754421717]], "T": [0.02236664879034578, -0.017334990549111425, 0.02065373546758473], "aligned_model": [[-0.5855441935368582, -0.36692667542445967, -0.16409429324001235, 0.10862410522095267, 0.44759733576885086, -0.10451541693976207, 0.729752311198999, -0.2895078287122113, -0.030057269140929325, 0.4354772889539157, 0.13338388783370855], [0.12374443979913247, -0.5608979281794912, 0.6903869572225083, 0.32790191966205484, -0.464895016002381, -0.7506168317812002, 0.3014341645092418, -0.23878123406798882, 0.392451304866752, -0.21403806286077298, 0.0022724648923547336], [0.3437104141833615, 0.5752208489567383, 0.0787286624125163, 0.5538758846339201, 0.4702882349046603, -0.21759323669926983, 0.12164727277465917, -0.4276677653940056, -0.625142080818845, -0.4116844912559496, 0.09819827377029566]], "inverted": false, "swapped": false, "error_lsq": 0.042526470041057834, "error_max": 0.24375311100949065, "target": "962.xyz", "model": "3.xyz", "model_rescale": 3.7530521520055578, "target_rescale": 3.617822038242181},
{"mapping": [8, 6, 5, 7, 0, 4, 1, 9, 3, 2, 10], "R": [[0.13960291056145413, 0.35945012067520044, 0.9226627976185852], [0.26220773212135473, -0.9119445677167904, 0.3156013476327564], [0.9548602686144955, 0.19787045296966368, -0.22156071687696272]], "T": [0.010539788887439883, -0.004489861983294922, -0.018030659481458558], "aligned_model": [[-0.7029240068998265, -0.30636925676628246, -0.12100193730228252, -0.02287972524014627, 0.40863538401940047, 0.07274431138948313, 0.7160683807472983, -0.46457276301354866, 0.13099577808183593, 0.535437448326838, 0.06805563863942447], [0.07975773669231648, -0.5482258906584351, 0.7008389904757429, 0.21994776808625294, -0.47429383618893245, -0.7293470739514036, 0.3513292296057225, 0.03031183086452873, 0.26357257749325264, -0.23009445979258591, -0.054834694566249176], [0.552365033237481, 0.36959716529812664, 0.03457852365186477, 0.5366420609921986, 0.5306263451462478, -0.12012632074913086, 0.0053798283127645535, -0.28339959896809486, -0.7206704450783052, -0.3853738172908283, 0.03996324291575713]], "inverted": true, "swapped": false, "error_lsq": 0.045774410664900504, "error_max": 0.2927340992795108, "target": "962.xyz", "model": "4.xyz", "model_rescale": 3.7855080009869324, "target_rescale": 3.617822038242181},
{"mapping": [7, 0, 15, 9, 2, 1, 14, 6, 13, 12, 16], "R": [[-0.6283005314666622, 0.7677211185787155, -0.12586789204144216], [-0.7358120978793224, -0.6389602364655588, -0.22429973881016396], [-0.25262422443847404, -0.04831252740359787, 0.9663575430050393]], "T": [-0.09426438386851152, -0.008498101261470825, 0.07244771760330987], "aligned_model": [[-0.8388601123996305, -0.18597499131932946, 0.13192997125330272, 0.2536767027158605, 0.45933636317106685, 0.06588241230239589, 0.5516497229123746, -0.5276991007149873, 0.041376117004108676, 0.40819798192351553, -0.04532581486648345], [0.0196294689245467, -0.6932385684625919, 0.7836203453703716, 0.29991606115317, -0.29509029361233535, -0.733677558812805, 0.1911317613894813, -0.08122442100110053, 0.3113838090458057, -0.19883094080835903, 0.005342514874026889], [0.15090479328518458, 0.4346542061960817, 0.09895407349089907, 0.6116431589208386, 0.46890303127615934, -0.07442534667709613, 0.0977515341589498, -0.41017252307905844, -0.5632761665292518, -0.3451289150796632, 0.08977417150503761]], "inverted": true, "swapped": false, "error_lsq": 0.04358962704188577, "error_max": 0.23821721081821437, "target": "962.xyz", "model": "5.xyz", "model_rescale": 4.2253639853439635, "target_rescale": 3.617822038242181},
{"mapping": [11, 7, 8, 9, 0, 3, 1, 2, 10, 4, 13], "R": [[0.08714316689132945, -0.055735829642650614, -0.9946354034309235], [-0.48272281712211185, 0.8710218913583705, -0.09110184742462502], [0.8714268473565883, 0.48807210744779594, 0.04899864934490554]], "T": [-0.06146900534198763, -0.0019021886997724821, 0.07767642071661442], "aligned_model": [[-0.7692787981925544, -0.20774666676736092, -0.08467539391749732, 0.20213604401938529, 0.4692597414849151, -0.06888932241198487, 0.6134270308632898, -0.22566697756387455, 0.037404290611038386, 0.4118360094662306, -0.06361670560939314], [0.17567091078097047, -0.6673995131781353, 0.732700443994188, 0.2764859097106184, -0.38512017591585407, -0.6940077566868073, 0.2589072368525975, -0.18104695905507293, 0.4504156551892392, -0.297687186319156, -0.059956387312377964], [0.34791128208507055, 0.484010486365775, 0.1530774231441411, 0.5526594436764017, 0.5408541629411305, -0.07706301948615589, -0.0456100984803947, -0.5477176863948932, -0.5501333544829443, -0.35753032365578113, 0.05912370175573121]], "inverted": false, "swapped": false, "error_lsq": 0.04573019331833344, "error_max": 0.3213436914832874, "target": "962.xyz", "model": "6.xyz", "model_rescale": 3.89814844738969, "target_rescale": 3.617822038242181},
{"mapping": [4, 11, 2, 10, 9, 8, 5, 7, 0, 6, 12], "R": [[0.8040954902958067, -0.441553591697177, 0.39807143598262495], [-0.5656623236171083, -0.3622418992990648, 0.7408150525146611], [-0.18291139419412922, -0.8208600563138209, -0.5410473083034708]], "T": [-0.03763242103869865, -0.023846693858701466, -0.07548038590939228], "aligned_model": [[-0.5641929393986629, -0.3596937018931195, -0.06503380591111496, 0.0885297536961864, 0.5912386183868112, 0.07644766892387267, 0.6805738611121551, -0.57582343164252, -0.02384445478076893, 0.524665098758338, -0.05867741526898364], [0.24104973595941787, -0.5603017895459301, 0.6404663541629263, 0.21779733683561275, -0.36179044630332674, -0.6902045476505061, 0.20732173611699262, -0.2158805600857158, 0.2881733918782325, -0.2183371100788069, 0.06066807677131366], [0.1854021362310796, 0.43816621527533867, 0.16841545836896893, 0.6061316233364074, 0.46141915310152787, -0.10077299508372074, 0.10705042597300936, -0.3991285125424668, -0.5789322163276512, -0.39699372662235505, 0.06882445575794287]], "inverted": true, "swapped": false, "error_lsq": 0.03842521418493432, "error_max": 0.1863295036553748, "target": "962.xyz", "model": "7.xyz", "model_rescale": 3.7474275329858107, "target_rescale": 3.617822038242181},
{"mapping": [8, 3, 13, 1, 0, 6, 12, 9, 11, 10, 14], "R": [[-0.42055739825000577, 0.8398467827689706, -0.3432038115315676], [0.8406161203512204, 0.503017383242327, 0.20084334781541777], [0.3413151226987298, -0.20403650072634463, -0.9175364261916251]], "T": [-0.016546937156878376, 0.0026613391077866186, 0.07961409952962795], "aligned_model": [[-0.6852958075551455, -0.2817552108758673, -0.019538265998123326, 0.34526533777578433, 0.37243902167443926, 0.09198072341039251, 0.42827260908500586, -0.510589790203576, 0.051600817857043686, 0.5479276821901362, -0.026117865377895698], [0.00799859036142644, -0.551109132957022, 0.9015722822282856, 0.09745177210898134, -0.43297435666497974, -0.8009488329957968, 0.4094710025683941, 0.010969612459102072, 0.20520424504083992, -0.2859864095769822, 0.047313405487961466], [0.2136170022840897, 0.4499347346618403, 0.0717402832663557, 0.7314641371681556, 0.38477750170560937, -0.017187432385879303, -0.05185486180949231, -0.5002074868534574, -0.5041771391273288, -0.33669617055810336, 0.11817144911629156]], "inverted": false, "swapped": false, "error_lsq": 0.04829804768424307, "error_max": 0.2666095625874016, "target": "962.xyz", "model": "8.xyz", "model_rescale": 4.019505241142653, "target_rescale": 3.617822038242181},
{"mapping": [11, 8, 6, 5, 4, 7, 2, 9, 1, 0, 12], "R": [[-0.03479281137931129, -0.45288459709112583, -0.890890005552836], [0.12341005533318877, 0.8826601876866573, -0.45352061840186964], [0.9917456420468825, -0.12572404221374517, 0.025180283764355375]], "T": [0.031028989631231886, 0.09791310629332017, 0.005791515477026436], "aligned_model": [[-0.4889451718974037, -0.3479548891279406, -0.08947720069749576, 0.11531273763864022, 0.41927066549083486, 0.11700780223703602, 0.5348110172859316, -0.5494874700448741, 0.06670800766032836, 0.5155580464616905, 0.021385706975446936], [0.12989834816520174, -0.42702043987764726, 0.7935869150880098, 0.20857912463763514, -0.5130137536275632, -0.7888696700119521, 0.40664322117253493, -0.1560345509413631, 0.14932716505761268, -0.2921883460685647, 0.09805416446630645], [0.3461638698743525, 0.1980229466508264, 0.17777421174744565, 0.6624299253706275, 0.4103053523183107, -0.15485698749422924, -0.02356060532274589, -0.2508235442146808, -0.6668071051017093, -0.18314902549611733, 0.044082979136000525]], "inverted": false, "swapped": false, "error_lsq": 0.05163200347565224, "error_max": 0.3086801573335615, "target": "962.xyz", "model": "9.xyz", "model_rescale": 3.877068213659057, "target_rescale": 3.617822038242181},
{"mapping": [11, 14, 12, 6, 13, 2, 3, 8, 1, 4, 15], "R": [[0.20101735919168406, -0.9031963611347968, 0.3792470890283317], [0.8028912681180038, -0.06989025910991953, -0.5920143269055339], [0.561210863119617, 0.4234993328382114, 0.711119316431585]], "T": [-0.001591183522927888, -0.029741168945831356, 0.047766643967700015], "aligned_model": [[-0.6635033561548708, -0.1613022319509052, -0.089717425823065, 0.1866889671415052, 0.4573058796848404, 0.0631446048516273, 0.5691846222485671, -0.5878015042959438, 0.061982302648691784, 0.5240097192835574, -0.045802325651810374], [0.2816445366468566, -0.5781286588905966, 0.6810148907618682, 0.18727392322153474, -0.4772311561088762, -0.6757802827264303, 0.24239759621225093, -0.1916444596119634, 0.2948142796536317, -0.19638837198771786, 0.04098988088965223], [0.14557510136228824, 0.5800119713503853, 0.2604984110368728, 0.5934401816825281, 0.47997572847631487, -0.08933951606389058, 0.10177418762930236, -0.42706776937949387, -0.7544358135477472, -0.3447420571234921, 0.013891592045013355]], "inverted": false, "swapped": false, "error_lsq": 0.03922170654064036, "error_max": 0.21975873715589267, "target": "962.xyz", "model": "10.xyz", "model_rescale": 4.260839863003843, "target_rescale": 3.617822038242181},
{"mapping": [7, 8, 0, 1, 2, 9, 3, 10, 5, 4, 11], "R": [[-0.8671852112814111, -0.4010986674128731, -0.29514347076368086], [0.26475083334614186, 0.1306409428011508, -0.9554265750472665], [0.42177814734447505, -0.906671276187596, -0.007098687133433534]], "T": [-0.0137458461765032, -0.02415557445603253, 0.02404490259385126], "aligned_model": [[-0.5709539054426842, -0.2767568070035799, -0.21083427543481775, 0.15341061158246966, 0.5267940376200565, -0.033303344389415394, 0.5718229124288162, -0.4446939051301052, 0.24660037986099265, 0.38601811115319834, -0.03391456326273694], [0.22024997625557544, -0.5434091465177945, 0.8171636994336858, 0.19762308959357816, -0.30469045913746773, -0.7982745422600659, 0.36920208905569774, -0.23119802279980417, 0.2702621047161693, -0.39928475070334946, 0.011318140423985268], [0.26774704610600203, 0.4445379101988073, 0.17692492054647702, 0.6919772239731465, 0.3394397957729016, -0.16593033028370308, 0.1028614548832289, -0.38185038822650313, -0.5256358911644764, -0.4613103674396853, 0.07082064310188547]], "inverted": false, "swapped": false, "error_lsq": 0.040842972285342914, "error_max": 0.22587461921980748, "target": "962.xyz", "model": "11.xyz", "model_rescale": 3.890672605050136, "target_rescale": 3.617822038242181},
{"mapping": [7, 3, 10, 4, 0, 8, 11, 5, 9, 6, 13], "R": [[-0.07552550177433985, 0.47342656176883535, -0.8775894194858286], [-0.07044007584308043, 0.8753712968957608, 0.478292053337974], [0.9946527506104607, 0.09794071259069648, -0.032764653519781424]], "T": [0.18412223772252181, -0.02028070062856894, 0.009147162784935048], "aligned_model": [[-0.6477379205210264, -0.20703996179635767, 0.05912546364451279, 0.07583597212255139, 0.35639458354121967, -0.06294966211232286, 0.5337756284933446, -0.44376490923058265, 0.07662712811080388, 0.530040730620463, 0.04388219910958821], [-0.1118126590153389, -0.5467753137693062, 0.8370382322774194, 0.16845729797505618, -0.4154640413786063, -0.6906694012555195, 0.392402666905982, -0.0482780700499447, 0.2959720272889326, -0.2871070237178242, 0.015198462799359817], [0.17222612524577124, 0.6594230365518869, 0.23032708545783678, 0.6752620900990225, 0.41269010449867455, -0.08426328749683092, -0.09183356992215759, -0.4490515493822133, -0.6938815916168353, -0.3666219864535871, 0.09530556048651297]], "inverted": false, "swapped": false, "error_lsq": 0.04517450886787544, "error_max": 0.229243814690978, "target": "962.xyz", "model": "12.xyz", "model_rescale": 4.124412569039231, "target_rescale": 3.617822038242181},
{"mapping": [0, 4, 3, 7, 10, 2, 9, 1, 6, 8, 12], "R": [[-0.21085833737432264, -0.2665442412783313, 0.9404748423010021], [0.8752476708482507, 0.37695049321068025, 0.3030673858120281], [-0.43529332206507376, 0.8870527003000348, 0.15380907208603872]], "T": [0.011026072661660509, 0.058167862101446206, 0.1517482312131472], "aligned_model": [[-0.5395913694924979, -0.4322402541372448, -0.16790961020098033, 0.35965677637627436, 0.41165579733048324, 0.06560529546536567, 0.5462174399013284, -0.4106497282896695, 0.04716112873355533, 0.38222332671898834, 0.05206044957659135], [0.19724705081984237, -0.5467268814698408, 0.7375862747885595, 0.2202112985959215, -0.45962084497692923, -0.7604668935916621, 0.37998750444098134, -0.22331196994548985, 0.31904655526218284, -0.2024672680505082, -0.05252264781284754], [0.2710998338629229, 0.38816643794765293, 0.028760355119076722, 0.6470019355229262, 0.4923364735695128, -0.1114128579667483, 0.015206698202195862, -0.48529409230359954, -0.4632715895743674, -0.4042895808189264, 0.1812784039074355]], "inverted": true, "swapped": false, "error_lsq": 0.04316564555564282, "error_max": 0.1956469801339017, "target": "962.xyz", "model": "13.xyz", "model_rescale": 3.9028299243045295, "target_rescale": 3.617822038242181},
{"mapping": [2, 1, 8, 12, 11, 9, 13, 3, 4, 10, 15], "R": [[0.4831859991011093, 0.3226495340027168, 0.8138971485885012], [0.8008382628612987, -0.5385617784836385, -0.2619337463822452], [0.35382109463676803, 0.7783626975673811, -0.5186156033380303]], "T": [-0.03066306267980575, -0.0250761874438012, -0.0121645747474136], "aligned_model": [[-0.6554848627054666, -0.2727871574122222, -0.17495311120803742, 0.26924480346415586, 0.250440470215537, 0.1714690529761121, 0.6974430156490506, -0.4990439914590784, -0.0037130109580414614, 0.5372184480354764, -0.0056444046152917884], [0.18798245690515325, -0.36203527350163317, 0.694893353521883, 0.21422693546257815, -0.46149066720929854, -0.7693611393876321, 0.26350414061227884, -0.1285804767558282, 0.22523323360620384, -0.1267814968636005, -0.1286288883298946], [0.3139542714370154, 0.4878686769627948, 0.2272751912377009, 0.5683779096179565, 0.5135538803049972, -0.08980460690927235, 0.1265231491319999, -0.4104052217035339, -0.6414357105295295, -0.4838840060543358, -0.05244151602771163]], "inverted": false, "swapped": false, "error_lsq": 0.04099884710183739, "error_max": 0.18746211676034927, "target": "962.xyz", "model": "14.xyz", "model_rescale": 3.942246331269136, "target_rescale": 3.617822038242181},
{"mapping": [8, 0, 13, 12, 1, 2, 3, 6, 10, 5, 14], "R": [[0.4772218361174448, -0.7182708936191964, -0.5063064709365027], [0.3577496478590958, -0.3674518061045369, 0.8584837561929795], [-0.8026671219063278, -0.5908181560937298, 0.08160513366582717]], "T": [-0.02631192914750187, 0.04167628796981624, -0.11240143697553133], "aligned_model": [[-0.7266289611804589, -0.23707589942387747, -0.09480047068402771, 0.22173323326405997, 0.5127046407320233, 0.03298181717983699, 0.6580078374847568, -0.5151626321827735, 0.03889131737189078, 0.4444343255650311, -0.020895956144267612], [-0.02291216865618758, -0.5009288964793713, 0.7274636423250014, 0.268121198362822, -0.23767471999553444, -0.7175316308200514, 0.18771944345017486, -0.010278045024657477, 0.31851041562790894, -0.38009585006080693, -0.023431210669087814], [0.2104380156987235, 0.33690430025743534, 0.31880022210062703, 0.6327646908940022, 0.4243159817139239, -0.060099368826048404, 0.051689343491737275, -0.37907563288402346, -0.7667040569078344, -0.16972320809536112, -0.039728269975100844]], "inverted": false, "swapped": false, "error_lsq": 0.04834690103762951, "error_max": 0.2955570739106126, "target": "962.xyz", "model": "15.xyz", "model_rescale": 4.355366556412066, "target_rescale": 3.617822038242181},
{"mapping": [1, 9, 2, 0, 5, 7, 4, 10, 6, 3, 11], "R": [[-0.9921273846604679, -0.0631393795510185, -0.10815115051025807], [0.12484717964398775, -0.5663857256688669, -0.8146289900890422], [-0.009820098865180447, -0.8217180955220977, 0.5698095621782902]], "T": [-0.0595609449457817, -0.027862363904257184, 0.051393887436985246], "aligned_model": [[-0.49263307215311986, -0.3668062963032697, -0.1320839020159573, 0.17899301551595187, 0.37249054979094715, 0.0400787461833576, 0.5709447294858879, -0.4661018634500602, 0.15716173489708782, 0.4280202993917813, 0.024125310639587387], [0.12323647802103609, -0.546851785417914, 0.7879975620075486, 0.21803197911311117, -0.35656714387742844, -0.888263268664796, 0.41252654750738627, -0.17578817414672698, 0.2996879955214233, -0.3028628411143327, 0.03781482911090282], [0.34159198531109886, 0.4829049297732689, 0.22413185006819664, 0.6731189380876113, 0.3993084680965858, -0.17275636310646764, -0.0019908702366815204, -0.4069490353131055, -0.6709896707101688, -0.29161671960538565, -0.01717149489687115]], "inverted": false, "swapped": false, "error_lsq": 0.033898337784149926, "error_max": 0.17640024232599696, "target": "962.xyz", "model": "16.xyz", "model_rescale": 3.795458400668931, "target_rescale": 3.617822038242181},
{"mapping": [4, 11, 2, 10, 9, 8, 5, 7, 0, 6, 12], "R": [[0.8040954902958067, -0.441553591697177, 0.39807143598262495], [-0.5656623236171083, -0.3622418992990648, 0.7408150525146611], [-0.18291139419412922, -0.8208600563138209, -0.5410473083034708]], "T": [-0.03763242103869865, -0.023846693858701466, -0.07548038590939228], "aligned_model": [[-0.5641929393986629, -0.3596937018931195, -0.06503380591111496, 0.0885297536961864, 0.5912386183868112, 0.07644766892387267, 0.6805738611121551, -0.57582343164252, -0.02384445478076893, 0.524665098758338, -0.05867741526898364], [0.24104973595941787, -0.5603017895459301, 0.6404663541629263, 0.21779733683561275, -0.36179044630332674, -0.6902045476505061, 0.20732173611699262, -0.2158805600857158, 0.2881733918782325, -0.2183371100788069, 0.06066807677131366], [0.1854021362310796, 0.43816621527533867, 0.16841545836896893, 0.6061316233364074, 0.46141915310152787, -0.10077299508372074, 0.10705042597300936, -0.3991285125424668, -0.5789322163276512, -0.39699372662235505, 0.06882445575794287]], "inverted": true, "swapped": false, "error_lsq": 0.03842521418493432, "error_max": 0.1863295036553748, "target": "962.xyz", "model": "17.xyz", "model_rescale": 3.7474275329858107, "target_rescale": 3.617822038242181},
{"mapping": [9, 4, 7, 2, 0, 8, 1, 5, 11, 3, 13], "R": [[0.06974485622634331, 0.09435668361527197, -0.9930923780228579], [0.15997106272152703, 0.9815750628726656, 0.10449715325437377], [0.984654718224471, -0.16615418202275342, 0.05336547268260404]], "T": [-0.031222399822031253, 0.014605329243069072, -0.01635536761636977], "aligned_model": [[-0.5858455178465298, -0.38512989058292696, -0.08918275171138085, 0.18567219651189001, 0.42391927883156766, 0.08920020114778945, 0.6170984333637035, -0.6292335438532208, 0.20924876329004224, 0.4743117979261434, 0.004130284905116216], [0.1521212443659518, -0.6305799446681251, 0.765612564043917, 0.26101725055978, -0.42052897133836414, -0.677908777897213, 0.24770282548467476, -0.31497024217580294, 0.41663882136640173, -0.19481653443542807, 0.004673942754418285], [0.3317922101387749, 0.36797687450243777, -0.009426231887858145, 0.6129860523806261, 0.5337778740540099, -0.16727607463187882, 0.0458062870666118, -0.2550655496546014, -0.5661547425966432, -0.4178112670994497, 0.08297658519605154]], "inverted": false, "swapped": false, "error_lsq": 0.04094380345716362, "error_max": 0.2635267312241372, "target": "962.xyz", "model": "18.xyz", "model_rescale": 3.922800546911778, "target_rescale": 3.617822038242181},
{"mapping": [2, 9, 5, 3, 7, 11, 12, 6, 8, 13, 14], "R": [[0.24141841370471062, -0.35128540824759424, -0.9046080430090278], [0.9197547865126023, -0.21444088049425836, 0.32873430222598476], [-0.30946450880748677, -0.9113800912490733, 0.27132645846539305]], "T": [-0.09089872470368618, 0.026529393916787138, -0.046597476290851356], "aligned_model": [[-0.6282935414648723, -0.28796355048149525, 0.08323707196314631, 0.09852403264143794, 0.43702962485592123, 0.08793026570397597, 0.6178068298603349, -0.5483114597075418, 0.04303153040163718, 0.45048319217449617, -0.03928474396484621], [-0.13432001899634632, -0.48215228139003236, 0.7667123162819045, 0.1542901289784036, -0.3585589882674212, -0.6627124167828813, 0.3072049965882298, -0.013973875160954045, 0.3159000381159073, -0.2620890906099506, -0.021338630696649083], [0.3988946561553885, 0.5576802690905198, 0.019278816439974852, 0.5508516488749583, 0.41297799596226376, -0.06107267376873182, 0.14723669913143939, -0.5612826683873606, -0.5688215384182377, -0.3554967111344807, 0.019335523522347298]], "inverted": true, "swapped": false, "error_lsq": 0.04585995359773831, "error_max": 0.2687278954659048, "target": "962.xyz", "model": "19.xyz", "model_rescale": 3.9282355846067225, "target_rescale": 3.617822038242181},
{"mapping": [2, 5, 10, 0, 3, 6, 11, 7, 9, 8, 13], "R": [[0.9170083977644279, -0.3437031070681358, -0.20239509040791054], [-0.00364715000723953, 0.5001774154373895, -0.8659152680159866], [0.3988512212922776, 0.7947897377785414, 0.4574133535387612]], "T": [0.03627960947255648, -0.08730711460931259, -0.03114545494565847], "aligned_model": [[-0.667394443704446, -0.34105005107238134, -0.2320174915428349, 0.43901313857559393, 0.28439060983737385, -0.007891075968565274, 0.5226301872954705, -0.4979726805223479, 0.2355308129065111, 0.5647277181941508, 0.014222527983669225], [0.11640214193248047, -0.5332690303111073, 0.713008275888317, 0.23923996400723238, -0.4482569144195456, -0.7352666822182491, 0.4366774842851612, -0.17633245111519102, 0.28732458826268714, -0.2852114070099828, -0.005353791241592354], [0.3457651127551111, 0.35151686259451836, 0.14132567397402118, 0.5782556430021967, 0.5808277819336017, -0.10214829537310703, 0.01646154977706553, -0.3389550657034096, -0.5773824642842158, -0.5412415895773038, 0.10515680836960285]], "inverted": true, "swapped": false, "error_lsq": 0.04586350899601066, "error_max": 0.2782147749345451, "target": "962.xyz", "model": "20.xyz", "model_rescale": 4.067790424073018, "target_rescale": 3.617822038242181},
{"mapping": [5, 6, 10, 11, 3, 2, 12, 8, 7, 0, 14], "R": [[0.8339243485881617, -0.5174264833181939, -0.1919375294015673], [0.5245325371542084, 0.6350013188445379, 0.5671322090414782], [-0.17156864019505333, -0.5736228372603941, 0.8009500872557266]], "T": [-0.08807829048194835, 0.00017530453721312927, 0.04358982268018875], "aligned_model": [[-0.6765486157101603, -0.2641434147566565, -0.027996285295917453, 0.17206112604676008, 0.5702158100669272, 0.07043007295608378, 0.6065124104218301, -0.39099494256251344, 0.005217777442810934, 0.3153956617659809, -0.06596034839295112], [0.0351677291480974, -0.47876624874305396, 0.779127107462596, 0.16350826704093405, -0.40431143924781826, -0.7244903813306115, 0.30490977695641885, -0.07100941614407066, 0.2488483323299618, -0.3161812798382506, 0.07215973042600665], [0.012859912111820818, 0.5794750373026752, 0.29039148986619084, 0.6125204698657744, 0.3996577486936802, -0.015203663224666361, 0.1517310564214115, -0.4342617590466933, -0.6536343350818267, -0.4479234639160994, 0.06396952447581393]], "inverted": false, "swapped": false, "error_lsq": 0.045171962772876835, "error_max": 0.2612962081804549, "target": "962.xyz", "model": "21.xyz", "model_rescale": 4.186013935880536, "target_rescale": 3.617822038242181},
{"mapping": [1, 7, 2, 0, 6, 4, 5, 9, 8, 11, 12], "R": [[-0.7907905329056172, 0.5271905113240889, -0.31099919266245035], [-0.5408684638425627, -0.36399104379277036, 0.7582689660399113], [0.28655128317185485, 0.7678415753321095, 0.5729813935059918]], "T": [0.0385624176934522, -0.09493314663372535, 0.014504855648092806], "aligned_model": [[-0.5330922202687232, -0.37886490653667637, 0.06284963730806961, 0.04418900522509284, 0.28549564555018975, 0.22840228056027911, 0.6328353524562511, -0.4482835642813318, -0.022304376654423114, 0.36550208465900796, 0.07746031396445816], [0.13159389926690593, -0.5648343775999409, 0.6459337217845109, 0.22261504389161843, -0.35049784271684936, -0.7951173597175407, 0.38398643176867886, -0.07665840922355568, 0.35715833070111047, -0.225687001831079, -0.11953025826364891], [0.4107619796272253, 0.3930164169026517, -0.0005157005512863369, 0.663288278072865, 0.44294798619564596, -0.02181377570509111, 0.14105323590690821, -0.370329893362349, -0.6015930750176701, -0.5098803674726015, 0.012646932871782823]], "inverted": true, "swapped": false, "error_lsq": 0.048286064987764825, "error_max": 0.27235180695947003, "target": "962.xyz", "model": "22.xyz", "model_rescale": 4.166573947596378, "target_rescale": 3.617822038242181},
{"mapping": [5, 6, 10, 14, 12, 2, 9, 0, 8, 3, 15], "R": [[-0.7820583307560446, 0.5507037982210862, -0.2917363431592619], [0.410910925527187, 0.10371091479919747, -0.9057572839529939], [-0.4685477335101089, -0.8282326803358964, -0.3073981923274064]], "T": [0.07755055654491438, -0.05637577069781365, 0.026642249080938533], "aligned_model": [[-0.7053462797620227, -0.23358901706592572, -0.0916243517542733, 0.29798980187438606, 0.3405853098573446, 0.048827400205963545, 0.5890226317336288, -0.5669951790105334, 0.1557006708655922, 0.4647992240971439, 0.014819040940889983], [0.024180561998561577, -0.622897436414699, 0.6423516998389998, 0.36966752204842335, -0.27369973448758367, -0.7117271018722373, 0.24905654146328335, -0.02404017706461655, 0.35152647951737587, -0.3103183036950639, -0.08513787327223335], [0.29430846316939147, 0.42832993867758795, 0.23664464293221535, 0.6558253822343656, 0.5860744331227478, -0.12335392489336938, -0.047900257398052266, -0.47362864453540005, -0.6673227746214352, -0.3567352560364428, 0.02734001481647258]], "inverted": true, "swapped": false, "error_lsq": 0.039560472383914864, "error_max": 0.20059546093014724, "target": "962.xyz", "model": "23.xyz", "model_rescale": 4.274766983524099, "target_rescale": 3.617822038242181},
{"mapping": [9, 4, 8, 7, 5, 2, 6, 1, 0, 3, 10], "R": [[-0.42642151071375894, -0.9025416569827155, -0.059860275738502944], [0.8647681228240541, -0.4261898055222266, 0.2655905559621582], [-0.26521837973254636, 0.06148826782257519, 0.9622257552010454]], "T": [0.08171263193305053, 0.0395103505749732, -0.002400702989541023], "aligned_model": [[-0.6639157215523036, -0.11553879474852483, -0.09184048747216383, 0.026087068720910864, 0.5060517329154404, -0.1345806058963073, 0.6738520548271899, -0.49836235919830807, 0.13342270732849934, 0.4670937559142281, 0.01191990114353314], [0.11742937823058913, -0.5517348312646585, 0.7463612470814517, 0.2329600381674196, -0.3231567909885444, -0.8312594885127147, 0.3552418799011796, -0.11847920236374965, 0.24005190166251217, -0.32298043435388063, 0.0645284805006055], [0.4045789520906611, 0.31256217821080295, 0.12109930736294204, 0.5980287196485532, 0.5931241247212063, -0.3537532942340464, 0.06615264383348805, -0.25446356485139077, -0.7118219435442967, -0.19239044985127857, -0.023534655918560132]], "inverted": false, "swapped": false, "error_lsq": 0.05128205929028026, "error_max": 0.29982767047946146, "target": "962.xyz", "model": "24.xyz", "model_rescale": 3.7841303162186577, "target_rescale": 3.617822038242181},
{"mapping": [9, 10, 5, 13, 11, 7, 3, 8, 4, 6, 15], "R": [[-0.849745750221942, 0.22903897391591146, -0.4748402977921059], [0.5179367414975145, 0.5307275952367767, -0.6708723809049865], [0.0983549276177166, -0.8160081911854408, -0.5696112184039033]], "T": [-0.13507147640936734, -0.09895348762730247, 0.015211486918991823], "aligned_model": [[-0.6113237186237792, -0.4019671093284237, 0.002361877269278889, 0.25753869829225545, 0.4674591398547816, 0.07834689667036798, 0.5244491822834813, -0.5741081033228526, 0.12345949300159587, 0.5170284790559326, -0.06905558317044411], [0.09186230997605027, -0.6675375224860253, 0.7647816941497977, 0.15051750535007039, -0.39005469479997024, -0.7114073522826453, 0.362617139069803, -0.08647707209707048, 0.33618288575983823, -0.14797835936725423, -0.09354435521238386], [0.29612756281509484, 0.4742692411392095, -0.05121406916301052, 0.644195963400475, 0.3915683824445643, -0.031247331415025892, 0.04662716709535836, -0.38045120139367844, -0.5329877626876358, -0.2920158918675741, -0.005290042899695986]], "inverted": true, "swapped": false, "error_lsq": 0.04277316434587631, "error_max": 0.2337686132492939, "target": "962.xyz", "model": "25.xyz", "model_rescale": 4.19342608120988, "target_rescale": 3.617822038242181},
{"mapping": [1, 9, 2, 0, 5, 7, 4, 10, 6, 3, 11], "R": [[-0.9921273846604679, -0.0631393795510185, -0.10815115051025807], [0.12484717964398775, -0.5663857256688669, -0.8146289900890422], [-0.009820098865180447, -0.8217180955220977, 0.5698095621782902]], "T": [-0.0595609449457817, -0.027862363904257184, 0.051393887436985246], "aligned_model": [[-0.49263307215311986, -0.3668062963032697, -0.1320839020159573, 0.17899301551595187, 0.37249054979094715, 0.0400787461833576, 0.5709447294858879, -0.4661018634500602, 0.15716173489708782, 0.4280202993917813, 0.024125310639587387], [0.12323647802103609, -0.546851785417914, 0.7879975620075486, 0.21803197911311117, -0.35656714387742844, -0.888263268664796, 0.41252654750738627, -0.17578817414672698, 0.2996879955214233, -0.3028628411143327, 0.03781482911090282], [0.34159198531109886, 0.4829049297732689, 0.22413185006819664, 0.6731189380876113, 0.3993084680965858, -0.17275636310646764, -0.0019908702366815204, -0.4069490353131055, -0.6709896707101688, -0.29161671960538565, -0.01717149489687115]], "inverted": false, "swapped": false, "error_lsq": 0.033898337784149926, "error_max": 0.17640024232599696, "target": "962.xyz", "model": "26.xyz", "model_rescale": 3.795458400668931, "target_rescale": 3.617822038242181},
{"mapping": [3, 10, 0, 7, 5, 11, 6, 9, 1, 8, 12], "R": [[0.3484422054340446, 0.404774943379634, -0.845426090610098], [-0.2722138762760758, 0.906776793546521, 0.3219556681411957], [0.8969323469665996, 0.11795377017079399, 0.4261446621365603]], "T": [-0.08618606077788449, -0.08734848527946185, -0.10058573911906403], "aligned_model": [[-0.62307499998156, -0.12056228149032247, -0.2120956113380777, -0.021825715977273508, 0.4995409046560463, -0.11938862070366449, 0.6593826040618255, -0.4363195099407638, 0.1765107782817772, 0.551833480683611, -0.03981177626940377], [0.19978223969757733, -0.4963150874678549, 0.7011716843142863, 0.11423738540712203, -0.19024782743060384, -0.7896664404714412, 0.2603248367688489, -0.062400457945138293, 0.2490465613111246, -0.3454337892989916, -0.031536926824719556], [0.31700589463665324, 0.48186685316055006, 0.1310517347803265, 0.683907078812429, 0.3611459093832406, -0.2318171056541508, -0.03397052448389269, -0.3478880921706263, -0.5106856219873825, -0.3394889636024988, 0.048454854593433114]], "inverted": true, "swapped": false, "error_lsq": 0.050314626766674524, "error_max": 0.2727812844079673, "target": "962.xyz", "model": "27.xyz", "model_rescale": 3.6321398670334006, "target_rescale": 3.617822038242181},
{"mapping": [13, 6, 2, 1, 4, 12, 3, 9, 10, 8, 14], "R": [[-0.21143432494001896, 0.10300175774680764, 0.9719496716076539], [-0.9518962252261034, -0.24735328591380829, -0.18085886306160692], [0.2217861642155654, -0.9634349951339267, 0.15034595941972134]], "T": [0.11658470739492971, 0.028727975032678897, -0.04399445107506525], "aligned_model": [[-0.6129763786907358, -0.311403750952265, -0.10832814245751146, 0.2065787642378647, 0.26021901654549284, 0.1332464264969188, 0.7682318549963219, -0.4545504455461498, -0.046302131425494386, 0.3959107168268835, 0.08356332195086906], [0.10477399845760846, -0.5022798041987597, 0.7067960775460814, 0.2846539727622107, -0.3082603679590665, -0.7776210133972562, 0.21046642125985263, -0.1816402184694326, 0.2238714919277429, -0.2017227771771579, 0.04992439730838699], [0.3143837791577556, 0.32851602536560276, 0.30683531114236995, 0.5672912019263762, 0.6991578174954808, -0.22574545336813623, 0.07384956509951544, -0.31989664653181904, -0.7788811896610335, -0.4126393304038082, 0.006710937245776968]], "inverted": false, "swapped": false, "error_lsq": 0.046136537340434707, "error_max": 0.2628156691262012, "target": "962.xyz", "model": "28.xyz", "model_rescale": 4.156811204709835, "target_rescale": 3.617822038242181},
{"mapping": [1, 7, 5, 9, 2, 0, 4, 3, 6, 10], "R": [[-0.4977750478877923, -0.10166967288153567, 0.8613264650041053], [-0.848557361778567, 0.2624668145640733, -0.4594143826916904], [-0.17936110356402438, -0.9595699291186393, -0.2169219805818336]], "T": [-0.038136413599944394, -0.10083470704928708, 0.013562443793046674], "aligned_model": [[-0.6358412265614198, 0.04087234788884132, -0.005541788904803363, 0.541267322177071, -0.14115456198817616, -0.5798602417177646, -0.31126838388463696, -0.4715724348199395, 0.26981746418644875, -0.06379312226503256], [0.028374445794352873, -0.6802959419747806, 0.08990745040311875, 0.16280603624771783, -0.3221015026677548, -0.5558691009154749, 0.5924107079198808, 0.26814349999072107, 0.39505910329321475, -0.05971436746479196], [-0.4596724387386193, -0.29108316660058314, -0.7700259171961583, -0.22929029405939516, 0.796263148862367, 0.048381285993688475, -0.18792068331434192, 0.3922384702586745, 0.4342118605889223, 0.025684461180545032]], "inverted": true, "swapped": true, "error_lsq": 0.060526342199791826, "error_max": 0.24521295775273905, "target": "962.xyz", "model": "29.xyz", "model_rescale": 4.117894457231895, "target_rescale": 3.617822038242181},
{"mapping": [4, 1, 12, 3, 0, 8, 11, 7, 10, 6, 14], "R": [[-0.9279839922364324, 0.36067398217897795, 0.09359481145924536], [0.3675403673704475, 0.9273214681725582, 0.07063266255414623], [-0.06131711430041326, 0.09994585156698417, -0.9931017260323439]], "T": [0.153463569057151, -0.00962159919798937, 0.022831662020130712], "aligned_model": [[-0.5475495679782264, -0.30052710766754065, -0.046314605320452396, 0.16485936181595473, 0.22585988331809934, 0.038751623499514165, 0.5861468777530368, -0.375489325878946, 0.08688183762176593, 0.3506769936040837, 0.13089328121490454], [0.08167308747201286, -0.6216417372572195, 0.7043960544964497, 0.14339157686898601, -0.3909305063885457, -0.6952301385816664, 0.5711098948059881, -0.07986442806445247, 0.21936653881378976, -0.32461226980213015, 0.0013041056969981066], [0.33870181579594344, 0.422271574792733, 0.21788394761666674, 0.5483916537614272, 0.6888982819623218, -0.11344668155546539, -0.009412974072560344, -0.3543664832373185, -0.6535205172342261, -0.500309987870597, -0.02550861249084343]], "inverted": false, "swapped": false, "error_lsq": 0.048391645652362335, "error_max": 0.28096126249526027, "target": "962.xyz", "model": "30.xyz", "model_rescale": 4.100398675895297, "target_rescale": 3.617822038242181},
