[{"mapping": [2, 1, 13, 3, 14, 0, 5, 12, 6, 11, 10, 9, 8, 15], "R": [[-0.8151643132628441, 0.5178905859788917, -0.2594156574633767], [-0.5498066677823897, -0.5508907632412476, 0.6278789652771469], [0.18226291571447217, 0.6544529837428475, 0.7338061880533193]], "T": [0.03859102197248506, 0.0884613254940827, 0.0026447100583087135], "aligned_model": [[0.045887669742585596, 0.40270884728510575, -0.4778298992860955, -0.2677939517391454, -0.7015560077876407, -0.1642072185169445, -0.7609344313254223, -0.09912231749352365, -0.39596464043296625, 0.3279462113611047, 0.7287505679548648, 0.12887991368224125, 0.6571712870717127, -0.052443929387573175], [-0.6329489459163756, -0.3081146932288493, -0.2643933143343239, -0.27865277318325116, 0.2599549995239629, 0.18351469716459473, 0.2254928526524696, 0.3287598606707612, 0.7277859415437568, -0.061255777437036724, 0.41699125957070116, 0.6747553082545853, -0.22095108038005046, 0.18433499690908997], [0.44675191606851605, -0.47490774169070527, 0.38644916990853395, -0.19675380432880354, 0.524225376148886, -0.7589191563256095, -0.196760319605909, 0.6310979310500413, 0.24758885363191394, 0.6669906578105229, 0.3225030923901122, 0.13066738594714158, 0.1473723176230028, 0.021282408552189956]], "inverted": false, "swapped": true, "error_lsq": 0.04132665003312353, "error_max": 0.23788732784065011, "target": "964.xyz", "model": "0.xyz", "model_rescale": 3.8414455957264533, "target_rescale": 3.9589114620156143},
{"mapping": [9, 6, 11, 14, 12, 13, 2, 10, 1, 8, 3, 4, 0, 7, 15], "R": [[0.44371641985940113, 0.3713382795698012, -0.815612420744863], [-0.44614569914346, -0.6977807927832648, -0.560406977435641], [-0.7772192444110917, 0.6125437513752778, -0.14394581886304647]], "T": [0.05719049513974548, 0.09858885404779301, -0.05738269538856561], "aligned_model": [[-0.5373677160088585, -0.6425627952451053, 0.030789585748751437, -0.2820096187103637, -0.35203468041333474, 0.26896940626348703, 0.628553369270574, -0.31712001834963854, 0.5846553457277329, 0.3407787435071278, 0.4516800455720583, -0.41893725337302545, 0.16645173401070792, -0.005934190820837536, -0.0438678036747314], [0.15329116799175097, -0.02047093244657132, -0.5308770682047107, -0.45816504444557543, -0.4515225561565656, -0.44002330530300765, -0.5223121573114697, -0.011822496829700505, 0.4954823636836811, -0.03339546311001644, 0.14061693258604457, 0.578716816314044, 0.817931267500819, 0.5355055600060621, 0.09408944376822988], [0.05120235944880236, -0.4494825828180336, 0.33065444141296796, -0.7087216827146754, -0.09705627483815982, -0.5085472582319126, 0.01840405380539395, 0.6735499104867162, 0.22926525403915476, 0.5762429883417868, -0.39057320593445305, -0.3512651760308019, -0.3747945198077595, 0.31082665177118074, -0.14452317159067177]], "inverted": false, "swapped": true, "error_lsq": 0.043698162363885656, "error_max": 0.23708461841548623, "target": "964.xyz", "model": "1.xyz", "model_rescale": 4.316132596720782, "target_rescale": 3.9589114620156143},
{"mapping": [9, 7, 4, 13, 6, 12, 5, 2, 0, 8, 3, 15], "R": [[0.38488342512280754, 0.1738779322664865, 0.9064387534392313], [-0.8688085187269246, -0.2632094166509826, 0.4193954706166683], [0.3115068327553403, -0.9489400759041535, 0.04976168696654035]], "T": [0.05351425700818444, -0.00014233681225711754, 0.0750179982704024], "aligned_model": [[-0.16721465181194548, 0.49065182372597094, 0.10320153686867689, -0.41697151330437826, -0.521190639107256, -0.6061849435178941, -0.17989034275017193, -0.1314090605329336, 0.5822242618465614, 0.29543872979309493, 0.17832802110429463, -0.0291746676822384], [-0.5584900763897754, -0.3661917761500392, -0.4212135822529548, 0.5604205669783257, -0.35974241706798926, -0.13490865240705102, 0.24415800657219608, 0.6458022696982646, -0.007847609004720453, -0.009164261660725733, 0.46245575818135504, -0.042501798755905554], [-0.013350968278020736, 0.14835020799711018, -0.5281549337858218, 0.02102541553737442, -0.3699250166738964, 0.21028368444423723, -0.6889326485621345, 0.5910375358316642, -0.5170530717519446, 0.7388815505235908, -0.12203226918482482, -0.02087102488791305]], "inverted": true, "swapped": true, "error_lsq": 0.045246243561959214, "error_max": 0.24790511864061843, "target": "964.xyz", "model": "2.xyz", "model_rescale": 3.795458400668931, "target_rescale": 3.9589114620156143},
{"mapping": [13, 12, 6, 7, 3, 0, 9, 2, 10, 1, 5, 15], "R": [[-0.10486722376070978, 0.642423379553513, -0.7591410058637093], [0.32629310694051117, -0.6988660757649026, -0.6364896043990615], [-0.9394336984289149, -0.3144493751750965, -0.13633017533973185]], "T": [0.12861997978905423, -0.006813787962467117, 0.08989002868080889], "aligned_model": [[0.02390471760907363, -0.23969180111220437, -0.6709645098526605, 0.30301702343669035, 0.25495152417570044, 0.04901368893934718, -0.2889244681529365, 0.6215189974451525, 0.24941784012026544, 0.7334833069599994, -0.4380417497874539, -0.004380744037408263], [-0.0313223758395526, -0.5332959027462775, -0.14162090592563265, 0.05569677681316144, 0.37868866854558203, 0.727323193554786, -0.2730979051611263, -0.25434660066666454, -0.6666350293761334, 0.3146875960268133, 0.5090980850204918, 0.0005934450442618604], [-0.6360141462278134, -0.1526482481167538, 0.08189585845654633, 0.6340748848806577, -0.23234044477395235, 0.38117601052520134, 0.44064910076538744, -0.5531459704854795, 0.5763109447212681, 0.3105433518932398, -0.24254098568239293, 0.08081107468319171]], "inverted": false, "swapped": true, "error_lsq": 0.047538690570813225, "error_max": 0.23475266002351894, "target": "964.xyz", "model": "3.xyz", "model_rescale": 3.7530521520055578, "target_rescale": 3.9589114620156143},
{"mapping": [10, 6, 4, 5, 7, 13, 8, 11, 2, 3, 15], "R": [[-0.12090556348009177, 0.7856262494721494, 0.6067728082733157], [-0.9844385593151249, -0.016369179021462926, -0.17496506197445502], [-0.12752477270367152, -0.618484798615526, 0.775379898003804]], "T": [0.02330255950451799, -0.10487060538841914, 0.042158023496452736], "aligned_model": [[-0.5215295481798237, -0.06443999707274572, 0.4449704664691271, 0.486461247062087, 0.19197441883780494, -0.1515674223938746, -0.32310331819165433, -0.6979435355751324, -0.38495458634239177, 0.32222334187325957, 0.03610853595854875], [-0.7269878442938473, 0.056347299963861536, -0.28192115370081494, 0.44237664504156554, -0.6508534069166452, 0.606262667237008, -0.44173205145998024, -0.07020134589625202, 0.34818357701746305, 0.2504729260581669, -0.06474395473617903], [-0.009703491481749697, -0.7477041496994914, -0.5361469869094606, -0.3865440091541329, 0.1047011411297743, 0.08919828453765818, 0.5577654281354585, 0.2037107629025668, 0.6301930920636748, 0.27190053508467343, -0.08453982936365564]], "inverted": true, "swapped": true, "error_lsq": 0.04665453912871074, "error_max": 0.2428943010956834, "target": "964.xyz", "model": "4.xyz", "model_rescale": 3.7855080009869324, "target_rescale": 3.9589114620156143},
{"mapping": [11, 1, 2, 12, 6, 13, 8, 4, 0, 7, 5, 3, 10, 14, 15, 16], "R": [[0.8356079883737868, -0.38565180778668545, 0.3911930123567843], [0.2453033011360388, -0.37522213935244303, -0.8938873735496761], [0.4915135605633639, 0.8429003673570429, -0.21893695551844855]], "T": [0.0763327493769497, -0.010570866984452209, 0.13048637722015446], "aligned_model": [[0.13980464256857275, -0.08784390299095338, 0.3538378909159673, 0.5043017215515475, -0.2445128543942284, 0.45827820233511596, 0.14718118726022505, -0.586564532815969, -0.3830637348722057, -0.5734352700181237, -0.5606205766540672, 0.014470812762793467, -0.07090712234240742, 0.724858995899459, 0.6296241316383082, 0.12202372821685102], [-0.5803032692355874, 0.09728376759275151, 0.6062279289956086, -0.1744963376830934, -0.5726273892136982, -0.6259624675531152, -0.46226372464814586, -0.10708976514092416, 0.4658169704057632, -0.1921421899680235, 0.4500616713796329, 0.6715560915281091, 0.16994609295832833, 0.1734856826909825, -0.11769641535213173, 0.017694441423579507], [-0.4207055466141504, -0.6006205531305683, -0.1667270633838144, -0.37254072137613425, 0.04547089376427978, 0.11379842379504052, 0.6655227639722391, -0.18296550014740978, -0.2824099559758463, 0.45637416084713844, 0.32338886470434525, 0.24577956291639996, 0.8209198073373299, 0.07361553560629161, 0.731910412230475, 0.13088511151225785]], "inverted": false, "swapped": false, "error_lsq": 0.03675292847641357, "error_max": 0.2425289508497343, "target": "964.xyz", "model": "5.xyz", "model_rescale": 4.2253639853439635, "target_rescale": 3.9589114620156143},
{"mapping": [2, 13, 0, 1, 3, 4, 7, 8, 6, 12, 5, 9, 10, 15], "R": [[0.33391912533769874, -0.9422054555656897, -0.027329420702927792], [-0.0050562208451840895, 0.027202759878032945, -0.9996171489554304], [0.9425881668918146, 0.3339294676384064, 0.004319522920366831]], "T": [0.07382440356325026, -0.08249606294767708, 0.017961546402091105], "aligned_model": [[0.5646723980636492, 0.0182415488393263, -0.5476779231789903, 0.19927545740284122, -0.15486961208623382, -0.5078168677054589, 0.14026641756904798, 0.7214817219856904, -0.31587959826845746, 0.25550693088503273, -0.6867124156384311, 0.02891808117332622, 0.6731719241648084, -0.014515910448367322], [-0.22784467224689559, 0.11010325055996192, -0.5111649902209346, -0.7795302256181925, -0.37525987423375196, 0.09683756913609057, -0.32854845601509075, -0.34842583298834434, 0.6227104399274408, 0.5598538012026643, 0.08416953165333207, 0.3593299994186976, 0.1653992760057117, 0.01746933005430147], [-0.6570638303542976, -0.6879555017417005, 0.26315453373561887, 0.1456959688134655, -0.3431377184976041, 0.4340388053850611, 0.53323112235191, 0.11359112849059606, 0.10954102634006309, -0.143407323401936, -0.28467236111134786, 0.4315503235132724, 0.5336086657743023, 0.023383369634045355]], "inverted": true, "swapped": true, "error_lsq": 0.042025889963929634, "error_max": 0.2779491075043958, "target": "964.xyz", "model": "6.xyz", "model_rescale": 3.89814844738969, "target_rescale": 3.9589114620156143},
{"mapping": [11, 12, 9, 2, 7, 14, 13, 8, 3, 5, 4, 0, 15], "R": [[0.9990479491782218, -0.02894679113699481, 0.0326386048363019], [0.04191403952538581, 0.8443941803668185, -0.5340802200543596], [-0.012099939398751843, 0.5349397643151236, 0.8448035511413446]], "T": [0.04524918929421061, 0.008563412295208059, 0.04384056723564128], "aligned_model": [[0.0866068243573147, -0.06447864020493176, 0.39762207650113046, -0.4016984430979687, 0.5589481395364851, -0.5845163422767743, -0.6401995876371767, 0.3777664237075749, -0.36241993715442283, -0.5170468657651751, 0.21682302879622423, 0.06656807709246079, 0.014657047049481689], [-0.383314733904735, 0.17526242280348725, 0.420946496957934, -0.6642703656828942, -0.014900737974824288, 0.4629192130622082, -0.06690393116422087, -0.6056937547233128, -0.09424191082949587, 0.5880761411241098, 0.6873047529918476, 0.3249025882529269, 0.1336950845574551], [-0.58243272724839, -0.6132994819006055, -0.22829187032849774, -0.21159974341662013, 0.30078779806513295, -0.45237539249256653, -0.20709265582850483, -0.06313645485283692, 0.34656359242792556, 0.25777770602155603, 0.2750547871921207, 0.7715883416538118, 0.008731131543770025]], "inverted": true, "swapped": true, "error_lsq": 0.04634995806874652, "error_max": 0.2712980249028088, "target": "964.xyz", "model": "7.xyz", "model_rescale": 3.7474275329858107, "target_rescale": 3.9589114620156143},
{"mapping": [13, 14, 6, 12, 4, 10, 11, 8, 9, 7, 2, 1, 3, 0, 15], "R": [[0.1492475935501823, 0.9887976222617679, 0.002101910786345751], [-0.7310492642005749, 0.10891161489385055, 0.6735764495979739], [0.6658018692758965, -0.10206626450834655, 0.7391145706303148]], "T": [0.016457593342362423, -0.00208990396669656, 0.08291908690744812], "aligned_model": [[-0.26229488345439955, 0.059771051852072196, 0.42020380812432245, -0.2043043080596189, 0.7296230581997386, -0.26332358756045326, -0.6390075252062163, -0.5160566417680367, 0.2614310444689599, 0.1945770907488089, -0.7377554561277714, -0.05078522094725828, 0.041064325974150606, 0.6696921748835223, 0.09931879121092609], [0.3485122199737343, -0.005253591833560278, -0.38943557696311654, -0.3918000547806598, -0.17963271359440885, -0.721263119540493, -0.3129737872644262, -0.12342898465129809, -0.548990514214238, -0.19713936420409342, 0.3542129446139053, 0.33378591678809966, 0.5112308283442695, 0.35129333730866047, -0.03999957800278229], [-0.49835368514629974, -0.83761773067537, -0.5040430460678408, -0.4377074415097668, 0.0240890268490226, 0.3847035763312451, -0.06273071330806987, 0.5312817510241791, -0.012842358795284003, 0.5934954376755078, -0.06516260439061536, 0.7158302263786392, 0.0173400079824097, 0.3631808550058314, -0.014668645657327894]], "inverted": true, "swapped": true, "error_lsq": 0.04898085491017858, "error_max": 0.34442713842616807, "target": "964.xyz", "model": "8.xyz", "model_rescale": 4.019505241142653, "target_rescale": 3.9589114620156143},
{"mapping": [5, 13, 3, 0, 4, 7, 8, 6, 9, 12, 2, 10, 15], "R": [[0.9019623636384742, 0.1615322689685612, 0.4004637569887762], [0.0057818528393487195, -0.9318319216702321, 0.3628440986623689], [0.43177594277291703, -0.32495629835138007, -0.8414112783914462]], "T": [0.06644902507193401, 0.02136359361581011, -0.042741786940517314], "aligned_model": [[-0.379422992360094, -0.6578097040348905, -0.1749766023976529, 0.3744357980127375, 0.29124272360586223, 0.6409156192324272, 0.34897728231308106, -0.18680794900110415, 0.2579580699394972, -0.3118933651333459, -0.41905608172313413, 0.5170060436266883, 0.019131929661104427], [-0.6129312316403368, 0.1129664061397956, 0.045846305744890875, -0.4275542674148537, -0.6808051018431571, 0.01793760119785613, 0.6589370782942993, -0.6192078912486978, -0.31496220624681714, -0.020778935019437256, 0.7101126989782423, 0.2897533904878772, -0.09593561931560343], [-0.3536262903921033, -0.117314209545538, -0.5004737437792943, -0.6204603119458414, -0.046526189021077975, -0.0636092742940301, 0.07128232088611253, 0.3851615897095845, 0.42468924092323446, 0.5288724570245926, -0.13007272266059133, 0.598761752573437, 1.8874565394143283e-05]], "inverted": true, "swapped": true, "error_lsq": 0.048199612137409836, "error_max": 0.2891877630368558, "target": "964.xyz", "model": "9.xyz", "model_rescale": 3.877068213659057, "target_rescale": 3.9589114620156143},
{"mapping": [7, 2, 13, 4, 8, 1, 0, 9, 14, 11, 10, 6, 12, 3, 5, 15], "R": [[-0.2410535688099338, 0.967118703225796, 0.08108385064147608], [-0.515715983982677, -0.05686894061284564, -0.8548701348499383], [-0.8221497435557428, -0.24788573469328018, 0.5124670347513087]], "T": [0.04810700572071764, 0.050868657032672696, 0.07816488516595475], "aligned_model": [[0.23471534003547673, -0.04840067451981125, 0.17526992888359044, 0.5953020404702696, -0.36675297695414516, 0.4713884210209079, -0.00798805906283756, -0.5293343814558282, -0.44043383121589713, -0.4779988740264998, -0.5290451455107134, 0.10185208286872516, 0.11867118482959083, 0.6229838651763436, 0.625388168318098, 0.04181623020361658], [-0.5891244100222063, 0.010933176223898236, 0.6648580788146989, -0.09690459761464425, -0.5918261490975587, -0.6955231496660659, -0.4661058871694523, -0.021969428855493633, 0.5338078596874696, -0.13812045455534094, 0.40886657273508514, 0.6037201582055802, 0.14546740440805422, 0.2894089274427387, -0.23421578684331995, -0.003781225513406185], [-0.39286884303487, -0.5771570074766371, -0.3740353767491812, -0.2917423179287494, -0.02261962136324601, 0.20715606532140263, 0.6809556448726077, -0.2331249500671081, -0.29280563094416195, 0.5599853862452299, 0.28296641382611326, 0.3460664705626545, 0.8159094136683555, 0.20216681492252747, 0.5214128534778948, 0.14943088072504204]], "inverted": true, "swapped": false, "error_lsq": 0.047775715358408744, "error_max": 0.38551225715867626, "target": "964.xyz", "model": "10.xyz", "model_rescale": 4.260839863003843, "target_rescale": 3.9589114620156143},
{"mapping": [4, 6, 12, 9, 8, 7, 0, 5, 13, 2, 3, 15], "R": [[0.6878009338165137, -0.7257692764988899, -0.013741642238475071], [-0.13222984642630148, -0.10665360713628438, -0.9854644974827335], [0.7137542596406756, 0.6796204568544842, -0.1693248105556121]], "T": [-0.1239926358451959, 0.09655345684952822, -0.010089478000176413], "aligned_model": [[0.2403673599892269, 0.20166226535499268, -0.2184352283243729, -0.24663857782305848, -0.7572047016217336, -0.39619240856981264, 0.34039029120479025, 0.6954577110826289, 0.21515973647274847, -0.29995062888958224, 0.22879658617878554, -0.04451375596048257], [0.03717531177578612, -0.5490464613135074, -0.5764580615846006, -0.265918629943538, 0.3197267964845389, 0.41762158838512753, 0.6099603769528288, -0.05371266324515893, -0.20424566994765259, 0.087489911850037, 0.34393614913124615, 0.006549856987826647], [-0.6482927644264993, -0.37713423396174606, 0.08889483202227981, -0.48110379088390237, 0.21027340885152634, -0.401601413833249, -0.39855263435827204, -0.07093500235101777, 0.5669706417725237, 0.8185683935193182, 0.27756630498862084, -0.06847566394407763]], "inverted": false, "swapped": true, "error_lsq": 0.04231850069888349, "error_max": 0.23934606186704116, "target": "964.xyz", "model": "11.xyz", "model_rescale": 3.890672605050136, "target_rescale": 3.9589114620156143},
{"mapping": [9, 10, 11, 6, 12, 0, 7, 5, 4, 1, 2, 8, 3, 15], "R": [[-0.312836085241857, -0.13764752967626115, -0.9397801558580458], [-0.14182463675636392, -0.9715808663212568, 0.18951620671425903], [-0.9391588556679192, 0.1925714874337817, 0.28442374381908736]], "T": [0.05694265909116157, 0.027227143193119054, 0.1551075393311248], "aligned_model": [[0.3261146082817845, 0.14195316730934737, 0.4378690049398471, 0.6664758172397216, 0.7238962654054681, -0.4610407001536464, -0.34800527461157865, 0.27880764595889507, 0.05190597548760305, -0.6340263395189576, 0.17852051593650775, -0.19230988436414442, -0.10455322543547103, 0.14426825831831766], [-0.2957191952818367, 0.2552557570770221, 0.6104300685018142, -0.5026542688001645, 0.11958834967851041, -0.5289586282005712, -0.09813527086977655, -0.5264973095109722, -0.7035243096974001, 0.22703568716073788, 0.7907395362927656, 0.5995698610879392, 0.05801079630006398, -0.07298855391036717], [-0.28253917659808886, -0.6369389656075575, -0.09442530776670169, 0.0825317842323485, 0.019814910519629192, 0.38421978177537663, -0.2331713467663013, 0.7398691265114961, 0.057310037323707264, 0.1785396161764936, 0.5014958784875234, -0.17598254587874873, 0.6464075770739353, 0.16765906587374885]], "inverted": true, "swapped": true, "error_lsq": 0.03948714323698773, "error_max": 0.24021930094644617, "target": "964.xyz", "model": "12.xyz", "model_rescale": 4.124412569039231, "target_rescale": 3.9589114620156143},
{"mapping": [11, 6, 5, 10, 13, 2, 9, 1, 4, 7, 3, 0, 15], "R": [[-0.8483978613602766, 0.27996900232006827, 0.4492643170553553], [0.12313753369131396, 0.9297895439502408, -0.34688406097315], [-0.5148380489394017, -0.23897439549187924, -0.8233061530582421]], "T": [0.09161207526390994, 0.03229207976960989, -0.027771666512770507], "aligned_model": [[-0.2657686862621692, -0.06320463331942613, 0.6572967800900602, -0.7151664008446585, 0.5356498246053174, 0.35598736554328847, -0.3677032130036383, 0.23621534451863963, 0.045531974247460485, -0.20086565657752534, 0.6018349351654627, 0.45398622867703986, 0.09350444466990611], [-0.4735267781453416, 0.6548301133669413, 0.5933482534524589, -0.1511907358086293, -0.15034394874212775, -0.7137883409090188, 0.40926136098994104, -0.27586154944660113, 0.7558741369447466, 0.10507532201060016, -0.04115674041558036, 0.49031741816651486, 0.1446468650445737], [0.3771029425943615, 0.4682630150921563, 0.2232218402958398, -0.07253826252283092, 0.5271854367053035, 0.274200092042694, 0.09554155544258923, -0.6618394143360927, -0.16153652104014138, -0.5172800252612525, -0.07956148357190947, -0.5653956566003424, 0.044334562127464214]], "inverted": true, "swapped": true, "error_lsq": 0.044284654768579776, "error_max": 0.2622588893830695, "target": "964.xyz", "model": "13.xyz", "model_rescale": 3.9028299243045295, "target_rescale": 3.9589114620156143},
{"mapping": [0, 8, 13, 5, 3, 4, 6, 2, 12, 6, 1, 11, 9, 10, 7, 15], "R": [[0.20235506640834663, -0.3827854173028451, 0.9014032124411145], [0.4950847584895244, 0.8341471040947623, 0.2430837111813372], [-0.8449517791035436, 0.3970817712142036, 0.3583051185221164]], "T": [0.03458347882151505, 0.010016802277601117, 0.04342818141256093], "aligned_model": [[-0.016313712759307736, -0.13858522469627751, 0.4919192285691646, 0.32836464418114064, -0.03435380215115148, 0.5233349471849095, -0.3029450458829478, -0.6058659942479921, -0.1242921160777695, -0.3029450458829478, -0.5282710267789519, -0.18882735640310952, 0.13322609971860908, 0.750455615736988, 0.5359713317023004, 0.0665607768482288], [-0.670016506710611, -0.008487670250573853, 0.5874623310581303, 0.09016166285645759, -0.5868237728540837, -0.4395605094194957, -0.18935287580342852, -0.2282859843704995, 0.5993855111982797, -0.18935287580342852, 0.22747034243474676, 0.62649120072065, 0.18519700799072802, 0.09346002904455396, -0.2898699561574177, 0.011613154246029166], [-0.4279321730939004, -0.7090193876419513, -0.2566585145427324, -0.3681192178720035, 0.2099166927481079, -0.09209125211099756, 0.5826261865293572, -0.23077251858020914, -0.29070257031714347, 0.5826261865293572, 0.2844831940988458, 0.38387436380625883, 0.7920448959818531, 0.23294576250668464, 0.7357475505884515, 0.15272699742789572]], "inverted": false, "swapped": false, "error_lsq": 0.05035463532995619, "error_max": 0.432321022300789, "target": "964.xyz", "model": "14.xyz", "model_rescale": 3.942246331269136, "target_rescale": 3.9589114620156143},
{"mapping": [7, 0, 1, 5, 14, 3, 11, 8, 10, 2, 13, 12, 4, 6, 15], "R": [[0.9770267523184298, 0.1453604180201233, 0.15584952398745697], [-0.1354317990432997, 0.9881237183566908, -0.07259300950396505], [-0.1645507613534414, 0.04981833090301669, 0.9851097303569997]], "T": [-0.14290514560481643, 0.01995697673214516, -0.10395252720833567], "aligned_model": [[-0.6936612274348912, -0.33298719091218293, -0.3993164804723935, 0.31754497031274126, 0.5338564660526393, 0.20383111635475976, -0.02803022172609812, -0.39720680069562825, -0.7151916039582007, 0.39836044417595157, 0.5824176363630791, 0.08073468346539744, -0.4108255103661947, -0.04908482165698416, -0.1161474229697852], [0.005244400728694566, -0.5921496537921209, 0.18617054814052272, -0.6765577927379274, -0.24621791527495693, -0.10059518329094219, 0.6604309508242728, 0.658251188719575, 0.4748951114396325, 0.6490725901453482, 0.0891109603300341, 0.165239268296968, -0.6487114659341567, -0.44882463362436004, -0.07721368408893331], [-0.26799622776821774, -0.5722858287289103, -0.755517527449384, -0.07877669706251426, 0.4621028985110054, -0.46952799473837015, 0.24831727735273415, -0.2689823088596184, 0.2860231187198716, -0.274135773958394, -0.016617444487733987, 0.5289298342625308, 0.05317352858945407, 0.5510389005925145, -0.016383274614451784]], "inverted": false, "swapped": true, "error_lsq": 0.037767985476107144, "error_max": 0.23594580733489956, "target": "964.xyz", "model": "15.xyz", "model_rescale": 4.355366556412066, "target_rescale": 3.9589114620156143},
{"mapping": [9, 7, 4, 13, 6, 12, 5, 2, 0, 8, 3, 15], "R": [[0.38488342512280754, 0.1738779322664865, 0.9064387534392313], [-0.8688085187269246, -0.2632094166509826, 0.4193954706166683], [0.3115068327553403, -0.9489400759041535, 0.04976168696654035]], "T": [0.05351425700818444, -0.00014233681225711754, 0.0750179982704024], "aligned_model": [[-0.16721465181194548, 0.49065182372597094, 0.10320153686867689, -0.41697151330437826, -0.521190639107256, -0.6061849435178941, -0.17989034275017193, -0.1314090605329336, 0.5822242618465614, 0.29543872979309493, 0.17832802110429463, -0.0291746676822384], [-0.5584900763897754, -0.3661917761500392, -0.4212135822529548, 0.5604205669783257, -0.35974241706798926, -0.13490865240705102, 0.24415800657219608, 0.6458022696982646, -0.007847609004720453, -0.009164261660725733, 0.46245575818135504, -0.042501798755905554], [-0.013350968278020736, 0.14835020799711018, -0.5281549337858218, 0.02102541553737442, -0.3699250166738964, 0.21028368444423723, -0.6889326485621345, 0.5910375358316642, -0.5170530717519446, 0.7388815505235908, -0.12203226918482482, -0.02087102488791305]], "inverted": true, "swapped": true, "error_lsq": 0.045246243561959214, "error_max": 0.24790511864061843, "target": "964.xyz", "model": "16.xyz", "model_rescale": 3.795458400668931, "target_rescale": 3.9589114620156143},
{"mapping": [11, 12, 9, 2, 7, 14, 13, 8, 3, 5, 4, 0, 15], "R": [[0.9990479491782218, -0.02894679113699481, 0.0326386048363019], [0.04191403952538581, 0.8443941803668185, -0.5340802200543596], [-0.012099939398751843, 0.5349397643151236, 0.8448035511413446]], "T": [0.04524918929421061, 0.008563412295208059, 0.04384056723564128], "aligned_model": [[0.0866068243573147, -0.06447864020493176, 0.39762207650113046, -0.4016984430979687, 0.5589481395364851, -0.5845163422767743, -0.6401995876371767, 0.3777664237075749, -0.36241993715442283, -0.5170468657651751, 0.21682302879622423, 0.06656807709246079, 0.014657047049481689], [-0.383314733904735, 0.17526242280348725, 0.420946496957934, -0.6642703656828942, -0.014900737974824288, 0.4629192130622082, -0.06690393116422087, -0.6056937547233128, -0.09424191082949587, 0.5880761411241098, 0.6873047529918476, 0.3249025882529269, 0.1336950845574551], [-0.58243272724839, -0.6132994819006055, -0.22829187032849774, -0.21159974341662013, 0.30078779806513295, -0.45237539249256653, -0.20709265582850483, -0.06313645485283692, 0.34656359242792556, 0.25777770602155603, 0.2750547871921207, 0.7715883416538118, 0.008731131543770025]], "inverted": true, "swapped": true, "error_lsq": 0.04634995806874652, "error_max": 0.2712980249028088, "target": "964.xyz", "model": "17.xyz", "model_rescale": 3.7474275329858107, "target_rescale": 3.9589114620156143},
{"mapping": [0, 7, 9, 1, 5, 13, 6, 10, 3, 12, 2, 8, 11, 15], "R": [[0.394767766186729, 0.7478383082645851, -0.5337567568395772], [0.7898035540111591, -0.5730341378959036, -0.21872865124907778], [-0.46943450752078536, -0.3352159624747336, -0.8168607602589659]], "T": [0.04119514426702982, -0.07354879362720096, -0.0414017874615847], "aligned_model": [[0.30344417942631025, 0.18753175370656516, 0.5663337286297967, -0.3343913123324076, 0.370228055925107, -0.2588143998581545, 0.7046704636801492, 0.16290227590152695, -0.21643124672481706, 0.19431913674534024, -0.7312125589328146, -0.40785517436455926, -0.2749146155160914, 0.1490373615969257], [-0.5266781839310719, 0.215776366304256, 0.20641323397451278, -0.040204513994676866, -0.8232235895537712, -0.4699908984459772, -0.1981150864667377, 0.7457648934266352, -0.516368723393285, 0.11231239045995323, -0.0778031553562144, 0.45067631299638106, 0.4040272669370553, -0.12217807144582618], [-0.6380934931137013, -0.516097064273174, 0.07748157572978945, -0.654372950031966, 0.12444753921849247, 0.498348857858619, 0.4078820438795674, -0.019631221128535957, -0.11849545497203282, 0.6017704010128894, 0.30657159031206677, -0.19261524781750833, 0.42709890728366556, 0.020499234703483325]], "inverted": true, "swapped": true, "error_lsq": 0.048601392062306105, "error_max": 0.2676911853003308, "target": "964.xyz", "model": "18.xyz", "model_rescale": 3.922800546911778, "target_rescale": 3.9589114620156143},
{"mapping": [11, 8, 2, 12, 0, 10, 1, 6, 7, 13, 3, 5, 9, 4, 15], "R": [[0.9665977692446721, -0.24932851574868375, -0.05936365660723805], [0.146646984532117, 0.34806305334015303, 0.9259302202796748], [-0.21019851193303152, -0.9037075866308127, 0.3730002459074941]], "T": [0.07697163528472133, -0.006484522698916827, -0.02907355174222992], "aligned_model": [[-0.13964894805069905, -0.3517321525677771, 0.36800969458440225, 0.07828094794475252, 0.24209807099367958, -0.6968087306268, -0.06567713379942643, 0.18552743644145897, -0.3748916746705957, 0.6830872793973329, 0.5176798898058289, 0.744856221051341, -0.2612558782243181, 0.049397372807836806, 0.11712844180060132], [0.5157992645131705, -0.07794633072995696, 0.1840740821465873, 0.6794430355582316, -0.6519938166627478, 0.26989781336431323, -0.6404005268995656, 0.4978334387581595, -0.34503457702126344, 0.3356353439564705, -0.2511643976784316, -0.006878904144859775, 0.2780445453006604, -0.12658427730875227, 0.05688681188256315], [-0.5063495131333522, -0.5862359463313701, -0.8015381123233579, 0.005036144438851281, 0.4024270902382139, -0.136023310437488, -0.338447923345759, 0.5965871020260155, 0.07891935123484016, -0.2616260210143764, -0.1487074695109914, 0.47263451109969545, 0.3867724321242374, 0.6978398643354558, 0.0813709677627146]], "inverted": false, "swapped": true, "error_lsq": 0.04194378360153399, "error_max": 0.25848065250312957, "target": "964.xyz", "model": "19.xyz", "model_rescale": 3.9282355846067225, "target_rescale": 3.9589114620156143},
{"mapping": [6, 5, 3, 4, 9, 0, 7, 1, 10, 11, 13, 12, 2, 15], "R": [[0.34021271782834506, 0.35166370020538207, -0.8721169351558942], [-0.8546090520441326, 0.5025433371432341, -0.13074235142894847], [0.39229921589531613, 0.7897992379401242, 0.4715066160268797]], "T": [0.046852429934575286, -0.054421723788065854, 0.01814650184226842], "aligned_model": [[-0.6888089134376073, -0.11577339268542922, 0.4168732648883021, -0.4043965012561639, -0.5301379204162783, 0.19691370793127166, 0.052366108977615046, 0.628828382376271, -0.2789574996144545, -0.007305770803313426, 0.17326986948812156, -0.41285904167495424, 0.5630748163673575, -0.060564291056061766], [-0.3951618607840065, -0.8468025837901658, -0.4141120689408093, -0.25481716539151994, 0.10995994027918769, -0.30359843948498305, 0.36123976734416624, 0.22550104003516047, 0.6905401899041834, 0.2669498032945522, -0.5756230636295107, -0.11570566493042586, -0.09294044641528461, -0.13254736006570877], [0.03460155561106827, -0.19033939763649926, -0.027806935545833782, -0.5293966239167806, -0.07319531689135196, -0.7204564832543662, -0.37891039759658196, -0.2994348429832192, 0.1776492861381793, 0.6824389116321287, 0.5190163676628495, 0.5246753186715596, 0.6887790293476046, 0.004562686004925414]], "inverted": false, "swapped": true, "error_lsq": 0.040140274460230864, "error_max": 0.2822965655258593, "target": "964.xyz", "model": "20.xyz", "model_rescale": 4.067790424073018, "target_rescale": 3.9589114620156143},
{"mapping": [7, 11, 4, 0, 6, 12, 5, 10, 9, 8, 2, 3, 1, 13, 15], "R": [[-0.34581761732871835, 0.4338299105732975, -0.8319866490738017], [-0.22054909369727035, 0.8242689732569876, 0.5214774750602219], [0.912013307366949, 0.3638299993373779, -0.18936593877401195]], "T": [0.10199845443649977, 0.0003059532237571355, 0.02245278691324757], "aligned_model": [[0.43845117743771855, 0.13770946855271352, -0.2644225477498041, 0.19792167194847707, -0.6725754288788321, -0.3796174950250718, -0.47616828831158897, 0.28827646005129237, -0.21757595174809932, 0.6692252617441455, 0.34633757689886535, 0.16806797063056497, 0.777648397140565, -0.21903940634778055, -0.025794912435650463], [-0.10059285636434755, 0.7234058114983052, -0.4422421124593895, -0.7674346677973264, 0.008030490160924594, 0.4883324007384348, -0.5531758758324145, 0.6059502606122746, 0.15260654859481643, 0.4212027654984474, 0.3993026321447283, -0.3179894628034554, -0.24707210042464334, 0.09725865173301446, -0.0266873453715218], [-0.43260550898698347, 0.175254924545936, -0.439579965388045, -0.15507148627065964, -0.217438548281719, 0.06167095362529106, 0.2615386255709816, -0.511454488552229, -0.47045618165038855, 0.0018789161294294268, 0.7287227598271053, 0.42584729390321757, 0.037010499822235386, 0.6751684174582383, -0.005236638131269147]], "inverted": false, "swapped": true, "error_lsq": 0.039086691961892225, "error_max": 0.2862449566517798, "target": "964.xyz", "model": "21.xyz", "model_rescale": 4.186013935880536, "target_rescale": 3.9589114620156143},
{"mapping": [0, 4, 7, 2, 13, 1, 3, 5, 10, 6, 14, 11, 15], "R": [[-0.4802292425904653, 0.7327551540153643, -0.48213043756322616], [-0.6967888914188325, 0.015182209376625733, 0.7171155704025393], [0.5327899354870574, 0.6803230003331978, 0.5032847105380147]], "T": [0.11946002727681237, -0.014244769503683922, -0.028079843165546476], "aligned_model": [[-0.13341831192314962, -0.3707564640192399, 0.40743057797495125, 0.4620976576126571, -0.17250423558779748, 0.6028863420454929, -0.00029812521826433347, -0.6651755527709168, 0.6047634796328074, -0.5433551457454391, -0.5996482262548685, 0.470359112700976, -0.0038070730239833928], [-0.3264849856932844, 0.2284274950681187, 0.162267907799037, -0.4248503957530248, -0.34962693916398224, -0.3948710307451837, -0.5181367937943057, -0.29446125492472347, 0.6567094364507973, 0.4440154140518914, 0.05211666895955047, 0.2468626509090845, 0.036988486382118616], [-0.7126968056712268, -0.5224333291967448, -0.4932414214809635, 0.6289739637373649, 0.5556825208549465, -0.4013536313566116, -0.015626174188065656, -0.0881355138671174, 0.0012887435599728651, 0.06272694328681098, 0.5444178217399096, 0.5687366459539102, -0.025460202036839453]], "inverted": false, "swapped": true, "error_lsq": 0.054525080865830855, "error_max": 0.38009917812336047, "target": "964.xyz", "model": "22.xyz", "model_rescale": 4.166573947596378, "target_rescale": 3.9589114620156143},
{"mapping": [3, 11, 14, 9, 4, 8, 0, 2, 12, 1, 6, 13, 5, 10, 7, 15], "R": [[-0.3167065462210238, -0.3145829275797234, 0.8948377200677906], [0.36982795961331316, 0.8277838954906596, 0.4219017689635382], [-0.8734553473813098, 0.46455506029068244, -0.14582301632223987]], "T": [0.04444523828511712, -0.02012414575958074, 0.0055296434830331975], "aligned_model": [[-0.07912046725071864, -0.17276745731410156, 0.41600986700104914, 0.4471408516273744, -0.11013761314747009, 0.5489282111262024, 0.022604646811087842, -0.5786687494160909, -0.19287350957581847, -0.45148942751830035, -0.6187699612500812, 0.33157577836778984, -0.05908464693738211, 0.6648120765342456, 0.4146218579344061, 0.0046518620686945705], [-0.4526359496599567, 0.041796621936498704, 0.6537559874415396, -0.07200947585860967, -0.726990031173379, -0.6506917844634839, -0.48193926930073083, -0.26173807258838294, 0.49009368363264916, -0.17814017689124004, 0.3087611390743411, 0.6219278143346579, 0.29020648533131377, 0.2956894220838714, -0.03774201070313539, -0.02085329501591674], [-0.3933333755076202, -0.750167247356709, -0.17832643061917897, -0.43672969423355157, 0.13319434277665843, 0.049807441011715664, 0.6785865081466005, -0.07296180753270977, -0.3302365455730063, 0.4925397070617982, 0.18184668886453095, 0.47684532578813466, 0.7697537228431963, 0.28184107913282286, 0.6171247127486971, 0.061911768506495414]], "inverted": false, "swapped": false, "error_lsq": 0.044369874081178644, "error_max": 0.3995824883413055, "target": "964.xyz", "model": "23.xyz", "model_rescale": 4.274766983524099, "target_rescale": 3.9589114620156143},
{"mapping": [4, 12, 10, 7, 8, 1, 0, 3, 5, 13, 15], "R": [[-0.613392787920412, 0.5603971642751441, -0.5565108318798495], [-0.18609058367910486, -0.7873555557853555, -0.5877427357610678], [-0.767541257779147, -0.25695572974018593, 0.5872428548398814]], "T": [-0.06813589182503388, 0.16483888413291686, 0.03959061944204416], "aligned_model": [[0.2886120404867166, 0.2340968156986356, -0.5586705119221064, -0.4599402191285321, -0.7233502066242123, -0.6089655361597197, 0.0350665110717735, 0.06981912859989833, 0.6924872492956716, 0.36016895139150923, 0.050570481248440755], [-0.32159731053601, 0.7266293820778, 0.4950843924372373, -0.15561935840324503, 0.4225092878560293, -0.19943589888571928, -0.6187564135057271, -0.0010927414558707937, -0.13639562774825414, 0.5465927297668416, 0.15766808964040174], [-0.38431756258505745, -0.21478828646717923, -0.540818884248197, -0.23290697899827484, 0.099788845311762, 0.34408668144213134, 0.11354645726498812, 0.5105889093250904, 0.20838387110026652, 0.4971076035900437, -0.02110422171399607]], "inverted": true, "swapped": true, "error_lsq": 0.04576763179571075, "error_max": 0.2922900293915432, "target": "964.xyz", "model": "24.xyz", "model_rescale": 3.7841303162186577, "target_rescale": 3.9589114620156143},
{"mapping": [0, 10, 14, 9, 1, 2, 4, 7, 11, 6, 11, 13, 3, 12, 5, 15], "R": [[0.9524037568182042, 0.045643146618760844, -0.3014030311149996], [-0.20241073337081178, -0.6446246772456108, -0.7372170104536943], [-0.22794073575133794, 0.7631354589145564, -0.6047043015659872]], "T": [0.04910665979354713, -0.11093783912972012, -0.0033176335909203963], "aligned_model": [[-0.341419799326212, -0.08038283156661692, 0.47220250446514717, 0.5628113611388765, -0.1014831183361629, 0.6876503027844153, 0.06770307205625016, -0.5422260165211542, -0.4696478259910467, -0.48385970426768365, -0.4696478259910467, 0.11468641992506338, -0.043995796676522245, 0.6445322409619016, 0.56547579778555, 0.005034538620127184], [-0.6030275786748943, 0.18716029426340586, 0.4814543577260658, -0.02002718372976499, -0.8357966769481334, -0.44623607861699605, -0.5010713379679518, -0.10322024605780351, 0.4493157863982209, -0.15362151080532388, 0.4493157863982209, 0.6304047941130047, 0.18706906440222926, 0.28258006960282367, -0.07986027677249137, -0.10494817515057474], [-0.38628854934476575, -0.7101592564259221, -0.31853240741436073, -0.26786146942267847, 0.06695880458424398, 0.21720477914734476, 0.6324137321552966, -0.2736353444053033, 0.07691470230829935, 0.4826364909873878, 0.07691470230829935, 0.2377433389220025, 0.7393301333078224, 0.2531661655567614, 0.7050155111164353, 0.04987486267701101]], "inverted": true, "swapped": false, "error_lsq": 0.051205462155676805, "error_max": 0.38818294834936307, "target": "964.xyz", "model": "25.xyz", "model_rescale": 4.19342608120988, "target_rescale": 3.9589114620156143},
{"mapping": [9, 7, 4, 13, 6, 12, 5, 2, 0, 8, 3, 15], "R": [[0.38488342512280754, 0.1738779322664865, 0.9064387534392313], [-0.8688085187269246, -0.2632094166509826, 0.4193954706166683], [0.3115068327553403, -0.9489400759041535, 0.04976168696654035]], "T": [0.05351425700818444, -0.00014233681225711754, 0.0750179982704024], "aligned_model": [[-0.16721465181194548, 0.49065182372597094, 0.10320153686867689, -0.41697151330437826, -0.521190639107256, -0.6061849435178941, -0.17989034275017193, -0.1314090605329336, 0.5822242618465614, 0.29543872979309493, 0.17832802110429463, -0.0291746676822384], [-0.5584900763897754, -0.3661917761500392, -0.4212135822529548, 0.5604205669783257, -0.35974241706798926, -0.13490865240705102, 0.24415800657219608, 0.6458022696982646, -0.007847609004720453, -0.009164261660725733, 0.46245575818135504, -0.042501798755905554], [-0.013350968278020736, 0.14835020799711018, -0.5281549337858218, 0.02102541553737442, -0.3699250166738964, 0.21028368444423723, -0.6889326485621345, 0.5910375358316642, -0.5170530717519446, 0.7388815505235908, -0.12203226918482482, -0.02087102488791305]], "inverted": true, "swapped": true, "error_lsq": 0.045246243561959214, "error_max": 0.24790511864061843, "target": "964.xyz", "model": "26.xyz", "model_rescale": 3.795458400668931, "target_rescale": 3.9589114620156143},
