[{"mapping": [12, 1, 11, 5, 10, 9, 0, 8, 7, 2, 4, 3, 6, 13], "R": [[0.4768318850266053, 0.7114543204376965, 0.516201611148696], [-0.7312925515715162, 0.6469237741912232, -0.21610375841758203], [-0.4876910471169176, -0.2744492308546679, 0.8287551280355892]], "T": [-0.16819739701062547, 0.025793775518139536, -0.08417572977879587], "aligned_model": [[0.06763822124918956, -0.48611359400702053, 0.3684589994604565, -0.334325065897259, 0.790111955654051, 0.2566540024542458, -0.4422743791375528, 0.2514874875347752, 0.40849292748401117, -0.5407104540982601, -0.017245727033800284, -0.6543371361638726, -0.44227312462458196, -0.021641700459721136], [-0.47929571042074093, -0.3478028982071333, 0.2886326109072649, 0.4315505122779201, -0.24479194475495342, -0.35084944621371306, -0.5997733240262976, 0.6794657593462617, 0.23743926029091694, 0.02814269821838658, 0.6039522709658467, 0.18713424162764697, 0.7099862913545633, 0.06599744934104287], [-0.24033584097116792, -0.38814765363317605, -0.4446996535081953, -0.7007504038012898, -0.23862791403439423, 0.37884083975237903, 0.27493434584758214, 0.0004213556616664005, 0.35631143335429205, 0.588495624056847, 0.6617133867016174, 0.019928611193672924, 0.11907136366649432, -0.02548199352849355]], "inverted": false, "swapped": false, "error_lsq": 0.05076066626096709, "error_max": 0.3360889394372308, "target": "966.xyz", "model": "0.xyz", "model_rescale": 3.8414455957264533, "target_rescale": 4.089915619752363},
{"mapping": [2, 6, 9, 8, 7, 4, 5, 13, 0, 1, 11, 10, 12, 14], "R": [[-0.5787059989139963, -0.04972073989282111, 0.8140191735121871], [-0.00871656716079153, 0.9984598713021863, 0.054789660120801956], [-0.815489661662173, 0.02461165219427605, -0.5782481113660318]], "T": [-0.03360381635485357, 0.03503891531098461, 0.025601397219878013], "aligned_model": [[0.08689455282085326, -0.3732362429536987, 0.34089488180328775, -0.31429162461539906, 0.5826175858339621, 0.1906290765635835, -0.4706850381516675, 0.2928468279350862, 0.5245259367014896, -0.22092557586228354, -0.13355655046791867, -0.7158031632276693, -0.49821368530107946, -0.08777456866388467], [-0.6545649565258365, -0.34227602396872114, 0.1357931690848504, 0.5528747401200139, -0.1104527116291287, -0.35890826648744656, -0.4581937582557492, 0.7066695026715456, 0.17464317686957287, 0.10897397133714715, 0.7191397128170077, 0.0546046193861239, 0.6373892177146434, 0.04409537757298837], [-0.20791813213921193, -0.5679560348644779, -0.5357442943265791, -0.5010510596611419, -0.08420922207484445, 0.3261716261759297, 0.023522873390442105, -0.10550669407780168, 0.46664470395416424, 0.8669943239040702, 0.5238793838146297, -0.025413647235043597, 0.08561245236027941, 0.09664722153741948]], "inverted": false, "swapped": false, "error_lsq": 0.0419556842799892, "error_max": 0.2828580904175655, "target": "966.xyz", "model": "1.xyz", "model_rescale": 4.316132596720782, "target_rescale": 4.089915619752363},
{"mapping": [2, 5, 1, 12, 3, 7, 11, 10, 6, 8, 9, 13], "R": [[-0.16568057555784482, 0.8493478450407203, -0.5011568467131887], [0.5584221809970612, -0.33806046641662646, -0.7575485389179093], [-0.8128435363914185, -0.4053681773041123, -0.4182846234035328]], "T": [0.10559880135320193, -0.16970795191888094, -0.05080690556748189], "aligned_model": [[-0.3082066480202576, 0.5593373329460445, 0.09199798796570496, -0.48230309683974265, -0.6546590923817344, -0.41338566073572863, -0.0020764966163374504, -0.21659559895883074, 0.6284103392246974, 0.16179482677423387, 0.1969487671609098, 0.03654589411282197], [-0.7181645302566171, -0.17200927829721907, -0.6408941362889218, 0.44157972877905555, -0.13831288089320976, -0.09812244368223505, 0.19515822187767395, 0.575487793110572, 0.055080979814884856, -0.010972205439504085, 0.5516157678911182, -0.027670588874616958], [0.2052280517610298, 0.053040599865512246, -0.7020956982202187, -0.04384665542869128, -0.33187089942680015, 0.37889676044250986, -0.5893526083500042, 0.5065518937511839, -0.5043021351117548, 0.5592505536234427, 0.01812735408511331, -0.1003687557819018]], "inverted": true, "swapped": true, "error_lsq": 0.04642154604372839, "error_max": 0.28207889315210316, "target": "966.xyz", "model": "2.xyz", "model_rescale": 3.795458400668931, "target_rescale": 4.089915619752363},
{"mapping": [1, 3, 2, 10, 5, 8, 7, 11, 12, 9, 4, 13], "R": [[-0.7197253913477448, -0.18495501372064455, 0.6691688904521278], [0.6382566201652844, -0.555528179701225, 0.5329323863052718], [0.2731736588042916, 0.8106664446351778, 0.5178764984801268]], "T": [0.049113413670926066, 0.12329032492064987, -0.12143365353514704], "aligned_model": [[-0.10718103286158545, -0.10121745361998999, -0.6668044718474447, 0.34768748446538245, 0.17703133358973397, -0.027454252294492686, -0.24731919358452356, 0.5224182999686988, 0.3444002492714511, 0.6674693863176309, -0.47811529646530987, 0.16238877280401404], [-0.15840583555332607, -0.6684617169543329, -0.01693191248070905, 0.03433688108177438, 0.5605112236850123, 0.4635663606536067, -0.10318234289137168, -0.2970950718530512, -0.4555791759359874, 0.1347133893976358, 0.5728893615476858, 0.019407884592772373], [-0.858046043505866, -0.029216417394087507, -0.04799815149163597, 0.8127588160656345, -0.2170534579017785, 0.40665227321583564, 0.44420973018953147, -0.30585537499267457, 0.42360350231107624, 0.26703778924740396, -0.14734020641457968, -0.05998102868975849]], "inverted": false, "swapped": true, "error_lsq": 0.04237271328941938, "error_max": 0.19579555689119116, "target": "966.xyz", "model": "3.xyz", "model_rescale": 3.7530521520055578, "target_rescale": 4.089915619752363},
{"mapping": [8, 2, 7, 3, 10, 1, 9, 5, 6, 11, 13], "R": [[-0.602370887186358, 0.7703262558603017, -0.20915729440440087], [-0.405459280043158, -0.5209960688209923, -0.7511097579581536], [-0.6875696957379696, -0.36764188527060043, 0.6261687932957654]], "T": [-0.2006586290744943, 0.023305686333726996, -0.03505663800227756], "aligned_model": [[-0.3409204758519726, -0.1534690487803408, 0.1626656500334371, 0.5405274715745214, 0.2551084756805194, -0.22302316330602762, 0.018813931319310168, -0.6188864531972611, -0.4310537208533962, 0.19439785873553092, -0.06596092290911557], [-0.580661347610601, 0.08935316169698816, -0.3806332769531686, 0.24814716186275593, -0.8393972390765673, 0.8245488234638432, -0.409889273573412, -0.06478101202864586, 0.2938477891229817, 0.2945911701981355, -0.007922598787964037], [-0.1618461101402867, -0.763757085468259, -0.43995585955138333, -0.276021696053804, 0.09834040054104551, -0.09740851617411103, 0.5104509963280722, 0.14931927214038915, 0.5999590810815402, 0.4178090443395716, 0.05594125020254188]], "inverted": false, "swapped": true, "error_lsq": 0.04811849601462708, "error_max": 0.2116346916920556, "target": "966.xyz", "model": "4.xyz", "model_rescale": 3.7855080009869324, "target_rescale": 4.089915619752363},
{"mapping": [1, 0, 6, 7, 11, 12, 2, 8, 13, 9, 15, 3, 10, 16], "R": [[0.1791344397550228, 0.03047217499289398, -0.9833525812468571], [-0.23784581082757114, -0.9685300912595022, -0.07334052492746201], [-0.9546414105649459, 0.2470241058602639, -0.1662494161147875]], "T": [-0.06531353793965389, 0.08861379498475377, 0.0014382157171654343], "aligned_model": [[0.03641729934420687, -0.47704955448601605, 0.3958140919647779, -0.16736130173499875, 0.6510229756951199, 0.35521476694927473, -0.46127107824035224, 0.18785286902572879, 0.5953593766000737, -0.569476049401204, -0.02902757561546168, -0.7402808642100908, -0.4933576353985466, -0.07993490807785072], [-0.5979645854576321, -0.399558014790501, 0.26581834904833257, 0.5497381685495399, -0.21506477879919864, -0.37453570299534067, -0.4531373479327825, 0.736421282946199, 0.24559414322035797, 0.15443143231786338, 0.5991323930962646, -0.049415204041821065, 0.6764985226724616, 0.07182911287326837], [-0.3008280629908722, -0.4464854609731827, -0.42521963669482526, -0.580214634258455, -0.163114363595533, 0.2692324470183339, 0.31048354088041, 0.10896543501042338, 0.2538983296694664, 0.49983787452695233, 0.6474817100782811, 0.08966354821469537, 0.04763422914295949, 0.050338544729181145]], "inverted": true, "swapped": false, "error_lsq": 0.04856560093214838, "error_max": 0.2821634468153806, "target": "966.xyz", "model": "5.xyz", "model_rescale": 4.2253639853439635, "target_rescale": 4.089915619752363},
{"mapping": [10, 1, 3, 0, 2, 5, 8, 7, 6, 11, 12, 9, 12, 13], "R": [[-0.3383747525417204, -0.8467990478072539, 0.410406992478269], [0.9396771264232159, -0.280848193134086, 0.19527209347555732], [-0.050094160531314755, 0.4517252096640696, 0.8907496337549714]], "T": [-0.056176601391310185, -0.019042774854809263, -0.06609740709849421], "aligned_model": [[0.06053334362698902, -0.39441039778897463, 0.4765020113859042, -0.3477301549129729, 0.5478196207307123, 0.2072718260032032, -0.5482985463785903, 0.12839943739256948, 0.4256141035054891, -0.07432626950813441, -0.30709417364972014, -0.6561992158560352, -0.30709417364972014, -0.0070649984860584325], [-0.786508768290574, -0.356273842349263, 0.3702551178289624, 0.5242545475229463, -0.3072649960494025, -0.41106455933723707, -0.49065912959484903, 0.7525288117604234, 0.26488866818589235, 0.1090739933535606, 0.7230653432607776, 0.0845209977386569, 0.7230653432607776, 0.009906243416340343], [-0.14282557690997585, -0.6233934577297913, -0.3263090881200409, -0.5788226690591779, -0.11393177663768633, 0.35539412667799297, 0.21896202670846565, -0.0665317592781432, 0.25167392649058096, 0.7012424602772864, 0.44150448161737677, -0.10903730256306104, 0.44150448161737677, -0.08775637233336835]], "inverted": false, "swapped": false, "error_lsq": 0.054347902473490674, "error_max": 0.35096001986051106, "target": "966.xyz", "model": "6.xyz", "model_rescale": 3.89814844738969, "target_rescale": 4.089915619752363},
{"mapping": [7, 10, 12, 4, 3, 9, 8, 2, 5, 6, 11, 1, 13], "R": [[0.35376851241473684, -0.6382625547296115, 0.6837168645381613], [0.9090036264382946, 0.062392514469079924, -0.4120917146221885], [0.22036389619421276, 0.7672861821825385, 0.6022554838985286]], "T": [-0.14892147871712552, 0.014188157425763001, 0.10150548608776817], "aligned_model": [[0.1979053474628622, -0.0984046710959891, 0.3395395951124961, -0.40618773622952503, 0.6534807124287176, -0.3322683902075015, -0.4105982838443084, 0.2182283400965202, -0.6094163052049986, -0.5228769314508408, 0.08402431947125319, 0.11824277292692092, -0.08303696856138457], [-0.23945791902367408, 0.24443769082811556, 0.4342722470970936, -0.626524070510128, 0.12279569082519996, 0.5594595600339829, -0.21394084767775978, -0.6204503404128253, 0.0003105982311229216, 0.5190435765591386, 0.6125881139546562, 0.021804337354633704, 0.1494426282109293], [-0.42241189099127546, -0.8546367448047618, -0.450114720677853, 0.16539969340708163, 0.053237365672951134, -0.3484585843801519, -0.4276519013565346, 0.10683983080927852, 0.16798994794531247, 0.46865425201700833, 0.2511935473748509, 0.8597559396635155, 0.03247829615687339]], "inverted": true, "swapped": true, "error_lsq": 0.05575238829700545, "error_max": 0.3668297754776111, "target": "966.xyz", "model": "7.xyz", "model_rescale": 3.7474275329858107, "target_rescale": 4.089915619752363},
{"mapping": [4, 13, 1, 12, 2, 8, 9, 0, 3, 7, 6, 11, 10, 14], "R": [[-0.16068801946597355, 0.512486572204188, 0.8435264511030491], [0.7882559286319992, -0.44769846575634376, 0.42215953706616755], [0.5939965920580756, 0.7327507059497234, -0.3320307991039005]], "T": [-0.07512878985087687, 0.10429230012911538, 0.009971069841252168], "aligned_model": [[0.12830878366494733, -0.3444526853375103, 0.4301690302125979, -0.4094192148833832, 0.6619487778584928, 0.18781293863146767, -0.5157466507139646, 0.2558672336421419, 0.4875853174609689, -0.4841427575102232, 0.046650359806958724, -0.6934030485505794, -0.49706667860815723, -0.05018899325909604], [-0.6027865803377308, -0.3678886358746158, 0.38076916475256073, 0.26746944684117807, -0.21731582511593062, -0.46491865496166085, -0.33679421696436956, 0.6715794292006194, 0.17739704365391462, 0.24874542284242196, 0.6138430089061593, 0.040874437898486646, 0.7249579351587842, 0.07385579470719442], [-0.2562590117146662, -0.7060049295379968, -0.4727674478025568, -0.48223391725442116, -0.23877452068419347, 0.278431219367933, 0.44773701782621617, 0.06326443949059372, 0.4483123374524801, 0.5350601113589275, 0.6364421484164499, 0.023937865082010363, 0.11954272316696117, -0.03501453440990322]], "inverted": true, "swapped": false, "error_lsq": 0.045468097746104205, "error_max": 0.3163140481524529, "target": "966.xyz", "model": "8.xyz", "model_rescale": 4.019505241142653, "target_rescale": 4.089915619752363},
{"mapping": [3, 1, 11, 12, 7, 9, 6, 2, 8, 4, 0, 5, 13], "R": [[-0.07293257784596369, 0.29142695576373007, 0.9538087693783424], [-0.28961661471178196, -0.9213333422970107, 0.2593589960936525], [0.9543600240850567, -0.2573231466971149, 0.15159730407321037]], "T": [0.03008623371502271, -0.05146052663831338, 0.08309773511197169], "aligned_model": [[-0.23757437983863883, -0.6771245434021614, 0.07445792633976792, 0.4316840220824307, 0.17515713668800376, 0.7032357385686495, 0.13037555350339686, -0.41573439318277344, 0.4584526086358375, -0.18925891113368432, -0.4234361949893889, 0.17474313283019477, 0.11472307563954227], [-0.5666113225135414, 0.24066745534359588, 0.14199630008929226, -0.5346302675428513, -0.7118178185932279, 0.026732895597517167, 0.637963071398513, -0.5629628184042633, -0.30073494539915746, -0.1156322564396112, 0.5993911901246849, 0.28873570855849373, -0.07971896410538573], [-0.4834286434233408, -0.16366663179205432, -0.545677564693442, -0.48665302917586384, 0.12778864620402397, -0.18922595097100728, -0.12703804477170302, 0.3609517287452425, 0.47665795539168454, 0.7377352321556271, 0.1596233537732756, 0.365956637457445, -0.05632019485600842]], "inverted": false, "swapped": true, "error_lsq": 0.05841352648334712, "error_max": 0.3362139961061508, "target": "966.xyz", "model": "9.xyz", "model_rescale": 3.877068213659057, "target_rescale": 4.089915619752363},
{"mapping": [5, 1, 7, 8, 4, 3, 12, 2, 13, 10, 14, 11, 9, 15], "R": [[0.27811826605779005, 0.8184879060815331, -0.502720377230997], [0.7657636614478442, -0.5048838748008277, -0.39836953670190933], [-0.5798760599395357, -0.2741711519550696, -0.7671857236319184]], "T": [-0.056993116665258595, 0.04815078384686467, 0.10068443799305582], "aligned_model": [[-0.03609862798790654, -0.035435756514437824, 0.24176830350470063, -0.4253122793625945, 0.5366597511795553, 0.3078302956960966, -0.4944944181969268, 0.3190726155259846, 0.4888267313202997, -0.5069347395676382, -0.019578859203645063, -0.7941038090925403, -0.25476338896841505, -0.12351340591787102], [-0.6656927278173935, -0.3225905333273822, 0.2667357723951375, 0.428597370130412, -0.07182134538441862, -0.45122010625407805, -0.5267794593270392, 0.5815713717348038, 0.2631454878657413, 0.3008445554048281, 0.6431282769355506, 0.08259096526005344, 0.6777864477608656, 0.0034916953299305165], [-0.2170989842307629, -0.6835303069376085, -0.6268104321030769, -0.4604967494885156, -0.20143083876783735, 0.24314121965343838, 0.2910604930935392, -0.01928388881971027, 0.6041687642163543, 0.5874176023199411, 0.6047910762106895, 0.08898070878805242, 0.09113697653129746, 0.05962786029203401]], "inverted": true, "swapped": false, "error_lsq": 0.04600112238184086, "error_max": 0.2540136338210329, "target": "966.xyz", "model": "10.xyz", "model_rescale": 4.260839863003843, "target_rescale": 4.089915619752363},
{"mapping": [1, 3, 7, 2, 8, 5, 0, 11, 12, 10, 9, 13], "R": [[-0.96111933581812, -0.1978851344053705, -0.19259048755819844], [0.04072747872022377, -0.7914142799527895, 0.6099218884118701], [-0.2731133369017885, 0.578363995307606, 0.7687029297057439]], "T": [-0.051503425488505825, 0.1331034971747102, -0.1731636582790599], "aligned_model": [[0.4105870384670604, 0.2900941660463357, -0.3875960055132139, -0.4340620922690861, -0.5796961855334339, -0.18986002514161215, 0.22495944730338835, 0.5834415101969045, 0.19149545031487325, -0.30691060816784754, 0.109198382449381, 0.047247570941380726], [0.060007172832001576, -0.6008949892545132, -0.3795967335633346, -0.3768741183800504, 0.195817361788982, 0.5760751239664423, 0.5707022707900504, 0.10730468498386861, -0.34097911917669727, -0.0743003373731968, 0.3446922456522304, 0.0911249432671511], [-0.8270044832433426, -0.12284476031473587, 0.11544481095764283, -0.535330975594505, 0.1697714863463293, -0.20924474376301963, -0.7791523662273092, 0.002711634176360056, 0.48679613957655365, 0.7550203653019334, 0.5071375894124799, -0.04712661923288172]], "inverted": false, "swapped": true, "error_lsq": 0.05347719879655713, "error_max": 0.3266712329225847, "target": "966.xyz", "model": "11.xyz", "model_rescale": 3.890672605050136, "target_rescale": 4.089915619752363},
{"mapping": [10, 10, 5, 7, 9, 11, 2, 5, 6, 0, 8, 4, 3, 13], "R": [[0.9973197544383183, 0.03269978418498836, 0.06545251348380898], [-0.024034740256928432, 0.9913470413616099, -0.12904795559932405], [-0.06910599588946675, 0.12712894122833843, 0.9894759186732576]], "T": [0.006422299799361708, 0.06571548756780125, 0.19363928729477128], "aligned_model": [[-0.21903050709208882, -0.21903050709208882, 0.3875050307698975, -0.25402986928379595, 0.6952183249176453, 0.15196842575758168, -0.3770041286961756, 0.3875050307698975, 0.4173941384034529, -0.3781882869379753, 0.06328649384417162, -0.6658118121594068, -0.6906415429829451, -0.09521837780350902], [-0.570873608982759, -0.570873608982759, 0.49073737404251744, 0.6131632643173899, -0.07249819171757711, -0.46415530565347635, -0.5330731954240837, 0.49073737404251744, 0.1081857638143773, 0.2530159023342023, 0.7588527671081736, -0.07502620300202213, 0.6692530550390722, 0.11234238377143832], [-0.3924203158688234, -0.3924203158688234, -0.33466415771441227, -0.4058853324067153, -0.14143895828535127, 0.22219505037090326, 0.19299065898138243, -0.33466415771441227, 0.5953316664252071, 0.6006869392289292, 0.382102071379956, 0.05453458183986723, 0.24756108009193317, 0.06776469029819454]], "inverted": true, "swapped": false, "error_lsq": 0.058128373424877706, "error_max": 0.3797237609765405, "target": "966.xyz", "model": "12.xyz", "model_rescale": 4.124412569039231, "target_rescale": 4.089915619752363},
{"mapping": [1, 11, 12, 0, 3, 2, 6, 4, 9, 5, 7, 10, 13], "R": [[-0.18793662619328644, -0.9811808767760222, 0.044316042062906735], [0.6388466801744066, -0.1563877770432274, -0.7532713869659573], [0.7460259672191205, -0.11325612672396212, 0.6562151369743474]], "T": [0.05036783745756079, 0.03498332329014163, -0.08375357838305801], "aligned_model": [[-0.37590581032980674, -0.07686427114035671, 0.656845668327675, -0.6913098342618659, 0.5337000064178292, 0.42177542366739906, -0.5784761528150487, 0.009901089685024442, 0.15107088194621893, -0.2689116483140295, 0.7206536479043782, 0.7564483729653073, 0.10837093345703282], [-0.3370819154730976, 0.45352629325992383, 0.5515993050082836, -0.21986189551213464, -0.00021645536160681822, -0.5961455287407271, 0.39177300436861184, -0.5087059359846792, 0.7450402363250139, 0.08109988549687895, -0.02740270741848455, 0.6422533870005498, 0.17160770353994548], [0.4874177875021409, 0.4095886369096221, 0.20717989107414542, 0.05807331113107948, 0.566727531370461, -0.04733593612961566, -0.001435593987642883, -0.5121750854107553, -0.22189384857809402, -0.41931598419670874, -0.16082181404300502, -0.4038287387417253, -0.010482075932062893]], "inverted": true, "swapped": true, "error_lsq": 0.04246987199589049, "error_max": 0.24018007919379572, "target": "966.xyz", "model": "13.xyz", "model_rescale": 3.9028299243045295, "target_rescale": 4.089915619752363},
{"mapping": [0, 8, 1, 12, 6, 3, 4, 11, 9, 10, 14, 5, 13, 15], "R": [[0.8658906502346689, -0.40278849260169947, 0.2966391950903198], [-0.3080439141750989, -0.896573353264116, -0.3182218866709561], [0.39413491189675953, 0.18416745761504444, -0.9004110276866584]], "T": [-0.02174901516582639, 0.0051234398014397, -0.02862868707329206], "aligned_model": [[-0.24944987582338574, -0.5062422194237953, 0.467615822204518, -0.2864579743320885, 0.6359693885363688, 0.2485004302012086, -0.34575708010717443, 0.2773261717468306, 0.47839018772169783, -0.31390118673142925, -0.08783185386037096, -0.5334671156788212, -0.6255075222716886, 0.04473524023279152], [-0.7589429669040981, -0.17183230977548575, 0.2649284402596355, 0.5103354768792808, -0.07873033028405922, -0.5439207987133542, -0.45994474887199877, 0.6779447670280598, 0.33401718243794193, 0.13074515803928777, 0.7669601864951954, -0.00108021284528146, 0.5095067235819477, 0.029801203379940105], [-0.2557217372633471, -0.6034853277039262, -0.36807260501146816, -0.4272892613588091, 0.0405327828584655, 0.09055649099290486, 0.34298082251934303, -0.08963837925490056, 0.46384988124541987, 0.6453289485429591, 0.41666726238066104, -0.04304860234224881, 0.08852300918129061, 0.06049021597149049]], "inverted": true, "swapped": false, "error_lsq": 0.052070705418648736, "error_max": 0.33931901448752805, "target": "966.xyz", "model": "14.xyz", "model_rescale": 3.942246331269136, "target_rescale": 4.089915619752363},
{"mapping": [13, 12, 1, 0, 3, 4, 11, 5, 10, 6, 9, 8, 7, 14], "R": [[0.73337214682821, -0.5484792096301596, -0.40166634270256973], [-0.12122705946604187, 0.4758577892813438, -0.8711276395761354], [0.6689314571088726, 0.6875535768096535, 0.2824903267484619]], "T": [-0.019789472379561482, 0.08905664053577492, 0.06472978710203428], "aligned_model": [[-0.13123675676098095, 0.020551923119531468, 0.29794906047042885, -0.4176747429575886, 0.5970628160270441, 0.31978438379111734, -0.3803788892178126, 0.3929724398882923, 0.2695197287198912, -0.4097627985127013, 0.0429649334796927, -0.7868999144791899, -0.5669063526609964, -0.04402341849206712], [-0.6862257083311816, -0.3093983159915864, 0.24442619400314716, 0.4899837928273575, -0.06552508263309259, -0.35300798617815543, -0.39826883246897216, 0.530626020836924, -0.008884471770373076, 0.1869876881770567, 0.6742450698274962, 0.04015214419535748, 0.7310242571470039, 0.13365300106602973], [-0.15309268383395072, -0.6477886179870644, -0.664340828392997, -0.4060803793989344, -0.27015179741751516, 0.24620275736552352, 0.44761381717053894, -0.12872213031042765, 0.7094841905166933, 0.4534709659742471, 0.6140736620116412, -0.024661745758713563, 0.20444452026445822, -0.018778229445665]], "inverted": false, "swapped": false, "error_lsq": 0.0564825351686563, "error_max": 0.42882735696019036, "target": "966.xyz", "model": "15.xyz", "model_rescale": 4.355366556412066, "target_rescale": 4.089915619752363},
{"mapping": [2, 5, 1, 12, 3, 7, 11, 10, 6, 8, 9, 13], "R": [[-0.16568057555784482, 0.8493478450407203, -0.5011568467131887], [0.5584221809970612, -0.33806046641662646, -0.7575485389179093], [-0.8128435363914185, -0.4053681773041123, -0.4182846234035328]], "T": [0.10559880135320193, -0.16970795191888094, -0.05080690556748189], "aligned_model": [[-0.3082066480202576, 0.5593373329460445, 0.09199798796570496, -0.48230309683974265, -0.6546590923817344, -0.41338566073572863, -0.0020764966163374504, -0.21659559895883074, 0.6284103392246974, 0.16179482677423387, 0.1969487671609098, 0.03654589411282197], [-0.7181645302566171, -0.17200927829721907, -0.6408941362889218, 0.44157972877905555, -0.13831288089320976, -0.09812244368223505, 0.19515822187767395, 0.575487793110572, 0.055080979814884856, -0.010972205439504085, 0.5516157678911182, -0.027670588874616958], [0.2052280517610298, 0.053040599865512246, -0.7020956982202187, -0.04384665542869128, -0.33187089942680015, 0.37889676044250986, -0.5893526083500042, 0.5065518937511839, -0.5043021351117548, 0.5592505536234427, 0.01812735408511331, -0.1003687557819018]], "inverted": true, "swapped": true, "error_lsq": 0.04642154604372839, "error_max": 0.28207889315210316, "target": "966.xyz", "model": "16.xyz", "model_rescale": 3.795458400668931, "target_rescale": 4.089915619752363},
{"mapping": [7, 10, 12, 4, 3, 9, 8, 2, 5, 6, 11, 1, 13], "R": [[0.35376851241473684, -0.6382625547296115, 0.6837168645381613], [0.9090036264382946, 0.062392514469079924, -0.4120917146221885], [0.22036389619421276, 0.7672861821825385, 0.6022554838985286]], "T": [-0.14892147871712552, 0.014188157425763001, 0.10150548608776817], "aligned_model": [[0.1979053474628622, -0.0984046710959891, 0.3395395951124961, -0.40618773622952503, 0.6534807124287176, -0.3322683902075015, -0.4105982838443084, 0.2182283400965202, -0.6094163052049986, -0.5228769314508408, 0.08402431947125319, 0.11824277292692092, -0.08303696856138457], [-0.23945791902367408, 0.24443769082811556, 0.4342722470970936, -0.626524070510128, 0.12279569082519996, 0.5594595600339829, -0.21394084767775978, -0.6204503404128253, 0.0003105982311229216, 0.5190435765591386, 0.6125881139546562, 0.021804337354633704, 0.1494426282109293], [-0.42241189099127546, -0.8546367448047618, -0.450114720677853, 0.16539969340708163, 0.053237365672951134, -0.3484585843801519, -0.4276519013565346, 0.10683983080927852, 0.16798994794531247, 0.46865425201700833, 0.2511935473748509, 0.8597559396635155, 0.03247829615687339]], "inverted": true, "swapped": true, "error_lsq": 0.05575238829700545, "error_max": 0.3668297754776111, "target": "966.xyz", "model": "17.xyz", "model_rescale": 3.7474275329858107, "target_rescale": 4.089915619752363},
{"mapping": [11, 10, 12, 5, 7, 1, 3, 9, 2, 0, 6, 8, 4, 13], "R": [[0.4010347782117138, 0.8803570065056263, 0.2532639882832422], [0.5026564935229588, -0.44260808017070286, 0.7425863834509816], [0.7658378132371666, -0.17049817730420883, -0.620018399204457]], "T": [-0.034402545855603095, 0.034070377918807376, 0.009735496983583058], "aligned_model": [[0.17154648414181647, -0.38824448815747764, 0.30558056753249463, -0.32763104496274387, 0.6925843368704825, 0.11336846684956683, -0.41059530008536327, 0.2660601946751026, 0.33535581334287073, -0.3695847563854901, 0.09029592210798351, -0.7520605392106122, -0.4999394401475398, -0.022813804156429453], [-0.5903590861889461, -0.18745872143586237, 0.2119405232021653, 0.42503428462602455, -0.12619576575904118, -0.475022684112695, -0.5283660124821365, 0.6204974141609325, 0.18725696049865906, 0.15020461880572947, 0.6977120759711896, 0.0441212696168749, 0.7095101450059569, 0.07091274879816055], [-0.28927872208179856, -0.5399554238715847, -0.6321450350013906, -0.5235413613497761, -0.10526066630518484, 0.45415241700931075, 0.06201837876164068, -0.10666741781295522, 0.5959482148002824, 0.7669066233604318, 0.38260115664402566, 0.05121362819070713, 0.1373377818803709, 0.10834392653375466]], "inverted": false, "swapped": false, "error_lsq": 0.05077912040344409, "error_max": 0.3030347811190594, "target": "966.xyz", "model": "18.xyz", "model_rescale": 3.922800546911778, "target_rescale": 4.089915619752363},
{"mapping": [5, 8, 13, 4, 12, 3, 0, 11, 7, 2, 9, 1, 10, 14], "R": [[0.05429336592135131, 0.5245838525452409, 0.8496258070855214], [0.8670638330939924, -0.4467721989584592, 0.22044253577333167], [0.4952297848042704, 0.7247112417277768, -0.47910445244862854]], "T": [-0.12431839213292908, 0.057884254066609145, -0.07658050154380269], "aligned_model": [[-0.10368988040389769, -0.19923827467808874, 0.3653377351954973, -0.22521810223372044, 0.5320963457449379, 0.18394833292570187, -0.26557766353461, 0.18929931568291877, 0.5767667391405363, -0.4766962700036964, -0.039501885127708386, -0.8060372046256866, -0.4795585646436398, -0.04800821102388238], [-0.6990972286957656, -0.1401771644551026, 0.3076553125355012, 0.6426539833288346, -0.3699405550605058, -0.2158007732278926, -0.5550572622589267, 0.696563082201482, 0.25039725935781354, 0.21438943018078738, 0.461980460056872, -0.22514573836858143, 0.7589644274096443, 0.082402537702851], [-0.17190740983541306, -0.6506443827575625, -0.4884846677539087, -0.4909845933821012, -0.1451346345963926, 0.4125180321296684, 0.47368411796620846, -0.045325092325492006, 0.25452280644280145, 0.5271288025294002, 0.6250287931200381, -0.02057596591099542, 0.10478007201937958, -0.022932376887796174]], "inverted": false, "swapped": false, "error_lsq": 0.05322918036144234, "error_max": 0.2906603030270404, "target": "966.xyz", "model": "19.xyz", "model_rescale": 3.9282355846067225, "target_rescale": 4.089915619752363},
{"mapping": [3, 4, 6, 8, 5, 1, 0, 7, 2, 10, 12, 11, 9, 13], "R": [[0.636010018350947, -0.13337020799269714, -0.7600681839001112], [0.6589306525108392, 0.6064826273216689, 0.44495979362032917], [0.40162376889181783, -0.7838311108759276, 0.47361074511051937]], "T": [-0.02731954547444309, 0.159304588175931, -0.057400135607481466], "aligned_model": [[0.11346977761505955, -0.4244435591572294, 0.3747916054450407, -0.4264669180225748, 0.6073497273805036, 0.18700413542382088, -0.4131211264020937, 0.38183408287985215, 0.4789562111548053, -0.2542634004696462, -0.16959769913675876, -0.7072555894391166, -0.5132624625779257, -0.031072372279075507], [-0.5273772511621369, -0.1577026375034936, 0.18548977514913334, 0.4648056086465142, -0.12585557667782774, -0.4639604020973841, -0.514220192398284, 0.6070540161198168, 0.034175798596926404, 0.1452742591879145, 0.8607266855841921, 0.009658960386051518, 0.6480228091812097, 0.04369591769437928], [-0.3312641295330152, -0.4331218165939808, -0.5716617541893575, -0.6283397826872241, -0.11713912390609993, 0.2991204220219998, 0.1368123724938757, 0.08476714107763, 0.5803645973684436, 0.773583610045747, 0.40146619953316065, 0.11188168127489106, 0.0012412065683093734, 0.05396287728345462]], "inverted": false, "swapped": false, "error_lsq": 0.05609119644139447, "error_max": 0.36067238689489867, "target": "966.xyz", "model": "20.xyz", "model_rescale": 4.067790424073018, "target_rescale": 4.089915619752363},
{"mapping": [10, 12, 7, 0, 1, 13, 11, 8, 5, 6, 4, 3, 2, 14], "R": [[-0.21808170684233907, 0.9743121988719018, 0.056179251242180706], [-0.43070872874624555, -0.04443124897750006, -0.901396613648006], [-0.8757456023997638, -0.22077500593069715, 0.42933441119222604]], "T": [-0.056820781542947583, 0.09173815383105313, 0.03310059964510468], "aligned_model": [[0.20136289329364906, -0.4289389878875251, 0.343710546900593, -0.27337781682346013, 0.7051360047418227, 0.2264291247297278, -0.4215897810069479, 0.343763877190363, 0.38661800566217347, -0.44626688623139377, 0.04024705154405946, -0.9020348461139769, -0.5277893457657585, -0.04334742781866474], [-0.6678896919073978, -0.3221578557978776, 0.32027892336157443, 0.5740343886411264, -0.10992362209916876, -0.4491683190193051, -0.4299277216154741, 0.4931540304987061, 0.18011368842114656, 0.1533865378576353, 0.7182348240077507, 0.07220743212366476, 0.6570973219130959, 0.02034783432153471], [-0.13301245697688216, -0.4934276527951893, -0.553421121015295, -0.4411898407809073, -0.19506487811626208, 0.3756107211047531, 0.14641673002286, -0.026608041871097297, 0.41259754000938814, 0.6592699944459672, 0.5235618649592799, -0.06164512644176586, 0.1439137492186845, 0.004672018994300545]], "inverted": false, "swapped": false, "error_lsq": 0.04596734953841859, "error_max": 0.31891271001915256, "target": "966.xyz", "model": "21.xyz", "model_rescale": 4.186013935880536, "target_rescale": 4.089915619752363},
{"mapping": [6, 9, 5, 1, 3, 0, 11, 12, 4, 8, 7, 2, 13], "R": [[-0.3271037663254166, 0.805186892813193, 0.49464855574191546], [-0.922856518707002, -0.15956244030092703, -0.3505362656348209], [-0.20331987589933231, -0.5711513768582273, 0.795265447996599]], "T": [0.042061303538279984, 0.020117390495347075, -0.016820491061098376], "aligned_model": [[0.2331250293892435, -0.5299934933989557, 0.23861432784558823, 0.6004486127914013, -0.2814870242029436, 0.7449541124902833, -0.16939018741685535, -0.7550934707854815, 0.4598658853897415, -0.2252167174805224, -0.38663173046897376, 0.22574414951353616, -0.09636545824283684], [-0.35899006519079857, -0.03724501559027355, 0.20800539958814487, -0.5164020665787947, -0.40302562583912477, -0.2642220545534749, -0.5899107844269929, -0.2064074853695342, 0.5565678781504473, 0.5864127486934411, 0.31904342773557814, 0.2938129476751848, -0.0686826447477096], [-0.6078298656805736, -0.46722866243082484, -0.3946210471943308, 0.1993483756773515, 0.5949320336238121, -0.26225785573012245, -0.1506362649185055, 0.16368009603256475, 0.11897627505836175, -0.10845651433545087, 0.41443361537172074, 0.6381183012712607, -0.03557892540991778]], "inverted": true, "swapped": true, "error_lsq": 0.05435415101638367, "error_max": 0.2851342517874815, "target": "966.xyz", "model": "22.xyz", "model_rescale": 4.166573947596378, "target_rescale": 4.089915619752363},
{"mapping": [4, 8, 5, 10, 1, 2, 3, 13, 6, 12, 14, 9, 14, 15], "R": [[-0.3429559585559705, 0.6685120640868019, -0.6599036525594925], [0.006740340317311355, 0.70424309652016, 0.7099269179402227], [0.9393273009464606, 0.23902569145198702, -0.2460303650416696]], "T": [-0.10350959055427147, -0.007089720678767689, 0.029448393267263742], "aligned_model": [[-0.011044026236454368, -0.5148422819301941, 0.5539306761013484, -0.29096858509685364, 0.5603630661532787, 0.23657193041848465, -0.36378364154398035, 0.12576283621913456, 0.5288232949047507, -0.10082578827893939, -0.39074527456635255, -0.7023269214655928, -0.39074527456635255, -0.03624759769761551], [-0.668473368274449, -0.34784273955219736, 0.39134128395761214, 0.587901199732966, -0.24500656713237273, -0.49447161613309853, -0.527561618432153, 0.7819180325326376, 0.04938381250055372, 0.2736483459397525, 0.702174747554301, 0.01643800677485345, 0.702174747554301, -0.01183649631569501], [-0.27694237596871224, -0.5778175594711308, -0.2869169201373164, -0.3850225503424914, -0.07431928338000697, 0.34506316837339246, 0.18042214610682356, -0.17479180500297814, 0.44905951559861373, 0.6215297140213129, 0.23048903381643304, 0.0656894821471953, 0.23048903381643304, 0.01474190118026627]], "inverted": false, "swapped": false, "error_lsq": 0.06151609907825919, "error_max": 0.5541722718926506, "target": "966.xyz", "model": "23.xyz", "model_rescale": 4.274766983524099, "target_rescale": 4.089915619752363},
{"mapping": [1, 5, 6, 11, 9, 12, 3, 7, 2, 8, 13], "R": [[-0.8002061250519216, 0.1854229580019892, 0.5703406736987826], [-0.44721878076595706, 0.4491362027985914, -0.7734804674106992], [-0.3995816807107147, -0.8740108683428687, -0.27647691125832796]], "T": [0.07103105771281773, 0.1875262700277472, -0.028727010529604226], "aligned_model": [[0.29534383558960153, 0.11008731531016938, -0.2911122839948742, -0.4543177238923145, -0.5845676223310554, -0.5047034292332269, -0.05638965703545287, 0.14611417408479777, 0.6719135426639034, 0.12721826359457808, -0.07969171079805129], [-0.23971109510027983, 0.6221375955263453, 0.4407987960849688, -0.10795231300352076, 0.4323593104540288, -0.19197240450540443, -0.5896712609214225, -0.019889109980687242, -0.13322393690023587, 0.5722500694315914, 0.13046088015809998], [-0.6717903864271284, -0.19076361142775097, -0.6068490727122874, -0.29603550870189366, 0.18020314576146024, 0.46509509521545056, 0.1654446749827116, 0.6119413773540889, 0.2426638729981683, 0.4706283039163763, 0.009028543062381628]], "inverted": true, "swapped": true, "error_lsq": 0.044015171955316096, "error_max": 0.29964784294212027, "target": "966.xyz", "model": "24.xyz", "model_rescale": 3.7841303162186577, "target_rescale": 4.089915619752363},
{"mapping": [0, 7, 14, 11, 9, 8, 1, 12, 2, 4, 5, 6, 3, 15], "R": [[0.9117468877810955, -0.4107476472549778, -0.0019957194158657654], [-0.00720559039619173, -0.011136109476698873, -0.9999120293969692], [0.4106892889868554, 0.9116810611942223, -0.013112992459688576]], "T": [-0.020530004394827148, 0.023096573594798858, -0.09893953113084097], "aligned_model": [[-0.1935891741880283, -0.3820682918787839, 0.5515226224609779, -0.4575304675554455, 0.5612340586173848, 0.19514447969278925, -0.2443334919512768, 0.3844644815911279, 0.3802805017391383, -0.36722098402415, 0.052643326642335384, -0.7298798166544542, -0.46156985412389046, -0.08517497795306321], [-0.6876538052025429, -0.3065974736474286, 0.40085498016928733, 0.3363734904948392, 0.08378578829574874, -0.4073458225794002, -0.5197586812423507, 0.6449612385921891, 0.09259739266380868, 0.11764380517043457, 0.6215274518636713, 0.12506949485549357, 0.6619255424058028, 0.04640436886745854], [-0.17777082023305188, -0.5271888300169769, -0.4981303885915773, -0.6469502406043841, -0.09609300120324668, 0.24407890004774352, 0.3574118302744552, 0.05737972928447488, 0.536130230587187, 0.5549492426704826, 0.5381357336557893, -0.007011192628392851, 0.11642826402894099, -0.08969595651360979]], "inverted": true, "swapped": false, "error_lsq": 0.048498068627907495, "error_max": 0.28179896868849685, "target": "966.xyz", "model": "25.xyz", "model_rescale": 4.19342608120988, "target_rescale": 4.089915619752363},
{"mapping": [2, 5, 1, 12, 3, 7, 11, 10, 6, 8, 9, 13], "R": [[-0.16568057555784482, 0.8493478450407203, -0.5011568467131887], [0.5584221809970612, -0.33806046641662646, -0.7575485389179093], [-0.8128435363914185, -0.4053681773041123, -0.4182846234035328]], "T": [0.10559880135320193, -0.16970795191888094, -0.05080690556748189], "aligned_model": [[-0.3082066480202576, 0.5593373329460445, 0.09199798796570496, -0.48230309683974265, -0.6546590923817344, -0.41338566073572863, -0.0020764966163374504, -0.21659559895883074, 0.6284103392246974, 0.16179482677423387, 0.1969487671609098, 0.03654589411282197], [-0.7181645302566171, -0.17200927829721907, -0.6408941362889218, 0.44157972877905555, -0.13831288089320976, -0.09812244368223505, 0.19515822187767395, 0.575487793110572, 0.055080979814884856, -0.010972205439504085, 0.5516157678911182, -0.027670588874616958], [0.2052280517610298, 0.053040599865512246, -0.7020956982202187, -0.04384665542869128, -0.33187089942680015, 0.37889676044250986, -0.5893526083500042, 0.5065518937511839, -0.5043021351117548, 0.5592505536234427, 0.01812735408511331, -0.1003687557819018]], "inverted": true, "swapped": true, "error_lsq": 0.04642154604372839, "error_max": 0.28207889315210316, "target": "966.xyz", "model": "26.xyz", "model_rescale": 3.795458400668931, "target_rescale": 4.089915619752363},
{"mapping": [2, 5, 4, 7, 10, 11, 1, 3, 6, 8, 12, 9, 13], "R": [[0.8126069882280212, -0.46390674108326546, 0.35278948150488926], [-0.18915350287564558, 0.3626280954742987, 0.9125359262640327], [-0.5512629454560298, -0.808264436895616, 0.20692453942670844]], "T": [-0.0020824024115402434, -0.17573003724696645, 0.02745659963688641], "aligned_model": [[0.053060796492172116, 0.38318869857230436, 0.5694084486342553, -0.12634953853142686, -0.1396572529695293, -0.5372371897964628, -0.25371715826120694, -0.7234588136246933, 0.008372439541489557, 0.36131664100190497, -0.6223910122678186, -0.14256479865292726, -0.1302948773168046], [-0.6328648420826992, -0.08537364986043311, -0.4788145939807043, -0.010024673042396431, 0.6804477361957314, -0.054862230831954836, -0.8547919803371097, -0.3419463606114816, -0.07738572742686163, 0.20559741948117483, 0.3195987008575546, 0.5241575984831229, -0.07185589358702832], [-0.5431399876730824, 0.27254874056542616, -0.22218016578527364, -0.6176899020323501, -0.43924195611085454, 0.39317930261102346, 0.3766461198063445, -0.3041499312209269, 0.7483858501093046, -0.3233362737077886, -0.2712345205857917, 0.1818154376277129, 0.040533948495682065]], "inverted": false, "swapped": true, "error_lsq": 0.04791457671768865, "error_max": 0.2852467995969991, "target": "966.xyz", "model": "27.xyz", "model_rescale": 3.6321398670334006, "target_rescale": 4.089915619752363},
