[{"mapping": [5, 4, 7, 2, 9, 6, 3, 0, 1, 11, 12, 13], "R": [[0.5375952081276371, 0.821372156873658, 0.19062836124490515], [-0.3097536236896874, 0.4026439683003192, -0.8613538920806474], [-0.7842474640120366, 0.4040118992110097, 0.4708824699291776]], "T": [0.052197154758242895, 0.046029700985987576, 0.10598384085556589], "aligned_model": [[-0.03439674653884679, 0.10019822765825367, -0.3647229510093521, 0.6235281233165582, -0.1576208981500024, 0.3101926254171981, 0.5273978499887364, 0.48865589739773146, 0.28681133634468603, -0.5961239872628616, -0.17174405275826776, -0.06998962864252502], [-0.6930510022113312, 0.20522004557716123, 0.3765311731823837, 0.3834127386847527, 0.7412591097565504, -0.3615159367297762, -0.14117819894089478, 0.6250796724853596, -0.004389650238506904, -0.20948933686343996, 0.35302033995090376, 0.10331194635077498], [0.242594495129324, -0.8351636278232125, -0.4309899804413586, -0.2826185982117605, 0.009156026573960696, -0.4872203183392, -0.005091841699863445, 0.36983480458463774, 0.6308249484715723, 0.0678845108321295, 0.542706740572956, 0.014720504386086797]], "inverted": true, "swapped": false, "error_lsq": 0.05561971253324898, "error_max": 0.29128544670978984, "target": "967.xyz", "model": "0.xyz", "model_rescale": 3.8414455957264533, "target_rescale": 3.845310464559197},
{"mapping": [3, 9, 7, 8, 13, 6, 10, 12, 1, 0, 11, 14], "R": [[-0.8415071953152532, -0.1540531007032629, 0.5178158769257337], [-0.08023529377685774, -0.9122144305004835, -0.4017799527343543], [0.5342545627930544, -0.3796478301668389, 0.7552745111444006]], "T": [0.036466976873740356, -0.008504991019991054, -0.12054425303498398], "aligned_model": [[0.03251045693388445, -0.07972430554147845, -0.5032125558117939, 0.5565024958234595, -0.1330694786294523, 0.5304050488188794, 0.6833194790782681, 0.5102804217380693, -0.10545716308464924, -0.6273085093947276, 0.01798653571003965, 0.05995337012080974], [-0.6305242635659681, 0.3280611744528479, 0.031087787480617524, 0.5531369787246797, 0.7304362149739564, -0.2767023721486729, -0.13672211608391954, 0.4271305215115553, -0.21530177564471284, 0.1315105258597543, 0.46846563314694534, -0.03236740770314579], [0.3553267931228956, -0.7025515400538475, -0.46714693050018574, -0.3165640335485683, -0.11216063931808382, -0.6628748898447421, 0.06255001132759047, 0.2893484933685688, 0.7074596838727397, 0.1350239929759854, 0.5854464686506283, -0.03721974601770861]], "inverted": true, "swapped": false, "error_lsq": 0.04755488379251802, "error_max": 0.21334017548043593, "target": "967.xyz", "model": "1.xyz", "model_rescale": 4.316132596720782, "target_rescale": 3.845310464559197},
{"mapping": [7, 0, 4, 0, 2, 5, 9, 1, 10, 6, 8, 11], "R": [[0.3967699292783319, -0.3299959268019596, 0.8565490712823076], [0.4555616036323859, -0.7393176010208165, -0.49585593685738416], [0.7968922439805504, 0.586951593502344, -0.14300551866519912]], "T": [0.08111756345695612, 0.03690584904380273, 0.04006190085412931], "aligned_model": [[0.2623595099825089, 0.32625706835093926, -0.4558373447693307, 0.32625706835093926, -0.1310313557910832, 0.29445423909340573, 0.7894853498703045, 0.43218094457258194, -0.007620003169194825, -0.7165070917056272, -0.13788982501786637, -0.03992276400626921], [-0.826741234369303, 0.3685501285247426, 0.1854133494851129, 0.3685501285247426, 0.8353633892988335, -0.2926416517532772, -0.17322815996730961, 0.4151094023413133, -0.09713139717022437, 0.017270168306620315, 0.5344288622191449, 0.0432679155635412], [0.18745997381107576, -0.537720717103824, -0.4928120804783406, -0.537720717103824, -0.09478539877317838, -0.47145133403211037, 0.10338869345238999, 0.20832906377550656, 0.6494841350119578, 0.23882133463845995, 0.5800088713681403, 0.0036358394690190685]], "inverted": false, "swapped": false, "error_lsq": 0.05497984938307302, "error_max": 0.3438291923460947, "target": "967.xyz", "model": "2.xyz", "model_rescale": 3.795458400668931, "target_rescale": 3.845310464559197},
{"mapping": [7, 2, 1, 2, 6, 0, 4, 5, 9, 8, 3, 11], "R": [[-0.19707066948662494, 0.8931582641097187, -0.4042665784857903], [-0.6234768873820529, 0.20405026780106733, 0.7547450292056914], [0.756597463733841, 0.40078897622418075, 0.5166512115622035]], "T": [0.15743393997938404, 0.08167664314685953, -0.05081066578074954], "aligned_model": [[-0.045594377213928505, 0.1841681145930124, -0.27937275860623895, 0.1841681145930124, -0.2226166972986437, 0.3966949630521952, 0.7129984635344966, 0.5142863863670968, 0.02260025116171535, -0.5739176381075259, -0.1516927180885984, 0.20046369177471546], [-0.615580120289959, 0.5913460507813764, -0.038737890497567706, 0.5913460507813764, 0.5320132097828558, -0.4550964451806445, -0.2118926336672407, 0.4044312298510908, -0.061217215572607606, 0.14570424967234769, 0.5411756775438087, -0.04528126220089944], [0.18565244947242532, -0.6228663363620202, -0.48781076889009123, -0.6228663363620202, -0.04340887707991413, -0.567373109887216, 0.0761533968567679, 0.4613518316921811, 0.7953310861186319, 0.21674918147540922, 0.5239687459903761, -0.07824359898925781]], "inverted": false, "swapped": false, "error_lsq": 0.061463461296880094, "error_max": 0.47860294541380044, "target": "967.xyz", "model": "3.xyz", "model_rescale": 3.7530521520055578, "target_rescale": 3.845310464559197},
{"mapping": [7, 8, 10, 9, 4, 0, 3, 6, 5, 2, 11], "R": [[0.927115435059836, -0.33559454326899546, 0.166833068070709], [0.3284037701885844, 0.9419541642218748, 0.06980914145721137], [-0.18057667014244935, -0.009932524006706571, 0.9835107580332415]], "T": [-0.004287205564075948, 0.059919764618734814, 0.04226876624674834], "aligned_model": [[-0.379658194770976, -0.19919594466736656, 0.2150991644674783, 0.5688849559103891, 0.43558537760332644, -0.2988437476555476, -0.2845809735709532, -0.6751139950253052, -0.411458790258852, 0.4300047794093446, -0.06252302899633286], [-0.6314717748464954, 0.0918868561070654, -0.3852647538031494, 0.30207142590779523, -0.6061374863345312, 0.7767776962043578, -0.48079674005812123, -0.0493334054599637, 0.34533649810793615, 0.08685922323906738, 0.017275819250385224], [-0.19062428438097767, -0.6540278908454786, -0.43479849027434836, -0.32860054314888426, 0.1607330898795872, -0.168353176835429, 0.4525883878476384, 0.1534547660060566, 0.6561206123738471, 0.3887540331910064, 0.05758427343229838]], "inverted": true, "swapped": true, "error_lsq": 0.04539715293663827, "error_max": 0.20723360077262754, "target": "967.xyz", "model": "4.xyz", "model_rescale": 3.7855080009869324, "target_rescale": 3.845310464559197},
{"mapping": [12, 10, 9, 7, 5, 8, 6, 4, 1, 2, 0, 16], "R": [[-0.6185101812814123, 0.5490596290807404, 0.5621198087284901], [-0.4563973881180533, 0.33130945327583805, -0.8257938424867822], [-0.6396456673583067, -0.7673119117306763, 0.045671110627632905]], "T": [0.06706322667169727, -0.04938967008542475, -0.0761992560833607], "aligned_model": [[-0.02759728714394581, 0.01134566443760944, -0.5463160949557418, 0.5654209155792161, 0.0017185110988356816, 0.43869197463342335, 0.7107224727487148, 0.47609416784455966, 0.03167794754987593, -0.615295754763362, -0.12379787570338228, 0.019521154435505506], [-0.6063919130913851, 0.3264991612118622, 0.007509432518822995, 0.47702925021631015, 0.7573358730984615, -0.2089263005259667, -0.08452198568646882, 0.37992979968824603, -0.030978024886897586, -0.04081880911432842, 0.4746771500363334, -0.07313273246105276], [0.30308052378980943, -0.6979447135166539, -0.4331898990584061, -0.2656516409483205, -0.0814156476205182, -0.6521766959190698, 0.02649233756985231, 0.3658180126990303, 0.6797854212295622, 0.2068174366678161, 0.4691445721279353, -0.08412204298576562]], "inverted": false, "swapped": false, "error_lsq": 0.04253274247857868, "error_max": 0.22982378372587514, "target": "967.xyz", "model": "5.xyz", "model_rescale": 4.2253639853439635, "target_rescale": 3.845310464559197},
{"mapping": [12, 4, 3, 1, 10, 0, 9, 8, 11, 6, 5, 13], "R": [[0.17398578771392986, 0.7719498543760983, -0.6114101471208048], [-0.9683442402217237, 0.021262367955994826, -0.2487113671272727], [-0.17899267611546701, 0.6353277375005948, 0.7512125450625802]], "T": [0.06336656332378884, 0.13124344249194625, -0.0312245742288915], "aligned_model": [[0.07309341389117022, -0.06942298318149889, -0.46384961394886326, 0.5615241879237098, 0.09916089555553735, 0.35535971136381195, 0.6323805566735793, 0.5606391540390034, -0.09828541029665758, -0.5148896676564058, -0.20900499200507075, 0.015480543402992666], [-0.7195390838135458, 0.4254182265007849, -0.09112046742962676, 0.4773567907178365, 0.9082071549179904, -0.3694792937009917, -0.08617901143425458, 0.4373591354309263, -0.12149239922655503, -0.09451909381691709, 0.4951414267087489, 0.11705751614954062], [0.35272626348385067, -0.6610971367356251, -0.4502793041684831, -0.44444402342156264, 0.028429677441561434, -0.5853720205676203, 0.008107084599803992, 0.4214099678230357, 0.6867914580076064, 0.13720635124228875, 0.4093809856331812, -0.06622163930276484]], "inverted": false, "swapped": false, "error_lsq": 0.04987588870146014, "error_max": 0.3437444819736833, "target": "967.xyz", "model": "6.xyz", "model_rescale": 3.89814844738969, "target_rescale": 3.845310464559197},
{"mapping": [4, 1, 0, 5, 6, 2, 10, 9, 11, 7, 8, 12], "R": [[-0.09959618554572652, 0.9902887115672575, 0.09699931735431355], [-0.9804915406354512, -0.08107148434151928, -0.1790635450586811], [-0.1694607286867985, -0.1129410561714579, 0.9790441150754214]], "T": [-0.06103536617400897, 0.08295390982638065, 0.015320420747945283], "aligned_model": [[-0.03104653329378245, 0.11722988639359276, -0.409005695361859, 0.4907192142643467, -0.10904855484588175, 0.2856060633745161, 0.6324981113249264, 0.6169592554083512, 0.09625093602852815, -0.6371361148132376, -0.1814615610718487, 0.07062078835365683], [-0.5598571713645274, 0.2841150986210418, 0.1260558688861064, 0.5077753419666811, 0.7442138608326891, -0.32305497565518193, -0.15580453517145007, 0.5695686951618086, -0.11632944283762361, -0.1628462848456889, 0.48636820489600174, -0.021993759485920056], [0.05260811556717041, -0.7862731719681945, -0.4622455522844955, -0.3277105367243888, -0.11811818662065668, -0.4500228383109356, 0.04547640825586976, 0.3338721792314952, 0.7840125136651654, 0.21271563665362295, 0.5448874235253484, 0.007435673045271006]], "inverted": false, "swapped": false, "error_lsq": 0.03837315787011126, "error_max": 0.26710808572320216, "target": "967.xyz", "model": "7.xyz", "model_rescale": 3.7474275329858107, "target_rescale": 3.845310464559197},
{"mapping": [1, 9, 8, 11, 7, 13, 12, 10, 0, 3, 6, 14], "R": [[0.002629776609357315, -0.9634343533271552, -0.2679315791467507], [0.6887239845680939, 0.1960017682961514, -0.6980276354883308], [0.7250188668963264, -0.18269524803307957, 0.664055787558921]], "T": [0.05444290038328065, 0.02207448299249211, -0.0588861425314018], "aligned_model": [[0.07618556323868764, -0.0389261735814661, -0.48245433852217817, 0.47080205874413233, 0.07211502406741241, 0.5378041113028555, 0.6503748916412468, 0.4896725453271988, -0.035034345746799124, -0.5971660599484959, -0.2556064189184928, 0.05441893815720697], [-0.6149501005315366, 0.5586600869923041, -0.016167810450581674, 0.3932175647361125, 0.7021892327624146, -0.4540342959727422, -0.1376213759117098, 0.46037712651333385, -0.04336480392623858, 0.04059747221903977, 0.522347430083479, -0.03303962550993782], [0.3392705560783874, -0.5915197367549744, -0.4778004508385223, -0.3334363559947291, -0.02711736676169703, -0.6486269322544502, -0.06110272628128614, 0.3812607744552963, 0.5906712142736049, 0.23977285811995452, 0.5072715178487703, -0.08200568785508192]], "inverted": true, "swapped": false, "error_lsq": 0.04645594765070566, "error_max": 0.2765896272042544, "target": "967.xyz", "model": "8.xyz", "model_rescale": 4.019505241142653, "target_rescale": 3.845310464559197},
{"mapping": [1, 3, 2, 4, 5, 0, 7, 8, 9, 6, 11, 12], "R": [[-0.18555786046432662, -0.884433931693751, 0.42818792707015324], [0.9751340530699645, -0.11200641634858535, 0.1912279823668356], [-0.12116872105970639, 0.453024484068445, 0.8832253154610517]], "T": [-0.04071019709618595, 0.03640084033285758, 0.05394738051589395], "aligned_model": [[-0.04936281087789815, -0.04331387798447317, -0.33405957018019794, 0.5536533605153959, -0.18971890916780978, 0.3726078990224876, 0.8562377018644273, 0.461435380779757, 0.21376499873239685, -0.7485647292423682, -0.10702050271439026, -0.04347314498601863], [-0.6356030168789953, 0.3889217781812459, -0.09004704592527045, 0.41548577697265227, 0.6636707464106926, -0.1988443561300352, -0.07733812998052485, 0.3183870598868806, -0.11090051731036081, 0.17908680546635897, 0.44976460048861344, 0.07562719982267978], [0.12207410315607747, -0.7297509140886633, -0.4439775531726358, -0.3826545473763535, -0.13274377566944126, -0.3893064147674174, 0.007774842596813623, 0.4067511814979233, 0.6711059875002832, 0.1354612728344905, 0.5143633545564396, 0.057540126967755914]], "inverted": false, "swapped": false, "error_lsq": 0.05172024288245705, "error_max": 0.26153502163892794, "target": "967.xyz", "model": "9.xyz", "model_rescale": 3.877068213659057, "target_rescale": 3.845310464559197},
{"mapping": [10, 7, 2, 1, 4, 8, 0, 5, 6, 13, 3, 15], "R": [[-0.30629266511166575, -0.15446013714238901, 0.9393225587266324], [0.03947999395620847, 0.9838380966671469, 0.1746537420829672], [-0.9511183592886906, 0.09057960907577522, -0.2952443073857124]], "T": [0.02224228038122815, -0.019700315609070512, 0.04469261700665593], "aligned_model": [[-0.04789084504267864, 0.06616329294515615, -0.45797489566608957, 0.5969121480322349, -0.16877500151311176, 0.35315146365760897, 0.8161755440742879, 0.545940353070165, -0.12279867630863488, -0.7171960505127604, -0.03351139588444692, 0.11198985890957763], [-0.6905686181833288, 0.3911200442754915, 0.019471765252376892, 0.5293114915642106, 0.6059421224718547, -0.25252912130731386, -0.06931821467007593, 0.5137634245075328, -0.14309834794982615, 0.047844380475568965, 0.45297207308843224, -0.02670009852098576], [0.2643010065988709, -0.6592847590335735, -0.4116103194945555, -0.3035130535412791, -0.12901580948677854, -0.61227982949973, 0.01348248198213843, 0.2730611982196326, 0.6312423775741349, 0.25988361309900565, 0.4644945742127703, 0.045876183404636284]], "inverted": true, "swapped": false, "error_lsq": 0.038372874491908085, "error_max": 0.19147921075761473, "target": "967.xyz", "model": "10.xyz", "model_rescale": 4.260839863003843, "target_rescale": 3.845310464559197},
{"mapping": [0, 4, 5, 2, 9, 3, 1, 8, 7, 6, 10, 11], "R": [[-0.046405120804484334, 0.9895765530277973, -0.13632611804325978], [0.25345674680766367, -0.12034285321902144, -0.9598318994369699], [-0.9662330165445587, -0.0790938896295324, -0.245230329205982]], "T": [0.09844375869639194, 0.1509460366741614, -0.0015575413792823095], "aligned_model": [[-0.031921836248566204, -0.12680753523708088, -0.39537665810044115, 0.6276993257861196, 0.10966631215020689, 0.2586685550671597, 0.7082150584336337, 0.5286965730055924, 0.08488179553796468, -0.5892001175121255, -0.35846503294129767, 0.12612935582014265], [-0.6758514281961595, 0.5777038720956031, -0.040790134170306996, 0.29193316485175136, 0.9451436507481555, -0.3130010857578347, -0.23134676077627164, 0.5895044584252425, -0.07777164248636176, -0.2857976967319686, 0.4900610719657031, 0.10842343103638434], [0.2619667140388593, -0.5522320941678811, -0.42106861273783514, -0.41431449230102746, -0.07125305953047108, -0.5143090929398636, 0.07118737030235202, 0.37014453495196026, 0.6125352249654769, 0.19758096694502036, 0.26220208594378563, 0.0341981185648964]], "inverted": true, "swapped": false, "error_lsq": 0.058673835732319046, "error_max": 0.33267687519286315, "target": "967.xyz", "model": "11.xyz", "model_rescale": 3.890672605050136, "target_rescale": 3.845310464559197},
{"mapping": [8, 2, 4, 11, 10, 1, 6, 9, 5, 7, 12, 13], "R": [[0.7493723437305313, -0.2376902441467431, 0.6180165356115253], [0.15487044412637074, -0.8445446963902008, -0.5126006255705156], [0.6437827552737885, 0.47984122752911174, -0.5960672448436033]], "T": [0.1532428907949158, -0.006122446654000718, -0.061109395555624536], "aligned_model": [[0.0663013456263459, 0.053445762846749234, -0.39786222180711805, 0.45855354055492104, -0.12070596843012685, 0.4600694506726263, 0.6723584836669482, 0.5591860658588861, 0.02906047467961731, -0.5498926283091271, -0.2800903227956304, -0.008238186802783182], [-0.6557077493743599, 0.4224609854208283, 0.1271927984769192, 0.4001487675397307, 0.832528689705987, -0.3237109756265707, -0.2518581042670096, 0.37473901127377374, 0.030451832799206907, -0.07971953364015036, 0.47471023768327125, 0.026974941012310363], [0.2383420162819779, -0.6196081947225927, -0.47289483010221384, -0.2720389372417681, -0.20656316296630509, -0.7016507906339495, -0.01429773294706594, 0.4829265448982336, 0.7058412100542184, 0.4154911508538839, 0.30788166452222593, -0.02679127396137241]], "inverted": true, "swapped": false, "error_lsq": 0.04218836213246602, "error_max": 0.21133559500825488, "target": "967.xyz", "model": "12.xyz", "model_rescale": 4.124412569039231, "target_rescale": 3.845310464559197},
{"mapping": [3, 11, 8, 10, 2, 9, 7, 4, 0, 1, 4, 12], "R": [[0.34959189516820244, -0.7995700305042805, -0.4883372534960736], [0.9273161271697759, 0.22092585520260632, 0.30212011980972875], [-0.13367986805630963, -0.5584617559174315, 0.818688072500184]], "T": [0.13234935653064073, -0.08571884596665233, 0.05099085677711753], "aligned_model": [[0.057371459464273536, 0.09182397212178584, -0.30705356855399113, 0.5052123111551001, -0.21406228155063184, 0.22181420736191376, 0.7309312801610993, 0.12522898124673015, 0.08795226624782884, -0.6395179035761595, 0.12522898124673015, 0.15725609043662875], [-0.7704558833615622, 0.4832309811346017, 0.07071896095886254, 0.4680667616343821, 0.6777946357736729, -0.44110176595762196, -0.17608937339915, 0.5622793929682898, -0.1873125972281773, 0.10178493404390954, 0.5622793929682898, 0.027015461468439986], [0.2361040122714631, -0.7646111594026255, -0.4943057624035326, -0.26349982699615765, -0.1476083724548612, -0.47278418333535505, -0.11213646463311142, 0.4963265036128009, 0.6206179290560399, 0.2296737159598186, 0.4963265036128009, 0.012534768747991976]], "inverted": false, "swapped": false, "error_lsq": 0.05368769703384591, "error_max": 0.4385071428425639, "target": "967.xyz", "model": "13.xyz", "model_rescale": 3.9028299243045295, "target_rescale": 3.845310464559197},
{"mapping": [8, 7, 6, 10, 9, 4, 5, 14, 12, 1, 11, 15], "R": [[-0.6051644006384183, 0.33598865189331883, -0.7217254838225229], [0.44535335591453695, -0.6085689248734314, -0.6567375823371584], [-0.659876076680769, -0.7188570716611935, 0.21865057499830604]], "T": [0.02472131014579601, -0.07824310154120914, -0.04541755142083093], "aligned_model": [[0.1555408896480818, 0.1510369828620088, -0.5266524974795327, 0.6132477125580619, -0.1412964905844956, 0.43015775434543646, 0.46413542882260506, 0.3806542888152492, 0.12529789794791749, -0.5334956615810594, -0.1880986922352025, 0.011658182642237627], [-0.7751163674644468, 0.5133335144690185, 0.20199349716952034, 0.31325591816404885, 0.6653215159718252, -0.263311766859834, -0.3145925801178201, 0.6549000127769132, -0.14274515526020487, 0.0732374097931518, 0.4276046256571461, 0.024330276704618875], [0.2607867078864972, -0.7197389985462421, -0.2941395553871583, -0.281463719113662, -0.18822933625329624, -0.5560388912751728, 0.06928201239351, 0.2993483712083756, 0.6401217428672501, 0.25063349638137783, 0.4492362788612528, -0.09316044498745976]], "inverted": true, "swapped": false, "error_lsq": 0.0488878826915402, "error_max": 0.2943104273087312, "target": "967.xyz", "model": "14.xyz", "model_rescale": 3.942246331269136, "target_rescale": 3.845310464559197},
{"mapping": [12, 9, 5, 6, 10, 0, 8, 11, 13, 3, 4, 14], "R": [[0.5875902570376488, -0.6292721094456672, -0.5086789774585052], [-0.8008301849539068, -0.5422221289137721, -0.2542954537204872], [-0.1157959615060973, 0.5567870106153854, -0.8225445398936533]], "T": [0.049130000824596363, 0.11150970660183486, -0.08111239599267847], "aligned_model": [[-0.09215552022135529, 0.04590398008354243, -0.4229855465196736, 0.4956140595836695, -0.1092265765464639, 0.32386553326188044, 0.7883507783368391, 0.508133861072139, 0.17463282876416047, -0.6058060266587828, -0.2184924009484618, 0.05435082555381482], [-0.5552875549032232, 0.6263845770212214, -0.027389172901466183, 0.41345216229471854, 0.8038468948766947, -0.44904597842940425, -0.11719985394896769, 0.4486855136192773, -0.07598637632873421, -0.09159925441926918, 0.3799589877766959, 0.02239095634639407], [0.36999299275243236, -0.7000273875166843, -0.48185367090413833, -0.23035088989621688, -0.013341250376371516, -0.4697191304477287, -0.07186548869101131, 0.35447795754667744, 0.6999280034555073, 0.13418618820578967, 0.366075719265906, -0.12086537935888972]], "inverted": true, "swapped": false, "error_lsq": 0.045132691157932094, "error_max": 0.2898904903520852, "target": "967.xyz", "model": "15.xyz", "model_rescale": 4.355366556412066, "target_rescale": 3.845310464559197},
{"mapping": [7, 0, 4, 0, 2, 5, 9, 1, 10, 6, 8, 11], "R": [[0.3967699292783319, -0.3299959268019596, 0.8565490712823076], [0.4555616036323859, -0.7393176010208165, -0.49585593685738416], [0.7968922439805504, 0.586951593502344, -0.14300551866519912]], "T": [0.08111756345695612, 0.03690584904380273, 0.04006190085412931], "aligned_model": [[0.2623595099825089, 0.32625706835093926, -0.4558373447693307, 0.32625706835093926, -0.1310313557910832, 0.29445423909340573, 0.7894853498703045, 0.43218094457258194, -0.007620003169194825, -0.7165070917056272, -0.13788982501786637, -0.03992276400626921], [-0.826741234369303, 0.3685501285247426, 0.1854133494851129, 0.3685501285247426, 0.8353633892988335, -0.2926416517532772, -0.17322815996730961, 0.4151094023413133, -0.09713139717022437, 0.017270168306620315, 0.5344288622191449, 0.0432679155635412], [0.18745997381107576, -0.537720717103824, -0.4928120804783406, -0.537720717103824, -0.09478539877317838, -0.47145133403211037, 0.10338869345238999, 0.20832906377550656, 0.6494841350119578, 0.23882133463845995, 0.5800088713681403, 0.0036358394690190685]], "inverted": false, "swapped": false, "error_lsq": 0.05497984938307302, "error_max": 0.3438291923460947, "target": "967.xyz", "model": "16.xyz", "model_rescale": 3.795458400668931, "target_rescale": 3.845310464559197},
{"mapping": [4, 1, 0, 5, 6, 2, 10, 9, 11, 7, 8, 12], "R": [[-0.09959618554572652, 0.9902887115672575, 0.09699931735431355], [-0.9804915406354512, -0.08107148434151928, -0.1790635450586811], [-0.1694607286867985, -0.1129410561714579, 0.9790441150754214]], "T": [-0.06103536617400897, 0.08295390982638065, 0.015320420747945283], "aligned_model": [[-0.03104653329378245, 0.11722988639359276, -0.409005695361859, 0.4907192142643467, -0.10904855484588175, 0.2856060633745161, 0.6324981113249264, 0.6169592554083512, 0.09625093602852815, -0.6371361148132376, -0.1814615610718487, 0.07062078835365683], [-0.5598571713645274, 0.2841150986210418, 0.1260558688861064, 0.5077753419666811, 0.7442138608326891, -0.32305497565518193, -0.15580453517145007, 0.5695686951618086, -0.11632944283762361, -0.1628462848456889, 0.48636820489600174, -0.021993759485920056], [0.05260811556717041, -0.7862731719681945, -0.4622455522844955, -0.3277105367243888, -0.11811818662065668, -0.4500228383109356, 0.04547640825586976, 0.3338721792314952, 0.7840125136651654, 0.21271563665362295, 0.5448874235253484, 0.007435673045271006]], "inverted": false, "swapped": false, "error_lsq": 0.03837315787011126, "error_max": 0.26710808572320216, "target": "967.xyz", "model": "17.xyz", "model_rescale": 3.7474275329858107, "target_rescale": 3.845310464559197},
{"mapping": [4, 3, 8, 1, 11, 0, 2, 7, 9, 5, 12, 13], "R": [[0.7879202215582876, 0.47843657111863847, -0.38765986621751214], [-0.5753397033045791, 0.7963580888810154, -0.18654227423073788], [0.21946742414522116, 0.37001654245454607, 0.9027301967083216]], "T": [0.060020082246789314, 0.15220038573632538, -0.008750393099994085], "aligned_model": [[-0.21015873850273994, -0.08226040080282213, -0.3679883229779145, 0.5459119402876978, 0.02838856777588654, 0.4109283157678215, 0.7272412426051035, 0.45351291880131717, 0.10255186762839144, -0.5743125918340931, -0.23039784415614492, 0.13876884116880517], [-0.6305365948415509, 0.407754185452098, -0.17839549599350107, 0.40715712107340457, 0.8642821597717836, -0.4290791287850118, -0.08095773773334447, 0.6378130919974868, -0.12457015077046202, -0.03119513128438331, 0.4530115867084203, 0.08292699540899728], [0.0508486511442636, -0.6211536106807268, -0.48242709641036846, -0.4299683677942001, -0.12569335434540757, -0.4967257289786187, 0.05671667067935741, 0.41168149096005174, 0.5989611200459012, 0.28655974827750336, 0.6112552300253495, -0.02341708888783286]], "inverted": false, "swapped": false, "error_lsq": 0.051319909439222156, "error_max": 0.31020136837529555, "target": "967.xyz", "model": "18.xyz", "model_rescale": 3.922800546911778, "target_rescale": 3.845310464559197},
{"mapping": [5, 10, 2, 11, 9, 6, 13, 7, 12, 0, 3, 14], "R": [[0.10485163447358503, -0.4753220212489957, 0.8735417052802844], [0.8960287299579126, 0.426221347522614, 0.12436992404121422], [-0.431437886419619, 0.7696780749324854, 0.4705921919560454]], "T": [0.12544907236181294, -0.06743892304178431, -0.08826562601205559], "aligned_model": [[-0.17182482994062256, 0.16701554479080752, -0.4018959688289927, 0.576254529365249, -0.13078910524551654, 0.19986440208571027, 0.7862936522028116, 0.3349812329998687, 0.2893054545715986, -0.6401664857479192, -0.20435454393480426, 0.13750191344311796], [-0.5904247771325385, 0.35440216030244287, 0.3138707358488868, 0.4648293117555544, 0.6989352717381058, -0.3823844386347347, -0.0145258427073858, 0.545158055565366, -0.1295317685442989, -0.11575429385498767, 0.2200050934549371, 0.013631393212589021], [0.38146593947674745, -0.7745039053553786, -0.38766354577091755, -0.23217038246733368, -0.18703695700912976, -0.6973957047498289, 0.09145191360076257, 0.37974317146764347, 0.6784870127920342, 0.24330801256674364, 0.378376373429713, -0.03742426394578298]], "inverted": false, "swapped": false, "error_lsq": 0.05741224579390867, "error_max": 0.3075861766692482, "target": "967.xyz", "model": "19.xyz", "model_rescale": 3.9282355846067225, "target_rescale": 3.845310464559197},
{"mapping": [12, 0, 11, 1, 3, 10, 2, 5, 7, 8, 6, 13], "R": [[0.5433416399956149, -0.7804674065380252, -0.30927413338118825], [-0.5541162979755249, -0.056657765224277706, -0.8305088957727609], [0.6306623427514723, 0.6226239033088916, -0.4632542330768549]], "T": [-0.05783311283042557, 0.09783905946234836, 0.07459060822359523], "aligned_model": [[-0.019031892497872585, -0.018905019326408312, -0.36985291981411533, 0.4902445222013534, 0.025066694280985666, 0.35829575487876575, 0.7563894671903789, 0.4080388615292182, 0.20624894380122233, -0.7986482787504903, -0.14061484646400435, 0.04495450873227495], [-0.744550355153965, 0.39432744586477775, -0.07853683976484119, 0.43478302199473384, 0.8227423736030663, -0.431248238640601, -0.025413873856036273, 0.5330291025732575, -0.2105663402276974, 0.07487070274639177, 0.48674419309819816, 0.12202970876665228], [0.18261322025763008, -0.6675523890899043, -0.5458111596233509, -0.3095714258161564, -0.10979452206150034, -0.4631246932479667, 0.05078903322201013, 0.35965741115225036, 0.5470782304814117, 0.24572483525250224, 0.5929958895097385, -0.04636676600139207]], "inverted": false, "swapped": false, "error_lsq": 0.044156553197867876, "error_max": 0.25709115065590393, "target": "967.xyz", "model": "20.xyz", "model_rescale": 4.067790424073018, "target_rescale": 3.845310464559197},
{"mapping": [3, 5, 8, 13, 1, 6, 11, 10, 12, 0, 9, 14], "R": [[0.07101561230278175, 0.25525810392076237, -0.9642614184919143], [-0.09938110022378407, -0.9600814695280084, -0.2614707799874594], [-0.9925120552051605, 0.11439786821316848, -0.04281294221040366]], "T": [-0.016088024016076397, 0.034082620089495086, -0.129753699169758], "aligned_model": [[0.10094239500872978, 0.0335047607021258, -0.45167939855664685, 0.5630642593844293, -0.10719170166719659, 0.3360987609221307, 0.5411160231992267, 0.47762962415996807, 0.1125381464501293, -0.628873507383064, -0.060381866227630254, 0.025418299769106673], [-0.726679042593595, 0.34653909239043756, 0.28823421713677866, 0.4068153068623119, 0.8488806446316888, -0.4642197111303099, -0.15820853360372603, 0.5487638157344674, -0.08016009739417432, -0.23329918859565474, 0.5267169406309987, 0.07482745693471379], [0.232586735042819, -0.6281286879874458, -0.39590218567536484, -0.2553581653335667, -0.09644603639677926, -0.5483419908253758, 0.1359152978121337, 0.27352408633627034, 0.6168504641395773, 0.10995226504453587, 0.4697455762556919, -0.07775969437722348]], "inverted": true, "swapped": false, "error_lsq": 0.04057698054705655, "error_max": 0.2454203865803923, "target": "967.xyz", "model": "21.xyz", "model_rescale": 4.186013935880536, "target_rescale": 3.845310464559197},
{"mapping": [1, 4, 6, 11, 3, 10, 9, 8, 2, 0, 5, 12], "R": [[-0.009231509373914704, 0.894911317811533, 0.44614853186747655], [0.8392636163841226, -0.23563362737843785, 0.49001364864901853], [0.5436463569716288, 0.37895979589041495, -0.7488912548896345]], "T": [0.09348158219241018, 0.053796735000714156, -0.03426801960016006], "aligned_model": [[-0.08847658834829367, 0.07530758902353404, -0.38886916199843635, 0.47750244775100303, -0.3560007242213653, 0.5079448481484896, 0.6206509403695494, 0.6854789125661259, 0.08633204705932579, -0.5239545698228951, -0.2361516116594213, 0.08242166689369257], [-0.6193586072873839, 0.2470436554999604, 0.1410439943476372, 0.5401271894532615, 0.8284418710089443, -0.26613359775932494, -0.27307498874572245, 0.20470438025191692, 0.07922742099336508, -0.16279349564351694, 0.5678947497373673, 0.09108832914743235], [0.18681193257737144, -0.7342262201081056, -0.29804543397103056, -0.15664711340080556, -0.2583867921658054, -0.684009672867777, -0.007846357039518234, 0.4288023574903498, 0.706678245133198, 0.27175438346926045, 0.44068878356169455, -0.058936448643559534]], "inverted": false, "swapped": false, "error_lsq": 0.05861595670430938, "error_max": 0.363919219620157, "target": "967.xyz", "model": "22.xyz", "model_rescale": 4.166573947596378, "target_rescale": 3.845310464559197},
{"mapping": [14, 0, 7, 1, 4, 5, 6, 2, 11, 9, 3, 15], "R": [[-0.2012727886182677, -0.6733734043143207, 0.711377201577313], [0.2633419376017019, 0.6623040321557366, 0.7014302480578054], [-0.9434724630120412, 0.32851427267684374, 0.04402367755647951]], "T": [-0.021740993961317956, 0.021763981432395108, 0.04821888668739916], "aligned_model": [[-0.18139022755594764, 0.0070302120887824615, -0.21799683297783676, 0.4954549434121927, -0.08448018718756345, 0.3596217175574942, 0.7347503225674503, 0.4475849537596951, 0.014992939404222735, -0.5127426906681596, -0.14852783115191956, 0.02788847651289747], [-0.7420831726096226, 0.48050634509955914, -0.0709345048148765, 0.3491317228349133, 0.7423984665339427, -0.21683765281047032, -0.06077915679355289, 0.45664071767210224, 0.01781678241576521, -0.07554447062603509, 0.4606896888502584, 0.037206135251953674], [0.17870800766996675, -0.6266762342888162, -0.6331622723928931, -0.31707248348234784, -0.08063469642281593, -0.6508474360610212, 0.05211122727462751, 0.25660463059125865, 0.8360820506859598, 0.37972690359059413, 0.43898220802014204, 0.002815758850617321]], "inverted": true, "swapped": false, "error_lsq": 0.04665487653675548, "error_max": 0.32033543519641366, "target": "967.xyz", "model": "23.xyz", "model_rescale": 4.274766983524099, "target_rescale": 3.845310464559197},
{"mapping": [0, 6, 5, 2, 3, 4, 9, 10, 8, 7, 11], "R": [[0.1816135783051142, -0.43655027573367955, 0.8811585356404716], [0.9819516281343935, 0.12861716536902085, -0.1386673169014668], [-0.05279685766620995, 0.8904389263331238, 0.4520298776533335]], "T": [-0.07910764426123257, -0.00029461578927936216, -0.057762761069050296], "aligned_model": [[0.44140926254285956, 0.10585638992771168, -0.3227659270359968, -0.5623010328246162, -0.4503985350368949, -0.5747654305352397, 0.037240278341960406, 0.09029606426869913, 0.6038051920492058, 0.08893379346563926, -0.07741535120525332], [-0.12908363685294208, 0.6483712956275787, 0.4128853388293613, -0.2694297949464614, 0.6001806808762722, -0.04523695504931759, -0.7059967048078202, -0.14255315999732499, -0.06896375240651786, 0.543222587814934, 0.0721906321557213], [-0.6556640834111054, -0.19678795517382452, -0.6854398010097664, -0.11673485142551054, 0.14440949025535868, 0.5774202771107784, 0.05693475793962018, 0.5941403699088782, 0.17192170482610705, 0.5334359686368736, -0.04406944363583198]], "inverted": false, "swapped": true, "error_lsq": 0.056315898034192256, "error_max": 0.30655205835667115, "target": "967.xyz", "model": "24.xyz", "model_rescale": 3.7841303162186577, "target_rescale": 3.845310464559197},
{"mapping": [7, 5, 3, 2, 12, 1, 8, 9, 10, 11, 14, 15], "R": [[-0.7043663800549669, -0.20989586730429763, -0.6780941878064131], [-0.7060541227167104, 0.10868206016446802, 0.6997683799609293], [-0.0731818177076699, 0.9716645175609655, -0.22474983174636143]], "T": [0.08305602870119609, -0.016749850184860388, -0.0034477027437276823], "aligned_model": [[-0.09350150462761887, 0.013982907542220466, -0.49784628302603073, 0.5573100089119843, -0.044832434709678695, 0.5463052605523696, 0.6595387180683535, 0.3654670839125923, 0.07966230562207495, -0.6325747865667201, -0.04691137334517585, 0.03558589342693769], [-0.5812188505212654, 0.5775838262389832, 0.16663254921194934, 0.4351350219546053, 0.7265925845518799, -0.4575614244016949, -0.09887163839933302, 0.4273382499732239, -0.1251470898011553, -0.20983259444676822, 0.5608333953406106, -0.04327312869709839], [0.26675175170487647, -0.6448018408340332, -0.5306339008318264, -0.3771805652443992, -0.08255820820410278, -0.3830813406487185, -0.10533737051887507, 0.25183736089786635, 0.7669376724837805, 0.1966001896969437, 0.52457221279369, -0.046468297259929355]], "inverted": false, "swapped": false, "error_lsq": 0.04661588237302256, "error_max": 0.23706586149147962, "target": "967.xyz", "model": "25.xyz", "model_rescale": 4.19342608120988, "target_rescale": 3.845310464559197},
{"mapping": [7, 0, 4, 0, 2, 5, 9, 1, 10, 6, 8, 11], "R": [[0.3967699292783319, -0.3299959268019596, 0.8565490712823076], [0.4555616036323859, -0.7393176010208165, -0.49585593685738416], [0.7968922439805504, 0.586951593502344, -0.14300551866519912]], "T": [0.08111756345695612, 0.03690584904380273, 0.04006190085412931], "aligned_model": [[0.2623595099825089, 0.32625706835093926, -0.4558373447693307, 0.32625706835093926, -0.1310313557910832, 0.29445423909340573, 0.7894853498703045, 0.43218094457258194, -0.007620003169194825, -0.7165070917056272, -0.13788982501786637, -0.03992276400626921], [-0.826741234369303, 0.3685501285247426, 0.1854133494851129, 0.3685501285247426, 0.8353633892988335, -0.2926416517532772, -0.17322815996730961, 0.4151094023413133, -0.09713139717022437, 0.017270168306620315, 0.5344288622191449, 0.0432679155635412], [0.18745997381107576, -0.537720717103824, -0.4928120804783406, -0.537720717103824, -0.09478539877317838, -0.47145133403211037, 0.10338869345238999, 0.20832906377550656, 0.6494841350119578, 0.23882133463845995, 0.5800088713681403, 0.0036358394690190685]], "inverted": false, "swapped": false, "error_lsq": 0.05497984938307302, "error_max": 0.3438291923460947, "target": "967.xyz", "model": "26.xyz", "model_rescale": 3.795458400668931, "target_rescale": 3.845310464559197},
{"mapping": [4, 8, 5, 1, 6, 11, 9, 2, 3, 7, 0, 12], "R": [[0.9523623837949957, 0.3036862574749153, 0.027938270404461084], [0.27697464938208183, -0.8996458243344163, 0.33752397597403583], [0.1276359413801074, -0.3137069456969802, -0.94090223652061]], "T": [0.16389817460382924, 0.056799830698282844, -0.08170057578828507], "aligned_model": [[0.1785588736358399, 0.11077577106366293, -0.5025018500094518, 0.4120671753421998, -0.22636972397454477, 0.3142203060147345, 0.5372804784862917, 0.685575739101768, 0.011523895043709403, -0.5764740015428936, -0.010548254224357761, 0.008077386824350385], [-0.7632130649290241, 0.2760296001295323, 0.1680629167537418, 0.5826494668042651, 0.7220913659751362, -0.47357825425136146, -0.04653625494712944, 0.4005753745682, -0.13490767301654616, 0.025654451596635902, 0.5379126506171894, 0.08347032170329753], [0.08024724773953279, -0.7744256500734659, -0.4139534926408964, -0.19236889930930803, -0.37540978589932916, -0.5374164253552765, 0.10345233039014012, 0.5383847474017127, 0.6147955626043269, 0.25159674609983984, 0.5735643248982115, -0.03182904182021553]], "inverted": false, "swapped": false, "error_lsq": 0.05409194233270376, "error_max": 0.27863246666000924, "target": "967.xyz", "model": "27.xyz", "model_rescale": 3.6321398670334006, "target_rescale": 3.845310464559197},
{"mapping": [7, 2, 1, 11, 13, 0, 10, 9, 12, 4, 6, 14], "R": [[0.36485549569840636, -0.8415656082625216, 0.3983061564279453], [-0.15099551754112445, 0.36865075190602925, 0.9172224249338913], [-0.9187387120074775, -0.39479608674460287, 0.0074316182618539145]], "T": [0.13171559536944538, -0.03011802982201317, -0.03769878922802664], "aligned_model": [[-0.2193948884601989, -0.008715391979770504, -0.4160327313351548, 0.4595604008620409, -0.030340261668302282, 0.4631688058020967, 0.9086157647323991, 0.4773772691701451, 0.13066571622522855, -0.6787052612418203, -0.23932825357495174, 0.09531462722959659], [-0.6100358694864356, 0.3509390619861589, 0.0656552303562391, 0.42292610821507204, 0.7697615376942439, -0.23945225240903215, -0.03568144893562447, 0.4259376837778822, -0.18310595893196635, -0.02004981664939287, 0.4145708851004682, 0.016745740286324223], [0.3382056020574693, -0.7221827512806364, -0.40927172873445034, -0.3536016681646865, -0.05789553609025183, -0.5232187648908448, -0.07036081929639534, 0.3074147494493456, 0.7747686391408773, 0.1343009741788006, 0.4804572377043638, -0.061978270038319454]], "inverted": true, "swapped": false, "error_lsq": 0.046415421433647, "error_max": 0.3049505163085753, "target": "967.xyz", "model": "28.xyz", "model_rescale": 4.156811204709835, "target_rescale": 3.845310464559197},
{"mapping": [1, 2, 4, 10, 0, 5, 3, 6, 8, 11], "R": [[0.6534127554477678, -0.18867704209601288, -0.7331116864462432], [-0.6956451150961461, -0.5315913753754395, -0.4832064605003931], [-0.2985458840128683, 0.8257188283019516, -0.4786008480212159]], "T": [-0.026168766760747003, -0.09480083747681087, 0.05345862628413606], "aligned_model": [[-0.49403418114345554, -0.07914012225574271, 0.12472045348753688, 0.49953904800802384, -0.02117766436873106, -0.7667777272594081, -0.5151857429611808, -0.4844911638437216, 0.4496952089274726, -0.07022273448020565], [-0.15944566515967132, -0.4722894630621891, 0.13187476537496073, 0.28907387529140327, -0.4080105556006013, -0.3011378405728751, 0.32979748837339173, 0.3173134796977438, 0.2272207000306308, -0.03567645374658942], [-0.6587559066122157, -0.35161380662512626, -0.7061495366710957, -0.17055990069717752, 0.7929755056341226, 0.23508711775663477, -0.29277797686050056, 0.36071996958239205, 0.4935676493891082, 0.0562936120789576]], "inverted": true, "swapped": true, "error_lsq": 0.06452941654209236, "error_max": 0.3786042984071504, "target": "967.xyz", "model": "29.xyz", "model_rescale": 4.117894457231895, "target_rescale": 3.845310464559197},
