[{"mapping": [5, 4, 3, 1, 2, 0, 12, 8, 7, 11, 9, 13], "R": [[-0.08097132399174448, -0.5705527897192995, 0.8172595419048645], [0.8923943936511523, -0.4067015982510407, -0.19551484895025628], [0.4439323043787378, 0.7134867371742617, 0.5420892777074728]], "T": [-0.0649573863939475, 0.14320906840511677, -0.10672802709062376], "aligned_model": [[-0.7971016620498496, 0.30179406106554957, -0.04151036496247916, -0.14148144817441322, 0.5298424078151434, 0.5592352823510153, 0.03903811282014727, -0.3185957428285892, 0.2037226488631418, -0.5198667737566502, 0.513044747006973, -0.0365755264669828], [0.08236909481110133, -0.7186900488353101, -0.06540566244649432, 0.605940359060411, -0.1986406059752675, 0.5055593400250122, 0.6685301890008724, -0.4540337578645908, -0.2352396470607852, 0.10762739327995825, 0.26231112067953916, 0.08475537797624963], [-0.2874613048204642, 0.0830811246845666, -0.5854037388782958, -0.44298378397825944, -0.45401789210910093, -0.37967166142316466, 0.11314117123610129, 0.32864275998311354, 0.4899143204610119, 0.4213375318391922, 0.32740490956845036, 0.042662395486365884]], "inverted": false, "swapped": false, "error_lsq": 0.04945751097610491, "error_max": 0.26478556179447843, "target": "969.xyz", "model": "0.xyz", "model_rescale": 3.8414455957264533, "target_rescale": 4.0363762242135905},
{"mapping": [7, 10, 4, 0, 1, 11, 13, 6, 8, 9, 12, 14], "R": [[-0.012932110102486986, 0.5565821322697927, -0.8306919348147712], [-0.5062408776908099, 0.7127770239343311, 0.48545760670336235], [0.8622951549690718, 0.4268082053912846, 0.2725469161952405]], "T": [-0.06716253207822728, -0.0664515059791485, -0.08063654120783405], "aligned_model": [[-0.6259496113384891, 0.3921567037351733, -0.2726918005422462, -0.16204823313985534, 0.5255759638942525, 0.6029830345537897, -0.017905621544668987, -0.3227026652433338, 0.12682576965023934, -0.5597916158741664, 0.5940616589736943, 0.01103215855861743], [0.2112644882772058, -0.5048244764471467, -0.16769217779340306, 0.4675279618019844, -0.007880515424071866, 0.45095771861090683, 0.6258131646420636, -0.6571893973583489, 0.056116197646185945, 0.1687996586912915, 0.08664010813481685, -0.08444957813078796], [-0.23421332565493752, 0.17477739495315014, -0.5739166655017635, -0.5616562926000074, -0.708114354063732, -0.17788887260685105, 0.2246344584199122, 0.36180572374258646, 0.6754375916132066, 0.3286105178078863, 0.26812565674771466, -0.1209560008076475]], "inverted": false, "swapped": false, "error_lsq": 0.04832773572175972, "error_max": 0.2580899897410346, "target": "969.xyz", "model": "1.xyz", "model_rescale": 4.316132596720782, "target_rescale": 4.0363762242135905},
{"mapping": [6, 0, 4, 3, 5, 7, 10, 2, 1, 8, 9, 11], "R": [[0.0956638038271303, 0.14752615849231665, -0.9844208801106487], [-0.244316649303154, -0.955225666831856, -0.1668930804404895], [-0.9649651866832316, 0.25647603784006007, -0.05533742407503356]], "T": [0.06642640881549562, 0.06858798326567833, 0.006541670072017242], "aligned_model": [[-0.6667351444210439, 0.31100757143867513, -0.2930802046334792, 0.03186393590653383, 0.5431787007370497, 0.5414586204114513, -0.1377213272382366, -0.41125677043672043, 0.1552790713464537, -0.4947944992877799, 0.7409093584756415, -0.02856357061553859], [0.2873725626686452, -0.5972707881908919, -0.38139817438384793, 0.32741760363723216, -0.0983300540213213, 0.7480230148037128, 0.6118970628657041, -0.5551610037962318, -0.09106750375260975, 0.14290067774092569, 0.20395067518633353, 0.04674907989304522], [-0.2946283942948809, -0.02040661281735535, -0.505900701270369, -0.595811774280919, -0.3942144938142035, -0.3298711056142248, 0.2522543976170058, 0.2954731206684135, 0.517631283770946, 0.5228214697547617, 0.2834914804813317, -0.07419283815098923]], "inverted": true, "swapped": false, "error_lsq": 0.05945814284266687, "error_max": 0.43570627259178385, "target": "969.xyz", "model": "2.xyz", "model_rescale": 3.795458400668931, "target_rescale": 4.0363762242135905},
{"mapping": [10, 7, 4, 5, 9, 3, 6, 0, 1, 2, 8, 11], "R": [[0.761253664072572, -0.4626903513639671, 0.4543242208938157], [-0.4621124921331389, 0.10442527467127925, 0.8806516942721042], [-0.45491197340868444, -0.8803482269900457, -0.13432086838946442]], "T": [-0.036112500289194785, 0.025311006557163708, 0.007880820823847261], "aligned_model": [[-0.7005567179922916, 0.4210623200184187, -0.3053173755399509, -0.05541945825986923, 0.6259633213967645, 0.45025815108414896, 0.15055436681116752, -0.41642278048040154, 0.04415441700966377, -0.5290136471559461, 0.6629789806301214, -0.056695835838818584], [0.15825334070927863, -0.584215576485265, -0.33734203013166536, 0.35383388412397465, 0.03382740839679214, 0.6105892446053084, 0.5303172903510245, -0.6146745993802701, -0.08132284293235117, 0.43297431252033225, 0.252626154148282, -0.1097834332747451], [-0.27469828801343066, -0.04475780432247209, -0.4470546069515592, -0.6130254328395903, -0.5543804352180761, -0.23287423952981942, 0.24750642604280973, 0.24869290347237719, 0.6230680167975908, 0.43047329567828635, 0.27276166575794397, 0.000934331175457135]], "inverted": false, "swapped": false, "error_lsq": 0.05423235918464898, "error_max": 0.37570312297423425, "target": "969.xyz", "model": "3.xyz", "model_rescale": 3.7530521520055578, "target_rescale": 4.0363762242135905},
{"mapping": [10, 6, 5, 3, 4, 9, 1, 8, 7, 2, 11], "R": [[0.09758713299705266, -0.14468672381637349, 0.9846534940905354], [0.9771715412575376, -0.17367344345963184, -0.12236549347443657], [0.18871282529225164, 0.974116670111008, 0.12443545548619811]], "T": [-0.05697493102311714, 0.02973937808143451, 0.06760103093003636], "aligned_model": [[-0.4891269113484184, -0.1403631680213367, 0.3439986500398051, 0.5184963047761281, 0.4534462716684906, -0.2862495062849398, -0.2531995645447896, -0.6542517779559327, -0.4924826202446681, 0.3596004681077212, -0.021668543746854715], [-0.5546056775873798, 0.07361983245043223, -0.4289046396996863, 0.30405332817316466, -0.5729693138487117, 0.5836057202616163, -0.427372049580334, 0.08464322965772726, 0.2574878750626243, 0.10906272295058625, 0.038582330474307154], [-0.25992824850169827, -0.5690222304835489, -0.5773140946602136, -0.47201591798491493, 0.19109956998876373, -0.08162264108344972, 0.5917402060153749, 0.0926960249102614, 0.7175187110815509, 0.3893009333911236, 0.07037846457206712]], "inverted": true, "swapped": true, "error_lsq": 0.04471512534956542, "error_max": 0.20788646127143084, "target": "969.xyz", "model": "4.xyz", "model_rescale": 3.7855080009869324, "target_rescale": 4.0363762242135905},
{"mapping": [4, 13, 6, 5, 8, 10, 3, 11, 12, 1, 14, 16], "R": [[-0.9428064125084733, -0.31531964781867927, -0.10811839913912413], [-0.1375932417267941, 0.07269622109505552, 0.9878174726484702], [-0.3036184585363922, 0.9461970086287544, -0.11192431593707519]], "T": [0.08891961631492794, 0.12414678474321109, -0.02714195136077159], "aligned_model": [[-0.6034677209707756, 0.337718646097859, -0.20755052006478292, -0.21875730943682636, 0.5092235715926405, 0.47465423089010955, 0.1375583920166702, -0.26427769942262547, 0.034572314278398526, -0.5414476784591342, 0.5112850654701679, 0.12203444969130556], [0.12460977896261154, -0.553486888626727, -0.34727653334072994, 0.7569866252407738, -0.20039776861684108, 0.48410683666633303, 0.8088181824037406, -0.5518541181648897, -0.24676396600545017, 0.10316675152811047, 0.1273774895971987, 0.13979676300656568], [-0.28714261418322345, 0.034333949361664964, -0.3676453749392806, -0.42708180966233233, -0.48901346165974535, -0.5297370589894911, 0.0790463348249133, 0.19804833200767125, 0.5407813258083964, 0.3915474930665916, 0.5013411500141995, 0.01216756640015284]], "inverted": true, "swapped": false, "error_lsq": 0.046980837336588456, "error_max": 0.2183975798724176, "target": "969.xyz", "model": "5.xyz", "model_rescale": 4.2253639853439635, "target_rescale": 4.0363762242135905},
{"mapping": [3, 11, 6, 4, 5, 10, 1, 12, 9, 0, 8, 13], "R": [[0.7160253906196379, -0.6728066419994614, -0.18611518602576205], [0.40763162704921463, 0.1865443302756333, 0.8938890700032225], [-0.5666957707775887, -0.7159137066179306, 0.4078277431212479]], "T": [0.01863300652504446, 0.07141146977152565, -0.05016760329615383], "aligned_model": [[-0.5680042963341065, 0.30538367781553666, -0.17604039937291308, -0.2621521827974187, 0.48917876025214635, 0.5840413413539554, 0.10016281275865474, -0.27431030508479265, 0.06208153860985995, -0.6158518037704177, 0.6755998277122919, -0.028543229459789758], [0.06074022016444962, -0.6519978769940611, -0.3795278701559722, 0.6593834877250654, -0.11174802633412065, 0.5168480708270197, 0.7451010529939833, -0.7222758943413367, 0.09860031335240374, 0.2586085925630316, 0.09942132716485046, 0.07192975568538304], [-0.4486048907383641, -0.05276728401268921, -0.46546742856092665, -0.326500546984229, -0.43197980724778806, -0.3508536916595267, 0.22947684615945063, 0.3442792862842692, 0.5580835120581811, 0.4030971229395339, 0.2866927822445326, -0.08881006843292666]], "inverted": true, "swapped": false, "error_lsq": 0.04195256023113251, "error_max": 0.21205751280430926, "target": "969.xyz", "model": "6.xyz", "model_rescale": 3.89814844738969, "target_rescale": 4.0363762242135905},
{"mapping": [4, 9, 10, 2, 5, 1, 0, 11, 8, 7, 6, 12], "R": [[-0.8431015262417147, 0.2008396537150361, -0.49884190876921697], [0.3484269407166566, -0.5025626787565782, -0.7912202101209523], [-0.4096077189601325, -0.8408889269199807, 0.35373341537327296]], "T": [-0.047776276294552125, 0.12136056700284828, 0.07892524710493228], "aligned_model": [[-0.6328085501169276, 0.43170922957068, -0.11107576275444074, -0.16044447627525937, 0.5901081759879043, 0.47015147288961906, 0.08525237735304549, -0.47322294076646987, 0.0919515346578733, -0.4766816446659404, 0.585030810091342, -0.10842448428841932], [0.1764640232050746, -0.6165909104712298, -0.28650962991070117, 0.33638628602579657, -0.015856471517395637, 0.6035246119911182, 0.6974908307596728, -0.5399356486049, -0.2809439851979638, 0.35805405051383166, 0.1490010962820623, 0.06399889957533023], [-0.18602123066947462, -0.0742646533245732, -0.5281486697583628, -0.586369921517791, -0.34161192592602874, -0.38374665865487123, 0.11617687741164683, 0.271338396696118, 0.6045809884791526, 0.5162935808827624, 0.3159211196190731, -0.06750207118813382]], "inverted": false, "swapped": false, "error_lsq": 0.05758213210355156, "error_max": 0.3476346853411175, "target": "969.xyz", "model": "7.xyz", "model_rescale": 3.7474275329858107, "target_rescale": 4.0363762242135905},
{"mapping": [2, 11, 8, 3, 9, 6, 0, 13, 12, 1, 10, 14], "R": [[0.7476605681982231, -0.13529442553312257, -0.6501531305632333], [0.6619055887356944, 0.23100427521857975, 0.7131044919443383], [0.053709090124151815, -0.9635001002856207, 0.2622649240513011]], "T": [0.04460885327310593, 0.012446170046351922, -0.03534703097257774], "aligned_model": [[-0.7595340881920861, 0.4848550970711537, -0.21256232584290358, -0.09732953730814664, 0.449651050842853, 0.49741044307555915, 0.04324499127407805, -0.3354873370961662, 0.07649702884276716, -0.49518584633048857, 0.650437642932508, -0.010451377586120886], [0.15231463198078818, -0.4079679503473355, -0.14827393345486892, 0.5530410795817577, -0.43263553574304636, 0.657741512944383, 0.6409761509739341, -0.7256408776187583, -0.23556603123583555, 0.3641501657461776, 0.2357414986194609, -0.008797558795960555], [-0.24121212975731612, 0.09080830100026843, -0.6462826649137996, -0.4845075524437136, -0.5024482335484951, -0.2486607415123086, 0.16254546656733024, 0.30942278329244177, 0.5286704431125411, 0.3515997376384222, 0.36261532094719057, -0.025904898333044254]], "inverted": true, "swapped": false, "error_lsq": 0.048730205796682906, "error_max": 0.3026468838947945, "target": "969.xyz", "model": "8.xyz", "model_rescale": 4.019505241142653, "target_rescale": 4.0363762242135905},
{"mapping": [3, 1, 2, 4, 0, 7, 8, 6, 11, 5, 9, 12], "R": [[-0.8408699950773423, -0.13025514469824295, 0.5253296571280459], [0.4334963814291659, -0.7432336781750833, 0.5095925695240813], [0.3240656394412243, 0.6562296068495967, 0.6814280331976181]], "T": [0.05468369380353738, -0.0842661322324289, 0.04181330662841243], "aligned_model": [[-0.5923325928981864, 0.5586262215716815, -0.25411280414194093, -0.13892929491469969, 0.20091924919411616, 0.5564970879791435, 0.2838813778843643, -0.3557987988745277, -0.03623570604053536, -0.556048280424368, 0.5975966591715192, 0.027482623176440124], [0.07868658193662303, -0.49249540099052797, -0.42411117785608826, 0.5904893808437923, 0.07544023043004339, 0.557459188822405, 0.5066158645503855, -0.5560248954556017, 0.140458086268838, 0.1643976620106954, 0.06674228418577177, -0.06257465209564], [-0.4997373792998937, -0.14712079565711336, -0.3311776182455304, -0.3995637197514821, -0.5711753703761646, -0.3530992404231138, 0.2751881529080431, 0.41196142629652815, 0.6149469841801489, 0.16710293999947623, 0.42883014300204436, 0.06049030941657471]], "inverted": false, "swapped": false, "error_lsq": 0.06196455262328704, "error_max": 0.38848994652289004, "target": "969.xyz", "model": "9.xyz", "model_rescale": 3.877068213659057, "target_rescale": 4.0363762242135905},
{"mapping": [14, 0, 9, 13, 7, 4, 3, 11, 12, 6, 5, 15], "R": [[0.20299073314126487, 0.6877525159765031, 0.6969872588697456], [-0.21766379127389818, 0.7256907462319047, -0.6526832423171705], [-0.954681746042651, -0.019220239368210434, 0.2970073166970538]], "T": [0.000699358922986202, 0.042570957861523186, -0.09875630529693251], "aligned_model": [[-0.6924981218875671, 0.3572747722771812, -0.34005104797123, -0.3768391854067918, 0.5902621173411002, 0.4707787403423509, 0.21345588909265312, -0.20389602393509057, -0.007183937908573048, -0.36674407779021156, 0.6086866613862844, 0.03829995614290095], [0.1280904643018004, -0.5241051367606316, -0.3038321494302109, 0.6695988496913832, -0.07107387521479197, 0.45749165397388164, 0.554211706234502, -0.6068999749887882, -0.09589027255961127, 0.3381202854017329, 0.11948816309299701, -0.020116561091566836], [-0.4475903822657679, 0.33193873067267043, -0.5454545830636042, -0.34763211042154635, -0.6517365718691577, -0.3536226837131416, 0.210629774226253, 0.18581971786631163, 0.6353837065637895, 0.2986609702860143, 0.3864556337825908, -0.04620637001489489]], "inverted": true, "swapped": false, "error_lsq": 0.047268509529633844, "error_max": 0.2766113141760927, "target": "969.xyz", "model": "10.xyz", "model_rescale": 4.260839863003843, "target_rescale": 4.0363762242135905},
{"mapping": [5, 1, 3, 4, 2, 9, 10, 0, 7, 6, 8, 11], "R": [[-0.1501832449903921, 0.6909825222726621, -0.7070983996855502], [0.21690666010944679, -0.6747562062807724, -0.7054470659700449], [-0.9645706266128578, -0.25932068178085993, -0.048541634463511785]], "T": [0.06328520045385777, 0.0717244129892414, -0.027092195108040448], "aligned_model": [[-0.5430043438078536, 0.34933943023487746, -0.2045292922686726, -0.021414935193505763, 0.44957251507190765, 0.49647499629581393, -0.037723986952805794, -0.4307171770224533, 0.0871408159580655, -0.6689195764123874, 0.7445202896317575, 0.07080700614826307], [0.19596117134584484, -0.5926229812493176, -0.40739419655574904, 0.5405696779357441, -0.12836426313821844, 0.7099397221670424, 0.6176960730644048, -0.5204551364549281, -0.096094545971638, 0.11981357357438019, 0.18439513658707116, 0.02163892134605959], [-0.2983653390789596, -0.018365194814931735, -0.47715199878774656, -0.5830713882077311, -0.5572843851600869, -0.22898593217459562, 0.26453407685046537, 0.39161928278918734, 0.6060533931293314, 0.3788867846713276, 0.16998004640624165, 0.008796486427015474]], "inverted": true, "swapped": false, "error_lsq": 0.048843116070828564, "error_max": 0.25992596674824103, "target": "969.xyz", "model": "11.xyz", "model_rescale": 3.890672605050136, "target_rescale": 4.0363762242135905},
{"mapping": [10, 6, 11, 12, 9, 5, 7, 1, 0, 4, 8, 13], "R": [[0.6672873712771441, 0.7404585913808075, 0.08030341577037198], [-0.28167292958170864, 0.3506984990597811, -0.8931242486340154], [-0.6894838104516281, 0.573351233719408, 0.4425838202166188]], "T": [0.034723539094018686, -0.05138597809477639, 0.008904008641662606], "aligned_model": [[-0.6471513742637537, 0.40159695296566955, -0.2354496086705081, -0.12603811233246878, 0.3728923619980808, 0.5329833420688582, 0.16469282124452664, -0.14386086117263472, -0.048135411974195554, -0.5497862665292922, 0.5887661137329679, -0.01896421538424349], [0.20392115067929292, -0.4954563389346398, -0.3713929621799446, 0.5637511700993891, -0.06750935993781912, 0.4563200740339367, 0.78256458884055, -0.6812004708010625, -0.1709433044159329, 0.21696041289849474, 0.10104891186202072, 0.1070192805064108], [-0.5101387419801268, -0.007336581226663055, -0.3479771540147239, -0.3795469240219757, -0.6919542507767634, -0.3056495085957228, 0.12972870761472202, 0.429308108465584, 0.5812107268426876, 0.28710455752003394, 0.4436355069822319, 0.028261385240233573]], "inverted": true, "swapped": false, "error_lsq": 0.04339144051425248, "error_max": 0.19358054952894113, "target": "969.xyz", "model": "12.xyz", "model_rescale": 4.124412569039231, "target_rescale": 4.0363762242135905},
{"mapping": [5, 6, 0, 4, 1, 2, 10, 3, 9, 7, 8, 12], "R": [[0.012289006848390793, 0.9966991308484552, 0.0802485070055183], [0.988650005079408, -9.353982102916492e-05, -0.15023700844595075], [-0.14973358930836794, 0.08118395048429461, -0.9853877502874678]], "T": [-0.04028457035950994, -0.002247629524898355, 0.010840195158066928], "aligned_model": [[-0.7148101704264285, 0.40757259874454643, -0.30992251820855093, -0.08793539825517652, 0.5617302530918584, 0.5410262105968227, -0.05385527283954152, -0.24427719145184967, 0.05236839956885635, -0.48096846162075924, 0.6338362061549652, -0.013218913671736107], [0.26055267429205714, -0.4824025987188527, -0.25469594895929953, 0.44581318392491925, -0.2079064600390015, 0.5685584934353981, 0.7167933557147552, -0.6775587390958213, -0.14081088456952892, 0.21146507149635888, 0.08904013819657042, 0.1162348669731412], [-0.21208825578593446, 0.13924571071146175, -0.4367451223943857, -0.6335565473857423, -0.49724138951620783, -0.26961240259045566, 0.17638647230526808, 0.11617438521947517, 0.6279762607994149, 0.40225080298709137, 0.23914666250928965, 0.0047092551902420485]], "inverted": false, "swapped": false, "error_lsq": 0.04919797915108842, "error_max": 0.30097593132367273, "target": "969.xyz", "model": "13.xyz", "model_rescale": 3.9028299243045295, "target_rescale": 4.0363762242135905},
{"mapping": [0, 9, 3, 8, 1, 12, 5, 7, 10, 4, 14, 15], "R": [[-0.14365422582064968, -0.9834217632481927, -0.11065757531089118], [-0.9800257286670087, 0.1258294097861692, 0.15400172331361464], [-0.13752466889459722, 0.13057026921424372, -0.981854556562606]], "T": [0.06034413352209761, 0.07770514963952353, -0.1533106681510295], "aligned_model": [[-0.6970938861632487, 0.42794089185070866, -0.41928088259822194, -0.146099719692023, 0.4738458201881784, 0.53775679865303, -0.0658751175098613, -0.1254432413306264, 0.018223471980911052, -0.5153901924265041, 0.7153221138445156, 0.08763968488614862], [0.27899218266561304, -0.5502461323888617, -0.28968400435509895, 0.7549163710294412, -0.13330634003274222, 0.5744532073812284, 0.5208713668007313, -0.6172014455061133, 0.00651981060319641, 0.1026787597024486, 0.01739397733454784, -0.020304600583694446], [-0.4234728156021921, 0.11388825985742357, -0.3071758645953517, -0.4619740068411085, -0.6079415756940646, -0.25107980061782675, 0.06979073993755516, 0.3973397029608055, 0.5873046837196905, 0.20343795288014282, 0.4386496857333491, -0.1021211296889057]], "inverted": true, "swapped": false, "error_lsq": 0.04470113490232091, "error_max": 0.27947960246389375, "target": "969.xyz", "model": "14.xyz", "model_rescale": 3.942246331269136, "target_rescale": 4.0363762242135905},
{"mapping": [8, 3, 6, 7, 10, 9, 2, 12, 1, 0, 5, 14], "R": [[-0.8936223424871441, 0.09407183809626118, 0.43885031421314946], [0.24313390193087892, -0.720424343680423, 0.6495187993926717], [0.377259876927901, 0.6871239002609519, 0.6209152365263091]], "T": [0.049353529928155365, -0.13039129378319056, -0.15254164386252347], "aligned_model": [[-0.6759588966352135, 0.4217360134683459, -0.11359277721348457, -0.22957568015271726, 0.5462138674125817, 0.46365270180397933, 0.07241081869352209, -0.29784798061520723, 0.06732020886191384, -0.40279562831233595, 0.4359771232358193, 0.004005971135802977], [0.050157758888011966, -0.5181731091558283, 0.14137006607141708, 0.6636944164155583, -0.21649352486483595, 0.4809305555574035, 0.5270693661906992, -0.6231070835978963, -0.19273176951337626, 0.29983434518142793, 0.12597281450416056, -0.0934406830260458], [-0.35295334446925, 0.324432653264049, -0.6133926540787296, -0.3028941920645676, -0.6572363306591913, -0.4731724265926974, 0.23457818340156025, 0.39950773772070625, 0.6551911704482757, 0.23628289387674814, 0.28056249981312364, -0.07426035861050914]], "inverted": true, "swapped": false, "error_lsq": 0.057227292217479374, "error_max": 0.4231773223972545, "target": "969.xyz", "model": "15.xyz", "model_rescale": 4.355366556412066, "target_rescale": 4.0363762242135905},
{"mapping": [6, 0, 4, 3, 5, 7, 10, 2, 1, 8, 9, 11], "R": [[0.0956638038271303, 0.14752615849231665, -0.9844208801106487], [-0.244316649303154, -0.955225666831856, -0.1668930804404895], [-0.9649651866832316, 0.25647603784006007, -0.05533742407503356]], "T": [0.06642640881549562, 0.06858798326567833, 0.006541670072017242], "aligned_model": [[-0.6667351444210439, 0.31100757143867513, -0.2930802046334792, 0.03186393590653383, 0.5431787007370497, 0.5414586204114513, -0.1377213272382366, -0.41125677043672043, 0.1552790713464537, -0.4947944992877799, 0.7409093584756415, -0.02856357061553859], [0.2873725626686452, -0.5972707881908919, -0.38139817438384793, 0.32741760363723216, -0.0983300540213213, 0.7480230148037128, 0.6118970628657041, -0.5551610037962318, -0.09106750375260975, 0.14290067774092569, 0.20395067518633353, 0.04674907989304522], [-0.2946283942948809, -0.02040661281735535, -0.505900701270369, -0.595811774280919, -0.3942144938142035, -0.3298711056142248, 0.2522543976170058, 0.2954731206684135, 0.517631283770946, 0.5228214697547617, 0.2834914804813317, -0.07419283815098923]], "inverted": true, "swapped": false, "error_lsq": 0.05945814284266687, "error_max": 0.43570627259178385, "target": "969.xyz", "model": "16.xyz", "model_rescale": 3.795458400668931, "target_rescale": 4.0363762242135905},
{"mapping": [4, 9, 10, 2, 5, 1, 0, 11, 8, 7, 6, 12], "R": [[-0.8431015262417147, 0.2008396537150361, -0.49884190876921697], [0.3484269407166566, -0.5025626787565782, -0.7912202101209523], [-0.4096077189601325, -0.8408889269199807, 0.35373341537327296]], "T": [-0.047776276294552125, 0.12136056700284828, 0.07892524710493228], "aligned_model": [[-0.6328085501169276, 0.43170922957068, -0.11107576275444074, -0.16044447627525937, 0.5901081759879043, 0.47015147288961906, 0.08525237735304549, -0.47322294076646987, 0.0919515346578733, -0.4766816446659404, 0.585030810091342, -0.10842448428841932], [0.1764640232050746, -0.6165909104712298, -0.28650962991070117, 0.33638628602579657, -0.015856471517395637, 0.6035246119911182, 0.6974908307596728, -0.5399356486049, -0.2809439851979638, 0.35805405051383166, 0.1490010962820623, 0.06399889957533023], [-0.18602123066947462, -0.0742646533245732, -0.5281486697583628, -0.586369921517791, -0.34161192592602874, -0.38374665865487123, 0.11617687741164683, 0.271338396696118, 0.6045809884791526, 0.5162935808827624, 0.3159211196190731, -0.06750207118813382]], "inverted": false, "swapped": false, "error_lsq": 0.05758213210355156, "error_max": 0.3476346853411175, "target": "969.xyz", "model": "17.xyz", "model_rescale": 3.7474275329858107, "target_rescale": 4.0363762242135905},
{"mapping": [4, 1, 8, 5, 10, 12, 9, 0, 2, 6, 7, 13], "R": [[-0.4676091514627018, 0.8758406106885673, -0.11935202611187412], [0.03921649016067852, 0.1554463979163136, 0.987065592690942], [0.8830649740352119, 0.4568803366785668, -0.10703555291897182]], "T": [0.16178993853538756, -0.026870912777786797, -0.07194639079594364], "aligned_model": [[-0.631559142114463, 0.41305570374831047, -0.2604161498523797, -0.047412650931027256, 0.36184933974075895, 0.5015949847016676, -0.03865417497645657, -0.43446468294348295, 0.0033210730445286107, -0.40289851517632047, 0.7278760755959099, 0.09925388084596157], [0.17000674568895874, -0.585962153584804, -0.3341383677992664, 0.4469453267725642, 0.013652895740069101, 0.6222021207663588, 0.5659647935463112, -0.5430947282022446, -0.12994862447082264, 0.2503103707870832, 0.22615441632881383, -0.05700964292232515], [-0.21707476792906708, 0.2486794292724203, -0.5660953371993773, -0.5768744890131103, -0.7313199020898179, -0.22185853519803186, 0.16489141978702432, 0.20578691569532528, 0.6122285340820804, 0.37447974838762077, 0.35577308537353014, 0.00802973088092071]], "inverted": false, "swapped": false, "error_lsq": 0.051760316541066574, "error_max": 0.29471713462416765, "target": "969.xyz", "model": "18.xyz", "model_rescale": 3.922800546911778, "target_rescale": 4.0363762242135905},
{"mapping": [7, 6, 13, 12, 8, 5, 3, 10, 2, 9, 1, 14], "R": [[-0.7719524482232459, -0.3827768795164731, -0.5075148058823196], [-0.4088085741560662, 0.9103193101311766, -0.06476344106656856], [0.4867904758503612, 0.15748210726914427, -0.8592056904556956]], "T": [0.07441100318221279, 0.006081834505396448, -0.07135881585467706], "aligned_model": [[-0.6534456888474869, 0.46011157105754236, -0.23640531903675893, -0.07833950975769864, 0.4848792102828841, 0.5621240731490588, -0.17006202524452801, -0.1895306004317172, -0.03508893914240062, -0.5215764583832971, 0.6832022335123842, -0.014322805474975275], [0.2991313304647067, -0.5534721985424094, -0.19271337448767642, 0.5671369726893456, -0.15063554685931715, 0.5547899430878442, 0.5805377762157824, -0.5912194955582898, 0.038444240667704015, 0.06927187117804809, -0.02000199571203963, 0.04381362950699788], [-0.2215508524086589, 0.046548469559307915, -0.6507442018835776, -0.6009798664941857, -0.49720640286130335, -0.28013882721855793, 0.06786242171559097, 0.40210353560440615, 0.6358125919992309, 0.47959413207916646, 0.34896950297491347, -0.07362467101681536]], "inverted": false, "swapped": false, "error_lsq": 0.050606056790800664, "error_max": 0.27616006068512194, "target": "969.xyz", "model": "19.xyz", "model_rescale": 3.9282355846067225, "target_rescale": 4.0363762242135905},
{"mapping": [6, 11, 4, 5, 0, 1, 2, 9, 12, 7, 10, 13], "R": [[-0.3268223117294398, -0.8527189157398712, 0.4075016899293098], [0.569951446449818, -0.5217806384386526, -0.634744290277835], [0.7538849549139346, 0.024807581300290704, 0.6565379339112434]], "T": [-0.13259463028998475, -0.0028046459177154884, -0.08562421093025228], "aligned_model": [[-0.6849012501053929, 0.3480872620438137, -0.07180298934578316, -0.2753540668902991, 0.5362567104902686, 0.38469017270954076, 0.1975567039146126, -0.16290112183703354, -0.12672098553618066, -0.4408324229439918, 0.5735153771691563, 0.013952352014296177], [0.1856455271260134, -0.534114984395306, -0.42191183094015133, 0.6211578086410502, -0.13971372046700656, 0.4526386670747506, 0.7032467347978303, -0.5365822667806128, -0.13480721528349346, 0.31933420535722495, 0.07304864364926003, 0.057141583871136784], [-0.37937237525631384, -0.08979721167088776, -0.5546885868891318, -0.36487454810310704, -0.5028660801612208, -0.37971368293290875, 0.1812236008885324, 0.3532240467555203, 0.7542181357311342, 0.34947784613069727, 0.4021147405790419, -0.11230005302183874]], "inverted": false, "swapped": false, "error_lsq": 0.04578549375719255, "error_max": 0.2404994034469258, "target": "969.xyz", "model": "20.xyz", "model_rescale": 4.067790424073018, "target_rescale": 4.0363762242135905},
{"mapping": [5, 12, 8, 4, 0, 2, 6, 10, 11, 13, 3, 14], "R": [[-0.46466411414789244, 0.7353752351572032, 0.49326516655916713], [0.8617869083680274, 0.5035819219861972, 0.061062037422322885], [-0.20349591049608845, 0.45346280042157383, -0.8677331980771464]], "T": [-0.02820017195857163, -0.022010085204421014, -0.09568683864122628], "aligned_model": [[-0.5518304550676048, 0.4120008936850575, -0.2283999087795786, -0.16045266347689924, 0.5050246122610516, 0.4761472243396955, 0.0324225659020726, -0.3812399067582438, 0.08392324465612722, -0.573922580847268, 0.7242786124397025, -0.046405896671105416], [0.2005335305409272, -0.5358719405850053, -0.014705947849321329, 0.6411420122611972, -0.1376050622417404, 0.46883417782121767, 0.6506433598282579, -0.5812946794218053, -0.04920974157317244, -0.063776254510206, 0.14842439091805745, -0.08203069253771023], [-0.25301384382478204, 0.26373336430892025, -0.6295731670664361, -0.5260483946036808, -0.5504034100333813, -0.33740474207601223, 0.20666912580353225, 0.3878940851733319, 0.5404898444580654, 0.3408519850794558, 0.2627441659191661, -0.04929318108866211]], "inverted": true, "swapped": false, "error_lsq": 0.04816056214738939, "error_max": 0.29774511080603033, "target": "969.xyz", "model": "21.xyz", "model_rescale": 4.186013935880536, "target_rescale": 4.0363762242135905},
{"mapping": [3, 9, 11, 5, 8, 2, 0, 10, 7, 6, 1, 12], "R": [[-0.15071754923923614, 0.7482897603580536, -0.6460237262629025], [0.4058913105364599, -0.5490259530973237, -0.7306317450375195], [-0.9014080454390865, -0.3723344428989379, -0.2209764653731794]], "T": [0.010030835364119837, 0.006426871583490215, -0.021954768235703054], "aligned_model": [[-0.7954552957109536, 0.43240910366038654, -0.22806131941742316, -0.1090265082499938, 0.4605971788131757, 0.49941411844414346, 0.1175721088559418, -0.07850338300842102, -0.0725708676647214, -0.409464851391342, 0.5088446928320128, -0.034209235479798664], [0.33677843139249636, -0.4482232824183748, -0.32290727600443214, 0.6005145594539625, -0.2035179144053541, 0.4299019369228765, 0.6604139349953179, -0.7334023075525985, -0.14911117193725143, 0.2645773337364767, 0.20418325291059297, 0.005875655556984195], [-0.3291983105829014, -0.0034995203246162322, -0.5055011711546761, -0.5030201943131999, -0.6055481949384566, -0.38371722364340777, 0.2653155511363178, 0.3536965468343367, 0.6903012359898342, 0.23734150381801863, 0.47523773490041243, -0.03476212567214504]], "inverted": false, "swapped": false, "error_lsq": 0.0450075336837552, "error_max": 0.23802937153343906, "target": "969.xyz", "model": "22.xyz", "model_rescale": 4.166573947596378, "target_rescale": 4.0363762242135905},
{"mapping": [6, 9, 12, 5, 10, 7, 0, 11, 3, 2, 8, 15], "R": [[-0.5044452799988904, -0.4700121807046591, 0.7243089875709756], [-0.8609845463667516, 0.21054511165664086, -0.4630079555203471], [0.06511966219568455, -0.857181022857333, -0.5108817119928805]], "T": [0.0220863976196827, -0.0024716363929496443, -0.03539743419764689], "aligned_model": [[-0.6800325792878374, 0.3693905576066778, -0.38167647811043204, -0.07152319347677483, 0.5619546553844736, 0.4519814181169495, 0.20442763475586115, -0.29038412543562, -0.025741913942199296, -0.5173699743113035, 0.6796927004006138, -0.009172960017402226], [0.18548975133664408, -0.47427721653303156, -0.4343636174305513, 0.6147675414392016, 0.014837927484309649, 0.4876120053087801, 0.7762771922508812, -0.6715848416373764, -0.19585967368542376, 0.1370728494570932, 0.14734081176492173, 0.057770422895247586], [-0.2608017175552757, 0.09585987526168392, -0.31793276318639613, -0.5843191253387324, -0.5542267667921588, -0.32933270451790103, 0.1290948086696802, 0.24162786828477795, 0.5318240143225661, 0.34186030056864813, 0.4109088744525059, -0.04791683211988064]], "inverted": false, "swapped": false, "error_lsq": 0.04558946653036596, "error_max": 0.30691008752260573, "target": "969.xyz", "model": "23.xyz", "model_rescale": 4.274766983524099, "target_rescale": 4.0363762242135905},
{"mapping": [9, 8, 7, 2, 1, 4, 3, 5, 6, 10, 11], "R": [[-0.09827689591422611, 0.8061324670978318, 0.5835170067960553], [0.456201059451332, -0.48462033587474584, 0.7463402196131004], [0.8844332903531769, 0.3395490767877478, -0.3201315032414672]], "T": [-0.08342501382093576, 0.06357764716713402, -0.05770825751413657], "aligned_model": [[0.31489525369192495, 0.1801716057951535, -0.36364902058464393, -0.5158158988427879, -0.5759111458408965, -0.6012172710586743, 0.19582346263596057, 0.13709662534086858, 0.5017891697631758, 0.20557853360152195, -0.0988666105435278], [-0.028327959854727858, 0.5542521025357378, 0.5241557865768883, -0.23081150594788866, 0.5844090063168773, -0.069474432375042, -0.7037898166748069, -0.2649198188728832, -0.07143271188510439, 0.5910065004696099, 0.030519380954823205], [-0.5208462326761374, -0.28162615429436283, -0.6686678304426199, -0.15615231535390645, 0.033773675418455794, 0.5366214347519371, 0.1177032638771614, 0.7363378925543589, 0.173516376983874, 0.46553705909176624, -0.05663073588894952]], "inverted": false, "swapped": true, "error_lsq": 0.05765202716720983, "error_max": 0.30752057725906107, "target": "969.xyz", "model": "24.xyz", "model_rescale": 3.7841303162186577, "target_rescale": 4.0363762242135905},
{"mapping": [14, 4, 9, 10, 8, 7, 11, 5, 3, 13, 6, 15], "R": [[0.5012717951853761, -0.5510885816035356, -0.6671041617152704], [0.6509576180037255, 0.7480975496902539, -0.12885742396289865], [0.5700708437681639, -0.3696639438376992, 0.7337355120967038]], "T": [0.10511289479398352, 0.023564102681296967, -0.17846133655440483], "aligned_model": [[-0.6544084643300787, 0.46738475316313605, -0.33305062937588464, -0.12543445583027302, 0.3443687171934433, 0.4501686238798916, 0.03685728458850142, -0.16233045941736063, 0.04134520942583493, -0.45878565992954984, 0.5489999370951932, 0.136430885220153], [0.19557846276918664, -0.5099502888556173, -0.1528399318497666, 0.6217422014491396, -0.3145980842955758, 0.5726162817577164, 0.6336632547569567, -0.6726072583015611, -0.1289032434455595, 0.24224543715038924, 0.12754309810435882, 0.030593223411028814], [-0.3295815776488806, 0.19680635125672563, -0.5234759032241736, -0.6192401774166041, -0.6001967635531806, -0.22625054638975514, 0.28256769233067996, 0.28322928916713186, 0.6100114139582387, 0.31772097994485116, 0.38205549140968403, -0.11700041778520005]], "inverted": false, "swapped": false, "error_lsq": 0.045070336104223514, "error_max": 0.23705611328386506, "target": "969.xyz", "model": "25.xyz", "model_rescale": 4.19342608120988, "target_rescale": 4.0363762242135905},
{"mapping": [6, 0, 4, 3, 5, 7, 10, 2, 1, 8, 9, 11], "R": [[0.0956638038271303, 0.14752615849231665, -0.9844208801106487], [-0.244316649303154, -0.955225666831856, -0.1668930804404895], [-0.9649651866832316, 0.25647603784006007, -0.05533742407503356]], "T": [0.06642640881549562, 0.06858798326567833, 0.006541670072017242], "aligned_model": [[-0.6667351444210439, 0.31100757143867513, -0.2930802046334792, 0.03186393590653383, 0.5431787007370497, 0.5414586204114513, -0.1377213272382366, -0.41125677043672043, 0.1552790713464537, -0.4947944992877799, 0.7409093584756415, -0.02856357061553859], [0.2873725626686452, -0.5972707881908919, -0.38139817438384793, 0.32741760363723216, -0.0983300540213213, 0.7480230148037128, 0.6118970628657041, -0.5551610037962318, -0.09106750375260975, 0.14290067774092569, 0.20395067518633353, 0.04674907989304522], [-0.2946283942948809, -0.02040661281735535, -0.505900701270369, -0.595811774280919, -0.3942144938142035, -0.3298711056142248, 0.2522543976170058, 0.2954731206684135, 0.517631283770946, 0.5228214697547617, 0.2834914804813317, -0.07419283815098923]], "inverted": true, "swapped": false, "error_lsq": 0.05945814284266687, "error_max": 0.43570627259178385, "target": "969.xyz", "model": "26.xyz", "model_rescale": 3.795458400668931, "target_rescale": 4.0363762242135905},
{"mapping": [4, 0, 9, 11, 1, 8, 5, 3, 7, 10, 6, 12], "R": [[0.22934280514570443, -0.7729884108963538, 0.591515675487835], [-0.4697358151029294, 0.44436321406243967, 0.7628168836606106], [-0.8524964174338134, -0.4528026618826668, -0.2611888352408759]], "T": [0.04022900609655443, 0.012522239292706745, -0.1943249985185059], "aligned_model": [[-0.7919449652030055, 0.3147682141014625, -0.11148455234697895, -0.3383705023161593, 0.5758691976499256, 0.44765377549164553, 0.24137667778210464, -0.34192777941967156, -0.08469391671496261, -0.4328011159872793, 0.7615395594476374, 0.05156114919828822], [0.0831095709731221, -0.6686917798420078, -0.2378220981772185, 0.5311743047007936, -0.10147110379084062, 0.6035587951023076, 0.4809087704659046, -0.5296498696041376, -0.06913530933390355, 0.33396386403032025, 0.21425827489598442, 0.004879733230371719], [-0.2312992156751077, 0.1953529139878112, -0.5084666846993646, -0.5093441074800287, -0.4189319295703633, -0.31855284196052225, 0.3597635679320713, 0.1298387787085479, 0.6043829623394894, 0.23065054665630638, 0.15237460811423023, -0.02912276630355279]], "inverted": false, "swapped": false, "error_lsq": 0.05320350246148595, "error_max": 0.2824415789686276, "target": "969.xyz", "model": "27.xyz", "model_rescale": 3.6321398670334006, "target_rescale": 4.0363762242135905},
{"mapping": [3, 13, 1, 7, 6, 12, 8, 2, 11, 0, 9, 14], "R": [[-0.7507807524264309, -0.204478036555246, 0.6281058782980095], [-0.19996128571743105, -0.8359110691796947, -0.5111439803392893], [0.6295583737829514, -0.5093539211485186, 0.5866982503897507]], "T": [-0.013903683727458167, 0.11866983519533264, 0.001266193891213862], "aligned_model": [[-0.6345945202650236, 0.43760526103719094, -0.32437000242250713, -0.13072218261560078, 0.6057969659464435, 0.5217886371565168, -0.0266621931552626, -0.33131746568090575, 0.06806220736148964, -0.46964813338641187, 0.5849521052369973, -0.009344937529919908], [0.3013750401064148, -0.5581638135505655, -0.3761765304168519, 0.5935379627298389, -0.10760900670790072, 0.6467726663078199, 0.6347070233894396, -0.5748941559284033, -0.24078543208098796, 0.1689258894910019, 0.10164275535832945, 0.05575075395256081], [-0.2287811349325515, 0.06844667198475914, -0.3243177976419405, -0.6001829592158876, -0.4094361650519046, -0.34173652909632385, 0.025192259854168574, 0.2285570757473475, 0.527193318067194, 0.42456634724759357, 0.2973303487566974, -0.010185603669635158]], "inverted": true, "swapped": false, "error_lsq": 0.04583890108712532, "error_max": 0.23107935372137822, "target": "969.xyz", "model": "28.xyz", "model_rescale": 4.156811204709835, "target_rescale": 4.0363762242135905},
{"mapping": [8, 6, 10, 5, 0, 9, 1, 2, 4, 11], "R": [[0.5327464762350538, 0.66023936307166, -0.5294007702203145], [0.5918905474064619, -0.7378037567011515, -0.3245168662620588], [-0.6048526861559038, -0.1404620947031504, -0.7838517895633019]], "T": [-0.23521055880186628, -0.01708683251783859, 0.014482248205141431], "aligned_model": [[-0.6154143024391684, 0.12854566360012978, 0.017756814385623126, 0.644278572141355, -0.2982715298127558, -0.5242673270305859, -0.48614605682016254, -0.2553113747968929, 0.2530688385867511, -0.22131392370370562], [-0.13440425189242927, -0.4749029969924477, 0.1399321399520733, -0.030186295169892772, -0.42399831581536884, -0.562545281364247, 0.6329244204173903, 0.19656546279545856, 0.5917496441645825, -0.016414195468915174], [-0.4350347814591998, -0.25431886698554806, -0.7250057215792596, -0.10117647218759768, 0.6767000834225498, 0.0373672973414271, -0.17707345087666013, 0.5015825842237224, 0.18751645112953452, 0.04822960394613107]], "inverted": false, "swapped": true, "error_lsq": 0.06640429955429603, "error_max": 0.2691181133499318, "target": "969.xyz", "model": "29.xyz", "model_rescale": 4.117894457231895, "target_rescale": 4.0363762242135905},
