[{"mapping": [6, 3, 1, 5, 8, 0, 2, 12, 11, 9, 4, 13], "R": [[-0.6141679674138679, 0.7888708971103762, 0.02191838258149431], [-0.5136148126598263, -0.37847486382703244, -0.7700367534524056], [-0.5991640276411208, -0.4841895136652382, 0.6376229158660238]], "T": [0.05484746298614589, -0.07174311656142787, 0.09970410471896698], "aligned_model": [[-0.5422829476301496, 0.02625142714320785, 0.5312147482978454, -0.22369003066652404, -0.6951866386734538, 0.6924253213306126, 0.08873493564829707, 0.48691269222456907, -0.30972124684820507, 0.24876046272696406, -0.6148372114324431, -0.030467803473959346], [-0.46724404430222666, -0.5333406001590105, -0.3368290208519553, -0.518766629666983, 0.14063157570225707, -0.03379282092009553, -0.2211361723116844, 0.2490360713473498, 0.23708157230729474, 0.55891742851833, 0.10575991465974652, 0.06657823140689856], [-0.1678039756469075, -0.1438330293451858, 0.2890392209922219, 0.6428321778306908, 0.15378707853035012, -0.3332701256807711, -0.6538153704771797, 0.3131055064513357, 0.6084071695791408, -0.21874243267066554, -0.5586418053976251, 0.08837395642048368]], "inverted": true, "swapped": false, "error_lsq": 0.053829376223811315, "error_max": 0.31532590657132575, "target": "97.xyz", "model": "0.xyz", "model_rescale": 3.8414455957264533, "target_rescale": 3.793460962902527},
{"mapping": [7, 13, 11, 0, 4, 8, 9, 12, 1, 10, 2, 14], "R": [[0.48668744569718186, 0.8526077666767105, -0.19025069356852609], [0.43449198292534796, -0.4251898434120746, -0.7939964192821118], [-0.7578601764008663, 0.30376568809160787, -0.5773857980275234]], "T": [-0.10805662779440851, 0.027994917313943185, -0.08137691467559471], "aligned_model": [[-0.4956952218083607, 0.3323692578121301, 0.37966161629629447, -0.37582309693284205, -0.6249505923576314, 0.599636429983338, -0.05385596383291888, 0.6024362179077777, -0.18021035358871287, 0.24858848245174686, -0.6806156488968114, -0.09342741838724822], [-0.45391644639241757, -0.5874424304412037, -0.16015251575930137, -0.4855401321412086, 0.04565501194144459, -0.0199571119522923, -0.40079706932362436, 0.15674356427020278, 0.2366983226952409, 0.6119875126746551, 0.22570484320471648, 0.07791195695370963], [-0.25588410678149, -0.035454034592388994, 0.5916734994383885, 0.3546279482484305, 0.08692633931568233, -0.4294768089056915, -0.6093062662132632, 0.16542917516016054, 0.7551245017039545, -0.09313337297551533, -0.5029118244718698, -0.008176679340509196]], "inverted": false, "swapped": false, "error_lsq": 0.04872929740931575, "error_max": 0.2645088334014458, "target": "97.xyz", "model": "1.xyz", "model_rescale": 4.316132596720782, "target_rescale": 3.793460962902527},
{"mapping": [1, 10, 7, 9, 0, 6, 8, 3, 5, 4, 2, 11], "R": [[-0.29927947531460725, 0.9138998054891977, -0.2742607175339191], [-0.8521884506805256, -0.3853051784135448, -0.3539982542533679], [-0.42919301040690194, 0.12777740416252492, 0.8941287909486797]], "T": [-0.052081423377569214, -0.10715717654015294, 0.028135161735101895], "aligned_model": [[-0.4810532264118842, 0.30213583936169447, 0.46268751518432166, -0.3528340893209129, -0.6316974531685018, 0.5508430919769378, -0.06286861309167907, 0.4803867656280631, -0.14154520614658228, 0.019709483895474972, -0.498298598781773, 0.010648199521602592], [-0.40418227688233793, -0.5920357794679885, -0.388651502093726, -0.5406799121131697, 0.2845221786394372, 0.13169011315705034, -0.4200961978806565, 0.1832697745327177, 0.1965201400262122, 0.6350701225061779, 0.17479812598473954, -0.01332928067853506], [-0.12138589154172336, -0.16332937751314425, 0.7035868656731111, 0.5492468358523416, 0.14874444546542845, -0.4773645553650594, -0.6711422662385251, 0.2794254771606868, 0.5898612523635405, -0.1675033654522727, -0.6215700341017423, -0.029131015716752702]], "inverted": false, "swapped": false, "error_lsq": 0.05082979643576337, "error_max": 0.3073752150613781, "target": "97.xyz", "model": "2.xyz", "model_rescale": 3.795458400668931, "target_rescale": 3.793460962902527},
{"mapping": [4, 5, 3, 9, 7, 2, 10, 6, 8, 1, 0, 11], "R": [[-0.7127519957595243, -0.0284132685329625, 0.7008404088750083], [-0.21396089452970546, -0.9427501424711402, -0.25581810819934747], [0.6679860239203087, -0.33228730797597217, 0.6658677171970556]], "T": [-0.033274139801470884, -0.030758474412645766, -0.06725091566437368], "aligned_model": [[-0.4347246859457767, 0.12239185667171658, 0.3549358684658085, -0.3083973101163798, -0.7183303473151335, 0.5632239890257049, 0.16029754534218588, 0.4649901518860521, 0.10126672958794654, 0.006111149805942004, -0.4954734122675401, -0.15817782649376505], [-0.4289898445337068, -0.7047535514068238, -0.3174763302491756, -0.4693572212533216, 0.12750131822671973, 0.2065237886398455, -0.4367753976703782, 0.11544551286926402, 0.28267471215312295, 0.5974197510842437, 0.28497761992968607, -0.010294852059554709], [-0.3692508629748616, 0.0565366009875309, 0.5684816430123003, 0.6302396027177297, 0.2310008692367641, -0.48631227317821624, -0.6475017201783635, 0.2114126563232579, 0.6357578531674972, -0.07772745773562177, -0.6139597005188218, -0.11923884027330678]], "inverted": false, "swapped": false, "error_lsq": 0.04810499281872587, "error_max": 0.3614949544478587, "target": "97.xyz", "model": "3.xyz", "model_rescale": 3.7530521520055578, "target_rescale": 3.793460962902527},
{"mapping": [0, 3, 4, 8, 10, 2, 6, 1, 5, 7, 11], "R": [[-0.21071882693761856, 0.9541904601022615, 0.21241031477748248], [0.7325119851027463, 0.010240332045510836, 0.6806771094141717], [0.6473204520597727, 0.2990245833529961, -0.7011137788516919]], "T": [0.05181110924076566, -0.029958061335403158, 0.07017549958496787], "aligned_model": [[-0.2823742428002317, -0.2694403729577225, 0.30772359941631117, 0.485423462666615, 0.3259586224971107, -0.19469955262712674, -0.4154903594269017, -0.5715801002900699, -0.30237399788019287, 0.23056668861429247, 0.024485855233120905], [-0.5395079160009764, 0.12854951603776893, -0.45873656085005055, 0.32966953807056976, -0.820475206124222, 0.6786126260007588, -0.4485872029554292, 0.019073502772842525, 0.20239021693094708, 0.47952507357062335, -0.10331022913848611], [-0.20386882523597355, -0.5912030694767095, -0.5192095033097363, -0.39379976524554566, 0.22214423749153028, -0.10934072155867693, 0.4666625532212489, -0.040218611904880824, 0.8498520348203777, 0.36979367591607964, 0.04201877252760237]], "inverted": false, "swapped": true, "error_lsq": 0.053661114050871726, "error_max": 0.2476426292640506, "target": "97.xyz", "model": "4.xyz", "model_rescale": 3.7855080009869324, "target_rescale": 3.793460962902527},
{"mapping": [14, 12, 6, 13, 15, 0, 2, 7, 8, 10, 9, 16], "R": [[0.973828011340032, 0.026083245440368177, 0.22578456244131545], [-0.11976682781571577, -0.7853966429187317, 0.6072956613108209], [0.1931706791531247, -0.618443026963102, -0.761717343321154]], "T": [0.10056383865643699, -0.09775719622466851, -0.018384440630542256], "aligned_model": [[-0.45728365080895966, -0.04974906518604562, 0.44044627575566636, -0.21582179371155463, -0.6614174946804665, 0.6836564014190795, -0.029688825711709874, 0.5380700613390427, -0.19172537396296502, -0.08454564113124029, -0.37268374094209095, 0.0588565562680057], [-0.38083239573117644, -0.7612252369661633, -0.1850425051957762, -0.45100030180985257, 0.14237098158356004, -0.11577971649276865, -0.30255409231824903, 0.41625137471939244, 0.20251612139139719, 0.6067022783697037, 0.18518258447044045, -0.10969358629058609], [-0.2760120953075475, -0.035160997584689296, 0.5320138441199367, 0.5293263214173101, 0.18420137465392053, -0.5362185215238273, -0.7161509935364019, 0.30681237052533505, 0.5470470979997252, 0.0024866690965731665, -0.4688240349752014, -0.050082664299244434]], "inverted": true, "swapped": false, "error_lsq": 0.04073952181008832, "error_max": 0.23290764655328297, "target": "97.xyz", "model": "5.xyz", "model_rescale": 4.2253639853439635, "target_rescale": 3.793460962902527},
{"mapping": [2, 5, 8, 10, 4, 12, 6, 9, 1, 0, 3, 13], "R": [[0.46187938043212184, 0.8201477724760275, 0.33767598261388], [0.7333753345282041, -0.13902652574637736, -0.6654564176897961], [-0.4988266799573615, 0.5550038346187367, -0.6656896325775353]], "T": [0.033525508633870646, -0.0708861971956712, -0.01582462596664185], "aligned_model": [[-0.5053561341732304, 0.01338064443239996, 0.4416151692375728, -0.3062490624739507, -0.6208560010706803, 0.7413079645077427, -0.02709771455439132, 0.46095626668452255, -0.17770653457285157, 0.055342543111972245, -0.4095388693559925, -0.007684563126352684], [-0.45393001645799874, -0.7035151638503349, -0.3517803626570845, -0.5239903965968794, 0.16449138697590976, 0.1229140492277722, -0.31543945794201944, 0.26292727902124796, 0.24967257764485223, 0.7267433462726239, 0.12719402773356026, -0.05839176364172857], [-0.13008581626186733, -0.005052372421460439, 0.5322868337902058, 0.5206101787418385, 0.11568029726009064, -0.5927381585799739, -0.6076324457795469, 0.26429666500140364, 0.6097382227973512, -0.09566056849718184, -0.5329973767441578, -0.05900708872081242]], "inverted": false, "swapped": false, "error_lsq": 0.039987278583800905, "error_max": 0.2598016394859469, "target": "97.xyz", "model": "6.xyz", "model_rescale": 3.89814844738969, "target_rescale": 3.793460962902527},
{"mapping": [2, 4, 11, 10, 5, 7, 0, 8, 9, 6, 1, 12], "R": [[-0.04600979847593173, 0.7595114488215684, -0.6488647451920674], [0.9541471989843648, 0.22574218501354087, 0.1965797257491299], [0.2957806976705799, -0.6100678855785433, -0.7350720739296457]], "T": [0.09214496001401054, -0.07386243499880107, -0.07994494793732315], "aligned_model": [[-0.4397642479056638, 0.16203948158111608, 0.5511666573971937, -0.3436946297339889, -0.5776830469111601, 0.65713608278798, -0.011363157804558599, 0.5131772408893274, -0.19955393272588204, -0.0356641478149618, -0.6233294930680048, 0.005646901955364256], [-0.5241253641544604, -0.7142476196836199, -0.2982284910939143, -0.4125195334184907, 0.26667724763146383, -0.23298256170090806, 0.022642130813838576, 0.3401088329870101, 0.30567212139831546, 0.5879366307119942, 0.10301080554404013, -0.19704869330534758], [-0.20597563340477834, -0.10269048541986442, 0.5479876307897213, 0.40405803216752956, 0.11483639027956072, -0.3744623430277844, -0.6552564512042749, 0.25027676554905837, 0.6742507531306281, -0.13528642973948424, -0.4942018438373262, -0.004098014697097044]], "inverted": true, "swapped": false, "error_lsq": 0.054093145223280875, "error_max": 0.3593488522300534, "target": "97.xyz", "model": "7.xyz", "model_rescale": 3.7474275329858107, "target_rescale": 3.793460962902527},
{"mapping": [3, 5, 9, 8, 2, 10, 6, 11, 4, 12, 1, 14], "R": [[0.45230061008912315, -0.3717796432579874, -0.8106812289500546], [-0.4593973054667079, -0.876227875914116, 0.145529465061083], [-0.7644463838902865, 0.3066017063390228, -0.5671129691931445]], "T": [0.010053393545267731, 0.0411971332400366, -0.03423990729960778], "aligned_model": [[-0.3933059391788114, 0.11173106775896198, 0.46380591582733227, -0.27058788029806763, -0.8121374731046108, 0.5509056104661433, 0.15309246051060327, 0.5878303801691525, -0.38106722260798614, 0.22549448397687535, -0.5466412148675983, -0.031006480005233008], [-0.5164145124754586, -0.6626838353338504, -0.3096415172379417, -0.33592556787707145, 0.06524842674426742, 0.09903412664363981, -0.5463274055398214, 0.17803473975140038, 0.18151346742751887, 0.6146649688845871, 0.40394748590217305, 0.07544512884047835], [-0.2354985425216896, 0.05081711279790131, 0.46711957445161434, 0.45995566084548484, 0.14468244996225404, -0.5628201957459968, -0.5831413921317641, 0.14995884069269366, 0.6287546898319311, -0.10746829547079627, -0.38538818745685705, -0.007533344668887082]], "inverted": true, "swapped": false, "error_lsq": 0.05497756565862814, "error_max": 0.2997737815457184, "target": "97.xyz", "model": "8.xyz", "model_rescale": 4.019505241142653, "target_rescale": 3.793460962902527},
{"mapping": [11, 8, 7, 9, 10, 4, 5, 0, 1, 2, 6, 12], "R": [[-0.0757187828215215, 0.9723118270242195, 0.22108002387563508], [0.32749376486853987, -0.18516715740909978, 0.9265316820213234], [0.9418144721229637, 0.1425581805644901, -0.3044054290808321]], "T": [-0.05706113541685787, 0.004349227702123218, -0.03458563885103195], "aligned_model": [[-0.3457437617350074, 0.13224553125858676, 0.6305557129391771, -0.28459942788231785, -0.8911134243833216, 0.7242644837016804, 0.03950866060710087, 0.5062557987651939, -0.20189013474325676, 0.025925518586445262, -0.6213513765419304, -0.055943871925588945], [-0.4962166082723709, -0.6375672282670213, -0.35296853678370543, -0.475407572949688, 0.20114904180319076, -0.18542274884437987, -0.11594689705913477, 0.2274463289079136, 0.30894762806098336, 0.5622947169840574, 0.22764413910974435, -0.017056756959667775], [-0.26555253931558065, 0.056206326070688574, 0.4334860171114493, 0.39599513071570525, 0.2876043216650833, -0.23734545999365164, -0.6878297249362196, 0.20110015445946236, 0.5506917976041024, -0.2128612918828945, -0.4343077226509732, -0.06774863826128294]], "inverted": true, "swapped": false, "error_lsq": 0.04900097937683951, "error_max": 0.2424262160701114, "target": "97.xyz", "model": "9.xyz", "model_rescale": 3.877068213659057, "target_rescale": 3.793460962902527},
{"mapping": [3, 5, 0, 12, 6, 7, 4, 8, 11, 9, 13, 15], "R": [[-0.6848019231550928, -0.018537065040261258, -0.7284934476457422], [-0.5189535224396576, 0.7142206464472003, 0.46965530949411777], [0.5115990300914951, 0.6996750998915403, -0.4987195474424529]], "T": [-0.09324001115870022, 0.033924564506425614, -0.05778543426568726], "aligned_model": [[-0.40101444343212655, 0.04832534572874446, 0.2996692201895422, -0.3352026517311667, -0.6901480610692078, 0.6070980142729884, 0.07480078227790214, 0.5907827993485533, 0.04413136311384126, 0.08925731745881367, -0.6164468772422349, -0.05313910026888828], [-0.4761477527283195, -0.7260869677520676, -0.3039215877543649, -0.37153830384582626, -0.046859164307331475, -0.006142274070882886, -0.2777520301554693, 0.3254566302047144, 0.21396445113570353, 0.6669246303160787, 0.2541781510224076, -0.005180276334720957], [-0.2765603705764377, 0.057701200484648815, 0.5465723645238232, 0.5212216111735665, 0.07442403678623156, -0.47516759487832283, -0.6345962107133305, 0.14823588789186182, 0.6446175989116292, -0.017153603983269455, -0.5825534104928617, 0.012696861458349598]], "inverted": false, "swapped": false, "error_lsq": 0.03818244815509222, "error_max": 0.1849972482051742, "target": "97.xyz", "model": "10.xyz", "model_rescale": 4.260839863003843, "target_rescale": 3.793460962902527},
{"mapping": [7, 10, 9, 8, 1, 5, 6, 4, 2, 3, 0, 11], "R": [[-0.7296481678253692, 0.6377950520309057, 0.2466394591179127], [-0.6187218043293277, -0.46215707782439464, -0.6352906140218647], [-0.29119903852269735, -0.6161398437219517, 0.7318297704669754]], "T": [-0.030244571156508478, -0.08382607218335551, 0.03901546221977875], "aligned_model": [[-0.500500248589082, 0.2705672817270952, 0.399919049550441, -0.3041334196082013, -0.649002859001022, 0.4352035290587182, 0.06793557119895485, 0.6518255147706582, -0.04892559529660026, -0.05803271615399153, -0.5165817048567659, -0.09016069415344319], [-0.45738675704531845, -0.6209788797906579, -0.4288213161616536, -0.4534182211713708, 0.26167015664309606, 0.1762756535358178, -0.25425442550233746, 0.05722653176413396, 0.35163925056390916, 0.6120877795339852, 0.083840265463916, -0.08098453210359889], [-0.223506235645632, -0.08062099746758539, 0.6149241374538419, 0.5903773661984355, 0.18403677179777916, -0.37609423476626147, -0.7761962714336748, 0.2648194024071935, 0.5685228730868479, -0.09796921355930549, -0.6718983589000509, 0.02304313141430089]], "inverted": false, "swapped": false, "error_lsq": 0.057902079060070506, "error_max": 0.42914116875632885, "target": "97.xyz", "model": "11.xyz", "model_rescale": 3.890672605050136, "target_rescale": 3.793460962902527},
{"mapping": [0, 11, 9, 6, 8, 10, 4, 12, 5, 7, 3, 13], "R": [[0.19663692850778222, -0.7800681657253309, -0.5939929083490334], [-0.17159345101178514, 0.5690914458878679, -0.8041707615843305], [0.9653442939785222, 0.26005496157384445, -0.02195019462179952]], "T": [-0.07334219051096859, -0.2522152058563326, 0.029762361525341657], "aligned_model": [[-0.5405119970793724, 0.29747285902176357, 0.349052454134197, -0.3303811965349553, -0.6840300866622329, 0.7539927029399227, 0.034266511760802934, 0.4585940236763799, 0.04882532432528876, -0.07165788328426571, -0.6262497888474513, -0.031259214803315685], [-0.3370451452114382, -0.6585019854300946, -0.24800847754797517, -0.593791738400471, 0.06786235165048199, -0.21681028764965482, -0.10991485191018294, 0.2686870428360314, 0.33113435572091676, 0.5957037346714501, 0.25804677329229164, -0.11046626629143394], [-0.32130856146183057, 0.04352519840117492, 0.6835096243367627, 0.4161750499025241, 0.2390509099768688, -0.3075860789452537, -0.6479012868189732, 0.0008338619385558736, 0.5295128684399654, -0.05965130454316067, -0.5059512339145601, -0.05077067672618496]], "inverted": true, "swapped": false, "error_lsq": 0.04751424267088436, "error_max": 0.22742140059367597, "target": "97.xyz", "model": "12.xyz", "model_rescale": 4.124412569039231, "target_rescale": 3.793460962902527},
{"mapping": [1, 0, 3, 6, 8, 5, 4, 7, 9, 10, 2, 12], "R": [[0.06459513120880117, 0.9909868867442494, 0.1173561218047805], [-0.64340239236768, -0.04853546293005312, 0.7639880040509222], [0.7627980273438468, -0.12485711489180801, 0.6344681791400023]], "T": [0.04030951359625633, -0.07843066231102362, 0.06394626728533011], "aligned_model": [[-0.5737618826654913, 0.3009568605764953, 0.2797622506001776, -0.37870552424880777, -0.6263837237151854, 0.6913110669413317, 0.038280564745840476, 0.4877787992079111, -0.018072957988984326, 0.028103530738513342, -0.5787136414287454, 0.007558365883706154], [-0.5714310568298151, -0.5622291153580836, -0.51491370384628, -0.3564157964104845, 0.1375057552746929, -0.024937556805837383, -0.16732989980395074, 0.3427536693079048, 0.22463252957154256, 0.5708781315857318, 0.16203281097462802, 0.006349738069872296], [-0.1427690688806073, -0.12251930791679692, 0.5747283313394524, 0.5052664209872475, 0.21817892200500777, -0.3195655894778249, -0.7173149340354992, 0.1882550431177551, 0.6237546816003899, -0.2865658957680062, -0.48503748949369735, -0.016972742891532375]], "inverted": true, "swapped": false, "error_lsq": 0.05448110017468175, "error_max": 0.29223910641066986, "target": "97.xyz", "model": "13.xyz", "model_rescale": 3.9028299243045295, "target_rescale": 3.793460962902527},
{"mapping": [11, 1, 3, 6, 9, 8, 12, 4, 7, 10, 14, 15], "R": [[0.38775931591316715, -0.7982285802267017, -0.46094885468109825], [0.20347190878640242, -0.4136147562676718, 0.887424371838216], [-0.8990227445717769, -0.43789721066352794, 0.002034117924643253]], "T": [0.1598607741580349, -0.11691504944014838, -0.04864173341802896], "aligned_model": [[-0.4699867275161992, -0.1450236661569218, 0.37691365073240785, -0.1493193293781323, -0.5520859073968527, 0.7854572782839379, 0.09010859893424122, 0.5176247758996431, -0.24083007785755284, -0.06503327446230422, -0.5591243999775508, 0.06941278754204543], [-0.3639991819714322, -0.6900432726307891, -0.17179536294064224, -0.4583659689300106, -0.0369528144861305, -0.27576578607844193, -0.2864534373009652, 0.38686226651635547, 0.38015423424873507, 0.5927151419251501, 0.25752997090508, -0.08699028352698757], [-0.34545521765335574, -0.07635948186519895, 0.5332222070345725, 0.43325783641590376, 0.2473032277957143, -0.47279101969886667, -0.7199327716823501, 0.22988404432650933, 0.5940066340125691, -0.0139969582423033, -0.4034683092192722, 0.013768179361966865]], "inverted": false, "swapped": false, "error_lsq": 0.04705678836565976, "error_max": 0.25481225076050046, "target": "97.xyz", "model": "14.xyz", "model_rescale": 3.942246331269136, "target_rescale": 3.793460962902527},
{"mapping": [3, 4, 11, 13, 12, 9, 5, 6, 8, 0, 1, 14], "R": [[0.3947681325337237, 0.9184324101944837, 0.025298803137456832], [-0.8463811085560055, 0.3742362578466428, -0.3789277535262476], [-0.3574872593748536, 0.12817617258013508, 0.9250803901106992]], "T": [0.08437594970295932, -0.09391390593312626, -0.03545558224685503], "aligned_model": [[-0.4130890119729001, 0.00968950119340957, 0.3319942138537177, -0.37188616343770864, -0.7141522245710713, 0.7810330466794768, -0.020749948562348075, 0.5587507370663017, 0.15786035553999372, -0.10413868068764089, -0.5880034790201347, 0.030805362565665975], [-0.4646670195539092, -0.6681897546389608, -0.3078530747386773, -0.40175861418054204, -0.06812253849232322, -0.007249343837653105, -0.02186014969027611, 0.0669730423596823, 0.4302511368508796, 0.6148617675104082, 0.09012562647127045, -0.015615572329977762], [-0.3982484586184523, 0.055611211508215595, 0.6025305084842086, 0.5628640365371121, 0.13706635380437585, -0.429562736510023, -0.6571760659968456, 0.21328794092798406, 0.5290725183024537, -0.08852875561737344, -0.44858605815367436, -0.058892124082092615]], "inverted": false, "swapped": false, "error_lsq": 0.057850821635387885, "error_max": 0.35009641638488, "target": "97.xyz", "model": "15.xyz", "model_rescale": 4.355366556412066, "target_rescale": 3.793460962902527},
{"mapping": [1, 10, 7, 9, 0, 6, 8, 3, 5, 4, 2, 11], "R": [[-0.29927947531460725, 0.9138998054891977, -0.2742607175339191], [-0.8521884506805256, -0.3853051784135448, -0.3539982542533679], [-0.42919301040690194, 0.12777740416252492, 0.8941287909486797]], "T": [-0.052081423377569214, -0.10715717654015294, 0.028135161735101895], "aligned_model": [[-0.4810532264118842, 0.30213583936169447, 0.46268751518432166, -0.3528340893209129, -0.6316974531685018, 0.5508430919769378, -0.06286861309167907, 0.4803867656280631, -0.14154520614658228, 0.019709483895474972, -0.498298598781773, 0.010648199521602592], [-0.40418227688233793, -0.5920357794679885, -0.388651502093726, -0.5406799121131697, 0.2845221786394372, 0.13169011315705034, -0.4200961978806565, 0.1832697745327177, 0.1965201400262122, 0.6350701225061779, 0.17479812598473954, -0.01332928067853506], [-0.12138589154172336, -0.16332937751314425, 0.7035868656731111, 0.5492468358523416, 0.14874444546542845, -0.4773645553650594, -0.6711422662385251, 0.2794254771606868, 0.5898612523635405, -0.1675033654522727, -0.6215700341017423, -0.029131015716752702]], "inverted": false, "swapped": false, "error_lsq": 0.05082979643576337, "error_max": 0.3073752150613781, "target": "97.xyz", "model": "16.xyz", "model_rescale": 3.795458400668931, "target_rescale": 3.793460962902527},
{"mapping": [2, 4, 11, 10, 5, 7, 0, 8, 9, 6, 1, 12], "R": [[-0.04600979847593173, 0.7595114488215684, -0.6488647451920674], [0.9541471989843648, 0.22574218501354087, 0.1965797257491299], [0.2957806976705799, -0.6100678855785433, -0.7350720739296457]], "T": [0.09214496001401054, -0.07386243499880107, -0.07994494793732315], "aligned_model": [[-0.4397642479056638, 0.16203948158111608, 0.5511666573971937, -0.3436946297339889, -0.5776830469111601, 0.65713608278798, -0.011363157804558599, 0.5131772408893274, -0.19955393272588204, -0.0356641478149618, -0.6233294930680048, 0.005646901955364256], [-0.5241253641544604, -0.7142476196836199, -0.2982284910939143, -0.4125195334184907, 0.26667724763146383, -0.23298256170090806, 0.022642130813838576, 0.3401088329870101, 0.30567212139831546, 0.5879366307119942, 0.10301080554404013, -0.19704869330534758], [-0.20597563340477834, -0.10269048541986442, 0.5479876307897213, 0.40405803216752956, 0.11483639027956072, -0.3744623430277844, -0.6552564512042749, 0.25027676554905837, 0.6742507531306281, -0.13528642973948424, -0.4942018438373262, -0.004098014697097044]], "inverted": true, "swapped": false, "error_lsq": 0.054093145223280875, "error_max": 0.3593488522300534, "target": "97.xyz", "model": "17.xyz", "model_rescale": 3.7474275329858107, "target_rescale": 3.793460962902527},
{"mapping": [10, 3, 1, 11, 12, 0, 8, 2, 7, 9, 5, 13], "R": [[-0.7300153276740919, 0.19147905824057537, 0.6560589848605007], [-0.6770279478372045, -0.07152077516003286, -0.7324738470197087], [-0.09333155526525783, -0.9788874036250597, 0.18184793596837368]], "T": [-0.007301307954090546, -0.019631761850828877, -0.026201778233717457], "aligned_model": [[-0.5334521461426829, 0.08064643435906711, 0.44830720241858296, -0.2923493646654244, -0.6687904919830544, 0.7586705181411012, 0.06387366925847386, 0.5570732324788036, -0.14694456039972145, -0.1569454814219906, -0.541339802875432, 0.08936449947903856], [-0.4211634848573379, -0.6920427169713923, -0.3536593116245182, -0.4605129118246092, 0.27532769747253444, -0.05541934293913492, -0.3820706381100721, 0.33381335296834463, 0.21575306075583223, 0.6305107276068571, 0.1334110813602893, 0.022947991893128482], [-0.22210211349714287, -0.05299512377144783, 0.3730035549945044, 0.469891034422285, 0.15999140123820788, -0.3595916422804736, -0.6429891279851758, 0.21954331883091033, 0.6755909471269359, -0.07763650001722647, -0.48945193824912325, -0.033815440226365054]], "inverted": true, "swapped": false, "error_lsq": 0.038886524581929253, "error_max": 0.2271853850340417, "target": "97.xyz", "model": "18.xyz", "model_rescale": 3.922800546911778, "target_rescale": 3.793460962902527},
{"mapping": [13, 4, 10, 11, 7, 1, 8, 2, 9, 3, 12, 14], "R": [[-0.04026022317789595, -0.39423734933771315, -0.9181263675643132], [-0.12271733998474568, 0.9138658464114571, -0.3870267035099], [0.9916247117214934, 0.09708824413823544, -0.08517220176454314]], "T": [0.05735875420474741, -0.05125491778827409, -0.16799166698680582], "aligned_model": [[-0.4975094354639111, 0.06575910932049499, 0.39017343757158135, -0.2876992862790036, -0.6033876259953842, 0.7564497314900245, 0.06651623665485702, 0.47734578910774317, 0.042930870244135486, -0.16514211121713607, -0.5749079605726894, -0.01241504621395087], [-0.454799089355705, -0.7427552907998952, -0.38031249268014605, -0.36474060284249143, 0.194686452192105, 0.06453319849015268, -0.3949524099221276, 0.27921414394954036, 0.27061450862675185, 0.5422133695012744, 0.24596022404917714, -0.012766505478714649], [-0.20096348082782586, 0.04560563461338604, 0.48893766422395724, 0.3704368674840254, 0.20769182033098008, -0.3821129913402097, -0.6741327821293069, 0.30900943629840116, 0.5796279518158747, -0.08174782399944663, -0.5292616566255861, -0.11365226925836072]], "inverted": false, "swapped": false, "error_lsq": 0.04270722658261717, "error_max": 0.19893409871135062, "target": "97.xyz", "model": "19.xyz", "model_rescale": 3.9282355846067225, "target_rescale": 3.793460962902527},
{"mapping": [5, 3, 0, 1, 2, 8, 6, 11, 10, 12, 7, 13], "R": [[0.7853030231599301, -0.4668227039800022, -0.40666414258534483], [-0.5263003172448325, -0.15744447375300025, -0.8355951254959721], [0.3260477539929743, 0.8702228454444529, -0.369330558419821]], "T": [0.06064268188779795, -0.029059727920414093, -0.1309695868749082], "aligned_model": [[-0.4476159263395785, 0.10854319982172717, 0.33765129568262187, -0.26695011751325237, -0.6852276690885618, 0.6709361028859104, -0.03959637331487169, 0.5780007525662894, -0.14708924477459379, -0.07716009854097725, -0.3890376157454841, 0.015659403007532303], [-0.49406901236693634, -0.765797283496499, -0.3594388393193611, -0.4328780944088748, 0.014863974648048499, 0.07175126264178869, -0.3857256329923606, 0.14951372161480223, 0.43440904290014387, 0.8096439743537369, 0.2727242100160277, -0.06810181786059456], [-0.24555451079553345, 0.014901533388814697, 0.5430577559173192, 0.40858067118618013, 0.21611014207358129, -0.57368920875367, -0.6691011860477775, 0.3314321012176821, 0.564931623147518, -0.1504846775817553, -0.4388849341761418, 0.018139061009671165]], "inverted": true, "swapped": false, "error_lsq": 0.046225490288571126, "error_max": 0.2204822988349351, "target": "97.xyz", "model": "20.xyz", "model_rescale": 4.067790424073018, "target_rescale": 3.793460962902527},
{"mapping": [11, 13, 1, 10, 12, 4, 6, 8, 9, 0, 3, 14], "R": [[0.7394409138831145, -0.5664314630742185, 0.36384410468675277], [-0.36106639005534513, 0.12247382884818603, 0.9244626672936376], [-0.5682061217974564, -0.8149573969765938, -0.1139572036557088]], "T": [0.06642375963829991, -0.022998000609458218, -0.06813308098537403], "aligned_model": [[-0.4688467910541487, 0.052034630829086576, 0.3853648532036361, -0.28752422856094195, -0.6413552103341421, 0.7025497707756387, 0.06432018732561233, 0.5714306421040751, -0.2172819287931004, 0.04232657348329155, -0.5658945339416359, 0.02098974360939021], [-0.3659664823735982, -0.6983628970808887, -0.19473684275886727, -0.4925847800959852, 0.14847894861328403, 0.04428963046384805, -0.3131080962382971, 0.19207908160801201, 0.056419068895369524, 0.6860588701838769, 0.23996785696100986, -0.05563885244784277], [-0.18599024901919187, 0.11571118643529786, 0.6681328018391302, 0.5023893986198119, 0.16989727936325327, -0.5511326331542342, -0.7488596120484162, 0.08639133162335157, 0.6510705834184031, -0.101535313263073, -0.5728781156387188, -0.013758287589725596]], "inverted": true, "swapped": false, "error_lsq": 0.038037136059595376, "error_max": 0.23968767322497875, "target": "97.xyz", "model": "21.xyz", "model_rescale": 4.186013935880536, "target_rescale": 3.793460962902527},
{"mapping": [2, 1, 6, 0, 5, 10, 9, 4, 3, 11, 8, 12], "R": [[0.8104001606202424, 0.22356244010544973, -0.5415453951801111], [-0.5456392389001768, -0.048642708127126746, -0.836607260259254], [-0.21337619510882946, 0.9734750753461316, 0.0825643811865768]], "T": [0.013576866909492145, -0.10245161011987683, -0.030520645254265122], "aligned_model": [[-0.685692451557941, 0.04261117616537238, 0.20387646734876846, -0.22312608730124706, -0.6308492697645275, 0.7545528816139128, 0.13318422835646246, 0.5942687249675239, -0.08033248337652277, -0.029779109958845886, -0.44309454718498514, 0.02249417933879069], [-0.31439070193096585, -0.8227346375042074, -0.14418062299701806, -0.6374840867970581, 0.054178802006355775, -0.00342574824178013, -0.17356179888132356, 0.27357490151596997, 0.4457035875045644, 0.5102873980329028, 0.12631331997968337, -0.06738490695720158], [-0.15623239680269396, -0.15490957273755657, 0.4909173669525031, 0.39315423171504676, 0.3678769507267102, -0.40126025326765213, -0.6355728581915764, 0.190877587124751, 0.7063956104917705, -0.1776163483512603, -0.6021725996890505, -0.002019347385103284]], "inverted": true, "swapped": false, "error_lsq": 0.055477610877411467, "error_max": 0.29335499574497237, "target": "97.xyz", "model": "22.xyz", "model_rescale": 4.166573947596378, "target_rescale": 3.793460962902527},
{"mapping": [1, 2, 3, 4, 0, 12, 6, 9, 8, 10, 5, 15], "R": [[0.9259212459087303, -0.1685594395608137, 0.3380200611055051], [-0.32093498254544717, 0.12080935841955973, 0.9393645915707107], [-0.19917475581352811, -0.9782600954006042, 0.057763330871952956]], "T": [0.11678162144564537, 0.023637309211672577, -0.020198737323665224], "aligned_model": [[-0.4246990538396556, 0.06800519149503177, 0.3331253988879609, -0.2566108777780209, -0.6743555698791333, 0.5926877527688672, 0.0240338885540662, 0.5380321607085233, -0.11114054268559916, 0.005795729596593288, -0.49801953599688636, 0.061259166815013914], [-0.38732608449871914, -0.6466902359556246, -0.33098233927555154, -0.3576103574630258, -0.036257283533359816, -0.0652484530655487, -0.4166860242622029, 0.2799529116670539, 0.25050789007393814, 0.758959026548351, 0.19965012106330632, -0.0013736655686954063], [-0.2346907609276992, -0.05323025651897027, 0.414389489489777, 0.48485746899717236, 0.17285655294485308, -0.46178002164465937, -0.6338931661795825, 0.32229135215450294, 0.7218661970709838, -0.10922309875123853, -0.551330555305558, -0.0526748307436927]], "inverted": false, "swapped": false, "error_lsq": 0.036535821128123834, "error_max": 0.19295744571504508, "target": "97.xyz", "model": "23.xyz", "model_rescale": 4.274766983524099, "target_rescale": 3.793460962902527},
{"mapping": [2, 7, 5, 1, 6, 0, 3, 4, 8, 9, 11], "R": [[0.09149551044081858, 0.5982894012451204, 0.7960391723570703], [0.390954690694193, 0.7136261490776126, -0.5812849122219373], [-0.9158509711701912, 0.3644002081646124, -0.16861045903562802]], "T": [-0.0446308291584063, 0.17651504337265236, 0.09501023254106124], "aligned_model": [[0.27092054801757737, 0.3016524016541846, -0.40647934227433147, -0.42842365816444306, -0.7657337507772142, -0.5111548621527214, 0.032958385182882605, 0.0647000688278841, 0.6375022648495097, 0.2843779276415611, -0.10042527884681453], [-0.16975764106729915, 0.4713511304939192, 0.6659990963699809, -0.22113342170997816, 0.3437344533665092, -0.16980441459078674, -0.5703232505376803, -0.17330757297597107, -0.05967795510011842, 0.6521016328822815, 0.1464044741126263], [-0.5178425682140392, -0.3226706016946426, -0.5505897423144355, -0.21769780520632903, 0.041426187455015084, 0.4249183342143402, 0.05072417287761295, 0.7750012455313702, 0.2023975651468244, 0.34503456887598244, 0.14886507734987836]], "inverted": false, "swapped": true, "error_lsq": 0.05503044265542229, "error_max": 0.2995824149882054, "target": "97.xyz", "model": "24.xyz", "model_rescale": 3.7841303162186577, "target_rescale": 3.793460962902527},
{"mapping": [11, 6, 4, 3, 13, 1, 7, 2, 12, 9, 10, 15], "R": [[0.3041432102499541, 0.762143205922875, 0.5715195896244107], [0.9037477318096176, -0.42054771383853246, 0.07987275902431024], [0.30122573745917514, 0.4922167754666499, -0.8166919254170388]], "T": [0.026250645981859933, 0.024633694286224625, -0.10770956152814336], "aligned_model": [[-0.5851223421211919, 0.06772182067451969, 0.5151169607486971, -0.15444206941284017, -0.6457957152796816, 0.7211977450041636, -0.11632591957648357, 0.48683856656414315, -0.2237363292693098, -0.028227206646754138, -0.4016865016105306, 0.022574699572029053], [-0.42917547864031796, -0.6918348230260505, -0.33728399797056907, -0.46994459460937044, -0.03871477858040391, -0.16011996973219317, -0.30303705576225437, 0.40994895238914053, 0.37535763305186604, 0.5994057716074072, 0.3341103098420759, -0.04181646283940829], [-0.2062381012938339, -0.024166413317233945, 0.3244127049383786, 0.5019988494270824, 0.2876898018649057, -0.2973170692789122, -0.6509492532080812, 0.3485622294188685, 0.5165268819847466, -0.013848327618763118, -0.6789793116565598, -0.08825362067470921]], "inverted": true, "swapped": false, "error_lsq": 0.04674304614909377, "error_max": 0.24552124943813336, "target": "97.xyz", "model": "25.xyz", "model_rescale": 4.19342608120988, "target_rescale": 3.793460962902527},
{"mapping": [1, 10, 7, 9, 0, 6, 8, 3, 5, 4, 2, 11], "R": [[-0.29927947531460725, 0.9138998054891977, -0.2742607175339191], [-0.8521884506805256, -0.3853051784135448, -0.3539982542533679], [-0.42919301040690194, 0.12777740416252492, 0.8941287909486797]], "T": [-0.052081423377569214, -0.10715717654015294, 0.028135161735101895], "aligned_model": [[-0.4810532264118842, 0.30213583936169447, 0.46268751518432166, -0.3528340893209129, -0.6316974531685018, 0.5508430919769378, -0.06286861309167907, 0.4803867656280631, -0.14154520614658228, 0.019709483895474972, -0.498298598781773, 0.010648199521602592], [-0.40418227688233793, -0.5920357794679885, -0.388651502093726, -0.5406799121131697, 0.2845221786394372, 0.13169011315705034, -0.4200961978806565, 0.1832697745327177, 0.1965201400262122, 0.6350701225061779, 0.17479812598473954, -0.01332928067853506], [-0.12138589154172336, -0.16332937751314425, 0.7035868656731111, 0.5492468358523416, 0.14874444546542845, -0.4773645553650594, -0.6711422662385251, 0.2794254771606868, 0.5898612523635405, -0.1675033654522727, -0.6215700341017423, -0.029131015716752702]], "inverted": false, "swapped": false, "error_lsq": 0.05082979643576337, "error_max": 0.3073752150613781, "target": "97.xyz", "model": "26.xyz", "model_rescale": 3.795458400668931, "target_rescale": 3.793460962902527},
{"mapping": [10, 5, 6, 7, 3, 8, 11, 1, 0, 9, 4, 12], "R": [[-0.3383326598390193, 0.2973094652585657, -0.8928259030482486], [-0.9389260526944125, -0.0432969933303069, 0.34138429656363056], [0.06284010548959937, 0.9537989579760617, 0.2938003895603867]], "T": [0.03287076150703257, 0.08616684290775958, -0.05729250254994577], "aligned_model": [[-0.4014573450227033, 0.1691843258865946, 0.5800568677752362, -0.4124553316760597, -0.6233441855671111, 0.6518807180430005, 0.040737561810353914, 0.5228781511282969, -0.1542375152580387, -0.0699574128780749, -0.6205970686304388, -0.02457505696429388], [-0.43423753174437385, -0.6423796090058813, -0.3193282683619234, -0.43936984178009464, 0.2267949975140275, -0.2344319541680934, -0.029833437875441404, 0.3173457530089052, 0.2605925540725863, 0.4895982502746574, 0.08173267345864224, -0.02958807966308874], [-0.2768939853100773, 0.07499184062950467, 0.4089135029018241, 0.37364132346861917, 0.25041226539551764, -0.2689403117260098, -0.7630237828858399, 0.1810397029788707, 0.7338075898173627, -0.1623817799192297, -0.578659279160526, 0.04653128439587221]], "inverted": true, "swapped": false, "error_lsq": 0.05474551662022529, "error_max": 0.31828131776658375, "target": "97.xyz", "model": "27.xyz", "model_rescale": 3.6321398670334006, "target_rescale": 3.793460962902527},
{"mapping": [13, 9, 10, 11, 2, 12, 6, 8, 0, 3, 4, 14], "R": [[-0.3798753763700462, -0.8910292097851872, -0.24851890418497577], [0.2683452232670952, 0.1509584869693758, -0.9514212402304514], [0.8852601536144327, -0.4281103625486099, 0.1817580201835651]], "T": [-0.0012803459123790842, 0.04278067315608898, 0.00918812787886327], "aligned_model": [[-0.49760630568752195, 0.18940254432194548, 0.37665278183398987, -0.28022854179237133, -0.74180133966003, 0.6423941775272709, -0.05112847485940813, 0.4855016181428635, -0.06636057020247188, -0.03718119157993028, -0.3012455158103563, -0.060285473587218495], [-0.57068300300249, -0.5974557394623968, -0.25926462316493204, -0.3805669656144567, -0.01229410419886899, -0.08006964774923091, -0.3494253506660728, 0.2003644328688231, 0.2390970460005975, 0.7211397542387532, 0.3110008252456019, 0.025052881234593462], [-0.20009682523849695, -0.008405409273334311, 0.6179629819249218, 0.4035109869441402, 0.29561279589946, -0.49489583079086985, -0.6598388043584398, 0.08157800244625671, 0.5979462619028219, 0.10968771173517261, -0.7150674204051575, -0.008556080200586727]], "inverted": true, "swapped": false, "error_lsq": 0.042224214004682764, "error_max": 0.27013029145877687, "target": "97.xyz", "model": "28.xyz", "model_rescale": 4.156811204709835, "target_rescale": 3.793460962902527},
{"mapping": [3, 1, 0, 10, 5, 2, 8, 7, 9, 11], "R": [[-0.39233256306136877, 0.20181371032135742, -0.8974109350169659], [-0.4033861737202845, 0.8390600460810276, 0.3650449752041697], [0.8266527413690745, 0.5052221940857623, -0.24778171803053342]], "T": [-0.06642649564519648, 0.028590477574911757, -0.01677171041188506], "aligned_model": [[-0.52373708919659, -0.21120349766059854, 0.24257162088844159, 0.7314019175688686, 0.03498200789178335, -0.8004772349194076, -0.5541141904096534, -0.3773782886438658, 0.11614721338638401, -0.015267084794774385], [-0.11088471939935265, -0.5443383782350227, -0.2007709347536301, 0.2825594313535583, -0.5289910002701079, -0.18827968174787285, 0.5559059002801696, 0.10144347308426126, 0.5394924563099833, 0.012583784004217318], [-0.5974286392159526, -0.24915006594140487, -0.5629719506062286, -0.16556117951344648, 0.6659782607275283, 0.07915975046813763, -0.1460925788943422, 0.511715845709398, 0.303521192767718, -0.08038390852630747]], "inverted": false, "swapped": true, "error_lsq": 0.06626015093625001, "error_max": 0.32200196659066427, "target": "97.xyz", "model": "29.xyz", "model_rescale": 4.117894457231895, "target_rescale": 3.793460962902527},
