[{"mapping": [3, 10, 2, 1, 0, 12, 11, 5, 6, 9, 7, 8, 4, 14], "R": [[0.9074812534082367, 0.3836439372370353, 0.17115812611115472], [-0.30866798258971745, 0.8853000007032844, -0.3478045216479493], [-0.284959385240441, 0.26279504975556656, 0.921811754420261]], "T": [-0.018768121940427214, 0.15750031313361013, 0.06986251598336346], "aligned_model": [[0.4025455699760738, 0.018165255304133536, -0.3328752084790473, -0.5481955794428408, -0.6182658001074742, -0.2409582415684181, -0.7694565398858428, -0.15546976017310388, -0.251291913302329, 0.2605465567327778, 0.6239039697701716, 0.3882403709292847, 0.6080764043111794, -0.013472982936260926], [-0.6569848953100476, -0.4776146150711841, -0.3963891229052716, -0.2578146900332391, 0.13028454246577376, 0.3464393955110544, 0.29534787802497403, 0.4488386448666001, 0.7574524190811414, -0.1310670254892205, 0.4074671038907751, 0.723545413300168, -0.030547238843550956, 0.07631552232206196], [0.2753296402396185, -0.25890887055239187, 0.4645358412055949, -0.10030887247429404, 0.3851463550739135, -0.584347745393936, -0.23976963247760508, 0.6262720848951933, -0.10131869280753286, 0.675875853993058, 0.6324918781394523, -0.016777606357193997, 0.03947820476642025, 0.09988964892953693]], "inverted": false, "swapped": true, "error_lsq": 0.052822977990224874, "error_max": 0.27904295917579386, "target": "970.xyz", "model": "0.xyz", "model_rescale": 3.8414455957264533, "target_rescale": 4.029015730956377},
{"mapping": [13, 0, 7, 2, 5, 8, 12, 6, 10, 9, 4, 11, 1, 3, 14], "R": [[0.1586885582368972, -0.9366321294780475, -0.31231105570266554], [0.8591505511235955, 0.28685972404552285, -0.4237591641776599], [0.4864959115847916, -0.2010764848259115, 0.8502293662661494]], "T": [0.02030341886847403, -0.073943200781135, 0.10083250696164318], "aligned_model": [[-0.7216775424442945, -0.26758231615059097, -0.02858560584465825, 0.6353101107179809, 0.6215351329566651, -0.4043008863904848, -0.4133137640819208, 0.46516148141691777, 0.2045214206243357, -0.20373534101418347, 0.3373046061913816, -0.5881600402804191, 0.02956428175902853, 0.5239857584480233, 0.029888760312152856], [-0.12296807021398314, -0.7140520771418774, -0.5896297189932905, -0.248737804957171, 0.17518305059373546, 0.5350758465649273, 0.4510628239352944, 0.38666500811717763, 0.5381817528193671, -0.1171217305106213, -0.5015293997152207, -0.0369034192444298, -0.27200385554554785, -0.19188740539107244, -0.057101382487154774], [0.24884539783876292, -0.08055051176912893, 0.48113801616699864, 0.4693679095347193, -0.002991005948363115, 0.37121997232537435, -0.24360087778595757, 0.548010945467768, -0.14360167522049483, 0.7438347842780476, -0.0109598208840469, -0.4947056325342671, -0.7412981863523795, -0.487189726831142, 0.013148566280643273]], "inverted": false, "swapped": false, "error_lsq": 0.05330156106376644, "error_max": 0.3966643560529727, "target": "970.xyz", "model": "1.xyz", "model_rescale": 4.316132596720782, "target_rescale": 4.029015730956377},
{"mapping": [10, 2, 1, 8, 12, 4, 6, 7, 0, 9, 5, 14], "R": [[0.6722833462709745, 0.26810122336259373, -0.6900411845376925], [0.2175481385337562, -0.9625094499323873, -0.16201347540050828], [-0.7076071719161691, -0.04119821382455923, -0.7054039958991353]], "T": [-0.10650446204952868, -0.01686034124071519, -0.09316364147328585], "aligned_model": [[-0.20604372105134727, 0.5286459225883117, 0.1916295078981206, -0.5669512481925476, -0.5206928852300918, -0.4516377348115431, -0.25970021169816954, -0.13021160884008864, 0.4961756041320706, 0.26409275210949174, 0.3175129770641849, -0.06501079933661064], [-0.7101793596062285, -0.3742644934308185, -0.5599052935641917, 0.5125873682261254, -0.20190266829010992, -0.06813610336304309, 0.37496381973920406, 0.588314883496242, -0.013606556893530113, 0.07123512321895616, 0.4655874986045168, -0.07191779039614218], [0.05592138687618675, 0.08024357781962779, -0.406143835386262, -0.05790233746009979, -0.6474783350406037, 0.46133880984292563, -0.6092234620224898, 0.5589586872817601, -0.40349928913105226, 0.5260591443534627, -0.06846014040106801, -0.04055574552296655]], "inverted": true, "swapped": true, "error_lsq": 0.03870988439827388, "error_max": 0.2106347576690601, "target": "970.xyz", "model": "2.xyz", "model_rescale": 3.795458400668931, "target_rescale": 4.029015730956377},
{"mapping": [8, 5, 9, 1, 13, 10, 2, 6, 0, 11, 4, 14], "R": [[-0.5366637326169375, -0.038519078137113305, -0.8429165550118967], [0.7575504864137695, -0.461962338017613, -0.46120283909312865], [-0.3716305943109608, -0.8860626833767282, 0.27709857902795965]], "T": [0.03929582995016452, 0.02767859377153768, -0.026801675360758788], "aligned_model": [[0.07170156813143706, -0.10152727506181163, -0.6480561895016107, 0.3128697420241591, 0.14417890937291417, -0.04580286370773484, -0.24332360805693748, 0.5528964374864672, 0.21509456552688822, 0.7792041158350475, -0.4262822240460676, -0.017649352259185777], [-0.00378414445430943, -0.5960361674084268, -0.17468340000931978, 0.1294275414409742, 0.6297187504706143, 0.6006463603892578, -0.1415036629482096, -0.23151266507111237, -0.45813007801712885, -0.12651905154419582, 0.41191291557549914, 0.04623264686606682], [-0.7278932840154969, -0.09241965757686527, 0.09622998445261707, 0.6029147309232521, -0.3355522315121196, 0.3942586786773933, 0.6460485457754069, -0.36198394890935603, 0.412091025053542, 0.30056040858055977, -0.28139980938625314, 0.035916988576419805]], "inverted": false, "swapped": true, "error_lsq": 0.053392094814730305, "error_max": 0.327673977072402, "target": "970.xyz", "model": "3.xyz", "model_rescale": 3.7530521520055578, "target_rescale": 4.029015730956377},
{"mapping": [13, 11, 6, 5, 8, 2, 4, 10, 3, 9, 14], "R": [[-0.34088704337117115, 0.849658966958564, 0.4023377480781136], [-0.5014863683667657, -0.5263424309263959, 0.6866404209983601], [0.795177619154346, 0.03229992683271127, 0.6055157047696019]], "T": [-0.0211074132363187, -0.0788865904900229, -0.09427941764714468], "aligned_model": [[-0.3855061504035402, -0.20042328685239583, 0.2711368670137302, 0.560887840763909, 0.35992065972993914, -0.17252776677894735, -0.1234508288371492, -0.7009195835821114, -0.4274368375185944, 0.21466476924471836, -0.058146080334353194], [-0.6425001425122407, 0.052887739685977084, -0.39254629835623434, 0.1893597629283702, -0.6650231049609847, 0.6468270095758999, -0.33301104345666416, 0.04089432464566581, 0.272772806420957, 0.31549098757443106, -0.017948683230830834], [0.04112014246681969, -0.8873042991738183, -0.6037141215550322, -0.14410298644799027, -0.024773493401209712, 0.013588325555386221, 0.500838836107429, 0.09633437095932787, 0.6766552024384996, 0.46911899233994037, -0.04493019204403576]], "inverted": false, "swapped": true, "error_lsq": 0.04623192986111619, "error_max": 0.25740213482914176, "target": "970.xyz", "model": "4.xyz", "model_rescale": 3.7855080009869324, "target_rescale": 4.029015730956377},
{"mapping": [11, 12, 13, 15, 10, 6, 0, 7, 5, 8, 14, 1, 2, 3, 16], "R": [[0.6949950633631301, 0.47285302106855437, -0.5416566092712429], [-0.7189048740348368, 0.47014206928616037, -0.511998258567627], [0.01255563577976615, 0.7452358386133, 0.6666827587814892]], "T": [0.02261987013366254, -0.04775610854261976, 0.0559665964105121], "aligned_model": [[-0.7107813148177449, -0.4077756025552003, -0.21416955812864724, 0.5911577003512938, 0.674224235920248, -0.37845931207814554, -0.19028114464844934, 0.09464678806406696, 0.2893198752695554, 0.27973274588149377, 0.18256736576357177, -0.5843682266026232, 0.11350004538590175, 0.4356297291070119, 0.04497272930760102], [-0.25532695348290346, -0.5633405778269521, -0.4900988978898222, -0.5092693354745014, 0.22285507905798357, 0.19527243654713716, 0.389488549695247, 0.6219990111310755, 0.6561690095408644, -0.08179495978603855, -0.6743258493713623, 0.011492574703682243, -0.3017229105653408, 0.10244872675594825, -0.08961228520488429], [0.28284381991033347, -0.053567211757909135, 0.5785862116672906, 0.43423684856392314, 0.23802595405943142, 0.5100036917395453, -0.5539220410207091, 0.38400573224681656, -0.2414620168918582, 0.7102174654923412, -0.14284124310390905, -0.3925409095951406, -0.6318032377601688, -0.48187907777771094, 0.030764168794257887]], "inverted": false, "swapped": false, "error_lsq": 0.047113653793079156, "error_max": 0.29656161008912013, "target": "970.xyz", "model": "5.xyz", "model_rescale": 4.2253639853439635, "target_rescale": 4.029015730956377},
{"mapping": [12, 10, 2, 0, 1, 9, 5, 6, 4, 13, 3, 7, 8, 14], "R": [[0.23912117038461955, -0.5690094267006012, 0.7867968849707929], [-0.9559952377059315, -0.27981640048565126, 0.0881809928659977], [0.16998285606927915, -0.7732600172937347, -0.6108803273124973]], "T": [0.12604869901389326, -0.08055647961086536, 0.0232874339911937], "aligned_model": [[0.6485885005374795, -0.25260346587014193, -0.503871342298167, 0.02279615414836028, -0.07048084712827696, -0.4644486569169771, 0.10983200591149483, 0.7546344444624606, -0.1021957643621357, 0.3534641625236319, -0.7277308103727712, -0.0324840818770179, 0.5975661742231695, 0.0409956797766754], [-0.11367852169402001, 0.05760735122962683, -0.48336767084079496, -0.7438364656068215, -0.5340930123046465, 0.02256058509960608, -0.37251716472808816, -0.2657893280851475, 0.5327439353585584, 0.4487535486349082, 0.27985326114173403, 0.3744774693897895, 0.32491680096327996, -0.08253164192299381], [-0.4654994094827472, -0.5686238472529014, -0.02327100868638294, 0.11784236854458191, -0.4639692099530547, 0.434650665323284, 0.5956972059376655, 0.14110764315870358, 0.05469148151461466, -0.3467028598089694, -0.13251208154742006, 0.7715347699337571, 0.35013934052156614, 0.006473150728751355]], "inverted": true, "swapped": true, "error_lsq": 0.04206161372344301, "error_max": 0.25631595661601203, "target": "970.xyz", "model": "6.xyz", "model_rescale": 3.89814844738969, "target_rescale": 4.029015730956377},
{"mapping": [9, 3, 2, 7, 0, 10, 4, 5, 8, 13, 1, 6, 14], "R": [[0.8845508503416666, 0.2643759845635283, -0.38428522212791283], [-0.006328971585765258, 0.8305886608813666, 0.5568504471884392], [0.4664008332738063, -0.4901304063219942, 0.7363711343610204]], "T": [-0.06536481383145176, 0.1250915668651349, 0.12307882977098851], "aligned_model": [[0.05310945610103898, -0.2311684849750747, 0.46228146684248683, -0.3257926479425278, 0.6090619564152836, -0.2126906129626596, -0.5893974331756927, 0.3203519972570509, -0.506688013913943, -0.6917751250375762, 0.32645748731159574, -0.019119646725041156, -0.04599859829071874], [-0.2765082001208355, 0.24517002956487105, 0.2649595108961476, -0.6857656868508373, 0.15338496346308877, 0.6963797792226302, -0.006290708914502341, -0.3855405607048725, -0.2852163314244424, 0.3869681096198863, 0.691779054822601, 0.019420943918870948, 0.14504036197788017], [-0.4712455252815442, -0.7940898713690588, -0.39000027088964073, -0.13528229428153804, 0.18544932580804224, -0.2828159328456795, -0.24752562208908985, 0.18336433172752392, 0.4842584819663587, 0.21145594740155454, 0.03894286016238231, 0.7788287464227194, 0.04093485410426641]], "inverted": true, "swapped": true, "error_lsq": 0.042866256517350765, "error_max": 0.25923306729662904, "target": "970.xyz", "model": "7.xyz", "model_rescale": 3.7474275329858107, "target_rescale": 4.029015730956377},
{"mapping": [9, 8, 5, 6, 0, 11, 13, 10, 12, 7, 3, 4, 2, 1, 14], "R": [[0.6139338614539511, -0.19815999916131827, 0.7640797265289974], [-0.06334098376413534, -0.9772226523879316, -0.2025433470536309], [0.7868120064767903, 0.0759506576158652, -0.6125017257703731]], "T": [0.02994231450094354, 0.012984184925993472, 0.021179073737990432], "aligned_model": [[-0.5756815161840566, -0.37198379567098877, -0.08122174090331999, 0.5187677095081503, 0.6830297195382561, -0.3020171337998369, -0.4879221037361733, 0.39434883778800056, 0.04433667643212142, -0.040443344640112004, 0.33040703188357723, -0.5035441287483554, 0.07804164841942351, 0.5184823656645945, 0.015315830668653406], [-0.12928830770340483, -0.5171679453827318, -0.5503352335251464, -0.34368401355514705, -0.07118897620723542, 0.39322026084430384, 0.5399785758776897, 0.40435880009022324, 0.6212693687437923, -0.03326345582770636, -0.6380533073836243, -0.15242236227669842, -0.40098188368964416, 0.0936194293190722, 0.018172668506390245], [0.4608593594409575, -0.129168645059817, 0.4493557307428243, 0.5696092222400678, 0.04577496675756448, 0.3840887137917556, -0.490880673676266, 0.5590425843790758, -0.08092164267328911, 0.6970375253652622, 0.023561131669849376, -0.5267796243928284, -0.7101950056231516, -0.5441778010062179, -0.036537687389253226]], "inverted": true, "swapped": false, "error_lsq": 0.050076091682536475, "error_max": 0.34606199543613003, "target": "970.xyz", "model": "8.xyz", "model_rescale": 4.019505241142653, "target_rescale": 4.029015730956377},
{"mapping": [4, 13, 8, 7, 9, 5, 6, 3, 2, 1, 12, 0, 14], "R": [[-0.6719289424012088, 0.44365622115437997, 0.5930266889395525], [-0.5718541880695374, 0.19803479241160415, -0.7960935928531413], [-0.4706317923291235, -0.8740431216052836, 0.12064135950646498]], "T": [-0.006982145961591316, 0.023594193404438787, 0.02944994782005875], "aligned_model": [[-0.31893521305936706, -0.6243451439968526, 0.004346481313836678, 0.3551162510545013, 0.3028961181700063, 0.6295685285087653, 0.16164125257426498, -0.2946297781848231, 0.2183544640483665, -0.13705407065517944, -0.41661166887119455, 0.4544407555976185, -0.015087204758766695], [-0.4419569633926634, 0.08719290910958431, 0.18867882419526444, -0.4834226912367221, -0.6340512081522893, -0.0027478633351014775, 0.6242972566944358, -0.8391317855043221, -0.3474824585899949, 0.15743187842179734, 0.6105202408354481, 0.19014495458555436, -0.046094865516932204], [-0.30991203089515107, -0.2596829776118123, -0.6533298163576302, -0.606066568623399, 0.025213001052751333, -0.05579267465938015, -0.20300397975169635, 0.26624278114118044, 0.6399819562725606, 0.6979610206814262, 0.05735982078912279, 0.4973087014616584, 0.08042426054424823]], "inverted": false, "swapped": true, "error_lsq": 0.03751353488907423, "error_max": 0.19621127582527545, "target": "970.xyz", "model": "9.xyz", "model_rescale": 3.877068213659057, "target_rescale": 4.029015730956377},
{"mapping": [9, 10, 11, 12, 5, 8, 2, 1, 4, 0, 6, 14, 13, 3, 15], "R": [[0.6844978019602552, -0.6803878527756091, -0.26179214829130254], [-0.7270691886855585, -0.610915906404753, -0.31329243553871994], [0.05322737994400201, 0.4047889883594355, -0.9128596392256817]], "T": [0.009314176648064679, -0.02473846527577029, -0.012747030259394915], "aligned_model": [[-0.6492222679226369, -0.33734987242278824, -0.197426697684348, 0.4671718916444778, 0.7050262597859989, -0.4523429000174458, -0.4219576422264195, 0.367247984998732, 0.26249675221740765, 0.23359311513677206, 0.24625157939078957, -0.5553892215641416, -0.06663375378654593, 0.5817471927177312, 0.03670363595235103], [-0.046782909496614525, -0.6423533075530157, -0.4123104955799728, -0.4919848107877884, 0.1620612489021376, 0.28709116319221484, 0.34551406014114966, 0.5916864172570282, 0.5344218387948781, -0.05403984626368478, -0.5333097168345339, -0.34900432940486714, -0.11847301038725111, -0.005846618652165309, -0.03243606549738146], [0.025841796502069997, 0.02708666327425399, 0.5802971573605934, 0.34814406292171585, 0.2907097317371993, 0.5210675088665745, -0.3551985503561703, 0.4820361174300226, -0.29792945875853105, 0.7505395623494165, -0.26871680268249276, -0.44342471489929103, -0.7763465606934533, -0.28610555486172007, 0.07266719637634603]], "inverted": false, "swapped": false, "error_lsq": 0.03940927212907186, "error_max": 0.2310084889822061, "target": "970.xyz", "model": "10.xyz", "model_rescale": 4.260839863003843, "target_rescale": 4.029015730956377},
{"mapping": [11, 13, 4, 10, 9, 2, 0, 6, 8, 7, 5, 14], "R": [[-0.544548007971682, 0.4686834934310245, -0.6955596667428063], [-0.7915787758107022, -0.013049141474835269, 0.6109277875435031], [0.2772553132044597, 0.8832697792249322, 0.37810578996867594]], "T": [0.03442740099339284, -0.03127815487643952, -0.10307029852219846], "aligned_model": [[0.5858427186588443, 0.06434816226450615, -0.38135482801821263, -0.38621530611353305, -0.5445597761998741, -0.4295553710359912, 0.15740926742852918, 0.6922336207502295, 0.356408605773852, -0.24204911112059121, 0.13212475150927103, -0.04573408480289967], [0.19288011332741828, -0.7143671899655233, -0.4468374134911086, -0.325208070330898, 0.2659303981968549, 0.4617793009975298, 0.5867209530927606, -0.009646079295686269, -0.3396765963327541, 0.01795309801237467, 0.4961724003306495, -0.012622409008683607], [-0.6723692863872581, -0.13876111999275706, 0.18616107751107253, -0.6025606275042567, 0.22093724631847733, -0.4237541541779533, -0.3530595514308053, -0.0023931919954809644, 0.43987351492931276, 0.7414411786606538, 0.251059775494424, -0.1303967840299244]], "inverted": false, "swapped": true, "error_lsq": 0.038866645921180866, "error_max": 0.20531550260912199, "target": "970.xyz", "model": "11.xyz", "model_rescale": 3.890672605050136, "target_rescale": 4.029015730956377},
{"mapping": [9, 2, 0, 7, 5, 13, 10, 8, 4, 12, 11, 1, 6, 14], "R": [[0.39081824989246694, -0.5675243006933922, -0.7246911505417089], [0.9029582753257525, 0.3892126816321851, 0.18215334605059136], [0.17868253572112863, -0.7255547233525255, 0.6645621828310035]], "T": [0.08053959046278714, -0.03336011611917333, 0.11170324904697411], "aligned_model": [[0.5325825486503281, 0.24556050192518003, 0.37092672242020913, 0.6874152649610309, 0.7070402214558061, -0.4527101549095053, -0.46084860713672593, 0.20485125276575206, -0.02552513237307341, -0.45395599456724745, -0.14614179332313165, -0.22473016837976056, 0.14717900408395052, 0.07823216922088105], [-0.3197389451693794, 0.2770192063041279, 0.5620906646920677, -0.6838532880466986, 0.09542992555837562, -0.412351938709149, -0.06446415459916034, -0.44063312946809585, -0.6592885521370323, 0.1967694925542331, 0.7209092080600669, 0.4992539390458576, 0.1998487570914681, -0.0388386653489163], [-0.3804189864928574, -0.5498529298247808, -0.03201781662269919, 0.13666646364863577, 0.1754767101350445, 0.3136676618070835, -0.3560114388537793, 0.6704919235053883, -0.05010841869772602, 0.5293302656497221, 0.3527436112096587, -0.21213456319772206, 0.7317723252242608, 0.02518562786663224]], "inverted": true, "swapped": true, "error_lsq": 0.05083868973415372, "error_max": 0.36995042764470704, "target": "970.xyz", "model": "12.xyz", "model_rescale": 4.124412569039231, "target_rescale": 4.029015730956377},
{"mapping": [6, 5, 2, 8, 0, 12, 7, 13, 9, 4, 10, 3, 14], "R": [[-0.2102409720982167, -0.9776388271400992, 0.00458882548459788], [0.05157324096290136, -0.006403370652764417, 0.9986486858054067], [-0.9762883459653606, 0.21019353109078914, 0.05176625367752702]], "T": [0.13078839932509828, 0.0041874606615653065, 0.07685183535313604], "aligned_model": [[-0.1861040243114676, -0.1329425263449036, 0.6765291053763065, -0.536581566303441, 0.4305989641656082, 0.2308910431387606, -0.5413534621954914, 0.028936185089242922, 0.0876200232637978, -0.06671221582426545, 0.6827908973479704, 0.5064913452702713, 0.18713453883736889], [-0.4219840210278336, 0.37037650424467405, 0.49776975840607174, -0.19536063419572103, 0.1702484838546331, -0.7048761544997495, 0.5590405709241023, -0.42023593649956237, 0.7187244581334307, 0.1810313797317065, -0.050824497022043405, 0.5811470730228199, 0.062428391435948916], [0.4784360846205952, 0.534572878144528, 0.21744842109833046, -0.014621473899449261, 0.6617273992797598, 0.09315344745648094, -0.10322025334720918, -0.45066178811898167, -0.05008647659386027, -0.5222632483894354, -0.3760196670360505, -0.5627363313854501, 0.04596908913858048]], "inverted": false, "swapped": true, "error_lsq": 0.04281953663568316, "error_max": 0.3070165779716184, "target": "970.xyz", "model": "13.xyz", "model_rescale": 3.9028299243045295, "target_rescale": 4.029015730956377},
{"mapping": [5, 12, 13, 14, 9, 4, 0, 7, 3, 10, 11, 8, 2, 6, 15], "R": [[-0.7775244111883965, 0.6013266272004815, 0.1840165140030384], [-0.6020657052685502, -0.7963163454710482, 0.05828519945164093], [0.18158380033918411, -0.06547186689966399, 0.981193537534289]], "T": [0.00036867582900815266, -0.057334064834520415, -0.05118184527918218], "aligned_model": [[-0.4475884477645332, -0.19062912276748553, -0.2963921581576331, 0.3772822049088963, 0.7267070489980224, -0.3108409666390761, -0.5513961646978224, 0.5066326722737011, 0.07943524118107889, 0.03742327066245017, 0.47677657698549347, -0.6878504082124476, -0.15983298893617584, 0.561539962095794, 0.09864933628967154], [-0.15195368178496144, -0.7248662197560746, -0.5611627189485187, -0.5461850001612456, -0.04044530253109502, 0.4551268212944447, 0.4748649539160864, 0.49283273587900467, 0.5278522910902179, 0.07259811061255608, -0.6218130511651642, -0.24114528120194476, -0.04074329924883669, 0.16726531809949516, -0.027992058263830374], [0.17791066259723265, -0.0976678866030636, 0.4880222408519081, 0.5828620076282351, 0.21898994050480802, 0.2648809214389359, -0.36667538632879115, 0.4603269162622627, -0.25116897566787316, 0.6816873032284445, -0.03519203462591099, -0.34963634542332683, -0.7696593624357937, -0.332340460485221, -0.0016713863753127015]], "inverted": false, "swapped": false, "error_lsq": 0.0435401954099083, "error_max": 0.22191401882443143, "target": "970.xyz", "model": "14.xyz", "model_rescale": 3.942246331269136, "target_rescale": 4.029015730956377},
{"mapping": [0, 2, 1, 3, 4, 8, 6, 13, 11, 12, 5, 7, 9, 10, 14], "R": [[0.8431811117794372, -0.48257744911660516, 0.23699075581655693], [-0.12207127331259748, 0.2574495105896812, 0.9585501310463502], [-0.5235878311899864, -0.8371611285178286, 0.1581677208804701]], "T": [0.08480733314239397, -0.02333914971335957, 0.020613580226868274], "aligned_model": [[-0.5853474224134954, -0.41547205997205117, 0.03338073595820565, 0.5538213803737386, 0.6446014960286032, -0.5199854811387077, -0.1588493081964929, 0.34917197991094784, 0.17759450879287844, 0.11790910574191946, 0.11442967680685431, -0.6500168335419398, -0.016407497600437818, 0.5583616797768711, 0.016724095693040383], [-0.23045390195939483, -0.5850491829839423, -0.5943264316737968, -0.4179220031942851, 0.1424465352220376, 0.45039852600878494, 0.29078941405462333, 0.506455557283039, 0.6788922567955951, -0.031049824851304517, -0.6564134647730386, -0.08320779141668697, -0.2691392937092896, 0.10292094531133267, -0.07010772228354088], [0.24132507942015308, -0.10919507120935074, 0.5933004621458678, 0.39595092947307803, 0.07361904024406099, 0.11356083776100231, -0.37276165526074895, 0.5777120890050325, -0.09061868309547683, 0.8372659397424917, -0.01283767620180911, -0.41231678129367966, -0.7393207283693694, -0.4978506762374623, 0.07283504844274419]], "inverted": false, "swapped": false, "error_lsq": 0.04632657411925258, "error_max": 0.3269527690955052, "target": "970.xyz", "model": "15.xyz", "model_rescale": 4.355366556412066, "target_rescale": 4.029015730956377},
{"mapping": [10, 2, 1, 8, 12, 4, 6, 7, 0, 9, 5, 14], "R": [[0.6722833462709745, 0.26810122336259373, -0.6900411845376925], [0.2175481385337562, -0.9625094499323873, -0.16201347540050828], [-0.7076071719161691, -0.04119821382455923, -0.7054039958991353]], "T": [-0.10650446204952868, -0.01686034124071519, -0.09316364147328585], "aligned_model": [[-0.20604372105134727, 0.5286459225883117, 0.1916295078981206, -0.5669512481925476, -0.5206928852300918, -0.4516377348115431, -0.25970021169816954, -0.13021160884008864, 0.4961756041320706, 0.26409275210949174, 0.3175129770641849, -0.06501079933661064], [-0.7101793596062285, -0.3742644934308185, -0.5599052935641917, 0.5125873682261254, -0.20190266829010992, -0.06813610336304309, 0.37496381973920406, 0.588314883496242, -0.013606556893530113, 0.07123512321895616, 0.4655874986045168, -0.07191779039614218], [0.05592138687618675, 0.08024357781962779, -0.406143835386262, -0.05790233746009979, -0.6474783350406037, 0.46133880984292563, -0.6092234620224898, 0.5589586872817601, -0.40349928913105226, 0.5260591443534627, -0.06846014040106801, -0.04055574552296655]], "inverted": true, "swapped": true, "error_lsq": 0.03870988439827388, "error_max": 0.2106347576690601, "target": "970.xyz", "model": "16.xyz", "model_rescale": 3.795458400668931, "target_rescale": 4.029015730956377},
{"mapping": [9, 3, 2, 7, 0, 10, 4, 5, 8, 13, 1, 6, 14], "R": [[0.8845508503416666, 0.2643759845635283, -0.38428522212791283], [-0.006328971585765258, 0.8305886608813666, 0.5568504471884392], [0.4664008332738063, -0.4901304063219942, 0.7363711343610204]], "T": [-0.06536481383145176, 0.1250915668651349, 0.12307882977098851], "aligned_model": [[0.05310945610103898, -0.2311684849750747, 0.46228146684248683, -0.3257926479425278, 0.6090619564152836, -0.2126906129626596, -0.5893974331756927, 0.3203519972570509, -0.506688013913943, -0.6917751250375762, 0.32645748731159574, -0.019119646725041156, -0.04599859829071874], [-0.2765082001208355, 0.24517002956487105, 0.2649595108961476, -0.6857656868508373, 0.15338496346308877, 0.6963797792226302, -0.006290708914502341, -0.3855405607048725, -0.2852163314244424, 0.3869681096198863, 0.691779054822601, 0.019420943918870948, 0.14504036197788017], [-0.4712455252815442, -0.7940898713690588, -0.39000027088964073, -0.13528229428153804, 0.18544932580804224, -0.2828159328456795, -0.24752562208908985, 0.18336433172752392, 0.4842584819663587, 0.21145594740155454, 0.03894286016238231, 0.7788287464227194, 0.04093485410426641]], "inverted": true, "swapped": true, "error_lsq": 0.042866256517350765, "error_max": 0.25923306729662904, "target": "970.xyz", "model": "17.xyz", "model_rescale": 3.7474275329858107, "target_rescale": 4.029015730956377},
{"mapping": [0, 2, 1, 9, 6, 8, 11, 10, 5, 12, 4, 3, 13, 14], "R": [[0.7551434630941143, 0.4870164439183268, 0.4388317826905606], [-0.5659500282373103, 0.8221446738917697, 0.06147113737017915], [-0.3308457581478353, -0.29477638735920303, 0.8964641463946237]], "T": [-0.021168885646375837, -0.1211594477422479, 0.06351883293788273], "aligned_model": [[0.4478833552708713, 0.17629289247405347, 0.5531907290794887, -0.46493205960180656, 0.22614228449668763, -0.40492719943189454, 0.781893954042628, 0.07703189847247505, -0.08147956286459831, 0.3883051668521413, -0.5967479121208652, -0.44843871509807237, -0.20734334673609056, -0.03202383695214142], [-0.3465090456038813, 0.13667332751205502, 0.219300087933544, -0.07747707493178554, -0.6191537143655159, -0.50595395550924, -0.24911823379174577, 0.5880908279351535, -0.6450047366921756, -0.04541689128832191, 0.17535797323349012, 0.5864197017131907, 0.20486090688488034, -0.06166093151841439], [-0.3709344068089388, -0.6115773890908042, -0.12605074163023555, -0.5106815329924093, 0.42978614618890904, 0.5087516067570198, 0.19437655692770667, 0.051422410413601655, -0.3040484469817988, 0.6463151590017585, 0.1635455873834214, -0.3835609821021079, 0.6360828162253209, 0.001367935370211737]], "inverted": true, "swapped": true, "error_lsq": 0.04591979237489734, "error_max": 0.31462521257189746, "target": "970.xyz", "model": "18.xyz", "model_rescale": 3.922800546911778, "target_rescale": 4.029015730956377},
{"mapping": [4, 10, 11, 9, 3, 13, 8, 12, 5, 7, 2, 6, 1, 0, 14], "R": [[-0.021171510788690378, 0.9352060732645333, -0.3534704622172228], [-0.8623923283516428, 0.16178190550165072, 0.4796937429782541], [0.5057976266563108, 0.31498605616977354, 0.8030893756534547]], "T": [-0.02988412134009906, 0.0060579288719949664, -0.004246637441102159], "aligned_model": [[-0.696295983796587, -0.305765972172694, -0.2727671660349503, 0.36539024948911714, 0.5783082300830128, -0.41029133234129406, -0.42250257588480644, 0.2568530694884542, 0.28342997073562926, 0.2807460752972098, 0.3280868579064236, -0.5345222758749484, 0.03354497654439313, 0.7188755879602645, 0.01682634482070955], [-0.2329576726316431, -0.7508827596286809, -0.3272574330602452, -0.6234176457843669, 0.07496509519565546, 0.26813271869277394, 0.42394492301769165, 0.6411447504331305, 0.6073940224623345, 0.0022734306806029003, -0.5885510965185768, -0.21234236306887627, -0.125779845394787, 0.08397007267894188, -0.006402579243821448], [0.1461990700659399, 0.034876830408906205, 0.5764015424996803, 0.32781037361512305, 0.18150348957036114, 0.5041045258101213, -0.2178159781630767, 0.36052802867708866, -0.3546220110591511, 0.7317598690309274, -0.181520007491841, -0.42067120129500774, -0.7299039772053922, -0.3671946106448642, 0.07921221074771934]], "inverted": false, "swapped": false, "error_lsq": 0.04441931587757864, "error_max": 0.32406552755290396, "target": "970.xyz", "model": "19.xyz", "model_rescale": 3.9282355846067225, "target_rescale": 4.029015730956377},
{"mapping": [12, 11, 1, 6, 8, 0, 5, 2, 7, 4, 10, 13, 3, 14], "R": [[0.16698190398155127, 0.6931805530594208, -0.7011545939398328], [-0.2752496476929735, -0.6500919096731916, -0.7082500550104865], [-0.9467600937870112, 0.31125749764093824, 0.0822441181769939]], "T": [-0.06944173450434049, -0.06859791112371386, 0.008575579276228231], "aligned_model": [[-0.49042618084525813, -0.11570172920779548, 0.33569793046082, -0.5714362970409887, -0.6910781355285796, 0.29216700854666816, 0.021147289522702117, 0.6723992395441136, -0.17415630066328008, -0.11988610322092409, 0.2632227297291487, -0.46606492801182836, 0.5668541196345922, 0.00978417616528604], [-0.6478711144661224, -0.7314283302137699, -0.6253190892289199, -0.1939077694958986, 0.2575902551523048, -0.21220505170437665, 0.33242588238703696, -0.10460952135825832, 0.8104886875247483, 0.2517307735998213, -0.4458265819073173, -0.25241957481648847, 0.1469956845659747, -0.06276216261389891], [0.02507236774373652, -0.47817175534755973, -0.07895537401245575, -0.4104849745840528, 0.03575911460461029, -0.5465443803862899, -0.48552007499851046, -0.08939858039039053, 0.09970309880848932, 0.5778418154719185, 0.5183388136929468, 0.535528475539608, 0.6656563265388105, 0.04335828456282155]], "inverted": true, "swapped": true, "error_lsq": 0.04337752052918107, "error_max": 0.22314553514812233, "target": "970.xyz", "model": "20.xyz", "model_rescale": 4.067790424073018, "target_rescale": 4.029015730956377},
{"mapping": [8, 5, 1, 10, 11, 0, 2, 12, 3, 9, 13, 4, 6, 11, 14], "R": [[0.442043558997512, -0.31150571245774566, 0.8411668580341273], [0.49777240745214196, -0.6949302084420548, -0.5189360613543651], [0.7462038075004122, 0.6481019954458364, -0.15213047416942188]], "T": [-0.07315364609782297, -0.0552257243654377, 0.041839484822963416], "aligned_model": [[-0.592208973100533, -0.29590211564414587, -0.16311327455867078, 0.5387711192037559, 0.5479724048398725, -0.4679222277837552, -0.4308088568741773, 0.4224400472407692, 0.23911254541317112, 0.1774210125037055, 0.3472434250389737, -0.6720286475758657, 0.033354876249230794, 0.5479724048398725, -0.012387683572269367], [-0.23734453291489332, -0.5831716872873467, -0.6180896324439669, -0.39757768818001993, 0.036442359669226945, 0.4979714196021596, 0.43322285879347927, 0.39637460092294274, 0.675767148379138, -0.0799872474305447, -0.612835227457244, -0.20406244546200997, -0.03678724847510201, 0.036442359669226945, -0.07213141955491303], [0.19211324769489663, -0.10001360963434873, 0.6320907766543072, 0.4656673225549549, -0.11253552997899534, 0.24820982266425745, -0.39085285778723383, 0.41259264289465125, -0.2612846849271108, 0.7771279363242187, -0.007773514668195952, -0.46969629867040497, -0.6901938887124651, -0.11253552997899534, 0.08775232013699749]], "inverted": false, "swapped": false, "error_lsq": 0.043459899252741026, "error_max": 0.3436968403657317, "target": "970.xyz", "model": "21.xyz", "model_rescale": 4.186013935880536, "target_rescale": 4.029015730956377},
{"mapping": [8, 7, 5, 12, 10, 6, 13, 4, 0, 9, 3, 1, 14], "R": [[0.8614503175016317, -0.026729104283991667, 0.5071379550581024], [0.5033934418277016, 0.17682906534035636, -0.8457697821367921], [-0.06707006188456065, 0.9838785680331857, 0.16578471028345693]], "T": [0.1007987043379831, -0.036234416434604164, 0.009508880437869991], "aligned_model": [[0.033839841487142724, -0.45528810524555563, 0.23425974401578484, 0.5201840381115038, -0.1561527661515435, 0.6167219421625205, -0.11363687950548379, -0.5183083528962313, 0.5348834728641184, -0.4036767193256826, -0.684494865478696, 0.39827218168458645, 0.051970503700761436], [-0.4339757361479331, 0.1390035385466436, 0.41741639893039045, -0.5811156659104368, -0.15090494540857505, -0.27514184437390343, -0.6756974147325302, -0.24547184228065705, 0.4759351138714267, 0.47411800262537346, 0.22436512923149915, 0.13837352007413795, 0.012052405120657639], [-0.5657196243915164, -0.6628910990731882, -0.4258599958221394, 0.21020232324708119, 0.668031683828924, -0.33698686668087563, 0.12733999152810846, -0.03680849829237327, 0.10328973910376008, -0.10704548355947482, 0.45505349876823814, 0.6118043933267142, 0.062469499352087635]], "inverted": true, "swapped": true, "error_lsq": 0.047940927044389896, "error_max": 0.2762684381232953, "target": "970.xyz", "model": "22.xyz", "model_rescale": 4.166573947596378, "target_rescale": 4.029015730956377},
{"mapping": [1, 6, 2, 11, 9, 4, 7, 8, 10, 3, 12, 5, 13, 14, 15], "R": [[0.661163941402718, -0.3138558128804661, 0.6814372834751304], [-0.7211901367342064, -0.5161899738746829, 0.4619877677477522], [0.20675354716695968, -0.7968955010491627, -0.5676359142456401]], "T": [0.05208349771147967, -0.0431649815000201, 0.10119776722796667], "aligned_model": [[-0.6391069448021974, -0.3344611030182145, -0.26011934133685477, 0.582214001008317, 0.6027842977413163, -0.3225141087904358, -0.27109251504006837, 0.0958043684671593, 0.2203726938272756, 0.20080780913742197, 0.34874621688169566, -0.5438181505111883, -0.01756855679766363, 0.5722276938339135, -0.014360304380541963], [-0.20594004167704677, -0.6837562257785659, -0.44901492090993167, -0.4926595599805583, 0.16383257200394374, 0.22651980461650498, 0.4607205392874467, 0.6915425931819383, 0.3872913609968166, -0.05540779178685537, -0.5970353113258641, -0.03464690689862494, 0.019419799939062815, -0.1400275327756386, -0.05660476106249467], [0.16331952532651026, -0.037848129393435154, 0.5378033709027505, 0.4740376803505413, 0.22090494316978562, 0.6728622341182169, -0.2900135495472135, 0.43641770307084793, -0.4881470527026268, 0.6835703668609029, -0.0848136410844306, -0.4783629709625513, -0.7402562572621547, -0.4870584903849644, 0.08825242210435434]], "inverted": false, "swapped": false, "error_lsq": 0.0463875410963522, "error_max": 0.37431649367860537, "target": "970.xyz", "model": "23.xyz", "model_rescale": 4.274766983524099, "target_rescale": 4.029015730956377},
{"mapping": [0, 10, 3, 9, 4, 7, 5, 8, 6, 13, 14], "R": [[0.6160714259396298, 0.1604678251769202, 0.7711718843576317], [-0.703224030023167, 0.5531180661802183, 0.4466949389270395], [-0.354868936001289, -0.8175025883433306, 0.45360506645458454]], "T": [0.13641239369512495, 0.08330799584130977, -0.004790910441355205], "aligned_model": [[0.3969291014346126, 0.09758023944227123, -0.5569704207578874, -0.5150529922948927, -0.3773043091312629, -0.5931249872439377, 0.010131959379090366, 0.05916953824602142, 0.6000464996527434, 0.1690834076476633, 0.08940666758365332], [-0.3500468173935464, 0.6954528272061872, 0.5240027331055598, -0.11902520272202283, 0.4290958281620359, -0.2560998943462529, -0.546595953380417, -0.020912020780225846, -0.1990871827211994, 0.6516262370818734, 0.10717597703149195], [-0.4563180019067085, -0.37438046686477644, -0.4609888303059343, -0.2561752617917122, 0.20909006702146185, 0.3755248885944988, -0.02555714440260464, 0.6856735773545813, 0.3807077641877953, 0.3756387125794704, -0.07364887044449411]], "inverted": true, "swapped": true, "error_lsq": 0.04429979415751232, "error_max": 0.2543542744662432, "target": "970.xyz", "model": "24.xyz", "model_rescale": 3.7841303162186577, "target_rescale": 4.029015730956377},
{"mapping": [3, 12, 13, 14, 10, 6, 4, 7, 1, 11, 9, 5, 2, 8, 15], "R": [[0.2839767198888662, -0.6657563872454169, 0.6900185906213623], [-0.6070322296512107, 0.4322264815000163, 0.6668524130981276], [-0.7422055609639693, -0.608234084487253, -0.2813933256886399]], "T": [0.1391034238383782, 0.030699213055593005, 0.04946302240254097], "aligned_model": [[-0.6399731261244261, -0.14963132796001538, -0.19902539685460557, 0.3835989338140658, 0.7939124351873086, -0.3532750474243396, -0.4362527427389243, 0.3866923822853404, 0.16400559727524033, -0.03374291699162352, 0.4050488874997791, -0.5498640801570118, -0.012788328681394262, 0.37700590401856066, 0.08420488307197986], [-0.043271920294016414, -0.659557222862019, -0.4833636422848231, -0.6945756421819606, -0.10986638281458844, 0.49463811500773247, 0.31043841426670993, 0.4572013388486057, 0.6188742382644948, 0.0671644772493358, -0.4354487917935981, -0.33553396058679175, -0.22282452875803158, 0.20661322235227988, 0.06374590341680342], [0.24069557288017174, -0.07443291056691267, 0.5325864834837338, 0.2580230671676774, 0.44534378373238376, 0.3031372003069171, -0.33448437470491815, 0.4732568454455966, -0.4049227336262234, 0.7966055764922175, -0.18317351053922348, -0.35120615086372414, -0.6444012552343126, -0.46231276336320437, 0.07595332395635424]], "inverted": true, "swapped": false, "error_lsq": 0.05654472067613064, "error_max": 0.39334456896789655, "target": "970.xyz", "model": "25.xyz", "model_rescale": 4.19342608120988, "target_rescale": 4.029015730956377},
{"mapping": [10, 2, 1, 8, 12, 4, 6, 7, 0, 9, 5, 14], "R": [[0.6722833462709745, 0.26810122336259373, -0.6900411845376925], [0.2175481385337562, -0.9625094499323873, -0.16201347540050828], [-0.7076071719161691, -0.04119821382455923, -0.7054039958991353]], "T": [-0.10650446204952868, -0.01686034124071519, -0.09316364147328585], "aligned_model": [[-0.20604372105134727, 0.5286459225883117, 0.1916295078981206, -0.5669512481925476, -0.5206928852300918, -0.4516377348115431, -0.25970021169816954, -0.13021160884008864, 0.4961756041320706, 0.26409275210949174, 0.3175129770641849, -0.06501079933661064], [-0.7101793596062285, -0.3742644934308185, -0.5599052935641917, 0.5125873682261254, -0.20190266829010992, -0.06813610336304309, 0.37496381973920406, 0.588314883496242, -0.013606556893530113, 0.07123512321895616, 0.4655874986045168, -0.07191779039614218], [0.05592138687618675, 0.08024357781962779, -0.406143835386262, -0.05790233746009979, -0.6474783350406037, 0.46133880984292563, -0.6092234620224898, 0.5589586872817601, -0.40349928913105226, 0.5260591443534627, -0.06846014040106801, -0.04055574552296655]], "inverted": true, "swapped": true, "error_lsq": 0.03870988439827388, "error_max": 0.2106347576690601, "target": "970.xyz", "model": "26.xyz", "model_rescale": 3.795458400668931, "target_rescale": 4.029015730956377},
{"mapping": [8, 5, 7, 4, 3, 12, 6, 13, 0, 9, 10, 2, 14], "R": [[0.19721950650273723, -0.5266226582398299, -0.8269057032595871], [-0.07432202043572506, 0.8330132046991657, -0.5482383040933733], [0.9775380829068344, 0.1695805903552693, 0.1251467931734165]], "T": [-0.16496230129075623, -0.12006067736327958, 0.04587793550001138], "aligned_model": [[-0.045308454834899314, 0.4147084337614794, 0.5390320302392255, -0.1358964306044677, -0.0940797397496459, -0.7822616212677891, -0.22334398109731124, -0.6444110489421422, 0.0315235599938255, 0.39176216196596464, -0.6255719447366559, 0.028326041361672438, -0.1548026232679996], [-0.7458320936462526, -0.22790362350473015, -0.3102799079458458, -0.04850044994483141, 0.6423988802720424, -0.43813591415880465, -0.6992704023200234, -0.3222641736990446, 0.08436301708872429, 0.2709411689255303, 0.39092533116973943, 0.5611590926691656, -0.03571942164875516], [-0.2502007214162715, 0.3018246246769582, -0.464289917853677, -0.6047013888543675, -0.498859805399108, 0.22145465803078793, 0.3690195812249186, -0.3991190993174488, 0.6616265229561665, -0.21047220141840214, -0.1530133072334175, 0.29042454521448613, 0.02844317148880162]], "inverted": true, "swapped": true, "error_lsq": 0.043178191976170614, "error_max": 0.29693525462728404, "target": "970.xyz", "model": "27.xyz", "model_rescale": 3.6321398670334006, "target_rescale": 4.029015730956377},
