[{"mapping": [11, 7, 0, 3, 1, 5, 3, 10, 4, 12, 13, 9, 6, 14], "R": [[0.19723257105356518, -0.8740918139349889, -0.44391757537570165], [-0.9800149835772869, -0.1877475281555887, -0.06573809881246291], [-0.025883293445987, 0.44801156958644256, -0.8936530023656172]], "T": [-0.04482953018577595, 0.02925380802669695, 0.10402715213658881], "aligned_model": [[0.1779420490055562, 0.19259938249746597, -0.5373116716032749, -0.6246933208259637, -0.5045010513444543, 0.04358338322211797, -0.6246933208259637, 0.01097177100528677, -0.41611840033622155, 0.23614259459555442, 0.6645288824088522, 0.198808087864361, 0.574774287743847, -0.020540572278859876], [-0.6952455101428963, -0.43616525495520264, -0.5116660023185631, 0.11444063230106874, 0.13109529374924211, 0.13419757661784257, 0.11444063230106874, 0.48101469270955577, 0.6091057082589866, -0.032268547800639744, 0.4253955628001919, 0.6647026984749584, 0.11119332221500872, 0.12503252759941344], [0.475787345294275, -0.1433731759682087, 0.23116241908846247, -0.19205510923143648, 0.5197041215477327, -0.6938337704232855, -0.19205510923143648, 0.6288897017237827, 0.18355423867718232, 0.6509894939558512, 0.4687388306754928, 0.02332889200895838, -0.18884613448670823, 0.12559634354917146]], "inverted": true, "swapped": true, "error_lsq": 0.057349576204925305, "error_max": 0.44512053760884523, "target": "971.xyz", "model": "0.xyz", "model_rescale": 3.8414455957264533, "target_rescale": 3.9678999210390553},
{"mapping": [8, 6, 8, 10, 5, 1, 0, 11, 3, 4, 2, 13, 9, 7, 14], "R": [[-0.012154471266738243, 0.9734557381609238, 0.22855238933294242], [0.9909811349038166, 0.04223147685842493, -0.12717268821213135], [-0.1334490880185012, 0.22494538938135, -0.9651895734533724]], "T": [0.07561266107433201, 0.009691377815224172, 0.08251305194953952], "aligned_model": [[-0.445395531957051, 0.43790822382965583, -0.445395531957051, 0.15003419665232273, 0.6242741825875051, 0.11261918108229853, -0.09923914032775458, -0.5345058530686979, 0.5877494860743184, 0.4605882500782454, 0.7141999498508509, -0.6457816927445867, -0.13294506850408105, 0.11891396762583706, 0.08151625321455615], [-0.5810101057399518, -0.6463426662193904, -0.5810101057399518, -0.49153750437142657, -0.2755578610067103, 0.49772660518251616, 0.708544393318284, 0.28915836808665224, 0.2535214077928731, 0.39291887751801574, -0.06146103620117021, 0.11737205814715981, -0.15043953756015083, 0.3514838556918653, 0.024779307708021413], [0.14515982058494592, 0.3024867596035112, 0.14515982058494592, -0.37750036428364425, -0.1453601398586466, -0.6308942829540184, 0.16343696544791142, -0.44276687549725013, -0.4575236792087104, 0.10985741500351413, 0.44548458831447946, 0.2894962831562386, 0.712093422805861, 0.6249684888777722, -0.005813054263631559]], "inverted": true, "swapped": false, "error_lsq": 0.05476366888185369, "error_max": 0.3031774149851279, "target": "971.xyz", "model": "1.xyz", "model_rescale": 4.316132596720782, "target_rescale": 3.9678999210390553},
{"mapping": [4, 3, 8, 12, 9, 1, 6, 11, 5, 0, 7, 14], "R": [[0.3790758910302826, 0.0024841205590023785, 0.9253622523015761], [0.8423221079707938, -0.4149647018488175, -0.3439444179561003], [0.38313827172867504, 0.9098341196968657, -0.1593955437651685]], "T": [-0.06573681680236208, 0.06440527078998386, -0.007130826634715932], "aligned_model": [[-0.2575863817261481, 0.3409201256101262, 0.08422019238518948, -0.5912019135891534, -0.35571795336861134, -0.30171849923986, -0.06600374559477695, -0.13817603081924307, 0.525677119433217, 0.22868384619968424, 0.2621400566623371, -0.13342826132098068], [-0.6010901229468073, -0.42205556158793894, -0.631450107217793, 0.35500706212885946, -0.23827059494092967, -0.28128360528325674, 0.3980958808847103, 0.7785195431993152, -0.030930936615156654, 0.13358226648419413, 0.5389807397006754, 0.013671863935108525], [-0.03392325369711019, 0.16360143737027072, -0.5684068839851882, 0.13893480747740822, -0.5493162665245066, 0.4611306227613764, -0.6113230499209336, 0.4373075222441284, -0.5516973084855727, 0.6709748387347749, -0.04546090968273627, -0.06256309508249008]], "inverted": true, "swapped": true, "error_lsq": 0.048148535733511834, "error_max": 0.2343698022103901, "target": "971.xyz", "model": "2.xyz", "model_rescale": 3.795458400668931, "target_rescale": 3.9678999210390553},
{"mapping": [5, 3, 4, 2, 6, 12, 1, 7, 0, 11, 9, 14], "R": [[0.9826870889010899, -0.17277260670217082, -0.06690075993917284], [-0.16121676682516484, -0.6194628806020519, -0.7682934944737257], [0.09129753228615907, 0.7657776217215709, -0.6365920158695935]], "T": [0.02223055392400336, 0.044857311188819374, -0.005606331856072046], "aligned_model": [[-0.007505409969510421, -0.2611027910805258, -0.6573202726792033, 0.31249939396091947, 0.1910098864348096, 0.16089884862323658, -0.2621558227196541, 0.5528844429720703, 0.3333116472641251, 0.7607012596564198, -0.47160491421974904, -0.05831244249937301], [-0.17554444088510973, -0.5431320485909116, -0.04980767886962473, -0.15146083834863477, 0.4775614150289283, 0.48992929921176087, -0.14134831356351257, -0.006559018768833233, -0.4972677286770604, 0.15267957628548645, 0.4251757849081742, 0.1055430375590464], [-0.7840348319159962, -0.07739939988307878, 0.09266585400727093, 0.7997500371855002, -0.5161731077366113, 0.40007848183752137, 0.5225118297019519, -0.2291172402321622, 0.39517449535348165, 0.389067528013994, -0.29047679266188964, -0.013275423030881826]], "inverted": true, "swapped": true, "error_lsq": 0.045489516221316424, "error_max": 0.26113013982810956, "target": "971.xyz", "model": "3.xyz", "model_rescale": 3.7530521520055578, "target_rescale": 3.9678999210390553},
{"mapping": [10, 8, 9, 5, 13, 3, 12, 1, 2, 7, 14], "R": [[-0.38075268838369597, 0.8941785909550709, -0.23552502577474155], [-0.3707742800433992, -0.3809749032661855, -0.8469855703255045], [-0.8470854877442345, -0.23516541105980088, 0.47659564191690595]], "T": [-0.0004038583984248348, 0.05980700610168428, 0.10210065535280334], "aligned_model": [[-0.38406384304663227, 0.024408102144141207, 0.0926803614545223, 0.5383487039596864, 0.21922188118878896, -0.2714978693077841, -0.11512152861626979, -0.6267295492227711, -0.5569100113940139, 0.4345344666068595, -0.016671111321321923], [-0.5100232315597084, 0.09544608939360573, -0.358765253546271, 0.42749254142817483, -0.8028933219277932, 0.5631486463451076, -0.41456856542336445, 0.05446640126593598, 0.14381362383514146, 0.2845617782280695, -0.015475349724551932], [-0.0017304311758576801, -0.8033532897034087, -0.4325014227915587, -0.3774461236330625, 0.07670509698011442, -0.22088347222702098, 0.4811861494292261, 0.14840989234430918, 0.7763702500588431, 0.40952261448921845, 0.036551513474514144]], "inverted": false, "swapped": true, "error_lsq": 0.049917852069802156, "error_max": 0.2544220617475937, "target": "971.xyz", "model": "4.xyz", "model_rescale": 3.7855080009869324, "target_rescale": 3.9678999210390553},
{"mapping": [13, 6, 11, 8, 7, 9, 3, 14, 10, 5, 4, 12, 1, 0, 16], "R": [[-0.47934380146950284, 0.7221865802512466, -0.49867430583275096], [0.31059638205922036, -0.39183796655978237, -0.8660213019400955], [-0.8208284884459658, -0.5700083782430789, -0.036483438546911995]], "T": [0.015464204601769407, -0.004570619370232898, -0.004929538859412073], "aligned_model": [[-0.36165248005367967, 0.2227767375343021, -0.33844675781534983, 0.1857502525300293, 0.7302412774446706, -0.09167967472568574, 0.16415970688273124, -0.5683368783806233, 0.4874959060250794, 0.6916299530212033, 0.43822537905094777, -0.6106262918503544, -0.18747176414268868, 0.24514243113988538, -0.022666924224099473], [-0.5910768041492278, -0.58921089908278, -0.5748337177228309, -0.4435581992217705, -0.2284510020026355, 0.5467750263693543, 0.6726793097344987, 0.2249235867754569, 0.17316021710004448, 0.41137295342972086, -0.15223136365006185, -0.14333226717884426, 0.08243516954283474, 0.4325859690578994, 0.026908077604976474], [-0.20155390216637512, 0.198280512795753, 0.42166541849313766, -0.5279997450274603, 0.013530750586087905, -0.44248203547633674, -0.04541146727554261, -0.2583187718331405, -0.5308212546082677, 0.15284900698919177, 0.5836875504630322, 0.2227130721779877, 0.7191912551209383, 0.5989048032980177, -0.0259500252237447]], "inverted": false, "swapped": false, "error_lsq": 0.042214092105380824, "error_max": 0.28869790080637264, "target": "971.xyz", "model": "5.xyz", "model_rescale": 4.2253639853439635, "target_rescale": 3.9678999210390553},
{"mapping": [11, 6, 10, 12, 13, 4, 1, 2, 5, 7, 9, 3, 0, 14], "R": [[-0.8984357138062982, -0.4354800290099431, 0.05630641607194625], [-0.17911777713729646, 0.2463838826287641, -0.9524766686350745], [0.4009115738797794, -0.8658245357543726, -0.29936229424388716]], "T": [0.025106103293464282, 0.061572384636797955, 0.0324900111418692], "aligned_model": [[0.7624045661362642, -0.22907241255143865, -0.30127680900657966, 0.15545263475049645, -0.4001728945691156, -0.44677892784018236, 0.10186541849797535, 0.6970326189643505, -0.26852018579285175, 0.37389512726072877, -0.6454028157675411, -0.01884901053646328, 0.659728952562326, -0.06624410935018528], [-0.19694203674636138, 0.22217049841742828, -0.5418465978715418, -0.5034623363505567, -0.48893295065180054, -0.0626267040296375, -0.2804747958795212, -0.40120747846900684, 0.7971109901634194, 0.34905351491363956, -0.02433328748310898, 0.4311136037870611, 0.12730481307310737, 0.018171913761869343], [-0.28734330539476094, -0.5887983801297687, 0.1422265329127276, -0.18115381478098674, -0.523580043484566, 0.5247372178994604, 0.5536125229445285, 0.35767496210388255, -0.13537496944916882, -0.32791966076770923, -0.08022553989687092, 0.5734805392839977, 0.4122654236948391, 0.03195672399584447]], "inverted": false, "swapped": true, "error_lsq": 0.04878789810107954, "error_max": 0.3030610535622743, "target": "971.xyz", "model": "6.xyz", "model_rescale": 3.89814844738969, "target_rescale": 3.9678999210390553},
{"mapping": [12, 10, 13, 0, 6, 4, 1, 7, 3, 8, 9, 5, 14], "R": [[-0.39427472892018295, 0.8340962237186537, 0.3857861165376464], [0.9133900298638268, 0.4019534499196359, 0.06443661570148543], [-0.1013217226475865, 0.3777789216936077, -0.9203352621972828]], "T": [-0.04591463386914633, -0.09524695218253881, -0.024759562429281724], "aligned_model": [[0.2200777110252086, -0.1042295282444188, 0.5526505469797377, -0.42200239886708235, 0.5548275853345263, -0.5307253118252293, -0.5326040926584913, 0.29114291136099935, -0.6189072612616671, -0.3349816316008603, 0.06563670818994052, 0.05032874746437357, -0.042582184992814395], [-0.15315301731242936, 0.30441066215927454, 0.39660237273842985, -0.733520993430665, 0.13737846142385515, 0.38796994257960327, -0.12890116890519426, -0.4770604427754885, -0.09879054951905555, 0.6435423126313717, 0.5808683328433171, 0.10359291540232879, 0.0008424376351377771], [-0.5795506029281959, -0.5900520022299883, -0.46400462125930386, -0.07436317348416453, 0.2230144075647726, -0.13370105108453437, -0.4203069083658467, 0.2487454370056706, 0.2959122450220382, 0.41383286486490584, -0.015209173540870636, 0.754093445640791, -0.056135836368977884]], "inverted": false, "swapped": true, "error_lsq": 0.055526253349817103, "error_max": 0.30123437918639934, "target": "971.xyz", "model": "7.xyz", "model_rescale": 3.7474275329858107, "target_rescale": 3.9678999210390553},
{"mapping": [1, 2, 2, 0, 5, 10, 11, 12, 6, 7, 8, 13, 4, 9, 14], "R": [[0.5755373737549927, 0.8012222095661576, -0.1637061462167193], [0.27659865433731373, -0.37911164635691036, -0.8830444745398389], [-0.769577751646962, 0.4629441980352242, -0.43980990629535616]], "T": [0.04553019985914746, 0.020251123684882286, 0.0068369855147100075], "aligned_model": [[-0.33103203221904604, -0.0746753038836098, -0.0746753038836098, 0.17219518656603036, 0.7436116713650545, 0.09335413884935098, -0.05369171070967938, -0.49443207143775064, 0.6966508064265642, 0.4919547646123433, 0.34213622976250735, -0.7192005278358246, -0.19791260894279375, 0.3852593124596452, 0.004998321307186117], [-0.5593730403219284, -0.7542590559256315, -0.7542590559256315, -0.28724821620456414, 0.08088948746766407, 0.4642554689735643, 0.629950403828718, 0.26305437417879046, 0.020675869959848395, 0.5190827041285994, -0.19865987932709833, 0.14942771797696391, -0.23828047099607036, 0.5257093153034555, -0.012819566510044664], [-0.28818595244359035, 0.31387788572099495, 0.31387788572099495, -0.5620332762647764, 0.1552509740730061, -0.6062179646426901, 0.07684952614156604, -0.16674281148034023, -0.48609290168186237, -0.11866119877876996, 0.5806951140114492, 0.46138307811565415, 0.7040620992619636, 0.4644794077897417, 0.03574330276993665]], "inverted": true, "swapped": false, "error_lsq": 0.05960776446657693, "error_max": 0.40600079253045035, "target": "971.xyz", "model": "8.xyz", "model_rescale": 4.019505241142653, "target_rescale": 3.9678999210390553},
{"mapping": [10, 1, 12, 13, 9, 6, 11, 8, 5, 3, 0, 7, 14], "R": [[0.4115809084676704, -0.9099018768840955, -0.051766110803570534], [0.9089682454496012, 0.4139557737375173, -0.04916651455662474], [0.06616558432599613, -0.026817752183466607, 0.9974482059829601]], "T": [-0.009580329469078067, 0.0020830855407846516, 0.058093146816019875], "aligned_model": [[-0.25816426217944416, -0.6010343887084865, 0.05375752741955579, 0.4020327912588242, 0.0939988778799953, 0.6379362643478628, 0.21849011156677112, -0.13855886091892106, 0.34273698542270586, -0.44052881032537183, -0.37592882414096124, 0.4026653513410671, -0.01770199122242065], [-0.3349137581601862, 0.06323463357003162, 0.12891082269957244, -0.41924218537826563, -0.6670824568463845, -0.23689516352172288, 0.7421617529906762, -0.789190735700458, -0.2776825468137758, -0.047898359237783836, 0.6295576839703456, 0.3622532500290765, -0.08983470948706712], [-0.496272737629493, -0.14414315670091674, -0.5434059633338029, -0.6098828338794579, -0.047526998872767234, 0.06115817579445189, -0.278060864987426, 0.4811568565631875, 0.7311576237810232, 0.5509914915564574, 0.21093517545784227, 0.2439029053786796, 0.016693820916100388]], "inverted": true, "swapped": true, "error_lsq": 0.05737751770029091, "error_max": 0.3133022313359606, "target": "971.xyz", "model": "9.xyz", "model_rescale": 3.877068213659057, "target_rescale": 3.9678999210390553},
{"mapping": [12, 11, 0, 10, 9, 13, 4, 3, 14, 2, 8, 5, 1, 7, 15], "R": [[0.7355526111472444, -0.6106667314493974, -0.29334024499781863], [0.45928127005775166, 0.7677925448226556, -0.44671615494504907], [0.49801914743171216, 0.19385755392983767, 0.8452196031657873]], "T": [0.046041113797253216, 0.013058977422412287, -0.041367459396090885], "aligned_model": [[-0.46406638350386603, 0.1894151145590614, -0.22493277947906049, 0.3457303959348659, 0.6979463680041023, 0.16073870896593156, -0.1499873089967445, -0.5063203322528511, 0.6114395843580253, 0.5218005418011903, 0.495630416960036, -0.651810962018175, -0.2968907254095752, 0.24272075461706955, 0.013127478896358215], [-0.5231951106043435, -0.7033919193812717, -0.5530874920622771, -0.45760944939167175, -0.09020469111110774, 0.5113700096093767, 0.6187578137737814, 0.28083147910843387, 0.06663697914398763, 0.473723056949553, -0.21887202609100698, -0.025203402167956537, 0.08672873162429943, 0.43467771206339606, -0.05301563485655711], [-0.1434317037978946, 0.06254252394744603, 0.4483440473979488, -0.4793952503318667, -0.04015990063733455, -0.6211683500706011, 0.1883986321937388, -0.20247631385937676, -0.5770684150211934, 0.0010227570256701665, 0.5412133537954865, 0.3086809841523843, 0.7522805300661708, 0.6293346584651338, 0.010167614987566291]], "inverted": true, "swapped": false, "error_lsq": 0.04310271166967872, "error_max": 0.26096061597479797, "target": "971.xyz", "model": "10.xyz", "model_rescale": 4.260839863003843, "target_rescale": 3.9678999210390553},
{"mapping": [8, 6, 7, 5, 0, 3, 4, 9, 12, 2, 1, 14], "R": [[-0.7263734157965883, -0.3490530621341542, -0.5920672433421454], [-0.5199985870417849, 0.8423950013462277, 0.141322790736089], [0.4494253333964877, 0.4105272482085196, -0.7934004336901995]], "T": [-0.017426885447462695, -0.07145777444836879, 0.0278920290244224], "aligned_model": [[0.32373805979504483, 0.1979209902362582, -0.39338849813285487, -0.20659533675482172, -0.618351655678663, -0.31006127086288576, 0.32937509112402635, 0.5731677549886053, 0.26582059243099904, -0.31549186934945966, 0.0332467345336732, 0.07951805676420853], [0.19504895404093506, -0.679557972565292, -0.5102314954901036, -0.3263546544288768, 0.22113302353931855, 0.40217639478174094, 0.48274789488638536, -0.09505395693377079, -0.20113122343252166, 0.25136547998512737, 0.4878153795819895, -0.05487931843199789], [-0.768545833002062, -0.21754060671210906, 0.0459143102742075, -0.7168595853932, 0.35127465440424843, -0.3202448785745927, -0.20230934785580373, -0.3189623804170674, 0.5616089965672738, 0.7883774715270916, 0.3091439834999142, 0.004321293077604503]], "inverted": true, "swapped": true, "error_lsq": 0.05141768128051808, "error_max": 0.31276028720875937, "target": "971.xyz", "model": "11.xyz", "model_rescale": 3.890672605050136, "target_rescale": 3.9678999210390553},
{"mapping": [4, 1, 10, 8, 9, 7, 0, 5, 3, 11, 13, 12, 6, 14], "R": [[-0.9670838276887957, -0.24025510357026547, 0.08382335850602099], [-0.048174624010506914, -0.15059038600690522, -0.9874217646192217], [0.24985611023994234, -0.9589577784505073, 0.1340593276315883]], "T": [-0.014787279321672314, -0.05040092786777914, 0.08933164421995357], "aligned_model": [[0.5518680438461915, 0.028540319228275428, 0.34758543003303555, 0.7974666910305425, 0.6209642694565676, -0.43961216203691356, -0.5600539363383923, 0.2129175209227498, 0.12636583477777127, -0.7926798446842968, 0.30616702507757787, -0.16672857739058358, 0.10112839805975338, 0.07594682281141472], [-0.11217588611842508, 0.045541428861647276, 0.47268822780493425, -0.44286490655849564, 0.10949787588938892, -0.18460046540472613, -0.2985945794740362, -0.6373237356441791, -0.6050930091973947, 0.2761653586061964, 0.7004594716984582, 0.5448626948825733, 0.0693263523301785, -0.005736307848355167], [-0.30499538763670353, -0.5298409665005462, -0.18949829110938007, 0.17848397082463752, 0.28912937011240036, 0.4577181508432395, -0.34928032664974795, 0.5983348183053342, -0.2324695514158183, 0.12047160299317444, 0.44475990801911003, 0.022449659273687583, 0.7591276365262067, 0.09039984177126661]], "inverted": true, "swapped": true, "error_lsq": 0.05176695185504249, "error_max": 0.29570845720373395, "target": "971.xyz", "model": "12.xyz", "model_rescale": 4.124412569039231, "target_rescale": 3.9678999210390553},
{"mapping": [3, 4, 10, 5, 1, 0, 8, 7, 9, 6, 12, 13, 14], "R": [[0.2326528486477933, 0.36202107193533406, -0.9026701476679391], [-0.8513585399890113, -0.37288735608910245, -0.36897649797332377], [-0.4701715520997056, 0.8543393723478223, 0.2214564256292491]], "T": [0.15316102405564555, -0.05683780387989695, -0.03609558679736605], "aligned_model": [[-0.2275512839228578, 0.044195198782629175, 0.5588824773608403, -0.6283781280491118, 0.4694631639464977, 0.33947051441468534, -0.5222699863653417, 0.05599004749177337, -0.04319474419180691, -0.06757257797115152, 0.7309281593777294, 0.502909630410369, 0.15442583622550313], [-0.21903364170430134, 0.37682033610435994, 0.4775790932079735, -0.07831024540011103, -0.033415372371939006, -0.6941460771890045, 0.48694770633166057, -0.4583197929050514, 0.5967461291522425, 0.16455305629524497, 0.07748588440588955, 0.6066743983803624, 0.04390390220115159], [0.47372218944085476, 0.49350357798878763, 0.14410169547436377, -0.24620883615117328, 0.5059941516040027, 0.29620430112912755, 0.2281446321462162, -0.44052645717361016, -0.09885899370688708, -0.651449550921349, -0.209417318401075, -0.5162619388683216, -0.027249371593097177]], "inverted": true, "swapped": true, "error_lsq": 0.046844369749495844, "error_max": 0.2619461364704137, "target": "971.xyz", "model": "13.xyz", "model_rescale": 3.9028299243045295, "target_rescale": 3.9678999210390553},
{"mapping": [4, 3, 0, 10, 9, 13, 12, 5, 14, 11, 6, 8, 2, 1, 15], "R": [[-0.7069006144909696, 0.615878100711576, 0.34782996750739], [0.588251947846817, 0.7849696901721688, -0.19437651958360486], [-0.39274822353094835, 0.06720677476945092, -0.9171870487192746]], "T": [0.051182775977226966, -0.05459710980802054, 0.09600768755377065], "aligned_model": [[-0.22332361116495347, 0.06838850388862484, -0.5699145522575004, 0.20835034403024605, 0.8117674782305739, -0.12530541712460153, -0.11503433592477492, -0.34584080054390137, 0.5532809284200833, 0.5478729790433753, 0.5448284432814093, -0.6693368747662575, -0.23120438026644158, 0.37488467354213245, 0.15512749404835385], [-0.5984184974787984, -0.6088834777248745, -0.5274409077460389, -0.2832433806833316, -0.12322462122429084, 0.37780170727164897, 0.6169711301754601, 0.017598898286377694, 0.3359017586439499, 0.49233660300527887, -0.2508957519630384, 0.18240169766213674, 0.029560897421406683, 0.28011757976847756, -0.0924375788077282], [-0.20109131212930753, 0.38089368318488637, 0.3750654967187586, -0.5956366143934716, -0.03683293815485689, -0.5478358745628265, 0.021119372595201483, -0.219050798694034, -0.5191823089791331, 0.09164370951831394, 0.49873471730114416, 0.2415760828455874, 0.7707852015267618, 0.5491985014913373, 0.06889825004491602]], "inverted": false, "swapped": false, "error_lsq": 0.057087942925784216, "error_max": 0.3316806603626314, "target": "971.xyz", "model": "14.xyz", "model_rescale": 3.942246331269136, "target_rescale": 3.9678999210390553},
{"mapping": [10, 4, 10, 11, 13, 8, 0, 7, 13, 12, 3, 9, 5, 1, 14], "R": [[-0.1661832196031623, -0.8778302686084172, 0.44921838457169294], [-0.9032358075660745, -0.04727960659744118, -0.4265321965930033], [0.3956617412042619, -0.4766326240563748, -0.7850306543265341]], "T": [-0.007812594230601932, -0.0033504494327151572, 0.0736123791499387], "aligned_model": [[-0.2577134244499303, 0.2950985562901473, -0.2577134244499303, 0.0869690157365483, 0.711883469457306, -0.05412223370278485, -0.11863904710789408, -0.6944123305701901, 0.711883469457306, 0.732590403472803, 0.42150395730125223, -0.781142020789674, -0.16850188919815628, 0.35510522254012133, 0.0017511484494434036], [-0.6710443257504151, -0.5014297871920437, -0.6710443257504151, -0.3490107448622141, -0.1420902138507328, 0.3987345030306516, 0.7220750036822201, 0.43973224662868077, -0.1420902138507328, 0.3346881361148279, -0.10759337847536349, -0.18015941221577536, 0.1536214172987473, 0.4721525334080053, 0.091604618391195], [0.1007228683874308, 0.13546531044692228, 0.1007228683874308, -0.5473919938074315, -0.2781243124059464, -0.5859511390818384, 0.026784052424700916, -0.17785935810578504, -0.2781243124059464, 0.1485094674483274, 0.6405062323764953, 0.2109531772754657, 0.6671764799232119, 0.6202649263502309, 0.09463090110000956]], "inverted": false, "swapped": false, "error_lsq": 0.05613192356042694, "error_max": 0.41130036349416593, "target": "971.xyz", "model": "15.xyz", "model_rescale": 4.355366556412066, "target_rescale": 3.9678999210390553},
{"mapping": [4, 3, 8, 12, 9, 1, 6, 11, 5, 0, 7, 14], "R": [[0.3790758910302826, 0.0024841205590023785, 0.9253622523015761], [0.8423221079707938, -0.4149647018488175, -0.3439444179561003], [0.38313827172867504, 0.9098341196968657, -0.1593955437651685]], "T": [-0.06573681680236208, 0.06440527078998386, -0.007130826634715932], "aligned_model": [[-0.2575863817261481, 0.3409201256101262, 0.08422019238518948, -0.5912019135891534, -0.35571795336861134, -0.30171849923986, -0.06600374559477695, -0.13817603081924307, 0.525677119433217, 0.22868384619968424, 0.2621400566623371, -0.13342826132098068], [-0.6010901229468073, -0.42205556158793894, -0.631450107217793, 0.35500706212885946, -0.23827059494092967, -0.28128360528325674, 0.3980958808847103, 0.7785195431993152, -0.030930936615156654, 0.13358226648419413, 0.5389807397006754, 0.013671863935108525], [-0.03392325369711019, 0.16360143737027072, -0.5684068839851882, 0.13893480747740822, -0.5493162665245066, 0.4611306227613764, -0.6113230499209336, 0.4373075222441284, -0.5516973084855727, 0.6709748387347749, -0.04546090968273627, -0.06256309508249008]], "inverted": true, "swapped": true, "error_lsq": 0.048148535733511834, "error_max": 0.2343698022103901, "target": "971.xyz", "model": "16.xyz", "model_rescale": 3.795458400668931, "target_rescale": 3.9678999210390553},
{"mapping": [12, 10, 13, 0, 6, 4, 1, 7, 3, 8, 9, 5, 14], "R": [[-0.39427472892018295, 0.8340962237186537, 0.3857861165376464], [0.9133900298638268, 0.4019534499196359, 0.06443661570148543], [-0.1013217226475865, 0.3777789216936077, -0.9203352621972828]], "T": [-0.04591463386914633, -0.09524695218253881, -0.024759562429281724], "aligned_model": [[0.2200777110252086, -0.1042295282444188, 0.5526505469797377, -0.42200239886708235, 0.5548275853345263, -0.5307253118252293, -0.5326040926584913, 0.29114291136099935, -0.6189072612616671, -0.3349816316008603, 0.06563670818994052, 0.05032874746437357, -0.042582184992814395], [-0.15315301731242936, 0.30441066215927454, 0.39660237273842985, -0.733520993430665, 0.13737846142385515, 0.38796994257960327, -0.12890116890519426, -0.4770604427754885, -0.09879054951905555, 0.6435423126313717, 0.5808683328433171, 0.10359291540232879, 0.0008424376351377771], [-0.5795506029281959, -0.5900520022299883, -0.46400462125930386, -0.07436317348416453, 0.2230144075647726, -0.13370105108453437, -0.4203069083658467, 0.2487454370056706, 0.2959122450220382, 0.41383286486490584, -0.015209173540870636, 0.754093445640791, -0.056135836368977884]], "inverted": false, "swapped": true, "error_lsq": 0.055526253349817103, "error_max": 0.30123437918639934, "target": "971.xyz", "model": "17.xyz", "model_rescale": 3.7474275329858107, "target_rescale": 3.9678999210390553},
{"mapping": [11, 7, 0, 6, 12, 10, 2, 3, 13, 1, 9, 5, 4, 14], "R": [[-0.6857497045545337, -0.7230956021217403, 0.08294632538917868], [0.11737099885046756, -0.2223346431527971, -0.967879824711189], [0.7183114862872605, -0.653987810778088, 0.23733636893967724]], "T": [0.01413823954767403, 0.039415565557227555, -0.02938299110857765], "aligned_model": [[0.6343632638206449, 0.18426181257632263, 0.7230307942775649, -0.44799924250645784, 0.14228640183050842, -0.1743787718578053, 0.811117673252784, 0.09990403682642242, -0.4912851851226506, 0.30195936609481117, -0.6384753330833589, -0.4141828181857995, -0.25007540913030507, -0.06567894090980479], [-0.3951402595586143, 0.06986340435114205, 0.25598634742090365, -0.13751133500643245, -0.5599599972400897, -0.39243791867510736, -0.2224271811198946, 0.6412006615620487, -0.693840525987528, 0.021003476824771078, -0.05060196191285081, 0.5914237524608337, 0.2246701974243653, 0.008179580967686655], [-0.40249722812417005, -0.5810397812634738, 0.013799403840358895, -0.5105519393310469, 0.049516449726093405, 0.48115229921948865, 0.23072824423829172, 0.21893624388132912, -0.03324587390368514, 0.528538986034272, 0.15945334028617933, -0.4383330157631181, 0.5840337334908311, 0.024303856330304907]], "inverted": false, "swapped": true, "error_lsq": 0.0504755467684858, "error_max": 0.3253664899535016, "target": "971.xyz", "model": "18.xyz", "model_rescale": 3.922800546911778, "target_rescale": 3.9678999210390553},
{"mapping": [5, 3, 0, 12, 7, 13, 4, 8, 7, 11, 9, 1, 2, 10, 14], "R": [[0.746545868010679, 0.4833558749249448, 0.4572049487174469], [0.3995094965543472, -0.8751704266946049, 0.27288987962560174], [0.5320351765805285, -0.02106709317216124, -0.8464601281018508]], "T": [-0.0891793329846581, 0.04768233836958707, 0.04735475170627123], "aligned_model": [[-0.5256744386666208, 0.22060509849441132, -0.23610774757364783, 0.09684864110108563, 0.6576559453944856, 0.17160093824234343, -0.05446679843770548, -0.5332929931526962, 0.6576559453944856, 0.4804036553906288, 0.5352233334479841, -0.6770398481977843, 0.05602112822933772, 0.13227958165125564, 0.0028284311188052635], [-0.5062313791935962, -0.5113505042368768, -0.7242147006557585, -0.38958276052239543, -0.1306708054969828, 0.37984515599024943, 0.7698358971437631, 0.2306912905484096, -0.1306708054969828, 0.47487416868409754, -0.04537215778826357, -0.06968215521481169, -0.09744993667709734, 0.5769995797059165, 0.02112516981696419], [-0.24451051926090178, 0.07314487550651229, 0.3320118046790514, -0.5793883142426485, -0.17318604293252848, -0.4943788170793999, 0.013348625974512855, -0.33167220550940857, -0.17318604293252848, 0.029300050522890413, 0.5613638535824917, 0.4816687098458655, 0.7336363350165059, 0.6142584952251222, 0.035874359917741364]], "inverted": false, "swapped": false, "error_lsq": 0.04915149781421143, "error_max": 0.4671455135253579, "target": "971.xyz", "model": "19.xyz", "model_rescale": 3.9282355846067225, "target_rescale": 3.9678999210390553},
{"mapping": [4, 9, 6, 10, 1, 13, 12, 11, 2, 0, 5, 3, 7, 14], "R": [[0.730804303005489, -0.679603414215229, -0.0637516281805055], [0.5908905126415154, 0.6766222287511373, -0.4393526620268634], [0.3417213379040134, 0.28341058368883787, 0.896049646099056]], "T": [-0.00885531227178879, -0.1556523241252702, 0.11388508333095317], "aligned_model": [[-0.6534997482936881, -0.1719795857669919, 0.4961942204633757, -0.36993131408433444, -0.531441671914457, 0.20617470247709843, 0.09673883743799569, 0.48625917619204606, -0.16692074904175153, -0.1040796834412488, 0.21014160086074085, -0.4242101671174121, 0.5110364394077482, -0.05195923809444509], [-0.39032625994337444, -0.7090944460094283, -0.5838323441799573, -0.12006315362382597, 0.18687200299713402, -0.37427218724435785, 0.17957346046866057, 0.5256314636031251, 0.7081978716295969, 0.43500981292359153, -0.7943859772212106, -0.2525432566634779, -0.07524790617227983, -0.21263699313936046], [0.015042259879404205, -0.2559244346776029, -0.08101124066176192, -0.47860112744640315, 0.050343596709143956, -0.7222367403666129, -0.3944176684120838, 0.05518138981945771, 0.10069973225444552, 0.5535973027816912, 0.5605077003272437, 0.6131405369520542, 0.35355571403167285, 0.04230613605303386]], "inverted": true, "swapped": true, "error_lsq": 0.054373202932303445, "error_max": 0.44976891869581015, "target": "971.xyz", "model": "20.xyz", "model_rescale": 4.067790424073018, "target_rescale": 3.9678999210390553},
{"mapping": [9, 13, 1, 11, 13, 3, 2, 0, 6, 6, 5, 7, 8, 4, 14], "R": [[0.6960145923117013, 0.3008195459476934, -0.6519749136776659], [0.37245886397036915, 0.6250348033830345, 0.6860072078410209], [0.6138713887607715, -0.7203048627739195, 0.322990437513507]], "T": [0.011150958237817046, -0.02231335338157607, 0.02051774877770022], "aligned_model": [[-0.4914310031178227, 0.45739506473863933, -0.231337713499972, 0.30086767771233064, 0.45739506473863933, 0.014423453119984449, 0.011157075692433141, -0.551946916175805, 0.6335223000119642, 0.6335223000119642, 0.30321652917431746, -0.6541523987184048, -0.19805979620672587, 0.2978026910496019, 0.0021665439052241525], [-0.5998316225669535, -0.5608823070078415, -0.6551621249776349, -0.2172773491657261, -0.5608823070078415, 0.4244988027686477, 0.7191855780230902, 0.40885962856591035, 0.3541761339354414, 0.3541761339354414, -0.13776959156224536, -0.16430021862370137, 0.0644742831252549, 0.5112273395887296, -0.0923463224239358], [-0.11339983911102539, 0.05106582040898495, 0.4831264145493444, -0.5236196573836037, 0.05106582040898495, -0.703425069782201, -0.04194236831510428, -0.01780552078965377, -0.11537368426128405, -0.11537368426128405, 0.5203514013028083, 0.3269082357877942, 0.543840462883783, 0.5455297560280541, -0.012662919152319395]], "inverted": true, "swapped": false, "error_lsq": 0.053809435003818996, "error_max": 0.3923144579630496, "target": "971.xyz", "model": "21.xyz", "model_rescale": 4.186013935880536, "target_rescale": 3.9678999210390553},
{"mapping": [4, 1, 10, 5, 7, 8, 3, 0, 13, 12, 11, 6, 14], "R": [[-0.6430308323283823, -0.7454539760355481, 0.17552697310630194], [0.03445585564750858, -0.2571236156302342, -0.9657640707216404], [0.7650647963974463, -0.6149681421813882, 0.19102366716013475]], "T": [-0.039150286812658516, -0.06934003486420201, 0.05334991561206481], "aligned_model": [[0.19710339228328055, -0.36440654028340985, 0.07960569727078552, 0.45830353428346843, -0.16880706980667248, 0.6866987470814951, -0.09324053074185439, -0.7298423423110627, 0.4053962183227473, -0.21963212582845798, -0.6654932685551118, 0.4387554108958324, 0.034132912812184904], [-0.20985933702687623, -0.05440305591602421, 0.39479602054294416, -0.5987586197460898, -0.13367522643080051, -0.48958105206151825, -0.6667248474004026, -0.34173115754089545, 0.7023508078744588, 0.5199430783124402, 0.2989356305825418, 0.12738550524652759, -0.029721086890212252], [-0.5829257586263695, -0.48371823156798677, -0.4497972958665356, 0.41065615321504734, 0.6130323406184155, -0.2905589265563221, -0.21380013115029728, 0.046728911129267095, 0.055325734847498254, 0.007854236153331279, 0.4832331360359099, 0.5108463015669876, -0.0039969084636001795]], "inverted": true, "swapped": true, "error_lsq": 0.05408264266574197, "error_max": 0.37936520387872313, "target": "971.xyz", "model": "22.xyz", "model_rescale": 4.166573947596378, "target_rescale": 3.9678999210390553},
{"mapping": [8, 3, 4, 9, 11, 14, 13, 7, 12, 12, 2, 0, 1, 6, 15], "R": [[-0.9775500813466631, -0.10238260091416664, 0.18415656786871], [0.0594725533653024, -0.9725434223448739, -0.22499401558692914], [0.20213573126823367, -0.20899065692937216, 0.9567988563229399]], "T": [0.041436148310106904, -0.02030990554299284, 0.005644755967539411], "aligned_model": [[-0.4810582632881548, 0.2555043396023597, -0.24029533489698812, 0.16301891327317614, 0.763310299053413, 0.2448851789505635, -0.23473254084513295, -0.6292822873518304, 0.6114227930984306, 0.6114227930984306, 0.32922681159891365, -0.6423158890991686, -0.14515771652788168, 0.3612111731060206, 0.017380602664216684], [-0.5963608163888513, -0.577289809832499, -0.5675469086953397, -0.30868299063489735, -0.3031982741867395, 0.4528913748863038, 0.7407339828067945, 0.22049209688920413, 0.2898861748819093, 0.2898861748819093, -0.2159593352668895, -0.10693637670789746, 0.11284516776000864, 0.4083698807427397, 0.009015715470879926], [-0.21626531181540018, 0.07895810884803628, 0.4069084437282964, -0.5067103565673179, -0.13914892069381896, -0.5949106564231728, -0.2420570688772869, -0.053860061804330894, -0.08532211537139212, -0.08532211537139212, 0.5815849212291699, 0.4435200449142841, 0.6805903218657354, 0.5470182003787474, 0.06330173427312075]], "inverted": true, "swapped": false, "error_lsq": 0.05018791651312098, "error_max": 0.4104225161753763, "target": "971.xyz", "model": "23.xyz", "model_rescale": 4.274766983524099, "target_rescale": 3.9678999210390553},
{"mapping": [12, 1, 0, 7, 3, 5, 6, 8, 9, 4, 14], "R": [[0.611982250017189, 0.08970190627260433, 0.7857679642712346], [0.30503979433104567, -0.9434424330929798, -0.1298733972531406], [0.7296769487508651, 0.31917071208157494, -0.6047326740064307]], "T": [-0.0599921798920445, 0.04966311665056794, -0.12486931399400544], "aligned_model": [[0.35578150125221863, 0.14893352233713514, -0.48623743646675865, -0.4659324877972564, -0.38150802426105446, -0.5035985293456123, -0.013840702749592981, 0.04800296145786917, 0.38462347961379084, 0.26759276940885557, 0.02607765050848042], [-0.0500909773221046, 0.6251602648878809, 0.4925249897789835, -0.30463736829996213, 0.5126984210946017, -0.27270857592000963, -0.6171250248382132, 0.12842895686168251, -0.13335699642991816, 0.49028821258201766, 0.04440462884852497], [-0.5710525782952701, -0.2649051015488517, -0.5413841630915961, -0.3343399512988515, 0.2118640892799604, 0.47069931187973657, 0.04735540177995273, 0.7717162179673136, 0.3634823462047644, 0.298150584617341, -0.07201972347292124]], "inverted": false, "swapped": true, "error_lsq": 0.04764622091870641, "error_max": 0.2719257459201092, "target": "971.xyz", "model": "24.xyz", "model_rescale": 3.7841303162186577, "target_rescale": 3.9678999210390553},
{"mapping": [1, 8, 0, 4, 2, 3, 13, 11, 5, 12, 9, 7, 10, 14, 15], "R": [[-0.9032211259886267, -0.24115666257104434, 0.35501417107692024], [0.20995738146244075, 0.47316828113109466, 0.8555873279221009], [-0.3743120296454183, 0.8473223954487694, -0.37674296626969256]], "T": [-0.012384106889407054, -0.0607097764662144, 0.09521374790541609], "aligned_model": [[-0.0906541941631836, 0.1994252991031224, -0.43059059269392086, 0.15826414181889512, 0.680457901450102, 0.016932381700360127, 0.04149990821627925, -0.5472694666463966, 0.6269600020094015, 0.589418295770603, 0.43217033916508446, -0.6435667605435031, -0.2981791356723058, 0.29537127518219, -0.04569852226035963], [-0.7609375929850194, -0.6045785876883668, -0.6344682513293407, -0.3119086652851918, -0.3205137102455362, 0.37904636238195477, 0.7161139775028552, 0.48490800139571716, 0.13304633526487503, 0.3982385917147836, -0.007124369214266485, -0.1298181195144046, 0.08191009101420954, 0.46982386888742383, -0.04559187529305791], [-0.14267528550021594, 0.18902886050332154, 0.28817617198163736, -0.5863158819180094, -0.05061113131650269, -0.5791429599838633, 0.020104724103124944, 0.020204004796073247, -0.47314918634251774, 0.04650882079558569, 0.4715655210498384, 0.23534959181255613, 0.8046049518261069, 0.5983237142788789, 0.03631325222726504]], "inverted": false, "swapped": false, "error_lsq": 0.04614521177003242, "error_max": 0.3801484726757904, "target": "971.xyz", "model": "25.xyz", "model_rescale": 4.19342608120988, "target_rescale": 3.9678999210390553},
{"mapping": [4, 3, 8, 12, 9, 1, 6, 11, 5, 0, 7, 14], "R": [[0.3790758910302826, 0.0024841205590023785, 0.9253622523015761], [0.8423221079707938, -0.4149647018488175, -0.3439444179561003], [0.38313827172867504, 0.9098341196968657, -0.1593955437651685]], "T": [-0.06573681680236208, 0.06440527078998386, -0.007130826634715932], "aligned_model": [[-0.2575863817261481, 0.3409201256101262, 0.08422019238518948, -0.5912019135891534, -0.35571795336861134, -0.30171849923986, -0.06600374559477695, -0.13817603081924307, 0.525677119433217, 0.22868384619968424, 0.2621400566623371, -0.13342826132098068], [-0.6010901229468073, -0.42205556158793894, -0.631450107217793, 0.35500706212885946, -0.23827059494092967, -0.28128360528325674, 0.3980958808847103, 0.7785195431993152, -0.030930936615156654, 0.13358226648419413, 0.5389807397006754, 0.013671863935108525], [-0.03392325369711019, 0.16360143737027072, -0.5684068839851882, 0.13893480747740822, -0.5493162665245066, 0.4611306227613764, -0.6113230499209336, 0.4373075222441284, -0.5516973084855727, 0.6709748387347749, -0.04546090968273627, -0.06256309508249008]], "inverted": true, "swapped": true, "error_lsq": 0.048148535733511834, "error_max": 0.2343698022103901, "target": "971.xyz", "model": "26.xyz", "model_rescale": 3.795458400668931, "target_rescale": 3.9678999210390553},
