[{"mapping": [0, 2, 5, 4, 3, 1, 8, 11, 11, 9, 12, 6, 13, 14], "R": [[0.6538075220451989, -0.058292487976131124, 0.7544121618602588], [-0.07244561131366667, 0.987625234067429, 0.13909719779580507], [-0.7531848096705787, -0.14559664446273748, 0.6414937720685099]], "T": [0.028594470299650697, 0.11731956656653163, 0.22168274535222277], "aligned_model": [[0.1289060896528558, 0.3957534593957407, -0.5733785093936017, -0.37392711419852775, -0.5005648433935673, -0.13496309098634882, -0.7768360680960263, -0.2859295219660115, -0.2859295219660115, 0.2267144507782566, 0.68561184947088, 0.2839152085983889, 0.5990199809567092, -0.0169002677244326], [-0.5536099165770985, -0.2228876594488604, -0.3385612682574366, -0.3262237282611762, 0.08670797411270018, 0.019340350849234147, 0.34866710411243523, 0.6226457059413486, 0.6226457059413486, 0.017938913550636218, 0.4704612219092999, 0.6518080720119562, -0.2678989259978692, 0.1042397819235164], [0.10321428314543524, -0.3816164296785556, 0.28042157602196327, -0.24632287564905442, 0.7200238360061684, -0.6023199203432151, 0.02194240750929194, 0.2696052908898813, 0.2696052908898813, 0.691789249070787, 0.4692238331968318, -0.07564017482756846, 0.29336240785756235, 0.08429931309042457]], "inverted": false, "swapped": true, "error_lsq": 0.058914669371541474, "error_max": 0.44253332300031667, "target": "972.xyz", "model": "0.xyz", "model_rescale": 3.8414455957264533, "target_rescale": 3.882221070901733},
{"mapping": [8, 7, 13, 5, 9, 6, 0, 11, 2, 10, 1, 4, 1, 12, 14], "R": [[0.4005678046573082, -0.7911220836227811, -0.46224591147610405], [0.9048555938702875, 0.4209228090847675, 0.06372082103863709], [0.14415889883622957, -0.4437903081372305, 0.8844593683656633]], "T": [0.0409774982150648, 0.005540970289386915, -0.1270963673009048], "aligned_model": [[0.2637791969608872, 0.2636809218931327, 0.7661894970438671, -0.6115977645257578, 0.29220962291022456, -0.5078995034838246, 0.5074828875668838, 0.5834998365174887, -0.47349220103176237, -0.33502833011256694, 0.061302745181076645, -0.13032641762190295, 0.061302745181076645, 0.27461755516899466, 0.023183481534943748], [-0.7506782463279987, 0.2857247215222149, -0.2131495952982387, -0.006274601132422038, -0.2809290343495628, -0.4585878085873789, 0.5596031738670226, 0.05266834352486469, 0.17320310511767098, -0.3777135701459605, 0.525648790660355, 0.5096076312066321, 0.525648790660355, -0.4280070445293408, 0.02939095670383072], [-0.07423525725642761, -0.660814694475726, -0.1600962751345283, -0.03583463537992809, -0.6930707801119057, -0.43262163206315357, -0.1571823404373908, 0.5284293188966448, -0.6289081494664217, 0.2973054172261307, 0.5639699324804356, -0.23840227288929142, 0.5639699324804356, 0.4557741041594169, -0.0423700420778262]], "inverted": true, "swapped": false, "error_lsq": 0.05763501091537205, "error_max": 0.3607343395559494, "target": "972.xyz", "model": "1.xyz", "model_rescale": 4.316132596720782, "target_rescale": 3.882221070901733},
{"mapping": [1, 0, 2, 11, 6, 8, 12, 3, 13, 5, 9, 14], "R": [[0.07295354144290789, -0.9476236001036323, 0.31094580447011855], [-0.7389143605906103, 0.1580415456441604, 0.6550026240889226], [-0.6698383002664954, -0.27754708137005524, -0.6886829961012954]], "T": [-0.04133876140029107, 0.07532395852097944, -0.07615819782145769], "aligned_model": [[-0.2413389739006219, 0.561499726988004, 0.2176386487365557, -0.5877062761225246, -0.5190885471643758, -0.5773455028373442, -0.0667514269392388, -0.05167465700308653, 0.5173386616643102, 0.18142699724959302, 0.24756910447170205, -0.08375920051119251], [-0.7402975022641894, -0.23924364783253677, -0.6016881536655133, 0.27241987912422067, -0.04703590217515853, -0.04706508958912105, 0.4188017324108228, 0.5404266836259833, 0.028879345141570464, -0.0068480158913860195, 0.4941432378596665, -0.05971613900337845], [0.024305444089821687, 0.03282137281917559, -0.3746575705034856, 0.06244972458850842, -0.5189344024844093, 0.5870566481426895, -0.7825820583446124, 0.4831834829578209, -0.48191546403460717, 0.6430582073469276, -0.1822280898206237, -0.043298833547784604]], "inverted": false, "swapped": true, "error_lsq": 0.046018099826662405, "error_max": 0.21383211830188378, "target": "972.xyz", "model": "2.xyz", "model_rescale": 3.795458400668931, "target_rescale": 3.882221070901733},
{"mapping": [8, 4, 5, 13, 11, 9, 0, 6, 2, 12, 3, 14], "R": [[0.5886937926834027, 0.6514125750267704, 0.47864525021462745], [-0.7429200510198949, 0.2026168770110901, 0.6379782119656358], [0.31860542407282993, -0.7311689669613074, 0.6032267612632145]], "T": [0.11894904488465569, 0.06331250348880045, 0.05399218275321496], "aligned_model": [[-0.2507564405942689, -0.3538122118925044, -0.6250380062068093, 0.2491984793957895, 0.2223765971828937, 0.08422197097128725, -0.23033871680687062, 0.725112718772581, 0.29136662982445716, 0.7625433651255797, -0.3913424957968173, 0.10977193576824734], [-0.031950694588679676, -0.5217452514982674, -0.027955175936046198, -0.010624524966158969, 0.28659551755635926, 0.46761823790579915, -0.2795042883846971, -0.03695938412806973, -0.6259171572744741, 0.40617374560682146, 0.5295150837635784, -0.06947706276645542], [-0.7182636135794221, -0.055496442602602364, -0.05464727863006438, 0.7296288638708222, -0.49008856150401214, 0.3787368041900422, 0.5384695048317294, -0.19456105044920735, 0.3852794080240314, 0.3470620977043489, -0.17305008016069495, -0.0042982210558707296]], "inverted": false, "swapped": true, "error_lsq": 0.049297395341970064, "error_max": 0.2411806917182228, "target": "972.xyz", "model": "3.xyz", "model_rescale": 3.7530521520055578, "target_rescale": 3.882221070901733},
{"mapping": [0, 3, 9, 10, 13, 8, 2, 4, 1, 6, 14], "R": [[-0.12223753998921377, -0.5628408205462287, -0.8174767241605313], [0.32145728193350187, -0.8017070716788627, 0.5039156547598298], [-0.9390011713034817, -0.20118643579265189, 0.2789279805679931]], "T": [0.03060413363949125, -0.04622203514047572, -0.0794592119975831], "aligned_model": [[-0.3876193411352737, -0.16627666444884284, 0.2611785228246538, 0.7664795301757417, 0.17985764494082293, -0.42118985282906024, -0.1618420022364581, -0.6936465493691607, -0.4314302841915393, 0.44906511631607776, -0.056376517601755986], [-0.5865156826424587, 0.1694759831353797, -0.3394929748851562, 0.3012138846114557, -0.7107836203750585, 0.6787611260649865, -0.41420051033340155, -0.02761777991648999, 0.14802572296751776, 0.24813657351668794, 0.0002006361708834642], [0.006653902465932199, -0.7457945688194844, -0.4413373304993276, -0.2857199101287183, 0.043006346563002396, -0.19089460866265004, 0.5854264180780515, 0.15053724778255423, 0.6018068159600328, 0.3418613028242082, 0.027285161681715575]], "inverted": true, "swapped": true, "error_lsq": 0.04625429494268197, "error_max": 0.2281151873375821, "target": "972.xyz", "model": "4.xyz", "model_rescale": 3.7855080009869324, "target_rescale": 3.882221070901733},
{"mapping": [14, 11, 12, 10, 13, 15, 4, 1, 8, 3, 5, 7, 0, 2, 16], "R": [[-0.44871215483579224, -0.7863062402461231, 0.42471154758568397], [-0.8864935577565981, 0.45176148975055713, -0.10020343524254446], [-0.11307773502626219, -0.42146655018917445, -0.8997662879398]], "T": [0.05097172382007653, -0.00017781409895960623, -0.09384881795712983], "aligned_model": [[0.13190904869165485, 0.7060134129299015, 0.6144110234411702, -0.6721531325398037, 0.2231357737186294, -0.46309919959613144, 0.31318595306582453, 0.7282584336254052, -0.37676598454600385, -0.200225650905536, -0.28718695278535245, -0.29321087745066277, 0.31796188202590536, 0.24727574134927663, 0.04939480215848387], [-0.6718522473310057, 0.126883717790575, -0.34318931033904393, 0.06384898817467859, -0.1810553618019283, -0.5161039353515186, 0.6713944658501197, 0.14852391013512098, 0.04889958626546276, -0.14781902093155594, 0.46423490072580575, 0.6630660569787289, 0.31011622205601846, -0.4385977448298636, -0.05219461449955114], [-0.09378784327678383, -0.5265288162727121, -0.261014999045839, -0.03095776311306124, -0.7739300568800158, -0.47968483207861257, 0.07118195084190905, 0.20991827854980583, -0.6505729287865644, 0.5366419102659069, 0.47630272712966515, -0.14876126041144527, 0.5701600297763874, 0.467433984753319, -0.08048775550149487]], "inverted": false, "swapped": false, "error_lsq": 0.041661924553360576, "error_max": 0.26155414318765574, "target": "972.xyz", "model": "5.xyz", "model_rescale": 4.2253639853439635, "target_rescale": 3.882221070901733},
{"mapping": [8, 6, 2, 4, 1, 13, 0, 5, 12, 11, 7, 9, 3, 14], "R": [[0.8906491259139163, -0.046512600771046034, 0.452305994298429], [0.3632164992066448, -0.5256346584204307, -0.7692736707903807], [0.27352862594771804, 0.8494379222972981, -0.45126190505116087]], "T": [0.06948588731891547, 0.07770275151838815, 0.0661630005588572], "aligned_model": [[0.7518323856838554, -0.252760962723059, -0.5123439741328574, 0.24624533713986718, -0.09177198563295852, -0.45038513943604397, -0.09962315476817357, 0.6273501687502652, -0.4297300863348918, 0.4027581422677956, -0.6786629942349774, 0.057024917041198664, 0.7444936660108729, 0.0596358331268906], [-0.1607641740243668, 0.30084020574949927, -0.4462164040405884, -0.6605358169715124, -0.6062845569640165, 0.05397133641949328, -0.4105277368718099, -0.3671321132249755, 0.6841857730990699, 0.34228758302076234, 0.1192122082345515, 0.39934138835987676, 0.2366240194218331, -0.03990256557282605], [-0.40252988338733964, -0.46828456925526313, 0.02744213717296831, 0.026876176364080615, -0.4044628124663328, 0.5223290445789958, 0.5214395000148885, 0.32024653147114784, 0.0910469637842286, -0.35276526327296553, -0.15156049922564102, 0.47423343223418496, 0.2861607751119474, -0.01861332419345124]], "inverted": true, "swapped": true, "error_lsq": 0.04519298836500679, "error_max": 0.29951869512659224, "target": "972.xyz", "model": "6.xyz", "model_rescale": 3.89814844738969, "target_rescale": 3.882221070901733},
{"mapping": [9, 13, 0, 10, 5, 2, 6, 3, 11, 1, 4, 8, 14], "R": [[0.6179679117258765, 0.7807173585918483, 0.09271497220258895], [-0.6714661992897826, 0.462757488657894, 0.5787820400654926], [0.40896063782287617, -0.4199236986458452, 0.8101945963946564]], "T": [-0.0903165398155246, -0.017490869694876537, -0.12272721526533682], "aligned_model": [[0.14254114943453405, -0.01273067059714042, 0.3010825089752962, -0.5104966578043728, 0.535111770976587, -0.30965368933847903, -0.7492984636830805, 0.4179954322248365, -0.30417963336796977, -0.375995763227409, 0.1668173163646425, -0.02001670918950088, -0.13254478986372134], [-0.3340423233257618, 0.1670212884116123, 0.4746576795187726, -0.74363204188302, 0.1845161273159192, 0.6811664400441855, -0.08257978105413258, -0.41855542667039947, -0.3617342959272317, 0.7022948160960677, 0.6096141329533015, -0.015018715257685639, 0.10007336524885829], [-0.46287518227160623, -0.7851864371404261, -0.40351211332579695, -0.15331250020604337, 0.25367902178105695, -0.4025231281863272, -0.09490962448510076, 0.2090206584482227, 0.3158334532048118, 0.21731299335833587, 0.2213731150481929, 0.7358693489817508, -0.04849457437077469]], "inverted": true, "swapped": true, "error_lsq": 0.05093186043571795, "error_max": 0.2573428415394671, "target": "972.xyz", "model": "7.xyz", "model_rescale": 3.7474275329858107, "target_rescale": 3.882221070901733},
{"mapping": [3, 9, 5, 1, 8, 2, 11, 7, 4, 0, 12, 12, 10, 6, 14], "R": [[-0.49497556363495526, -0.4041303055610389, 0.7692060111123679], [0.279269728787792, 0.7642958148217563, 0.5812575384704624], [-0.8228047216606452, 0.502524231826774, -0.2654463908962774]], "T": [0.0154250374846093, 0.06685800353765299, -0.06405915999828651], "aligned_model": [[0.08429113117822076, 0.6661957431293393, 0.5898762920902344, -0.6880770220459868, 0.17109259542886227, -0.5419744416904544, 0.3568469623736029, 0.6559335381448511, -0.23406975185751197, -0.17756712938282113, -0.24534354003371098, -0.24534354003371098, 0.256336372002381, 0.4228044999123225, -0.03209743603285678], [-0.6468239773203107, 0.25681715317083287, -0.34506754449301186, -0.13297518554657756, -0.22611678006157215, -0.3779335528134871, 0.5848080821922189, 0.11160029555359037, 0.1256523173395208, -0.3085998774528443, 0.5888826760432687, 0.5888826760432687, 0.28512150524950836, -0.43180081967170686, 0.07370864465934551], [-0.07113223024027247, -0.4115551315342141, -0.179577829413873, 0.10901125580547985, -0.6599985054313467, -0.5113351238773493, -0.02357779617873884, 0.1631513587088083, -0.8033300336306947, 0.4419039224068443, 0.13627208837258592, 0.13627208837258592, 0.6212043896011414, 0.4382549349914008, -0.09965076200189274]], "inverted": false, "swapped": false, "error_lsq": 0.05194648055091377, "error_max": 0.3686437966294452, "target": "972.xyz", "model": "8.xyz", "model_rescale": 4.019505241142653, "target_rescale": 3.882221070901733},
{"mapping": [13, 9, 0, 2, 7, 1, 5, 12, 6, 11, 3, 11, 14], "R": [[0.5475705197004179, 0.23386323195174516, -0.8034142858426769], [-0.7845090166288337, -0.19049033805645504, -0.5901347591315038], [-0.291053480967115, 0.9534261480829138, 0.079160920716623]], "T": [-0.026649912494692243, 0.005504326038573967, 0.03784055232321762], "aligned_model": [[-0.27553739204657357, -0.5385848997887498, 0.007674248099516737, 0.4304775030477857, 0.1841990074115954, 0.8009369120752203, 0.03814332241819711, -0.40862009430282753, 0.23502368571804955, 0.0497739533998634, -0.36991967475174564, 0.0497739533998634, 0.11636024706098101], [-0.43529290720619085, -0.048064867630965194, 0.02523556407126562, -0.4144272777965731, -0.745453968782431, -0.01649591598356777, 0.6869621132987419, -0.6326368846489744, -0.4217124953813973, 0.20703908787596909, 0.6327854912770297, 0.20703908787596909, 0.01840120114518313], [-0.4340379764581914, -0.034139139055878925, -0.6496738832426711, -0.4409167437672592, 0.01644712483945653, -0.13521271343286034, -0.28629857669550884, 0.2918721072022211, 0.4717533041721903, 0.5947243388620895, 0.17191031607355917, 0.5947243388620895, 0.015550996684642594]], "inverted": false, "swapped": true, "error_lsq": 0.05871490978253592, "error_max": 0.3449019099268935, "target": "972.xyz", "model": "9.xyz", "model_rescale": 3.877068213659057, "target_rescale": 3.882221070901733},
{"mapping": [8, 12, 11, 4, 0, 1, 6, 10, 5, 2, 13, 3, 14, 9, 15], "R": [[-0.4058418556604139, -0.9139404965123548, -0.0022709092588736324], [-0.71673848191497, 0.3198126336627422, -0.619682037735422], [0.5670787747185888, -0.24986526005919857, -0.7848496767402104]], "T": [0.026249707822537785, 0.030894436099059598, -0.006071141159085601], "aligned_model": [[0.12691979029067177, 0.4081063443028748, 0.6595148171721857, -0.6496722830111281, 0.27126975260003344, -0.43090151738124377, 0.2792828318401373, 0.6887570027381184, -0.2548738280496008, -0.27474228820613616, -0.16492328375768933, -0.29363250803532337, 0.330086983082269, 0.28705997078347967, 0.056652488814112195], [-0.7339835028658354, 0.2866843260380195, -0.27011295027609067, 0.06579037499525503, -0.3328927811216753, -0.41921789685631544, 0.5928224432284706, 0.1365408966230479, 0.11425404985926632, -0.17206953332067054, 0.5398363272967952, 0.5132004420734929, 0.17411113466907022, -0.34254171632116054, -0.006266001129626386], [0.00618482835668286, -0.5950976745974939, -0.23634300416384615, -0.007625329364340365, -0.6704430805709015, -0.5902956315902771, -0.028780788411092682, 0.2244363186383604, -0.7306511399273549, 0.5494149553307964, 0.5435373873755521, -0.2664893189176277, 0.6986936664555073, 0.47159898633422903, -0.08222754899772955]], "inverted": true, "swapped": false, "error_lsq": 0.039258472087550185, "error_max": 0.2866314306704355, "target": "972.xyz", "model": "10.xyz", "model_rescale": 4.260839863003843, "target_rescale": 3.882221070901733},
{"mapping": [12, 2, 1, 6, 8, 11, 10, 9, 0, 5, 3, 14], "R": [[-0.02002943384780137, -0.5344517509446666, 0.8449616249818194], [-0.894960133601788, 0.3863315862871084, 0.22314628542809392], [-0.4456962878948022, -0.7517374750197483, -0.48605101338000206]], "T": [0.08185078798813186, -0.006190952504832882, -0.02897750569713993], "aligned_model": [[0.5253206437407293, 0.07856461029054757, -0.5084937595366219, -0.1580942933857943, -0.6675260860338328, -0.30049972721288487, 0.14709035206857343, 0.550840827240222, 0.3466987956551365, -0.08906283297153761, 0.06391372214670366, -0.0298536029071107], [0.062146265020384825, -0.7890022140361094, -0.6081569487847951, -0.08943015809813921, 0.30609594833780207, 0.4097051214180268, 0.5461904040444898, 0.21706290097774894, -0.46072844111264677, 0.08530951865010249, 0.5908800010924291, -0.09699389197635983], [-0.6742076717481666, -0.07035750516451869, 0.037818079262154566, -0.6411581598341276, 0.25920200452814085, -0.22240697200996618, -0.6577751117438881, -0.010695665398573542, 0.41542633446538796, 0.7031872653878248, 0.38632362545284565, -0.009178145801608167]], "inverted": false, "swapped": true, "error_lsq": 0.05450933986734494, "error_max": 0.2844775989136546, "target": "972.xyz", "model": "11.xyz", "model_rescale": 3.890672605050136, "target_rescale": 3.882221070901733},
{"mapping": [12, 10, 11, 7, 6, 0, 9, 2, 13, 5, 8, 3, 4, 14], "R": [[-0.5947340142292632, -0.8037985543297498, -0.014118653482227683], [0.6829464780805178, -0.5144243051833752, 0.518605574896779], [-0.42411738987709946, 0.2987900906891095, 0.8548970238045225]], "T": [0.05794685059591621, 0.014465227793943006, 0.08053530000830506], "aligned_model": [[0.41784346064169686, 0.4601211684058621, 0.30076692052437765, 0.6227575872764944, 0.7155950448363383, -0.34584933951158003, -0.2083360521536497, 0.2667216145051052, -0.07071318331122793, -0.5301403887370547, 0.05910330146631622, -0.42873355724797707, -0.15769282052539024, 0.10843207862438234], [-0.3578055014977889, 0.2455746560860272, 0.5377946277890782, -0.5236203975606872, 0.020596421959300983, -0.4109006487305764, -0.15548223489901175, -0.5337060475668528, -0.6598473580914551, 0.32181401738510806, 0.8043361219591181, 0.5120066736168759, 0.09847116645916167, 0.0329210229194668], [-0.5106891832742391, -0.6191875332645618, -0.07354640545235414, 0.09802809402988683, -0.001494095901660164, 0.4414453674897761, -0.3321866903492399, 0.6005717653873683, -0.007018434523095363, 0.4456916699918923, 0.4243940952173311, -0.13132593241595963, 0.8045698821727241, 0.21553783624899275]], "inverted": true, "swapped": true, "error_lsq": 0.051916294070645415, "error_max": 0.3034427632284709, "target": "972.xyz", "model": "12.xyz", "model_rescale": 4.124412569039231, "target_rescale": 3.882221070901733},
{"mapping": [6, 1, 8, 7, 11, 10, 2, 9, 4, 13, 3, 5, 14], "R": [[0.9545086650206537, -0.1407919966458804, 0.26285133075743883], [-0.1624070982995592, 0.49381778684090544, 0.8542645537662603], [-0.250074274611379, -0.8580918407023905, 0.44848773684190746]], "T": [0.11811454112804384, 0.028792562239226174, -0.09579860608818924], "aligned_model": [[-0.15973204298897206, -0.1994171529181761, 0.7209657623512246, -0.6076683806131157, 0.4914715082330148, 0.2881918629961229, -0.564860209656268, 0.18556931172474386, 0.12835645399986947, -0.3838057549538405, 0.8163880931976698, 0.5709691644489961, 0.08086969168848873], [-0.2538395344841882, 0.6658130209796053, 0.41564713666369385, -0.1731076821313806, -0.15207848363247484, -0.7412553293390742, 0.4131072763035897, -0.29202812748048096, 0.7881873819094537, -0.06655377083585622, 0.019103525001139238, 0.5822163494087029, 0.1422736141457479], [0.43541503673282067, 0.36104923954744783, 0.3827932672100268, 0.10749612615437948, 0.33369721356137516, 0.1920689718305365, -0.07671288250477412, -0.49910011199750204, -0.06420505071556509, -0.5625979391950863, -0.2997855187381617, -0.3453859775652971, -0.013034293352361337]], "inverted": true, "swapped": true, "error_lsq": 0.04788615958167624, "error_max": 0.2611144166033488, "target": "972.xyz", "model": "13.xyz", "model_rescale": 3.9028299243045295, "target_rescale": 3.882221070901733},
{"mapping": [4, 8, 5, 6, 0, 3, 12, 13, 2, 9, 11, 1, 14, 10, 15], "R": [[0.9236428233956733, -0.2141576704214369, 0.3178371076342918], [0.3474328885548268, 0.8179604166077028, -0.4585096998029622], [-0.16178480379849786, 0.533926258075604, 0.8299086866621322]], "T": [0.04002033947864149, -0.020591348472379423, -0.0902028138678849], "aligned_model": [[0.2533117340583848, 0.5027915474638401, 0.5410187866821857, -0.623647833440209, 0.1239961370461499, -0.3358146248959426, 0.41267148936362974, 0.7250720741211322, -0.1943987931688358, -0.4055004651663061, -0.12052772346472711, -0.3763594268127539, 0.23523161157959066, 0.32485953101820403, -0.023799771201581818], [-0.6571995112105309, 0.17939425230348136, -0.09904788794769726, -0.018982835878531765, -0.42964561561984077, -0.4408774867688233, 0.5659178150647213, 0.14823433559613416, 0.25906759152708486, -0.05478378127682623, 0.5386402914259264, 0.4781604513650737, 0.1857118622138494, -0.45350548551838366, -0.05492838238359382], [-0.1829395488551166, -0.6753145366182172, -0.16053744949179374, -0.027351949187856966, -0.8063306524526469, -0.3562800333880245, -0.05307586223847405, 0.2770210430060208, -0.7297247580441304, 0.5431908604225156, 0.36514428534293664, -0.09876366223881247, 0.7478796386916681, 0.44533858225175793, -0.0023433312493619796]], "inverted": false, "swapped": false, "error_lsq": 0.04051189298342449, "error_max": 0.24870134480657222, "target": "972.xyz", "model": "14.xyz", "model_rescale": 3.942246331269136, "target_rescale": 3.882221070901733},
{"mapping": [8, 9, 7, 13, 6, 11, 5, 2, 10, 12, 3, 4, 1, 0, 14], "R": [[-0.23616348814326077, 0.5390400351205207, -0.8084940614533145], [0.7752757615109731, -0.39707698366719957, -0.4911999212696799], [-0.5858108060471308, -0.7428093359530605, -0.3241295881887129]], "T": [0.01774927539067521, 0.04601403193874707, -0.09556648769114609], "aligned_model": [[0.0813122719841982, 0.5790612608264785, 0.7295767385278045, -0.729853407261044, 0.1647195974127731, -0.41849711342181956, 0.39822109637354625, 0.7436590418056974, -0.13100258028906958, -0.37108806440213987, -0.21881559730488476, -0.47143782656027816, 0.13717348276603125, 0.479193352120902, 0.06668202060456546], [-0.7251955843926077, 0.2512615958221159, -0.3841719964165957, -0.19926843295718924, -0.2818567089287934, -0.3384184189085736, 0.4953712918447313, 0.07604028307798824, 0.3852787186401201, -0.04818678058909378, 0.5945968124129453, 0.3353422361122419, 0.30319036536570454, -0.33754714650013984, 0.019719378309189687], [-0.08953329368732041, -0.6349778322681958, -0.29360979573424595, 0.10902233852339327, -0.5241570744591151, -0.5151040946349457, 0.14128537444398312, 0.13853040230378189, -0.7052982925303012, 0.6171803034378566, 0.3039856671952692, -0.23926459650672094, 0.6635380031389723, 0.3294837085368034, -0.015168191808750536]], "inverted": false, "swapped": false, "error_lsq": 0.04933362316120441, "error_max": 0.28027502554869477, "target": "972.xyz", "model": "15.xyz", "model_rescale": 4.355366556412066, "target_rescale": 3.882221070901733},
{"mapping": [1, 0, 2, 11, 6, 8, 12, 3, 13, 5, 9, 14], "R": [[0.07295354144290789, -0.9476236001036323, 0.31094580447011855], [-0.7389143605906103, 0.1580415456441604, 0.6550026240889226], [-0.6698383002664954, -0.27754708137005524, -0.6886829961012954]], "T": [-0.04133876140029107, 0.07532395852097944, -0.07615819782145769], "aligned_model": [[-0.2413389739006219, 0.561499726988004, 0.2176386487365557, -0.5877062761225246, -0.5190885471643758, -0.5773455028373442, -0.0667514269392388, -0.05167465700308653, 0.5173386616643102, 0.18142699724959302, 0.24756910447170205, -0.08375920051119251], [-0.7402975022641894, -0.23924364783253677, -0.6016881536655133, 0.27241987912422067, -0.04703590217515853, -0.04706508958912105, 0.4188017324108228, 0.5404266836259833, 0.028879345141570464, -0.0068480158913860195, 0.4941432378596665, -0.05971613900337845], [0.024305444089821687, 0.03282137281917559, -0.3746575705034856, 0.06244972458850842, -0.5189344024844093, 0.5870566481426895, -0.7825820583446124, 0.4831834829578209, -0.48191546403460717, 0.6430582073469276, -0.1822280898206237, -0.043298833547784604]], "inverted": false, "swapped": true, "error_lsq": 0.046018099826662405, "error_max": 0.21383211830188378, "target": "972.xyz", "model": "16.xyz", "model_rescale": 3.795458400668931, "target_rescale": 3.882221070901733},
{"mapping": [9, 13, 0, 10, 5, 2, 6, 3, 11, 1, 4, 8, 14], "R": [[0.6179679117258765, 0.7807173585918483, 0.09271497220258895], [-0.6714661992897826, 0.462757488657894, 0.5787820400654926], [0.40896063782287617, -0.4199236986458452, 0.8101945963946564]], "T": [-0.0903165398155246, -0.017490869694876537, -0.12272721526533682], "aligned_model": [[0.14254114943453405, -0.01273067059714042, 0.3010825089752962, -0.5104966578043728, 0.535111770976587, -0.30965368933847903, -0.7492984636830805, 0.4179954322248365, -0.30417963336796977, -0.375995763227409, 0.1668173163646425, -0.02001670918950088, -0.13254478986372134], [-0.3340423233257618, 0.1670212884116123, 0.4746576795187726, -0.74363204188302, 0.1845161273159192, 0.6811664400441855, -0.08257978105413258, -0.41855542667039947, -0.3617342959272317, 0.7022948160960677, 0.6096141329533015, -0.015018715257685639, 0.10007336524885829], [-0.46287518227160623, -0.7851864371404261, -0.40351211332579695, -0.15331250020604337, 0.25367902178105695, -0.4025231281863272, -0.09490962448510076, 0.2090206584482227, 0.3158334532048118, 0.21731299335833587, 0.2213731150481929, 0.7358693489817508, -0.04849457437077469]], "inverted": true, "swapped": true, "error_lsq": 0.05093186043571795, "error_max": 0.2573428415394671, "target": "972.xyz", "model": "17.xyz", "model_rescale": 3.7474275329858107, "target_rescale": 3.882221070901733},
{"mapping": [8, 6, 11, 1, 5, 0, 3, 12, 4, 9, 2, 7, 13, 14], "R": [[0.8879322656982022, -0.4475283516503741, -0.10627636614580314], [-0.34119935266156587, -0.48587683541975196, -0.8046780117201017], [0.3084789997315637, 0.7507609974363257, -0.5841221032053381]], "T": [0.13442569542316457, 0.010137428063329179, 0.07374115691698718], "aligned_model": [[0.5448138979341759, 0.07879465357735058, 0.5955257202513677, -0.3840868069216911, 0.253234230768605, -0.347590826623274, 0.7318315447719423, 0.13885880909778942, -0.19920130999891966, 0.2941533293517484, -0.6414392282893417, -0.3908563510256103, -0.31845707902887516, 0.05926706401760885], [-0.5421219148220059, 0.46191623858180036, 0.05353680718122482, -0.33186481730332096, -0.7199812273549305, -0.31222558792123634, -0.33758807620619924, 0.7838546206084555, -0.6523362119677313, 0.2012366147498974, -0.0020943227031102185, 0.5551518492510831, 0.2625747397527794, -0.05965047033547259], [-0.4446480591226129, -0.4079938888006766, -0.30319342654890824, -0.5002890206136317, 0.23640748720178667, 0.44520545838601394, 0.30064139124777994, 0.21157986304044873, -0.09240708767026051, 0.5299169448589931, -0.037616729762597584, -0.11570899141123975, 0.5320959545470123, -0.029195176690452268]], "inverted": true, "swapped": true, "error_lsq": 0.041615522948176296, "error_max": 0.2842048930043372, "target": "972.xyz", "model": "18.xyz", "model_rescale": 3.922800546911778, "target_rescale": 3.882221070901733},
{"mapping": [13, 6, 8, 9, 4, 11, 1, 5, 10, 3, 0, 2, 0, 12, 14], "R": [[0.8903196808762637, 0.45104826441675605, -0.06234042838335639], [0.057356709796022615, 0.024726623937965146, 0.9980474948167575], [0.4517090586713566, -0.8921569689439537, -0.0038560444725550293]], "T": [0.12486638675113752, -0.05742033345251861, -0.08071734874353986], "aligned_model": [[0.20078405418030276, 0.4068990620768542, 0.7104164786367352, -0.679418205649273, 0.1532826061416006, -0.3283755642769714, 0.39590678118269235, 0.6175352534884099, -0.32768262586280167, -0.18441928296775134, 0.059940296614939964, -0.362069387980873, 0.059940296614939964, 0.26544338458717487, 0.05072112639678168], [-0.7230023576398139, 0.21933874676714743, -0.18935415264634664, 0.06774152499993093, -0.30047398672489956, -0.48012914069691426, 0.6290245276330828, 0.07941789538156492, 0.14647804114391894, -0.04176285440854346, 0.4608299035055686, 0.4672737348130428, 0.4608299035055686, -0.5435247092103248, -0.10653146353093937], [-0.23254232584231213, -0.646075424194572, -0.19952480333843184, -0.06643485837882196, -0.7618814840286173, -0.4316199148143203, -0.1382810631077326, 0.48592751981442905, -0.7165046490904292, 0.47896690281409604, 0.5716965769120909, -0.10752497454026642, 0.5716965769120909, 0.5214077944908493, -0.04339324765758802]], "inverted": true, "swapped": false, "error_lsq": 0.04947631279964076, "error_max": 0.3460610891896556, "target": "972.xyz", "model": "19.xyz", "model_rescale": 3.9282355846067225, "target_rescale": 3.882221070901733},
{"mapping": [1, 4, 0, 8, 11, 5, 3, 9, 10, 12, 2, 6, 13, 14], "R": [[0.090533671617818, 0.8534367413843456, -0.5132732047931852], [0.5820943028909391, -0.4635330312266688, -0.6680593921978255], [-0.8080655151937304, -0.23829153870225034, -0.5387460122707223]], "T": [0.0033122261925606147, -0.04395442339998204, 0.04889325858390932], "aligned_model": [[-0.4134180982621382, -0.053637219240992066, 0.4926104751068271, -0.5821297241391077, -0.47704121005939354, 0.1552585302861768, 0.08681191302182739, 0.3994340014318034, -0.28453388530795076, 0.11053647117769516, 0.08750260336844184, -0.4641911781634175, 0.5508637507161785, -0.07554361085127376], [-0.776594781714516, -0.7198950845288493, -0.5267884484989266, -0.14411966349371616, 0.2636449957420367, -0.3253080326635266, 0.28530796708946304, 0.2920673668685744, 0.7066514438100737, 0.4266601131654557, -0.6926014048301248, 0.05984387749743145, -0.16005460429953858, -0.1659316567190004], [0.11893137455100723, -0.2941002179718628, 0.007636784153023948, -0.5750946301922503, -0.12779741134925077, -0.6376936050361913, -0.5944608989402272, 0.06635926394365309, 0.2907676916244297, 0.6691209383138778, 0.4809646049753539, 0.5070788545702039, 0.45586328232741163, 0.044607126274504375]], "inverted": true, "swapped": true, "error_lsq": 0.0515739353713202, "error_max": 0.3342084741116174, "target": "972.xyz", "model": "20.xyz", "model_rescale": 4.067790424073018, "target_rescale": 3.882221070901733},
{"mapping": [11, 9, 12, 5, 10, 13, 0, 3, 1, 6, 4, 8, 2, 3, 14], "R": [[-0.8491961387544166, 0.44684267562202473, 0.28142057701514994], [0.09309680900826042, -0.3978902531359551, 0.9126972831184967], [0.5198066006478461, 0.8012583663852477, 0.2962872393819467]], "T": [0.012160799722636284, 0.06770154028845692, -0.05940138460100158], "aligned_model": [[0.20561861552741623, 0.34448502715070456, 0.6903815735469091, -0.5688189370584357, 0.04513994620983561, -0.380514159806694, 0.4687243671221858, 0.6243908342435462, -0.2793840885453339, -0.22524673496110045, -0.48301298539476345, -0.234053592501564, 0.17486032533635132, 0.6243908342435462, 0.03194324807015729], [-0.5484002362274868, 0.07085027234486979, -0.2051778849765707, 0.1494596955507225, -0.4160417157543195, -0.42477180704251066, 0.5869019463121947, -0.2125652696229332, 0.2599089837186014, -0.2684327916411754, 0.4365052175743812, 0.5736081018972887, 0.3333830489396887, -0.2125652696229332, 0.02349332144222565], [-0.02738688074587242, -0.7619685293065199, -0.28867691342586377, -0.12454944946707135, -0.719849459534813, -0.36501532964354844, 0.10319835964585072, 0.46056968838617723, -0.8019395843548482, 0.5555850185568094, 0.4517338860360048, -0.15216409644067547, 0.6163679043318484, 0.46056968838617723, -0.12056167647319128]], "inverted": true, "swapped": false, "error_lsq": 0.05560449543595517, "error_max": 0.43687727472251076, "target": "972.xyz", "model": "21.xyz", "model_rescale": 4.186013935880536, "target_rescale": 3.882221070901733},
{"mapping": [6, 1, 7, 10, 3, 12, 11, 8, 2, 0, 5, 9, 14], "R": [[-0.2810439600584347, -0.09137634408119857, -0.9553348398635043], [-0.4881854552670304, 0.8706515270537234, 0.06033970255761861], [0.8262501157521221, 0.4833386826867616, -0.2892999551300186]], "T": [0.020356626405164405, 0.0007799280226314029, 0.08874994157489598], "aligned_model": [[0.24298386126737453, -0.46616848006369593, 0.4957620029007546, 0.48171856259080753, -0.26835170462588076, 0.7787236091209182, -0.14139197778980023, -0.7343977250710296, 0.04750452024752712, -0.07144252782274124, -0.5905567175633587, 0.360677661498535, -0.07648704926618528], [-0.3162324482357619, 0.26667980056554563, 0.18165262936665397, -0.7005776179917343, -0.28257811063135363, -0.17441033362731875, -0.5712875755972431, -0.4137098090854605, 0.5960192827614984, 0.6727272887520921, 0.201018807689454, 0.023396861952724255, 0.03625788362699689], [-0.4490305232242154, -0.5499377553449005, -0.5029662912878036, 0.09199796290165878, 0.6934368134502792, -0.020086390558172892, 0.03260210492821849, 0.06266614142372127, -0.4206317197851786, 0.208346047523355, 0.48917263236550557, 0.48092111985012326, -0.013610580907244693]], "inverted": true, "swapped": true, "error_lsq": 0.06564473829114802, "error_max": 0.5300963982259683, "target": "972.xyz", "model": "22.xyz", "model_rescale": 4.166573947596378, "target_rescale": 3.882221070901733},
{"mapping": [1, 7, 5, 3, 0, 4, 10, 13, 8, 12, 14, 9, 14, 6, 15], "R": [[-0.5819882981524516, 0.7905387452459771, 0.19062558348377334], [0.013908331598924184, -0.22470412198345102, 0.9743277764057539], [0.813078212182412, 0.5696986482593778, 0.11978009453031102]], "T": [-0.0940648849455911, -0.03663007994889191, -0.012117950354218497], "aligned_model": [[0.18404311698428466, 0.45460241836890486, 0.7040855312988217, -0.6700681055976788, 0.2342754668091232, -0.3695266755137623, 0.3701699283650618, 0.6696090085029307, -0.33057962384070844, -0.13882851048215444, 0.1396647117213739, -0.45319795044636785, 0.1396647117213739, 0.1558600662392967, -0.05086982094773882], [-0.664215141896737, 0.14842702151817372, -0.2599558676546352, -0.14896864616248215, -0.3374959714561772, -0.37739384644044244, 0.546610554570733, 0.25865701661933754, 0.2800373182814105, -0.054979924158146565, 0.5146331705053765, 0.4435887509552728, 0.5146331705053765, -0.6287106893582296, -0.08871130293678692], [-0.20419082753793963, -0.4317698383762108, -0.07648787186904776, -0.14260545303382877, -0.6965360181863961, -0.6019097532372889, -0.08462749082750332, 0.2033370425357701, -0.717711089071292, 0.6413656808681215, 0.5050445652641684, 0.017250093352267307, 0.5050445652641684, 0.395418186330079, -0.025709165524602687]], "inverted": false, "swapped": false, "error_lsq": 0.05436716737978296, "error_max": 0.3810251125088648, "target": "972.xyz", "model": "23.xyz", "model_rescale": 4.274766983524099, "target_rescale": 3.882221070901733},
{"mapping": [8, 5, 3, 11, 9, 12, 6, 2, 1, 0, 14], "R": [[-0.3915117878956254, 0.2137215682122389, 0.8950092799628796], [0.4105516103342859, 0.9110468769254014, -0.03796002234453266], [-0.8235082848342788, 0.35258570493622404, -0.4444293256344933]], "T": [-0.15709195028534573, 0.09802502327048745, 0.0814638331095347], "aligned_model": [[0.2537050132350937, 0.2044677295847639, -0.3482662502672159, -0.2532113884059932, -0.5954193813889277, -0.7602859750321759, -0.2063392575370575, 0.32287831144964285, 0.635534113775989, 0.14554301745435183, -0.018711228910396005], [-0.04479987772240221, 0.6320076336934446, 0.455613743023717, -0.2578990534713077, 0.36615198406817473, -0.2145962718842006, -0.5504536941429116, 0.04241033204683262, -0.17087964606489447, 0.6042533813956419, 0.05377800030138921], [-0.6621645285666926, -0.3157593078668287, -0.5225835044615279, -0.3882760144953583, 0.15959936748878814, 0.476536421083036, 0.20920425941719792, 0.6987580323938896, 0.20297760607315235, 0.43697542869733624, 0.08429867425858484]], "inverted": true, "swapped": true, "error_lsq": 0.054915607185234444, "error_max": 0.3009436475538383, "target": "972.xyz", "model": "24.xyz", "model_rescale": 3.7841303162186577, "target_rescale": 3.882221070901733},
{"mapping": [6, 13, 3, 0, 11, 7, 12, 5, 10, 1, 2, 9, 2, 4, 15], "R": [[0.0715053654908531, -0.3020551307559596, 0.9506049025173497], [-0.8839127524935606, 0.4223931949063473, 0.2007043469286759], [-0.46215281962277077, -0.8546032336007213, -0.236787002248675]], "T": [-0.05723146326966942, 0.0325622122637192, -0.11260725034574684], "aligned_model": [[0.196074935876633, 0.5419779939557843, 0.6864728467876203, -0.7187408965567422, 0.17988360011785248, -0.41262600654796566, 0.496615421548247, 0.66084413071761, -0.5128913094457588, -0.4117912294759248, 0.09768503062621613, -0.10798504037949938, 0.09768503062621613, 0.26634154032895596, -0.020641774996483814], [-0.6439528657258351, 0.17236770760390002, -0.27661629516727265, -0.27692340459215375, -0.32260829997633406, -0.37896373368129743, 0.5501018546781477, 0.21097179297246466, 0.27462989739605476, -0.3036333912321729, 0.42676203228309467, 0.6145990653654301, 0.42676203228309467, -0.3010227316079682, -0.026318047707109195], [-0.09883518995703726, -0.5957246761495616, -0.09487486815648391, -0.023422767484943208, -0.7506181617826562, -0.46918357390401366, -0.08856035584414809, 0.35843012425931475, -0.6948721777410468, 0.44801408547817834, 0.5114123084366041, -0.08436039975780305, 0.5114123084366041, 0.47111009514146973, -0.11401412502401294]], "inverted": false, "swapped": false, "error_lsq": 0.04799569772268191, "error_max": 0.38621898585046344, "target": "972.xyz", "model": "25.xyz", "model_rescale": 4.19342608120988, "target_rescale": 3.882221070901733},
{"mapping": [1, 0, 2, 11, 6, 8, 12, 3, 13, 5, 9, 14], "R": [[0.07295354144290789, -0.9476236001036323, 0.31094580447011855], [-0.7389143605906103, 0.1580415456441604, 0.6550026240889226], [-0.6698383002664954, -0.27754708137005524, -0.6886829961012954]], "T": [-0.04133876140029107, 0.07532395852097944, -0.07615819782145769], "aligned_model": [[-0.2413389739006219, 0.561499726988004, 0.2176386487365557, -0.5877062761225246, -0.5190885471643758, -0.5773455028373442, -0.0667514269392388, -0.05167465700308653, 0.5173386616643102, 0.18142699724959302, 0.24756910447170205, -0.08375920051119251], [-0.7402975022641894, -0.23924364783253677, -0.6016881536655133, 0.27241987912422067, -0.04703590217515853, -0.04706508958912105, 0.4188017324108228, 0.5404266836259833, 0.028879345141570464, -0.0068480158913860195, 0.4941432378596665, -0.05971613900337845], [0.024305444089821687, 0.03282137281917559, -0.3746575705034856, 0.06244972458850842, -0.5189344024844093, 0.5870566481426895, -0.7825820583446124, 0.4831834829578209, -0.48191546403460717, 0.6430582073469276, -0.1822280898206237, -0.043298833547784604]], "inverted": false, "swapped": true, "error_lsq": 0.046018099826662405, "error_max": 0.21383211830188378, "target": "972.xyz", "model": "26.xyz", "model_rescale": 3.795458400668931, "target_rescale": 3.882221070901733},
{"mapping": [12, 6, 10, 9, 5, 2, 7, 13, 1, 11, 0, 4, 14], "R": [[0.42724500219689343, -0.8951023273981047, 0.12748933910046464], [0.5351932798918035, 0.36402520292961194, 0.7622688533520893], [-0.7287179572759482, -0.2574441203806207, 0.634580699064365]], "T": [-0.022666374932448552, 0.02287922139892784, -0.1697329419423749], "aligned_model": [[0.04033807606403786, 0.3150889746411765, 0.5905748019435031, -0.145005132305499, -0.16780017799443686, -0.5511208122152826, -0.20712046885271265, -0.6044062724429149, -0.13100752512488528, 0.5705108678170241, -0.6805510477076104, -0.29981138916013544, -0.030013511841007295], [-0.7297603780262641, -0.426197636670265, -0.4678447916261288, -0.12922193836461693, 0.7595450819219928, -0.14390821387404412, -0.6275365517250466, -0.3306025739727991, 0.23961285945893074, 0.08989486975896438, 0.22245586571717887, 0.5913486820935895, 0.0740962285654232], [-0.3870380913849777, 0.1817195585524081, -0.4662004699773682, -0.6514243694560935, -0.2692751099798252, 0.38473476104050963, 0.21986854115698348, -0.29441588473780134, 0.6405880567660651, -0.15469695923375978, -0.129726826953957, 0.25195017961763033, -0.03394672331038784]], "inverted": true, "swapped": true, "error_lsq": 0.04936460944894113, "error_max": 0.270728489387566, "target": "972.xyz", "model": "27.xyz", "model_rescale": 3.6321398670334006, "target_rescale": 3.882221070901733},
