[{"mapping": [11, 6, 5, 8, 7, 9, 12, 2, 3, 1, 0, 13], "R": [[0.8391846376103731, 0.28628320987370287, 0.46239708881345326], [-0.15072395314987716, -0.694500690736308, 0.7035275975494244], [0.5225432364365851, -0.6600838691493687, -0.5396645733631019]], "T": [0.012682275873150836, -0.028913392139882296, 0.12473709566947098], "aligned_model": [[0.3636552413636309, -0.6010302618440585, -0.27718437366783794, 0.012015687986371329, 0.3406346537209052, 0.5212093897179442, 0.4946104977451453, -0.3727819677200398, -0.4930444901790094, -0.025953538694766173, 0.07475488672125512, 0.10877344014002896], [-0.5722577314729564, -0.13715093045542262, -0.7168277441954692, -0.36338225863203, 0.12335170095427368, 0.4621417485399467, 0.03901253376881371, 0.6153466586737175, 0.07864131404664344, -0.038476218956607675, 0.638114646341958, -0.028657684835730182], [-0.13728723001958476, -0.3181938702109336, 0.2478323033804991, -0.5814564080040954, -0.539082956576995, -0.06763804581410136, 0.4381873557209662, -0.041409072647739506, 0.2013708289289577, 0.7004626723107374, 0.5076640096389584, -0.006816258597950417]], "inverted": false, "swapped": false, "error_lsq": 0.0490937540186385, "error_max": 0.25454251946753165, "target": "974.xyz", "model": "0.xyz", "model_rescale": 3.8414455957264533, "target_rescale": 3.7813899242455467},
{"mapping": [0, 12, 11, 13, 9, 2, 4, 6, 10, 3, 5, 14], "R": [[0.5706930903738832, 0.5582537377784741, -0.6022143811433515], [-0.7354373539827633, 0.6737125998513147, -0.07241015929007631], [0.365296174311118, 0.4842149285781525, 0.7950437773957584]], "T": [0.05701825874794428, 0.0002219927145434234, -0.023396999628293523], "aligned_model": [[0.5035443360188365, -0.6437485386106764, -0.33156907602701435, -0.028496281807918827, 0.2642892833039874, 0.4932742977504502, 0.48293266908666566, -0.09647200579146462, -0.5370858218667788, 0.08302470107162022, -0.05774696196252119, 0.013712564124383424], [-0.570266551591775, -0.2911445261483961, -0.7562899677726851, -0.47567419018314183, 0.17690674879232862, 0.5793417999385975, -0.006356279782413547, 0.7587823348885216, 0.24787301051482047, -0.008908761123002025, 0.4801989289058826, -0.0346065126616007], [0.0025770766689281813, -0.10290166158284189, 0.03096235119783456, -0.6073979303606533, -0.6489614642062161, 0.11410080011064441, 0.31479063504359367, -0.12853557369206017, 0.20917689226374891, 0.7593016501291207, 0.41337968223802, 0.047140870298599334]], "inverted": true, "swapped": false, "error_lsq": 0.05316331564837762, "error_max": 0.3002707567879661, "target": "974.xyz", "model": "1.xyz", "model_rescale": 4.316132596720782, "target_rescale": 3.7813899242455467},
{"mapping": [9, 3, 5, 7, 10, 8, 1, 6, 4, 0, 2, 11], "R": [[-0.9520432769147452, 0.10549460200015826, -0.2872011278359853], [-0.2928465899269701, -0.042289130536354524, 0.9552237979691588], [0.08862546840259178, 0.9935202657154545, 0.07115481686515562]], "T": [0.05734035517760881, -0.025748775112701926, 0.028457887452240014], "aligned_model": [[0.48776108988652256, -0.48254028135697813, -0.2592577728782258, -0.045598058091832, 0.3489905525645133, 0.45088057145428473, 0.538535485029791, -0.3448687497610747, -0.5908285452849179, -0.03758880193888402, 0.12407974957343919, -0.043906073907068535], [-0.6289046445521365, -0.13619657914262248, -0.5701826594611661, -0.5946052747716837, 0.2011997630364313, 0.6306904476522045, 0.007103600868185893, 0.6124797133741825, 0.23382509423380757, -0.23840185719391668, 0.5326547650333966, 0.05019366470045402], [-0.00141674267787565, -0.3283994926298997, 0.1667230414201964, -0.6543796376216661, -0.48210094557823485, -0.006894068669086675, 0.2773940877200179, -0.29863261284955717, 0.35530374403057186, 0.699040604495378, 0.6485036449032399, 0.028491705565634736]], "inverted": true, "swapped": false, "error_lsq": 0.041448860880496145, "error_max": 0.22160100985086778, "target": "974.xyz", "model": "2.xyz", "model_rescale": 3.795458400668931, "target_rescale": 3.7813899242455467},
{"mapping": [10, 1, 0, 2, 6, 3, 5, 8, 7, 4, 9, 11], "R": [[-0.29537545764382994, 0.7538199138632652, 0.5869487852316229], [0.6462307949813709, -0.29484790193505683, 0.703882429346152], [0.7036612101284563, 0.5872139747891519, -0.4000508082392557]], "T": [-0.012335117875656668, -0.061923371167203915, 0.017610602136083186], "aligned_model": [[0.4607964190084477, -0.48913447337016175, -0.5105664972856729, 0.18045299155943673, 0.15436901078978033, 0.4132516997092424, 0.6116763442902919, -0.2215915048089731, -0.5669092251512252, 0.08144498120286517, 0.13256609315584558, -0.10069667381030765], [-0.6168688038332691, -0.09612149261430086, -0.6394588692493185, -0.4653603599395707, 0.23084688565662315, 0.6002769473774612, 0.09526066405777334, 0.6327938414835665, 0.20129974109299098, -0.36384035433039896, 0.6408104754224374, -0.11978264134685768], [0.10242127934669103, -0.39197663527392895, 0.19204163493121731, -0.6051226090914102, -0.46590941484988563, -0.11443720872525255, 0.29997116897418147, -0.2724630023261182, 0.4719930944567437, 0.5752898662458886, 0.5072261888019937, 0.10459896561859847]], "inverted": false, "swapped": false, "error_lsq": 0.048108384643813125, "error_max": 0.22919207168621614, "target": "974.xyz", "model": "3.xyz", "model_rescale": 3.7530521520055578, "target_rescale": 3.7813899242455467},
{"mapping": [8, 1, 2, 0, 9, 4, 10, 7, 5, 6, 11], "R": [[0.5002697588909801, -0.7853383377917768, 0.3646558151649445], [0.56977558574958, -0.018535375389827843, -0.8215912741399348], [0.65198615799945, 0.6187892493035151, 0.438193923649688]], "T": [-0.05357953027359501, 0.03334185762881196, -0.06758115996932332], "aligned_model": [[-0.4307266261225859, -0.32265197438431176, 0.43925447725005684, 0.6044668053341228, 0.375001111238307, -0.27269735304383985, -0.26620834940519394, -0.6863188580238153, -0.3559259158541725, 0.32504975641376044, -0.07104347095712285], [-0.5152308225762673, -0.03374858070313304, -0.415389625989197, 0.2917471351765316, -0.5141888358452323, 0.6064440640346119, -0.4002109302689511, 0.05158162862729347, 0.26986558183648013, 0.14310755428382932, -0.016773810261619712], [-0.1748743343363994, -0.7079369814751836, -0.5781609982573326, -0.25776537002342237, 0.090617569376759, -0.07815392715584282, 0.5288056572135869, 0.11655141622468351, 0.6784001208442809, 0.4514173373695688, 0.02393028746461795]], "inverted": false, "swapped": true, "error_lsq": 0.04187405935260284, "error_max": 0.1866065953373474, "target": "974.xyz", "model": "4.xyz", "model_rescale": 3.7855080009869324, "target_rescale": 3.7813899242455467},
{"mapping": [6, 0, 1, 7, 10, 15, 13, 9, 2, 12, 14, 16], "R": [[-0.18775501638070863, -0.6490245968129338, -0.7372347838753195], [-0.9583135900025074, -0.043533150013790434, 0.2823825916489602], [-0.2153674001337863, 0.7595208605309574, -0.6137955240777893]], "T": [0.03756383616437665, -0.05646782173895889, -0.021625568511613652], "aligned_model": [[0.41575700548920846, -0.6573696259211014, -0.43624914502168666, 0.22212961541129994, 0.18422980957873325, 0.5246465420602282, 0.6311331096553101, -0.1826232038647629, -0.5786481021537002, 0.02099674940431929, -0.020798857666568256, 0.022455268318289607], [-0.5858027614237178, -0.37658689690392716, -0.5326233929504509, -0.3940419165587647, 0.32264677553048166, 0.608247840854487, -0.09867310220287887, 0.61436091851026, 0.2517733821964708, -0.1319527413078168, 0.4346573624874032, -0.01214943445440951], [-0.0750251600075647, -0.1734976999575457, 0.3274891258986946, -0.6645475509585304, -0.6263779876501682, -0.006738251561018774, 0.3916078652081252, -0.11338878504141173, 0.24493754755924715, 0.6544608324491813, 0.4399881746983201, 0.004725217471389501]], "inverted": true, "swapped": false, "error_lsq": 0.04138989658870907, "error_max": 0.25344214718808344, "target": "974.xyz", "model": "5.xyz", "model_rescale": 4.2253639853439635, "target_rescale": 3.7813899242455467},
{"mapping": [6, 0, 12, 3, 4, 10, 5, 1, 9, 11, 8, 13], "R": [[0.7912831852903647, 0.38171892028179, -0.4776626284059067], [0.6084576280631497, -0.4143789430610022, 0.6768082493582751], [0.06041717908426947, -0.8261844572772786, -0.5601508788040488]], "T": [0.029049345050484274, 0.013772205098747662, 0.011440227109642761], "aligned_model": [[0.3470425960101961, -0.6455267166793901, -0.4228797708070682, 0.16070454550496838, 0.15084023873346797, 0.515234791266243, 0.5726498365119544, -0.21712059840812792, -0.5119941523623184, 0.16977695539628618, -0.01870936411019654, 0.045640804233554454], [-0.5452301236879229, -0.11112667898532008, -0.6844208573882042, -0.430535968901158, 0.24166147636134755, 0.623532862757539, 0.061606317397145394, 0.6480686413122239, 0.19903511773130522, -0.3792280188298035, 0.4988878809575575, -0.022394614947573045], [0.022148022319779078, -0.40378267088873, 0.43526835997051594, -0.5254644454426655, -0.6474564039834501, 0.02955449354914295, 0.33230105337884847, -0.2638308609158416, 0.224855349806248, 0.6681748405507628, 0.5666399770501905, -0.03477438728608215]], "inverted": true, "swapped": false, "error_lsq": 0.03749417528402193, "error_max": 0.222980828533139, "target": "974.xyz", "model": "6.xyz", "model_rescale": 3.89814844738969, "target_rescale": 3.7813899242455467},
{"mapping": [4, 8, 11, 7, 0, 1, 2, 6, 9, 10, 5, 12], "R": [[0.7676558061254626, 0.060025291788291135, -0.638045082786159], [-0.6381966155208649, 0.16231652052701123, -0.7525678886995628], [0.058392150667528675, 0.9849113216476573, 0.16291115747758275]], "T": [0.02163407856921159, -0.055350948175878635, -0.09745432039782008], "aligned_model": [[0.4043893882217434, -0.6316656614822019, -0.44796880784875276, 0.07488789479693977, 0.38504885350989687, 0.48860872826789764, 0.6098447896026997, -0.29834425879748594, -0.5874893230442904, 0.09753936488514764, -0.03395474404377719, 0.08476294122175268], [-0.5553393267728459, -0.1147016746890411, -0.6778147916855524, -0.4539252907552754, 0.2331875872866009, 0.640573058191693, -0.005263580608972453, 0.5179056709716396, 0.20480436712982272, -0.14836200180233924, 0.5675537159307344, -0.10876169941932705], [0.04040714116792689, -0.2628741294469448, 0.12015142817994763, -0.6166625676749036, -0.4658095869222547, 0.013995515555123225, 0.2937582299589678, -0.2598321613964592, 0.5019068166135824, 0.6267631845443885, 0.36241116673897, 0.04941829079037434]], "inverted": false, "swapped": false, "error_lsq": 0.047196916151174294, "error_max": 0.23891235001508532, "target": "974.xyz", "model": "7.xyz", "model_rescale": 3.7474275329858107, "target_rescale": 3.7813899242455467},
{"mapping": [1, 4, 13, 2, 3, 6, 0, 5, 9, 12, 7, 14], "R": [[-0.6186635391681908, 0.21050216633282845, -0.7569308180230702], [-0.7212561563158052, -0.5341850479389482, 0.4409488536497332], [-0.311520436376875, 0.8187399907953985, 0.4823067957140056]], "T": [0.002011579981444196, -0.0105129399142286, 0.13760460260002802], "aligned_model": [[0.4875121427021386, -0.5375244152124317, -0.5125008014275902, 0.03939862286026286, 0.2938596038935655, 0.48999863803416654, 0.6540895431028627, -0.11351415448907357, -0.6022739183612161, 0.023708099519363424, -0.06413607246328973, -0.012958122869188942], [-0.5455400432257161, -0.4125876157986931, -0.7123013697103803, -0.454727350875016, 0.30303851984723984, 0.6417305713312115, 0.05137278333573087, 0.6349729352307308, 0.4436349861964567, -0.3911704084750001, 0.60511230241161, -0.06367927649103763], [-0.06936646390410936, -0.26172322105878243, 0.36317463135745, -0.5764438985323417, -0.4374125710605975, 0.07942271874420734, 0.06564819290490354, -0.15053295775141354, 0.23209871771056995, 0.6226528182118383, 0.4213433574632296, 0.11477200402376438]], "inverted": false, "swapped": false, "error_lsq": 0.050453130053834665, "error_max": 0.2429247796664449, "target": "974.xyz", "model": "8.xyz", "model_rescale": 4.019505241142653, "target_rescale": 3.7813899242455467},
{"mapping": [2, 5, 6, 3, 4, 7, 0, 8, 11, 1, 9, 12], "R": [[-0.6476183026976308, -0.62971617195473, -0.4290082479273811], [-0.0905400683309096, -0.49544323308587024, 0.8639088486733162], [-0.756566606478025, 0.5983256183451462, 0.26384356045623775]], "T": [-0.03581622552311216, -0.0632876023628058, 0.1659470293965159], "aligned_model": [[0.192391819246439, -0.40333909835315757, -0.5245776796925933, 0.19524596719738346, 0.2694183253699099, 0.5069335434941208, 0.5790105990540904, -0.1760152116427579, -0.6040096687252757, 0.35212392057624625, -0.1770161443263371, -0.06450720690849893], [-0.595649009365702, -0.20574584370635646, -0.5835100399880611, -0.44943942760624145, 0.23726407458599608, 0.6361730444378336, 0.0029216649782691367, 0.5821536420637536, 0.1897664662937501, -0.12196466240320333, 0.466284629286503, -0.05839850479940466], [0.04559511685245385, -0.37733678829181777, 0.30211859131848673, -0.5661443847712277, -0.5440496112064659, -0.02316003521151938, -0.03467796099491499, 0.02492654978373207, 0.14672793911049137, 0.7158240591404221, 0.574549398242288, 0.1392604541367903]], "inverted": false, "swapped": false, "error_lsq": 0.06013875535339541, "error_max": 0.36480289864883797, "target": "974.xyz", "model": "9.xyz", "model_rescale": 3.877068213659057, "target_rescale": 3.7813899242455467},
{"mapping": [9, 6, 10, 13, 4, 1, 8, 5, 12, 11, 0, 15], "R": [[0.9718272551646387, 0.04922926222006211, 0.23049569596943142], [-0.20951623601150662, 0.6283756732195038, 0.7491641743660103], [-0.10795708854324891, -0.7763507538781705, 0.6209869354391133]], "T": [0.04503543660532775, -0.0761036511101289, -0.10887591961824762], "aligned_model": [[0.40883102495316914, -0.5372317665992637, -0.2509337574454239, -0.09334224913021275, 0.3130921086291862, 0.4077835523217635, 0.6351155337506964, -0.15927481591319134, -0.5444413808121544, -0.06804645334321438, -0.000903633231580929, 0.03501100210979577], [-0.5745257174681815, -0.24427959000500996, -0.6124369963215497, -0.5145648384874657, 0.2531482942859032, 0.7039114881262507, -0.04959881023737589, 0.6783843734855945, 0.21628627771459347, -0.15405982585769068, 0.4186344148178623, -0.021043036275793535], [0.125375051704541, -0.22283351161621812, 0.24883843352844054, -0.730359547091895, -0.6359712210404789, 0.004688147364496673, 0.3875371222846824, -0.10963992223060588, 0.24498906446856528, 0.616238276386835, 0.5131288099603469, -0.03835737560999132]], "inverted": true, "swapped": false, "error_lsq": 0.0420478288884085, "error_max": 0.24981024417974645, "target": "974.xyz", "model": "10.xyz", "model_rescale": 4.260839863003843, "target_rescale": 3.7813899242455467},
{"mapping": [4, 8, 2, 9, 10, 6, 5, 7, 1, 3, 0, 11], "R": [[-0.43840319384897886, 0.8719234133218235, -0.21806467142624347], [0.8443188826203732, 0.3163614488032721, -0.43248243682464077], [-0.30810430713266473, -0.3737178013050964, -0.8748752716324685]], "T": [-0.010731289009795843, -0.010786764199675876, 0.002697375620519849], "aligned_model": [[0.4225156285755901, -0.5522520130260832, -0.3244910602974748, 0.012820478516703919, 0.3010263455315793, 0.5328089425789674, 0.6099958886940772, -0.25051072929186585, -0.5996607303542324, 0.04913110827653314, -0.004840091823742766, -0.05088460209048273], [-0.5926642711343361, -0.14008036997102277, -0.5735564966816274, -0.5351326090375881, 0.134665590213903, 0.6225431782266412, -0.041345034686833856, 0.5801267402036699, 0.06565602621438914, -0.1666625104507433, 0.7149027477693359, 0.03140304311134932], [-0.09639113999802996, -0.45079118655747236, 0.23764877541448873, -0.5975025997250354, -0.5216923477178707, 0.0846274392415091, 0.267979989473211, -0.1487380218729975, 0.41570979196261093, 0.6925903503162864, 0.49602717957414355, 0.02416509799787493]], "inverted": false, "swapped": false, "error_lsq": 0.0383622973708136, "error_max": 0.2314290534155728, "target": "974.xyz", "model": "11.xyz", "model_rescale": 3.890672605050136, "target_rescale": 3.7813899242455467},
{"mapping": [12, 11, 9, 10, 4, 3, 7, 0, 6, 5, 8, 13], "R": [[-0.5658998328082576, 0.34033604569940784, -0.7509518994085286], [-0.5375232073267495, 0.5383404652148807, 0.6490441780783419], [0.6251609239329906, 0.7709480653778934, -0.12170825640577171]], "T": [-0.1728921626848272, 0.06149257706877333, -0.006786620263210794], "aligned_model": [[0.34277718469448637, -0.5167658468627853, -0.42835511130379134, 0.06498794998202145, 0.26093025925183255, 0.4817235854841253, 0.6252993033497062, -0.1262346971605971, -0.6668297056371701, 0.13694615698787954, -0.02120315578531326, -0.007616757710824873], [-0.47606608654989957, -0.23168036120664037, -0.5809147559423721, -0.5640880843430295, 0.21231055524124798, 0.7129592470331831, -0.009473669263056247, 0.6356465394017883, 0.18591306290816617, -0.3182475340383024, 0.4961717023629996, 0.03732541817305224], [-0.02253317820366868, -0.3207335608249729, 0.35080520905873164, -0.5997473209068037, -0.5360399504465164, 0.004726684072228697, 0.28444927331382364, -0.13665135063820466, 0.26266391380055604, 0.5971751711721739, 0.5475017063840482, -0.027983268672677447]], "inverted": true, "swapped": false, "error_lsq": 0.03236391958254984, "error_max": 0.17729033310670783, "target": "974.xyz", "model": "12.xyz", "model_rescale": 4.124412569039231, "target_rescale": 3.7813899242455467},
{"mapping": [10, 9, 7, 11, 8, 1, 4, 6, 3, 5, 0, 12], "R": [[0.7310197383951877, 0.2814853793711628, 0.6215916048957741], [-0.6804106175425815, 0.36944355877446294, 0.632892446167106], [-0.05149304430653351, -0.885594398175786, 0.4615961744942356]], "T": [-0.03754534273642489, 0.04177469513497379, 0.10622409046608915], "aligned_model": [[0.29461248498113285, -0.524745207965366, -0.3262723233487929, 0.2942943244529682, 0.08910165244621164, 0.39257562893460746, 0.6787575567884946, -0.2774696342618053, -0.6054057501304011, 0.054741666621217655, 0.024978958981964075, 0.05048980778933823], [-0.5972932900439152, -0.11727727736991411, -0.4957671248570801, -0.456352763833011, 0.13623729717126215, 0.6967588714977762, -0.0049213343287393616, 0.5312076792232497, 0.42471274105924994, -0.32736998454969063, 0.34498857830557866, -0.03506735849762949], [-0.054626648117417895, -0.27584924459355387, 0.25031849334885165, -0.6889515701512526, -0.593728391011179, -0.11480979234792955, 0.4271694015613661, -0.28172500826539326, 0.30533809415234736, 0.7611753805911957, 0.5970595477644143, 0.07226306517726994]], "inverted": false, "swapped": false, "error_lsq": 0.045369633572440136, "error_max": 0.2129188196204717, "target": "974.xyz", "model": "13.xyz", "model_rescale": 3.9028299243045295, "target_rescale": 3.7813899242455467},
{"mapping": [3, 8, 2, 4, 10, 14, 9, 13, 12, 1, 11, 15], "R": [[-0.8138730238469769, 0.03640240500530717, 0.5799013415780376], [0.47086788349474484, 0.6260687462850529, 0.6215475534649313], [-0.3404322801194939, 0.7789177041478079, -0.5266811870740694]], "T": [0.005815808720084308, -0.13167555661138822, -0.0018656825667010615], "aligned_model": [[0.271817949134428, -0.7341526106770776, -0.4088705528876452, 0.15480809799522754, 0.40526670406933896, 0.3164628563141006, 0.6803669517898381, -0.24361030736645822, -0.4893870431149227, -0.01888497196694752, 0.09593948541323102, 0.11590260658645637], [-0.6891196844356402, -0.2757315801162323, -0.6341825592109783, -0.34587339717642773, 0.2556090579203164, 0.694831010017018, 0.12312121877308255, 0.5599101302651043, 0.3119367318425508, -0.15095259046122086, 0.3592096888205266, -0.10890199246096241], [-0.08664982546735087, -0.1697994788807883, 0.34116741115853033, -0.6273925458719748, -0.49765012322683533, 0.056751379149131746, 0.28257203487004545, -0.30542325884636956, 0.2036156110539626, 0.647146661801424, 0.542896730834301, 0.016398731534642386]], "inverted": false, "swapped": false, "error_lsq": 0.047184289983393905, "error_max": 0.22980067522057443, "target": "974.xyz", "model": "14.xyz", "model_rescale": 3.942246331269136, "target_rescale": 3.7813899242455467},
{"mapping": [7, 10, 11, 9, 5, 1, 0, 3, 4, 8, 12, 14], "R": [[-0.726394503181854, 0.14615136066135226, -0.6715584900245273], [0.04158968627570729, -0.9659896684965197, -0.2552141421502196], [-0.6860184572900907, -0.21331605690809957, 0.6956111960876596]], "T": [-0.06228321464230911, -0.020010504081638313, 0.04158529801834947], "aligned_model": [[0.5218355764887443, -0.6051061803174829, -0.5206572930876691, 0.03481143545062433, 0.2352611576134595, 0.36338003943803066, 0.6427587796117527, -0.19614235096598215, -0.6114594278715152, 0.2160343632109214, 0.037764664012719856, 0.027178401705965652], [-0.6372473343291606, -0.26127833564459746, -0.4121510623393591, -0.5094388795310645, 0.28360064929918094, 0.6694441629699357, -0.047381954120853935, 0.6635762617809131, 0.18366071294956074, -0.45329663811242027, 0.6080910859109444, 0.012277364944058039], [-0.05224135790962829, -0.3535521178658953, 0.42918046237832974, -0.5902333471327952, -0.4296547387684281, 0.03136316579664321, 0.24866999791011796, -0.1354423711774696, 0.01734691732028136, 0.619204011533036, 0.5549614493812333, 0.06403125664329326]], "inverted": false, "swapped": false, "error_lsq": 0.053288088225914694, "error_max": 0.35021708550827274, "target": "974.xyz", "model": "15.xyz", "model_rescale": 4.355366556412066, "target_rescale": 3.7813899242455467},
{"mapping": [9, 3, 5, 7, 10, 8, 1, 6, 4, 0, 2, 11], "R": [[-0.9520432769147452, 0.10549460200015826, -0.2872011278359853], [-0.2928465899269701, -0.042289130536354524, 0.9552237979691588], [0.08862546840259178, 0.9935202657154545, 0.07115481686515562]], "T": [0.05734035517760881, -0.025748775112701926, 0.028457887452240014], "aligned_model": [[0.48776108988652256, -0.48254028135697813, -0.2592577728782258, -0.045598058091832, 0.3489905525645133, 0.45088057145428473, 0.538535485029791, -0.3448687497610747, -0.5908285452849179, -0.03758880193888402, 0.12407974957343919, -0.043906073907068535], [-0.6289046445521365, -0.13619657914262248, -0.5701826594611661, -0.5946052747716837, 0.2011997630364313, 0.6306904476522045, 0.007103600868185893, 0.6124797133741825, 0.23382509423380757, -0.23840185719391668, 0.5326547650333966, 0.05019366470045402], [-0.00141674267787565, -0.3283994926298997, 0.1667230414201964, -0.6543796376216661, -0.48210094557823485, -0.006894068669086675, 0.2773940877200179, -0.29863261284955717, 0.35530374403057186, 0.699040604495378, 0.6485036449032399, 0.028491705565634736]], "inverted": true, "swapped": false, "error_lsq": 0.041448860880496145, "error_max": 0.22160100985086778, "target": "974.xyz", "model": "16.xyz", "model_rescale": 3.795458400668931, "target_rescale": 3.7813899242455467},
{"mapping": [4, 8, 11, 7, 0, 1, 2, 6, 9, 10, 5, 12], "R": [[0.7676558061254626, 0.060025291788291135, -0.638045082786159], [-0.6381966155208649, 0.16231652052701123, -0.7525678886995628], [0.058392150667528675, 0.9849113216476573, 0.16291115747758275]], "T": [0.02163407856921159, -0.055350948175878635, -0.09745432039782008], "aligned_model": [[0.4043893882217434, -0.6316656614822019, -0.44796880784875276, 0.07488789479693977, 0.38504885350989687, 0.48860872826789764, 0.6098447896026997, -0.29834425879748594, -0.5874893230442904, 0.09753936488514764, -0.03395474404377719, 0.08476294122175268], [-0.5553393267728459, -0.1147016746890411, -0.6778147916855524, -0.4539252907552754, 0.2331875872866009, 0.640573058191693, -0.005263580608972453, 0.5179056709716396, 0.20480436712982272, -0.14836200180233924, 0.5675537159307344, -0.10876169941932705], [0.04040714116792689, -0.2628741294469448, 0.12015142817994763, -0.6166625676749036, -0.4658095869222547, 0.013995515555123225, 0.2937582299589678, -0.2598321613964592, 0.5019068166135824, 0.6267631845443885, 0.36241116673897, 0.04941829079037434]], "inverted": false, "swapped": false, "error_lsq": 0.047196916151174294, "error_max": 0.23891235001508532, "target": "974.xyz", "model": "17.xyz", "model_rescale": 3.7474275329858107, "target_rescale": 3.7813899242455467},
{"mapping": [7, 10, 11, 12, 9, 6, 2, 4, 8, 1, 0, 13], "R": [[0.8439008724014988, 0.49351883424706117, 0.21040550801585858], [0.4847232823658178, -0.8694665360941437, 0.09524327873902426], [0.22994490012282823, 0.02161256245505267, -0.9729636375793442]], "T": [-0.06499214253914268, -0.05529100651206032, 0.03843205098915103], "aligned_model": [[0.4279809961390484, -0.6748252769301629, -0.24996433781599403, 0.003194628672112232, 0.34528556088885576, 0.4392351339763879, 0.5490171441873747, -0.15002136280925643, -0.6363730251396537, 0.06465437239112357, 0.026987485556519808, 0.0004878461732142625], [-0.617905522761728, -0.26974266526233476, -0.7422057389999135, -0.4123968465691934, 0.13681922902688148, 0.512202648802748, 0.11948481278077863, 0.7303468877185291, 0.36334109702240114, -0.2874597235584111, 0.5578403344797135, 0.009531521097665828], [-0.050234023037067234, -0.20354605694943154, 0.16361231729202347, -0.615068451338409, -0.4540007153120923, -0.09833276998283827, 0.3487201954835759, -0.21606540060867513, 0.1614178229616567, 0.6770304261837367, 0.5994597664274189, 0.09064021698882047]], "inverted": false, "swapped": false, "error_lsq": 0.04260035039683679, "error_max": 0.22087447130760704, "target": "974.xyz", "model": "18.xyz", "model_rescale": 3.922800546911778, "target_rescale": 3.7813899242455467},
{"mapping": [2, 6, 1, 10, 11, 7, 3, 13, 8, 5, 12, 14], "R": [[-0.5438156243541634, -0.8365081937762089, 0.06722059545672299], [0.08283687050911803, -0.13321606511813816, -0.9876191233864885], [0.8351063522645168, -0.5315143664471403, 0.14173869855388127]], "T": [-0.027319519656632235, -0.02566122224262117, 0.047625348634257485], "aligned_model": [[0.3887724899250269, -0.5501550869372012, -0.28031083651401334, 0.0493965788961771, 0.1830170725364994, 0.5775208125851351, 0.5207176860676482, -0.17913676512395574, -0.5956676548985057, -0.1681803402973786, 0.14489023276311233, 0.05479497628702473], [-0.5830076241606017, -0.36733893823974884, -0.6901066555692874, -0.36216582447962004, 0.30011307888380956, 0.4868061523572064, 0.025251744089302253, 0.6108348835357577, 0.12922693266146829, -0.03257072198124952, 0.5597408832547985, 0.023072123425301946], [-0.12372630913176358, -0.2450640428552594, 0.2537580332380165, -0.6814013588048191, -0.5497633317732061, -0.05114904846885825, 0.37352768766592587, -0.16127170287164283, 0.21309652636352489, 0.7977214812782624, 0.5438734928295095, 0.034031900639028584]], "inverted": true, "swapped": false, "error_lsq": 0.0455846620770067, "error_max": 0.28904388313644824, "target": "974.xyz", "model": "19.xyz", "model_rescale": 3.9282355846067225, "target_rescale": 3.7813899242455467},
{"mapping": [9, 10, 12, 11, 0, 3, 6, 1, 2, 7, 5, 13], "R": [[0.5691648400862142, -0.7555444113743611, 0.32435170301788907], [0.23177697534912217, 0.525914599619854, 0.8183478891062781], [-0.7888794702029245, -0.3905975887632427, 0.4744498974019218]], "T": [0.1853868607791061, -0.06728093799843284, 0.09134104361867967], "aligned_model": [[0.2034419767257, -0.5744147557370483, -0.27386350039374185, 0.17660758355747197, 0.12074260185315512, 0.4637868960532247, 0.5979463122940449, -0.17025381818730595, -0.5378904327748948, -0.06899179091429924, 0.12379653605310609, 0.08475155676015651], [-0.7444794029480917, -0.2360473510914496, -0.7624466029026152, -0.32417099246572545, 0.2722124243636039, 0.6020925345022002, 0.16506938085104372, 0.5460022880873109, 0.26943980906152143, -0.22836826568257462, 0.5208713517214864, 0.019680860280427315], [-0.048305213387247664, -0.2780554240723658, 0.26053959375578956, -0.57745907265913, -0.6302976228182513, -0.11061846671289821, 0.5415099922960664, -0.15136080716285988, 0.29678034241144613, 0.6367217829209122, 0.46278911299844366, 0.0013891105388130903]], "inverted": true, "swapped": false, "error_lsq": 0.0437710183919637, "error_max": 0.30241918300478476, "target": "974.xyz", "model": "20.xyz", "model_rescale": 4.067790424073018, "target_rescale": 3.7813899242455467},
{"mapping": [11, 2, 3, 6, 5, 1, 10, 8, 0, 12, 7, 14], "R": [[-0.06513893949254423, -0.4426914973954175, -0.8943048455060444], [0.08975856372875417, -0.8951746144464694, 0.43658425290883573], [-0.9938311319329548, -0.05183288323466166, 0.0980460780268344]], "T": [0.033429691050328336, 0.017214248957823038, -0.04834207254694198], "aligned_model": [[0.334345855407167, -0.6440155335576383, -0.36662286210782735, -0.05771579574609359, 0.25218531248835785, 0.5094330713383981, 0.7646313854063189, -0.13578701217540579, -0.58828313851208, 0.09225536587443312, -0.1089354109733928, 0.09416792784733208], [-0.538564024627288, -0.2033239540147802, -0.6944062624810344, -0.48823222782612424, 0.32015358219773304, 0.6687927343758661, -0.00606803447148712, 0.5404352028506446, 0.1640280031944779, -0.30655494139153827, 0.6339999270597979, 0.009596028910869855], [0.08801124284608197, -0.2631741004766914, 0.1910304803114836, -0.5810458007474395, -0.505332071697149, 0.10055843307167314, 0.32056013536582495, -0.1992507783327689, 0.26210423302843744, 0.6435588728633784, 0.34659027890435257, 2.2402971534905836e-05]], "inverted": true, "swapped": false, "error_lsq": 0.04499966347088575, "error_max": 0.2575651614272812, "target": "974.xyz", "model": "21.xyz", "model_rescale": 4.186013935880536, "target_rescale": 3.7813899242455467},
{"mapping": [2, 9, 1, 8, 11, 3, 5, 4, 7, 0, 6, 12], "R": [[0.9686772077558778, -0.21733726265604414, -0.12012069528376002], [-0.04967338588059397, -0.643540987748628, 0.7637981093343178], [-0.24330438119654535, -0.73390701819011, -0.634179364802946]], "T": [-0.05954582875095131, 0.0008404204797679924, -0.015914306251069363], "aligned_model": [[0.35859503132358006, -0.44416874917653276, -0.4367830112998951, 0.15720036575898205, 0.16802707139717088, 0.5601005757978434, 0.6929253294454173, -0.2731744610024404, -0.6792064290315304, 0.08821004599334188, -0.006217242570267144, -0.03984936134610041], [-0.609698321248994, -0.3034278739956078, -0.46875781984308534, -0.4553342834692659, 0.2493593225313108, 0.6703339873702581, -0.07319434106930613, 0.6886626958690518, 0.19807935639557606, -0.21707466494884675, 0.3786219335457409, 0.04228604264030502], [0.02991001970559777, -0.39661993307929877, 0.39916741669100453, -0.592623814882659, -0.5501566755490575, 0.12605523963321136, 0.14792947995958783, -0.11014526575553461, 0.32385220548833915, 0.6567443427140351, 0.3894127706864925, -0.019892457503000196]], "inverted": false, "swapped": false, "error_lsq": 0.04528153693934781, "error_max": 0.2560600609139535, "target": "974.xyz", "model": "22.xyz", "model_rescale": 4.166573947596378, "target_rescale": 3.7813899242455467},
{"mapping": [5, 12, 13, 6, 2, 4, 0, 3, 9, 7, 8, 15], "R": [[-0.7208993663502379, 0.019507974363327435, -0.6927651424054659], [0.16728237647307925, -0.965149402080701, -0.20125416314895098], [-0.6725479240302097, -0.26097139804872366, 0.6925122520816149]], "T": [-0.13813456540108265, 0.03779027950759811, 0.0026906896224728506], "aligned_model": [[0.2999545110561, -0.5690450398891775, -0.25214430438278124, 0.07758264217288938, 0.1827688621137779, 0.4014332349111573, 0.6190959377005152, -0.1493086895324802, -0.5973052453658922, 0.17662663708897391, 0.03620312651792604, -0.08020250710143911], [-0.6564859184839933, -0.208588964239424, -0.7360609695340425, -0.3789787820805217, 0.23678893571708093, 0.5357659626701143, 0.03548625801967106, 0.609998219834772, 0.3587837831291047, -0.2672436184738582, 0.5666722363885042, 0.003718890829729121], [0.1335360303594618, -0.4250882094086824, 0.32668013801510476, -0.5963729694541814, -0.554292042807471, 0.029899533949822175, 0.30822697142137634, -0.18137414675996566, 0.21850223605949345, 0.5677299397099936, 0.5891797219865592, -0.012993874962792643]], "inverted": false, "swapped": false, "error_lsq": 0.03821729399165962, "error_max": 0.20581341142615278, "target": "974.xyz", "model": "23.xyz", "model_rescale": 4.274766983524099, "target_rescale": 3.7813899242455467},
{"mapping": [7, 4, 3, 1, 0, 2, 8, 9, 10, 6, 11], "R": [[-0.3180526328643055, -0.9131867555586326, -0.2548185083552248], [-0.915392354721021, 0.22582853920364176, 0.3332541189534704], [-0.24677795615975884, 0.33925126433581304, -0.9077495359404842]], "T": [-0.0064530144837249975, 0.10955725862911814, -0.00803293136190341], "aligned_model": [[0.4498202948636531, 0.060290900475205675, -0.5796121754092088, -0.4444126731967935, -0.4923143465355524, -0.6668634321255642, 0.09883201284335227, -0.041260668641171325, 0.6392474172144096, 0.2713341011334444, 0.08483327333630013], [-0.14366777099803807, 0.4519174159030325, 0.5821734556112034, -0.281511498086391, 0.5950942362191419, -0.1548403256813624, -0.5561969395783258, -0.05882153231840612, -0.16082587881145582, 0.5532858048208087, 0.08897956416327595], [-0.41088315575210654, -0.5129144176298042, -0.4177271407389147, -0.38514465233149997, 0.2452671089751034, 0.4379368796219409, 0.011206435321430015, 0.6840184211494125, 0.30632384337250096, 0.3801775538536135, 0.041305558179901565]], "inverted": true, "swapped": true, "error_lsq": 0.04921515897208028, "error_max": 0.31343308806159664, "target": "974.xyz", "model": "24.xyz", "model_rescale": 3.7841303162186577, "target_rescale": 3.7813899242455467},
{"mapping": [10, 6, 11, 0, 1, 2, 9, 4, 3, 13, 5, 15], "R": [[-0.8413952003003609, 0.3995938343009563, -0.3638390914953693], [-0.4953713029198151, -0.8393845244837863, 0.22369821702609252], [-0.2160124745357096, 0.36845405092872563, 0.9042014284434479]], "T": [0.13124433966047633, -0.08898660133968891, 0.0008667392714246935], "aligned_model": [[0.49672682975891574, -0.5682631764884315, -0.37699228144748576, 0.23178144160714298, 0.11062120703563996, 0.46388222061956685, 0.6503583053119428, -0.24129707216423513, -0.5176698601859531, -0.13151529669050604, -0.03432784643316397, 0.06235469436613643], [-0.7743765953812528, -0.054305062843397166, -0.6023232500791925, -0.33395367242653884, 0.2159845252689285, 0.5857298485751787, -0.010992359803536453, 0.5290685540226122, 0.20757704330069485, -0.24451523521497856, 0.6639931221468551, -0.08203088378823632], [0.04466412248489926, -0.17665193011786692, 0.2608832602625788, -0.6855830947054574, -0.6770740340554292, 0.054744195526760464, 0.2588944460762018, -0.18867234446617231, 0.37498203373080896, 0.7211223986179002, 0.41913236379008334, -0.002808089035588414]], "inverted": false, "swapped": false, "error_lsq": 0.04501981409491385, "error_max": 0.2216859175135555, "target": "974.xyz", "model": "25.xyz", "model_rescale": 4.19342608120988, "target_rescale": 3.7813899242455467},
{"mapping": [9, 3, 5, 7, 10, 8, 1, 6, 4, 0, 2, 11], "R": [[-0.9520432769147452, 0.10549460200015826, -0.2872011278359853], [-0.2928465899269701, -0.042289130536354524, 0.9552237979691588], [0.08862546840259178, 0.9935202657154545, 0.07115481686515562]], "T": [0.05734035517760881, -0.025748775112701926, 0.028457887452240014], "aligned_model": [[0.48776108988652256, -0.48254028135697813, -0.2592577728782258, -0.045598058091832, 0.3489905525645133, 0.45088057145428473, 0.538535485029791, -0.3448687497610747, -0.5908285452849179, -0.03758880193888402, 0.12407974957343919, -0.043906073907068535], [-0.6289046445521365, -0.13619657914262248, -0.5701826594611661, -0.5946052747716837, 0.2011997630364313, 0.6306904476522045, 0.007103600868185893, 0.6124797133741825, 0.23382509423380757, -0.23840185719391668, 0.5326547650333966, 0.05019366470045402], [-0.00141674267787565, -0.3283994926298997, 0.1667230414201964, -0.6543796376216661, -0.48210094557823485, -0.006894068669086675, 0.2773940877200179, -0.29863261284955717, 0.35530374403057186, 0.699040604495378, 0.6485036449032399, 0.028491705565634736]], "inverted": true, "swapped": false, "error_lsq": 0.041448860880496145, "error_max": 0.22160100985086778, "target": "974.xyz", "model": "26.xyz", "model_rescale": 3.795458400668931, "target_rescale": 3.7813899242455467},
{"mapping": [8, 10, 5, 11, 9, 2, 1, 3, 7, 6, 0, 12], "R": [[-0.90862528396275, 0.09332914064522684, -0.4070500765876792], [-0.36758331394101684, 0.28385968931791505, 0.8856106278113856], [0.1981983871169286, 0.9543130242675932, -0.2236158560064288]], "T": [0.0932835261795987, -0.015469203912240782, -0.1042753360354197], "aligned_model": [[0.3166064033404613, -0.5604358703076093, -0.34044995730065863, 0.07827696340963076, 0.31715118256416985, 0.551050337271286, 0.5788699064286548, -0.2922545835825784, -0.628797519676611, 0.1467144723104179, 0.01707896908919858, -0.03815113825679281], [-0.6868135995663915, -0.20478879813104747, -0.4903717465079221, -0.45212563510063986, 0.24725213242099836, 0.730319677462854, -0.03274854454576369, 0.6119944049520417, 0.1287185097260033, -0.3547003513326003, 0.6059584634889357, -0.0028384790893314655], [0.06943506971659492, -0.3152148307026318, 0.2871366058167327, -0.6705619736218774, -0.3596868901506649, -0.008968437127552825, 0.23374901553576344, -0.1564897432414304, 0.23926063745264736, 0.6462273770118402, 0.44280209153759076, -0.004055594118293537]], "inverted": true, "swapped": false, "error_lsq": 0.04046283378430885, "error_max": 0.24145673970859807, "target": "974.xyz", "model": "27.xyz", "model_rescale": 3.6321398670334006, "target_rescale": 3.7813899242455467},
{"mapping": [6, 9, 12, 13, 11, 5, 1, 0, 8, 7, 3, 14], "R": [[0.10475227439371987, 0.9921133768027731, -0.06883319386997769], [0.9540120991386641, -0.11979446655561665, -0.27479119432706584], [-0.2808698554604656, -0.03688269718518926, -0.959036908018645]], "T": [-0.04041087515823796, 0.030707565194029306, 0.027627757822560974], "aligned_model": [[0.13982361580370553, -0.36305212585835045, -0.4802578920826607, 0.3324064621191526, -0.02636959186070125, 0.49144718390351483, 0.6199583696789535, -0.13646068179698242, -0.4683589452880834, -0.10097131140546518, 0.12260695738198077, 0.014887124694505566], [-0.7217275405649756, -0.33961395813644313, -0.5776464209676132, -0.3596662822218629, 0.20512452915644305, 0.7300555723655265, 0.1114792976565954, 0.6389588518874874, 0.07942226045189088, -0.14562487646393713, 0.46119320092646976, 0.0179013996875561], [-0.044928269011125725, -0.4255132289851815, 0.3739653966721038, -0.5848204638200202, -0.5903588127954464, 0.02467963212594041, 0.09585959683088535, -0.07344895116748751, 0.3131394800558832, 0.7800416649138255, 0.5372034476510483, -0.0021861643617064296]], "inverted": true, "swapped": false, "error_lsq": 0.055148150871181086, "error_max": 0.29386805103004326, "target": "974.xyz", "model": "28.xyz", "model_rescale": 4.156811204709835, "target_rescale": 3.7813899242455467},
{"mapping": [9, 6, 0, 3, 7, 10, 2, 8, 1, 11], "R": [[0.2593927661209994, -0.1890754671782785, -0.9470828161229687], [-0.7528891402965681, -0.6537810888830594, -0.0756850727843773], [-0.6048746442921804, 0.7326805276040831, -0.3119389510180016]], "T": [-0.04730991580868836, -0.09027712416186229, 0.027714140952250787], "aligned_model": [[-0.6423607279031137, -0.15903569739414813, 0.21771256627360075, 0.7239720158748624, -0.0547164590383145, -0.6524109100151222, -0.3121583604218552, -0.4929184784535363, 0.14076567043101834, -0.1259242452428035], [0.0038157298867781686, -0.5698022097866764, 0.06652946041631569, 0.16958972310952536, -0.3368206731325573, -0.5135224624078241, 0.5968114520435465, 0.1627390507628953, 0.49876609800398086, -0.15938583826978048], [-0.35380798210797565, -0.39930005919242595, -0.6364718872424338, -0.2117023207779081, 0.6390716250170504, 0.2364542683648539, -0.37564880288625124, 0.466005786736782, 0.35115245271015694, 0.043033646353251034]], "inverted": false, "swapped": true, "error_lsq": 0.055448833745895265, "error_max": 0.23398495562173122, "target": "974.xyz", "model": "29.xyz", "model_rescale": 4.117894457231895, "target_rescale": 3.7813899242455467},
