[{"mapping": [12, 10, 7, 3, 5, 4, 2, 8, 1, 13, 9, 0, 11, 14], "R": [[0.4122524273871121, -0.5950777016508891, -0.689877137692886], [0.5216282036161565, -0.466653634788598, 0.7142397372946785], [-0.7469618151589914, -0.6543064374866605, 0.11803021883356601]], "T": [-0.024419357243608133, 0.14478507223959772, 0.15109970071412387], "aligned_model": [[0.0016531607797223048, 0.2320623415596876, -0.35254653619999515, -0.37602972143062274, -0.6956011079169727, -0.05146404372359328, -0.6525883474854742, -0.13494917473641105, -0.40823623695583755, 0.2738220867074929, 0.6397278263057562, 0.2290644121294532, 0.6854232434286375, -0.018845801333538775], [-0.6992270669575892, -0.3316424397665727, -0.31634369644575433, -0.3800920038749669, 0.19412827701713073, 0.2857820913439897, 0.1894479736526318, 0.4524071633917921, 0.7850904619927613, -0.19655973167171134, 0.41534643155477025, 0.7918318362380916, -0.1401216472671106, 0.1852256826025721], [0.2605420704685861, -0.425761117050698, 0.5251764990103016, -0.0998546792361662, 0.5058093699136972, -0.5962271484430812, -0.22715701229366203, 0.6490355905866492, 0.002825310326895203, 0.7674462424580573, 0.29918738906091846, 0.0987673534012329, 0.054333778820530795, 0.08346444015657273]], "inverted": true, "swapped": true, "error_lsq": 0.04200707289268219, "error_max": 0.2590437002932001, "target": "975.xyz", "model": "0.xyz", "model_rescale": 3.8414455957264533, "target_rescale": 4.042549288689966},
{"mapping": [3, 1, 11, 13, 12, 0, 10, 7, 4, 5, 8, 6, 9, 2, 14], "R": [[-0.42748954157523184, -0.25565829431380993, 0.8671167905146061], [0.005081335106914581, -0.9598428320142443, -0.28049227772686813], [0.9040060131864883, -0.11550140423141451, 0.4116218577083122]], "T": [0.03140898728980164, -0.03182941613242653, 0.07685818094331803], "aligned_model": [[-0.26469935074242273, -0.2984748641489906, -0.28398694946559555, 0.23056999279957946, -0.5498259367264128, 0.47188768369996476, -0.6234389386553383, 0.6738033173009289, 0.28056697812498, -0.28982591153065274, -0.2615917896976618, -0.1252487549363986, 0.46190302003195416, 0.3256540432690342, -0.034067645131431706], [0.5087511259584521, 0.04366181168813739, -0.6126633660252666, -0.7633898507123305, -0.5250414282468907, -0.21092526294753994, 0.0674727903508608, -0.018017419468906684, 0.3510357345054886, 0.5284127890844066, -0.5553641498754253, 0.31813801386459567, -0.2741380832695542, 0.5861829959145711, -0.021155270016775696], [-0.4063285445578919, -0.7193676728511906, -0.4611220490466332, 0.07796501468238964, 0.04225445170874505, -0.4703351716931586, 0.24917929422688798, 0.08654093121601744, -0.21835666773163348, 0.2082339635521602, 0.5910218949002259, 0.7573053306364528, 0.5474653181576493, 0.35269369933437084, 0.016336513097290443]], "inverted": false, "swapped": false, "error_lsq": 0.039658832570156934, "error_max": 0.26580443800182635, "target": "975.xyz", "model": "1.xyz", "model_rescale": 4.316132596720782, "target_rescale": 4.042549288689966},
{"mapping": [2, 4, 1, 7, 5, 3, 8, 12, 0, 10, 9, 14], "R": [[0.9057332292765692, -0.36004686002953445, -0.22363715247496502], [-0.416010522006216, -0.6541669838743869, -0.6316651033489212], [0.08113299553420622, 0.6651554824186302, -0.7422840569782474]], "T": [0.02444314696839408, 0.10738988148318211, -0.07660021945550483], "aligned_model": [[-0.24335888874068237, 0.421434188410567, 0.11679845078229267, -0.6155177875374889, -0.6155827115993306, -0.371470657142421, -0.14239190875379618, -0.4131148453305277, 0.5480312129289451, 0.2552987346008786, 0.5780526881698171, 0.07963007884352674], [-0.5706013763139395, -0.4578371231060459, -0.4743024513860679, 0.30875013042270966, -0.11356423907922626, -0.0986179519221982, 0.25425499751355884, 0.5034094618393935, 0.0034851369021035167, 0.06474702190086144, 0.5416202773328962, 0.05143254363693457], [0.01438945039949735, 0.24281415127960937, -0.5586751222271169, 0.024120634174881195, -0.42342124057373315, 0.4361540358565876, -0.6292167626557086, 0.5371793785726375, -0.5246198082560458, 0.6786624654927296, -0.27954191852662896, -0.06858680232728827]], "inverted": true, "swapped": true, "error_lsq": 0.04953594377284204, "error_max": 0.26854675792495525, "target": "975.xyz", "model": "2.xyz", "model_rescale": 3.795458400668931, "target_rescale": 4.042549288689966},
{"mapping": [5, 8, 13, 6, 3, 10, 9, 1, 0, 4, 12, 14], "R": [[-0.6890125138034813, -0.48786768611379816, -0.5359541740374603], [0.06739512985910495, -0.7794286489852518, 0.6228554227204737], [-0.721609071654093, 0.39303447938697955, 0.56991599882748]], "T": [0.022833909238272613, -0.007569447562036064, 0.0030362602197965202], "aligned_model": [[0.027250111838252936, -0.16104095896876117, -0.7399161210495918, 0.2834513646068712, 0.07836379896082446, 0.1257924068303839, -0.20179938576541542, 0.6108828030005735, 0.30078209053080956, 0.6814587955308195, -0.5055889137942451, 0.09366783402304374], [-0.19676605182272813, -0.5257607122775712, -0.06663622326355062, 0.02801082615255235, 0.5908608704455959, 0.6860943819861665, -0.355926801882652, -0.44500863334915114, -0.5413047706682892, 0.2735834671781505, 0.6445984548377708, -0.0059757620465840456], [-0.7337973613048799, -0.22599689885841445, 0.011450585569033798, 0.6655270040413984, -0.3146136727051453, 0.36877452515773124, 0.6067016729091863, -0.2022370732322796, 0.3545097643372616, 0.26047613984917395, -0.14000305879264047, 0.037979803668674754]], "inverted": false, "swapped": true, "error_lsq": 0.042883113840007224, "error_max": 0.25080160133053847, "target": "975.xyz", "model": "3.xyz", "model_rescale": 3.7530521520055578, "target_rescale": 4.042549288689966},
{"mapping": [13, 5, 8, 1, 9, 2, 11, 3, 10, 4, 14], "R": [[-0.7038281419227173, 0.4798977372281388, -0.5237595903092638], [-0.24981991944995066, -0.8574214751177431, -0.4499093484835961], [-0.6649931988250974, -0.1858132821146703, 0.7233653777353037]], "T": [-0.05264379107756028, -0.10431742175874287, -0.02185311539110913], "aligned_model": [[-0.4105554266797408, -0.2020971116248444, 0.14591972579993515, 0.5052987379137226, 0.3286884948743745, -0.0875111412068488, -0.16093011092817427, -0.5970051851560435, -0.37100947685416125, 0.18967832945710567, -0.002277233150119705], [-0.7639998235700403, 0.13353011847842775, -0.35497049145165444, 0.3070985597859307, -0.6698322608284832, 0.6114812409960693, -0.5611962584934791, 0.2952491063741493, 0.08771192921244453, 0.44139017976491185, -0.05925894195393037], [-0.1703983388351633, -0.7288403120919188, -0.5243806373854234, -0.33606436378322435, 0.24461179504462127, -0.1833639146986324, 0.5896596004752522, 0.05638470336229883, 0.6762174093950993, 0.4499436602159781, 0.019061175546428742]], "inverted": false, "swapped": true, "error_lsq": 0.04552513791119022, "error_max": 0.23658084420307082, "target": "975.xyz", "model": "4.xyz", "model_rescale": 3.7855080009869324, "target_rescale": 4.042549288689966},
{"mapping": [3, 5, 4, 6, 1, 7, 2, 8, 10, 9, 12, 14, 13, 15, 16], "R": [[-0.12534018814542114, -0.8635838717164653, -0.4883776548398483], [-0.8107719813209832, -0.19454418076327556, 0.5520881777723494], [-0.5717854768534417, 0.465161754922248, -0.6757854024889385]], "T": [-0.025604157906742416, -0.10248211672308155, 0.06251869085174169], "aligned_model": [[-0.44244677854985076, -0.2063880047798825, -0.1444240383322276, 0.3385319816082662, -0.5972562813153666, 0.3535735528892513, -0.6889874275250367, 0.6666361284943498, 0.31942063778681806, -0.18998931808401917, -0.26527429456853047, -0.2229190993766318, 0.39791424944355686, 0.442497167660697, -0.0476635811598566], [0.3748999061415163, 0.06847694924057143, -0.632667414065049, -0.632714818820387, -0.5987388246601766, -0.24337523894977156, 0.18370727139872733, 0.010746924968079247, 0.4242363448274135, 0.5859296366178395, -0.38235959570213446, 0.2233056318870662, -0.34743746434159894, 0.4559944188783864, -0.06704329661665961], [-0.22167356671403074, -0.7076718330408128, -0.439264300453694, -0.04854535190134121, 0.06937934819762127, -0.5681498937635324, 0.21680400867459068, 0.1198985127811919, -0.3042098554775303, 0.1398542985923696, 0.6346131632625511, 0.6216488682354476, 0.5968375798908206, 0.4476202552090476, 0.09634507213898236]], "inverted": true, "swapped": false, "error_lsq": 0.036200494849150125, "error_max": 0.23666612771323048, "target": "975.xyz", "model": "5.xyz", "model_rescale": 4.2253639853439635, "target_rescale": 4.042549288689966},
{"mapping": [13, 9, 10, 12, 11, 4, 3, 7, 0, 8, 6, 2, 5, 14], "R": [[-0.9486404705850658, -0.15882151232713315, 0.27360004530384663], [0.3150351192343845, -0.39530558452089626, 0.8628362350385904], [-0.028881329905697882, 0.9047149949396852, 0.42503722979777125]], "T": [0.05952096028812866, 0.05960193599736617, 0.039345306211294666], "aligned_model": [[0.5123814385979605, -0.19865554332926894, -0.44494928245684934, 0.32948721764793015, -0.30253614052019184, -0.5904699720801428, 0.13641390110589335, 0.6386862381642953, -0.25349442236910086, 0.46451456872833385, -0.6164494467958368, 0.03476544191488039, 0.6738025870749019, -0.009434432925020969], [-0.26130849771028586, 0.18640368328466028, -0.531419519316666, -0.7472333017074352, -0.3908293368091557, 0.10835373574592562, -0.3974364157982617, -0.2630822583059244, 0.6191627005060985, 0.44424516211119125, 0.08335070356477724, 0.1999240587121408, 0.30608709020485453, 0.0888813421530713], [-0.4872296402963708, -0.6340721749070003, 0.18678292906590896, 0.07324248442333925, -0.47098627660648335, 0.4320844611152366, 0.5366453310362141, 0.1831616111009836, -0.2337395372973231, -0.16758006118070823, -0.18555779371281633, 0.7600158704682664, 0.4143676994971583, 0.06442330622504357]], "inverted": true, "swapped": true, "error_lsq": 0.0385130786693839, "error_max": 0.20575458020196977, "target": "975.xyz", "model": "6.xyz", "model_rescale": 3.89814844738969, "target_rescale": 4.042549288689966},
{"mapping": [11, 6, 0, 12, 8, 4, 10, 13, 3, 2, 1, 5, 14], "R": [[-0.12119230299493325, -0.9464891730231841, 0.29911648407380187], [0.6312822291515048, 0.15905437944095704, 0.7590681468341028], [-0.7660255693201705, 0.2808201376869913, 0.5782256284679604]], "T": [0.02341457659775341, 0.050844563538949755, 0.0001809936991386714], "aligned_model": [[0.00048115806729705224, -0.033921384584503694, 0.4453398536443332, -0.3867798420198238, 0.5426601592145858, -0.4582524943286627, -0.6097952270546982, 0.37209329753525877, -0.582276657943033, -0.4247857853812248, 0.1742596741900227, 0.11093541470038143, -0.001326365135710418], [-0.38343115011012596, 0.25030606210665624, 0.5013590676701615, -0.684552472498646, 0.09365912197943158, 0.5361516816954144, -0.14044760122858882, -0.627632517241409, -0.11973333744571135, 0.49521765890172786, 0.7708101023265149, 0.15811324110279404, 0.1139614082122661], [-0.6364434348599773, -0.6817347618851851, -0.32335873008814287, 0.12645703231243946, 0.2888664288382145, -0.3338591652431587, -0.4333937880244823, 0.05882648788361709, 0.25736808930593474, 0.37610410237854225, 0.19559609965156194, 0.748226565459221, -0.0403798948922892]], "inverted": true, "swapped": true, "error_lsq": 0.04586173157168256, "error_max": 0.2793657711807837, "target": "975.xyz", "model": "7.xyz", "model_rescale": 3.7474275329858107, "target_rescale": 4.042549288689966},
{"mapping": [4, 13, 12, 10, 11, 1, 9, 0, 2, 8, 7, 5, 6, 3, 14], "R": [[-0.415880369648951, -0.0025566900204945786, -0.909415736325687], [0.5457444983214568, -0.8006218426081911, -0.24732085979659493], [-0.727465779739854, -0.5991645253808043, 0.33435820736551697]], "T": [-0.012844789613294876, -0.08198192454256115, -0.010794977055998904], "aligned_model": [[-0.3584358812359944, -0.49934939428324426, -0.10531904491947824, 0.1263524373061259, -0.49243098596968987, 0.5637435719597472, -0.6586386121292918, 0.6196655598212796, 0.28895136979198943, -0.2470844986013378, -0.22501675332675633, -0.09671900627858895, 0.40144538827785053, 0.4106493390305391, -0.014588595251613407], [0.4975464127124116, -0.07835855140446693, -0.5186257179276514, -0.7850387925749674, -0.47295890962395765, -0.0011661989555570157, -0.012576487444363543, -0.22662587325272968, 0.614038265285581, 0.5417030868223855, -0.37512894270395813, 0.1786878082914759, -0.23157673369732787, 0.34468877257005215, -0.05164770729310416], [-0.40695094325497394, -0.7667129418475542, -0.43674489031247693, 0.23739553851353168, 0.049321850795559695, -0.4859965130869905, 0.3872925311501542, 0.10419208128816579, -0.37557500579888886, 0.13535248678935125, 0.5662020034222984, 0.6510493174611502, 0.6768990973510857, 0.38002387639691315, -0.06226218323564412]], "inverted": false, "swapped": false, "error_lsq": 0.040713832502564246, "error_max": 0.22765403264149958, "target": "975.xyz", "model": "8.xyz", "model_rescale": 4.019505241142653, "target_rescale": 4.042549288689966},
{"mapping": [7, 8, 2, 3, 12, 10, 4, 13, 11, 9, 1, 6, 14], "R": [[0.4415795970459818, 0.5998318263186084, -0.6672400164918104], [0.806205519205593, 0.06109779190010123, 0.5884723618211584], [0.393751343204247, -0.7977899723362128, -0.45660819064558683]], "T": [-0.10130256809353445, -0.029235250554302303, 0.004297349939437721], "aligned_model": [[-0.25199584119660834, -0.6935841222612475, -0.001076290917123926, 0.2755371484268811, 0.2625384145669021, 0.6846752544454473, 0.41545624947746906, -0.33032319916917857, 0.3287111401166588, -0.172731440250456, -0.4289611028061423, 0.298263241517686, -0.06680868020911135], [-0.5819859675247953, -0.05236668658399919, 0.2927634068340704, -0.2732183948595153, -0.7804061913968604, -0.11407927349856771, 0.516288124175602, -0.6923171490861658, -0.2833181267779392, 0.03270158456428886, 0.6180385476439074, 0.33953874723829763, 0.041739607385735344], [-0.3590190689473967, 0.06308373614293958, -0.6483440171244449, -0.5061612158602643, -0.16415399786210158, 0.02827219795203508, -0.11600878465176251, 0.30961561003550087, 0.5916150688534608, 0.7304424034162256, -0.22585086087206782, 0.46520330771336516, 0.008009115248389813]], "inverted": true, "swapped": true, "error_lsq": 0.05502469527809609, "error_max": 0.3740493269267247, "target": "975.xyz", "model": "9.xyz", "model_rescale": 3.877068213659057, "target_rescale": 4.042549288689966},
{"mapping": [2, 13, 6, 12, 3, 10, 4, 11, 9, 7, 5, 1, 0, 8, 15], "R": [[-0.0997254904948211, -0.9363385063905919, 0.33663782912174744], [0.9948628758699632, -0.09974588904806886, 0.01728050444160298], [0.017397837834434077, 0.3366317855881197, 0.941475626965691]], "T": [-0.042485473030401885, -0.046351153588308214, -0.06459792156029769], "aligned_model": [[-0.271621027957347, -0.4835785024407154, -0.05926052438874255, 0.23891009287461823, -0.516891002530519, 0.4846347659615114, -0.6628507295552689, 0.6759854418753845, 0.3126339712243608, -0.31391426387640287, -0.2677192038017478, -0.20462398360891487, 0.3934154274732154, 0.38053092158739893, 0.007573511354706283], [0.5208187813147832, -0.05485940007961258, -0.563157297110087, -0.6980242497410734, -0.46068413549958376, -0.20064401991418027, 0.13770122054161196, -0.14939836457201866, 0.42921478293896304, 0.5947935065183431, -0.4384688610356095, 0.10046774390029525, -0.23041497827422577, 0.5072209696235995, -0.07160526780738216], [-0.32183423384891857, -0.6994231298743239, -0.40065533152906985, 0.1684984682727329, 0.013048175627191794, -0.5135397268156479, 0.13380155378917657, 0.06895391484274561, -0.3533409287947256, 0.3614848236118258, 0.5729825927840658, 0.7750817345771169, 0.575618408296976, 0.26697103068842426, 0.005838954004111677]], "inverted": true, "swapped": false, "error_lsq": 0.033123066884727284, "error_max": 0.23665037318419038, "target": "975.xyz", "model": "10.xyz", "model_rescale": 4.260839863003843, "target_rescale": 4.042549288689966},
{"mapping": [1, 9, 11, 6, 10, 4, 2, 8, 13, 12, 3, 14], "R": [[-0.5781682353113197, -0.37334074119354904, 0.7254916833720744], [-0.14951772742291064, 0.922595323291422, 0.35561540830943333], [-0.8021009542839872, 0.09713166530976508, -0.5892363691515224]], "T": [0.1505700563769969, 0.015841731253386532, -0.05010078806453567], "aligned_model": [[0.48616584861639256, 0.02596272973653521, -0.401252459420365, -0.377536270644131, -0.6075816109776553, -0.34965149600239986, 0.2044419533644857, 0.7072169626261393, 0.3325930858566305, -0.10937614326412767, -0.06405560113199171, 0.11197165033461767], [0.24813020416471177, -0.688164850700058, -0.4757111561802635, -0.27193948945317226, 0.17715123727947604, 0.33940263519392244, 0.7123939822384083, -0.19191797535005764, -0.4299236681053099, 0.15910147147175976, 0.563342589179465, 0.03121352579405201], [-0.6925252690172966, -0.20844421459266702, 0.16962556471054713, -0.43268029083305093, 0.10712431057653121, -0.5235939072444146, -0.27721744611109894, -0.09215394511955785, 0.5444646995317697, 0.7479709629268536, 0.29090145790985167, -0.1172938453419628]], "inverted": true, "swapped": true, "error_lsq": 0.05056063289419293, "error_max": 0.23431018526021147, "target": "975.xyz", "model": "11.xyz", "model_rescale": 3.890672605050136, "target_rescale": 4.042549288689966},
{"mapping": [7, 5, 2, 12, 3, 9, 8, 11, 13, 0, 4, 1, 6, 14], "R": [[-0.3495702747784436, 0.8356458232086204, -0.4236704865167163], [0.5266243382209665, 0.5492562116466874, 0.6488331221206718], [0.7748983348702284, 0.0036975831994580655, -0.6320750734634538]], "T": [0.07656989868159095, -0.006732589530155073, 0.09373235559864991], "aligned_model": [[0.46900248179651505, 0.14865065784952147, 0.3837560718927284, 0.7691631581413645, 0.7427714605807744, -0.44170953189918005, -0.32112029016564436, 0.11050712161989443, 0.06421462312744333, -0.5604612559312926, 0.2134990772241818, -0.299874689359071, -0.13046785906270195, 0.06194480897915975], [-0.29896287491455376, 0.15129009469710933, 0.6206699247046035, -0.5019211626219507, 0.1060373065084973, -0.346676176193939, -0.13359973251101356, -0.4742141237215539, -0.7541793724343294, 0.19912534111129385, 0.5815938642241212, 0.6159580920486325, 0.11165283300425916, 0.05537850592658865], [-0.37620249724434396, -0.6469240013886752, -0.13358226363946984, 0.0829270959553441, 0.019151369274693464, 0.48366784222939835, -0.3311624356962184, 0.70587717529283, -0.06911096621460473, 0.2873196257286155, 0.5565837116633481, -0.12951072123359691, 0.7654478148291722, 0.14030868580036854]], "inverted": true, "swapped": true, "error_lsq": 0.034066361147187856, "error_max": 0.1829301503048733, "target": "975.xyz", "model": "12.xyz", "model_rescale": 4.124412569039231, "target_rescale": 4.042549288689966},
{"mapping": [8, 5, 12, 1, 13, 9, 2, 6, 3, 4, 11, 10, 14], "R": [[0.21510983962213237, 0.21353210126681543, 0.9529594947458778], [0.46271590055070133, -0.8816049170564807, 0.0930954649775671], [0.8600126465786965, 0.420923760258808, -0.2884465908522609]], "T": [0.06223854430024597, 0.057506030451781605, 0.07307743488465837], "aligned_model": [[-0.13434403242709927, -0.372328016524799, 0.6860182133525443, -0.6765514824182337, 0.6222018956387158, 0.3646352290335102, -0.4768910422280747, 0.19163400725371857, 0.13427141978150336, -0.19475398175675904, 0.7354710931539912, 0.4625616359144202, 0.02537336873631968], [-0.21238137188840633, 0.37314898197172125, 0.6210882996718802, -0.1172057284278652, -0.040455982908704384, -0.60542749825425, 0.526029454001697, -0.3144818014271132, 0.7247634059882397, 0.1547025963783702, -0.17635230074625385, 0.37288690511551403, 0.041170417033647565], [0.5663364160783999, 0.6118353351393315, 0.20831001196389065, 0.018701136057180434, 0.5851240955154482, 0.00027444325227944655, -0.0986615720835878, -0.5210296822842941, -0.03500935289550433, -0.6365821053578999, -0.22099775325995166, -0.5317454857346926, 0.005142594577238896]], "inverted": false, "swapped": true, "error_lsq": 0.04690190963979116, "error_max": 0.31501315598544005, "target": "975.xyz", "model": "13.xyz", "model_rescale": 3.9028299243045295, "target_rescale": 4.042549288689966},
{"mapping": [1, 2, 0, 4, 3, 8, 6, 5, 12, 11, 7, 9, 10, 13, 15], "R": [[0.8974967005482326, -0.19774836236417745, 0.39420205185579943], [0.25070208608666206, 0.9641349624141462, -0.08713345099598238], [-0.36283348320797554, 0.17702926151616674, 0.9148838746148107]], "T": [-0.014637437982100779, -0.023324612683468124, 0.012095354317862406], "aligned_model": [[-0.4455581847088241, -0.3056787479439613, 0.026912836083167732, 0.21037690752010746, -0.3966244200786502, 0.3957457694527336, -0.6713038754033127, 0.4816969580210385, 0.34159316253159827, -0.1570221859881475, -0.30157660871896824, -0.40922745461794346, 0.3234134213054312, 0.6909554569735276, -0.07047814023626023], [0.43101832137077356, -0.02366147222632295, -0.6859208265456456, -0.6440810577403906, -0.5141272823968965, -0.07656991599534024, 0.005141778415148658, -0.12474191868778987, 0.5276770118878774, 0.6721767881802267, -0.39757883022381973, 0.20109350379363206, -0.20524208540006722, 0.27706488663481976, -0.019288470262382895], [-0.16133637305136012, -0.6642511633615864, -0.48434823899897933, 0.16504388854167726, -0.0313572652705226, -0.6400225186839041, 0.12339277922783637, -0.061854162530981, -0.219717626203664, 0.21669514236716383, 0.7855471296647605, 0.640411106334202, 0.6508286724595898, 0.22317867218708182, 0.1112762629503679]], "inverted": false, "swapped": false, "error_lsq": 0.046476060459479406, "error_max": 0.2742996001007914, "target": "975.xyz", "model": "14.xyz", "model_rescale": 3.942246331269136, "target_rescale": 4.042549288689966},
{"mapping": [12, 13, 4, 10, 3, 11, 1, 6, 8, 0, 5, 2, 9, 7, 14], "R": [[-0.11187866467750214, -0.9304378910426991, -0.348953428557442], [0.9897866700580389, -0.1355593749473017, 0.04411353124967257], [-0.08834880964335623, -0.34045408908678365, 0.9361012237245985]], "T": [-0.0038155362014398453, -0.10877527991534885, 0.010519729376240544], "aligned_model": [[-0.6560158581568801, -0.21465825891080792, -0.10463087583774454, 0.34374255387884745, -0.6461202426153341, 0.45147839437522386, -0.7578141660958172, 0.5462242861216762, 0.3534294405604754, -0.11027644185692374, -0.34046051665134747, -0.08096803835956642, 0.4804780810551814, 0.5011763940487592, -0.05235985736420497], [0.18505903345199848, -0.0677629681430755, -0.5785443050504304, -0.7318297325362147, -0.4312455446936663, -0.1578377821763083, 0.10107548803529431, -0.007781563231944122, 0.5325661692577206, 0.5656608603284281, -0.22086630318384387, 0.23134506469282723, -0.34679349064851805, 0.3812378016450276, -0.03132229694347248], [-0.3849197659854495, -0.7735677549448081, -0.32536314788941634, 0.007866593077795553, 0.008169632993166948, -0.5412151093900781, 0.2204962925649587, 0.017291168488286657, -0.23422115081903275, 0.2835022401133721, 0.5367186630787114, 0.6894995237986093, 0.6079888329926867, 0.49616346547392887, 0.045076822078950037]], "inverted": true, "swapped": false, "error_lsq": 0.04253005037410957, "error_max": 0.3096597480662104, "target": "975.xyz", "model": "15.xyz", "model_rescale": 4.355366556412066, "target_rescale": 4.042549288689966},
{"mapping": [2, 4, 1, 7, 5, 3, 8, 12, 0, 10, 9, 14], "R": [[0.9057332292765692, -0.36004686002953445, -0.22363715247496502], [-0.416010522006216, -0.6541669838743869, -0.6316651033489212], [0.08113299553420622, 0.6651554824186302, -0.7422840569782474]], "T": [0.02444314696839408, 0.10738988148318211, -0.07660021945550483], "aligned_model": [[-0.24335888874068237, 0.421434188410567, 0.11679845078229267, -0.6155177875374889, -0.6155827115993306, -0.371470657142421, -0.14239190875379618, -0.4131148453305277, 0.5480312129289451, 0.2552987346008786, 0.5780526881698171, 0.07963007884352674], [-0.5706013763139395, -0.4578371231060459, -0.4743024513860679, 0.30875013042270966, -0.11356423907922626, -0.0986179519221982, 0.25425499751355884, 0.5034094618393935, 0.0034851369021035167, 0.06474702190086144, 0.5416202773328962, 0.05143254363693457], [0.01438945039949735, 0.24281415127960937, -0.5586751222271169, 0.024120634174881195, -0.42342124057373315, 0.4361540358565876, -0.6292167626557086, 0.5371793785726375, -0.5246198082560458, 0.6786624654927296, -0.27954191852662896, -0.06858680232728827]], "inverted": true, "swapped": true, "error_lsq": 0.04953594377284204, "error_max": 0.26854675792495525, "target": "975.xyz", "model": "16.xyz", "model_rescale": 3.795458400668931, "target_rescale": 4.042549288689966},
{"mapping": [11, 6, 0, 12, 8, 4, 10, 13, 3, 2, 1, 5, 14], "R": [[-0.12119230299493325, -0.9464891730231841, 0.29911648407380187], [0.6312822291515048, 0.15905437944095704, 0.7590681468341028], [-0.7660255693201705, 0.2808201376869913, 0.5782256284679604]], "T": [0.02341457659775341, 0.050844563538949755, 0.0001809936991386714], "aligned_model": [[0.00048115806729705224, -0.033921384584503694, 0.4453398536443332, -0.3867798420198238, 0.5426601592145858, -0.4582524943286627, -0.6097952270546982, 0.37209329753525877, -0.582276657943033, -0.4247857853812248, 0.1742596741900227, 0.11093541470038143, -0.001326365135710418], [-0.38343115011012596, 0.25030606210665624, 0.5013590676701615, -0.684552472498646, 0.09365912197943158, 0.5361516816954144, -0.14044760122858882, -0.627632517241409, -0.11973333744571135, 0.49521765890172786, 0.7708101023265149, 0.15811324110279404, 0.1139614082122661], [-0.6364434348599773, -0.6817347618851851, -0.32335873008814287, 0.12645703231243946, 0.2888664288382145, -0.3338591652431587, -0.4333937880244823, 0.05882648788361709, 0.25736808930593474, 0.37610410237854225, 0.19559609965156194, 0.748226565459221, -0.0403798948922892]], "inverted": true, "swapped": true, "error_lsq": 0.04586173157168256, "error_max": 0.2793657711807837, "target": "975.xyz", "model": "17.xyz", "model_rescale": 3.7474275329858107, "target_rescale": 4.042549288689966},
{"mapping": [1, 6, 4, 9, 5, 7, 2, 10, 8, 3, 13, 11, 12, 14], "R": [[0.48396616449516816, 0.705644039603171, 0.5175357388590225], [0.4479372259287834, 0.3082931642686201, -0.8392303417372775], [-0.7517506190559886, 0.6379826128020734, -0.16688077334186213]], "T": [0.02071770373748844, -0.11741475734316206, -0.043744727042467964], "aligned_model": [[0.5428338267761711, 0.1287963029503191, 0.6471764741692642, -0.3964229684244502, 0.1523942313818258, -0.20992501655786863, 0.6848001817010968, 0.1727581339688939, -0.2048761779513404, 0.2613222385535174, -0.7211779455332127, -0.3988425727439747, -0.3248762138671459, 0.08088715345978092], [-0.5721988576122514, 0.3618003140594783, 0.26986478816040893, 0.035930471447187334, -0.7573310649206135, -0.31045877754591955, -0.26429014309963156, 0.6407029328090501, -0.6546825300365829, 0.10552722582584587, -0.1620321775138098, 0.5010912131235226, 0.25830231855184926, -0.09181747173729993], [-0.35974767061922847, -0.5602264123929385, -0.23524657172814362, -0.625727368060605, 0.346007829180479, 0.5643494924181188, 0.23390843703129627, 0.1226154681456737, -0.16719140748630262, 0.5516628846129141, 0.1377695285340969, -0.23303693260041228, 0.6377355900623951, -0.08807814843568842]], "inverted": true, "swapped": true, "error_lsq": 0.02859210877739472, "error_max": 0.15040150964329183, "target": "975.xyz", "model": "18.xyz", "model_rescale": 3.922800546911778, "target_rescale": 4.042549288689966},
{"mapping": [6, 1, 0, 3, 2, 5, 10, 12, 8, 4, 9, 11, 7, 13, 14], "R": [[-0.5919288497022197, 0.4151596474234458, 0.6908420253874595], [-0.12496397163128713, -0.8940422997351145, 0.4302003859580821], [0.7962438336868564, 0.16831765633939902, 0.581089428470412]], "T": [0.00691327486418037, 0.015078025679072092, -0.020446929970395544], "aligned_model": [[-0.43146122215121435, -0.38323382701651465, 0.0548297645961407, 0.23652803406677964, -0.5460073682551739, 0.46730400215757667, -0.7092648906054552, 0.7700000780080468, 0.2428259110442466, -0.2566202809393626, -0.37516670002485075, -0.10988131348012203, 0.3363494706322673, 0.3818918948970022, 0.03513134126217066], [0.4751176270776392, -0.07026650775658586, -0.7098864421005748, -0.5725104591578175, -0.4386144816368331, -0.19201628006538302, 0.1586987028427276, -0.15962282118778595, 0.47270098240056513, 0.6314374779531371, -0.48094547861284836, 0.1983425957913282, -0.2912045700430183, 0.4347425603638506, -0.03301247506457798], [-0.2886989335503478, -0.643732236585745, -0.43345197369942595, 0.08522273657836425, 0.01918681834683006, -0.592885613967376, 0.32169716782891833, 0.05565950561944033, -0.35107831322623395, 0.25253334340136424, 0.49985948157355653, 0.6577984048781825, 0.6397604492175719, 0.37336325230816647, 0.058252216908415866]], "inverted": false, "swapped": false, "error_lsq": 0.02942614092083116, "error_max": 0.17846779186598305, "target": "975.xyz", "model": "19.xyz", "model_rescale": 3.9282355846067225, "target_rescale": 4.042549288689966},
{"mapping": [9, 0, 1, 6, 11, 4, 10, 2, 12, 7, 8, 13, 5, 14], "R": [[-0.10064437911325055, 0.6166860261379756, 0.7807490340173728], [-0.4188015021164657, 0.6855638725835378, -0.5954892765056774], [-0.9024832468128705, -0.38691151672496793, 0.18927088378217247]], "T": [-0.0004338197707659669, -0.10889469665833051, 0.06834079047474056], "aligned_model": [[-0.6056033994154899, -0.08750094527194786, 0.5372722937869768, -0.33447201137185234, -0.7117922820949939, 0.23232537692992888, -0.21066438930406461, 0.6935392505471522, -0.23443210215153504, 0.12175202530423809, 0.05351509279429485, -0.5026547321931154, 0.5621872003554828, 0.019051441169602203], [-0.5129180547900739, -0.764714782331083, -0.6302371066399618, -0.3007799408886228, 0.06507448511003411, -0.086212882103868, 0.42553660829838125, 0.032658147465446374, 0.6775060922732604, 0.31414278009743646, -0.4891701779253175, 0.04243475552926759, -0.11555867244203716, -0.1348791642280257], [-0.013877212222366625, -0.15070610312779428, -0.06718009773390424, -0.5313924328573214, -0.17273152660808905, -0.6558261002169878, -0.4754613123215658, -0.12668065961104524, 0.296008316961024, 0.5844324009724178, 0.5236082010404364, 0.6253155166457387, 0.5803484299267361, -0.003674263603595296]], "inverted": true, "swapped": true, "error_lsq": 0.04401328605574329, "error_max": 0.2903022629681435, "target": "975.xyz", "model": "20.xyz", "model_rescale": 4.067790424073018, "target_rescale": 4.042549288689966},
{"mapping": [5, 1, 9, 12, 10, 7, 13, 0, 8, 5, 11, 6, 3, 2, 14], "R": [[-0.24834178318877642, 0.3464516779900803, 0.9045980287069375], [0.9403205935561401, -0.13806091957332495, 0.3110246996956945], [0.23264466479343088, 0.9278525838216038, -0.29148935253063124]], "T": [0.018768742737195896, 0.03025696152974678, 0.09904954231036636], "aligned_model": [[-0.31439226217490573, -0.34360534828509454, -0.06564597742095184, 0.16258028037535974, -0.5573927854680907, 0.3174343336001099, -0.6794184215266482, 0.7147790486457372, 0.16366346646615798, -0.31439226217490573, -0.2573945620473674, -0.09574257515078743, 0.4288204954019034, 0.577750404785786, -0.02381894083476591], [0.4833851169820533, -0.011752446686962528, -0.5556085589756157, -0.7179628430907347, -0.5120856863344786, -0.07228977798180183, -0.020029744531584258, -0.024688513972531183, 0.39256495154803833, 0.4833851169820533, -0.3668391216608522, 0.3596249129588107, -0.31774079571247094, 0.3356389224430376, -0.03264110116313917], [-0.08024000116675592, -0.6359506815371301, -0.40462261929129795, 0.17966735990377022, -0.11352789599727395, -0.5769289989606148, 0.11042653347286, -0.03136778135442353, -0.31677053432070135, -0.08024000116675592, 0.5280959078517861, 0.7517062770050685, 0.7582157866992977, 0.48376150076900526, 0.08126145372484674]], "inverted": true, "swapped": false, "error_lsq": 0.046001191643680106, "error_max": 0.35455248290792846, "target": "975.xyz", "model": "21.xyz", "model_rescale": 4.186013935880536, "target_rescale": 4.042549288689966},
{"mapping": [2, 5, 1, 10, 12, 4, 3, 7, 0, 8, 13, 9, 14], "R": [[0.9943483737154054, 0.07180611164155853, -0.07819970601254511], [0.0988866093423286, -0.8944714278993016, 0.4360530967262612], [-0.03863612535317359, -0.4413215913624717, -0.8965168725768575]], "T": [0.04608525714735946, 0.019529628721395846, 0.05848350180044602], "aligned_model": [[0.10292193517885542, -0.4987891208107207, 0.2778035306825701, 0.4104459794813875, -0.39272370472706275, 0.6923075594847405, -0.1268305550553369, -0.5889433059693088, 0.47243762116498594, -0.26622312258092135, -0.4672909020941277, 0.32362630080452787, 0.11983181986363589], [-0.3295220387126335, 0.07498000798046131, 0.3313057672832196, -0.6071643367664951, -0.5704701131432791, -0.29843468210087243, -0.6270727863090537, -0.21912270827979247, 0.5640570623418628, 0.5097893211320551, 0.1812374422959884, 0.49483477496812156, 0.014538948856510744], [-0.5854122362592482, -0.46950874378955487, -0.5960346150435623, 0.3747592939992811, 0.487856182794556, -0.18728961906401187, -0.060299210820566926, 0.06342556336582747, -0.027398664235724415, -0.07150592812324648, 0.6022139457875175, 0.5414750970150963, 0.030598495708982577]], "inverted": true, "swapped": true, "error_lsq": 0.049044249178984485, "error_max": 0.32376995019609794, "target": "975.xyz", "model": "22.xyz", "model_rescale": 4.166573947596378, "target_rescale": 4.042549288689966},
{"mapping": [4, 1, 6, 12, 2, 5, 3, 13, 7, 8, 11, 9, 14, 10, 15], "R": [[-0.25171134959984587, 0.7007550365392314, 0.6675206178445167], [-0.7462972331499247, -0.5796806762001853, 0.32712498136471235], [0.616183281398799, -0.4158277196207548, 0.6688837502284024]], "T": [-0.0714300198724557, -0.027098970656994927, 0.08584534233169011], "aligned_model": [[-0.6281162665977006, -0.20111588239338404, -0.042465782674231206, 0.06192804838542629, -0.5768172630603012, 0.46223927087309147, -0.6389971249088381, 0.764338154676203, 0.35807982270069993, -0.30590807965744404, -0.46161143439850705, -0.12559848213702943, 0.5337989290465078, 0.5783684559478511, -0.06489747161080635], [0.3424029042067627, -0.11921699909295141, -0.6430917181832494, -0.6236034292798859, -0.34741199364155956, -0.03657885192881557, 0.01864972337952552, -0.06168144908744466, 0.45194351317487513, 0.7362248403566354, -0.4729431278023963, 0.14335537359622513, -0.24066811823158946, 0.3116585882695713, -0.03607882493187994], [-0.21980527609353362, -0.6089891032497137, -0.3600488602830615, 0.3220219959254669, -0.22203863081171843, -0.5514687098965363, 0.27872170244520267, -0.04495507621869144, -0.22629123269147428, 0.21404806944886717, 0.6064937637488306, 0.6589598688472813, 0.5485157453346852, 0.24059187765897616, 0.01773017146710125]], "inverted": false, "swapped": false, "error_lsq": 0.03977530282357007, "error_max": 0.23310262825617778, "target": "975.xyz", "model": "23.xyz", "model_rescale": 4.274766983524099, "target_rescale": 4.042549288689966},
{"mapping": [1, 2, 5, 8, 7, 13, 9, 11, 6, 10, 14], "R": [[-0.9540817170612994, -0.29954583035453813, 0.0006104806085843965], [0.29908603273662887, -0.9525003078459764, 0.05736469798739114], [-0.016601873124059745, 0.05491319577779714, 0.9983531032346433]], "T": [-0.040061121625248955, 0.11217958136568879, 0.01499421770509246], "aligned_model": [[0.2408520896572608, 0.18427237441064037, -0.4893915942662202, -0.4064069722410028, -0.6155371766753309, -0.6579007952013227, 0.0651984375165114, 0.09899579322670936, 0.5536378134959268, 0.36911692599486823, 0.03705780804003485], [0.011415762445439653, 0.6459723239397201, 0.3729331222920943, -0.21570437154899497, 0.46934250594113547, -0.11347581049992131, -0.5536407944623853, -0.12749479959520055, -0.169364344182228, 0.4854907008855695, 0.11011223602825432], [-0.6851672670020018, -0.43712190292231934, -0.5407470539033187, -0.3212663555125332, 0.05375751575072037, 0.4057640674176603, 0.3010511112636448, 0.7344602459037824, 0.2912839062436968, 0.5795706717645192, -0.0020185049822734925]], "inverted": false, "swapped": true, "error_lsq": 0.05057474211329866, "error_max": 0.23578807806811897, "target": "975.xyz", "model": "24.xyz", "model_rescale": 3.7841303162186577, "target_rescale": 4.042549288689966},
{"mapping": [8, 2, 5, 3, 4, 12, 1, 13, 9, 0, 6, 7, 11, 10, 15], "R": [[0.01823949624086052, -0.7884798402184986, -0.6147900961677009], [0.35403574557542783, -0.5699600056210381, 0.7414878844912556], [-0.935054015355119, -0.23118203555094266, 0.2687542647229846]], "T": [0.012047713730274284, 0.06931572624565285, 0.06553801266449258], "aligned_model": [[-0.4238240756069916, -0.2542983202656994, -0.03794276308419976, 0.10810483339923475, -0.5073584179551668, 0.42816714443654236, -0.7237861884843301, 0.6766137359506051, 0.24668069212507893, -0.434720610875927, -0.2314372655268557, -0.015841323267236546, 0.4434170478085939, 0.44146454153155273, -0.002014135993664597], [0.37491097208785834, -0.003163992441802141, -0.5760633958475854, -0.7295538858069524, -0.4440423411957479, -0.22446393748035254, 0.17022067742869235, -0.3433194978339059, 0.34658076597749, 0.5277303687175394, -0.4351854671322476, 0.2761255647246058, -0.19407822739695346, 0.6645937552501703, 0.012669071753013149], [-0.1915322357452275, -0.6363163229927183, -0.5263449879679855, 0.10531564875532196, -0.08738388837898689, -0.4963427887497064, 0.10299536149726934, 0.07471250066654417, -0.39295099671109723, 0.42828314226313224, 0.521849378947931, 0.6813768328308736, 0.6434408522180197, 0.323414652674368, 0.10296915632394335]], "inverted": true, "swapped": false, "error_lsq": 0.04109907037147744, "error_max": 0.2596946713346259, "target": "975.xyz", "model": "25.xyz", "model_rescale": 4.19342608120988, "target_rescale": 4.042549288689966},
{"mapping": [2, 4, 1, 7, 5, 3, 8, 12, 0, 10, 9, 14], "R": [[0.9057332292765692, -0.36004686002953445, -0.22363715247496502], [-0.416010522006216, -0.6541669838743869, -0.6316651033489212], [0.08113299553420622, 0.6651554824186302, -0.7422840569782474]], "T": [0.02444314696839408, 0.10738988148318211, -0.07660021945550483], "aligned_model": [[-0.24335888874068237, 0.421434188410567, 0.11679845078229267, -0.6155177875374889, -0.6155827115993306, -0.371470657142421, -0.14239190875379618, -0.4131148453305277, 0.5480312129289451, 0.2552987346008786, 0.5780526881698171, 0.07963007884352674], [-0.5706013763139395, -0.4578371231060459, -0.4743024513860679, 0.30875013042270966, -0.11356423907922626, -0.0986179519221982, 0.25425499751355884, 0.5034094618393935, 0.0034851369021035167, 0.06474702190086144, 0.5416202773328962, 0.05143254363693457], [0.01438945039949735, 0.24281415127960937, -0.5586751222271169, 0.024120634174881195, -0.42342124057373315, 0.4361540358565876, -0.6292167626557086, 0.5371793785726375, -0.5246198082560458, 0.6786624654927296, -0.27954191852662896, -0.06858680232728827]], "inverted": true, "swapped": true, "error_lsq": 0.04953594377284204, "error_max": 0.26854675792495525, "target": "975.xyz", "model": "26.xyz", "model_rescale": 3.795458400668931, "target_rescale": 4.042549288689966},
