[{"mapping": [1, 6, 2, 8, 5, 12, 11, 2, 0, 9, 4, 7, 13], "R": [[0.9340037428701179, 0.2358614909024395, -0.26834001828629594], [0.0008812930497719973, 0.7495755631402147, 0.6619181962037235], [0.35726213293206943, -0.6184705589212061, 0.6998985184442954]], "T": [0.13126858759868618, -0.042434645573232496, -0.0013359244160028733], "aligned_model": [[0.3826150785734097, -0.4730089443064467, -0.546197314439928, -0.04118341348341317, 0.318597820906905, 0.5978091124068495, 0.5295468633389295, -0.546197314439928, 0.03004681136698488, 0.16702383594850534, -0.6241530642062466, -0.022115622937993823, 0.1382492933084377], [-0.5523041111901167, 0.020704556373331476, -0.1373934725692485, 0.5769747866516457, -0.26053102135405987, -0.061810055762845095, 0.39358906341829586, -0.1373934725692485, -0.3728565405014116, 0.35949986518756266, 0.5423984954910648, 0.6854462128342917, 0.11967558797967455], [0.09817378832209177, -0.4654570183126774, 0.3497780430650009, -0.4453757809788276, -0.7011523215238591, 0.34083996626788754, -0.37324932981291853, 0.3497780430650009, 0.6885828809148836, 0.6101486486021148, -0.028029588612874565, 0.13304124030120001, 0.013203820444723027]], "inverted": false, "swapped": false, "error_lsq": 0.05855985305903974, "error_max": 0.4314106888166441, "target": "976.xyz", "model": "0.xyz", "model_rescale": 3.8414455957264533, "target_rescale": 3.930617063510936},
{"mapping": [10, 4, 2, 0, 1, 12, 11, 9, 6, 8, 7, 13, 14], "R": [[0.15266845282675562, 0.7292516302846057, -0.6669965541430702], [-0.384602906655539, 0.6655450030587791, 0.6396330612903001], [0.9103696763972291, 0.1588770236086219, 0.38208002259431195]], "T": [-0.06561281699175422, 0.018830009673463002, 0.030171896866600233], "aligned_model": [[0.3890592268682379, -0.40332379846274924, -0.6872378379844097, -0.21872201947523237, 0.34533383063236134, 0.6770663928705762, 0.6124024622502445, -0.40275905554063374, -0.26501610528890895, 0.33219142791194656, -0.6080541533697023, 0.14346067576346236, -0.003367904139126625], [-0.44985085539691944, -0.11081924487335502, -0.3710273218829723, 0.49574435413696843, -0.09575384252192613, 0.10989678941509771, 0.4088599370289179, 0.37797158018212856, -0.4639313855162028, 0.20447972869265035, 0.35854918438836436, 0.7279855457261402, -0.016104575389955064], [0.23509353959729257, -0.37598028968117947, 0.10890131910509326, -0.49387738484933247, -0.7224842562280966, 0.17991827155669438, -0.308113986686744, 0.5022517906963975, 0.6108671161636527, 0.687125747654663, -0.027302280418976817, 0.19820076626797556, -0.024317961435693654]], "inverted": false, "swapped": false, "error_lsq": 0.043055740156644776, "error_max": 0.266613307955006, "target": "976.xyz", "model": "1.xyz", "model_rescale": 4.316132596720782, "target_rescale": 3.930617063510936},
{"mapping": [9, 11, 7, 0, 8, 5, 2, 4, 10, 6, 1, 12], "R": [[0.4767688027271507, -0.7663073954798492, 0.43065587698185326], [0.18446395921955633, 0.566233657652537, 0.8033383425994775], [-0.8594559654195001, -0.3035661716567236, 0.41131863917225475]], "T": [-0.039536748932827055, 0.1014538829877754, -0.021647573214100716], "aligned_model": [[-0.3300457731949313, 0.3015666185146605, 0.12021951853090063, -0.6266550679360053, -0.5335451551986954, -0.34111707898321914, -0.05869074972574762, -0.053085029048463635, 0.6080449745338914, 0.24776733064742845, 0.2423971123473433, 0.02095185414461892], [-0.6843088295191859, -0.3876047478598407, -0.39040000514110595, 0.2908488584870193, -0.2425993797334543, -0.20297239289702723, 0.25067579745009333, 0.7602256182009337, 0.06641147432558456, -0.09334663670038056, 0.6018834910481294, 0.04396318008021474], [0.016232484401938415, 0.1152985339056474, -0.5748539180355913, -0.09652013294394762, -0.46570977872494806, 0.5248913527913379, -0.7449042847936269, 0.5068478360406062, -0.4491077603239623, 0.798721926137516, -0.21652056992072652, 0.03488277267517734]], "inverted": true, "swapped": true, "error_lsq": 0.04836761286429425, "error_max": 0.2221943419547961, "target": "976.xyz", "model": "2.xyz", "model_rescale": 3.795458400668931, "target_rescale": 3.930617063510936},
{"mapping": [4, 1, 3, 7, 5, 9, 10, 0, 2, 8, 6, 12], "R": [[0.07626759951216625, -0.7845030764056273, 0.6154170751407196], [0.7471848547636386, 0.4536587087912753, 0.485704198818245], [-0.6602257538724857, 0.4227868245912343, 0.6207682779230659]], "T": [0.06974600181240517, -0.02243552949956099, 0.009318486881659108], "aligned_model": [[-0.18534604099962257, -0.1339039687454912, -0.6447126985565249, 0.19267241803185342, 0.1288204167411088, 0.36630375234473167, -0.33050395222775186, 0.6193667960589996, 0.38536088691991577, 0.7267762467436661, -0.5263077759864082, -0.005222254580911495], [-0.2299639584760255, -0.589660388583532, -0.03942506520322395, 0.007906865959515754, 0.5992309770218425, 0.6795389047761914, -0.38392430711562603, -0.08667093623163173, -0.554954848140731, 0.09758131654387792, 0.543800597822068, 0.04230988691698394], [-0.7687118168171717, -0.05905276683029072, -0.0520576167810617, 0.7559428954335375, -0.2946088378719354, 0.35937394896082137, 0.5682801210619188, -0.2734801561626182, 0.4124868709589841, 0.3462389661122597, -0.33360064960422237, 0.027960472178878815]], "inverted": false, "swapped": true, "error_lsq": 0.0469772716291787, "error_max": 0.2659767233297701, "target": "976.xyz", "model": "3.xyz", "model_rescale": 3.7530521520055578, "target_rescale": 3.930617063510936},
{"mapping": [0, 4, 1, 3, 2, 6, 8, 5, 9, 11, 12], "R": [[0.8456322143079184, -0.4737637978855064, 0.24587399605852633], [-0.5221812590775492, -0.8297317843409523, 0.19715957679647506], [0.11060239958008415, -0.29511528233468487, -0.9490385025591149]], "T": [-0.0020251781075239852, -0.13823525888969823, -0.003902049947427145], "aligned_model": [[-0.4618335738275606, -0.21232820057796167, 0.3804078574446087, 0.38962352905328906, 0.3424798465504108, -0.16335224481211977, -0.24821945484122057, -0.5543272564817747, -0.34061636379855553, 0.1877772195262391, 0.018588244209850332], [-0.550985111595144, -8.810474089593345e-05, -0.36162524442490096, 0.38080481250785003, -0.7735356902638681, 0.7180769985458101, -0.5781589596071373, 0.2708840361635038, 0.07472483933677579, 0.3291679756433251, -0.04206219325097217], [-0.07022003974639245, -0.8102265225721478, -0.4183099013283702, -0.3067478843582635, 0.14921220878843955, -0.18883416558679061, 0.5487856657332003, 0.0956703719384839, 0.7331579461483616, 0.34220971544975903, 0.01813338277903629]], "inverted": true, "swapped": true, "error_lsq": 0.04254158498525302, "error_max": 0.20336339002225728, "target": "976.xyz", "model": "4.xyz", "model_rescale": 3.7855080009869324, "target_rescale": 3.930617063510936},
{"mapping": [1, 6, 4, 8, 13, 14, 15, 5, 0, 3, 7, 10, 16], "R": [[-0.8316536510103275, 0.5339202454112959, -0.1525823590757932], [-0.552411267238579, -0.767523704966902, 0.325190950276522], [0.056515454426730116, 0.3547344554082982, 0.9332574508446845]], "T": [0.09948985755783371, 0.029128542523543223, 0.014364572849942761], "aligned_model": [[0.025290857766721977, -0.3529497275174789, -0.5396993768522992, 0.006553233061401931, 0.30271022564250233, 0.7759864825609379, 0.557326233773623, -0.40330179632129237, -0.18329079213853453, 0.21423859972487164, -0.5976233689482191, -0.04512901809076725, 0.1509215893745982], [-0.6858158778916886, -0.1450016148677228, -0.3198697741108668, 0.4989283165746649, -0.05777142542942842, 0.023179337050391997, 0.6307698437992715, 0.25924346238872786, -0.33129758717058844, 0.23512500643572756, 0.3016088316265355, 0.7317178680393878, 0.035183507544525226], [0.2519628117670203, -0.42273287419217215, 0.1433532602061771, -0.5013493304844008, -0.6755756538658959, 0.01814899440638834, -0.3138605083042838, 0.6054237247664292, 0.6457139155371133, 0.6676752098565655, -0.019651796100596294, 0.14249690503667, 0.028677733112730898]], "inverted": true, "swapped": false, "error_lsq": 0.03777780244073043, "error_max": 0.2233061745895377, "target": "976.xyz", "model": "5.xyz", "model_rescale": 4.2253639853439635, "target_rescale": 3.930617063510936},
{"mapping": [9, 4, 10, 3, 0, 12, 7, 5, 8, 11, 2, 6, 13], "R": [[-0.9309816770913691, -0.2961767048809924, -0.21343026122361186], [-0.042719561584679155, 0.6690027913397041, -0.7420312016604809], [0.3625577967416429, -0.6816998053876222, -0.6354818796443559]], "T": [-0.04979192642440454, -0.013488782432774626, 0.03772792249241998], "aligned_model": [[0.31155243602794114, -0.4778473676914487, -0.7664238239302426, -0.05227349422516206, 0.40021567441785777, 0.8293577610563064, 0.504782774637274, -0.38559419677780976, -0.12841379778703793, 0.2784076170889776, -0.5920845589514269, 0.044514223060934194, -0.05516010489009719], [-0.504153704495769, -0.03486852957818526, -0.2270890211358396, 0.4951827309605372, -0.24346692681502533, 0.22935137563775032, 0.4322036714330988, 0.21629413977525394, -0.5092575946208433, 0.29239048260784134, 0.37934364861823255, 0.6184179384883327, 0.0316516831135524], [0.07342965166912098, -0.5254973946056312, 0.25982280287536497, -0.45649531247508934, -0.5849002664111079, 0.23639409751947887, -0.31326545855098065, 0.5226793740189851, 0.5798503826467286, 0.6735555120707651, -0.004379011125455037, 0.11201260696433336, -0.002924592854767441]], "inverted": true, "swapped": false, "error_lsq": 0.0408494479391588, "error_max": 0.2189837201466691, "target": "976.xyz", "model": "6.xyz", "model_rescale": 3.89814844738969, "target_rescale": 3.930617063510936},
{"mapping": [4, 10, 11, 5, 2, 0, 1, 8, 7, 3, 9, 6, 12], "R": [[-0.3607315174590044, 0.3856783130291937, 0.849190797860339], [0.9019055631306968, -0.08767118708340166, 0.42294221608783367], [0.23756920571830137, 0.9184584921564732, -0.31621965574586447]], "T": [0.019393356393455272, 0.011956588574445343, 0.10607577427630019], "aligned_model": [[0.08225017661316542, -0.3124585062096705, -0.6779283290114716, -0.03776567015323054, 0.31022389642366743, 0.5915531787714817, 0.5764739921733857, -0.43867887361060004, 0.18187150099814853, 0.28644853129940173, -0.6731038123627037, 0.04403866504921483, -0.021891607944722984], [-0.6066448533932267, -0.12968395298663646, -0.3650421221250517, 0.5846245464519995, -0.20175764346483616, 0.13532669155509047, 0.44517362478468003, 0.23646405363191836, -0.35392917956347014, 0.34651570967860423, 0.48124685572619197, 0.6717648185823809, -0.06805865488870712], [-0.06385675507478547, -0.5332331974464856, 0.27025497033340984, -0.4148473099975829, -0.5032612987223494, 0.19785454532494234, -0.3595214516712878, 0.5504326157306804, 0.6266553904215156, 0.791009102938206, -0.20722950090424921, 0.2524368326314371, -0.036411551821704885]], "inverted": true, "swapped": false, "error_lsq": 0.04424781584238943, "error_max": 0.2706751307981859, "target": "976.xyz", "model": "7.xyz", "model_rescale": 3.7474275329858107, "target_rescale": 3.930617063510936},
{"mapping": [3, 0, 6, 12, 1, 4, 13, 7, 5, 9, 10, 11, 14], "R": [[0.9719778676899291, -0.2349623550092296, -0.007191414982864838], [0.18279781560553035, 0.7362447602839632, 0.6515586017882474], [-0.14779710190252565, -0.6346151153911529, 0.7585642174439078]], "T": [0.07041441804280346, 0.07706793310138789, -0.010592678814044021], "aligned_model": [[-0.012658752412486471, -0.35033377860804493, -0.5929487725205747, 0.034839390296550664, 0.16992369505361504, 0.850400240950428, 0.6961021716356942, -0.38464294732315607, -0.08490140457237, 0.15045194292376063, -0.6324500841773444, -0.05497616243988829, 0.12222760322988202], [-0.6237852283837954, -0.2938189187106784, -0.3483235887698259, 0.5749980039078969, -0.19280513625842965, 0.07272168110886973, 0.6701838525166914, 0.2045486166613838, -0.2721393318791779, 0.3230422023139513, 0.35289993149648446, 0.6316478312688272, 0.07682997871673923], [0.11604946018929913, -0.3564642384932909, 0.20371884426255724, -0.3731429246929204, -0.704904028478551, 0.05128681700047642, -0.26523000882005476, 0.4798653738971792, 0.5951735676474541, 0.7059483832226505, -0.08243667556014452, 0.24080003083496937, -0.04038220926787838]], "inverted": false, "swapped": false, "error_lsq": 0.04046245496738163, "error_max": 0.20862529432962595, "target": "976.xyz", "model": "8.xyz", "model_rescale": 4.019505241142653, "target_rescale": 3.930617063510936},
{"mapping": [1, 9, 7, 11, 10, 2, 6, 4, 0, 3, 8, 5, 12], "R": [[-0.02015477408847066, 0.6309561205496818, -0.7755566768601365], [0.9843764709793933, 0.1482381157509473, 0.0950180215578316], [0.17491926270024846, -0.7615246778532554, -0.6240860650238054]], "T": [0.049652881008322096, 0.07564207744324997, -0.006817064335992773], "aligned_model": [[0.19065803463035028, -0.3855920488539568, -0.6999276136598906, -0.17286486016375563, 0.48637780141514586, 0.5373795349901175, 0.6106962107448196, -0.39443847121111425, -0.08472459354643486, 0.2787390674466631, -0.6026926767036138, 0.10610682520451373, 0.04131593174322171], [-0.5659370142755633, -0.11584820439400684, -0.28012097579557277, 0.5058273254256441, -0.22034859047130134, 0.018339557659190826, 0.40872297521463336, 0.2639254483036725, -0.27750342342711437, 0.39036649713428245, 0.2208560942940629, 0.7134945723520854, 0.11422563196892419], [-0.16429442109513884, -0.4979722174409059, 0.355323408462677, -0.3975548680803857, -0.7550420482953231, 0.32304850591767537, -0.3267378915181101, 0.667665636987377, 0.5222169871374402, 0.7592957645443541, -0.10425983743721823, 0.19438399447142202, -0.005790621912118518]], "inverted": false, "swapped": false, "error_lsq": 0.04771978815668232, "error_max": 0.29628685926274545, "target": "976.xyz", "model": "9.xyz", "model_rescale": 3.877068213659057, "target_rescale": 3.930617063510936},
{"mapping": [3, 10, 12, 9, 13, 4, 2, 0, 5, 1, 11, 8, 15], "R": [[-0.5727944831211094, -0.7555065562987845, 0.3179879297954136], [-0.8139907213642593, 0.4785586755018603, -0.32924261515605485], [0.09656907185488528, -0.44742757792905097, -0.8890910959342857]], "T": [0.04034410987079438, 0.04817580629479763, -0.06701441167937874], "aligned_model": [[0.24849360311837695, -0.47878058168756366, -0.531759535282893, -0.026489011994712493, 0.44290377955969573, 0.6640818084463429, 0.5264240806804882, -0.4520467732001754, 0.02253867565944976, 0.2239946561654972, -0.64093552394311, -0.06928529766644997, -0.018106737818880336], [-0.5234793991219077, 0.09362394915195521, -0.34192886458119887, 0.581283333957132, -0.2734025506946321, -0.056978818660040564, 0.38636622332628273, 0.20191801881791227, -0.2939696006303855, 0.23435186242364714, 0.32424752314984634, 0.7821929189087913, 0.061775297941534676], [0.11366612769601728, -0.5483197205895893, 0.21354036136168755, -0.45038760019302115, -0.6433576849285881, 0.1737852311178159, -0.3665287882211774, 0.5393522974916296, 0.6355629358597203, 0.760341354103032, -0.0014572307851227484, 0.1439908185897939, 9.429023954829474e-05]], "inverted": false, "swapped": false, "error_lsq": 0.040873075071894714, "error_max": 0.25812152231922625, "target": "976.xyz", "model": "10.xyz", "model_rescale": 4.260839863003843, "target_rescale": 3.930617063510936},
{"mapping": [2, 0, 4, 1, 3, 10, 7, 8, 5, 6, 11, 12], "R": [[-0.17294997508277932, 0.3384274302217641, -0.9249622590097173], [0.4605057625775512, -0.802359855784019, -0.37967499846462943], [-0.8706450187945338, -0.4916152319647362, -0.017079664766165903]], "T": [0.04212421089491562, -0.058722214196964044, -0.04929326471846799], "aligned_model": [[0.21121789026499482, 0.3912404776803103, -0.5089368933423588, -0.3932678559801251, -0.5903544551005814, -0.2737283662654937, 0.39586985689504295, 0.7570147275979744, 0.26007381506237415, -0.33133856464643385, 0.02912953891513352, 0.011978478013293041], [0.05083423668518414, -0.5572553168811681, -0.6750555657083558, -0.1469590992645636, 0.19173194496122992, 0.5311935226920331, 0.5507557551199787, -0.021187345941575862, -0.22429526239586786, 0.01241276247703451, 0.4577054607485575, 0.003197413040447551], [-0.760024604968918, -0.1748594036567442, 0.1237269994839621, -0.4622581298354098, 0.17819378145784215, -0.44369007430091184, -0.3265660456859529, -0.2663897368379134, 0.5889969406857379, 0.7562887375998544, 0.27845310520241284, 0.0243065082515452]], "inverted": true, "swapped": true, "error_lsq": 0.0489841836286505, "error_max": 0.2472735814252645, "target": "976.xyz", "model": "11.xyz", "model_rescale": 3.890672605050136, "target_rescale": 3.930617063510936},
{"mapping": [4, 12, 10, 5, 7, 0, 8, 11, 2, 1, 9, 6, 13], "R": [[0.5595995946315262, -0.7022948474758263, -0.4400343633139772], [-0.8167155308753001, -0.37710875533700117, -0.43676621695737217], [0.14079785266582762, 0.6037970965954403, -0.7846050158057927]], "T": [0.043065804587532334, 0.1797365567161305, 0.09212642220985773], "aligned_model": [[0.21318707613703256, -0.36141478834760465, -0.5885584241180085, -0.17002340533397653, 0.19461392898171265, 0.5894053152608792, 0.5729824077762522, -0.3604851981567829, -0.15409644664331512, 0.417062575827338, -0.5847006470819252, 0.08900134045165692, 0.054059407282807045], [-0.49617788043794564, -0.1988562083293828, -0.45103208251235305, 0.40849883337970844, -0.13400873858249954, 0.07896542634937218, 0.5146795558033038, 0.15851832413620026, -0.3268892013023573, 0.26898534498467674, 0.5858336662242116, 0.7141358493307531, 0.053347004945248744], [0.16462104572230096, -0.40606542330661133, 0.14430172211833364, -0.6200764921521822, -0.6860517231700949, 0.29225852385531875, -0.2631095935114528, 0.4655679018093978, 0.5504074731692714, 0.7684838419851086, -0.12424094092266635, 0.3027580118146077, -0.018571955669585846]], "inverted": false, "swapped": false, "error_lsq": 0.04198452710509318, "error_max": 0.22917650237170958, "target": "976.xyz", "model": "12.xyz", "model_rescale": 4.124412569039231, "target_rescale": 3.930617063510936},
{"mapping": [1, 8, 2, 9, 6, 0, 3, 10, 4, 5, 11, 7, 12], "R": [[-0.729761448353866, -0.5436782205687793, 0.4145626864246628], [-0.05316650700303588, -0.5593879402452302, -0.8271991627421384], [0.6816315361172514, -0.6256989090508025, 0.37931428154377705]], "T": [0.12780441233170736, 0.15096201010183055, 0.03844080644780659], "aligned_model": [[0.15184994767901747, -0.37104694391335186, -0.524119365911873, -0.02346572155680285, 0.2282123468967993, 0.6188997604631932, 0.7264671011850183, -0.48553570166352145, 0.022586284502414428, 0.34751610615537687, -0.8573819781295559, 0.054006406435861326, 0.02304489989348972], [-0.6349157720726513, -0.08598191748278136, -0.38924354195604205, 0.5630708094051092, -0.0633616319770409, -0.04681444346122668, 0.31182127114270186, 0.3397786796113794, -0.28824243448879483, 0.4177522420105336, 0.16842004242382738, 0.7459240142539036, 0.13779257658001856], [-0.17294089243625418, -0.4197087547783127, 0.19834347226481144, -0.4262364537345207, -0.5873358613071518, 0.2760901844265, -0.31437736042889397, 0.4028195135331032, 0.6821059811912173, 0.7124553632842646, -0.10175853197376306, 0.22188491907393912, 0.09894081262680596]], "inverted": false, "swapped": false, "error_lsq": 0.05546818776540604, "error_max": 0.3107052295076614, "target": "976.xyz", "model": "13.xyz", "model_rescale": 3.9028299243045295, "target_rescale": 3.930617063510936},
{"mapping": [6, 14, 11, 10, 7, 3, 4, 12, 1, 2, 13, 5, 15], "R": [[0.576325496607938, 0.7669536216030269, 0.28218976641546517], [-0.7763559599840303, 0.621655641222797, -0.10399849582156608], [-0.2551868831991347, -0.15914272225230508, 0.9537050113097011]], "T": [0.0736042266456195, 0.1449721405798856, 0.14688935160330557], "aligned_model": [[0.34168600560866896, -0.6211141945086286, -0.49399537427211604, -0.049317051719870664, 0.38907757616441896, 0.6855457852856618, 0.4714851387588248, -0.5269092457110737, -0.07930257289696452, 0.3376815984070242, -0.559994408768307, -0.062240217722609736, 0.07843010341103766], [-0.46501279658918926, -0.05280499175939804, -0.326051747442925, 0.3217657151678248, -0.1765360885205623, 0.03216994180755024, 0.5501409780331739, 0.2923378656338977, -0.3624862918695939, 0.09521029237045531, 0.5653760597452793, 0.6360676049963949, 0.06582335241602895], [0.16830893292703236, -0.3642869135103545, 0.18959623966399658, -0.5665438921962715, -0.6390731030987327, 0.10825467806419883, -0.22310019799968428, 0.4661184254018843, 0.5227938683789985, 0.8324086217497799, -0.08648730907042448, 0.09715641061875474, 0.06513663081256788]], "inverted": true, "swapped": false, "error_lsq": 0.04646778059463679, "error_max": 0.2512959762361333, "target": "976.xyz", "model": "14.xyz", "model_rescale": 3.942246331269136, "target_rescale": 3.930617063510936},
{"mapping": [4, 5, 3, 2, 9, 6, 7, 12, 13, 8, 1, 0, 14], "R": [[0.0056051072214769355, 0.9132201240505186, 0.4074280154851793], [-0.8878431174241607, 0.19201320837576868, -0.4181692559858893], [-0.4601121402610285, -0.35938827587777455, 0.8118724564523769]], "T": [0.06430988255035239, -0.06802052610154861, 0.06101711980142757], "aligned_model": [[-0.05934659772521811, -0.3178767015116979, -0.6053454876680698, -0.025679373985097786, 0.47928539915128143, 0.6198748890223325, 0.5806579808547223, -0.5258551558162646, -0.08596038977341999, 0.5003132315693343, -0.6776834397527275, 0.007170960137289795, 0.021477827533601654], [-0.622113090993721, 0.050013909696126915, -0.3238559974958764, 0.5080468488412865, -0.09395246783661072, -0.008846170695188962, 0.5345124712242422, 0.0970696886310828, -0.31279803894462294, 0.40770261009885744, 0.25538877863312714, 0.6650347181189773, 0.01979663471125616], [0.2071488457875252, -0.431710842788499, 0.00946300052162076, -0.43162497327848215, -0.6283921644064393, 0.035811791308198476, -0.2572879801264538, 0.6018745008659848, 0.8215647257850466, 0.48813478932081567, 0.02236783715232668, 0.07010751773093818, 0.06282534386916351]], "inverted": false, "swapped": false, "error_lsq": 0.05193878376674002, "error_max": 0.3578123378324347, "target": "976.xyz", "model": "15.xyz", "model_rescale": 4.355366556412066, "target_rescale": 3.930617063510936},
{"mapping": [9, 11, 7, 0, 8, 5, 2, 4, 10, 6, 1, 12], "R": [[0.4767688027271507, -0.7663073954798492, 0.43065587698185326], [0.18446395921955633, 0.566233657652537, 0.8033383425994775], [-0.8594559654195001, -0.3035661716567236, 0.41131863917225475]], "T": [-0.039536748932827055, 0.1014538829877754, -0.021647573214100716], "aligned_model": [[-0.3300457731949313, 0.3015666185146605, 0.12021951853090063, -0.6266550679360053, -0.5335451551986954, -0.34111707898321914, -0.05869074972574762, -0.053085029048463635, 0.6080449745338914, 0.24776733064742845, 0.2423971123473433, 0.02095185414461892], [-0.6843088295191859, -0.3876047478598407, -0.39040000514110595, 0.2908488584870193, -0.2425993797334543, -0.20297239289702723, 0.25067579745009333, 0.7602256182009337, 0.06641147432558456, -0.09334663670038056, 0.6018834910481294, 0.04396318008021474], [0.016232484401938415, 0.1152985339056474, -0.5748539180355913, -0.09652013294394762, -0.46570977872494806, 0.5248913527913379, -0.7449042847936269, 0.5068478360406062, -0.4491077603239623, 0.798721926137516, -0.21652056992072652, 0.03488277267517734]], "inverted": true, "swapped": true, "error_lsq": 0.04836761286429425, "error_max": 0.2221943419547961, "target": "976.xyz", "model": "16.xyz", "model_rescale": 3.795458400668931, "target_rescale": 3.930617063510936},
{"mapping": [4, 10, 11, 5, 2, 0, 1, 8, 7, 3, 9, 6, 12], "R": [[-0.3607315174590044, 0.3856783130291937, 0.849190797860339], [0.9019055631306968, -0.08767118708340166, 0.42294221608783367], [0.23756920571830137, 0.9184584921564732, -0.31621965574586447]], "T": [0.019393356393455272, 0.011956588574445343, 0.10607577427630019], "aligned_model": [[0.08225017661316542, -0.3124585062096705, -0.6779283290114716, -0.03776567015323054, 0.31022389642366743, 0.5915531787714817, 0.5764739921733857, -0.43867887361060004, 0.18187150099814853, 0.28644853129940173, -0.6731038123627037, 0.04403866504921483, -0.021891607944722984], [-0.6066448533932267, -0.12968395298663646, -0.3650421221250517, 0.5846245464519995, -0.20175764346483616, 0.13532669155509047, 0.44517362478468003, 0.23646405363191836, -0.35392917956347014, 0.34651570967860423, 0.48124685572619197, 0.6717648185823809, -0.06805865488870712], [-0.06385675507478547, -0.5332331974464856, 0.27025497033340984, -0.4148473099975829, -0.5032612987223494, 0.19785454532494234, -0.3595214516712878, 0.5504326157306804, 0.6266553904215156, 0.791009102938206, -0.20722950090424921, 0.2524368326314371, -0.036411551821704885]], "inverted": true, "swapped": false, "error_lsq": 0.04424781584238943, "error_max": 0.2706751307981859, "target": "976.xyz", "model": "17.xyz", "model_rescale": 3.7474275329858107, "target_rescale": 3.930617063510936},
{"mapping": [8, 1, 11, 2, 0, 4, 6, 12, 10, 5, 7, 9, 13], "R": [[0.3063905473223367, -0.9283541354008157, 0.21043628916069315], [0.6213329277329384, 0.36252100690289313, 0.6946394118310073], [-0.7211589460211488, -0.08207995393709966, 0.6878900026423915]], "T": [-0.07914603199813963, 0.020623421124631627, 0.039206006122037194], "aligned_model": [[0.39908898825638905, -0.42438953091519904, -0.7399821208676923, -0.05187541543602693, 0.4182192796344627, 0.7399149978333437, 0.4173687689455492, -0.337302684509738, -0.15632240300978928, 0.25083905154290675, -0.6909882566834505, 0.12058831034017958, -0.03412584309486909], [-0.5074744271456674, -0.21671838925942738, -0.23804435589556194, 0.3883327676606108, -0.16390747885190826, 0.12300720493811813, 0.5503274554624294, 0.4031112701499398, -0.38148025526832763, 0.07231466762044077, 0.4565914467047381, 0.6377349058903716, 0.05220508198318108], [0.1354264783362732, -0.5112430908059171, 0.17382883696836274, -0.5673241858322363, -0.6071054393276947, 0.12798895630972215, -0.22134245369003328, 0.6276744516868769, 0.5948999971388512, 0.6808116453946449, -0.015568575576137729, 0.20353425602745692, -0.05129848488842336]], "inverted": false, "swapped": false, "error_lsq": 0.04290032189683313, "error_max": 0.23017682972750558, "target": "976.xyz", "model": "18.xyz", "model_rescale": 3.922800546911778, "target_rescale": 3.930617063510936},
{"mapping": [2, 7, 11, 12, 0, 1, 5, 4, 10, 6, 13, 8, 14], "R": [[0.5251382832785463, -0.030622326458664917, 0.8504657879994473], [0.804209906738997, 0.3447190139303392, -0.4841644631091265], [-0.2783454855716463, 0.9382063070333486, 0.20565192949430555]], "T": [0.018712528105074153, 0.10009399899861648, 0.017119481884497467], "aligned_model": [[0.27735848159013193, -0.5668334289307262, -0.6257890641549742, -0.19453292514579498, 0.618250154322126, 0.7150967943631786, 0.484333146570453, -0.3612970744160239, -0.14967104985876686, 0.22706708135632217, -0.5750237922042599, 0.10644997418398977, -0.04437515563958935], [-0.5653735725649092, -0.14433316390640358, -0.14763111838022702, 0.4698551961449281, -0.14297970821468933, 0.04697957432165789, 0.518309512163197, 0.19065138761252948, -0.4319576440199957, 0.20322435833726663, 0.4450503869909744, 0.6777683095332314, 0.05643637597137688], [0.07529288414820773, -0.46826934502840856, 0.1917435826343814, -0.6434992268418533, -0.5119480405438603, 0.2624984449910426, -0.4197179528599622, 0.6264299121672483, 0.5995013729977055, 0.6665194210862697, 0.03432468891559953, 0.19873772305406065, -0.041331072978684893]], "inverted": true, "swapped": false, "error_lsq": 0.04960484631881086, "error_max": 0.3696567796272642, "target": "976.xyz", "model": "19.xyz", "model_rescale": 3.9282355846067225, "target_rescale": 3.930617063510936},
{"mapping": [8, 7, 6, 2, 12, 11, 10, 3, 4, 0, 5, 1, 13], "R": [[0.27639991138017383, 0.21690232283919753, -0.9362459459650508], [-0.08212675560742855, 0.9759653135001254, 0.2018586209652684], [0.9575271719394861, 0.021097137046593203, 0.2875702102200565]], "T": [-0.03288791566828475, -0.04405755765479212, -0.0006403937172191551], "aligned_model": [[0.05435854529313784, -0.2666277641839281, -0.6337720687430294, -0.15996389518870807, 0.39198652814511115, 0.62047057584425, 0.5779985369433094, -0.36201795245000545, 0.08663735204315888, 0.32657354481728695, -0.63709769264681, -0.10189963234573304, 0.014387064508025883], [-0.770849185590242, -0.08781085378291692, -0.2866566588377632, 0.6524433177591293, -0.2097613513324762, -0.059578660122718285, 0.47219577191573114, 0.24183589391328036, -0.24236187672453086, 0.38550088965833207, 0.30608993950152985, 0.6694950152777747, 0.10545765235380707], [0.206201487295383, -0.5764434057564333, 0.08259400269391373, -0.42189380478524097, -0.7181487943806864, 0.29303450863672703, -0.32085062265195596, 0.6127872078627182, 0.5873706200883109, 0.5707298776168399, 0.0035342784035902255, 0.2174900831289984, 0.03387695358958127]], "inverted": true, "swapped": false, "error_lsq": 0.04630760043857935, "error_max": 0.24082017905851152, "target": "976.xyz", "model": "20.xyz", "model_rescale": 4.067790424073018, "target_rescale": 3.930617063510936},
{"mapping": [12, 11, 10, 6, 3, 0, 2, 1, 9, 7, 13, 8, 14], "R": [[0.17860172121513898, -0.3832788729924012, -0.9062001603932021], [-0.9289698187281732, 0.23779876521420087, -0.28366674664956193], [0.3242167501396792, 0.8924959679350248, -0.3135832363959984]], "T": [-0.003452110321229024, 0.2359148564234695, -0.005333308884402269], "aligned_model": [[0.09830170519261446, -0.28155449200463123, -0.6215131169360786, -0.06493261895986711, 0.41700957758069246, 0.6805300509359503, 0.5916241007101694, -0.40395798828734353, -0.14848453195806216, 0.25427957663230183, -0.701966098975292, 0.14232866629485205, -0.050631688189240166], [-0.5234087322671945, -0.18084965370014255, -0.25241031630671734, 0.5130511107241188, -0.19084517791841865, 0.1533271824296953, 0.4745207266398839, 0.27869897104149, -0.2980873295621194, 0.17600433980498528, 0.22434415977182795, 0.6243406212020137, 0.17731399212951388], [-0.014698968711317484, -0.41398800711090383, 0.2201127807555398, -0.6886872042454458, -0.6093472646387358, 0.16730999016660353, -0.3830547317633734, 0.7095580552610621, 0.5404296080544996, 0.6922690597665219, -0.05080672651256336, 0.3858716081993033, 0.015314192520555183]], "inverted": false, "swapped": false, "error_lsq": 0.041642202895196, "error_max": 0.22337322681970173, "target": "976.xyz", "model": "21.xyz", "model_rescale": 4.186013935880536, "target_rescale": 3.930617063510936},
{"mapping": [1, 6, 5, 4, 7, 9, 10, 5, 2, 8, 3, 11, 12], "R": [[-0.665791597173899, 0.742673220625174, 0.07181947158577656], [0.26924627074188345, 0.14936796486087328, 0.9514177088770785], [0.6958649257034133, 0.6527830408639248, -0.2994099309245278]], "T": [0.04852003575743201, 0.044639159520147687, 0.03044552397686286], "aligned_model": [[0.3612002290339663, -0.3160081361818343, -0.6060754193460813, -0.0052493463346068095, 0.33097486015300553, 0.643820617956392, 0.6505665620463965, -0.6060754193460813, -0.07377691317775262, 0.29697458947618205, -0.7784367793824837, -0.0048903594273607895, 0.01800865656632432], [-0.6113639475127746, -0.03166143283768008, -0.042776707948067844, 0.5181491420079739, -0.16881618900838727, 0.10935479394527822, 0.39581392845137947, -0.042776707948067844, -0.32015984250363194, 0.23678334179032065, 0.4180017371106464, 0.639889040264165, 0.07556273817778261], [-0.053305632600507954, -0.3832576068859043, 0.43343687920357177, -0.51774540882145, -0.6121895406135162, 0.19439632065947818, -0.42837436932262396, 0.43343687920357177, 0.66421547219829, 0.7297445148668537, -0.14008736518301215, 0.23487372132814935, 0.015138527708845545]], "inverted": false, "swapped": false, "error_lsq": 0.050933003393853725, "error_max": 0.3722817481145023, "target": "976.xyz", "model": "22.xyz", "model_rescale": 4.166573947596378, "target_rescale": 3.930617063510936},
{"mapping": [7, 9, 8, 11, 14, 6, 12, 4, 0, 1, 3, 2, 15], "R": [[0.10319796787296992, 0.9920460878496079, -0.07207453787002649], [0.7280538144112619, -0.12470967759486912, -0.6740809592588979], [-0.6777077709072706, 0.017089642959178697, -0.7351327236325604]], "T": [0.036344912945304404, 0.022651432035813004, -0.03450564884644004], "aligned_model": [[0.10340146437948489, -0.3400758135752328, -0.675952717170833, -0.11152447312656324, 0.37280453644214784, 0.6476211755480653, 0.4284137986382503, -0.43768218973099293, -0.0809510831079287, 0.29398578285167565, -0.42367740380486246, 0.061149144692875065, 0.07352091999997992], [-0.633625411200491, -0.027772660222957976, -0.3299082659716051, 0.6379692166294091, -0.2428443212056407, 0.40566414361426045, 0.3507834673379374, 0.15311629619245976, -0.3061745175137969, 0.14535285897974792, 0.40957463225015905, 0.593088210178465, 0.020776244920989687], [0.2415265441886526, -0.4994938356294205, 0.11520368851445621, -0.5052624820968579, -0.6995505270218617, 0.207878809225008, -0.4443747883400034, 0.5115078477939788, 0.7036480662093686, 0.6186900361109485, -0.02467929429540576, 0.3215784302960224, 0.023609896786860166]], "inverted": false, "swapped": false, "error_lsq": 0.04771297412982292, "error_max": 0.3204206868094763, "target": "976.xyz", "model": "23.xyz", "model_rescale": 4.274766983524099, "target_rescale": 3.930617063510936},
{"mapping": [0, 7, 9, 5, 11, 6, 4, 3, 1, 10, 12], "R": [[-0.7605142637382377, -0.5981491448676769, -0.2526571889829247], [-0.5876938347728172, 0.46862925778746123, 0.6595472502524699], [-0.2761050727906082, 0.6500801637026316, -0.7079277996657942]], "T": [0.07943930928824278, 0.05707113816441926, -0.07524372208975105], "aligned_model": [[0.25569895392562886, 0.1506528157387245, -0.4878975619946589, -0.5317689740126958, -0.34977498409015234, -0.6495835205442964, 0.14203127725768602, -0.09260960716117911, 0.5668882333799545, 0.37657593778421805, -0.0003178663251547226], [-0.23410988181845876, 0.8024254155558378, 0.46949136472707925, -0.18756784870634913, 0.4272927007064256, -0.2272857856275965, -0.7353067265899593, -0.0009354909905455872, -0.06288058589754426, 0.582265765368215, 0.08219760451637942], [-0.5951768223324743, -0.1886245400685334, -0.5349086691043615, -0.29639310845275996, 0.1549630826195246, 0.35038974176753845, 0.21057215851549438, 0.6186880514152255, 0.26519292385425103, 0.4138295833556416, -0.018965967547968594]], "inverted": false, "swapped": true, "error_lsq": 0.042365274135973546, "error_max": 0.23667763835653835, "target": "976.xyz", "model": "24.xyz", "model_rescale": 3.7841303162186577, "target_rescale": 3.930617063510936},
{"mapping": [12, 8, 2, 7, 10, 13, 11, 4, 5, 3, 1, 6, 15], "R": [[-0.3687875668235605, -0.6558638485248205, -0.6586640591034014], [-0.9293559631033503, 0.24711767634863224, 0.27428151210079177], [-0.017123796325641594, 0.7132849824819417, -0.7006649051901586]], "T": [-0.027477564724934324, 0.050693958618156995, -0.13346797294654053], "aligned_model": [[0.24594586589692705, -0.5834846799877021, -0.47771090799179844, 0.09302147685810588, 0.30203921417536006, 0.6849161175188146, 0.6165502709856145, -0.42592087057975175, -0.10410052429560038, 0.2689891440168811, -0.7137927705217182, 0.019086494758937013, -0.014505688798003591], [-0.5269088784630728, -0.09258701943301549, -0.4502164998369396, 0.5515661205519339, -0.04293444424995782, -0.08403239347181644, 0.46856524972113484, 0.24967124808766328, -0.28245914593127824, 0.2622735055568424, 0.336903554832199, 0.6818706765200812, 0.10428792010516263], [0.2749270522567816, -0.2741251190314003, 0.20590155595708495, -0.5302205639621661, -0.8319717452174847, 0.16037560588880043, -0.1397369493065651, 0.4651598857045647, 0.6742923110730368, 0.5851024644902963, -0.1430543763553684, 0.2150635053821265, -0.09143123513796113]], "inverted": true, "swapped": false, "error_lsq": 0.04497657201930731, "error_max": 0.2560930159643612, "target": "976.xyz", "model": "25.xyz", "model_rescale": 4.19342608120988, "target_rescale": 3.930617063510936},
{"mapping": [9, 11, 7, 0, 8, 5, 2, 4, 10, 6, 1, 12], "R": [[0.4767688027271507, -0.7663073954798492, 0.43065587698185326], [0.18446395921955633, 0.566233657652537, 0.8033383425994775], [-0.8594559654195001, -0.3035661716567236, 0.41131863917225475]], "T": [-0.039536748932827055, 0.1014538829877754, -0.021647573214100716], "aligned_model": [[-0.3300457731949313, 0.3015666185146605, 0.12021951853090063, -0.6266550679360053, -0.5335451551986954, -0.34111707898321914, -0.05869074972574762, -0.053085029048463635, 0.6080449745338914, 0.24776733064742845, 0.2423971123473433, 0.02095185414461892], [-0.6843088295191859, -0.3876047478598407, -0.39040000514110595, 0.2908488584870193, -0.2425993797334543, -0.20297239289702723, 0.25067579745009333, 0.7602256182009337, 0.06641147432558456, -0.09334663670038056, 0.6018834910481294, 0.04396318008021474], [0.016232484401938415, 0.1152985339056474, -0.5748539180355913, -0.09652013294394762, -0.46570977872494806, 0.5248913527913379, -0.7449042847936269, 0.5068478360406062, -0.4491077603239623, 0.798721926137516, -0.21652056992072652, 0.03488277267517734]], "inverted": true, "swapped": true, "error_lsq": 0.04836761286429425, "error_max": 0.2221943419547961, "target": "976.xyz", "model": "26.xyz", "model_rescale": 3.795458400668931, "target_rescale": 3.930617063510936},
{"mapping": [7, 5, 6, 11, 10, 3, 4, 1, 0, 2, 8, 9, 12], "R": [[-0.05741088254201551, 0.3454224358408471, -0.936689559770751], [0.7118724686048572, 0.6719755890052722, 0.20417246685938004], [0.699958269476241, -0.6550817877172238, -0.28447543372500994]], "T": [-0.040257380974648815, 0.2181742211768462, 0.054141961218457255], "aligned_model": [[0.21714112258528462, -0.3821963936856638, -0.7021808445477262, -0.04462296837515256, 0.24099525581962888, 0.6125778838281899, 0.61120578061905, -0.4570440511873417, 0.1479798998488141, 0.2260722199083629, -0.7128402006608155, 0.1769113501071849, -0.02296591222374936], [-0.5325435529418467, -0.30739052374720816, -0.261800452607116, 0.6733359535734634, -0.04179362245124407, -0.06955015873547721, 0.4581918694787446, 0.29503925588143143, -0.30399847108771766, 0.37143526749146094, 0.3129802560235402, 0.5268365164876725, 0.0552575566232337], [-0.1201478337117055, -0.3626552057097317, 0.16669683927030482, -0.49756750103653546, -0.5466908799985146, 0.24413500604308686, -0.4115300910098829, 0.46734143910305975, 0.67315375242625, 0.8790143812176033, -0.209289009864719, 0.2589336109729498, 0.028887884039580737]], "inverted": false, "swapped": false, "error_lsq": 0.051720479627714915, "error_max": 0.2830610467577411, "target": "976.xyz", "model": "27.xyz", "model_rescale": 3.6321398670334006, "target_rescale": 3.930617063510936},
{"mapping": [4, 9, 12, 11, 13, 1, 2, 8, 7, 3, 10, 0, 14], "R": [[0.3187698963797203, 0.9353912567068179, -0.15306518231950367], [0.9462773590215294, -0.3048239035072535, 0.10789600388263038], [0.05426705229973673, -0.17923611446090076, -0.9823082521834259]], "T": [-0.0393701123942175, 0.0901736232121327, 0.06484752490135431], "aligned_model": [[0.4412279643102113, -0.4499717631357773, -0.6014181502202585, 0.0010441569193635966, 0.21765283718880124, 0.6229336369230821, 0.5769792788331501, -0.4374069276222389, -0.12238683687951263, 0.23145684724199594, -0.5871534693318717, 0.007376007734919296, 0.010699560074201073], [-0.5626229741659051, -0.01646241535453212, -0.4945102180665866, 0.46711729853120265, -0.12421670921371482, 6.350567011113861e-05, 0.4522289209512244, 0.12244663342815387, -0.32683672420672233, 0.26496832033494655, 0.6163957947273441, 0.6998823711606278, 0.07754609019278763], [0.23616402579572587, -0.45149267390883335, 0.22533596617800272, -0.4536175066017492, -0.6797686988434883, 0.08723293316467179, -0.28511397733157234, 0.3928029522528372, 0.7129971816976803, 0.6711969717999242, -0.10157138347307473, 0.18927315388428256, 0.02684344712733909]], "inverted": true, "swapped": false, "error_lsq": 0.04417598871516965, "error_max": 0.2813595407483974, "target": "976.xyz", "model": "28.xyz", "model_rescale": 4.156811204709835, "target_rescale": 3.930617063510936},
