[{"mapping": [14, 12, 3, 8, 0, 9, 7, 4, 6, 2, 11, 10, 5, 15], "R": [[-0.05190343067541713, -0.7733073448262445, -0.631903302983855], [0.9516931725659742, 0.1534491611608203, -0.265957628637254], [0.3026320194153835, -0.6151821725121951, 0.7279867824677471]], "T": [-0.06072907547695492, 0.09159409105326217, 0.13736979302505392], "aligned_model": [[0.26554639362636406, 0.26822292184773333, -0.5060579922259953, -0.38028437936699855, -0.770307863807132, -0.15107013279505485, -0.5540993004394645, 0.2692302178883407, -0.4524457246803507, 0.19590766768990456, 0.5596925913807246, 0.10709594065956077, 0.5533221864157944, -0.03326042506512295], [-0.5621717272714353, -0.3297110131202194, -0.41613464804735195, -0.20207409812268246, 0.23631458949858564, 0.295162854101059, 0.3212857827968488, 0.4018219853381331, 0.7008944994596713, -0.2557021010327226, 0.46529783760270155, 0.6625089397502061, -0.17369856742417422, 0.09147899828141527], [0.24184016599262226, -0.28285656532696124, 0.4308741121188447, -0.25404303401122885, 0.43131417619198864, -0.6435634895271677, -0.22386894629914433, 0.7328106273113763, 0.16150711119052164, 0.7668565988344958, 0.23399159521763008, -0.2012903967066142, 0.32430716560978023, 0.17970896658369043]], "inverted": true, "swapped": true, "error_lsq": 0.05140607627847869, "error_max": 0.3826115930764582, "target": "977.xyz", "model": "0.xyz", "model_rescale": 3.8414455957264533, "target_rescale": 4.194050733523854},
{"mapping": [12, 13, 2, 11, 5, 4, 1, 14, 0, 3, 6, 9, 7, 8, 15], "R": [[0.5448902698767957, 0.2114444827962692, 0.8114097759385274], [-0.14378189704187566, 0.9769120211564815, -0.1580179388645408], [-0.8260879855539799, -0.030563599509490155, 0.5627117437093268]], "T": [-0.011496104622678405, 0.07789910088088593, -0.078439518816113], "aligned_model": [[-0.6473384821876916, -0.6754274018754759, 0.08503481419276814, -0.2628896687184315, -0.4161077169708675, 0.23249184113101193, 0.7461926262635078, -0.3951685395285972, 0.7208008062294197, 0.31564476647094936, 0.4838225903207693, -0.3680988167789088, 0.18712969228841575, -0.12963929822049614, -0.004403059111828731], [0.16065358080265468, 0.0391475597439427, -0.5856838372988059, -0.37701722334239096, -0.47669166472066526, -0.5711211192494559, -0.39804032945721224, -0.2489405987318712, 0.3225192643849042, 0.11563556780685855, 0.3470228769511111, 0.7408082520364185, 0.6846969402859492, 0.5661237250657843, 0.027931533765793146], [0.14773246562421274, -0.49854241152417156, 0.286348320260719, -0.5920207893438721, 0.026932460407343636, -0.35934324786754224, 0.06193559774120866, 0.46077357377970063, 0.04301660444458058, 0.5801999208261926, -0.5339648360804747, -0.3831434779650254, -0.21631647054809777, 0.22029029371135278, -0.07871621612659205]], "inverted": true, "swapped": true, "error_lsq": 0.03949368919034207, "error_max": 0.29878302456676825, "target": "977.xyz", "model": "1.xyz", "model_rescale": 4.316132596720782, "target_rescale": 4.194050733523854},
{"mapping": [5, 11, 13, 3, 12, 2, 8, 1, 10, 4, 6, 15], "R": [[0.88962329146525, 0.12957344707620483, -0.43792821454586006], [0.24992963913653032, 0.6644415843773837, 0.7043099860367987], [0.3822375894173917, -0.7360218086190531, 0.5587184644107615]], "T": [-0.06232746134684526, 0.10507197753690661, -0.16439097212017276], "aligned_model": [[-0.2672356460019741, 0.37340609716844725, 0.24485956362461525, -0.6574227419005035, -0.3792604555132287, -0.45165221448006637, -0.34205373336733547, -0.11413092763156248, 0.5645443612525202, 0.20865470468805253, 0.48243348281594606, -0.06433393602313013], [-0.4985712663753879, -0.42353862185842567, -0.5487260431528649, 0.5131524677688997, -0.35434451972636133, -0.08423751185792844, 0.3005440355857118, 0.532654008598671, -0.03179239537426071, -0.06133986310401962, 0.5830123544021112, 0.08596378283483538], [0.11131212558343681, 0.08981447184395283, -0.47580254818193324, -0.017479357592722816, -0.552704709774929, 0.4643528990163299, -0.6388427462873212, 0.6323559985078547, -0.40334616890724406, 0.5127648694640787, -0.155444411195183, -0.11772196126689799]], "inverted": true, "swapped": true, "error_lsq": 0.04662067675442644, "error_max": 0.23950045365721767, "target": "977.xyz", "model": "2.xyz", "model_rescale": 3.795458400668931, "target_rescale": 4.194050733523854},
{"mapping": [5, 12, 13, 7, 4, 6, 9, 3, 8, 0, 11, 15], "R": [[-0.09620562460507909, 0.23067816079103143, 0.9682623941517166], [0.958365832412109, -0.24128030626213354, 0.15270476441518338], [0.2688483012023549, 0.9426406526052855, -0.1978615450169378]], "T": [0.10871731507747372, 0.008755624707131673, -0.006327779042114991], "aligned_model": [[-0.1904458192316994, -0.2417762355538966, -0.6731440824331474, 0.2312318896058263, 0.07018954379702276, 0.23807085919410204, -0.30110590899507805, 0.7743602046685972, 0.24280308024251468, 0.7774359497817539, -0.4441027078820058, 0.10978705254957502], [-0.08509186720423141, -0.5604923664636002, -0.07754001387670276, -0.01803578163495298, 0.6082052697410966, 0.5146380979785049, -0.2542496674131517, -0.2715585798652449, -0.4643162577390421, 0.2624468287383409, 0.39872462122473146, 0.033038761803961605], [-0.6260686889998511, -0.13045914137342815, -0.01254933174994239, 0.6347168984168546, -0.45224257215281316, 0.4962874962300162, 0.6435427319456155, -0.14983593971605816, 0.30955922665076047, 0.30880003710589504, -0.28242108124379384, -0.05055820447415508]], "inverted": true, "swapped": true, "error_lsq": 0.04762365411472064, "error_max": 0.21857429453419078, "target": "977.xyz", "model": "3.xyz", "model_rescale": 3.7530521520055578, "target_rescale": 4.194050733523854},
{"mapping": [0, 4, 2, 5, 3, 13, 8, 10, 9, 12, 15], "R": [[0.8231441033602656, 0.5436922752238047, -0.16380627266740216], [-0.04742935451651714, 0.35330009826626974, 0.9343069607442679], [0.5658482494745135, -0.7613000396867234, 0.316603866273964]], "T": [-0.1150120174635392, -0.11386705050225006, -0.007346885150475718], "aligned_model": [[-0.4418222829473035, -0.1569316897477908, 0.422257228448653, 0.3855998156953282, 0.24710025163055196, -0.1435137513574517, -0.04268010644515148, -0.6436924548020314, -0.49261349338463656, 0.30086110484780815, -0.09636501949277075], [-0.8220896535176178, -0.022488921182226326, -0.2583165794355095, 0.26756786614209954, -0.7505396037050684, 0.6626112905710299, -0.28382085751361036, 0.3192142213569333, 0.2072949076765091, 0.2569986147864322, -0.10922792686462564], [-0.056997412502593915, -0.7486680351008166, -0.5300387567696887, -0.30108133156223205, 0.06863907735587116, 0.11538015703288809, 0.547129802256168, 0.034334426649638226, 0.6358720991192238, 0.38227575799198904, -0.054015007225130744]], "inverted": false, "swapped": true, "error_lsq": 0.04785349481454446, "error_max": 0.22584500486076925, "target": "977.xyz", "model": "4.xyz", "model_rescale": 3.7855080009869324, "target_rescale": 4.194050733523854},
{"mapping": [0, 4, 11, 1, 6, 13, 5, 3, 2, 9, 10, 8, 14, 15, 12, 16], "R": [[-0.40652608499367887, 0.8466847695625879, -0.34330954430434907], [0.21373543040340248, -0.277200961447092, -0.936737312571182], [-0.8882869513901377, -0.4541855655605487, -0.06827711202489534]], "T": [-0.05921145508584099, 0.07877363635469148, 0.021217644164951102], "aligned_model": [[-0.13110548588945137, -0.4159146607811747, 0.2532862999406866, 0.25192071928213783, -0.32810763643510027, 0.18835039520961394, -0.6318134386381596, -0.10124315169888246, 0.4061816184587353, 0.07445065148641616, -0.5638062125625064, -0.36757212447513304, 0.5137914114319594, 0.017617905301225263, 0.5615609086677721, -0.01974531048003541], [-0.4002544085002135, 0.14501039554604378, 0.6922589655713894, 0.014221479659302289, 0.6178663553402272, 0.7225294880441031, -0.44530512678637313, -0.6129359969340804, -0.4889932155760798, -0.4400353299013543, -0.16534799080278684, 0.4924678816411082, -0.04729443641392678, 0.1840164766002338, 0.3147957981956313, 0.05435201645537754], [-0.5902046844245519, -0.6232792903846611, -0.3767988532815743, -0.6659022348433611, -0.2300808875847014, 0.2429363230563099, -0.20806746890562228, 0.067990767800028, -0.061461110809019295, 0.4901373782858796, 0.4867850785451223, 0.4998413407725365, 0.35807362900663303, 0.8350599511541008, -0.12710792520808029, 0.04828718622299548]], "inverted": true, "swapped": false, "error_lsq": 0.032478250696940124, "error_max": 0.22515554844558483, "target": "977.xyz", "model": "5.xyz", "model_rescale": 4.2253639853439635, "target_rescale": 4.194050733523854},
{"mapping": [8, 0, 2, 14, 3, 4, 5, 12, 6, 7, 1, 11, 13, 15], "R": [[-0.49641378099925537, 0.4476672455967553, -0.7437522405034073], [0.8415621682702327, 0.4583478565360751, -0.2858152538705563], [0.21294711777887085, -0.7677963790150357, -0.6042700103439453]], "T": [0.11646345620857776, 0.0307042657486912, -0.0008509313159081669], "aligned_model": [[0.5076698428107991, -0.303728977439253, -0.3823915093811512, 0.1988632086819291, -0.12942126950764302, -0.4739063352799455, 0.08215245748298666, 0.6588103728883274, -0.09093940086608462, 0.34471652564360533, -0.7751740671361838, 0.038856287873544476, 0.6189045484025331, 0.07965046858431989], [-0.08584611703892095, 0.25295573275372163, -0.5022489696461232, -0.6841375019125026, -0.4224562887831498, 0.11265920116988709, -0.3981584274273212, -0.341030483671216, 0.6873921128202336, 0.4406160657329147, -0.02328517290606616, 0.227005689176541, 0.16697761004816947, 0.014655696318822777], [-0.4191022554027139, -0.621247565762776, 0.2223872237059475, 0.1634384894502682, -0.5266239958638521, 0.45126760033707225, 0.5443868827719031, 0.17226954015414614, -0.22671960435708968, -0.4553162561222205, -0.15046174338615562, 0.6986890504819221, 0.5888739319740254, 0.02971691095097164]], "inverted": true, "swapped": true, "error_lsq": 0.03849414743034214, "error_max": 0.27366543108104013, "target": "977.xyz", "model": "6.xyz", "model_rescale": 3.89814844738969, "target_rescale": 4.194050733523854},
{"mapping": [12, 9, 10, 14, 11, 7, 8, 5, 3, 0, 6, 1, 15], "R": [[0.5517174870827964, -0.5961129455432667, -0.5833156697730443], [0.7644256863961308, 0.6411352357175703, 0.06781577618209533], [0.3335583673434812, -0.4833166308716331, 0.8094095686968652]], "T": [-0.027237513052025986, 0.037333570271009295, -0.008674085837883188], "aligned_model": [[-0.057622329802546, -0.06490083480480108, 0.4063679304854096, -0.13941008218152878, 0.7002301803951048, -0.32656109001654804, -0.49875330937193074, 0.32877946312177503, -0.6508315799296405, -0.47831587640405376, 0.02036567055815673, -0.09002848938180003, -0.000687851763374478], [-0.44547376188137017, 0.34282884427348226, 0.4399944198375038, -0.6913792306932904, -0.030563201873373677, 0.5492915990492859, 0.029407987573261456, -0.5533580628552768, -0.14866109528948163, 0.5311882505463954, 0.7533479417755738, 0.17061698954506316, 0.01654058546271215], [-0.48645169365481045, -0.7601477390557798, -0.3531305913274128, 0.025596225248930838, 0.0010259591917064666, -0.28248104697428233, -0.35388509045155275, 0.07330173604667566, 0.3359815772033057, 0.395659000613779, 0.0929570500638321, 0.8849749230292029, 0.028874720902700695]], "inverted": true, "swapped": true, "error_lsq": 0.048767336544312936, "error_max": 0.2896035387427227, "target": "977.xyz", "model": "7.xyz", "model_rescale": 3.7474275329858107, "target_rescale": 4.194050733523854},
{"mapping": [8, 3, 0, 7, 1, 10, 9, 13, 6, 11, 12, 5, 14, 2, 15], "R": [[0.3844760454392532, -0.4382133625286393, 0.8124944426792942], [-0.8526915554737753, -0.5058018162902322, 0.13069672475320815], [0.35368811360732355, -0.7430569100269813, -0.568129515827199]], "T": [0.004850844516851265, -0.07646381114124456, 0.002958964845765983], "aligned_model": [[-0.33981917216419477, 0.33642108611026567, 0.4421209607883593, -0.23330522297294767, 0.9055353159291613, -0.31166388485100305, -0.7240696285477383, -0.550991358241769, 0.1549423663998243, 0.00947601580350173, -0.5046558162405823, 0.04622904213252961, -0.010480048885841897, 0.5415321781532266, 0.04088188892595522], [0.024078125254672206, 0.2790108806533719, -0.41693571592684875, -0.516291433054741, -0.13116060756893916, -0.5949153343676489, -0.41218569400675253, -0.08550111662613828, -0.7740046315775285, -0.18850385502988204, 0.3665269893948146, 0.41299129509591154, 0.6581357944597971, 0.42826257438983906, -0.06038930911033427], [-0.45818580350091975, -0.5501685252607106, -0.5481518292613168, -0.417159148836371, -0.07508891166749725, 0.3189117600072911, -0.12123564468493535, 0.5595114445060105, -0.12424508367275848, 0.7249970136399356, 0.08333130389694161, 0.49398469928688105, 0.07301514897396696, 0.20284674222072538, 0.0344314900490183]], "inverted": true, "swapped": true, "error_lsq": 0.0436432004126482, "error_max": 0.34664573047799524, "target": "977.xyz", "model": "8.xyz", "model_rescale": 4.019505241142653, "target_rescale": 4.194050733523854},
{"mapping": [0, 3, 8, 7, 6, 10, 12, 1, 4, 2, 14, 11, 15], "R": [[-0.5226699799127688, -0.13876476746825664, 0.841166114038997], [0.7777205236306796, 0.32657526184204855, 0.5371213880273427], [-0.34923756845678544, 0.934929375761762, -0.06277087793008856]], "T": [0.09493857930377667, 0.007841233932171662, -0.03866746503595653], "aligned_model": [[-0.23798677338150645, -0.6172133077125133, -0.03879901976431868, 0.2644565643001655, 0.3787273912487279, 0.7681687399288187, 0.13950774131893526, -0.40385048741066765, 0.13501935914441804, -0.40063154904652964, -0.31723917711702654, 0.5666243363414665, 0.08291695389120657], [-0.659598809963601, -0.06991779181633058, 0.16244225759117498, -0.299132182366315, -0.6445868954373032, -0.11156519081192386, 0.6673984515783634, -0.588401384606241, -0.23771136756792882, 0.12712896868204532, 0.5929575454432688, 0.1170943034429928, 0.00727032394585616], [-0.2721923614764944, -0.20909142362765315, -0.5861831057493166, -0.5897544394537196, -0.17677241533787472, -0.07476429547269162, -0.1977129492485135, 0.4261119819876237, 0.6668548377936852, 0.529585459192328, 0.14168742093028758, 0.5085889839536701, 0.010345800552548044]], "inverted": false, "swapped": true, "error_lsq": 0.050247286059052855, "error_max": 0.27163383538326263, "target": "977.xyz", "model": "9.xyz", "model_rescale": 3.877068213659057, "target_rescale": 4.194050733523854},
{"mapping": [7, 1, 0, 8, 5, 12, 4, 2, 9, 14, 13, 6, 10, 6, 11, 15], "R": [[0.0626244976303213, -0.9824756439175306, 0.17555563621081535], [-0.8429927385081724, 0.04209183988924803, 0.5362756006357465], [-0.5342671757829061, -0.18157611661111214, -0.8255838532562187]], "T": [-0.07381845080425328, 0.02293829590805263, 0.04447084508683572], "aligned_model": [[-0.30317050821013547, -0.3455746246062804, 0.21492765443333153, 0.3736049284136641, -0.4617621247625011, 0.05516569402702304, -0.6798465251237822, -0.1617995300380784, 0.39677031939013774, 0.22508525346884642, -0.3999551060450621, -0.11931420267386986, 0.48754273905132384, -0.11931420267386986, 0.5863160226880004, -0.04082389852064512], [-0.3577243950303025, 0.28756868759740056, 0.5974526525530304, -0.17601709832019655, 0.6206770732680416, 0.7471075465149754, -0.17011291151433422, -0.6311974477360822, -0.4391624944738818, -0.48525725979970424, -0.3894991723742329, 0.2804618452152088, 0.043812718557237784, 0.2804618452152088, 0.33799029205935904, 0.09079047040687419], [-0.6402043471817814, -0.7359303004775847, -0.4249170290138096, -0.5518109730535463, -0.27678217376044645, 0.17537998369481286, -0.1869419553246658, -0.02423953646858403, 0.0188901337015848, 0.5562475535928886, 0.6111883345195407, 0.6029655480508934, 0.4776551620500336, 0.6029655480508934, -0.05361071735935737, -0.00464603161883792]], "inverted": true, "swapped": false, "error_lsq": 0.04240068051381185, "error_max": 0.35792008681050064, "target": "977.xyz", "model": "10.xyz", "model_rescale": 4.260839863003843, "target_rescale": 4.194050733523854},
{"mapping": [6, 10, 5, 4, 2, 1, 0, 7, 12, 14, 3, 15], "R": [[0.05066058117162761, -0.9636833188008582, 0.26219833443467344], [0.15905123688923076, -0.25139982232793345, -0.9547255277709346], [0.985969679837752, 0.09006991949839549, 0.14053896271921837]], "T": [0.11486760070389988, -0.08788737370708763, 0.001200157008163838], "aligned_model": [[0.4247794101253243, 0.3853649461224138, -0.43369654322180884, -0.49872415050484475, -0.5950104703613005, -0.4030781223578994, 0.31386979772188733, 0.7270543418987978, 0.18950577356644183, -0.2675867130216336, 0.05125029631805973, 0.06517008280869231], [0.009798941400605554, -0.5964362842180847, -0.38334680518208597, -0.16903808993001898, 0.1467239134037194, 0.5104943030472074, 0.5639085359265052, 0.03955820363496326, -0.39993315128912577, -0.05430002009162282, 0.5943383021897213, -0.08868934335884987], [-0.6466297475944205, -0.3689469979891166, 0.3080646751501441, -0.419018825084784, 0.15534739133253664, -0.43923976454489294, -0.3814349141506447, -0.18761429594829557, 0.6006617282913354, 0.631581052472308, 0.27096314123339926, -0.007555365772064027]], "inverted": false, "swapped": true, "error_lsq": 0.04556871888250246, "error_max": 0.25621767954376895, "target": "977.xyz", "model": "11.xyz", "model_rescale": 3.890672605050136, "target_rescale": 4.194050733523854},
{"mapping": [5, 11, 13, 14, 12, 0, 4, 3, 2, 6, 9, 10, 8, 15], "R": [[0.8654649176821354, 0.27004611441835097, 0.42195446715138113], [-0.2594744935532089, -0.4788597594476909, 0.8386693734583408], [0.42853642022208666, -0.8353253419292697, -0.3443662435169693]], "T": [0.027685980832435647, -0.021991781156198122, 0.1703274981194349], "aligned_model": [[0.47163039640828364, 0.030256264058546034, 0.4047565635653534, 0.6475791701526471, 0.6853940332282944, -0.5689733615601211, -0.2741139961180259, 0.05992695762768077, 0.16904312987399858, -0.6446095757814256, 0.14210289712832772, -0.17833830224532188, 0.24021608503611877, 0.025005573419337762], [-0.2309285027361387, 0.191933860407685, 0.5413598013113979, -0.41595357728402976, 0.14448820343586719, -0.2900445114534344, -0.2973488239363116, -0.6056389052200938, -0.693555317264349, 0.23193061754170832, 0.7209556877462209, 0.592754274832004, 0.09523615023796758, -0.053036437790728724], [-0.32124500965274505, -0.5283444714600735, -0.2287284629219493, 0.09748504619416867, 0.2150726894163601, 0.5981063461585288, -0.456377808791424, 0.6181753025301692, -0.1639647019894668, 0.26420843906238833, 0.47756741649069523, -0.04976567769983456, 0.7019750934820851, 0.13062623453795907]], "inverted": false, "swapped": true, "error_lsq": 0.04686341933681012, "error_max": 0.2988571050419798, "target": "977.xyz", "model": "12.xyz", "model_rescale": 4.124412569039231, "target_rescale": 4.194050733523854},
{"mapping": [5, 4, 1, 13, 2, 14, 10, 8, 6, 7, 3, 0, 15], "R": [[0.27340863703702545, 0.04876930068478852, -0.9606608519682027], [-0.945869703800541, -0.1679280285680344, -0.2777241088806125], [-0.17486629356692213, 0.9845921655853099, 0.00021643058217948874]], "T": [0.02183558017361463, 0.047832088859227094, -0.061959312897720865], "aligned_model": [[-0.05937799338029193, 0.06137384252261292, 0.6757656258298959, -0.7063367544122916, 0.4680958819994812, 0.2502954163964176, -0.5890024282428681, 0.09978412312322561, -0.06387302939923631, -0.05802473392727968, 0.7244713224723752, 0.530103337125466, 0.03402369740225075], [-0.3238749977513951, 0.42453679941242606, 0.5550562809483919, -0.20217194153794668, -0.09662751401120492, -0.5846447427786364, 0.34438771848197414, -0.2398740507086389, 0.7151460825380476, 0.27930138474229443, -0.11391342253110334, 0.5358601699700123, 0.054303609734256304], [0.5190939767212539, 0.5831721122116086, 0.30602824390063404, 0.09945916746567968, 0.5402979974121629, 0.2422752125110745, -0.1498877532671865, -0.564661810060466, -0.3314358409313996, -0.6675253078307487, -0.211600567629273, -0.4001040440473187, -0.013413305488182044]], "inverted": false, "swapped": true, "error_lsq": 0.04542600724120264, "error_max": 0.23534796576277414, "target": "977.xyz", "model": "13.xyz", "model_rescale": 3.9028299243045295, "target_rescale": 4.194050733523854},
{"mapping": [11, 14, 10, 9, 13, 4, 12, 1, 6, 2, 8, 5, 3, 0, 7, 15], "R": [[0.9396543406253236, 0.3238303008877965, -0.11037960124456012], [-0.28459433915900045, 0.560783245371702, -0.7775141245205992], [-0.18988360187925848, 0.7620079316761088, 0.6191026811442981]], "T": [-0.026723585832531864, 0.00586899802463009, 0.074825147880879], "aligned_model": [[-0.23094799913605524, -0.24892606658947963, 0.07159851605549797, 0.3801658850583181, -0.6321479402281741, 0.21255094092540572, -0.6851201520293557, -0.029612326970284437, 0.4833807064343142, -0.07251072628279953, -0.5498006293035632, -0.3638303160197493, 0.5112030739909896, 0.12111031745892348, 0.6904805583395899, 0.05025804711452469], [-0.3593619691260022, 0.23235127776238546, 0.6560041158495626, -0.060458044232916064, 0.42667085483454636, 0.5684715557653521, -0.16832675750481096, -0.616316459819489, -0.39460578736058466, -0.5338917147975992, -0.021220344187100282, 0.3566524643681751, -0.009650610318662933, 0.1370946740537448, 0.4073449815520874, 0.01659411529991308], [-0.5340717382853847, -0.7512393092247396, -0.27590223186021773, -0.5815947927114161, -0.2235680494363198, 0.36738170096262285, -0.06803873606690143, -0.11245984074540984, -0.07951803962943337, 0.5735351640413837, 0.6424198392670517, 0.23423608181466654, 0.3896004576593485, 0.8798974230419626, -0.3060464920060595, -0.008422237419119807]], "inverted": true, "swapped": false, "error_lsq": 0.04334453462064764, "error_max": 0.2752719747567863, "target": "977.xyz", "model": "14.xyz", "model_rescale": 3.942246331269136, "target_rescale": 4.194050733523854},
{"mapping": [8, 14, 3, 5, 11, 2, 6, 0, 7, 1, 4, 10, 12, 13, 15], "R": [[-0.5600558488965888, 0.8252792082788071, -0.07246843795354524], [-0.6547429499235261, -0.49452081908113454, -0.5716299756142631], [-0.5075914849976904, -0.2726965124053282, 0.8173050204665393]], "T": [-0.14979023979207756, 0.016338713083920542, -0.005536805548625047], "aligned_model": [[-0.7291914297372044, -0.1427969245411962, -0.38295324544486775, 0.22988669016808483, 0.4148987720677599, 0.31983702228520733, -0.11698438761816209, -0.27893641432202654, -0.6024945918138427, 0.365578638972562, 0.590810953148811, -0.08145681225362326, -0.4343052791283147, -0.07414337449196534, -0.10345558075901208], [-0.01716104790414317, -0.5625748839342847, 0.17592666606044782, -0.5483007809451197, -0.23174705971775902, -0.1780042932013618, 0.6616958752022912, 0.7384171478427124, 0.41361749197396097, 0.5422906655037528, 0.11406773479360291, 0.09310150098004744, -0.6001974396211905, -0.5110305071777659, 0.008043620026460167], [-0.07433088851064412, -0.4633464018936341, -0.6855498936491421, -0.14486519024334524, 0.3862451194666114, -0.5751083395025998, 0.3226543589290929, -0.27530222137198085, 0.24723625557204995, -0.5328746385907834, -0.045825515336144075, 0.6713957920474921, 0.029562544864248162, 0.5732136995611303, -0.023742200981835205]], "inverted": false, "swapped": true, "error_lsq": 0.042309169041394055, "error_max": 0.2784108000443182, "target": "977.xyz", "model": "15.xyz", "model_rescale": 4.355366556412066, "target_rescale": 4.194050733523854},
{"mapping": [5, 11, 13, 3, 12, 2, 8, 1, 10, 4, 6, 15], "R": [[0.88962329146525, 0.12957344707620483, -0.43792821454586006], [0.24992963913653032, 0.6644415843773837, 0.7043099860367987], [0.3822375894173917, -0.7360218086190531, 0.5587184644107615]], "T": [-0.06232746134684526, 0.10507197753690661, -0.16439097212017276], "aligned_model": [[-0.2672356460019741, 0.37340609716844725, 0.24485956362461525, -0.6574227419005035, -0.3792604555132287, -0.45165221448006637, -0.34205373336733547, -0.11413092763156248, 0.5645443612525202, 0.20865470468805253, 0.48243348281594606, -0.06433393602313013], [-0.4985712663753879, -0.42353862185842567, -0.5487260431528649, 0.5131524677688997, -0.35434451972636133, -0.08423751185792844, 0.3005440355857118, 0.532654008598671, -0.03179239537426071, -0.06133986310401962, 0.5830123544021112, 0.08596378283483538], [0.11131212558343681, 0.08981447184395283, -0.47580254818193324, -0.017479357592722816, -0.552704709774929, 0.4643528990163299, -0.6388427462873212, 0.6323559985078547, -0.40334616890724406, 0.5127648694640787, -0.155444411195183, -0.11772196126689799]], "inverted": true, "swapped": true, "error_lsq": 0.04662067675442644, "error_max": 0.23950045365721767, "target": "977.xyz", "model": "16.xyz", "model_rescale": 3.795458400668931, "target_rescale": 4.194050733523854},
{"mapping": [12, 9, 10, 14, 11, 7, 8, 5, 3, 0, 6, 1, 15], "R": [[0.5517174870827964, -0.5961129455432667, -0.5833156697730443], [0.7644256863961308, 0.6411352357175703, 0.06781577618209533], [0.3335583673434812, -0.4833166308716331, 0.8094095686968652]], "T": [-0.027237513052025986, 0.037333570271009295, -0.008674085837883188], "aligned_model": [[-0.057622329802546, -0.06490083480480108, 0.4063679304854096, -0.13941008218152878, 0.7002301803951048, -0.32656109001654804, -0.49875330937193074, 0.32877946312177503, -0.6508315799296405, -0.47831587640405376, 0.02036567055815673, -0.09002848938180003, -0.000687851763374478], [-0.44547376188137017, 0.34282884427348226, 0.4399944198375038, -0.6913792306932904, -0.030563201873373677, 0.5492915990492859, 0.029407987573261456, -0.5533580628552768, -0.14866109528948163, 0.5311882505463954, 0.7533479417755738, 0.17061698954506316, 0.01654058546271215], [-0.48645169365481045, -0.7601477390557798, -0.3531305913274128, 0.025596225248930838, 0.0010259591917064666, -0.28248104697428233, -0.35388509045155275, 0.07330173604667566, 0.3359815772033057, 0.395659000613779, 0.0929570500638321, 0.8849749230292029, 0.028874720902700695]], "inverted": true, "swapped": true, "error_lsq": 0.048767336544312936, "error_max": 0.2896035387427227, "target": "977.xyz", "model": "17.xyz", "model_rescale": 3.7474275329858107, "target_rescale": 4.194050733523854},
{"mapping": [9, 6, 10, 0, 12, 14, 13, 4, 8, 5, 3, 1, 2, 15], "R": [[0.36129308742225474, -0.041548799284989, -0.931526168316742], [0.7775053908714135, -0.5380515828401254, 0.3255546979681393], [-0.5147355361219834, -0.8418872795577871, -0.16208990212842667]], "T": [0.0514263040473538, -0.07204406195741457, -0.028436364860122867], "aligned_model": [[0.5404046198251882, 0.1590651058830912, 0.6705383539422596, -0.4507389715686664, 0.231190678447403, -0.19149534499087423, 0.7713283391757774, 0.10814741671294495, -0.10017669301298818, 0.16428858573371655, -0.6732387785334856, -0.5200816314487381, -0.3392791185759764, 0.04489508629322483], [-0.5985271773887615, 0.22853982669168843, 0.010319980220260691, 0.12605510557886318, -0.5941679239770351, -0.3058238890653683, -0.24051781834955283, 0.639444508730038, -0.608416491237166, 0.031085127801270804, -0.20179214638155252, 0.628624054540316, 0.2790140913208784, -0.033429006972645996], [-0.40682013246746357, -0.6790781597822788, -0.3090003661932365, -0.5936231797281764, 0.36826130592532735, 0.6281575359966078, 0.24017216646199674, 0.19568636483333107, -0.20416839704985112, 0.6490672910231865, -0.011791407525993516, -0.0809587200955091, 0.5254933666207315, 0.0033970506429827213]], "inverted": true, "swapped": true, "error_lsq": 0.04106518389855218, "error_max": 0.22974820183392602, "target": "977.xyz", "model": "18.xyz", "model_rescale": 3.922800546911778, "target_rescale": 4.194050733523854},
{"mapping": [0, 6, 7, 3, 13, 1, 10, 14, 4, 8, 9, 12, 2, 5, 15], "R": [[0.6725511978539866, -0.5197225401318868, 0.5268428300205168], [0.5436861288889199, -0.1359840811194788, -0.8281990841191939], [0.5020759698680552, 0.8434434248726767, 0.1911096792946427]], "T": [0.08539747941767886, 0.03187847304052667, -0.01108951315266072], "aligned_model": [[-0.21777503975371712, -0.17916298789541094, 0.3332676472113766, 0.047772308517652545, 0.4107312432030603, -0.7260531380355859, 0.14687772969701493, 0.2542518029158835, -0.5961468321101374, 0.5746174917891941, 0.7110841310239492, 0.6322740345157181, -0.34823304456682824, 0.006428802608293316, 0.04611668776715471], [0.4583554508274576, -0.16117939112750285, 0.03524997537242699, 0.7672651275797947, -0.62251544079529, 0.42811197289325154, -0.5982392633491032, 0.34171365236849455, -0.17734911476515308, 0.29536447342231387, -0.3368315532314106, -0.012649538200921837, 0.35006941294811106, -0.08024516308647474, 0.030490904178584605], [-0.5916523357229404, -0.657624857347804, -0.6154196313943998, -0.017563829222312637, 0.27997652325459266, -0.0808221213078888, -0.27180303740056855, 0.6371927285161242, 0.2155940476346921, -0.19219585165215916, -0.37444563358030847, 0.3904586026433281, 0.5306205533022113, 0.6697753533572944, 0.020568656083468438]], "inverted": false, "swapped": true, "error_lsq": 0.03986991648811341, "error_max": 0.2654029510836837, "target": "977.xyz", "model": "19.xyz", "model_rescale": 3.9282355846067225, "target_rescale": 4.194050733523854},
{"mapping": [5, 2, 1, 14, 12, 3, 8, 0, 9, 10, 4, 11, 6, 15], "R": [[-0.5267759480593817, -0.46355317665410434, -0.7124784578919063], [0.14078623048213867, -0.8742105923485992, 0.46468815084112225], [-0.8382638831852236, 0.1444793848249644, 0.5257750179571392]], "T": [-0.03518899929178005, -0.013383206886073584, 0.03186289209069301], "aligned_model": [[-0.5767004158195524, -0.13540837504419162, 0.5618948170615682, -0.5172893683679263, -0.6366673246753284, 0.2579976995975495, -0.03429414595176529, 0.7289605992061915, -0.1885480725333022, -0.08991900260018498, 0.04172762765148661, -0.3727958272112964, 0.5351261470864227, -0.04156153931499425], [-0.44827415349753497, -0.7309266683908404, -0.6923176631136918, -0.31264421697662426, 0.19715331962585397, -0.17881655591440493, 0.42972493231999725, 0.0006360767839899695, 0.763131256509634, 0.30544213515424407, -0.6457834168082377, -0.288616291199194, 0.1867706103085673, -0.06259727737692287], [0.027393164083639107, -0.20859117679658123, -0.021566014006887596, -0.4401557174498232, -0.20519363006894126, -0.6230603618497447, -0.34920793459839494, -0.13162481605442253, 0.2134250646810434, 0.6353152536103926, 0.4240593681026722, 0.6185328901237436, 0.4318011552633956, 0.04105591220359191]], "inverted": false, "swapped": true, "error_lsq": 0.04259379760943597, "error_max": 0.2306381476571299, "target": "977.xyz", "model": "20.xyz", "model_rescale": 4.067790424073018, "target_rescale": 4.194050733523854},
{"mapping": [6, 3, 10, 11, 9, 8, 13, 0, 7, 1, 2, 5, 4, 14, 15], "R": [[0.5683779877665768, -0.5510900298570784, 0.6109388201895029], [-0.4255221584243922, 0.43863010893939036, 0.7915393358650379], [-0.7041855974899399, -0.7098615403893517, 0.014806679701858307]], "T": [-0.012099178228667087, 0.05653099691412106, 0.020775994374164906], "aligned_model": [[0.18587313180452647, 0.11449649987265169, -0.16622894061289345, 0.1966528744679652, -0.6996387230914686, -0.47589663967533863, -0.395960190889804, 0.30385163928126074, -0.29509882880344435, 0.8356570603486454, 0.49021624988289986, 0.09512363173788672, 0.6516821092814211, -0.10091144642445947, 0.028625526727666446], [0.046959491264777, 0.750947469057915, -0.45374284028763684, -0.638224510783151, -0.11993216272724339, 0.4091594616186009, -0.6208118442919377, 0.609337006716105, 0.26968257170342214, 0.3742144357701577, 0.1489714491863112, -0.26669468884277864, -0.27743945799048536, 0.16680429929384039, 0.04166446023995078], [-0.6763515992665544, 0.23056255121162728, -0.4089499089965087, 0.10824411753762744, -0.37369665013136805, -0.025111687877788544, 0.13324949480702264, -0.4324678432622582, -0.5279894225969844, -0.005725330890890466, 0.588107180837326, 0.6260966971696688, 0.10750780173687183, 0.7451596396730664, 0.04661453367028315]], "inverted": true, "swapped": true, "error_lsq": 0.041346535816648114, "error_max": 0.25485201313616457, "target": "977.xyz", "model": "21.xyz", "model_rescale": 4.186013935880536, "target_rescale": 4.194050733523854},
{"mapping": [6, 10, 7, 1, 2, 0, 4, 11, 8, 12, 5, 3, 15], "R": [[-0.08957323078885007, 0.5958108073409865, 0.7981141009791329], [-0.7926082614778531, 0.44260601591425774, -0.41937102727008135], [-0.6031158928125696, -0.6701562478498503, 0.432598917364234]], "T": [-0.030066885487943416, 0.079314758443493, -0.019068378178712955], "aligned_model": [[0.2251038684769088, -0.37236397060075593, 0.3287555355206575, 0.3668296506215206, -0.08702433271803547, 0.6766852009097145, -0.2993299403453406, -0.6848461241343206, 0.2640212833878769, -0.3379174559178198, -0.5301177954621498, 0.5572695358682566, -0.04849142018328741], [-0.2765307037290867, 0.02188825818466844, 0.26039176359696425, -0.66951925132413, -0.24488118679158338, -0.21852805014362986, -0.5976886397762147, -0.23691420104329597, 0.5796402357031524, 0.6531379022038724, 0.056825845667754685, 0.1473562882691029, 0.0437783987285195], [-0.5965919053598716, -0.6092671812986963, -0.533969793315922, 0.3003631372523839, 0.6696866871145003, -0.16953608122247962, 0.15071994560702973, -0.09101767539601788, -0.08796804783563332, 0.17651440626634268, 0.46241689094082944, 0.41985915604050866, 0.01167002254237184]], "inverted": true, "swapped": true, "error_lsq": 0.04780562808785725, "error_max": 0.2691175385259428, "target": "977.xyz", "model": "22.xyz", "model_rescale": 4.166573947596378, "target_rescale": 4.194050733523854},
{"mapping": [11, 14, 13, 12, 10, 5, 9, 3, 2, 4, 8, 7, 1, 0, 5, 15], "R": [[-0.04806481091159198, -0.6234896682244553, 0.7803527456025205], [0.5427847977431888, -0.672141067118377, -0.5035981028874665], [0.8384953412458049, 0.3993582595994836, 0.37072704675913926]], "T": [-0.042058701952910005, -0.0684608636178784, -0.0645206947260959], "aligned_model": [[-0.10494975457600038, -0.30859354762899205, -0.0014860184058682613, 0.15687396408039794, -0.44186751759180026, 0.3918625807916548, -0.5788471964205055, -0.16234567575701483, 0.4469378871393353, 3.698817617869832e-05, -0.6140083617392238, -0.16133093723145137, 0.5527621534062279, 0.12657492994164404, 0.3918625807916548, 0.014369813841865392], [-0.6613209978794545, 0.3360604566662076, 0.7503451637774219, -0.115528039818286, 0.5629753330694672, 0.6101050260318076, -0.24768107642263923, -0.6493297446683678, -0.5178445729059322, -0.4425805795566524, -0.187740676226909, 0.5097203407455738, -0.014916911503738917, 0.14002238543889797, 0.6101050260318076, -0.045038780640601586], [-0.5809070850673882, -0.6900600145903976, -0.27600044729513695, -0.6870894303196987, -0.11333128327536895, 0.1412039634619474, -0.26498863184204113, 0.03319848955348895, 0.04385760970680963, 0.5664435708096321, 0.4946975571179053, 0.3390512027874749, 0.32460686288061474, 0.7067465714629968, 0.1412039634619474, -0.03242369945075234]], "inverted": true, "swapped": false, "error_lsq": 0.04651205191436754, "error_max": 0.343566893650818, "target": "977.xyz", "model": "23.xyz", "model_rescale": 4.274766983524099, "target_rescale": 4.194050733523854},
{"mapping": [12, 11, 10, 7, 6, 0, 3, 1, 2, 4, 15], "R": [[-0.4726788650074731, -0.8789540514581172, -0.06335981376715709], [0.7792642375089672, -0.3833291178233916, -0.49578829712721983], [0.411487470908672, -0.2837226865340559, 0.8661290310520038]], "T": [-0.017716644238334245, 0.017359340512476534, -0.14006446850898197], "aligned_model": [[0.31863134728597337, 0.26579822169809164, -0.33606788288815914, -0.6423446595672397, -0.6467780702244601, -0.5246845606448707, 0.04234035040814151, 0.03250306314178489, 0.5918020835176359, 0.2610178529742442, 0.017676958256933238], [-0.18512347394343795, 0.6856884690481115, 0.5405015167012706, -0.11638034357900359, 0.29340854527632665, -0.23614288072000636, -0.6172834914654599, 0.03924816397322209, -0.049774342461056054, 0.5238537705065854, 0.037590597906931277], [-0.6951935868660559, -0.22294271833569934, -0.4462906544492778, -0.2765174578111888, 0.0909119154810748, 0.39805218750380816, 0.22854472174723084, 0.763990058612648, 0.3145900055634115, 0.33473521688975105, -0.11031325431412549]], "inverted": true, "swapped": true, "error_lsq": 0.050426812608693396, "error_max": 0.256413350757097, "target": "977.xyz", "model": "24.xyz", "model_rescale": 3.7841303162186577, "target_rescale": 4.194050733523854},
{"mapping": [0, 7, 11, 10, 6, 13, 1, 8, 9, 2, 4, 3, 12, 5, 13, 15], "R": [[0.5005289500619532, -0.7523860929872979, -0.42823584299914524], [-0.7455245336002936, -0.1231575206586851, -0.6550003014543359], [0.4400726530357732, 0.6471069403000677, -0.6225661955692271]], "T": [-0.0005222862940168979, -0.041325808804430944, -0.08954859585414354], "aligned_model": [[-0.40343697416165386, -0.21698399344576313, 0.06043809079457361, 0.4374240193207917, -0.5435549603845159, 0.45195587381054475, -0.6237089619709508, -0.18448122451455795, 0.47018031416119355, 0.03518604670983573, -0.5356779815430435, -0.1641234287843012, 0.5048401439456858, 0.012192511266425766, 0.45195587381054475, -0.044353460196706614], [-0.37065612035399775, 0.1430335723467892, 0.6649430378665379, -0.09527540719926055, 0.4338247788950145, 0.5671794861258771, -0.4470586236016565, -0.6021448027970214, -0.36758762025835545, -0.5072775094688915, -0.0291097959440704, 0.5700062026596789, 0.051812742921612906, 0.047588526108606186, 0.5671794861258771, 0.01089439871186177], [-0.6096747820309053, -0.6743233456670524, -0.38432939205695327, -0.7302884646843704, -0.05248262598928426, 0.10276577683081839, -0.09700809038501834, -0.05639820121436284, 0.029333702397657216, 0.5024032227334887, 0.4302239445235507, 0.4089589021519252, 0.4682201113289798, 0.7829600404433161, 0.10276577683081839, -0.07691737581057373]], "inverted": true, "swapped": false, "error_lsq": 0.039926457881833605, "error_max": 0.2612406955296802, "target": "977.xyz", "model": "25.xyz", "model_rescale": 4.19342608120988, "target_rescale": 4.194050733523854},
{"mapping": [5, 11, 13, 3, 12, 2, 8, 1, 10, 4, 6, 15], "R": [[0.88962329146525, 0.12957344707620483, -0.43792821454586006], [0.24992963913653032, 0.6644415843773837, 0.7043099860367987], [0.3822375894173917, -0.7360218086190531, 0.5587184644107615]], "T": [-0.06232746134684526, 0.10507197753690661, -0.16439097212017276], "aligned_model": [[-0.2672356460019741, 0.37340609716844725, 0.24485956362461525, -0.6574227419005035, -0.3792604555132287, -0.45165221448006637, -0.34205373336733547, -0.11413092763156248, 0.5645443612525202, 0.20865470468805253, 0.48243348281594606, -0.06433393602313013], [-0.4985712663753879, -0.42353862185842567, -0.5487260431528649, 0.5131524677688997, -0.35434451972636133, -0.08423751185792844, 0.3005440355857118, 0.532654008598671, -0.03179239537426071, -0.06133986310401962, 0.5830123544021112, 0.08596378283483538], [0.11131212558343681, 0.08981447184395283, -0.47580254818193324, -0.017479357592722816, -0.552704709774929, 0.4643528990163299, -0.6388427462873212, 0.6323559985078547, -0.40334616890724406, 0.5127648694640787, -0.155444411195183, -0.11772196126689799]], "inverted": true, "swapped": true, "error_lsq": 0.04662067675442644, "error_max": 0.23950045365721767, "target": "977.xyz", "model": "26.xyz", "model_rescale": 3.795458400668931, "target_rescale": 4.194050733523854},
