[{"mapping": [9, 7, 10, 12, 0, 11, 5, 1, 4, 3, 13], "R": [[-0.47139764635790343, -0.8800906911242055, 0.0567858644800575], [-0.8666597217059457, 0.45035255658008094, -0.21467068163668201], [0.16335600931952787, -0.1504092755726969, -0.9750342886488119]], "T": [0.08247963353906032, 0.06662761613145889, 0.11505279074728124], "aligned_model": [[0.06271562913632259, -0.21307987888707428, -0.7208589047743358, -0.07260123393179821, 0.6420544906865079, -0.6076378385535006, -0.19684246300835792, 0.27457615919391876, 0.20823650671413377, 0.4976537031865157, -0.017023214226972533], [-0.3297161717303732, 0.20816324220132715, -0.41013180039646263, -0.4910247229203321, -0.4417954483305561, 0.169006136566971, 0.41996008159135473, -0.2684086486132593, 0.6879429177303881, 0.3349919836217091, 0.08294973255710411], [-0.5007914734279483, -0.5661275991957241, -0.2628050876330394, 0.12472756558487677, -0.03920154906879629, 0.1328952712163627, 0.7229480084238012, 0.5438811241864455, -0.6001791516737354, 0.28479189629358753, -0.012902803336121718]], "inverted": false, "swapped": false, "error_lsq": 0.052887151825000235, "error_max": 0.33517075439385996, "target": "978.xyz", "model": "0.xyz", "model_rescale": 3.8414455957264533, "target_rescale": 3.832477956894577},
{"mapping": [4, 5, 1, 0, 7, 12, 8, 13, 6, 9, 14], "R": [[0.07624418247422779, -0.36355037214579433, 0.9284492186175242], [0.9932993237736839, -0.05341536028063362, -0.10248537786841738], [0.08685204677829333, 0.9300418948621318, 0.35704172833392533]], "T": [-0.026856752314663883, 0.006509784656762052, -0.08724041680289946], "aligned_model": [[0.07724731998007647, -0.19026754392250012, -0.6982417541614773, 0.06860680944680683, 0.5350898816517541, -0.5907889266880012, -0.07345064648269198, 0.08100063676337527, 0.20420416616236545, 0.5562081515699092, -0.1124151387842573], [-0.33991564353769593, 0.32796803006186853, -0.5084741267665702, -0.7005357856109888, -0.30506110478181997, 0.22525112274976747, 0.5516027176386884, -0.15431344916202977, 0.7010823352910271, 0.1763534883118038, -0.012020281916179487], [-0.4934041764862674, -0.6388601178920323, -0.2676057167888486, 0.041175467914418284, -0.07751603695710937, 0.3779716569687453, 0.48285176954944015, 0.645800967925592, -0.3596500305128516, 0.22372278709790488, -0.10725036944928296]], "inverted": false, "swapped": false, "error_lsq": 0.0433268491130494, "error_max": 0.2290313098826925, "target": "978.xyz", "model": "1.xyz", "model_rescale": 4.316132596720782, "target_rescale": 3.832477956894577},
{"mapping": [5, 3, 7, 9, 0, 10, 8, 1, 4, 2, 11], "R": [[-0.17621981223504965, -0.9752797582255568, -0.13332655763704182], [-0.11691279778377006, 0.15522444784459782, -0.9809366791519782], [0.9773832285701527, -0.1572728965424091, -0.14137630820949298]], "T": [-0.048752453670970676, 0.01290443488376139, 0.0016755838420719135], "aligned_model": [[0.1025695281453565, -0.3516015593646193, -0.7365463975240982, -0.14367131435042593, 0.6203061264276334, -0.5785400872602718, -0.10184543216151112, 0.15019319582426882, 0.35198467834398617, 0.579996496455824, -0.03565227900078295], [-0.3627936414519809, 0.15992935311831294, -0.4116661239286088, -0.7095748373922397, -0.1912675511387594, 0.13768561386127648, 0.451331243505548, -0.1726623746873082, 0.49010495472834703, 0.4474401243824554, 0.12341054128082762], [-0.500033988693474, -0.5619582524717109, -0.38191332523699595, 0.1393912919180448, -0.11910717613013758, 0.3194656391586582, 0.6277739666299608, 0.47133807024836244, -0.45221773624672096, 0.34311209918767743, -0.058614386993955686]], "inverted": false, "swapped": false, "error_lsq": 0.04791311807077911, "error_max": 0.23546066935793142, "target": "978.xyz", "model": "2.xyz", "model_rescale": 3.795458400668931, "target_rescale": 3.832477956894577},
{"mapping": [10, 4, 0, 1, 2, 7, 9, 8, 5, 3, 11], "R": [[0.5717098742423726, -0.10234352390245044, -0.8140476784617711], [-0.6500559303736188, -0.6618561576552636, -0.3733278906804308], [-0.5005747767115912, 0.7426117624230303, -0.44491871530775284]], "T": [0.011023582138866289, -0.07673131297888171, -0.037258959655197196], "aligned_model": [[0.20063930759454585, -0.34588486191722345, -0.5662239582450194, -0.06647885258637531, 0.4965215920949609, -0.6482172459979817, -0.08925791878353506, 0.1737229859884611, 0.3013711070636546, 0.5220612597818065, -0.12106045945793437], [-0.03941565125557424, 0.21389622191537172, -0.49896297719879573, -0.6295907995535039, -0.6059525594941784, 0.07649994172896925, 0.6833528308435026, -0.050081225172365726, 0.5249078440812799, 0.3781086531099213, -0.09082497672675577], [-0.7455414975242532, -0.48347273336276325, -0.35461308839244354, 0.25361661971810784, -0.3054787687306005, 0.3166110867093861, 0.37111630611125024, 0.7265352625265542, -0.2553260479817295, 0.37387498787725343, -0.07008592558105331]], "inverted": true, "swapped": false, "error_lsq": 0.06283888071279421, "error_max": 0.3548597859006655, "target": "978.xyz", "model": "3.xyz", "model_rescale": 3.7530521520055578, "target_rescale": 3.832477956894577},
{"mapping": [5, 9, 8, 7, 1, 6, 4, 0, 3, 2, 10], "R": [[0.07623043051648154, 0.055143864015712585, -0.9955641997001945], [0.965364134067228, -0.253948493016215, 0.059851913515148264], [-0.249521562434799, -0.9656445086864058, -0.07259251148628709]], "T": [0.0026765226154420816, 0.0418142423724818, -0.07687732726136215], "aligned_model": [[0.11283233260908315, -0.32653872881197893, -0.7754912080645593, -0.11845958023381638, 0.7447179578047883, -0.5840371595981837, -0.160727981368484, 0.027435122140001746, 0.41580044909673813, 0.5028951938758192, 0.018766558085951346], [-0.34555990685302007, 0.2989462527138067, -0.41974590983466653, -0.5439777037502306, -0.22711175015170135, 0.014230202512947772, 0.4883402817812489, -0.23178733177141117, 0.49798766799620675, 0.4188997143916242, 0.011715785243066223], [-0.6730037467619361, -0.427397250131111, -0.22819388576356717, -0.04047978616768029, -0.03238924102729086, 0.3718338476477046, 0.48314443001174373, 0.7007791368315526, -0.5255467068917239, 0.18569420726135305, 0.012795196360663924]], "inverted": false, "swapped": false, "error_lsq": 0.045814457579702435, "error_max": 0.21816418600657175, "target": "978.xyz", "model": "4.xyz", "model_rescale": 3.7855080009869324, "target_rescale": 3.832477956894577},
{"mapping": [1, 4, 11, 12, 2, 8, 10, 14, 5, 3, 16], "R": [[0.2709203307079826, -0.5467093622603, -0.7922821767691192], [-0.1576415680370538, 0.7867527145602125, -0.5967992142747477], [0.9496058711043739, 0.28658164517127294, 0.12696318448680444]], "T": [-0.11140029086394115, 0.030164403504983034, 0.049340635132988045], "aligned_model": [[0.08611589402255407, -0.24201408254751913, -0.5765542685276948, -0.13997330855184564, 0.5740963726244841, -0.6274565770415457, -0.05973573386437714, 0.16025818476631504, 0.22910847927074462, 0.5312993628775078, -0.07795136749326342], [-0.3622551739125479, 0.2295789996597831, -0.5208251319508748, -0.64903015170854, -0.24517050356287431, 0.2759036390150224, 0.6592195122100944, -0.4074438968044941, 0.6861551510543448, 0.29026235375102816, 0.005542504526929164], [-0.56718038718231, -0.6507840967025649, -0.2860375650859084, 0.018622532348729147, 0.05774901636024132, 0.4599596941050967, 0.4134624798997145, 0.4879726524907789, -0.2805580784296703, 0.09060583545563212, 0.08342411810996969]], "inverted": false, "swapped": false, "error_lsq": 0.0473831210675216, "error_max": 0.23737025946104892, "target": "978.xyz", "model": "5.xyz", "model_rescale": 4.2253639853439635, "target_rescale": 3.832477956894577},
{"mapping": [0, 9, 1, 4, 3, 8, 11, 2, 12, 6, 13], "R": [[0.425796882496551, -0.7742438885415986, 0.46823436002946517], [0.34346580783386826, 0.6170625800757457, 0.7080007140669365], [-0.8370951282293109, -0.14064200413193906, 0.5286696255399066]], "T": [-0.07402589580450694, -0.014456453142831692, 0.051568043337388195], "aligned_model": [[0.0824076952927899, -0.4248216137647991, -0.5767779661896185, 0.009408219711284471, 0.5648663268296923, -0.7415975538116901, 0.039336176580598264, 0.14446918555130073, 0.2988980179070928, 0.48094155376938896, -0.01993708634068027], [-0.21408497879892735, 0.18594394936647665, -0.4909243999566525, -0.7171580778285931, -0.3200816543278964, 0.2755336917747679, 0.7133337193947983, -0.35035415815379856, 0.73928814906671, 0.18299245921348445, -0.04255139747249852], [-0.7091813455203201, -0.4060108792762014, -0.1911755113469169, 0.03889968753978852, 0.013892627527295469, 0.17852737885432052, 0.3026144416692288, 0.5897169476649143, -0.3535746397892285, 0.30991475813334257, 0.05361273591348537]], "inverted": false, "swapped": false, "error_lsq": 0.05225365897880949, "error_max": 0.26657647776641114, "target": "978.xyz", "model": "6.xyz", "model_rescale": 3.89814844738969, "target_rescale": 3.832477956894577},
{"mapping": [8, 6, 3, 7, 11, 0, 2, 4, 9, 10, 12], "R": [[-0.14582803265935151, -0.5488631540263363, -0.8230938118118525], [0.25218576161190487, -0.8251261637111795, 0.5055384808295955], [-0.9566276843845398, -0.13385085771684074, 0.2587419976686032]], "T": [-0.07350649498147359, 0.011257089615253598, 0.031502923817480266], "aligned_model": [[0.09891714151713833, -0.42013454955387686, -0.6377580128351141, -0.19999885337195283, 0.6417905360471633, -0.6432397726704137, -0.06114434976665338, 0.18682321224579984, 0.4054231815807774, 0.4503890706224311, 0.036125351720060234], [-0.26380666467724573, 0.22508293999221193, -0.3990783094146476, -0.6199473545282829, -0.3372137390865366, 0.007389835461722534, 0.43002271865270114, -0.15942718000549858, 0.5071213547206943, 0.480237368728328, 0.09155633243442432], [-0.5620430246699506, -0.5084075766561631, -0.37547007476196553, 0.1613309350793791, -0.11769026694039156, 0.19398191971368184, 0.602493615355902, 0.5959416822521455, -0.5365559415600727, 0.24244034865175138, 0.13121458490539262]], "inverted": true, "swapped": false, "error_lsq": 0.04698320126942626, "error_max": 0.2378759284420458, "target": "978.xyz", "model": "7.xyz", "model_rescale": 3.7474275329858107, "target_rescale": 3.832477956894577},
{"mapping": [11, 12, 10, 7, 9, 0, 2, 3, 13, 4, 14], "R": [[-0.608507657978177, 0.5084393222174904, -0.6092683200404673], [-0.7865772543116053, -0.2849136502146228, 0.5478324880116148], [0.10495071787048638, 0.8125968665607803, 0.5732989440720008]], "T": [-0.05922356397184392, -0.003863794350926089, 0.0416409527075782], "aligned_model": [[0.10111790742499097, -0.26963474009918315, -0.5688223997554024, -0.02285532947698396, 0.5281771868159958, -0.6464948216792833, 0.08320412618213341, -0.12373943518189778, 0.2853039877786005, 0.5342845270299152, -0.043348053503525545], [-0.2728616737302809, 0.22785349290153178, -0.4466833095940324, -0.6730488664291486, -0.4591788340382621, -0.05129439161020754, 0.6196855580860394, -0.15001245371218017, 0.6145249814277758, 0.4992382826989893, 0.05371451627764651], [-0.4953978811113321, -0.4900326826632453, -0.30402255878324214, -0.0797934853707866, -0.12565821853005982, 0.33672745856867614, 0.5888977973451669, 0.7406493995188653, -0.5124419984543682, 0.12447990386604241, 0.04382846698399183]], "inverted": true, "swapped": false, "error_lsq": 0.053466370070527985, "error_max": 0.2934690147706506, "target": "978.xyz", "model": "8.xyz", "model_rescale": 4.019505241142653, "target_rescale": 3.832477956894577},
{"mapping": [9, 1, 7, 8, 11, 0, 2, 5, 10, 6, 12], "R": [[-0.5053174769839782, -0.8084370475092311, -0.3018009073364492], [0.42624041038191884, -0.5379308762927105, 0.7272891343120769], [-0.7503155069782312, 0.23887216779171677, 0.6164144120982945]], "T": [-0.03305708320446324, 0.025917212354708882, 0.06681641243715243], "aligned_model": [[0.07901904765239823, -0.297302544448398, -0.721276736913559, -0.04294654639435552, 0.4652766253664168, -0.6754701982972499, -0.17646718829252014, 0.2499848637184134, 0.42728291772696103, 0.5601779460702027, -0.011085230652949883], [-0.27785236038186045, 0.4216659502515151, -0.5232323989009415, -0.625488744432318, -0.3411083789897149, 0.03173720728739078, 0.4841849172636198, -0.18953934936237277, 0.5679603103505362, 0.4111063550592874, 0.0025037941327295567], [-0.5352658485555134, -0.4126234428477641, -0.14383116714067357, -0.11125494788307357, 0.0019684811420169063, 0.16640353653889245, 0.41235427521460555, 0.6360179983775979, -0.50977366870831, 0.2334398272109937, 0.08980115802093701]], "inverted": true, "swapped": false, "error_lsq": 0.05233319751955867, "error_max": 0.245900776004871, "target": "978.xyz", "model": "9.xyz", "model_rescale": 3.877068213659057, "target_rescale": 3.832477956894577},
{"mapping": [3, 4, 13, 6, 12, 9, 8, 11, 1, 0, 15], "R": [[0.6641102933944767, -0.03214109218187605, -0.7469434171346974], [-0.7399695937220151, -0.17095281933583378, -0.6505537133304258], [-0.10678257617410325, 0.9847548343392309, -0.13731495792933815]], "T": [-0.1403008804698621, -0.04515209614779977, -0.03025291295961244], "aligned_model": [[0.04754358337607981, -0.2991504856145984, -0.7075742926071035, -0.04476435698735298, 0.5286099912386586, -0.55060694132631, -0.1460968835591389, 0.22722216140776463, 0.30736260631277834, 0.5546304487232582, -0.05998287542867574], [-0.28768805412877524, 0.23397979327672044, -0.4783341131736906, -0.6518508915317529, -0.36610712304948084, 0.09972015045590149, 0.579296078306196, -0.03988891270795821, 0.6379074277032346, 0.2511420824916109, -0.016239135364134887], [-0.5858175889577416, -0.6260237338266885, -0.32722549076979285, -0.08587592515226532, 0.05773192738358701, 0.4660396141734427, 0.4229069038571029, 0.6097114523395806, -0.3233974160318028, 0.22083719645147196, -0.0016507380971855744]], "inverted": false, "swapped": false, "error_lsq": 0.04319103701083466, "error_max": 0.23100702910271087, "target": "978.xyz", "model": "10.xyz", "model_rescale": 4.260839863003843, "target_rescale": 3.832477956894577},
{"mapping": [7, 10, 6, 0, 1, 5, 4, 3, 8, 2, 11], "R": [[0.1153282886997764, -0.9824013574298716, 0.14692501061945362], [-0.4814024171903628, 0.07410345775665245, 0.8733615461375568], [-0.8688792197704216, -0.17145334779015986, -0.464384163148023]], "T": [0.009479586155294322, 0.1035426265396704, -0.048257194280857604], "aligned_model": [[0.040262812225171064, -0.4300873168159972, -0.6597729555145935, -0.09686327400091133, 0.6252865399097871, -0.5111602858295163, -0.256379765664627, 0.1365241446312405, 0.4617851119158782, 0.5077328603525495, 0.03986508432637843], [-0.2689716217376959, 0.35687911770160896, -0.38465098812661314, -0.7654421850136449, -0.27054761181665343, 0.008985118780484982, 0.6468692434856391, -0.21669190618748885, 0.4475549919815588, 0.3537404715482781, 0.05421267166239738], [-0.5866726074195647, -0.4169513115382186, -0.1787308112372788, -0.10818100289208148, 0.01576571111566534, 0.37198547808108756, 0.3643174668038494, 0.5723413842088425, -0.4872203030363217, 0.3511196193253061, -0.07053742204157712]], "inverted": false, "swapped": false, "error_lsq": 0.05252276345065183, "error_max": 0.26620466457022185, "target": "978.xyz", "model": "11.xyz", "model_rescale": 3.890672605050136, "target_rescale": 3.832477956894577},
{"mapping": [6, 11, 9, 5, 8, 12, 4, 7, 1, 0, 13], "R": [[0.32980461915968884, -0.7427061854237806, -0.5827661926657975], [0.7115951749134724, 0.6012321784206314, -0.363527405667643], [0.6203718402867732, -0.29480059322334967, 0.7267952875565195]], "T": [-0.022458664423157443, 0.0703649090720188, -0.08940492140719754], "aligned_model": [[0.17514565917512714, -0.3959165128743072, -0.5309736918931521, -0.2062336044660323, 0.5568612525678904, -0.539750556979387, -0.0339878280921006, -0.002783720197923195, 0.398579804819439, 0.4877683833163099, -0.051516229840504704], [-0.1126377464429205, 0.3087812953542761, -0.44051300230455087, -0.6401358449643085, -0.3408951999791252, -0.1117287350890079, 0.5864998494767374, -0.28779404396761393, 0.5694810802500193, 0.3598288036553577, 0.07105084628900743], [-0.5988368631926556, -0.4156701909005956, -0.3830656823646427, 0.16825305297183818, 0.030780777903741063, 0.4149591825859638, 0.3844398269056373, 0.684093127202939, -0.5123800335316611, -0.021776870755647396, 0.07643987454479183]], "inverted": false, "swapped": false, "error_lsq": 0.054722009777005816, "error_max": 0.27374032734603443, "target": "978.xyz", "model": "12.xyz", "model_rescale": 4.124412569039231, "target_rescale": 3.832477956894577},
{"mapping": [8, 9, 11, 2, 1, 10, 5, 4, 3, 0, 12], "R": [[-0.608408744971817, 0.09277158825537668, 0.788182866760242], [-0.48963142264667336, -0.8254800283129782, -0.28079136883707667], [0.624579753913632, -0.556755022670635, 0.5476531527638706]], "T": [0.040232747703155616, 0.18080734808109922, -0.06808493645772265], "aligned_model": [[-0.08035640389235255, -0.26471695980919635, -0.6567620566835224, -0.09437588553644065, 0.6220311538780157, -0.5916815839314631, -0.09780188231887364, 0.14752181679986032, 0.42474697462645483, 0.4854845101212329, -0.036896727718355324], [-0.3687995635219815, 0.3377916651153252, -0.49679831282895526, -0.6456188619527927, -0.38460909714324354, -0.07847308469699277, 0.5758405655604392, -0.1589415735331775, 0.6826358727746935, 0.3952254057260993, 0.10368428677845754], [-0.5133787946390826, -0.6075317569079138, -0.281630417086836, 0.1351286183935858, -0.13648929999538809, 0.21132087405932662, 0.5632953586694013, 0.6328686865900687, -0.39834289149189706, 0.2361241331200379, -0.014128309341593766]], "inverted": false, "swapped": false, "error_lsq": 0.03821480464549429, "error_max": 0.24042833277080633, "target": "978.xyz", "model": "13.xyz", "model_rescale": 3.9028299243045295, "target_rescale": 3.832477956894577},
{"mapping": [12, 13, 8, 2, 1, 4, 7, 6, 14, 9, 15], "R": [[0.4498214990482481, -0.8901562062036534, 0.0726811361434746], [0.10761516992746784, -0.02676523726458048, -0.9938322782419845], [0.8866112982561578, 0.45486871801794637, 0.08375473224386065]], "T": [-0.1142288956076295, -0.06949650599769668, 0.02126322458881402], "aligned_model": [[0.024332536195439125, -0.26399658342102894, -0.5697649382277521, -0.10940952105931076, 0.4454075928620479, -0.6789110091928848, -0.02433094591635554, 0.3349849143805787, 0.29654855881307807, 0.45433228242665247, -0.051999931325104394], [-0.23551270179747935, 0.3098530405304653, -0.567340782654183, -0.7984136188716756, -0.3995803253556317, 0.19598146592639198, 0.6172894175923828, -0.15628914354318493, 0.5922483857680907, 0.3952182308902406, 0.008483333792454001], [-0.6401592132750205, -0.6616093206428273, -0.3544296681201133, 0.12521699192896626, 0.014161906808780187, 0.28587394036327074, 0.6051051635046453, 0.5061160406402552, -0.3987441967080992, 0.26950475337702284, 0.07619980349282865]], "inverted": true, "swapped": false, "error_lsq": 0.04709578233275071, "error_max": 0.2700880642934614, "target": "978.xyz", "model": "14.xyz", "model_rescale": 3.942246331269136, "target_rescale": 3.832477956894577},
{"mapping": [4, 5, 12, 13, 11, 0, 7, 8, 9, 6, 14], "R": [[0.5182050731933296, 0.6248602177450886, 0.5839633639161417], [0.11963684659340912, 0.6231189401735407, -0.7729229012871778], [-0.8468474048220735, 0.4703961040193293, 0.2481470899880864]], "T": [-0.03201069910573654, 0.003562712267469334, -0.1733574187729369], "aligned_model": [[0.1930250140058109, -0.41657939087019913, -0.6013639424730062, -0.002481126088004361, 0.5331124669262897, -0.5065992422421235, 0.0313926451882307, 0.04856784604374811, 0.3122232751311862, 0.3839541115339749, -0.11805870162054752], [-0.34694461106788727, 0.39257421032216616, -0.581526846874336, -0.8065675634873763, -0.37126008909126923, 0.2275393490449975, 0.626512460477605, -0.1123770054170445, 0.7255222117932405, 0.1878926025862962, 0.020572583991478523], [-0.5858710804076344, -0.49515942915342626, -0.13356608538026482, -0.11214641381399042, 0.05956896327099667, 0.34173253819551963, 0.40878786830435976, 0.5875013106983225, -0.26522557515975564, 0.1518888835625993, -0.13027477874701757]], "inverted": false, "swapped": false, "error_lsq": 0.052338918291950316, "error_max": 0.27656115280211374, "target": "978.xyz", "model": "15.xyz", "model_rescale": 4.355366556412066, "target_rescale": 3.832477956894577},
{"mapping": [5, 3, 7, 9, 0, 10, 8, 1, 4, 2, 11], "R": [[-0.17621981223504965, -0.9752797582255568, -0.13332655763704182], [-0.11691279778377006, 0.15522444784459782, -0.9809366791519782], [0.9773832285701527, -0.1572728965424091, -0.14137630820949298]], "T": [-0.048752453670970676, 0.01290443488376139, 0.0016755838420719135], "aligned_model": [[0.1025695281453565, -0.3516015593646193, -0.7365463975240982, -0.14367131435042593, 0.6203061264276334, -0.5785400872602718, -0.10184543216151112, 0.15019319582426882, 0.35198467834398617, 0.579996496455824, -0.03565227900078295], [-0.3627936414519809, 0.15992935311831294, -0.4116661239286088, -0.7095748373922397, -0.1912675511387594, 0.13768561386127648, 0.451331243505548, -0.1726623746873082, 0.49010495472834703, 0.4474401243824554, 0.12341054128082762], [-0.500033988693474, -0.5619582524717109, -0.38191332523699595, 0.1393912919180448, -0.11910717613013758, 0.3194656391586582, 0.6277739666299608, 0.47133807024836244, -0.45221773624672096, 0.34311209918767743, -0.058614386993955686]], "inverted": false, "swapped": false, "error_lsq": 0.04791311807077911, "error_max": 0.23546066935793142, "target": "978.xyz", "model": "16.xyz", "model_rescale": 3.795458400668931, "target_rescale": 3.832477956894577},
{"mapping": [8, 6, 3, 7, 11, 0, 2, 4, 9, 10, 12], "R": [[-0.14582803265935151, -0.5488631540263363, -0.8230938118118525], [0.25218576161190487, -0.8251261637111795, 0.5055384808295955], [-0.9566276843845398, -0.13385085771684074, 0.2587419976686032]], "T": [-0.07350649498147359, 0.011257089615253598, 0.031502923817480266], "aligned_model": [[0.09891714151713833, -0.42013454955387686, -0.6377580128351141, -0.19999885337195283, 0.6417905360471633, -0.6432397726704137, -0.06114434976665338, 0.18682321224579984, 0.4054231815807774, 0.4503890706224311, 0.036125351720060234], [-0.26380666467724573, 0.22508293999221193, -0.3990783094146476, -0.6199473545282829, -0.3372137390865366, 0.007389835461722534, 0.43002271865270114, -0.15942718000549858, 0.5071213547206943, 0.480237368728328, 0.09155633243442432], [-0.5620430246699506, -0.5084075766561631, -0.37547007476196553, 0.1613309350793791, -0.11769026694039156, 0.19398191971368184, 0.602493615355902, 0.5959416822521455, -0.5365559415600727, 0.24244034865175138, 0.13121458490539262]], "inverted": true, "swapped": false, "error_lsq": 0.04698320126942626, "error_max": 0.2378759284420458, "target": "978.xyz", "model": "17.xyz", "model_rescale": 3.7474275329858107, "target_rescale": 3.832477956894577},
{"mapping": [1, 2, 7, 11, 3, 9, 4, 10, 0, 8, 13], "R": [[-0.45089904421216104, -0.5316939736085191, -0.716932054212213], [0.6454005849604918, -0.7490507321143557, 0.14960309372336855], [-0.6165615434498125, -0.39525247519443996, 0.6809018607636889]], "T": [-0.09119206579132132, -0.034082073911188296, 0.059714910539066815], "aligned_model": [[0.13707059007016797, -0.3672010741749117, -0.6328405491975256, 0.008017314417316776, 0.5257017563125295, -0.6699306104179781, -0.03407530857024184, 0.21432320990122294, 0.2700982793099136, 0.5074193013320959, -0.10138995344723038], [-0.24298000072950537, 0.2595416614922054, -0.48156132984128974, -0.7459941652731223, -0.3013752423013453, 0.24514730708645327, 0.720397674684532, -0.3665723115216986, 0.577289193483446, 0.2558840101949871, 0.042160505003208434], [-0.5589742140782527, -0.5246110713482249, -0.2119439158816825, -0.011526473903893539, -0.032943363194518335, 0.2463075567156201, 0.40136357075024437, 0.5817781525659996, -0.38168836394106037, 0.33254920537287963, -0.013074881687402562]], "inverted": false, "swapped": false, "error_lsq": 0.041097834281171836, "error_max": 0.1996507510681918, "target": "978.xyz", "model": "18.xyz", "model_rescale": 3.922800546911778, "target_rescale": 3.832477956894577},
{"mapping": [7, 9, 11, 13, 12, 6, 1, 8, 0, 5, 14], "R": [[-0.7511295010723382, 0.6285582523539233, 0.20178948440541117], [-0.10344000781377949, 0.18983249779283784, -0.9763522866082802], [-0.6520004888052655, -0.7542401117545484, -0.07757071881954458]], "T": [-0.0943599652105466, 0.024728910683079787, 0.02952833658387369], "aligned_model": [[0.053189278870843015, -0.42321014367476173, -0.5172842342236883, -0.08521425264794752, 0.5884955414034975, -0.5395779077573906, -0.15773398304133082, 0.05449115388543174, 0.3774332642614169, 0.5882989185365651, -0.08169468007727562], [-0.38252288062820167, 0.1936291154298555, -0.43755131221851706, -0.6610345780058627, -0.3293591524726714, 0.15938037904316296, 0.667517642881511, -0.16107326921258625, 0.672430297652381, 0.25175133430088914, -0.011230274492089604], [-0.6417288556334001, -0.6957808849730666, -0.30910962785979923, 0.06771917767277957, -0.13461807727887012, 0.5388590126833406, 0.3911765130739017, 0.5931874075758272, -0.2078251921856318, 0.28442319294931356, -0.059066464654686276]], "inverted": false, "swapped": false, "error_lsq": 0.04854464202985189, "error_max": 0.22991678722686903, "target": "978.xyz", "model": "19.xyz", "model_rescale": 3.9282355846067225, "target_rescale": 3.832477956894577},
{"mapping": [7, 2, 5, 6, 9, 3, 0, 4, 10, 11, 13], "R": [[-0.012038099498086116, -0.4152601904635215, -0.909623030918124], [0.249902791918135, 0.8795716805685309, -0.4048484325440472], [0.968196095195594, -0.23219094073208463, 0.09318630956290772]], "T": [0.056810499468801415, -0.1376887017719159, -0.03750739462858349], "aligned_model": [[0.0676046452620668, -0.3302819032218955, -0.6083516494295104, -0.2796351005455009, 0.7471973506360773, -0.5337308246461587, -0.08422518590665333, 0.0982812425383191, 0.30675309413532054, 0.47855560324534235, -0.004974316532047274], [-0.40154050214795084, 0.24823256846466885, -0.25834657793600513, -0.6932674569072979, -0.17528203267210624, -0.04502606851746774, 0.4975990336838307, -0.1281216709623654, 0.597700040804144, 0.3095322769061382, 0.010457691562282684], [-0.6017444815295967, -0.653900495918663, -0.21269627795496174, 0.03306639037902105, -0.056938360763784994, 0.41969021040938925, 0.4280196366241932, 0.5930134173439978, -0.41028942967753174, 0.330579055810322, -0.04156346335267645]], "inverted": true, "swapped": false, "error_lsq": 0.04859215022559813, "error_max": 0.29876705011418914, "target": "978.xyz", "model": "20.xyz", "model_rescale": 4.067790424073018, "target_rescale": 3.832477956894577},
{"mapping": [0, 8, 2, 3, 12, 6, 13, 11, 1, 10, 14], "R": [[0.912833075996819, 0.32081684601131505, 0.2526110185275738], [-0.3972978285178577, 0.8406577425861744, 0.36803395941803013], [-0.09428791450223574, -0.4363153803675383, 0.8948400292977229]], "T": [-0.08750108335929706, 0.06873614630562275, -0.09540816202723693], "aligned_model": [[-0.0601648545298961, -0.2458114803260884, -0.5911292017975659, -0.1108506463165389, 0.5289562184352262, -0.6533910687512717, 0.031291745922453915, 0.11091894925072059, 0.3116895570778124, 0.554466345777087, -0.018782609206579454], [-0.37929843041479094, 0.34123245749925113, -0.4439901251535364, -0.7407399704526902, -0.3627167790919968, -0.10365438582240266, 0.547942066154792, -0.12960160431140313, 0.7414320122233999, 0.4050878008759492, 0.08624426077129857], [-0.6458405177053032, -0.5706464973108456, -0.2882615270817509, 0.16526065267526616, 0.04896162403528939, 0.34912184996414564, 0.4009520450501898, 0.4871069719550194, -0.34326337347811864, 0.28673344255082256, -0.06288846928500572]], "inverted": false, "swapped": false, "error_lsq": 0.04959020434561868, "error_max": 0.2321022275509809, "target": "978.xyz", "model": "21.xyz", "model_rescale": 4.186013935880536, "target_rescale": 3.832477956894577},
{"mapping": [5, 2, 8, 11, 3, 9, 7, 4, 0, 6, 12], "R": [[-0.1991454125272441, 0.9724205440169967, -0.1214058904791778], [0.6625995114971098, 0.22488998099590374, 0.71441331441362], [0.722013152257731, 0.061828650489481274, -0.6891111854740892]], "T": [-0.10245314284720396, 0.05958791307800243, 0.04368553172685534], "aligned_model": [[0.23467338161834606, -0.34520842379090666, -0.6804853891703797, -0.15191962752672947, 0.6969353848680968, -0.6918805203399446, -0.004287807142027131, 0.24628556125065637, 0.19637278961582494, 0.4244561004753882, -0.06774849432296552], [-0.16709462591582278, 0.10793439779282288, -0.3318961162294755, -0.5636380972750639, -0.39041874504024493, 0.06993505135159049, 0.5660502327544785, -0.15864455557800083, 0.5890736944203365, 0.2093906966228082, 0.031245369374441834], [-0.6147212643589293, -0.6551933518106682, -0.2729958660712808, 0.13373210647964362, -0.06028871577221852, 0.2384137105554719, 0.5653973539953048, 0.6423273734460234, -0.3463610173544958, 0.1425724588741586, 0.05435341338669872]], "inverted": true, "swapped": false, "error_lsq": 0.04446399668827313, "error_max": 0.21207276082742807, "target": "978.xyz", "model": "22.xyz", "model_rescale": 4.166573947596378, "target_rescale": 3.832477956894577},
{"mapping": [9, 14, 11, 3, 8, 6, 5, 4, 10, 7, 15], "R": [[-0.7779519878846978, -0.5150034464420535, 0.3599474332441528], [-0.39640376354716167, 0.8467579840798937, 0.35477453775968826], [-0.4874984726046768, 0.1333130396839014, -0.8628863613815818]], "T": [-0.09459007187150806, -0.026701190484602122, 0.021017244671080886], "aligned_model": [[0.0572470850087034, -0.273287134452705, -0.5811074021084818, -0.09638083463477731, 0.645576784910515, -0.6955758528094037, -0.04832877499137288, 0.23936348922380843, 0.2881890460973441, 0.4228820104606005, -0.10138546116887112], [-0.29631743210086586, 0.38687944360509485, -0.5412983782458278, -0.6273871750990203, -0.35106184833445153, 0.20897528479697414, 0.6991769067314482, -0.4638303729936279, 0.49527987213729635, 0.4469806652818686, 0.00454033649898216], [-0.4934744718116518, -0.6293643219119994, -0.32623475194481877, 0.04550791784674153, -0.010956619371589264, 0.4239816625496128, 0.4235378796630271, 0.5080969200788537, -0.35575476890633406, 0.15971760939561766, 0.08217914578224927]], "inverted": false, "swapped": false, "error_lsq": 0.04806761231945735, "error_max": 0.29139996532881324, "target": "978.xyz", "model": "23.xyz", "model_rescale": 4.274766983524099, "target_rescale": 3.832477956894577},
{"mapping": [4, 7, 9, 1, 2, 8, 6, 0, 5, 3, 10], "R": [[0.7870287611246052, 0.067229838451175, 0.6132421038908675], [0.2660089196108919, 0.8599043963815751, -0.4356646459963039], [-0.5566192449512635, 0.5060084761201809, 0.6588857550777807]], "T": [-0.030593354020546006, 0.038085179073336695, 0.08052583681418267], "aligned_model": [[0.24434344102920172, -0.44375626699244886, -0.5738157336932014, -0.0558647325131691, 0.7207087376802327, -0.7293003776996951, -0.0578902140024491, 0.10185761358616571, 0.21908837446301857, 0.5048737279057881, -0.07305161422808379], [-0.14371510590944014, 0.30115253784775076, -0.4082788263803278, -0.6127421061643585, -0.5217429872307786, 0.12042140565150018, 0.6589325335558815, -0.1766330075829251, 0.5732089010010999, 0.196436129510262, -0.02510217202079354], [-0.5351356139998764, -0.32087726304158987, -0.40252082438886877, 0.05280251228367967, -0.1444388537226649, 0.30422288319309776, 0.34285864067954347, 0.7751640042505393, -0.4829833337446894, 0.145443203219008, 0.09270084664152964]], "inverted": true, "swapped": false, "error_lsq": 0.05206914260498669, "error_max": 0.25680905536223614, "target": "978.xyz", "model": "24.xyz", "model_rescale": 3.7841303162186577, "target_rescale": 3.832477956894577},
{"mapping": [13, 9, 5, 3, 11, 1, 0, 6, 10, 7, 15], "R": [[-0.7407974623581246, -0.6661485295395273, -0.08640171500664118], [0.304680090556362, -0.44785069158033597, 0.840594908662658], [-0.5986561301634942, 0.596385692856008, 0.5347288501421343]], "T": [-0.1259061455081096, 0.08946174162764794, -0.07466175024672699], "aligned_model": [[0.2350187011700168, -0.3561333015560054, -0.6759658379997466, -0.08150699078346696, 0.5795868432184146, -0.5053157913085358, -0.0551022300439534, 0.08540617378742416, 0.3607576427805481, 0.37649519066781645, -0.10604744439715268], [-0.42223446612656335, 0.30543373538782015, -0.5656182607843476, -0.7119710249489792, -0.21280924801730308, 0.30700832501509356, 0.6284505843401482, -0.3493569602587411, 0.6202477363913163, 0.325311160706796, 0.03747572057263121], [-0.543596973162825, -0.567096784596922, -0.2686804879490145, -0.0058422519179675975, -0.05623728717546238, 0.5268016306279927, 0.42112830848577487, 0.459015776759719, -0.36907589767934373, 0.26412064160522836, -0.03330047362747097]], "inverted": true, "swapped": false, "error_lsq": 0.0448656397246804, "error_max": 0.29447505611057695, "target": "978.xyz", "model": "25.xyz", "model_rescale": 4.19342608120988, "target_rescale": 3.832477956894577},
{"mapping": [5, 3, 7, 9, 0, 10, 8, 1, 4, 2, 11], "R": [[-0.17621981223504965, -0.9752797582255568, -0.13332655763704182], [-0.11691279778377006, 0.15522444784459782, -0.9809366791519782], [0.9773832285701527, -0.1572728965424091, -0.14137630820949298]], "T": [-0.048752453670970676, 0.01290443488376139, 0.0016755838420719135], "aligned_model": [[0.1025695281453565, -0.3516015593646193, -0.7365463975240982, -0.14367131435042593, 0.6203061264276334, -0.5785400872602718, -0.10184543216151112, 0.15019319582426882, 0.35198467834398617, 0.579996496455824, -0.03565227900078295], [-0.3627936414519809, 0.15992935311831294, -0.4116661239286088, -0.7095748373922397, -0.1912675511387594, 0.13768561386127648, 0.451331243505548, -0.1726623746873082, 0.49010495472834703, 0.4474401243824554, 0.12341054128082762], [-0.500033988693474, -0.5619582524717109, -0.38191332523699595, 0.1393912919180448, -0.11910717613013758, 0.3194656391586582, 0.6277739666299608, 0.47133807024836244, -0.45221773624672096, 0.34311209918767743, -0.058614386993955686]], "inverted": false, "swapped": false, "error_lsq": 0.04791311807077911, "error_max": 0.23546066935793142, "target": "978.xyz", "model": "26.xyz", "model_rescale": 3.795458400668931, "target_rescale": 3.832477956894577},
{"mapping": [3, 9, 2, 0, 7, 1, 8, 6, 11, 5, 12], "R": [[0.9854437059696791, -0.1452544374878352, 0.0883280858778088], [-0.05054144696412419, -0.7464008295843744, -0.6635746858753208], [0.16231532430278298, 0.6494512683688057, -0.7428773690930638]], "T": [-0.032700606417740564, 0.13477030908432464, -0.12518529633664896], "aligned_model": [[0.1255926040730309, -0.3391186535289096, -0.7042883957626656, -0.1425964827999815, 0.6153964329444875, -0.4734280163439109, -0.018954807098676398, 0.054869874227335226, 0.10257682254566061, 0.5460558644977628, 0.09108771278122657], [-0.42027369231982126, 0.13133756954418185, -0.38958316881638544, -0.6833016338751114, -0.3529005673544812, 0.07389616071057734, 0.6143882042866726, -0.01787577783863703, 0.7970956702377934, 0.1741492404708936, 0.03500529723218898], [-0.5855612023804556, -0.4259684189004578, -0.3462241737212137, -0.025413634078939734, -0.0766523954060683, 0.2652079140945387, 0.4230203564150551, 0.6811753814884568, -0.35885113662853585, 0.3547633623931349, -0.07825985190580595]], "inverted": true, "swapped": false, "error_lsq": 0.05093143100915775, "error_max": 0.26837114153615244, "target": "978.xyz", "model": "27.xyz", "model_rescale": 3.6321398670334006, "target_rescale": 3.832477956894577},
{"mapping": [9, 6, 13, 11, 10, 1, 7, 0, 12, 8, 14], "R": [[0.12233274953841117, -0.9882233867570958, -0.09191972724452935], [-0.6729346911351726, -0.014512752878321267, -0.7395595185451291], [0.7295160038389719, 0.15232832261345594, -0.6667851845029166]], "T": [-0.04065407183531894, 0.01511067290417024, 0.11878483829604851], "aligned_model": [[0.13219120394037587, -0.4163549788930057, -0.5559417070105528, -0.06451151353863542, 0.6052395649643996, -0.6482726970661681, 0.03955412379016607, 0.20091378619054442, 0.2550355779323573, 0.4091755438473604, -0.09983594862148196], [-0.21937153127898276, 0.27260463179994343, -0.37742877049042123, -0.617041832945165, -0.41196323283952124, 0.018697035055009494, 0.7705054329878344, -0.33829461950085865, 0.6072147857156932, 0.2649843057931115, -0.007968902018772206], [-0.4826424372607417, -0.510860400476532, -0.3780740655479195, 0.007699878726841844, 0.047364099213701785, 0.39816619133415115, 0.2731635473089956, 0.5728347953368558, -0.37668471825803274, 0.16617787825149866, 0.11009143274088969]], "inverted": true, "swapped": false, "error_lsq": 0.04926270945705171, "error_max": 0.28727515254518665, "target": "978.xyz", "model": "28.xyz", "model_rescale": 4.156811204709835, "target_rescale": 3.832477956894577},
{"mapping": [2, 0, 1, 8, 4, 3, 5, 7, 9, 10], "R": [[0.5537697493156565, 0.7001724567119904, -0.4506635059606795], [-0.31577651141548835, 0.6773888821386351, 0.6644016083614148], [0.7704701548931919, -0.22561656237268307, 0.5962154872208489]], "T": [-0.11526143094602198, 0.08051822100180815, 0.0046205738473583426], "aligned_model": [[-0.7519004247438588, 0.02494213335260681, 0.14497753778432704, 0.7260120210380605, 0.0575784826335754, -0.702975791236917, -0.49963333776315727, -0.4617058979263357, 0.2239629248449841, -0.1183322738726969], [-0.25033679006771103, -0.5440492138743015, 0.003402170116391698, 0.1498784338545865, -0.45992506325760996, -0.2754982362903653, 0.552122537059717, 0.29158293639431654, 0.28771175679894445, 0.16383179989223556], [-0.5539906727443322, -0.18238625340759754, -0.5930064407440643, -0.14299754102684772, 0.539483157885749, 0.0784734444887841, -0.27950549111390777, 0.4965282758834537, 0.42913908427451286, -0.032950836520650825]], "inverted": false, "swapped": true, "error_lsq": 0.05510746529924897, "error_max": 0.2466880205992801, "target": "978.xyz", "model": "29.xyz", "model_rescale": 4.117894457231895, "target_rescale": 3.832477956894577},
{"mapping": [2, 3, 11, 9, 5, 10, 7, 6, 1, 8, 14], "R": [[-0.5308872911890824, -0.8215455017867698, -0.20789822641822472], [0.8365199469592727, -0.4687699167304676, -0.28370608648347], [0.13562102489353992, -0.32452696908336515, 0.9361031908632673]], "T": [-0.14444166435651398, 0.09032687267083299, -0.06703692767027859], "aligned_model": [[0.1053766081580347, -0.20863641045151507, -0.6372292625236456, -0.11334664302853077, 0.5643793203939195, -0.4848380157451063, -0.2289401953825273, 0.11441712716383753, 0.4325936846245979, 0.48005158426575334, -0.1666348419394582], [-0.37419899844418075, 0.15320992511483522, -0.4216526049675658, -0.5120656119978108, -0.3495852032158471, -0.0028697376385133228, 0.5455085586615481, -0.15100345106837604, 0.6950420614160385, 0.27777402072588037, 0.10177834369186249], [-0.7209233083402262, -0.6071118829782798, -0.21035834225526878, 0.09414745951939947, -0.06843284903348058, 0.5572752382221817, 0.3941282182885162, 0.46825854600395267, -0.27094419675567327, 0.20984108837357757, -0.018643769674989936]], "inverted": false, "swapped": false, "error_lsq": 0.05018912382501324, "error_max": 0.28390921609838216, "target": "978.xyz", "model": "30.xyz", "model_rescale": 4.100398675895297, "target_rescale": 3.832477956894577},
