[{"mapping": [9, 7, 8, 4, 2, 11, 6, 11, 10, 1, 2, 12, 13], "R": [[-0.6174649412674889, 0.5011835955065502, -0.6062607111636574], [0.7266438633993799, 0.06829969511274536, -0.6836108889064962], [-0.30120714149827266, -0.8626413827556809, -0.4063546513426504]], "T": [-0.009333519621375096, 0.16347627685526597, 0.15340697132951026], "aligned_model": [[-0.6143244665717357, -0.11131846931457276, 0.44948204684151966, 0.22432349959002892, -0.14171409914938082, 0.216573911756652, 0.6109545877997525, 0.216573911756652, -0.44271455841534874, -0.1653670237013346, -0.14171409914938082, -0.47357756146360974, -0.029523825061633063], [-0.12581747571435423, -0.29794852115460424, -0.12021149017978419, -0.7273119769140723, -0.48512854492477986, 0.43566824602955445, -0.2713394202231395, 0.43566824602955445, 0.44090563171617825, 0.5625199232162861, -0.48512854492477986, 0.4916313987025881, 0.10085989342167792], [-0.14161548645382543, -0.4365766795398132, -0.4119147586868586, -0.10214128425227864, 0.5446171613005899, -0.44820686262752746, 0.2569649625894289, -0.44820686262752746, -0.7129894465514388, 0.5400099037115633, 0.5446171613005899, 0.044267182100464125, 0.004372068211729807]], "inverted": false, "swapped": false, "error_lsq": 0.06644001570254722, "error_max": 0.4144233956086711, "target": "979.xyz", "model": "0.xyz", "model_rescale": 3.8414455957264533, "target_rescale": 3.9326777933363566},
{"mapping": [9, 7, 4, 0, 13, 5, 1, 2, 6, 12, 11, 8, 14], "R": [[0.5817503865617211, 0.43307863837215016, 0.6884833917539426], [-0.809214869218936, 0.22274872091896364, 0.5436490621383856], [0.08208400069604804, -0.8733990498704989, 0.48003782821257035]], "T": [-0.003970013383591833, 0.03658757828032007, -0.0954645441224748], "aligned_model": [[-0.6103721299684257, -0.15557606193125628, 0.39294199772850136, 0.19834790920198042, -0.4953404043686951, 0.3120193468187178, 0.7246988079951806, 0.09110619210215783, -0.2713740841582862, -0.13841482763208401, 0.12754438063394197, -0.6419331478176058, 0.06400587631348287], [-0.12944649180262208, -0.44160137399572924, -0.16854734544995215, -0.6566057462605768, -0.38523574852716624, 0.5584551065254731, -0.10938412186065398, 0.1889154412155143, 0.6483467290207932, 0.27740435355868787, -0.2257365529218232, 0.33976137211760815, 0.058041743460772226], [-0.3604529222951176, -0.49709364428831077, -0.4056221707404896, -0.031684903799215916, 0.2988287736798198, -0.3447190168701527, 0.34751615825310983, -0.8112588336655381, -0.5007705744280456, 0.6160278427189371, 0.7046325852844587, 0.2586414955520908, -0.04084773092644999]], "inverted": true, "swapped": false, "error_lsq": 0.044511488073745276, "error_max": 0.2768949124155664, "target": "979.xyz", "model": "1.xyz", "model_rescale": 4.316132596720782, "target_rescale": 3.9326777933363566},
{"mapping": [2, 1, 7, 9, 5, 6, 11, 10, 0, 3, 4, 12], "R": [[0.6056622205820203, 0.6875511028198892, 0.4005580551815312], [0.5446695323937402, 0.00876185874115526, -0.8386049906322909], [-0.5800934192366269, 0.7260831294297881, -0.36918141084811523]], "T": [-0.08708688836879847, 0.017532440870147638, -0.08088961362349528], "aligned_model": [[-0.12992721113596198, 0.43966701851119977, 0.03793225856882232, -0.5862684511905996, -0.47935826928147335, -0.5708797735975655, -0.07268931321112246, -0.09359620736498497, 0.5036724136088915, 0.26582971208522127, 0.3007819869235832, -0.01735560928422948], [-0.5959442793866867, -0.3955167647360337, -0.6498673951187766, 0.451392040265224, -0.3311618605279811, -0.0997940396168579, 0.3582719042458419, 0.6171369809726099, 0.19159568998091825, -0.1251167300949766, 0.534422254252479, 0.05735862750522027], [0.2328698732864804, -0.04748508260197609, -0.47452024027423984, -0.2205700373789734, -0.3921774821691076, 0.4295828546528672, -0.7106735780628346, 0.5953217080634308, -0.4264088113428269, 0.5500815410688691, 0.05067393160963837, -0.13743621564190595]], "inverted": true, "swapped": true, "error_lsq": 0.04489658312262851, "error_max": 0.2137377908732708, "target": "979.xyz", "model": "2.xyz", "model_rescale": 3.795458400668931, "target_rescale": 3.9326777933363566},
{"mapping": [9, 6, 10, 1, 11, 0, 3, 5, 2, 7, 4, 12], "R": [[-0.08612657519447833, -0.6140760884136671, 0.7845334732717528], [0.9948351364593611, -0.010552439508808117, 0.10095393645766221], [-0.05371465639054773, 0.78917628173874, 0.6118133146882816]], "T": [0.0703146175870162, 0.002386551764322081, -0.005110882697511483], "aligned_model": [[-0.062127910751612156, -0.1188454590285896, -0.8180576552016705, 0.2564193941810257, 0.2577591288338562, 0.08896967102711724, -0.31744316336737755, 0.594171391153821, 0.29777234534909425, 0.7941379999940721, -0.44908152551071634, 0.06962960906454474], [-0.02974739138901764, -0.6763279453604489, -0.14829366886687909, 0.12766794444158594, 0.5590367710012717, 0.6724301379441858, -0.2309466484689152, -0.21274599550536213, -0.5004377641296547, 0.021642425447263716, 0.4033969480929707, 0.10009423208270958], [-0.6671934997580042, -0.11451059246427342, -0.07525290557719916, 0.6264465352272136, -0.4149201097334545, 0.21708647362598496, 0.5764585730729196, -0.23239211181195202, 0.40969592125458687, 0.2977196323204215, 0.060802838217402226, 0.004830676265455008]], "inverted": true, "swapped": true, "error_lsq": 0.0459304991112948, "error_max": 0.26647299975005806, "target": "979.xyz", "model": "3.xyz", "model_rescale": 3.7530521520055578, "target_rescale": 3.9326777933363566},
{"mapping": [11, 1, 7, 2, 5, 3, 9, 4, 10, 6, 12], "R": [[-0.8625223131187205, -0.3483341832725022, 0.3670402650067299], [-0.4045805470381191, 0.9103776310931144, -0.08675914801117693], [-0.30392407000872423, -0.22332905222824873, -0.9261502546024398]], "T": [-0.09141691800789173, -0.11935105643395079, 0.007600777014355296], "aligned_model": [[-0.43675075650381023, -0.08912130576404789, 0.3086584702379862, 0.4489468796137275, 0.38714722450319694, -0.12643996627441306, -0.13880588519389675, -0.7186894612002154, -0.4798106481400858, 0.3547766258153523, -0.17171157464858866], [-0.7462168754066306, 0.15164385350827553, -0.3480728734327002, 0.24256502225565807, -0.49523625531249627, 0.608099020368769, -0.48230360332398664, 0.06478880957555459, 0.42201774166850553, 0.20315392153919493, -0.15323540312579767], [-0.019274842611875655, -0.6053850925681641, -0.6277128562135267, -0.22404056943261752, -0.03769125297988318, -0.10470809510496021, 0.575884808044668, 0.09447986734307012, 0.6182560497812094, 0.46070679145534654, -0.03768403046795063]], "inverted": true, "swapped": true, "error_lsq": 0.05190119777400858, "error_max": 0.273300737521197, "target": "979.xyz", "model": "4.xyz", "model_rescale": 3.7855080009869324, "target_rescale": 3.9326777933363566},
{"mapping": [10, 9, 2, 14, 8, 0, 12, 3, 5, 6, 13, 7, 16], "R": [[0.08249236642981694, 0.9817067097401264, -0.17160112334138222], [0.9489780612945931, -0.02479139129463037, 0.3143660702099266], [0.30436104984436624, -0.18877850240133803, -0.9336632307040603]], "T": [0.01129536297470065, 0.01120678352312785, 0.04246147337986436], "aligned_model": [[-0.6342860960141701, -0.06352065060200807, 0.5051228924721309, 0.34300016737041555, -0.5344949137119827, 0.30488194755003817, 0.5961703761678444, 0.016407784881989636, -0.31369811895747884, -0.14205732134743648, 0.05048756958835773, -0.5640142921275425, 0.0336545096474519], [-0.10559046774358406, -0.4136742706000568, -0.10965894621308254, -0.5604251395236298, -0.273498287516294, 0.6104672419150824, -0.20176681133319202, 0.05157548175153343, 0.545973090611045, 0.3183055487718476, -0.359951761631544, 0.48274264139892886, -0.030130954806728873], [-0.2746303997115572, -0.5239241489735845, -0.4935530171560628, -0.1021285187618314, 0.3835858940277147, -0.3614787495316032, 0.31746825483524777, -0.6509077188581713, -0.470868321317904, 0.5976644728862335, 0.6634066756117668, 0.13213982840145894, 0.016422807023388872]], "inverted": true, "swapped": false, "error_lsq": 0.04226554638912098, "error_max": 0.19610227281324538, "target": "979.xyz", "model": "5.xyz", "model_rescale": 4.2253639853439635, "target_rescale": 3.9326777933363566},
{"mapping": [6, 5, 8, 10, 2, 9, 1, 11, 12, 0, 4, 7, 13], "R": [[-0.2434602989921455, 0.7321212787798206, -0.6361804114969711], [0.964095220021159, 0.2543907861541936, -0.07619537159306011], [0.10605418212879808, -0.6318890417451879, -0.7677686822053502]], "T": [-0.014592609173572767, -0.016534724524603226, -0.03029730332368356], "aligned_model": [[-0.6290999615912897, -0.10032584286621368, 0.5781182912240338, 0.3380832335572659, -0.32527776047871126, 0.41638433973586697, 0.5686309816477318, -0.2433681801642662, -0.34232925400513425, 0.029497075118731876, -0.03459318243045991, -0.5929243017253539, -0.06514158310459159], [-0.06024313641531716, -0.4893023902590581, -0.12149124400509095, -0.7123295208361986, -0.5987440469672582, 0.4121630053350419, -0.0984574329101903, 0.09790924307604529, 0.7348265171367747, 0.5964365613589465, -0.29559342456936494, 0.5101105671847466, -0.0209173330487519], [-0.21519797037945373, -0.44246451857409946, -0.4587162491781959, -0.03164851349884239, 0.0908581903883239, -0.08573694083404275, 0.40770348996160266, -0.7652245821825461, -0.47682696710052014, 0.48485796622897454, 0.6198084813031336, 0.10224856095535602, 0.0035361113854056013]], "inverted": false, "swapped": false, "error_lsq": 0.053237804638139624, "error_max": 0.35018378557690794, "target": "979.xyz", "model": "6.xyz", "model_rescale": 3.89814844738969, "target_rescale": 3.9326777933363566},
{"mapping": [1, 5, 9, 10, 2, 8, 11, 6, 3, 7, 4, 0, 12], "R": [[-0.27521184022917133, 0.20338416979035212, 0.9396240325131977], [-0.26258806773071874, -0.9561050899586666, 0.13004062303979408], [0.9248275242893245, -0.21094533991965686, 0.316537697412267]], "T": [-0.035304512849889017, 0.054154216235696225, 0.026905070376832055], "aligned_model": [[-0.7175313856668465, -0.14629514846841735, 0.5236254106282741, 0.194736266129922, -0.398042682932139, 0.4601946890237468, 0.7234000358417959, -0.12030523049182511, -0.2194524223074878, -0.05429066008813428, -0.04522892609017755, -0.5936052531846816, -0.00955083747642007], [-0.26930348342189014, -0.4104338638082274, -0.3206969145390204, -0.64159295336868, -0.5173665684782842, 0.437420396321037, 0.0642927209175875, 0.2665268854692137, 0.80299532058163, 0.5559010313680719, -0.16300377077141193, 0.24994272925696615, -0.10031416444666638], [-0.35353969903452204, -0.5849900176169547, -0.5604873448212409, 0.07073176368111124, 0.23507052650791815, -0.22858338036040793, 0.30904862912019965, -0.6095291983350007, -0.2133208327940579, 0.450183157765633, 0.6337326431560613, -0.004360389460686606, 0.08924120066704294]], "inverted": false, "swapped": false, "error_lsq": 0.059476352829981434, "error_max": 0.3687815814455015, "target": "979.xyz", "model": "7.xyz", "model_rescale": 3.7474275329858107, "target_rescale": 3.9326777933363566},
{"mapping": [1, 12, 11, 10, 0, 8, 7, 13, 4, 3, 6, 2, 14], "R": [[0.27662718505448664, 0.13391323811151987, -0.9516010956001039], [-0.6483044746441732, 0.7569594207016805, -0.08193743690962463], [0.709350906565413, 0.6395933708767342, 0.29621210523096975]], "T": [0.02392357966791419, -0.00992212997826941, -0.0765247862992625], "aligned_model": [[-0.7160361784014015, -0.0402702529252472, 0.5287928157218755, 0.26457714680746364, -0.34114593217765526, 0.11317052248471526, 0.6108697871750116, -0.06548713767704822, -0.11618139818907033, -0.1784351481687224, 0.16732714734741994, -0.6154303207014545, -0.014097196378276854], [-0.13572498151912327, -0.39251038021518114, -0.21260380816308377, -0.7158213598770199, -0.36119839715853397, 0.6575993569625294, -0.20737536397242218, 0.1529173044335988, 0.6491601815182584, 0.24969414029222914, -0.28583801180241675, 0.537372297953116, 0.018696386628374508], [-0.11440643135385485, -0.5562622159803485, -0.377368844582526, 0.06151686516732692, 0.3448331058348453, 0.031458376863908996, 0.20699593922587894, -0.9560706184858807, -0.474277156119498, 0.5604876739115137, 0.6786201940401005, -0.059645950806877665, -0.11268387923949298]], "inverted": true, "swapped": false, "error_lsq": 0.05346039421322409, "error_max": 0.3499317953604081, "target": "979.xyz", "model": "8.xyz", "model_rescale": 4.019505241142653, "target_rescale": 3.9326777933363566},
{"mapping": [0, 7, 8, 9, 1, 5, 11, 4, 3, 6, 10, 2, 12], "R": [[0.5922067892057197, 0.20683711562238966, 0.7787872151105606], [0.7766448036087219, 0.1110542636283309, -0.6200724147690647], [-0.21474163044510527, 0.97205213755795, -0.09487188215060595]], "T": [-0.041197029917118544, -0.006180136505937118, 0.017619962458533048], "aligned_model": [[-0.5044486281210803, -0.11749925291721919, 0.4279331480440407, 0.30361086553086364, -0.46577293189161667, 0.26135620774886037, 0.5736002735761989, -0.0603472072992346, -0.3496572431856859, 0.08823249005730599, -0.052714696210535525, -0.49546547438750477, -0.011173696026782837], [-0.10125199866413796, -0.5056140833549666, -0.2932453644080791, -0.5926941381734384, -0.46296876926602853, 0.5727834766140927, 0.014075501410075308, 0.18763804662680567, 0.6794575592803382, 0.39445169760750237, -0.31403048586363896, 0.35809967706923157, 0.01766624620256897], [-0.4284802234395867, -0.7335975117629735, -0.3743588155916622, 0.0843200562751862, 0.27720569129250455, -0.13661165622839994, 0.11176617185089466, -0.7883964479429407, -0.3985699637638153, 0.6099070303749183, 0.8797540958631228, 0.12208316170474645, 0.008175469843101382]], "inverted": false, "swapped": false, "error_lsq": 0.04744469845496536, "error_max": 0.2633943710663779, "target": "979.xyz", "model": "9.xyz", "model_rescale": 3.877068213659057, "target_rescale": 3.9326777933363566},
{"mapping": [11, 12, 3, 6, 10, 4, 13, 5, 1, 2, 14, 8, 15], "R": [[-0.1712958626970203, 0.759757699673971, -0.6272367696564034], [0.7841784641620584, 0.4905486327234874, 0.38003443959403527], [0.5964242313716965, -0.4267672395102903, -0.6798145773028466]], "T": [-0.04174929342666368, 0.026212090208331054, -0.023139440619759546], "aligned_model": [[-0.7109156634442451, -0.20776533887301563, 0.46807987180328603, 0.21978172573170923, -0.32774626397140205, 0.40564854903831477, 0.5742415323120131, 0.047637060500215864, -0.21627898604362894, 0.10682117038862989, 0.02157428874427035, -0.6790496386723177, -0.10437445259622012], [-0.27243203726721377, -0.44476752966920124, -0.043503904586422504, -0.5285283815198089, -0.5444143063068023, 0.5225531162513447, -0.14002712691726493, 0.17127266450559692, 0.6514904632906552, 0.40048852278041613, -0.28191281966538406, 0.4392779954013808, 0.024870708783028946], [-0.1107940504561394, -0.5788480747329072, -0.3945896325418202, -0.08770808757531791, 0.28637958609631164, -0.130710050775237, 0.41339042234373063, -0.7860044036104161, -0.5988763186760329, 0.5043066014094958, 0.6914028677811785, 0.1130507342274542, -0.08780253501520434]], "inverted": true, "swapped": false, "error_lsq": 0.04613431827910911, "error_max": 0.22450213092974175, "target": "979.xyz", "model": "10.xyz", "model_rescale": 4.260839863003843, "target_rescale": 3.9326777933363566},
{"mapping": [7, 5, 9, 11, 4, 0, 1, 2, 6, 10, 3, 12], "R": [[-0.8142438575294568, 0.08688653154272646, 0.5739840338476537], [0.3316392737055546, 0.8811325892889843, 0.3370767749770702], [-0.4764686061133533, 0.4648183416447387, -0.7462717847132058]], "T": [-0.01906212082345457, -0.048879500315418455, -0.050990721343028386], "aligned_model": [[0.4448783510755594, 0.28227961768537846, -0.363586448740317, -0.5406098436304546, -0.5330782067813601, -0.4119144333475113, 0.2662383036095455, 0.6580641474011083, 0.3529585882433828, -0.35305109553022496, 0.24506885829852612, -0.08834918918950213], [0.004677223443330054, -0.4859249128448686, -0.6049923648597765, -0.270849357674397, 0.3101136402089494, 0.37943730053879443, 0.4969135748709953, 0.06996981031961369, -0.32854516116110527, 0.1068191935294395, 0.5006910500928159, -0.005231490930856689], [-0.6817746100805742, -0.35190458482188686, 0.11921055594561146, -0.488775907474052, 0.15355193549479562, -0.452101506796735, -0.3153933957903847, 0.012324785602292623, 0.48918601812171114, 0.7742601549559213, 0.36280940782433807, -0.10521477558553283]], "inverted": true, "swapped": true, "error_lsq": 0.04064208169972039, "error_max": 0.20899271423356627, "target": "979.xyz", "model": "11.xyz", "model_rescale": 3.890672605050136, "target_rescale": 3.9326777933363566},
{"mapping": [12, 10, 2, 4, 7, 6, 0, 11, 9, 8, 3, 5, 13], "R": [[-0.36681379774948053, -0.20313921612829733, 0.9078447536067962], [0.8647467112009415, 0.28536717768694675, 0.4132537953439057], [-0.3430171471628778, 0.9366429590669905, 0.07098735086248265]], "T": [0.09014380359160046, 0.12401968346835526, -0.08635260263648725], "aligned_model": [[-0.546155229615093, -0.16828572142459114, 0.39505131835786883, 0.219288763563799, -0.5361388964037724, 0.3089794196910162, 0.5179896653859175, 0.2343299541898232, -0.3835160688444035, 0.026868017256323345, 0.16984510784376283, -0.6351117744981223, -0.005490700584919184], [-0.22635813219067688, -0.4374105669465199, -0.3458751367044389, -0.5631892832569076, -0.22684963235843134, 0.6570938221831126, -0.025680438235667596, 0.15521516543908617, 0.585111666198204, 0.3924840362839618, -0.35571554775465863, 0.35165738992507534, -0.006115977501814279], [-0.2521569251956574, -0.7325342790724245, -0.5242959769219346, -0.04028244753236801, 0.37367443262790867, -0.08748384154414714, 0.29210787331112703, -0.6164463299862198, -0.4972795118643535, 0.5793155669263085, 0.698863906376117, 0.0784430371235679, -0.038728445772828246]], "inverted": true, "swapped": false, "error_lsq": 0.04764429745491212, "error_max": 0.25572903404661784, "target": "979.xyz", "model": "12.xyz", "model_rescale": 4.124412569039231, "target_rescale": 3.9326777933363566},
{"mapping": [7, 9, 6, 8, 10, 0, 1, 3, 5, 4, 11, 5, 12], "R": [[-0.4823107535524864, 0.6730097230434365, 0.5607443710788634], [0.001442283911936737, -0.6395080514870484, 0.7687830460541887], [0.875999005036393, 0.3716010828458876, 0.3074709391194779]], "T": [0.009265454080059188, 0.01074993110045137, -0.12808035470212098], "aligned_model": [[-0.5901035240756751, -0.10992165732228693, 0.5419558594819338, 0.33938232660410983, -0.47432561741205814, 0.1500549328385511, 0.7683036666777052, 0.1985658285901216, -0.5221225913960358, -0.0016701928135423039, -0.14494502897803763, -0.5221225913960358, -0.03539755588114018], [-0.07683945008603758, -0.5264755878140288, -0.2962984640601326, -0.5725957378668529, -0.19745832939700056, 0.557161555486841, 0.09901167111073896, 0.11989312298316794, 0.5496031888236257, 0.5088538374015065, -0.746715713333269, 0.5496031888236257, -0.013375916991858368], [-0.28982893381168573, -0.45338705045710315, -0.39185114498447243, 0.1280969313137758, 0.3890256964433304, -0.26365340807322735, 0.15287365572602774, -0.8070549548470232, -0.09630314843047455, 0.4802363111095065, 0.4988309514282535, -0.09630314843047455, -0.017484698511337105]], "inverted": false, "swapped": false, "error_lsq": 0.06262539675477256, "error_max": 0.4574557578714525, "target": "979.xyz", "model": "13.xyz", "model_rescale": 3.9028299243045295, "target_rescale": 3.9326777933363566},
{"mapping": [6, 11, 14, 12, 2, 10, 13, 9, 7, 4, 8, 3, 15], "R": [[0.7288256771272394, 0.20752133264584147, 0.6524937002430867], [-0.3901780497042938, -0.6572168822299529, 0.6448465392951209], [0.5626492885350293, -0.7245694350501092, -0.3980262703669082]], "T": [-0.1048648623318102, -0.05594733582672099, 0.06334287112271567], "aligned_model": [[-0.6259839394774178, 0.07346050706093707, 0.5317626551068608, 0.2991589737562282, -0.6080083416410138, 0.36589766732241374, 0.6850622758391085, -0.14312134336919302, -0.1909744828120694, -0.05489039527333034, -0.005860064121080311, -0.6133250518835269, -0.11552460559030683], [-0.032214134670742085, -0.48273231398549177, -0.0513535307878206, -0.6204475008330429, -0.4816482614564704, 0.4917649538130559, -0.13871892917012854, 0.14041018789813783, 0.7048987463448563, 0.5347299346613857, -0.4012354594406615, 0.29092316087784126, -9.488170594269818e-06], [-0.35172327402409953, -0.5127745937981839, -0.5512585881808657, 0.11176386389885812, 0.39163409961106255, -0.12035930768875971, 0.10594957847883305, -0.6855400442912629, -0.4207297766710608, 0.3919249592736822, 0.74706892823919, 0.16253228283139368, -0.03529106920369157]], "inverted": false, "swapped": false, "error_lsq": 0.05055267182165534, "error_max": 0.22390679979966122, "target": "979.xyz", "model": "14.xyz", "model_rescale": 3.942246331269136, "target_rescale": 3.9326777933363566},
{"mapping": [10, 5, 1, 3, 4, 0, 12, 2, 7, 8, 13, 6, 14], "R": [[0.6795855392723996, 0.686463068580259, 0.2587120992284992], [0.7153192081278866, -0.6983096192540927, -0.02611716180019532], [0.16273268047671113, 0.20281057943948347, -0.9656013378057665]], "T": [-0.16255726533052348, -0.03937202018042911, -0.022506346985091852], "aligned_model": [[-0.8104377006324347, 0.015067502249907189, 0.5576210588423637, 0.16405238611816267, -0.3417115849059428, 0.30766091372503424, 0.5565263628970043, 0.06554921742226155, -0.3045322917932306, -0.058492493106746826, 0.07184845801603185, -0.546012606954759, -0.07948536696004227], [-0.3379901312133529, -0.24509136132192516, -0.2760832296067049, -0.6699701362900415, -0.5246716412961078, 0.48055671068859124, -0.240716494022497, 0.2904976717127515, 0.71857713218807, 0.6447236017116036, -0.2462280905303303, 0.3609664020755328, -0.0002030690152644843], [-0.03137659835111209, -0.5960118419992382, -0.3087796787924753, -0.1330508269025539, 0.25326889564022437, -0.24451189144482594, 0.30984195921059804, -0.6719686919566368, -0.39174296815615967, 0.32393936243841664, 0.7279564232621012, 0.051524308718265036, -0.05589139319150749]], "inverted": true, "swapped": false, "error_lsq": 0.050144199583312635, "error_max": 0.3041467954630726, "target": "979.xyz", "model": "15.xyz", "model_rescale": 4.355366556412066, "target_rescale": 3.9326777933363566},
{"mapping": [2, 1, 7, 9, 5, 6, 11, 10, 0, 3, 4, 12], "R": [[0.6056622205820203, 0.6875511028198892, 0.4005580551815312], [0.5446695323937402, 0.00876185874115526, -0.8386049906322909], [-0.5800934192366269, 0.7260831294297881, -0.36918141084811523]], "T": [-0.08708688836879847, 0.017532440870147638, -0.08088961362349528], "aligned_model": [[-0.12992721113596198, 0.43966701851119977, 0.03793225856882232, -0.5862684511905996, -0.47935826928147335, -0.5708797735975655, -0.07268931321112246, -0.09359620736498497, 0.5036724136088915, 0.26582971208522127, 0.3007819869235832, -0.01735560928422948], [-0.5959442793866867, -0.3955167647360337, -0.6498673951187766, 0.451392040265224, -0.3311618605279811, -0.0997940396168579, 0.3582719042458419, 0.6171369809726099, 0.19159568998091825, -0.1251167300949766, 0.534422254252479, 0.05735862750522027], [0.2328698732864804, -0.04748508260197609, -0.47452024027423984, -0.2205700373789734, -0.3921774821691076, 0.4295828546528672, -0.7106735780628346, 0.5953217080634308, -0.4264088113428269, 0.5500815410688691, 0.05067393160963837, -0.13743621564190595]], "inverted": true, "swapped": true, "error_lsq": 0.04489658312262851, "error_max": 0.2137377908732708, "target": "979.xyz", "model": "16.xyz", "model_rescale": 3.795458400668931, "target_rescale": 3.9326777933363566},
{"mapping": [1, 5, 9, 10, 2, 8, 11, 6, 3, 7, 4, 0, 12], "R": [[-0.27521184022917133, 0.20338416979035212, 0.9396240325131977], [-0.26258806773071874, -0.9561050899586666, 0.13004062303979408], [0.9248275242893245, -0.21094533991965686, 0.316537697412267]], "T": [-0.035304512849889017, 0.054154216235696225, 0.026905070376832055], "aligned_model": [[-0.7175313856668465, -0.14629514846841735, 0.5236254106282741, 0.194736266129922, -0.398042682932139, 0.4601946890237468, 0.7234000358417959, -0.12030523049182511, -0.2194524223074878, -0.05429066008813428, -0.04522892609017755, -0.5936052531846816, -0.00955083747642007], [-0.26930348342189014, -0.4104338638082274, -0.3206969145390204, -0.64159295336868, -0.5173665684782842, 0.437420396321037, 0.0642927209175875, 0.2665268854692137, 0.80299532058163, 0.5559010313680719, -0.16300377077141193, 0.24994272925696615, -0.10031416444666638], [-0.35353969903452204, -0.5849900176169547, -0.5604873448212409, 0.07073176368111124, 0.23507052650791815, -0.22858338036040793, 0.30904862912019965, -0.6095291983350007, -0.2133208327940579, 0.450183157765633, 0.6337326431560613, -0.004360389460686606, 0.08924120066704294]], "inverted": false, "swapped": false, "error_lsq": 0.059476352829981434, "error_max": 0.3687815814455015, "target": "979.xyz", "model": "17.xyz", "model_rescale": 3.7474275329858107, "target_rescale": 3.9326777933363566},
{"mapping": [2, 9, 5, 12, 7, 8, 10, 4, 0, 3, 11, 1, 13], "R": [[0.7977563633861753, 0.4625867572216489, -0.38677936439270433], [0.0022699736532500736, 0.6391379831160315, 0.7690887372455701], [0.6029756478469745, -0.6144234131130839, 0.5088263333613843]], "T": [-0.06144580949200747, -0.020961651110053877, -0.05101337599916083], "aligned_model": [[-0.7326607616191697, -0.1073062256431105, 0.570253118013622, 0.23627500378387611, -0.4446887328316318, 0.3590110247131694, 0.5653467212178386, 0.19442142429034032, -0.4244354040930801, 0.08374089958537835, -0.01702554097146769, -0.5437763556046374, -0.14150131592351806], [-0.0033031752579442096, -0.4865035582005411, -0.2231984331190881, -0.7051732809766146, -0.5930725148042706, 0.5446014482052752, -0.009582641964345242, 0.21116351585780035, 0.6418728626826258, 0.457617526952764, -0.1711046244080554, 0.27386590053233517, 0.017184339580383932], [-0.2812119643553766, -0.5294396721295838, -0.33959037726773317, -0.0014786789556629973, 0.2543279140181796, -0.19317132506181367, 0.23784820341330642, -0.8059144871106236, -0.40882806591202664, 0.4077588672122508, 0.6541253260445246, 0.3476749432289343, -0.10890362464927925]], "inverted": true, "swapped": false, "error_lsq": 0.05121211565761174, "error_max": 0.3471636525701055, "target": "979.xyz", "model": "18.xyz", "model_rescale": 3.922800546911778, "target_rescale": 3.9326777933363566},
{"mapping": [8, 13, 7, 11, 4, 3, 9, 12, 5, 2, 10, 1, 14], "R": [[-0.6457253109463059, -0.7444123684577453, -0.16996778662566198], [0.47121453985197975, -0.5636464995325091, 0.6784242632725015], [-0.6008291606067266, 0.3579844259906837, 0.7147387428373653]], "T": [-0.15203209519807595, 0.05115030841962632, -0.06193100525910956], "aligned_model": [[-0.6937017739033489, -0.12720178461209744, 0.556083625993093, 0.2201367454136158, -0.37705023151977635, 0.33164583356947086, 0.5490394984687996, 0.05550834698342125, -0.41484921461606394, 0.15814518623910576, -0.02781612803655978, -0.5719700552671488, -0.06031619379490179], [-0.05260382358245622, -0.5071552319391245, -0.153921337276877, -0.5465783226124965, -0.5988435794366075, 0.42302193830935647, 0.04878828880638992, 0.16231150987788867, 0.6102689162876761, 0.33427611856011996, -0.31716560075247896, 0.5172188331766239, 0.03474965566231107], [-0.3269209924009632, -0.46129565830330743, -0.3697113889613425, 0.04509446129450267, 0.16332867415114696, -0.25406740392265437, 0.35187598759108124, -0.8123869977836397, -0.5100908698858297, 0.5183782161912434, 0.6448323439718483, 0.3310260710987384, -0.08686538456572815]], "inverted": true, "swapped": false, "error_lsq": 0.04888933514843742, "error_max": 0.29301448516176754, "target": "979.xyz", "model": "19.xyz", "model_rescale": 3.9282355846067225, "target_rescale": 3.9326777933363566},
{"mapping": [6, 8, 11, 9, 7, 0, 10, 4, 3, 2, 12, 5, 13], "R": [[-0.3622296632228248, -0.45209683504043363, 0.8151062034041344], [-0.28686322812024256, -0.7779761661837765, -0.5589835178271599], [0.8868478784063888, -0.436304408178987, 0.15211608714949015]], "T": [-0.11069069953923277, -0.028880446371325433, -0.07059229254625199], "aligned_model": [[-0.73808895339457, -0.1810659601971995, 0.5493868317046597, 0.23451044867835885, -0.4164322667859159, 0.41064196231079503, 0.5649938674115351, 0.026968028889959028, -0.2816627116257604, -0.11223900664013717, 0.16930673009605063, -0.6045535195105738, -0.024111596019592355], [-0.03169959901011345, -0.5761632750438607, -0.0892346407580485, -0.6281507077654084, -0.2618265444932199, 0.49482666590324703, 0.0963203878399783, 0.0356273628287576, 0.5814999531194494, 0.40678500978614973, -0.6106608157287952, 0.4364713309992097, 0.10057223740297942], [-0.2528216466436018, -0.5941860351136146, -0.34265514427881094, -0.08226046788384232, 0.41966884787479897, -0.37741488695258274, 0.4490320583927818, -0.6839899302815762, -0.47625151916648223, 0.6286282902572708, 0.48251473732724925, 0.0944452504451258, -0.03151249550162053]], "inverted": false, "swapped": false, "error_lsq": 0.04936654568115987, "error_max": 0.3136355117076372, "target": "979.xyz", "model": "20.xyz", "model_rescale": 4.067790424073018, "target_rescale": 3.9326777933363566},
{"mapping": [6, 13, 1, 10, 11, 8, 9, 5, 4, 0, 12, 2, 14], "R": [[-0.4587669479622927, -0.8798568360817585, 0.12403562172843965], [0.3463935567895986, -0.048545777904119125, 0.93683232825428], [-0.81825692253229, 0.47275284816474816, 0.32704793728153114]], "T": [-0.08026365171698238, 0.04434754059009955, -0.02657602142997674], "aligned_model": [[-0.786690556390296, -0.02258908698556414, 0.6647097810873115, 0.31615168461696563, -0.3623526015069657, 0.20890719700691526, 0.5684994005659318, -0.005010026625886926, -0.4041182551007939, 0.004977261370601005, 0.03410453398593752, -0.5761531926003395, -0.042782284506207274], [0.009513215738825583, -0.5096036647104754, -0.07709969910415831, -0.672490147452741, -0.5109093633730579, 0.4770174908298187, -0.26433354509539375, 0.12152038322936501, 0.6185867267394529, 0.5593099093868852, -0.33445826746546986, 0.5596887941606146, -0.022374467803340355], [-0.24407200038409105, -0.4507637296515603, -0.3483993482185273, -0.043470744698101735, 0.14705533802672088, -0.2596957999407522, 0.26985675138954845, -0.6069615528894625, -0.48247079842782853, 0.4550937565093883, 0.629503199990788, 0.17894499245861667, -0.011423005689642593]], "inverted": true, "swapped": false, "error_lsq": 0.04660299005486696, "error_max": 0.24310210268256913, "target": "979.xyz", "model": "21.xyz", "model_rescale": 4.186013935880536, "target_rescale": 3.9326777933363566},
{"mapping": [2, 0, 7, 6, 5, 9, 4, 1, 8, 11, 3, 8, 12], "R": [[0.7930006014460721, 0.30701447294897305, -0.526205434698305], [0.09929401033906042, -0.9173193963261397, -0.38557207450051834], [-0.6010746589376018, 0.2535098391063174, -0.757919531256013]], "T": [0.050285926899618756, 0.017842040142428184, -0.08356233661633178], "aligned_model": [[-0.6556307686204706, -0.14504217158779634, 0.6788461007333463, 0.2851376020187773, -0.5585328660976989, 0.11780457950668488, 0.6451057499920159, 0.07381615647690282, -0.4556515634297408, -0.010123301855019189, 0.016208254439922444, -0.4556515634297408, 0.06136764677042635], [0.011551838097682815, -0.5703602921209434, -0.13130572479409594, -0.4724826568527222, -0.36427523055435634, 0.5780386748010392, -0.02500985012282239, -0.08749947281692771, 0.5917875104947036, 0.3451418224355536, -0.5156134962600776, 0.5917875104947036, 0.0026067322785879206], [-0.3101484244708712, -0.4545790360620471, -0.431399643363907, 0.03593340066133727, 0.20255799618681863, -0.34254442539010194, 0.33112940712290634, -0.8070764898129503, -0.035792224150999336, 0.4532724203657415, 0.6691677329689294, -0.035792224150999336, -0.04153143142876124]], "inverted": true, "swapped": false, "error_lsq": 0.061726309739980285, "error_max": 0.48391503760006654, "target": "979.xyz", "model": "22.xyz", "model_rescale": 4.166573947596378, "target_rescale": 3.9326777933363566},
{"mapping": [6, 5, 7, 0, 2, 10, 8, 13, 14, 9, 4, 12, 15], "R": [[0.7420908247399247, 0.4643732885662506, -0.48338251592603576], [-0.5724417189220569, 0.06387289876793259, -0.8174538098513839], [-0.3487286714257653, 0.8833332902529756, 0.3132261356535775]], "T": [-0.11229282398056803, 0.04709889404887214, 0.09630205960800405], "aligned_model": [[-0.7377140805702751, -0.06107760141073486, 0.41829657802162823, 0.32364422161897644, -0.5377939931214976, 0.3488236822836993, 0.6010603053582368, -0.000139397429165522, -0.18306896138574505, 0.07888290219790353, 0.12969820176495309, -0.6590272025601083, -0.12393079985026162], [-0.2798664434480259, -0.35151230140307077, -0.14751985538893683, -0.6347127282498415, -0.37902784636371856, 0.3806735068501934, -0.011560308485410696, 0.22843144143761016, 0.7177421616125037, 0.5375874499851993, -0.47995687477317406, 0.3866362908031402, -0.0125471274961435], [-0.1883899702209944, -0.6313984949052112, -0.34186238041472405, -0.012544469093428268, 0.3965919118410329, -0.3905662782916411, 0.4728197232597409, -0.7230594326931868, -0.3174685402004221, 0.3849575367736464, 0.5474185338966585, -0.026893844194824212, 0.06359276271844919]], "inverted": true, "swapped": false, "error_lsq": 0.04483508695845954, "error_max": 0.25683714381510164, "target": "979.xyz", "model": "23.xyz", "model_rescale": 4.274766983524099, "target_rescale": 3.9326777933363566},
{"mapping": [5, 1, 2, 6, 3, 10, 9, 4, 11, 0, 12], "R": [[-0.6534604683645847, 0.6465423430617251, -0.3936653590462237], [-0.1858907193740636, -0.6412002750904172, -0.744517862562455], [-0.7337806598264435, -0.41333425439010985, 0.5391852533336212]], "T": [0.011144488922569765, 0.0591142323516025, -0.031598160321836495], "aligned_model": [[0.2707683385431397, 0.02701274116782036, -0.3176970669678279, -0.5512476962998852, -0.5803705979317713, -0.6495469265937088, 0.1043203649720607, -0.06695571907929602, 0.6454783220932984, 0.4223924354270108, 0.07574050862723451], [-0.12032099771649753, 0.7242501724092403, 0.3660969419171424, -0.24989916195160933, 0.48578894583034493, -0.2006818024415128, -0.6021153227785564, 0.13286712048163885, -0.15714213163452478, 0.44353622610786414, 0.09320654101995376], [-0.5538654713158715, -0.11245338385334691, -0.5552954415113323, -0.3424501376865043, 0.0736734018799727, 0.5277073028123345, 0.07338153759049187, 0.6190839272108178, 0.22097319012658156, 0.3947502192565515, 0.034061289511882246]], "inverted": false, "swapped": true, "error_lsq": 0.053015251005285986, "error_max": 0.3071779251710749, "target": "979.xyz", "model": "24.xyz", "model_rescale": 3.7841303162186577, "target_rescale": 3.9326777933363566},
{"mapping": [7, 6, 4, 3, 11, 8, 5, 1, 0, 9, 13, 10, 15], "R": [[0.5644568106367467, 0.7432562457096452, -0.35910814824979337], [0.7207234317395967, -0.2316669579130279, 0.6533667848558132], [0.4024254513165029, -0.6276149885279406, -0.6664481842632495]], "T": [-0.03773662499377489, 0.10252291793762416, 0.014378514929513642], "aligned_model": [[-0.6194786680074553, -0.06735558862041774, 0.5199619625720509, 0.28799370388413137, -0.5218704660125693, 0.17188749518851965, 0.7675047614405672, 0.14419214857817347, -0.39259357177250537, 0.10811822741038937, -0.07872528786173433, -0.6871958871139137, -0.034784974767626875], [0.014631374012872261, -0.4900571847531181, -0.17000827911399566, -0.6312920060693232, -0.4729058426445715, 0.5729695950505773, -0.18649297599750767, 0.3253071068715578, 0.4327494774713456, 0.49981984399203105, -0.398054026618734, 0.41830737662020046, 0.03939290625899085], [-0.26249118727181414, -0.3979296115144629, -0.3996303918817398, 0.08084126981464046, 0.16905150752328577, -0.2757859830195684, 0.20775604224294886, -0.6714097324988451, -0.5391166666691991, 0.41813862081418657, 0.6141640177269372, 0.303753613682181, -0.014144440473454013]], "inverted": true, "swapped": false, "error_lsq": 0.051695049340945605, "error_max": 0.28745254140944415, "target": "979.xyz", "model": "25.xyz", "model_rescale": 4.19342608120988, "target_rescale": 3.9326777933363566},
{"mapping": [2, 1, 7, 9, 5, 6, 11, 10, 0, 3, 4, 12], "R": [[0.6056622205820203, 0.6875511028198892, 0.4005580551815312], [0.5446695323937402, 0.00876185874115526, -0.8386049906322909], [-0.5800934192366269, 0.7260831294297881, -0.36918141084811523]], "T": [-0.08708688836879847, 0.017532440870147638, -0.08088961362349528], "aligned_model": [[-0.12992721113596198, 0.43966701851119977, 0.03793225856882232, -0.5862684511905996, -0.47935826928147335, -0.5708797735975655, -0.07268931321112246, -0.09359620736498497, 0.5036724136088915, 0.26582971208522127, 0.3007819869235832, -0.01735560928422948], [-0.5959442793866867, -0.3955167647360337, -0.6498673951187766, 0.451392040265224, -0.3311618605279811, -0.0997940396168579, 0.3582719042458419, 0.6171369809726099, 0.19159568998091825, -0.1251167300949766, 0.534422254252479, 0.05735862750522027], [0.2328698732864804, -0.04748508260197609, -0.47452024027423984, -0.2205700373789734, -0.3921774821691076, 0.4295828546528672, -0.7106735780628346, 0.5953217080634308, -0.4264088113428269, 0.5500815410688691, 0.05067393160963837, -0.13743621564190595]], "inverted": true, "swapped": true, "error_lsq": 0.04489658312262851, "error_max": 0.2137377908732708, "target": "979.xyz", "model": "26.xyz", "model_rescale": 3.795458400668931, "target_rescale": 3.9326777933363566},
{"mapping": [11, 8, 6, 1, 9, 7, 0, 5, 10, 3, 2, 4, 12], "R": [[-0.16338154551681783, -0.9859729019963092, -0.03411608291573048], [-0.7802922613960809, 0.15030506667901283, -0.6070851453758428], [0.6036973226625464, -0.07256599382351564, -0.7939040994669818]], "T": [-0.11574966109140855, -0.1044625191465664, -0.04673063095937227], "aligned_model": [[-0.7707254748804007, -0.13156471710510312, 0.5204187143544015, 0.17220698099932052, -0.3124481432612839, 0.30282452439832663, 0.5732894435200884, 0.1739865557750071, -0.32081698520772167, 0.017826793383395212, 0.13056980239217203, -0.7513447157849793, -0.006568923665612847], [-0.11027058116012062, -0.4824920781804355, -0.3203768387944075, -0.6212410046108012, -0.2351493778004447, 0.5832830985796291, 0.030685663903650823, 0.16871899601675094, 0.5165964558939851, 0.4066727974211782, -0.4051893955804106, 0.4099349273521265, 0.013194702039624945], [-0.3340415104965534, -0.6693021100733088, -0.5261654694197361, -0.027387937549389008, 0.311884681321987, -0.15631947696768958, 0.3985033221791163, -0.6857026587424719, -0.32943112726347623, 0.46899660102958285, 0.7430319799552665, 0.12727332336720848, -0.0881425588654404]], "inverted": false, "swapped": false, "error_lsq": 0.044789436803328225, "error_max": 0.25293307963160616, "target": "979.xyz", "model": "27.xyz", "model_rescale": 3.6321398670334006, "target_rescale": 3.9326777933363566},
{"mapping": [4, 6, 9, 13, 1, 8, 11, 12, 7, 0, 2, 3, 14], "R": [[0.1405857010229537, -0.640766983700458, 0.7547538229564006], [0.251949347060488, -0.7140743853889537, -0.6531610051489463], [0.9574743793876046, 0.2819848306749939, 0.06105217510880789]], "T": [0.03589183489091626, 0.09613556491533978, -0.025176997454494067], "aligned_model": [[-0.6596879311281426, -0.034345313874259716, 0.5869043577187422, 0.23667133213463673, -0.4586855691977218, 0.11285421496724324, 0.4841684602466166, 0.07358184881886237, -0.48052144442601724, 0.17741028513441207, -0.012145905132105457, -0.44923861378490165, 0.02068813344024526], [-0.25576439056154987, -0.44118774883531875, -0.14918633450814575, -0.6951043970030003, -0.24404950886628143, 0.5595587843751709, -0.18431610684762925, 0.2704643354111081, 0.48348981479532493, 0.40590645706466766, -0.3389282117979844, 0.506402095039588, 0.03708257681437546], [-0.3058947610521429, -0.582184929690756, -0.31288262230461217, -0.014966803329388018, 0.2696695780512112, -0.24045664701068248, 0.339406001852624, -0.8324555574865901, -0.45431729391813475, 0.49772473025113806, 0.6395451621414041, 0.2353799099374649, -0.005369708966440248]], "inverted": true, "swapped": false, "error_lsq": 0.04538491246954164, "error_max": 0.2493230591880307, "target": "979.xyz", "model": "28.xyz", "model_rescale": 4.156811204709835, "target_rescale": 3.9326777933363566},
