[{"mapping": [4, 10, 5, 7, 11, 12, 6, 8, 4, 2, 9, 0, 3, 13], "R": [[-0.9213983318588087, 0.3520328222502792, -0.16461472019934315], [0.09498349623065247, -0.20674183566421622, -0.9737740748397401], [-0.37683318523135184, -0.9128694898202555, 0.15705427426116148]], "T": [-0.0921033872974265, 0.23140213120767614, 0.08975164960817708], "aligned_model": [[0.5697102063561054, -0.6415397835630526, 0.20026281453987005, 0.04358078379029122, -0.07075310299357196, -0.6638035849354061, 0.6680971513602283, 0.4238285188854053, 0.5697102063561054, 0.15762888998737312, -0.4612608704053635, -0.5255938160032875, 0.21475188500109477, -0.08186847662308894], [-0.4498397244148671, -0.22677661737464186, 0.8259180575744289, -0.46654730153721613, 0.1961093086890303, 0.2095950663650079, 0.24010898331248037, -0.08494525087310703, -0.4498397244148671, -0.07926349132906249, -0.3969666563621689, 0.10648021351757245, 0.44349071621997205, 0.09635013551955204], [0.19613082056956457, -0.6199108092043264, -0.27558939347501177, -0.16686260861375193, -0.6069264847423225, 0.0014162438115854353, 0.17078013804705672, -0.4045334236601592, 0.19613082056956457, 0.7473068990478818, 0.16470891234930476, 0.7157652255645316, 0.4558917590851569, -0.0007804845737942323]], "inverted": false, "swapped": false, "error_lsq": 0.05591523462911161, "error_max": 0.37384862126509916, "target": "98.xyz", "model": "0.xyz", "model_rescale": 3.8414455957264533, "target_rescale": 3.972426159275144},
{"mapping": [12, 3, 2, 10, 5, 4, 9, 6, 8, 13, 11, 0, 7, 14], "R": [[-0.8583491100025386, -0.16960999673684485, -0.4842202539803322], [0.21625415336431153, 0.7362464586285199, -0.6412295168733642], [0.46526438345368193, -0.6551134261819787, -0.5952776262598608]], "T": [0.005117577456599794, 0.026320605818419805, 0.0530528639041389], "aligned_model": [[0.11161175004657442, -0.6185594198358545, 0.08969112288584878, 0.13430853703525508, -0.03726167907840591, -0.38728728548722746, 0.5302909752908259, 0.5509250994762062, 0.6477402396823094, 0.22335001450628467, -0.34112457775080685, -0.4609039774523631, 0.016459768529250737, -0.05648974609519458], [-0.7245992832654404, -0.011399212727316334, 0.6397537277573851, -0.44293290365859667, 0.07224116242811424, 0.39075896470129856, 0.3313575527135257, 0.18367097347705805, -0.4151481904017501, -0.1914700224968404, -0.6254994906719216, 0.2167253800784049, 0.5725560341970989, -0.032140977238906354], [0.13712340125065894, -0.4191558827082047, -0.3483843639910474, -0.4280834371759602, -0.6030096987213241, -0.04192261167235412, 0.36394680599630524, -0.4830088718018811, 0.18128629736993435, 0.745720783095384, 0.4790955071907307, 0.5746727463917636, 0.3913622099481907, 0.023884729603084645]], "inverted": true, "swapped": false, "error_lsq": 0.04774522117115396, "error_max": 0.30052709283217804, "target": "98.xyz", "model": "1.xyz", "model_rescale": 4.316132596720782, "target_rescale": 3.972426159275144},
{"mapping": [3, 8, 7, 5, 4, 10, 2, 11, 6, 9, 12, 13], "R": [[0.8291914852678695, 0.1195295421090685, 0.5460349524732467], [-0.42752154373239604, 0.764930874173441, 0.48177389653334696], [-0.3600927802718812, -0.6329245186429829, 0.6853756220472209]], "T": [-0.13001293346531764, -0.043785698225283214, -0.021682836168150716], "aligned_model": [[-0.31248364223225183, 0.47842669203342914, 0.21046031824352016, -0.40470571844747094, -0.5576855436448298, -0.4156819016675961, -0.2082191469186318, -0.2215150113967335, 0.5317398423500568, 0.22970393195364777, 0.3702872204756513, -0.10251848611701032], [-0.5863764234721277, -0.4845635488796043, -0.5345181886080045, 0.39032318169610597, -0.2316609701548927, -0.13661223811180223, 0.25765602814124494, 0.63215174583451, 0.035709515032002294, 0.14382555532715866, 0.561732311813966, -0.034890540877576065], [-0.008511702489244839, 0.06557156285704131, -0.5815131286615391, 0.0007877086283259553, -0.557212168937821, 0.59245041547155, -0.7098906574650079, 0.584394543796207, -0.3545572503459598, 0.5580349521369129, -0.09928862712382631, -0.041007186657216685]], "inverted": false, "swapped": true, "error_lsq": 0.04178052062954949, "error_max": 0.23447508394110875, "target": "98.xyz", "model": "2.xyz", "model_rescale": 3.795458400668931, "target_rescale": 3.972426159275144},
{"mapping": [2, 7, 4, 0, 5, 10, 3, 12, 8, 9, 1, 13], "R": [[0.19884539333120332, 0.16891206064408082, 0.9653648146270555], [-0.9642321560414167, -0.14243790172274617, 0.22353477002144928], [0.17526225722236938, -0.9752846558424837, 0.1345473198229099]], "T": [0.07404224479712368, 0.03471083635143278, 0.01412183217997643], "aligned_model": [[-0.16062779656570048, -0.20386513540645335, -0.5849534302791413, 0.24857571731226544, 0.11034809055093285, 0.12001942356267267, -0.3258811410257799, 0.7012395219364671, 0.32504343104834205, 0.7058543961785169, -0.4312669248457354, 0.08881767327717875], [-0.19352736949597632, -0.7340429156223108, -0.06174888610522816, -0.07007369458696895, 0.4171605476545667, 0.5576485685254687, -0.05377209104517437, -0.10973116936282047, -0.517466724440812, 0.20435378682471805, 0.6391098437366969, 0.007859149207550268], [-0.6666502475868361, 0.05811643973961561, -0.23369436529603926, 0.7331158483489456, -0.3276758784904657, 0.45207777057109677, 0.41425404842288704, -0.44275347448404434, 0.46600186881774797, 0.28375416430135486, -0.045490095707738945, -0.0022846479974232455]], "inverted": false, "swapped": true, "error_lsq": 0.05164586580731245, "error_max": 0.35794490316886984, "target": "98.xyz", "model": "3.xyz", "model_rescale": 3.7530521520055578, "target_rescale": 3.972426159275144},
{"mapping": [9, 6, 8, 7, 0, 2, 10, 5, 1, 3, 13], "R": [[-0.6296908089038673, 0.6034240544585634, 0.48925340640897164], [0.03323974157721249, -0.6082894291686469, 0.7930189719934587], [0.776134398646184, 0.5156194147454792, 0.36297660306920054]], "T": [-0.15597510742300008, 0.007067985563743842, 0.031800550087301246], "aligned_model": [[-0.3759579134553592, -0.05183354374462322, 0.36557312134157366, 0.4814249697295015, 0.2868852621391486, -0.337638239129778, -0.22913027572297562, -0.6298162916006775, -0.3479404905978099, 0.3326964142679642, -0.15606341078175942], [-0.6455108004421356, 0.06323662926399458, -0.3518557585114449, 0.34029600276641575, -0.5929232668285126, 0.6975539190354139, -0.4540585012932858, 0.1353233934823065, 0.24726635806953456, 0.012893097194951922, 0.014982285577108099], [-0.13072764103319756, -0.703754491377232, -0.3820332482730191, -0.359134992984458, 0.07954273649520638, -0.2148591624073572, 0.5311940433774178, 0.18489089481238408, 0.759566400143524, 0.33019616903455246, -0.002049930542504755]], "inverted": true, "swapped": true, "error_lsq": 0.04215861438100124, "error_max": 0.24615160048762644, "target": "98.xyz", "model": "4.xyz", "model_rescale": 3.7855080009869324, "target_rescale": 3.972426159275144},
{"mapping": [2, 11, 8, 14, 13, 6, 10, 15, 9, 0, 1, 4, 7, 16], "R": [[-0.7679940095006142, -0.3219310222984818, 0.5536656195331482], [0.25840681146699784, -0.946752780221627, -0.192054921650238], [0.5860129018704536, -0.004426061960031785, 0.8102896326727228]], "T": [0.046439222096633835, -0.02415611923733804, 0.05931845949378574], "aligned_model": [[0.24805354079805986, -0.6793833607905586, 0.22568894563412534, 0.30138484495043844, -0.1976106221332262, -0.43176397926984295, 0.6353333391631819, 0.6158483146140885, 0.7050022105631073, -0.14181737671781205, -0.5052995083413994, -0.4487593732446204, -0.0003248729655284041, 0.07639871949268964], [-0.71558506259548, -0.06662847828414653, 0.5431542089117908, -0.496673276590967, 0.1353860171901462, 0.4164779721437749, 0.3780291432108928, 0.13743494558711988, -0.29452559531527855, -0.3326512744802545, -0.46460117624372094, 0.1710393849873214, 0.6167230903011152, -0.06370618393019965], [0.22382794359696617, -0.2628831934943752, -0.31663154004163224, -0.35229745847708266, -0.6038961506520805, 0.0023942661964160977, 0.20903488353651706, -0.5142490777790295, 0.048870690521904805, 0.7505955931492966, 0.332624998169027, 0.5728141753161065, 0.4446189007993893, 0.038703583933857075]], "inverted": true, "swapped": false, "error_lsq": 0.043080183528083196, "error_max": 0.23126479136921796, "target": "98.xyz", "model": "5.xyz", "model_rescale": 4.2253639853439635, "target_rescale": 3.972426159275144},
{"mapping": [5, 12, 0, 6, 7, 9, 4, 3, 2, 10, 11, 8, 1, 13], "R": [[0.43968599987036966, 0.8611397991979602, 0.2551753666702374], [-0.39803568683501334, -0.06786136871554628, 0.9148565060389701], [0.8051358975500797, -0.5038184999316216, 0.3129266776784587]], "T": [0.014978824487899514, 0.020289146844855686, 0.09298792436296373], "aligned_model": [[0.0549069330137357, -0.6448109354124807, -0.025917880868968596, 0.13589964096465412, -0.012663660347035414, -0.4463822049866421, 0.6470025791804888, 0.49542664281105037, 0.5741926781746528, 0.3205427605086281, -0.48339490643166977, -0.4306701464605789, 0.1591947655626984, 0.05942455604416981], [-0.5373296009741505, -0.11464756822094382, 0.6939031987735834, -0.45866833455386563, 0.05191433208072196, 0.4136625381538804, 0.3344349545610404, -0.004165054663404957, -0.3348987608473338, -0.1195726491762576, -0.56390835781257, -0.012773971047379602, 0.6009879773613452, 0.014935011257448446], [0.38998682113027067, -0.553396883724975, -0.3401797312413235, -0.31895364343263727, -0.6992411818417118, 0.16369720930922205, 0.14561583715792037, -0.42814675937576024, 0.199256584424563, 0.7969636578981529, -0.03307035063131923, 0.6813489534314239, 0.5180719308075231, 0.0515751708639317]], "inverted": true, "swapped": false, "error_lsq": 0.048056291092580306, "error_max": 0.33659521284164795, "target": "98.xyz", "model": "6.xyz", "model_rescale": 3.89814844738969, "target_rescale": 3.972426159275144},
{"mapping": [9, 0, 8, 11, 6, 3, 10, 12, 5, 4, 7, 2, 13], "R": [[0.8780174065846511, 0.31445455711736015, 0.36083758845564917], [0.46252087617690507, -0.3634982072817385, -0.8086677268220308], [-0.12312543536942984, 0.8769192578630527, -0.464599550531424]], "T": [-0.1673430158964871, 0.09539997084369063, 0.00797320028658206], "aligned_model": [[0.03096315182663195, -0.056805463031869646, 0.3778107269697221, -0.39142106902897733, 0.5619733689415121, -0.3676935246491919, -0.610483026655666, 0.35868516935224964, -0.4208653977690217, -0.442915234009933, 0.29124527420402685, -0.046510658561456975, -0.13535151668380388], [-0.38794565870099346, 0.2596796135537643, 0.37227273294390967, -0.7776756846508874, 0.12279367932881959, 0.5770048885104614, -0.09664688343164761, -0.4412984216388495, -0.2634186899774225, 0.5641866265369936, 0.7602393087254548, 0.18019501773808455, 0.0943947365327984], [-0.4692254858460419, -0.7125736577571614, -0.4372751482782434, -0.1338780420039929, 0.15760206243108071, -0.2282261019264157, -0.4758946673156299, 0.24927000328173926, 0.2751569229710391, 0.46545726515117825, 0.1415239532881092, 0.7487988700326716, 0.02153905680796215]], "inverted": false, "swapped": true, "error_lsq": 0.04418973618746659, "error_max": 0.23635927222008182, "target": "98.xyz", "model": "7.xyz", "model_rescale": 3.7474275329858107, "target_rescale": 3.972426159275144},
{"mapping": [8, 1, 10, 3, 0, 12, 7, 6, 5, 4, 2, 13, 11, 14], "R": [[0.5694350609987309, 0.585628063244745, -0.5768738881641123], [0.3883889152802724, -0.8101636190118093, -0.43907739741086804], [-0.7244982828087209, 0.02597464090024891, -0.6887870180522555]], "T": [0.010850101757977331, 0.04892216531857893, 0.07566041794056738], "aligned_model": [[0.22754726152512392, -0.6082327015621339, 0.19792101315333346, 0.27059469556107213, -0.06231240977680365, -0.37747675465860825, 0.6198447665606962, 0.5487502141325601, 0.6729416416534453, -0.26078822193596923, -0.4142820210709887, -0.5739862022607777, 0.1997185301827952, -0.03748898975104188], [-0.5075583804730542, -0.14105359926526656, 0.6830136206489319, -0.48809237019238183, 0.030953033187612555, 0.5181766536184669, 0.3515731459482633, 0.05597874810429884, -0.22070991005162535, -0.40764606305400086, -0.6775850564067885, 0.20448571745577945, 0.5395114425046339, 0.022826732867244303], [0.4051783369689902, -0.305715396124704, -0.2960866198082332, -0.3221871302793815, -0.5789674113054437, 0.17386987061890372, 0.03817023136151998, -0.5387919985609417, 0.0314472892083453, 0.6501026863949284, 0.06938102548022756, 0.7403996957335286, 0.407520077200729, 0.09920695788681202]], "inverted": true, "swapped": false, "error_lsq": 0.05150904517420659, "error_max": 0.35461068215250696, "target": "98.xyz", "model": "8.xyz", "model_rescale": 4.019505241142653, "target_rescale": 3.972426159275144},
{"mapping": [3, 10, 0, 8, 7, 6, 9, 4, 2, 5, 11, 12, 13], "R": [[-0.8462539148493119, -0.4590013824251786, -0.2705033133512209], [0.33947182219960353, -0.0732280576159196, -0.937761448082763], [0.41062536883964507, -0.8854125493291671, 0.2177875661182953]], "T": [-0.0689479752291111, -0.11124323191838566, 0.05862089429975969], "aligned_model": [[-0.30426211758145105, -0.5900770327266008, -0.0835087789836505, 0.39275584050048995, 0.40966984288952074, 0.6753963706254048, 0.04118421821689583, -0.25867293344143044, 0.1784545311764732, -0.27462110707166665, -0.3192247911491788, 0.4877079764445704, -0.03510124715820046], [-0.4997229317519834, 0.20110558182645438, -0.021444268249218953, -0.19073086781486132, -0.7524797708323806, -0.14017747349280846, 0.5139331785372042, -0.721100576457612, -0.4276920712807372, 0.12261075930936498, 0.7437366745247908, 0.3480821146011597, -0.11274212080531344], [-0.29006881112667277, -0.254821126901258, -0.6830786778700805, -0.5351875966584463, -0.11426940033996716, 0.07110709881995106, -0.2539367413137611, 0.37018325579422384, 0.6983594841957895, 0.46779377311289794, 0.2560157373014031, 0.37819770950398185, 0.06640878952581729]], "inverted": true, "swapped": true, "error_lsq": 0.049489168041094746, "error_max": 0.26146775190221333, "target": "98.xyz", "model": "9.xyz", "model_rescale": 3.877068213659057, "target_rescale": 3.972426159275144},
{"mapping": [3, 2, 8, 4, 7, 9, 0, 1, 5, 6, 13, 10, 11, 15], "R": [[0.46116772218184443, -0.3543058688968461, -0.8135057979405313], [-0.2919064774506893, 0.8052073253070875, -0.5161702933084557], [0.8379229919508953, 0.47550869028552756, 0.2679114499662207]], "T": [-0.03181985657447188, -0.04972505353557148, 0.12465411879425795], "aligned_model": [[0.24084740560082746, -0.5270132226394666, -0.011781356931850881, 0.06122911358982969, 0.0373449620110307, -0.5176262471853249, 0.612918523025064, 0.6361443727399058, 0.718358971026549, -0.07828162175213126, -0.5793173762202033, -0.35780739205058987, 0.1262431548884454, 0.041491535650618375], [-0.6162429404652827, -0.09689133044771168, 0.6134956667182687, -0.4936659362495244, 0.04350582788982872, 0.3864116731488992, 0.4129323869350427, 0.045030577518992934, -0.2607282111177248, -0.33492733282560216, -0.5889707694428249, 0.2666091908522968, 0.586149736951529, 0.0011651754259263958], [0.21109132522034946, -0.3145659063377625, -0.26912204930908024, -0.37768945044047464, -0.6833129597649407, 0.027586047945682646, 0.18810922325666724, -0.42101223434045354, 0.06378675190485869, 0.6694527415799579, 0.20890980003366855, 0.6695169932880535, 0.4642636173274469, 0.13651371441130694]], "inverted": false, "swapped": false, "error_lsq": 0.038460030134743514, "error_max": 0.26829946165052737, "target": "98.xyz", "model": "10.xyz", "model_rescale": 4.260839863003843, "target_rescale": 3.972426159275144},
{"mapping": [2, 4, 3, 7, 8, 6, 12, 5, 10, 0, 9, 13], "R": [[0.8912224035745435, -0.4343062339332183, -0.13076973095314748], [-0.3087213712519252, -0.36963291682283766, -0.8763918197549384], [0.33228563360329755, 0.8214314347331652, -0.4635047526542411]], "T": [0.12030337630591266, -0.04514973574556589, -0.006306579456296681], "aligned_model": [[0.3090755257741607, 0.1651234145574179, -0.18674331068640299, -0.546190562341632, -0.5846073775643967, -0.27057542784897803, 0.2717744649782352, 0.6294432377645981, 0.30744519442750695, -0.3666172906371023, 0.12311204544945403, 0.10765873522126887], [-0.1091936558870383, -0.6226813459599472, -0.4947704121407608, -0.2042585132577585, 0.1983888338519322, 0.4306516308598727, 0.6715590205213999, -0.004577855145983585, -0.16385607555164444, 0.004793184740731253, 0.49060455639323197, -0.023580862891101086], [-0.7349194968477986, -0.41793875620081183, 0.1709991249335007, -0.4542134841857387, 0.11973712665449057, -0.42567326964906116, -0.30017735257228095, -0.06582208256052316, 0.640431328409477, 0.5583243575601119, 0.4558907481389384, -0.03046016628479995]], "inverted": true, "swapped": true, "error_lsq": 0.04922911622936934, "error_max": 0.23669787263498668, "target": "98.xyz", "model": "11.xyz", "model_rescale": 3.890672605050136, "target_rescale": 3.972426159275144},
{"mapping": [9, 1, 4, 11, 2, 0, 12, 10, 9, 5, 6, 8, 7, 13], "R": [[0.23875895835515132, -0.45380273397374654, -0.8585203774186823], [-0.879772861145734, 0.27317778476475657, -0.38906761713418136], [0.41108864323478067, 0.8481963077902273, -0.3340196863276383]], "T": [-0.09195357440836399, -0.01900624472256617, 0.038226760193493727], "aligned_model": [[0.38029888423534325, -0.726746651269701, -0.02725659100136449, 0.08870135045469263, 0.05105663428456858, -0.5967831965940404, 0.5925513519348404, 0.6312168303786716, 0.38029888423534325, 0.31314414644753696, -0.4089638750340765, -0.49554141541363533, 0.22952161689643447, -0.008747147801910424], [-0.5850586457926226, -0.13150540363854515, 0.5740418892482181, -0.3386867582171146, 0.11905856202539773, 0.2710849392387684, 0.24341187573015466, 0.13434962192749234, -0.5850586457926226, -0.06132984756034347, -0.4881300412363285, 0.11277926855708441, 0.5746735315211989, 0.12424336888137603], [0.28799207117402065, -0.397295890425682, -0.3294215159577035, -0.37156627453237556, -0.644452024458512, -0.06020442032870733, 0.1713503216505798, -0.4648110597035065, 0.28799207117402065, 0.700855412634093, 0.1453980099915012, 0.6204127089422213, 0.5589591242070027, 0.06831908040832879]], "inverted": true, "swapped": false, "error_lsq": 0.0483415955237065, "error_max": 0.4015729681424693, "target": "98.xyz", "model": "12.xyz", "model_rescale": 4.124412569039231, "target_rescale": 3.972426159275144},
{"mapping": [3, 7, 2, 0, 4, 1, 8, 10, 6, 9, 5, 12, 13], "R": [[-0.5502913925254058, 0.8067443642839538, -0.21527404397309302], [0.7866128010599529, 0.5873620467873946, 0.19038415691001587], [0.28003514872434276, -0.06457055590439018, -0.9578157227719398]], "T": [0.1548055301549488, 0.0528893295822523, -0.034400489473015584], "aligned_model": [[-0.17035047023350391, -0.1176093288693037, 0.7343899357141319, -0.5711737857350382, 0.4646707179170285, 0.5227941130206157, -0.5057979971912718, -0.06080554882149858, 0.0515103837319002, -0.14314077968981748, 0.6006077797453266, 0.4049755034832345, 0.15722778443795388], [-0.21589493389056286, 0.5274442416104735, 0.4109515194289701, -0.08096550217800601, -0.05810956814085243, -0.6280158975552674, 0.41971072469324017, -0.5243236333589086, 0.7906476169354263, 0.08449651258595073, -0.09703700386972398, 0.6310130019008975, 0.08756829834684055], [0.3527717313344083, 0.5744822157275299, 0.2919225353758092, -0.15029286693287278, 0.5954053978244412, 0.12416045634044512, -0.0006030724074261098, -0.33057650927527427, -0.04358868905436706, -0.6754121135767728, -0.24223220006865714, -0.5099664336435737, -0.03437237067585057]], "inverted": false, "swapped": true, "error_lsq": 0.04660586740074395, "error_max": 0.26828070070366344, "target": "98.xyz", "model": "13.xyz", "model_rescale": 3.9028299243045295, "target_rescale": 3.972426159275144},
{"mapping": [12, 6, 7, 11, 9, 3, 10, 14, 13, 8, 2, 0, 4, 15], "R": [[0.6131895922368235, 0.229251100476482, 0.7559381303405462], [-0.46498450060151997, -0.668854376657649, 0.5800200315732754], [0.6385827574972517, -0.7071617606716517, -0.3035363340211125]], "T": [-0.027320718155392994, -0.06277268433814123, 0.09675607310204198], "aligned_model": [[0.31077517847508956, -0.4890993052084676, 0.020889455399228433, 0.17746150069513716, 0.04539505480656719, -0.5078052506420468, 0.513498268788723, 0.6769116296688946, 0.7396411663417078, -0.046612983657360274, -0.6058589780040341, -0.45165939651659076, 0.039576306873658706, -0.020361825267803755], [-0.6649425630736467, 0.01581610356278472, 0.7066417541320468, -0.50060853301149, 0.14228836680613133, 0.332052726159076, 0.4369461021814992, -0.11654961084787094, -0.22385607380034936, -0.42154114419569544, -0.4390085583105301, 0.18448472864696344, 0.5174305102118527, -0.005280093568657621], [0.1823299638993115, -0.37757777684413935, -0.37895934274719156, -0.46201105262840786, -0.647225000669202, 0.14076691841245115, -0.01791109660687061, -0.4363625771401079, 0.23267134510359694, 0.7804374025683833, 0.3534461948117083, 0.7646010154466814, 0.4406344163558054, -0.0013127951867382553]], "inverted": false, "swapped": false, "error_lsq": 0.04550265279367004, "error_max": 0.26560663745684854, "target": "98.xyz", "model": "14.xyz", "model_rescale": 3.942246331269136, "target_rescale": 3.972426159275144},
{"mapping": [12, 7, 5, 0, 2, 6, 3, 1, 12, 13, 8, 11, 4, 14], "R": [[0.0705472427860592, -0.9606689040948181, -0.26858582099683925], [0.9530321882757552, 0.14441694171079164, -0.26622057594638954], [0.2945381717971549, -0.23718980511852358, 0.9257366049272475]], "T": [-0.06389273965115738, 0.1729907751332252, 0.08250977171873491], "aligned_model": [[0.5471959325065222, -0.6845509061782803, 0.2504837119443019, -0.10547577662155921, -0.09944738117726523, -0.6222300551945104, 0.6262104500328876, 0.6207109619028265, 0.5471959325065222, 0.1893670721052617, -0.5175939094160344, -0.4624040170063728, 0.1465995817370809, -0.033310775388677744], [-0.34285369315527287, -0.013307040094169276, 0.4266704551542291, -0.35340976425735776, 0.1111440251624218, 0.16493626919089707, 0.3710543263777014, -0.049720888781159656, -0.34285369315527287, -0.19560963387333757, -0.4526235323595655, 0.07408154900996097, 0.45797846646167534, 0.10838686921136362], [0.2514813002656153, -0.4752142393241185, -0.4069732461846477, -0.42924290881540655, -0.6774630999178028, 0.11387785014710136, 0.11531751100355031, -0.2894562514012384, 0.2514813002656153, 0.7614229125067256, 0.1225461689353845, 0.6703165014054251, 0.5495632754530237, 0.015870540436052863]], "inverted": false, "swapped": false, "error_lsq": 0.053399276250420354, "error_max": 0.4244337261095392, "target": "98.xyz", "model": "15.xyz", "model_rescale": 4.355366556412066, "target_rescale": 3.972426159275144},
{"mapping": [3, 8, 7, 5, 4, 10, 2, 11, 6, 9, 12, 13], "R": [[0.8291914852678695, 0.1195295421090685, 0.5460349524732467], [-0.42752154373239604, 0.764930874173441, 0.48177389653334696], [-0.3600927802718812, -0.6329245186429829, 0.6853756220472209]], "T": [-0.13001293346531764, -0.043785698225283214, -0.021682836168150716], "aligned_model": [[-0.31248364223225183, 0.47842669203342914, 0.21046031824352016, -0.40470571844747094, -0.5576855436448298, -0.4156819016675961, -0.2082191469186318, -0.2215150113967335, 0.5317398423500568, 0.22970393195364777, 0.3702872204756513, -0.10251848611701032], [-0.5863764234721277, -0.4845635488796043, -0.5345181886080045, 0.39032318169610597, -0.2316609701548927, -0.13661223811180223, 0.25765602814124494, 0.63215174583451, 0.035709515032002294, 0.14382555532715866, 0.561732311813966, -0.034890540877576065], [-0.008511702489244839, 0.06557156285704131, -0.5815131286615391, 0.0007877086283259553, -0.557212168937821, 0.59245041547155, -0.7098906574650079, 0.584394543796207, -0.3545572503459598, 0.5580349521369129, -0.09928862712382631, -0.041007186657216685]], "inverted": false, "swapped": true, "error_lsq": 0.04178052062954949, "error_max": 0.23447508394110875, "target": "98.xyz", "model": "16.xyz", "model_rescale": 3.795458400668931, "target_rescale": 3.972426159275144},
{"mapping": [9, 0, 8, 11, 6, 3, 10, 12, 5, 4, 7, 2, 13], "R": [[0.8780174065846511, 0.31445455711736015, 0.36083758845564917], [0.46252087617690507, -0.3634982072817385, -0.8086677268220308], [-0.12312543536942984, 0.8769192578630527, -0.464599550531424]], "T": [-0.1673430158964871, 0.09539997084369063, 0.00797320028658206], "aligned_model": [[0.03096315182663195, -0.056805463031869646, 0.3778107269697221, -0.39142106902897733, 0.5619733689415121, -0.3676935246491919, -0.610483026655666, 0.35868516935224964, -0.4208653977690217, -0.442915234009933, 0.29124527420402685, -0.046510658561456975, -0.13535151668380388], [-0.38794565870099346, 0.2596796135537643, 0.37227273294390967, -0.7776756846508874, 0.12279367932881959, 0.5770048885104614, -0.09664688343164761, -0.4412984216388495, -0.2634186899774225, 0.5641866265369936, 0.7602393087254548, 0.18019501773808455, 0.0943947365327984], [-0.4692254858460419, -0.7125736577571614, -0.4372751482782434, -0.1338780420039929, 0.15760206243108071, -0.2282261019264157, -0.4758946673156299, 0.24927000328173926, 0.2751569229710391, 0.46545726515117825, 0.1415239532881092, 0.7487988700326716, 0.02153905680796215]], "inverted": false, "swapped": true, "error_lsq": 0.04418973618746659, "error_max": 0.23635927222008182, "target": "98.xyz", "model": "17.xyz", "model_rescale": 3.7474275329858107, "target_rescale": 3.972426159275144},
{"mapping": [6, 7, 10, 9, 12, 11, 8, 5, 4, 0, 2, 1, 3, 13], "R": [[-0.16601146211535028, -0.9371178108468221, 0.30700228507290217], [-0.9196977827469197, 0.03480624063179699, -0.3910812115449694], [0.3558035734175856, -0.34727328461420887, -0.8676434077064927]], "T": [-0.016247518787610552, 0.035335076682675125, 0.0346868717826265], "aligned_model": [[0.19464426284908837, -0.6793872397795148, 0.23450520006758152, 0.08557848566194826, -0.09221988421198346, -0.4859428728537573, 0.5668784065538217, 0.52515835300075, 0.7202694968154824, 0.2020736040444575, -0.3239374525818141, -0.4913331789882088, -0.0329124432999153, -0.02062391552523296], [-0.7033619497737972, -0.10563285538038389, 0.6173492461319185, -0.4920250925545234, 0.05032791330602517, 0.5647945250541094, 0.32199725337125873, 0.11270695742155609, -0.33961893021491113, -0.26151685157873783, -0.5182285617445576, 0.15386682495140677, 0.607374781177329, -0.04415954527457928], [0.10433004088625539, -0.2936316239024954, -0.23884914231879453, -0.36437062103767714, -0.7091144039996287, -0.10952002370073013, 0.3423285511265697, -0.4387190964246904, 0.1132871291560221, 0.7852581280892446, 0.35519728762367997, 0.5233199211497321, 0.3994909809726167, 0.10452048715517662]], "inverted": false, "swapped": false, "error_lsq": 0.04978136879841632, "error_max": 0.341059829552804, "target": "98.xyz", "model": "18.xyz", "model_rescale": 3.922800546911778, "target_rescale": 3.972426159275144},
{"mapping": [4, 12, 0, 8, 5, 3, 2, 1, 6, 11, 13, 7, 9, 14], "R": [[0.2004681302835005, -0.5933145141496239, -0.7796091431223943], [0.20266670067822806, 0.8036646271752756, -0.5595081549570364], [0.9585086004709814, -0.045837259152587906, 0.281354240232024]], "T": [0.07864810384113352, -0.06388687826900241, 0.01237375605154684], "aligned_model": [[0.3142016548051255, -0.6704849341733354, 0.07452286817029513, 0.07331071683149773, -0.14743403088472873, -0.2702764350772076, 0.4855321869789465, 0.6617811333226251, 0.6584553917563489, -0.05139435022460495, -0.34369692962731857, -0.5307286593830061, 0.13493664194394112, 0.014025567314124285], [-0.6329393151103918, -0.025952245197702006, 0.6533480117217317, -0.5457935156760272, 0.07673173783937448, 0.4719178289697693, 0.47723190198496457, 0.10532559567236605, -0.4334009975692865, -0.2434472684030768, -0.5530921512805855, 0.16191408647853534, 0.47568890700189004, -0.023658861539447892], [0.3925855231567954, -0.2242159722450795, -0.4165781418199019, -0.36462512875394254, -0.7029212833184164, -0.005352648730660676, 0.24639249746630337, -0.41107167434796227, -0.04285844860524636, 0.6891976912106577, 0.2450035486026727, 0.4770079173227643, 0.619360377273574, 0.07160335756372291]], "inverted": false, "swapped": false, "error_lsq": 0.042354119821564874, "error_max": 0.2533283493411627, "target": "98.xyz", "model": "19.xyz", "model_rescale": 3.9282355846067225, "target_rescale": 3.972426159275144},
{"mapping": [8, 11, 1, 4, 0, 10, 5, 3, 6, 7, 9, 12, 2, 13], "R": [[0.004432574061718611, -0.19480735095422783, 0.9808315086197953], [-0.33807967972000275, 0.9227936487827697, 0.18480804075202623], [-0.9411070515343128, -0.33241837762130205, -0.061770055625794316]], "T": [0.0780510250049236, -0.08321300114386136, 0.10564530354776544], "aligned_model": [[0.04727123352816705, -0.46597801099303787, 0.21116236341959072, 0.1278319477796444, -0.102332577754037, -0.59447873146184, 0.6614908833427133, 0.5690436524522229, 0.6761649408787689, 0.13946896951032867, -0.46350115087594584, -0.5332613214480741, 0.08630793306234487, 0.04356069031185673], [-0.842789990049208, -0.2152726833239258, 0.555656508482241, -0.4302924432102617, 0.16429252385992515, 0.4552212632054215, 0.2939390252057808, 0.06066036316722469, -0.2985404985226723, 0.034623627971120174, -0.4753522909543063, -0.09123488040216025, 0.7035941622591345, 0.04936902720379975], [0.07886879350033868, -0.34151889410180436, -0.26263165413784906, -0.4201165870095338, -0.6335432780368908, 0.10048597870169901, 0.17666947529042346, -0.44624396430926017, 0.2564361075369243, 0.7142832429757738, 0.2827691117256621, 0.696430552005156, 0.3497406157660466, 0.021898114868594998]], "inverted": true, "swapped": false, "error_lsq": 0.049903689248303636, "error_max": 0.3273173022559803, "target": "98.xyz", "model": "20.xyz", "model_rescale": 4.067790424073018, "target_rescale": 3.972426159275144},
{"mapping": [4, 0, 9, 8, 7, 12, 13, 1, 5, 6, 2, 3, 11, 14], "R": [[0.4936981619712481, -0.6234915224917822, -0.606234646194929], [-0.7843690584104924, -0.01821971832779995, -0.6200267914149302], [0.37553602367076433, 0.7816177859062159, -0.49804249987387217]], "T": [0.057221813907743446, -0.0006431072508157319, 0.07457637212500301], "aligned_model": [[0.17564998744583105, -0.5426042494551653, 0.06468012945024286, 0.179082661889179, -0.05083018620931962, -0.3641499319282733, 0.6550675000491064, 0.5743571720005407, 0.568109722071213, 0.09067327154186607, -0.4385174179461661, -0.6215335814614702, 0.03541794559078598, 0.07734779871433226], [-0.7827594071972963, -0.20641843956491443, 0.583804468718407, -0.383025590711564, -0.0041039126451369295, 0.6385614403659031, 0.3058069010188825, 0.18699356231202907, -0.29368259928646046, -0.27578988646535413, -0.4993414172387183, 0.15726224216407678, 0.46265591698097686, 0.07391043644128248], [0.20396476343866884, -0.24530366139152782, -0.4376885046153981, -0.3305180203277802, -0.6636490306521643, 0.04495771221439081, 0.27153431959314267, -0.534249221066033, 0.03473264918485393, 0.7606756015119701, 0.31801946846383455, 0.5625333687283542, 0.5250326513036083, 0.06348551838936083]], "inverted": true, "swapped": false, "error_lsq": 0.047173125074487135, "error_max": 0.3593887386419551, "target": "98.xyz", "model": "21.xyz", "model_rescale": 4.186013935880536, "target_rescale": 3.972426159275144},
{"mapping": [0, 8, 9, 1, 4, 10, 3, 7, 12, 6, 2, 5, 13], "R": [[-0.8396552430450844, -0.13419135920099898, 0.5262810579364311], [0.27980698304507245, 0.7236274698763997, 0.6309289477266795], [-0.46549664345311365, 0.6770199140025861, -0.5700499197244187]], "T": [0.07130160095604034, -0.04368719232541057, 0.04632127376323644], "aligned_model": [[0.06691446348419806, -0.34670378712685007, 0.4477345092004801, 0.4791384695966653, -0.24333866386063818, 0.6047183615764539, -0.11796534374976893, -0.7423244230679433, 0.10940918200229267, -0.41833510313891187, -0.2565418219515723, 0.42616814414380655, 0.04970004831501357], [-0.29317659243280214, 0.023460535907341443, 0.26000503901114386, -0.547372124595428, -0.3982126309059082, -0.3791707257738289, -0.5666920322697637, -0.10931650326689421, 0.7446164656917258, 0.495777059448176, 0.21382902403049686, 0.09166225640552031, -0.01645311170368613], [-0.6580436305994211, -0.5804640960250178, -0.4701438402765574, 0.49816159575928887, 0.5757604701895177, -0.21882120669736124, -0.0897584619827646, -0.015774259215559555, 0.05632718844960563, -0.10948572192627345, 0.6762557305773268, 0.3929649443898666, 0.04590084869269534]], "inverted": false, "swapped": true, "error_lsq": 0.052988506597936684, "error_max": 0.4030586797140078, "target": "98.xyz", "model": "22.xyz", "model_rescale": 4.166573947596378, "target_rescale": 3.972426159275144},
{"mapping": [4, 11, 14, 3, 9, 12, 7, 8, 0, 1, 2, 6, 5, 15], "R": [[-0.9189386531416943, -0.28700168706274026, 0.27052131780188793], [0.00022796641521513616, 0.6855184843666319, 0.7280551872097264], [-0.39440043077238474, 0.6690997229223886, -0.6298840059818478]], "T": [0.01412344124816436, 0.06922855174855341, -0.03834953013074719], "aligned_model": [[0.32565525626240477, -0.6259676482556752, -0.18225514976754403, -0.11376165260215568, 0.010630491743528364, -0.58168958779611, 0.6382797193347383, 0.6486402057823382, 0.638405115941773, 0.08492470777733696, -0.3118233317229685, -0.44063171899889686, 0.28717633002557613, 0.025168084028357348], [-0.5893614331161643, -0.13154192785377672, 0.7816009849361611, -0.4475378174628721, 0.10552419068634583, 0.3408930022265026, 0.3448447001560095, -0.2531093756840272, -0.20149281936555125, -0.18180966079663574, -0.4302942594638081, 0.10529773157393318, 0.4576519161979861, 0.0632084828580102], [0.056838039616662415, -0.45316025695015094, -0.32108390838231093, -0.3176783228446383, -0.6376154078344168, -0.06256968695967245, 0.1757867043378039, -0.42249257156809833, 0.4130240321232435, 0.6250252186855784, 0.2731707765224402, 0.5707517672428983, 0.6440223560731316, 0.029508874712810156]], "inverted": false, "swapped": false, "error_lsq": 0.04944547247883196, "error_max": 0.2767059309576337, "target": "98.xyz", "model": "23.xyz", "model_rescale": 4.274766983524099, "target_rescale": 3.972426159275144},
{"mapping": [12, 9, 11, 5, 10, 1, 2, 3, 7, 0, 13], "R": [[0.9960277558088577, 0.06067127397453711, 0.06517442882509707], [0.001662014702736702, -0.7444807048466282, 0.6676419083746884], [0.08902778984956818, -0.6648815508234341, -0.7416242822407628]], "T": [0.012897427556225749, 0.01362504968148262, 0.08989719666454042], "aligned_model": [[0.2641454690423788, 0.05581646554243352, -0.5154078694995303, -0.38473316182963935, -0.41938558842642487, -0.70843833713558, 0.08257079050385481, 0.03856642230320456, 0.6767420361600067, 0.24952146316236087, 0.040497014135010764], [-0.07034330669213826, 0.6047061060731116, 0.3828433812638461, -0.14948426940054463, 0.5276111750693967, -0.14401014479697863, -0.7217381427695032, 0.11016814975243255, -0.289745432898871, 0.6644868400322037, 0.0010921756105282104], [-0.6536071409706821, -0.2966879307743894, -0.5559860635138599, -0.19240908301154508, 0.21769717190817262, 0.370993192790711, -0.0682164624404459, 0.6537183260855315, 0.4606087483678924, 0.37057872771686867, 0.07287694786332351]], "inverted": false, "swapped": true, "error_lsq": 0.04339857311469633, "error_max": 0.21106386246004374, "target": "98.xyz", "model": "24.xyz", "model_rescale": 3.7841303162186577, "target_rescale": 3.972426159275144},
{"mapping": [1, 10, 12, 8, 9, 13, 5, 2, 4, 6, 7, 11, 3, 15], "R": [[0.3990103170027859, 0.9120729525464286, -0.09441237291042132], [0.17736323074551852, -0.1777889754866035, -0.9679531830491266], [-0.8996293966433335, 0.36947802293054455, -0.23270784100774877]], "T": [-0.06882530924567144, -0.10257959677961438, -0.02899752604077812], "aligned_model": [[0.344196351259591, -0.7737552534960704, 0.13325708829231014, 0.2357138472369013, -0.06724400968328402, -0.3238257635115973, 0.6140175087386961, 0.5654903161694232, 0.5942425639334828, 0.038643127030813615, -0.5186086706486792, -0.5848428279389427, 0.20249458188348557, -0.05702803751342706], [-0.7162751226782251, -0.2142512233654621, 0.5836225620606795, -0.4947088367708869, 0.09366949126610512, 0.6131102013226329, 0.4455904069689852, 0.010979610144194588, -0.14311192376454818, -0.17872985970060568, -0.4746923408442217, 0.13937854343133949, 0.3953036285633108, -0.0960114217411844], [0.04733924916427621, -0.33860748517000067, -0.2809126074399607, -0.3498531710770048, -0.5800188536307735, 0.15745053237650966, 0.0217378497941497, -0.42084063470075517, 0.31071186282743446, 0.6814094875115797, 0.2574158004822358, 0.48540479505622247, 0.5432783674170362, 0.03901242216433163]], "inverted": true, "swapped": false, "error_lsq": 0.04860551055129258, "error_max": 0.35221496937969166, "target": "98.xyz", "model": "25.xyz", "model_rescale": 4.19342608120988, "target_rescale": 3.972426159275144},
{"mapping": [3, 8, 7, 5, 4, 10, 2, 11, 6, 9, 12, 13], "R": [[0.8291914852678695, 0.1195295421090685, 0.5460349524732467], [-0.42752154373239604, 0.764930874173441, 0.48177389653334696], [-0.3600927802718812, -0.6329245186429829, 0.6853756220472209]], "T": [-0.13001293346531764, -0.043785698225283214, -0.021682836168150716], "aligned_model": [[-0.31248364223225183, 0.47842669203342914, 0.21046031824352016, -0.40470571844747094, -0.5576855436448298, -0.4156819016675961, -0.2082191469186318, -0.2215150113967335, 0.5317398423500568, 0.22970393195364777, 0.3702872204756513, -0.10251848611701032], [-0.5863764234721277, -0.4845635488796043, -0.5345181886080045, 0.39032318169610597, -0.2316609701548927, -0.13661223811180223, 0.25765602814124494, 0.63215174583451, 0.035709515032002294, 0.14382555532715866, 0.561732311813966, -0.034890540877576065], [-0.008511702489244839, 0.06557156285704131, -0.5815131286615391, 0.0007877086283259553, -0.557212168937821, 0.59245041547155, -0.7098906574650079, 0.584394543796207, -0.3545572503459598, 0.5580349521369129, -0.09928862712382631, -0.041007186657216685]], "inverted": false, "swapped": true, "error_lsq": 0.04178052062954949, "error_max": 0.23447508394110875, "target": "98.xyz", "model": "26.xyz", "model_rescale": 3.795458400668931, "target_rescale": 3.972426159275144},
{"mapping": [4, 5, 1, 3, 0, 6, 2, 7, 12, 10, 8, 9, 13], "R": [[-0.9929119817480128, -0.07177881088807227, 0.09472908111413422], [0.11883443446176463, -0.6132654413466445, 0.7808865958870453], [0.0020429604466148665, 0.7866087342239466, 0.6174483991032886]], "T": [-0.024747466011951047, -0.07698176620099965, -0.03942421466417238], "aligned_model": [[-0.019673036903844754, 0.3803252387295039, 0.6380043337289465, -0.10152323704314609, -0.21459496598963249, -0.6637684442948995, -0.1605774688362234, -0.7560799470789543, -0.19995203946157306, 0.4469291953967411, -0.6416281790413363, 0.04376100895745784, -0.05154607534178321], [-0.7146973722862972, -0.24363419385761625, -0.3716175425862278, -0.06982220466939064, 0.5457489390555664, -0.08265724732834014, -0.7616267819481876, -0.34566197148811234, -0.006382928339524738, 0.34812335931668115, 0.3379766409658013, 0.5689918813433611, -0.08285907492079944], [-0.3529297193711844, 0.2299354767540192, -0.352695519149619, -0.6068111682553103, -0.4062464082700695, 0.34353998610748065, 0.24940920489976232, -0.2906494483945976, 0.7269269612597973, -0.2927815433751386, -0.17858213886432106, 0.24109593673190655, -0.01807495797329965]], "inverted": false, "swapped": true, "error_lsq": 0.04162163788813828, "error_max": 0.2841003969456358, "target": "98.xyz", "model": "27.xyz", "model_rescale": 3.6321398670334006, "target_rescale": 3.972426159275144},
