[{"mapping": [0, 6, 4, 1, 8, 3, 2, 13, 7, 10, 11, 5, 9, 16], "R": [[0.5684800744381101, -0.6209486447592604, -0.5396787799594116], [-0.7697735216659597, -0.6329519522124669, -0.08258663047015385], [-0.290308681077276, 0.46237928885501045, -0.837810397959531]], "T": [0.011858545536055039, 0.09011929960132392, 0.23063804619439443], "aligned_model": [[0.11568160860283144, 0.3437493294698518, -0.4952531752459698, -0.36118620472905316, -0.6470328441319511, -0.13639423417515367, -0.5773614561773285, -0.12594349980173813, -0.24416313523551186, 0.1958704343388586, 0.6165923529329314, 0.029290661368862693, 0.5856302342444628, 0.07201202966721106], [-0.7096290087624691, -0.30694850270535173, -0.3496470574324251, -0.392867236877132, 0.42938965055692196, 0.25174004759477153, 0.37136645354361486, 0.14487872957467116, 0.7075187372472738, -0.22948041768409055, 0.6956529616410267, 0.6411425723464125, -0.14101459688980442, 0.1231709996566149], [0.18553851003356714, -0.31384010520543004, 0.506649139445875, -0.23166968806376842, 0.4097964577382498, -0.5790641838469179, -0.1301030506246117, 0.7498873102176595, 0.21156108471491203, 0.6450312147377224, 0.31264697176449685, -0.24809088783743405, 0.23705865718502156, 0.1421866569204912]], "inverted": true, "swapped": true, "error_lsq": 0.049652722201815, "error_max": 0.31280301211034606, "target": "981.xyz", "model": "0.xyz", "model_rescale": 3.8414455957264533, "target_rescale": 4.206899206436339},
{"mapping": [5, 11, 8, 15, 7, 13, 4, 2, 0, 1, 10, 14, 9, 6, 16], "R": [[-0.39774621016665657, -0.8972552355614443, 0.1916533186658638], [-0.9174908984774091, 0.38830986832242076, -0.0861736466359701], [0.0028988806768494857, -0.21011541690461832, -0.977672290734385]], "T": [0.03353949544100983, 0.011212674068850969, -0.06636940418463727], "aligned_model": [[-0.6635546994459364, -0.5860894918466869, -0.025268251176286838, -0.28089305127208575, -0.44685586410609324, 0.2567463341461818, 0.6533557965950548, -0.23966540647935258, 0.6755608084943766, 0.32032943292953575, 0.4565679225910229, -0.35160129379290134, 0.10427247054985159, 0.048343658111768606, -0.04920421179390386], [0.014070445192721562, 0.11868321890541375, -0.7121416655787783, -0.41221449464219523, -0.45095685631941274, -0.38210761692214235, -0.2893438667477958, -0.35539085146772886, 0.4828944264886681, 0.20940546403910942, 0.07774671708968295, 0.7181709211948855, 0.5268927002150974, 0.7166702403252253, 0.08466574627026409], [0.15080203649643165, -0.6525515069909693, 0.16738285589818297, -0.6751544858834677, -0.014285617876188428, -0.36147218781940943, 0.1621746579284884, 0.5230160788269254, 0.06680533567483904, 0.6152741764598664, -0.4189970032000279, -0.13916754259789935, -0.4006582164144531, 0.19127618265873225, -0.0492629758215158]], "inverted": false, "swapped": true, "error_lsq": 0.03599653067497567, "error_max": 0.24050126822217086, "target": "981.xyz", "model": "1.xyz", "model_rescale": 4.316132596720782, "target_rescale": 4.206899206436339},
{"mapping": [4, 2, 1, 12, 0, 13, 14, 15, 3, 8, 5, 16], "R": [[0.4843269395169789, 0.34108345438610027, -0.8056609043525459], [0.13669333945686618, 0.8800634449334017, 0.4547562686099924], [0.8641425499338907, -0.3303791912878271, 0.3796145984518439]], "T": [-0.12926160250172025, 0.028707156521043546, -0.053559333652799516], "aligned_model": [[-0.29721231590054675, 0.5608940292007345, 0.1243972243128495, -0.7141373284625159, -0.5673951323787534, -0.39136700689023257, -0.10138998030567536, -0.25798035649032197, 0.5894041468304494, 0.2522491606101699, 0.48110850813738903, -0.08076239403176577], [-0.6374248936658378, -0.20024931125990764, -0.5820810031717834, 0.5117213555929672, -0.4574420249509868, -0.02424324114173599, 0.49122847633312483, 0.5746831795873701, 0.02479043505288047, -0.2019733555901029, 0.4201855959276008, 0.09358121502739111], [0.18053363786442933, 0.11280908535932474, -0.439255904590154, 0.0891455910862235, -0.5269603651987858, 0.41559395626071627, -0.7159188742824512, 0.5244712312332516, -0.48625097239534304, 0.5649679574225506, -0.1390279101389868, -0.13084897141135426]], "inverted": false, "swapped": true, "error_lsq": 0.04373708780801241, "error_max": 0.2522159589189034, "target": "981.xyz", "model": "2.xyz", "model_rescale": 3.795458400668931, "target_rescale": 4.206899206436339},
{"mapping": [5, 8, 15, 10, 14, 9, 13, 1, 4, 0, 11, 16], "R": [[0.7130513002305033, 0.40229516465209614, 0.5742094075658561], [0.6677029147181853, -0.6394536103739036, -0.3811455074595783], [0.21384728409878923, 0.6551775947613919, -0.7245768823294385]], "T": [0.07047417942570053, -0.04290874010781512, 0.01798958848416539], "aligned_model": [[-0.16075020626556616, -0.20648405655869226, -0.7213842458655482, 0.10598085737183088, 0.20478419008080298, 0.1753778074259934, -0.215554749083929, 0.771154505139772, 0.3843799675272096, 0.757634165000242, -0.579308346425185, 0.07747393739663495], [0.012839686456974975, -0.7470349348197002, -0.00977602634112415, 0.09218282533370056, 0.6701110793999123, 0.537610111111014, -0.2709022970712313, -0.293132216575157, -0.55384116091541, 0.12894363406543946, 0.4901031247015786, 0.02866521994371253], [-0.6723286819140717, -0.07603385691144814, 0.16165631012806514, 0.5548467365346142, -0.33836208850735033, 0.2041914824807347, 0.4152479264681404, -0.16257096716558872, 0.4268295171789784, 0.4061757152757466, -0.16306421185251202, -0.06781645107620812]], "inverted": true, "swapped": true, "error_lsq": 0.0453038213694713, "error_max": 0.24160828629220032, "target": "981.xyz", "model": "3.xyz", "model_rescale": 3.7530521520055578, "target_rescale": 4.206899206436339},
{"mapping": [2, 4, 1, 0, 3, 10, 5, 13, 11, 9, 16], "R": [[-0.9164706939634026, 0.12254106662758112, -0.38087419720429205], [-0.39992931276810684, -0.25261967648091543, 0.8810447456534245], [0.011747846401319817, 0.9597744454008204, 0.28052629477551416]], "T": [-0.1430133638743482, 0.0046245256195288145, 0.03908243558183974], "aligned_model": [[-0.327629254035668, -0.22874843229092715, 0.32610971272999717, 0.4539109824108282, 0.2120559483797847, -0.12619812521731044, -0.1922569071492875, -0.5663392617206959, -0.35814164430872875, 0.22992093734022107, -0.08448435369300801], [-0.6946949762497314, 0.10539110380274877, -0.3498490378228138, 0.34387831233469146, -0.7384050627669626, 0.5375026416301979, -0.5572156265647762, 0.2914076608673681, 0.15620406549689558, 0.4139253006217562, -0.040941023035027876], [-0.14335527532029524, -0.6745242239274224, -0.45126321097014976, -0.3863570387604873, 0.19892820025989985, -0.11416316426004094, 0.5027877675412786, -0.13457934665302765, 0.8575217574579393, 0.31489203598787985, 0.12294327588974223]], "inverted": false, "swapped": true, "error_lsq": 0.04712253434908018, "error_max": 0.285712292635549, "target": "981.xyz", "model": "4.xyz", "model_rescale": 3.7855080009869324, "target_rescale": 4.206899206436339},
{"mapping": [11, 12, 14, 2, 13, 3, 1, 9, 15, 4, 6, 5, 7, 8, 0, 10, 16], "R": [[0.8668130246146519, 0.43176654389660946, -0.24942500261596934], [-0.19864286535633752, -0.15980131859383906, -0.9669563333567316], [-0.45735783846067735, 0.8877168411983901, -0.0527505208631099]], "T": [0.006016841042797203, 0.033675595937316734, -0.012705524705302309], "aligned_model": [[-0.5861736011919538, -0.2667196673584086, 0.3068103996014915, 0.05145315971650159, -0.0006543860242532477, 0.26153947200075034, -0.6575244788330931, 0.5930795732391319, 0.7393107849836432, -0.5902146983417135, -0.36721821876021615, 0.001816197977581921, -0.06745797437577836, 0.36693763518792843, -0.4238108610216823, 0.5707751451836637, 0.03511488388264461], [-0.48443482934326443, -0.30602662135699954, -0.11699025597397869, 0.445934443782186, -0.6891437245600952, 0.6584123034730779, 0.22242988154944016, 0.3197446866063065, -0.33956204890002734, 0.2755634705207011, -0.3018492802017238, 0.7404287464227851, 0.1815670239077639, -0.4070501383052151, 0.6810276876114716, 0.24855160182585093, 0.03636432681932767], [-0.12806711121366024, -0.5354697770797325, -0.5996641558968968, -0.6240678320956862, -0.0612376122400258, -0.17650063063018268, -0.3244565078148801, -0.29631765963438905, -0.060577843865833966, 0.35198474310843786, 0.4046620778858489, 0.3817378596935327, 0.7181152802174755, 0.400582367076745, -0.0809499330006275, 0.3945298299381862, -0.0577924055568281]], "inverted": false, "swapped": false, "error_lsq": 0.033420059908117174, "error_max": 0.2099047539827077, "target": "981.xyz", "model": "5.xyz", "model_rescale": 4.2253639853439635, "target_rescale": 4.206899206436339},
{"mapping": [15, 2, 0, 10, 4, 6, 9, 12, 3, 7, 1, 14, 11, 16], "R": [[0.5094409871325025, 0.4190392364589785, 0.7515823301125019], [0.3060543123294123, 0.7280738676306264, -0.6133834047135214], [-0.8042391674956101, 0.542507660389471, 0.2426619044776307]], "T": [0.045590701553443136, -0.0777733236279579, -0.08142114985227163], "aligned_model": [[0.8387102382097775, -0.18434252772479365, -0.5170645701872156, 0.1268118072232754, -0.3004396981695146, -0.4331015899291998, 0.09890581495632633, 0.6324724213928349, -0.3666272962772231, 0.38232782248927166, -0.7121456268862789, 0.011564997502317924, 0.7566301908277151, 0.04036016933049062], [-0.09280657085090786, 0.40980375550531684, -0.5653697498783707, -0.6095405623239488, -0.5451619729102434, 0.06297468154826834, -0.2622870403579425, -0.43359354881720635, 0.6511882833346868, 0.3490046530517516, -0.017793248181595042, 0.27212537778412854, 0.21879487788349317, 0.0077602108475599285], [-0.22111034551951858, -0.5969923020044104, 0.23175503635528322, 0.054051314096982536, -0.5156442292950499, 0.48010754803824834, 0.5066181686777798, 0.27172023986671884, -0.03233803618931051, -0.4707304961245454, -0.17309921913204007, 0.646477270177359, 0.3001146991710458, -0.009371439187094183]], "inverted": false, "swapped": true, "error_lsq": 0.04515167770641921, "error_max": 0.3249875577911509, "target": "981.xyz", "model": "6.xyz", "model_rescale": 3.89814844738969, "target_rescale": 4.206899206436339},
{"mapping": [5, 7, 15, 3, 12, 8, 2, 14, 1, 4, 13, 0, 16], "R": [[0.21510252179588102, -0.5174861092431209, -0.8282143634696694], [-0.47800911562919124, 0.6837426859818512, -0.5513648744177694], [0.851609177083274, 0.5144939903504616, -0.10028830141550987]], "T": [0.015045771580657591, 0.09466529067349258, 0.06950792958325529], "aligned_model": [[-0.03023509893469703, -0.07821822654984524, 0.5053206172663632, -0.39729163571379433, 0.7446441640011529, -0.42333691481769387, -0.586385149810194, 0.3978211523263021, -0.6097451825335309, -0.4296434252817092, 0.10856779923217524, -0.09441006790631085, 0.04154376962600438], [-0.3618370302340329, 0.16735773501106624, 0.48642456987725, -0.5917174973901824, 0.3385438481057671, 0.5151177443497349, -0.006555876303925484, -0.611745478421573, -0.17114139882539783, 0.558417570283748, 0.6246354562713103, 0.02733706385276477, -0.011055441106043964], [-0.4985300901124176, -0.588603559663715, -0.43540088612488576, -0.18064079618515905, 0.13240834190473064, -0.39133946957060795, -0.35996783586180303, 0.15833243560055077, 0.42327323137167294, 0.4070345375437438, 0.02486433005142938, 0.8669393576023782, 0.04390543428037867]], "inverted": true, "swapped": true, "error_lsq": 0.04625822380490601, "error_max": 0.28961541284903297, "target": "981.xyz", "model": "7.xyz", "model_rescale": 3.7474275329858107, "target_rescale": 4.206899206436339},
{"mapping": [9, 6, 0, 10, 1, 13, 12, 15, 4, 8, 11, 7, 5, 3, 16], "R": [[-0.15695676943327297, -0.3672761734886152, -0.9167730280263657], [0.017326393695927395, 0.9271117012903514, -0.3743844139544331], [0.9874534766815926, -0.07464653855384926, -0.1391528859613216]], "T": [0.022894545197605976, -0.09228281287191903, 0.018212907055703952], "aligned_model": [[-0.2456215202923812, 0.3335027628565837, 0.3292430365007176, -0.22338303341237187, 0.7641027753436465, -0.24759328423695498, -0.7109321192907891, -0.6715060066495402, 0.35515588773986423, 0.17947049871486265, -0.6728372863359102, -0.06747485325499049, 0.08367786070505806, 0.5687993244573404, 0.027549679493611718], [-0.019853005023342654, 0.20388065656955207, -0.4765055436371578, -0.512804681698982, -0.1620621440862252, -0.49409093270013865, -0.2074024995907496, -0.06962794962649599, -0.7306022924634401, -0.2709527075163716, 0.4119395101577458, 0.18008988529642023, 0.5806926293843153, 0.5427861827919165, 0.013630854122547068], [-0.5343548251045787, -0.5982938033146841, -0.6228284709822884, -0.24680551637419978, -0.1604152703793978, 0.25694783543209065, -0.1915319643562684, 0.4257325999539711, 0.1124971154744234, 0.742713431811201, 0.04678781028712631, 0.6221496439791482, 0.29483785301017634, 0.06713321915450329, -0.017775002894961676]], "inverted": false, "swapped": true, "error_lsq": 0.045330091063428814, "error_max": 0.24777963720166585, "target": "981.xyz", "model": "8.xyz", "model_rescale": 4.019505241142653, "target_rescale": 4.206899206436339},
{"mapping": [13, 1, 7, 15, 12, 11, 5, 10, 9, 6, 3, 14, 16], "R": [[0.10654840059797716, 0.8230495821432787, 0.5578860310706726], [0.09271879353005485, 0.5504109042309511, -0.8297295112444765], [-0.9899750823411386, 0.14013287208018368, -0.017666762754246335]], "T": [-0.1622298207287905, -0.1399319428102045, -0.052466136128325166], "aligned_model": [[-0.16910404488328662, -0.8105294572011155, 0.04382133324362689, 0.4132448075084398, 0.39027762445971764, 0.6949519047002439, 0.15212794456133433, -0.18255950996209633, 0.11974594374512143, -0.23462647298480593, -0.26411638128638726, 0.27245200083754995, -0.10598492099716636], [-0.5779576500328284, 0.1762260423968351, 0.13515683577970766, -0.431410030782287, -0.6686029654972768, -0.09890504388360444, 0.4925791707638979, -0.6637678225971569, -0.31810663775315484, 0.17033827382479616, 0.687507588492756, 0.21657371062951591, -0.056253243227141425], [-0.36820973766821596, 0.2042799076861887, -0.6260183856492108, -0.5348012331527364, 0.05236467828376709, -0.10400001527658623, -0.2374547970116751, 0.12894149168422792, 0.468515148993609, 0.6277999198027383, 0.04070470170635333, 0.5283766935019956, -0.0037948788565764988]], "inverted": false, "swapped": true, "error_lsq": 0.04773697086141553, "error_max": 0.3198895793326874, "target": "981.xyz", "model": "9.xyz", "model_rescale": 3.877068213659057, "target_rescale": 4.206899206436339},
{"mapping": [1, 2, 15, 5, 7, 3, 14, 8, 4, 10, 9, 0, 6, 11, 12, 16], "R": [[-0.6905403577018719, 0.5761994802003196, -0.4372049558294739], [-0.7228747031409586, -0.5292124265592043, 0.4442818600102751], [0.024620681222126073, 0.6228389571889352, 0.7819625665362493]], "T": [-0.10134594897199976, 0.06531718803521873, -0.08682808055299965], "aligned_model": [[0.18997651932985593, -0.16095690834761395, -0.5630583366699348, 0.19465613897752654, -0.34245605407134483, 0.46422415297057185, 0.6348185266069151, -0.6584096556266287, -0.5029172733217016, -0.2870916088069773, 0.23536278878807393, 0.1519540651458834, 0.6036195480049303, 0.018500055860363643, -0.2593987451122753, -0.003414688410549968], [0.16979249516512607, -0.5117014370534723, -0.18075745019335665, -0.5949142033197561, -0.5526179985756366, -0.45017618090051864, 0.05911761774695842, -0.3639624434608905, 0.39021181652939196, 0.5664407441077773, 0.4502958468279679, 0.7639638982072915, 0.2899637080472367, -0.2240820349962903, 0.36978760058263377, 0.02043689841908647], [-0.7871015635133023, -0.5557740804048089, 0.5255824131529253, 0.011096338502526976, -0.002476913061893682, -0.43050656486630146, 0.24700779213226734, -0.38134292831768934, -0.5966543466150556, 0.06183188058897374, 0.2611614470280992, -0.40328096888056375, -0.2165523209985436, 0.7137869844936041, 0.6045937215211591, -0.05633656365135564]], "inverted": false, "swapped": true, "error_lsq": 0.03824849318676926, "error_max": 0.24296231424672443, "target": "981.xyz", "model": "10.xyz", "model_rescale": 4.260839863003843, "target_rescale": 4.206899206436339},
{"mapping": [8, 13, 10, 4, 6, 1, 2, 7, 11, 14, 5, 16], "R": [[0.921271317229348, 0.36594707790055314, 0.1316886336270106], [0.013173831996032587, 0.3090433620063372, -0.9509567027737702], [-0.3886973246641181, 0.877823978127658, 0.2798918598728635]], "T": [-0.06737026607108038, -0.08930534082300408, -0.031266623019116285], "aligned_model": [[0.44140004132667005, 0.12410956260983896, -0.3265718977203403, -0.3140011072439508, -0.6336294359699095, -0.5393502139459301, 0.25786505748280947, 0.5739255689990483, 0.3896854859580839, -0.2998521553670967, 0.3532423384674033, -0.06792459550249659], [0.002843201767022463, -0.5229392356686549, -0.5782519762301828, -0.2368004576775486, 0.26057467103372994, 0.40453307202655797, 0.4777876073950476, 0.09126864828648117, -0.2878527694732828, 0.16097106370945635, 0.4230517331873755, -0.022107052823067935], [-0.5916248934604662, -0.2899264720647393, -0.06963007593242981, -0.697717887867151, 0.31687892017975094, -0.3769910393871354, -0.3904906246505394, -0.08806260411563754, 0.6692891675204491, 0.7013566445279437, 0.2748169989916718, 0.058279943653787664]], "inverted": false, "swapped": true, "error_lsq": 0.0455708791321558, "error_max": 0.23087407081321953, "target": "981.xyz", "model": "11.xyz", "model_rescale": 3.890672605050136, "target_rescale": 4.206899206436339},
{"mapping": [5, 3, 6, 11, 14, 13, 2, 12, 7, 4, 0, 1, 10, 16], "R": [[-0.4691954731328946, 0.8621478402858802, 0.19119808964001617], [-0.822061851055063, -0.347316608267436, -0.4512044843100827], [-0.32259869967425847, -0.36887975698321657, 0.8716982298114873]], "T": [0.014437447111095666, -0.054868333726034536, 0.16724719347084832], "aligned_model": [[0.3199580064810812, 0.21597011507130737, 0.439343509478649, 0.6524521499261167, 0.7826368375235052, -0.29388412501091726, -0.32746763313330496, 0.35480424684858486, -0.08650822322805224, -0.6361348753108195, -0.03487923962786642, -0.2468057758755574, -0.03826154898372709, 0.10865239063469447], [-0.3267412244892179, 0.16938831450801314, 0.5495160639176241, -0.6262041188470525, 0.16058689794495423, -0.34154345820047094, -0.14542681790062809, -0.37579444979272286, -0.5976789109918971, 0.20646022822128332, 0.6782431706896964, 0.5827501321233629, 0.042045980576181606, -0.043449287931361186], [-0.43761166371708154, -0.6155755154969007, 0.03143435354462379, 0.24216125875306327, 0.037356087604147326, 0.5054231509704377, -0.48949810571370417, 0.7811721860642757, -0.20992616976945772, 0.3548689026097991, 0.5026960566670631, -0.1664614994427978, 0.7108982618400737, 0.10785313144331929]], "inverted": false, "swapped": true, "error_lsq": 0.03904815569639759, "error_max": 0.20709307446788672, "target": "981.xyz", "model": "12.xyz", "model_rescale": 4.124412569039231, "target_rescale": 4.206899206436339},
{"mapping": [7, 3, 1, 11, 2, 8, 14, 13, 6, 9, 4, 0, 16], "R": [[0.022550700038818317, -0.9208461741140939, -0.38927341233019697], [-0.8636390861261773, 0.17819694956698007, -0.47156481641463094], [0.5036059916669983, 0.3468258508018967, -0.7912602823171653]], "T": [0.08675261069614702, 0.0036115593238327526, -0.09872940525086879], "aligned_model": [[-0.08079598927218075, 0.021996016407465332, 0.6227718436270507, -0.7470129850054104, 0.34861415596330303, 0.42663666764436814, -0.48477302819516854, 0.21867630516370573, 0.0024850694323170636, -0.23040703597795126, 0.7818865030060755, 0.4774178443798798, 0.009802940336303426], [-0.43622588009081353, 0.4462624285594793, 0.4961986774784094, -0.20403945538331775, -0.10443314364670123, -0.5560608526087945, 0.5748718615617119, -0.45469937651909254, 0.7499570819522318, 0.33469447185799006, -0.11352259870301248, 0.5451122870175834, 0.06936987503280366], [0.37620594890561365, 0.6109075763594426, 0.13835314204239482, -0.1272854039309315, 0.5913207264238118, 0.2918926499342198, -0.0776801571732682, -0.3520178218509963, -0.11048235307275678, -0.5140267886587387, -0.2713774012326047, -0.5532271394753764, -0.050884897302971105]], "inverted": false, "swapped": true, "error_lsq": 0.04606153000197233, "error_max": 0.25620435090843574, "target": "981.xyz", "model": "13.xyz", "model_rescale": 3.9028299243045295, "target_rescale": 4.206899206436339},
{"mapping": [15, 14, 11, 7, 13, 10, 5, 2, 12, 3, 4, 6, 9, 0, 1, 16], "R": [[-0.6145368970926346, -0.43295604835204254, 0.6594645269513293], [-0.788880756741263, 0.33366401297950465, -0.5160770079026435], [0.003399081506663071, -0.8373872381627252, -0.5465995422675674]], "T": [0.005367399261178421, -0.041085066411621955, 0.13967970575525157], "aligned_model": [[-0.03865912303345624, -0.00704748316008838, -0.10303703364807652, -0.5449485041373405, 0.20550148573369564, 0.54501861651573, -0.6436108545047647, -0.6537435980037712, 0.4771575211666051, -0.6362793769793944, 0.24716674791663895, 0.11253999554880718, 0.4195436300784467, 0.5787073121575055, -0.08839942771387181, -0.04207063635606854], [-0.6577677179768432, 0.5947318712922103, -0.14555092490287264, -0.3929246303324162, -0.5406149376932661, -0.1694926312352112, 0.11424853391345716, -0.0924335857196028, -0.2919427809982899, 0.4925547964800752, -0.26454971632287305, 0.7023873919554374, 0.2714629320117693, 0.3856961761598208, 0.40719851935714785, 0.03924898613255732], [-0.37659719855803975, -0.35932495563686284, -0.706745022664474, -0.0033392608772197796, 0.18466917327980065, 0.1434365204735398, -0.15664885648153798, 0.48515088227106307, -0.41730459812848086, 0.2247430085417439, 0.7864683072016248, 0.13388939529522467, -0.19714346984805375, 0.5159105771446758, 0.7532075618172666, 0.07778804579406151]], "inverted": false, "swapped": true, "error_lsq": 0.04612313742159668, "error_max": 0.2793594832204739, "target": "981.xyz", "model": "14.xyz", "model_rescale": 3.942246331269136, "target_rescale": 4.206899206436339},
{"mapping": [10, 13, 4, 7, 5, 8, 6, 0, 9, 1, 3, 14, 15, 11, 16], "R": [[0.3589346318328804, 0.2982131135714744, -0.8844404270299961], [-0.8630940991046921, -0.25466156788505007, -0.43613766396974735], [-0.3552949565665899, 0.9199002254246573, 0.16597912248837238]], "T": [-0.10521565139151928, -0.011383991685305794, -0.10541856522649004], "aligned_model": [[-0.6428277695250548, -0.4176255371451905, -0.23980680767666984, 0.27862396667820866, 0.47300271462421956, 0.21592404644336854, -0.0037538693902011144, -0.4353028504230198, -0.485493776768787, 0.24868848635395602, 0.658961640250499, -0.03742503689775392, -0.35365486155023157, -0.23143138769132354, -0.053584920749809334], [0.07540086241295182, -0.33064864206779654, 0.18073994905337057, -0.5586990696768963, -0.2459397182215002, -0.4569653004997483, 0.6342360189606591, 0.710230082152068, 0.2403004098978166, 0.5988431511647712, 0.23836740390969657, 0.2823227909238241, -0.7648742605936653, -0.5152192191363841, 0.010050231602483813], [-0.2110956780759084, -0.40886204160802564, -0.7922318453659953, -0.11978693650049013, 0.27373714210169275, -0.6342536648112415, 0.2649206010619741, -0.25617042356530506, 0.31257851906389034, -0.40297783107178553, 0.1341125633245904, 0.6446239123063647, 0.03353481850456905, 0.5796501240556259, -0.008416779059440008]], "inverted": false, "swapped": true, "error_lsq": 0.040052271934100166, "error_max": 0.3236786281762741, "target": "981.xyz", "model": "15.xyz", "model_rescale": 4.355366556412066, "target_rescale": 4.206899206436339},
{"mapping": [4, 2, 1, 12, 0, 13, 14, 15, 3, 8, 5, 16], "R": [[0.4843269395169789, 0.34108345438610027, -0.8056609043525459], [0.13669333945686618, 0.8800634449334017, 0.4547562686099924], [0.8641425499338907, -0.3303791912878271, 0.3796145984518439]], "T": [-0.12926160250172025, 0.028707156521043546, -0.053559333652799516], "aligned_model": [[-0.29721231590054675, 0.5608940292007345, 0.1243972243128495, -0.7141373284625159, -0.5673951323787534, -0.39136700689023257, -0.10138998030567536, -0.25798035649032197, 0.5894041468304494, 0.2522491606101699, 0.48110850813738903, -0.08076239403176577], [-0.6374248936658378, -0.20024931125990764, -0.5820810031717834, 0.5117213555929672, -0.4574420249509868, -0.02424324114173599, 0.49122847633312483, 0.5746831795873701, 0.02479043505288047, -0.2019733555901029, 0.4201855959276008, 0.09358121502739111], [0.18053363786442933, 0.11280908535932474, -0.439255904590154, 0.0891455910862235, -0.5269603651987858, 0.41559395626071627, -0.7159188742824512, 0.5244712312332516, -0.48625097239534304, 0.5649679574225506, -0.1390279101389868, -0.13084897141135426]], "inverted": false, "swapped": true, "error_lsq": 0.04373708780801241, "error_max": 0.2522159589189034, "target": "981.xyz", "model": "16.xyz", "model_rescale": 3.795458400668931, "target_rescale": 4.206899206436339},
{"mapping": [5, 7, 15, 3, 12, 8, 2, 14, 1, 4, 13, 0, 16], "R": [[0.21510252179588102, -0.5174861092431209, -0.8282143634696694], [-0.47800911562919124, 0.6837426859818512, -0.5513648744177694], [0.851609177083274, 0.5144939903504616, -0.10028830141550987]], "T": [0.015045771580657591, 0.09466529067349258, 0.06950792958325529], "aligned_model": [[-0.03023509893469703, -0.07821822654984524, 0.5053206172663632, -0.39729163571379433, 0.7446441640011529, -0.42333691481769387, -0.586385149810194, 0.3978211523263021, -0.6097451825335309, -0.4296434252817092, 0.10856779923217524, -0.09441006790631085, 0.04154376962600438], [-0.3618370302340329, 0.16735773501106624, 0.48642456987725, -0.5917174973901824, 0.3385438481057671, 0.5151177443497349, -0.006555876303925484, -0.611745478421573, -0.17114139882539783, 0.558417570283748, 0.6246354562713103, 0.02733706385276477, -0.011055441106043964], [-0.4985300901124176, -0.588603559663715, -0.43540088612488576, -0.18064079618515905, 0.13240834190473064, -0.39133946957060795, -0.35996783586180303, 0.15833243560055077, 0.42327323137167294, 0.4070345375437438, 0.02486433005142938, 0.8669393576023782, 0.04390543428037867]], "inverted": true, "swapped": true, "error_lsq": 0.04625822380490601, "error_max": 0.28961541284903297, "target": "981.xyz", "model": "17.xyz", "model_rescale": 3.7474275329858107, "target_rescale": 4.206899206436339},
{"mapping": [4, 8, 13, 2, 0, 6, 10, 11, 1, 9, 3, 5, 14, 16], "R": [[0.050129277585966504, -0.5276674597711483, 0.847970581699255], [0.5442120839839871, 0.7263523872673415, 0.4198159324714101], [-0.837448663008375, 0.4404307680097947, 0.32357452837914724]], "T": [0.14356954782649553, 0.014983429747642552, -0.021482545148317676], "aligned_model": [[0.45866518705124704, 0.17384421082201915, 0.6203834015180106, -0.32915753005540704, 0.2906436325067455, -0.26084867880124785, 0.6358071121082431, 0.1479338868838548, -0.2334010098447238, 0.26010760988948256, -0.6924798555759498, -0.44272087573509145, -0.2704474305210949, 0.05651798763678864], [-0.5254113181000988, 0.11338447405089637, 0.10453530990782925, -0.0078257287939483, -0.6850681730262388, -0.3201306485630375, -0.13711355700965785, 0.8049732920253315, -0.6438879021477855, 0.01627047579410039, -0.032771027452309365, 0.44143806589690704, 0.18007313769370348, 0.05194184123554141], [-0.3894867901934526, -0.7769563369529208, -0.2586255542095367, -0.5980440449710164, 0.353627465897008, 0.51556050892637, 0.18417430393381948, 0.3176286867331521, -0.12122515354674607, 0.5860495747589677, -0.07106844128712672, -0.10815376641085997, 0.6528751415713391, 0.038439124412657545]], "inverted": false, "swapped": true, "error_lsq": 0.03712343409334699, "error_max": 0.23324763403020238, "target": "981.xyz", "model": "18.xyz", "model_rescale": 3.922800546911778, "target_rescale": 4.206899206436339},
{"mapping": [12, 15, 10, 9, 2, 11, 8, 6, 5, 0, 4, 1, 14, 3, 16], "R": [[-0.40523389742644256, -0.8693169333640591, -0.28297271554530384], [-0.8520421025026876, 0.24693457731206586, 0.46157076390355484], [-0.33137553310311746, 0.42814878709885346, -0.8407608888182213]], "T": [0.10818558744343092, -0.007298925770586037, -0.08996104612443709], "aligned_model": [[-0.21970195083223898, -0.47442697546377605, 0.3257377670965643, 0.048000555928378694, 0.11439665381495069, -0.7036440948602817, 0.12071454121002581, 0.2807061208210152, -0.41043811093041244, 0.7662859974477064, 0.7450157973106997, 0.686456801130469, -0.2253242026868299, -0.00466720655396656, 0.04693914345531367], [0.4606844525908273, -0.11896340205751225, 0.3137992856543384, 0.6083444887679358, -0.6686877354280449, 0.2516143845156525, -0.7436554311625736, 0.4565465919491763, -0.2581690088755661, 0.4526897803720535, -0.24712249440322415, -0.126875092255949, 0.5425762221106238, -0.23373690431016203, 0.028566367567003842], [-0.6088332333622858, -0.6348200330306364, -0.4865629124752604, -0.08371594942025173, 0.2549165786475328, -0.2039607050378425, -0.2873492249181598, 0.47515380122520834, 0.3585984024844451, -0.002070239491075543, -0.3422918002148475, 0.3973486758228191, 0.39976489896889644, 0.7098563974024137, -0.0033754894376271938]], "inverted": false, "swapped": true, "error_lsq": 0.04143538969757691, "error_max": 0.23355150020790447, "target": "981.xyz", "model": "19.xyz", "model_rescale": 3.9282355846067225, "target_rescale": 4.206899206436339},
{"mapping": [3, 6, 9, 1, 2, 0, 4, 10, 8, 7, 11, 5, 15, 16], "R": [[-0.20857132132106315, -0.15965481321011352, 0.9648877367555408], [0.7345188161171302, -0.6769754098123408, 0.046758991427345964], [0.645739972970758, 0.7184807827132588, 0.2584671201129223]], "T": [0.07054763999699257, -0.08495590491295872, 0.008064663210561273], "aligned_model": [[-0.7042378376387421, -0.12532166722381066, 0.42779991001216644, -0.4229533128053332, -0.5952981733468599, 0.23506206268727523, 0.1034163813796464, 0.568577042456528, -0.19987149043770172, -0.19573715417496632, 0.3544263302027706, -0.41363252152692354, 0.47594314152789563, 0.024350107972731537], [-0.39955022694794934, -0.7184459047925148, -0.5801642951006201, -0.11118486923864025, 0.2295181781937553, -0.30742281311473785, 0.42132374766286657, -0.045183584509843236, 0.5995844671791909, 0.19924266673270769, -0.4447992643437344, -0.2922372819224443, 0.15140353840745158, -0.17920227078065204], [0.07481592084700496, -0.34491752328339764, -0.09101873082049115, -0.5766879958584902, 0.1271012746399569, -0.7507858047996141, -0.5109145550234065, -0.23299742310875424, 0.20710723080345933, 0.5515871350158061, 0.7354057822638725, 0.5137482796943201, 0.6627144705319726, 0.047025096341444084]], "inverted": false, "swapped": true, "error_lsq": 0.0450394553943828, "error_max": 0.30878874977993975, "target": "981.xyz", "model": "20.xyz", "model_rescale": 4.067790424073018, "target_rescale": 4.206899206436339},
{"mapping": [7, 12, 2, 3, 4, 10, 1, 15, 13, 11, 14, 6, 5, 9, 16], "R": [[-0.2708186053467258, -0.9626070990001241, 0.006697458668763923], [-0.01274912672450057, -0.0033701970295269557, -0.9999130469894595], [0.962545969170209, -0.27088044360298064, -0.011359687831776266]], "T": [-0.06776731187967439, 0.03354983176767515, -0.026690078878957406], "aligned_model": [[0.3311790743078642, 0.07357754056696891, 0.03694116661003008, 0.30032802781804735, -0.7530528456242678, -0.4021368037354035, -0.4546479217518945, 0.3034438973131746, -0.2768750340732916, 0.6627405832382054, 0.41005261048176755, -0.04357668098549221, 0.5683271443888043, -0.006487478490410627, 0.018630673843412784], [-0.06094957483990478, 0.7779270462372874, -0.5577687340086456, -0.7104634573628451, -0.04724298189187749, 0.44972999063996155, -0.5997722590879059, 0.6122713392329323, 0.4011813261170455, 0.4828828178427519, -0.034184339384610074, -0.2838921881487484, -0.30712182696245416, 0.32376182561468725, -0.0054638440698271395], [-0.554899071786728, 0.12052140889739513, -0.4691748800354987, 0.09442103001671512, -0.2516236873781744, 0.12403208578918623, 0.1614411099599531, -0.4462866998149591, -0.3624412396221979, 0.0329550411259281, 0.6217874947660301, 0.6536893496820005, -0.1382184684976464, 0.5161725499352652, 0.032873550583872]], "inverted": true, "swapped": true, "error_lsq": 0.04994277067399111, "error_max": 0.3562689204969363, "target": "981.xyz", "model": "21.xyz", "model_rescale": 4.186013935880536, "target_rescale": 4.206899206436339},
{"mapping": [14, 5, 11, 0, 1, 9, 6, 3, 15, 7, 2, 13, 16], "R": [[0.34274327195618626, 0.2432811262170559, -0.9073815862994625], [-0.9235295585784628, -0.08969522631311876, -0.3728912989176717], [-0.17210521189271893, 0.965799699732403, 0.1939348757603]], "T": [0.1195651022039331, 0.01214936717696457, 0.16383699737198879], "aligned_model": [[0.0771939784503228, -0.43022498255299235, 0.29795631756080926, 0.4143004335038081, -0.271292928197446, 0.5098725186496738, 0.011776368202947585, -0.6410027403615393, 0.40289231247860857, -0.2434610530250673, -0.5701273018144676, 0.4287593042379588, 0.07193180829060893], [-0.4123092690394749, 0.18939815153748743, 0.3777496159650274, -0.678574126101274, -0.5227079726545044, -0.32275602977869217, -0.6873700137528981, -0.25552602937750585, 0.7199106590107477, 0.5634772139679889, 0.20021467297503479, 0.3727142779047153, -0.025264491110558465], [-0.522794281904457, -0.28273399272259525, -0.5935350973837535, 0.461230160767347, 0.547665666668443, -0.17993116414589785, -0.08780762102184866, -0.06768901227411048, -0.0961193740327759, 0.05733482339255651, 0.37683967235128396, 0.4207410410136153, 0.0696787406275389]], "inverted": true, "swapped": true, "error_lsq": 0.04850516236929482, "error_max": 0.3139855238632065, "target": "981.xyz", "model": "22.xyz", "model_rescale": 4.166573947596378, "target_rescale": 4.206899206436339},
{"mapping": [15, 13, 10, 9, 12, 8, 4, 7, 11, 14, 5, 6, 1, 2, 3, 16], "R": [[0.8744524535753093, 0.23285092099763413, 0.42557414750742906], [-0.4641855256583831, 0.6565059315504669, 0.5945853678054179], [-0.14094220164795196, -0.7174819931047797, 0.6821692497943754]], "T": [-0.02346656337728626, 0.09004962701684989, -0.10415287831645839], "aligned_model": [[-0.771376596488311, -0.3483011769298612, 0.06427303964937359, 0.241563778332054, -0.2999502866077191, -0.48478083739694067, 0.15176348513879828, -0.5736115155428942, -0.5085377539277655, 0.28905670172514897, -0.25213481873492005, 0.6307947557632606, 0.5764019524836791, -0.15514136312450777, 0.22710320564913583, 0.00011067103222547892], [-0.17339316735937244, 0.1898595691051269, -0.083063576543097, -0.45495193451044796, -0.5136897269005001, 0.6968155493553001, 0.6239997989561784, 0.27901100475782203, -0.5799967975092545, -0.5193648211650846, 0.042257879004491725, -0.16413073371337777, 0.5397668684713608, 0.666205905206359, 0.268284104241498, 0.03209751622467642], [-0.24559596155950963, -0.5238292373807635, -0.6238254997417242, -0.228290982950772, -0.4976024560111457, -0.08506814835826601, -0.5634245993206267, 0.22558523961784585, 0.13003334378642653, 0.3252259739626132, 0.587612035409286, 0.163438713360366, 0.0510211778012942, 0.35095150659790364, 0.6763374266754983, -0.011307998724332746]], "inverted": true, "swapped": true, "error_lsq": 0.03466062900505515, "error_max": 0.26119726160435525, "target": "981.xyz", "model": "23.xyz", "model_rescale": 4.274766983524099, "target_rescale": 4.206899206436339},
{"mapping": [14, 1, 3, 5, 2, 7, 11, 13, 10, 4, 16], "R": [[-0.7800074606683298, -0.36844544916441185, 0.5058026416417559], [-0.11774894820065898, -0.7074328079508696, -0.6969031549881135], [0.614592179009286, -0.6031473893044577, 0.5084188040147952]], "T": [0.0909145124077228, 0.0698752561164665, 0.11476732458531477], "aligned_model": [[0.21127128055304373, 0.12149269853481365, -0.4070715367377518, -0.512943065329156, -0.5517404202690814, -0.5298338837941192, -0.06356222118576546, 0.17127995652872482, 0.5860854937027968, 0.293365569014994, 0.06155083293957594], [-0.2769577056761889, 0.7714326368857335, 0.32009998963288794, -0.1322747159193805, 0.44821957753915875, -0.10090498874393822, -0.7674731803333037, -0.0106998311431096, 0.0020536012497030798, 0.6311998900260896, 0.030891257725831567], [-0.6054021725772765, -0.1902720782728574, -0.5122217756397628, -0.24244876220813152, 0.09850316437606452, 0.2953182416923286, -0.0039086725603138806, 0.6426469015376092, 0.35545794563125016, 0.5278860663242313, 0.014007575718435278]], "inverted": false, "swapped": true, "error_lsq": 0.049881165585927804, "error_max": 0.27959899469928895, "target": "981.xyz", "model": "24.xyz", "model_rescale": 3.7841303162186577, "target_rescale": 4.206899206436339},
{"mapping": [6, 14, 12, 7, 11, 15, 5, 3, 9, 10, 1, 2, 13, 8, 4, 16], "R": [[-0.36530686318439887, -0.4604903632244548, 0.8090114468212332], [0.12930287144253172, 0.835549851665315, 0.5339824087166043], [-0.9218631477324014, 0.2996749418277747, -0.2456893691095095]], "T": [-0.07814953165938593, 0.03220890809556688, 0.08159894712638538], "aligned_model": [[0.02929669835317955, 0.08479671290256677, -0.6330345585034929, 0.34087772894641666, -0.05288241609208877, -0.24036737174442552, 0.5699867328017958, 0.692078991813758, -0.40571112121079944, -0.6309205374038562, 0.17396068208326282, 0.5583217627500743, -0.40850781028254685, 0.1889973019086788, -0.3354700313318092, -0.01358021651793595], [0.10946239666225305, -0.40065648668723897, -0.5025827363371985, -0.1933161264620813, -0.8266704264947239, -0.544322582688446, -0.30394930434583894, 0.11207849013249506, -0.23385243530994404, 0.07131684347746144, 0.67621742564988, 0.3108270581641641, 0.045278198480482465, 0.26969164909047594, 0.6727128185661252, -0.02542231352990436], [-0.6578319121167066, -0.5813482838432852, 0.12458186114048223, 0.5513304776274699, 0.10965815291960362, 0.6201845780400739, 0.07621778118662291, -0.2410257972773302, -0.37072043087080886, 0.05628418377605009, -0.24682195768763499, 0.3530589419673136, 0.5085654545399814, 0.7550783364822811, 0.3058304588533861, 0.010578171079754756]], "inverted": true, "swapped": true, "error_lsq": 0.03511637310018553, "error_max": 0.24625468130189823, "target": "981.xyz", "model": "25.xyz", "model_rescale": 4.19342608120988, "target_rescale": 4.206899206436339},
{"mapping": [4, 2, 1, 12, 0, 13, 14, 15, 3, 8, 5, 16], "R": [[0.4843269395169789, 0.34108345438610027, -0.8056609043525459], [0.13669333945686618, 0.8800634449334017, 0.4547562686099924], [0.8641425499338907, -0.3303791912878271, 0.3796145984518439]], "T": [-0.12926160250172025, 0.028707156521043546, -0.053559333652799516], "aligned_model": [[-0.29721231590054675, 0.5608940292007345, 0.1243972243128495, -0.7141373284625159, -0.5673951323787534, -0.39136700689023257, -0.10138998030567536, -0.25798035649032197, 0.5894041468304494, 0.2522491606101699, 0.48110850813738903, -0.08076239403176577], [-0.6374248936658378, -0.20024931125990764, -0.5820810031717834, 0.5117213555929672, -0.4574420249509868, -0.02424324114173599, 0.49122847633312483, 0.5746831795873701, 0.02479043505288047, -0.2019733555901029, 0.4201855959276008, 0.09358121502739111], [0.18053363786442933, 0.11280908535932474, -0.439255904590154, 0.0891455910862235, -0.5269603651987858, 0.41559395626071627, -0.7159188742824512, 0.5244712312332516, -0.48625097239534304, 0.5649679574225506, -0.1390279101389868, -0.13084897141135426]], "inverted": false, "swapped": true, "error_lsq": 0.04373708780801241, "error_max": 0.2522159589189034, "target": "981.xyz", "model": "26.xyz", "model_rescale": 3.795458400668931, "target_rescale": 4.206899206436339},
