[{"mapping": [9, 12, 0, 3, 2, 10, 7, 11, 8, 5, 4, 6, 13], "R": [[0.464607640267146, 0.5600651177113284, -0.685905827740507], [0.5641356316412905, 0.4098493243831421, 0.7167806640914388], [0.6825618870974826, -0.7199656903114745, -0.1255335614735982]], "T": [-0.0837422043103764, 0.18371049679660895, -0.2268803219248618], "aligned_model": [[0.30688242169612245, -0.20835454525675884, 0.43668305621404213, 0.11675339464158033, 0.6531126579541094, -0.4389141240017129, 0.14465934959864912, -0.6133903276603875, -0.22672568817674735, -0.6938296251016394, 0.48503196808894966, 0.06512532629677861, -0.07389729698423879], [-0.42109356173876317, -0.1562114059991485, 0.17552053095601375, 0.6633914338210907, 0.3922187910934161, -0.7579991198316698, -0.37989951352644385, -0.16181642211973501, -0.026698552022226374, 0.5882487925362168, 0.06404398571396408, 0.6036420622987342, 0.047364916069420976], [-0.3624075298967349, -0.6785933640845719, -0.7965318884532511, -0.17295426835199534, -0.157400478975088, -0.2765273767641584, 0.2220862346370493, 0.06832444527795689, 0.5119450208587275, -0.0357171279937199, 0.531789628414447, 0.3944426398377913, -0.13826416836748354]], "inverted": true, "swapped": false, "error_lsq": 0.041306224374227374, "error_max": 0.21051715623659367, "target": "983.xyz", "model": "0.xyz", "model_rescale": 3.8414455957264533, "target_rescale": 4.031157965841218},
{"mapping": [0, 1, 4, 5, 7, 11, 13, 12, 8, 10, 9, 6, 14], "R": [[-0.3449602249083533, -0.43994722999555425, 0.8291253693202357], [0.5548607634797542, -0.808058368415779, -0.19791717051305446], [0.7570548040808159, 0.391775583788051, 0.5228574524339203]], "T": [0.07331970412299085, 0.12900207009253503, -0.09775055972859392], "aligned_model": [[0.4269222592191362, -0.29931191211105845, 0.365490926752318, -0.12528552362499032, 0.7055273459641608, -0.38776998712688415, 0.13085848394685476, -0.5911295115013396, -0.27063804208953135, -0.5352106169647554, 0.48694971683669996, 0.04035902981268836, 0.006374398195447384], [-0.39039373937011257, -0.1501629006695472, 0.2463213359611426, 0.728631061460066, 0.015582314931910202, -0.5678309567427874, -0.5207849619052562, -0.1825344264492064, 0.01566064537769475, 0.43272317528444015, 0.08151175553913005, 0.8019193472472577, 0.12006928658613805], [-0.45928976320352194, -0.8269353709053955, -0.5412473481854281, -0.2856968850590552, -0.07763939685688098, -0.26533764593929055, 0.28865997649319697, 0.11139483239320841, 0.6044952574640636, -0.02142468607986231, 0.4427719306448564, 0.29737360536299706, -0.1569327399899185]], "inverted": false, "swapped": false, "error_lsq": 0.04121800625039495, "error_max": 0.21708775078917983, "target": "983.xyz", "model": "1.xyz", "model_rescale": 4.316132596720782, "target_rescale": 4.031157965841218},
{"mapping": [4, 3, 2, 6, 0, 10, 5, 8, 1, 11, 7, 12], "R": [[-0.6482015858370005, 0.6342134380284924, -0.4214356642982144], [-0.7548287745841357, -0.46223799811983657, 0.4653703408619613], [0.10034054603304572, 0.6197655589965011, 0.7783459556672372]], "T": [-0.04157743161730791, 0.07727739716407052, 0.0025749423195955204], "aligned_model": [[-0.2927362153788427, 0.5190498242220055, 0.10665232850566199, -0.5168071437824694, -0.41650843040060476, -0.5110832545979324, -0.12198711457209648, -0.18034137463666872, 0.44196988597279396, 0.1653760891612029, 0.3425729546005919, 0.06165100553813875], [-0.5754821287081929, -0.3845356439353596, -0.5909733056359237, 0.31076698896426985, -0.2219215645856289, -0.1000440063444414, 0.45019338788411706, 0.569260674270753, 0.08068347054592097, -0.08291672378837832, 0.6019452167403903, -0.044199937666545855], [0.09351137832502171, 0.19664953309710695, -0.38842093466686534, 0.008239670623032665, -0.5628568302830134, 0.5346544290071868, -0.7492138155158317, 0.5529750370817117, -0.6573336554088727, 0.6164952130456519, -0.19282512774943808, -0.0026164363462695336]], "inverted": false, "swapped": true, "error_lsq": 0.042781148138323455, "error_max": 0.20294159362019729, "target": "983.xyz", "model": "2.xyz", "model_rescale": 3.795458400668931, "target_rescale": 4.031157965841218},
{"mapping": [9, 7, 8, 0, 3, 4, 6, 1, 5, 2, 11, 12], "R": [[0.08730061271141258, -0.03597439071441583, -0.9955322426887733], [0.7187929426688022, 0.6941877869307416, 0.03794762239881949], [0.6897211817754593, -0.7188944009302938, 0.08646115729816545]], "T": [-0.06283801936828418, 0.01399412322976542, 0.1295286158100711], "aligned_model": [[-0.1640218095883436, -0.04703884971559231, -0.79614696605301, 0.4087757455979376, 0.21155614024663152, 0.11461396963570794, -0.3486303055947818, 0.6201691167763701, 0.31138264957174866, 0.6383632668083938, -0.3943514208198672, 0.03863228887837043], [-0.07573933599220242, -0.5496952827949733, -0.10358400466384726, -0.018080846885737523, 0.4844649679902204, 0.6249187261259146, -0.16068077851824292, -0.36002890436473595, -0.6979357622537157, 0.36504864802719045, 0.46740461499927344, 0.10967700362056584], [-0.6574458471152382, -0.24866930497622444, 0.016938146842983337, 0.7008061447010139, -0.388741758709339, 0.43403984687656927, 0.5396556763451119, -0.12130398543015738, 0.38218078530182487, 0.21006628577039294, -0.2308986383897718, 0.05214407942193498]], "inverted": false, "swapped": true, "error_lsq": 0.050859860186861276, "error_max": 0.273491615966638, "target": "983.xyz", "model": "3.xyz", "model_rescale": 3.7530521520055578, "target_rescale": 4.031157965841218},
{"mapping": [2, 9, 11, 8, 4, 7, 0, 1, 5, 6, 12], "R": [[0.41338212701544186, -0.0010739567493294744, 0.9105570073757545], [-0.8304156215218067, -0.41066617676576334, 0.37651452401353996], [0.3735306046319911, -0.9117851379998974, -0.17065388810621263]], "T": [0.05287187344060567, -0.057570226956094685, -0.004784580555569646], "aligned_model": [[-0.4118819470703749, -0.17570366640571827, 0.36004360605097463, 0.6111515721227754, 0.21163671255958064, -0.2853266794492746, -0.15991948059839223, -0.7568302539171753, -0.4163228644093257, 0.39334673324407493, -0.03199412968193959], [-0.6852138723052346, 0.25684764247968317, -0.2192956894695057, 0.38922911045141806, -0.7390180341734651, 0.517351902701832, -0.3736870228059944, 0.0329752271796633, 0.3363985946159682, 0.11714278335471587, -0.16552728371473463], [0.10234235430444306, -0.7022899098307263, -0.5747674017165859, -0.23486580812664062, 0.08391592997897229, -0.13173067606897815, 0.6312943241859018, 0.06932987638808127, 0.5743209843101054, 0.3612003806386035, -0.08591927681785942]], "inverted": false, "swapped": true, "error_lsq": 0.04995527156614481, "error_max": 0.2231565432554101, "target": "983.xyz", "model": "4.xyz", "model_rescale": 3.7855080009869324, "target_rescale": 4.031157965841218},
{"mapping": [3, 0, 2, 12, 14, 5, 10, 7, 8, 6, 15, 13, 16], "R": [[-0.9108589126323879, 0.38929671203363025, 0.13705513955320697], [0.06913257979508669, 0.47130323786964573, -0.8792576097961645], [-0.40688662756229804, -0.7914046550111978, -0.456203840774699]], "T": [-0.045402600956616676, 0.122473818710794, -0.10942550985420765], "aligned_model": [[0.2544073120046942, -0.2667618699449023, 0.4516212631324245, 0.1657488798686303, 0.5928524770363177, -0.336185600176975, 0.0204034111051669, -0.6432636686895956, -0.12685862023465314, -0.6098316319284451, 0.4663671381716264, -0.02311305684155561, 0.007750533806013413], [-0.40544866639792143, -0.133212994548078, 0.05155675661874222, 0.7391311343085423, 0.3461921862144943, -0.5842998057246797, -0.4900970415873833, -0.27117907243465045, 0.10469444594868539, 0.37724977552233757, 0.07332103046192796, 0.6968940821736886, 0.125910106695164], [-0.4468102623342355, -0.8123467080542677, -0.651388365047183, -0.30490970429262587, -0.12609722214124833, -0.3759204174717091, 0.27966417641922714, 0.11186393150692889, 0.5894011387441285, 0.09693860740925392, 0.5347746486414482, 0.331496451519639, -0.11647450876038691]], "inverted": true, "swapped": false, "error_lsq": 0.04134640789085524, "error_max": 0.2373265679226067, "target": "983.xyz", "model": "5.xyz", "model_rescale": 4.2253639853439635, "target_rescale": 4.031157965841218},
{"mapping": [4, 7, 3, 6, 2, 0, 1, 9, 8, 11, 10, 5, 13], "R": [[-0.7132802474273551, -0.662086294313229, -0.2299413566815409], [-0.2793795694116865, -0.032298490973565575, 0.9596373605045664], [-0.6427895027342246, 0.7487312911608589, -0.1619355081854541]], "T": [-0.06514978482307335, 0.03999475781414027, -0.04225356233600991], "aligned_model": [[0.5097328770291516, -0.3426552086075575, 0.22759874999205817, -0.02324512364261204, 0.5371866985773902, -0.3189398461017151, 0.13487716095317057, -0.524453763011533, -0.2972681202129594, -0.5050392739827221, 0.4595102810060653, 0.13140854728298915, -0.03557641197297914], [-0.33579943085342806, 0.08384057035976292, 0.06671925495521513, 0.5411502060065774, 0.32967329958658703, -0.5842312776037397, -0.5882056965544097, -0.3129745319161951, 0.06084982202138929, 0.6776335669467881, 0.0853467167343839, 0.5618001418668853, 0.04490929570105298], [-0.2131335350417377, -0.7841831415544958, -0.6876941632548645, -0.4432587795607954, -0.10097932532453549, -0.47698924160475614, 0.28032850792339165, 0.15022751105277976, 0.6588534339715657, 0.031690843997061485, 0.5332353511413912, 0.2574550122892998, -0.09536070789533536]], "inverted": false, "swapped": false, "error_lsq": 0.05143744092023296, "error_max": 0.32452675169698825, "target": "983.xyz", "model": "6.xyz", "model_rescale": 3.89814844738969, "target_rescale": 4.031157965841218},
{"mapping": [6, 0, 1, 2, 5, 3, 8, 7, 11, 4, 9, 10, 12], "R": [[0.7273737423519172, -0.627446023028768, 0.2779189218501505], [-0.6761147839125667, -0.7245577881821498, 0.1337341039505437], [0.11745738764262821, -0.2851797674625152, -0.9512498422171726]], "T": [-0.10626017865376244, 0.03498691914169141, -0.06817867857366368], "aligned_model": [[0.3619096061438676, -0.20268778054432002, 0.3319655172607461, -0.06198256510342069, 0.6395414508677192, -0.23727542063678989, -0.01564617054438594, -0.7088232687306467, -0.31216164091812637, -0.5521880424537774, 0.622376620196363, 0.1795740331303343, -0.0914657713588165], [-0.4133015340058223, -0.060490715067399316, 0.2706182006259241, 0.6914755742187245, 0.2024523170700899, -0.7028036271111703, -0.4965675681870948, -0.22522639063687808, 0.022632457936970378, 0.49039185808428404, 0.02321774678391228, 0.633629014910624, 0.19468460262870518], [-0.26113039897265056, -0.6448901544676156, -0.7517229351219751, -0.3301137529993722, -0.20350005132983245, -0.3696451823480371, 0.34038673950490944, -0.09012031563736093, 0.7146318504490035, 0.02800068645711043, 0.44844089226939776, 0.2461938832049858, -0.016339494869593976]], "inverted": true, "swapped": false, "error_lsq": 0.037962408235488854, "error_max": 0.1978628502103901, "target": "983.xyz", "model": "7.xyz", "model_rescale": 3.7474275329858107, "target_rescale": 4.031157965841218},
{"mapping": [1, 4, 12, 11, 10, 2, 3, 8, 5, 9, 6, 7, 14], "R": [[0.634057250888253, -0.63824544556222, 0.43659380872283826], [0.24929071725915025, -0.3657417794416943, -0.8967090325513853], [0.7320010525159437, 0.6774036477536169, -0.07279256229618672]], "T": [0.06182276173536964, 0.045722298430124986, -0.1794878229058346], "aligned_model": [[0.413224441012949, -0.5734555635156454, 0.35653686517135746, 0.03454920422072653, 0.6635286085655607, -0.23612357017928529, -0.004885392388983577, -0.5695477770999343, -0.233148037007638, -0.4425381708231971, 0.4007670621083072, 0.10282186931736459, 0.04140702792716487], [-0.5423368340391826, -0.18883366451020292, 0.28411957659094544, 0.6576828893152784, 0.46898504789411943, -0.7178265618798978, -0.43132306124576575, -0.1548273093762157, 0.10932456332845761, 0.5651599903104727, 0.02797219910753959, 0.5388728260468256, 0.013742275708495531], [-0.48852687637674314, -0.5714454680167913, -0.6662659590220634, -0.28550831080254374, 0.005071323426187324, -0.37134875448835764, 0.3516546099402276, -0.017125840422048233, 0.47010315902864536, 0.05746148401669732, 0.5633040682834021, 0.28848574708809877, -0.22566741651574182]], "inverted": true, "swapped": false, "error_lsq": 0.04715968536339221, "error_max": 0.3008029128661273, "target": "983.xyz", "model": "8.xyz", "model_rescale": 4.019505241142653, "target_rescale": 4.031157965841218},
{"mapping": [1, 6, 2, 3, 0, 10, 9, 11, 8, 5, 7, 4, 12], "R": [[-0.7578489812730375, -0.5539549535879529, -0.3446720629508404], [0.6485645571160314, -0.5822283630691429, -0.49027966355001124], [0.0709149972594312, -0.5951000274182444, 0.8005167209562206]], "T": [-0.020193849297447452, -0.00271756027963288, -0.1239475043827889], "aligned_model": [[0.4432576378297213, -0.5058540589039004, 0.16287277467208658, 0.07995569195709117, 0.5596561759385394, -0.1720139067337023, -0.07394688585305782, -0.572721360726184, -0.15069028942572263, -0.47160005010326067, 0.5189077761258056, 0.18764680995054486, -0.05233374741921501], [-0.46295938402746284, -0.11046969014713987, 0.2528294005790051, 0.8173489596409006, 0.2752328081424187, -0.7980079532697696, -0.5232101678226863, -0.12233008666428533, -0.013254820080452756, 0.49332730884136405, 0.13003148148122748, 0.6744989692596144, 0.017675111318135615], [-0.29627128371531053, -0.6536507017310107, -0.6251006987265635, -0.36042536811150566, -0.02822071085578917, -0.5513157521451076, 0.31598216952490155, 0.13615962093145073, 0.5386206631711914, -0.15034161044365285, 0.5911267011744216, 0.30706839291718163, -0.11343965585123737]], "inverted": false, "swapped": false, "error_lsq": 0.051554623924590544, "error_max": 0.2440983612284587, "target": "983.xyz", "model": "9.xyz", "model_rescale": 3.877068213659057, "target_rescale": 4.031157965841218},
{"mapping": [2, 14, 9, 11, 8, 13, 4, 6, 5, 12, 1, 0, 15], "R": [[-0.8999941251685494, 0.004867673088741031, -0.4358748449048174], [0.3215951659872084, 0.6824254403071911, -0.6564084609716698], [0.29425690115230496, -0.7309390016822452, -0.6157443072769777]], "T": [-0.05128548355785771, -0.020517027010936717, -0.08924717865322396], "aligned_model": [[0.3378216556552228, -0.17305356043498826, 0.27765023120270055, -0.04348693052313206, 0.6155493350184907, -0.35552567178398037, 0.1610073737814745, -0.6618121414491358, -0.14880084265334736, -0.5237604725020513, 0.4277187764426775, 0.08095572762980092, -0.04112691307498561], [-0.45977039881810766, -0.21975016215090562, 0.07137618001627405, 0.6962690472415043, 0.3505546706360236, -0.6548657227010924, -0.5422464296243975, -0.039772503634151024, 0.11686925271323761, 0.4764415106699836, 0.1208583896209049, 0.6575827229370554, 0.05716538034454047], [-0.39909789677236673, -0.8342305609877089, -0.6540500096985966, -0.26478117134991724, -0.20308941926605267, -0.4096814716182604, 0.2860138677082043, -0.17404695311617213, 0.6740425482045126, 0.20739201693925907, 0.6203122062307668, 0.3063018408347297, -0.044893230969428696]], "inverted": false, "swapped": false, "error_lsq": 0.0391277390342342, "error_max": 0.2668189527049648, "target": "983.xyz", "model": "10.xyz", "model_rescale": 4.260839863003843, "target_rescale": 4.031157965841218},
{"mapping": [1, 3, 11, 9, 8, 7, 5, 2, 4, 10, 6, 12], "R": [[-0.5262211192688044, 0.2357139353943313, 0.8170252592768498], [0.19683442703195395, 0.9684827518552466, -0.1526347525758518], [-0.827253009647284, 0.08049906844061058, -0.5560326950905898]], "T": [0.006033122445091509, 0.10006755375203803, 0.020280675940570196], "aligned_model": [[0.41424421338324996, 0.09121829743120004, -0.36483177484580204, -0.4616415581021355, -0.7039061622206988, -0.2583915750699308, 0.31672631202417784, 0.7161775529849039, 0.41280744896064353, -0.1947597267249766, -0.08466822527559771, 0.07592384654909697], [0.16665714395942105, -0.6142405992779463, -0.42853454315830686, -0.2653051820925196, 0.22896103631755943, 0.33644490121986015, 0.76999024857542, -0.23155074291044897, -0.2427007495348253, -0.026242750728811035, 0.5148644248605053, -0.03526468169697376], [-0.6855794367953104, -0.19822904966074079, 0.1888898870119262, -0.5139498131559707, 0.22912493224036676, -0.5587135869511098, -0.38640312575933783, -0.06417660610880155, 0.48341100988619806, 0.7121730930205626, 0.3366816544324737, -0.027050880764751768]], "inverted": true, "swapped": true, "error_lsq": 0.04899675825392246, "error_max": 0.27403793367109625, "target": "983.xyz", "model": "11.xyz", "model_rescale": 3.890672605050136, "target_rescale": 4.031157965841218},
{"mapping": [8, 7, 3, 4, 0, 5, 6, 12, 11, 10, 1, 2, 13], "R": [[-0.3180108851398413, 0.45129658677718504, 0.833786823891957], [-0.8288040025291442, -0.5593799956523406, -0.013339634764772734], [0.4603835382854656, -0.6952880059567043, 0.5519253449955936]], "T": [0.011201146588501788, -0.06553783445355423, 0.057809638192835355], "aligned_model": [[0.4083681606456287, -0.27623516842936724, 0.4424086189368926, 0.0030997504003106753, 0.539711457576575, -0.41335087877919463, 0.28738166288623285, -0.653820545841465, -0.18314088136305226, -0.684109204730994, 0.6464719820608932, -0.10240268246376766, -0.061245703589945674], [-0.4880976830165103, -0.12078549227010736, 0.20092008324792981, 0.5817643705246125, 0.148928019784291, -0.6000470128898228, -0.4466091791061642, 0.025289274480002427, 0.09296202021739962, 0.4802209068042592, 0.1793312435842782, 0.5778549665020901, -0.0010195806113889316], [-0.36984978607550734, -0.7429975991565373, -0.7142806738090288, -0.21050224494942638, -0.09508178829189953, -0.31505454319045534, 0.39032624927223347, -0.2656540098812984, 0.5475760479599976, 0.19283339955063655, 0.43433107265487225, 0.3383519832493371, -0.07980634119395519]], "inverted": true, "swapped": false, "error_lsq": 0.044045874549694934, "error_max": 0.24407961481573512, "target": "983.xyz", "model": "12.xyz", "model_rescale": 4.124412569039231, "target_rescale": 4.031157965841218},
{"mapping": [7, 0, 3, 6, 9, 5, 10, 4, 2, 1, 11, 8, 12], "R": [[-0.186148817889565, 0.009159721300132873, -0.9824788634388131], [-0.616126565352416, 0.7778270695563365, 0.12398832740398352], [0.7653343537731421, 0.6284116082402569, -0.13914804189618024]], "T": [0.011373794302818294, 0.03315530921081711, -0.21459578234147658], "aligned_model": [[0.42545147093978875, -0.4061406118693055, 0.155655141673007, 0.12460771376403817, 0.6248744717282047, -0.17183585747951732, 0.15116107567452552, -0.6438145194352588, -0.3308146698958539, -0.530903731613258, 0.3688256926518382, 0.18707286436805107, -0.0010024731975132734], [-0.43070850281150713, -0.03290092109229556, 0.302005912773682, 0.6871498947942178, 0.21270503265141727, -0.663783153378437, -0.42333577600968286, -0.3066178569691821, 0.11751499931750856, 0.6135432361893682, 0.06787836836833677, 0.5076491482823942, -0.020388444864950422], [-0.2948934543070483, -0.612195692390393, -0.8593093788561252, -0.29875026110004027, -0.2190777028436942, -0.4479557659070712, 0.3481520096385795, 0.05662133517620643, 0.5716522773085158, -0.03585228452236083, 0.7136150293095838, 0.29420826084191953, -0.10602260620910293]], "inverted": false, "swapped": false, "error_lsq": 0.04817531094461816, "error_max": 0.3138677717847932, "target": "983.xyz", "model": "13.xyz", "model_rescale": 3.9028299243045295, "target_rescale": 4.031157965841218},
{"mapping": [4, 3, 7, 9, 10, 0, 5, 2, 12, 1, 13, 11, 15], "R": [[-0.20542079885511255, 0.16427619532868082, -0.9647878663447531], [0.4739534182209204, -0.8458001221233963, -0.24492919542748245], [-0.8562537315273046, -0.5075780580998174, 0.09588567244998386]], "T": [-0.07550234358350541, 0.02333942866571675, -0.041998265895940745], "aligned_model": [[0.29655847918076306, -0.24374697115751212, 0.4271702115202055, 0.13549882246518155, 0.6587165933781001, -0.3109229534439152, 0.1826492860675197, -0.776149712380289, -0.14858035674340916, -0.5547053344005236, 0.45294316783844246, -0.1339424062667583, -0.032352258749058366], [-0.4240071435109624, -0.1423221135510944, 0.33508200229705026, 0.7135578469426643, 0.08139868311308708, -0.7156743922180181, -0.3317274782958776, -0.2016454903528504, 0.09219633890321051, 0.449272329506839, -0.008629221243015631, 0.6753134291482388, 0.107897146511598], [-0.38958287776542433, -0.6190073160511205, -0.7281213058591751, -0.32470394228222327, -0.15559526246257624, -0.3346620973485224, 0.22141597317324702, -0.017001858791371657, 0.646593499133262, 0.06356883748336868, 0.5516133063263695, 0.30059675757392845, -0.10492194699079359]], "inverted": true, "swapped": false, "error_lsq": 0.03773620760571555, "error_max": 0.20369905906785982, "target": "983.xyz", "model": "14.xyz", "model_rescale": 3.942246331269136, "target_rescale": 4.031157965841218},
{"mapping": [3, 12, 4, 11, 10, 1, 2, 0, 7, 8, 9, 6, 14], "R": [[-0.9920553530748052, -0.0724257885244983, 0.10286244014327417], [-0.05184383079113578, -0.5096230739883513, -0.8588344075941321], [0.11462283212573354, -0.8573440544001389, 0.5018194682754026]], "T": [0.0646001969653491, 0.06746992858128371, -0.14872779129245303], "aligned_model": [[0.28460403244634236, -0.39511841216076915, 0.4347057269279465, 0.061854575696099076, 0.7164152670711821, -0.20207692933263724, -0.13385089305562112, -0.5461886525734603, -0.23626515069894552, -0.556091055354025, 0.4885312600150994, 0.04666594033613297, -0.010049142008597453], [-0.42535545326685825, -0.19944475516318028, 0.20853747897135194, 0.7687496817440088, 0.35264328694421593, -0.6560371609648459, -0.4244799156908492, -0.19995343176101776, 0.14738672726112795, 0.48627679588358025, 0.07590589471332583, 0.490047620023839, 0.006435168556171315], [-0.6233533130256735, -0.7696074979889181, -0.5809150421926332, -0.29809376474164034, -0.09568265856477894, -0.3978507277446297, 0.40013506428223367, 0.16133544498451483, 0.6475591268423656, 0.04667974050311238, 0.5356504625915299, 0.21719002253007583, -0.13285509133658924]], "inverted": true, "swapped": false, "error_lsq": 0.045270684183244765, "error_max": 0.2806301689448774, "target": "983.xyz", "model": "15.xyz", "model_rescale": 4.355366556412066, "target_rescale": 4.031157965841218},
{"mapping": [4, 3, 2, 6, 0, 10, 5, 8, 1, 11, 7, 12], "R": [[-0.6482015858370005, 0.6342134380284924, -0.4214356642982144], [-0.7548287745841357, -0.46223799811983657, 0.4653703408619613], [0.10034054603304572, 0.6197655589965011, 0.7783459556672372]], "T": [-0.04157743161730791, 0.07727739716407052, 0.0025749423195955204], "aligned_model": [[-0.2927362153788427, 0.5190498242220055, 0.10665232850566199, -0.5168071437824694, -0.41650843040060476, -0.5110832545979324, -0.12198711457209648, -0.18034137463666872, 0.44196988597279396, 0.1653760891612029, 0.3425729546005919, 0.06165100553813875], [-0.5754821287081929, -0.3845356439353596, -0.5909733056359237, 0.31076698896426985, -0.2219215645856289, -0.1000440063444414, 0.45019338788411706, 0.569260674270753, 0.08068347054592097, -0.08291672378837832, 0.6019452167403903, -0.044199937666545855], [0.09351137832502171, 0.19664953309710695, -0.38842093466686534, 0.008239670623032665, -0.5628568302830134, 0.5346544290071868, -0.7492138155158317, 0.5529750370817117, -0.6573336554088727, 0.6164952130456519, -0.19282512774943808, -0.0026164363462695336]], "inverted": false, "swapped": true, "error_lsq": 0.042781148138323455, "error_max": 0.20294159362019729, "target": "983.xyz", "model": "16.xyz", "model_rescale": 3.795458400668931, "target_rescale": 4.031157965841218},
{"mapping": [6, 0, 1, 2, 5, 3, 8, 7, 11, 4, 9, 10, 12], "R": [[0.7273737423519172, -0.627446023028768, 0.2779189218501505], [-0.6761147839125667, -0.7245577881821498, 0.1337341039505437], [0.11745738764262821, -0.2851797674625152, -0.9512498422171726]], "T": [-0.10626017865376244, 0.03498691914169141, -0.06817867857366368], "aligned_model": [[0.3619096061438676, -0.20268778054432002, 0.3319655172607461, -0.06198256510342069, 0.6395414508677192, -0.23727542063678989, -0.01564617054438594, -0.7088232687306467, -0.31216164091812637, -0.5521880424537774, 0.622376620196363, 0.1795740331303343, -0.0914657713588165], [-0.4133015340058223, -0.060490715067399316, 0.2706182006259241, 0.6914755742187245, 0.2024523170700899, -0.7028036271111703, -0.4965675681870948, -0.22522639063687808, 0.022632457936970378, 0.49039185808428404, 0.02321774678391228, 0.633629014910624, 0.19468460262870518], [-0.26113039897265056, -0.6448901544676156, -0.7517229351219751, -0.3301137529993722, -0.20350005132983245, -0.3696451823480371, 0.34038673950490944, -0.09012031563736093, 0.7146318504490035, 0.02800068645711043, 0.44844089226939776, 0.2461938832049858, -0.016339494869593976]], "inverted": true, "swapped": false, "error_lsq": 0.037962408235488854, "error_max": 0.1978628502103901, "target": "983.xyz", "model": "17.xyz", "model_rescale": 3.7474275329858107, "target_rescale": 4.031157965841218},
{"mapping": [0, 6, 2, 7, 1, 4, 8, 5, 10, 12, 3, 11, 13], "R": [[-0.21340400084165706, -0.1168111510327766, 0.9699556110560793], [0.11890859031576716, -0.9885506500905872, -0.09288896250144556], [0.969700716496534, 0.09551317814770775, 0.22485051306642195]], "T": [-0.01841196954486822, 0.10170030503965741, -0.07118871295855346], "aligned_model": [[0.48759954176466724, -0.1889273134408071, 0.29527380288760435, -0.03915362656329692, 0.6425778691257339, -0.34568478322058926, 0.046880979639418244, -0.6587472213643302, -0.2603755520251489, -0.634244697566518, 0.415922260451143, 0.16212589872620342, 0.02988940889466652], [-0.47182439614792193, -0.1953239925041216, 0.16299531352191365, 0.8219402746240211, 0.3038222772636416, -0.6219868972482757, -0.5229840604595896, -0.14471037302692488, 0.0715609194740339, 0.5167848686847921, 0.007722952805279321, 0.638269062169901, 0.0644459880941206], [-0.409070583337547, -0.7623470852763647, -0.704968550061538, -0.2908326336883159, -0.09871249046410623, -0.3128396196277545, 0.27861226689473606, 0.15788000966059235, 0.5745547443482099, 0.01651407738725448, 0.44175496351092214, 0.37740543412530825, -0.1577587673324273]], "inverted": true, "swapped": false, "error_lsq": 0.038560073316281744, "error_max": 0.2291126245204239, "target": "983.xyz", "model": "18.xyz", "model_rescale": 3.922800546911778, "target_rescale": 4.031157965841218},
{"mapping": [1, 5, 8, 13, 6, 0, 2, 3, 9, 7, 10, 11, 14], "R": [[-0.04545931796746855, 0.9446560315592147, 0.324897572241974], [-0.19538807345611772, 0.3105441315166258, -0.9302611693130546], [-0.9796718589206488, -0.10577014899952031, 0.17045739766751083]], "T": [0.033929609241016366, 0.10807448418062926, -0.17385463648559202], "aligned_model": [[0.41955720175891525, -0.22876223470616083, 0.30506314440593774, -0.03670524792750327, 0.7212490962371177, -0.375044718316265, 0.060227599352267035, -0.5575537670506931, -0.22908771226962013, -0.5979234098730545, 0.4886168250608157, 0.025873010909329607, -0.04237322027233969], [-0.5043177405712682, -0.2125489741919243, 0.2881238579908627, 0.7851279193797318, 0.06144548634205793, -0.6124805661231811, -0.3829669788198994, -0.11642541596816747, -0.03312694369322375, 0.4641741232969314, 0.13711833890448327, 0.6180324860758946, 0.13855634462857214], [-0.3295792231381708, -0.8147347448136399, -0.6919853951953352, -0.26563213731266155, -0.2082847289789053, -0.2833217756535675, 0.347025061830819, -0.07953362085892712, 0.5835271901162478, 0.1610570359242069, 0.4917403135674601, 0.32325857023407994, -0.12334477958263709]], "inverted": true, "swapped": false, "error_lsq": 0.03485894301558562, "error_max": 0.2124562076105855, "target": "983.xyz", "model": "19.xyz", "model_rescale": 3.9282355846067225, "target_rescale": 4.031157965841218},
{"mapping": [10, 9, 11, 4, 0, 12, 2, 7, 5, 6, 1, 3, 13], "R": [[-0.5427907337667671, -0.8057037891690952, 0.23710677648582057], [-0.79329486141877, 0.39913088155894727, -0.45975841725035593], [0.27579246215861186, -0.43764819604853833, -0.8558052198438327]], "T": [-0.14985820822376045, 0.11220698477231411, -0.1213172246682514], "aligned_model": [[0.3923534827580158, -0.2779521021597411, 0.3342142370119678, 0.053404793644223986, 0.61247277682802, -0.36871716205406135, 0.06658274747085835, -0.5778146098754355, -0.23530283823116774, -0.6077474525947102, 0.4097464555453518, 0.1559839950604585, -0.004087756095033812], [-0.5393808353916807, -0.07349887292501361, 0.18271507378300061, 0.6678260772786802, 0.3544715884699862, -0.5881776481108316, -0.4741398283903095, -0.31102353382498904, 0.16908775373568247, 0.4524429805844848, 0.06722836120703707, 0.6486446114950308, 0.07451620933979147], [-0.2751812677975078, -0.7751750945383038, -0.6448300215257099, -0.3434420117898831, -0.14019364440374213, -0.5506847474468297, 0.4154014518764662, 0.039390655638940786, 0.569446081807726, 0.19714935301324626, 0.3749894748801674, 0.3088574938681949, -0.06553595744379576]], "inverted": false, "swapped": false, "error_lsq": 0.043863790683692255, "error_max": 0.23655946610651524, "target": "983.xyz", "model": "20.xyz", "model_rescale": 4.067790424073018, "target_rescale": 4.031157965841218},
{"mapping": [1, 9, 7, 0, 8, 10, 5, 11, 6, 3, 4, 2, 14], "R": [[-0.49469123164258244, 0.6694968996479135, -0.5541249738982865], [0.17157380424633129, -0.5498226711428076, -0.8174701584729743], [-0.8519642099480391, -0.4994686493256807, 0.15712432436893325]], "T": [-0.04711019395585227, 0.024648178104238343, -0.032040982414181726], "aligned_model": [[0.3598592865721411, -0.1508579005883504, 0.37308128215621394, 0.10179025121846184, 0.5161897929813288, -0.3854527362996012, 0.35455324687982215, -0.6638594043338648, -0.25919291822361745, -0.6811521599609713, 0.47473607853550026, 0.0008256822580999107, -0.08738393388641626], [-0.4989902438889027, -0.18424646247897541, 0.15658291516654013, 0.6703868196733577, 0.07528096800917301, -0.5942473585387165, -0.3332561868877713, -0.15117736724907385, 0.07026642827292047, 0.5704327563426083, 0.20891557150504636, 0.6627316849756223, -0.021967587650958968], [-0.5152425409900281, -0.7734243798361886, -0.6342837123560634, -0.287595856623848, -0.10482382399149255, -0.44890961917817007, 0.21093446217559336, 0.05004460145080934, 0.6754169993869159, 0.1224096444940569, 0.547781827030593, 0.347792562140863, -0.07990839756407171]], "inverted": false, "swapped": false, "error_lsq": 0.042216311671447494, "error_max": 0.2551843988007373, "target": "983.xyz", "model": "21.xyz", "model_rescale": 4.186013935880536, "target_rescale": 4.031157965841218},
{"mapping": [2, 9, 1, 7, 0, 8, 5, 11, 3, 4, 6, 6, 12], "R": [[0.01667112405943305, 0.36796879733418547, 0.9296886778976218], [0.8309349084669784, 0.5120632823257735, -0.21757383295040172], [-0.5561198175875134, 0.7761379768328491, -0.2972214484256522]], "T": [-0.065379149559787, 0.04593807095832116, -0.15969010659023355], "aligned_model": [[0.33603991758918633, -0.31794017462820123, 0.4487902199015213, 0.026139194731312654, 0.644484338444271, -0.3099187743946487, 0.24316962651810214, -0.6042817046013761, -0.15032368516218247, -0.5092289413610456, 0.11557322633120444, 0.11557322633120444, -0.08493990239060162], [-0.5627114306086368, -0.00812715490432308, 0.24791949429402033, 0.7473518544722167, 0.1185390539250295, -0.6087774174622986, -0.46332026034750906, -0.21947008197329013, 0.02192451807713896, 0.5275912805199671, 0.3887625061726829, 0.3887625061726829, 0.05226706891318866], [-0.2942550338058082, -0.7242613068893147, -0.6392280092292132, -0.35454091319824066, -0.047389765195597844, -0.4746760297858429, 0.3342657425413401, 0.035523948331374566, 0.7593019662188326, 0.1543539935062501, 0.23978516585670248, 0.23978516585670248, -0.11847315806821593]], "inverted": true, "swapped": false, "error_lsq": 0.056615577097902665, "error_max": 0.5484681048420421, "target": "983.xyz", "model": "22.xyz", "model_rescale": 4.166573947596378, "target_rescale": 4.031157965841218},
{"mapping": [13, 12, 6, 2, 1, 14, 7, 9, 8, 3, 0, 4, 15], "R": [[-0.647994039591222, 0.6231939070716944, -0.43787335936657107], [0.2059059672238866, -0.4101605565531783, -0.888465559551738], [-0.7332847041332893, -0.6658811245535524, 0.13746225171824772]], "T": [-0.09767473623311834, 0.020257976389342777, -0.11111567004037623], "aligned_model": [[0.28449873020281985, -0.26887636567250683, 0.34828859258350303, 0.04649324131219418, 0.5253721657534989, -0.3472326345749357, 0.3213384626392671, -0.6631047919353248, -0.3076939440307329, -0.45665672374617633, 0.4872111700324743, 0.014178139884957475, -0.030679475140291665], [-0.712974745322947, -0.0509785161161556, 0.2528466634373866, 0.6489942282427592, 0.36645352257903474, -0.63724051745877, -0.386468899040711, -0.13457406900933871, 0.043149719793766625, 0.4827080201563654, 0.16887328089206688, 0.5536810935405617, 0.03624215555685084], [-0.2931221431628199, -0.7396033146619944, -0.6821908349485774, -0.3027287151205671, -0.11887856836773328, -0.4735992547486003, 0.3016685782344969, 0.01836427477098959, 0.6695552213480208, 0.025626941010890164, 0.4389549897456675, 0.3816339880593378, -0.11548939602014091]], "inverted": false, "swapped": false, "error_lsq": 0.042043385228250095, "error_max": 0.3192602634317609, "target": "983.xyz", "model": "23.xyz", "model_rescale": 4.274766983524099, "target_rescale": 4.031157965841218},
{"mapping": [6, 7, 5, 0, 1, 2, 4, 3, 11, 9, 12], "R": [[0.15572106811491293, -0.3688320036634001, -0.9163590464543864], [0.9876260745306729, 0.07559484524818239, 0.13740508097969736], [0.018592628977217807, -0.9264169538849907, 0.3760398139853951]], "T": [0.10060952180472363, 0.031904307097927506, -0.0803682638189461], "aligned_model": [[0.21745813038564357, 0.0958739417131502, -0.452291837987572, -0.5156042950949614, -0.5341515761142162, -0.5187350204914608, -0.046078777062129955, 0.07909875821617299, 0.5987722780310719, 0.41042244057371424, 0.04513066178866273], [-0.11120418993441251, 0.7069919014809417, 0.4369422788926479, -0.28323042053789843, 0.5156105814502945, -0.2516355489534324, -0.6220768142040003, 0.016428952166360332, -0.10358258436669578, 0.5980486791239307, 0.01329369612574767], [-0.5766132826354632, -0.15291715564139527, -0.5712477983277582, -0.3464077295549197, 0.09967494144388381, 0.3164016031789333, 0.1392596137994164, 0.6709884771133896, 0.3425586630950599, 0.3898610034443092, 0.06800809810612127]], "inverted": true, "swapped": true, "error_lsq": 0.039843114184108346, "error_max": 0.1991900254177112, "target": "983.xyz", "model": "24.xyz", "model_rescale": 3.7841303162186577, "target_rescale": 4.031157965841218},
{"mapping": [3, 11, 13, 14, 12, 6, 4, 7, 8, 10, 2, 9, 15], "R": [[-0.5182926937467068, -0.41532882683830585, 0.7475791925982818], [-0.6011493614050948, 0.7986822558780732, 0.026946232162560216], [-0.6082697829836929, -0.435440718976336, -0.6636258368737179]], "T": [-0.10813249377050645, 0.027820693438864688, 0.046652170778728394], "aligned_model": [[0.3597297729392875, -0.3387028379936862, 0.22948137574084204, 0.10464092835877102, 0.568411948182599, -0.19273266244818701, 0.24973797120976077, -0.7190448587176769, -0.15458988390941447, -0.6105426293421945, 0.4467369144566509, 0.11497315949305552, -0.10496263066106129], [-0.4420654993108168, -0.0816709611521673, 0.1936799082960191, 0.7329315509625975, 0.32709767244463667, -0.6347123119151088, -0.5874314951466906, -0.093402028638377, 0.038275293320730326, 0.5966376177641611, 0.07579533547162093, 0.5381094516290371, -0.032532596474772406], [-0.4108560290226892, -0.6774172064928202, -0.639283389774581, -0.24804277615471304, -0.12035924897356091, -0.22888236520427385, 0.270477588445817, -0.14015439791492912, 0.6358806458897452, -0.12448072364296563, 0.5551906663350578, 0.2254536228776824, 0.012665379771199803]], "inverted": false, "swapped": false, "error_lsq": 0.040679314641215984, "error_max": 0.2304537968998827, "target": "983.xyz", "model": "25.xyz", "model_rescale": 4.19342608120988, "target_rescale": 4.031157965841218},
{"mapping": [4, 3, 2, 6, 0, 10, 5, 8, 1, 11, 7, 12], "R": [[-0.6482015858370005, 0.6342134380284924, -0.4214356642982144], [-0.7548287745841357, -0.46223799811983657, 0.4653703408619613], [0.10034054603304572, 0.6197655589965011, 0.7783459556672372]], "T": [-0.04157743161730791, 0.07727739716407052, 0.0025749423195955204], "aligned_model": [[-0.2927362153788427, 0.5190498242220055, 0.10665232850566199, -0.5168071437824694, -0.41650843040060476, -0.5110832545979324, -0.12198711457209648, -0.18034137463666872, 0.44196988597279396, 0.1653760891612029, 0.3425729546005919, 0.06165100553813875], [-0.5754821287081929, -0.3845356439353596, -0.5909733056359237, 0.31076698896426985, -0.2219215645856289, -0.1000440063444414, 0.45019338788411706, 0.569260674270753, 0.08068347054592097, -0.08291672378837832, 0.6019452167403903, -0.044199937666545855], [0.09351137832502171, 0.19664953309710695, -0.38842093466686534, 0.008239670623032665, -0.5628568302830134, 0.5346544290071868, -0.7492138155158317, 0.5529750370817117, -0.6573336554088727, 0.6164952130456519, -0.19282512774943808, -0.0026164363462695336]], "inverted": false, "swapped": true, "error_lsq": 0.042781148138323455, "error_max": 0.20294159362019729, "target": "983.xyz", "model": "26.xyz", "model_rescale": 3.795458400668931, "target_rescale": 4.031157965841218},
{"mapping": [9, 3, 4, 10, 11, 2, 1, 0, 6, 7, 8, 5, 12], "R": [[0.2550551771278789, 0.7992175011667904, 0.5442409782890091], [-0.9627781324190168, 0.2619946418420908, 0.06646108170790638], [-0.08947136053518322, -0.5409345556301113, 0.8362922229515454]], "T": [0.1055266726170088, -0.026469500173035412, -0.06839799934258269], "aligned_model": [[0.20533550080314472, -0.39031578014705337, 0.37564680640636405, 0.12029401681847778, 0.7600478951999391, -0.24576295479196894, 0.06628094295371295, -0.6839035873725109, -0.18459265891108864, -0.4941833318223263, 0.4829092828492906, -0.03729638304432839, -0.021323181632905946], [-0.338381453049902, 0.0064573510311252275, 0.31149620308912873, 0.645283375481327, 0.22443784160808322, -0.7932571197608635, -0.4565709673888712, -0.2869779522398313, 0.05889851609845702, 0.5178607796500196, 0.09807655250513898, 0.5658173126470339, 0.07757149758002366], [-0.3461090390656336, -0.6144132402970408, -0.7837143485033695, -0.30549803752174876, -0.2106023127870536, -0.32032508804265863, 0.3363558408531712, -0.08283417291992513, 0.6995408230563283, -0.13367093150089104, 0.5421938089571416, 0.3739348775852318, -0.044666413674582926]], "inverted": false, "swapped": false, "error_lsq": 0.039708164605138756, "error_max": 0.24671223371162582, "target": "983.xyz", "model": "27.xyz", "model_rescale": 3.6321398670334006, "target_rescale": 4.031157965841218},
{"mapping": [12, 4, 6, 13, 9, 7, 8, 3, 0, 2, 10, 11, 14], "R": [[0.49630103331917047, 0.6478296803454282, -0.5779290523843427], [-0.30620321729177713, -0.49229440420988857, -0.8147918809756243], [-0.8123576023196243, 0.5813457876747465, -0.04595868912773951]], "T": [-0.05276266762470695, 0.02421443836123758, -0.02472925863679338], "aligned_model": [[0.4723365571960346, -0.4075569832839555, 0.2605849880954667, 0.1293857554161998, 0.5667867522913986, -0.20464140212332915, 0.1229144949926017, -0.6105061984296133, -0.28008272929116435, -0.48678496697324214, 0.38352930919523864, 0.08178992876200915, -0.07461893853889778], [-0.49238707892115285, -0.0654698183501525, 0.16520980573180657, 0.7361102845203439, 0.27224432878534094, -0.6718606374005646, -0.42691746167592853, -0.3473656920184036, 0.07474595193436429, 0.678898119135973, 0.05170255264386043, 0.5796225723839857, 0.07617901048139664], [-0.4001002848150774, -0.7680629522314282, -0.7217522067349722, -0.38040268766849805, -0.059540908383014964, -0.3301792920533168, 0.15595599006423136, 0.1249719120820034, 0.5542213868588425, 0.10355786280519125, 0.6183612074193721, 0.2684315161706078, -0.05526977737497203]], "inverted": false, "swapped": false, "error_lsq": 0.04369524510510826, "error_max": 0.3042601845928765, "target": "983.xyz", "model": "28.xyz", "model_rescale": 4.156811204709835, "target_rescale": 4.031157965841218},
