[{"mapping": [3, 5, 12, 10, 11, 9, 13, 2, 1, 6, 0, 8, 4, 15], "R": [[-0.9307534622737722, -0.09772810784424564, -0.35234529853904567], [-0.024171888311757685, 0.9779578537971056, -0.20739854390039245], [0.3648475192197826, -0.18452006160237047, -0.9125999312872141]], "T": [0.03287096071924204, -0.05765909464346955, 0.04196742191437067], "aligned_model": [[0.1344882533002667, 0.27582694772362465, -0.5687799855571125, -0.426760942114118, -0.5612305408715944, 0.029664233937398456, -0.7053228142442743, 0.03664741290128721, -0.18935146093995006, 0.10508720408294889, 0.45585736121046033, 0.1433135710404015, 0.6789958749192356, -0.036943014260270336], [-0.6909922410281453, -0.3910590796368233, -0.3486939165068671, -0.1432443454736469, 0.29639929410783705, 0.24580604143976267, 0.10718728021906165, 0.41450722609643487, 0.6456966777213912, -0.1729781337697004, 0.6436669655087817, 0.5892587492401781, -0.022794976025579686, 0.0625137899173499], [0.2580032172795578, -0.33152208465294464, 0.33776177870552293, -0.42557095697651137, 0.7204845264105633, -0.7232201162489855, 0.0023284373525129243, 0.6306640692801607, 0.2609287070016445, 0.6323699775698072, 0.2976376020360625, -0.20870207305443614, 0.3794536520287428, 0.0669713504481368]], "inverted": false, "swapped": true, "error_lsq": 0.05021816642057704, "error_max": 0.317216595996523, "target": "984.xyz", "model": "0.xyz", "model_rescale": 3.8414455957264533, "target_rescale": 4.1955891424311185},
{"mapping": [12, 11, 4, 2, 6, 0, 7, 3, 9, 5, 8, 13, 14, 10, 15], "R": [[0.7994300470975775, -0.47877520114982747, -0.36288552817866376], [-0.507139000263567, -0.2140017922903289, -0.8348732043299733], [0.3220584329112272, 0.8514561290286596, -0.41388503975173524]], "T": [-0.021081881438946883, -0.006503312798780338, 0.09525368532945208], "aligned_model": [[-0.6940277079256759, -0.6959533445274354, 0.1211949617400006, -0.24293602878269388, -0.4473888346513531, 0.3270927265414625, 0.7482698452480315, -0.3779727773319999, 0.6463942648107964, 0.24542646332154114, 0.4867921271556737, -0.34527121581019377, 0.11508239060888178, 0.014413780465853392, -0.029072497358344572], [0.2777900512520065, 0.05135262836479112, -0.7222497406569179, -0.36105459009222685, -0.43000100362342003, -0.48027752592218587, -0.31836689459959544, -0.23476363133444253, 0.4749002432653719, 0.0245120834893914, 0.07651617639498182, 0.6028960083227499, 0.708482745377272, 0.641403215669225, 0.035904762136013915], [0.1176284025916655, -0.597494895551401, 0.10261696836840398, -0.5329128274104644, 0.017788003740844688, -0.5296106327345906, 0.15349771166961343, 0.6231121216082823, 0.07682677914458971, 0.5827871923798409, -0.38297974974757554, -0.21653048472067457, -0.4326243363757605, 0.22227984543937523, -0.039202311062613876]], "inverted": true, "swapped": true, "error_lsq": 0.033791862020827734, "error_max": 0.18684564005976906, "target": "984.xyz", "model": "1.xyz", "model_rescale": 4.316132596720782, "target_rescale": 4.1955891424311185},
{"mapping": [3, 6, 12, 9, 10, 5, 14, 7, 11, 4, 1, 15], "R": [[-0.3210405665009686, -0.18255389324138477, 0.9293045952340654], [0.34273663811687766, -0.9371321144645848, -0.06568863624308843], [0.8828728966012477, 0.2974180157649322, 0.36342533255866055]], "T": [-0.060819287598255, -0.05053762148699812, 0.03334581874220716], "aligned_model": [[-0.08870015875264374, 0.4480177150051526, 0.1024395298434213, -0.6633370112902244, -0.5324132822225833, -0.5273082122502903, -0.2004997163393275, -0.3089556562732203, 0.6935338446032491, 0.27320135261706197, 0.39642694953625185, 0.00540320015493384], [-0.6841550144310978, -0.3521702914917497, -0.5444806495619532, 0.49917664015664387, -0.055069952587089244, -0.17100390751956612, 0.45802314426670776, 0.45988682094538, -0.09215220197884308, -0.007576030392710299, 0.46655201634760723, 0.0357458539876512], [0.26969316846814395, 0.1644621086623329, -0.4800217627678384, -0.07800930533297237, -0.43007301903509104, 0.3118301634318969, -0.6948411788968385, 0.6419906829467604, -0.5732174315127213, 0.6807825960684256, -0.30662532215732086, -0.05671223866535655]], "inverted": true, "swapped": true, "error_lsq": 0.04561841114172408, "error_max": 0.24391352404112726, "target": "984.xyz", "model": "2.xyz", "model_rescale": 3.795458400668931, "target_rescale": 4.1955891424311185},
{"mapping": [9, 8, 1, 6, 10, 12, 2, 5, 4, 3, 13, 15], "R": [[0.46485181862695146, 0.8698140023868076, -0.16533719475985562], [-0.8462451832681556, 0.3815740345926343, -0.3718472077616628], [-0.2603495275867844, 0.3127696554599595, 0.913451293780241]], "T": [0.1614521656710157, -0.022771350466649427, 0.045018251791449596], "aligned_model": [[0.017264039917251922, -0.3129143082561122, -0.5901897504162714, 0.20092524225701464, 0.09986807372734523, 0.09199870916111572, -0.3435273696134594, 0.6241132737573948, 0.3738350745255279, 0.7269135941297182, -0.31536665972363465, 0.020383906277674224], [-0.19326068814484987, -0.4346215287243492, -0.1492904828186026, -0.008631265974633335, 0.4040114056999697, 0.6562853103234657, -0.2249305550203793, -0.09483083303337701, -0.5952252006743173, 0.19440115292203258, 0.5486755429227966, -0.016813812188046964], [-0.7472926156115103, -0.26945168588237595, 0.1502015713038904, 0.6494442427534767, -0.45622254428972675, 0.30624171746249124, 0.5681304420622763, -0.25569706735148695, 0.4447431027110233, 0.3470081357899307, -0.09558004685443404, 0.04724617854554533]], "inverted": true, "swapped": true, "error_lsq": 0.04361957638047393, "error_max": 0.24781119613411137, "target": "984.xyz", "model": "3.xyz", "model_rescale": 3.7530521520055578, "target_rescale": 4.1955891424311185},
{"mapping": [2, 14, 12, 10, 6, 9, 4, 8, 7, 5, 15], "R": [[0.2983049432246899, -0.8997662503167129, 0.3184883916859723], [-0.36350315119699367, 0.20143845288163809, 0.9095537415515962], [-0.8825415683793996, -0.3870959112308665, -0.2669777810807017]], "T": [0.07496180303771607, -0.11932758471898831, 0.04841329108275619], "aligned_model": [[-0.3855430177818022, -0.2631073973497323, 0.5293632845301326, 0.3027031502008031, 0.15375568221309643, -0.20124872282302755, -0.1586870499227635, -0.5710669006979311, -0.37436646751175684, 0.3252994603232261, -0.018902418735039353], [-0.699848457977653, 0.25028718264152733, -0.4189658454321578, 0.34751570693035105, -0.7117517424402279, 0.6509549087194391, -0.45734919946892194, 0.1421936316213579, 0.25836138327048885, 0.24794539720567432, -0.14213960675553136], [-0.09458973114000585, -0.6982426656110055, -0.4393526738390162, -0.3606951014395019, 0.14798229362777313, -0.04095094214942804, 0.6515214642207614, -0.03984219016935052, 0.6383357337464043, 0.38325532432187626, -0.054590734323190795]], "inverted": false, "swapped": true, "error_lsq": 0.04579820490570134, "error_max": 0.2813639682595484, "target": "984.xyz", "model": "4.xyz", "model_rescale": 3.7855080009869324, "target_rescale": 4.1955891424311185},
{"mapping": [11, 4, 6, 15, 13, 14, 8, 12, 1, 2, 3, 7, 10, 5, 0, 16], "R": [[0.31867075726134847, -0.6925734859404371, 0.6471405682220751], [0.8822572419487229, 0.4663138911121522, 0.06460273976292844], [-0.3465127811430792, 0.5503574488713271, 0.7596285743548181]], "T": [0.054108240877449955, 0.12509055158942378, -0.04302706519191735], "aligned_model": [[-0.44632609148286445, 0.3739941889907177, 0.12296940559020239, -0.0647264511865761, -0.4037560617544963, -0.4440755292641592, 0.19412339635288467, -0.6080492873303346, -0.20669985526427473, -0.18492287670056667, 0.33235043172768536, 0.7068891029864064, 0.606053123167896, 0.7755705504926764, 0.2951123515218574, 0.025193444313778936], [0.5266954602769982, 0.7644566855571622, 0.37195308232747637, -0.6877246369634975, -0.09392318251782072, -0.20356839830756895, -0.35829745519001405, 0.28179556459105076, 0.816570907061474, 0.2149544114485641, 0.07857052130526523, 0.2359228455006596, -0.3471909514676652, 0.346980741364395, 0.7360265397744625, 0.09860499458400862], [-0.5128304332231306, -0.2324596674550221, -0.643355391176099, -0.11031667735890072, -0.5599998918696463, 0.2755535750751391, -0.5350043666018628, -0.05052438124968612, 0.12110091527620989, 0.6502075986119874, 0.5916648091947511, -0.39368761410862907, 0.014168239316470037, 0.24913748451525336, 0.3778626119366407, -0.0062955799839982465]], "inverted": true, "swapped": false, "error_lsq": 0.03462895973613655, "error_max": 0.2445115509745867, "target": "984.xyz", "model": "5.xyz", "model_rescale": 4.2253639853439635, "target_rescale": 4.1955891424311185},
{"mapping": [12, 5, 8, 14, 9, 0, 1, 13, 4, 6, 7, 2, 11, 15], "R": [[0.9400950722845853, -0.340718614098289, -0.011492653008832426], [-0.22389211396874092, -0.591628461231372, -0.7744986024284402], [0.2570867098253983, 0.7306754340115316, -0.6324712118058902]], "T": [0.0537902729121963, 0.046991899308966384, -0.21626713599168784], "aligned_model": [[0.7838116080987005, -0.18735052681533285, -0.3718049188916615, 0.21975337826726687, -0.36939837835077527, -0.44202904773602736, 0.0824285355296568, 0.5973530938011108, -0.3592501091970099, 0.27988276569940357, -0.7770860448346172, 0.12879635515358367, 0.7087621368420175, 0.08019330519146822], [0.05990659607308676, 0.041262857180146356, -0.34441568016764623, -0.7742647189889844, -0.6417983323718908, 0.17342942735150865, -0.20219363693537484, -0.44808005051120015, 0.62874567825607, 0.5670235685982442, 0.04195965113753864, 0.28651049373297854, 0.07887471409293109, -0.02186142081241675], [-0.24915316618367367, -0.7177607709600617, 0.1827370019056928, 0.10991501056230196, -0.3714854424456089, 0.4724416060953281, 0.5111410094225555, -0.03428128476735681, -0.06280687904674559, -0.002870575671452519, -0.2628778718796699, 0.49543783743747577, 0.4969612576616372, -0.09583952319897421]], "inverted": false, "swapped": true, "error_lsq": 0.05118186417624675, "error_max": 0.3316231245974635, "target": "984.xyz", "model": "6.xyz", "model_rescale": 3.89814844738969, "target_rescale": 4.1955891424311185},
{"mapping": [6, 4, 0, 12, 1, 7, 5, 11, 10, 9, 8, 14, 15], "R": [[0.2977986974600065, 0.6128144242955749, -0.7319661311607301], [-0.7992256999668061, 0.5793715331068958, 0.15989655136348102], [0.5220672526635747, 0.5373891588045376, 0.6623131251120267]], "T": [-0.22116378763246153, -0.03702033108449723, -0.14226708955699796], "aligned_model": [[0.07910320171071128, -0.022431359517162686, 0.4367346033142329, -0.19376261909511414, 0.4649614593328098, -0.33399044246482484, -0.7362537218649605, 0.5394976915402143, -0.558689891882661, -0.5029101022109999, 0.08501065286466597, 0.0010091026790691182, -0.10964677350175776], [-0.3766295328610928, 0.20617056735137082, 0.4783217854611451, -0.7385242338114949, 0.09235217997388709, 0.7488077543147981, 0.13531291848700577, -0.5855440361785447, -0.11978174187044062, 0.5452845964511611, 0.5267192068749601, 0.07954558730659032, -0.028253786028859838], [-0.5442548623741383, -0.8010185419023537, -0.336522562470023, 0.0610082916955354, 0.18104559258431474, -0.39186217318485816, -0.2633504652748263, 0.10107476254471265, 0.42023191918185976, 0.36680395269964894, 0.14407258276429263, 0.7211288634379858, -0.05608232886585486]], "inverted": false, "swapped": true, "error_lsq": 0.052365350950381556, "error_max": 0.2863524995153875, "target": "984.xyz", "model": "7.xyz", "model_rescale": 3.7474275329858107, "target_rescale": 4.1955891424311185},
{"mapping": [4, 6, 3, 5, 12, 9, 7, 8, 10, 14, 0, 1, 2, 11, 15], "R": [[0.9011149956441136, -0.431740408381936, 0.03989967914041434], [0.19434311990793413, 0.31993006685248787, -0.9272947234122562], [0.38758549556163635, 0.8433534087759185, 0.37219955875347166]], "T": [0.0383487258418405, -0.19032017165357756, -0.11474004635814525], "aligned_model": [[-0.37560408022956476, 0.25161085035284236, 0.3227940699505505, -0.14674271948373246, 0.7677070800996252, -0.38096990526153024, -0.7823897310432905, -0.43701697851825605, 0.275691747313377, 0.14901029486124878, -0.5265974391346239, -0.01817781446813966, 0.040743927305354935, 0.6122056682813072, 0.04988875231357806], [0.19076397327634204, 0.2668738525392342, -0.31027562573233447, -0.6498491585090487, -0.15109061678824084, -0.695426909659812, -0.3034102274407872, -0.06898845998457015, -0.6870230820160068, -0.2911075364921046, 0.4285537537559319, 0.3241433404616055, 0.551604858206391, 0.5010660586116784, -0.11671625824868526], [-0.5795064563561181, -0.4502720639160388, -0.7170771185957059, -0.36821951345087356, -0.0887234497085644, 0.381901080921364, -0.19317705475368163, 0.38809345041711274, 0.25150163067226583, 0.7718246170471368, 0.06957998451008332, 0.45461769400972807, 0.02331991065002051, 0.24771365847211266, 0.005218285777419257]], "inverted": false, "swapped": true, "error_lsq": 0.04157241383671619, "error_max": 0.27685475256441777, "target": "984.xyz", "model": "8.xyz", "model_rescale": 4.019505241142653, "target_rescale": 4.1955891424311185},
{"mapping": [5, 10, 8, 7, 4, 0, 1, 3, 6, 12, 14, 2, 15], "R": [[-0.3409356933382596, 0.38297576829308233, -0.8585408632722638], [0.5892740582682271, 0.7986315458702923, 0.12224458349113713], [0.7324745301101292, -0.4642383168601562, -0.497959685013551]], "T": [-0.1097780659351389, -0.1683055706524137, 0.03934280617786992], "aligned_model": [[-0.37504159003017196, -0.700590091248637, 0.16985238660207852, 0.21989059285233858, 0.48467279914052946, 0.6803473049146492, 0.284113183296077, -0.278665674040773, 0.21502710508421646, -0.44934402476574087, -0.3658803624866727, 0.5036463212428313, -0.06832717881954897], [-0.5617725298154188, 0.09654216350492995, 0.24839957073196123, -0.4284719040837871, -0.5899203246867021, 0.057220448882140784, 0.49236324253967345, -0.7154103579386805, -0.3280975778633796, 0.005777786633342469, 0.6669213809480975, 0.15338368213763814, -0.033557352875756535], [-0.251340161954838, -0.09472913516138776, -0.4522862183672587, -0.6791176269542011, 0.0011454865708811213, -0.20760433696219424, 0.05940756704230968, 0.4002607205252825, 0.5251997394675083, 0.6626961365783399, -0.1732801727990058, 0.3389184802680286, 0.04743301579041454]], "inverted": false, "swapped": true, "error_lsq": 0.056937130319268434, "error_max": 0.3116111130452264, "target": "984.xyz", "model": "9.xyz", "model_rescale": 3.877068213659057, "target_rescale": 4.1955891424311185},
{"mapping": [12, 3, 6, 9, 11, 8, 10, 0, 5, 1, 7, 13, 2, 4, 4, 15], "R": [[0.30447510986259907, 0.4536394280165682, -0.8375596556800947], [-0.644439619291126, 0.7456162222805345, 0.1695701216606656], [0.7014217594016218, 0.4881267442180415, 0.5193648014806432]], "T": [0.12183720044502815, 0.13214131306119378, -0.14190676711396744], "aligned_model": [[-0.39102850390185323, 0.32179142703088204, 0.22041630231625153, 0.15780138889298367, -0.5170011771271945, -0.264402355213773, -0.02114029882512876, -0.6478971711434187, -0.2095236207116017, -0.25239700769668855, 0.20916047141739647, 0.8451679018483885, 0.5908540335732312, 0.49875654952742365, 0.49875654952742365, 0.034385352646511144], [0.5273023664370657, 0.7320336788899319, 0.3758459618215812, -0.5268987992047673, -0.1554981852482412, -0.3738738990658659, -0.24127808910106732, 0.26759604875064114, 0.7961377721586634, 0.4564389273275513, 0.002031201896690593, 0.1390560411200972, -0.24259100070233527, 0.4380638075573804, 0.4380638075573804, 0.1493974891502441], [-0.5147495314438902, -0.19584005385858802, -0.6997551156565501, -0.14615075973908853, -0.3738643550840334, 0.29408697888314694, -0.7278471772676874, 0.009510033170646442, 0.10366226747906876, 0.5706144080388315, 0.6591753602214608, -0.414639931409887, 0.1408550782848207, 0.3297222305033385, 0.3297222305033385, -0.12928043172545003]], "inverted": true, "swapped": false, "error_lsq": 0.04210052141137381, "error_max": 0.2690655626034091, "target": "984.xyz", "model": "10.xyz", "model_rescale": 4.260839863003843, "target_rescale": 4.1955891424311185},
{"mapping": [4, 6, 12, 3, 10, 5, 7, 0, 1, 14, 8, 15], "R": [[-0.36287111674706096, 0.5485168775903496, -0.7532952858137865], [-0.7324448018327497, 0.3318568245739978, 0.594470907826318], [0.5760635076959177, 0.7674635385359987, 0.2813370791752823]], "T": [-0.11395404751875034, -0.017837491234466492, -0.10709722845682479], "aligned_model": [[0.41875274017303327, 0.11280025484937102, -0.5144898191445962, -0.40429999280043605, -0.6387738755692722, -0.38380142280989527, 0.2793232121189625, 0.7264691781598901, 0.3566527411785186, -0.22379570647712832, 0.2867412644228992, -0.056679925007215984], [-0.0199590728713221, -0.5255520996860178, -0.6038184589007728, -0.2999762463249047, 0.16847729062028982, 0.3413252089565891, 0.6713801644211383, 0.09908152956534771, -0.1522866505074808, 0.14770425543239007, 0.3907122334638899, -0.04400964863621302], [-0.6059046504868317, -0.3477156131190709, 0.06719227605429393, -0.6495042419389346, 0.2493146219988367, -0.43552092122378805, -0.35782688326180506, 0.020031536847398085, 0.48661049894525255, 0.7697902889794829, 0.30041455303472525, 0.01929661156594556]], "inverted": false, "swapped": true, "error_lsq": 0.040827423294199236, "error_max": 0.22703103542060818, "target": "984.xyz", "model": "11.xyz", "model_rescale": 3.890672605050136, "target_rescale": 4.1955891424311185},
{"mapping": [13, 11, 2, 14, 1, 5, 12, 9, 10, 3, 0, 6, 7, 15], "R": [[0.19040180611234395, 0.9816998529342535, 0.0035427359516344015], [-0.21023040155986095, 0.044298930107793705, -0.9766477272032557], [-0.9589318695763206, 0.18521070039328302, 0.21481775059499286]], "T": [-0.09210263102596593, -0.004718046647285523, 0.19259401346736116], "aligned_model": [[0.2723991379366585, 0.33098228021037446, 0.29000316676411614, 0.6455430895548817, 0.6152263553012646, -0.43415871046531396, -0.23885384480754562, 0.2864295201633498, 0.006036677195515469, -0.7494696683248248, 0.4320217899824942, -0.289859427560508, 0.0046620307400521005, 0.038913438103179085], [-0.3905873881044707, 0.3131829972518185, 0.5905310785803185, -0.4820891116422313, 0.2293775121824528, -0.2594811887493509, -0.1613841163217859, -0.5473345201422436, -0.649340101379752, 0.06496704597904705, 0.603954591747795, 0.4811185462045135, 0.13101585240374056, 0.008221321817913931], [-0.3477012183678052, -0.6189708219608093, -0.07045099572848035, 0.0018149910822811144, 0.00044520131490186077, 0.5500446437306246, -0.506046991676312, 0.682383880331765, 0.08300596789624998, 0.04726342660189714, 0.49418013586753595, -0.11062851007860708, 1.007926000142664, 0.14152472620095602]], "inverted": false, "swapped": true, "error_lsq": 0.05052568905309591, "error_max": 0.2852586389581819, "target": "984.xyz", "model": "12.xyz", "model_rescale": 4.124412569039231, "target_rescale": 4.1955891424311185},
{"mapping": [6, 1, 14, 4, 12, 3, 0, 5, 8, 7, 10, 9, 15], "R": [[-0.5452809954121776, 0.11854080319763338, -0.8298293282474203], [-0.04430764371239327, -0.9926425032224997, -0.11268404281363534], [-0.8370815185816496, -0.02467668481440615, 0.5465213559190619]], "T": [0.14126384039962067, -0.04094033033933375, 0.03434915064980291], "aligned_model": [[-0.19767215149493048, -0.012882728324660114, 0.6482273987946002, -0.559649573828312, 0.5445342181047661, 0.13602529106859507, -0.5405986229968369, 0.2505318784521356, -0.006180944339250122, -0.2848288537227952, 0.7802092429226534, 0.46289524080912026, 0.14668791206467213], [-0.322229927278273, 0.6051221650611595, 0.6888003976332062, -0.2139917798560972, -0.2891024493742479, -0.7166532811777339, 0.47847979001404584, -0.29889875367571506, 0.6192368598950003, 0.17896767943830355, 0.08601807235831271, 0.4532781211411228, 0.07845848232939387], [0.450386889764201, 0.42277968364319934, 0.17170780005150865, -0.07225032687824076, 0.5910968451609112, 0.07298823721053471, 0.07188977179077219, -0.4464788028020542, -0.15528622465012165, -0.6458264317297189, -0.07882679015448465, -0.5400328694048374, 0.10955029896616958]], "inverted": true, "swapped": true, "error_lsq": 0.04375082047747481, "error_max": 0.23505807151361652, "target": "984.xyz", "model": "13.xyz", "model_rescale": 3.9028299243045295, "target_rescale": 4.1955891424311185},
{"mapping": [5, 10, 13, 1, 8, 2, 12, 0, 4, 3, 6, 14, 11, 9, 7, 15], "R": [[0.28498586102870604, -0.7411536054145117, -0.6078440525289343], [0.05520544252962101, 0.6457793054353547, -0.7615257367853959], [0.9569406554895848, 0.18346776788444774, 0.2249536841633465]], "T": [0.0017510255282201792, 0.13973225972211914, -0.03761043919142258], "aligned_model": [[-0.1973393365277743, 0.34443781718254807, 0.2311204664919315, 0.2028723537942945, -0.6120902639543613, -0.4858861765903236, 0.08566654362777404, -0.788594645211992, -0.2802720164676188, -0.2601028580384449, 0.2134096969879974, 0.7973028792070135, 0.5971588384695214, 0.6952214050167962, 0.4391517679953766, 0.09164337017809485], [0.35424943648877594, 0.7802710597297708, 0.3227357965220481, -0.44710279777102535, -0.06042407378115641, -0.377588577563991, -0.2523867869176841, 0.32206832503146576, 0.7532807627355353, 0.3139733276541091, -0.061676734812786044, 0.2672410508812554, -0.2796921553507913, 0.21122270640311444, 0.7601393361580029, 0.1755164539383063], [-0.4576666762164533, -0.20382840019261916, -0.7769011241496101, 0.15571204360950242, -0.461454128589426, 0.1540634504633268, -0.6063292871692803, 0.1336311716233517, 0.020566120659757034, 0.5006850550727653, 0.5615917687196947, -0.40351945666478917, -0.16182551342611295, 0.30126034041193095, 0.4567614914788274, 0.02247437526861156]], "inverted": true, "swapped": false, "error_lsq": 0.044367862136441595, "error_max": 0.3960629261849958, "target": "984.xyz", "model": "14.xyz", "model_rescale": 3.942246331269136, "target_rescale": 4.1955891424311185},
{"mapping": [14, 1, 8, 2, 6, 0, 5, 9, 10, 7, 4, 3, 11, 12, 15], "R": [[0.6002826875867512, 0.33500709614662366, 0.7262444082504416], [0.7065805783492167, 0.20328826482060813, -0.6778036350492028], [-0.3747059931243609, 0.9200239817078865, -0.11467908178501109]], "T": [-0.0451331511255642, 0.1064639241726908, 0.11421774374926116], "aligned_model": [[-0.8339027382429804, -0.23701951858888187, -0.18340062298938883, 0.17897410795454993, 0.3332895698172883, 0.3285829390292154, 0.02608172547030483, -0.48401993986560604, -0.6570679573500602, 0.31466431610125817, 0.6673159864192497, 0.2531046195117237, -0.2630315654749399, -0.3581016664135919, -0.11117521884593107], [-0.03867793621168675, -0.401393694475937, 0.15668440475929496, -0.5378865813286582, -0.3199445908449989, -0.1484805956534201, 0.6338048242574483, 0.6491245156997757, 0.32460172552457783, 0.6439107954197463, 0.09558174913390477, 0.1739477566077967, -0.8374536896211731, -0.31180403498623693, 0.016130041601216394], [-0.2922024291883476, -0.4310312385848587, -0.5727287404629898, -0.20843904161192975, 0.3193052053593043, -0.6148107566694215, 0.2770599667136132, -0.3222581542658456, 0.23722241662857496, -0.409471078718907, -0.04354052611903622, 0.7180460122704118, 0.09875109171072394, 0.6253753055452471, 0.02808444775397685]], "inverted": true, "swapped": true, "error_lsq": 0.04510757365866185, "error_max": 0.269843253588117, "target": "984.xyz", "model": "15.xyz", "model_rescale": 4.355366556412066, "target_rescale": 4.1955891424311185},
{"mapping": [3, 6, 12, 9, 10, 5, 14, 7, 11, 4, 1, 15], "R": [[-0.3210405665009686, -0.18255389324138477, 0.9293045952340654], [0.34273663811687766, -0.9371321144645848, -0.06568863624308843], [0.8828728966012477, 0.2974180157649322, 0.36342533255866055]], "T": [-0.060819287598255, -0.05053762148699812, 0.03334581874220716], "aligned_model": [[-0.08870015875264374, 0.4480177150051526, 0.1024395298434213, -0.6633370112902244, -0.5324132822225833, -0.5273082122502903, -0.2004997163393275, -0.3089556562732203, 0.6935338446032491, 0.27320135261706197, 0.39642694953625185, 0.00540320015493384], [-0.6841550144310978, -0.3521702914917497, -0.5444806495619532, 0.49917664015664387, -0.055069952587089244, -0.17100390751956612, 0.45802314426670776, 0.45988682094538, -0.09215220197884308, -0.007576030392710299, 0.46655201634760723, 0.0357458539876512], [0.26969316846814395, 0.1644621086623329, -0.4800217627678384, -0.07800930533297237, -0.43007301903509104, 0.3118301634318969, -0.6948411788968385, 0.6419906829467604, -0.5732174315127213, 0.6807825960684256, -0.30662532215732086, -0.05671223866535655]], "inverted": true, "swapped": true, "error_lsq": 0.04561841114172408, "error_max": 0.24391352404112726, "target": "984.xyz", "model": "16.xyz", "model_rescale": 3.795458400668931, "target_rescale": 4.1955891424311185},
{"mapping": [6, 4, 0, 12, 1, 7, 5, 11, 10, 9, 8, 14, 15], "R": [[0.2977986974600065, 0.6128144242955749, -0.7319661311607301], [-0.7992256999668061, 0.5793715331068958, 0.15989655136348102], [0.5220672526635747, 0.5373891588045376, 0.6623131251120267]], "T": [-0.22116378763246153, -0.03702033108449723, -0.14226708955699796], "aligned_model": [[0.07910320171071128, -0.022431359517162686, 0.4367346033142329, -0.19376261909511414, 0.4649614593328098, -0.33399044246482484, -0.7362537218649605, 0.5394976915402143, -0.558689891882661, -0.5029101022109999, 0.08501065286466597, 0.0010091026790691182, -0.10964677350175776], [-0.3766295328610928, 0.20617056735137082, 0.4783217854611451, -0.7385242338114949, 0.09235217997388709, 0.7488077543147981, 0.13531291848700577, -0.5855440361785447, -0.11978174187044062, 0.5452845964511611, 0.5267192068749601, 0.07954558730659032, -0.028253786028859838], [-0.5442548623741383, -0.8010185419023537, -0.336522562470023, 0.0610082916955354, 0.18104559258431474, -0.39186217318485816, -0.2633504652748263, 0.10107476254471265, 0.42023191918185976, 0.36680395269964894, 0.14407258276429263, 0.7211288634379858, -0.05608232886585486]], "inverted": false, "swapped": true, "error_lsq": 0.052365350950381556, "error_max": 0.2863524995153875, "target": "984.xyz", "model": "17.xyz", "model_rescale": 3.7474275329858107, "target_rescale": 4.1955891424311185},
{"mapping": [4, 3, 6, 5, 0, 8, 2, 12, 7, 1, 9, 10, 14, 15], "R": [[-0.2852351807809875, 0.19208100091292948, 0.9390131951858424], [-0.8511153959577962, 0.39974350690166965, -0.3403053209304241], [-0.44073061433084215, -0.8962756371665148, 0.0494621856908542]], "T": [0.03209286557840857, 0.05563600940663836, -0.11135648741354903], "aligned_model": [[0.4227506521745588, 0.255907902396705, 0.6264772633034545, -0.319631271078482, 0.32245422540269747, -0.2083891590492191, 0.6190233426678831, 0.27620991804186334, -0.28251744518657074, 0.23158446024292642, -0.7306483027401471, -0.47246380949965666, -0.3770447347406182, 0.05113460594748206], [-0.5003684113734057, 0.28816957606489413, 0.09171113756207601, -0.023277604562088758, -0.6328872977620542, -0.3711318955656098, -0.131882909975494, 0.7429986100327027, -0.704545785014596, -0.07329363727359219, -0.14427398487520882, 0.4636924917145495, 0.2950031510993029, 0.06049480143975742], [-0.37750577799800095, -0.7062878977553588, -0.2231358110142814, -0.5353144409350021, 0.3102700236826235, 0.3922038503158343, 0.32438232034763986, -0.06532443163811788, -0.23664547896930063, 0.6205017238809847, 0.1250229634984159, 0.015493525903182176, 0.6526531811449876, 0.02848096819804813]], "inverted": true, "swapped": true, "error_lsq": 0.0399234066087373, "error_max": 0.2536705766724991, "target": "984.xyz", "model": "18.xyz", "model_rescale": 3.922800546911778, "target_rescale": 4.1955891424311185},
{"mapping": [3, 12, 10, 5, 1, 6, 11, 7, 2, 9, 14, 8, 4, 0, 15], "R": [[0.14224123966427993, -0.5942764326525862, -0.791582561286241], [0.7122146494206361, 0.6168169919932579, -0.3350926611238003], [0.6873992456276117, -0.5161127008533174, 0.510989194727721]], "T": [0.030424370523887072, 0.19450881673451592, -0.10767572274810547], "aligned_model": [[-0.4476112587974537, -0.23031098807183537, 0.5017604926155415, 0.1706871690463012, 0.1780599812123925, -0.5547224549393035, -0.2989389480031572, 0.326819923387257, -0.29220818524932296, 0.8350579780621646, 0.7056089851376285, 0.501399370757229, -0.38543320553021393, 0.012750370028873408, 0.07313160723151685], [0.5735365207056315, -0.1124326793310983, 0.18373577283261106, 0.7288258123968885, -0.4999472622471286, 0.04703186466325027, -0.7036546124310292, 0.6174908834666398, -0.3787093429075744, 0.33938851202535736, -0.3757495271220158, -0.04945559854775852, 0.4101409763030456, -0.12478212951743317, 0.062192314745192906], [-0.40081110113463503, -0.7175801586827415, -0.5712538267764153, -0.17482681080880477, 0.18892278095039292, -0.05343011856532984, -0.26104344050512507, 0.5448495159055579, 0.26225428963754116, -0.011821813138033072, -0.27300005737175514, 0.3529753120371397, 0.45192691773171056, 0.6884925383630066, -0.08299486047917996]], "inverted": true, "swapped": true, "error_lsq": 0.04461396630840599, "error_max": 0.29465031203604963, "target": "984.xyz", "model": "19.xyz", "model_rescale": 3.9282355846067225, "target_rescale": 4.1955891424311185},
{"mapping": [1, 14, 10, 8, 0, 9, 7, 5, 4, 6, 12, 2, 3, 15], "R": [[-0.06376093471238109, -0.7649597985970008, 0.6409142296244014], [-0.8253169272124222, -0.32063938581535795, -0.4648035648750943], [0.5610583863211113, -0.5585936723544105, -0.610890003473919]], "T": [0.11332809272271593, -0.09455471251335967, 0.11148330551830993], "aligned_model": [[-0.5871357861181069, -0.15021015322096398, 0.4491014081560314, -0.34868878391880037, -0.6616722656465319, 0.2040810166363658, -0.0014450124072190873, 0.5586872439166908, -0.13420615195974667, -0.06759893744873613, 0.2863317924253746, -0.5772077475989943, 0.5601217955980975, 0.002364400671215197], [-0.407432272630769, -0.8572314856137007, -0.605625724165439, -0.16143451912531587, 0.2211699757816068, -0.2969334614962742, 0.4583042471699931, 0.13717167601550476, 0.5824641134206239, 0.10534143868706786, -0.5628079983773067, -0.07676114023647201, 0.16760627659755606, -0.1809490386022391], [0.052371729762270114, -0.28509293036330857, -0.13999464319615162, -0.41349570337966574, -0.0778189511540251, -0.6812462128146455, -0.49984921009889155, -0.12859101721923524, 0.22533484953162508, 0.6540658179563985, 0.64532598868311, 0.4153955965969695, 0.5470925526646157, 0.09868529027461699]], "inverted": false, "swapped": true, "error_lsq": 0.03893336636922918, "error_max": 0.23761032279278838, "target": "984.xyz", "model": "20.xyz", "model_rescale": 4.067790424073018, "target_rescale": 4.1955891424311185},
{"mapping": [4, 1, 5, 3, 9, 14, 10, 0, 8, 2, 11, 12, 6, 13, 15], "R": [[0.07607982654484591, -0.315918381498423, -0.9457311648794932], [0.09719282441264734, 0.9463130291149602, -0.3082940249339271], [0.9923534727482938, -0.06846332710791546, 0.1027003308938979]], "T": [0.04412314551469962, -0.15889589590149317, -0.09733283744047899], "aligned_model": [[0.5499422731561472, 0.10612979384547275, -0.20088487740008884, 0.35158311779807827, -0.7178684314252216, -0.5392004985182535, -0.5246206440210408, 0.3304348519619048, -0.2355717298094047, 0.5498432931966514, 0.4732857630027091, 0.18178019725452793, 0.6388904208892505, -0.228901188994971, 0.03360161297175428], [-0.12451299057518936, 0.5829981877840054, -0.5591412572395406, -0.7608565763515649, 0.03206951026176702, 0.3822052791032697, -0.27569549543053906, 0.5382640042331901, 0.4357888509552496, 0.3905829560729877, 0.3312103435729153, -0.3593860199509519, -0.1941350637552776, 0.05303941247775093, -0.0315360012302254], [-0.622265874090993, 0.09704960963063369, -0.3964185986620744, -0.06240265027135412, -0.343329566680277, 0.3214081599414763, 0.21900055063636242, -0.5073775411596497, -0.3456396863007168, 0.011475076394932518, 0.6198245509413529, 0.591894031207802, 0.012662314759698118, 0.5766232172285524, -0.03725401995460443]], "inverted": false, "swapped": true, "error_lsq": 0.04192971426830819, "error_max": 0.29645486318049225, "target": "984.xyz", "model": "21.xyz", "model_rescale": 4.186013935880536, "target_rescale": 4.1955891424311185},
{"mapping": [3, 12, 6, 7, 9, 4, 5, 10, 2, 13, 14, 8, 15], "R": [[0.6170918529721395, -0.12119955745623162, 0.77750132621612], [-0.7159138717663485, -0.4965667371577938, 0.49080424179195864], [0.32659603979216933, -0.8594952837688388, -0.393195732391891]], "T": [0.039342720457657604, -0.0829658637752646, -0.08108083368249869], "aligned_model": [[0.037517701490896754, -0.4130154780290842, 0.3385541744935344, 0.5252229713008387, -0.22745618369797047, 0.7460097219291243, -0.028252033313212216, -0.5863660488842019, 0.45364866709618723, -0.5478653702733915, -0.4738868664902979, 0.2065495979649871, 0.027913181835815166], [-0.3657064743050568, 0.2598159343617622, 0.17671548747015464, -0.5458665587635512, -0.3807085989310651, -0.20485615413504926, -0.6353290238331314, -0.1713639641098473, 0.5476824183270607, 0.38659138020841477, 0.34195128922794077, 0.07121111123776688, 0.0388198127906946], [-0.6960302867297319, -0.5415720163663371, -0.5394768915888946, 0.41105397308705977, 0.6384891412875975, -0.2165591462683003, -0.07922024122797566, 0.11347704671232522, -0.09342447630536505, 0.010452103557315115, 0.5226093039980295, 0.5836046431466673, -0.010523591967043971]], "inverted": true, "swapped": true, "error_lsq": 0.04622918509298662, "error_max": 0.33431990706460823, "target": "984.xyz", "model": "22.xyz", "model_rescale": 4.166573947596378, "target_rescale": 4.1955891424311185},
{"mapping": [0, 5, 7, 9, 8, 3, 10, 4, 1, 2, 12, 13, 14, 12, 6, 15], "R": [[-0.2983118042380406, -0.8129559698123168, -0.5001126459096594], [0.4491416560540488, -0.581895360237409, 0.6779893528155163], [-0.8421887200914482, -0.022369194904858447, 0.5387186453706954]], "T": [0.02604901844844503, 0.07590290986116013, 0.018946070790373193], "aligned_model": [[-0.40551616378997807, 0.3582872501505275, 0.07156620789659912, -0.005892681304499749, -0.5498659736585845, -0.4336282483345426, 0.4126216697726735, -0.686171220467825, -0.1578042344511858, -0.27827786460700327, 0.49542257430265496, 0.7131820258663357, 0.72410262864596, 0.49542257430265496, 0.2963086025240064, 0.023942695313040288], [0.5889344299998434, 0.7340556457072069, 0.3014197324779236, -0.523152192802721, -0.2356547803056683, -0.1605938931909369, -0.10604718762209689, 0.2523347498413836, 0.7632084549883715, 0.41246190725478216, -0.011048924795021897, 0.26785243659257163, -0.28478793189205887, -0.011048924795021897, 0.649311419688769, 0.14458218819762353], [-0.4472147551717866, -0.36513037328708203, -0.6581506695885744, -0.004757896627627989, -0.4557463220130682, 0.32585440330209225, -0.5961937347644846, -0.01936385591065143, 0.06262821706035926, 0.5158589693070519, 0.46784383057974416, -0.43692315190422387, -0.07379570612712999, 0.46784383057974416, 0.4399805943623118, 0.012487851102802136]], "inverted": true, "swapped": false, "error_lsq": 0.04510567067537893, "error_max": 0.3683741591098461, "target": "984.xyz", "model": "23.xyz", "model_rescale": 4.274766983524099, "target_rescale": 4.1955891424311185},
{"mapping": [5, 8, 0, 6, 1, 11, 12, 13, 10, 14, 15], "R": [[0.23116562502905807, 0.17737280844050957, -0.9566092936151369], [0.34998643340806396, -0.932579787955785, -0.08834271631915212], [-0.9077840878949288, -0.31437847560268767, -0.2776584661819312]], "T": [0.049164034095707965, -0.05006144295256043, -0.23324744022135935], "aligned_model": [[0.49120875990154034, 0.032438240069556194, -0.48833924730463224, -0.4620425894350983, -0.38767536941554886, -0.64576253288173, -0.05482134205032024, 0.10262437471030325, 0.5608648644007523, 0.2420707189944191, -0.010671173031166964], [-0.1593314573605034, 0.6513891520460524, 0.5714639932116495, -0.3639878817063286, 0.45596881052099547, -0.10963728686015527, -0.5475666607483638, -0.036476144266653535, -0.042952918285947723, 0.4620804207635114, 0.03463650392922715], [-0.5531444509439875, -0.1982792660079064, -0.4801063743060101, -0.31814045185743767, 0.14772619362163242, 0.43923094847466826, 0.29197159029400876, 0.5221551394924555, 0.1854292681587298, 0.48012392205685206, -0.13740008496142758]], "inverted": true, "swapped": true, "error_lsq": 0.048692721255658496, "error_max": 0.2203363332576191, "target": "984.xyz", "model": "24.xyz", "model_rescale": 3.7841303162186577, "target_rescale": 4.1955891424311185},
{"mapping": [12, 14, 9, 1, 2, 4, 8, 5, 13, 3, 6, 10, 7, 7, 11, 15], "R": [[0.4478131797083966, 0.6959515430990004, -0.561350875778755], [0.00470474931002729, 0.6259772140653443, 0.7798271557242153], [0.8941147697098984, -0.3518578933733192, 0.27704656911339814]], "T": [0.14441237468915624, 0.10877491805206525, -0.10266686707363537], "aligned_model": [[-0.3769349586902039, 0.19547974808319296, 0.036784883785829475, 0.0939741365424448, -0.4677711292789334, -0.404739363741198, 0.071397826247314, -0.7200301189155874, 0.011001253742493666, -0.3305013552732967, 0.10002519710925623, 0.8062475008678657, 0.7241505928771544, 0.7241505928771544, 0.478525454019337, 0.13193958190800997], [0.6131463586363665, 0.7760073668317166, 0.30291439805166376, -0.6319071244728895, -0.09174591860114732, -0.2727775875841489, -0.3679298010495419, 0.2399228770395822, 0.8468516956597955, 0.37806566076177117, -0.043145089732438566, 0.37815145336606554, -0.0017398673218097932, -0.0017398673218097932, 0.5522832438192977, 0.1054693312624767], [-0.32397731492750986, -0.5286855814286568, -0.6438386457478963, -0.059279198123573684, -0.4948604155474332, 0.2283231576703159, -0.4445429705686802, -0.03282323065982734, 0.1196935170665808, 0.48973614829441303, 0.6022987646732431, -0.41034470711973847, 0.17027202844371359, 0.17027202844371359, 0.4275183688188181, -0.03454071838800468]], "inverted": false, "swapped": false, "error_lsq": 0.048087511303227234, "error_max": 0.3290171805608519, "target": "984.xyz", "model": "25.xyz", "model_rescale": 4.19342608120988, "target_rescale": 4.1955891424311185},
{"mapping": [3, 6, 12, 9, 10, 5, 14, 7, 11, 4, 1, 15], "R": [[-0.3210405665009686, -0.18255389324138477, 0.9293045952340654], [0.34273663811687766, -0.9371321144645848, -0.06568863624308843], [0.8828728966012477, 0.2974180157649322, 0.36342533255866055]], "T": [-0.060819287598255, -0.05053762148699812, 0.03334581874220716], "aligned_model": [[-0.08870015875264374, 0.4480177150051526, 0.1024395298434213, -0.6633370112902244, -0.5324132822225833, -0.5273082122502903, -0.2004997163393275, -0.3089556562732203, 0.6935338446032491, 0.27320135261706197, 0.39642694953625185, 0.00540320015493384], [-0.6841550144310978, -0.3521702914917497, -0.5444806495619532, 0.49917664015664387, -0.055069952587089244, -0.17100390751956612, 0.45802314426670776, 0.45988682094538, -0.09215220197884308, -0.007576030392710299, 0.46655201634760723, 0.0357458539876512], [0.26969316846814395, 0.1644621086623329, -0.4800217627678384, -0.07800930533297237, -0.43007301903509104, 0.3118301634318969, -0.6948411788968385, 0.6419906829467604, -0.5732174315127213, 0.6807825960684256, -0.30662532215732086, -0.05671223866535655]], "inverted": true, "swapped": true, "error_lsq": 0.04561841114172408, "error_max": 0.24391352404112726, "target": "984.xyz", "model": "26.xyz", "model_rescale": 3.795458400668931, "target_rescale": 4.1955891424311185},
