[{"mapping": [3, 4, 2, 6, 7, 8, 0, 12, 1, 5, 11, 9, 10, 13], "R": [[-0.5602236082010854, 0.8037217167108597, -0.20045176702016362], [0.3491498159853701, 0.4485629429978628, 0.8227306315960763], [0.7511617101606946, 0.3909254254412793, -0.5319148399246028]], "T": [-0.03789178188645327, -0.1415719457208761, 0.0708939992363363], "aligned_model": [[0.009456108409363957, 0.47035009405106676, -0.18689959275774076, 0.5495829436038351, 0.23407136897778297, 0.6729418318469241, -0.7424400150693419, -0.4641458042955259, -0.4308521536538457, 0.3934396340171591, 0.3667319328490649, -0.3714132115667277, -0.09081309871884255, 0.024051096483161047], [-0.5667330085120463, 0.2029454337746489, -0.21970700718955993, -0.4099121012669249, 0.5242544332851162, 0.179899130097821, -0.16215035022531527, 0.08464807916739309, -0.49565334899834623, -0.5903117544516727, 0.1693349202372894, 0.4788751200877584, 0.7094686180963554, 0.008892865166952313], [-0.22943341171469603, -0.6615008378427677, -0.6794058274185387, -0.3382676949864808, -0.16171244965800233, 0.026723277922128072, -0.2431135659074811, 0.3906623789946273, 0.301659290162988, 0.5009952130877167, 0.547001561680982, -0.13048143679722882, 0.6078839596676275, 0.06293895309087535]], "inverted": false, "swapped": false, "error_lsq": 0.04825212826244286, "error_max": 0.3635205614386952, "target": "985.xyz", "model": "0.xyz", "model_rescale": 3.8414455957264533, "target_rescale": 3.932839790503996},
{"mapping": [4, 11, 3, 0, 12, 13, 5, 6, 2, 7, 9, 10, 8, 14], "R": [[0.5570884930567447, -0.6815006114728437, -0.4745622482519082], [-0.6153457840971621, -0.7224966482660592, 0.3151954302304514], [-0.5576755121911078, 0.11642813150802798, -0.8218530971505401]], "T": [0.04386367988320661, -0.04300177011381833, -0.0046200734382410786], "aligned_model": [[-0.025930292999625515, 0.5610114775500761, -0.3370249817750808, 0.6065307276002854, 0.17059924291931577, 0.7161081125763141, -0.6023315600418191, -0.5704381525599913, -0.4112672503429447, 0.3346106228673226, 0.25785275289509435, -0.41260551952016955, 0.11922349293678006, 0.027722462070776215], [-0.5544122871922532, 0.3494808523057518, -0.3206597410551871, -0.4405490226136173, 0.6611288331018212, 0.25412776093065603, -0.10352928018468277, 0.09275050113180516, -0.5325504893354551, -0.511209873871398, -0.04610589266209899, 0.42854053560899563, 0.6598165608067331, -0.02297742770160158], [-0.17609986588909848, -0.5566897688544425, -0.6300853087894449, -0.23018457629800992, -0.2700023157683805, 0.18152090843770868, -0.11903562048213495, 0.45823168824386207, 0.30811402364483, 0.32583777388308427, 0.643229230835646, -0.1986948639702498, 0.3484658789857428, -0.09065777369736261]], "inverted": true, "swapped": false, "error_lsq": 0.03744894193991311, "error_max": 0.30499157818947653, "target": "985.xyz", "model": "1.xyz", "model_rescale": 4.316132596720782, "target_rescale": 3.932839790503996},
{"mapping": [12, 11, 7, 3, 10, 5, 0, 1, 6, 4, 2, 13], "R": [[0.8285356378087029, -0.2811835166028669, 0.48421537240340834], [-0.26273155935778425, 0.5684372009720094, 0.7796481746714569], [-0.4944702464237391, -0.773184957524364, 0.3970946950787611]], "T": [-0.05817259651794943, -0.0063459891074695175, -0.17042044705926943], "aligned_model": [[-0.19160131285528761, 0.49499578237615566, 0.18731073563148812, -0.5277262769799352, -0.5476536439087442, -0.6109383845709374, 0.01866290775142037, -0.1193304307429735, 0.5073676490671178, 0.17582353846090462, 0.3754749292731204, -0.16457693887054856], [-0.6074229028690573, -0.14091974080764294, -0.5715475357989963, 0.46304215340640753, -0.49260590650289215, -0.01878757982093078, 0.5243260852818177, 0.4783924546674365, -0.03175770464839363, -0.10717575589580162, 0.4860663165374112, 0.031166544191622188], [0.2626874627621494, 0.0038509916933412436, -0.5744638401009492, -0.07143178963031693, -0.2342771092135432, 0.2647792034023019, -0.5560458942166211, 0.5194615778561458, -0.564102227342518, 0.5860626609416293, -0.05056013776225682, -0.13670243717994118]], "inverted": true, "swapped": true, "error_lsq": 0.05191488074921044, "error_max": 0.3337551368695708, "target": "985.xyz", "model": "2.xyz", "model_rescale": 3.795458400668931, "target_rescale": 3.932839790503996},
{"mapping": [5, 12, 4, 6, 3, 0, 11, 9, 7, 8, 1, 13], "R": [[0.12911303633778687, 0.8024445403396587, -0.5825912662636745], [-0.20865459747552204, 0.5963399894885886, 0.7751399073000168], [0.9694292562121105, 0.02147967913690585, 0.24442900929351732]], "T": [0.04622021957801831, -0.004955887588262937, 0.08603811732780337], "aligned_model": [[-0.13033522187928595, -0.2776373918085991, -0.7369838775324016, 0.18085266835820082, 0.1287417452467362, 0.3515348493498227, -0.33072800683622355, 0.7230918223935918, 0.3358784390322717, 0.8685537078840786, -0.5764542355656583, 0.056789327101031475], [-0.0584023536874757, -0.6312542372545418, -0.13536310301549126, 0.009071785715591994, 0.4422695864839956, 0.546721562148667, -0.12877381991166847, 0.04884676079038879, -0.5403242872378293, 0.06369232191169938, 0.44218772150317587, 0.027097107843197306], [-0.5929870638963675, -0.1776771930027004, 0.0037409352357056364, 0.762162511879036, -0.4077069733918531, 0.2826557641638098, 0.5299469352828101, -0.3367169126348018, 0.5013027447228808, 0.421141618319004, -0.2703155884506197, -0.026775347587803408]], "inverted": true, "swapped": true, "error_lsq": 0.04805296565212593, "error_max": 0.28661772129742197, "target": "985.xyz", "model": "3.xyz", "model_rescale": 3.7530521520055578, "target_rescale": 3.932839790503996},
{"mapping": [7, 0, 9, 3, 10, 2, 12, 11, 4, 5, 13], "R": [[0.906324223288143, -0.3297304839214999, 0.26429947077895927], [0.2671378082261953, -0.03756797000499129, -0.9629257702677859], [0.3274351748014391, 0.9433273321613221, 0.054034717544866245]], "T": [-0.1362204073437429, -0.03862455719169731, -0.06710834686270424], "aligned_model": [[-0.5344510998433725, -0.12843112988864036, 0.4733787531307528, 0.4317673233942619, 0.22700137771502577, -0.4389004929506531, -0.10028548325897627, -0.6878440486461408, -0.3189416130364605, 0.4365329621299981, -0.02162694630059013], [-0.6532812777764869, 0.23917035668712142, -0.3672846898985743, 0.2947365490757717, -0.5939086784989926, 0.5359412454601965, -0.3659350863570888, 0.0622648208454069, 0.29849915545945127, 0.03259965105034044, -0.01559868773279921], [-0.14819687624594036, -0.6662684621307786, -0.4672871665761559, -0.1969734770048323, 0.13251017884166078, -0.2192446453584218, 0.6098374699342952, 0.13291309242685523, 0.632997423078407, 0.33536430475472795, -0.052821064474500835]], "inverted": false, "swapped": true, "error_lsq": 0.055325659058004614, "error_max": 0.2948152291727247, "target": "985.xyz", "model": "4.xyz", "model_rescale": 3.7855080009869324, "target_rescale": 3.932839790503996},
{"mapping": [10, 15, 8, 9, 13, 14, 7, 4, 5, 3, 2, 6, 12, 16], "R": [[0.8925898914175688, -0.44667563448818104, -0.061352777392337965], [-0.13505478954743486, -0.39471038739408415, 0.9088255684692803], [-0.4301668159673303, -0.8029225290386321, -0.41264018563724025]], "T": [-0.010175693953280125, 0.07629788602472092, 0.07059040515120533], "aligned_model": [[-0.009914084330814161, 0.48274293429118526, -0.10573119183385621, 0.5537917664878157, 0.05843126954654028, 0.6466221997526408, -0.6466359344334563, -0.6691984906874843, -0.3617693876677171, 0.24432548112974858, 0.48771718732029434, -0.5515720850109587, 0.26206766077584065, 0.043183808836554746], [-0.5206605901258116, 0.00981352120092098, 0.09930904472389217, -0.35577838185818583, 0.6662883790979884, 0.23804573703461507, -0.2485613766428183, 0.06929967397871081, -0.6118492982350152, -0.49280729071287094, -0.0665295055410876, 0.39242758801874433, 0.6604636033537546, 0.07438992497663166], [-0.3472669669109905, -0.5866227732387493, -0.6262951718008055, 0.02406276234564199, -0.3442251460494404, 0.08290129667116367, -0.1546967307951856, 0.4062103721944892, 0.3112947299044991, 0.3768012068729478, 0.5973623696427651, -0.11114849364003769, 0.28899194707214154, 0.0765800080133103]], "inverted": false, "swapped": false, "error_lsq": 0.04436828448960757, "error_max": 0.2908284999256975, "target": "985.xyz", "model": "5.xyz", "model_rescale": 4.2253639853439635, "target_rescale": 3.932839790503996},
{"mapping": [4, 7, 0, 3, 12, 6, 1, 8, 10, 2, 5, 9, 11, 13], "R": [[0.1579493694256543, -0.7032124925042417, 0.6932129449772344], [0.5766737354968244, 0.6355604374436784, 0.5133325755731258], [-0.8015606025037514, 0.3186771418573541, 0.5059105452265756]], "T": [-0.02443751527906141, -0.013660996463588608, 0.016575060157008648], "aligned_model": [[-0.028622662460501883, 0.49933779668731787, -0.1536052767472217, 0.5272433418241215, 0.273507546444654, 0.6031896560972437, -0.6289815242691386, -0.5749621244925349, -0.3197384193277222, 0.32210576185634177, 0.12767484435773965, -0.4830670925946741, 0.24621420969388547, 0.023765077106822765], [-0.6805244071499047, 0.24728407868401883, 0.02377314753820041, -0.2977456926625654, 0.8247143715586014, 0.09352427062709733, -0.39195812029808125, 0.22883906559848455, -0.4853760814011377, -0.49719103598249914, -0.031544281501415763, 0.31723343647240393, 0.604225884687663, -0.0414036069013965], [-0.22046288667304922, -0.5191098344943558, -0.773979823191869, -0.3268686615642865, -0.2657354904023718, 0.107753020169204, -0.15698648296537396, 0.4455054159829097, 0.5631962535803369, 0.32686213689777216, 0.6308089607296367, -0.21312956005915829, 0.40454056723661463, -0.008444204964259523]], "inverted": false, "swapped": false, "error_lsq": 0.045906153511839166, "error_max": 0.3271596858539806, "target": "985.xyz", "model": "6.xyz", "model_rescale": 3.89814844738969, "target_rescale": 3.932839790503996},
{"mapping": [9, 8, 0, 10, 3, 6, 7, 5, 12, 11, 2, 4, 13], "R": [[0.6958481932633198, -0.519748964191032, -0.4956372727656008], [-0.6414711606501975, -0.13943953947652293, -0.7543681892051544], [0.32297065189620827, 0.8428627581361774, -0.4304327229205672]], "T": [-0.05050785862371907, 0.10219037869822076, 0.013111910437475009], "aligned_model": [[0.24993583939301703, -0.14296653015688426, 0.317657774812203, -0.2435842061108381, 0.5957753981903093, -0.40019190838279245, -0.7138960299654076, 0.26605102416663623, -0.4456336360490629, -0.40964935583504575, 0.1826245100286021, -0.14546741124333595, 0.0379763320568216], [-0.3768692623164026, 0.20874736833890148, 0.4811918179489979, -0.5521340462284654, -0.07872966866430875, 0.6238779954440166, 0.08142812939343844, -0.4326345890475103, -0.36642188026236455, 0.4875637759405467, 0.704678593741531, 0.15765562913677425, 0.02542740204533092], [-0.5525798357479643, -0.8662835074780162, -0.3831651468732287, -0.10812812959498425, -0.0006913461276757647, -0.2715457166662518, -0.3069677379846873, 0.34304565073315224, 0.4500985359952123, 0.2905657157792149, 0.1790751549842229, 0.8037406571362032, 0.02511073668109829]], "inverted": false, "swapped": true, "error_lsq": 0.04806757571198406, "error_max": 0.2217291067573874, "target": "985.xyz", "model": "7.xyz", "model_rescale": 3.7474275329858107, "target_rescale": 3.932839790503996},
{"mapping": [4, 11, 9, 12, 7, 10, 8, 3, 2, 1, 0, 5, 6, 14], "R": [[0.26698134171084714, -0.9632534326737369, -0.02939026404336509], [0.8951871886351995, 0.2591786075101003, -0.3625828825420932], [0.35687653394652313, 0.07049307662024834, 0.9314879847142035]], "T": [0.11343286705603589, -0.09430539399070202, -0.03153093754142948], "aligned_model": [[-0.3026299362190822, 0.4130839719770954, -0.15208933395188823, 0.6683217154562355, 0.15170934493009125, 0.6819719460297797, -0.536658965217921, -0.39204049050063533, -0.36901187617063447, 0.2632319575562525, 0.2559729770921567, -0.3812702806334136, 0.029011605873340188, 0.104458497954957], [-0.6916094000606344, 0.08568276589986736, 0.2213793777029477, -0.33160309982932823, 0.5405031478749819, 0.40259940786379284, -0.20004959916141402, 0.1284019133948316, -0.6777090433700598, -0.5402117809626145, 0.09332817375152984, 0.4194563878467005, 0.6170570911732204, -0.1533743128543522], [-0.3184900180898351, -0.5456257081904432, -0.6719850934191428, -0.1597135554121092, -0.27531497791310444, 0.03996936498866284, -0.20875703195201106, 0.4256699778361354, 0.3365407232444096, 0.5545829989869692, 0.5838463442249464, -0.09740271610627087, 0.3606100623036211, -0.0299809602200773]], "inverted": true, "swapped": false, "error_lsq": 0.04597094047932958, "error_max": 0.2888912928933687, "target": "985.xyz", "model": "8.xyz", "model_rescale": 4.019505241142653, "target_rescale": 3.932839790503996},
{"mapping": [5, 10, 3, 1, 4, 2, 0, 12, 11, 7, 8, 6, 13], "R": [[-0.29658129717439474, 0.06331718335168598, -0.9529063272214969], [-0.3762217216821624, -0.9248574270946278, 0.055641312730874914], [-0.8777794428561557, 0.37500623173530656, 0.2981167151617344]], "T": [-0.009321308554579723, -0.033015764566120834, 0.017119981596862476], "aligned_model": [[-0.2957111957480501, -0.687958605127394, -0.026681438644633106, 0.44490159147219915, 0.3092332359902212, 0.6484299736814447, 0.2719379056030654, -0.362565078395968, 0.3559631706878153, -0.3002966569812529, -0.25832730242747304, 0.27417294774159223, -0.05339777611039081], [-0.4532304530701187, -0.1726400384367665, 0.04400041584179121, -0.48553820268194575, -0.7642939088132404, 0.05588475695601998, 0.5284083865643836, -0.6666750896430385, -0.23184164327814244, 0.12931566594952754, 0.7977086315893105, 0.3346682522774286, -0.05238854514115038], [-0.46919678087590605, 0.02575468877862063, -0.6494921809881321, -0.5338372290418395, 0.047825089358841645, -0.048807987505459845, -0.18762304692201445, 0.21805240546561788, 0.4431615330902606, 0.6743473178215801, 0.21993095684546762, 0.5269300827080623, -0.09034135469122001]], "inverted": false, "swapped": true, "error_lsq": 0.04925747158051657, "error_max": 0.30377548096954005, "target": "985.xyz", "model": "9.xyz", "model_rescale": 3.877068213659057, "target_rescale": 3.932839790503996},
{"mapping": [9, 7, 8, 2, 1, 4, 11, 12, 10, 13, 3, 0, 5, 15], "R": [[-0.5021474919743689, -0.7637075014131431, 0.40570771324827604], [0.22742794435749042, -0.5692543539596784, -0.7900797495337262], [0.8343407136351297, -0.30446729345406454, 0.45953807327312846]], "T": [0.05202140874318669, -0.11783633492427323, 0.09652773074049306], "aligned_model": [[-0.0366540118879597, 0.5142552596196884, -0.13744198545295694, 0.5246763205699672, 0.1618411450402937, 0.6650247430671684, -0.6542716120156385, -0.5001404226270395, -0.43540984054260207, 0.5199591785007776, 0.298275001805617, -0.4920437532045883, 0.01780581755214166, -0.011814706248535], [-0.6016940280535651, 0.17267638810026345, -0.06147069450830164, -0.4542513918725697, 0.6644059319873027, 0.16898873176343857, -0.14123961029047363, 0.20608570652087324, -0.6232760265766448, -0.5991052562059038, 0.1820356021276772, 0.4215997490004689, 0.636748840764229, -0.057652913487325236], [-0.3435446570267269, -0.5102908535839796, -0.6492936102308364, -0.22561758077901004, -0.262558988005978, 0.08952966156096528, -0.11621091594414568, 0.48173811320365667, 0.1972862280592249, 0.48000258650861083, 0.5987202555761173, -0.11973101832753871, 0.2975897813446017, 0.07633040792678783]], "inverted": false, "swapped": false, "error_lsq": 0.03387856708052579, "error_max": 0.19070676402300568, "target": "985.xyz", "model": "10.xyz", "model_rescale": 4.260839863003843, "target_rescale": 3.932839790503996},
{"mapping": [4, 12, 10, 5, 9, 3, 2, 11, 7, 8, 0, 13], "R": [[-0.7362064498402121, 0.5368742123875996, -0.41202687204461075], [-0.024081833234277317, -0.6292222563774257, -0.7768522493932664], [-0.6763284176505877, -0.5620012741555804, 0.47616639877857453]], "T": [0.0657304878147053, 0.05154219728346552, -0.04486044456719938], "aligned_model": [[0.47075970145815915, 0.13717314398275654, -0.3318503757817076, -0.36953226989753046, -0.6717411377642394, -0.4472522269282239, 0.42061830719068577, 0.658299756251065, 0.3150100422935523, -0.14932124651944312, -0.037385420814640705, -0.03587962437630321], [-0.13734227317258033, -0.6352050010732526, -0.5089780474148776, -0.16418214554875596, 0.04552472063602917, 0.3790328960938888, 0.5950755449249868, 0.010902245534668155, -0.3588187527416599, 0.23986592939058457, 0.6494877793191521, 0.05771560958475125], [-0.7062691825365701, -0.3447827221314299, 0.04382207065940954, -0.5538917648624652, 0.264770139306729, -0.3280621713190786, -0.19819890934418263, -0.08592065458310166, 0.5140935004225667, 0.798659693022203, 0.2160068033958469, -0.1040487246344226]], "inverted": false, "swapped": true, "error_lsq": 0.048529250557887045, "error_max": 0.3088618470244102, "target": "985.xyz", "model": "11.xyz", "model_rescale": 3.890672605050136, "target_rescale": 3.932839790503996},
{"mapping": [4, 10, 12, 2, 9, 11, 7, 8, 3, 1, 6, 5, 9, 13], "R": [[0.09959109676910545, -0.8785926615295917, 0.4670723161895542], [0.9616673849766161, -0.03554102817666445, -0.27190563802242507], [0.25549452854525706, 0.4762475936133366, 0.841374337296392]], "T": [0.07781559058372044, -0.03983323055734696, 0.13052149731938245], "aligned_model": [[0.09341984290555996, 0.44800614276753636, -0.15565911350105321, 0.5978674425479538, 0.16141617729045132, 0.5970694421523449, -0.6656471125363014, -0.49883328007767114, -0.5376747771947933, 0.49614808665505816, 0.21775242871504508, -0.4619718040049957, 0.16141617729045132, -0.019248518833252515], [-0.6212495464807792, -0.03771092408276726, 0.15206223748931275, -0.38615701659258916, 0.7248727903403235, 0.09961341405306272, -0.09357492726089393, -0.06657546859860097, -0.7275359725147834, -0.4582386173556477, 0.20896308805239477, 0.48818259415439264, 0.7248727903403235, -0.09367341227427918], [-0.26033476617480955, -0.6834164335645585, -0.5505055496036846, -0.20884561976987648, 0.011963243593448414, 0.013507674062046199, -0.28340990929443716, 0.561742993197799, 0.1665728756304579, 0.6357275398595787, 0.6310975825667746, -0.056028869424203875, 0.011963243593448414, 0.003915405609766609]], "inverted": true, "swapped": false, "error_lsq": 0.061279334332340396, "error_max": 0.3597229024389035, "target": "985.xyz", "model": "12.xyz", "model_rescale": 4.124412569039231, "target_rescale": 3.932839790503996},
{"mapping": [8, 7, 11, 9, 6, 0, 10, 3, 12, 5, 2, 4, 13], "R": [[0.40953539558129076, -0.295607078082073, 0.8630742813650836], [0.12348008698312161, -0.9193812195833709, -0.3734847268577858], [0.9038990142071828, 0.2595277026931292, -0.3400175637376845]], "T": [0.15083797493356052, 0.10825393653293378, -0.03227359876085399], "aligned_model": [[-0.18466423498931808, -0.01640616471268838, 0.6264985092427646, -0.5467037624017154, 0.4708124473169809, 0.2840123831042203, -0.4772183101469627, -0.020775594600779212, -0.04035314527289571, -0.15812831567634497, 0.7550716833296485, 0.5863947692870697, 0.08875804302977827], [-0.3627592020998791, 0.42810868228596355, 0.40908689468862025, -0.2831628408475695, 0.03411590757359878, -0.5203787635044963, 0.3996284081062579, -0.3238274907680486, 0.8100923647400281, 0.23754462723870157, -0.1702905629317399, 0.6150590648113529, 0.0742682872156879], [0.6450920258510353, 0.6101345717814963, 0.16194913885726991, -0.031901994522346086, 0.5740157368497236, 0.12039937265291746, -0.05991950999373814, -0.5164833305928764, -0.22604644617880232, -0.6510847928635276, -0.07918987073429014, -0.46888139368614096, -0.1263854264528822]], "inverted": true, "swapped": true, "error_lsq": 0.045731159872041356, "error_max": 0.2664532212790993, "target": "985.xyz", "model": "13.xyz", "model_rescale": 3.9028299243045295, "target_rescale": 3.932839790503996},
{"mapping": [1, 8, 2, 12, 0, 5, 6, 7, 9, 14, 10, 3, 4, 15], "R": [[-0.9902163302776105, -0.035589260122227157, -0.13492599384660714], [-0.04068100026536202, 0.9985530482565411, 0.035169106257902275], [0.1334791199736941, 0.0403139477293214, -0.9902313417325902]], "T": [0.08160154341825193, -0.035991258043491084, -0.04969075560697277], "aligned_model": [[-0.15840331639795685, 0.6005240730866972, -0.035324666852412076, 0.6170545755406531, 0.05496523822247727, 0.5351179553651482, -0.550132303530253, -0.4655377643618352, -0.3707383325480175, 0.30675278886872126, 0.20175370255741018, -0.3984431188613613, 0.08874749184408864, 0.007724811242973625], [-0.5234307877542705, 0.2507779418209872, 0.05157253653843738, -0.4288860020654051, 0.7133330055130176, 0.18609324138907535, -0.2324562495239731, 0.08316807549579525, -0.47648406831769907, -0.6281578179360944, 0.06825285667153616, 0.3556561991830616, 0.568714332155839, -0.07430223390083852], [-0.40606012561896215, -0.5446553945148569, -0.7713628506653438, -0.2574503750515785, -0.4032725206002231, 0.03458956749250296, -0.1316792669451723, 0.6623960276923456, 0.39997598451421157, 0.568125021789506, 0.6783540405769247, -0.11939611195050422, 0.2563212678259043, 0.02806414573699599]], "inverted": true, "swapped": false, "error_lsq": 0.041105114092158, "error_max": 0.24260300096090268, "target": "985.xyz", "model": "14.xyz", "model_rescale": 3.942246331269136, "target_rescale": 3.932839790503996},
{"mapping": [0, 7, 2, 8, 9, 6, 1, 3, 12, 13, 4, 5, 10, 14], "R": [[0.1001454461366802, -0.7278188580022583, -0.6784177176005752], [-0.8354553474616898, -0.4318126416243629, 0.33992970586734067], [-0.5403565970872868, 0.5327452979329598, -0.6513042265443771]], "T": [0.09156671336509759, 0.031333032000569805, 0.09512825970442809], "aligned_model": [[0.0005359107767479165, 0.437310407620272, -0.18995056103345564, 0.6186622876581277, 0.2521227889132975, 0.6023701694923373, -0.6370368273292336, -0.5414543087929349, -0.2912225917523047, 0.21871634300085885, 0.05475612061589069, -0.4395869101878448, 0.3017815174903583, 0.04705678770421726], [-0.36973034299512403, 0.1141319268925624, 0.11202410150984801, -0.4492236775079405, 0.7151060217259813, 0.16605397694484395, -0.29755703202883166, 0.03110448459244254, -0.6488286113799234, -0.5016224929949544, 0.16623136001561836, 0.2726308343292623, 0.6302054157777601, -0.026674935612075963], [-0.5144445785072509, -0.6824224775574487, -0.6097723674453459, -0.20499909792037294, -0.29836704046940465, -0.0885004023835198, -0.03757306678117539, 0.4354696526802583, 0.3378806951699274, 0.6957289811205366, 0.6644360835421134, -0.1547332158516018, 0.4209535504950077, 0.030292694190026517]], "inverted": true, "swapped": false, "error_lsq": 0.04809488419792345, "error_max": 0.3220589688852138, "target": "985.xyz", "model": "15.xyz", "model_rescale": 4.355366556412066, "target_rescale": 3.932839790503996},
{"mapping": [12, 11, 7, 3, 10, 5, 0, 1, 6, 4, 2, 13], "R": [[0.8285356378087029, -0.2811835166028669, 0.48421537240340834], [-0.26273155935778425, 0.5684372009720094, 0.7796481746714569], [-0.4944702464237391, -0.773184957524364, 0.3970946950787611]], "T": [-0.05817259651794943, -0.0063459891074695175, -0.17042044705926943], "aligned_model": [[-0.19160131285528761, 0.49499578237615566, 0.18731073563148812, -0.5277262769799352, -0.5476536439087442, -0.6109383845709374, 0.01866290775142037, -0.1193304307429735, 0.5073676490671178, 0.17582353846090462, 0.3754749292731204, -0.16457693887054856], [-0.6074229028690573, -0.14091974080764294, -0.5715475357989963, 0.46304215340640753, -0.49260590650289215, -0.01878757982093078, 0.5243260852818177, 0.4783924546674365, -0.03175770464839363, -0.10717575589580162, 0.4860663165374112, 0.031166544191622188], [0.2626874627621494, 0.0038509916933412436, -0.5744638401009492, -0.07143178963031693, -0.2342771092135432, 0.2647792034023019, -0.5560458942166211, 0.5194615778561458, -0.564102227342518, 0.5860626609416293, -0.05056013776225682, -0.13670243717994118]], "inverted": true, "swapped": true, "error_lsq": 0.05191488074921044, "error_max": 0.3337551368695708, "target": "985.xyz", "model": "16.xyz", "model_rescale": 3.795458400668931, "target_rescale": 3.932839790503996},
{"mapping": [9, 8, 0, 10, 3, 6, 7, 5, 12, 11, 2, 4, 13], "R": [[0.6958481932633198, -0.519748964191032, -0.4956372727656008], [-0.6414711606501975, -0.13943953947652293, -0.7543681892051544], [0.32297065189620827, 0.8428627581361774, -0.4304327229205672]], "T": [-0.05050785862371907, 0.10219037869822076, 0.013111910437475009], "aligned_model": [[0.24993583939301703, -0.14296653015688426, 0.317657774812203, -0.2435842061108381, 0.5957753981903093, -0.40019190838279245, -0.7138960299654076, 0.26605102416663623, -0.4456336360490629, -0.40964935583504575, 0.1826245100286021, -0.14546741124333595, 0.0379763320568216], [-0.3768692623164026, 0.20874736833890148, 0.4811918179489979, -0.5521340462284654, -0.07872966866430875, 0.6238779954440166, 0.08142812939343844, -0.4326345890475103, -0.36642188026236455, 0.4875637759405467, 0.704678593741531, 0.15765562913677425, 0.02542740204533092], [-0.5525798357479643, -0.8662835074780162, -0.3831651468732287, -0.10812812959498425, -0.0006913461276757647, -0.2715457166662518, -0.3069677379846873, 0.34304565073315224, 0.4500985359952123, 0.2905657157792149, 0.1790751549842229, 0.8037406571362032, 0.02511073668109829]], "inverted": false, "swapped": true, "error_lsq": 0.04806757571198406, "error_max": 0.2217291067573874, "target": "985.xyz", "model": "17.xyz", "model_rescale": 3.7474275329858107, "target_rescale": 3.932839790503996},
{"mapping": [10, 4, 5, 8, 6, 0, 12, 7, 11, 3, 1, 9, 2, 13], "R": [[-0.20703800720770754, 0.7421843657876596, 0.6374148027398099], [-0.9614646529430398, -0.033890108605330205, -0.2728317827523742], [-0.18088942675729014, -0.6693383507009653, 0.7206005742214827]], "T": [0.005750418696679218, -0.03942491489208813, 0.041504172184650114], "aligned_model": [[-0.10023806621605645, 0.40569786348015147, -0.1583990787457874, 0.5587348951245388, 0.14110388196042578, 0.7614085201792188, -0.6869743738424845, -0.5979514950407765, -0.32292521461792006, 0.33954409208948727, 0.22070855071730472, -0.3172240715696033, 0.12772375836488847, 0.06285187229294592], [-0.66807700245602, 0.25979407564977475, -0.21858030866999065, -0.357112403014087, 0.6755442471409744, 0.301153495351025, -0.1157106778734848, 0.14073293745443977, -0.5264242848684274, -0.5696764623943619, -0.05988200335813676, 0.4342332030415341, 0.571591627824192, 0.04626458544203779], [-0.22307542704943636, -0.6216216523244589, -0.6398020908424588, -0.2903651996158229, -0.21442032602640757, 0.15163850343947147, -0.22969643157835498, 0.4544284141757414, 0.4616715239790866, 0.3022804389031026, 0.6986897820540174, -0.30354601519232965, 0.3815247785409566, 0.06624311181864347]], "inverted": true, "swapped": false, "error_lsq": 0.037076862551692305, "error_max": 0.23584953268655384, "target": "985.xyz", "model": "18.xyz", "model_rescale": 3.922800546911778, "target_rescale": 3.932839790503996},
{"mapping": [8, 12, 13, 5, 7, 3, 4, 10, 6, 1, 2, 11, 9, 14], "R": [[-0.5317197268615963, 0.7983340068408264, -0.2827312249959327], [0.7363127394532045, 0.600707665058573, 0.31143835804023035], [0.41847064626464175, -0.04258068413434016, -0.9072316151642339]], "T": [0.08528651472683305, -0.09319602650471828, -0.010899638317960583], "aligned_model": [[-0.0103570536800415, 0.5291608659670733, -0.24685845159438227, 0.7115810494001247, 0.17005380464763034, 0.5927236433778418, -0.6312067493266592, -0.5031321396361591, -0.34449651542643833, 0.2575445338402321, 0.16689195793393005, -0.4157348739060397, 0.058578201466182686, 0.09931286111303866], [-0.6000994882918701, 0.08128517668389942, 0.05176613775508901, -0.47454003975747905, 0.6411987834314753, 0.29606295935177895, -0.16886529055950245, 0.11225176210129409, -0.5664794319762432, -0.6033807075955118, 0.14997057415374357, 0.4016859740245703, 0.5932318893546998, -0.00023726940647478267], [-0.3399768971375572, -0.6363162311674158, -0.5944057986117287, -0.22271469817055561, -0.3137028561953816, 0.0006868184957502677, -0.08002781011170042, 0.501111436384385, 0.24805429003737417, 0.49705881467525315, 0.6579348096218621, -0.11726216204376329, 0.4259602571252471, -0.03245056262001932]], "inverted": false, "swapped": false, "error_lsq": 0.03482403114380116, "error_max": 0.21854638925283476, "target": "985.xyz", "model": "19.xyz", "model_rescale": 3.9282355846067225, "target_rescale": 3.932839790503996},
{"mapping": [1, 4, 3, 0, 8, 11, 5, 7, 2, 10, 12, 6, 9, 13], "R": [[0.6351819750528087, 0.14555979876060293, -0.7585223817085335], [0.05610211266529368, -0.9881816921101025, -0.14265166081369549], [-0.7703222777010309, 0.04805505554244742, -0.6358414111351262]], "T": [-0.027895077223023205, 0.09203477415369489, 0.001499385241300042], "aligned_model": [[-0.05055195518432609, 0.32545637890458473, -0.10671290210729178, 0.49931511994703737, 0.17940185941376507, 0.6878691361604113, -0.6026312163337593, -0.4659135406087651, -0.3541078312987613, 0.3739448419400131, 0.09023189743125976, -0.5310260783890163, 0.3691969019385745, 0.019588522362607493], [-0.6172454464048784, 0.2773147216545178, -0.1767553619114287, -0.36471435581208045, 0.8098711998549267, 0.06248041402099076, -0.2179483911754494, 0.15564402573484865, -0.5912289852861277, -0.46036612428774637, 0.23549419216264655, 0.3726528352774351, 0.48917612496504703, -0.06052381952323245], [-0.23914356793215366, -0.48858421420516546, -0.6969951976841241, -0.39045294409512793, -0.14119057630354453, -0.011588852328907231, -0.24604648901476808, 0.4398958556035758, 0.32623325239155604, 0.5264872667772441, 0.8311136079443132, -0.30665115182446995, 0.40525863627964426, -0.014386215326322636]], "inverted": true, "swapped": false, "error_lsq": 0.04938995119915234, "error_max": 0.2857195259443074, "target": "985.xyz", "model": "20.xyz", "model_rescale": 4.067790424073018, "target_rescale": 3.932839790503996},
{"mapping": [13, 4, 6, 5, 2, 8, 11, 12, 10, 1, 7, 3, 0, 14], "R": [[0.5760799110116999, -0.6309712322518481, 0.5196222091090181], [-0.10787173337332329, 0.5714598686982574, 0.8135092547761243], [-0.8102441763245118, -0.5246988874944892, 0.26114258977474125]], "T": [0.03573275809437126, -0.0046950443887301616, -0.007960526275216286], "aligned_model": [[-0.08654627390609507, 0.6057911323430439, -0.10981753535644534, 0.4658806190039989, 0.10576019941686524, 0.5885092532432361, -0.5667425577814874, -0.5886977765137974, -0.32723527050454626, 0.40637680785791763, 0.39458858083433623, -0.5922966525608413, 0.14636574322423934, -0.007875135124090604], [-0.6760296200768625, 0.2249890464313455, 0.08415494141703134, -0.3398653644028646, 0.6576059923910876, 0.0493956891160389, -0.1838757877940896, 0.1006775823548845, -0.6545922471130207, -0.5528551585854965, 0.09360419967817726, 0.540593621907824, 0.624995376889432, -0.05494724294401802], [-0.16442531750909703, -0.5225002848064635, -0.7280144789718658, -0.23401316438054828, -0.3398873641192436, 0.12119146048807924, -0.1594531298310827, 0.42331315003693104, 0.3343473142131756, 0.4772699126478634, 0.6387416573536034, -0.18680220601294206, 0.3014071279369588, 0.032774733236381276]], "inverted": true, "swapped": false, "error_lsq": 0.03722438207541058, "error_max": 0.2577080972119941, "target": "985.xyz", "model": "21.xyz", "model_rescale": 4.186013935880536, "target_rescale": 3.932839790503996},
{"mapping": [5, 3, 1, 12, 7, 4, 10, 9, 2, 0, 8, 11, 13], "R": [[-0.11735837140598715, 0.8823402600360338, -0.45574409286405326], [-0.3392957078880482, -0.46692479280979016, -0.8166147564600355], [-0.9333302926990439, 0.05879543671985865, 0.3541717963802856]], "T": [0.01464598827080826, -0.0008246324004747563, 0.0844736106118543], "aligned_model": [[0.0543795636678374, -0.2545403917922681, 0.4496601593681335, 0.3942747060944333, -0.07164541482375719, 0.7740313174310178, -0.22771997870622324, -0.7318594503779411, 0.2694116844709575, -0.3463179836298243, -0.7179169619537551, 0.4918911372469228, -0.025074351572307942], [-0.4013373822483363, 0.1044961029521688, 0.21880261914794652, -0.6507970679144499, -0.24382057594924259, -0.10992269974361618, -0.6499546770742126, -0.22203385639939244, 0.6114103293204156, 0.5513443471681596, 0.19026617320502454, 0.1557446170869225, -0.0352412700052946], [-0.492686961134578, -0.5213736283526608, -0.6063052173668267, 0.09432296724491851, 0.7747436182010107, -0.13602368938196122, 0.08711926267464243, -0.09874160795635939, 0.012714703107122943, 0.052256228034779986, 0.5535952654147944, 0.40415942874211874, -0.020900807891655923]], "inverted": false, "swapped": true, "error_lsq": 0.046268140164999624, "error_max": 0.2885101040489457, "target": "985.xyz", "model": "22.xyz", "model_rescale": 4.166573947596378, "target_rescale": 3.932839790503996},
{"mapping": [9, 4, 8, 3, 0, 2, 10, 13, 14, 12, 6, 7, 1, 15], "R": [[0.4594491148451878, -0.33599408779979956, -0.8222009996537063], [-0.7994566568158799, 0.24690490667322698, -0.5476376730407262], [0.38700848148425604, 0.9089257065482665, -0.1551724693203812]], "T": [0.08081524052059677, -0.10172596699851451, 0.00962414167282633], "aligned_model": [[-0.014393301618188414, 0.4665441544801079, -0.042835344314087864, 0.5479858924563406, 0.013463889412618696, 0.70836954269862, -0.6649231596401998, -0.6402680348991354, -0.4335980742043427, 0.17956447804255551, 0.36835622429045023, -0.4658299250052771, 0.32428319324801724, 0.08734159922885447], [-0.6065307925765082, 0.2887214285164237, -0.01761661573201395, -0.27957557971757546, 0.6549368718603401, 0.10205708443902019, -0.1519381691141879, 0.021827152490135268, -0.5999579290996306, -0.4913284358004923, 0.15828820927427883, 0.3335845807575341, 0.5400174124942331, -0.03863418852208757], [-0.30111141770052974, -0.47886081166331385, -0.7851810483710956, -0.3243635066641688, -0.28984356381810494, 0.14175023657369343, -0.0382737328978578, 0.4357540226602058, 0.34595971337885045, 0.5271566137182551, 0.6644679724880134, -0.1422752910770514, 0.20194640179652346, 0.03682382185833032]], "inverted": false, "swapped": false, "error_lsq": 0.038602570490758624, "error_max": 0.24492126044854612, "target": "985.xyz", "model": "23.xyz", "model_rescale": 4.274766983524099, "target_rescale": 3.932839790503996},
{"mapping": [3, 10, 9, 0, 7, 6, 2, 11, 4, 12, 13], "R": [[-0.7028024891681085, -0.661101986824721, 0.26270292011227714], [-0.13267949478105406, -0.24099033110853935, -0.9614155251382418], [0.6989025775340619, -0.7105405149100249, 0.08165392695787299]], "T": [-0.042357271280295955, 0.06842829996950049, 0.0017860114006669273], "aligned_model": [[0.18578809880975616, 0.02127162424002685, -0.30192823873437113, -0.4271398493825891, -0.5052560846578112, -0.5740591309012725, -0.03694083835279735, -0.025289229004758974, 0.6217558071988775, 0.40242287278720945, 0.019269671955805492], [-0.1058073370288203, 0.7393734250493608, 0.41463579532930606, -0.3724832056866065, 0.47763541538529825, -0.14593869788959346, -0.5866814749080931, -0.12042604140583342, -0.06271459454327867, 0.5918705941503439, 0.08612265279139986], [-0.6050057769203959, -0.15915521733862303, -0.6709211983429251, -0.3044213407600589, 0.40333319850710025, 0.38493975533985075, 0.12703933165274708, 0.5661605360706474, 0.42480242474423496, 0.30977615451639745, -0.09698143344739796]], "inverted": true, "swapped": true, "error_lsq": 0.05701662224397088, "error_max": 0.3172021085391678, "target": "985.xyz", "model": "24.xyz", "model_rescale": 3.7841303162186577, "target_rescale": 3.932839790503996},
{"mapping": [12, 4, 2, 3, 1, 6, 9, 10, 14, 13, 11, 8, 7, 15], "R": [[0.730054925327952, -0.5444007717729508, 0.41309515332113816], [0.3400860339343162, -0.23489488500449301, -0.9105854614046689], [0.5927573664892122, 0.8052652933609781, 0.013656931611170597]], "T": [-0.02383743682624932, 0.08509356459642654, 0.007910590799948115], "aligned_model": [[-0.09570897507822133, 0.4551721717594897, -0.22304260274984847, 0.6748344684017422, 0.043338937296084026, 0.666957980537154, -0.5150894534221138, -0.510774847302146, -0.456923560278109, 0.21599580606967525, 0.3829002318441009, -0.3236388705248145, 0.07497072341502665, 0.04506912420831426], [-0.6368327605743236, 0.18146469311613878, -0.10216200619209513, -0.303091932418299, 0.6993908003158864, 0.2876576541897615, -0.2075725600493093, 0.14416675659399325, -0.5174953138733625, -0.5831652219543438, -0.056011754765853336, 0.41046140178870977, 0.5061961408235972, 0.09084513226896863], [-0.21306173652383176, -0.5559748083094184, -0.6949732409996162, -0.0929431467890495, -0.40580747110986337, 0.06952173589540969, -0.11521009877522843, 0.6117793029745778, 0.2883067668233102, 0.33640748130388737, 0.6435845063375952, -0.384151463614865, 0.49341561432167613, 0.013055968747165924]], "inverted": false, "swapped": false, "error_lsq": 0.0413422127507816, "error_max": 0.20866757355455884, "target": "985.xyz", "model": "25.xyz", "model_rescale": 4.19342608120988, "target_rescale": 3.932839790503996},
{"mapping": [12, 11, 7, 3, 10, 5, 0, 1, 6, 4, 2, 13], "R": [[0.8285356378087029, -0.2811835166028669, 0.48421537240340834], [-0.26273155935778425, 0.5684372009720094, 0.7796481746714569], [-0.4944702464237391, -0.773184957524364, 0.3970946950787611]], "T": [-0.05817259651794943, -0.0063459891074695175, -0.17042044705926943], "aligned_model": [[-0.19160131285528761, 0.49499578237615566, 0.18731073563148812, -0.5277262769799352, -0.5476536439087442, -0.6109383845709374, 0.01866290775142037, -0.1193304307429735, 0.5073676490671178, 0.17582353846090462, 0.3754749292731204, -0.16457693887054856], [-0.6074229028690573, -0.14091974080764294, -0.5715475357989963, 0.46304215340640753, -0.49260590650289215, -0.01878757982093078, 0.5243260852818177, 0.4783924546674365, -0.03175770464839363, -0.10717575589580162, 0.4860663165374112, 0.031166544191622188], [0.2626874627621494, 0.0038509916933412436, -0.5744638401009492, -0.07143178963031693, -0.2342771092135432, 0.2647792034023019, -0.5560458942166211, 0.5194615778561458, -0.564102227342518, 0.5860626609416293, -0.05056013776225682, -0.13670243717994118]], "inverted": true, "swapped": true, "error_lsq": 0.05191488074921044, "error_max": 0.3337551368695708, "target": "985.xyz", "model": "26.xyz", "model_rescale": 3.795458400668931, "target_rescale": 3.932839790503996},
{"mapping": [10, 0, 9, 5, 1, 11, 6, 12, 2, 3, 4, 1, 13], "R": [[-0.3296827106105992, 0.944091789952032, 4.9695233901470015e-05], [-0.5904978411368647, -0.20624658021965955, 0.7802401218601859], [0.7366285427114198, 0.2572023333736767, 0.625480095422697]], "T": [-0.09178138390643063, -0.25457778573097634, -2.4464728807911673e-05], "aligned_model": [[-0.09504126056926047, 0.4162293352215396, 0.5527024976375505, -0.04854387848585154, -0.14780570605806798, -0.5723934707185723, -0.18903089713262772, -0.6401144395444183, -0.08636466545197867, 0.39757432773862145, -0.7095236658297545, -0.14780570605806798, -0.03020608792785552], [-0.5912566692091727, -0.20932420319868342, -0.5300823719554028, 0.0982367965870461, 0.5871304776657849, -0.23843980245450241, -0.6009299192925746, -0.30615577173364267, 0.1316956718935094, 0.14920500744975979, 0.24365209759342993, 0.5871304776657849, -0.19898028775442125], [-0.6056272874977378, 0.41961913794772604, -0.3853937115929997, -0.6072772407718331, -0.05513637377635023, 0.35101324254171273, 0.5882353422822911, -0.5132005666714837, 0.5437126263510718, -0.21933038092611043, -0.08575066978329682, -0.05513637377635023, -0.08359108222721381]], "inverted": true, "swapped": true, "error_lsq": 0.059855629694655334, "error_max": 0.3904397581444492, "target": "985.xyz", "model": "27.xyz", "model_rescale": 3.6321398670334006, "target_rescale": 3.932839790503996},
