[{"mapping": [12, 5, 1, 0, 2, 3, 10, 11, 9, 8, 7, 4, 6, 13], "R": [[-0.9050877965641733, 0.24918426667543958, -0.34456244971272376], [-0.42508680453265457, -0.5095772385063768, 0.7480857214306608], [0.010830010287464303, 0.8235522079611218, 0.5671370836398681]], "T": [0.007008363109315897, -0.0801044454572171, -0.10692005337935803], "aligned_model": [[-0.5619087758480376, 0.3890639175015986, -0.2175080494690985, -0.40461796592945054, 0.22892982858603858, 0.37101169767620856, -0.6635016920208311, -0.020530199268390746, -0.4741549180816954, 0.4197402237788573, -0.013725643766936978, 0.5259322067853178, 0.7573228881011403, -0.015108525734890129], [-0.18221758677059194, -0.7198944207520573, -0.2497400511887915, 0.4291756255076439, 0.6367486880271602, 0.07851852236101872, -0.35225948519057815, -0.5723151835678942, 0.35958855098495635, -0.19140199826841225, 0.2044471834954746, 0.5099125121309143, 0.042075606537009175, -0.05683840540016383], [-0.13895134035475246, -0.2377007909205988, -0.6107655209326277, -0.5150989469306074, -0.2746421258206351, -0.4468327367297299, 0.5943479588376014, 0.38707595643650317, 0.2275872521872457, 0.5471781025186674, 0.5930763422504296, 0.4371408447139069, -0.025394396873971714, 0.05279656085759557]], "inverted": false, "swapped": false, "error_lsq": 0.053396373687564766, "error_max": 0.30395180640983255, "target": "986.xyz", "model": "0.xyz", "model_rescale": 3.8414455957264533, "target_rescale": 4.0249458036502},
{"mapping": [1, 12, 11, 0, 7, 13, 3, 10, 4, 6, 2, 9, 8, 14], "R": [[0.7552473984923789, 0.4097093503278721, 0.5116049406763062], [-0.37366094407135336, -0.37214739423071475, 0.8496374614169234], [0.5384968578795969, -0.8328532675214776, -0.1279709687100915]], "T": [0.036423554660067504, 0.03433198422968724, 0.10152129957348524], "aligned_model": [[-0.6827086110797258, 0.26068229972444934, -0.11422826595419214, -0.3240114866026004, 0.04754272790697265, 0.4304128687992868, -0.6651876827543872, 0.11880190460394366, -0.41337854928237816, 0.42307772926271364, -0.05485459934967594, 0.5705894155360677, 0.7457229566934057, -0.021515715194049025], [-0.3276834464438037, -0.6016286336442592, -0.37591576929761267, 0.4201121810669479, 0.6734865725119941, 0.14630006464296702, -0.22258904964897358, -0.5939429414953825, 0.3099773630534392, -0.0426991849418626, 0.41355836329320234, 0.4587149186163861, -0.2892201657561828, -0.03267071405117196], [-0.21516726561544466, -0.2556224412965036, -0.6300975983517846, -0.3952458393008067, 0.03584955223034095, -0.5365089269456058, 0.3362767807119105, 0.36010537792339514, 0.23386527287884715, 0.7757556223590083, 0.7279878825939837, 0.09282428460409026, -0.02697291047210737, 0.0867673679197032]], "inverted": false, "swapped": false, "error_lsq": 0.041858621661239666, "error_max": 0.2304681256202785, "target": "986.xyz", "model": "1.xyz", "model_rescale": 4.316132596720782, "target_rescale": 4.0249458036502},
{"mapping": [4, 8, 3, 12, 5, 11, 1, 9, 0, 10, 7, 13], "R": [[-0.915851782152606, -0.1586929763636188, 0.36882523284172364], [0.32091207919738796, -0.8413747888889402, 0.434860784674016], [0.24131090019538104, 0.5166284969636764, 0.8215010928610793]], "T": [0.029162628947077003, -0.01989975447224006, -0.15580782527586143], "aligned_model": [[-0.1271293332262072, 0.48408810763311316, 0.18668980386157596, -0.4754854079859132, -0.5426314297697619, -0.5422704058330938, -0.17242838458177975, -0.2518642654833082, 0.5510183566702896, 0.20855642249734557, 0.23806120770955994, 0.041203883139960464], [-0.6453991882048774, -0.36456974107249573, -0.6129093969555203, 0.3943358436094461, -0.1305099021705568, -0.08632134419309993, 0.5107033631570479, 0.5434820218706687, -0.12612566210444032, -0.09567342313599168, 0.5984744827732685, 0.027289374167531456], [0.12608771056158244, 0.129660484671951, -0.4323071963990366, -0.026915320743419457, -0.2626899195358695, 0.3865230317244217, -0.7021813822346259, 0.4374084818773176, -0.6567016717090386, 0.6485722499611007, 0.027897087817058075, -0.2260950947820206]], "inverted": false, "swapped": true, "error_lsq": 0.04320025253764248, "error_max": 0.2276881986416359, "target": "986.xyz", "model": "2.xyz", "model_rescale": 3.795458400668931, "target_rescale": 4.0249458036502},
{"mapping": [3, 5, 1, 9, 8, 7, 12, 4, 11, 10, 6, 13], "R": [[0.008326232820174806, 0.8769102035082159, 0.4805821145550506], [-0.7028200416966548, -0.33673897363388167, 0.6266185862432683], [0.7113189599866832, -0.3429801140287575, 0.6135062986997639]], "T": [-0.04422296710350356, 0.003641579486541177, -0.0760577725571984], "aligned_model": [[0.03760778587234485, -0.09427854160790722, -0.7938750818781011, 0.15493275077190977, 0.39358915533967015, -0.2070968042716028, -0.16800963725642531, 0.5196905980471789, 0.43421278047781203, 0.6847090282311821, -0.23976017335253985, -0.12841803462995666], [-0.09332843512566136, -0.5819444716158814, -0.10177738559687, 0.030412393684078474, 0.3609545014204229, 0.43322964957496585, -0.30591083576655304, -0.29975755884909255, -0.45586935595898337, 0.2828448099162984, 0.7985450848095371, 0.018370648797447986], [-0.7369871888186605, -0.004014392247628118, 0.14214217595791914, 0.7653107863548058, -0.37252829059579684, 0.42263954225036016, 0.4999007434198518, -0.36776355937183614, 0.3540808503494993, 0.19899638531052585, -0.13442772235235367, -0.07857789961758624]], "inverted": false, "swapped": true, "error_lsq": 0.0586487097294908, "error_max": 0.3637754141843397, "target": "986.xyz", "model": "3.xyz", "model_rescale": 3.7530521520055578, "target_rescale": 4.0249458036502},
{"mapping": [1, 11, 5, 4, 2, 10, 0, 7, 6, 8, 13], "R": [[0.25507694194620606, -0.7640249365094354, 0.5926226877863566], [0.14277599240811434, -0.5764170241466802, -0.8045858750100972], [0.9563214782065966, 0.28984359690294903, -0.03794627327038641]], "T": [-0.05099529593935948, -0.07211914447700082, -0.036603779391179654], "aligned_model": [[-0.46688333370844715, -0.008396010143589282, 0.13482147298267977, 0.5367721611971468, 0.2234873436927164, -0.11922223100620766, 0.07491137453924035, -0.7089017725862874, -0.4359798454647943, 0.1954215950023293, -0.08783115205958186], [-0.7408752352448896, 0.24915433044975446, -0.3430453386147101, 0.2490832735000477, -0.741924360832741, 0.7453683062154244, -0.3405168848092651, 0.056003766823430084, 0.06856095949014396, 0.4069718299117778, -0.14157728857462654], [-0.05907820972240588, -0.7577410440169661, -0.5292273254672418, -0.25224291123391324, 0.162819867216022, -0.146195935849226, 0.631694172661615, 0.06594570221820861, 0.674388089631276, 0.3054449027039898, -0.0029765308960421136]], "inverted": true, "swapped": true, "error_lsq": 0.05404311516767684, "error_max": 0.29551388308973886, "target": "986.xyz", "model": "4.xyz", "model_rescale": 3.7855080009869324, "target_rescale": 4.0249458036502},
{"mapping": [15, 12, 13, 8, 7, 6, 9, 2, 10, 0, 5, 4, 1, 16], "R": [[-0.8623212389980531, -0.4817853566773587, 0.15583629507958957], [-0.5054293151345268, 0.837624644668722, -0.2071862979210753], [-0.030712996849964563, -0.2574253770219004, -0.9658099642733174]], "T": [0.013769828961855149, -0.06787169672785787, 0.00746502489581808], "aligned_model": [[-0.7498272210891, 0.27351925545630074, -0.04812651887124554, -0.40528845121396273, 0.07092026250199383, 0.33482433075858303, -0.5302865297695504, 0.0342088094649911, -0.543740157905716, 0.5071862443065388, 0.07054646275651032, 0.6151039294617455, 0.7049342429159502, -0.013029666463208588], [-0.19551488512660162, -0.6330761234379138, -0.236171563799819, 0.2569979056892359, 0.6789741751063242, 0.2967658960800182, -0.3142227459196197, -0.6027953063570516, 0.35539274162152823, -0.016453645242403545, 0.4389688865768119, 0.34673127927518066, -0.3272125622830068, -0.11258449427699538], [-0.2752802107753381, -0.2684687614974335, -0.6944691855141623, -0.45530897308274737, 0.025480117077745536, -0.42847132464880866, 0.3950574117342141, 0.516606132562404, 0.20993503217093015, 0.6094370411643114, 0.6359491389270585, 0.12366509258409278, 0.17520889907895598, 0.02047674945780399]], "inverted": false, "swapped": false, "error_lsq": 0.03441976887993834, "error_max": 0.22633723590753635, "target": "986.xyz", "model": "5.xyz", "model_rescale": 4.2253639853439635, "target_rescale": 4.0249458036502},
{"mapping": [0, 3, 7, 12, 11, 6, 1, 4, 9, 10, 8, 5, 2, 13], "R": [[-0.7059631564212929, -0.4238864564976099, 0.5673943018515302], [0.017175452378967893, 0.7906411967838136, 0.612038807416521], [-0.7080402711790221, 0.4418221021476395, -0.5508831132305454]], "T": [0.005874620942074839, 0.005677887299515612, 0.09711493878844862], "aligned_model": [[-0.6509435167552553, 0.1887019051992994, -0.17545380772882932, -0.3469879781338997, 0.20327966468766467, 0.39399383037375035, -0.323549982199779, 0.09020403514842254, -0.5524546334864998, 0.40874604305239726, -0.0988957788551699, 0.5418960370180861, 0.6158537095737516, 0.02655546441589133], [-0.3798055354821035, -0.4884588227075758, -0.13966113961990873, 0.5055722291670333, 0.6940374702336762, 0.06325988871073694, -0.3241108390376859, -0.674857340148882, 0.2125156462148271, -0.04668487005353139, 0.5121242873233778, 0.3077680820632722, -0.26872123526770175, -0.037178263489846826], [-0.15399283504378086, -0.37766139660837555, -0.6614282598738077, -0.6078229291199375, -0.20742754117075013, -0.4125572700936118, 0.6640581535674821, 0.2722482203425213, 0.2315880313441959, 0.7630467921175499, 0.6247512556089332, 0.245990128750202, 0.15005117404977902, 0.0589736353686269]], "inverted": false, "swapped": false, "error_lsq": 0.057170035409576, "error_max": 0.417042175585791, "target": "986.xyz", "model": "6.xyz", "model_rescale": 3.89814844738969, "target_rescale": 4.0249458036502},
{"mapping": [5, 2, 3, 12, 4, 0, 1, 11, 7, 6, 8, 10, 13], "R": [[0.06850838139108688, 0.9724142350149523, -0.22297344509931838], [-0.996470096791463, 0.055827273677796455, -0.06269498954555427], [-0.048517500755769785, 0.22648150267514075, 0.9728063430438887]], "T": [-0.06917831702885312, 0.05373886916622185, -0.029681978434637473], "aligned_model": [[0.1648643971394379, -0.15345949441451512, 0.32048538044540753, -0.24483604930564729, 0.6309016843511268, -0.2986613723828451, -0.6661838413496172, 0.34325371027866164, -0.6223207748002542, -0.6000955586016212, 0.1983450148052876, 0.2148654817680153, -0.13852677702921434], [-0.3780986319248144, 0.24868897021461256, 0.4988702269101776, -0.5878015640146503, 0.08838573676354147, 0.6869541335659719, -0.18909235251901918, -0.566013286292051, -0.05428260571966102, 0.6069460362236474, 0.5150548746554134, 0.029926032870990448, 0.06424369473632677], [-0.3603588796952386, -0.7498490974997714, -0.350536192011322, -0.00860394938703547, 0.032200154676674655, -0.31409004027709503, -0.4828045563565798, 0.2365460965868035, 0.3473294152479928, 0.26289646533491684, 0.32083985656149544, 0.7473013911801579, -0.07859563352470374]], "inverted": false, "swapped": true, "error_lsq": 0.052477816995929974, "error_max": 0.26376520634817796, "target": "986.xyz", "model": "7.xyz", "model_rescale": 3.7474275329858107, "target_rescale": 4.0249458036502},
{"mapping": [4, 1, 2, 8, 5, 3, 13, 12, 9, 10, 7, 6, 0, 14], "R": [[-0.8207533553411779, 0.06999952037255884, -0.5669779509326709], [-0.42528643807218536, -0.7375231543155432, 0.5245865442806601], [-0.38143856030568235, 0.6716841996028069, 0.6350944502322982]], "T": [0.006728126120465545, -0.06341020263715952, 0.11631473693547115], "aligned_model": [[-0.6449796839185331, 0.2976264072769677, -0.12121756195320231, -0.3673963898545445, 0.08199147924121213, 0.35723616429032584, -0.6877443830894391, -0.06938511723326478, -0.42629441806269286, 0.47244551886040625, 0.14249774344195895, 0.6674850883933323, 0.6432939101618955, -0.02461376524459159], [-0.19492279512578567, -0.6572958667418383, -0.3323371532914933, 0.284496626133758, 0.6345267745666767, 0.2699726376244493, -0.6179441341552951, -0.5303761346213993, 0.5140067347101838, -0.03568736090842002, 0.4675498194914109, 0.4160699713391593, -0.17861154854329458, -0.10364801257242366], [-0.29624703322339685, -0.24072843698189947, -0.6710210821182306, -0.335572418112725, -0.025955665996696048, -0.4129626326752375, 0.2516361374577356, 0.5122846996240844, 0.3600801913828919, 0.7143131598717338, 0.5206978446905065, 0.1372216250185153, -0.0090881741794476, 0.0851589444811921]], "inverted": false, "swapped": false, "error_lsq": 0.03990759700612482, "error_max": 0.24602266857561886, "target": "986.xyz", "model": "8.xyz", "model_rescale": 4.019505241142653, "target_rescale": 4.0249458036502},
{"mapping": [12, 1, 7, 9, 11, 10, 6, 5, 4, 3, 0, 8, 13], "R": [[0.13183478942983728, -0.5800314182815521, -0.8038551748308163], [0.9217555169639434, 0.37006114297986703, -0.11585127277232793], [0.36467294284402896, -0.7256847140892014, 0.5834340926743569]], "T": [-0.05744828190232376, -0.044187931263684414, 0.07535615251471524], "aligned_model": [[-0.1767875891072822, -0.7260683538177966, 0.06921723168356592, 0.2999606784433665, 0.2721419208791705, 0.7612216839182863, 0.07486315730504459, -0.3225972018533631, 0.26645817282557777, -0.15567914191202759, -0.3334885599677664, 0.41776345199481735, -0.12730467865041706], [-0.5351379269600232, -0.025847271495945574, 0.13563055530663054, -0.4616972982286147, -0.7616419920631978, -0.13568937856751098, 0.7083163864498048, -0.5581604799471576, -0.32299563540632137, 0.15372487891451747, 0.6018044237148062, 0.27237922084044414, -0.007307254443373684], [-0.35777232854450125, -0.3409532138804165, -0.566043853837024, -0.5926449642074719, 0.03412184463249712, -0.004381289568209754, -0.22421749071676916, 0.2023801733916214, 0.634366603992341, 0.7110513364317586, 0.2778595638423488, 0.36032245399675766, 0.042614658510947284]], "inverted": true, "swapped": true, "error_lsq": 0.05327112890533799, "error_max": 0.3097153262117735, "target": "986.xyz", "model": "9.xyz", "model_rescale": 3.877068213659057, "target_rescale": 4.0249458036502},
{"mapping": [0, 7, 8, 11, 10, 9, 5, 4, 12, 13, 6, 14, 2, 15], "R": [[0.6419513257847527, -0.054775255639728126, -0.764786353626162], [-0.5246607155794547, -0.7587464589064159, -0.3860504431089664], [-0.5591329259226764, 0.6490789493324962, -0.5158167200494472]], "T": [0.016558782342562493, -0.03841100692459472, 0.12676787968426032], "aligned_model": [[-0.6829701713613071, 0.1845049849171228, 0.010365190593175887, -0.33970716752285185, 0.10330890070476148, 0.430647641381701, -0.6336847873089494, 0.15599653810354247, -0.6401425382396106, 0.5920756659336259, -0.060548503075944705, 0.6418432847611951, 0.6233839131546731, -0.06412795973130375], [-0.08125546020413484, -0.7681637513585303, -0.2296930353449808, 0.379046722069766, 0.6469786386127303, 0.1522325234397967, -0.4037313794241382, -0.6389450165605199, 0.288451062305136, 0.08498863141778971, 0.3961085793171955, 0.42807756627898463, -0.2787665478567721, -0.039528974786635154], [-0.2508425430889162, -0.19810374796077165, -0.6206916582391796, -0.366647658916896, -0.034248362397842985, -0.35054833107074734, 0.36069044765533864, 0.4060646667834156, 0.2685415689147331, 0.627957805682649, 0.5575250860459184, 0.09628429813357528, 0.006985441457405678, 0.08685014624034529]], "inverted": true, "swapped": false, "error_lsq": 0.04019982944601524, "error_max": 0.22743058840811864, "target": "986.xyz", "model": "10.xyz", "model_rescale": 4.260839863003843, "target_rescale": 4.0249458036502},
{"mapping": [11, 4, 8, 10, 6, 7, 12, 5, 3, 0, 1, 13], "R": [[0.6351542223591531, 0.24349222439586177, -0.7330011258368538], [0.4081809718220372, -0.9114801845384943, 0.050913332596582095], [-0.6557190008393514, -0.33153493006382934, -0.678319380591337]], "T": [0.03569393684977009, 0.037134042997531966, -0.0003983507539790723], "aligned_model": [[0.3906835157164882, 0.28385357133369776, -0.3515175777442243, -0.3597521185253754, -0.7185876068605556, -0.4074775688346298, 0.31106802977904824, 0.6148947459429179, 0.1743612947430379, -0.2333139806379245, 0.22209869324935952, 0.03258765093229031], [-0.08302039081605643, -0.5986438888694711, -0.47006036008544827, -0.33623209510322405, 0.1922572418390438, 0.5013728369274422, 0.4818163845450171, 0.09101302986619737, -0.4501928349823214, -0.004818262170858727, 0.7483360745859224, 0.1012507697966911], [-0.6965417341203299, -0.17170226001650887, 0.007837379470121413, -0.6242342519918818, 0.28334374841478815, -0.21915430462118562, -0.4118601031469345, -0.11098908251290016, 0.4425587882555554, 0.6781196916180892, 0.2827051744332564, 0.05609503161343501]], "inverted": false, "swapped": true, "error_lsq": 0.04397024152024403, "error_max": 0.2501506009053563, "target": "986.xyz", "model": "11.xyz", "model_rescale": 3.890672605050136, "target_rescale": 4.0249458036502},
{"mapping": [7, 8, 5, 12, 10, 9, 3, 0, 4, 1, 2, 11, 6, 13], "R": [[-0.711741095512392, 0.266001571630947, -0.6501290463044135], [0.01586956061891051, 0.9313799918233578, 0.36370244414477704], [0.7022626075796595, 0.24854471372569578, -0.6671227437844023]], "T": [0.1486356781741268, -0.0366392462222237, 0.047202946119553016], "aligned_model": [[-0.5806205682983326, 0.04372766893718638, -0.0189654733645874, -0.30422899892073463, -0.11522449218954159, 0.5235527158230842, -0.5596633467944957, 0.022358889378219254, -0.3779058446271669, 0.4909293457694366, 0.08150344098593534, 0.46612203471731173, 0.6638435475573145, -0.014483926663798247], [-0.2118679987060905, -0.7377473342927617, -0.18357197783501444, 0.3479825751316016, 0.816475093884741, 0.1960538708193818, -0.5422154092009632, -0.3679949743417633, 0.2001452227231554, -0.1956232217924972, 0.5150854069790689, 0.4037024555885046, -0.2943286316901891, -0.01029551936148643], [-0.35831447836458474, -0.08176528360447415, -0.6979767692637633, -0.4023654975275804, 0.0012221061742471867, -0.5939768603180744, 0.35666763014380254, 0.5193809780111047, 0.44437316637466073, 0.7275392093205238, 0.4906635457749337, 0.13700140351508616, 0.032527255868803465, 0.014840753134341182]], "inverted": false, "swapped": false, "error_lsq": 0.048498916333961174, "error_max": 0.27970561950489403, "target": "986.xyz", "model": "12.xyz", "model_rescale": 4.124412569039231, "target_rescale": 4.0249458036502},
{"mapping": [2, 5, 4, 1, 3, 0, 12, 6, 11, 7, 8, 10, 13], "R": [[-0.609120743409765, 0.772503816496005, 0.17947081502863427], [0.7864344935690084, 0.5591209182401813, 0.2624968306687036], [0.10243391661355539, 0.30103430416708904, -0.9480957970805713]], "T": [0.09002213740647226, 0.11766230986560292, -0.005857802923781654], "aligned_model": [[-0.11487283311957076, -0.15453619847822703, 0.6042819025387777, -0.6365521175335922, 0.5136151135259357, 0.23310275212330878, -0.4294258271525294, 0.19893211906664093, 0.07112488247967294, -0.20636076553391675, 0.6967076071737986, 0.559516890748394, 0.03176478167106492], [-0.32528386493620753, 0.4621645608526642, 0.4896738134756311, -0.17323567483298716, -0.12487407730633332, -0.5907084321144034, 0.5235036718411513, -0.4932894089444888, 0.9080480310365765, 0.03218075740085885, 0.027683846178968005, 0.5562370809547961, 0.05538507290225138], [0.5647263498744204, 0.4090111545137192, 0.29792854850231054, 0.08453513636836071, 0.4574695550274219, 0.10482561500040191, -0.09718496563236756, -0.5428773984874166, -0.007756433760814859, -0.6096979205255125, -0.18216254945940732, -0.5275645540913426, 0.0004455436380659504]], "inverted": false, "swapped": true, "error_lsq": 0.03891554350467423, "error_max": 0.280493207774351, "target": "986.xyz", "model": "13.xyz", "model_rescale": 3.9028299243045295, "target_rescale": 4.0249458036502},
{"mapping": [9, 13, 10, 7, 3, 4, 11, 12, 6, 8, 2, 0, 5, 15], "R": [[0.6803788375503953, -0.721129733026951, -0.13060071040408291], [-0.69942986456659, -0.5857384345733534, -0.4095221005219607], [0.21882070735178236, 0.3699762078945559, -0.9029037067295881]], "T": [0.002482689278231462, -0.011028012268394005, 0.11076666995847623], "aligned_model": [[-0.7000147347989845, 0.23916593601881508, 0.017552558483113767, -0.388861550554347, 0.007822731430715452, 0.4034731545950886, -0.5555219043505639, 0.08415083982738071, -0.5279317468955949, 0.6399561212247193, 0.13253714024836466, 0.6170089817202672, 0.43937952282646914, -0.087772057465613], [-0.04452148294712946, -0.7451317465423646, -0.25395736953914544, 0.2721004749093757, 0.6016579892126493, 0.24036963768477804, -0.45101239986374597, -0.5869555508147692, 0.38608588075595957, -0.10339674579013686, 0.33707437213943336, 0.5392168311949904, -0.25718495504828315, 0.0014546225540759058], [-0.21514898331769122, -0.08346025874241586, -0.5935846830374143, -0.6555987138731911, -0.004458295986980193, -0.37438190749558714, 0.31300736937239737, 0.49270655068668845, 0.18404247848135163, 0.5369154704819312, 0.7464240771427446, 0.19325580490441857, 0.00766599095036033, 0.042432259672415124]], "inverted": false, "swapped": false, "error_lsq": 0.04435817569253649, "error_max": 0.23649253644086085, "target": "986.xyz", "model": "14.xyz", "model_rescale": 3.942246331269136, "target_rescale": 4.0249458036502},
{"mapping": [13, 8, 11, 4, 10, 6, 12, 0, 3, 2, 5, 9, 7, 14], "R": [[-0.10014877114376952, 0.9299752501305848, -0.35371776571576], [0.9653200091097661, 0.00467269151533134, -0.2610276727979693], [-0.2410964612986139, -0.36759243748825815, -0.8981916812411074]], "T": [-0.03201399573070081, 0.04477622969743639, 0.03974090939562225], "aligned_model": [[-0.6771293057373061, 0.22707894567766146, -0.06366134289853957, -0.43338268873173263, 0.07020447654168527, 0.39851695311840124, -0.6904279866446226, 0.2270058336915114, -0.5804642281508066, 0.42730204657120513, 0.031204423933810857, 0.6462324838575866, 0.7652199249967935, -0.02675454391581752], [-0.2581023077729006, -0.6336783218591004, -0.08201084726870175, 0.37451946725613644, 0.6390215983194225, -0.036555781739988136, -0.37724613336208374, -0.5032728533425004, 0.33453277539575704, -0.052809400735546325, 0.3176458122191875, 0.4774939486526973, -0.24586634710403915, -0.017872050752652704], [-0.3514376621547982, -0.22748782310216276, -0.6652658332587802, -0.23198790115923007, -0.3416045269751061, -0.30784734606916675, 0.277363298511651, 0.4559961356852512, 0.40277178588404927, 0.6415330135782854, 0.6092364585780905, 0.0697308203760208, 0.14426112906964011, 0.11455561027528238]], "inverted": false, "swapped": false, "error_lsq": 0.0455774954485216, "error_max": 0.2573116387280843, "target": "986.xyz", "model": "15.xyz", "model_rescale": 4.355366556412066, "target_rescale": 4.0249458036502},
{"mapping": [4, 8, 3, 12, 5, 11, 1, 9, 0, 10, 7, 13], "R": [[-0.915851782152606, -0.1586929763636188, 0.36882523284172364], [0.32091207919738796, -0.8413747888889402, 0.434860784674016], [0.24131090019538104, 0.5166284969636764, 0.8215010928610793]], "T": [0.029162628947077003, -0.01989975447224006, -0.15580782527586143], "aligned_model": [[-0.1271293332262072, 0.48408810763311316, 0.18668980386157596, -0.4754854079859132, -0.5426314297697619, -0.5422704058330938, -0.17242838458177975, -0.2518642654833082, 0.5510183566702896, 0.20855642249734557, 0.23806120770955994, 0.041203883139960464], [-0.6453991882048774, -0.36456974107249573, -0.6129093969555203, 0.3943358436094461, -0.1305099021705568, -0.08632134419309993, 0.5107033631570479, 0.5434820218706687, -0.12612566210444032, -0.09567342313599168, 0.5984744827732685, 0.027289374167531456], [0.12608771056158244, 0.129660484671951, -0.4323071963990366, -0.026915320743419457, -0.2626899195358695, 0.3865230317244217, -0.7021813822346259, 0.4374084818773176, -0.6567016717090386, 0.6485722499611007, 0.027897087817058075, -0.2260950947820206]], "inverted": false, "swapped": true, "error_lsq": 0.04320025253764248, "error_max": 0.2276881986416359, "target": "986.xyz", "model": "16.xyz", "model_rescale": 3.795458400668931, "target_rescale": 4.0249458036502},
{"mapping": [5, 2, 3, 12, 4, 0, 1, 11, 7, 6, 8, 10, 13], "R": [[0.06850838139108688, 0.9724142350149523, -0.22297344509931838], [-0.996470096791463, 0.055827273677796455, -0.06269498954555427], [-0.048517500755769785, 0.22648150267514075, 0.9728063430438887]], "T": [-0.06917831702885312, 0.05373886916622185, -0.029681978434637473], "aligned_model": [[0.1648643971394379, -0.15345949441451512, 0.32048538044540753, -0.24483604930564729, 0.6309016843511268, -0.2986613723828451, -0.6661838413496172, 0.34325371027866164, -0.6223207748002542, -0.6000955586016212, 0.1983450148052876, 0.2148654817680153, -0.13852677702921434], [-0.3780986319248144, 0.24868897021461256, 0.4988702269101776, -0.5878015640146503, 0.08838573676354147, 0.6869541335659719, -0.18909235251901918, -0.566013286292051, -0.05428260571966102, 0.6069460362236474, 0.5150548746554134, 0.029926032870990448, 0.06424369473632677], [-0.3603588796952386, -0.7498490974997714, -0.350536192011322, -0.00860394938703547, 0.032200154676674655, -0.31409004027709503, -0.4828045563565798, 0.2365460965868035, 0.3473294152479928, 0.26289646533491684, 0.32083985656149544, 0.7473013911801579, -0.07859563352470374]], "inverted": false, "swapped": true, "error_lsq": 0.052477816995929974, "error_max": 0.26376520634817796, "target": "986.xyz", "model": "17.xyz", "model_rescale": 3.7474275329858107, "target_rescale": 4.0249458036502},
{"mapping": [10, 7, 12, 5, 4, 9, 3, 1, 8, 2, 0, 6, 2, 13], "R": [[0.9051674946592658, 0.3425465815274626, 0.25166176923823375], [0.2510983723958398, -0.9086417002553734, 0.3336463216299333], [0.34295978480344996, -0.23881394440206832, -0.9084858204543963]], "T": [-0.060111853735012405, -0.1060706283312314, 0.012903100877752437], "aligned_model": [[-0.6895992099456307, 0.3357271073782063, -0.03261419607128971, -0.33731781802194094, -0.006933862319230322, 0.3904845352984263, -0.5848001044852342, 0.01069971899439523, -0.5579987820337519, 0.5649478764369249, 0.11522215933317445, 0.534578209011423, 0.5649478764369249, 0.01360148229743309], [-0.13764549493607042, -0.6935016226895186, -0.2671058487268232, 0.30278365177273714, 0.7222605364684306, 0.14804343703446374, -0.30401050532525975, -0.5296658083184904, 0.34871745447620506, -0.13219803088402343, 0.2963863952337389, 0.384692562935567, -0.13219803088402343, -0.07075913825124543], [-0.26850064222690057, -0.24333043667800763, -0.7168560785291611, -0.5155048548484209, -0.003388144354708234, -0.4114942386867416, 0.3951480824399643, 0.5551864783372007, 0.2621637226860966, 0.34823937443447933, 0.7245411541221665, 0.03512990515998711, 0.34823937443447933, 0.08024346294859346]], "inverted": false, "swapped": false, "error_lsq": 0.04273377231686957, "error_max": 0.28106140776262367, "target": "986.xyz", "model": "18.xyz", "model_rescale": 3.922800546911778, "target_rescale": 4.0249458036502},
{"mapping": [3, 5, 12, 7, 11, 13, 0, 1, 9, 6, 10, 4, 8, 14], "R": [[0.3510657074363775, 0.8738459391787833, -0.33637203160034884], [-0.8875943176685522, 0.19616055242639835, -0.41677015837781284], [-0.29820998692983575, 0.44487561436037426, 0.8444859332415116]], "T": [0.061438342341641514, -0.055024371357262014, 0.07459744184766434], "aligned_model": [[-0.5150783277824226, 0.028548064985336, -0.06652161113584663, -0.36271670854902865, 0.07335441431447728, 0.40643504270516173, -0.5424791648186675, 0.0925466338986864, -0.5694664297223272, 0.5356775916258907, 0.06620559967485141, 0.5757057583574893, 0.5999431938374419, -0.0012090650812116993], [-0.17469362594698462, -0.776626115615599, -0.27125670791825385, 0.3699455385818896, 0.6481019771176114, 0.2883791088579648, -0.6252911126991698, -0.5222763282593856, 0.42246799993569917, -0.048780322322502234, 0.5217502551707858, 0.4292822387399069, -0.32153872576616804, -0.0036646219701066407], [-0.17531662770446488, -0.1718632497939561, -0.6707104619732506, -0.4523789214827014, -0.0381631810573799, -0.41003135768300636, 0.1669127923666193, 0.6479131549616374, 0.26617872970981526, 0.575422679034325, 0.6384315936283593, 0.23221492607050234, -0.04104544738945526, 0.022252530551982945]], "inverted": true, "swapped": false, "error_lsq": 0.04197316143651046, "error_max": 0.29426362778790827, "target": "986.xyz", "model": "19.xyz", "model_rescale": 3.9282355846067225, "target_rescale": 4.0249458036502},
{"mapping": [3, 8, 6, 5, 2, 7, 0, 11, 1, 9, 10, 12, 9, 13], "R": [[-0.5414494000851022, -0.5953597258871499, -0.5936154849218988], [-0.7793696722873367, 0.6202369344248038, 0.08882037544421667], [0.31530217421738915, 0.5107376449478733, -0.7998322305126793]], "T": [0.02765513584553622, -0.06641136038139571, -0.06147394435418079], "aligned_model": [[-0.6816238054504828, 0.3837484851257289, -0.037939764691719086, -0.37246759501834514, -0.16913035434834436, 0.3956861990576468, -0.5556893037847267, 0.01273239743520968, -0.6129085295454703, 0.5999379139954553, 0.08268171291518359, 0.7575950911688162, 0.5999379139954553, -0.0816153685445766], [-0.25002061454627744, -0.7265924970599631, -0.19346969173378914, 0.27039628836735813, 0.7312120331388061, 0.3493236733418756, -0.23448279751368334, -0.3920746161766245, 0.28095213723754325, -0.28806363434830234, 0.41477304753383565, 0.25774557637704043, -0.28806363434830234, 0.004164287636170758], [-0.23342188519841206, -0.18788586032888413, -0.6989671157015429, -0.5242401490828299, 7.768696741352471e-05, -0.34398995208771915, 0.4597345024016069, 0.5765573456537176, 0.11321889296145934, 0.2575676148761094, 0.6510342944660674, 0.22990945812715652, 0.2575676148761094, 0.03265471130877489]], "inverted": true, "swapped": false, "error_lsq": 0.05269261571679874, "error_max": 0.40660526924358686, "target": "986.xyz", "model": "20.xyz", "model_rescale": 4.067790424073018, "target_rescale": 4.0249458036502},
{"mapping": [10, 7, 9, 12, 3, 0, 13, 5, 11, 4, 6, 2, 8, 14], "R": [[-0.32119202453157897, -0.007562478121083793, -0.9469838923138946], [0.16362669419350903, -0.9853719091868315, -0.047628830898969826], [-0.9327711339469128, -0.17024984437633683, 0.3177310217231293]], "T": [0.03817841015450527, -0.0375252714369645, 0.08071619929113992], "aligned_model": [[-0.6926065451720367, 0.34125788287220993, -0.27865285717473337, -0.3109609082128305, 0.022500780142234937, 0.5733331662827791, -0.5382115429242635, 0.08316089074137353, -0.49692759112280116, 0.6001299848791932, 0.018252859808720552, 0.5810132474369034, 0.4476746597459739, -0.02901903499289251], [-0.3165731214803321, -0.46526819590068536, -0.3465765195049749, 0.29895588990081623, 0.8009384250067685, 0.16100369693267688, -0.3106834126510021, -0.4584107026890852, 0.3242928414621933, -0.09787892254769612, 0.3859952360893586, 0.4478413728869701, -0.43417093983493743, -0.0536660897643823], [-0.16294846373619915, -0.4501724717098221, -0.5581540328992821, -0.5124920536289099, -0.06238466833002436, -0.34195822060239073, 0.3693037197343224, 0.4921747647115894, 0.10867106566985, 0.64908259449614, 0.6871733328491804, 0.23392028392744318, 0.09308276860928061, 0.04451854014784989]], "inverted": false, "swapped": false, "error_lsq": 0.04164142004930429, "error_max": 0.30399503333385713, "target": "986.xyz", "model": "21.xyz", "model_rescale": 4.186013935880536, "target_rescale": 4.0249458036502},
{"mapping": [2, 1, 0, 4, 11, 3, 5, 12, 6, 7, 9, 8, 13], "R": [[-0.8352252192291788, 0.5213370533771092, -0.1749471632797848], [-0.49243923668407996, -0.5674838156745331, 0.6598982627053004], [0.2447497320480069, 0.637314518682531, 0.7307036149759237]], "T": [0.04402584576911979, -0.0422481627646889, 0.03308142008722862], "aligned_model": [[0.1812478827839284, -0.45433772628424984, 0.4875500005118631, 0.41569266646972164, -0.2981277436798962, 0.6265019187996108, -0.21446692227090747, -0.6017180782438754, 0.26374143834535096, -0.32492274506348917, -0.6155914295863893, 0.5731416219926954, 0.019863151648862654], [-0.2860350468788688, 0.05029102985233108, 0.23753782821400826, -0.5074797990779004, -0.4602274888545014, -0.3142503623135382, -0.5717678939615933, -0.1701549578756737, 0.7350117850905886, 0.5205033334642191, 0.15611324164302776, 0.14274616272661014, -0.013331172482615686], [-0.6636879864127067, -0.5700544823404745, -0.4763477828607721, 0.4080015597550564, 0.6103980606428636, -0.16607574632605546, -0.025203874587219254, 0.13069640862789386, -0.11219577936416678, 0.11651102758471435, 0.5563772558005521, 0.3381393517863442, -0.04367845097068398]], "inverted": false, "swapped": true, "error_lsq": 0.0440141978783504, "error_max": 0.28890373088346727, "target": "986.xyz", "model": "22.xyz", "model_rescale": 4.166573947596378, "target_rescale": 4.0249458036502},
{"mapping": [14, 6, 12, 11, 3, 2, 10, 7, 9, 0, 8, 4, 1, 15], "R": [[-0.37788852867646666, 0.004708850909643347, -0.9258391256680859], [0.29682806319519006, -0.9465861794350856, -0.12596708221706182], [-0.8769796809473566, -0.3224165498630591, 0.35630633951681806]], "T": [-0.03175994298006231, -0.03216508740541589, 0.021527335778403628], "aligned_model": [[-0.7363603676208106, 0.3485456410797033, -0.28870345154918314, -0.2631887101411888, 0.09733533082445044, 0.5013497332314791, -0.5095478504637113, 0.0003641848338631487, -0.4971217672910451, 0.5413801481453784, -0.03741898521697974, 0.5098329622189722, 0.6312444701889466, 0.023233654069955964], [-0.3630636098197364, -0.451640189021317, -0.19613545273437782, 0.4174009916917965, 0.5424753036787369, 0.14016185676105108, -0.393324703907042, -0.40192770068174427, 0.3432375394986402, -0.1565506568600992, 0.44201644660168754, 0.38071479192847274, -0.2939308897096212, -0.07363416952075955], [-0.11997239100699439, -0.4869172864019806, -0.5585374088211055, -0.5838026516514639, -0.09909390294867165, -0.3511746049637454, 0.47122020872045156, 0.6327828452713411, 0.07593695321486317, 0.5896773414055881, 0.6766601377879021, 0.29731864028943555, 0.019832127945987016, 0.025887150397419605]], "inverted": false, "swapped": false, "error_lsq": 0.04550682871150095, "error_max": 0.3370807486940642, "target": "986.xyz", "model": "23.xyz", "model_rescale": 4.274766983524099, "target_rescale": 4.0249458036502},
{"mapping": [12, 4, 10, 7, 8, 6, 1, 0, 2, 3, 13], "R": [[-0.4271555598038182, -0.13492501362319997, 0.8940544549564452], [0.2633741584448156, -0.9644921474655657, -0.019721818900578066], [0.8649694678959322, 0.22704655508516608, 0.447523945093206]], "T": [0.010657079844478168, 0.09413487358865051, -0.07819314358993573], "aligned_model": [[0.16160498416233426, 0.19680057041720359, -0.5466518405867221, -0.4734577754827982, -0.3615253222110185, -0.6322622663557904, 0.27340822659272157, -0.056613500468123495, 0.5290248598550168, 0.26560459618474036, 0.02396217185051145], [-0.26351135508435675, 0.7614307859347936, 0.5412183518772508, -0.351864240896784, 0.5721486417822431, -0.14433851804271547, -0.6423590502058372, 0.01233534344461737, -0.10193260127536478, 0.5107475778299461, 0.02171159587969035], [-0.618728022132552, -0.20151620894445646, -0.49589425457064423, -0.24095187706401253, 0.12238064288966055, 0.37269330398506734, 0.01793803768630997, 0.6451985174741472, 0.4283657652156056, 0.3848001260402922, -0.034719596557840245]], "inverted": true, "swapped": true, "error_lsq": 0.05042653629802651, "error_max": 0.2885720827992072, "target": "986.xyz", "model": "24.xyz", "model_rescale": 3.7841303162186577, "target_rescale": 4.0249458036502},
{"mapping": [10, 11, 7, 0, 1, 6, 14, 13, 8, 5, 2, 4, 3, 15], "R": [[-0.4676519804880514, 0.714254446691096, -0.520713174912638], [0.31231460660377863, 0.6846230184513118, 0.6585976838013794], [0.8268985497916478, 0.14536818079831343, -0.543237406999793]], "T": [-0.0845565865741559, -0.0030953545805697614, 0.056620790388706176], "aligned_model": [[-0.7292241603316463, 0.1358605288666805, -0.19440030614903459, -0.3637125451250499, 0.008769587632989545, 0.5207265180862913, -0.4867464455997904, 0.1450877650952704, -0.3018837977663231, 0.4685316569767992, -0.040853817552342804, 0.5180845551760499, 0.6624647287054672, -0.021759275705530587], [-0.3525647700956225, -0.6210713394443107, -0.10205527391728662, 0.41296072812400175, 0.6986853926761128, -0.004462491210874908, -0.5512311817833978, -0.7157588118762354, 0.5402317287381421, 0.07091575326826231, 0.4236991443671273, 0.4192880048436649, -0.2708937793839937, -0.011943546399901795], [-0.20324446747081734, -0.3420639804705734, -0.5765828512109652, -0.4821734525293594, -0.17104212224950432, -0.33791304389306126, 0.4653864867774481, 0.2832797095883669, 0.14042023815943877, 0.7333441431735728, 0.6768865008507886, 0.17958539834506562, 0.19534730488344107, 0.028587295285185534]], "inverted": true, "swapped": false, "error_lsq": 0.047317286139667465, "error_max": 0.34721001339614477, "target": "986.xyz", "model": "25.xyz", "model_rescale": 4.19342608120988, "target_rescale": 4.0249458036502},
{"mapping": [4, 8, 3, 12, 5, 11, 1, 9, 0, 10, 7, 13], "R": [[-0.915851782152606, -0.1586929763636188, 0.36882523284172364], [0.32091207919738796, -0.8413747888889402, 0.434860784674016], [0.24131090019538104, 0.5166284969636764, 0.8215010928610793]], "T": [0.029162628947077003, -0.01989975447224006, -0.15580782527586143], "aligned_model": [[-0.1271293332262072, 0.48408810763311316, 0.18668980386157596, -0.4754854079859132, -0.5426314297697619, -0.5422704058330938, -0.17242838458177975, -0.2518642654833082, 0.5510183566702896, 0.20855642249734557, 0.23806120770955994, 0.041203883139960464], [-0.6453991882048774, -0.36456974107249573, -0.6129093969555203, 0.3943358436094461, -0.1305099021705568, -0.08632134419309993, 0.5107033631570479, 0.5434820218706687, -0.12612566210444032, -0.09567342313599168, 0.5984744827732685, 0.027289374167531456], [0.12608771056158244, 0.129660484671951, -0.4323071963990366, -0.026915320743419457, -0.2626899195358695, 0.3865230317244217, -0.7021813822346259, 0.4374084818773176, -0.6567016717090386, 0.6485722499611007, 0.027897087817058075, -0.2260950947820206]], "inverted": false, "swapped": true, "error_lsq": 0.04320025253764248, "error_max": 0.2276881986416359, "target": "986.xyz", "model": "26.xyz", "model_rescale": 3.795458400668931, "target_rescale": 4.0249458036502},
{"mapping": [11, 8, 4, 5, 2, 7, 10, 12, 6, 3, 1, 0, 13], "R": [[-0.5167693313543827, 0.8256487831601622, -0.22639245799647975], [-0.4945220079778907, -0.5037360304160315, -0.7083064275341671], [-0.6988543781053814, -0.2540749860313737, 0.668616825750069]], "T": [-0.11478299632188779, -0.077293075094225, -0.06530206946475588], "aligned_model": [[-0.13611116557298675, 0.3665378861873849, 0.477271276549431, -0.16905350683107537, -0.06569566565441226, -0.6324428357489165, 0.09750490117583283, -0.6276692359189785, -0.23321370924903884, 0.4626173493609813, -0.7390857825731371, 0.06408106095149044, -0.16506418985531926], [-0.7510752968168029, -0.21341622691070658, -0.36394955665168194, -0.1250910823150378, 0.6138875570887187, -0.22369541767936124, -0.7986923381101502, -0.35604624424164, 0.17056592749722238, 0.2567628229752799, 0.3705122846813361, 0.5505873567015589, -0.008468282961820756], [-0.47837945466124326, 0.33099004805115145, -0.3151852656201163, -0.6529898221242066, -0.3544548073144853, 0.3474538551715773, 0.280339420176489, -0.38486180651760615, 0.7080371277259033, -0.15442359838163522, -0.2397126762307754, 0.26376601131500854, -0.05844236949063518]], "inverted": false, "swapped": true, "error_lsq": 0.05348262165968814, "error_max": 0.4220199828692967, "target": "986.xyz", "model": "27.xyz", "model_rescale": 3.6321398670334006, "target_rescale": 4.0249458036502},
