[{"mapping": [1, 10, 9, 2, 6, 4, 5, 11, 7, 8, 13], "R": [[-0.20484149288049286, -0.39704866588652343, -0.8946464775050662], [0.9660152535928511, 0.06521207838842485, -0.2501237986641844], [0.15765307678707233, -0.9154778761663187, 0.37019692817414845]], "T": [-0.1978475237180721, -0.023623939311116143, -0.14960424527886776], "aligned_model": [[-0.595180295234837, 0.5501125741831709, 0.4389521882035975, -0.1534496863440499, -0.37939724726371993, 0.27661018966766293, -0.7011011486841373, 0.039321596859831776, 0.5040433937880582, 0.1441750560847094, -0.04666114460056395], [-0.3431069015179322, -0.6584339989229067, -0.0916051894485938, 0.58696997944234, 0.638967742740785, 0.7914893314196607, -0.1425747853469885, -0.3170813545319865, 0.19429997756690412, 0.2755497610984281, -0.013607444540785343], [-0.4199769860670918, 0.08061479130339072, -0.5054242114000099, -0.6148591687643815, 0.18589276654654965, 0.004941737193777468, 0.40265271088145316, 0.4375034062974593, 0.027180337901943658, 0.48608025469813354, -0.08975267172184051]], "inverted": true, "swapped": false, "error_lsq": 0.05001506272794499, "error_max": 0.2849599721548499, "target": "987.xyz", "model": "0.xyz", "model_rescale": 3.8414455957264533, "target_rescale": 3.7205705722167233},
{"mapping": [3, 0, 11, 10, 6, 8, 2, 7, 13, 9, 14], "R": [[0.27321053749771784, -0.9027905990236105, -0.33215227910523115], [-0.9553993589717209, -0.29490033723095715, 0.015679795199332658], [-0.1121073908207367, 0.31305418926387, -0.9430954392359812]], "T": [-0.041471513962121793, 0.04128191089454768, -0.03946905671603482], "aligned_model": [[-0.5088816414319894, 0.32469374422578223, 0.5772993957887331, -0.2878250458860181, -0.5510619347233084, 0.30040325604983176, -0.6434150705910143, 0.05495549179179187, 0.6960422759847941, 0.16535441631309972, -0.050139410861979886], [-0.3571890762798842, -0.5792144332566965, -0.08565047703725044, 0.4816722092174886, 0.5835071365679597, 0.7536156615713789, -0.04723461224945576, -0.274064721219136, 0.14343277623886586, 0.2808841362775226, 0.021108518128132008], [-0.5253965483841767, 0.04068492071673811, -0.6115495862483771, -0.5017975361135765, 0.19788422743123998, -0.03730878438984864, 0.37818331952751905, 0.5120863224717794, 0.10365889648275009, 0.564950903370292, -0.1265431679949553]], "inverted": true, "swapped": false, "error_lsq": 0.03908692800176758, "error_max": 0.1956075901725452, "target": "987.xyz", "model": "1.xyz", "model_rescale": 4.316132596720782, "target_rescale": 3.7205705722167233},
{"mapping": [10, 7, 9, 1, 8, 0, 6, 3, 5, 4, 11], "R": [[0.5706880020458518, 0.32079216405294014, -0.7559150691732145], [-0.12705467969742248, 0.9439466809045947, 0.3046666571454533], [0.8112781968522879, -0.07782705886406963, 0.5794571910164457]], "T": [-0.005425227233474233, 0.14309700274353737, -0.04675512073871999], "aligned_model": [[-0.4566603737298565, 0.3227735655614487, 0.4038074379056717, -0.09723356034285319, -0.724247319603433, 0.4258758187566567, -0.5671923786156013, 0.13954180498663782, 0.6222564756685336, 0.05287397176773066, -0.044369965695212864], [-0.23680542097486368, -0.6821068422796566, -0.0018655266835382323, 0.45264141120099866, 0.3511924462793072, 0.7050355953821186, -0.03656681927478331, -0.2989629636472102, 0.0751180507204389, 0.4416329219738269, 0.15155426526228621], [-0.2687839242948403, -0.15531517944655596, -0.6479755429444436, -0.483047170367412, -0.2111546393311334, -0.0007281241211400877, 0.526162448973791, 0.4164776010362163, 0.08421977701224262, 0.6616284190629098, 0.07336930128974997]], "inverted": true, "swapped": false, "error_lsq": 0.050242421426779885, "error_max": 0.3751746944480898, "target": "987.xyz", "model": "2.xyz", "model_rescale": 3.795458400668931, "target_rescale": 3.7205705722167233},
{"mapping": [7, 9, 8, 1, 0, 2, 4, 5, 6, 10, 11], "R": [[0.2841896654237541, 0.08610143502216283, -0.9548941181897912], [0.9067422970781457, 0.2994840959580233, 0.2968630710574378], [0.31153593814483527, -0.9502083030343029, 0.007038472056325504]], "T": [0.024196252584060222, 0.11423782410655514, 0.007095956329848083], "aligned_model": [[-0.44933879369358554, 0.1595794215358329, 0.4434056002291141, -0.010607776271572705, -0.6716460737561498, 0.3225091567703817, -0.4293566305826912, 0.28798580013970304, 0.5770939194286507, -0.040433264463556134, -0.11176588267640478], [-0.31432162551216564, -0.7418307135942496, -0.14736322455593953, 0.48614255923488403, 0.4669332503446142, 0.806720112033982, -0.07248218412011215, -0.27558791772737457, 0.2214415225982477, 0.3848833186215951, 0.10633202063544323], [-0.4117162386994979, -0.05097898775669209, -0.5982067375490299, -0.49960354981180494, -0.05304834813814943, 0.1456708585224793, 0.4198672659221656, 0.5288962832301286, -0.16642013412983891, 0.6864962633838443, -0.006103708104219984]], "inverted": true, "swapped": false, "error_lsq": 0.055078848022596924, "error_max": 0.28728008745469225, "target": "987.xyz", "model": "3.xyz", "model_rescale": 3.7530521520055578, "target_rescale": 3.7205705722167233},
{"mapping": [9, 8, 5, 3, 2, 1, 4, 6, 7, 0, 10], "R": [[-0.9151729647376009, 0.39463342684438063, -0.08199331088845935], [0.03605241283342661, -0.122463638734916, -0.991817967530682], [-0.4014457225357855, -0.9106410465188056, 0.09784792411112403]], "T": [-0.028215044357885678, 0.08832269422455191, -0.06955397837407963], "aligned_model": [[-0.24204097362218427, 0.4241237956634102, 0.4459393007506827, -0.3994451634337601, -0.4227176131963658, 0.2560683048526239, -0.5573384901175958, -0.08653150895436325, 0.5414829266831679, 0.12896463688662593, -0.011079738852519193], [-0.2972850881964231, -0.7073846024102362, 0.08606431660737578, 0.41625282550752035, 0.6303045213453415, 0.8243611923269127, 0.03205819378659942, -0.4075070079104054, -0.028038458839859434, 0.2518382882369966, 0.12020293750510241], [-0.39041045556262466, -0.008570669637619821, -0.6106013873275962, -0.6481037279913, 0.03989649114369302, -0.11809445099877498, 0.43697695804482195, 0.4755034856401713, 0.07555027519084807, 0.7234009913994629, 0.019305456968302645]], "inverted": false, "swapped": false, "error_lsq": 0.05778390680788017, "error_max": 0.28876209723395335, "target": "987.xyz", "model": "4.xyz", "model_rescale": 3.7855080009869324, "target_rescale": 3.7205705722167233},
{"mapping": [3, 15, 14, 1, 4, 11, 7, 8, 13, 6, 16], "R": [[-0.5404350620751602, 0.16663607669733543, -0.8247195654419373], [0.773662039887117, 0.4837000290381789, -0.40924482885696933], [0.3307219250632215, -0.8592244758218801, -0.3903284622354516]], "T": [-0.0645032281697717, 0.01324465641999166, -0.10499715862360352], "aligned_model": [[-0.4925471700446028, 0.4241826404205953, 0.38264399065959204, -0.22013658452929985, -0.55064388949496, 0.32810395348887733, -0.5289392367092973, 0.2101345217667736, 0.5902848262526655, -0.02412031239005806, -0.04153726276056356], [-0.324572372398853, -0.6403753186647965, -0.2001606476689946, 0.6637243814625563, 0.5231967158852031, 0.6910653997553561, -0.00999001658113545, -0.30855263579914577, 0.1435867718665661, 0.3943245119441087, -0.011379671841940657], [-0.5352001854185162, 0.010264095473753287, -0.5656650861079484, -0.45962136068289244, 0.11998492581612706, 0.03231587467872475, 0.48247949267269513, 0.4574354888941618, 0.1763054819647663, 0.4234197524360343, -0.14686551285752122]], "inverted": true, "swapped": false, "error_lsq": 0.03763172144993187, "error_max": 0.2073924724245398, "target": "987.xyz", "model": "5.xyz", "model_rescale": 4.2253639853439635, "target_rescale": 3.7205705722167233},
{"mapping": [9, 10, 4, 0, 12, 3, 11, 5, 2, 6, 13], "R": [[-0.620457357653237, -0.7590953631427373, -0.1969946623367219], [0.7331260168550597, -0.6506225866992098, 0.1980315456867014], [-0.27849400486221954, -0.021551782571871334, 0.9601961309668857]], "T": [-0.033563614984229634, -0.004339561686781998, -0.0840607002598053], "aligned_model": [[-0.5180826910568578, 0.4072754397186201, 0.5560308671121271, -0.2305977613061842, -0.7776060368722261, 0.3454579270953182, -0.47380449488878384, 0.12446703784082583, 0.5736537187708953, 0.0675516096950398, 0.003079860550947666], [-0.13394094654501715, -0.6462944120665681, 0.08341089814272627, 0.4573012906473645, 0.49652209995003355, 0.5947981770526148, -0.013035226738526709, -0.3250000419441693, -0.027305684866795337, 0.3901916380137262, 0.04421932631353593], [-0.4319704205177156, -0.03859233420489652, -0.4656226423973362, -0.7094629052175274, 0.17455529847670762, -0.06441093292719269, 0.55755144261419, 0.4383801438742204, 0.2004235327138871, 0.4137734206319308, -0.07977163617688308]], "inverted": false, "swapped": false, "error_lsq": 0.04344506400979326, "error_max": 0.2268913549920784, "target": "987.xyz", "model": "6.xyz", "model_rescale": 3.89814844738969, "target_rescale": 3.7205705722167233},
{"mapping": [4, 3, 0, 2, 10, 5, 11, 8, 6, 9, 12], "R": [[0.6998431128058183, 0.3276692587530784, 0.6347066049179503], [0.13137244086702154, -0.9324629785875528, 0.3365324283694965], [0.7021117427011913, -0.15213694630771807, -0.6956245038303775]], "T": [-0.007693897020175293, -0.030810425108398765, -0.09864331517222802], "aligned_model": [[-0.5657736410270424, 0.5764838285982028, 0.3604582927417538, -0.23612525942843576, -0.43845285476065876, 0.32861806521176407, -0.5801996848165507, 0.11711414870781763, 0.6161215066833706, 0.031581429645649826, -0.13240035489614904], [-0.09202980564653464, -0.5866876474520799, -0.1434211157629275, 0.42839787269287205, 0.5565054787522985, 0.6576091618234754, -0.22837026141277555, -0.31234316121806666, 0.0558763701998629, 0.5057995939145632, 0.07953063206823674], [-0.4153371344362459, -0.05261250765461095, -0.5489689584484193, -0.5870025030859313, -0.006935014289750907, 0.0260536792305181, 0.4385229563322749, 0.5037262080731776, 0.14776202699620775, 0.6144155991077094, -0.12477138495554516]], "inverted": true, "swapped": false, "error_lsq": 0.04538474602613665, "error_max": 0.2252875875918428, "target": "987.xyz", "model": "7.xyz", "model_rescale": 3.7474275329858107, "target_rescale": 3.7205705722167233},
{"mapping": [9, 6, 10, 12, 4, 1, 8, 3, 0, 2, 14], "R": [[-0.675238832935338, 0.30062305044876897, -0.6735564564570664], [0.6890302239378168, 0.5829729948140736, -0.4305575894322531], [0.26322968866813856, -0.7548299602270616, -0.6007843724226587]], "T": [-0.04671253071138824, 0.09581021924709854, -0.1359650027386948], "aligned_model": [[-0.6196746159601035, 0.44835196319061754, 0.4100279341008285, 0.027426801166942447, -0.645711346736415, 0.39136540759159355, -0.5192902812053808, 0.1760111747938204, 0.5917575765691405, -0.11672383637445309, -0.06611530047686837], [-0.3658407764291344, -0.5475805128403478, -0.14770137074203693, 0.5029566267091967, 0.4631606212524603, 0.6293582155426173, -0.06393894274322587, -0.24229133805874514, 0.044644754362822725, 0.5008071723024266, 0.14729266860289122], [-0.333280098833711, -0.047096497973083684, -0.6903598196628304, -0.593543172190317, 0.2082441580816433, 0.16104690892664356, 0.3291809859981225, 0.4558255218035665, 0.018796927138544972, 0.5986542053855549, -0.11261615180474929]], "inverted": false, "swapped": false, "error_lsq": 0.0489816235798436, "error_max": 0.24261629280451227, "target": "987.xyz", "model": "8.xyz", "model_rescale": 4.019505241142653, "target_rescale": 3.7205705722167233},
{"mapping": [9, 1, 6, 11, 8, 5, 7, 0, 2, 4, 12], "R": [[0.14957648922620703, 0.3620229712091382, -0.9200903445790909], [0.9830363065332416, -0.1543465864794491, 0.0990795199807959], [-0.10614374172905983, -0.9193021807648722, -0.3789683450272664]], "T": [0.10585365228956298, 0.03066104230245202, -0.08573932943113893], "aligned_model": [[-0.48403963443521036, 0.1143180994640208, 0.5665896340410557, -0.1811390749329466, -0.5218508888229089, 0.29657470809975617, -0.5207821680536546, 0.11137187782749117, 0.6644245386625706, -0.07077870890410526, 0.10273709371365405], [-0.17942082186388375, -0.6447529694094589, 0.1667936133228698, 0.3953724551143125, 0.2736240382254324, 0.6741580002544276, -0.08091967507317523, -0.15980190646923076, -0.0435604139085618, 0.4500454779088291, 0.06932931985736346], [-0.3600230913564201, -0.09277979019803005, -0.6309476530962829, -0.500311740330794, -0.030125274867451757, -0.0936046405601351, 0.5580473450569395, 0.535822809379775, 0.09443254004644475, 0.6074506700591821, -0.09310820726384347]], "inverted": false, "swapped": false, "error_lsq": 0.05709000061558812, "error_max": 0.3025965172875103, "target": "987.xyz", "model": "9.xyz", "model_rescale": 3.877068213659057, "target_rescale": 3.7205705722167233},
{"mapping": [10, 13, 2, 8, 0, 1, 12, 3, 4, 5, 15], "R": [[-0.5536759078006576, -0.7804314313805467, 0.2904647483506885], [-0.334893716034671, -0.11067595000522512, -0.9357334198642957], [0.7624232342220475, -0.6153678696550153, -0.2000829750744454]], "T": [-0.011620881725609964, -0.03937231478450805, -0.10432734789746831], "aligned_model": [[-0.5491643705907777, 0.3749189404301913, 0.45658030463692123, -0.12677540466922965, -0.4836956469972498, 0.19943869478972312, -0.5655244090147684, 0.21365176425649707, 0.6225331843066683, 0.0032192971956450066, -0.06775687768389825], [-0.4126019244028078, -0.7073670840259458, -0.12597728558457083, 0.5295773753061342, 0.5675322040658526, 0.7573494396231293, 0.005639341981373017, -0.19222621888515629, 0.0958151433447489, 0.3770452687870464, 0.026080857749121097], [-0.37811090390971847, -0.14914308305278046, -0.5665422179210793, -0.6126172472654249, 0.10201788860322858, 0.1669564728847879, 0.39503229096549497, 0.46895204445990146, 0.08974390562620568, 0.5570134170826909, -0.07844960060392206]], "inverted": false, "swapped": false, "error_lsq": 0.03932577744160179, "error_max": 0.2337911587628215, "target": "987.xyz", "model": "10.xyz", "model_rescale": 4.260839863003843, "target_rescale": 3.7205705722167233},
{"mapping": [1, 6, 7, 8, 2, 9, 3, 5, 10, 4, 11], "R": [[-0.3300791535117793, -0.8680794895610934, -0.37079071215484793], [0.3455954417224595, 0.25440013019152596, -0.9032410334009373], [0.8784142206713219, -0.4262846156758261, 0.21603213501816776]], "T": [0.003471768502881255, 0.04928019718482578, -0.039927406710517484], "aligned_model": [[-0.589378490773191, 0.47965650561770395, 0.22192705737250712, 0.005284228431385267, -0.560718483975094, 0.26039629509135764, -0.5437463559032925, 0.1221799685036963, 0.6198365164268923, 0.07938424030944218, -0.01739600444168529], [-0.09476235358372308, -0.6273971872005163, -0.24830237974872071, 0.5596082605915617, 0.42417388666059064, 0.7963343794469766, -0.25391929138187375, -0.24947360770751742, 0.16368129717701685, 0.4357365228788507, 0.015187590826279351], [-0.42856728730137467, 0.09649527562100399, -0.5815246056995113, -0.545076285504959, 0.06731627255095099, 0.06792943154801687, 0.2954163957773892, 0.5544339560670541, -0.021469945364282657, 0.5773178148639497, -0.08741805568885325]], "inverted": true, "swapped": false, "error_lsq": 0.05431361349852413, "error_max": 0.2908379265597099, "target": "987.xyz", "model": "11.xyz", "model_rescale": 3.890672605050136, "target_rescale": 3.7205705722167233},
{"mapping": [6, 10, 2, 0, 8, 3, 5, 12, 4, 7, 13], "R": [[-0.8138129429153531, -0.5085079408079898, -0.28129729482998983], [-0.5728133797613468, 0.7835141073202596, 0.24081211679755582], [0.09794552521598512, 0.35710687162998517, -0.9289140737037038]], "T": [-0.13944402154179927, -0.03114290945372815, -0.17442848249933146], "aligned_model": [[-0.6216220503661232, 0.5048385762085269, 0.453783536554654, -0.01448043038108178, -0.5523266697947197, 0.16474425911186338, -0.5011231214873265, 0.14152260995220692, 0.5326918599856708, 0.007591308388542772, -0.03819440151249115], [-0.06503526543152077, -0.6163383415296315, -0.28294716619550536, 0.46854951530569083, 0.5362501679859675, 0.8169238291123501, -0.10972318617217496, -0.29941738635912835, 0.16568031281688056, 0.296312823772315, 0.010611814653681717], [-0.48813854078073454, 0.03047819127229079, -0.47482790704659733, -0.4631950340067473, -0.010770117961188819, 0.028833547533084508, 0.5096662116830641, 0.4613534799477938, -0.1509546723389293, 0.5989520996244189, -0.046544291057070475]], "inverted": true, "swapped": false, "error_lsq": 0.05418624687554263, "error_max": 0.2658354623234025, "target": "987.xyz", "model": "12.xyz", "model_rescale": 4.124412569039231, "target_rescale": 3.7205705722167233},
{"mapping": [1, 2, 4, 0, 3, 7, 6, 8, 10, 9, 12], "R": [[0.9190488557065336, -0.2177150614096876, -0.32855646829713675], [-0.3348440912119683, -0.8710120347417001, -0.3594683155933981], [-0.20791497157478228, 0.44038413614763616, -0.8734032157168635]], "T": [0.0058129582019549085, 0.2203566016712118, -0.024843762283892835], "aligned_model": [[-0.4165121976740289, 0.37049370112492275, 0.3375529087588964, -0.24886176175298716, -0.5760489691657186, 0.37875857478919484, -0.5364764550038637, -0.02471318656707067, 0.7256923553362435, -0.044464656690565395, 0.11200516350469943], [-0.43467633354322793, -0.5551207789356152, -0.07579584304857429, 0.38391147906259354, 0.6263497986176072, 0.6888576728500906, -0.007383419495205351, -0.3362030964624682, 0.08867493551083544, 0.3811449807646664, 0.16110772263822262], [-0.2602957009198156, -0.11450033793368837, -0.6733178099068482, -0.5199780698120496, 0.04836550816151368, 0.16088719337146054, 0.294012772646926, 0.4270473504825898, 0.07025231900398891, 0.5918089200175881, -0.02942917824228089]], "inverted": false, "swapped": false, "error_lsq": 0.05129774891890169, "error_max": 0.3057012409170425, "target": "987.xyz", "model": "13.xyz", "model_rescale": 3.9028299243045295, "target_rescale": 3.7205705722167233},
{"mapping": [7, 11, 13, 4, 3, 8, 6, 1, 12, 2, 15], "R": [[0.8885732197419715, 0.441797790787648, -0.12350038547526959], [0.35303576469074127, -0.8304937385746703, -0.43086645151077985], [-0.2929221432507453, 0.3392563370718684, -0.8939249161702392]], "T": [0.0030939498637733683, 0.11588911807337357, -0.06269910415441064], "aligned_model": [[-0.7097760078146114, 0.2945052188450628, 0.592509250077757, -0.31207935445110285, -0.5577230279064971, 0.47234907629381084, -0.4522335705148429, 0.07964167126544237, 0.6848943952934622, 0.05194312320918515, -0.06660529763794402], [-0.23859806504080158, -0.534591155698634, -0.008450041945276654, 0.5023489600027092, 0.35721107710202143, 0.716002055225174, -0.18218167823172496, -0.20867289471649217, 0.010174677679244237, 0.4782198575993595, 0.029404325983345317], [-0.4948833429745765, 0.13175287984712913, -0.5821033099082245, -0.5216956757166653, 0.06354460766264118, 0.06446711989817606, 0.32231896272705707, 0.49497347177595524, 0.027925940203759284, 0.5764252679468312, -0.0878729545926989]], "inverted": false, "swapped": false, "error_lsq": 0.04800444450195287, "error_max": 0.26459875663684435, "target": "987.xyz", "model": "14.xyz", "model_rescale": 3.942246331269136, "target_rescale": 3.7205705722167233},
{"mapping": [11, 3, 12, 8, 7, 0, 9, 5, 1, 2, 14], "R": [[-0.33997605956122007, -0.8719824837183372, -0.35222553430100134], [-0.8751262281493166, 0.43047540036159293, -0.2210090823669401], [0.3443404764624345, 0.23310400634035955, -0.9094460723416742]], "T": [-0.1080830654687594, -0.11035179284403092, -0.09680671470826627], "aligned_model": [[-0.5637767901157411, 0.440999906358766, 0.5936300335104951, -0.3061417012203404, -0.48312393851730423, 0.15390122493716113, -0.6329251984551025, 0.19449626141886484, 0.6746698637570467, 0.048372098573644995, -0.04267628358776815], [-0.20587061945928176, -0.5571225679381833, -0.09208798361280207, 0.5018281767598497, 0.5954396037100541, 0.5711399912387658, -0.05854416214934875, -0.14569327198870652, -0.02633670303091759, 0.3775073024666479, -0.039392648037153144], [-0.6420868333041643, 0.027498132628714506, -0.5155446018835788, -0.5267478594104289, 0.20680875957171627, -0.009338648098728364, 0.5114851650472594, 0.45994842804410474, 0.09523690599477388, 0.4690229446474419, -0.08142942636772643]], "inverted": false, "swapped": false, "error_lsq": 0.047944637154428586, "error_max": 0.24324314566561753, "target": "987.xyz", "model": "15.xyz", "model_rescale": 4.355366556412066, "target_rescale": 3.7205705722167233},
{"mapping": [10, 7, 9, 1, 8, 0, 6, 3, 5, 4, 11], "R": [[0.5706880020458518, 0.32079216405294014, -0.7559150691732145], [-0.12705467969742248, 0.9439466809045947, 0.3046666571454533], [0.8112781968522879, -0.07782705886406963, 0.5794571910164457]], "T": [-0.005425227233474233, 0.14309700274353737, -0.04675512073871999], "aligned_model": [[-0.4566603737298565, 0.3227735655614487, 0.4038074379056717, -0.09723356034285319, -0.724247319603433, 0.4258758187566567, -0.5671923786156013, 0.13954180498663782, 0.6222564756685336, 0.05287397176773066, -0.044369965695212864], [-0.23680542097486368, -0.6821068422796566, -0.0018655266835382323, 0.45264141120099866, 0.3511924462793072, 0.7050355953821186, -0.03656681927478331, -0.2989629636472102, 0.0751180507204389, 0.4416329219738269, 0.15155426526228621], [-0.2687839242948403, -0.15531517944655596, -0.6479755429444436, -0.483047170367412, -0.2111546393311334, -0.0007281241211400877, 0.526162448973791, 0.4164776010362163, 0.08421977701224262, 0.6616284190629098, 0.07336930128974997]], "inverted": true, "swapped": false, "error_lsq": 0.050242421426779885, "error_max": 0.3751746944480898, "target": "987.xyz", "model": "16.xyz", "model_rescale": 3.795458400668931, "target_rescale": 3.7205705722167233},
{"mapping": [4, 3, 0, 2, 10, 5, 11, 8, 6, 9, 12], "R": [[0.6998431128058183, 0.3276692587530784, 0.6347066049179503], [0.13137244086702154, -0.9324629785875528, 0.3365324283694965], [0.7021117427011913, -0.15213694630771807, -0.6956245038303775]], "T": [-0.007693897020175293, -0.030810425108398765, -0.09864331517222802], "aligned_model": [[-0.5657736410270424, 0.5764838285982028, 0.3604582927417538, -0.23612525942843576, -0.43845285476065876, 0.32861806521176407, -0.5801996848165507, 0.11711414870781763, 0.6161215066833706, 0.031581429645649826, -0.13240035489614904], [-0.09202980564653464, -0.5866876474520799, -0.1434211157629275, 0.42839787269287205, 0.5565054787522985, 0.6576091618234754, -0.22837026141277555, -0.31234316121806666, 0.0558763701998629, 0.5057995939145632, 0.07953063206823674], [-0.4153371344362459, -0.05261250765461095, -0.5489689584484193, -0.5870025030859313, -0.006935014289750907, 0.0260536792305181, 0.4385229563322749, 0.5037262080731776, 0.14776202699620775, 0.6144155991077094, -0.12477138495554516]], "inverted": true, "swapped": false, "error_lsq": 0.04538474602613665, "error_max": 0.2252875875918428, "target": "987.xyz", "model": "17.xyz", "model_rescale": 3.7474275329858107, "target_rescale": 3.7205705722167233},
{"mapping": [5, 11, 7, 9, 4, 2, 8, 3, 1, 0, 13], "R": [[0.26050734727141556, 0.8065170255034319, -0.5307223469863572], [0.9648367617881084, -0.2374097261160658, 0.11281243303702077], [-0.035013499108883656, -0.54144889834461, -0.8400042531806377]], "T": [0.0025747583065121636, 0.017450109612440645, -0.07919597837840195], "aligned_model": [[-0.6478344447167482, 0.41293526335840386, 0.5514023476926786, -0.20226805678220638, -0.6829914461922976, 0.3882860152432098, -0.47550461036346336, 0.11596311856959596, 0.5925675192762374, -0.0013003916762877833, 0.026170162250599892], [-0.15798484203920826, -0.5729161746959419, -0.022003458013244888, 0.39206886051090895, 0.46697761476394706, 0.6129103060611137, -0.09454672305649864, -0.402130466812304, 0.02020794081632943, 0.5636584222940413, 0.11462563812978203], [-0.34265448181286096, -0.14853981769758667, -0.593638370844723, -0.5943895133124845, 0.051761355826157346, -0.057134597476401, 0.4459242725574607, 0.44203755944621126, 0.281940219170457, 0.5538789406880533, -0.04433259967489928]], "inverted": false, "swapped": false, "error_lsq": 0.044460905193118024, "error_max": 0.2352384425689688, "target": "987.xyz", "model": "18.xyz", "model_rescale": 3.922800546911778, "target_rescale": 3.7205705722167233},
{"mapping": [1, 9, 3, 5, 8, 12, 4, 11, 7, 13, 14], "R": [[0.3675358351954372, 0.8522970212735845, 0.3721655510325579], [-0.8019817389690458, 0.08783428611246781, 0.5908556748845682], [0.4708956362161131, -0.5156306097501274, 0.7158088949442679]], "T": [-0.12649332238350144, 0.015485768824798712, -0.06656369863126435], "aligned_model": [[-0.6312970555613039, 0.38396012043482286, 0.41341778315996347, -0.18466073624229765, -0.5458338643976687, 0.33652149499934136, -0.4513675606987846, 0.15130390884498887, 0.6322149220948198, 0.006064730884144137, -0.03289826685830283], [-0.19194842770640733, -0.6185480014966949, 0.03484908455721337, 0.542162032753658, 0.4513497572846802, 0.647504336192026, -0.1333161666580409, -0.231546205778875, 0.048708313624078764, 0.36556198825060937, 0.00609040693667692], [-0.5666909514530363, -0.05308606078870842, -0.4090112182598721, -0.6158927304188017, 0.025993026725284085, -0.13572910872564228, 0.562866084877421, 0.5409291117080839, 0.18136589084191482, 0.5093605584777838, -0.04525163611504264]], "inverted": false, "swapped": false, "error_lsq": 0.03871444247038529, "error_max": 0.21894565986658543, "target": "987.xyz", "model": "19.xyz", "model_rescale": 3.9282355846067225, "target_rescale": 3.7205705722167233},
{"mapping": [11, 8, 12, 10, 1, 2, 3, 6, 7, 5, 13], "R": [[0.8581590610072364, 0.5107809322431056, 0.051632017857551116], [0.5113708298278712, -0.8415624655156829, -0.17398991647885714], [-0.04541916349222025, 0.17571413116772688, -0.9833929243672838]], "T": [0.018962393915250227, -0.06405701695117198, 0.001272516143744116], "aligned_model": [[-0.41884846770705936, 0.13621630456973752, 0.5722734121124643, -0.11911190975422517, -0.45804453008746043, 0.10860240487516115, -0.5275436885961583, 0.23485392617235662, 0.5960825552512746, 0.04295129404455565, -0.09000582422092422], [-0.2814083926098988, -0.8149231673704131, 0.038046993297794485, 0.4605108285837895, 0.49341527804529167, 0.7548938636853855, -0.02592072411575294, -0.24400510102684225, 0.16798931561180058, 0.3223077484771951, 0.04996047538057477], [-0.5226007512318155, -0.031486050964798326, -0.6360782769837192, -0.6680543181371351, 0.153554593459036, 0.0018503565992277074, 0.5172490602698911, 0.5910636549329248, 0.03569046644846471, 0.5825099486570511, -0.02884571617974293]], "inverted": false, "swapped": false, "error_lsq": 0.04990446854979344, "error_max": 0.288145743442796, "target": "987.xyz", "model": "20.xyz", "model_rescale": 4.067790424073018, "target_rescale": 3.7205705722167233},
{"mapping": [7, 10, 12, 0, 4, 3, 5, 13, 11, 6, 14], "R": [[-0.5548956436097069, 0.570963795381912, -0.6050546827073164], [0.28534089302163457, 0.8138036325949393, 0.5062649724649112], [0.7814546688532773, 0.1082773842423401, -0.6144954097379829]], "T": [-0.0906939341389498, 0.08147134839661363, -0.01708877498695471], "aligned_model": [[-0.46310712227938333, 0.336419200528583, 0.5155705438637317, -0.269966352315001, -0.6777714420501306, 0.4773579655806486, -0.4810412933047339, 0.10335445393439421, 0.528580025610175, 0.05035778794229437, -0.04232829085085554], [-0.20639039056514358, -0.6172447885832655, -0.0024891591656842627, 0.4420261425110688, 0.49740782602329836, 0.6909601586225785, -0.12023421124552139, -0.393743082009118, 0.06138287941973003, 0.5479144286800358, 0.02127731427094587], [-0.5959739049996174, 0.008542293505353963, -0.4779660718672684, -0.6021696839588274, 0.3361948801976324, -0.18909297867137917, 0.37713188309635437, 0.45897841911225085, 0.1676501493629288, 0.5397704237778677, -0.02821244268591148]], "inverted": true, "swapped": false, "error_lsq": 0.04456776185987197, "error_max": 0.22828385544913135, "target": "987.xyz", "model": "21.xyz", "model_rescale": 4.186013935880536, "target_rescale": 3.7205705722167233},
{"mapping": [2, 3, 11, 9, 1, 10, 0, 6, 4, 7, 12], "R": [[-0.02258749576159519, -0.22729553462825935, 0.9735638371330735], [-0.8440088459821955, 0.5262891809539942, 0.10328971833912731], [-0.5358534062026874, -0.8193634345934822, -0.20372699652267506]], "T": [-0.04600656980546986, 0.046800158968421976, -0.1109410611670391], "aligned_model": [[-0.6477869588202939, 0.43191026098594415, 0.3928673044601162, -0.1132613931002604, -0.6154398788599033, 0.42376904520089714, -0.5527860223374292, 0.10541568891341133, 0.6278910558350128, 0.03391547345724077, -0.009069099075013298], [-0.22634823019764883, -0.7192149792789106, -0.09061853432486557, 0.5701206874670377, 0.4030841592090092, 0.7332396038727645, -0.21100076978665533, -0.18574188133668795, 0.12190459724096306, 0.5052924908472257, 0.02014997424669259], [-0.44702070017859724, 0.08181517234772669, -0.5439212038208785, -0.4381461550055183, 0.17876681522611176, -0.04452425107597087, 0.33459424453925224, 0.3716025618064734, 0.14951519672735586, 0.45626347732847, -0.1040921910250408]], "inverted": false, "swapped": false, "error_lsq": 0.04098102368057798, "error_max": 0.2110812496956344, "target": "987.xyz", "model": "22.xyz", "model_rescale": 4.166573947596378, "target_rescale": 3.7205705722167233},
{"mapping": [12, 5, 10, 9, 3, 8, 2, 1, 7, 4, 15], "R": [[0.9100608494669457, -0.11488418704335326, -0.3982346969249279], [0.02923978358511545, 0.9762194928057714, -0.21480348442690217], [0.4134419975321774, 0.1838399451518375, 0.8917783296555107]], "T": [-0.08684814953445166, 0.051549466297193085, -0.10319614596342369], "aligned_model": [[-0.5340385676174211, 0.4312530445171816, 0.48574940485772566, -0.18749365524377476, -0.4454416562928689, 0.3014017738611634, -0.5102506769617059, 0.007846506941100923, 0.6229548985118734, -0.02810215458431034, -0.06645344132924146], [-0.28651556114977544, -0.5781145366876225, 0.010143362547243344, 0.4972643375478162, 0.48689367093011593, 0.7470152256642698, -0.05333717070731001, -0.3092699073521757, -0.02825681168645528, 0.42909781848068124, 0.005946690372136965], [-0.4424808677256575, 0.05853318739560434, -0.5841938677672016, -0.49262894120369266, 0.10492106240554583, 0.03704833611148797, 0.409188799497692, 0.5042092890644461, -0.06855168567380585, 0.5243862495875069, -0.05557859482254145]], "inverted": true, "swapped": false, "error_lsq": 0.037248771983741207, "error_max": 0.20912824866492963, "target": "987.xyz", "model": "23.xyz", "model_rescale": 4.274766983524099, "target_rescale": 3.7205705722167233},
{"mapping": [0, 8, 6, 3, 2, 5, 1, 9, 7, 4, 10], "R": [[-0.005683057474644648, 0.42350310966621907, -0.9058768232827146], [0.9998931149126604, 0.01460986423056454, 0.0005573306214697871], [0.0134707686490802, -0.9057768312173848, -0.4235408721974729]], "T": [0.011351170761033442, 0.02858329462137183, -0.09123448123718987], "aligned_model": [[-0.48521222732920033, 0.3602115864976289, 0.39650787520402314, -0.17796974214478975, -0.7265974431448587, 0.4976999923146611, -0.4575818547369107, 0.1453188375725116, 0.5824787464339554, -0.038876687935885654, -0.01855360607141279], [-0.3079832972580472, -0.6220362021380306, 0.035880134277946715, 0.4591177530682629, 0.5884711449928509, 0.6835786417045435, -0.1572485160025815, -0.2587493941779938, -0.0035982762836336557, 0.5325870813480585, -0.02915195157245095], [-0.522879083969577, -0.08988968646176392, -0.6449637700330327, -0.39914998233816945, 0.17415006806911432, -0.06502632057865283, 0.3217446178239818, 0.7006986259364482, 0.1804456897025658, 0.3895336043159186, -0.04981079559744839]], "inverted": true, "swapped": false, "error_lsq": 0.05247975183025837, "error_max": 0.2687452946816459, "target": "987.xyz", "model": "24.xyz", "model_rescale": 3.7841303162186577, "target_rescale": 3.7205705722167233},
{"mapping": [8, 4, 5, 9, 10, 13, 7, 6, 3, 11, 15], "R": [[-0.1295948753073095, 0.472839902795362, -0.8715661734019718], [0.13045559419828553, -0.8632075254774478, -0.48770288691115404], [-0.9829478654722515, -0.176904477850546, 0.05018266114875258]], "T": [-0.14864193664457012, 0.06484826081245025, -0.08692868381339892], "aligned_model": [[-0.4553678216105813, 0.29558915204791525, 0.5955654445966206, -0.27562368326784525, -0.7094452085713293, 0.3528802094329597, -0.48894273411293665, 0.19592070346039922, 0.6261658819202426, 0.04543448296088215, -0.104750950196605], [-0.2958356847412991, -0.5280973179148087, -0.06656432794441354, 0.36893412093154987, 0.5781976126700815, 0.6446645467200075, 0.04100535491109407, -0.2879406028199177, 0.016085104511369783, 0.4113941942608176, 0.03902411737444332], [-0.4408836337017432, -0.17512518808222197, -0.532153178496735, -0.5701968642538802, 0.07807809914048462, 0.06891934749016039, 0.46663472102911074, 0.441127238399301, 0.12823842917449274, 0.5700856451979357, -0.03987164902752057]], "inverted": true, "swapped": false, "error_lsq": 0.03939028963844268, "error_max": 0.253677377781038, "target": "987.xyz", "model": "25.xyz", "model_rescale": 4.19342608120988, "target_rescale": 3.7205705722167233},
{"mapping": [10, 7, 9, 1, 8, 0, 6, 3, 5, 4, 11], "R": [[0.5706880020458518, 0.32079216405294014, -0.7559150691732145], [-0.12705467969742248, 0.9439466809045947, 0.3046666571454533], [0.8112781968522879, -0.07782705886406963, 0.5794571910164457]], "T": [-0.005425227233474233, 0.14309700274353737, -0.04675512073871999], "aligned_model": [[-0.4566603737298565, 0.3227735655614487, 0.4038074379056717, -0.09723356034285319, -0.724247319603433, 0.4258758187566567, -0.5671923786156013, 0.13954180498663782, 0.6222564756685336, 0.05287397176773066, -0.044369965695212864], [-0.23680542097486368, -0.6821068422796566, -0.0018655266835382323, 0.45264141120099866, 0.3511924462793072, 0.7050355953821186, -0.03656681927478331, -0.2989629636472102, 0.0751180507204389, 0.4416329219738269, 0.15155426526228621], [-0.2687839242948403, -0.15531517944655596, -0.6479755429444436, -0.483047170367412, -0.2111546393311334, -0.0007281241211400877, 0.526162448973791, 0.4164776010362163, 0.08421977701224262, 0.6616284190629098, 0.07336930128974997]], "inverted": true, "swapped": false, "error_lsq": 0.050242421426779885, "error_max": 0.3751746944480898, "target": "987.xyz", "model": "26.xyz", "model_rescale": 3.795458400668931, "target_rescale": 3.7205705722167233},
{"mapping": [8, 4, 9, 1, 6, 0, 5, 10, 3, 7, 12], "R": [[0.2808928857860421, 0.20045263808041697, -0.9385722809679555], [0.1885551482513672, -0.9704120353397608, -0.15082253722719235], [-0.9410346129567682, -0.1346076578592179, -0.3103782138987227]], "T": [0.03421196271761958, 0.003738008307116167, -0.19286028810908554], "aligned_model": [[-0.6667921710247068, 0.521134527286621, 0.3488708889824052, -0.20604325220318118, -0.6141243449295388, 0.34071179892365855, -0.4982389104278578, 0.05957376747069131, 0.6648097891161889, 0.1088848808054769, 0.018638502659965223], [-0.12409796277638695, -0.6388061799693177, -0.04407749893665693, 0.3818371248328157, 0.49384716111302984, 0.7534528154857478, 0.024257741911279773, -0.3982417623373357, 0.1819361922852879, 0.22164672415485348, 0.06911276219560743], [-0.34452728873704175, 0.0282879989344966, -0.4810923604125007, -0.5797345058298771, -0.04919397264792849, -0.005087152661832545, 0.3390565062297164, 0.3948943132013022, 0.14724020794485784, 0.5863366353263514, -0.041327414478159796]], "inverted": false, "swapped": false, "error_lsq": 0.04720625977013495, "error_max": 0.26244154187701424, "target": "987.xyz", "model": "27.xyz", "model_rescale": 3.6321398670334006, "target_rescale": 3.7205705722167233},
{"mapping": [3, 2, 1, 7, 8, 6, 10, 11, 13, 9, 14], "R": [[-0.26085292117590253, 0.800315327494373, 0.539862139894597], [-0.961970707259158, -0.2624351505186696, -0.07576377859874], [0.08104388866110779, -0.5390947675036535, 0.8383368772521391]], "T": [-0.08676689236527477, 0.10788106099964544, -0.043942525580802416], "aligned_model": [[-0.42164485267113505, 0.3565923608084939, 0.3228157040141516, -0.40064493820201597, -0.5583154998608213, 0.4501193500962073, -0.5191604114840161, 0.13040054071039894, 0.6679958155342016, 0.07524715341750368, -0.025979745703246487], [-0.14307451396688614, -0.553084131905354, -0.17300909327732938, 0.5472939302568754, 0.3186855090615602, 0.6693673108822626, -0.04877248591784554, -0.26592754208090474, 0.09714154785630866, 0.38347397478444595, 0.0887726122657917], [-0.5884038474916038, -0.04506061576967413, -0.49183761834209844, -0.600075860921073, -0.02867781985531781, -0.02409835794614823, 0.5830878914317112, 0.431064075102813, 0.267016072203121, 0.5428897810119144, -0.05105073255425975]], "inverted": true, "swapped": false, "error_lsq": 0.045905022845546296, "error_max": 0.24255836256344607, "target": "987.xyz", "model": "28.xyz", "model_rescale": 4.156811204709835, "target_rescale": 3.7205705722167233},
{"mapping": [8, 7, 9, 6, 0, 2, 5, 3, 4, 10], "R": [[-0.7605848722274846, -0.2115256475877525, 0.6138139396847248], [-0.20551514247654062, 0.9752605801222184, 0.08142682035129128], [-0.6158523998098474, -0.06421605151561571, -0.7852401673221995]], "T": [-0.12787182447277262, -0.1740347333131439, -0.03148989696817375], "aligned_model": [[-0.5648765625045818, 0.1330934334886011, 0.13690309272803408, 0.5748505035551397, 0.009063449790798483, -0.8207067803390113, -0.5481391997673568, -0.4401447383789508, 0.3080655350387661, -0.14518335950085082], [-0.19157803789793815, -0.40126040638971505, 0.2693219141023051, -0.08694339362333983, -0.36946535009224746, -0.40150556522683, 0.4445162223698511, 0.31919082917328745, 0.45411239732080944, -0.11766827910997858], [-0.49287968012534067, -0.41091743462076924, -0.5416849728893343, -0.08308306156573439, 0.6896593654734594, 0.14704040419742423, -0.29393302517742015, 0.5386969888799876, 0.22745446194407506, -0.021566319141247965]], "inverted": false, "swapped": true, "error_lsq": 0.06193839419594906, "error_max": 0.2737044090180297, "target": "987.xyz", "model": "29.xyz", "model_rescale": 4.117894457231895, "target_rescale": 3.7205705722167233},
{"mapping": [2, 1, 8, 9, 11, 10, 12, 4, 7, 13, 14], "R": [[-0.3560336999692802, 0.8331346768699976, -0.4232335226360375], [0.058238195231220424, -0.43224850543232296, -0.899871958762875], [-0.9326565911965641, -0.3450330994966245, 0.10537477472980683]], "T": [-0.02420505740850215, 0.0667523293068774, -0.11521445104381137], "aligned_model": [[-0.6538383006287174, 0.40880948813997237, 0.5347010459023962, -0.23865445133145255, -0.6184070186767097, 0.23042474297375937, -0.4454244734295101, 0.1684643111087217, 0.5297112825909096, 0.1537848318342862, 0.007854018176066367], [-0.27955239329519405, -0.6761978170975022, -0.1552961431468578, 0.46794527148668336, 0.47859928141737723, 0.7214024922403304, 0.15909753433633222, -0.3665288467850416, 0.1994804707964054, 0.2660254465725965, 0.10589182143379536], [-0.5504108103788304, -0.14263544956548382, -0.4895246569158067, -0.5428588046854235, -0.06220739895479376, 0.029415399338625275, 0.5186818255948683, 0.4968917726104557, 0.20504105568869188, 0.627527850493174, -0.09506781635609249]], "inverted": true, "swapped": false, "error_lsq": 0.0469319289378173, "error_max": 0.2353881303811858, "target": "987.xyz", "model": "30.xyz", "model_rescale": 4.100398675895297, "target_rescale": 3.7205705722167233},
