[{"mapping": [8, 7, 11, 4, 2, 9, 6, 5, 5, 3, 0, 1, 12, 13], "R": [[0.7600484615183207, 0.644338593694745, 0.08458198873939973], [0.42067921569992683, -0.5870221707666721, 0.6916892138138908], [0.49533355794023093, -0.49013543812283394, -0.7172251520090533]], "T": [-0.04601927382359816, 0.10801660072792463, 0.09152697196615772], "aligned_model": [[0.173613077648109, 0.2089504715472722, 0.5487009401164971, -0.3625370663351493, -0.6895635929525785, 0.1594441444499471, -0.4875831560359345, 0.0409141918493925, 0.0409141918493925, -0.5413567569263673, -0.3560240955082264, -0.11698576838078024, 0.3118410534072452, 0.046333974683956336], [-0.3354993814626508, 0.2447354939956765, -0.22759675500275062, 0.04001932136591568, 0.4098663201500138, 0.7277235790700466, -0.39538304959992177, -0.5810931530284165, -0.5810931530284165, -0.03997641981981134, 0.7832023167741444, 0.21530234997996742, 0.48109346591009944, 0.12594965148970522], [-0.5131500784923806, -0.60682312336184, -0.05246394243306127, -0.8076932922817406, -0.20172326522270917, -0.24087521892561942, -0.2774668141102816, 0.39147960200222726, 0.39147960200222726, 0.16859284963133184, 0.29993449092855456, 0.6541081999507616, 0.35204462364005257, -0.04147357478413388]], "inverted": false, "swapped": false, "error_lsq": 0.05329879309387165, "error_max": 0.3758945187841808, "target": "988.xyz", "model": "0.xyz", "model_rescale": 3.8414455957264533, "target_rescale": 4.1352852965592986},
{"mapping": [4, 7, 0, 2, 6, 9, 5, 1, 11, 10, 8, 12, 13, 14], "R": [[-0.7731417790088195, 0.34410857397812367, 0.5327673778168289], [0.6272162366645013, 0.2902244229607571, 0.722751393482929], [0.0940828465529076, 0.8929496478703811, -0.44021511145423475]], "T": [-0.07257397884651774, 0.05042612032522892, -0.0897766229399321], "aligned_model": [[0.07111075117887404, 0.368288355328382, 0.6085636969869702, -0.3074425164692261, -0.7056089278295692, 0.10348647625686667, -0.6380835517686408, 0.0720453782414086, 0.2655624245734107, -0.6714458665672165, -0.292826326046985, -0.2255411901094454, 0.4209850591164851, -0.09243215347853852], [-0.3070882383802783, 0.23455487252291313, -0.19339193427349188, 0.06784273257024089, 0.4039949250820032, 0.6797693620105265, -0.19961302489675697, -0.7411330269995473, -0.2086194373659112, -0.04008243743000767, 0.6446711933799671, 0.09218651067762995, 0.45774949903081724, -0.023590409134503054], [-0.4736456325318903, -0.5195347026255901, -0.1358373689067122, -0.7891607514925523, -0.38009201600846015, -0.28583651248206005, -0.3178163865176685, 0.228055485272391, 0.6483457069300531, 0.22887987468926047, 0.38209634111228463, 0.6566459423293198, 0.3168363894492789, -0.042966310674265096]], "inverted": false, "swapped": false, "error_lsq": 0.04765050255257763, "error_max": 0.32354190741112554, "target": "988.xyz", "model": "1.xyz", "model_rescale": 4.316132596720782, "target_rescale": 4.1352852965592986},
{"mapping": [2, 0, 1, 10, 5, 12, 4, 11, 3, 8, 9, 13], "R": [[0.36758746075757087, 0.8622264375084928, 0.34848963995392257], [0.8652651749325436, -0.1797348075084385, -0.4679867263276379], [-0.3408748094869378, 0.4735620016759346, -0.8121227707840276]], "T": [0.08397392621020389, -0.05643535192460309, 0.07913406097861583], "aligned_model": [[-0.10504187886165817, 0.45222645883960877, 0.09589896324792746, -0.6097253526656163, -0.4730346549615337, -0.46104735467512253, -0.06542050530221044, -0.20676612993524418, 0.45848472053328065, 0.05931612500204769, 0.3817319736925017, 0.07118618971779972], [-0.7248095636712492, -0.4511484014342464, -0.5921113059037834, 0.34277182869029826, -0.14639603919016903, -0.11595014003395313, 0.4973171332052327, 0.614774340852718, 0.004207194092838533, 0.00783960370432684, 0.5818714389501495, -0.005589661521182357], [0.2749394654894638, -0.028489334393760585, -0.4411032587415892, -0.04055640763003718, -0.45068167876976006, 0.36383924374450216, -0.5451132812049158, 0.46829711081954095, -0.6958129002042511, 0.7147352742862033, -0.07572964823578957, -0.09506612395018532]], "inverted": true, "swapped": true, "error_lsq": 0.0455243340735142, "error_max": 0.2161188681097405, "target": "988.xyz", "model": "2.xyz", "model_rescale": 3.795458400668931, "target_rescale": 4.1352852965592986},
{"mapping": [2, 0, 7, 9, 12, 11, 6, 5, 3, 4, 8, 13], "R": [[0.2359216391184661, -0.9323949768046466, 0.2738258341083238], [0.05958131043964221, -0.26737106253888077, -0.9617498543608547], [0.969943837364799, 0.2432125040911609, -0.00752530476165808]], "T": [0.023143637548830923, 0.012363664389978336, -0.03738224673617615], "aligned_model": [[-0.1678727467772559, -0.22186330058871595, -0.7044973281647768, 0.10874697507666962, 0.13561598672709294, 0.07773786487416476, -0.22811926866868465, 0.7419398068328812, 0.38187728784652225, 0.715570304034862, -0.418976576966925, 0.1731448215177309], [-0.12808674641713685, -0.4731089980563224, -0.025603183697431767, 0.10311533855108197, 0.4565681386693406, 0.7862080234683811, -0.3168872772356575, -0.07016334987374882, -0.649376693390421, 0.0021431763743956066, 0.46415939898371145, -0.06319878208648289], [-0.7189812791252141, -0.12269935378052219, 0.11868754032419043, 0.6729095135919242, -0.45172462136838537, 0.25362374899666135, 0.5137547349062226, -0.31229598189077645, 0.3843860701479897, 0.45158207541970063, -0.1329777987197816, 0.03250678213709091]], "inverted": true, "swapped": true, "error_lsq": 0.044241158402891785, "error_max": 0.22844156343402539, "target": "988.xyz", "model": "3.xyz", "model_rescale": 3.7530521520055578, "target_rescale": 4.1352852965592986},
{"mapping": [2, 10, 5, 4, 1, 11, 0, 8, 7, 9, 13], "R": [[0.6491852767431258, -0.32437680605155184, 0.6879957588210451], [0.7383221770498727, 0.051278245200537816, -0.6724960255982861], [0.18286289764817898, 0.9445370449405084, 0.2727836714298789]], "T": [-0.10916734645035428, -0.0810439837003061, 0.084259071918193], "aligned_model": [[-0.5287441571556547, -0.016279111242323563, 0.2479969404000382, 0.6090136298771226, 0.2192605808443762, -0.33022577738959247, -0.053154761735083905, -0.6883330810631353, -0.4722518707880271, 0.28483083862808434, 0.06608637206940066], [-0.665165090098929, 0.20142846454781346, -0.3801396747537228, 0.2307683793138722, -0.7517685775739028, 0.6532359257257858, -0.45817407142871047, 0.18025290426262627, 0.04979053664932831, 0.4965691953187009, -0.0895946336485156], [0.024688517878559635, -0.6683975314433542, -0.5338280114521794, -0.24075537497673555, 0.08545018715398038, -0.229534325098167, 0.4812812397578901, 0.1551051560084502, 0.7216856099935696, 0.26091305043946167, 0.03622225898384135]], "inverted": true, "swapped": true, "error_lsq": 0.05251250697805044, "error_max": 0.26570936565628817, "target": "988.xyz", "model": "4.xyz", "model_rescale": 3.7855080009869324, "target_rescale": 4.1352852965592986},
{"mapping": [0, 1, 4, 2, 14, 12, 3, 5, 7, 9, 13, 8, 6, 16], "R": [[-0.9677304042633241, -0.008208775965729942, 0.2518540860527937], [0.2428701101892235, -0.2968080981504528, 0.9235361727885845], [0.06717123075408102, 0.954901863475748, 0.2892238871350815]], "T": [-0.1132557135593251, 0.12435260812884008, 0.04815989398712462], "aligned_model": [[0.21466577455198113, 0.34638220593863034, 0.5682732835358446, -0.433003753951124, -0.6257160888664843, -0.07001303742991662, -0.4449107440531648, 0.02168357496823714, 0.2542871058868783, -0.7786591302971061, -0.09156686995040608, -0.24351356232747104, 0.41751050335942586, -0.1587576519525484], [-0.36177921773452587, 0.18578687681606024, -0.15798841449409634, 0.0079138666989369, 0.46295692240420294, 0.6896239353393169, -0.4025398187223581, -0.6737040875478932, -0.3063044457980914, -0.09817355513013112, 0.7919622859129746, 0.2899428901197507, 0.30282575525075844, 0.13672759367869664], [-0.46624969849549047, -0.5502235554663403, -0.004779287419794644, -0.6075754929934138, -0.2354399660745936, -0.3282224390268283, -0.2597458004620452, 0.0477810582537496, 0.5388902167229632, -0.07281290836105236, 0.32868538492737875, 0.7196676194140819, 0.383587422376072, 0.02240750514870207]], "inverted": false, "swapped": false, "error_lsq": 0.034525222518316724, "error_max": 0.1999803952993065, "target": "988.xyz", "model": "5.xyz", "model_rescale": 4.2253639853439635, "target_rescale": 4.1352852965592986},
{"mapping": [5, 11, 8, 6, 7, 12, 2, 10, 1, 3, 0, 0, 9, 13], "R": [[-0.1924605452543504, 0.9810869124914576, -0.020673864137523854], [0.9711340771430717, 0.19344889038309537, 0.13955690961404837], [0.14091679364743098, 0.006782104948156356, -0.989998212281517]], "T": [-0.04213330207773072, -0.023525614473555036, -0.013616037315971382], "aligned_model": [[0.11751505847050597, 0.24626736270779712, 0.6798157418336405, -0.4077955137128886, -0.5404607877034694, 0.030934643011600996, -0.3977886813574787, 0.18754503362701924, 0.13288421996876656, -0.7467835901302563, -0.2893077944010115, -0.2893077944010115, 0.3560341348833401, -0.10289042338377884], [-0.4165656512008159, 0.22292933931402845, -0.18050729786428563, 0.07005175595764682, 0.5792931182778077, 0.825540828036495, -0.5493638776681883, -0.766393060201267, -0.2658204170653581, 0.04696855191453413, 0.5008193455781004, 0.5008193455781004, 0.3222726993204947, -0.02279409318369185], [-0.4834811210946859, -0.6930561017204883, -0.010268698976300897, -0.5344349989987962, -0.14654650237527134, -0.3945241838195368, -0.23081406720358966, 0.04890031714444354, 0.6567330341176881, -0.05244922867443254, 0.5404866449909775, 0.5404866449909775, 0.2937642577688414, -0.018825937606437748]], "inverted": false, "swapped": false, "error_lsq": 0.051631607153610884, "error_max": 0.37100054226076096, "target": "988.xyz", "model": "6.xyz", "model_rescale": 3.89814844738969, "target_rescale": 4.1352852965592986},
{"mapping": [9, 11, 10, 6, 5, 8, 7, 3, 0, 2, 12, 1, 13], "R": [[-0.33697258819335285, 0.9256015822015964, -0.17236932973175578], [0.7189841461432281, 0.37117936536761714, 0.5876118415416645], [0.607874388670033, 0.07407826773889004, -0.7905701346799276]], "T": [-0.10376828827065213, 0.09873167978409828, -0.03201714176419577], "aligned_model": [[0.06152638715590206, 0.05825254882108444, 0.5558365335876714, -0.3306101780701567, 0.571632883301135, -0.5049622907755483, -0.8121226931532957, 0.22628514336460412, -0.40423751589459045, -0.375569595973977, 0.011147378169023253, 0.04743347195899392, 0.04401972841337623], [-0.3998508564333283, 0.35263249973773636, 0.46878218098535374, -0.5414860823618101, 0.2739413171643421, 0.4475352311965062, -0.058425472316768395, -0.6373258301623028, -0.13999832759566253, 0.5423114376379535, 0.7010969721087701, -0.04479316073562603, -0.0006386437546782447], [-0.5261540735994595, -0.8038874244297077, -0.31993201874181815, -0.1501491746816403, 0.3029321726789074, -0.3871335090521484, -0.20171187237859484, 0.2741898477312012, 0.3625932246736173, 0.4681347006633304, -0.1068348664334034, 0.6851135651970687, 0.005114459208943371]], "inverted": false, "swapped": true, "error_lsq": 0.05194753528225626, "error_max": 0.2901518226967169, "target": "988.xyz", "model": "7.xyz", "model_rescale": 3.7474275329858107, "target_rescale": 4.1352852965592986},
{"mapping": [11, 7, 9, 10, 0, 6, 12, 13, 4, 1, 3, 2, 8, 14], "R": [[0.11271791176291657, -0.5436469848994978, 0.8317106637391952], [-0.6282297760316609, -0.6874991033234147, -0.36424213297847663], [0.7698194729123294, -0.4814487913986142, -0.41902868682919203]], "T": [-0.08755580232765271, 0.04585025816145644, -0.05547205030687308], "aligned_model": [[0.21457244663292296, 0.2983406233118734, 0.6582130324763776, -0.27430000411119526, -0.5768379004571953, -0.1044446119983211, -0.36277036652003186, -0.09085031383662458, 0.1515192942843041, -0.7743466116672733, -0.09900731376966761, -0.3173131547256291, 0.3580714506767371, -0.10418496088350138], [-0.31061633997396115, 0.26360958370435467, -0.019836461706151602, 0.10473701641189669, 0.46459297696397045, 0.7613367956768778, -0.4573254308570372, -0.8069747670718644, -0.2830131512340755, 0.05750859742901427, 0.7165254781702748, 0.15982948550865464, 0.20148750244887895, 0.015389301322769527], [-0.46550868426004316, -0.5727171147992827, -0.19637818912442756, -0.7882218797106362, -0.19500986427424452, -0.44883178533302703, -0.28287870904077805, 0.22876456102648668, 0.6130470608532015, 0.24946120039236447, 0.19790148646527878, 0.7462821455675569, 0.43687306790483754, -0.006813237123897753]], "inverted": false, "swapped": false, "error_lsq": 0.04006810552265689, "error_max": 0.2717629418135821, "target": "988.xyz", "model": "8.xyz", "model_rescale": 4.019505241142653, "target_rescale": 4.1352852965592986},
{"mapping": [0, 8, 6, 3, 1, 4, 9, 2, 5, 12, 11, 10, 13], "R": [[-0.5257436548819613, 0.6421084189914561, -0.5579340351794738], [-0.6714266896446963, 0.08946515677753533, 0.73565085886957], [0.5222832658473008, 0.7613755735398031, 0.3840929916476138]], "T": [-0.12423631198662512, -0.10036876402217756, -0.01858968356167552], "aligned_model": [[-0.20661944399843923, -0.6954479216478454, -0.041722127499692716, 0.5580260518442135, 0.195298898170139, 0.6563287994040218, 0.16873645341231536, -0.48289011564232215, 0.4365038802287614, -0.31879012130737544, -0.23285491730560515, 0.22640206772663496, 0.056729268356370086], [-0.5389522272758288, 0.1696046468243528, -0.01452656623173143, -0.32854118172464064, -0.7753444365509213, 0.2302111285565204, 0.42414885783331313, -0.6492619399609199, -0.30958421627487875, -0.016268280789364015, 0.6836034872386477, 0.29651107768682583, -0.10822212121731574], [-0.34084529606983516, 0.07918471934484855, -0.6976432378363705, -0.4949656493684201, -0.0251390326866935, -0.027550525037415258, -0.4174961959759222, 0.2828643734051416, 0.4721806641675991, 0.5616888458654711, 0.2265421567177291, 0.5933335050495967, -0.03545083353185022]], "inverted": false, "swapped": true, "error_lsq": 0.05890661142601084, "error_max": 0.3221206744073394, "target": "988.xyz", "model": "9.xyz", "model_rescale": 3.877068213659057, "target_rescale": 4.1352852965592986},
{"mapping": [11, 0, 12, 8, 7, 1, 9, 10, 6, 2, 4, 13, 3, 15], "R": [[-0.9357294505332008, 0.053925673922109424, 0.34857196831770754], [0.19402777506450192, 0.9039823429279104, 0.3810106903724424], [-0.2945566463489724, 0.42415556741201976, -0.8563459795696096]], "T": [-0.06898876671957968, 0.041406994793067184, 0.052203051072642], "aligned_model": [[0.1860264900686394, 0.3833586752114416, 0.6592506602253606, -0.4067790314689169, -0.5682784181584482, 0.0455922436025982, -0.549817512762196, 0.010801964762420818, 0.2981835382814184, -0.7182137733011965, -0.27408913517071687, -0.3412429618950631, 0.2660991814618334, -0.014230311444399527], [-0.41075954990318675, 0.12641437010813028, -0.08211658584972728, 0.010966948894258269, 0.5957026599885914, 0.7366163898769696, -0.36086928674549223, -0.6634152801604546, -0.2267314143949627, 0.10105239645843336, 0.6512957561758898, -0.05725480335570991, 0.39768655624213606, 0.048662429458726036], [-0.4723614453683519, -0.5973518531150607, -0.060066614383429924, -0.6408294708585794, -0.27908644306852926, -0.4542174256698156, -0.15424988349174737, 0.0605564550966052, 0.46884542419762143, 0.1759151153136925, 0.2621083090942203, 0.7689889317644084, 0.4566066660483923, -0.018887707016036988]], "inverted": true, "swapped": false, "error_lsq": 0.041036596954807235, "error_max": 0.247147562006085, "target": "988.xyz", "model": "10.xyz", "model_rescale": 4.260839863003843, "target_rescale": 4.1352852965592986},
{"mapping": [1, 2, 12, 5, 10, 4, 3, 0, 8, 11, 9, 13], "R": [[-0.13059529940482117, 0.9159390169311312, 0.3794740900728245], [0.9538301277668719, 0.011657829630761674, 0.3001202798421543], [0.2704680297883615, 0.40114811762182456, -0.8751726872971237]], "T": [0.14670041448033, -0.04060833262070198, 0.044394444469428924], "aligned_model": [[0.3124824934152477, 0.31906193240688524, -0.254121910262485, -0.38928189705855587, -0.6616651343617909, -0.3421230294250291, 0.31460013651196617, 0.6299207352278966, 0.2040010407572693, -0.34675313179176437, 0.09002886442090254, 0.08274854925358746], [-0.10772678904549368, -0.6952009991985008, -0.4952066353105739, -0.06271055595928715, -0.023362708679984752, 0.6196396528030802, 0.6116067935608946, -0.07814434506195836, -0.36626187119458803, 0.0631685273960422, 0.6209837609806931, 0.08629367524261064], [-0.6806912181392649, -0.20578702153313477, 0.1640986419505214, -0.5135398314791704, 0.07843263982644405, -0.16481715561510538, -0.49496050231437755, -0.21652754360225618, 0.5915640621221054, 0.7018395541810561, 0.3257526141516408, -0.069186162152954]], "inverted": true, "swapped": true, "error_lsq": 0.051882710369106216, "error_max": 0.3033796971617397, "target": "988.xyz", "model": "11.xyz", "model_rescale": 3.890672605050136, "target_rescale": 4.1352852965592986},
{"mapping": [11, 6, 9, 1, 0, 8, 2, 10, 12, 4, 7, 7, 5, 13], "R": [[-0.9795265280927136, -0.007374948967504407, 0.20117999624803978], [-0.025501461848458667, -0.9867329601186606, -0.16033633667717842], [0.1996934055151201, -0.16218407919149344, 0.9663430385999484]], "T": [-0.05038025302387996, 0.08976882555376083, -0.17997220527400035], "aligned_model": [[0.07717610331864297, 0.2394230008334994, 0.701326015709452, -0.42580331892192047, -0.5275125061617466, -0.03891664636574494, -0.4256475818204044, -0.11812102946384664, 0.08395098562738773, -0.6627900072867652, -0.13675922749559358, -0.13675922749559358, 0.4615411103248398, -0.11444606138943081], [-0.3992722473180625, 0.2718432335658632, -0.09011746462400157, 0.09100175061515092, 0.35768827331935615, 0.8101117822987857, -0.5095368683299333, -0.7002134346960314, -0.15263485396958937, -0.13002087544235946, 0.42659226749478146, 0.42659226749478146, 0.3733003581023276, 0.09191639828253284], [-0.39752764394710616, -0.6435682880252194, -0.08832601509407487, -0.8614076694800739, -0.40191481558526276, -0.16710145438853624, -0.2546130177239808, 0.23340379806980996, 0.5116402015125103, 0.08022737974651792, 0.598521733048335, 0.598521733048335, 0.33239345480960514, -0.024279337447470795]], "inverted": false, "swapped": false, "error_lsq": 0.052517984840849505, "error_max": 0.40172333932829857, "target": "988.xyz", "model": "12.xyz", "model_rescale": 4.124412569039231, "target_rescale": 4.1352852965592986},
{"mapping": [12, 7, 9, 2, 11, 10, 0, 5, 6, 1, 4, 3, 13], "R": [[-0.9167255969454858, 0.3742079870290468, 0.13993770881578663], [-0.3992130023797066, -0.8443254531858698, -0.35741223794584354], [-0.015593544687579442, -0.38351390006901265, 0.9234034491044162]], "T": [-0.0004826659800444, 0.1121853666935519, 0.10214280202019553], "aligned_model": [[-0.14388338404555545, -0.2701014345702226, 0.6385440980000425, -0.6864921368068196, 0.4846971112276365, 0.4380687252462818, -0.3381816323728679, 0.13464069148688895, 0.21237316853983332, -0.301270110064466, 0.7521642107052293, 0.3341918025799815, 0.11254719758379532], [-0.4415716736760202, 0.6580525902758523, 0.4306947191667786, -0.09953695488569457, -0.17094131301808252, -0.5673144215530614, 0.4726096185341733, -0.4327666264574909, 0.7665107481044349, 0.12374513742964573, -0.005937003363272908, 0.5085743581164088, 0.10536619783480627], [0.3354593724020857, 0.5317883871410708, 0.20350734144678084, 0.028961640430387917, 0.7111912223541992, 0.1315296335838722, -0.14084872304806462, -0.43060967921751114, 0.059225531737908746, -0.5813270862639984, -0.2696300316909979, -0.5873116298833017, -0.04023789802459245]], "inverted": false, "swapped": true, "error_lsq": 0.04969422311217963, "error_max": 0.3263510360616505, "target": "988.xyz", "model": "13.xyz", "model_rescale": 3.9028299243045295, "target_rescale": 4.1352852965592986},
{"mapping": [10, 14, 7, 13, 12, 11, 5, 4, 3, 8, 1, 2, 6, 15], "R": [[-0.8585538246496109, 0.07424616798023694, 0.5073192650784866], [-0.12965529081069072, 0.9258624393306694, -0.35492006001557314], [-0.496059306680482, -0.3704946018188568, -0.7852763298857075]], "T": [-0.09741559524119697, 0.040148260812086896, 0.05675753067227043], "aligned_model": [[0.2427463149892664, 0.18164813864532353, 0.7509165527123745, -0.40029092693055873, -0.5922629450207852, 0.016642903821835878, -0.4271712532844452, 0.008157565564466826, 0.18406856531265725, -0.8419742083144706, -0.06737724795819758, -0.4605199421188824, 0.3693381264700946, 0.012739965524096175], [-0.34314527532560124, 0.32158080835266334, -0.2552604157408551, -0.026206530909013058, 0.4009901204470511, 0.6991763077263341, -0.259880732921957, -0.6292563180535272, -0.22442035985274583, -0.11341804107062972, 0.6540635186584913, 0.2446638807247758, 0.3413675809419017, 0.05699604381671333], [-0.4842864065753465, -0.7344250060391305, -0.06026484497824134, -0.6757142618664884, -0.2736354803194647, -0.25713636941151125, -0.1949280719405013, 0.06748559638608609, 0.5461035815963082, 0.1929816921932482, 0.26748130630922784, 0.6637817180371912, 0.4252899535314095, 0.0332366516206023]], "inverted": false, "swapped": false, "error_lsq": 0.0401877159962144, "error_max": 0.2152407917309787, "target": "988.xyz", "model": "14.xyz", "model_rescale": 3.942246331269136, "target_rescale": 4.1352852965592986},
{"mapping": [6, 9, 10, 7, 2, 5, 8, 11, 13, 0, 1, 12, 3, 14], "R": [[-0.9741387239640916, 0.08015809878092556, -0.2112544098319349], [-0.16051498158019334, 0.4125207119697823, 0.8966948214884786], [0.15902417162784382, 0.9074146468929029, -0.3889858242176786]], "T": [0.043335250049422236, 0.03242716941592721, -0.00231522728894281], "aligned_model": [[0.002449408520060724, 0.24695953294606537, 0.6946015247253938, -0.4519165840226285, -0.3941782363742336, 0.04414438776939983, -0.5153449281551443, 0.21753907978754042, 0.08914098705393453, -0.6700129878556422, -0.2739426729769291, -0.2614656815192282, 0.29164677113377596, -0.042958991619589215], [-0.3537933699966486, 0.17148844149617562, -0.09619314815408342, -0.04988785667665314, 0.5093969249995876, 0.6558254093838851, -0.4969824183229667, -0.6614765257158429, -0.39080531640018373, 0.1811745508341214, 0.6571870348854166, 0.14162913872160116, 0.5232390951621524, 0.07644862657703982], [-0.40474712492718395, -0.7687103082717298, -0.26367622174112465, -0.6943624550535563, -0.4069505199851771, -0.12128386975458053, -0.0825827373988223, 0.04524223525478758, 0.6902928465253213, -0.1009356656738315, 0.4046875562878391, 0.7481829940130094, 0.46027851731068226, 0.010534811957755644]], "inverted": true, "swapped": false, "error_lsq": 0.05279436592470303, "error_max": 0.3221596166007714, "target": "988.xyz", "model": "15.xyz", "model_rescale": 4.355366556412066, "target_rescale": 4.1352852965592986},
{"mapping": [2, 0, 1, 10, 5, 12, 4, 11, 3, 8, 9, 13], "R": [[0.36758746075757087, 0.8622264375084928, 0.34848963995392257], [0.8652651749325436, -0.1797348075084385, -0.4679867263276379], [-0.3408748094869378, 0.4735620016759346, -0.8121227707840276]], "T": [0.08397392621020389, -0.05643535192460309, 0.07913406097861583], "aligned_model": [[-0.10504187886165817, 0.45222645883960877, 0.09589896324792746, -0.6097253526656163, -0.4730346549615337, -0.46104735467512253, -0.06542050530221044, -0.20676612993524418, 0.45848472053328065, 0.05931612500204769, 0.3817319736925017, 0.07118618971779972], [-0.7248095636712492, -0.4511484014342464, -0.5921113059037834, 0.34277182869029826, -0.14639603919016903, -0.11595014003395313, 0.4973171332052327, 0.614774340852718, 0.004207194092838533, 0.00783960370432684, 0.5818714389501495, -0.005589661521182357], [0.2749394654894638, -0.028489334393760585, -0.4411032587415892, -0.04055640763003718, -0.45068167876976006, 0.36383924374450216, -0.5451132812049158, 0.46829711081954095, -0.6958129002042511, 0.7147352742862033, -0.07572964823578957, -0.09506612395018532]], "inverted": true, "swapped": true, "error_lsq": 0.0455243340735142, "error_max": 0.2161188681097405, "target": "988.xyz", "model": "16.xyz", "model_rescale": 3.795458400668931, "target_rescale": 4.1352852965592986},
{"mapping": [9, 11, 10, 6, 5, 8, 7, 3, 0, 2, 12, 1, 13], "R": [[-0.33697258819335285, 0.9256015822015964, -0.17236932973175578], [0.7189841461432281, 0.37117936536761714, 0.5876118415416645], [0.607874388670033, 0.07407826773889004, -0.7905701346799276]], "T": [-0.10376828827065213, 0.09873167978409828, -0.03201714176419577], "aligned_model": [[0.06152638715590206, 0.05825254882108444, 0.5558365335876714, -0.3306101780701567, 0.571632883301135, -0.5049622907755483, -0.8121226931532957, 0.22628514336460412, -0.40423751589459045, -0.375569595973977, 0.011147378169023253, 0.04743347195899392, 0.04401972841337623], [-0.3998508564333283, 0.35263249973773636, 0.46878218098535374, -0.5414860823618101, 0.2739413171643421, 0.4475352311965062, -0.058425472316768395, -0.6373258301623028, -0.13999832759566253, 0.5423114376379535, 0.7010969721087701, -0.04479316073562603, -0.0006386437546782447], [-0.5261540735994595, -0.8038874244297077, -0.31993201874181815, -0.1501491746816403, 0.3029321726789074, -0.3871335090521484, -0.20171187237859484, 0.2741898477312012, 0.3625932246736173, 0.4681347006633304, -0.1068348664334034, 0.6851135651970687, 0.005114459208943371]], "inverted": false, "swapped": true, "error_lsq": 0.05194753528225626, "error_max": 0.2901518226967169, "target": "988.xyz", "model": "17.xyz", "model_rescale": 3.7474275329858107, "target_rescale": 4.1352852965592986},
{"mapping": [4, 8, 5, 0, 1, 3, 6, 9, 12, 2, 11, 7, 10, 13], "R": [[0.7733843948235923, 0.4480119072506209, -0.44851076776930054], [0.5897693966980012, -0.2490194540525501, 0.7682196106725251], [0.23248362643812603, -0.858646983611444, -0.45681147202445227]], "T": [-0.08105145326442995, 0.10862139261722875, 0.0009449231981462428], "aligned_model": [[0.18907476618363153, 0.311565147227034, 0.571406776649337, -0.4675903751507584, -0.5938404555138409, 0.019550094499478476, -0.35615662719492724, -0.0825669790640737, 0.25303755646517945, -0.7431685457641702, -0.05439517200971632, -0.44223027685509053, 0.5329156631394327, -0.16093996319874054], [-0.4550242282250078, 0.25010034180003116, -0.20178268497949786, 0.052663099092811694, 0.5668528840657583, 0.7369665221136399, -0.5729091353276008, -0.5259799101568505, -0.12577439340914964, -0.12984134605784242, 0.680471355269634, 0.1132569448900622, 0.40984167011356765, 0.06840946760404595], [-0.5454626734663524, -0.5844526879819442, 0.03511367353252435, -0.7383782280920452, -0.07381974911830733, -0.23495952384530977, -0.23321761483098594, 0.21308415944421905, 0.6275868244339837, -0.09162506055986228, 0.4414148139854361, 0.6619650825587285, 0.09448686493131303, -0.05576582244800853]], "inverted": true, "swapped": false, "error_lsq": 0.04861015383980931, "error_max": 0.3611825357583428, "target": "988.xyz", "model": "18.xyz", "model_rescale": 3.922800546911778, "target_rescale": 4.1352852965592986},
{"mapping": [7, 3, 9, 12, 5, 0, 13, 11, 10, 8, 1, 6, 2, 14], "R": [[-0.7825742645403526, -0.48741854571117144, 0.38729921478868623], [0.5539984526407352, -0.2614184893990487, 0.7904088105986615], [-0.28401273730380017, 0.8331167593423663, 0.4746085021910969]], "T": [-0.17245067447552542, 0.05183355740783289, 0.018336792452005292], "aligned_model": [[0.1848869466615059, 0.16836486576244092, 0.6265625849124683, -0.41683032152991917, -0.5455641244020246, 0.11155011965882022, -0.47537361163971836, 0.08657830752752999, 0.26970705656395966, -0.7762726509479576, -0.20576954977631784, -0.39169957345010087, 0.45642759425319246, -0.11590603418110315], [-0.3951537447079958, 0.23262533115264314, -0.10163701182368579, -0.00883076646351496, 0.5961084011427558, 0.7660476271813638, -0.5382556393512532, -0.6086875422230945, -0.2351580472331112, 0.07825603459589059, 0.6714386304568569, 0.0975089850318161, 0.30738349519750724, 0.005604833837423266], [-0.5390887140741994, -0.4918674271146439, -0.009372080078502577, -0.7267890173823578, -0.365179788867481, -0.30981629247249914, -0.16011819018569054, 0.08046147509599175, 0.6288554301781081, 0.11368629402275826, 0.4220228461328945, 0.6707258232633105, 0.24710592324602246, -0.04465622322032286]], "inverted": true, "swapped": false, "error_lsq": 0.03966211223442661, "error_max": 0.23638993771079478, "target": "988.xyz", "model": "19.xyz", "model_rescale": 3.9282355846067225, "target_rescale": 4.1352852965592986},
{"mapping": [10, 12, 2, 9, 8, 7, 11, 0, 1, 4, 6, 3, 5, 13], "R": [[-0.7489139020347932, 0.640692230480411, 0.16923780056788712], [-0.5132271225978842, -0.7223458651962034, 0.4634807133677138], [0.4191967175073255, 0.2602497201458328, 0.8697954904430693]], "T": [-0.11070423071735763, 0.16894296539630851, -0.0504213795120596], "aligned_model": [[0.33285309382948586, 0.14351527969077144, 0.6961138611694901, -0.3893402995062026, -0.7899175935977969, 0.28779422624846906, -0.462201006434437, -0.2566224516029353, 0.27651120001675644, -0.6658447998979224, -0.20403232839525276, -0.2317911738354273, 0.2758461254049261, -0.03622252367714912], [-0.4528403638689261, 0.21997507094651061, 0.022809488019496782, 0.13055356358354597, 0.441552132209293, 0.5800535636255145, -0.41043817655531856, -0.5522294623088789, -0.26816419126735935, -0.025269685644582818, 0.7160980639889295, 0.018222283151428348, 0.41061653957905775, 0.03631176133489036], [-0.4490148318919904, -0.8600895275817053, 0.02961476078533589, -0.6823335729662934, -0.2577255738313273, -0.29595107669572435, -0.2830813896927532, 0.26392745622338976, 0.41915538748287035, 0.18081062425333522, 0.29418741074870625, 0.6768861876777201, 0.4785992797934753, 0.000984924238350053]], "inverted": true, "swapped": false, "error_lsq": 0.04950047138705741, "error_max": 0.3439935631289184, "target": "988.xyz", "model": "20.xyz", "model_rescale": 4.067790424073018, "target_rescale": 4.1352852965592986},
{"mapping": [8, 5, 4, 1, 10, 13, 7, 0, 2, 12, 11, 3, 6, 14], "R": [[0.9723095741075567, 0.14961378287018617, 0.17952662218750468], [0.15629807591234396, 0.15479209462636137, -0.9755051608819316], [-0.17373831921853453, 0.9765526731397836, 0.12712148920879668]], "T": [-0.06409870774968635, 0.061943267799580856, -0.03410813633684], "aligned_model": [[0.14593035334804566, 0.3191403426342296, 0.7052910458997721, -0.3239458061711288, -0.6298149996689808, -0.08927379907541559, -0.3809694643025875, -0.1760014848865719, 0.33092485257764964, -0.7532142439896019, -0.29944739012231353, -0.19956044557495242, 0.45582326824584335, -0.12822061950121236], [-0.32127216581600954, 0.18718318784443738, -0.15916500779786386, 0.04253179694572211, 0.5595616676136088, 0.6819336384446304, -0.4928345450394637, -0.592722075769973, -0.29870805294165814, 0.10764060177154908, 0.5713779098298158, 0.07412174526045884, 0.40578432549821425, 0.10181756095013311], [-0.40044353137569483, -0.46527969563299576, -0.07439500985451258, -0.8121876833756155, -0.35602089901840656, -0.35830199834127907, -0.4194371635744781, 0.21758430677373425, 0.4832011939219983, 0.2976227761182938, 0.2870142658467241, 0.8056816105182368, 0.36465415953999025, -0.05372227300260693]], "inverted": true, "swapped": false, "error_lsq": 0.04984939263801471, "error_max": 0.29114409641977756, "target": "988.xyz", "model": "21.xyz", "model_rescale": 4.186013935880536, "target_rescale": 4.1352852965592986},
{"mapping": [2, 5, 12, 7, 6, 8, 0, 1, 10, 4, 3, 9, 13], "R": [[-0.022841472368949317, -0.28383946266755433, 0.9585997217674398], [-0.5167788714921336, 0.8241636408327337, 0.2317194232442545], [-0.8558141533763834, -0.4900912696242682, -0.16550734823184582]], "T": [0.10778922063584541, -0.08557601977920518, -0.02682088807064004], "aligned_model": [[0.02136332396192102, -0.3642291955919946, 0.38475500663791107, 0.4706210019669137, 0.014110457178084582, 0.7119124530363529, -0.1841648104339782, -0.5876281264262804, 0.22220932551332717, -0.21403093440747134, -0.5986387602006665, 0.2099230194334149, -0.027628725244309135], [-0.5163175573945181, 0.38651556853416613, 0.09262717611200302, -0.6580515159000307, -0.28267242219298705, -0.2659404924672881, -0.5441039347814983, -0.2729279441059882, 0.6578250145083128, 0.630090041330588, 0.025001693648872003, 0.2431213252696299, 0.02378970698483221], [-0.5993443461817255, -0.41846402898195995, -0.5494879159897132, 0.2828330151321632, 0.6271427963711669, -0.13280181326716434, 0.059816917640159076, -0.2243854923540113, -0.32544073446931, 0.29395805756183024, 0.4560980733326232, 0.6069021784576064, 0.02605285408368121]], "inverted": false, "swapped": true, "error_lsq": 0.059400133853235726, "error_max": 0.3541835421729718, "target": "988.xyz", "model": "22.xyz", "model_rescale": 4.166573947596378, "target_rescale": 4.1352852965592986},
{"mapping": [3, 9, 8, 11, 12, 14, 2, 4, 0, 6, 13, 5, 7, 15], "R": [[-0.5222421927461478, -0.6556692741123387, 0.545308073570064], [0.15127721882471756, 0.558067632843787, 0.8158895269807002], [-0.8392724796991462, 0.508584624381362, -0.19225864002045556]], "T": [-0.06220610650012191, 0.0715057393537675, -0.08771150416944268], "aligned_model": [[0.02161470044393919, 0.2783435112468414, 0.6936058607973418, -0.3346901978436864, -0.5484812513833052, -0.0969122976029098, -0.4812888184627362, 0.17165930765448356, 0.20110579447524224, -0.7859769339180319, -0.10619412383343944, -0.2531194701381251, 0.3089781808509928, -0.0919826528738311], [-0.3672252421518478, 0.2271856442417673, -0.21618468720550396, 0.008691109865194002, 0.38841568351586686, 0.839223487123241, -0.4531181915883854, -0.6151804232789864, -0.33222312735468074, 0.020486006023988285, 0.7743430265627977, 0.2928248431293914, 0.24883628538840585, 0.05117617252235303], [-0.4900991906192522, -0.5570076700908728, -0.09556190398523783, -0.8252073141326512, -0.391826492273007, -0.27581441025850245, -0.13185502924340187, 0.029004370824457976, 0.5713982043230559, 0.14176705290423236, 0.38228630533128155, 0.6905120646651972, 0.497237852541818, -0.02886378144372899]], "inverted": false, "swapped": false, "error_lsq": 0.0434295488757891, "error_max": 0.25427406891110427, "target": "988.xyz", "model": "23.xyz", "model_rescale": 4.274766983524099, "target_rescale": 4.1352852965592986},
{"mapping": [3, 0, 7, 9, 8, 11, 4, 10, 5, 2, 13], "R": [[-0.3706307402619932, -0.46485790626991197, 0.8040770991336595], [-0.8266841234814306, 0.5597246937364104, -0.057459787725162026], [-0.4233511714364165, -0.6860141355686746, -0.5917418283705984]], "T": [-0.04911868865343492, 0.21679441609385736, 0.02467785100746034], "aligned_model": [[0.3962294846737213, 0.17880655315619443, -0.5103011403431843, -0.40150398909248297, -0.5568875682861277, -0.6768228696493088, 0.11575165301188403, -0.026453053562956276, 0.5448001080500751, 0.2632062224061817, 0.053069303594078514], [-0.231566031438252, 0.522794945620985, 0.6515262573157465, -0.3314969220761255, 0.539412231482084, -0.12796300826742874, -0.6143392533822392, -0.2793189331336811, -0.11508503585848079, 0.8303673366740842, 0.07125494430679088], [-0.5627883690439663, -0.37206498074604655, -0.3672144906536785, -0.28399574856203785, 0.24104949774123924, 0.44136705268569654, -0.001396064692896673, 0.6636369142871594, 0.3936936977287556, 0.24094675536688187, -0.013667830089529119]], "inverted": true, "swapped": true, "error_lsq": 0.05181168872830828, "error_max": 0.29157399704380604, "target": "988.xyz", "model": "24.xyz", "model_rescale": 3.7841303162186577, "target_rescale": 4.1352852965592986},
{"mapping": [12, 13, 14, 3, 6, 11, 5, 2, 8, 4, 7, 0, 10, 15], "R": [[-0.4197798247518229, 0.9002775561970106, 0.11526153104686696], [0.8847589849120466, 0.43421708900275857, -0.16928395740700233], [-0.20245107396290649, 0.03091668523482785, -0.9788042302857896]], "T": [-0.043971224605607456, 0.07181287665855587, 0.10208162564494822], "aligned_model": [[0.23579668330909467, 0.24018505564980472, 0.6910419177826296, -0.4371774954465454, -0.6249321362080449, 0.019859272985829318, -0.3278261431088483, -0.14456290623091334, -0.15612818133266562, -0.71635575175836, -0.07940953840550213, -0.21013985014819153, 0.5820732294952485, -0.0957625471707597], [-0.40011109382252885, 0.20371703963106907, -0.043558638046361134, 0.08411346969532572, 0.43163669104516933, 0.7143035983193308, -0.5538752206582385, -0.674718845808593, -0.25692893909819914, -0.22308272880663757, 0.6772983239406609, 0.3529743301165936, 0.45375248238958976, 0.10173011789642028], [-0.4215495329147148, -0.6147562203515988, -0.1731347554478641, -0.6009400039052799, -0.13251951253081165, -0.31332047993437173, -0.4431518432115517, 0.13902386251884383, 0.5804198106872254, -0.030733932108056028, 0.3364681848689551, 0.7613738023968384, 0.36178450268096135, 0.06700617579481291]], "inverted": false, "swapped": false, "error_lsq": 0.048362723632260574, "error_max": 0.3274309361643325, "target": "988.xyz", "model": "25.xyz", "model_rescale": 4.19342608120988, "target_rescale": 4.1352852965592986},
{"mapping": [2, 0, 1, 10, 5, 12, 4, 11, 3, 8, 9, 13], "R": [[0.36758746075757087, 0.8622264375084928, 0.34848963995392257], [0.8652651749325436, -0.1797348075084385, -0.4679867263276379], [-0.3408748094869378, 0.4735620016759346, -0.8121227707840276]], "T": [0.08397392621020389, -0.05643535192460309, 0.07913406097861583], "aligned_model": [[-0.10504187886165817, 0.45222645883960877, 0.09589896324792746, -0.6097253526656163, -0.4730346549615337, -0.46104735467512253, -0.06542050530221044, -0.20676612993524418, 0.45848472053328065, 0.05931612500204769, 0.3817319736925017, 0.07118618971779972], [-0.7248095636712492, -0.4511484014342464, -0.5921113059037834, 0.34277182869029826, -0.14639603919016903, -0.11595014003395313, 0.4973171332052327, 0.614774340852718, 0.004207194092838533, 0.00783960370432684, 0.5818714389501495, -0.005589661521182357], [0.2749394654894638, -0.028489334393760585, -0.4411032587415892, -0.04055640763003718, -0.45068167876976006, 0.36383924374450216, -0.5451132812049158, 0.46829711081954095, -0.6958129002042511, 0.7147352742862033, -0.07572964823578957, -0.09506612395018532]], "inverted": true, "swapped": true, "error_lsq": 0.0455243340735142, "error_max": 0.2161188681097405, "target": "988.xyz", "model": "26.xyz", "model_rescale": 3.795458400668931, "target_rescale": 4.1352852965592986},
{"mapping": [6, 0, 7, 9, 11, 5, 1, 4, 2, 8, 10, 12, 13], "R": [[-0.3351422840671121, 0.9101615096708144, -0.24348650012685202], [-0.2530719858342996, -0.33589811292206334, -0.9072634830749452], [-0.9075429573393006, -0.24244274385747488, 0.34291004146087]], "T": [-0.033120085831030696, -0.09472770865123886, -0.02334693901066026], "aligned_model": [[0.17017795127510704, 0.23334870073101466, 0.675631521050574, -0.19324696224115762, -0.13960740698193647, -0.7174576462342287, -0.23084964152234838, -0.7711635244009655, 0.23035185428279842, 0.4030817958841972, -0.6577007107069407, -0.11569520013035098, -0.18719434818450648], [-0.5844410862022527, -0.5285198818704078, -0.1843639720937028, -0.23585665847330328, 0.5453856155905323, -0.08120934114042871, -0.5909841867764145, -0.25754240198411926, -0.010401762635719125, 0.36164322802815047, 0.41675005311810626, 0.4593591629882285, -0.187937265291755], [-0.4639623258192729, 0.18596108929832167, -0.2352363794984037, -0.7122011946570901, -0.5385318512988866, 0.33797779028226527, 0.49854417389933164, -0.4073111477546223, 0.643183247501409, -0.12425118065624369, -0.07991913260547617, 0.23706876115079728, -0.04918518774270367]], "inverted": true, "swapped": true, "error_lsq": 0.05358606327498783, "error_max": 0.3194427835983033, "target": "988.xyz", "model": "27.xyz", "model_rescale": 3.6321398670334006, "target_rescale": 4.1352852965592986},
