[{"mapping": [5, 1, 11, 12, 3, 2, 6, 10, 8, 7, 4, 9, 0, 13], "R": [[0.9828984406552655, -0.05309659619263806, 0.17632755550453125], [0.09808810519458466, -0.6594287455526427, -0.7453404947795363], [0.1558505020100471, 0.7498896458890627, -0.6429433412141325]], "T": [-0.07280573877577212, -0.1781340985824958, -0.028309605041494882], "aligned_model": [[0.13848214231016648, -0.2993426519900908, -0.259809286761994, -0.6453007756888096, 0.34175292698196846, 0.3378197075985706, 0.676365363931293, -0.836282598247887, 0.25231993024651117, -0.06597109984720943, 0.543546491588849, -0.445022135456069, -0.31030410676193376, -0.09878307650395417], [-0.47414320289422324, -0.7080256262960798, 0.1689652489615977, -0.2338004731941643, -0.4656523025650525, -0.15205676710787402, -0.07011148087522062, 0.4292446231168047, 0.42205541693192344, 0.5721515828447117, 0.5001224618957572, 0.26210858889340566, -0.4363172443363215, -0.017845069233555166], [-0.6917380502504569, 0.002351595712290707, -0.6041685780707514, 0.037039422657003704, 0.10834580400454016, 0.6212786961021896, -0.1361059738115114, -0.2805458001427246, -0.4086318058555933, 0.06344641073674223, 0.24276638597181327, 0.42377943699619725, 0.6589664843383082, -0.041442283760234705]], "inverted": true, "swapped": false, "error_lsq": 0.0557601779846054, "error_max": 0.3474519112797451, "target": "989.xyz", "model": "0.xyz", "model_rescale": 3.8414455957264533, "target_rescale": 3.799233529716105},
{"mapping": [13, 9, 8, 6, 7, 4, 0, 10, 12, 3, 1, 5, 2, 14], "R": [[-0.9463759847281118, 0.3045574925160032, 0.10778325139956436], [-0.07585979467685605, 0.11480919965604025, -0.9904868193095377], [-0.31403469088857416, -0.9455493543050539, -0.08554900053076941]], "T": [-0.021028276420098403, -0.04597083928281227, -0.022181760226467444], "aligned_model": [[0.30120509923159305, -0.1591198672084102, -0.40790535829464974, -0.7773084785064561, 0.23616608436027908, 0.20817316615610695, 0.6857871697949838, -0.4745224536789392, -0.07449354515391085, 0.0865291092460403, 0.4895311523291759, -0.45059388735757966, -0.3331657251670609, -0.0008116343517610876], [-0.33929867078092546, -0.6852901882255167, -0.13448529518550906, -0.18648528029066158, -0.5981559668092324, -0.05064686097258774, -0.1850047894962215, 0.446690170947494, 0.3858998903005811, 0.5343836710225824, 0.638753597735381, 0.2583193412693428, -0.329460479528216, 0.04147661615519786], [-0.6426424241883824, -0.2163753816831761, -0.7054047927107745, 0.1131811652151472, 0.18250738911107267, 0.47103428613692294, 0.05905157767735391, -0.16363656078682745, -0.6490140199542207, 0.49259676807177766, 0.11558400560116755, 0.374307403436222, 0.5834654676064515, -0.019313138904921555]], "inverted": false, "swapped": false, "error_lsq": 0.04393737412663957, "error_max": 0.29738122014762813, "target": "989.xyz", "model": "1.xyz", "model_rescale": 4.316132596720782, "target_rescale": 3.799233529716105},
{"mapping": [11, 7, 3, 6, 4, 5, 0, 10, 2, 9, 8, 13], "R": [[0.608653672698446, -0.5333888745115178, 0.5873985148585494], [-0.7722935681655949, -0.22850183527375736, 0.5927474638044256], [-0.18194326390594123, -0.8144220158025329, -0.5510112783740385]], "T": [-0.08725935105295393, -0.02997850779349177, -0.0929375260903919], "aligned_model": [[-0.06642834448029247, 0.6017299303330043, 0.12297288921882266, -0.49503655908482425, -0.6422497487679097, -0.5617069063353642, -0.17182977716951794, -0.13659476601534076, 0.4654518247352205, 0.14082283722766936, 0.39978980083991233, -0.05911262586959905], [-0.6353469899915927, -0.3276412117095906, -0.6167334298970595, 0.46959898209196116, -0.13525907232081294, -0.19960138963953047, 0.4292216463021555, 0.544658612235692, 0.07301985100488577, -0.061074893236161776, 0.510642187741446, -0.038707864840411964], [0.2761026313459927, 0.09905028001503087, -0.40345599827516276, -0.07322344436872538, -0.48912774047648894, 0.29487435248086336, -0.6791409364326595, 0.5037529531853289, -0.5299894784000341, 0.5847686474988595, -0.0668791773477148, -0.06747362801586876]], "inverted": true, "swapped": true, "error_lsq": 0.038811605082038195, "error_max": 0.20975333383364136, "target": "989.xyz", "model": "2.xyz", "model_rescale": 3.795458400668931, "target_rescale": 3.799233529716105},
{"mapping": [0, 2, 1, 11, 6, 5, 3, 8, 7, 9, 4, 13], "R": [[-0.2861093204213233, -0.9578837410815906, -0.02449888445592391], [-0.6721300414042243, 0.21884909972536393, -0.707351595029907], [0.6829221509147323, -0.18591344792922831, -0.7064372057508451]], "T": [0.10124813040470787, 0.08812043398375922, 0.051003277747237896], "aligned_model": [[-0.22644954448325305, -0.046359558777101656, -0.6310687775961792, 0.16257898926761313, 0.1989343421269233, 0.2041097112144433, -0.34312954146867475, 0.5102411572032269, 0.3591316373350327, 0.7346744221695543, -0.457502908031114, 0.1281438967830941], [-0.005088452057492823, -0.5729243704639828, -0.2092293204801664, 0.16155864872090553, 0.5034271339468249, 0.6557394376864648, -0.24264763720495947, -0.3347323517051946, -0.5111749521071964, 0.09809988238784668, 0.4730502543892773, 0.06969077217738257], [-0.6165128001324499, -0.16887043914731953, -0.1108463113245774, 0.7538125849150451, -0.4329660537333798, 0.31839553595425296, 0.47292936470193775, -0.37805018745810504, 0.46874694307798215, 0.38408835851497025, -0.07426178205701839, 0.07230621732776227]], "inverted": true, "swapped": true, "error_lsq": 0.045209554399539054, "error_max": 0.25095480920239144, "target": "989.xyz", "model": "3.xyz", "model_rescale": 3.7530521520055578, "target_rescale": 3.799233529716105},
{"mapping": [0, 4, 3, 11, 2, 5, 8, 6, 10, 9, 13], "R": [[-0.9245213907461551, 0.34145763077673547, 0.16931297775756537], [0.2712958741642801, 0.2775733452809567, 0.9216027271286572], [0.26769151408708186, 0.8979753473085313, -0.34925854164485126]], "T": [-0.019596865774278854, -0.06054503426132191, -0.04708161217794595], "aligned_model": [[-0.5314052473111368, -0.38075475835567374, 0.48504552779559473, 0.5145822839024305, 0.17247776257092343, -0.12210713336675946, -0.0980460048234096, -0.6466242723501127, -0.3533328656945883, 0.28819424524092696, 0.01017006483700985], [-0.5979687299263075, -0.03216183249535929, -0.26077318355015494, 0.38233433936063355, -0.7396567693485525, 0.5545068253835648, -0.4598813112259065, 0.04605587140284325, 0.27728764619288215, 0.3513929507676708, -0.053932448246967905], [-0.15138563280188636, -0.6342991147116971, -0.4831382574373153, -0.19407162661847238, 0.04793050908475891, -0.17147338403469498, 0.5566922865804798, 0.06118400158288451, 0.6334848381540944, 0.4507595833751538, -0.02285242592798874]], "inverted": false, "swapped": true, "error_lsq": 0.04563178814079156, "error_max": 0.2297049519380487, "target": "989.xyz", "model": "4.xyz", "model_rescale": 3.7855080009869324, "target_rescale": 3.799233529716105},
{"mapping": [12, 13, 6, 8, 14, 9, 2, 7, 4, 5, 0, 10, 15, 16], "R": [[0.03388816193794297, -0.9311355159348054, -0.3630953641198018], [-0.6533079872453962, 0.25429841448495116, -0.7131065770218428], [0.7563334359142382, 0.2613789726723705, -0.5997005639174431]], "T": [-0.010752793517809466, -0.03444695363226476, -0.06226827122469189], "aligned_model": [[0.3288545180849647, -0.32539967608917003, -0.4143983158496338, -0.670022628494695, 0.3131185937135787, 0.1981122021666019, 0.6828490068052094, -0.51850607088423, -0.02338444942381592, 0.014376879207049116, 0.485908864773099, -0.399224899287708, -0.3622813719537956, 0.019468178631956795], [-0.5168491809990456, -0.6227162359105095, 0.04290766281505119, -0.2458627555549544, -0.5655412195546066, -0.13469939843364992, -0.06977071539638825, 0.5120218757757183, 0.5250487556914407, 0.7387977064247434, 0.5510331469783419, 0.20444357376444183, -0.5563106137207562, -0.06580684573811832], [-0.4014145935512915, -0.3447646954345598, -0.5693812997328537, 0.06412997777645638, 0.20370842657061197, 0.6109619123961395, 0.18963341996095687, -0.13246727182324708, -0.5458029404913162, 0.17556452689484128, -0.20016001243217638, 0.5060494330861175, 0.47008883214453523, -0.03080397073640148]], "inverted": false, "swapped": false, "error_lsq": 0.041735378797178466, "error_max": 0.24108673237561742, "target": "989.xyz", "model": "5.xyz", "model_rescale": 4.2253639853439635, "target_rescale": 3.799233529716105},
{"mapping": [8, 10, 5, 2, 1, 0, 9, 6, 11, 7, 12, 3, 4, 13], "R": [[0.566093765510717, 0.7615895402035815, -0.3154666716190395], [0.662510294958347, -0.19260659861953755, 0.7238665672915255], [0.490528243553928, -0.6187762684692343, -0.6135943055922117]], "T": [-0.02220827405508679, -0.06423907563783324, -0.017297168128889946], "aligned_model": [[0.3420851201478932, -0.33442115366565206, -0.36260440287797197, -0.6812029733963253, 0.1986986896196361, 0.38096754582214026, 0.5824449746309484, -0.4037548549026509, 0.05478218384508899, -0.0026403172858136467, 0.42807546655415246, -0.4459260850927415, -0.36405962310765205, -0.06297373889164061], [-0.4166188424750715, -0.7047256056345899, -0.10162398012796295, -0.18255096137002574, -0.7122669609950327, 0.04239445467524319, -0.1436574978642827, 0.44841755881968615, 0.4388151664073592, 0.6102312082021386, 0.7498640259944838, 0.24341138320910397, -0.43466347775785985, -0.0403307149414808], [-0.5548692083825633, -0.33480716338436495, -0.5497200365796567, -0.06088496426354127, 0.24721323839183226, 0.6676416596549463, 0.008848396502005845, -0.09025845864195366, -0.6059929195708776, 0.39995353266335015, -0.09361530047385942, 0.46105822744961644, 0.4795274786746758, 0.02124726258820298]], "inverted": false, "swapped": false, "error_lsq": 0.03707783663385112, "error_max": 0.24765441075095243, "target": "989.xyz", "model": "6.xyz", "model_rescale": 3.89814844738969, "target_rescale": 3.799233529716105},
{"mapping": [4, 12, 5, 1, 6, 11, 3, 0, 2, 7, 9, 8, 13], "R": [[-0.9806966884713298, -0.014911099616942966, -0.19496580297472926], [0.12685445832898418, -0.8072989729891896, -0.5763473905663666], [-0.14880171915481138, -0.5899542586665626, 0.7936069688818007]], "T": [0.03026545180260952, 0.11220088749630888, 0.01845979502736635], "aligned_model": [[0.2346907238112796, -0.21634387763115726, 0.37015083065088594, -0.33955049051346253, 0.6453420398163754, -0.2650137561008895, -0.5887534004446594, 0.21135645701951777, -0.4223380215023921, -0.5892676179414847, 0.051710125965417846, 0.04422791284800871, 0.012420874926782385], [-0.3320452643718874, 0.17653205268378655, 0.4443545871879687, -0.5854066057259346, -0.06551210182394679, 0.6214906532946993, 0.0018783209150338293, -0.5773204848497471, -0.23658276544511955, 0.48753531728522725, 0.8039014975819143, 0.08152268500117646, 0.14343337373731432], [-0.4682851993103039, -0.784881917508212, -0.4039408523993193, -0.14731165581838543, 0.09813067498264408, -0.37717853944900465, -0.2807813232966564, 0.24958249339221697, 0.4434454114510956, 0.2931805153399088, 0.20111936766650657, 0.745804656776357, 0.033391399009448264]], "inverted": true, "swapped": true, "error_lsq": 0.0340636888397413, "error_max": 0.17069096613093124, "target": "989.xyz", "model": "7.xyz", "model_rescale": 3.7474275329858107, "target_rescale": 3.799233529716105},
{"mapping": [3, 2, 8, 4, 1, 12, 0, 9, 5, 11, 10, 13, 13, 14], "R": [[-0.8107761495333934, 0.31385951446133903, -0.4940994237295741], [-0.4914000230339118, 0.09371695184384604, 0.8658770988421911], [0.31806925772553946, 0.9448329683701724, 0.07824710327375434]], "T": [0.06126746240626773, 0.047483092498129445, -0.030965655615402595], "aligned_model": [[0.2425993698608948, -0.18570932923319688, -0.44468143295064794, -0.6352179899588352, 0.35570661045108937, 0.13741609846990802, 0.668119699980108, -0.3916498111741605, 0.0029381581419391026, -0.07786859974856816, 0.6311862497764775, -0.5018765233491461, -0.5018765233491461, 0.030384854482694876], [-0.2064474012759241, -0.7320199228513323, -0.07714832719052615, -0.30799730609950277, -0.6146619806562511, 0.09312549939840854, -0.1729142399174583, 0.6207077876718053, 0.3421642486633401, 0.5806687694421933, 0.5047830773272719, -0.11737443596517803, -0.11737443596517803, 0.00118442356004015], [-0.676544915393119, -0.23088316185840171, -0.4710713706090067, -0.0032610223896741702, 0.16821092495036705, 0.5795757227672196, -0.1627556978897629, -0.2468819176799274, -0.6811826751458526, 0.25684356192221053, 0.17233869595139986, 0.6500649423088352, 0.6500649423088352, -0.009176284615309997]], "inverted": false, "swapped": false, "error_lsq": 0.05452518368338747, "error_max": 0.3363261745692074, "target": "989.xyz", "model": "8.xyz", "model_rescale": 4.019505241142653, "target_rescale": 3.799233529716105},
{"mapping": [5, 6, 4, 12, 11, 3, 1, 9, 7, 8, 0, 2, 13], "R": [[0.9645198529825512, 0.26187394162697936, -0.0335185306847871], [-0.14250718736549237, 0.6232895546192245, 0.7688965032120674], [0.2222457080613573, -0.7368393107043882, 0.6384940684524704]], "T": [-0.08430913187508031, -0.09768379827271664, 0.03612024390359752], "aligned_model": [[-0.2909590085102245, -0.677962235184638, -0.08815110804768182, 0.40460189591593154, 0.2871328012341133, 0.6044258934443715, 0.36698993136489283, -0.21206980416553894, 0.38472447443781504, -0.3314481352841422, -0.28206703827430973, 0.22898511316199122, -0.07450200835140354], [-0.5360104379906079, 0.08275234055394465, 0.1984244019899344, -0.3667667120431978, -0.6874336929970614, -0.058158340762454415, 0.5385744223907244, -0.7170175810013335, -0.37517025022181183, 0.12342797688448612, 0.6247219250686614, 0.35955451081385137, -0.12352033457107718], [-0.3755058525971934, -0.14070553912846673, -0.5870733036838279, -0.5954436560296322, -0.095491001341873, -0.05865558707264049, -0.1698041399448594, 0.37134703833747534, 0.5867356977317456, 0.684347477379823, 0.010174952767788896, 0.48321370114076456, 0.0635637064847746]], "inverted": true, "swapped": true, "error_lsq": 0.042756269908644354, "error_max": 0.25280733749546747, "target": "989.xyz", "model": "9.xyz", "model_rescale": 3.877068213659057, "target_rescale": 3.799233529716105},
{"mapping": [3, 6, 12, 10, 13, 2, 4, 11, 5, 8, 7, 9, 14, 15], "R": [[0.40962864339336946, 0.9120626319473887, -0.018604567098164104], [0.4366621387588251, -0.1781276172067986, 0.8818144524574298], [0.800956023191209, -0.36934036794457037, -0.4712293937354641]], "T": [-0.028844850162293427, -7.102300387185762e-05, -0.04677622490047871], "aligned_model": [[0.29065715864129915, -0.2768455137956636, -0.41934573509238154, -0.6858055882754789, 0.1776245044460671, 0.2806807059793186, 0.6472300431518021, -0.6692377817937001, 0.2392494109249057, -0.1366184654365257, 0.5448844729029949, -0.28411287271922875, -0.3178442075740889, -0.061045299959908796], [-0.33263888288682575, -0.5100850638086671, -0.0051548578132612, -0.19995658495584612, -0.6831409807388215, -0.03130896370530282, -0.020328699292887754, 0.35746914528353835, 0.2179601342842929, 0.6942963886328686, 0.5170146834867482, 0.14680762015287702, -0.41818086383489955, 0.06394268133789607], [-0.48275607268196286, -0.28902800331339434, -0.6837051292579266, 0.13115390228657192, 0.2505860699710338, 0.5393751882219879, -0.07133319797687335, -0.12873473538747476, -0.7479062583937116, 0.271911210238896, 0.21731392147940964, 0.5439099902289736, 0.5458324816288865, -0.10127762241660299]], "inverted": true, "swapped": false, "error_lsq": 0.037004388907546606, "error_max": 0.26819633112866426, "target": "989.xyz", "model": "10.xyz", "model_rescale": 4.260839863003843, "target_rescale": 3.799233529716105},
{"mapping": [8, 2, 3, 7, 11, 9, 10, 6, 4, 12, 5, 13], "R": [[0.8379988658460138, -0.3198394466348013, -0.4421092955561319], [0.5438878133141993, 0.5550424590539993, 0.6293758139423444], [0.044090218519459684, -0.7678740762805019, 0.6390817284254595]], "T": [0.09946731275039469, -0.04223373271766705, -0.028542415566266674], "aligned_model": [[0.337322002888096, 0.10660084066753414, -0.37046448339262006, -0.5069664963052829, -0.5452474422686591, -0.26084383574981507, 0.39091159007618703, 0.6819163748354681, 0.3843722705363217, -0.3510618717423897, 0.020993713114947077, 0.07136598643434296], [-0.12197362158173296, -0.6403833609628653, -0.5080734567607375, -0.20042588049752874, 0.1754383461810926, 0.4684980365460917, 0.6133100392705716, 0.22731547967862437, -0.19163381152201575, -0.08517014491375711, 0.4684570723646957, -0.03228019226950448], [-0.7120871082110708, -0.4149086275770505, 0.18838640572701854, -0.4839344581796307, 0.1716008296431279, -0.3772587238322149, -0.4456801951603879, 0.03737326527981778, 0.581845826686606, 0.6824375319046455, 0.3420075185651007, -0.053604187450457]], "inverted": false, "swapped": true, "error_lsq": 0.04608630427790714, "error_max": 0.2233011333600597, "target": "989.xyz", "model": "11.xyz", "model_rescale": 3.890672605050136, "target_rescale": 3.799233529716105},
{"mapping": [5, 9, 6, 11, 12, 4, 7, 1, 8, 0, 3, 2, 10, 13], "R": [[0.3534128328220886, -0.6698259242928172, 0.6530180707621644], [0.5843781377867255, -0.38701881142342476, -0.7132451413653782], [0.7304803636468165, 0.6336794700396031, 0.25465421177891856]], "T": [-0.14487596087422094, 0.0021221580931460177, -0.08503273787872398], "aligned_model": [[0.31798959481526445, -0.32681332495124715, -0.4816876110450379, -0.615534500348552, 0.2546618009408585, 0.07419841557329532, 0.688343520133718, -0.6175460641990018, 0.2573358935822794, -0.07796019884653366, 0.5431621853732794, -0.4545534156909915, -0.2280197148072573, -0.0041057491306623894], [-0.4876192835590643, -0.6671877502871878, 0.1194472751567482, -0.21332311333255327, -0.5629080870127561, 0.20036418626114777, -0.17101494694932168, 0.6177897226148056, 0.3341173257998829, 0.5844427579734536, 0.5943862258005491, 0.019286336638154183, -0.540554620113173, -0.03053027284897672], [-0.47346674710003034, -0.43822313712255134, -0.5376375027197279, 0.10158461966190857, 0.19108778968928167, 0.5503911833558409, -0.032754543545185644, -0.03179070740328835, -0.5822207089642795, -0.013481780551038117, 0.08493766958392465, 0.5547870794290629, 0.6207501855616877, 0.0013783447522073]], "inverted": false, "swapped": false, "error_lsq": 0.0432560829800332, "error_max": 0.28608731318582814, "target": "989.xyz", "model": "12.xyz", "model_rescale": 4.124412569039231, "target_rescale": 3.799233529716105},
{"mapping": [8, 7, 3, 10, 2, 0, 9, 6, 11, 5, 4, 12, 13], "R": [[-0.3752108645597919, -0.9173444854532622, -0.13302594530685993], [-0.7582286844751216, 0.2211904998080828, 0.6133221215917273], [-0.533203590718799, 0.3309892110071576, -0.7785499810811373]], "T": [0.13059207236865256, 0.058149451114557243, -0.010513931049210513], "aligned_model": [[-0.20894331383963816, -0.04078321851685407, 0.6148650848693344, -0.6323079525296896, 0.37464371253780215, 0.4738821323912711, -0.5002796909290945, -0.02248107292241422, 0.05340882875079947, -0.05598894094267198, 0.6283953083826994, 0.5763982799207095, 0.106489150337504], [-0.3109662815593752, 0.549640478750919, 0.5134414127759506, -0.24219871127598128, -0.07937900312570806, -0.5958532715836189, 0.3937109308537228, -0.4726565577635471, 0.7469717738734072, 0.2539838765826766, -0.11951568632023107, 0.6284630564816578, 0.0818433588186052], [0.5173458493322919, 0.5632767209201438, 0.19706625596403252, -0.13879434382517, 0.6441901517080353, 0.11630779494814301, 0.030393759038525744, -0.3437738265335658, -0.16105336923091823, -0.5859327882249794, -0.45401371904523524, -0.4421524188129621, 0.008838014729497462]], "inverted": false, "swapped": true, "error_lsq": 0.03979264164334279, "error_max": 0.22493927547548664, "target": "989.xyz", "model": "13.xyz", "model_rescale": 3.9028299243045295, "target_rescale": 3.799233529716105},
{"mapping": [7, 9, 6, 11, 10, 5, 4, 1, 3, 2, 0, 12, 13, 15], "R": [[0.03541881846126105, -0.970115134842821, 0.2400461048375997], [0.04883298031734695, -0.23822986473990088, -0.9699803459758012], [0.9981787652180016, 0.046077724497898376, 0.03893579295406652]], "T": [-0.051619656034016845, 0.049952332001628144, 0.05962656029663259], "aligned_model": [[0.23870348161593924, -0.3677973536871295, -0.2836758739510459, -0.7486572196345213, 0.2506785563778723, 0.19982905946041563, 0.6134277342934176, -0.6252616791649932, 0.29025573049903275, -0.16761411810707166, 0.5719323087685441, -0.46836310494175487, -0.10424560805521578, -0.06974108207407846], [-0.5493762970164027, -0.460093291830969, 0.132108230959589, -0.19482184583053247, -0.6294640554866906, -0.011160860833498196, -0.07799940187031033, 0.2794361784459571, 0.2676786065013874, 0.7755263203109611, 0.596205814921642, 0.09249250340186115, -0.39557050341137767, -0.02826564211990827], [-0.5544952729104461, -0.4310164683704995, -0.559896306304505, 0.06862240013452131, 0.10822455648859146, 0.5013737219093014, 0.033101170562598904, -0.1415468705090338, -0.41408847505002455, 0.012324955534686252, 0.062173879151627066, 0.6152842971910348, 0.7164303849616939, -0.02115022816173344]], "inverted": false, "swapped": false, "error_lsq": 0.04829030743226686, "error_max": 0.2976425414017985, "target": "989.xyz", "model": "14.xyz", "model_rescale": 3.942246331269136, "target_rescale": 3.799233529716105},
{"mapping": [11, 13, 8, 12, 4, 5, 10, 0, 6, 2, 9, 1, 3, 14], "R": [[-0.8516086393466323, -0.5236510185051308, -0.023501834156435475], [0.3627126112410933, -0.6210584891889203, 0.6947847973675326], [-0.3784207803977538, 0.5831603242890543, 0.7188336032339057]], "T": [0.014102295768432756, -0.018757301911269206, -0.023090856763493803], "aligned_model": [[0.1932327100617759, -0.32367409417190157, -0.32726644416036427, -0.6898280783110838, 0.23990111902064917, 0.023711638999704486, 0.7003888324092586, -0.506897562378192, 0.2625156869127148, -0.13717612953998481, 0.6224794399237482, -0.5448800326353377, -0.11659566995318746, -0.06644058477838832], [-0.36559321205269973, -0.7121107419499402, 0.18738467662958594, -0.3999421178816794, -0.5497903829050057, 0.26550818861380454, -0.213721621705341, 0.49595197806246927, 0.19688488987632774, 0.6830688240226, 0.5070133392661915, 0.03261487934699622, -0.3628792711298763, 0.032306327948275815], [-0.6245292748646413, -0.28018609999201527, -0.6862754422074546, 0.1420043360333429, 0.08026646146225457, 0.5442541437505823, -0.022622160767061056, -0.08905287453410159, -0.4753945396576971, 0.23614425974726827, 0.016968966970839452, 0.5613243135612385, 0.5941984129941984, -0.0017587578689404852]], "inverted": true, "swapped": false, "error_lsq": 0.04883059360900382, "error_max": 0.3202448597994386, "target": "989.xyz", "model": "15.xyz", "model_rescale": 4.355366556412066, "target_rescale": 3.799233529716105},
{"mapping": [11, 7, 3, 6, 4, 5, 0, 10, 2, 9, 8, 13], "R": [[0.608653672698446, -0.5333888745115178, 0.5873985148585494], [-0.7722935681655949, -0.22850183527375736, 0.5927474638044256], [-0.18194326390594123, -0.8144220158025329, -0.5510112783740385]], "T": [-0.08725935105295393, -0.02997850779349177, -0.0929375260903919], "aligned_model": [[-0.06642834448029247, 0.6017299303330043, 0.12297288921882266, -0.49503655908482425, -0.6422497487679097, -0.5617069063353642, -0.17182977716951794, -0.13659476601534076, 0.4654518247352205, 0.14082283722766936, 0.39978980083991233, -0.05911262586959905], [-0.6353469899915927, -0.3276412117095906, -0.6167334298970595, 0.46959898209196116, -0.13525907232081294, -0.19960138963953047, 0.4292216463021555, 0.544658612235692, 0.07301985100488577, -0.061074893236161776, 0.510642187741446, -0.038707864840411964], [0.2761026313459927, 0.09905028001503087, -0.40345599827516276, -0.07322344436872538, -0.48912774047648894, 0.29487435248086336, -0.6791409364326595, 0.5037529531853289, -0.5299894784000341, 0.5847686474988595, -0.0668791773477148, -0.06747362801586876]], "inverted": true, "swapped": true, "error_lsq": 0.038811605082038195, "error_max": 0.20975333383364136, "target": "989.xyz", "model": "16.xyz", "model_rescale": 3.795458400668931, "target_rescale": 3.799233529716105},
{"mapping": [4, 12, 5, 1, 6, 11, 3, 0, 2, 7, 9, 8, 13], "R": [[-0.9806966884713298, -0.014911099616942966, -0.19496580297472926], [0.12685445832898418, -0.8072989729891896, -0.5763473905663666], [-0.14880171915481138, -0.5899542586665626, 0.7936069688818007]], "T": [0.03026545180260952, 0.11220088749630888, 0.01845979502736635], "aligned_model": [[0.2346907238112796, -0.21634387763115726, 0.37015083065088594, -0.33955049051346253, 0.6453420398163754, -0.2650137561008895, -0.5887534004446594, 0.21135645701951777, -0.4223380215023921, -0.5892676179414847, 0.051710125965417846, 0.04422791284800871, 0.012420874926782385], [-0.3320452643718874, 0.17653205268378655, 0.4443545871879687, -0.5854066057259346, -0.06551210182394679, 0.6214906532946993, 0.0018783209150338293, -0.5773204848497471, -0.23658276544511955, 0.48753531728522725, 0.8039014975819143, 0.08152268500117646, 0.14343337373731432], [-0.4682851993103039, -0.784881917508212, -0.4039408523993193, -0.14731165581838543, 0.09813067498264408, -0.37717853944900465, -0.2807813232966564, 0.24958249339221697, 0.4434454114510956, 0.2931805153399088, 0.20111936766650657, 0.745804656776357, 0.033391399009448264]], "inverted": true, "swapped": true, "error_lsq": 0.0340636888397413, "error_max": 0.17069096613093124, "target": "989.xyz", "model": "17.xyz", "model_rescale": 3.7474275329858107, "target_rescale": 3.799233529716105},
{"mapping": [1, 11, 3, 10, 7, 9, 2, 8, 0, 4, 6, 5, 12, 13], "R": [[-0.9435671463016525, -0.3301472677923512, 0.026149990237117282], [-0.3311812108530579, 0.9406720825197973, -0.07385823410947555], [-0.00021447157901029017, -0.07835058862008136, -0.9969258444161374]], "T": [-0.06016520925526757, -0.0690234904280176, -0.01988793477227157], "aligned_model": [[0.18387596367731968, -0.3206189063263971, -0.44733023747904405, -0.7381440109088687, 0.29343980126459956, 0.24047645370080128, 0.6321843238407377, -0.5041480586744742, 0.2704588348365788, -0.07291661144233735, 0.48183201799306496, -0.49768409999593527, -0.21814558745317775, 0.02619094836654348], [-0.3299940042535478, -0.7166502682146274, -0.15388374072137057, -0.1732807002129636, -0.7054476474005896, 0.05876387302078305, -0.005667026227489727, 0.43823073870230767, 0.5106236951798526, 0.7236522340179561, 0.4070829657500213, 0.18231754952342394, -0.42199016249143273, -0.017061750530614254], [-0.6122195257219714, -0.20557608781862963, -0.5707882525702068, 0.05701817148504156, 0.17336596814638255, 0.5640719492042637, -0.16296416017479234, -0.2697415472530627, -0.5237125793323576, 0.22654343424742124, 0.2531696772824743, 0.4984023685823997, 0.6201852265385449, -0.05241289798769517]], "inverted": true, "swapped": false, "error_lsq": 0.04235502867628332, "error_max": 0.3156307488428806, "target": "989.xyz", "model": "18.xyz", "model_rescale": 3.922800546911778, "target_rescale": 3.799233529716105},
{"mapping": [6, 10, 4, 11, 2, 3, 1, 13, 8, 12, 5, 7, 9, 14], "R": [[-0.638633544428571, 0.10382854174494532, -0.762474150282958], [-0.7347380074192436, 0.21221833005977203, 0.6443007378858429], [0.2287077969466723, 0.9716908018015606, -0.059242968443857735]], "T": [0.03851303409961394, 0.03395224762843185, -0.028906430023613598], "aligned_model": [[0.1784960646661883, -0.2544215573677982, -0.3988449817892302, -0.6451987273394847, 0.21461590452049203, 0.11594554155267056, 0.6910345972920409, -0.5120700093270405, 0.16637169779456562, -0.053594054475735446, 0.5952279146752194, -0.50852559652783, -0.23798664797986924, -0.021579314294777323], [-0.26106128491912983, -0.6934993840271696, -0.15844000294789656, -0.16490210046642112, -0.5896075811090721, 0.13243309379940787, -0.2500373535694119, 0.4033261664641602, 0.4022122117612894, 0.7280879655275061, 0.5426724927368193, 0.1825039006815941, -0.5158768940873414, 0.03888452629737446], [-0.6364749765106069, -0.21759690669567455, -0.572570229580025, -0.01345365414285744, 0.27652749376706237, 0.5983534629331145, -0.23274101962078414, -0.2084474203159834, -0.5005285403583885, 0.3292917468804892, 0.0885923961333599, 0.5340253260846017, 0.5039903954923812, 0.04637367056112342]], "inverted": false, "swapped": false, "error_lsq": 0.039559398131954256, "error_max": 0.25359905763429447, "target": "989.xyz", "model": "19.xyz", "model_rescale": 3.9282355846067225, "target_rescale": 3.799233529716105},
{"mapping": [3, 1, 5, 2, 0, 11, 4, 7, 6, 9, 8, 10, 10, 13], "R": [[0.8858026475521973, -0.46336240940540924, -0.025474440907150862], [-0.4547226229024463, -0.8557088425391394, -0.2469609544463383], [0.09263371853832505, 0.23034247187685702, -0.9686905284142205]], "T": [-0.02933103266660525, 0.14091342181831482, -0.06510770038387037], "aligned_model": [[0.27356529351066583, -0.23791954515807942, -0.31309737909457824, -0.7700239063692487, 0.278261740262479, 0.3328468981420588, 0.5845787046965762, -0.5239851567012502, 0.06739122962711441, 0.10004929740948543, 0.5425279796314915, -0.46638515719589285, -0.46638515719589285, -0.0719540101655178], [-0.39679990379392915, -0.5728075112755178, -0.10969640149453339, -0.21835958002721642, -0.551657556098453, -0.052274260393887884, -0.00896567372330867, 0.4987150734644692, 0.35101272397907085, 0.5790547490718148, 0.6415064049779948, -0.17766009617397524, -0.17766009617397524, -0.0077121161968443375], [-0.4957737707781959, -0.15781184498849907, -0.6519309526009366, -0.09693830438219866, 0.19165895396604166, 0.5221476420376235, -0.06075614547709668, -0.18917643953449104, -0.6761290922069492, 0.45423585910226405, -0.03339785344441762, 0.6055106373145699, 0.6055106373145699, -0.021807581694471313]], "inverted": true, "swapped": false, "error_lsq": 0.048132437466729364, "error_max": 0.359348657465155, "target": "989.xyz", "model": "20.xyz", "model_rescale": 4.067790424073018, "target_rescale": 3.799233529716105},
{"mapping": [3, 12, 11, 9, 0, 8, 2, 13, 6, 5, 4, 1, 7, 14], "R": [[-0.5087322120179006, -0.5000382764147191, -0.7008232719991332], [-0.8586226052117196, 0.23519742951501416, 0.4554661249412184], [-0.06291866396240026, 0.8334529928374648, -0.5489966761788815]], "T": [-0.05551509033819791, 0.021102635545915845, -0.02514916140894134], "aligned_model": [[0.2545585243285219, -0.3964879340751427, -0.3304526648928652, -0.6709134089060075, 0.33460270661870545, 0.11322365826233996, 0.6620775409881975, -0.558129310242657, 0.3198597268718557, -0.06587811174078906, 0.5761875924883404, -0.6064495025787123, -0.17203551188446592, -0.1306924738379101], [-0.43632675033178114, -0.5937198324743695, -0.011938027791359943, -0.3858490591908269, -0.5240565363408869, 0.12413765514521816, -0.11676334523199494, 0.48072311506633536, 0.4065843913825232, 0.5524366998497688, 0.4711717216642056, 0.16387034876335171, -0.338827425330369, 0.005252800961894323], [-0.6719549491643443, -0.32968933864188654, -0.6094007327747165, 0.2192380868747938, 0.20951573014100214, 0.5097142942336641, -0.1657753266454892, -0.187172202463137, -0.5331397766933347, 0.23183885534601215, 0.17699443350981978, 0.5659462240836894, 0.6179194973274801, -0.038693050505740754]], "inverted": false, "swapped": false, "error_lsq": 0.04299692144877668, "error_max": 0.21593623818964508, "target": "989.xyz", "model": "21.xyz", "model_rescale": 4.186013935880536, "target_rescale": 3.799233529716105},
{"mapping": [0, 1, 2, 10, 5, 8, 6, 4, 7, 3, 12, 9, 13], "R": [[0.06696704381340542, 0.8890511834332226, -0.45288343785004925], [-0.9952619742090918, 0.09159010888948453, 0.0326321106738961], [0.07049125999948135, 0.44855238845601797, 0.8909723548315553]], "T": [0.012269372519270228, -0.05266934901347118, 0.06031571487120735], "aligned_model": [[-0.09188678325339393, -0.44512556620068183, 0.24006196338710115, 0.5688871108938464, -0.21961071920921013, 0.6485440839078591, -0.001929332113714835, -0.6238533926049286, 0.4318691486478953, -0.2988659123058413, -0.6746743598953258, 0.4853753687613522, 0.039782425408267236], [-0.406755413034837, 0.1725405174677917, 0.25823136166090943, -0.5776059440313464, -0.258374695120748, -0.16016021754543253, -0.6967384098062399, -0.2895196173759039, 0.596481663159636, 0.5584764885868457, 0.2965852764245094, 0.05613692927333135, -0.03034128011242318], [-0.5919311182161031, -0.5649607086242857, -0.5384864214157811, 0.38171825916892393, 0.6154619942994799, -0.27697771104908414, 0.025358504958065672, -0.0634372764691429, 0.11235055058723077, -0.060499245920167824, 0.40155182430897796, 0.5862492065264004, 0.07648170318083222]], "inverted": false, "swapped": true, "error_lsq": 0.036236834603032814, "error_max": 0.21196604437956448, "target": "989.xyz", "model": "22.xyz", "model_rescale": 4.166573947596378, "target_rescale": 3.799233529716105},
{"mapping": [13, 14, 10, 9, 12, 2, 6, 8, 7, 4, 1, 3, 11, 15], "R": [[0.10639759759357786, -0.7848943946629876, 0.6104263595659494], [0.7662716485617675, 0.45594780107197896, 0.4527022899302127], [-0.6336460461777902, 0.4195859767964723, 0.6499540724074311]], "T": [-0.057371155378502944, 0.0012135973379385802, 0.01045951878453427], "aligned_model": [[0.20871449989934998, -0.20227903637935574, -0.2660542249745603, -0.6232329375941966, 0.11936166298423297, 0.28770175067059073, 0.6587200445709537, -0.6387854949178108, -0.010435784116160432, -0.11960137428463889, 0.5297002631561126, -0.3341424389699831, -0.28360578539309805, 0.0034096867479749687], [-0.30440609224968906, -0.6761062014890703, -0.13492282463992522, -0.1937577035051955, -0.6046670203132452, 0.1777579731040625, -0.17404469101518494, 0.5519433117148944, 0.32936876777012974, 0.6730965397721955, 0.4001779384555656, 0.16316988452757963, -0.4430203964574059, 0.03210627046699792], [-0.7329166768845645, -0.37192426664710376, -0.6958403355118621, 0.05774378210023989, 0.18668534917667987, 0.5605195264975789, 0.19915386868761104, -0.10238235155415332, -0.6231814700200896, 0.30124161053946535, 0.07583279255503994, 0.5189813665304648, 0.6216611044869936, -0.00023255532848727618]], "inverted": true, "swapped": false, "error_lsq": 0.03889133671852577, "error_max": 0.2606552889619828, "target": "989.xyz", "model": "23.xyz", "model_rescale": 4.274766983524099, "target_rescale": 3.799233529716105},
{"mapping": [5, 9, 10, 6, 8, 0, 4, 2, 3, 7, 13], "R": [[-0.7712652298642629, -0.05612193036408225, 0.6340349155485326], [-0.22444948531801456, 0.9561004364814049, -0.18839953264418036], [-0.5956277140487204, -0.28761481931965244, -0.7500035613014244]], "T": [0.024421586126528685, 0.01506607429116752, 0.018293161611331127], "aligned_model": [[0.22289979407614374, 0.18101400181166621, -0.4470409981081185, -0.49143613604788583, -0.47078464446653795, -0.5289791398622847, 0.026117847138985073, -0.11127207852063646, 0.5653421340039403, 0.39497345213709795, 0.03906047179570494], [-0.12492596221052796, 0.6125860750943777, 0.4461265331746774, -0.20288911523964645, 0.48517709984212337, -0.34863673078673124, -0.6729025282621164, 0.17265709053761313, -0.11461589994488816, 0.6118538820572088, 0.051156086981393296], [-0.5693113725827085, -0.3432629080507421, -0.5114154784892063, -0.3020736759955863, 0.2711430443019701, 0.3691767360992666, -0.03425538163924122, 0.6993695271879163, 0.43720628085284874, 0.34494934165151225, 0.01804032068554768]], "inverted": false, "swapped": true, "error_lsq": 0.04560788334396766, "error_max": 0.23055112919029083, "target": "989.xyz", "model": "24.xyz", "model_rescale": 3.7841303162186577, "target_rescale": 3.799233529716105},
{"mapping": [14, 13, 11, 3, 12, 2, 9, 6, 7, 1, 8, 4, 5, 15], "R": [[-0.7663899084917686, 0.45812223832024246, -0.4503004806997542], [0.3342097445274572, -0.31428583529857407, -0.8885540278416219], [-0.5485894228153424, -0.8314736487027888, 0.08775657632337813]], "T": [0.060136674001895575, 0.10689848547911228, -0.11500959770107616], "aligned_model": [[0.4401815260379869, -0.236469832988259, -0.40861243854404716, -0.6419810643764705, 0.12169972629900908, 0.3148360635071747, 0.5479344165910354, -0.6243275834598319, -0.06500797808380446, 0.056836156560458824, 0.4078960315281882, -0.36080666455801413, -0.2140567133837731, -0.008650813730241715], [-0.5332547706942011, -0.5696074734432031, -0.056851272929916666, -0.23963583946461275, -0.6011870087270338, -0.042113693626758444, -0.20010182038759539, 0.33781660946875297, 0.4987266628619995, 0.7500925873225827, 0.44306892978776824, 0.2637925322057958, -0.3696444856188503, 0.11559479938698139], [-0.38899624219699175, -0.3726222232160899, -0.7005758665990223, 0.07458610563472279, 0.14955954243971292, 0.579048483003255, -0.015285563241920319, -0.12956818669520836, -0.6186116782799922, 0.25825551953008713, 0.22485897287449813, 0.4807213035304428, 0.5684108647192279, -0.11443928687490888]], "inverted": false, "swapped": false, "error_lsq": 0.04304633836528114, "error_max": 0.30896125506123545, "target": "989.xyz", "model": "25.xyz", "model_rescale": 4.19342608120988, "target_rescale": 3.799233529716105},
{"mapping": [11, 7, 3, 6, 4, 5, 0, 10, 2, 9, 8, 13], "R": [[0.608653672698446, -0.5333888745115178, 0.5873985148585494], [-0.7722935681655949, -0.22850183527375736, 0.5927474638044256], [-0.18194326390594123, -0.8144220158025329, -0.5510112783740385]], "T": [-0.08725935105295393, -0.02997850779349177, -0.0929375260903919], "aligned_model": [[-0.06642834448029247, 0.6017299303330043, 0.12297288921882266, -0.49503655908482425, -0.6422497487679097, -0.5617069063353642, -0.17182977716951794, -0.13659476601534076, 0.4654518247352205, 0.14082283722766936, 0.39978980083991233, -0.05911262586959905], [-0.6353469899915927, -0.3276412117095906, -0.6167334298970595, 0.46959898209196116, -0.13525907232081294, -0.19960138963953047, 0.4292216463021555, 0.544658612235692, 0.07301985100488577, -0.061074893236161776, 0.510642187741446, -0.038707864840411964], [0.2761026313459927, 0.09905028001503087, -0.40345599827516276, -0.07322344436872538, -0.48912774047648894, 0.29487435248086336, -0.6791409364326595, 0.5037529531853289, -0.5299894784000341, 0.5847686474988595, -0.0668791773477148, -0.06747362801586876]], "inverted": true, "swapped": true, "error_lsq": 0.038811605082038195, "error_max": 0.20975333383364136, "target": "989.xyz", "model": "26.xyz", "model_rescale": 3.795458400668931, "target_rescale": 3.799233529716105},
{"mapping": [6, 8, 10, 5, 11, 1, 0, 4, 2, 9, 3, 7, 13], "R": [[-0.3512482473399284, -0.9191023740801513, 0.17853709614771385], [0.8497866664794332, -0.39299947881300573, -0.3513033320742608], [0.3930487122665599, 0.028323764102522853, 0.9190813207614783]], "T": [-0.1162830590795724, -0.07688773940734259, -0.1076909478806172], "aligned_model": [[0.03560668645082096, 0.40545159100251493, 0.6283577306191591, -0.1198639312195071, -0.20023811064870792, -0.772657513355753, -0.29751974283864, -0.6726318968981386, -0.15713523834264503, 0.43636150904394566, -0.6023382835286387, 0.10877578328082474, -0.09249220074397829], [-0.6690863356613723, -0.232855275543065, -0.33352033254261415, -0.05318938567328102, 0.5354396181365099, -0.20521880275002144, -0.6871191385653737, -0.4264360325034199, -0.025913772085501635, 0.3092327211683381, 0.3756216379248408, 0.5812591834156972, -0.04633258206382261], [-0.313795029854057, 0.3756657867522094, -0.36909319997640533, -0.7430617241248425, -0.45568854039200335, 0.34353397791741047, 0.28781161941010935, -0.31830193109338134, 0.6014250291491665, -0.34804297880162993, 0.10179947491389943, 0.23342454328698867, -0.10354036508803835]], "inverted": true, "swapped": true, "error_lsq": 0.04571407755543486, "error_max": 0.2552129262782049, "target": "989.xyz", "model": "27.xyz", "model_rescale": 3.6321398670334006, "target_rescale": 3.799233529716105},
