[{"mapping": [5, 8, 11, 3, 1, 6, 4, 2, 9, 7, 12, 0, 13], "R": [[0.1470977749418932, -0.6110867340287676, -0.7777758340943736], [-0.9854393431670279, -0.15833011397059943, -0.06197480091612817], [-0.08527335777182032, 0.7755672623983759, -0.6254789172707644]], "T": [-0.08008722395210396, 0.0358005891544142, -0.06231333650898653], "aligned_model": [[-0.4097645616598671, 0.5067088859988379, 0.22126528715095098, -0.341390510363755, -0.6154948878528494, 0.0505245639169396, 0.638339363608074, 0.0043491792580608035, 0.37330451976556744, 0.6742392274979714, -0.15419574078064482, -0.302498926277679, 0.07785131900467271], [-0.031125507479835585, -0.15914573928144934, 0.3699907844146535, -0.4140568961003359, 0.22008242574130352, -0.6608397491969964, -0.589174526852766, -0.5125609777464666, 0.3159145992825449, 0.04830367034656099, 0.5735610222230939, 0.09274308915740542, 0.07272624585670154], [-0.7399821428095437, -0.5400636750735118, -0.5957600707637638, -0.011824315242227601, 0.04914495866674755, -0.34898228152908695, 0.019378580285332334, 0.470066538362937, 0.44039457055316955, -0.015093001070654269, 0.13878726600842478, 0.6743704633282812, -0.07753748775608243]], "inverted": true, "swapped": false, "error_lsq": 0.04421094111700448, "error_max": 0.2899620089745828, "target": "99.xyz", "model": "0.xyz", "model_rescale": 3.8414455957264533, "target_rescale": 3.8691000558417237},
{"mapping": [1, 4, 0, 10, 12, 3, 2, 6, 9, 7, 13, 8, 14], "R": [[0.2567537830751294, 0.6493904733954832, -0.7157999077534164], [0.3720048031311516, -0.7499694299505801, -0.5469536365972483], [-0.8920145297717758, -0.12584858840206303, -0.4341338635412418]], "T": [0.06753854565247863, -0.054424818812665414, -0.03618088096263969], "aligned_model": [[-0.30590192123198134, 0.41157152956638005, 0.3117112886111585, -0.4539790224023288, -0.6660333742318321, -0.03665839381558211, 0.6295827539344726, 0.16810492456649762, 0.41611881936248646, 0.6505715597683401, -0.06192511732156253, -0.34493874135309643, 0.005013413813327608], [-0.10868003790347797, -0.22108608971520988, 0.4050359022170498, -0.4645694589673509, 0.12740520517581486, -0.562705784807069, -0.5199103304736247, -0.5644548249606548, 0.25464872165923774, 0.21523125185967923, 0.6735307327087872, 0.17268181950162748, -0.08070866593039511], [-0.8147028652786037, -0.4230691873362449, -0.5409510137300759, 0.13169437264244838, 0.06917387498443564, -0.6228412081139999, 0.07351995763411774, 0.5467281771625931, 0.4622918057052058, -0.053875799319237305, 0.13164901988274416, 0.5983169204824654, -0.09503465175582722]], "inverted": true, "swapped": false, "error_lsq": 0.04413369592947998, "error_max": 0.24588435995440458, "target": "99.xyz", "model": "1.xyz", "model_rescale": 4.316132596720782, "target_rescale": 3.8691000558417237},
{"mapping": [6, 9, 1, 4, 5, 7, 0, 11, 2, 8, 10, 12], "R": [[0.5725284120626547, 0.8078395617674293, -0.14002306890088903], [-0.7949030111611858, 0.5887658299478401, 0.14657421441955898], [0.20084924751637726, 0.027386856870385688, 0.9792392658808501]], "T": [-0.08202814621828527, 0.08649910266408303, -0.024788111457842776], "aligned_model": [[-0.21703012166322347, 0.4961646396393946, 0.14193800471751752, -0.38035350385524813, -0.5059000997238395, -0.47491811955448715, -0.25150350183034587, -0.19619678492986403, 0.44602537252369967, 0.1506740757661536, 0.44050579001646284, -0.05159719647443911], [-0.6536949431055464, -0.26729130747118257, -0.5394516147915045, 0.6491139961504669, -0.4462733153215551, -0.08946842421968756, 0.36732935515012155, 0.5881412782165861, 0.11410921540455435, -0.1834887024173745, 0.5053623565554769, -0.031611466409375344], [0.1674580539693633, 0.08916338504089305, -0.39915587680311004, -0.1100456674814127, -0.5536405864780596, 0.5209225094105083, -0.7813419920912176, 0.57408522123884, -0.5960844549956487, 0.5494126800770178, 0.0426302744205079, -0.054145085098260756]], "inverted": false, "swapped": true, "error_lsq": 0.046696251548774596, "error_max": 0.29005077240524885, "target": "99.xyz", "model": "2.xyz", "model_rescale": 3.795458400668931, "target_rescale": 3.8691000558417237},
{"mapping": [10, 4, 11, 5, 9, 6, 3, 2, 0, 1, 8, 12], "R": [[0.4040326451527548, 0.09643565204016458, -0.9096470670905595], [0.8966070318046552, -0.23879424966358018, 0.37292510889728814], [-0.18125521280590717, -0.9662698750055269, -0.18294555607472213]], "T": [-0.055370330706349453, -0.016174288718267166, 0.029628136464457434], "aligned_model": [[-0.04822877518050655, -0.34058060606194507, -0.7880024897333371, 0.39823158486802845, 0.24582025225665033, 0.02494079691162026, -0.20584717419649873, 0.6252146006889536, 0.36946302446741497, 0.5934693783635138, -0.3097575963818583, 0.028580829741529624], [-0.17423120018750266, -0.5914492646225463, -0.12480225208111263, 0.010731352535091953, 0.4828440608829475, 0.6423399024887524, -0.24563484579216738, -0.20436933245934413, -0.693488644739106, 0.34212796372058346, 0.5712003427066258, 0.07050096283748715], [-0.6245892506886095, 0.05234793335936191, -0.24382881464234912, 0.7622400469094678, -0.33468548525662795, 0.4333366075769769, 0.6232490255502923, -0.2980441476700798, 0.23142799928032776, 0.21060572902539887, -0.18723230121163853, 0.06394408840657974]], "inverted": false, "swapped": true, "error_lsq": 0.059610913654483816, "error_max": 0.3245836346450982, "target": "99.xyz", "model": "3.xyz", "model_rescale": 3.7530521520055578, "target_rescale": 3.8691000558417237},
{"mapping": [5, 0, 2, 10, 1, 4, 6, 3, 7, 8, 12], "R": [[0.5830218788311867, 0.8110257064757135, 0.04819535496002575], [-0.6414688156122362, 0.4231050821051032, 0.6399217515398805], [0.49860129101436124, -0.4040041991519441, 0.7669272192759939]], "T": [0.007323615888023861, 0.0905124295622869, 0.02953488877577301], "aligned_model": [[-0.5189023115841652, -0.2943093969180667, 0.42002507579644577, 0.5419918266594936, 0.14426574276684748, -0.2897166889041386, -0.10505872981280426, -0.6460962916394771, -0.2805221642312797, 0.337278873619696, 0.02924366669265397], [-0.5844601932800474, -0.03586976367897614, -0.23771026861966726, 0.42194195805049217, -0.6597729198697074, 0.5612137102611153, -0.4272724506307918, 0.0681951138643532, 0.2636290720424836, 0.12597816245252896, -0.028669062277437263], [-0.07389167618343603, -0.7274369521731978, -0.5431165885720245, -0.20987636987433553, 0.008437270630906407, -0.2914164313936429, 0.5972851623173464, 0.014516583103320602, 0.6380598417219331, 0.6182810120702219, 0.061988925598224824]], "inverted": false, "swapped": true, "error_lsq": 0.05306188288113248, "error_max": 0.28233131314703563, "target": "99.xyz", "model": "4.xyz", "model_rescale": 3.7855080009869324, "target_rescale": 3.8691000558417237},
{"mapping": [6, 12, 13, 4, 7, 1, 2, 3, 9, 14, 8, 10, 16], "R": [[-0.7075866329167497, 0.6965964055294711, -0.11863643926280826], [-0.5542158452096448, -0.6512454106042853, -0.5183861611630997], [-0.4383673731427741, -0.3010529238693372, 0.8468773129524886]], "T": [0.03609738795897532, -0.04684599795436232, -0.05482568149016534], "aligned_model": [[-0.4169950161997046, 0.5035344542818762, 0.18428486542002542, -0.5132706478818244, -0.6989922070423011, 0.1167718065258321, 0.5693377283603603, 0.17379245448350056, 0.4299850003566057, 0.6994961466805697, -0.1902252206058422, -0.22118038365942078, 0.08669873854660282], [0.0812859791062289, -0.1316838795665723, 0.4516249216743307, -0.48846458438015217, 0.018166601786063045, -0.6941180537000036, -0.49481326181708635, -0.3809260465601641, 0.03537014868371088, 0.07662784860828095, 0.6195343172819817, 0.27759003331461435, -0.043775584066818314], [-0.5068948551961527, -0.5420323993021693, -0.5592410387937018, -0.27880909423552214, 0.07473558228786087, -0.4390579849591487, 0.19168143291964532, 0.53834140726105, 0.5325473458789194, -0.006310790224266061, -0.04980310430834192, 0.5447689181517867, -0.03702601651993782]], "inverted": true, "swapped": false, "error_lsq": 0.04208832587529387, "error_max": 0.26540881676558226, "target": "99.xyz", "model": "5.xyz", "model_rescale": 4.2253639853439635, "target_rescale": 3.8691000558417237},
{"mapping": [8, 5, 11, 1, 9, 10, 2, 4, 3, 6, 12, 0, 13], "R": [[0.2899707153580987, 0.6707838114466853, -0.6826170687404254], [-0.792982416756854, -0.23093155663781717, -0.5637814318184788], [-0.535813279929839, 0.7047834379792794, 0.46495637924533917]], "T": [0.026929360373499453, -0.04163398029071091, -0.03049299851784737], "aligned_model": [[-0.3708735721080718, 0.39162842312581025, 0.26126726360737296, -0.48781885645115375, -0.5494910610575118, 0.0750879998516336, 0.5690161928253119, 0.0990188015956988, 0.46700034414080127, 0.5983594640193124, -0.01178756730204418, -0.38607601281457693, 0.06790629983369664], [-0.13840692009519548, -0.17383820341325346, 0.4987612702632174, -0.5454018220991906, 0.15538741758485444, -0.7188478794734249, -0.4369790695600434, -0.5733229647862645, -0.005270118190181382, 0.2508718491413286, 0.8909519635505635, 0.16496038884112474, -0.04244747139912072], [-0.6455155189423853, -0.5307508355047716, -0.5390325831126923, 0.11077984669216806, -0.06946085734838539, -0.4146473354535369, -0.03446017764372844, 0.43104925137579325, 0.5245067055159071, 0.00983000383464766, -0.01916951274366782, 0.6251044219220109, 0.014665994368662463]], "inverted": true, "swapped": false, "error_lsq": 0.04337392046576463, "error_max": 0.2324312374284404, "target": "99.xyz", "model": "6.xyz", "model_rescale": 3.89814844738969, "target_rescale": 3.8691000558417237},
{"mapping": [8, 7, 11, 6, 9, 3, 0, 1, 2, 4, 10, 5, 12], "R": [[-0.9300900563618716, 0.3365079369345045, 0.1472918715912528], [-0.35091869062258535, -0.6954532728550659, -0.6270572683949271], [-0.10857513356427795, -0.6349072008217114, 0.7649210983599801]], "T": [0.13698655428929843, -0.06120684989406033, -0.10467715898714913], "aligned_model": [[-0.29595976062880724, 0.5494556825458797, 0.03600686152817435, -0.37422959315566684, -0.6631346468406892, 0.053420958289775, 0.37914374521424915, 0.09733778837453133, 0.4556456505761046, 0.6656677409320142, 0.028688755343032474, -0.37999775788377066, 0.17119229497145225], [-0.10208243272027445, -0.2529009513788796, 0.5191898624366496, -0.49807250842592055, 0.3253648007213603, -0.7742364442551468, -0.5592330321459039, -0.4184481274476551, 0.17321085867165215, 0.3075609993565746, 0.5711455278879816, -0.04800946096470948, 0.08292934862868548], [-0.6229178824373462, -0.5783830479490023, -0.6599096573052701, -0.03268897929888333, -0.01349436742323254, -0.47479541765648337, 0.10589397897648362, 0.6605700278793901, 0.48273458994663154, -0.10618202887680897, 0.2521221124651874, 0.4742266792426677, -0.02427660460331227]], "inverted": true, "swapped": false, "error_lsq": 0.04972155115059613, "error_max": 0.3370076249802363, "target": "99.xyz", "model": "7.xyz", "model_rescale": 3.7474275329858107, "target_rescale": 3.8691000558417237},
{"mapping": [1, 4, 2, 12, 0, 13, 9, 7, 5, 8, 3, 6, 14], "R": [[-0.5067037675629548, 0.6509989864978205, -0.5652005055874576], [0.15771820173231138, 0.7145267695409997, 0.6815984627708817], [0.8475707998626623, 0.25622610169167703, -0.4647277956310051]], "T": [-0.027280269609771833, -0.16506979288391999, -0.026069622507244684], "aligned_model": [[-0.49101349331715083, 0.520543711416136, 0.13568799296360837, -0.33733522430809304, -0.5555991336166222, 0.16781440853050839, 0.5691041808402858, 0.054673042101285464, 0.344142461931337, 0.5831964995062225, 0.029471224560300137, -0.280556932916915, -0.01689101842462331], [0.13443680001548858, -0.14801829503228692, 0.3830484062803393, -0.6485923022915123, 0.21117571481367992, -0.7351411885491989, -0.4380974962823727, -0.32104574190245694, 0.15636253703205483, 0.12821569662284837, 0.5283616619648853, 0.23833507246814506, -0.16262242477519978], [-0.5360197358414828, -0.5844816371339603, -0.6438052301814253, -0.2512684829896243, 0.09025635695928688, -0.6932041659826593, 0.36138605305674504, 0.6318306662534263, 0.49522480082875914, -0.10676690790766377, 0.14732767366644317, 0.63729569527175, -0.08487568303957335]], "inverted": true, "swapped": false, "error_lsq": 0.0473619297982248, "error_max": 0.2823130991833473, "target": "99.xyz", "model": "8.xyz", "model_rescale": 4.019505241142653, "target_rescale": 3.8691000558417237},
{"mapping": [0, 4, 7, 2, 1, 3, 5, 6, 11, 8, 9, 10, 12], "R": [[-0.8097137155976843, 0.25242937195023785, -0.5297575964059418], [0.5701291743627124, 0.12458998393155934, -0.8120529911553961], [-0.1389835361238309, -0.959560705781944, -0.2447995682303658]], "T": [0.010333135045152327, -0.057807470384217484, 0.02107344374129118], "aligned_model": [[-0.19518209267791323, 0.42546860925369584, 0.16293999182954638, -0.3210348007888277, -0.5925373741307509, 0.1333972997972656, 0.4945277473106401, -0.049941204744685684, 0.487999333743964, 0.5102038299571673, 0.10888163564638312, -0.4879628269579635, 0.046477571027758034], [-0.05736601398227797, -0.18802440659027028, 0.4580817301435694, -0.5376864233268892, 0.2469091973918606, -0.7675927749194595, -0.5206340001773337, -0.452505386787204, 0.08100338198872528, 0.37370168634091006, 0.5930444620037907, 0.1693989321812296, -0.07191194390223718], [-0.5956999136285547, -0.6848307698896217, -0.7070429412665484, -0.07834307319845338, 0.02062209466704579, -0.44745706813754615, 0.06433890242016083, 0.6282327282103154, 0.39499332002110843, -0.12058130350231645, 0.20551860243754833, 0.7547342257805425, 0.02841459904634095]], "inverted": true, "swapped": false, "error_lsq": 0.04555343336346698, "error_max": 0.29567517594985476, "target": "99.xyz", "model": "9.xyz", "model_rescale": 3.877068213659057, "target_rescale": 3.8691000558417237},
{"mapping": [11, 6, 12, 9, 8, 10, 13, 2, 4, 3, 1, 7, 15], "R": [[-0.5605698919718207, 0.6254242854057523, -0.5427760674895361], [-0.24812517286800484, 0.49847458264605726, 0.8306364963358293], [0.7900603108648885, 0.6003062165932844, -0.12424633401244803]], "T": [0.10514483927777746, -0.06005989432234306, -0.07526443466495027], "aligned_model": [[-0.3832793700274338, 0.5466546005315138, 0.24255692203108792, -0.35762205482113485, -0.6475313122051214, -0.03399533495014043, 0.6216848817228966, -0.008818968830973661, 0.36970745792781284, 0.6798384450362787, -0.1322492935935148, -0.23723480603853014, 0.06352655248353829], [-0.02136381779487513, -0.22922984037070016, 0.29855751379073825, -0.524943961772748, 0.02852759457871344, -0.5265845467997394, -0.5862704807021515, -0.4261391676378371, 0.1763163969536788, 0.20731783931980247, 0.7187572852874974, 0.2059358486926719, 0.00553777681936285], [-0.6271699353529427, -0.47118770399439064, -0.7161284528663024, -0.0019506606762477313, 0.06948985234305326, -0.5912155370056154, 0.15695808641404396, 0.46635681126217965, 0.5011239322202604, -0.043677257188837845, 0.22472629290224555, 0.6163344466150718, -0.12076047171249638]], "inverted": true, "swapped": false, "error_lsq": 0.035053236625788076, "error_max": 0.2095905843993064, "target": "99.xyz", "model": "10.xyz", "model_rescale": 4.260839863003843, "target_rescale": 3.8691000558417237},
{"mapping": [5, 6, 8, 9, 10, 2, 0, 3, 7, 11, 4, 12], "R": [[0.4429427067313625, 0.8905280668369493, 0.10373774977866204], [0.739633973191679, -0.42835752809885874, 0.5190870965663915], [0.506698474690999, -0.15319787954368552, -0.848402655258182]], "T": [-0.03276610328083449, 0.039994844115618954, -0.023604931030427986], "aligned_model": [[0.5870278881121791, 0.19403716887557512, -0.32862131216821455, -0.5451342732861122, -0.6265966636539343, -0.4212741012449822, 0.23965013010787387, 0.6138278509782281, 0.2594956297994787, -0.14607705934147813, 0.16605046063929396, -0.033487069723777074], [-0.023885488361441144, -0.6489395033585464, -0.5378285060261707, -0.306571058662248, 0.3140621888343927, 0.4271538433662903, 0.7434453392563498, 0.11800376354201458, -0.44465087167745343, 0.037463749013611346, 0.5262779997736293, -0.031452950167494116], [-0.6194014852547911, -0.3010956290687664, 0.16438485436649747, -0.32332217923788537, 0.13540995776203457, -0.5760103925694217, -0.3566336052391133, 0.03565765787721149, 0.37991556774819096, 0.7577290819036966, 0.34626403857274085, -0.12671978946488918]], "inverted": true, "swapped": true, "error_lsq": 0.04762481767868027, "error_max": 0.2902051764321091, "target": "99.xyz", "model": "11.xyz", "model_rescale": 3.890672605050136, "target_rescale": 3.8691000558417237},
{"mapping": [8, 7, 5, 0, 6, 3, 4, 2, 10, 12, 9, 11, 13], "R": [[-0.35312093809716705, -0.20757053859154065, -0.9122609684658194], [0.9349482300636479, -0.11405405864653068, -0.33595160188203627], [-0.03431341105499636, -0.9715483226350976, 0.23434258385257115]], "T": [-0.11466035664188076, -0.03386598117851079, 0.007205881675828765], "aligned_model": [[-0.364107127042985, 0.49318502764125893, 0.1699029750132459, -0.3367706407853365, -0.6534909656801308, 0.08038191022685381, 0.30382323548885015, 0.09409698375703365, 0.5605548848110401, 0.5857934495619297, -0.08891617553183429, -0.15927175576553568, 0.03805591757188953], [-0.12375974483153201, -0.07377036479229983, 0.4899010729257005, -0.5673785403268743, 0.16955000658365632, -0.743737490341778, -0.5731773044119369, -0.3260619179677497, 0.06157306368388214, 0.21528818823803625, 0.7413164629570868, 0.1351986170951054, -0.07852360844688264], [-0.6627840181218372, -0.5893641471141591, -0.49245797047618584, -0.11414448155351291, -0.011283429500304323, -0.5505611939166679, 0.16554672787387237, 0.6208882433419589, 0.5855796975319669, -0.041975537397008725, 0.07239661310550154, 0.5289233804949339, -0.04786448130853642]], "inverted": true, "swapped": false, "error_lsq": 0.04102862916637289, "error_max": 0.25701651786570195, "target": "99.xyz", "model": "12.xyz", "model_rescale": 4.124412569039231, "target_rescale": 3.8691000558417237},
{"mapping": [3, 5, 0, 9, 6, 7, 10, 11, 2, 4, 1, 8, 12], "R": [[-0.8355856848945902, 0.38832380425571755, -0.3885887109111715], [0.28216117999001544, -0.30355117768368506, -0.9100778818504986], [-0.47136146608084223, -0.8700926994149618, 0.14407311587837635]], "T": [0.009444081120499041, -0.05021964004452853, -0.1816145021910729], "aligned_model": [[-0.4953666734584575, 0.5646015897824698, 0.1503043778464142, -0.4619355142638801, -0.5832548585144747, 0.11463335509734426, 0.4768625023386471, 0.10630868941448232, 0.39810840555143256, 0.7175990692008498, -0.0823661029808622, -0.27662139433707567, 0.09436427358938948], [0.06719291132745459, -0.22546456035244675, 0.325835968135575, -0.4702926830427634, 0.20947959481574976, -0.6278744014180629, -0.49156992022839396, -0.4728356639260628, 0.16154595719148265, 0.28056001966254296, 0.6809442661118832, -0.02678802567451402, -0.08431502223803025], [-0.6716489607831937, -0.6662125186487527, -0.6005511916282777, -0.08170860846175236, -0.011681900396587175, -0.401450504289804, 0.1807935854464251, 0.7142458693820368, 0.557635718228808, -0.09572163094718489, 0.16455674349248334, 0.4760431778353137, -0.10140037626949275]], "inverted": true, "swapped": false, "error_lsq": 0.04286764797612746, "error_max": 0.3242696038838298, "target": "99.xyz", "model": "13.xyz", "model_rescale": 3.9028299243045295, "target_rescale": 3.8691000558417237},
{"mapping": [9, 10, 7, 11, 1, 14, 13, 12, 5, 4, 3, 2, 15], "R": [[0.5061093520230333, -0.664656067908499, 0.549623175627846], [-0.6113438642027973, -0.7259797661933365, -0.31497945771027724], [0.6083683123704069, -0.17659470680142522, -0.7737585579709614]], "T": [0.04044241981286787, 0.05925757199713311, 0.10726975105130493], "aligned_model": [[-0.2755989068159671, 0.5426094189266562, 0.1763735188843879, -0.42331181419981306, -0.5955135512981046, 0.08195293406496376, 0.4803358676034484, -0.030031213307505585, 0.48074052749917734, 0.6005609468258061, 0.0009513907336112168, -0.3291929667218485, 0.013361567071467358], [-0.03965049277847246, -0.09391855228228402, 0.36944968631772024, -0.4795704943560747, -0.05404536506737945, -0.6377397824760143, -0.603385843961769, -0.539111626732761, -0.1052865719536778, 0.42295298530727765, 0.6751910665808788, 0.34538090856225623, 0.06615252320471364], [-0.593572978131707, -0.4216139620660148, -0.7329275736026732, -0.09385959460292992, 0.17742103759446834, -0.43634980143638175, 0.11425614300045722, 0.4554479496896537, 0.31016044752234184, -0.008299085218374636, 0.0192025374569873, 0.676174740350886, -0.003140457596691182]], "inverted": false, "swapped": false, "error_lsq": 0.042174329358114125, "error_max": 0.23496130638139903, "target": "99.xyz", "model": "14.xyz", "model_rescale": 3.942246331269136, "target_rescale": 3.8691000558417237},
{"mapping": [12, 4, 13, 5, 0, 3, 10, 9, 6, 11, 8, 7, 14], "R": [[-0.6778684175890825, -0.22431604574301528, -0.7001262172333578], [0.735074156034774, -0.2232027824895631, -0.6401925515176521], [-0.012664658109806382, -0.9486110001002173, 0.31619104497728495]], "T": [0.0415172818417581, -0.11407218549948854, -0.06340935400498458], "aligned_model": [[-0.29540907653713644, 0.47798024216353574, 0.3095178641641505, -0.33442736547186447, -0.6093308224439236, -0.08044001470136675, 0.6450375633996399, 0.14728810503267434, 0.26108810749055, 0.6016694233226362, -0.07310744525037449, -0.27252957715143256, -0.054099284750809135], [0.10540660535793116, -0.2943964497148664, 0.30353023561664727, -0.6228152985584253, 0.1802688991661982, -0.5720165926464231, -0.44584095980877864, -0.4702416059819701, 0.14750078491369661, 0.33350614672341017, 0.6224246352436403, 0.13391759289101401, -0.09482555283766017], [-0.7750173553344034, -0.4107524422116418, -0.707392080681808, -0.012168498621297971, 0.11116886311794023, -0.6037437581320783, 0.12285193071293073, 0.650816228711744, 0.3794874996884591, -0.05963581779807216, 0.1446159599885506, 0.6921402130648268, -0.06947133954512831]], "inverted": true, "swapped": false, "error_lsq": 0.04540142916137735, "error_max": 0.252259475116334, "target": "99.xyz", "model": "15.xyz", "model_rescale": 4.355366556412066, "target_rescale": 3.8691000558417237},
{"mapping": [6, 9, 1, 4, 5, 7, 0, 11, 2, 8, 10, 12], "R": [[0.5725284120626547, 0.8078395617674293, -0.14002306890088903], [-0.7949030111611858, 0.5887658299478401, 0.14657421441955898], [0.20084924751637726, 0.027386856870385688, 0.9792392658808501]], "T": [-0.08202814621828527, 0.08649910266408303, -0.024788111457842776], "aligned_model": [[-0.21703012166322347, 0.4961646396393946, 0.14193800471751752, -0.38035350385524813, -0.5059000997238395, -0.47491811955448715, -0.25150350183034587, -0.19619678492986403, 0.44602537252369967, 0.1506740757661536, 0.44050579001646284, -0.05159719647443911], [-0.6536949431055464, -0.26729130747118257, -0.5394516147915045, 0.6491139961504669, -0.4462733153215551, -0.08946842421968756, 0.36732935515012155, 0.5881412782165861, 0.11410921540455435, -0.1834887024173745, 0.5053623565554769, -0.031611466409375344], [0.1674580539693633, 0.08916338504089305, -0.39915587680311004, -0.1100456674814127, -0.5536405864780596, 0.5209225094105083, -0.7813419920912176, 0.57408522123884, -0.5960844549956487, 0.5494126800770178, 0.0426302744205079, -0.054145085098260756]], "inverted": false, "swapped": true, "error_lsq": 0.046696251548774596, "error_max": 0.29005077240524885, "target": "99.xyz", "model": "16.xyz", "model_rescale": 3.795458400668931, "target_rescale": 3.8691000558417237},
{"mapping": [8, 7, 11, 6, 9, 3, 0, 1, 2, 4, 10, 5, 12], "R": [[-0.9300900563618716, 0.3365079369345045, 0.1472918715912528], [-0.35091869062258535, -0.6954532728550659, -0.6270572683949271], [-0.10857513356427795, -0.6349072008217114, 0.7649210983599801]], "T": [0.13698655428929843, -0.06120684989406033, -0.10467715898714913], "aligned_model": [[-0.29595976062880724, 0.5494556825458797, 0.03600686152817435, -0.37422959315566684, -0.6631346468406892, 0.053420958289775, 0.37914374521424915, 0.09733778837453133, 0.4556456505761046, 0.6656677409320142, 0.028688755343032474, -0.37999775788377066, 0.17119229497145225], [-0.10208243272027445, -0.2529009513788796, 0.5191898624366496, -0.49807250842592055, 0.3253648007213603, -0.7742364442551468, -0.5592330321459039, -0.4184481274476551, 0.17321085867165215, 0.3075609993565746, 0.5711455278879816, -0.04800946096470948, 0.08292934862868548], [-0.6229178824373462, -0.5783830479490023, -0.6599096573052701, -0.03268897929888333, -0.01349436742323254, -0.47479541765648337, 0.10589397897648362, 0.6605700278793901, 0.48273458994663154, -0.10618202887680897, 0.2521221124651874, 0.4742266792426677, -0.02427660460331227]], "inverted": true, "swapped": false, "error_lsq": 0.04972155115059613, "error_max": 0.3370076249802363, "target": "99.xyz", "model": "17.xyz", "model_rescale": 3.7474275329858107, "target_rescale": 3.8691000558417237},
{"mapping": [7, 10, 11, 9, 2, 12, 5, 4, 8, 3, 1, 0, 13], "R": [[-0.9054223174230389, -0.4088059539491276, -0.11440331781918588], [0.007557724973754704, 0.2539278751022877, -0.9671936285146104], [0.4244447053569109, -0.8765833253386589, -0.22682232216584042]], "T": [0.02587112121680611, -0.04165802143939848, -0.05889829818216556], "aligned_model": [[-0.3996817946267877, 0.675363988181138, 0.2605410884291686, -0.3463284475579705, -0.6312349470207187, 0.06114848671008083, 0.4007463408731998, 0.06283750907082081, 0.5389945797718977, 0.48184590331840293, -0.14808050359755476, -0.18233180228696821, -0.05058268199842908], [0.012845080325123742, -0.1610121182965054, 0.3027484334740027, -0.5974856001324362, 0.1544418070899322, -0.5558189247588706, -0.6593177726922701, -0.5198330490122903, -0.013461876631004593, 0.4596789434797727, 0.626391424738251, 0.29414010154529635, -0.016898008764587188], [-0.6780536985069615, -0.2597788243397147, -0.648856654431644, -0.07462565092127174, 0.1243752573185425, -0.6007755871462428, -0.024475369194280533, 0.6187505424390639, 0.44385785038004283, -0.02232744910439155, -0.10327381503387485, 0.6780098060108244, 0.010072995489929723]], "inverted": false, "swapped": false, "error_lsq": 0.04745980713135895, "error_max": 0.2641747767945393, "target": "99.xyz", "model": "18.xyz", "model_rescale": 3.922800546911778, "target_rescale": 3.8691000558417237},
{"mapping": [0, 7, 12, 2, 1, 9, 11, 10, 4, 13, 8, 6, 14], "R": [[0.33935933924864187, -0.028802869130509334, 0.9402157377935003], [-0.9136639693230751, -0.24782181625593275, 0.3221839514134959], [0.22372614962388376, -0.9683773758806336, -0.11041679155368586]], "T": [0.0030856810113413236, 0.06727849146567857, -0.08617777113535088], "aligned_model": [[-0.5923898981814948, 0.5640683055100659, 0.33035380794576386, -0.3821599555701646, -0.7063221833704596, 0.06619903698330676, 0.5736966002029307, 0.023749082360978058, 0.34862018344937573, 0.6492586402714267, 0.015209383402812804, -0.22768450888135733, 0.06063922514309539], [-0.004586287230340713, -0.24464308756832367, 0.44414858108842603, -0.5362068008325195, 0.13184589981115535, -0.7231918587813279, -0.3176711979285989, -0.5367697576389728, 0.026702326441353855, 0.28482727865606206, 0.6325980855458957, 0.1520620679517738, 0.01730319084983009], [-0.6681459178966721, -0.5617978323208659, -0.6940252464176706, -0.1089870732389875, 0.11520384587237517, -0.2703421422642826, 0.09674442080259762, 0.44795646654425625, 0.5485084675282773, -0.0028304332459938436, 0.14761150665753775, 0.5582790827565338, -0.1452757418170836]], "inverted": false, "swapped": false, "error_lsq": 0.04208799226469326, "error_max": 0.27154745430172456, "target": "99.xyz", "model": "19.xyz", "model_rescale": 3.9282355846067225, "target_rescale": 3.8691000558417237},
{"mapping": [8, 3, 6, 11, 9, 4, 1, 10, 2, 5, 7, 12, 13], "R": [[0.049737971675690454, -0.5913141742602339, -0.8049060078621144], [0.7972693241744881, 0.5089154642672095, -0.32460233357147333], [0.6015710755213748, -0.6255818072391721, 0.49674907503429544]], "T": [0.03128530905352127, -0.014581334827397999, -0.10702240643358418], "aligned_model": [[-0.5243545678444355, 0.5746604926986936, 0.25122647210502325, -0.34015236607832555, -0.6479883282822732, -0.07713642688818166, 0.6488554265668836, -0.03806356535490725, 0.5477607578145314, 0.678635478889273, 0.03508637554963896, -0.5043302679664114, 0.11903823805676997], [0.05500482231308759, -0.32786288695056337, 0.39882299958792394, -0.6234977632225192, -0.02452839812619871, -0.4182390373412688, -0.38021923768909605, -0.37307177181592766, 0.09815831580412837, 0.23800000821008943, 0.5417686900397394, 0.2648419565910707, -0.12275925703605134], [-0.6218463307644461, -0.5228987679154946, -0.5626173966817667, -0.03906647917824818, 0.023028378993164095, -0.5810192749004794, 0.1084233413825281, 0.6733042490111228, 0.5248471151944751, -0.1765247446071634, 0.17325955535391746, 0.4911689702461869, -0.027159213173774496]], "inverted": false, "swapped": false, "error_lsq": 0.04505415459682215, "error_max": 0.2977823357840773, "target": "99.xyz", "model": "20.xyz", "model_rescale": 4.067790424073018, "target_rescale": 3.8691000558417237},
{"mapping": [4, 1, 5, 0, 2, 7, 9, 12, 11, 13, 6, 3, 14], "R": [[0.2546378694244923, 0.5585991447898009, 0.7893836525385225], [-0.7551534667025808, -0.39504599578542, 0.5231461582970676], [0.6040718476986242, -0.7293186249191841, 0.3212344099936385]], "T": [0.06387831315371448, -0.02224707933521094, -0.07914792594906042], "aligned_model": [[-0.4180564280589405, 0.6423565812313964, 0.22267738294274628, -0.45608744693408443, -0.6663175254635367, 0.08838052171338875, 0.5490898853477653, 0.21959163731507966, 0.3099437824245316, 0.6699593314247602, -0.20052080695429683, -0.36944962056099107, 0.1316704248384608], [0.3558523839098355, -0.3637179802215891, 0.25106037245128826, -0.5045753442807757, 0.10266677772105573, -0.6988739227042472, -0.6166665667922386, -0.41033310920762683, 0.22480103688310343, 0.32666009405174884, 0.6534829661416242, 0.049352801812956655, -0.043291069400721374], [-0.5961123307608212, -0.5503863141227214, -0.5776978362790038, -0.041028604183351164, -0.008916187252741126, -0.39258007780482984, 0.044485009020519745, 0.5628462025242237, 0.4653254591531527, -0.11159925454824579, 0.06590004412069048, 0.6494434379394586, -0.046780144846309046]], "inverted": false, "swapped": false, "error_lsq": 0.04992470674901128, "error_max": 0.3612586108122584, "target": "99.xyz", "model": "21.xyz", "model_rescale": 4.186013935880536, "target_rescale": 3.8691000558417237},
{"mapping": [2, 9, 8, 0, 5, 1, 7, 6, 4, 10, 11, 3, 12], "R": [[0.7954747240736413, -0.3166612109790302, -0.5166678244493834], [-0.6059817073080533, -0.41916012096798694, -0.6760850267519019], [-0.002476644500422842, 0.8508998004767643, -0.5253221828369918]], "T": [0.06684654550142625, -0.04438442306364629, -0.07697002017273678], "aligned_model": [[-0.4675223426134327, 0.4830064038992366, -0.022247799605478194, -0.36308688331327393, -0.68856953383396, 0.14659331329435266, 0.5463407368014163, -0.04276008336568039, 0.45240417711302044, 0.8937622012763018, 0.11476036308322117, -0.3895395850512709, 0.06009675158182659], [-0.043695086546007816, 0.06670464886976737, 0.4564242376614879, -0.6248102395015275, 0.10681712899105175, -0.6693680191305309, -0.5589333268354862, -0.2986999434574613, 0.09925353064333767, 0.008397017306979476, 0.5759781644725874, 0.2320760262560723, -0.023725698365856605], [-0.5909239277316214, -0.524095227014869, -0.65048637888998, -0.06978953227664524, -0.006093974482672279, -0.44866773822630857, 0.13195218070026749, 0.40589937419017597, 0.521636361124184, 0.021640579788297684, 0.03175212468260845, 0.6764355641825056, -0.03636000308592112]], "inverted": true, "swapped": false, "error_lsq": 0.04624131893199778, "error_max": 0.36467407060532925, "target": "99.xyz", "model": "22.xyz", "model_rescale": 4.166573947596378, "target_rescale": 3.8691000558417237},
{"mapping": [2, 12, 11, 1, 4, 6, 13, 7, 10, 14, 9, 8, 15], "R": [[-0.34628902298407255, -0.5851483250066791, -0.7332703118922888], [-0.48110583162323134, 0.7817899001421957, -0.39666324610905745], [0.8053701579639363, 0.2154204952587696, -0.5522435322243358]], "T": [0.005512401346437233, -0.009857724673819332, -0.05390785504774777], "aligned_model": [[-0.43223436857059566, 0.43601961703017666, 0.08782724850664994, -0.386873568153338, -0.7196688105652811, 0.04407352115936749, 0.636586769219683, 0.0392948259448331, 0.48344915662011495, 0.7866527492237257, 0.16446222130324256, -0.39901441523433684, -0.01733722721796243], [-0.15036736702238457, 0.012143077609859117, 0.5097574753494242, -0.5942902358534135, 0.02679529012507441, -0.5549302599937395, -0.47138831307478996, -0.3530139131980794, -0.05939552106079747, 0.1080380262529302, 0.5584725273332213, 0.36951484795489536, -0.07491719405778614], [-0.5452774155858159, -0.5474267069392694, -0.6415451898625122, -0.16602811050222116, 0.058441064666672524, -0.5835460364938658, 0.27097334951690766, 0.5725841446744929, 0.5206038487422356, -0.010340527245684475, 0.056477133385493775, 0.5347462420460222, -0.056762393442433945]], "inverted": true, "swapped": false, "error_lsq": 0.046962591648504366, "error_max": 0.24609783259179754, "target": "99.xyz", "model": "23.xyz", "model_rescale": 4.274766983524099, "target_rescale": 3.8691000558417237},
{"mapping": [4, 8, 7, 3, 6, 5, 0, 1, 2, 9, 12], "R": [[-0.010436297553365725, 0.994887539682269, -0.10044833039099982], [0.7169840179815159, 0.07746648043479482, 0.6927718689208786], [0.6970114788527224, -0.06478987416261422, -0.7141269288813674]], "T": [0.07451224985044738, 0.10318868941699033, -0.1258760744611698], "aligned_model": [[0.16451260401037848, 0.06496965278966912, -0.3863313361343381, -0.4464173191917915, -0.47797256362911533, -0.539518574521574, 0.15501420163705215, -0.07889492602916023, 0.5610070472114574, 0.33058536655650184, 0.03294055125899456], [-0.31716154231153654, 0.7782848016196674, 0.4797776661597176, -0.24606054338791722, 0.5238683608874481, -0.2670187265349624, -0.7030668252404212, 0.14338305837813992, -0.1809425221651655, 0.5641603938933712, 0.1403624099451416], [-0.6033779144344728, -0.1559504179889126, -0.48494586607107726, -0.31118269906248086, 0.22177388134822382, 0.35277979207039245, 0.0272016248149983, 0.6204328510316388, 0.41131534008910586, 0.3150220340043046, -0.013502191780143002]], "inverted": false, "swapped": true, "error_lsq": 0.05159835553615943, "error_max": 0.2503146914932439, "target": "99.xyz", "model": "24.xyz", "model_rescale": 3.7841303162186577, "target_rescale": 3.8691000558417237},
{"mapping": [2, 3, 12, 8, 9, 4, 6, 7, 11, 13, 14, 10, 15], "R": [[-0.7420281773160838, 0.10147677443255423, -0.662643681264475], [0.41529182984894963, -0.7063679824267115, -0.5732163374007482], [-0.5262384251740667, -0.7005331809794464, 0.4820024711732677]], "T": [-0.0472918758691915, -0.15571271262283304, 0.01537215960998544], "aligned_model": [[-0.41755162167945215, 0.6510266052854784, 0.045210798867626224, -0.5587467088226252, -0.42447067058906096, 0.13120336504755595, 0.5105262794583499, 0.07922010108098546, 0.5864295286908385, 0.5008042542840708, -0.12425571666674634, -0.26887090703342603, 0.01271241134268463], [-0.14291114512892436, -0.18224937167477706, 0.4022345856882771, -0.4198556413620489, 0.2677795430450663, -0.6379704722549641, -0.6148090969897795, -0.3889665740143261, -0.01205974871886778, 0.39876322766955186, 0.6318653613622116, 0.21445154629439955, -0.18985377355140498], [-0.6415424987966009, -0.3854382597123511, -0.48990991399049716, -0.11916501251916195, -0.1279148765415968, -0.5252490063676567, 0.02516336439821059, 0.6089990760603561, 0.42425915686809695, -0.04902551906661213, 0.07101662832213945, 0.662779496335307, 0.008926767970387805]], "inverted": true, "swapped": false, "error_lsq": 0.04694928951551191, "error_max": 0.32432098696500256, "target": "99.xyz", "model": "25.xyz", "model_rescale": 4.19342608120988, "target_rescale": 3.8691000558417237},
{"mapping": [6, 9, 1, 4, 5, 7, 0, 11, 2, 8, 10, 12], "R": [[0.5725284120626547, 0.8078395617674293, -0.14002306890088903], [-0.7949030111611858, 0.5887658299478401, 0.14657421441955898], [0.20084924751637726, 0.027386856870385688, 0.9792392658808501]], "T": [-0.08202814621828527, 0.08649910266408303, -0.024788111457842776], "aligned_model": [[-0.21703012166322347, 0.4961646396393946, 0.14193800471751752, -0.38035350385524813, -0.5059000997238395, -0.47491811955448715, -0.25150350183034587, -0.19619678492986403, 0.44602537252369967, 0.1506740757661536, 0.44050579001646284, -0.05159719647443911], [-0.6536949431055464, -0.26729130747118257, -0.5394516147915045, 0.6491139961504669, -0.4462733153215551, -0.08946842421968756, 0.36732935515012155, 0.5881412782165861, 0.11410921540455435, -0.1834887024173745, 0.5053623565554769, -0.031611466409375344], [0.1674580539693633, 0.08916338504089305, -0.39915587680311004, -0.1100456674814127, -0.5536405864780596, 0.5209225094105083, -0.7813419920912176, 0.57408522123884, -0.5960844549956487, 0.5494126800770178, 0.0426302744205079, -0.054145085098260756]], "inverted": false, "swapped": true, "error_lsq": 0.046696251548774596, "error_max": 0.29005077240524885, "target": "99.xyz", "model": "26.xyz", "model_rescale": 3.795458400668931, "target_rescale": 3.8691000558417237},
{"mapping": [8, 10, 11, 6, 1, 5, 7, 0, 3, 4, 9, 2, 12], "R": [[-0.5898312972001263, 0.4764918354918613, -0.6519620936471796], [0.697362087129985, 0.7076395606124772, -0.11372058604268478], [0.40716723870779176, -0.5217296071393471, -0.7496753008851864]], "T": [-0.00667827816426856, 0.05954673735087511, -0.07665073073542703], "aligned_model": [[-0.4308340285395462, 0.6055846975298181, 0.18148922484959867, -0.49125254395843565, -0.5847456543991907, 0.06387522618004196, 0.4703998479391972, -0.066778998604104, 0.48603363609567335, 0.7158134327394633, -0.013308489642044903, -0.2719049878494518, 0.05886635692525966], [-0.07461955724778889, -0.1338412538885423, 0.45861573465408134, -0.5952189116264367, 0.02640048310283362, -0.569109438890827, -0.5825715571392112, -0.34209796579978174, 0.00036597279957990836, 0.46330840531746664, 0.4315614678016373, 0.33470341751036314, -0.09107835622895989], [-0.6535762154589068, -0.3855545376848354, -0.6395996786288166, -0.20952919221519414, 0.046201232673491965, -0.4849081041876818, 0.06578752291914611, 0.6488440162659193, 0.46998366765282384, -0.1943173181458708, 0.13767465445917612, 0.716304821444128, -0.05441146613335851]], "inverted": false, "swapped": false, "error_lsq": 0.04112003772182325, "error_max": 0.27753892467072955, "target": "99.xyz", "model": "27.xyz", "model_rescale": 3.6321398670334006, "target_rescale": 3.8691000558417237},
{"mapping": [4, 12, 6, 3, 1, 7, 8, 0, 10, 9, 13, 2, 14], "R": [[0.3209538886610031, 0.8804121518245017, -0.349088877326579], [0.21829699665389668, -0.42743316685060906, -0.8772954514460614], [-0.9215937405414978, 0.20536633316055075, -0.3293776656042735]], "T": [0.08289157179925623, -0.08470730737295765, 0.03521310246580774], "aligned_model": [[-0.4239593807596388, 0.5994277765100093, 0.15367756055669932, -0.3047188190897674, -0.5704281670536, 0.031949544761301116, 0.40633323989321657, 0.01333190731306265, 0.6542491645289551, 0.5893086358569976, -0.018496614726041624, -0.4489643444920336, 0.0415272159671186], [0.004784518824091671, -0.20572727767333, 0.4110791356168666, -0.6501484398641348, 0.0456231085988027, -0.6158651327485442, -0.4821520981655668, -0.34145509894343007, -0.16136084381131047, 0.3513072992347148, 0.7251404281549664, 0.2809179770456962, -0.03572513590440818], [-0.6140638625445713, -0.5988643745600346, -0.5590028379833656, 0.07514542676838723, -0.023561872176198644, -0.5270712192322092, -0.03151576240524135, 0.5997073175115424, 0.5570812559090162, 0.032936860799537886, 0.01665474026826199, 0.5009287876559748, 0.03452494294892206]], "inverted": false, "swapped": false, "error_lsq": 0.040779302424071934, "error_max": 0.2889237860535388, "target": "99.xyz", "model": "28.xyz", "model_rescale": 4.156811204709835, "target_rescale": 3.8691000558417237},
