[{"mapping": [5, 3, 4, 2, 14, 12, 13, 9, 11, 10, 8, 7, 0, 15], "R": [[0.6913460520582931, 0.7158497822722012, -0.09797818902313832], [-0.37101970460412237, 0.23536928112179756, -0.8983015530987787], [-0.6199879152845493, 0.6573890710416855, 0.42831599803891074]], "T": [-0.04793500717145967, 0.05995861405654345, 0.19625900279354414], "aligned_model": [[0.07128667597464985, 0.35326625804703415, -0.5601101143067099, -0.2850468213760235, -0.7421661943823389, -0.11927250069633259, -0.721484681039255, -0.09335978515369445, -0.2056608427035458, 0.3684276949721332, 0.6412036370846589, 0.12800742727751308, 0.610235460534437, -0.07383411310422269], [-0.6225617025566133, -0.2520145431941258, -0.4073422347532005, -0.23938979998554621, 0.4528179013609245, 0.25179132974028173, -0.04502866507269825, 0.3888240704923614, 0.8336764659083005, -0.023971017694091497, 0.4894307702040096, 0.5229033749055537, -0.17236575032096235, 0.058503132775840926], [0.3029879944626791, -0.4475947971199815, 0.387626974460429, -0.3893756418574885, 0.46495157448098057, -0.6085461036708306, -0.09329954987591665, 0.8155945359848832, 0.27198950547154005, 0.7534599761589479, 0.3526648500821563, -0.14836849280619607, 0.11639063769495098, 0.11910662371367982]], "inverted": true, "swapped": true, "error_lsq": 0.04469341597730454, "error_max": 0.23863498618094278, "target": "990.xyz", "model": "0.xyz", "model_rescale": 3.8414455957264533, "target_rescale": 4.2240379888515385},
{"mapping": [2, 4, 0, 1, 5, 10, 8, 3, 11, 6, 9, 13, 14, 12, 15], "R": [[0.25962169124723494, -0.7231719981538903, 0.6400147174245566], [0.47838526510785934, 0.6720186091021358, 0.5652773895603063], [-0.8388945795280888, 0.1594153383666094, 0.5204254359001401]], "T": [0.004849136981488434, 0.03256565905393796, -0.0989127121071623], "aligned_model": [[-0.5542398990992234, -0.5243782832607471, 0.044286801156466424, -0.11072379579562401, -0.4830091864953517, 0.30298587958036555, 0.6991673426069988, -0.33005170050784377, 0.6201044478134468, 0.21272843017705198, 0.4877141030565506, -0.45841038252871125, 0.1544384616467962, -0.15386186412346597, -0.034706200722164404], [0.2809479215249693, 0.09954474978406838, -0.556807306495441, -0.2183466076728414, -0.4587125718888394, -0.5424199092733878, -0.3229035572953487, -0.18598422080374566, 0.5303727632865411, -0.11921910633180746, 0.0004029289691680621, 0.5988519099116186, 0.6607024458265912, 0.4993450329168645, 0.08127005558460518], [0.2395028960797938, -0.5813515821372658, 0.2813846829813209, -0.5653596889687797, -0.20881642451364746, -0.3660851030260183, 0.17565068411341783, 0.6172679918943441, -0.15277226996716337, 0.6648069558113081, -0.6084216765971874, -0.2140046190473938, -0.6388740718789936, 0.5693147360304763, -0.047060723434676904]], "inverted": false, "swapped": true, "error_lsq": 0.048778632406374714, "error_max": 0.26814411863293464, "target": "990.xyz", "model": "1.xyz", "model_rescale": 4.316132596720782, "target_rescale": 4.2240379888515385},
{"mapping": [5, 2, 0, 9, 10, 4, 8, 14, 6, 13, 7, 15], "R": [[-0.599734120610844, 0.5679471933959283, 0.5636975874427936], [0.600844200516154, -0.145634439157441, 0.7859878223213141], [0.5284933597324017, 0.8100781416906557, -0.2539058350526287]], "T": [-0.03427647928512061, 0.015790348185352136, -0.009700719962559334], "aligned_model": [[-0.23453402199134216, 0.48356605258801616, 0.0512886194393418, -0.5988179428015479, -0.5702815277121963, -0.3256802891248843, -0.0804783212446645, -0.284314496557488, 0.5376542184486853, 0.19301565671433513, 0.3864038793609159, 0.03998672751260957], [-0.6555194931269043, -0.29411585388906397, -0.37260561345243703, 0.42471427394938754, -0.08920854808883875, -0.2892406134671047, 0.2887184645608925, 0.5921154864928405, -0.011809289571169109, 0.034251366561318504, 0.3751776856802849, 0.010298562091774172], [0.016354673552115645, 0.34328182994531625, -0.5888113496792513, -0.09839435261639984, -0.4485045797716484, 0.5728411723434432, -0.7889290729313336, 0.5504969093352623, -0.576845925085218, 0.6949503448090304, -0.2503466841058894, 0.023165495413993938]], "inverted": false, "swapped": true, "error_lsq": 0.05081423438798483, "error_max": 0.26764867330939607, "target": "990.xyz", "model": "2.xyz", "model_rescale": 3.795458400668931, "target_rescale": 4.2240379888515385},
{"mapping": [8, 10, 9, 4, 7, 13, 1, 3, 5, 2, 11, 15], "R": [[-0.8029240928139612, 0.5874144066123583, -0.10127791508087473], [0.36403668407526035, 0.6177694169292764, 0.6970209754048663], [0.4720065612111413, 0.522786057973157, -0.7098623414173484]], "T": [0.053474077185579026, 0.030915081982704793, 0.044408246317517844], "aligned_model": [[-0.218471024362852, -0.3187477156179715, -0.6461503542165442, 0.0750898936218922, 0.12106226387359664, 0.268240444946794, -0.18743180156771816, 0.8091599974695814, 0.3384057814834357, 0.6739852994745723, -0.4377043703948076, 0.11586541103358618], [-0.21066396039767207, -0.5481281349394784, -0.034790650466577616, -0.028081600073552673, 0.37098614117861994, 0.5263329669134791, -0.2993495417845845, -0.10381190955407554, -0.5150837952277358, 0.27541429511247245, 0.5697705868383882, 0.08317464769042612], [-0.6982266713947974, -0.08610955875131236, 0.04350642957695146, 0.7609047726408171, -0.44937836172113843, 0.5513324753101558, 0.4004651048077992, -0.24477136803474986, 0.37927840019134773, 0.25413516455354096, -0.26805029496996613, 0.045685338430451895]], "inverted": false, "swapped": true, "error_lsq": 0.04845475470822321, "error_max": 0.24968620011873963, "target": "990.xyz", "model": "3.xyz", "model_rescale": 3.7530521520055578, "target_rescale": 4.2240379888515385},
{"mapping": [3, 4, 13, 14, 12, 9, 6, 10, 8, 11, 15], "R": [[-0.5051490089620223, -0.5943694606158894, -0.6257391014087769], [-0.7992522219773208, 0.5957337214857374, 0.07935501716381516], [0.3256076848125704, 0.5402094754555224, -0.7759854110864889]], "T": [-0.15371247955176012, -0.05517374830284887, -0.07922196719832805], "aligned_model": [[-0.40762783840395556, -0.13933307425912775, 0.3628568172180383, 0.4882023184773938, 0.29223446473719916, -0.134838701646176, -0.28611568031495704, -0.6944589354666125, -0.43757625471868644, 0.40431900134648735, -0.10946251452439848], [-0.8159857840172391, 0.01888843954495851, -0.27009463936006284, 0.42885266541455447, -0.7168557169330573, 0.6415960377092644, -0.5396332718448759, 0.3716728082115937, 0.15359702735685618, 0.31847262424023903, -0.12330683200788511], [0.0926194089950782, -0.7945003390800984, -0.5645062339867093, -0.3285307754915793, 0.15079625696909485, 0.009929854841824473, 0.5510862980063131, 0.048333099924676826, 0.6688805079730948, 0.3429641494802702, -0.08424145038664936]], "inverted": true, "swapped": true, "error_lsq": 0.045422454501718675, "error_max": 0.2890025499727416, "target": "990.xyz", "model": "4.xyz", "model_rescale": 3.7855080009869324, "target_rescale": 4.2240379888515385},
{"mapping": [9, 5, 8, 15, 7, 10, 14, 12, 2, 0, 3, 1, 13, 6, 4, 16], "R": [[0.9733507547364406, 0.12219713989110668, 0.1940519705038699], [0.2282369094994839, -0.5984098156451748, -0.7679932328358319], [0.022276027386540262, 0.7918166148433243, -0.6103525432583474]], "T": [-0.056128057197613, 0.06644384368521412, 0.09263026107645601], "aligned_model": [[-0.5378178167318501, 0.36734453708880144, -0.3953510532807682, -0.8441104174660706, 0.3189601004767793, -0.30774067335442257, -0.5752001247935123, -0.14224635125221632, -0.14164459086650508, 0.543995947223632, -0.0794378924419285, 0.4740465274440951, -0.3568084544146535, 0.27081623912101, 0.6729212413348314, -0.09537039014839682], [-0.4060753685737984, -0.25866361325008197, 0.6145533352955549, 0.23781965947059763, 0.3937127042742186, 0.06441442319945791, -0.20279766033840818, 0.06043691206194586, -0.6302084484638087, -0.4311396409959041, -0.5598653227973848, -0.1818024186228756, 0.6115638745661164, 0.6297575006125242, 0.16979365168311478, 0.03366859019966543], [-0.13455818241267392, -0.5157112120722205, -0.18988277950511018, -0.07775822549320917, -0.4673460230080697, -0.5912200492382376, 0.432881050474049, 0.7676212382100405, 0.32316918163318376, 0.06550576273052967, -0.20671917513479732, 0.5726225964729967, 0.46317457629017683, 0.13578369768194104, 0.02329973849443899, 0.10914008419249852]], "inverted": true, "swapped": false, "error_lsq": 0.03389093145213088, "error_max": 0.20030252633446244, "target": "990.xyz", "model": "5.xyz", "model_rescale": 4.2253639853439635, "target_rescale": 4.2240379888515385},
{"mapping": [8, 11, 1, 10, 9, 4, 5, 0, 13, 7, 14, 2, 3, 15], "R": [[-0.8791161803514473, -0.3467880047396149, 0.32694467607379424], [-0.10879550596581701, 0.813887182051044, 0.5707461719316675], [-0.46402400727324794, 0.4661820831624994, -0.7532303671602396]], "T": [0.039209557766667874, -0.012954525179572685, 0.036112385470134595], "aligned_model": [[0.6008171439041372, -0.09744901554311675, -0.26753242710045666, 0.15013962826212204, -0.2680665854600365, -0.5260721418640569, 0.06275389380230736, 0.6487907498672366, -0.4317417241998269, 0.3757393290773615, -0.6808174494783686, 0.08162361719444589, 0.6744724062415217, 0.051404728054513564], [-0.3359743918543299, 0.21135517262357145, -0.4306523383315746, -0.6964237424983191, -0.42465699244748223, -0.07500008586179319, -0.3488088473152957, -0.30769427205105454, 0.5069076720982151, 0.3294754369226785, 0.18321487378079446, 0.5060535032247258, 0.26362891318635384, 0.06367424515850081], [-0.4777711401516258, -0.7123937643487234, 0.195249880158934, -0.07084253951716324, -0.44334027310431956, 0.4764782250960503, 0.6509996991529104, 0.22341209833301548, 0.2737756624525775, -0.32930673914836495, -0.35320719372776, 0.5026219099765216, 0.4751797341653591, 0.06070264959403687]], "inverted": false, "swapped": true, "error_lsq": 0.050584861124478964, "error_max": 0.3842293089599151, "target": "990.xyz", "model": "6.xyz", "model_rescale": 3.89814844738969, "target_rescale": 4.2240379888515385},
{"mapping": [13, 12, 3, 14, 5, 7, 11, 4, 9, 8, 0, 10, 15], "R": [[0.49271645610018044, -0.38368659010807826, 0.7810346307682614], [0.847394721274421, 0.4156494959972405, -0.33039019784716117], [-0.19787036221810803, 0.824633310659032, 0.5299313377289545]], "T": [-0.017676978651711237, 0.04213842376906333, -0.009945641575382785], "aligned_model": [[0.15638501875352134, -0.024291278156089044, 0.4258726676260882, -0.4532483900109727, 0.622511927719271, -0.39386058585699013, -0.7870731003857054, 0.4005038870822719, -0.47597289820910393, -0.4784683557535994, 0.219656415264738, -0.06461728587428835, 0.0012337787050808284], [-0.4691088007711705, 0.30900511595449776, 0.6379625322198241, -0.6678616232091731, 0.05455093753938917, 0.376056786082103, -0.07004236809815614, -0.5397072317083894, -0.21687445974655115, 0.646106414652602, 0.6576646769319632, 0.1973544478554658, 0.04867483776808066], [-0.5167635021817512, -0.7962906726045195, -0.35793237235207825, -0.1310593810723719, 0.2754364945965446, -0.34315146916687234, -0.16709824352961886, 0.05246846727189387, 0.4555321536574778, 0.31672723112118917, 0.23159570558173345, 0.6716551220437056, -0.08884450252903678]], "inverted": true, "swapped": true, "error_lsq": 0.04344770553752665, "error_max": 0.21004766971680894, "target": "990.xyz", "model": "7.xyz", "model_rescale": 3.7474275329858107, "target_rescale": 4.2240379888515385},
{"mapping": [10, 1, 4, 5, 13, 3, 0, 6, 2, 12, 8, 7, 11, 14, 15], "R": [[-0.6659329347161885, -0.7433553299946578, 0.06289817031375675], [-0.6630802680576025, 0.5511615317418304, -0.5065032320140295], [0.3418448252832609, -0.3790037193703157, -0.8599408678104119]], "T": [0.020686049897035, -0.00821313470276512, -0.07230935619012197], "aligned_model": [[-0.4236651440491026, 0.09170358794753716, 0.5155416376645168, -0.11424771999185114, 0.7058588796251556, -0.35339621390186277, -0.6363418467845658, -0.5434210517118203, 0.28142883538328406, 0.13424927668430062, -0.668483872211422, -0.1309587900375312, 0.18658132921883702, 0.7070065772351488, 0.050298237268122443], [0.22620789213258585, 0.007357343718100193, -0.2826279163136722, -0.5175115080081293, -0.24697175767746554, -0.6313899260695894, -0.2550329144046588, -0.14817823936558278, -0.5794126108075605, -0.2956976229096607, 0.425786794331312, 0.1820850233183381, 0.6789307606258793, 0.4775602315060283, -0.05198758809633143], [-0.5606471554209072, -0.609525253292029, -0.5163021479513716, -0.5347452054456794, 0.0762442056251128, 0.30788870842067917, -0.10290788421343985, 0.4860033645134055, 0.2351703679461446, 0.6984410254135636, 0.07090402669926749, 0.4798067150627647, 0.2876404818645336, -0.11077270802082839, -0.010403885504954372]], "inverted": true, "swapped": true, "error_lsq": 0.042229217106112084, "error_max": 0.30439840714005223, "target": "990.xyz", "model": "8.xyz", "model_rescale": 4.019505241142653, "target_rescale": 4.2240379888515385},
{"mapping": [6, 11, 2, 3, 0, 5, 13, 8, 10, 9, 14, 1, 15], "R": [[-0.3627419446095199, 0.13696239351420453, -0.9217698109526937], [0.7508380701851144, 0.6288256997526398, -0.20204066840934898], [0.5519605728506318, -0.7653884909596326, -0.33093803638285424]], "T": [0.028121361494665705, -0.00017921840896983898, -0.00032651110591242274], "aligned_model": [[-0.16051544194997874, -0.7454072124337748, 0.2643486786639878, 0.3121031153912859, 0.29395391797635034, 0.7230927457557329, 0.06739456829031189, -0.3436276522186058, 0.18211570660875975, -0.25241566609479893, -0.3845876641970295, 0.3414556039417954, 0.021790072007139796], [-0.6671874535618003, 0.1269165973588555, 0.16836849926818787, -0.47037184578696906, -0.6503731020959461, -0.06853676282162607, 0.6311759517747286, -0.6819399694423166, -0.3304360093192192, 0.11388001530733764, 0.7036879347977184, 0.173382805407214, 0.014811567227893825], [-0.41146677589724223, 0.12113155340525367, -0.6363986327471939, -0.609515051981503, -0.011412363242406787, 0.06116244046063679, -0.3855328346270972, 0.2839728770975106, 0.5980807091647075, 0.6337727468341922, 0.2063939517100989, 0.4065945217824473, -0.08007964791552505]], "inverted": false, "swapped": true, "error_lsq": 0.04797922460800714, "error_max": 0.3018924549176366, "target": "990.xyz", "model": "9.xyz", "model_rescale": 3.877068213659057, "target_rescale": 4.2240379888515385},
{"mapping": [5, 3, 7, 1, 2, 4, 0, 11, 12, 6, 3, 10, 8, 2, 14, 15], "R": [[-0.05593086905183081, -0.3299084183190131, -0.9423545900611692], [0.9857047982678602, -0.16848092076202928, 0.0004795945121058298], [-0.15892699128475374, -0.9288566169551823, 0.3346155952428845]], "T": [0.049886446522785094, 0.01309393972393881, 0.05184596974259137], "aligned_model": [[-0.5712862292343146, -0.010228665406507756, -0.40014219649296534, -0.7944338964832098, 0.2854241753004819, -0.1538379830747897, -0.5838556150584736, -0.0815169040991705, -0.1583760841823025, 0.40589899008613217, -0.010228665406507756, 0.5030564871103242, -0.3041922765209223, 0.2854241753004819, 0.7803001833794599, -0.019648667278890752], [-0.4163926003916422, -0.43150409300172954, 0.6197585969864806, 0.11702858396538074, 0.5752218264929404, 0.1519332240957525, -0.1695566987694978, -0.05208202719945465, -0.6292622074637865, -0.49025182762397335, -0.43150409300172954, -0.09182049028363994, 0.5775064531964398, 0.5752218264929404, 0.2527384113105945, -0.01186670648414202], [-0.14984999202868993, -0.3970193835009167, -0.2575385539665516, -0.11911413763944839, -0.21062226678968976, -0.578479890146749, 0.49768874390683215, 0.7751305119834914, 0.37153412120896007, 0.06608262817584948, -0.3970193835009167, 0.5874210402508733, 0.440934273770725, -0.21062226678968976, 0.1881832239602337, 0.10329361042122343]], "inverted": true, "swapped": false, "error_lsq": 0.051053375889044864, "error_max": 0.4086997076460144, "target": "990.xyz", "model": "10.xyz", "model_rescale": 4.260839863003843, "target_rescale": 4.2240379888515385},
{"mapping": [14, 4, 5, 1, 0, 8, 11, 13, 2, 3, 7, 15], "R": [[-0.4633219531271028, -0.8065768548133282, -0.3671056319779452], [0.06729482997243735, 0.3810328814121853, -0.9221091850435656], [0.8836312430021179, -0.4519377396967057, -0.12226244651717519]], "T": [-0.04613968154085497, 0.03881318544640855, -0.09793070486338984], "aligned_model": [[0.5670734496604977, 0.17291249866514502, -0.40442220081347463, -0.23126187877028287, -0.6537893057175029, -0.5686690500215867, 0.30073775154334814, 0.6174302596534993, 0.2992237462632537, -0.2314695975769275, 0.0845305737997474, 0.0066024024084138724], [0.05524771623635363, -0.623943265333509, -0.5417447750142513, -0.3395239516733633, 0.1158153269787339, 0.675525147418862, 0.6510703443403392, -0.2769409008316342, -0.21660919880117857, 0.044430125220553784, 0.588482748811549, 0.041269188180478714], [-0.6742905064782221, -0.27138142853964003, 0.06339183204342103, -0.43921890181280016, 0.2461253007876491, -0.17129370327199006, -0.46408515356543795, -0.0056813823051860834, 0.4536877600207271, 0.7011053981573646, 0.11380110200540638, -0.03598223964578689]], "inverted": true, "swapped": true, "error_lsq": 0.052758828587790685, "error_max": 0.35817608746302476, "target": "990.xyz", "model": "11.xyz", "model_rescale": 3.890672605050136, "target_rescale": 4.2240379888515385},
{"mapping": [14, 13, 12, 11, 7, 10, 4, 8, 9, 5, 3, 2, 0, 15], "R": [[0.08480535469265589, 0.09841486938053545, 0.9915253729987275], [-0.7413369955257173, 0.6711253066209328, -0.0032065367395581745], [-0.6657533408705929, -0.7347825095208593, 0.12987360325282765]], "T": [0.034576254010587996, -0.047229058374736864, 0.09341725863008546], "aligned_model": [[0.2925547636781796, 0.08818230842617325, 0.5608524878946176, 0.702097501698456, 0.5956753755697204, -0.29755902189864175, -0.452757791699206, 0.3303426080201181, 0.06114463057704976, -0.6294290244644861, 0.022542827050985155, 0.028844706740021417, -0.1604108704857417, 0.06779533368644779], [-0.48220944300508056, 0.23756757282366683, 0.5907566339484439, -0.4576150791757734, 0.06653880698835574, -0.4985793066283621, -0.031936767577295196, -0.3532085806482641, -0.7490762837621555, 0.15807002811502, 0.6806146124899063, 0.6024606694725116, 0.14679368347892183, 0.021975973307869844], [-0.5794350375940326, -0.5881639303404157, 0.01853287961885626, -0.030075900373066136, 0.2838545216775856, 0.5139456398834271, -0.4353424202236459, 0.8024447536994638, 0.07112387065339475, 0.185004076613551, 0.4714863120301841, -0.164787755527442, 0.7398514219532926, 0.06635200328570848]], "inverted": false, "swapped": true, "error_lsq": 0.051847665831021746, "error_max": 0.3641531324487853, "target": "990.xyz", "model": "12.xyz", "model_rescale": 4.124412569039231, "target_rescale": 4.2240379888515385},
{"mapping": [11, 8, 10, 12, 9, 14, 6, 13, 0, 2, 1, 5, 15], "R": [[-0.5282981621291096, 0.34646467051006025, 0.7751537163552533], [0.7695888323639064, 0.5810456815479124, 0.2647998207236581], [-0.35865593678589003, 0.7364429020928083, -0.5736007069080008]], "T": [0.13983288462936316, 0.08850440267932332, -0.05055816792109576], "aligned_model": [[-0.08650938052545842, -0.03435438546947475, 0.5889623548478203, -0.640832582212267, 0.5604333857093419, 0.34783436856192895, -0.507956528322815, 0.056977848427075026, 0.03911653648709498, -0.2086480331880558, 0.6779667110528064, 0.49732091242249976, 0.07698709971926143], [-0.35469619846689676, 0.5607271014989125, 0.5150338519070463, -0.06613488846906675, -0.06922664221702955, -0.6986017780185103, 0.5540299787550866, -0.4972348583934278, 0.7837382667108183, -0.025074460336183338, 0.11687422847046292, 0.4642723069868377, 0.06377846808042739], [0.5671750015400138, 0.605555930871364, 0.27690229605012645, -0.2877252117830248, 0.4898199751713595, 0.16319473144324395, 0.06422406587226076, -0.49618156091597987, -0.05748796646476228, -0.645923865819177, -0.10966813705879416, -0.5221932621004176, -0.09599391583837333]], "inverted": true, "swapped": true, "error_lsq": 0.04374314652393244, "error_max": 0.30155194919347883, "target": "990.xyz", "model": "13.xyz", "model_rescale": 3.9028299243045295, "target_rescale": 4.2240379888515385},
{"mapping": [1, 9, 3, 2, 7, 6, 2, 5, 12, 14, 11, 13, 0, 4, 10, 15], "R": [[0.14107111129383482, 0.023683613535619263, 0.9897161350651096], [-0.3096549259666731, -0.9484972184042301, 0.06683452329457355], [0.9403258841395876, -0.3158988970055675, -0.1264718090634004]], "T": [-0.09434820283070386, 0.028508220192184533, 0.10898860497512283], "aligned_model": [[-0.47663845978830055, 0.2366982181419043, -0.3134974145983078, -0.8240056959238397, 0.433204947786911, -0.3358622376457031, -0.8240056959238397, 0.09917151810188227, -0.12638672126970174, 0.5918429561300947, -0.011113906149275848, 0.4397582456147706, -0.48068277277964644, 0.16958357395691367, 0.6322012000798584, -0.037910927794894536], [-0.398284304862092, -0.1666802774732724, 0.5425028755962498, 0.04369333805465377, 0.42467599669660594, 0.04275189420103026, 0.04369333805465377, 0.09753533890904653, -0.5454504770494263, -0.5080552128597567, -0.6552998971458748, -0.315242203944484, 0.6843023608635153, 0.6344348732657943, 0.19198193261924124, 0.02860860339504962], [-0.19744418657287013, -0.5641794082310834, -0.16754812393415838, 0.20655460583775914, -0.5117905199720209, -0.5122008596710077, 0.20655460583775914, 0.5779099290231714, 0.5011432124424241, -0.04687039687752534, -0.1580978957254053, 0.5877550401291092, 0.437463953164672, 0.25917576214727706, 0.08151293347112179, 0.010063628246313974]], "inverted": false, "swapped": false, "error_lsq": 0.050101377624229566, "error_max": 0.33794881327906867, "target": "990.xyz", "model": "14.xyz", "model_rescale": 3.942246331269136, "target_rescale": 4.2240379888515385},
{"mapping": [7, 13, 12, 4, 1, 2, 0, 6, 8, 3, 5, 10, 14, 9, 15], "R": [[0.25044924166219384, -0.16660369275075246, 0.9536867341599364], [0.8953388789541553, 0.41460576021279827, -0.16269712791406055], [-0.36829807111081725, 0.8946201837429004, 0.2530044617311539]], "T": [-0.08853414904896305, -0.06268483118504742, 0.008638760315013608], "aligned_model": [[-0.6027852129994974, 0.0003202452163665742, -0.3910375178149463, 0.4213042084904022, 0.26180293631873003, 0.13270668217696047, 0.10368539800057248, -0.3692723298031664, -0.5179980575311186, 0.1115759914411762, 0.5969834974201105, 0.0580471838707451, -0.4109392032439323, -0.322944065716369, -0.09715571929382347], [0.18168423743317497, -0.5789711638355425, 0.13735498361925702, -0.5659627935513826, -0.28721434406678387, -0.05085318719102959, 0.5992305576897884, 0.6541255718487129, 0.4863249397667927, 0.5655022872008801, 0.0711742687968871, 0.13641286738009284, -0.838907637966425, -0.35224416666027664, -0.0595117305824944], [-0.19103924069945333, -0.5148963069999197, -0.7384059990926369, -0.055324244814218146, 0.3561114571836677, -0.6544690206974676, 0.14451220985494273, -0.22987552998556793, 0.45357720065235124, -0.4793922814107755, 0.06852338034515343, 0.6641912195484537, 0.05362980675228397, 0.6044573432511269, -0.07223751352742462]], "inverted": true, "swapped": true, "error_lsq": 0.04716536064788949, "error_max": 0.27858635383419716, "target": "990.xyz", "model": "15.xyz", "model_rescale": 4.355366556412066, "target_rescale": 4.2240379888515385},
{"mapping": [5, 2, 0, 9, 10, 4, 8, 14, 6, 13, 7, 15], "R": [[-0.599734120610844, 0.5679471933959283, 0.5636975874427936], [0.600844200516154, -0.145634439157441, 0.7859878223213141], [0.5284933597324017, 0.8100781416906557, -0.2539058350526287]], "T": [-0.03427647928512061, 0.015790348185352136, -0.009700719962559334], "aligned_model": [[-0.23453402199134216, 0.48356605258801616, 0.0512886194393418, -0.5988179428015479, -0.5702815277121963, -0.3256802891248843, -0.0804783212446645, -0.284314496557488, 0.5376542184486853, 0.19301565671433513, 0.3864038793609159, 0.03998672751260957], [-0.6555194931269043, -0.29411585388906397, -0.37260561345243703, 0.42471427394938754, -0.08920854808883875, -0.2892406134671047, 0.2887184645608925, 0.5921154864928405, -0.011809289571169109, 0.034251366561318504, 0.3751776856802849, 0.010298562091774172], [0.016354673552115645, 0.34328182994531625, -0.5888113496792513, -0.09839435261639984, -0.4485045797716484, 0.5728411723434432, -0.7889290729313336, 0.5504969093352623, -0.576845925085218, 0.6949503448090304, -0.2503466841058894, 0.023165495413993938]], "inverted": false, "swapped": true, "error_lsq": 0.05081423438798483, "error_max": 0.26764867330939607, "target": "990.xyz", "model": "16.xyz", "model_rescale": 3.795458400668931, "target_rescale": 4.2240379888515385},
{"mapping": [13, 12, 3, 14, 5, 7, 11, 4, 9, 8, 0, 10, 15], "R": [[0.49271645610018044, -0.38368659010807826, 0.7810346307682614], [0.847394721274421, 0.4156494959972405, -0.33039019784716117], [-0.19787036221810803, 0.824633310659032, 0.5299313377289545]], "T": [-0.017676978651711237, 0.04213842376906333, -0.009945641575382785], "aligned_model": [[0.15638501875352134, -0.024291278156089044, 0.4258726676260882, -0.4532483900109727, 0.622511927719271, -0.39386058585699013, -0.7870731003857054, 0.4005038870822719, -0.47597289820910393, -0.4784683557535994, 0.219656415264738, -0.06461728587428835, 0.0012337787050808284], [-0.4691088007711705, 0.30900511595449776, 0.6379625322198241, -0.6678616232091731, 0.05455093753938917, 0.376056786082103, -0.07004236809815614, -0.5397072317083894, -0.21687445974655115, 0.646106414652602, 0.6576646769319632, 0.1973544478554658, 0.04867483776808066], [-0.5167635021817512, -0.7962906726045195, -0.35793237235207825, -0.1310593810723719, 0.2754364945965446, -0.34315146916687234, -0.16709824352961886, 0.05246846727189387, 0.4555321536574778, 0.31672723112118917, 0.23159570558173345, 0.6716551220437056, -0.08884450252903678]], "inverted": true, "swapped": true, "error_lsq": 0.04344770553752665, "error_max": 0.21004766971680894, "target": "990.xyz", "model": "17.xyz", "model_rescale": 3.7474275329858107, "target_rescale": 4.2240379888515385},
{"mapping": [2, 6, 12, 0, 4, 1, 13, 11, 5, 14, 10, 8, 9, 15], "R": [[0.07939000928997997, 0.9183561363863992, 0.3877102438502005], [0.15069698861933062, -0.3955246182703176, 0.9060081092149146], [0.9853870529116981, -0.01350122600227771, -0.16979420735241002]], "T": [0.029960448545338633, -0.05475878695910575, 0.01526816932779066], "aligned_model": [[0.5634604808490916, 0.03010885498460494, 0.6889700453950444, -0.39383627748325417, 0.16192225601507743, -0.2750555475719124, 0.6758174240209115, 0.2067670642464296, -0.23761950365949303, 0.36795382493028017, -0.6658522870669109, -0.478032569455747, -0.33253808834851895, 0.10278197102727359], [-0.38620253772238705, 0.30043922060802214, 0.1387108816740938, -0.09948704211445755, -0.6484550733675184, -0.37080964798598987, -0.3261493139133642, 0.6453863954738137, -0.6837162206054638, 0.1283542637650507, -0.04339013765839062, 0.5378523535208843, 0.22829853505404313, -0.06042343521710272], [-0.2918509900424732, -0.7081642740309951, -0.4515036451159385, -0.5432456163439121, 0.3992290073326441, 0.3330164123831723, 0.2555837877953445, 0.3435790078094873, -0.14046360592592053, 0.7640813283814634, 0.0964494375757036, -0.2578184887504416, 0.546555064300207, -0.02065270670668619]], "inverted": false, "swapped": true, "error_lsq": 0.04344819315493864, "error_max": 0.29642252024014154, "target": "990.xyz", "model": "18.xyz", "model_rescale": 3.922800546911778, "target_rescale": 4.2240379888515385},
{"mapping": [10, 9, 1, 0, 13, 8, 14, 3, 11, 5, 4, 2, 6, 12, 15], "R": [[-0.14353326526778878, 0.6054128229200969, -0.782862386122546], [-0.7887808818986285, -0.5477289987384615, -0.2789581766003364], [-0.5976812880731573, 0.5774671053704117, 0.5561553920464402]], "T": [0.06726669321667456, 0.020929111293690558, -0.04098825846933722], "aligned_model": [[-0.1128560790620117, -0.30365236184060723, 0.2951212536448159, 0.017824907195172227, 0.48229917361095226, -0.625686119894301, -0.04143456126411654, 0.28054505223080656, -0.5749855221130802, 0.615679110369937, 0.6687744245611735, 0.5226208143416613, -0.2652995325882006, 0.046182725266262936, 0.09091755242915359], [0.4293436553168659, -0.16253979888225184, 0.04585040920322807, 0.716931802569805, -0.5458111938023756, 0.46867747162615614, -0.7761953830687697, 0.5214168282538069, -0.4439013882512919, 0.41120252372408905, -0.25339224368534363, -0.06528212282162134, 0.4884614485318378, -0.11584389097587088, -0.001306612703685102], [-0.5810145121630323, -0.6089236554636956, -0.5322601575340183, 0.040728900796896714, 0.193722444669227, -0.09719321910767935, -0.28851126095443136, 0.572902455313863, -0.014595814455210729, -0.23686922805718064, -0.3242749817418387, 0.48248062305777045, 0.5249917463000254, 0.7778210601914727, 0.033654766311161]], "inverted": false, "swapped": true, "error_lsq": 0.03999350829823012, "error_max": 0.23694041932485727, "target": "990.xyz", "model": "19.xyz", "model_rescale": 3.9282355846067225, "target_rescale": 4.2240379888515385},
{"mapping": [13, 14, 9, 4, 2, 1, 5, 10, 3, 6, 11, 12, 8, 15], "R": [[-0.13514476878041753, 0.990617435316264, 0.02032211403163392], [0.9354508256557875, 0.12080430757000604, 0.33217175083446926], [0.3266001289822048, 0.06390161281187384, -0.942999967989845]], "T": [0.004281070369192029, -0.10026757341926629, 0.013974134886989694], "aligned_model": [[-0.6522584883916381, -0.11781936892904632, 0.5241763716301707, -0.2915797931739013, -0.6561226556737411, 0.20410699218150435, -0.024075452008152188, 0.6519597590735017, -0.3110278327917282, 0.03550063802616993, 0.1688764063911295, -0.5871992321613219, 0.6573639894519541, -0.06937851454022537], [-0.4036691784501914, -0.9253539995060835, -0.5569080540339595, -0.23934981749677608, 0.12812584683673706, -0.1543815165382852, 0.3661604827649976, 0.04361181729825023, 0.6040099022048862, 0.3845527526518969, -0.7153163174695154, 0.019727793122711723, 0.06154612462303685, -0.08987374858286994], [-0.14552169959529593, -0.09922891811071761, -0.10842173414302446, -0.6266799083009925, 0.03639703953403107, -0.487052942964085, -0.5085960958260292, -0.21116147905822077, 0.2922023768698735, 0.657009699013698, 0.4871287399647494, 0.5843707091289911, 0.49472377961633945, 0.04701359111436545]], "inverted": true, "swapped": true, "error_lsq": 0.0451259086553842, "error_max": 0.295104728033293, "target": "990.xyz", "model": "20.xyz", "model_rescale": 4.067790424073018, "target_rescale": 4.2240379888515385},
{"mapping": [9, 12, 1, 10, 4, 2, 5, 11, 13, 7, 6, 0, 8, 3, 15], "R": [[0.006678633474581738, -0.6862224933789572, 0.7273610420112415], [-0.0015032190248532307, 0.7273695527572094, 0.6862443253348917], [-0.9999765678192043, -0.005676557279211791, 0.003826291936106313]], "T": [0.02197299704605143, 0.008526639516607249, -0.09914604673973487], "aligned_model": [[0.3544485798139437, 0.023313087808760676, -0.20056813684305952, 0.2657293587676547, -0.6182208079120176, -0.43915416694827963, -0.4540575530454006, 0.5772884123131159, -0.48121610366659945, 0.44900279546717653, 0.4306414003955701, 0.18777712113916778, 0.7799512487335499, -0.10173799695833446, -0.004753285157733215], [-0.30344006774027343, 0.7482432180133267, -0.42245712284995784, -0.6478946092064164, -0.11549900212491827, 0.43539048760607424, -0.43142905265053266, 0.3654112641806137, 0.49039690392090196, 0.40120417062645847, 0.21970934096278227, -0.3308104125613567, -0.23316853689007544, 0.1860013126181984, 0.07923724602302247], [-0.6338694911400384, 0.27823661824899687, -0.3412519965049659, -0.12299951371244011, -0.4026005846130836, 0.20736401224892692, 0.16782356631386308, -0.5390437811615584, -0.3504176618842567, 0.06665989520027071, 0.5626032633632998, 0.4932231692969233, 0.12640573146138914, 0.6920781642718392, -0.06896181776802492]], "inverted": false, "swapped": true, "error_lsq": 0.04456033435672177, "error_max": 0.30619773039763776, "target": "990.xyz", "model": "21.xyz", "model_rescale": 4.186013935880536, "target_rescale": 4.2240379888515385},
{"mapping": [12, 6, 2, 14, 9, 13, 11, 8, 5, 0, 10, 1, 15], "R": [[-0.3908011414085634, -0.8111729539047019, 0.43505506171895625], [0.6278957875834577, 0.11067764789117054, 0.7703877842958233], [-0.6730686055735434, 0.5742376660502155, 0.46607912963410797]], "T": [0.05666566743827798, -0.010428878471405337, 0.02198095027098486], "aligned_model": [[0.12082458135260593, -0.5003968759433277, 0.4605296479541449, 0.4772600333945002, -0.11117394633048547, 0.7346174432357515, -0.14824643034360244, -0.7629995409573281, 0.23706136806658765, -0.42157663102173504, -0.33698785939920967, 0.2211485769510169, 0.08851366846430658], [-0.22492825265857747, 0.07541465056706348, 0.14698296348468337, -0.6639420052110688, -0.317628195991999, -0.21484939747887213, -0.774005164665771, -0.0926688048943407, 0.6567587411514821, 0.48551996429441235, 0.25480907573015016, 0.2089901562791469, -0.02149707106021645], [-0.7776900698484068, -0.5540679695193662, -0.5265760838597482, 0.34526415661238113, 0.6312845239760045, -0.19511186046253065, 0.08689743391346168, 0.09413864997740186, 0.1392709387669856, -0.11535433255926113, 0.5373068044650531, 0.4896213145204537, -0.052103944647082706]], "inverted": true, "swapped": true, "error_lsq": 0.0497508759870139, "error_max": 0.2945865359782297, "target": "990.xyz", "model": "22.xyz", "model_rescale": 4.166573947596378, "target_rescale": 4.2240379888515385},
{"mapping": [4, 9, 7, 0, 9, 8, 1, 6, 2, 11, 3, 12, 5, 10, 14, 15], "R": [[-0.7868906418725821, -0.11698759438942036, -0.6059018241368255], [0.5844834027458108, -0.45624828955773467, -0.6709818553361337], [-0.1979451177676136, -0.8821289027316916, 0.42739481667112855]], "T": [-0.003246885941886206, 0.002121719957427406, 0.05468267450688233], "aligned_model": [[-0.5897913796993308, 0.38553440241893827, -0.36091271489041343, -0.7915032697452841, 0.38553440241893827, -0.31171418809212736, -0.5832612023305146, -0.08868969608630581, -0.26172636341987693, 0.526055384985226, -0.025507311376805113, 0.5064727137659515, -0.3813255754624083, 0.15958353712060652, 0.6581875804916377, -0.05457949215940582], [-0.331653969716301, -0.03866307533175964, 0.6139621447491078, 0.20318482625403955, -0.03866307533175964, 0.0733041870328621, -0.08232377411648775, -0.16730690203988, -0.5543692473365813, -0.5818283465409877, -0.5186456419806297, -0.13312082209784254, 0.5509857099920783, 0.7134024553439012, 0.42543573259468725, 0.011467976846486864], [-0.23585623715598594, -0.4009870266756854, -0.04079557978965778, -0.015895392323841462, -0.4009870266756854, -0.6895351162683668, 0.4603320454936817, 0.7916366080804688, 0.33093509935049403, 0.02410893979385551, -0.24487112736449693, 0.4436257805279651, 0.5515396017757219, -0.11415808448645307, 0.1510541253571603, 0.09985566967636228]], "inverted": true, "swapped": false, "error_lsq": 0.045253569464861275, "error_max": 0.42650903203433976, "target": "990.xyz", "model": "23.xyz", "model_rescale": 4.274766983524099, "target_rescale": 4.2240379888515385},
{"mapping": [14, 7, 8, 1, 0, 5, 4, 2, 13, 12, 15], "R": [[-0.4360740322356752, -0.7303314265437897, -0.5257903059321583], [0.5790985583898673, 0.2194863626231295, -0.7851564151767761], [0.6888282065076148, -0.6468707320825248, 0.3272215730885142]], "T": [-0.11821671042217369, 0.10072373236862006, -0.06988809331685619], "aligned_model": [[0.48297930044929854, 0.10969695381060904, -0.5202842684679596, -0.37052500491804075, -0.69947496570373, -0.5722395659997227, -0.02165230345143665, 0.18137857015619097, 0.4797007269233153, 0.3756328054264258, -0.06531754426687485], [-0.27478748420198285, 0.6532137062257823, 0.6845520515904191, -0.3640419461264798, 0.4363356101821577, -0.2524550109254101, -0.5829830858976991, 0.1107277032335778, -0.22393554571525778, 0.6029422123577048, 0.12601832052067138], [-0.5238107097829627, -0.15266425536865774, -0.4956901194051917, -0.1891367378776734, 0.13758585378167854, 0.33081989497771624, 0.1314460225446797, 0.5617304710576716, 0.22273237528140583, 0.369986141247639, -0.013432502434728016]], "inverted": true, "swapped": true, "error_lsq": 0.051749555524872884, "error_max": 0.21516769135063735, "target": "990.xyz", "model": "24.xyz", "model_rescale": 3.7841303162186577, "target_rescale": 4.2240379888515385},
{"mapping": [4, 8, 7, 6, 0, 1, 3, 13, 12, 9, 2, 14, 11, 7, 10, 15], "R": [[0.5423098124403112, -0.7417657507739772, 0.3945676599896052], [-0.827717268517659, -0.391102791709973, 0.40239623471689123], [-0.1441672318129904, -0.544813892348005, -0.8260712027277044]], "T": [-0.016741591392638103, -0.019103822219703956, 0.014771048803629498], "aligned_model": [[-0.630352762492538, 0.1660452415035512, 0.019708811329309447, -0.6650001684937232, 0.15857948833262464, -0.1929330912889557, -0.7168906400512554, -0.15920005830649875, -0.0077621644750321545, 0.42271869386897176, -0.015187120585159083, 0.47566886391164287, -0.23647485966919374, 0.019708811329309447, 0.6154123992926273, -0.08168461626685462], [-0.3088300202294363, -0.21936248929066243, 0.6257361189910061, 0.29834636247605184, 0.41780157188221834, 0.006587521695607876, -0.1583478078621452, -0.07386555512709451, -0.6135026806232386, -0.39094318190623306, -0.7304383196213707, -0.227332088606727, 0.5025971444213914, 0.6257361189910061, 0.3872612211949394, 0.003724261935620518], [-0.295461773036017, -0.5105319338850344, -0.06045114513562728, -0.017051108485530674, -0.5506545828759092, -0.7072628174487194, 0.3881399143481364, 0.7820433180044476, 0.4857076405534551, 0.11845738730499766, -0.23581595076747536, 0.6008358019623972, 0.533397081105264, -0.06045114513562728, 0.21602682841879264, 0.023074764387986786]], "inverted": true, "swapped": false, "error_lsq": 0.045536713631542776, "error_max": 0.33048885684076373, "target": "990.xyz", "model": "25.xyz", "model_rescale": 4.19342608120988, "target_rescale": 4.2240379888515385},
{"mapping": [5, 2, 0, 9, 10, 4, 8, 14, 6, 13, 7, 15], "R": [[-0.599734120610844, 0.5679471933959283, 0.5636975874427936], [0.600844200516154, -0.145634439157441, 0.7859878223213141], [0.5284933597324017, 0.8100781416906557, -0.2539058350526287]], "T": [-0.03427647928512061, 0.015790348185352136, -0.009700719962559334], "aligned_model": [[-0.23453402199134216, 0.48356605258801616, 0.0512886194393418, -0.5988179428015479, -0.5702815277121963, -0.3256802891248843, -0.0804783212446645, -0.284314496557488, 0.5376542184486853, 0.19301565671433513, 0.3864038793609159, 0.03998672751260957], [-0.6555194931269043, -0.29411585388906397, -0.37260561345243703, 0.42471427394938754, -0.08920854808883875, -0.2892406134671047, 0.2887184645608925, 0.5921154864928405, -0.011809289571169109, 0.034251366561318504, 0.3751776856802849, 0.010298562091774172], [0.016354673552115645, 0.34328182994531625, -0.5888113496792513, -0.09839435261639984, -0.4485045797716484, 0.5728411723434432, -0.7889290729313336, 0.5504969093352623, -0.576845925085218, 0.6949503448090304, -0.2503466841058894, 0.023165495413993938]], "inverted": false, "swapped": true, "error_lsq": 0.05081423438798483, "error_max": 0.26764867330939607, "target": "990.xyz", "model": "26.xyz", "model_rescale": 3.795458400668931, "target_rescale": 4.2240379888515385},
