[{"mapping": [1, 5, 12, 11, 7, 9, 0, 3, 6, 2, 13], "R": [[0.6463093197247223, -0.10650114414863177, 0.7556068882242931], [0.46057189577082036, -0.7350590594711239, -0.49755573347666227], [0.6084059434810277, 0.6695862045953898, -0.42602408682197956]], "T": [-0.06495574080537868, 0.05200834517977138, 0.12283316230229643], "aligned_model": [[-0.10294709968959058, -0.6641370867794663, 0.3847107175958212, -0.03883302845495301, 0.2947072581072282, 0.6225025524559195, 0.327545872145146, -0.44585282236814644, -0.6486409319240415, -0.06961249903696003, 0.017902109686129625], [0.6257155371110334, 0.12743973786199092, 0.3438580800828119, -0.27695978643557306, -0.6119301371032734, -0.12204234901552033, 0.4901556699357653, 0.1653114042136797, -0.36514837859581445, -0.033739392546528406, -0.0839715191380935], [0.17243989571066368, 0.5785667248981397, 0.34133628905235647, 0.737779837327251, 0.08786601440107053, -0.061152224727833604, -0.3765482953240644, -0.21669612342760533, -0.14143592341384062, -0.6412897895106288, 0.15724123355630798]], "inverted": false, "swapped": false, "error_lsq": 0.048661132179004744, "error_max": 0.22597302150898502, "target": "991.xyz", "model": "0.xyz", "model_rescale": 3.8414455957264533, "target_rescale": 3.7894864736704594},
{"mapping": [13, 11, 8, 12, 10, 6, 9, 0, 1, 4, 14], "R": [[-0.9216602475386846, 0.2956417860241385, -0.25127340182237484], [0.1155227028539204, -0.40914817001244874, -0.905125560406284], [-0.3704009897830403, -0.863246030591466, 0.34294226545560436]], "T": [0.0353509661502235, -0.004135327938169439, -0.12620820076024156], "aligned_model": [[-0.14305708223765445, -0.5817984548003458, 0.44982223220374373, -0.04731423719246294, 0.2901132312971142, 0.7879366089920933, 0.39610327736205686, -0.5791649784656867, -0.6879763016590134, -0.19282728396034482, -0.014491969802413629], [0.6148788658010126, 0.02282048937447019, 0.2344740505686787, -0.11666653008777343, -0.5081382980841227, -0.19463524293793127, 0.5707329384363921, 0.31229682467883535, -0.46955566487244316, -0.13533325603861635, -0.07218531046802379], [0.27359049465932705, 0.46087388742109503, 0.5027445252892915, 0.6239869315661087, 0.2603904215234816, -0.21195087599851414, -0.1961648034812729, -0.34474473342732503, -0.03304455559565132, -0.6021693595608518, -0.09540429385387178]], "inverted": true, "swapped": false, "error_lsq": 0.04267035524823528, "error_max": 0.20116662898262322, "target": "991.xyz", "model": "1.xyz", "model_rescale": 4.316132596720782, "target_rescale": 3.7894864736704594},
{"mapping": [3, 7, 6, 10, 1, 2, 4, 5, 9, 0, 11], "R": [[0.22171092836668244, -0.2794795584230117, -0.9342031046118733], [-0.8895148274872755, 0.33455023347416074, -0.31119047697940205], [0.39950924385183767, 0.8999818429868813, -0.1744277683480186]], "T": [-0.013286952413756378, -0.05595073869980974, 0.09340081554011129], "aligned_model": [[-0.21853333225059024, -0.7698500439225674, 0.49516597705142734, 0.027525174052702665, 0.08520285531101186, 0.7140218482983604, 0.3561759433568605, -0.4743899287133019, -0.6051945057845799, 0.005886071417253825, 0.06133498292050969], [0.5455120501168524, 0.17310696477966536, 0.44298996019273185, -0.209594893973445, -0.5793761433526073, -0.23584201812103303, 0.5113425472060298, 0.19191781619350323, -0.4979101667646342, -0.12972849022337954, 0.04627124031679493], [0.258123145756354, 0.5124544837296359, 0.5040463567388506, 0.7032890368338385, -0.011111704969159378, -0.2799441157766267, -0.27538805027837987, -0.28303657189609965, 0.028064627717499485, -0.6123635198606988, 0.0939739505466028]], "inverted": false, "swapped": false, "error_lsq": 0.04178845635259017, "error_max": 0.1824598345426959, "target": "991.xyz", "model": "2.xyz", "model_rescale": 3.795458400668931, "target_rescale": 3.7894864736704594},
{"mapping": [1, 2, 8, 6, 5, 9, 7, 0, 10, 4, 11], "R": [[-0.8585854923419975, 0.10790611194023456, -0.5011858171833993], [-0.15330684437344652, 0.8788254920821932, 0.4518437406169828], [0.4892115736653273, 0.46478169657639595, -0.7380040722919226]], "T": [-0.05529072400829639, 0.017896142683196295, 0.08204700888093108], "aligned_model": [[-0.20735374196569062, -0.654064834299027, 0.507175471160656, 0.048413837423211745, 0.16301301690012893, 0.7655853716103833, 0.36922576064426915, -0.518175294725593, -0.5670589731924932, -0.15297405764853078, -0.0764415141702275], [0.5735830771993349, -0.044253927685652276, 0.31535565491232576, -0.02258484873464707, -0.647151897093075, -0.2062251810008151, 0.46471010756133857, 0.43980396948280975, -0.4840128631364088, -0.21229844042465024, 0.08176321528991783], [0.3357352256695658, 0.5567387457098649, 0.5356024684533034, 0.6607550094244098, 0.019763808542874017, -0.09255743183932169, -0.3690021366277092, -0.3869301803861294, -0.07667080487757719, -0.5082267865397465, -0.037100278987717214]], "inverted": true, "swapped": false, "error_lsq": 0.03915110475232213, "error_max": 0.18811468672086776, "target": "991.xyz", "model": "3.xyz", "model_rescale": 3.7530521520055578, "target_rescale": 3.7894864736704594},
{"mapping": [5, 8, 3, 9, 4, 2, 1, 7, 6, 0, 10], "R": [[0.7049491829866241, -0.09715051835276536, -0.7025727195033122], [-0.37103137464168784, 0.793709041064329, -0.48203908261078054], [0.6044686662168606, 0.6004895793571545, 0.5234786496558166]], "T": [0.014303599363639702, 0.04370670267120916, 0.11904446758939968], "aligned_model": [[-0.14167532413301717, -0.8690209548339451, 0.6397134005983384, -0.0504817902070655, 0.1708102720990368, 0.6302892866288229, 0.389507893662125, -0.4658879871306205, -0.4567038640229597, -0.17279479655985827, 0.0035889056362297285], [0.7071279030677982, 0.026556141358991342, 0.2665023984016226, -0.04679166411513028, -0.6578433585269473, -0.09819065229991744, 0.5411688366888221, 0.30523723052630847, -0.5173740057833105, -0.2798082505092936, 0.012104287561534657], [0.34948454283518593, 0.36587048374736797, 0.49226617593187594, 0.6528765270897475, -0.03275829073115483, -0.12951690664973622, -0.36745222671424094, -0.1262487524827528, 0.02067805729495853, -0.6161783905164943, 0.029086418737059874]], "inverted": false, "swapped": false, "error_lsq": 0.0448492902893921, "error_max": 0.24084193192851605, "target": "991.xyz", "model": "4.xyz", "model_rescale": 3.7855080009869324, "target_rescale": 3.7894864736704594},
{"mapping": [14, 15, 12, 13, 6, 1, 2, 9, 10, 5, 16], "R": [[-0.6761226077227649, -0.686921712936607, 0.2664522088900859], [0.6673835413476015, -0.7242099499196102, -0.17354871700986454], [0.31218172282262524, 0.060485607657306664, 0.9480949652866131]], "T": [0.01620880494561395, -0.10713396480361191, 0.027261761731622487], "aligned_model": [[-0.0825688942893075, -0.6596500714506398, 0.44414934250948307, 0.04761811206111128, 0.24369607101790586, 0.7415111328139488, 0.1598352533144299, -0.4556376191159658, -0.6508546397828587, -0.1134935070937168, 0.002739861752696273], [0.514230763887252, 0.1081252016686028, 0.24813972510407584, -0.17275177445777556, -0.6650503456922618, 0.008991155880308549, 0.5432018981492943, 0.3838163031369269, -0.2825123157511245, -0.37210305526336773, -0.05539869029145248], [0.2759508017105764, 0.447019283560519, 0.419323956515914, 0.7480775477394712, 0.27837114781272376, -0.15591964705291905, -0.2924574842717269, -0.18068728433124187, -0.2077554053013403, -0.7264437085761662, 0.03262843073600686]], "inverted": false, "swapped": false, "error_lsq": 0.04577555315685588, "error_max": 0.22436618419561472, "target": "991.xyz", "model": "5.xyz", "model_rescale": 4.2253639853439635, "target_rescale": 3.7894864736704594},
{"mapping": [11, 7, 5, 6, 4, 10, 8, 9, 0, 1, 13], "R": [[0.9938860669557914, 0.01145804366721575, -0.10981438497058714], [-0.055058294367851306, -0.8106786105228058, -0.5828968816712919], [-0.09570303094704562, 0.5853792818986109, -0.8050913154365879]], "T": [-0.036443793639463505, 0.011288281034407016, 0.09429790332420215], "aligned_model": [[-0.05074294819401543, -0.6658893417091614, 0.48307133500642674, -0.060936981097211754, 0.11219459589792447, 0.696104549981952, 0.24052606448953154, -0.37138231919551695, -0.717494897367137, 0.058539700578792174, -0.04664471665449753], [0.6890867500353983, -0.12301452513602049, 0.284936435736474, 0.049675510207598944, -0.6730344972948225, -0.06313759335083556, 0.5214679272394381, 0.24649671511562127, -0.3391913109444502, -0.302088602037643, -0.032507943200280456], [0.4763169583622012, 0.5581430006324498, 0.33086075963702777, 0.7358931593288531, -0.008270495425226537, -0.1632796342613795, -0.36272430826381763, -0.35857029397031204, -0.14318072528109105, -0.562572591477021, 0.1354918092601327]], "inverted": true, "swapped": false, "error_lsq": 0.04532331513395131, "error_max": 0.22122853421949276, "target": "991.xyz", "model": "6.xyz", "model_rescale": 3.89814844738969, "target_rescale": 3.7894864736704594},
{"mapping": [1, 5, 0, 6, 8, 7, 4, 10, 9, 11, 12], "R": [[-0.37692100211045404, 0.9262416494503664, 0.002639127036682787], [-0.7136332383279756, -0.2922170298406503, 0.6366606699212977], [0.5904728269121096, 0.2380874089375017, 0.7711395634927889]], "T": [0.10663694283613168, 0.056663329414665044, 0.042348567698228576], "aligned_model": [[-0.1533397151072075, -0.5582989976513123, 0.40807043031209855, -0.04701231848492546, 0.12324874534513812, 0.7366351146616317, 0.268407696798062, -0.4843706524334168, -0.6717893192529569, 0.04434019212752483, 0.011453865422450318], [0.5850256463870014, 0.1507763642828215, 0.34711336234291434, -0.25010845860246256, -0.6196381082349887, -0.03716033473636803, 0.4241044847699839, 0.2872951954488752, -0.3813362377361389, -0.39474041615154815, 0.14735736860038814], [0.6490132290739156, 0.4316807340302843, 0.46161819272294213, 0.6251511291202306, 0.03713457065686841, -0.1175704839740405, -0.46194599790605284, -0.32700577132516784, 0.029906192509709204, -0.6267509335442647, -0.06312322282260749]], "inverted": true, "swapped": false, "error_lsq": 0.04854303608731485, "error_max": 0.2577018372268525, "target": "991.xyz", "model": "7.xyz", "model_rescale": 3.7474275329858107, "target_rescale": 3.7894864736704594},
{"mapping": [5, 10, 3, 0, 1, 2, 8, 11, 12, 13, 14], "R": [[0.4149763388022836, -0.6707978398548705, -0.614674626351448], [-0.22682648093600954, -0.7305349590876055, 0.6441028032054021], [-0.8811040720484946, -0.12786294067051002, -0.45530943612300756]], "T": [-0.0953503544670939, 0.07576258447164566, 0.04264654111289285], "aligned_model": [[0.040937142750598884, -0.7111865722940979, 0.41843249477753736, 0.005587581142152562, 0.25255748858592353, 0.6975042588880888, 0.3693318483802785, -0.6457915050325631, -0.4860797717493757, -0.2011221720350161, -0.0628257516764402], [0.7369337554055753, -0.001520176860467487, 0.3169254996134253, -0.18347103284571029, -0.5708735184427489, -0.16034915297243477, 0.4982202676477947, 0.2417335797394766, -0.35920319190459715, -0.30337378823111116, 0.04366662522127597], [0.282020442885583, 0.47857828726322443, 0.48082706232190286, 0.6399929250765559, 0.20272059647394824, -0.11298862641806012, -0.22345545463099176, -0.19388701693719684, -0.15427454625719147, -0.7655488326642298, 0.00412280142827233]], "inverted": false, "swapped": false, "error_lsq": 0.0456058257307526, "error_max": 0.24514748935801953, "target": "991.xyz", "model": "8.xyz", "model_rescale": 4.019505241142653, "target_rescale": 3.7894864736704594},
{"mapping": [9, 10, 7, 1, 2, 4, 8, 11, 6, 5, 12], "R": [[-0.04819731633940488, -0.9870815694755146, -0.15279723132123302], [-0.10881603700122877, -0.14687556980446997, 0.9831513805543679], [-0.992892788164476, 0.06401204727523807, -0.1003312962868822]], "T": [-0.014391474722451988, -0.07015377775570991, 0.07971724862508513], "aligned_model": [[-0.1673246102222662, -0.8000305740738834, 0.7406923518986784, -0.08379470102742834, 0.02868616808187456, 0.7355479077047904, 0.20199116175985626, -0.31967152474219945, -0.6344483323260979, -0.0069319535906786495, -0.017370851725558974], [0.5636607227619026, -0.0425247257593155, 0.3932474588151607, -0.08566178417856612, -0.6559160313529211, -0.049277250368138445, 0.5318693674546942, 0.3078665185668075, -0.3939203068668189, -0.24570934134697256, -0.06494576135535438], [0.2852183348271965, 0.5489587634911941, 0.26597432579391334, 0.7514671991913696, 0.15042128788591957, -0.27348207828820803, -0.1368090053166479, -0.30906838719646385, -0.1171750212407852, -0.5680862082803225, 0.04068842767465098]], "inverted": false, "swapped": false, "error_lsq": 0.046508669452176174, "error_max": 0.27007203210917374, "target": "991.xyz", "model": "9.xyz", "model_rescale": 3.877068213659057, "target_rescale": 3.7894864736704594},
{"mapping": [5, 1, 12, 0, 8, 10, 6, 4, 7, 2, 15], "R": [[0.51163883847596, 0.8035690190473777, 0.30414228675112887], [0.7803878078509032, -0.5827177546429503, 0.22679260962725484], [0.3594726252729582, 0.12131302506785374, -0.9252365003761222]], "T": [0.08514106206551161, 0.052448672447426806, -0.11990188996436543], "aligned_model": [[-0.26324721337705514, -0.5673117137852955, 0.4334391136602205, 0.10843116860089064, -0.0462017384192267, 0.7756486559770105, 0.4878581979442982, -0.5419104472168096, -0.6245303880032719, -0.17617895039905276, 0.09134835675537845], [0.4840442709998865, -0.008396728919081789, 0.43849499730913283, -0.050226252392621115, -0.6521170334134977, -0.09112967308773721, 0.5052742564048464, 0.22956531270137126, -0.3505857469681285, -0.29043853760205174, 0.04420400133835939], [0.43086692822238326, 0.4488773489504876, 0.41661643966625383, 0.6691997932048263, 0.1658587978385955, -0.19602876369379038, -0.23423681073687888, -0.30300508544955873, -0.1051961380133428, -0.624377429727702, -0.030467441719457672]], "inverted": false, "swapped": false, "error_lsq": 0.0460460292661506, "error_max": 0.22924534848040415, "target": "991.xyz", "model": "10.xyz", "model_rescale": 4.260839863003843, "target_rescale": 3.7894864736704594},
{"mapping": [4, 9, 5, 10, 7, 0, 3, 2, 8, 1, 11], "R": [[0.20905532941919172, 0.43007659305218965, -0.8782539458209423], [-0.9758565482579236, 0.03366567020086683, -0.2158022703125654], [-0.06324449749633804, 0.902164478772329, 0.42673104735639755]], "T": [-0.006571792735507551, -0.0031348518319800796, 0.09557429352192057], "aligned_model": [[-0.25755876530731836, -0.6844875999912415, 0.4111359210032377, -0.04268110484666014, 0.20645082110681523, 0.7666808241827047, 0.2886931027117284, -0.41759310686261863, -0.5995868461099226, -0.008943179353697664, 0.015234975204059732], [0.5869924813582302, 0.10001910460022238, 0.4583648666536583, -0.20072890016351544, -0.6216862071893632, -0.2873653965485347, 0.4682719116258011, 0.3558699444909688, -0.399362816414934, -0.15816765423618834, -0.043518467805866934], [0.44892699101023614, 0.5024190805137179, 0.3585366063515819, 0.68970096493553, 0.05530996613930626, -0.20663036781588065, -0.34536490443575607, -0.31979802343214636, 0.012207911733263632, -0.610980622847286, 0.053780036389250066]], "inverted": false, "swapped": false, "error_lsq": 0.03350379369029385, "error_max": 0.1532694010235435, "target": "991.xyz", "model": "11.xyz", "model_rescale": 3.890672605050136, "target_rescale": 3.7894864736704594},
{"mapping": [0, 3, 6, 8, 5, 9, 11, 4, 7, 12, 13], "R": [[-0.9195807065678577, 0.2703443494215596, -0.2851056941626971], [0.3892230349642286, 0.52775629734425, -0.754969350150536], [-0.053635372296597095, -0.8052249520160945, -0.5905387569747511]], "T": [0.08659459998826186, 0.191567274955741, 0.03782602791547694], "aligned_model": [[-0.2561701018380215, -0.7469036820984449, 0.5276429234873952, -0.05256935735757373, 0.20358762231240282, 0.7085294339856045, 0.3999806460587505, -0.5161369354855059, -0.4442136374900512, -0.10035509770030876, -0.046046772137160435], [0.501720639891533, 0.1089316932813067, 0.303219142516821, -0.11915528875557324, -0.5773265152240686, -0.20601783705120574, 0.4838234705908326, 0.4186047512276635, -0.47410098562083625, -0.29129085953369444, 0.11028065504769999], [0.4052655319813302, 0.42707547287573877, 0.39147639303657267, 0.6728661268184105, 0.028490398025123362, -0.20904146081587244, -0.3073372177183257, -0.23826403771284638, -0.007918394285727617, -0.4979257609164477, -0.0265794127461393]], "inverted": false, "swapped": false, "error_lsq": 0.03893688494304749, "error_max": 0.23650411952325237, "target": "991.xyz", "model": "12.xyz", "model_rescale": 4.124412569039231, "target_rescale": 3.7894864736704594},
{"mapping": [9, 3, 8, 6, 1, 2, 10, 7, 0, 4, 12], "R": [[0.5527306183232237, 0.8333580515392519, -0.001794854514616251], [0.21292281931466228, -0.14330418165601697, -0.9665028631799262], [-0.8057001530241401, 0.5338335596930948, -0.25664955476734497]], "T": [-0.16030048923071005, 0.059676988591717856, 0.029613448908162497], "aligned_model": [[-0.16670331698282143, -0.7016574972811165, 0.45096809344238686, -0.049518389864693355, 0.23809370910851785, 0.6421765800105699, 0.21919215118291774, -0.4176605969612428, -0.5180869044919749, 0.05333073178625611, -0.07278951821171262], [0.5511022003846162, -0.04038843651297212, 0.1528432380970381, -0.09195455665682647, -0.6063618113319393, -0.1187618525006725, 0.46887163427542033, 0.5874088118835961, -0.378198912106411, -0.35622909609536757, 0.09035764693399671], [0.43839399762773407, 0.4831251646325271, 0.39371081320565127, 0.671756747346818, 0.27565953937625176, -0.22842849919417954, -0.4532475560541281, -0.19025599451225148, -0.10085099083049373, -0.6025733003017414, -0.04918228275437119]], "inverted": false, "swapped": false, "error_lsq": 0.04861209222362075, "error_max": 0.2820385805270851, "target": "991.xyz", "model": "13.xyz", "model_rescale": 3.9028299243045295, "target_rescale": 3.7894864736704594},
{"mapping": [9, 7, 14, 10, 5, 12, 11, 6, 3, 2, 15], "R": [[0.8530078048590759, 0.5164411512280548, 0.07527431280152827], [-0.5209113375172917, 0.8336273114074859, 0.18362157858343608], [0.03207901643515835, -0.1958418826343542, 0.9801106538094487]], "T": [-0.009008118846712515, -0.1642205544445564, -0.05110424652711219], "aligned_model": [[-0.21799341095269814, -0.5872241141642529, 0.4368338944233473, 0.0017076683737746803, 0.2745241944574265, 0.6610628356841982, 0.35224959843042414, -0.4606880726192608, -0.6134067184210829, -0.11005624195139815, -0.05966459152339133], [0.5212465761712766, 0.14078669406845123, 0.37573635752748846, -0.15077949076320613, -0.5461161032566335, -0.11858629085625594, 0.4757867361542354, 0.2783638971820349, -0.2947644054662609, -0.3427305580033194, -0.08025454638733276], [0.24437065425522975, 0.5760040351520894, 0.4899337236744865, 0.6939173046781758, 0.1382817370225654, -0.23321058590516308, -0.1268684730857746, -0.26208406733387846, -0.1307916422124656, -0.7582628037137273, 0.006817756010278744]], "inverted": false, "swapped": false, "error_lsq": 0.0440280629115214, "error_max": 0.19698253650350755, "target": "991.xyz", "model": "14.xyz", "model_rescale": 3.942246331269136, "target_rescale": 3.7894864736704594},
{"mapping": [8, 7, 12, 0, 5, 3, 13, 6, 9, 10, 14], "R": [[0.02013677900989369, -0.9997058318987768, 0.013518868247057614], [-0.4913126062694246, 0.0018817812884395768, 0.8709812752407069], [-0.8707504998860766, -0.024180747853552342, -0.49113018475898096]], "T": [0.021711979741681854, 0.014753892904237356, -0.034178825761938605], "aligned_model": [[-0.32221346588589905, -0.691531131755109, 0.7168575293908824, -0.08112730991949288, 0.16517521975747135, 0.6658296719343505, 0.48535581250244114, -0.5042195002016167, -0.5980919066652632, -0.20099388773300142, 0.04230401031232324], [0.6017339765518611, -0.055775848116469864, 0.3222363420924826, 0.05605167987470856, -0.5714068241467813, -0.2887730362828465, 0.6530910046360942, 0.19210489704365413, -0.4831727731400184, -0.1750392696080696, 0.0076387174658635315], [0.3346173178441055, 0.43196420771916727, 0.26632652594890444, 0.6927572485675613, 0.16232428042094538, -0.13180941709117291, -0.23036744580413254, -0.1029690072838189, -0.16096401326134913, -0.6848562943276542, 0.061084235809260354]], "inverted": false, "swapped": false, "error_lsq": 0.05212466959147961, "error_max": 0.2471574908019153, "target": "991.xyz", "model": "15.xyz", "model_rescale": 4.355366556412066, "target_rescale": 3.7894864736704594},
{"mapping": [3, 7, 6, 10, 1, 2, 4, 5, 9, 0, 11], "R": [[0.22171092836668244, -0.2794795584230117, -0.9342031046118733], [-0.8895148274872755, 0.33455023347416074, -0.31119047697940205], [0.39950924385183767, 0.8999818429868813, -0.1744277683480186]], "T": [-0.013286952413756378, -0.05595073869980974, 0.09340081554011129], "aligned_model": [[-0.21853333225059024, -0.7698500439225674, 0.49516597705142734, 0.027525174052702665, 0.08520285531101186, 0.7140218482983604, 0.3561759433568605, -0.4743899287133019, -0.6051945057845799, 0.005886071417253825, 0.06133498292050969], [0.5455120501168524, 0.17310696477966536, 0.44298996019273185, -0.209594893973445, -0.5793761433526073, -0.23584201812103303, 0.5113425472060298, 0.19191781619350323, -0.4979101667646342, -0.12972849022337954, 0.04627124031679493], [0.258123145756354, 0.5124544837296359, 0.5040463567388506, 0.7032890368338385, -0.011111704969159378, -0.2799441157766267, -0.27538805027837987, -0.28303657189609965, 0.028064627717499485, -0.6123635198606988, 0.0939739505466028]], "inverted": false, "swapped": false, "error_lsq": 0.04178845635259017, "error_max": 0.1824598345426959, "target": "991.xyz", "model": "16.xyz", "model_rescale": 3.795458400668931, "target_rescale": 3.7894864736704594},
{"mapping": [1, 5, 0, 6, 8, 7, 4, 10, 9, 11, 12], "R": [[-0.37692100211045404, 0.9262416494503664, 0.002639127036682787], [-0.7136332383279756, -0.2922170298406503, 0.6366606699212977], [0.5904728269121096, 0.2380874089375017, 0.7711395634927889]], "T": [0.10663694283613168, 0.056663329414665044, 0.042348567698228576], "aligned_model": [[-0.1533397151072075, -0.5582989976513123, 0.40807043031209855, -0.04701231848492546, 0.12324874534513812, 0.7366351146616317, 0.268407696798062, -0.4843706524334168, -0.6717893192529569, 0.04434019212752483, 0.011453865422450318], [0.5850256463870014, 0.1507763642828215, 0.34711336234291434, -0.25010845860246256, -0.6196381082349887, -0.03716033473636803, 0.4241044847699839, 0.2872951954488752, -0.3813362377361389, -0.39474041615154815, 0.14735736860038814], [0.6490132290739156, 0.4316807340302843, 0.46161819272294213, 0.6251511291202306, 0.03713457065686841, -0.1175704839740405, -0.46194599790605284, -0.32700577132516784, 0.029906192509709204, -0.6267509335442647, -0.06312322282260749]], "inverted": true, "swapped": false, "error_lsq": 0.04854303608731485, "error_max": 0.2577018372268525, "target": "991.xyz", "model": "17.xyz", "model_rescale": 3.7474275329858107, "target_rescale": 3.7894864736704594},
{"mapping": [5, 12, 4, 9, 2, 0, 8, 10, 7, 1, 13], "R": [[-0.5833340651740345, 0.7484240264391924, 0.3155674968308406], [0.7272918089135576, 0.6542716990236411, -0.20730453092965262], [-0.36161857404561026, 0.10858186084823476, -0.9259816339431114]], "T": [-0.0931684739150565, -0.00013177686278613085, -0.037293253602233026], "aligned_model": [[-0.2032215676113984, -0.6896691597386526, 0.5036342246051404, -0.105703961474096, 0.2313024405780642, 0.7043849698912719, 0.30501139200636934, -0.42421626239272764, -0.6112720274444328, -0.024188105933709236, -0.008716900748742526], [0.5754554647015565, 0.10501167114374087, 0.35876547515123147, -0.13253349098173786, -0.6260702662526523, -0.15244434538293022, 0.561850086655038, 0.5865426879028744, -0.5392303738476772, -0.4153533521572873, -0.06330469056167774], [0.38674398602007765, 0.4013053219389764, 0.41464161289558826, 0.6184786682624468, 0.04487947276127975, -0.23692235099119424, -0.24340882960397303, -0.18782499311063472, 0.05414356931639215, -0.5862478683499255, -0.027680950597216772]], "inverted": true, "swapped": false, "error_lsq": 0.0415479467752259, "error_max": 0.28125327110480564, "target": "991.xyz", "model": "18.xyz", "model_rescale": 3.922800546911778, "target_rescale": 3.7894864736704594},
{"mapping": [12, 7, 5, 3, 2, 1, 8, 13, 11, 4, 14], "R": [[-0.5851773803031909, -0.15001793150051995, -0.796907807597466], [-0.8077070057216156, 0.02063454712568069, 0.5892228851403687], [-0.07195016671083376, 0.9884679234518554, -0.13324540448758393]], "T": [0.06255691502935513, -0.03898395329794223, 0.003984078376112178], "aligned_model": [[-0.18969625352137076, -0.613705878815436, 0.5142313241898264, -0.01979172823139526, 0.2335656396731049, 0.772859071344956, 0.2531675506674342, -0.4700503998017873, -0.5784008364545369, -0.21129208016118883, -0.013541367152519676], [0.5616926588110759, -0.0437162884317943, 0.47307167169987985, -0.06259424286301815, -0.6973555328730928, -0.23106158184279113, 0.42389215601742647, 0.32007409164736844, -0.2834157793310767, -0.14858205621774945, -0.05331623024574984], [0.4446313195882459, 0.4292572349755779, 0.3450456347018641, 0.6378693193818261, 0.22855442835852954, -0.07701008982037172, -0.3478737722231505, -0.23936857800675268, -0.18750967087859727, -0.656971383634509, 0.061483196099154]], "inverted": false, "swapped": false, "error_lsq": 0.04234580814936846, "error_max": 0.23054989081195013, "target": "991.xyz", "model": "19.xyz", "model_rescale": 3.9282355846067225, "target_rescale": 3.7894864736704594},
{"mapping": [5, 6, 2, 7, 12, 10, 1, 4, 8, 11, 13], "R": [[0.44385236091572944, -0.8093400064419588, 0.384660676027669], [-0.27718454655533215, -0.5322097903046477, -0.7999509149034071], [0.852152456348304, 0.24843810713417802, -0.4605591146238871]], "T": [-0.13981076625852099, 0.005222864290383544, 0.04771622057309624], "aligned_model": [[-0.1293636220826417, -0.6127711264823779, 0.5476095388594673, 0.02947452572463702, 0.28366170064800633, 0.6650456817763346, 0.2528088248840479, -0.5438243130956161, -0.7551777162039595, -0.033874684892706924, -0.02624376739810441], [0.5742651319675104, 0.22236630342152075, 0.3209387647779529, -0.18515189626302778, -0.7039928103859693, -0.15746187775620424, 0.6237892953253289, 0.10608361441199843, -0.4168857212812963, -0.22004730223405183, 0.09478536438671654], [0.45240363948309104, 0.4426861922877645, 0.37404888006443937, 0.6162210286811992, 0.24890901823998904, -0.21300225164054706, -0.10952952135445143, -0.4276447033540054, -0.09982847783965507, -0.6241424476487728, -0.02201371837723458]], "inverted": false, "swapped": false, "error_lsq": 0.04685065706310703, "error_max": 0.28390057625237325, "target": "991.xyz", "model": "20.xyz", "model_rescale": 4.067790424073018, "target_rescale": 3.7894864736704594},
{"mapping": [3, 12, 2, 0, 8, 4, 6, 11, 9, 13, 14], "R": [[0.877056721208905, 0.07348844957869453, 0.4747325094838198], [0.05799402794490395, 0.964804399960746, -0.2564939814871118], [-0.47687335898015, 0.2524914208342628, 0.8419262924390022]], "T": [-0.02263869465137847, -0.10249976791988245, -0.01570139212466963], "aligned_model": [[-0.17204056600265, -0.6977050745818304, 0.4552304488108227, 0.0720540474042975, 0.30467819756867176, 0.7778938186712566, 0.3544944793962705, -0.41278191859768953, -0.6738018575412489, -0.23503778348836707, -0.09563874990244654], [0.6369136087228543, 0.10796684968280272, 0.2765567612677732, -0.1609214740068713, -0.5561189254073512, -0.11007113233076495, 0.477113430805568, 0.35810926384300534, -0.512424900518357, -0.1446664048728909, -0.11376821081528943], [0.37760759064758337, 0.279261406309586, 0.4105369929907986, 0.6857814789283745, 0.09502895038731125, -0.05523447056009588, -0.2790946562590601, -0.2473473259253336, 0.09383317058625569, -0.6814581847047289, -0.040807313858874275]], "inverted": true, "swapped": false, "error_lsq": 0.04429164716400932, "error_max": 0.2639382339272007, "target": "991.xyz", "model": "21.xyz", "model_rescale": 4.186013935880536, "target_rescale": 3.7894864736704594},
{"mapping": [4, 3, 7, 6, 0, 1, 9, 11, 5, 2, 12], "R": [[0.8689746162022889, -0.1862949540790511, 0.4584509859088203], [0.36271317861836533, -0.39043944757412474, -0.8461655794432756], [0.33663372744371134, 0.9015826239800193, -0.2717103341513836]], "T": [0.0013282896562737574, 0.11273552756619708, -0.033225116933584944], "aligned_model": [[-0.15002211223732156, -0.7451446758552048, 0.5538624444875829, -0.05593034946643395, 0.21795144433372657, 0.6655236195770501, 0.3102412592772167, -0.4882387750927676, -0.5296172900372039, -0.0671699779886372, -0.034110545260920444], [0.5809949738126369, -0.048341426857049855, 0.2777904811815711, -0.05778537111106412, -0.5510940920709239, -0.1833867997439233, 0.4737135557314106, 0.4856106626389819, -0.44297377606926325, -0.39802395725662365, 0.12218461611472592], [0.5010428828718408, 0.48559178839123024, 0.42041197360546145, 0.49355464765244156, 0.15168860877761015, -0.11246757343396793, -0.4328729626931447, -0.1755423733339238, -0.12167135694301048, -0.5662653957663993, -0.005362600586321764]], "inverted": true, "swapped": false, "error_lsq": 0.040124951658321945, "error_max": 0.195083763008131, "target": "991.xyz", "model": "22.xyz", "model_rescale": 4.166573947596378, "target_rescale": 3.7894864736704594},
{"mapping": [11, 6, 3, 2, 0, 8, 9, 14, 5, 10, 15], "R": [[0.2305298879207907, 0.9729943955382407, -0.011742104853968094], [-0.9255210726499543, 0.21552433015940115, -0.3113840188420397], [-0.3004441959101656, 0.08265088844359356, 0.9502116163167965]], "T": [-0.0404319362682755, 0.03783814379795543, 0.06470051594580767], "aligned_model": [[0.010806555513468596, -0.6346240669886327, 0.39517429831903883, -0.04938678917602775, 0.19024760871744661, 0.7034566410876941, 0.2740271828248859, -0.44614664579972796, -0.5485000875238927, -0.14819102142676582, -0.06951863381040049], [0.7654213132540038, -0.06861552234897683, 0.28403863801628976, 0.008152855482053481, -0.7417270092718423, -0.1636756288349604, 0.46587568350162417, 0.4319987145838539, -0.6050742979975978, -0.09942229724960157, -0.01828358276436747], [0.3648516044173094, 0.5280696568267509, 0.3979559390845376, 0.7368967919367522, 0.14099522403527817, -0.18045479021693345, -0.21520749270288614, -0.4884818971222416, -0.0752720780343139, -0.6636460938446918, 0.09240077416225544]], "inverted": true, "swapped": false, "error_lsq": 0.04995804644200819, "error_max": 0.25243013301944744, "target": "991.xyz", "model": "23.xyz", "model_rescale": 4.274766983524099, "target_rescale": 3.7894864736704594},
{"mapping": [9, 4, 7, 5, 3, 6, 8, 1, 2, 0, 10], "R": [[0.2656271502080121, -0.8776644735598915, 0.3989326872082668], [0.6830315847661348, 0.4633531655541343, 0.5645987054384962], [-0.6803749490422416, 0.12251088042211458, 0.722551737174554]], "T": [0.04492892343615007, 0.003972521325543762, -0.015474742634022043], "aligned_model": [[-0.2825522774945207, -0.4221629901535835, 0.3015687951659814, 0.21998143364741093, -0.009210289840399344, 0.6746319943183173, 0.4649564011211872, -0.5125322714039625, -0.8058907522329491, 0.03706641403327482, 0.01148858457633005], [0.7594533330290896, -0.04752111792873569, 0.3849200582377477, -0.27577947490619364, -0.5535576851088796, -0.23787234041119923, 0.5651252445012458, 0.2508457986368794, -0.44545844014767244, -0.20264582406407328, 0.06117931453226974], [0.2073935194089045, 0.5011045410059138, 0.42046955064301905, 0.7310749127040574, 0.03188872737087933, -0.01587660058421135, -0.24719799776046847, -0.24628631448605026, 0.03540954898257476, -0.7249931585011469, -0.054879090241654986]], "inverted": false, "swapped": false, "error_lsq": 0.0623321238049314, "error_max": 0.3280608428868453, "target": "991.xyz", "model": "24.xyz", "model_rescale": 3.7841303162186577, "target_rescale": 3.7894864736704594},
{"mapping": [3, 11, 5, 13, 9, 2, 4, 6, 7, 1, 15], "R": [[-0.8992040317559162, -0.3805565468137806, 0.21589076856381811], [0.43629583758789137, -0.7428798868449196, 0.5077158810050754], [-0.0328336927162559, 0.5507324108843153, 0.8340358267030045]], "T": [-0.061309515476948906, -0.21901927907252877, 0.022140028516199325], "aligned_model": [[-0.06822104149390248, -0.6812505860661622, 0.5681479274807035, -0.14647399105788195, 0.339458769837811, 0.6757329101771361, 0.19808894855382747, -0.44526952145625626, -0.6769378830968493, 0.006872516612723437, -0.09280300775406222], [0.5202972555165728, -0.031453303800067306, 0.35191674501533105, -0.011427594910579819, -0.5954321187515095, -0.14487840719053552, 0.40188924406656995, 0.3765295637275425, -0.34709232799904954, -0.10439494048863102, -0.1572652488151653], [0.34208561783480496, 0.4343531324800065, 0.2392900442832812, 0.7715749503318768, 0.2217367823394935, -0.1195096161347572, -0.3001787354583056, -0.11900791475926993, -0.14340322027571278, -0.7094670144430183, 0.020633612343417977]], "inverted": false, "swapped": false, "error_lsq": 0.050603436155335406, "error_max": 0.22540168054942747, "target": "991.xyz", "model": "25.xyz", "model_rescale": 4.19342608120988, "target_rescale": 3.7894864736704594},
{"mapping": [3, 7, 6, 10, 1, 2, 4, 5, 9, 0, 11], "R": [[0.22171092836668244, -0.2794795584230117, -0.9342031046118733], [-0.8895148274872755, 0.33455023347416074, -0.31119047697940205], [0.39950924385183767, 0.8999818429868813, -0.1744277683480186]], "T": [-0.013286952413756378, -0.05595073869980974, 0.09340081554011129], "aligned_model": [[-0.21853333225059024, -0.7698500439225674, 0.49516597705142734, 0.027525174052702665, 0.08520285531101186, 0.7140218482983604, 0.3561759433568605, -0.4743899287133019, -0.6051945057845799, 0.005886071417253825, 0.06133498292050969], [0.5455120501168524, 0.17310696477966536, 0.44298996019273185, -0.209594893973445, -0.5793761433526073, -0.23584201812103303, 0.5113425472060298, 0.19191781619350323, -0.4979101667646342, -0.12972849022337954, 0.04627124031679493], [0.258123145756354, 0.5124544837296359, 0.5040463567388506, 0.7032890368338385, -0.011111704969159378, -0.2799441157766267, -0.27538805027837987, -0.28303657189609965, 0.028064627717499485, -0.6123635198606988, 0.0939739505466028]], "inverted": false, "swapped": false, "error_lsq": 0.04178845635259017, "error_max": 0.1824598345426959, "target": "991.xyz", "model": "26.xyz", "model_rescale": 3.795458400668931, "target_rescale": 3.7894864736704594},
{"mapping": [10, 11, 3, 9, 1, 0, 7, 5, 8, 6, 12], "R": [[0.24395756916461803, -0.5804065467069771, -0.7769253149350797], [-0.8265038528150518, 0.29465998589444903, -0.4796528682230085], [0.5073224672032239, 0.7591467139179126, -0.4078237131635054]], "T": [-0.04219745846228895, -0.06978743101507846, 0.23097907957896294], "aligned_model": [[-0.26419996685894187, -0.6410284345310467, 0.5474313723560463, 0.11161884844899633, 0.03405131301102898, 0.7280894713433556, 0.23686493861745223, -0.34238394443563785, -0.6263146520881886, -0.11505568280182377, 0.008271778675846372], [0.6070739014635463, 0.05573542680765968, 0.3407765558916048, -0.22058776478808345, -0.6191955214209025, -0.09528211590545822, 0.5615310717422166, 0.24689120947764098, -0.35132995737296235, -0.3030755664353058, 0.0361516269105223], [0.21485297124227515, 0.6014113486888313, 0.4008367063460561, 0.6024277209515381, 0.02436338415224862, -0.08092035758925106, -0.19770404959900248, -0.3825868746385849, -0.10112424781899634, -0.5573452728890488, 0.11389630969575104]], "inverted": false, "swapped": false, "error_lsq": 0.04330218457511473, "error_max": 0.2159728676116585, "target": "991.xyz", "model": "27.xyz", "model_rescale": 3.6321398670334006, "target_rescale": 3.7894864736704594},
{"mapping": [0, 10, 3, 8, 12, 4, 1, 11, 9, 13, 14], "R": [[-0.3290932886212864, 0.5478965112371876, -0.7690949358554802], [0.9298426970265021, 0.32998305310142767, -0.16279970347743644], [0.1645909054927019, -0.768713599229244, -0.6180527778346391]], "T": [0.012127555397651556, 0.0336296383625288, 0.08966444626102812], "aligned_model": [[-0.22605021064219807, -0.6774687090334403, 0.4439816405422652, -0.005381762078067905, 0.14774233261107078, 0.7406219505731285, 0.4249474815799175, -0.5097816550761635, -0.473862661252938, -0.20862161133578613, 0.021218245849298593], [0.5463342478539628, 0.06420724099483945, 0.42909588897624407, -0.1429471170234572, -0.7415578277930157, -0.13494962076336856, 0.38561835195522737, 0.2678122997121308, -0.38436153766616116, -0.0803696120663842, 0.049806552190461165], [0.3538935691645214, 0.4477058339476343, 0.44836846593698865, 0.5749928804717749, 0.34304707269119716, -0.26718874757294986, -0.3014248660405616, -0.20238879129084328, -0.09919806272975823, -0.6879931314698062, 0.028293415433619476]], "inverted": true, "swapped": false, "error_lsq": 0.04603179406021998, "error_max": 0.23809792713407696, "target": "991.xyz", "model": "28.xyz", "model_rescale": 4.156811204709835, "target_rescale": 3.7894864736704594},
{"mapping": [1, 7, 0, 6, 9, 8, 3, 4, 5, 10], "R": [[0.5531842299659667, 0.6799516688820502, -0.48130337179524907], [0.737019173509214, -0.1301509952175436, 0.6632220264162509], [0.38831681086035386, -0.7216137792672741, -0.5731348950943804]], "T": [-0.0717375461584171, 0.03504142636444717, 0.015661973698961672], "aligned_model": [[-0.7134714555401587, 0.023509547653693647, 0.08228515908652542, 0.6314580524442961, 0.02878077953769853, -0.721369523589982, -0.49331885413399584, -0.4632667771507578, 0.3135409291619004, -0.0452224833586322], [-0.1634544403688385, -0.5104663854045459, 0.1082792459773559, 0.005927797006007776, -0.40640236414335196, -0.44700497475960055, 0.4687638252328338, 0.3405148716267892, 0.4953492015877194, 0.027213553871834877], [-0.5972812190686093, -0.23510076448805878, -0.7170637660454869, -0.06220678207065332, 0.5469513717481227, 0.1259097667185514, -0.25494237411382237, 0.45628879206477485, 0.4970288525668044, -0.0007971503365231149]], "inverted": false, "swapped": true, "error_lsq": 0.04582384461639678, "error_max": 0.1891959254257762, "target": "991.xyz", "model": "29.xyz", "model_rescale": 4.117894457231895, "target_rescale": 3.7894864736704594},
{"mapping": [1, 4, 8, 7, 10, 6, 5, 3, 12, 11, 14], "R": [[-0.54853196831117, -0.4637997064352013, 0.6957028906446304], [-0.4132706539412898, -0.5729208815489453, -0.7077916572524136], [0.7268562762552252, -0.6757599394724435, 0.1225906108663598]], "T": [-0.04507828027067471, 0.017211837499467947, -0.03936926924458037], "aligned_model": [[-0.15430740825292308, -0.6057327850094563, 0.40354637981488317, 0.046036966452854565, 0.2703306010705054, 0.5867564839995639, 0.5209256563650224, -0.4993778005049787, -0.6795619754368702, -0.1846583024050462, -0.026612774356468416], [0.6837226337667365, 0.08467294194848113, 0.41574729554234, -0.24289953691190105, -0.6118653297011337, -0.0810521681068663, 0.5569999833924549, 0.2589328012151604, -0.3975062017661617, -0.38233238775662615, -0.025731165252005216], [0.4936042609782403, 0.49038880559651243, 0.33705481301214957, 0.5531201784002191, 0.09883391440588549, 0.014653495413829182, -0.32957621746646504, -0.22628936628354054, -0.15433583541629178, -0.6279144754898922, -0.011431934608829453]], "inverted": false, "swapped": false, "error_lsq": 0.04342767669830849, "error_max": 0.23777165123863928, "target": "991.xyz", "model": "30.xyz", "model_rescale": 4.100398675895297, "target_rescale": 3.7894864736704594},
