[{"mapping": [1, 3, 5, 0, 2, 8, 12, 7, 10, 9, 11, 13], "R": [[-0.3069446383327197, 0.9369812618874594, 0.16688649996503668], [-0.38671594504160856, -0.2830115023666402, 0.8776988477711207], [0.8696181730215692, 0.20486728484548594, 0.44921445741501576]], "T": [-0.14534329582860311, -0.026760274431214107, -0.08924609404042383], "aligned_model": [[-0.644350308004398, -0.30873543927703756, 0.05729248037100182, -0.7975158059253236, -0.3486200529502014, 0.6311452324288875, -0.4084709585632642, 0.38611758914613153, 0.21602034741619958, -0.17269226648132863, 0.3778069140393456, -0.022716403671555488], [-0.31660170715141955, 0.029443343528229485, -0.6871157184754173, 0.36789957078830426, 0.6163620925413336, 0.02675156090166908, -0.12061771533518036, 0.43072181336862025, -0.09137830855396041, 0.49580806959192536, -0.3725173706668506, 0.03781145382488828], [-0.08394900983714865, -0.5825456648747471, -0.3979055992670802, 0.030449596049385047, -0.4584755979041566, -0.15839217553838333, 0.4177789762118851, 0.19298421893046436, 0.8491939688557528, 0.4235087512739589, 0.21706702869691946, -0.003613159457267673]], "inverted": false, "swapped": false, "error_lsq": 0.05246104236236148, "error_max": 0.30869118182933847, "target": "993.xyz", "model": "0.xyz", "model_rescale": 3.8414455957264533, "target_rescale": 3.728071799955014},
{"mapping": [8, 9, 13, 6, 2, 0, 10, 4, 3, 5, 11, 14], "R": [[0.9996672386377219, -0.01655759018653489, -0.01978024776504356], [0.014337765584827923, 0.9940989001242253, -0.10752583526687808], [0.021443891262228305, 0.10720645026778956, 0.9940055012667252]], "T": [-0.043542027379945114, 0.021776724173502175, 0.0050110271439854845], "aligned_model": [[-0.6201052899230433, -0.2699424311195131, 0.06254980770421016, -0.7324791662536456, -0.17794161438874073, 0.6462281823557245, -0.4891368459801339, 0.3209481077327762, 0.24540337143052476, -0.3177353152914113, 0.315828045623897, -0.018335523362187016], [-0.49039272502042075, 0.01884769941830835, -0.5835769838594342, 0.3891723826519717, 0.7371116946413317, -0.06793670187005019, -0.0927935858502475, 0.4204684313051764, 0.34596218864064354, 0.4450447238512032, -0.7049887082025184, -0.0003513313438223073], [-0.16691819404491776, -0.6386068392907378, -0.4389916883190851, -0.01531685015133527, -0.11679766982008521, -0.19916029419156575, 0.5116669282327981, 0.06832847275048604, 0.6567711234789314, 0.4292574488090726, 0.267557326037119, 0.08831156964890202]], "inverted": true, "swapped": false, "error_lsq": 0.04417448001382184, "error_max": 0.24759465195295483, "target": "993.xyz", "model": "1.xyz", "model_rescale": 4.316132596720782, "target_rescale": 3.728071799955014},
{"mapping": [4, 6, 3, 2, 8, 7, 0, 10, 9, 1, 5, 11], "R": [[-0.09512920329334507, -0.7464272589110976, -0.6586325089420038], [-0.9648412595153613, -0.09371161255745353, 0.24555951948294164], [-0.24501383352289496, 0.6588357009348742, -0.7112691055824569]], "T": [-0.05360490934728512, 0.05568173815053973, 0.07873223411735145], "aligned_model": [[-0.592218644930003, -0.23739806463817964, 0.18518703727411245, -0.8524296505757257, -0.32032335965450853, 0.7939375778453741, -0.4859101134329873, 0.2825726736380865, 0.40033746518553387, -0.17398326640854594, 0.08275608222312877, -0.11724640799782803], [-0.40499739398238543, 0.10384072415838184, -0.39687188115902244, 0.302676775617689, 0.7332837756619439, -0.21698232115293098, -0.24275130726876215, 0.5006610219279795, 0.10696593418422276, 0.43600482902630705, -0.5156506112245942, 0.010387538573312913], [-0.22458230921288183, -0.7212657353390864, -0.3325956602901283, 0.11870580054465599, -0.15949635954637795, -0.00951266911898871, 0.5561879771015839, -0.21488974785320827, 0.6629049457983209, 0.44678204202756044, 0.34471138452659267, -0.02084833549846017]], "inverted": true, "swapped": false, "error_lsq": 0.049853991091218595, "error_max": 0.29427169785285207, "target": "993.xyz", "model": "2.xyz", "model_rescale": 3.795458400668931, "target_rescale": 3.728071799955014},
{"mapping": [9, 3, 5, 8, 6, 10, 7, 2, 0, 1, 4, 11], "R": [[0.7452432004767134, -0.5479094899545159, 0.3800102142850998], [0.6478514468442352, 0.7298497378227508, -0.21819226159947405], [-0.1578007445009572, 0.4087964664938341, 0.8988795102888371]], "T": [-0.03148471036894008, 0.05943781211084016, 0.08388851305373167], "aligned_model": [[-0.6367834166329707, -0.45328363766625257, 0.06699143533085689, -0.7352453133839163, -0.20524119181761563, 0.6636053762685253, -0.5216254223368451, 0.44649337946831164, 0.28127776788176884, -0.1751411256041442, 0.25367190931925, -0.019438432298510805], [-0.4848299480119555, 0.0565157769623776, -0.366772175974239, 0.35494158960110617, 0.47621902617431305, -0.10446627181727285, -0.26726503178517413, 0.640208806545193, 0.03371371272191105, 0.569174167998301, -0.48905642720448456, -0.0018161408479339114], [-0.21932877585519422, -0.5937154658140115, -0.4660861321198919, -0.08332831673416892, -0.29479130074581256, -0.08639348285355648, 0.5700259739409007, -0.06432521463113407, 0.8006352236041495, 0.4241832732367148, 0.25357794999517685, 0.20564760111640984]], "inverted": true, "swapped": false, "error_lsq": 0.051052214138596265, "error_max": 0.3028833707294439, "target": "993.xyz", "model": "3.xyz", "model_rescale": 3.7530521520055578, "target_rescale": 3.728071799955014},
{"mapping": [3, 1, 0, 2, 6, 5, 9, 7, 8, 10, 11], "R": [[-0.22518768785140944, -0.9659607165912152, 0.1273200661432513], [0.9282864157462263, -0.25240011262996453, -0.2730906689826762], [0.29593045733949147, 0.05669283153068769, 0.9535256091326926]], "T": [-0.10340233039459656, 0.01903012067735667, -0.03142556138250804], "aligned_model": [[-0.2624837032918222, -0.1897361009720178, 0.32459202499744866, 0.46520976658340496, 0.2896500362865173, -0.17589352668842928, -0.48621963251118777, -0.7303791829434348, -0.20336937518829795, 0.4383306682497278, -0.1315013720767038], [-0.7127863799016599, -0.057220841982915174, -0.4309813382189944, 0.3823333816174931, -0.497763755989888, 0.7586346048302334, -0.5019282903655645, 0.1644694088717279, 0.1177223315998726, 0.24708532365890357, -0.002361085804862287], [-0.2566143700566754, -0.7186638258021122, -0.39936606406350533, -0.4348977186031989, 0.2749860713923878, -0.006881090967504437, 0.435116398046034, 0.1280265229724886, 0.6871158241598575, 0.3350903348063017, 0.04891869536124301]], "inverted": false, "swapped": true, "error_lsq": 0.0601219352815388, "error_max": 0.3267961369370674, "target": "993.xyz", "model": "4.xyz", "model_rescale": 3.7855080009869324, "target_rescale": 3.728071799955014},
{"mapping": [12, 6, 1, 13, 8, 5, 14, 10, 9, 15, 2, 16], "R": [[-0.23539711413965267, 0.22165908122313066, -0.9462850788034445], [0.29144082823576684, 0.9449377956095943, 0.14884490607921727], [0.9271733615090405, -0.2407484457681883, -0.2870361363456318]], "T": [-0.03313399770166866, -0.0010887723877987879, -0.08322875559933368], "aligned_model": [[-0.5678842702167344, -0.2437128398236553, -0.05347445581779336, -0.7207703006838458, -0.2488697601356831, 0.7608041963645146, -0.3422844263601266, 0.3823327837664931, 0.20633023256730257, -0.30221599565859436, 0.13793046293446345, -0.042904298407883346], [-0.416012311477141, 0.17577705882300573, -0.6989041871528462, 0.2159174618443683, 0.667787796898985, 0.022134785294308505, -0.16990518218469144, 0.5593455880022709, 0.0661344420017011, 0.5543999179668606, -0.5447564640924757, -0.015351821562204219], [-0.012901906069505614, -0.6752187023616392, -0.3760492666112522, -0.15345872071947148, -0.12027048652240259, -0.2388759688439558, 0.4943735563562614, 0.12716362844758217, 0.5838933779848212, 0.46298118567730623, 0.3868223893652002, -0.03235775356336243]], "inverted": false, "swapped": false, "error_lsq": 0.04071426131377282, "error_max": 0.1946772524195836, "target": "993.xyz", "model": "5.xyz", "model_rescale": 4.2253639853439635, "target_rescale": 3.728071799955014},
{"mapping": [11, 6, 12, 5, 2, 0, 8, 4, 1, 10, 9, 13], "R": [[0.5782983005978013, -0.3325572559741795, -0.7449676147488689], [-0.6764323912361768, -0.7059434837003542, -0.2099595625531625], [-0.45608145721154103, 0.62533948325684, -0.633198416823562]], "T": [-0.03765771946582196, 0.03964359626422877, 0.002440070004511359], "aligned_model": [[-0.6174129557820204, -0.2718635071573133, -0.04566866680736929, -0.6434049575245234, -0.271725199045422, 0.7254845226615666, -0.40144797071178806, 0.36105265780324675, 0.34066931840125025, -0.3757345838799948, 0.1813083000345505, -0.01597562946372513], [-0.39728925798236736, 0.11059511113791688, -0.7407642821356052, 0.22330326507801912, 0.6473638872709768, -0.19412812590356482, -0.23372988594570537, 0.6198102015778886, 0.2135567035400519, 0.529414847657078, -0.43395213256058773, 0.07238675262804087], [-0.27778722284374074, -0.5923973024529073, -0.5096567299495521, 0.011422056764053896, -0.15899126195790392, -0.0751959366037992, 0.5844954521817597, 0.07557048326265403, 0.6068643129784853, 0.5067620201971462, 0.31923242380812894, -0.04421696224474229]], "inverted": false, "swapped": false, "error_lsq": 0.036308056487135094, "error_max": 0.18411728299339833, "target": "993.xyz", "model": "6.xyz", "model_rescale": 3.89814844738969, "target_rescale": 3.728071799955014},
{"mapping": [9, 6, 8, 5, 1, 7, 10, 0, 4, 2, 11, 12], "R": [[0.4696083607275807, -0.8630389160878507, 0.18609625695500326], [0.29922748139456723, -0.04272327815539096, -0.9532248611329444], [0.8306207930897338, 0.5033274787070197, 0.23818175258700322]], "T": [0.0563569287731273, 0.03315336725825511, 0.005606994983685283], "aligned_model": [[-0.6850581876931586, -0.20817230694849015, 0.09773128710575921, -0.6797276805595921, -0.34676107675577894, 0.7089387190769267, -0.4490748331970423, 0.24992384603741757, 0.30975108557059405, -0.1709008756596636, 0.15567712505632894, -0.0170457735048426], [-0.4483531082799679, 0.0928612519291038, -0.5136459545129433, 0.22756701051411124, 0.7646950127797904, -0.03600328952359356, -0.08204060051018619, 0.5528800690918805, 0.06835634518894293, 0.4801497905864385, -0.7216198446319312, 0.031720401730496506], [-0.12245946481222039, -0.6139372754154913, -0.39060688223145507, -0.14591655844716164, -0.1253101792902871, -0.019473741301390624, 0.5253884363930719, -0.20278300336136523, 0.5972554886266475, 0.5057029181595947, 0.2809127639865308, 0.15732883083310883]], "inverted": false, "swapped": false, "error_lsq": 0.043508262870643806, "error_max": 0.24775432819371287, "target": "993.xyz", "model": "7.xyz", "model_rescale": 3.7474275329858107, "target_rescale": 3.728071799955014},
{"mapping": [3, 2, 8, 0, 1, 13, 6, 12, 11, 10, 9, 14], "R": [[0.6630127841315837, 0.42690862056303436, 0.614949654660488], [-0.11247850578307389, 0.868941264742256, -0.48196438059771163], [-0.7401098795549841, 0.25037992754431404, 0.624137210930426]], "T": [-0.04812633018745273, 0.01693370321615368, 0.05709489569425692], "aligned_model": [[-0.666646417177076, -0.1981130697252136, -0.012463645359772929, -0.6190796754435799, -0.2878241832286157, 0.7606691924804788, -0.7409416468233271, 0.31366184745310544, 0.3724568250616177, -0.20382868986223496, 0.27065872317827194, -0.023267932025195975], [-0.2852179041307828, -0.062461781613731, -0.5816898268868771, 0.34562609103750924, 0.5288991894682873, 0.2332308644317435, -0.10018925820743466, 0.5063611867514473, -0.0013124940514804492, 0.3837060954695274, -0.5780056656680274, 0.027620587761960465], [-0.14358356641023473, -0.7673987857862656, -0.26784872706881846, 0.07076344924226925, -0.4381203102353733, -0.27028434808114393, 0.4733006709303129, 0.15815265976604703, 0.5145408940327209, 0.7024615722128887, 0.4103139172526989, 0.003803907284480726]], "inverted": false, "swapped": false, "error_lsq": 0.058839283792124615, "error_max": 0.3616648554845277, "target": "993.xyz", "model": "8.xyz", "model_rescale": 4.019505241142653, "target_rescale": 3.728071799955014},
{"mapping": [6, 2, 10, 5, 3, 1, 11, 0, 8, 4, 9, 12], "R": [[-0.9289181693132823, -0.32954904416141256, 0.16884449120998934], [0.2063817971322206, -0.8393745022642308, -0.5028488826289168], [0.3074371293974359, -0.43225903396108983, 0.8477231499887744]], "T": [-0.04211614215085968, 0.009019303325711457, 0.027384984948607728], "aligned_model": [[-0.5318305607399024, -0.14956221851667104, 0.11107416458102776, -0.667773061518363, -0.4265179105843352, 0.5231137780727307, -0.37174954406074157, 0.32646964672624623, 0.030835095378966282, -0.08968000620411468, 0.2869131679738169, -0.07601122258020242], [-0.3777805225246588, 0.26339876508154636, -0.8030225733817432, 0.2196572249929391, 0.7436038337020432, -0.18687644639911397, -0.3321613785208307, 0.5406912275140031, 0.010925005647512163, 0.7458463708048676, -0.4201418707834158, 0.012427448228992194], [-0.34494218423867645, -0.4957962382686081, -0.3666968322094719, 0.14866896717723432, -0.19862752775537504, -0.28637494667800834, 0.4301095641252908, -0.036767640397912325, 0.698809900056492, 0.40476837450028325, 0.4455960096079269, 0.04735388722040753]], "inverted": false, "swapped": false, "error_lsq": 0.05972026152998846, "error_max": 0.31735576895505446, "target": "993.xyz", "model": "9.xyz", "model_rescale": 3.877068213659057, "target_rescale": 3.728071799955014},
{"mapping": [3, 4, 13, 5, 1, 9, 12, 8, 11, 0, 10, 15], "R": [[0.6602113820016555, -0.7078034479671518, -0.2512672086072427], [0.4452733145739412, 0.09943845554821668, 0.8898559821041386], [-0.6048575091736896, -0.6993756305477027, 0.38081638750479613]], "T": [-0.019631027911088353, -0.08667445933684194, -0.06570757366081409], "aligned_model": [[-0.5982494520264396, -0.29629821570003784, 0.04238007525544939, -0.71397367769696, -0.38559713660456835, 0.6399619088305456, -0.4546817610788274, 0.4437329475767884, 0.21206256664341872, -0.22604477586840227, 0.3468710384905507, -0.04488218929306014], [-0.2811045134402687, 0.06972795508390804, -0.7199778155224299, 0.2614167051068077, 0.6909690512273496, -0.06966856216947599, -0.12842320956851128, 0.5215686914406483, 0.10093183359893564, 0.4641684405108757, -0.4650677433567302, -0.027973748548967205], [-0.23937108757156908, -0.6632728267581516, -0.5047064097547271, 0.02213471778885298, -0.18506413179058945, -0.04858270397568091, 0.5402487920437111, 0.03752532594216787, 0.6094051823711031, 0.4706985224784466, 0.4093771949772162, -0.0022912426111978135]], "inverted": true, "swapped": false, "error_lsq": 0.03378237330147164, "error_max": 0.18430443216764836, "target": "993.xyz", "model": "10.xyz", "model_rescale": 4.260839863003843, "target_rescale": 3.728071799955014},
{"mapping": [5, 10, 6, 4, 9, 7, 3, 8, 1, 2, 0, 11], "R": [[0.9534400861149047, -0.29760876592959074, 0.04879574398519517], [-0.18092831942949955, -0.43501259753520016, 0.8820595122859309], [-0.24128187958821026, -0.8498194293069226, -0.46860430232215794]], "T": [-0.07670107206783193, 0.07593181211430128, 0.029712397020537313], "aligned_model": [[-0.5846648254268096, -0.07279587021102855, -0.03233623867007141, -0.7538624597838386, -0.3193947827231381, 0.5299882011197977, -0.38079232400615515, 0.30888979736909816, 0.2882601606827183, -0.301884678073552, 0.3086795754283681, -0.024805227176931434], [-0.35593719823421865, 0.11490705184132916, -0.6625118084819441, 0.3084058966729917, 0.748758327670799, -0.11922813674484867, -0.23058331506399227, 0.680351806104661, 0.08596644109085713, 0.4784881713294425, -0.6875251563038018, 0.05547500448086731], [-0.08016428577407149, -0.5962264754972819, -0.36524091086854005, -0.123620944416842, -0.3226191285766923, -0.12340961133425339, 0.5931039648649843, -0.010406916661388165, 0.6541827709789765, 0.5372533780094222, 0.2263071155769537, 0.05694237683831462]], "inverted": false, "swapped": false, "error_lsq": 0.038939564668613924, "error_max": 0.2128880725239575, "target": "993.xyz", "model": "11.xyz", "model_rescale": 3.890672605050136, "target_rescale": 3.728071799955014},
{"mapping": [6, 1, 8, 11, 2, 3, 9, 4, 12, 10, 5, 13], "R": [[0.6817936822624979, -0.5679431850263427, 0.46108341263710384], [0.6187206451849562, 0.7839687619627203, 0.05077148302494042], [-0.3903103099443518, 0.25066615018540817, 0.8859031228652323]], "T": [-0.1285341194783035, -0.03879587163629228, -0.0332263202875256], "aligned_model": [[-0.5209517979282428, -0.3728008983978107, 0.2115020255729616, -0.5773544756805384, -0.24572444241565994, 0.7209806485364103, -0.5803023201076299, 0.29330920305929964, 0.1470944826410049, -0.1818936942590484, 0.05746518261958794, 0.013957414888123715], [-0.37942908657279417, 0.15509844707375725, -0.6195712486311239, 0.26457506513798834, 0.6615171226445365, -0.05038638362908643, -0.34341395805660113, 0.5167531597774722, 0.10514886149268454, 0.6507548099438127, -0.5495938274584174, 0.005114122639913218], [-0.2822960343507581, -0.7459934802202015, -0.2906489831851796, 0.06315068150463726, -0.07053948040491691, -0.39551553480913837, 0.5225917527788073, -0.10008833305116732, 0.6438563439738307, 0.5335303450938292, 0.5230666688666569, 0.04498738694318267]], "inverted": false, "swapped": false, "error_lsq": 0.050027763016392, "error_max": 0.21854244070274054, "target": "993.xyz", "model": "12.xyz", "model_rescale": 4.124412569039231, "target_rescale": 3.728071799955014},
{"mapping": [6, 9, 3, 8, 11, 5, 1, 10, 4, 2, 0, 12], "R": [[0.36678705647776666, -0.9279951006111175, 0.06551601668399812], [0.8518325504917242, 0.3067051602108499, -0.42463307763621194], [0.3739633152103825, 0.21155859221926954, 0.9029919163176717]], "T": [0.009988039667110538, -0.08241958966053897, -0.06225078970494421], "aligned_model": [[-0.5943229121905993, -0.2439282174611943, -0.062141204310151923, -0.619210514750496, -0.36229090930441793, 0.7634556584010619, -0.5145433007119826, 0.2438826955315033, 0.33724243164028606, -0.26595216096471685, 0.2548682330678203, 0.028221529581345425], [-0.35052538379414144, 0.01306674895776147, -0.718485772934825, 0.26253462631139923, 0.838142736681567, -0.10501031036233033, -0.2593550337571669, 0.6174301368129085, 0.106563603981361, 0.5101091160115655, -0.5285195629565007, 0.030616179410543468], [-0.16491710063943987, -0.6410859696168221, -0.37684665494172365, -0.058802761221562826, -0.12952819162237014, 0.012059949288656814, 0.5347626276410764, -0.05160548037974918, 0.6272897611002293, 0.49914234552092257, 0.21666837080468923, -0.021035562794324357]], "inverted": false, "swapped": false, "error_lsq": 0.035859558778826316, "error_max": 0.20710449342315357, "target": "993.xyz", "model": "13.xyz", "model_rescale": 3.9028299243045295, "target_rescale": 3.728071799955014},
{"mapping": [3, 6, 2, 7, 9, 12, 4, 14, 13, 10, 8, 15], "R": [[0.7277963056125163, 0.6508196027179679, -0.21620911695578265], [-0.25384311388223274, 0.5485283744056808, 0.7966682471433347], [0.637084147559288, -0.5249290115719344, 0.5644229989456202]], "T": [-0.03977903395362295, -0.09030463789090767, -0.009093643677721953], "aligned_model": [[-0.5992756537185175, -0.3432205855103332, 0.06656012899112207, -0.7441205690312509, -0.24492906900988134, 0.6537190345493045, -0.5084278128509581, 0.27542916165186615, 0.44594563783784436, -0.2634776665886403, 0.3224237787586145, -0.09534505655071276], [-0.31595916672313795, 0.03774887888746875, -0.7048951654557284, 0.4780295003826178, 0.5841341012135565, -0.09296274111234316, -0.20058854939039458, 0.7234126401347, 0.20668179554505042, 0.4165724296136091, -0.7191964682424055, 0.0035898295091487675], [-0.16636096808845952, -0.5886915938800871, -0.40039945171996255, 0.02998659524874866, -0.33141538786396024, 0.048296707696522424, 0.4679483406225267, 0.13773495588203918, 0.5463538816235388, 0.48929090889611077, 0.2551247276330379, -0.041767382910472994]], "inverted": false, "swapped": false, "error_lsq": 0.04532467388902937, "error_max": 0.24377428511087465, "target": "993.xyz", "model": "14.xyz", "model_rescale": 3.942246331269136, "target_rescale": 3.728071799955014},
{"mapping": [11, 8, 13, 6, 7, 1, 10, 2, 5, 9, 3, 14], "R": [[-0.3249987455743764, -0.7082693093863406, -0.626682057152172], [-0.3331654260687557, 0.7059197222599648, -0.6250425142315035], [0.8850856536220134, 0.00565076152485483, -0.465393870443824]], "T": [-0.07516860880407691, -0.07063676866684213, 0.03883035112268585], "aligned_model": [[-0.6785402176300153, -0.3167784904885889, -0.12045237234884762, -0.5502010844185988, -0.2587794173731023, 0.733695721573376, -0.5515196392852663, 0.29660370547127546, 0.3708409696796515, -0.3888540273530179, 0.4294959867268623, -0.00022980602527090943], [-0.34927684704127127, 0.16850446761563254, -0.7608303468166298, 0.20130872737009362, 0.740645533585191, -0.1111038847874766, -0.21549064359335765, 0.5929454720244166, 0.162298581614272, 0.4915300826656479, -0.47643615154239316, -0.02752790673198336], [-0.2302670904163241, -0.6563509636934397, -0.3883839416453939, -0.07597027446439225, -0.15887550402153794, 0.011584372767481643, 0.5498172068454573, 0.10279811501203517, 0.42560694901777013, 0.5222889280297996, 0.35058095236679276, -0.006727416658666413]], "inverted": false, "swapped": false, "error_lsq": 0.04875884160730983, "error_max": 0.24604368592621853, "target": "993.xyz", "model": "15.xyz", "model_rescale": 4.355366556412066, "target_rescale": 3.728071799955014},
{"mapping": [4, 6, 3, 2, 8, 7, 0, 10, 9, 1, 5, 11], "R": [[-0.09512920329334507, -0.7464272589110976, -0.6586325089420038], [-0.9648412595153613, -0.09371161255745353, 0.24555951948294164], [-0.24501383352289496, 0.6588357009348742, -0.7112691055824569]], "T": [-0.05360490934728512, 0.05568173815053973, 0.07873223411735145], "aligned_model": [[-0.592218644930003, -0.23739806463817964, 0.18518703727411245, -0.8524296505757257, -0.32032335965450853, 0.7939375778453741, -0.4859101134329873, 0.2825726736380865, 0.40033746518553387, -0.17398326640854594, 0.08275608222312877, -0.11724640799782803], [-0.40499739398238543, 0.10384072415838184, -0.39687188115902244, 0.302676775617689, 0.7332837756619439, -0.21698232115293098, -0.24275130726876215, 0.5006610219279795, 0.10696593418422276, 0.43600482902630705, -0.5156506112245942, 0.010387538573312913], [-0.22458230921288183, -0.7212657353390864, -0.3325956602901283, 0.11870580054465599, -0.15949635954637795, -0.00951266911898871, 0.5561879771015839, -0.21488974785320827, 0.6629049457983209, 0.44678204202756044, 0.34471138452659267, -0.02084833549846017]], "inverted": true, "swapped": false, "error_lsq": 0.049853991091218595, "error_max": 0.29427169785285207, "target": "993.xyz", "model": "16.xyz", "model_rescale": 3.795458400668931, "target_rescale": 3.728071799955014},
{"mapping": [9, 6, 8, 5, 1, 7, 10, 0, 4, 2, 11, 12], "R": [[0.4696083607275807, -0.8630389160878507, 0.18609625695500326], [0.29922748139456723, -0.04272327815539096, -0.9532248611329444], [0.8306207930897338, 0.5033274787070197, 0.23818175258700322]], "T": [0.0563569287731273, 0.03315336725825511, 0.005606994983685283], "aligned_model": [[-0.6850581876931586, -0.20817230694849015, 0.09773128710575921, -0.6797276805595921, -0.34676107675577894, 0.7089387190769267, -0.4490748331970423, 0.24992384603741757, 0.30975108557059405, -0.1709008756596636, 0.15567712505632894, -0.0170457735048426], [-0.4483531082799679, 0.0928612519291038, -0.5136459545129433, 0.22756701051411124, 0.7646950127797904, -0.03600328952359356, -0.08204060051018619, 0.5528800690918805, 0.06835634518894293, 0.4801497905864385, -0.7216198446319312, 0.031720401730496506], [-0.12245946481222039, -0.6139372754154913, -0.39060688223145507, -0.14591655844716164, -0.1253101792902871, -0.019473741301390624, 0.5253884363930719, -0.20278300336136523, 0.5972554886266475, 0.5057029181595947, 0.2809127639865308, 0.15732883083310883]], "inverted": false, "swapped": false, "error_lsq": 0.043508262870643806, "error_max": 0.24775432819371287, "target": "993.xyz", "model": "17.xyz", "model_rescale": 3.7474275329858107, "target_rescale": 3.728071799955014},
{"mapping": [4, 8, 0, 5, 10, 1, 9, 11, 7, 12, 2, 13], "R": [[0.10210107824653897, 0.6270387286318295, -0.7722679603717049], [-0.9310349275411716, 0.33365302500672606, 0.14781617841855776], [0.3503560096805819, 0.7039162533282209, 0.6178612908906498]], "T": [-0.03455891019913215, 0.04677678381492685, 0.021055362911829842], "aligned_model": [[-0.7022578695259325, -0.30910730699862465, 0.08018258379164256, -0.7037596476485715, -0.2454317645455346, 0.6313104934356726, -0.4365132399738007, 0.4120404879751722, 0.33073086844423455, -0.33061113489138894, 0.25372994300867213, -0.015032084543083649], [-0.38521731912359364, 0.036246470136831896, -0.6501753351607621, 0.3208124882864309, 0.6473739020407314, -0.08479984040761444, -0.1622916510020646, 0.611602399588209, 0.19624757719793096, 0.4954593615109259, -0.551383141176569, -0.057307827528314245], [-0.21724070663371842, -0.6432990165629873, -0.42642036178497567, 0.003887301220804759, -0.24588116763825535, -0.1124509892625382, 0.5134447131161631, 0.07813130462755057, 0.6626480230790365, 0.5409341449758213, 0.27190783959878584, 0.02044024840389532]], "inverted": false, "swapped": false, "error_lsq": 0.026577253510893645, "error_max": 0.12459296358271466, "target": "993.xyz", "model": "18.xyz", "model_rescale": 3.922800546911778, "target_rescale": 3.728071799955014},
{"mapping": [3, 9, 0, 7, 11, 1, 12, 4, 8, 13, 5, 14], "R": [[-0.3104457728082921, -0.7277389874302325, -0.6115712454975974], [0.6210636726293026, -0.642339686924144, 0.4490875651166437], [-0.7196550122702303, -0.2404073475919839, 0.6513838887615522]], "T": [0.05815387731624601, 0.07940070854374306, 0.01504262736360145], "aligned_model": [[-0.39315766189468093, -0.32391305844810847, 0.022619673495332573, -0.7292924476987395, -0.2923137670875411, 0.6847051749225213, -0.48423436211832005, 0.26553300474562824, 0.36538082234125047, -0.25128097369907226, 0.13590699585619193, -0.034672071886004546], [-0.3319568997592498, 0.19785029586401975, -0.7036183023530227, 0.1887453748486663, 0.6827456374612706, -0.2565388556485426, -0.23912973846564275, 0.7667210491695754, 0.10461371046930258, 0.5023383422685915, -0.5832309255054117, 0.08802739601258494], [-0.17535710018717746, -0.6939973840421562, -0.2748904418264149, -0.06358973384801742, -0.12775422044603785, -0.19126080114410837, 0.4872368634758037, 0.10697622275061497, 0.5435940087884574, 0.45910070664663766, 0.3857277906765883, -0.009684577704607428]], "inverted": false, "swapped": false, "error_lsq": 0.0410300270548137, "error_max": 0.23012896481512043, "target": "993.xyz", "model": "19.xyz", "model_rescale": 3.9282355846067225, "target_rescale": 3.728071799955014},
{"mapping": [8, 7, 9, 6, 5, 10, 4, 1, 0, 3, 11, 13], "R": [[-0.11100052928053739, 0.8427186197044891, -0.5267866840598776], [-0.2272720472269181, 0.4944911158111307, 0.838943355020557], [0.9674845213483914, 0.21284704458183973, 0.1366376103569229]], "T": [-0.13286075762816796, 0.019556745394369364, -0.10258667866448096], "aligned_model": [[-0.6533020348938499, -0.1772370137916464, -0.07071551427650036, -0.7165360591393066, -0.2698223491699372, 0.712608225531111, -0.3406688489969844, 0.28775468232267176, 0.273511423473226, -0.2851285672828374, 0.207020189226091, -0.002202804473579373], [-0.525448239667296, 0.14380398436234662, -0.6436294275338698, 0.30496735933512176, 0.7022455533910414, -0.09782133615975824, -0.18196790555504982, 0.5566491602691811, 0.06072474297965553, 0.4760724488761694, -0.4649980661606656, 0.08596881022526523], [0.001008795677717167, -0.7114307866899838, -0.2889918663694973, -0.17120138490817366, -0.15613727275101122, -0.21937252317379063, 0.45917079316938475, 0.20743781369945657, 0.5854277358636975, 0.47600038976951314, 0.3012087496036848, -0.03701911075141445]], "inverted": true, "swapped": false, "error_lsq": 0.04310799237009031, "error_max": 0.27069598053116795, "target": "993.xyz", "model": "20.xyz", "model_rescale": 4.067790424073018, "target_rescale": 3.728071799955014},
{"mapping": [12, 11, 3, 10, 13, 2, 9, 5, 8, 1, 0, 14], "R": [[-0.758038989545823, -0.2645094643512048, -0.5961640995539619], [-0.6280760681260291, 0.5424040820512361, 0.5579590167937994], [0.17577640050841573, 0.7973910929040996, -0.5772955066354755]], "T": [0.06510738299607079, 0.06499128047245847, 0.015228098222608354], "aligned_model": [[-0.4959804367690609, -0.29291711004337173, 0.11023256499628147, -0.7100037733258994, -0.2844738886804801, 0.6711137439608884, -0.602015785612165, 0.2636224152912151, 0.33832561192871113, -0.3137895309288839, 0.2935236420359121, -0.012356124324689868], [-0.44080996296714425, 0.020547643724869807, -0.5823982406347686, 0.32848503674959895, 0.6305379894279682, -0.33397582868294284, -0.053611362720671074, 0.6055048174111005, 0.20114615227574648, 0.49481157465794967, -0.5273209356706741, 0.07365020079110872], [-0.1126758796039231, -0.5213121887229725, -0.5348587517936619, -0.017338100540060564, -0.2040282803842527, -0.150009511967364, 0.3959248153119481, 0.1452397099994912, 0.4968727255031323, 0.6025923332618742, 0.3337407050921229, 0.011953756983248527]], "inverted": false, "swapped": false, "error_lsq": 0.042711802223065205, "error_max": 0.23431544210694266, "target": "993.xyz", "model": "21.xyz", "model_rescale": 4.186013935880536, "target_rescale": 3.728071799955014},
{"mapping": [0, 2, 1, 5, 5, 9, 6, 11, 4, 3, 7, 12], "R": [[0.424516202769498, -0.6993690281844542, -0.575038221340546], [-0.867143370943048, -0.13133290400963876, -0.48043110073549844], [0.2604771925057817, 0.7025913682509395, -0.6622061623418939]], "T": [0.07311583722323099, 0.005719348116456288, 0.00213930636534395], "aligned_model": [[-0.5436212622409414, -0.23301408283621738, -0.014711214563857891, -0.5303465868035853, -0.5303465868035853, 0.6081163280476392, -0.27073130931735956, 0.3456226081652618, 0.28822352292550224, -0.42181285660035034, 0.20373523704166274, 0.06416753151428899], [-0.3467706610602389, 0.1466988308888446, -0.645067214000057, 0.45487768561235553, 0.45487768561235553, -0.12400263363560039, -0.11173803898837369, 0.5637137424826156, 0.06701228348426057, 0.5461230491069058, -0.622078033646496, 0.03292038850556992], [-0.1289125329254661, -0.6582457785257497, -0.3201749742293944, -0.17849476229407288, -0.17849476229407288, -0.2849102407624882, 0.4238332131835411, 0.11767412518006268, 0.6932167321247712, 0.5636979254982859, 0.3586961177201515, 0.03821627046401382]], "inverted": true, "swapped": false, "error_lsq": 0.04632924773256874, "error_max": 0.27034167641533996, "target": "993.xyz", "model": "22.xyz", "model_rescale": 4.166573947596378, "target_rescale": 3.728071799955014},
{"mapping": [2, 4, 11, 1, 0, 9, 6, 7, 13, 5, 12, 15], "R": [[-0.11682151342701141, 0.23212531348050092, -0.965645158866445], [0.9919076276866506, -0.021405376782416274, -0.12514418876577343], [-0.04971913251117055, -0.9724503322465277, -0.2277462605092666]], "T": [0.07269925958685276, -0.033196841780683786, -0.0488593750951676], "aligned_model": [[-0.5231002832592432, -0.29391193393257353, 0.15819867614027136, -0.5853305848994727, -0.30235346521562007, 0.5768578083188731, -0.5011019576369602, 0.18687095406208465, 0.331812968569262, -0.20828469853931014, 0.10870432440708339, 0.01691952051406296], [-0.2902845200298998, 0.2209756880925408, -0.7910926428441493, 0.22352887217806555, 0.6720253437594876, -0.22842915609519004, -0.257505057236933, 0.652072129708271, 0.30140012922370074, 0.48719395854486297, -0.5720282830043825, -0.0012893779342324219], [-0.22701119132475955, -0.6326796138747942, -0.24979999300453049, 0.04699307622880295, -0.2184261332708158, -0.3099296098403771, 0.39784591875992786, 0.12073103897750306, 0.6844332620612508, 0.5353524113433097, 0.32228166074606024, -0.023689493661995006]], "inverted": true, "swapped": false, "error_lsq": 0.04358100781242771, "error_max": 0.21687230822845385, "target": "993.xyz", "model": "23.xyz", "model_rescale": 4.274766983524099, "target_rescale": 3.728071799955014},
{"mapping": [5, 1, 2, 10, 0, 6, 8, 9, 7, 4, 11], "R": [[0.52338985267653, 0.8004366283793978, -0.29217163802097923], [-0.5610296029838686, 0.06563957276081454, -0.8251892092505457], [-0.6413336469350437, 0.5958125967419619, 0.4834237301504729]], "T": [-0.03476681235307924, 0.10223889868051168, -0.010492581673278857], "aligned_model": [[0.2995317811923688, 0.07147598314869459, -0.39887609904131105, -0.48341469568844686, -0.5668639110485814, -0.6115321224788842, 0.03763232154837279, 0.09461253111239312, 0.5876192752033255, 0.3724647924327791, -0.02275515242263538], [-0.14876873200939833, 0.7819552185714181, 0.34788040851727703, -0.3396172567824252, 0.5738442481167946, -0.04390361608155478, -0.6063413959787106, -0.16190238711501231, -0.06806739708254363, 0.5466686025804572, 0.0338388385071815], [-0.625400556280927, -0.1212280963428479, -0.6625534943833388, -0.2991029318764896, 0.11412991565978858, 0.39130127720047875, 0.15894064030420788, 0.7305192396672076, 0.14217978330278497, 0.5076123472482271, 0.04316830952248581]], "inverted": false, "swapped": true, "error_lsq": 0.05322280263594981, "error_max": 0.2801461456617362, "target": "993.xyz", "model": "24.xyz", "model_rescale": 3.7841303162186577, "target_rescale": 3.728071799955014},
{"mapping": [3, 13, 11, 5, 12, 10, 4, 9, 8, 2, 7, 15], "R": [[0.09684605561651297, -0.7649660384841098, 0.6367478319377701], [0.975007213997589, -0.05560974316140891, -0.21510111370744228], [0.19995443021894552, 0.641665424057935, 0.7404618217061345]], "T": [0.05344494303744339, -0.04504669930800129, 0.13558953842984675], "aligned_model": [[-0.6686880918475114, -0.19121371392580788, 0.04605851217869063, -0.7178111003164306, -0.27923482400119354, 0.772497327665051, -0.5805956257231634, 0.2468083985693772, 0.18223029257040818, -0.25238681403217467, 0.4009235757833385, 0.006693391607873696], [-0.2381411824560363, -0.014683952242916548, -0.571518241096584, 0.37118155408471243, 0.5092798224689178, -0.07908275677760343, -0.11105238613213103, 0.4993242242933351, 0.18280541029456485, 0.5589802007996931, -0.5946303574408526, -0.09589525143295764], [-0.1648106748503522, -0.6068525417586622, -0.4231597125661679, 0.10013672314725894, -0.2609179473581984, -0.1594703202945749, 0.5233267552803268, 0.0438748715095474, 0.6656419259673385, 0.46787175017345095, 0.1309031113669458, 0.12955739252266957]], "inverted": true, "swapped": false, "error_lsq": 0.04367714849365181, "error_max": 0.30504112119786914, "target": "993.xyz", "model": "25.xyz", "model_rescale": 4.19342608120988, "target_rescale": 3.728071799955014},
{"mapping": [4, 6, 3, 2, 8, 7, 0, 10, 9, 1, 5, 11], "R": [[-0.09512920329334507, -0.7464272589110976, -0.6586325089420038], [-0.9648412595153613, -0.09371161255745353, 0.24555951948294164], [-0.24501383352289496, 0.6588357009348742, -0.7112691055824569]], "T": [-0.05360490934728512, 0.05568173815053973, 0.07873223411735145], "aligned_model": [[-0.592218644930003, -0.23739806463817964, 0.18518703727411245, -0.8524296505757257, -0.32032335965450853, 0.7939375778453741, -0.4859101134329873, 0.2825726736380865, 0.40033746518553387, -0.17398326640854594, 0.08275608222312877, -0.11724640799782803], [-0.40499739398238543, 0.10384072415838184, -0.39687188115902244, 0.302676775617689, 0.7332837756619439, -0.21698232115293098, -0.24275130726876215, 0.5006610219279795, 0.10696593418422276, 0.43600482902630705, -0.5156506112245942, 0.010387538573312913], [-0.22458230921288183, -0.7212657353390864, -0.3325956602901283, 0.11870580054465599, -0.15949635954637795, -0.00951266911898871, 0.5561879771015839, -0.21488974785320827, 0.6629049457983209, 0.44678204202756044, 0.34471138452659267, -0.02084833549846017]], "inverted": true, "swapped": false, "error_lsq": 0.049853991091218595, "error_max": 0.29427169785285207, "target": "993.xyz", "model": "26.xyz", "model_rescale": 3.795458400668931, "target_rescale": 3.728071799955014},
{"mapping": [10, 11, 4, 5, 8, 9, 7, 1, 0, 6, 3, 12], "R": [[0.9298144734575304, -0.0678915571462739, -0.36171229094012003], [0.302107454480743, -0.4204961222698473, 0.8555197818304305], [-0.21018118587557175, -0.9047506549454807, -0.3704728350090766]], "T": [0.05583375877718365, 0.08386191514431096, -0.045396287925003824], "aligned_model": [[-0.49108705228510263, -0.13879051278581483, -0.015003414443257077, -0.6515217527763796, -0.2792145407897195, 0.44362261933116304, -0.42306843967031316, 0.3181561386218747, 0.3160004521573879, -0.2880904010232984, 0.22244426395047245, -0.048166031758554786], [-0.3614442070063717, 0.002483395496309604, -0.6318057083704456, 0.2556378514524089, 0.6782003990498991, -0.04252116954074309, -0.2871613560363319, 0.59449477143692, -0.0027929987165542514, 0.6978951221276792, -0.530002082599329, 0.04358306706870039], [-0.1467200882451862, -0.728824061132829, -0.4716182138972175, 0.14696190883434337, -0.30084904992280614, -0.17964011702394267, 0.49608548941748953, 0.09880574277601817, 0.7395096998546098, 0.3857259136641959, 0.32942165546612434, 0.07724245334878246]], "inverted": false, "swapped": false, "error_lsq": 0.04423432930869801, "error_max": 0.2763980360006944, "target": "993.xyz", "model": "27.xyz", "model_rescale": 3.6321398670334006, "target_rescale": 3.728071799955014},
{"mapping": [10, 11, 9, 0, 5, 6, 8, 1, 7, 3, 12, 14], "R": [[-0.7873140702342127, 0.6143359007638278, 0.0522298367212993], [0.5478364596517233, 0.735916803687426, -0.3978714258736714], [-0.28286351529934517, -0.28463636289690586, -0.9159532589763073]], "T": [-0.0452084382080189, 0.03541594427949041, 0.002489189434796646], "aligned_model": [[-0.6717802396290853, -0.275903443518599, 0.029394438342822155, -0.6208366343240099, -0.3540496556584384, 0.6696975415670614, -0.26771504630464504, 0.24279658197422938, 0.1826914480855226, -0.245468744685944, 0.2863981417791634, -0.009943059099619539], [-0.3865602298752882, 0.017765223729580587, -0.5197686722470882, 0.2676507033202016, 0.8485449961426239, -0.24145099973927614, -0.2295592370498254, 0.6311516060524425, 0.041077907455215, 0.5045622652647757, -0.5843803605107094, 0.06753388181948994], [-0.1819437769954546, -0.5966719767029409, -0.3618960649359103, -0.06178281651957976, -0.12163803960342176, -0.1246389842023169, 0.38629718626054516, -0.09456402168194268, 0.743378498309101, 0.4622256564651946, 0.4376895427636602, -0.0403538700173517]], "inverted": true, "swapped": false, "error_lsq": 0.043372143591310704, "error_max": 0.23121762942192417, "target": "993.xyz", "model": "28.xyz", "model_rescale": 4.156811204709835, "target_rescale": 3.728071799955014},
{"mapping": [3, 6, 0, 2, 8, 9, 1, 7, 5, 11], "R": [[0.3636196719486047, -0.9303079685009525, -0.04803975349250236], [0.33120378379216775, 0.1773101468049363, -0.9267497857791841], [0.8706806462611539, 0.32107350495430664, 0.3725949766738901]], "T": [-0.07361216692613902, 0.045091458391369105, 0.028981945494900522], "aligned_model": [[-0.6330680183744446, -0.054780705744962785, 0.00653623758652222, 0.5963782428416897, -0.09036010848408274, -0.6847210182933988, -0.1944652168648074, -0.4952709877528998, 0.3008636384653365, -0.10818668926836464], [-0.09982732576442424, -0.6021332668743475, -0.05736449282627329, 0.33852639950682206, -0.42494223035476786, -0.4461792825591224, 0.570206706030983, 0.22456011936342196, 0.4339077860818934, -0.018034081977981356], [-0.4978766404214089, -0.2811788090964267, -0.6810523538264652, -0.25930184531457756, 0.5900729569858835, 0.17322889905080102, -0.4128468430059301, 0.5082233939690184, 0.5403154296759853, 0.07920253895821955]], "inverted": false, "swapped": true, "error_lsq": 0.050702843808857034, "error_max": 0.2735195420673661, "target": "993.xyz", "model": "29.xyz", "model_rescale": 4.117894457231895, "target_rescale": 3.728071799955014},
