[{"mapping": [5, 3, 0, 2, 1, 12, 8, 11, 6, 9, 9, 4, 7, 13], "R": [[0.4453995365239916, 0.8634878273770805, 0.23666014627694054], [-0.7631595791385475, 0.5043692230759141, -0.4039791375589512], [-0.46819516190717814, -0.0006773369974582832, 0.8836248251273293]], "T": [-0.0576800785440831, -0.11043403622534961, -0.14399177732516108], "aligned_model": [[0.017549533820356074, -0.5165092736269827, -0.5241171654521257, -0.5843170055653167, -0.34879949995149634, 0.11459866822983608, 0.4375226433647279, 0.5923515263672938, -0.24584359048927332, 0.1575071222741677, 0.1575071222741677, -0.0018548390589991012, 0.4143193711140686, 0.0735433559974088], [0.3816144260045572, 0.13965767696584672, -0.696028115527691, -0.0965486311348435, -0.3748327302709553, -0.6358167473913424, 0.4265365089029697, 0.06675969559280884, 0.5923904595766545, -0.6139411108087042, -0.6139411108087042, 0.34374693834878045, -0.07246726550654081, -0.10860306378657583], [-0.7137549532871372, -0.13258079444009577, 0.04289977631868089, 0.41611445191426455, -0.5663505424637135, -0.3154935213147916, 0.13352584283867733, -0.3259894005623206, 0.09090927644166266, 0.3427507277149727, 0.3427507277149727, 0.6950597178659307, 0.4452191580104421, -0.04746758335047689]], "inverted": false, "swapped": false, "error_lsq": 0.05154060664721125, "error_max": 0.3423076781477848, "target": "994.xyz", "model": "0.xyz", "model_rescale": 3.8414455957264533, "target_rescale": 4.251553622674127},
{"mapping": [3, 2, 6, 9, 5, 10, 0, 1, 7, 12, 8, 13, 11, 14], "R": [[-0.5113459903473829, 0.611580895163886, -0.6037334567722701], [-0.8508743947818117, -0.26173651374597195, 0.45552910080124476], [0.12057380503384685, 0.7466343188219016, 0.6542164408641954]], "T": [-0.07738429165080382, -0.03465013348877061, 0.025741173227259426], "aligned_model": [[0.20957337476071622, -0.6883868569375164, -0.6839134121815513, -0.541856890710546, -0.267324071826765, 0.048288564732034106, 0.2222882279016373, 0.6652307544031244, -0.3870713415268028, 0.4250462708767764, -0.12397436452010259, 0.13734243843638214, 0.7325912611094365, -0.004375985218989686], [0.05172439006223062, 0.1298057023314903, -0.4975419397641398, 0.03240139107257803, -0.3055850755237859, -0.658524744140289, 0.609450926104613, 0.14105972112973075, 0.4920497797195212, -0.5542216651960374, -0.6224756149303006, 0.04202641194381648, -0.06757813287693201, -0.05406421977623549], [-0.6978413178606941, -0.3540414894841216, -0.14123420045091778, 0.5209976499846345, -0.5442061244009371, -0.22598904697560984, 0.17012806862618146, -0.3818699546053958, 0.2248294317976739, 0.270482867968178, 0.5516622376263173, 0.7488318586920352, 0.28864943273427923, -0.022806530250553597]], "inverted": false, "swapped": false, "error_lsq": 0.04142922377055286, "error_max": 0.24405776620960495, "target": "994.xyz", "model": "1.xyz", "model_rescale": 4.316132596720782, "target_rescale": 4.251553622674127},
{"mapping": [8, 0, 1, 10, 3, 11, 2, 9, 4, 7, 5, 13], "R": [[-0.2170276576816056, 0.04803222874854779, 0.9749830259049043], [-0.29487794668244155, 0.948902709110251, -0.11238614328988267], [-0.9305621915603403, -0.3118918941631444, -0.19177448733797453]], "T": [-0.03110273629803781, -0.1074554060887626, 0.09315375323816652], "aligned_model": [[-0.2119532743558914, 0.6157342080075919, 0.12492719195675228, -0.530630992028464, -0.5429640402777035, -0.6549006084594359, -0.09844007484481741, -0.27165973189769144, 0.4810604044709934, 0.420025621252303, 0.37564289925179706, -0.10903304844365336], [-0.77392091856557, -0.3922464898661664, -0.4655511300477361, 0.4269697926317473, -0.1395507911965883, -0.1403898791536501, 0.31612921012908, 0.6519631710471652, 0.005211966404551377, 0.037568891988003714, 0.45985192342206127, 0.026740680948082754], [0.01844117206886528, 0.09492293082960532, -0.549063652857362, -0.10283208099748109, -0.3542968006551104, 0.3947130060277858, -0.6013045837485204, 0.3857696306906059, -0.4955794827271891, 0.6612868298018619, -0.049764932448459503, 0.04696642522481921]], "inverted": true, "swapped": true, "error_lsq": 0.044023181880423756, "error_max": 0.20444935937585673, "target": "994.xyz", "model": "2.xyz", "model_rescale": 3.795458400668931, "target_rescale": 4.251553622674127},
{"mapping": [11, 7, 9, 4, 3, 2, 5, 8, 0, 1, 10, 13], "R": [[0.6315564200405375, -0.7134015166187225, 0.303635907612533], [0.7542721527623114, 0.47467727697288087, -0.4536022511991306], [0.17947146813042014, 0.5154995235804951, 0.8378843794434851]], "T": [0.08824139793823133, -0.13062326336937677, -0.045708506977297746], "aligned_model": [[-0.08768778211979547, -0.22619361662029092, -0.747090038624852, 0.3003015536353827, 0.24267044989937203, -0.006187692361749764, -0.3095660343047159, 0.6953461625922486, 0.4237027756734136, 0.7009536083779602, -0.3706105616249841, -0.022334998778423543], [-0.00611844635076228, -0.7867010640008157, -0.001729980401954545, 0.05131717977160158, 0.5003009221624516, 0.5566585802462671, -0.10050833469877091, -0.1540899100997891, -0.5886295709761838, 0.16846837711900334, 0.4593019826561956, -0.012500690137533257], [-0.7050217268625468, 0.08851733197575959, -0.12197257363837238, 0.6915431517068649, -0.2490074161179168, 0.3843582790114538, 0.5446707836464257, -0.3823660294647482, 0.37524637201508865, 0.2707547934052204, -0.16815156242858195, -0.03979997260954677]], "inverted": true, "swapped": true, "error_lsq": 0.048042557676219816, "error_max": 0.3069518463292854, "target": "994.xyz", "model": "3.xyz", "model_rescale": 3.7530521520055578, "target_rescale": 4.251553622674127},
{"mapping": [2, 0, 8, 6, 3, 7, 10, 5, 9, 12, 13], "R": [[-0.032546369898081295, -0.7722609742429539, -0.6344712140576445], [-0.9506410330327949, -0.17207447581915775, 0.258209219598958], [-0.30858120506731784, 0.6115581431334931, -0.7285425707852056]], "T": [-0.013662670796384814, -0.07246949868619536, -0.122980919396186], "aligned_model": [[-0.5189192489377694, -0.2468700386468135, 0.5087605227536979, 0.6116511261059708, 0.16349891706104305, -0.17764225213471269, -0.11503271775881987, -0.7034576430945881, -0.2377471633806354, 0.12269852059957481, -0.06874042012174228], [-0.6826946411963924, 0.1949822135913541, -0.2788828223465446, 0.2534623769927103, -0.7032154364652223, 0.6481593648225077, -0.4243046177095898, 0.03339671201643925, 0.14624505488207917, 0.4168159227870801, -0.13676076906007478], [0.07341585186689734, -0.7342018525187226, -0.5315549186646036, -0.2177609470078727, 0.06145725506743782, -0.1565781318805324, 0.5399560166107082, 0.02082662733735735, 0.6657892495434357, 0.3564478127293748, 0.01503381416183669]], "inverted": true, "swapped": true, "error_lsq": 0.05004436528740914, "error_max": 0.25814370622473215, "target": "994.xyz", "model": "4.xyz", "model_rescale": 3.7855080009869324, "target_rescale": 4.251553622674127},
{"mapping": [3, 5, 4, 7, 0, 1, 15, 14, 10, 11, 6, 8, 13, 16], "R": [[0.61702401523014, -0.5007127495120272, 0.6070981033617073], [0.7808100711189603, 0.48567347026771607, -0.39301006745033706], [-0.09806629119366345, 0.7165249631061156, 0.6906337522719983]], "T": [0.07073800168542156, -0.06682813625341813, -0.01799981866618245], "aligned_model": [[-0.1555855062836924, -0.6742000964297064, -0.457955420520323, -0.5891459543507673, -0.35692959729381, 0.07746812850800258, 0.46467357201949977, 0.6612321384856151, -0.27907867601203007, 0.38543119382273106, -0.09709791881850054, 0.0950022671663877, 0.5615244613962646, 0.10811937760816206], [0.26125254948952703, 0.07052634235116625, -0.5836507754800915, -0.04812684982051822, -0.4011164789406211, -0.7218482781079455, 0.5956112808265164, 0.1514990952506506, 0.559443223949061, -0.7371183383967124, -0.44416854546423423, 0.26275383860047863, -0.18447373340874462, -0.04205640069227175], [-0.5868208263498245, -0.3031387704128398, 0.0014529128772818242, 0.3363628463081238, -0.5782012217769708, -0.3974827012145217, 0.27407361698008986, -0.26568367547003724, 0.10997185581351943, 0.2720268491308881, 0.48749240425339685, 0.6033670948685623, 0.5017653237874669, -0.04759282539406581]], "inverted": false, "swapped": false, "error_lsq": 0.03907265383838067, "error_max": 0.22760458952910592, "target": "994.xyz", "model": "5.xyz", "model_rescale": 4.2253639853439635, "target_rescale": 4.251553622674127},
{"mapping": [10, 4, 0, 3, 1, 9, 5, 8, 2, 12, 7, 6, 11, 13], "R": [[-0.0800836326740503, 0.8083553923014408, 0.5832222316706653], [-0.8947483698592511, -0.31617800002062707, 0.31536776458155835], [0.43933127183475185, -0.4965813448370163, 0.7485953523419174]], "T": [-0.0037894220449137574, -0.08935309062036804, -0.027521715249658497], "aligned_model": [[0.023816553211999002, -0.6607273622293874, -0.43989962721474457, -0.5310626849996494, -0.2941098431515454, 0.18938480125570736, 0.33449462998899293, 0.5441183395424634, -0.24450535177823998, 0.41239341636679644, -0.22669592633004915, 0.023698352197136587, 0.6615750140764025, -0.04902234163804914], [0.5081551478524287, 0.09559077571316642, -0.7622914810175234, -0.03288029549260815, -0.19520520725990725, -0.5886800322139027, 0.44278644433982767, -0.05606204015917562, 0.5236386797470539, -0.6844791304415005, -0.4929309049353111, 0.10996493616588081, -0.050153621302635634, -0.07892634083953227], [-0.5282554663353919, -0.21497736669370046, -0.03246752185861366, 0.4434381580748808, -0.6932657835294022, -0.3206987135568783, 0.028448651218254926, -0.5220453914777954, 0.10080810463514708, 0.5589598328040032, 0.6181011267928653, 0.5834076706767047, 0.3741091570240741, 0.012030425626920617]], "inverted": false, "swapped": false, "error_lsq": 0.046733926589647846, "error_max": 0.3019971198503445, "target": "994.xyz", "model": "6.xyz", "model_rescale": 3.89814844738969, "target_rescale": 4.251553622674127},
{"mapping": [5, 4, 2, 7, 10, 1, 0, 12, 6, 8, 3, 11, 13], "R": [[0.0427869482022904, 0.8527682249779379, -0.5205339869129695], [0.9726135139456822, -0.1546904950632894, -0.17347565600771406], [-0.22845618738341678, -0.4988558962316185, -0.8360326340766739]], "T": [-0.11128420615030946, 0.02896081487127187, 0.004385892151732813], "aligned_model": [[0.20969886137480268, -0.1373943571281198, 0.4259875053766802, -0.3189548483802811, 0.6237509137186117, -0.35945628346374503, -0.6629563747167375, 0.11181130861507468, -0.5064562809700709, -0.5797207541588164, 0.19699242054783936, 0.09527077625045771, 0.050058913838526925], [-0.24592922713589674, 0.2686246814422698, 0.4515908349745436, -0.6738655886210101, 0.16270817660200418, 0.6456666167314725, -0.105312763715494, -0.5339999647583018, -0.12915563431545588, 0.43657619965384253, 0.6091777631379172, 0.03606108270262435, 0.04163908877197016], [-0.5692958175457268, -0.7462747061171118, -0.4416562585130474, -0.09676738567133834, 0.128419090574294, -0.34647826491602196, -0.41648884982005696, 0.352452062962916, 0.5745353511476242, 0.31564473106269214, 0.18203138410729786, 0.6665271710449345, -0.00037347748016001645]], "inverted": true, "swapped": true, "error_lsq": 0.038539829673897845, "error_max": 0.2328493096984808, "target": "994.xyz", "model": "7.xyz", "model_rescale": 3.7474275329858107, "target_rescale": 4.251553622674127},
{"mapping": [9, 7, 10, 6, 11, 12, 8, 4, 5, 1, 0, 3, 2, 14], "R": [[0.9271096309126061, -0.07305472236889979, -0.367601332707995], [0.08578708291091022, -0.9134152980701102, 0.39788574950245215], [-0.3648401138508863, -0.400419156373786, -0.8405689683388138]], "T": [0.03730311466052558, -0.17989487016205855, -0.03703561145215397], "aligned_model": [[-0.18421563347883532, -0.5787922935861737, -0.617600096652065, -0.600129672296499, -0.239738080371844, 0.07685038865758001, 0.34787802867874185, 0.7332952469875268, -0.2863298967439022, 0.41891862806133695, -0.1764510386563099, 0.000786152469588075, 0.7529293076901198, 0.09605692853856829], [0.3684735143932677, 0.061231894129250314, -0.5594195072934186, -0.020361131561456053, -0.21897429189255602, -0.7033436355398788, 0.426906564126157, 0.10579960134242952, 0.4393951813614104, -0.6464569793902539, -0.4571177908905223, 0.18425281548525232, -0.0514697396509482, -0.19038956446247254], [-0.5172043308949666, -0.19878221390102663, -0.08526623772870115, 0.44790410310838735, -0.5921940849010543, -0.3611960993947671, -0.013678428726782745, -0.25197622310153683, 0.12032693185230631, 0.4118421204684939, 0.5212383820219681, 0.5795659710098642, 0.38719974015473446, -0.040186746565849946]], "inverted": false, "swapped": false, "error_lsq": 0.04727497008716315, "error_max": 0.31189167016781677, "target": "994.xyz", "model": "8.xyz", "model_rescale": 4.019505241142653, "target_rescale": 4.251553622674127},
{"mapping": [7, 0, 5, 9, 12, 10, 2, 6, 11, 8, 1, 3, 13], "R": [[0.09088659014067418, 0.6021466031961948, -0.79319549670424], [0.9133385255135689, 0.26706375149407374, 0.3073917540380878], [0.3969286655625942, -0.7523937937657358, -0.5256911769827437]], "T": [-0.07966735848451457, -0.05735032352956119, 0.03212145174501864], "aligned_model": [[-0.4008209133643741, -0.7546420133944085, -0.013780415166190677, 0.5502242190310519, 0.1721155522743411, 0.6642969672987354, 0.3237432405427014, -0.2733032312477206, 0.33987214218303385, -0.3548382733348551, -0.34859491586253144, 0.34494716761478994, 0.07048124516660308], [-0.5767795518027282, 0.02920249998821322, 0.10232126412606937, -0.4134855529968923, -0.6887834610521083, 0.0530356342600694, 0.6025975030269693, -0.5665031428929921, -0.4261908373336928, 0.02972859740691696, 0.6157367005465285, 0.3297022409917854, -0.027203666154079865], [-0.3854641151847162, -0.1587317585436046, -0.6591594344869329, -0.41128873541304917, -0.12832812307822417, -0.056654900997824484, -0.22856874923136977, 0.48983396099900806, 0.4433266687942576, 0.6639152435558702, 0.23125183522291076, 0.3970007783165519, -0.020429175908998065]], "inverted": true, "swapped": true, "error_lsq": 0.04970271917292949, "error_max": 0.28902781770347347, "target": "994.xyz", "model": "9.xyz", "model_rescale": 3.877068213659057, "target_rescale": 4.251553622674127},
{"mapping": [9, 11, 12, 0, 10, 6, 7, 2, 8, 3, 5, 1, 4, 15], "R": [[-0.43720750830912014, -0.6782075976809527, 0.5906640746870949], [-0.8952023847180388, 0.26509118807536003, -0.35824482187455386], [0.08638451871294683, -0.6853912141635793, -0.7230329165910135]], "T": [0.07968215007331884, -0.1567726523232214, -0.09427872650405661], "aligned_model": [[0.03035275477915042, -0.6303161508938583, -0.47458470553977, -0.5735256880982674, -0.2942066960598656, 0.017447069782160277, 0.41038562696046915, 0.565644882886404, -0.19998188928680555, 0.3231381367260692, -0.06685160669685257, 0.00553290047306014, 0.6262376642630111, 0.00418567000292841], [0.30543975611319746, -0.015862359232577616, -0.6183118393415565, -0.036084774594343116, -0.27021843565310605, -0.7271858424751843, 0.47160207111399294, 0.23499525003574473, 0.559961429754271, -0.6514461070908729, -0.413675600359584, 0.15480409866745498, -0.10796424576765688, -0.14752647101351934], [-0.5628634084420922, -0.23816054671958947, 0.10056748805697546, 0.34449227522041065, -0.6863496381706771, -0.32024368486411203, 0.3082967157881467, -0.3194752871962634, -0.03594163294077485, 0.2200279683648202, 0.629270978533252, 0.7121507045246276, 0.301935217096265, -0.04611426584991989]], "inverted": false, "swapped": false, "error_lsq": 0.04238971931347358, "error_max": 0.24063281109174914, "target": "994.xyz", "model": "10.xyz", "model_rescale": 4.260839863003843, "target_rescale": 4.251553622674127},
{"mapping": [3, 11, 6, 8, 0, 1, 2, 10, 12, 7, 5, 13], "R": [[0.030340325937129375, -0.7614893324475043, 0.6474669576053155], [-0.4033867842946669, -0.6019995801159306, -0.6891121881062992], [0.9145264167198436, -0.24027172557106605, -0.3254395965654238]], "T": [-0.057578412985947236, 0.0242005202462691, -0.007137733748455548], "aligned_model": [[0.25571609246920807, 0.2571304828796062, -0.3453412284257802, -0.48089361311669804, -0.6671946000037134, -0.3827011468398853, 0.3818082979256712, 0.6827111272961922, 0.24048995848347138, -0.25459771804037945, 0.17165445096472273, 0.10011654550171487], [0.00938260099048075, -0.5803547184665777, -0.6243859548104375, -0.28457735665250683, 0.31288619442646975, 0.43218208934854835, 0.6245334875125554, 0.05446098042841239, -0.37572564801136304, -0.039804276871148285, 0.5856547685319782, 0.05882633910652251], [-0.6111833351370611, -0.13604747729067326, 0.04540113032128806, -0.4631263633193199, 0.20389735801626896, -0.548309915152072, -0.3429505875179635, -0.16399728755377774, 0.4818007217293946, 0.7030811156819743, 0.36693016121292293, -0.019317443595476453]], "inverted": false, "swapped": true, "error_lsq": 0.04157759132413773, "error_max": 0.24703319888066463, "target": "994.xyz", "model": "11.xyz", "model_rescale": 3.890672605050136, "target_rescale": 4.251553622674127},
{"mapping": [4, 7, 8, 5, 3, 0, 10, 2, 12, 6, 6, 9, 11, 13], "R": [[-0.06693242884939665, -0.8394162453455132, 0.539351848998742], [-0.10343916190721758, -0.5318134743444458, -0.8405205341272883], [0.9923811716030555, -0.11204818408046963, -0.05123294537713319]], "T": [0.06034230981526799, -0.183903230646245, 0.06762432044865313], "aligned_model": [[0.16658912246299934, -0.6758472580431538, -0.4855938939351996, -0.5726942014451721, -0.4186009491967641, 0.09007449587138082, 0.3937090946302998, 0.621643575624193, -0.22902253758675484, 0.17127188280553343, 0.17127188280553343, -0.0004305328207605402, 0.5410552303744548, -0.02996794224875704], [0.11680352685808662, 0.16880096842845363, -0.6505450197851349, 0.04359090511955982, -0.3608552784413388, -0.5574855355613698, 0.6435086099256887, 0.13324284213374024, 0.5015670293478603, -0.6320986374651798, -0.6320986374651798, 0.05163515546868533, -0.014368809417753675, -0.07317018898985721], [-0.5563501218312936, -0.1785236805749314, 0.009399343832799237, 0.4581155180939263, -0.7020278629628485, -0.38871633992892396, 0.0060066500446593896, -0.2322479710159283, 0.1067479002527878, 0.4124051944601973, 0.4124051944601973, 0.8069813020791183, 0.2748327467286418, -0.021434990237332974]], "inverted": true, "swapped": false, "error_lsq": 0.049224214317148275, "error_max": 0.33143387169333544, "target": "994.xyz", "model": "12.xyz", "model_rescale": 4.124412569039231, "target_rescale": 4.251553622674127},
{"mapping": [11, 3, 2, 6, 10, 12, 8, 7, 1, 0, 5, 4, 13], "R": [[0.001456328528753159, 0.9793945228307565, 0.20195110238949252], [0.9584371255207987, -0.05898383602092261, 0.27914007865529733], [0.2853001148451311, 0.1931509144098776, -0.938773971055857]], "T": [0.0570956262164356, 0.05560152974951954, -0.03093509856886531], "aligned_model": [[-0.2289269998475557, 0.05792393977040776, 0.6645228839298224, -0.5771775384145015, 0.4874297247009402, 0.09526165617490163, -0.5651144094249086, 0.1021083551013218, -0.0074886361829493014, -0.04401440878476698, 0.7196822609453765, 0.4874099065007177, 0.17568157304095167], [-0.2500146044417971, 0.45088611356814196, 0.5385391233590924, -0.26560816648938085, 0.00893746178797486, -0.6287485067966374, 0.36034037277141445, -0.4970617365655549, 0.7929998565627538, 0.19898541450086088, 0.0031473380053511635, 0.5910906094172681, 0.043992100828989814], [0.5221799741543396, 0.5231348592238111, 0.22211436958841993, -0.003474772910717655, 0.5905021444125883, 0.10343338363292187, 0.01860352598452797, -0.5206913675524744, -0.16167783597456162, -0.7155699985869495, -0.2877090811313068, -0.4178367765920973, 0.07868965671933764]], "inverted": true, "swapped": true, "error_lsq": 0.03990645179982273, "error_max": 0.23570377162875708, "target": "994.xyz", "model": "13.xyz", "model_rescale": 3.9028299243045295, "target_rescale": 4.251553622674127},
{"mapping": [2, 8, 4, 5, 0, 3, 11, 6, 12, 7, 10, 14, 9, 15], "R": [[0.8668858051707462, -0.4973088547190646, -0.03453843962137254], [-0.43745873501440213, -0.792119424576882, 0.4256485314993914], [-0.23903735263147902, -0.3538795278424587, -0.9042291876625816]], "T": [-0.04952350378783533, -0.027906607946515123, -0.020294286253535507], "aligned_model": [[-0.09216450235073168, -0.700512276649547, -0.33810823513287824, -0.5361254266173836, -0.47261387374940644, 0.13398806763970048, 0.34237861499628214, 0.5727169411358142, -0.3147267352533131, 0.4368638499069133, -0.11099895502503027, 0.15813773961991645, 0.6218619931377709, 0.04276076763972563], [0.22783388782463765, 0.21760637881616637, -0.640134015799774, -0.05623586668374383, -0.42584053225056195, -0.4830888980271301, 0.5121585765943304, -0.09216414766649839, 0.5926138664585753, -0.703721928884435, -0.4310358284745266, 0.19581797038234489, -0.10678574716243344, -0.06849678497069084], [-0.7094447151296034, -0.35562121701886157, 0.015198357920958375, 0.13628749893598807, -0.6117835422662634, -0.4047705939596336, 0.2968791900607804, -0.25072010846014126, 0.14959354681651021, 0.33653753686285354, 0.6034526195509226, 0.8102927193159429, 0.35900118218521976, 0.032690408586396366]], "inverted": true, "swapped": false, "error_lsq": 0.03884334669031144, "error_max": 0.27481197987052547, "target": "994.xyz", "model": "14.xyz", "model_rescale": 3.942246331269136, "target_rescale": 4.251553622674127},
{"mapping": [0, 12, 3, 4, 1, 5, 8, 7, 13, 9, 10, 11, 6, 14], "R": [[-0.22033416274521336, 0.9499166463311273, -0.22161051814025023], [-0.7288099558012826, -0.009322418748597822, 0.6846525694347523], [0.6482969266102521, 0.31236430258866027, 0.694362756357224]], "T": [-0.021318908510625314, -0.13296999223683154, 0.06148583664469605], "aligned_model": [[0.2755677226474091, -0.6286779953735786, -0.639713057600918, -0.4394416991915305, -0.4286189869028299, -0.05541072606682673, 0.3615595742955147, 0.7966171108013275, -0.5725131881125798, 0.5779822467644031, 0.026864814668039767, 0.03500840903231786, 0.44821323345914155, -0.013979489122057247], [0.12309370902665057, 0.2529204147015532, -0.44928780607824687, -0.2340928522688226, -0.24907479661505091, -0.633155420001565, 0.5360047489038382, -0.06388053272825273, 0.4194726366869305, -0.6484519290063107, -0.5092539554999176, 0.2917700012366747, 0.01369897481863272, -0.1112362630198534], [-0.5606131844147627, -0.3261735390973024, -0.12312090082208031, 0.459746399611665, -0.6293598453441386, -0.3276566103032558, -0.007200329412476378, -0.17765182878249725, 0.28934951165061085, 0.21405976719236397, 0.6657119729999751, 0.6364068711347314, 0.3276007950716639, -0.03350619608342752]], "inverted": false, "swapped": false, "error_lsq": 0.0578879044560836, "error_max": 0.38941086954530735, "target": "994.xyz", "model": "15.xyz", "model_rescale": 4.355366556412066, "target_rescale": 4.251553622674127},
{"mapping": [8, 0, 1, 10, 3, 11, 2, 9, 4, 7, 5, 13], "R": [[-0.2170276576816056, 0.04803222874854779, 0.9749830259049043], [-0.29487794668244155, 0.948902709110251, -0.11238614328988267], [-0.9305621915603403, -0.3118918941631444, -0.19177448733797453]], "T": [-0.03110273629803781, -0.1074554060887626, 0.09315375323816652], "aligned_model": [[-0.2119532743558914, 0.6157342080075919, 0.12492719195675228, -0.530630992028464, -0.5429640402777035, -0.6549006084594359, -0.09844007484481741, -0.27165973189769144, 0.4810604044709934, 0.420025621252303, 0.37564289925179706, -0.10903304844365336], [-0.77392091856557, -0.3922464898661664, -0.4655511300477361, 0.4269697926317473, -0.1395507911965883, -0.1403898791536501, 0.31612921012908, 0.6519631710471652, 0.005211966404551377, 0.037568891988003714, 0.45985192342206127, 0.026740680948082754], [0.01844117206886528, 0.09492293082960532, -0.549063652857362, -0.10283208099748109, -0.3542968006551104, 0.3947130060277858, -0.6013045837485204, 0.3857696306906059, -0.4955794827271891, 0.6612868298018619, -0.049764932448459503, 0.04696642522481921]], "inverted": true, "swapped": true, "error_lsq": 0.044023181880423756, "error_max": 0.20444935937585673, "target": "994.xyz", "model": "16.xyz", "model_rescale": 3.795458400668931, "target_rescale": 4.251553622674127},
{"mapping": [5, 4, 2, 7, 10, 1, 0, 12, 6, 8, 3, 11, 13], "R": [[0.0427869482022904, 0.8527682249779379, -0.5205339869129695], [0.9726135139456822, -0.1546904950632894, -0.17347565600771406], [-0.22845618738341678, -0.4988558962316185, -0.8360326340766739]], "T": [-0.11128420615030946, 0.02896081487127187, 0.004385892151732813], "aligned_model": [[0.20969886137480268, -0.1373943571281198, 0.4259875053766802, -0.3189548483802811, 0.6237509137186117, -0.35945628346374503, -0.6629563747167375, 0.11181130861507468, -0.5064562809700709, -0.5797207541588164, 0.19699242054783936, 0.09527077625045771, 0.050058913838526925], [-0.24592922713589674, 0.2686246814422698, 0.4515908349745436, -0.6738655886210101, 0.16270817660200418, 0.6456666167314725, -0.105312763715494, -0.5339999647583018, -0.12915563431545588, 0.43657619965384253, 0.6091777631379172, 0.03606108270262435, 0.04163908877197016], [-0.5692958175457268, -0.7462747061171118, -0.4416562585130474, -0.09676738567133834, 0.128419090574294, -0.34647826491602196, -0.41648884982005696, 0.352452062962916, 0.5745353511476242, 0.31564473106269214, 0.18203138410729786, 0.6665271710449345, -0.00037347748016001645]], "inverted": true, "swapped": true, "error_lsq": 0.038539829673897845, "error_max": 0.2328493096984808, "target": "994.xyz", "model": "17.xyz", "model_rescale": 3.7474275329858107, "target_rescale": 4.251553622674127},
{"mapping": [0, 4, 9, 5, 6, 2, 3, 1, 8, 7, 12, 10, 11, 13], "R": [[-0.10463098191836873, 0.6840843783788034, -0.721859349791138], [-0.46696299373204797, -0.6746486899067611, -0.5716596082389367], [-0.8780648723799408, 0.27726829689882937, 0.3900312441679784]], "T": [0.03277533721378825, -0.09382730646836168, 0.058751032840312814], "aligned_model": [[-0.00736663504411475, -0.7130409418749725, -0.40575827040122203, -0.560164030451733, -0.4182233674921022, 0.182812422874387, 0.40525710740450416, 0.653827071509711, -0.2366663805158151, 0.42120446855270877, -0.15843630540315704, -0.041172575367041, 0.5921467068458199, 0.02903869866085937], [0.2593522839306944, 0.10794345307959982, -0.596548953052634, -0.022940066199928055, -0.4069163519444051, -0.4258925101356653, 0.46319559847108827, 0.0026376749040546432, 0.5717249375549558, -0.7220695894012059, -0.5445823649427027, 0.2522304151879439, -0.09279225541685407, -0.106815341878681], [-0.6980813064328382, -0.24501279064471054, 0.006949614869011592, 0.466939521298563, -0.4830738737640635, -0.5503912307152123, 0.16632424306312604, -0.2302258996413694, 0.02275349901996239, 0.20658109033511657, 0.6239898392761615, 0.6513850935982494, 0.5157403776957046, -0.046285294556632064]], "inverted": false, "swapped": false, "error_lsq": 0.04185330842180439, "error_max": 0.2663838896080723, "target": "994.xyz", "model": "18.xyz", "model_rescale": 3.922800546911778, "target_rescale": 4.251553622674127},
{"mapping": [10, 11, 13, 7, 4, 8, 2, 1, 9, 5, 12, 3, 0, 14], "R": [[0.5569085187572005, -0.010136848088949768, 0.8305119782679133], [-0.8038267458964499, -0.258291740765054, 0.5358618658143932], [0.20908243426262635, -0.9660137788682832, -0.15199314036967215]], "T": [0.03682563611270998, -0.17093225160084868, -0.05012219828965992], "aligned_model": [[-0.15024205463136187, -0.616463726799171, -0.5416781291788623, -0.5615627763588489, -0.33518651937546423, 0.1500420054790127, 0.26746917297952505, 0.731867669285265, -0.20525289903613492, 0.5169596641720124, -0.16473827168504795, 0.05843906677767016, 0.6222213590946235, -0.028416591425384878], [0.40478266021345766, 0.06477353554631932, -0.5372159035424244, 0.003475369343272028, -0.22098904192401583, -0.7253957159025827, 0.50722931017738, -0.06669270877070516, 0.5836772643931096, -0.6077130344952975, -0.6081929332217748, 0.02892467341778404, 0.047333725721777825, -0.13547027080003987], [-0.5831875476208953, -0.20791764492969309, -0.10474295152505256, 0.4496020342977094, -0.6689666157353943, -0.2828086278115633, -0.04469837898347793, -0.28257372822605215, 0.13617231882380024, 0.35140934839051896, 0.571801536543007, 0.5571168919557664, 0.5049583781447529, 0.011427870077642933]], "inverted": true, "swapped": false, "error_lsq": 0.044680614609549925, "error_max": 0.30372525963009006, "target": "994.xyz", "model": "19.xyz", "model_rescale": 3.9282355846067225, "target_rescale": 4.251553622674127},
{"mapping": [7, 5, 1, 3, 2, 10, 8, 12, 6, 11, 0, 4, 9, 13], "R": [[0.09728863422035142, 0.41491725746145935, 0.9046427975240835], [0.21098856238399455, 0.8796966821702479, -0.4261661341798446], [-0.9726349511480009, 0.23233040446596553, -0.001958306923585033]], "T": [0.0020672410378509455, 0.022302392719150355, 0.021206772970129587], "aligned_model": [[0.06525038902463404, -0.6434995152588526, -0.5408428307055418, -0.6260147612807595, -0.3418575807129537, 0.2647964177780059, 0.4120982341192772, 0.6680760543136052, -0.32616071413015907, 0.3817399246932367, -0.19132311248428874, -0.008633746191080567, 0.6923984492681131, -0.06256923913540358], [0.2632848725213315, 0.14906314913938215, -0.49322888432331313, -0.04042465312576282, -0.38003756848155623, -0.7321097282879241, 0.4943518700912243, -0.0575884440417187, 0.5867996532767903, -0.4182219708287578, -0.5910886243060971, 0.036950067890726836, 0.04541254169092229, -0.12463535105898696], [-0.5497863185979683, -0.2130269266653314, -0.01004946956098094, 0.4310035338462645, -0.6101049431927884, -0.30139217364704884, 0.4544104834269966, -0.5011379983334944, 0.04249776463822747, 0.43971616322628904, 0.49717801117066734, 0.6529019363394611, 0.05772483967188315, 0.017657981078892403]], "inverted": false, "swapped": false, "error_lsq": 0.04493012586573563, "error_max": 0.3020164260640212, "target": "994.xyz", "model": "20.xyz", "model_rescale": 4.067790424073018, "target_rescale": 4.251553622674127},
{"mapping": [3, 6, 4, 5, 2, 0, 10, 12, 13, 7, 8, 1, 9, 14], "R": [[-0.9795324535344434, -0.17930234966799125, 0.09147043170517369], [-0.11805655561096401, 0.14369887656816105, -0.9825544679814568], [0.16303012651062013, -0.9732426728604668, -0.16192553094970963]], "T": [-0.07034126079897732, -0.061178523027608386, -0.015608918007059026], "aligned_model": [[0.062430585330009086, -0.6611184705908527, -0.7516728161215734, -0.47604825099740733, -0.3497971333947587, 0.21590391073922724, 0.33777883101339956, 0.5830329648000373, -0.21572749967070956, 0.3819961936753684, -0.17151875122015797, 0.1798632908779522, 0.6278399715170703, -0.019504856659771613], [0.01725153052439453, 0.14380843957920486, -0.48288525359765, -0.059510737130577, -0.49616620299182823, -0.6519255834589146, 0.5586644279351134, 0.18055899909957673, 0.5305636529446479, -0.523422055999472, -0.49974457330823613, -0.03774304787560802, 0.06529797247905324, -0.006220638043444013], [-0.8522482550132449, -0.4112344180031171, 0.00496387591834109, 0.4131861116425609, -0.5507837166383173, -0.2867908530318562, 0.33155030821997117, -0.3344803005680908, 0.3291047948033666, 0.3563933678920263, 0.3345208175173251, 0.765514351460293, 0.3015606933917772, 0.006336105810033424]], "inverted": true, "swapped": false, "error_lsq": 0.04982499719942326, "error_max": 0.29254756120399983, "target": "994.xyz", "model": "21.xyz", "model_rescale": 4.186013935880536, "target_rescale": 4.251553622674127},
{"mapping": [11, 10, 12, 8, 1, 6, 3, 2, 7, 5, 4, 0, 13], "R": [[0.5581038829308709, 0.8297710639322062, -0.0001931794478542137], [0.6970941252919054, -0.468991652407151, -0.542315969206074], [-0.4500886983040099, 0.3025339839311022, -0.8401745962749514]], "T": [0.07566729061895759, -0.021340753001961393, 0.0006797775698660097], "aligned_model": [[0.28001407435716297, -0.4503728765072168, 0.3341992520830396, 0.4178899016886755, -0.1883106350651828, 0.7389155504100472, -0.29420422261757145, -0.7340017551202942, 0.4641617283643374, -0.3557384049638055, -0.4108857934625885, 0.30710695202136923, -0.050199735764746775], [-0.35887328231791316, -0.1352581313732588, 0.28993249510409547, -0.571138579986331, -0.37873331004034605, -0.22358969325217035, -0.5781506667793701, -0.09556947747325552, 0.6074687624410222, 0.541988644060874, 0.1703609469266088, 0.2658854735183327, -0.015366521282194658], [-0.5698117923955545, -0.5320995313343538, -0.5686327001502067, 0.2518195795480823, 0.6069860513672171, -0.1587858860252815, -0.12739008637828586, 0.07249035411920783, -0.03085908470697915, 0.06590619167878761, 0.5907038426150275, 0.6035428647098502, -0.10099024171216504]], "inverted": false, "swapped": true, "error_lsq": 0.049123305992279084, "error_max": 0.2938175048331058, "target": "994.xyz", "model": "22.xyz", "model_rescale": 4.166573947596378, "target_rescale": 4.251553622674127},
{"mapping": [10, 9, 11, 3, 14, 12, 0, 5, 8, 6, 2, 4, 1, 15], "R": [[0.5516841075352727, -0.7480012812534381, 0.36896982090169006], [0.8326994705097922, 0.4687682102650322, -0.2947337049908453], [0.04749986637583034, 0.46984087549736886, 0.8814722425613553]], "T": [-0.05705512043411756, -0.08584851663001054, -0.031242110104188432], "aligned_model": [[0.026511132239018853, -0.6184611086866229, -0.6235145972071546, -0.4732633563079288, -0.18975808925961637, -0.12846369930630203, 0.4260638059612456, 0.7388609857078478, -0.3787032084943355, 0.443157223280478, 0.0544132612496637, -0.06732429305210355, 0.5258401586117191, 0.008099754561923314], [0.28124105850890646, 0.00925295519476338, -0.6204395963993257, -0.10810360829552183, -0.3060735165258492, -0.6943462604463344, 0.47743895432171785, 0.023447543585986205, 0.635760807110078, -0.6392103054150111, -0.4049096252561088, 0.2734617661692212, -0.1030105998239909, -0.08598264257227092], [-0.6787011113873413, -0.22157916034161293, 0.09297288911691573, 0.4020038561803624, -0.7794858101819255, -0.2636483618770605, 0.30943235454705614, -0.2448630463590858, 0.14167877226623138, 0.1193765271060846, 0.550637643827993, 0.6095731348245446, 0.3786818065360349, -0.008486610857127631]], "inverted": true, "swapped": false, "error_lsq": 0.049054390282215435, "error_max": 0.28423727780260516, "target": "994.xyz", "model": "23.xyz", "model_rescale": 4.274766983524099, "target_rescale": 4.251553622674127},
{"mapping": [9, 12, 7, 5, 0, 4, 2, 1, 3, 8, 13], "R": [[-0.2044864786235706, 0.12297034313105226, 0.9711146043440823], [0.4978355021878662, 0.8672571178141317, -0.004990427043913004], [-0.8428197273566201, 0.4824348518825695, -0.23856135660990055]], "T": [0.038616279423533684, 0.22396734967535917, 0.03420323756729563], "aligned_model": [[0.2369909217196513, 0.2001153567359336, -0.4015582093963696, -0.410343822539357, -0.5869662172622752, -0.49990283907570926, 0.05319971801135656, -0.11469562063057062, 0.5358257624746494, 0.26159748296385194, 0.10563217095691359], [-0.09264479196477546, 0.43991082473396104, 0.5743015202748857, -0.23567995832181607, 0.4640720268100146, -0.2472055342411489, -0.5763708411449009, 0.006792252380047936, -0.11867736431161555, 0.6073307972736844, 0.09375759975514653], [-0.7277761245077442, -0.6101048959989257, -0.4462511546562902, -0.27379765199368394, 0.25893287016058625, 0.36526987011999507, 0.19381755303681586, 0.7373045966454428, 0.3482437387406478, 0.5687843971071781, -0.034856764632444574]], "inverted": false, "swapped": true, "error_lsq": 0.05399805650439971, "error_max": 0.38560828620425536, "target": "994.xyz", "model": "24.xyz", "model_rescale": 3.7841303162186577, "target_rescale": 4.251553622674127},
{"mapping": [10, 7, 1, 6, 0, 8, 13, 14, 11, 2, 4, 3, 12, 15], "R": [[0.8030257302167403, -0.29086273550562797, -0.5201428127966918], [-0.5645043917910157, -0.6510028101671503, -0.5074742681192109], [-0.19100907899502217, 0.7011377969048999, -0.6869652986089014]], "T": [0.009305291851771296, -0.12561491492871493, -0.038863826845166254], "aligned_model": [[0.07739052343625637, -0.5001934314205523, -0.4298768349230234, -0.5361892964822629, -0.511736801277341, -0.005066469461026169, 0.3498359324254449, 0.6640651616623463, -0.2403237217465019, 0.4324024981679656, -0.19065898564784556, -0.020742293410807484, 0.6876436186896899, -0.033091930714509735], [0.24202751394837066, 0.1429976925459194, -0.7257118187446066, 0.02671731013079065, -0.38715612333155436, -0.6828458605193881, 0.5056057190654711, 0.256277007538359, 0.5931685329413026, -0.7081951853385265, -0.5265188085362194, 0.13807335654085204, -0.030741136687376297, -0.1051712693971339], [-0.7211090547556609, -0.34063174791997086, -0.045121570476260524, 0.40975293560328685, -0.48768593285868406, -0.23570109311290113, 0.273545186023384, -0.27284466954516773, 0.06342634766210939, 0.1855955469040365, 0.5577890862230214, 0.7217724369119803, 0.28675556289242643, 0.012049849849469309]], "inverted": true, "swapped": false, "error_lsq": 0.03968200244942699, "error_max": 0.2420493085434983, "target": "994.xyz", "model": "25.xyz", "model_rescale": 4.19342608120988, "target_rescale": 4.251553622674127},
{"mapping": [8, 0, 1, 10, 3, 11, 2, 9, 4, 7, 5, 13], "R": [[-0.2170276576816056, 0.04803222874854779, 0.9749830259049043], [-0.29487794668244155, 0.948902709110251, -0.11238614328988267], [-0.9305621915603403, -0.3118918941631444, -0.19177448733797453]], "T": [-0.03110273629803781, -0.1074554060887626, 0.09315375323816652], "aligned_model": [[-0.2119532743558914, 0.6157342080075919, 0.12492719195675228, -0.530630992028464, -0.5429640402777035, -0.6549006084594359, -0.09844007484481741, -0.27165973189769144, 0.4810604044709934, 0.420025621252303, 0.37564289925179706, -0.10903304844365336], [-0.77392091856557, -0.3922464898661664, -0.4655511300477361, 0.4269697926317473, -0.1395507911965883, -0.1403898791536501, 0.31612921012908, 0.6519631710471652, 0.005211966404551377, 0.037568891988003714, 0.45985192342206127, 0.026740680948082754], [0.01844117206886528, 0.09492293082960532, -0.549063652857362, -0.10283208099748109, -0.3542968006551104, 0.3947130060277858, -0.6013045837485204, 0.3857696306906059, -0.4955794827271891, 0.6612868298018619, -0.049764932448459503, 0.04696642522481921]], "inverted": true, "swapped": true, "error_lsq": 0.044023181880423756, "error_max": 0.20444935937585673, "target": "994.xyz", "model": "26.xyz", "model_rescale": 3.795458400668931, "target_rescale": 4.251553622674127},
{"mapping": [10, 5, 9, 11, 6, 1, 4, 3, 0, 12, 8, 7, 13], "R": [[-0.7950460655820221, 0.6062577127546989, 0.018797322362187507], [-0.603538275089375, -0.7938036272831089, 0.07494899475190481], [0.06035978880586808, 0.04824299988205595, 0.9970101849317744]], "T": [-0.14662860024405194, -0.038598020825014574, -0.022764275103862933], "aligned_model": [[0.067851297473104, 0.3228175641556142, 0.5738674905514571, -0.1454609593455455, -0.2738460634033694, -0.7528921673425457, -0.2650889328085782, -0.529977224845082, -0.23336009660835472, 0.40137569597164163, -0.7655367390324568, 0.3805927140849323, -0.08066619602956006], [-0.5892033970420991, -0.41583845544249937, -0.2892008649800926, 0.11680929744773846, 0.5986472068633582, -0.3141475396186459, -0.48732531778904326, -0.46044789285744403, 0.23636933889108475, 0.22858596179940854, 0.2610219556643922, 0.4031813090361534, -0.1665700987153967], [-0.4964533204465458, 0.35804449855292486, -0.3946404545213204, -0.6987773295741049, -0.3125338778398706, 0.3258587772357282, 0.6145918304487888, -0.3946925261404101, 0.6225090952875306, -0.36357289901297585, -0.12097706272201238, 0.24961917543800144, -0.09683924460630766]], "inverted": true, "swapped": true, "error_lsq": 0.061864495196289795, "error_max": 0.514561753136445, "target": "994.xyz", "model": "27.xyz", "model_rescale": 3.6321398670334006, "target_rescale": 4.251553622674127},
