[{"mapping": [6, 4, 9, 2, 11, 8, 7, 1, 5, 0, 3, 12, 13], "R": [[-0.3704807715473188, -0.5872005350519809, -0.7196801578120456], [0.828069109641689, 0.1421913100434171, -0.5422943674844478], [0.4207678071940911, -0.7968545431776142, 0.4335634779894079]], "T": [0.18532358347871275, 0.13937838103367547, -0.02926377679383329], "aligned_model": [[0.4301833619808082, -0.12345738663601863, -0.3604797495425897, 0.3739888094880088, -0.2290119958484343, -0.21114948103474884, -0.4740051745766691, 0.5523954070768655, 0.5216719039789401, 0.32949111373453266, 0.6359076861439403, -0.026244728355388103, 0.03069121585178919], [-0.3724017064343881, -0.7227291668640037, -0.03267306944992604, -0.5422665658110074, 0.47284790821565703, -0.10452585469727793, -0.21294800087231855, 0.4900030663472791, 0.4928137566237627, 0.00768730906059048, -0.1225105615532873, 0.5298868653425934, 0.10273784715147138], [-0.5417782791552193, -0.30281288566450093, 0.42816402276971804, 0.2724378048156676, -0.4811331638825624, -0.6568774832490892, -0.14127356158805754, 0.24526257857489053, -0.6074977285986091, 0.7172518756630617, -0.06911919014994433, 0.3420336526128703, -0.06512691126808468]], "inverted": false, "swapped": false, "error_lsq": 0.047648655477575845, "error_max": 0.2537802284567743, "target": "995.xyz", "model": "0.xyz", "model_rescale": 3.8414455957264533, "target_rescale": 3.953091088865107},
{"mapping": [13, 0, 4, 7, 12, 11, 1, 6, 8, 2, 9, 5, 14], "R": [[-0.5651236692137885, -0.07320905488845342, -0.8217515882410475], [-0.8248730819823182, 0.06803244350553456, 0.5612093951919], [0.01482015908607276, 0.9949934778243554, -0.0988349228342787]], "T": [0.10006715307871247, 0.03160640916454422, -0.016527546148990775], "aligned_model": [[0.40899534918698366, -0.10738266353477743, -0.14948129939493954, 0.3946178366365888, -0.04496458817838192, -0.32180971874662034, -0.740975772451731, 0.496997170437668, 0.5557557925898405, 0.2809259845825751, 0.7625670721175699, -0.10166076743578753, 0.016396586452048237], [-0.2974948578162289, -0.6569774842512763, -0.24055543555660647, -0.48816174239379034, 0.3793083585329116, -0.12209295827009053, -0.09620537429880216, 0.5953302442322806, 0.42229222841373076, 0.07414337933979664, -0.13127133267119684, 0.49139047559946664, 0.05621632619895028], [-0.6257095602960513, -0.1078191932066836, 0.38281032457475683, 0.22019162412739732, -0.6801228236340293, -0.7408629736955376, -0.17403575733765697, 0.35047268938170434, -0.5303513018850022, 0.697675097961067, -0.025151842145670754, 0.41035328420059997, -0.03791883716475357]], "inverted": true, "swapped": false, "error_lsq": 0.047479586618778706, "error_max": 0.26924694370673363, "target": "995.xyz", "model": "1.xyz", "model_rescale": 4.316132596720782, "target_rescale": 3.953091088865107},
{"mapping": [8, 4, 5, 3, 0, 10, 1, 9, 6, 7, 2, 12], "R": [[-0.8218412789864098, 0.5500633520925221, 0.14834830918726521], [-0.18242568583921132, -0.5007589356586539, 0.8461449979194497], [0.5397200953272685, 0.6683343452514994, 0.5118900484060753]], "T": [0.11596429434169242, 0.07126057580935014, -0.03549181711147519], "aligned_model": [[-0.10089711916537097, 0.4027384330746453, 0.07459943091092204, -0.5287501521444148, -0.4752378796106431, -0.4418299713152334, -0.0608565293619881, -0.18886172108706184, 0.5643762197454509, 0.09442776311754172, 0.25785395202015393, 0.00024612844777881226], [-0.6496683468818707, -0.6029066729672543, -0.47142666981901177, 0.41075347550316516, -0.19467460837642664, -0.05613208578716003, 0.2286709214470616, 0.6202486384696244, 0.08380196271787332, 0.05389394025628008, 0.6006016163762249, -0.010385743197525915], [0.27139543006063915, -0.0885474425917624, -0.5902174456776891, -0.07773647643824116, -0.43547143287081125, 0.37755583756002487, -0.7209839889948072, 0.6091465317035882, -0.6539176778685566, 0.7488809411820183, 0.010864335431572815, -0.0017101502865547458]], "inverted": false, "swapped": true, "error_lsq": 0.05049378894572112, "error_max": 0.3566068160156097, "target": "995.xyz", "model": "2.xyz", "model_rescale": 3.795458400668931, "target_rescale": 3.953091088865107},
{"mapping": [6, 11, 4, 10, 1, 0, 8, 2, 7, 3, 5, 12], "R": [[0.22578077635451355, -0.5668386978342219, 0.7922858901093451], [0.09984209605256483, -0.7955395585488854, -0.5976189142251737], [0.969048294402598, 0.2140343463592901, -0.12302317543441915]], "T": [0.13770822988110965, -0.08109351110256202, -0.035916578707121886], "aligned_model": [[-0.11304430839023483, -0.10231925289480825, -0.5946456716301834, 0.294625383963417, 0.24673853491212247, 0.06001530338652228, -0.3925694068666964, 0.5740185127317785, 0.24657677836636416, 0.6862800914191718, -0.42450454855420305, 0.11213240930031501], [0.12922965460331626, -0.7056152130618258, -0.12934342492853657, -0.049505396948181624, 0.5439412788555485, 0.6253871954765297, -0.0992016410101289, -0.2701749280738002, -0.6805374920799506, 0.3015881428355797, 0.4469297400574357, -0.02692887043627684], [-0.7262559278687989, -0.029671463468275452, -0.006159325454830382, 0.6513613096734794, -0.38718149618284187, 0.23807985576072094, 0.5800581694070335, -0.3122588662746335, 0.4588769125407312, 0.2561800186025193, -0.1310441744982351, 0.0967864184022314]], "inverted": false, "swapped": true, "error_lsq": 0.05157688054089978, "error_max": 0.25485885703832584, "target": "995.xyz", "model": "3.xyz", "model_rescale": 3.7530521520055578, "target_rescale": 3.953091088865107},
{"mapping": [1, 6, 5, 4, 0, 11, 3, 2, 9, 10, 12], "R": [[0.49220907989325074, 0.3581681117612182, -0.7933762193234954], [-0.06621581417069199, 0.924191977048954, 0.37614446096155446], [0.867954888012247, -0.13260766673065877, 0.4786120757982384]], "T": [-0.10666619877165859, 0.06321417173248783, -0.012225395936027053], "aligned_model": [[-0.2650041419711261, -0.32545216271824845, 0.3622927868560911, 0.42885403849366677, 0.2961311044404774, -0.07851614992908412, -0.22046344701191967, -0.6460468703008362, -0.46007680276559326, 0.23538972439477238, 0.011091522957004829], [-0.5979096245923259, -0.1400225799348782, -0.32011873930008833, 0.2888077961623209, -0.5770464097098538, 0.7252429593845928, -0.4132771594978349, 0.11677781700012027, 0.30119986138524824, 0.054939859101902355, 0.028609578315143012], [-0.2647873883236144, -0.7154384584104743, -0.4991282308022951, -0.4615375117976502, 0.07747380179183415, -0.10498858497257513, 0.5287948950395853, 0.08095685639511042, 0.7804467619538575, 0.6049463623576191, 0.06609227401391936]], "inverted": false, "swapped": true, "error_lsq": 0.05312944844480876, "error_max": 0.31867523232279654, "target": "995.xyz", "model": "4.xyz", "model_rescale": 3.7855080009869324, "target_rescale": 3.953091088865107},
{"mapping": [15, 13, 6, 8, 2, 14, 12, 5, 9, 7, 10, 0, 16], "R": [[0.3715381788469049, 0.7667461566661901, -0.5235071278375792], [-0.2602998011425862, -0.4552262356305265, -0.8514770037521804], [-0.8911808992478774, 0.45262501657695253, 0.030449945557553676]], "T": [0.015974866304817745, 0.02122104543856248, -0.010034855614331983], "aligned_model": [[0.4492166202054682, -0.23936603968672104, -0.155808878428777, 0.3847425034527315, -0.14978991014626503, -0.11097069010244894, -0.5844573773326763, 0.4440359682081428, 0.4120132373807646, 0.39765420556665354, 0.7443852176163795, -0.1570134261426595, 0.015339551670444016], [-0.4748821503001593, -0.6508080018437299, -0.31871055807619214, -0.5714676713377506, 0.5492408405107496, -0.04373072507296475, -0.11798582751910944, 0.5972344228608594, 0.23729623614904982, 0.0013031428398389763, 0.008595176536870384, 0.7413449601718523, 0.028491982139830282], [-0.5055157417651215, -0.09973223691207667, 0.5200726033448428, 0.07963335927819369, -0.4994251114212284, -0.6713694847913747, -0.2984231881313471, 0.36423179623588736, -0.5608334938152444, 0.6343979422883077, 0.0049057471489036795, 0.23485385671398482, -0.06326531729358725]], "inverted": false, "swapped": false, "error_lsq": 0.03785892540712779, "error_max": 0.23163598964611928, "target": "995.xyz", "model": "5.xyz", "model_rescale": 4.2253639853439635, "target_rescale": 3.953091088865107},
{"mapping": [6, 7, 9, 11, 4, 3, 0, 10, 2, 8, 5, 1, 13], "R": [[0.7175697194581532, -0.10486899769905869, -0.6885464334657049], [0.6951152856435704, 0.169838534253497, 0.6985482173388474], [0.04368566562849918, -0.9798761991212047, 0.1947670326682019]], "T": [0.09796139345341268, -0.033057459696542925, -0.008398855006930682], "aligned_model": [[0.36804107071792913, -0.2609993497114492, -0.252872432217807, 0.5516628877355754, -0.13428525917610803, -0.0723714655531437, -0.6958023068875063, 0.5323684370954764, 0.49241579273345615, 0.3501732262181402, 0.7297791269050916, -0.24596304003387173, 0.08783429443525353], [-0.4102573291083432, -0.5881481691196859, -0.13677868515991812, -0.639396167137458, 0.5118832641349425, -0.09987263391420645, -0.12253075231495933, 0.5980539392100352, 0.2683132999246207, 0.08207195497343425, 0.0021816187211504343, 0.5560166688547517, -0.03561518200521912], [-0.4539268502749326, -0.4470475814447874, 0.4802257060198919, 0.1706601150509855, -0.39571321319537367, -0.6936228492856322, -0.07908384107689015, 0.13823469161008062, -0.45978893483945804, 0.6764363696200569, 0.009089012185492372, 0.2625502861252199, -0.06848217961451272]], "inverted": true, "swapped": false, "error_lsq": 0.04372221533423571, "error_max": 0.27187028051748174, "target": "995.xyz", "model": "6.xyz", "model_rescale": 3.89814844738969, "target_rescale": 3.953091088865107},
{"mapping": [11, 9, 6, 8, 2, 10, 5, 0, 4, 3, 7, 0, 12], "R": [[-0.42801962912222963, 0.7144899596924141, -0.5534467405133046], [-0.6725424933386657, 0.15726807791814876, 0.7231551329567826], [0.603726586908246, 0.6817410426009741, 0.41321103457368696]], "T": [0.16196412478958044, 0.03439850572282589, -0.0799615694698742], "aligned_model": [[0.5670433958893375, -0.3593045925863705, -0.18272729067565463, 0.35119622674021755, -0.148306590892458, -0.1944622673868796, -0.6067796697939585, 0.1217940550604075, 0.4578232265411944, 0.42255403812527914, 0.7850622067456677, 0.1217940550604075, 0.11429418943384617], [-0.5267886650622001, -0.6720152712438331, -0.18621892818185898, -0.5648529980541762, 0.5170911814642505, -0.06948619987984817, -0.07103478341157642, 0.4980792154502234, 0.32807866155201626, 0.007034900900482838, 0.17149702426164698, 0.4980792154502234, 0.05645847381379441], [-0.4998664547648624, -0.24489906984969695, 0.45845428002720645, 0.17058906239338606, -0.49503711475856715, -0.7132639127104816, -0.057748873630984715, 0.2866403295881626, -0.5716069155956607, 0.6840581075468443, 0.07569014437568994, 0.2866403295881626, -0.24011918132905813]], "inverted": true, "swapped": false, "error_lsq": 0.05136685447184714, "error_max": 0.3374700995617062, "target": "995.xyz", "model": "7.xyz", "model_rescale": 3.7474275329858107, "target_rescale": 3.953091088865107},
{"mapping": [13, 1, 0, 12, 8, 4, 2, 7, 9, 10, 11, 5, 14], "R": [[0.09892132461581624, -0.5678265525048819, -0.8171827077261691], [0.34865906302072236, 0.7889305657205763, -0.5059895455889619], [0.9320147151787705, -0.23486500110112782, 0.2760199303456237]], "T": [0.08174492438175256, -0.014542207869317751, 0.006708984932448744], "aligned_model": [[0.41765321794495464, -0.38366734846187006, -0.259836735395303, 0.4550055849370792, -0.19600449639181716, -0.08898596566349061, -0.627039714370704, 0.4422121345522913, 0.4886946752006411, 0.48472476402914333, 0.6972887370601499, -0.041220889020434956, 0.06115701784039679], [-0.5379922086961263, -0.5950902191546605, -0.15537029573357594, -0.5051041960551357, 0.38690299970911984, -0.07783446063098409, -0.21562143871511927, 0.475910889077868, 0.5661216900407792, -0.05818764083873803, 0.06583727655332947, 0.6868433045193246, -0.050493873016936364], [-0.642349982837384, 0.11233683603725782, 0.5523303344042325, 0.032555335319579534, -0.46963891359212373, -0.7542580969904412, -0.40045311379587967, 0.31231785589466476, -0.27179016777846354, 0.6477750382428213, -0.026830674385418238, 0.08390507141063831, -0.036368791049343804]], "inverted": true, "swapped": false, "error_lsq": 0.046964485111232294, "error_max": 0.3813644395455102, "target": "995.xyz", "model": "8.xyz", "model_rescale": 4.019505241142653, "target_rescale": 3.953091088865107},
{"mapping": [8, 7, 1, 9, 3, 4, 0, 6, 5, 10, 11, 2, 12], "R": [[0.5332814177342309, 0.5887282277738595, 0.6074619356977189], [0.480478538366847, 0.38022031136743956, -0.7902992401568573], [-0.6962408374034286, 0.7133243222026698, -0.0801068516787094]], "T": [0.13258196390588856, 0.0252372097195482, 0.003414593468848051], "aligned_model": [[0.37342922662730865, -0.2888675151006045, -0.19719320022149195, 0.4129347377645932, -0.24431213820726594, -0.18742526334004916, -0.47756335118500365, 0.5286557632509297, 0.4059594080967435, 0.4353834331804591, 0.7322120086902126, -0.20182970623262553, 0.15859757893783036], [-0.48685475387147353, -0.6641745243334615, -0.1926162049460511, -0.5700297821331612, 0.5817703907733639, -0.06961068898728374, -0.09626571795281454, 0.5575296002098084, 0.4204634171048946, 0.04373238959274951, -0.07938831088403302, 0.5053364196365158, 0.03602959285009179], [-0.3652198436788402, -0.40484486774530937, 0.5512225278891651, 0.18888586356424325, -0.5320127703445892, -0.755659791466111, -0.18528042795665284, 0.2998133020784606, -0.46518516874345683, 0.8672137349041751, -0.12599496500102925, 0.09085454846043856, -0.024261411080353495]], "inverted": false, "swapped": false, "error_lsq": 0.03966870362161163, "error_max": 0.24566602218747766, "target": "995.xyz", "model": "9.xyz", "model_rescale": 3.877068213659057, "target_rescale": 3.953091088865107},
{"mapping": [7, 4, 6, 2, 0, 1, 5, 10, 8, 14, 9, 11, 15], "R": [[0.814094107066578, -0.5096716159663713, -0.2783624053598092], [-0.36172490495230836, -0.8200203412444677, 0.44353323785546245], [-0.4543191367053721, -0.260387180605218, -0.8519346443241707]], "T": [0.03228520070321475, -0.06769587866580598, 0.06426575968704543], "aligned_model": [[0.3202715749473867, -0.08095786576302466, -0.2741719473782681, 0.556378698109028, -0.26203322490131, -0.24329485813898286, -0.6388911673680615, 0.247907057098767, 0.4949143373373939, 0.5604975591274461, 0.6678265714683659, 0.10527744332660194, -0.003743195604306089], [-0.44217035969932983, -0.6819662350294508, 0.010615346416907007, -0.4742634772739437, 0.484158552388569, -0.14839111861521478, -0.0901318137596846, 0.4157633719357231, 0.23067325326927837, -0.08097519332696548, 0.10315793292085332, 0.6630765869660344, -0.0036250191336310578], [-0.6014062922433155, -0.1963846132940313, 0.5936578105724517, 0.04466597171727485, -0.42827803218238436, -0.7545446699127936, -0.3357521824126105, 0.53647879160402, -0.47635710225417516, 0.6390151927869194, 0.11467850620929027, -0.00852855502827507, 0.01228590531776931]], "inverted": true, "swapped": false, "error_lsq": 0.05122554129610634, "error_max": 0.2894839875594987, "target": "995.xyz", "model": "10.xyz", "model_rescale": 4.260839863003843, "target_rescale": 3.953091088865107},
{"mapping": [5, 0, 10, 8, 7, 11, 6, 1, 3, 9, 2, 12], "R": [[0.45885744039810544, 0.8604807194868744, 0.22141088677535647], [0.8298133229826141, -0.3259551273714501, -0.45294933926523523], [-0.31758415954176694, 0.3915688781448449, -0.863605300630176]], "T": [0.017802626068324244, 0.14886634108679278, -0.07591931239461039], "aligned_model": [[0.3648122474587678, 0.3814861696113373, -0.33854633521979594, -0.4774090260771146, -0.7193380293154735, -0.5175947657080281, 0.5429331898882118, 0.733812392278811, 0.2516526607555426, -0.36663234293367913, 0.1293272033244962, -0.02560471496894507], [-0.09212263310836855, -0.4995526854930401, -0.415581572179597, -0.3196810484349909, 0.12386370510592304, 0.5298527225331369, 0.5687211029528906, 0.04189742743798376, -0.32371345167831, 0.07093486161385024, 0.4772965212218595, 0.011163555561596927], [-0.728184334039455, -0.2417875487213277, 0.1529598458005264, -0.5188368330117008, 0.19241735773248567, -0.2019294715155524, -0.43874290088301204, -0.11870721402996637, 0.42873825312771097, 0.7340200881189405, 0.3509054648939237, -0.09467463007706794]], "inverted": true, "swapped": true, "error_lsq": 0.047768924658883556, "error_max": 0.28301874308827335, "target": "995.xyz", "model": "11.xyz", "model_rescale": 3.890672605050136, "target_rescale": 3.953091088865107},
{"mapping": [10, 4, 0, 2, 5, 12, 7, 6, 9, 1, 11, 8, 13], "R": [[0.49087122435483777, -0.7653431701424593, 0.4162874884219717], [0.7914206162554533, 0.5914921255167301, 0.1542416079322941], [-0.36427853253550546, 0.2537457336941677, 0.8960548272096901]], "T": [0.14112764095084487, 0.06779269436977114, 0.018488318381409116], "aligned_model": [[0.3904580184951628, -0.11250101045473995, -0.08814208341011343, 0.4459310392399384, -0.17007282787662223, -0.07430578992313544, -0.6064634821217707, 0.4209779131281348, 0.49973012931814464, 0.41884958727035415, 0.6574595190508729, -0.3493201118282304, 0.017380081373040784], [-0.5667530124103544, -0.5837208094178843, -0.07409586839270049, -0.5740503969666113, 0.5210153073432124, -0.13006012633173883, 0.050459035751852926, 0.4970625063475044, 0.4980609318851333, -0.06856233253154098, -0.09817633947393314, 0.5264330742130315, -0.011690142956826521], [-0.5600673084022918, 0.06602467703095878, 0.5438430261702192, 0.04487900162122953, -0.5317077495127105, -0.6667669953137092, -0.3911105430163543, 0.28205917721913376, -0.5219688169620019, 0.7323343224757687, -0.07434397857356935, 0.27983301339035294, -0.06347709524688593]], "inverted": true, "swapped": false, "error_lsq": 0.049876145020209685, "error_max": 0.34419540968478995, "target": "995.xyz", "model": "12.xyz", "model_rescale": 4.124412569039231, "target_rescale": 3.953091088865107},
{"mapping": [1, 6, 9, 8, 5, 0, 3, 10, 4, 11, 2, 7, 12], "R": [[0.7626538885726879, 0.5397423201532803, 0.3564228865834968], [0.6142829770070275, -0.7769524642624324, -0.1378451755989949], [0.2025227651508394, 0.32407267103550697, -0.9241003373463135]], "T": [-0.02329795099080552, 0.014329819199267447, -0.12451517753548312], "aligned_model": [[0.3935831031732882, -0.1557960494663987, -0.327164603345718, 0.3326379338726856, -0.1337312485753001, -0.16670857847753429, -0.6581799662828146, 0.402709198609535, 0.5347517854684891, 0.6129258058603484, 0.8295280950692415, -0.29243442859191404, 0.07785993494712833], [-0.5733835374873681, -0.638109053314249, -0.1566393814792063, -0.45712100154028634, 0.7083924019339289, 0.07412471455813309, -0.2531672707602883, 0.47332863447867274, 0.34520912236902856, -0.014407708774907848, -0.07396157233636612, 0.4838451695587312, 0.06781130985332208], [-0.5035501310158901, -0.05832917963771815, 0.411279430506045, 0.2828420249157405, -0.4070527805275772, -0.6836442823108565, -0.3092406746598743, 0.26593029671028967, -0.5687849538213925, 0.640302674662432, -0.03914610238992035, 0.19202639432726953, -0.08310198587840721]], "inverted": false, "swapped": false, "error_lsq": 0.049896306712775666, "error_max": 0.2893475486522696, "target": "995.xyz", "model": "13.xyz", "model_rescale": 3.9028299243045295, "target_rescale": 3.953091088865107},
{"mapping": [10, 7, 3, 4, 11, 14, 9, 8, 12, 0, 5, 1, 15], "R": [[-0.8882074801317634, 0.4576718812782602, -0.040297907206222644], [-0.34083014882941065, -0.5975459981505304, 0.7257916985907239], [0.3080945989252408, 0.6583883574164299, 0.6867332006912077]], "T": [0.1233849585166768, 0.08211029079321801, 0.01863969526963513], "aligned_model": [[0.23518662010835098, -0.3361722739914951, -0.09683429942253804, 0.4085189714658966, -0.23470379536281094, -0.009411079844950349, -0.5132201490918469, 0.7449654005791293, 0.4078263342419016, 0.4899952482963055, 0.6214702668046954, -0.3033314575820932, 0.03569119606049169], [-0.5185509237651837, -0.6883356333292933, -0.20641528190643404, -0.49424719659938626, 0.4607031667927678, -0.016168629403984183, -0.14485812208921467, 0.4478220720909371, 0.6045047634996569, -0.06370559484912965, 0.010200114967627807, 0.57207499926266, 0.022898092388120572], [-0.40804414065521055, -0.10724987494811603, 0.5255380258737026, 0.2328216629248669, -0.5050936022448073, -0.850703228336051, -0.3609189075626966, 0.2950448446846182, -0.3425214981360092, 0.7477151592421675, -0.07539107594657303, 0.011824973772600361, -0.023491607788351673]], "inverted": true, "swapped": false, "error_lsq": 0.05074518096286687, "error_max": 0.3219719900046196, "target": "995.xyz", "model": "14.xyz", "model_rescale": 3.942246331269136, "target_rescale": 3.953091088865107},
{"mapping": [5, 2, 8, 1, 10, 9, 7, 13, 4, 12, 3, 11, 14], "R": [[0.3462606899372451, -0.9343741768779895, -0.08395494141360899], [0.4571049871698242, 0.08988820479225289, 0.8848588256573477], [-0.8192426779097006, -0.3447680498868848, 0.45823184794221433]], "T": [0.08048129439832107, 0.044755162796303406, -0.08496393085046075], "aligned_model": [[0.3122343831282521, -0.15342005716258444, -0.4742546926697824, 0.5872761893008399, 0.07230487661882297, -0.3499670729399077, -0.6834350603096288, 0.4065123960856774, 0.4561155413305147, 0.5871158040872869, 0.7834813525043354, -0.1729203020008594, 0.07893762428806977], [-0.4493463958046406, -0.6666923165585981, 0.0811751976266408, -0.5492810511836768, 0.49954487905891515, -0.07883887068665793, -0.33390425927908024, 0.5253921519698844, 0.47956613108059853, -0.08588077652856213, -0.08380410896388787, 0.6880611385312267, -0.040069892203017536], [-0.40889866785989093, -0.23254631630694012, 0.4533505608756351, 0.13164942691330805, -0.634600152561903, -0.7539938435416851, -0.148433240065964, 0.48391360594985955, -0.20116337712264437, 0.5429946530638603, -0.1611962235358861, 0.10492044760820782, -0.03646614253581693]], "inverted": false, "swapped": false, "error_lsq": 0.0559259642074817, "error_max": 0.37372564910783423, "target": "995.xyz", "model": "15.xyz", "model_rescale": 4.355366556412066, "target_rescale": 3.953091088865107},
{"mapping": [8, 4, 5, 3, 0, 10, 1, 9, 6, 7, 2, 12], "R": [[-0.8218412789864098, 0.5500633520925221, 0.14834830918726521], [-0.18242568583921132, -0.5007589356586539, 0.8461449979194497], [0.5397200953272685, 0.6683343452514994, 0.5118900484060753]], "T": [0.11596429434169242, 0.07126057580935014, -0.03549181711147519], "aligned_model": [[-0.10089711916537097, 0.4027384330746453, 0.07459943091092204, -0.5287501521444148, -0.4752378796106431, -0.4418299713152334, -0.0608565293619881, -0.18886172108706184, 0.5643762197454509, 0.09442776311754172, 0.25785395202015393, 0.00024612844777881226], [-0.6496683468818707, -0.6029066729672543, -0.47142666981901177, 0.41075347550316516, -0.19467460837642664, -0.05613208578716003, 0.2286709214470616, 0.6202486384696244, 0.08380196271787332, 0.05389394025628008, 0.6006016163762249, -0.010385743197525915], [0.27139543006063915, -0.0885474425917624, -0.5902174456776891, -0.07773647643824116, -0.43547143287081125, 0.37755583756002487, -0.7209839889948072, 0.6091465317035882, -0.6539176778685566, 0.7488809411820183, 0.010864335431572815, -0.0017101502865547458]], "inverted": false, "swapped": true, "error_lsq": 0.05049378894572112, "error_max": 0.3566068160156097, "target": "995.xyz", "model": "16.xyz", "model_rescale": 3.795458400668931, "target_rescale": 3.953091088865107},
{"mapping": [11, 9, 6, 8, 2, 10, 5, 0, 4, 3, 7, 0, 12], "R": [[-0.42801962912222963, 0.7144899596924141, -0.5534467405133046], [-0.6725424933386657, 0.15726807791814876, 0.7231551329567826], [0.603726586908246, 0.6817410426009741, 0.41321103457368696]], "T": [0.16196412478958044, 0.03439850572282589, -0.0799615694698742], "aligned_model": [[0.5670433958893375, -0.3593045925863705, -0.18272729067565463, 0.35119622674021755, -0.148306590892458, -0.1944622673868796, -0.6067796697939585, 0.1217940550604075, 0.4578232265411944, 0.42255403812527914, 0.7850622067456677, 0.1217940550604075, 0.11429418943384617], [-0.5267886650622001, -0.6720152712438331, -0.18621892818185898, -0.5648529980541762, 0.5170911814642505, -0.06948619987984817, -0.07103478341157642, 0.4980792154502234, 0.32807866155201626, 0.007034900900482838, 0.17149702426164698, 0.4980792154502234, 0.05645847381379441], [-0.4998664547648624, -0.24489906984969695, 0.45845428002720645, 0.17058906239338606, -0.49503711475856715, -0.7132639127104816, -0.057748873630984715, 0.2866403295881626, -0.5716069155956607, 0.6840581075468443, 0.07569014437568994, 0.2866403295881626, -0.24011918132905813]], "inverted": true, "swapped": false, "error_lsq": 0.05136685447184714, "error_max": 0.3374700995617062, "target": "995.xyz", "model": "17.xyz", "model_rescale": 3.7474275329858107, "target_rescale": 3.953091088865107},
{"mapping": [3, 11, 12, 10, 2, 1, 7, 4, 0, 5, 8, 6, 13], "R": [[-0.3336878892337087, -0.897927819021364, -0.2870157215315721], [0.9017909585306534, -0.3927594451104223, 0.18031385245986625], [-0.2746369598053355, -0.19865963380639245, 0.9408022588221143]], "T": [0.062206693752628515, -0.023718958036402622, -0.05572869599433201], "aligned_model": [[0.4319041055788964, -0.17604569203308484, -0.3222742375915993, 0.36981895979699864, -0.2596491472293339, -0.06000257777142921, -0.673942277698061, 0.5471738661632249, 0.45547584765395854, 0.32077251767408205, 0.7810156976465457, -0.02297389002586695, 0.0587078100967054], [-0.44113893468613546, -0.6793527672490765, -0.28195109701157217, -0.569073380002887, 0.4941900072677768, -0.11505701623449069, -0.17520507154011186, 0.5440614748916826, 0.5330080935492015, -0.08861821701107542, -0.03345410444400799, 0.7297998682968263, 0.06871297123301431], [-0.4426053793081879, -0.2431233882637483, 0.5314062962744677, 0.23479259183860107, -0.419063039393123, -0.7304439469616112, -0.10628491503739645, 0.30711843943417416, -0.540018643653171, 0.6166935950956137, -0.04716750074150878, 0.08552447377144495, -0.10729785217541518]], "inverted": false, "swapped": false, "error_lsq": 0.04006465499787856, "error_max": 0.23452789841882563, "target": "995.xyz", "model": "18.xyz", "model_rescale": 3.922800546911778, "target_rescale": 3.953091088865107},
{"mapping": [8, 1, 2, 6, 12, 5, 0, 11, 13, 10, 4, 7, 14], "R": [[-0.16372813768539754, 0.8498539470898887, -0.5009404810412195], [-0.36579853641611537, -0.523894327456193, -0.769237391456663], [-0.9161793097892463, 0.05729748925529021, 0.39665157259128625]], "T": [0.08188577523353105, -0.008631603100238793, -0.08910717636423546], "aligned_model": [[0.40233789731246683, -0.1326899365321627, -0.2829668361202391, 0.49191584994162896, -0.14284729973062063, -0.32296136851961665, -0.7303001735548241, 0.45781655375850483, 0.5533705388248847, 0.3885254593423523, 0.7737384240559496, -0.06091021556313431, 0.05495208904584657], [-0.24010277855295653, -0.7158199928897284, -0.18714615165971774, -0.5479793682729849, 0.49252897878399027, -0.19867570875012225, -0.19165441884432688, 0.45614907770602164, 0.43959637413197483, -0.13346587586331585, -0.036231305177775605, 0.7684825413465269, 0.080240455101559], [-0.5561427065022143, -0.046388688527696925, 0.5009301874770101, 0.040303402612708095, -0.6520877806030771, -0.7075857518123825, -0.16190325582420997, 0.29806020510750086, -0.30957836483952966, 0.6464124737720897, 0.12171338206116941, 0.0288501488505451, -0.06305252089177278]], "inverted": true, "swapped": false, "error_lsq": 0.045981751399967, "error_max": 0.24545148857609178, "target": "995.xyz", "model": "19.xyz", "model_rescale": 3.9282355846067225, "target_rescale": 3.953091088865107},
{"mapping": [0, 3, 6, 4, 2, 1, 5, 9, 10, 8, 11, 7, 13], "R": [[-0.49010948891135675, 0.03209894456855933, 0.8710696565927625], [0.8710657816641971, -0.018884439154053634, 0.4908032008571033], [0.03220392666725208, 0.9993062772320713, -0.018704849419036995]], "T": [0.09191002327650537, 0.07373502099225587, 0.056077790860013924], "aligned_model": [[0.4496066670698407, -0.15573277115363593, -0.39717116498104715, 0.38206763901369734, -0.29226176049898756, -0.10220173227892206, -0.564207683638336, 0.6194754196607379, 0.4710388711855475, 0.3992075251230304, 0.7766032642731354, -0.24351997794767655, 0.10707668643365256], [-0.407049411099962, -0.6001892841344671, -0.13909873149177202, -0.4710234599968102, 0.44971786173261397, -0.1607765199808633, -0.06816819218600204, 0.40123116054983404, 0.517312941946861, -0.10183714475992289, -0.06680285036072336, 0.5833445462072167, 0.04926091063314249], [-0.47410748720189705, -0.16943084859278235, 0.433364736238743, 0.19177819749170122, -0.5682339536870865, -0.6286307309302552, -0.1364402213131024, 0.3607839712217118, -0.5777473377963196, 0.7294010706448139, -0.10142599885648289, 0.1821040677571364, -0.10188473409603994]], "inverted": false, "swapped": false, "error_lsq": 0.043043665335736114, "error_max": 0.21792682653617795, "target": "995.xyz", "model": "20.xyz", "model_rescale": 4.067790424073018, "target_rescale": 3.953091088865107},
{"mapping": [13, 10, 12, 11, 8, 1, 9, 2, 5, 3, 6, 0, 14], "R": [[-0.7953416783136488, -0.5380347620195647, 0.27919564752298576], [-0.3580559797844357, 0.04534928601116478, -0.9325981758500741], [0.4891089143307824, -0.8417018694982377, -0.22871474111944634]], "T": [0.16170789814005396, 0.0969383948417052, -0.0954593551215865], "aligned_model": [[0.3250057151380913, -0.1673534427437369, -0.25351167042153366, 0.33001697544760134, 0.01772512518430802, -0.33013238303584747, -0.5454226510867969, 0.4880521815510287, 0.37816035535393977, 0.35407620371519555, 0.8848552656218828, -0.15390277556344137, 0.12241208310034486], [-0.4534740635230172, -0.623125413783422, -0.2890079051144083, -0.4574571484417277, 0.5292556902565834, -0.0279407448487151, -0.2201451447794054, 0.6146103415987878, 0.1789162894816049, 0.027661701695284285, 0.07029239477349462, 0.6065822920644114, 0.02975353767967405], [-0.49608817799604726, -0.3064417406368383, 0.419955070686813, 0.19150735037314054, -0.43829840468011133, -0.7402875799705068, -0.1544026729818021, 0.3279046676350028, -0.6385008631247653, 0.7303373459178797, 0.05915234650489935, 0.2854750620541742, -0.10078167290169818]], "inverted": false, "swapped": false, "error_lsq": 0.04666892457434208, "error_max": 0.32366994408689465, "target": "995.xyz", "model": "21.xyz", "model_rescale": 4.186013935880536, "target_rescale": 3.953091088865107},
{"mapping": [6, 5, 11, 3, 1, 0, 2, 10, 7, 4, 4, 9, 12], "R": [[0.5177195054478466, 0.6793180552870396, -0.5200898897689435], [0.8103201462079209, -0.584383088308455, 0.04333205220903216], [-0.27449549054294287, -0.4438731641585322, -0.8530116293530129]], "T": [-0.015794571413362032, 0.03456208083672982, -0.051886922359617296], "aligned_model": [[0.40638950135816276, -0.34447149489412565, -0.05421837948631229, 0.3439127597069657, -0.1403324662064414, -0.06652040007565134, -0.7015199418927616, 0.4398656649753684, 0.5119687877607375, 0.6369940236924128, 0.6369940236924128, -0.22956247192246126, 0.010481375552729856], [-0.23595164878450328, -0.6538868479134768, -0.15435339307253304, -0.8032838378074545, 0.4650833567533378, -0.15641036077786025, -0.1287032561967661, 0.6360796120397099, 0.45427217927063157, -0.006236850490215169, -0.006236850490215169, 0.5733248457138229, 0.0022248788146670695], [-0.293621859432546, -0.1805272293740563, 0.5496116507082419, 0.09290087852900007, -0.630043457976045, -0.7466853520186498, -0.2817224045402862, 0.30427293117177634, -0.3410806461274893, 0.2640539677937051, 0.2640539677937051, 0.17057369917204623, -0.03225541481926225]], "inverted": true, "swapped": false, "error_lsq": 0.06134497177018187, "error_max": 0.5046973399036989, "target": "995.xyz", "model": "22.xyz", "model_rescale": 4.166573947596378, "target_rescale": 3.953091088865107},
{"mapping": [10, 8, 3, 9, 5, 7, 0, 12, 13, 11, 14, 6, 15], "R": [[-0.5715362742706809, -0.2641935082629462, -0.7768835674568654], [-0.19768987649831674, -0.8745359436318579, 0.4428381149201323], [-0.7964075589312732, 0.40668006281062347, 0.4476006329189875]], "T": [0.03671162868234887, -0.016685508695895832, 0.06271944988764044], "aligned_model": [[0.4081359645170064, -0.2453748200487774, -0.14897549538322827, 0.3875828291411143, -0.14702875734700988, -0.11660849049722846, -0.6523228755690929, 0.48551923237286043, 0.4162174962212084, 0.36011957117247395, 0.7976156845147547, -0.08629081744051267, -0.008608539392532095], [-0.19693060263029868, -0.7585443300434099, -0.3088397343129125, -0.47579120485003684, 0.47654037850840575, -0.1167816573298416, -0.08176879098072748, 0.36872508088017814, 0.30487905600346593, -0.04479710113506635, 0.06697238087609306, 0.7233691539259169, 0.028889198147378222], [-0.5621780632826718, -0.09268925273973755, 0.5542404081655563, 0.22569345618784906, -0.5807319281780665, -0.6285571588108075, -0.37058342473473876, 0.34452038590705936, -0.6223970848194356, 0.7815451370547324, -0.13729089622075968, 0.1903796494267744, 0.03757950292438591]], "inverted": true, "swapped": false, "error_lsq": 0.046735418869310284, "error_max": 0.28088283426349375, "target": "995.xyz", "model": "23.xyz", "model_rescale": 4.274766983524099, "target_rescale": 3.953091088865107},
{"mapping": [8, 11, 9, 10, 2, 3, 0, 1, 5, 6, 12], "R": [[0.441769362518514, -0.4619271098818888, 0.7690664311333262], [0.6740938382036649, -0.3947504407142603, -0.6243152944240182], [0.591977472236771, 0.7942263120245152, 0.13699356792236722]], "T": [-0.01669361099613778, 0.22834593804946587, 0.015813883984125685], "aligned_model": [[0.35276761772210274, 0.18489463560283878, -0.8185036568605946, -0.328773288665119, -0.38455378643000326, -0.599456630441255, 0.02838035016431603, -0.010125162001018206, 0.5768338078328629, 0.39882588408451247, -0.020395067050567678], [-0.21856442135888945, 0.6669956061145866, 0.35560236169940285, -0.22053131678371898, 0.6011696077388036, -0.18382383125048937, -0.4907524407391173, -0.0035117694591007276, -0.17533236310529096, 0.48555442350864, 0.0987806748786568], [-0.554025301966952, -0.44746594258907507, -0.37247962147189995, -0.43037798386811044, 0.1836379219294343, 0.1681296813738531, 0.2629799927972353, 0.7029397802135063, 0.3136562143495702, 0.6030688803006756, -0.050497187046660064]], "inverted": true, "swapped": true, "error_lsq": 0.06315079736921622, "error_max": 0.36407148017327007, "target": "995.xyz", "model": "24.xyz", "model_rescale": 3.7841303162186577, "target_rescale": 3.953091088865107},
{"mapping": [13, 3, 4, 12, 7, 11, 6, 8, 10, 2, 9, 0, 15], "R": [[-0.8099322938430529, 0.5752826789430799, 0.11427825120382257], [0.03661746280239975, 0.2440560858068328, -0.9690695477614406], [-0.5853792282000154, -0.7806961420992942, -0.21873429750094825]], "T": [0.15338530741677173, 0.07241176344663802, -0.042743532706117596], "aligned_model": [[0.2866756659706622, -0.24425058229389787, -0.2982375056643328, 0.589905162272986, -0.1554526857598392, -0.1323927118731759, -0.5440023738108706, 0.24893971200097098, 0.5311960432107892, 0.4312653073174507, 0.7270197148827195, -0.0819598512702546, 0.09127508727782865], [-0.5414071946239802, -0.6272286414278866, -0.2050640117976732, -0.5411350552598618, 0.4745921295146255, -0.12144898244651131, -0.09515411854755423, 0.41638366900778767, 0.492290975512278, -0.12762771523118374, 0.05084487682235712, 0.7674898156971567, 0.043386079839591044], [-0.5090695606101117, -0.08003817996503097, 0.4823739510207466, 0.04771432488281101, -0.449776218396496, -0.7284377094752894, -0.12991319202901414, 0.4284363348477221, -0.577734748027565, 0.6292385656809791, 0.06959143290410534, 0.010257475905010735, -0.05311174585772728]], "inverted": false, "swapped": false, "error_lsq": 0.041743701149690914, "error_max": 0.22604961980764182, "target": "995.xyz", "model": "25.xyz", "model_rescale": 4.19342608120988, "target_rescale": 3.953091088865107},
{"mapping": [8, 4, 5, 3, 0, 10, 1, 9, 6, 7, 2, 12], "R": [[-0.8218412789864098, 0.5500633520925221, 0.14834830918726521], [-0.18242568583921132, -0.5007589356586539, 0.8461449979194497], [0.5397200953272685, 0.6683343452514994, 0.5118900484060753]], "T": [0.11596429434169242, 0.07126057580935014, -0.03549181711147519], "aligned_model": [[-0.10089711916537097, 0.4027384330746453, 0.07459943091092204, -0.5287501521444148, -0.4752378796106431, -0.4418299713152334, -0.0608565293619881, -0.18886172108706184, 0.5643762197454509, 0.09442776311754172, 0.25785395202015393, 0.00024612844777881226], [-0.6496683468818707, -0.6029066729672543, -0.47142666981901177, 0.41075347550316516, -0.19467460837642664, -0.05613208578716003, 0.2286709214470616, 0.6202486384696244, 0.08380196271787332, 0.05389394025628008, 0.6006016163762249, -0.010385743197525915], [0.27139543006063915, -0.0885474425917624, -0.5902174456776891, -0.07773647643824116, -0.43547143287081125, 0.37755583756002487, -0.7209839889948072, 0.6091465317035882, -0.6539176778685566, 0.7488809411820183, 0.010864335431572815, -0.0017101502865547458]], "inverted": false, "swapped": true, "error_lsq": 0.05049378894572112, "error_max": 0.3566068160156097, "target": "995.xyz", "model": "26.xyz", "model_rescale": 3.795458400668931, "target_rescale": 3.953091088865107},
{"mapping": [5, 8, 9, 11, 0, 6, 1, 3, 7, 4, 10, 3, 12], "R": [[0.8695742197271747, -0.45024690269609063, 0.20277673189607393], [0.03158072027129957, 0.46051055419465636, 0.8870922655408942], [-0.4927913701486878, -0.7649887293861966, 0.41466722732701145]], "T": [-0.021277996070796182, -0.09510665999694752, 0.01823084672216295], "aligned_model": [[0.38418971642893834, -0.09829318287966339, -0.2191132173085783, 0.28081321588298924, -0.2836203144311799, -0.2064378457066608, -0.5631155197622542, 0.17909270615057266, 0.4965921251214367, 0.5443321240705811, 0.6912230916755625, 0.17909270615057266, 0.06522537686872022], [-0.2775228648438281, -0.7369726685252316, 0.0017671402884421733, -0.6250366477742698, 0.6288724524320006, -0.23490325873279028, -0.1955299651171727, 0.593370011089021, 0.3707449904330333, -0.027077272791575305, -0.09185390799627662, 0.593370011089021, -0.013306192491228816], [-0.589371597487641, -0.3176685403015949, 0.3868105289775369, 0.3917140450697651, -0.29530375241612244, -0.773829568107779, -0.19782569277587664, 0.19409446976443834, -0.4001002135607436, 0.6300481210015865, 0.013982544248272069, 0.19409446976443834, -0.09711408329613941]], "inverted": true, "swapped": false, "error_lsq": 0.059706402227578344, "error_max": 0.3409943560731503, "target": "995.xyz", "model": "27.xyz", "model_rescale": 3.6321398670334006, "target_rescale": 3.953091088865107},
{"mapping": [10, 12, 6, 9, 3, 8, 7, 2, 0, 13, 11, 1, 14], "R": [[0.6265706744336844, -0.186288441987654, 0.7567732859460162], [0.648735105367486, 0.6627907198979516, -0.3739668764489611], [-0.4319166042230319, 0.7252620753899711, 0.5361370804164521]], "T": [0.0723430954393727, 0.021381852242899416, -0.10708195695453136], "aligned_model": [[0.6191881351306054, -0.4129684780815306, -0.2036890271230016, 0.38049784896058325, -0.2341800649259372, -0.08978449567481714, -0.6632798996017177, 0.5180117807222722, 0.42991749248429156, 0.3956808469726748, 0.6948469435392959, -0.06853445246300063, 0.08427435232131798], [-0.3145943400316289, -0.6471421713301639, -0.33750585112647413, -0.5277246905812676, 0.49778845643448405, -0.22543562607227902, -0.02300587892015181, 0.6014374903769852, 0.32451913901677215, -0.04234593119231715, 0.050023229311814285, 0.579739343699224, 0.05016865747414803], [-0.5461174154159293, -0.13960944336674302, 0.5245138954896829, 0.11673675032929344, -0.49520613760366133, -0.5311401986999427, -0.34744818272851447, 0.2065396994397396, -0.518980039209334, 0.6398241950926137, 0.048463750280021436, 0.23300277421980392, -0.051048916946889886]], "inverted": true, "swapped": false, "error_lsq": 0.04879354790869349, "error_max": 0.33493527804357587, "target": "995.xyz", "model": "28.xyz", "model_rescale": 4.156811204709835, "target_rescale": 3.953091088865107},
