[{"mapping": [0, 1, 5, 3, 6, 2, 12, 11, 9, 4, 13], "R": [[-0.6952099509762172, -0.4795484879678893, 0.5354590290128247], [-0.390511823731298, -0.3734306455164507, -0.8414571103242415], [0.6034762957976905, -0.7940924383702935, 0.07234334615858201]], "T": [0.20203061721474055, -0.10758357404767017, 0.019807187851328283], "aligned_model": [[-0.1833750946793233, 0.384814256060559, 0.6665527018863165, -0.0991110732150268, -0.14884709680416267, -0.5608856213365034, 0.4799293649434957, 0.7226906701717947, -0.021950330597114293, -0.46788301844708824, 0.20312031061889418], [-0.06397326776148775, -0.42789749039850716, -0.5958080605964329, -0.5327589720762174, -0.4228022006178766, -0.16620819518568453, 0.15233945591307774, 0.16286331463594717, 0.5412568068307307, 0.1972824997977244, 0.03695889088249653], [-0.6472557874408716, -0.42407708736603306, 0.36369284330698676, 0.061518924737976294, 0.6215283287926407, -0.056220518683521965, -0.4164634993148161, 0.39774029105795333, -0.2362823803139943, 0.6294600598887898, 0.09494805992236358]], "inverted": true, "swapped": false, "error_lsq": 0.05050177505743833, "error_max": 0.29190606258501844, "target": "997.xyz", "model": "0.xyz", "model_rescale": 3.8414455957264533, "target_rescale": 3.8210101254510644},
{"mapping": [8, 6, 2, 9, 7, 13, 10, 4, 11, 0, 14], "R": [[-0.22992030383551587, 0.8017724915851754, 0.5516316938152519], [0.5277225975374102, -0.3735374215159923, 0.7628752550552104], [0.8177074745485409, 0.46650902077503675, -0.3372296244444781]], "T": [0.17596761572595254, -0.023138970625218205, 0.04078244600236393], "aligned_model": [[-0.16192384985207375, 0.6080117800752938, 0.6588123825175702, -0.17373164495844307, -0.04927717423249772, -0.5750058445363379, 0.5238822370192068, 0.41603590625340514, -0.28384824579343937, -0.1936385372431505, 0.20573805935230755], [-0.21928094389964253, -0.5590647426970343, -0.5006057448543542, -0.6088202058496964, -0.3746211230513715, -0.022183678581288627, 0.16647424284393453, 0.0343606254693134, 0.6787809531618506, 0.22564080120926544, 0.06057259767279384], [-0.6459926855437044, -0.32820072524606814, 0.32973077755595165, 0.0267254983906743, 0.5293314028711444, -0.06354851794469506, -0.5172350680405763, 0.5254248370293799, -0.1080234551437546, 0.6126366986931426, 0.0277404719659788]], "inverted": true, "swapped": false, "error_lsq": 0.052197225767496414, "error_max": 0.2763015704995203, "target": "997.xyz", "model": "1.xyz", "model_rescale": 4.316132596720782, "target_rescale": 3.8210101254510644},
{"mapping": [4, 2, 8, 6, 10, 3, 0, 1, 5, 7, 11], "R": [[-0.6948267963524616, 0.7183676665416677, 0.034111856268088825], [0.2487625718969647, 0.2845732243685656, -0.9258159983472343], [-0.6747835993070541, -0.6347960110460351, -0.376432090112227]], "T": [0.1285830785832817, -0.00930696377170738, 0.1142125716669049], "aligned_model": [[-0.07562431411315079, 0.697847151342097, 0.5267588558672468, -0.24684873665625587, 0.05324399973442806, -0.5204778859689045, 0.45472084417150394, 0.6483497770435386, -0.12321740889484753, -0.5102665150409459, 0.07056930111713136], [-0.2211104429111711, -0.3984649108759399, -0.6307512607952606, -0.7298125833202046, -0.33401632802449965, -0.019407184647965387, 0.3513992451755277, 0.04675255706890151, 0.5327086555526805, 0.372842760356141, -0.08888772615443988], [-0.5983660963616064, -0.36036082562446015, 0.31988014785261204, -0.012351907174879162, 0.649117844172274, 0.016055255729945123, -0.4029327147570173, 0.2601480803673344, -0.12781111484161684, 0.610492638619957, 0.034717926604930616]], "inverted": true, "swapped": false, "error_lsq": 0.038599568176259896, "error_max": 0.19387517990526865, "target": "997.xyz", "model": "2.xyz", "model_rescale": 3.795458400668931, "target_rescale": 3.8210101254510644},
{"mapping": [4, 9, 3, 5, 6, 10, 7, 8, 0, 2, 11], "R": [[-0.7589727658678962, 0.5713241922702124, -0.3123283656628474], [0.19252055120890962, 0.6551366717715008, 0.7305694892769466], [0.6220097893386032, 0.4943527168196312, -0.6072225402107503]], "T": [0.047568535134344545, 0.006932399220973703, 0.06306803541971397], "aligned_model": [[-0.220909156043389, 0.6328290761104166, 0.41908726549644504, -0.08775931203181926, 0.19064031903877227, -0.6569545064169672, 0.5738355500337784, 0.7353796284198068, -0.21217452455559915, -0.4437130022503311, 0.04479373080072795], [-0.06686397943012203, -0.5431659876070066, -0.6264423884693986, -0.6677096808760963, -0.15762436215192366, -0.1748139824422678, 0.26626112729757384, -0.0552676950385816, 0.6558263571910926, 0.16166811155077176, 0.08938526139972877], [-0.5143646941353868, -0.2677136248834572, 0.37592620910913177, -0.07965215618923178, 0.6105603491171502, -0.03504553181627558, -0.42590429144447983, 0.428595032040887, -0.288610963709493, 0.6308924992901234, -0.04609359279149493]], "inverted": true, "swapped": false, "error_lsq": 0.047203320371676044, "error_max": 0.2341779418957155, "target": "997.xyz", "model": "3.xyz", "model_rescale": 3.7530521520055578, "target_rescale": 3.8210101254510644},
{"mapping": [1, 2, 4, 0, 6, 7, 3, 9, 5, 8, 10], "R": [[0.9927211300500108, -0.118992065603821, -0.018591564634674214], [0.12029565085451219, 0.9722386591439504, 0.20070113614890922], [-0.0058064048875886756, -0.20147674304819813, 0.9794760883620243]], "T": [0.142760509416752, -0.049069205360951114, 0.01695226317043734], "aligned_model": [[-0.06361659924736329, 0.5244259031707832, 0.49574550151998986, -0.22746013991981334, 0.005129419576099303, -0.45107417151209117, 0.6883830245987723, 0.41389319690077186, -0.1517351832228549, -0.36129814972819774, 0.10266226646574494], [-0.16256314706102695, -0.4206133846388183, -0.6304444953397423, -0.7847346969941038, -0.40667013666428814, 0.001302572361812318, 0.2813791974669611, 0.31021539012642857, 0.568084067090094, 0.2611829890963276, -0.13588557401987372], [-0.7376691551755912, -0.404524228561102, 0.2946486296636341, 0.06114888063028351, 0.6490240942784048, 0.07999190378326586, -0.39918438396536665, 0.324792179468452, -0.2065513549429953, 0.7177717378067651, 0.009140931601723173]], "inverted": false, "swapped": false, "error_lsq": 0.05138577792674634, "error_max": 0.32701961725792583, "target": "997.xyz", "model": "4.xyz", "model_rescale": 3.7855080009869324, "target_rescale": 3.8210101254510644},
{"mapping": [6, 12, 2, 0, 3, 7, 13, 14, 8, 10, 16], "R": [[-0.5707612827018155, 0.7090612553715261, -0.41408174832940203], [-0.5725471207599544, -0.7051449399470019, -0.4182826893102627], [-0.5885756983413984, -0.0016582515174432266, 0.8084404106202512]], "T": [0.08126035847973138, -0.12117708521390366, 0.004134155388576477], "aligned_model": [[-0.19699152711858053, 0.6709663401146577, 0.4778049285291794, -0.15239125131148662, 0.0023079617216190257, -0.6509839925675974, 0.4144343326639767, 0.7027589126107278, -0.08850759817606273, -0.32814320973455013, 0.1238001718699582], [-0.026671625216788702, -0.27561499037577475, -0.5587325418341388, -0.8522592922457591, -0.3933833759862192, -0.01567362768612851, 0.31358654889597193, -0.017413692852149443, 0.5495818706560706, 0.2758641813382904, -0.11803067326960424], [-0.5787223228791702, -0.2982911274224903, 0.44807482025815987, 0.14341665652894608, 0.6382373486539688, -0.11442681072114264, -0.4700423141428086, 0.25044717605847716, -0.12459477677804504, 0.45768814893546217, 0.03680243609611614]], "inverted": true, "swapped": false, "error_lsq": 0.0457943712898768, "error_max": 0.19536248654284175, "target": "997.xyz", "model": "5.xyz", "model_rescale": 4.2253639853439635, "target_rescale": 3.8210101254510644},
{"mapping": [9, 4, 3, 7, 6, 12, 1, 2, 8, 11, 13], "R": [[0.6690650971841321, 0.5822053297669081, 0.4619403096948714], [0.6863364248823602, -0.7224740886958105, -0.08350750291356046], [0.2851213910068621, 0.3729184162174939, -0.8829709209459551]], "T": [0.1469930905609384, -0.008344255792856067, -0.015574665540339677], "aligned_model": [[-0.20090878051762334, 0.7815017111888702, 0.37978641800335855, -0.1834652834440031, 0.04088481374983777, -0.7234632086298496, 0.5122877543194411, 0.6577412861744443, -0.03451917564016624, -0.425608141364001, 0.17081767476153256], [0.0940301973333785, -0.2718543744129541, -0.6292061736007319, -0.7138511750345574, -0.2725247566040542, -0.31792483081932604, 0.14636611802497546, 0.0019607757835801223, 0.6777767296007304, 0.22527819733044246, -0.05879792617771269], [-0.5065738375686877, -0.18549388146422188, 0.23611406764522516, 0.1342534559155647, 0.561198829608694, 0.11787743535877979, -0.6330941314853218, 0.4193985509213054, -0.22089433391082056, 0.4567622559551987, 0.009040823611757468]], "inverted": true, "swapped": false, "error_lsq": 0.05283959027014041, "error_max": 0.26363465021953636, "target": "997.xyz", "model": "6.xyz", "model_rescale": 3.89814844738969, "target_rescale": 3.8210101254510644},
{"mapping": [4, 2, 1, 0, 6, 7, 10, 5, 11, 8, 12], "R": [[0.10533777140835002, -0.907196597374218, 0.40730613502298685], [0.2666693210259603, -0.3688140133644064, -0.8904289397641976], [0.9580143146833849, 0.20241185058854858, 0.20307145442686816]], "T": [-0.01841129801928766, -0.09136901555345692, 0.055169632321322576], "aligned_model": [[-0.0763606214154963, 0.46620127180069465, 0.5446941616690872, -0.08565507779413288, 0.07223973292318661, -0.6399084909755302, 0.5454356519995774, 0.6706973353541787, -0.2737017976045205, -0.3376701148641834, 0.08908301750897975], [-0.09075306295651911, -0.36221802615244814, -0.6932596565884139, -0.6726626138860547, -0.1834343160476766, -0.21178577259724088, 0.24942838146800758, -0.09715775900530357, 0.6423064198514047, 0.3436758899508209, -0.0428867026128055], [-0.58680956119245, -0.3845340351082165, 0.24341550754177227, 0.14783253799258528, 0.7190086354401164, -0.1195178695685534, -0.2686164300562053, 0.4124823607319271, -0.17261861480310445, 0.46320947152370384, -0.065262767914102]], "inverted": true, "swapped": false, "error_lsq": 0.04511279640884798, "error_max": 0.21207226701934218, "target": "997.xyz", "model": "7.xyz", "model_rescale": 3.7474275329858107, "target_rescale": 3.8210101254510644},
{"mapping": [12, 7, 6, 0, 3, 1, 11, 5, 13, 2, 14], "R": [[0.41526461281123134, 0.398815079509172, -0.8176196143090202], [-0.9043789827783042, 0.08391316215477294, -0.41839841864670885], [-0.09825455132266331, 0.9131840524085381, 0.39552614271512143]], "T": [0.10984219378952541, -0.019101951335965553, -0.013402137807681111], "aligned_model": [[-0.13653553058819218, 0.7327780142262968, 0.4502265986152525, -0.14109207172128824, 0.1400737307946628, -0.6145872001109037, 0.4749170101311634, 0.6681044735966881, -0.22896492464517892, -0.43546186462052294, 0.0655968329238636], [0.050414269662825126, -0.26254122602464564, -0.7225306623818026, -0.6174544892744763, -0.32712903713283237, -0.1960105844831353, 0.13675739411585014, -0.14603065527877584, 0.7041125669823056, 0.2415045437822772, 0.02016066145618007], [-0.5747470680848327, -0.14211078196118376, 0.22379947227448588, 0.10157382647204595, 0.6333898732518316, 0.07991028805784552, -0.4918456543258986, 0.4170090552180058, -0.42605492852187404, 0.5725306522233617, -0.004865500016313803]], "inverted": true, "swapped": false, "error_lsq": 0.0495041811552635, "error_max": 0.25179746622888194, "target": "997.xyz", "model": "8.xyz", "model_rescale": 4.019505241142653, "target_rescale": 3.8210101254510644},
{"mapping": [9, 10, 6, 11, 5, 8, 1, 2, 7, 4, 12], "R": [[0.4210569646703449, -0.554573018426987, 0.7177463338362495], [0.5176861889589741, 0.7966995444064707, 0.3118827435169438], [-0.7447899316342357, 0.2402469628846594, 0.6225506843309768]], "T": [0.16325055306973518, -0.06565551452971605, 0.08634240002819642], "aligned_model": [[-0.1347413188886984, 0.7173529968903947, 0.5586130007452008, -0.19387039292444103, -0.05019609816159537, -0.4871514158044746, 0.5567743023939433, 0.6166473365676897, -0.39757751884248577, -0.3509168400469211, 0.14012101667322935], [-0.17992250847478328, -0.5122662393448556, -0.6524649963061157, -0.5704543629209725, -0.3560590181036657, -0.06704635373731216, 0.20883916798293592, 0.08436798211789873, 0.6132764874765154, 0.4011835353425607, -0.08820091260843577], [-0.5182102939298318, -0.48958216139444083, 0.25188697116320935, 0.016397589012113953, 0.6525853261050376, -0.09562538788206006, -0.38915421421911106, 0.4354791488587805, -0.12367474327855237, 0.5394294387007815, 0.10905756145154613]], "inverted": true, "swapped": false, "error_lsq": 0.04653081547206098, "error_max": 0.27321719297206687, "target": "997.xyz", "model": "9.xyz", "model_rescale": 3.877068213659057, "target_rescale": 3.8210101254510644},
{"mapping": [3, 1, 0, 12, 11, 6, 4, 8, 13, 10, 15], "R": [[-0.7564889808564073, -0.20051448841323716, -0.6225097282607012], [-0.6373655529915376, 0.012681904854483728, 0.7704572156512347], [-0.14659322529580174, 0.9796086510569614, -0.13739474906900445]], "T": [0.10449977410194948, 0.05721797524295212, 0.01922440581603353], "aligned_model": [[-0.1262864406428597, 0.78218135858893, 0.3711535617085472, -0.23960466183862328, 0.07841095570233993, -0.5028358101026412, 0.4068678561850222, 0.7143862095311057, -0.3014313849485958, -0.33779176192624866, 0.1300051863448646], [-0.10874225560968771, -0.40437025482698147, -0.6528909599919416, -0.6031697224313101, -0.32632690974373474, -0.017566389681110253, 0.22211290512340565, 0.03173529139352464, 0.6452801641526404, 0.11986522746034452, -0.024674314421379087], [-0.5481874971145678, -0.2646604055275042, 0.2609000009604561, 0.07984982655715037, 0.6491989854768047, -0.057295931654608764, -0.5634194689325948, 0.49114823919536765, -0.27580313874599205, 0.5702818423934791, 0.04657678197948321]], "inverted": false, "swapped": false, "error_lsq": 0.04500708902210787, "error_max": 0.2052592634396685, "target": "997.xyz", "model": "10.xyz", "model_rescale": 4.260839863003843, "target_rescale": 3.8210101254510644},
{"mapping": [1, 0, 6, 7, 10, 8, 3, 5, 2, 9, 11], "R": [[-0.3170967953336073, 0.45482300785078955, -0.832217311715346], [-0.9250466561044584, -0.3418317108467918, 0.16564952607694228], [-0.20913705176060177, 0.8223667752220515, 0.5291262425846666]], "T": [0.0535428775389203, -0.04127273214606669, 0.08622798323159529], "aligned_model": [[-0.07985341487276502, 0.552616375913233, 0.6465413434968578, -0.07820610504047508, -0.03246881156447805, -0.6626877703914272, 0.512107941826232, 0.6654049864934689, -0.15021662252678897, -0.44697201254716457, 0.048789157815148414], [-0.04613227769194197, -0.6059754085644922, -0.5890506972199756, -0.6667056519018082, -0.29922656695960953, -0.07715447110024916, 0.29754646694640025, 0.10344193766526844, 0.5399817149390822, 0.30345305927962746, -0.07892532396853158], [-0.6247167805364454, -0.36329487483161815, 0.3132686293838821, -0.05896670591834492, 0.6513789369464135, 0.04962788987595289, -0.33656357717882707, 0.3338028733456498, -0.21540500571052829, 0.6023502891681382, 0.03710756004320085]], "inverted": false, "swapped": false, "error_lsq": 0.03700597158048608, "error_max": 0.21159817894989127, "target": "997.xyz", "model": "11.xyz", "model_rescale": 3.890672605050136, "target_rescale": 3.8210101254510644},
{"mapping": [11, 9, 5, 12, 7, 4, 6, 8, 1, 3, 13], "R": [[-0.869460165506945, -0.4760494091009437, -0.13196962033467308], [0.2856933572568629, -0.2666168304316968, -0.920486160324998], [0.40301157082140693, -0.8380288931923515, 0.3678168674202747]], "T": [0.07359529950884192, -0.032168742428842545, -0.10432242355643262], "aligned_model": [[-0.022898461443535828, 0.5836572605383933, 0.5285120147466774, -0.09434775012897562, 0.0004920483279726717, -0.6048971131253963, 0.5109687149219038, 0.449795173031873, -0.08425079735214325, -0.2787201686809626, -0.013255852233965595], [-0.11680758222496836, -0.5251460294722372, -0.5592141871298628, -0.7379831958828249, -0.4706994457401587, -0.04259751311567839, 0.27295620176739, 0.2429380833778108, 0.6799704415096592, 0.2623469442070551, -0.12451093587241435], [-0.6393807239223677, -0.4246825434081768, 0.242442717788803, 0.06524536854713298, 0.6232151405572494, 0.07059564459226761, -0.32263780977718515, 0.4452054969298477, -0.37495258225164374, 0.697049822782071, 0.0064887027494750504]], "inverted": false, "swapped": false, "error_lsq": 0.046144735323917385, "error_max": 0.2591265867747046, "target": "997.xyz", "model": "12.xyz", "model_rescale": 4.124412569039231, "target_rescale": 3.8210101254510644},
{"mapping": [9, 8, 2, 10, 4, 7, 6, 1, 3, 5, 12], "R": [[-0.1709949739164105, 0.8526933496183976, 0.4936342476083721], [-0.8658858495830638, -0.3691058542544603, 0.33764265703092217], [0.4701089388504987, -0.36969571254160166, 0.8014503513887904]], "T": [0.02389934493416139, 0.007329853579769716, 0.032624484249797546], "aligned_model": [[-0.1018351828710944, 0.51049486113683, 0.5106973946130697, -0.2279096906293681, 0.12494389195014803, -0.5724283684956449, 0.4878608556353193, 0.8071186358697451, -0.03406935430115477, -0.5513096365884631, 0.02149166228245431], [-0.04339564944284795, -0.3655541185072937, -0.6491886988005622, -0.6784672877759612, -0.2320444342393227, -0.12279061224197256, 0.2553972012392712, 0.1006373817287094, 0.6668127071441138, 0.05803355693166726, -0.10818726461203121], [-0.5920826662303966, -0.34030777215942626, 0.30540014822692935, 0.13695167540523803, 0.7747607288834653, -0.11069193869592012, -0.38067337734297557, 0.2344301987522103, -0.2328474945530923, 0.5228383570791172, 0.07081137522232411]], "inverted": false, "swapped": false, "error_lsq": 0.047351256380189576, "error_max": 0.26632390984751886, "target": "997.xyz", "model": "13.xyz", "model_rescale": 3.9028299243045295, "target_rescale": 3.8210101254510644},
{"mapping": [1, 14, 13, 12, 5, 2, 9, 10, 6, 0, 15], "R": [[-0.05920035257773015, 0.16883357155002776, 0.9838651042558295], [-0.8889741023073359, -0.4572757347466509, 0.02497894791172961], [0.454114923429674, -0.8731518353239442, 0.1771595574302696]], "T": [0.011520770489816853, -0.02659691109858578, 0.10119699157966258], "aligned_model": [[-0.25507993378907506, 0.7538990568812003, 0.4436628886288582, -0.06742932448784668, 0.08440636121820172, -0.7197350162318805, 0.504419172583337, 0.7098151208216303, -0.0786785726852994, -0.4895401634317447, 0.08931547909445965], [-0.07441576537502577, -0.3761731470734141, -0.6630177681172645, -0.7033219678914194, -0.3248496436437045, -0.0022089335274809614, 0.2653752411669692, 0.02764212626001218, 0.44195624386235854, 0.2543692375025153, 0.03589715826022454], [-0.4894265580663818, -0.23004549953404838, 0.3033677962898063, -0.040402333887092134, 0.5108734881579955, 0.018613878948766205, -0.42096091938093594, 0.3557470439663345, -0.3643460050556212, 0.6988694546249706, 0.04629888852367994]], "inverted": false, "swapped": false, "error_lsq": 0.046068690132529004, "error_max": 0.29510342367809056, "target": "997.xyz", "model": "14.xyz", "model_rescale": 3.942246331269136, "target_rescale": 3.8210101254510644},
{"mapping": [6, 0, 1, 5, 3, 10, 8, 12, 11, 4, 14], "R": [[0.9321748870935316, 0.35954295256612745, 0.04217635750267301], [0.05274790196802398, -0.019638188834216152, -0.9984147436698257], [-0.35814471755162547, 0.9329218653238563, -0.03727136287450883]], "T": [0.009460028569695147, -0.11248146044680682, -0.029214108698388447], "aligned_model": [[-0.15267667230315496, 0.6032795540254097, 0.5005054792990007, -0.022996191477964514, 0.01874809946823797, -0.6933888736032696, 0.4495575731978109, 0.6279515772460698, -0.1488094916454452, -0.300712542920395, 0.09359655731554165], [0.08073549893169565, -0.3981680580315302, -0.5780524692625753, -0.7258755881027225, -0.3455063051540099, 0.008635457711548916, 0.25158970932192426, 0.024188673617667467, 0.5657874135399297, 0.15930230753751543, -0.1613838586856736], [-0.5283817019744494, -0.35552534358966836, 0.4166103375233723, 0.13039101692911317, 0.6506101950660579, -0.01092124415392419, -0.5513321612912123, 0.48737638369713265, -0.1995464843883435, 0.38742786743708657, -0.03811963066769154]], "inverted": true, "swapped": false, "error_lsq": 0.04659574329033473, "error_max": 0.2817973246864296, "target": "997.xyz", "model": "15.xyz", "model_rescale": 4.355366556412066, "target_rescale": 3.8210101254510644},
{"mapping": [4, 2, 8, 6, 10, 3, 0, 1, 5, 7, 11], "R": [[-0.6948267963524616, 0.7183676665416677, 0.034111856268088825], [0.2487625718969647, 0.2845732243685656, -0.9258159983472343], [-0.6747835993070541, -0.6347960110460351, -0.376432090112227]], "T": [0.1285830785832817, -0.00930696377170738, 0.1142125716669049], "aligned_model": [[-0.07562431411315079, 0.697847151342097, 0.5267588558672468, -0.24684873665625587, 0.05324399973442806, -0.5204778859689045, 0.45472084417150394, 0.6483497770435386, -0.12321740889484753, -0.5102665150409459, 0.07056930111713136], [-0.2211104429111711, -0.3984649108759399, -0.6307512607952606, -0.7298125833202046, -0.33401632802449965, -0.019407184647965387, 0.3513992451755277, 0.04675255706890151, 0.5327086555526805, 0.372842760356141, -0.08888772615443988], [-0.5983660963616064, -0.36036082562446015, 0.31988014785261204, -0.012351907174879162, 0.649117844172274, 0.016055255729945123, -0.4029327147570173, 0.2601480803673344, -0.12781111484161684, 0.610492638619957, 0.034717926604930616]], "inverted": true, "swapped": false, "error_lsq": 0.038599568176259896, "error_max": 0.19387517990526865, "target": "997.xyz", "model": "16.xyz", "model_rescale": 3.795458400668931, "target_rescale": 3.8210101254510644},
{"mapping": [4, 2, 1, 0, 6, 7, 10, 5, 11, 8, 12], "R": [[0.10533777140835002, -0.907196597374218, 0.40730613502298685], [0.2666693210259603, -0.3688140133644064, -0.8904289397641976], [0.9580143146833849, 0.20241185058854858, 0.20307145442686816]], "T": [-0.01841129801928766, -0.09136901555345692, 0.055169632321322576], "aligned_model": [[-0.0763606214154963, 0.46620127180069465, 0.5446941616690872, -0.08565507779413288, 0.07223973292318661, -0.6399084909755302, 0.5454356519995774, 0.6706973353541787, -0.2737017976045205, -0.3376701148641834, 0.08908301750897975], [-0.09075306295651911, -0.36221802615244814, -0.6932596565884139, -0.6726626138860547, -0.1834343160476766, -0.21178577259724088, 0.24942838146800758, -0.09715775900530357, 0.6423064198514047, 0.3436758899508209, -0.0428867026128055], [-0.58680956119245, -0.3845340351082165, 0.24341550754177227, 0.14783253799258528, 0.7190086354401164, -0.1195178695685534, -0.2686164300562053, 0.4124823607319271, -0.17261861480310445, 0.46320947152370384, -0.065262767914102]], "inverted": true, "swapped": false, "error_lsq": 0.04511279640884798, "error_max": 0.21207226701934218, "target": "997.xyz", "model": "17.xyz", "model_rescale": 3.7474275329858107, "target_rescale": 3.8210101254510644},
{"mapping": [9, 4, 0, 2, 1, 7, 5, 8, 12, 11, 13], "R": [[-0.18236590085911736, -0.9794893307979654, -0.0856932264347453], [-0.9198512641638562, 0.13917634317531163, 0.3667473208034432], [-0.3472986179356295, 0.14570722821226767, -0.9263655183709614]], "T": [0.08981452139535956, -0.047732259427988574, 0.10469475669932543], "aligned_model": [[-0.0439764763334301, 0.7335920436787244, 0.5038714828153005, -0.17430218493405925, -0.1575045112854928, -0.6598567475728638, 0.43633912991352986, 0.7828467007422335, -0.23775994236819914, -0.30510249484288005, 0.09690806878897795], [-0.13017808547656318, -0.26817340778269033, -0.7490447111410325, -0.7032011349092768, -0.36698477199245333, -0.009097725680267885, 0.4084826685121775, 0.020251859265700556, 0.4686945752303407, 0.36351291296062677, -0.1530093975627912], [-0.5457103636295189, -0.3708912228410284, 0.29406230553701296, 0.03809413716258636, 0.6663259044331031, 0.04208770180958479, -0.33690299226025827, 0.28340963916260703, -0.3256948556849599, 0.5481523310833902, 0.09565664981495434]], "inverted": false, "swapped": false, "error_lsq": 0.05041590668742026, "error_max": 0.25544464599499334, "target": "997.xyz", "model": "18.xyz", "model_rescale": 3.922800546911778, "target_rescale": 3.8210101254510644},
{"mapping": [8, 5, 0, 1, 2, 6, 12, 3, 13, 10, 14], "R": [[-0.2635816646739115, 0.9528156860809434, 0.15055555255729136], [0.5056897987553581, 0.0035737054129629797, 0.8627079784402063], [0.8214636531718831, 0.30352841215893284, -0.48277113576702363]], "T": [0.03527076587065467, 0.01566219671794432, 0.04089874344843952], "aligned_model": [[-0.16774041863521624, 0.47153918020929053, 0.5977283830965746, -0.17982450882265524, 0.016432585981623324, -0.6092575550677547, 0.670193962169324, 0.6329507808234174, -0.020422962113031476, -0.5295719566150655, 0.09302757757533456], [-0.07361846549800515, -0.42799353867532774, -0.5645737203531497, -0.6904690558169383, -0.2516001711308179, -0.21749197897110123, 0.2587768490571454, 0.0006388294343139238, 0.6115797701723354, 0.1553960557831423, 0.08060820742217291], [-0.5293696813669484, -0.40111164024047635, 0.2539957754364179, 0.09653776692992672, 0.705236693966192, -0.03649728862161003, -0.3545527013414162, 0.2682797931131641, -0.29613864488065234, 0.5994932249365523, 0.08271593665632362]], "inverted": false, "swapped": false, "error_lsq": 0.045486863290930185, "error_max": 0.2260532223459999, "target": "997.xyz", "model": "19.xyz", "model_rescale": 3.9282355846067225, "target_rescale": 3.8210101254510644},
{"mapping": [0, 3, 5, 2, 7, 10, 4, 6, 11, 12, 13], "R": [[-0.32720350111775737, 0.5499159478822853, -0.7684597055936048], [-0.3942350374191096, 0.6596286700752938, 0.6398974549768525], [0.858787869108219, 0.5123304284145412, 0.0009633240044515934]], "T": [0.16855908762261634, 0.008330955068200432, 0.12591550030683551], "aligned_model": [[0.022768233812140465, 0.6187086608595329, 0.47985710175259616, -0.24102076420997065, 0.06037227674941799, -0.6668061166065415, 0.4674630346058337, 0.7608001434508249, -0.16051244489995464, -0.4567302627298822, 0.09015520581784418], [-0.03191349931746816, -0.29771465361883537, -0.6142747510882596, -0.7000125504201817, -0.19188560562436685, -0.11976868073211437, 0.34114316503992115, -0.12084876546944621, 0.44270533706995785, 0.2529916021243182, -0.07916881653975447], [-0.6597831690526403, -0.39375412191439907, 0.18200322898912952, 0.22188442009394277, 0.7058350802117989, -0.041386047392130476, -0.3204703286700772, 0.3696513935404104, -0.33926617825519956, 0.6474025484541481, 0.01647240858249037]], "inverted": false, "swapped": false, "error_lsq": 0.04886895529956271, "error_max": 0.2723307432879266, "target": "997.xyz", "model": "20.xyz", "model_rescale": 4.067790424073018, "target_rescale": 3.8210101254510644},
{"mapping": [11, 10, 1, 5, 8, 6, 12, 7, 3, 2, 14], "R": [[0.7851389268571775, 0.616945969274971, -0.05417136262756228], [0.5121553563011989, -0.6959733248094802, -0.5033070853521042], [-0.34821510097287894, 0.3674218313451242, -0.8624079320747482]], "T": [0.04106553303440341, -0.11989394702424412, 0.08816313494282307], "aligned_model": [[-0.045376248175158285, 0.5325820973570486, 0.6234343118031443, -0.11910546119523441, 0.13547546507161318, -0.6750830254176367, 0.45932852447403283, 0.6364453726443343, -0.23325709887904417, -0.4328982879101625, 0.09350941882890389], [-0.017115464908434477, -0.4467798574836796, -0.6798819375229754, -0.6532267835568197, -0.31111019339088136, -0.10496886691746875, 0.3442785781399365, -0.08753190507153051, 0.6147980255335501, 0.3580294924010817, -0.1352383057990084], [-0.5442897534642397, -0.4800303973093821, 0.2315687041910828, 0.28403926657067713, 0.6170213471162151, -0.09748542256906043, -0.3552484162963933, 0.5366489229400464, -0.24156374556593463, 0.4054475720374066, 0.032481156937055736]], "inverted": false, "swapped": false, "error_lsq": 0.047539738194088674, "error_max": 0.2337975324817492, "target": "997.xyz", "model": "21.xyz", "model_rescale": 4.186013935880536, "target_rescale": 3.8210101254510644},
{"mapping": [2, 5, 3, 11, 4, 9, 0, 6, 1, 10, 12], "R": [[-0.30849188253591453, 0.9188763564691009, 0.24596544458829445], [0.8117895283217658, 0.11953787431998453, 0.5715841655523577], [0.4958129890559272, 0.3760012475047516, -0.7828106678873877]], "T": [0.0043666218328817785, -0.0783619508445085, 0.014045903301576571], "aligned_model": [[0.022813546102608523, 0.4967470129500834, 0.6986784277947329, -0.18250820968686676, 0.08735423803316972, -0.6043912837223158, 0.5058695958995167, 0.48530456870272315, -0.06360558680393757, -0.49905731479834897, 0.027850074130475726], [-0.14295874067602996, -0.46909617799673153, -0.6288125572238618, -0.6611811663866013, -0.21126372119263404, 0.038256516363816315, 0.3247174266496513, 0.02665700714774935, 0.6013954545126843, 0.1113364928983506, -0.10779775267262304], [-0.724321328225826, -0.43698302070428213, 0.273418031286029, 0.17014054783246518, 0.72331758873967, -0.02151679862561155, -0.31429876841948584, 0.27389693512565194, -0.24755089455236473, 0.651916010067929, 0.040570932063298745]], "inverted": true, "swapped": false, "error_lsq": 0.04943953654601023, "error_max": 0.21111268578323517, "target": "997.xyz", "model": "22.xyz", "model_rescale": 4.166573947596378, "target_rescale": 3.8210101254510644},
{"mapping": [10, 8, 4, 0, 1, 5, 9, 3, 14, 6, 15], "R": [[-0.34235546599037503, 0.9389673252450725, 0.033661506630388055], [-0.8883555961184117, -0.3118194440224694, -0.3370355606974132], [-0.305969066658077, -0.14528935422677242, 0.940889969016969]], "T": [0.14016314868506374, 0.05201802499723039, 0.0587697414647662], "aligned_model": [[-0.1743078058802789, 0.6061803574966399, 0.49264297483716735, -0.04777452872177637, -0.1882356731504244, -0.6405301192218653, 0.5608093793392709, 0.6996395804600718, -0.11531765914106124, -0.3112810463314926, 0.09322960891558998], [0.04594990362115482, -0.47696609545768043, -0.5379909652666846, -0.7407103163944205, -0.35582300705380954, -0.23358415962082135, 0.2836894772511847, 0.017717905011862614, 0.6393164306184864, 0.2234219204767195, 0.016231688237778673], [-0.6209452206640707, -0.3375671122584252, 0.31857905024359384, 0.11369668388266545, 0.542421441823348, 0.062145358081301116, -0.3015554632171232, 0.276108822334633, -0.4057600237898268, 0.6469248871254786, 0.09454081102589929]], "inverted": true, "swapped": false, "error_lsq": 0.04513365696194281, "error_max": 0.22146931469931425, "target": "997.xyz", "model": "23.xyz", "model_rescale": 4.274766983524099, "target_rescale": 3.8210101254510644},
{"mapping": [8, 6, 6, 0, 3, 1, 7, 5, 9, 2, 10], "R": [[-0.3812451570144871, -0.6687314281993842, 0.6383184214727089], [-0.2968047957496176, 0.742453864211811, 0.6005573850490704], [-0.8755335764395487, 0.03950362585081696, -0.4815396349955129]], "T": [0.05335650323859989, -0.10953961652421088, 0.04223258226257856], "aligned_model": [[0.09853739821253493, 0.5700236837851919, 0.5700236837851919, -0.3622574504960072, 0.16053494901107518, -0.5585569946553743, 0.4418274510760689, 0.7184655175411321, -0.20528666429605127, -0.44968451223172834, -0.00857199313019278], [-0.21458928459816318, -0.5351159791630096, -0.5351159791630096, -0.7206322968757939, -0.31635648874057265, 0.11493683637028662, 0.2643320562461281, 0.2127624213710749, 0.5761095488170209, 0.12920642361967957, -0.09428447645987095], [-0.6871057354413957, -0.04116310243317253, -0.04116310243317253, 0.04257847538674711, 0.5538514305474683, 0.02975966380397542, -0.2899462422701796, 0.3886316932232885, -0.39440730367982124, 0.8286304369391578, -0.0010769790554222142]], "inverted": false, "swapped": false, "error_lsq": 0.06977047488457751, "error_max": 0.3545706248661755, "target": "997.xyz", "model": "24.xyz", "model_rescale": 3.7841303162186577, "target_rescale": 3.8210101254510644},
{"mapping": [6, 5, 2, 8, 9, 7, 3, 12, 11, 10, 15], "R": [[-0.47595373744538, -0.3382040590219531, 0.8118411508865819], [0.5273701084532599, 0.6289743968412079, 0.5712022206086352], [-0.7038102077419532, 0.7000065875256564, -0.12100400364828634]], "T": [-0.03452022380685463, -0.14786886215732029, 0.0690665992190852], "aligned_model": [[-0.11561379502731385, 0.7964114839555315, 0.46701097864608243, -0.14039697471980775, 0.188355199328821, -0.6273473101715459, 0.4594248511693927, 0.6663769991967541, -0.19402685728468522, -0.4949503479078111, -0.030189158583576653], [-0.0034544490392658944, -0.31432788079575313, -0.6930913921417323, -0.7145230487891727, -0.24354454786125704, 0.07539915985131496, 0.15299129815180393, 0.0020655853228859766, 0.5599984387581032, 0.18696922423776577, -0.1272296062709223], [-0.6342077158483068, -0.15716920164518552, 0.21045922169540088, 0.20002815856980968, 0.6013385386009191, -0.07760649347675239, -0.49173935160403925, 0.3169267425918565, -0.1817502409929876, 0.5992954762117038, 0.003014100485054891]], "inverted": false, "swapped": false, "error_lsq": 0.04688047918333005, "error_max": 0.2404093742033757, "target": "997.xyz", "model": "25.xyz", "model_rescale": 4.19342608120988, "target_rescale": 3.8210101254510644},
{"mapping": [4, 2, 8, 6, 10, 3, 0, 1, 5, 7, 11], "R": [[-0.6948267963524616, 0.7183676665416677, 0.034111856268088825], [0.2487625718969647, 0.2845732243685656, -0.9258159983472343], [-0.6747835993070541, -0.6347960110460351, -0.376432090112227]], "T": [0.1285830785832817, -0.00930696377170738, 0.1142125716669049], "aligned_model": [[-0.07562431411315079, 0.697847151342097, 0.5267588558672468, -0.24684873665625587, 0.05324399973442806, -0.5204778859689045, 0.45472084417150394, 0.6483497770435386, -0.12321740889484753, -0.5102665150409459, 0.07056930111713136], [-0.2211104429111711, -0.3984649108759399, -0.6307512607952606, -0.7298125833202046, -0.33401632802449965, -0.019407184647965387, 0.3513992451755277, 0.04675255706890151, 0.5327086555526805, 0.372842760356141, -0.08888772615443988], [-0.5983660963616064, -0.36036082562446015, 0.31988014785261204, -0.012351907174879162, 0.649117844172274, 0.016055255729945123, -0.4029327147570173, 0.2601480803673344, -0.12781111484161684, 0.610492638619957, 0.034717926604930616]], "inverted": true, "swapped": false, "error_lsq": 0.038599568176259896, "error_max": 0.19387517990526865, "target": "997.xyz", "model": "26.xyz", "model_rescale": 3.795458400668931, "target_rescale": 3.8210101254510644},
{"mapping": [0, 6, 5, 7, 10, 3, 1, 8, 2, 4, 12], "R": [[0.06715587383806632, -0.15446554020929648, 0.9857131862245205], [0.9292365847034432, 0.3694456029508696, -0.005414435238253079], [-0.36333105875733573, 0.9163243657941869, 0.16834547334025596]], "T": [0.14296895384343764, 0.08898720202238679, 0.13548076255001457], "aligned_model": [[-0.19929860809225167, 0.7073920690447068, 0.4570082375740111, -0.19542383165072577, -0.09112816734337215, -0.5640647662387633, 0.5081696941363103, 0.8510510318592144, -0.2049711465854082, -0.3993667547170018, 0.10568731061512143], [-0.11678718527613717, -0.3535161225808801, -0.5865624872540108, -0.644181754284006, -0.3712301807045329, -0.04277141540801667, 0.2951547337556666, 0.013777779776961444, 0.587534551296744, 0.1678630684897041, -0.06802820638772251], [-0.5937537742565127, -0.27293607649732055, 0.24444136769143945, 0.04513861920864881, 0.6264847615126135, -0.0313111564610985, -0.28222312622739915, 0.28947759272694173, -0.5010906324594369, 0.7667602248690903, 0.09760143448050687]], "inverted": false, "swapped": false, "error_lsq": 0.04771837095885143, "error_max": 0.29320867629704805, "target": "997.xyz", "model": "27.xyz", "model_rescale": 3.6321398670334006, "target_rescale": 3.8210101254510644},
{"mapping": [1, 6, 12, 7, 8, 3, 13, 9, 2, 0, 14], "R": [[0.640850275341823, 0.15176098342050323, -0.7525154672865877], [-0.7374137909993792, -0.15077812640825358, -0.6583971882084102], [-0.21338187701450562, 0.9768493028651136, 0.015284438285653679]], "T": [0.05927084789751612, -0.056906515662026216, 0.11420094260203015], "aligned_model": [[-0.21988876829780224, 0.6515316638234032, 0.4788088450145604, -0.18671253996773313, -0.017433275834034895, -0.602224746508881, 0.5994237062328361, 0.6853990033100046, -0.1371967116085936, -0.34724843096412816, 0.07059632340221007], [0.04611640886043587, -0.3425629803366973, -0.7360162326375916, -0.7919787667997295, -0.35101021824765655, -0.2402644475739204, 0.3307860194887907, 0.08019434236720312, 0.5963007330492495, 0.3178518482731105, -0.02816392501942407], [-0.48473426412305975, -0.2999668340889351, 0.32939293163585964, 0.10724806510128393, 0.5321113460649747, 0.0951345494409365, -0.3595149213233467, 0.30324868511072267, -0.29587764989601073, 0.4035276416712912, 0.05801968499375713]], "inverted": false, "swapped": false, "error_lsq": 0.042939846470974236, "error_max": 0.23105836731050308, "target": "997.xyz", "model": "28.xyz", "model_rescale": 4.156811204709835, "target_rescale": 3.8210101254510644},
{"mapping": [2, 7, 4, 9, 6, 1, 3, 0, 5, 10], "R": [[0.43126285719423174, -0.7469020774289903, -0.5061122748332889], [0.8844839607339718, 0.46069758281953466, 0.07379607298890589], [0.17804626142947702, -0.4794736947075374, 0.8593046635940537]], "T": [0.017139812399413562, 0.013325773209720403, 0.13618941023515652], "aligned_model": [[-0.5592058854598791, -0.004703156017743404, 0.05695847327747769, 0.712420041816338, -0.22041324870753398, -0.7451190330414776, -0.3696848073223752, -0.2991214480174046, 0.21364246424998592, -0.14184802666679963], [-0.2020886206467974, -0.6250020728210629, 0.09480672816311138, 0.21528798959624196, -0.5163443877342959, -0.3466651594754513, 0.48329209812370116, 0.2363438334630067, 0.6441985688952453, -0.06510864693749521], [-0.5272152106137521, -0.26411011876750484, -0.5208014985636545, -0.19010955908462868, 0.49016822905799246, 0.08612141448716781, -0.25434451834013033, 0.6492257311488582, 0.21096429626112356, 0.0788879613896275]], "inverted": true, "swapped": true, "error_lsq": 0.049297858856011074, "error_max": 0.2536059010954267, "target": "997.xyz", "model": "29.xyz", "model_rescale": 4.117894457231895, "target_rescale": 3.8210101254510644},
{"mapping": [3, 12, 13, 4, 7, 1, 11, 10, 5, 8, 14], "R": [[0.11977297867947534, 0.7871560230864022, 0.6050122551626914], [-0.9283651648774086, -0.12716650437947896, 0.34923745618997715], [0.35184166072309886, -0.6035015124112809, 0.7155371201390663]], "T": [0.10496102996555562, 0.038894643751705774, -0.02973644302559178], "aligned_model": [[-0.04574802266794267, 0.5389921823439751, 0.45364597963973846, -0.14853691481497605, 0.1259897144032362, -0.7105230262485944, 0.6955704771542821, 0.6348383175294658, -0.2943479282377927, -0.40912914255892446, 0.13430343205937417], [-0.17695885453564536, -0.49982650700588255, -0.6153474228979532, -0.6910464486262164, -0.26516802741438156, -0.2012113995690905, 0.16340073448102438, 0.08759656482018911, 0.7694889830128013, 0.2806960064660692, 0.029629152692856018], [-0.5097887837065245, -0.3601519441039669, 0.2412661889295448, 0.01979017413005632, 0.5482837532377092, 0.1027900444405577, -0.43121165343289747, 0.4510744841602464, -0.08204360188701924, 0.3933865676466862, 0.015194005173080748]], "inverted": false, "swapped": false, "error_lsq": 0.04795859459066046, "error_max": 0.22453610856403303, "target": "997.xyz", "model": "30.xyz", "model_rescale": 4.100398675895297, "target_rescale": 3.8210101254510644},
