[{"mapping": [6, 5, 3, 1, 11, 8, 4, 12, 0, 9, 2, 13], "R": [[0.7161231570954865, -0.5830950684618892, 0.3836245104356839], [-0.696431528551692, -0.6334544034122944, 0.3372219518903363], [0.04637617826802212, -0.5086606530222276, -0.8597171570675171]], "T": [0.031929590514438125, -0.16377122639064165, -0.0028674969170195685], "aligned_model": [[-0.6491936309943033, -0.46733046065883266, -0.17399861510780718, 0.3207256369332281, -0.20616445662346394, -0.5479599893295796, -0.4220493497897506, 0.5381423605048725, 0.6594307960463908, 0.5150327697643914, 0.06976618822538892, 0.01819978726034366], [0.18243747695464532, -0.5407744865607065, 0.21897932798583106, -0.22124871388728362, -0.7693098678001612, -0.3347391458936635, 0.3512070072711876, -0.44459706466990034, 0.27116229688591054, -0.06523965536367118, 0.5964400760026929, -0.20536409194605357], [-0.030380676253155922, 0.4225842671705242, 0.2874700532748863, 0.49345628392258645, -0.25524820006345383, -0.49792019846690205, -0.6677770901896003, -0.005167067957242769, 0.1088799950763926, -0.5447586478631955, -0.11197942567274069, -0.15977953690405342]], "inverted": false, "swapped": false, "error_lsq": 0.05924324936729499, "error_max": 0.3484811372749902, "target": "998.xyz", "model": "0.xyz", "model_rescale": 3.8414455957264533, "target_rescale": 3.724685465066857},
{"mapping": [12, 1, 10, 3, 0, 11, 13, 4, 6, 9, 8, 14], "R": [[-0.276916137641831, 0.8301231075054557, -0.4839556581950629], [-0.9500852325453418, -0.31186951941265856, 0.00868641241143081], [-0.14372022687428018, 0.4622045318328278, 0.87504940839955]], "T": [0.14293433983231132, -0.10543646123134612, -0.09965022811264115], "aligned_model": [[-0.501128393586693, -0.41072861439765007, -0.03355672048778577, 0.0854510005272763, -0.04797456173997658, -0.6972185158120401, -0.23881522643037265, 0.36348803356757475, 0.6654570568184943, 0.46015281799945307, -0.0738995356248667, 0.0833736953974645], [0.29706173682474313, -0.6170527946605803, 0.3298516752802063, -0.5130936324207505, -0.718772743886002, -0.2209238909030881, 0.0108764976729573, -0.5820681199035257, 0.42712263425965047, 0.13848671267171442, 0.6132966181711038, -0.1258315341276014], [-0.02570470864381333, 0.3248541318773599, 0.39810115988118255, 0.5665991084875922, -0.43564094998900116, -0.1837408629683134, -0.7443094907378737, 0.04175544708934423, 0.1313865521342096, -0.6522654670771683, -0.3460406267231876, -0.03561453725628631]], "inverted": true, "swapped": false, "error_lsq": 0.05023432470837505, "error_max": 0.27275795430341565, "target": "998.xyz", "model": "1.xyz", "model_rescale": 4.316132596720782, "target_rescale": 3.724685465066857},
{"mapping": [8, 7, 1, 9, 3, 10, 6, 5, 0, 4, 2, 11], "R": [[-0.6699101955384695, -0.6951485374687181, 0.26074669848094323], [0.502065978747197, -0.6828849127452824, -0.5306580338876321], [0.5469461425937923, -0.22458118086778828, 0.8064819962663773]], "T": [-0.03852879671378919, -0.08688756598086579, -0.024467558619800107], "aligned_model": [[-0.568628483044302, -0.21759614007819425, -0.1076098330900164, 0.015188960082971194, 0.017172862595300174, -0.6624851040533382, -0.383811494987475, 0.47601673408545475, 0.5993863378383993, 0.39465893580332356, 0.11729193135328386, -0.024983670274528594], [0.4561518883726776, -0.9420579931455163, 0.2921974433899651, -0.3128102864727789, -0.6103012430241247, -0.17202121337746815, -0.06760690728146741, -0.46019527417526684, 0.19289407525999958, 0.03718089686417343, 0.7051770090817656, -0.07965523651313136], [-0.130007074350115, 0.1680929431016075, 0.3577884151573415, 0.6798227453048454, -0.41683531554355713, 0.0013507914714533595, -0.7704595676068067, 0.08344042836062054, 0.11228247947992404, -0.6499954445375221, -0.24600539146218892, -0.15009525330155726]], "inverted": false, "swapped": false, "error_lsq": 0.06308365576121927, "error_max": 0.34795549748977234, "target": "998.xyz", "model": "2.xyz", "model_rescale": 3.795458400668931, "target_rescale": 3.724685465066857},
{"mapping": [6, 9, 5, 9, 7, 8, 1, 4, 10, 0, 2, 11], "R": [[-0.13961814356672753, 0.6673292570929992, -0.731558908506134], [-0.9570849888427209, 0.09853377532006291, 0.272542509075381], [0.25395885123166995, 0.738215928945509, 0.6249337117904662]], "T": [-0.009636456862023808, 0.002056141658920138, -0.133980598662241], "aligned_model": [[-0.5087391248024211, -0.26946945862491695, 0.10155561099188493, -0.26946945862491695, -0.018043060970949217, -0.7608505453024568, -0.27712938310243856, 0.5702085387301813, 0.5394690228915164, 0.4985192966161513, -0.029059431670985993, 0.07760903010022963], [0.3051889687343711, -0.598074585525987, 0.048396732874080806, -0.598074585525987, -0.7338430127805041, -0.21251186076381523, 0.06796262871303953, -0.21599079890938477, 0.4380777559065584, -0.11871047674265219, 0.7368218251079667, -0.08028943210885907], [-0.05458719449712207, 0.43775759692265437, 0.5583441005948525, 0.43775759692265437, -0.338147344531073, -0.14815461348731734, -0.6999953611333062, 0.030913446466968864, 0.08368671494657992, -0.7165620077911435, -0.35185085796856336, -0.1997823203711395]], "inverted": false, "swapped": false, "error_lsq": 0.06889960727594331, "error_max": 0.5454829581605388, "target": "998.xyz", "model": "3.xyz", "model_rescale": 3.7530521520055578, "target_rescale": 3.724685465066857},
{"mapping": [4, 9, 6, 10, 5, 8, 1, 7, 3, 2, 11], "R": [[0.6539189342895758, -0.7553994397238797, 0.041972775014700564], [-0.6781467258118543, -0.6098336041758308, -0.41014630741794844], [0.3354206994928124, 0.23973873630009274, -0.9110533972654882]], "T": [0.033589584081833816, 0.037918651309346504, 0.06025901885598191], "aligned_model": [[-0.42628277909861917, -0.24610714691513846, 0.3591562707059945, 0.5416664277225832, 0.21604775163671236, -0.12499480221166204, -0.2629973096904082, -0.4818477223513126, -0.49829624397778144, 0.20813112072595444, 0.053724035898882486], [-0.7065718650918428, 0.14152936344606704, -0.3355822279392656, 0.4782132939073412, -0.7338109689497406, 0.7583021222252335, -0.458224007309068, 0.0990281591370963, 0.1592779307679501, 0.23395215201887498, -0.16891059389829993], [-0.03848296433060262, -0.6237836014187638, -0.5075893681509126, -0.46290612429808436, 0.13353613745599346, -0.16337179209605512, 0.6469161407914635, 0.02762351037887309, 0.7321135590477894, 0.35520469383637154, -0.0064294139707559705]], "inverted": true, "swapped": true, "error_lsq": 0.03616395172596149, "error_max": 0.18236292693745237, "target": "998.xyz", "model": "4.xyz", "model_rescale": 3.7855080009869324, "target_rescale": 3.724685465066857},
{"mapping": [2, 5, 1, 4, 10, 3, 14, 6, 11, 13, 12, 16], "R": [[0.3602229423104401, -0.36150268528967067, -0.859973976560667], [-0.09898488024203708, 0.9018457578361703, -0.42056654949766636], [0.9275998195971574, 0.23662214097852483, 0.2890822323873611]], "T": [-0.01703287638207225, -0.17659432595740432, -0.16920806086148593], "aligned_model": [[-0.6401893486632461, -0.41976458797316313, -0.06270571572335068, 0.1667303901442186, -0.22278027111249882, -0.6947547639834787, -0.26375217432784315, 0.5794591618347428, 0.5753702331574423, 0.5551713449218937, 0.13168559069068442, -0.049868822734523324], [0.2191866801225204, -0.716728210502553, 0.3117954538853081, -0.3178730020198869, -0.8214279026138646, -0.3151014899293988, 0.2525599889031058, -0.2917347147828682, 0.3116642875389267, 0.07224974731515366, 0.4844643425129672, -0.150102021450583], [-0.14058824501412787, 0.2793070446415302, 0.4074143057538427, 0.5331253225334425, -0.43906347039104004, -0.1065549364887782, -0.6303518134925079, 0.06957428202012872, 0.03839326489269618, -0.5373474301150908, -0.23205324684944809, -0.20247532141660177]], "inverted": true, "swapped": false, "error_lsq": 0.04688900917218678, "error_max": 0.30559280951704126, "target": "998.xyz", "model": "5.xyz", "model_rescale": 4.2253639853439635, "target_rescale": 3.724685465066857},
{"mapping": [2, 7, 4, 0, 12, 6, 5, 9, 1, 8, 10, 13], "R": [[-0.07865915683794612, -0.7527851686786293, 0.65354971261797], [0.9109317694367491, 0.21205302908287238, 0.3538881522283728], [-0.4049889485854853, 0.6231757397991887, 0.6690560132375742]], "T": [-0.03254659693132651, -0.0856638932811462, -0.10984146616342239], "aligned_model": [[-0.5074657777444304, -0.40908139582754593, -0.11761131703088758, 0.2213758319989545, -0.12025718751961696, -0.6351786081169157, -0.2779266286131615, 0.5099592972488405, 0.5093110469647114, 0.4811580163968297, 0.08099704407788003, -0.08067928560377996], [0.3881870218625176, -0.6900955268507061, 0.36204916108007323, -0.4684395952063023, -0.9994064383152672, -0.2824794098672568, 0.1898855063426449, -0.36515850403310424, 0.29397989908722644, 0.04979555254223143, 0.6466179650485433, -0.08598247271177292], [-0.11925921273865348, 0.23983718858623293, 0.43166414466203995, 0.5474779473856147, -0.27932650432978146, -0.21854417840402574, -0.624236678883637, -0.09693624141636911, 0.20791105802145504, -0.6232839501684801, -0.3535289626352934, -0.07239485400505719]], "inverted": true, "swapped": false, "error_lsq": 0.04384996084795747, "error_max": 0.2471148506374959, "target": "998.xyz", "model": "6.xyz", "model_rescale": 3.89814844738969, "target_rescale": 3.724685465066857},
{"mapping": [4, 0, 7, 3, 1, 2, 10, 6, 8, 9, 11, 12], "R": [[0.9527162045225575, 0.10098973314177101, -0.2865883937637504], [-0.289503922651207, 0.015188127128051511, -0.9570563199540068], [-0.09230012139589261, 0.9947715288418222, 0.04370689872328461]], "T": [-0.059142559463228675, -0.06586028681376602, -0.04258225112456065], "aligned_model": [[-0.6142995999739341, -0.24517542819556665, -0.20170844861536602, 0.3190733676309054, -0.23933728365354345, -0.6240394182246479, -0.24247540483948443, 0.46844535216677174, 0.5376937463213685, 0.53424897934676, 0.11541580493706204, -0.1532406306694469], [0.26061659362821055, -0.5273345583957099, 0.19314084440973664, -0.3069367949623224, -0.8616020870398231, -0.27855681851104097, 0.10331938802771287, -0.48713665057283717, 0.21622666412864974, 0.029813170462821836, 0.7161864566668391, -0.018783048863409743], [-0.06921484943085016, 0.2790443272041588, 0.543820392816582, 0.629144454002707, -0.26421586946981707, -0.41298685272448354, -0.7329958724262436, -0.003173218307096916, 0.10540473654712587, -0.7033991321710973, -0.1577891851705886, -0.17425917479635092]], "inverted": true, "swapped": false, "error_lsq": 0.04775584165562993, "error_max": 0.23612342615706752, "target": "998.xyz", "model": "7.xyz", "model_rescale": 3.7474275329858107, "target_rescale": 3.724685465066857},
{"mapping": [5, 2, 0, 1, 4, 8, 9, 12, 10, 11, 7, 14], "R": [[0.13035324212469884, -0.9847078309699125, -0.1155790633900007], [0.9425808146043461, 0.15923452998779736, -0.293574134418161], [0.3074889269671135, -0.07067426749599481, 0.9489234467050109]], "T": [0.015513442363650681, -0.09729650170650044, -0.038019375469331325], "aligned_model": [[-0.5136595615289337, -0.4522121029532634, 0.057691247418848554, 0.1298854853036387, -0.29985064522848304, -0.5925918447667041, -0.19336901053792355, 0.6026965717189194, 0.5191589049309765, 0.3609136800565865, 0.023775334055227602, 0.012162977761989088], [0.3543326569194604, -0.700021506331064, 0.14960917291517334, -0.4799404767979151, -0.75527768998929, -0.2847757346778269, 0.1398328825253094, -0.28276646251093945, 0.4614618346458232, 0.07507398954276605, 0.518132309952586, -0.15670781721525517], [-0.2083968946788591, 0.3177120947552765, 0.5714655367535254, 0.5986158765940671, -0.32056511330424287, -0.28351848509117134, -0.7311847353165057, -0.07622258265287928, 0.058901877516740496, -0.5253252805618275, -0.3296642808758524, -0.032438257064225956]], "inverted": true, "swapped": false, "error_lsq": 0.052231318468564596, "error_max": 0.2854429745479378, "target": "998.xyz", "model": "8.xyz", "model_rescale": 4.019505241142653, "target_rescale": 3.724685465066857},
{"mapping": [11, 4, 9, 7, 3, 5, 6, 0, 1, 2, 10, 12], "R": [[0.8687758337779771, 0.13761672108643497, 0.4756996833305641], [0.3807656198606013, -0.7998173108541455, -0.46401488337144425], [0.31661663471073775, 0.5842550019772713, -0.7472616672150296]], "T": [-0.03883200943034082, -0.01736548793185977, -0.08036060741536105], "aligned_model": [[-0.599187975076059, -0.17683351597794514, -0.11555841138675688, 0.15460252312536146, -0.06868773537825901, -0.5590119483463754, -0.25732605292063754, 0.3781895103914976, 0.5548587566374713, 0.24243190247171076, 0.17772536459866373, -0.07660138190779375], [0.2346082865657082, -0.7760731689751315, 0.43100380667824684, -0.4057251137695739, -0.7887184477075005, -0.33830105514417114, 0.3063098944991446, -0.4735874940321933, 0.2922590249388782, -0.24926112519393648, 0.834251856839505, -0.027813305720148708], [0.018431764373621845, 0.22445558336139793, 0.42995115643503307, 0.7142108951631314, -0.4579636460885795, -0.35773744853476624, -0.6931872042062481, 0.12113532610777719, 0.00890997836701754, -0.5462867684076671, -0.33732472953364523, -0.08521515096302801]], "inverted": true, "swapped": false, "error_lsq": 0.05343959464046941, "error_max": 0.35847498769373837, "target": "998.xyz", "model": "9.xyz", "model_rescale": 3.877068213659057, "target_rescale": 3.724685465066857},
{"mapping": [0, 10, 8, 9, 6, 12, 5, 2, 7, 4, 1, 15], "R": [[0.7551798289812817, 0.4873288636625093, -0.43842217615126367], [0.34460177581230583, 0.2738107335648842, 0.897929450620518], [0.5576316364830887, -0.82917926941408, 0.038841951124074715]], "T": [0.005063335558965869, -0.2592635674110265, -0.10808554829475905], "aligned_model": [[-0.5697671751113885, -0.3544512252713483, 0.0244355605189567, 0.16245815645799833, -0.2636160619214486, -0.6939614413431996, -0.26472173966753193, 0.6155401852336582, 0.5347140875711797, 0.5076181462303945, 0.019437196504603287, -0.0630846529709953], [0.2889057840303362, -0.7278593458181947, 0.24171833046898739, -0.3701813063826526, -0.7476249124492141, -0.2518087504536003, 0.20992115512168597, -0.31686653523204844, 0.351878021404063, -0.01829016039257758, 0.5797466771857471, -0.20058579850370456], [-0.05473499275308308, 0.2848241823939126, 0.4783995672066802, 0.5232380053884825, -0.37193996490911385, -0.3717216662576419, -0.6720688384456855, 0.14559786081781642, 0.002651115598789694, -0.49209226584784616, -0.3289063167623375, -0.10386693035592845]], "inverted": true, "swapped": false, "error_lsq": 0.04537026856115992, "error_max": 0.2615676355172224, "target": "998.xyz", "model": "10.xyz", "model_rescale": 4.260839863003843, "target_rescale": 3.724685465066857},
{"mapping": [1, 9, 5, 4, 8, 2, 1, 10, 6, 7, 0, 11], "R": [[0.5324813699811689, 0.8446897259451545, 0.054432136699536365], [0.06894053428889818, 0.020813867654170815, -0.9974036222338657], [-0.8436295356108263, 0.5348514277778215, -0.04715036425190233]], "T": [-0.03598062457060934, -0.09939983376061139, -0.03433420666938992], "aligned_model": [[-0.49006828204280783, -0.07140611105950578, 0.10783281030305071, -0.17431601512938477, -0.15245726706819074, -0.7041521776383772, -0.49006828204280783, 0.49453095257325297, 0.6268653299580437, 0.33576459025844785, 0.2098513618575658, -0.03777587373840883], [0.1659586759388001, -0.8610363501786861, 0.23673842662439248, -0.3826902621215454, -0.6573457129391419, -0.24487128337197145, 0.1659586759388001, -0.4055581887916492, 0.3955986153803622, 0.016778403096460615, 0.6780280062714868, -0.0686058468684807], [-0.5309728114946796, 0.19887838502062993, 0.5339436022437158, 0.6265082189656859, -0.4710755428386723, 0.018029513217812876, -0.5309728114946796, 0.100418604816016, 0.10302339438441888, -0.5615094543951583, -0.3586902725088183, -0.08820106984222638]], "inverted": false, "swapped": false, "error_lsq": 0.07570167315636424, "error_max": 0.45268954497028135, "target": "998.xyz", "model": "11.xyz", "model_rescale": 3.890672605050136, "target_rescale": 3.724685465066857},
{"mapping": [3, 12, 4, 10, 5, 7, 8, 11, 1, 6, 0, 13], "R": [[0.45199347049998495, -0.595850925813656, 0.6638249594828356], [-0.6859000124105439, 0.24362497662491134, 0.6857025913176406], [-0.5703008641064775, -0.7652506419281989, -0.2985772587252493]], "T": [0.1340071643964166, -0.12085249342577582, -0.1292725267719932], "aligned_model": [[-0.5820380147994859, -0.2840413162381743, -0.1649000071422477, 0.14220647164755626, -0.26764966889468544, -0.6955115314880217, -0.21171029774226305, 0.5829460592237328, 0.5834876134680992, 0.5208000988234437, 0.0465137520321848, -0.01550212265926057], [0.4622631772572216, -0.6462981292838013, 0.1743310765327022, -0.5300179025278322, -0.6892008189558639, -0.3174063085524085, 0.10338988842049483, -0.2809310390661505, 0.5141780219244968, -0.06904044470810193, 0.46174635987959983, -0.14406072194152947], [-0.14712111092484034, 0.19364309431490656, 0.4316001919926701, 0.6657475634128461, -0.4765824042197392, -0.1444218242391147, -0.720361214190755, 0.14566545138334008, -0.13063666258777248, -0.5532596509002669, -0.16949712953373056, -0.055396548433498546]], "inverted": true, "swapped": false, "error_lsq": 0.055394159176904705, "error_max": 0.36165831644357144, "target": "998.xyz", "model": "12.xyz", "model_rescale": 4.124412569039231, "target_rescale": 3.724685465066857},
{"mapping": [5, 10, 7, 11, 2, 4, 0, 8, 9, 6, 3, 12], "R": [[0.5485316983245834, -0.7054809352911561, 0.44878683790176366], [0.681179075386903, 0.6883140164426396, 0.24943713040292442], [-0.48487941097575193, 0.16888003052260853, 0.8581209076246137]], "T": [-0.03066399340531857, 0.03651190381288902, -0.17396316728251676], "aligned_model": [[-0.730598216142342, -0.28484499473243186, -0.195533895680906, 0.2744091095127626, -0.08099254483422601, -0.6497424003468903, -0.34916426952682655, 0.5039577033024882, 0.4552828036501568, 0.5678331784563636, 0.2166234207314256, -0.07262885815869549], [0.2862217018469324, -0.36271292150695256, 0.3297036690497446, -0.6910877042656257, -0.8236407192996128, -0.4024749781381186, 0.2590298245259739, -0.43650645022815127, 0.2385781416620967, 0.059366562397583575, 0.642434354360103, -0.05995832142514551], [-0.02739243459850349, 0.3922710861057775, 0.3551248959328414, 0.43273451157938564, -0.17408771715518373, -0.37965395288834913, -0.6050208692970775, -0.10096043412811248, 0.18889523203240088, -0.4721101354687195, -0.45761840608192306, -0.1128020199584914]], "inverted": true, "swapped": false, "error_lsq": 0.06129621746639658, "error_max": 0.3301293883147185, "target": "998.xyz", "model": "13.xyz", "model_rescale": 3.9028299243045295, "target_rescale": 3.724685465066857},
{"mapping": [11, 2, 12, 8, 3, 6, 9, 5, 13, 10, 14, 15], "R": [[-0.6236484962045353, 0.5534232988454431, -0.5520735507854451], [-0.282467581386521, -0.8180667032375816, -0.5009779780785221], [-0.7288858749128502, -0.1564912820224256, 0.6665102099769417]], "T": [-0.03587684932574675, -0.23427984615404013, -0.08598220087278093], "aligned_model": [[-0.4209610784928004, -0.4161300533396777, 0.0037489770041469195, 0.23277064105860135, -0.17372393784103696, -0.6101833873016641, -0.3676279881363831, 0.4340306804782197, 0.5002415390475197, 0.4567803421478528, 0.08483285488520897, -0.06917755327910888], [0.3944279115294576, -0.6573584724469972, 0.20224731023526332, -0.48552313843891126, -0.766957920101512, -0.3452580754900599, 0.14927247578480923, -0.21049523364831277, 0.32056583280837464, 0.03486402723823695, 0.6006491074960996, -0.19748066598762054], [-0.03809295141812147, 0.38152367755762856, 0.4544936307637761, 0.5931440712958594, -0.3791403407250126, -0.4057697792756874, -0.6722195714803066, 0.11581730184375087, 0.10734316730227943, -0.5760873621940237, -0.35314032343120066, -0.1884917641648967]], "inverted": true, "swapped": false, "error_lsq": 0.03967372217082551, "error_max": 0.20594348296701617, "target": "998.xyz", "model": "14.xyz", "model_rescale": 3.942246331269136, "target_rescale": 3.724685465066857},
{"mapping": [3, 2, 4, 9, 0, 1, 12, 6, 11, 8, 13, 14], "R": [[-0.13656356229886046, 0.7556100849820204, 0.6406276554487083], [0.4338499694098407, -0.5357503229474208, 0.7243933983028935], [0.8905754305477585, 0.3768620316975405, -0.254657439650752]], "T": [-0.01001498338524904, -0.06967965096288598, 0.050181242084884184], "aligned_model": [[-0.6620317240768699, -0.24982834541936105, -0.08115780498512803, 0.16969759433162937, -0.06262360279852758, -0.7276565268465376, -0.40268057410839575, 0.5099880624853048, 0.5902261930051325, 0.5365689248152048, 0.08439002404812895, -0.05029118421970233], [0.23109135046693863, -0.7943317508725302, 0.4772085062032383, -0.5292866723278125, -0.6332776323717163, -0.20571568385608324, 0.22712330010380044, -0.23762584911872292, 0.32037397719591076, -0.28137268051522224, 0.5946466025581881, -0.1298803084871612], [0.08114743425348359, 0.04608195849807474, 0.24896760833984893, 0.6862842851956497, -0.41918762286418554, -0.3007122583305535, -0.6023507496694639, 0.16926229073985571, 0.009196830631260963, -0.4550642614310427, -0.408826568262035, -0.015419191026847773]], "inverted": false, "swapped": false, "error_lsq": 0.0635802503684297, "error_max": 0.3355161310467694, "target": "998.xyz", "model": "15.xyz", "model_rescale": 4.355366556412066, "target_rescale": 3.724685465066857},
{"mapping": [8, 7, 1, 9, 3, 10, 6, 5, 0, 4, 2, 11], "R": [[-0.6699101955384695, -0.6951485374687181, 0.26074669848094323], [0.502065978747197, -0.6828849127452824, -0.5306580338876321], [0.5469461425937923, -0.22458118086778828, 0.8064819962663773]], "T": [-0.03852879671378919, -0.08688756598086579, -0.024467558619800107], "aligned_model": [[-0.568628483044302, -0.21759614007819425, -0.1076098330900164, 0.015188960082971194, 0.017172862595300174, -0.6624851040533382, -0.383811494987475, 0.47601673408545475, 0.5993863378383993, 0.39465893580332356, 0.11729193135328386, -0.024983670274528594], [0.4561518883726776, -0.9420579931455163, 0.2921974433899651, -0.3128102864727789, -0.6103012430241247, -0.17202121337746815, -0.06760690728146741, -0.46019527417526684, 0.19289407525999958, 0.03718089686417343, 0.7051770090817656, -0.07965523651313136], [-0.130007074350115, 0.1680929431016075, 0.3577884151573415, 0.6798227453048454, -0.41683531554355713, 0.0013507914714533595, -0.7704595676068067, 0.08344042836062054, 0.11228247947992404, -0.6499954445375221, -0.24600539146218892, -0.15009525330155726]], "inverted": false, "swapped": false, "error_lsq": 0.06308365576121927, "error_max": 0.34795549748977234, "target": "998.xyz", "model": "16.xyz", "model_rescale": 3.795458400668931, "target_rescale": 3.724685465066857},
{"mapping": [4, 0, 7, 3, 1, 2, 10, 6, 8, 9, 11, 12], "R": [[0.9527162045225575, 0.10098973314177101, -0.2865883937637504], [-0.289503922651207, 0.015188127128051511, -0.9570563199540068], [-0.09230012139589261, 0.9947715288418222, 0.04370689872328461]], "T": [-0.059142559463228675, -0.06586028681376602, -0.04258225112456065], "aligned_model": [[-0.6142995999739341, -0.24517542819556665, -0.20170844861536602, 0.3190733676309054, -0.23933728365354345, -0.6240394182246479, -0.24247540483948443, 0.46844535216677174, 0.5376937463213685, 0.53424897934676, 0.11541580493706204, -0.1532406306694469], [0.26061659362821055, -0.5273345583957099, 0.19314084440973664, -0.3069367949623224, -0.8616020870398231, -0.27855681851104097, 0.10331938802771287, -0.48713665057283717, 0.21622666412864974, 0.029813170462821836, 0.7161864566668391, -0.018783048863409743], [-0.06921484943085016, 0.2790443272041588, 0.543820392816582, 0.629144454002707, -0.26421586946981707, -0.41298685272448354, -0.7329958724262436, -0.003173218307096916, 0.10540473654712587, -0.7033991321710973, -0.1577891851705886, -0.17425917479635092]], "inverted": true, "swapped": false, "error_lsq": 0.04775584165562993, "error_max": 0.23612342615706752, "target": "998.xyz", "model": "17.xyz", "model_rescale": 3.7474275329858107, "target_rescale": 3.724685465066857},
{"mapping": [3, 0, 1, 2, 4, 8, 10, 9, 7, 12, 11, 13], "R": [[-0.3343762250340626, -0.6449662964229712, -0.6871761176077105], [0.5865273368871495, -0.7131453527163082, 0.38393930377495933], [-0.7376843655765237, -0.27466740319442395, 0.6167492151647974]], "T": [0.0014038925791547488, -0.08981553323869515, -0.10996239512671556], "aligned_model": [[-0.5637321273239834, -0.45853450537444607, -0.19359371176581713, 0.2213644051661064, -0.17671985320533326, -0.6348800034079067, -0.24169069592110876, 0.5275816286934094, 0.6074215346999587, 0.5487853828928222, 0.02017424553386466, -0.001575263756688157], [0.2853771110432539, -0.5447539972451955, 0.26189270662049025, -0.3128389707312178, -0.8746822598467185, -0.3245899104729577, 0.18696312013042818, -0.48752732966189394, 0.3067044400971637, 0.06487823621170652, 0.6297272047810728, -0.15219719194730474], [-0.08896382388977463, 0.4197828784115675, 0.4528836452116278, 0.5269917971361088, -0.3136336367685217, -0.34845400235952856, -0.6936900444157645, -0.22259668324354487, 0.09724235921151854, -0.5954315136798054, -0.17031621703573335, -0.024435002504104325]], "inverted": true, "swapped": false, "error_lsq": 0.04964116717428988, "error_max": 0.31144038657824563, "target": "998.xyz", "model": "18.xyz", "model_rescale": 3.922800546911778, "target_rescale": 3.724685465066857},
{"mapping": [12, 11, 3, 9, 4, 13, 8, 2, 0, 1, 5, 14], "R": [[0.08555598726483925, 0.046163529863052555, -0.9952633327686305], [-0.7978262013116068, 0.6015132602777158, -0.04068353734330871], [0.5967859964374417, 0.7975278842903589, 0.0882935345057263]], "T": [-0.03730780765554531, -0.1364965775459238, -0.16265893527476882], "aligned_model": [[-0.540364230052636, -0.382096988940726, 0.02661187633486717, 0.21415522124150932, -0.2809021371441721, -0.7062945631544615, -0.26053343123942724, 0.5581843894027182, 0.483824090826222, 0.5973682745773528, 0.01869883259980247, -0.074050298220171], [0.4301387516395464, -0.6792592547740375, 0.23159358982992148, -0.46578721543477086, -0.7523874322832634, -0.2871116578853695, 0.0030927151579737966, -0.3355626306504733, 0.4573476280740232, -0.020747286264622036, 0.5965309619822413, -0.13889501041234228], [0.04822654115835806, 0.14356436469711448, 0.3565454043304518, 0.5381100757493052, -0.45456199586862506, -0.20247809349742682, -0.7149956119128783, 0.18214639028138474, 0.10976213496995557, -0.5256622357352767, -0.36776281804227584, -0.07351440005604214]], "inverted": false, "swapped": false, "error_lsq": 0.04955525218767493, "error_max": 0.2362933231520362, "target": "998.xyz", "model": "19.xyz", "model_rescale": 3.9282355846067225, "target_rescale": 3.724685465066857},
{"mapping": [0, 9, 10, 12, 8, 4, 3, 7, 2, 5, 1, 13], "R": [[-0.9113802055791803, 0.054765044990969666, 0.4079055169099681], [0.14734123695356882, 0.9688334937698476, 0.1991286550014918], [-0.3842872373257321, 0.24158321795366483, -0.8910448181947465]], "T": [-0.016948948570110586, -0.2120335463176855, -0.14333905306054984], "aligned_model": [[-0.5809625316894971, -0.25162273747151426, -0.04662640656161368, 0.22506221943554833, -0.38030199250083596, -0.5765414718115315, -0.2146905138944333, 0.5534829883157223, 0.5265070627461904, 0.429430526689283, 0.011754497969982767, -0.04089060499642268], [0.35437257454489396, -0.6452147457433584, 0.2599171323620747, -0.502974581905504, -0.8687933650965878, -0.2687609205161716, 0.17932705059528115, -0.3956722419942103, 0.3657572087921544, 0.09086687726030368, 0.5259892332203331, -0.05586106254038126], [-0.17897292042117197, 0.3421576889517726, 0.5768110384983847, 0.6179613171214106, -0.26688129293001894, -0.4314467723057252, -0.7549682100409623, 0.02690198550102807, 0.07921345183134118, -0.5868329647572215, -0.2698273345189903, -0.11473623085580162]], "inverted": true, "swapped": false, "error_lsq": 0.05015487714783812, "error_max": 0.2873187454686428, "target": "998.xyz", "model": "20.xyz", "model_rescale": 4.067790424073018, "target_rescale": 3.724685465066857},
{"mapping": [8, 2, 0, 3, 6, 4, 5, 11, 9, 13, 1, 14], "R": [[-0.6621513714422131, 0.0859692579025567, -0.7444224929385732], [-0.37974769535084685, -0.8948926500707644, 0.23443300263624292], [-0.6460241862135787, 0.4379228602676595, 0.6252010230974316]], "T": [0.0198530225806009, -0.04950121210083225, -0.05806413952760064], "aligned_model": [[-0.422692281013961, -0.45756844569404026, -0.28468784011047693, 0.2188148208192619, -0.11737852017995554, -0.7132503501437741, -0.23851587898063437, 0.557314821923385, 0.4958041274555775, 0.3995835004063411, 0.12498343550661309, 0.09219364624254162], [0.3021924390963867, -0.4803132400497417, 0.08549835041052034, -0.6457106774654531, -0.7461634364536092, -0.2785498353255669, 0.055897732394181804, -0.40818092443767173, 0.542039086006205, -0.05009643115667997, 0.6840256180692741, -0.021685522109017915], [-0.13311829796681993, 0.316357641014031, 0.5692220874805144, 0.5152538288826797, -0.26635756603638444, -0.2873427208108911, -0.5782590011547253, -0.08077828015248167, 0.10806990560649199, -0.6462205090431473, -0.41047169758704505, -0.06697563415817684]], "inverted": true, "swapped": false, "error_lsq": 0.057267139377528246, "error_max": 0.32036253623639926, "target": "998.xyz", "model": "21.xyz", "model_rescale": 4.186013935880536, "target_rescale": 3.724685465066857},
{"mapping": [8, 5, 11, 3, 0, 2, 9, 6, 4, 7, 10, 12], "R": [[0.5591640156791184, 0.7382463594388857, -0.3772637225401273], [0.3077466201684211, -0.6073661553889484, -0.732392224878829], [-0.7698231104250614, 0.29342574199152893, -0.5668101204038303]], "T": [-0.06125807739631191, -0.08031799567811501, -0.15803681282189785], "aligned_model": [[-0.7674917440937716, -0.3689021122177529, -0.1960562977840138, 0.26630233655996427, -0.0016269945152681958, -0.7024530494537004, -0.30486879209597095, 0.39260509619253103, 0.5326105151223377, 0.5080795467461677, 0.33502197696575625, -0.03861944519540115], [0.20528389534044397, -0.6206375112181433, 0.29373804197346876, -0.39687383776873686, -0.7588258983173867, -0.44746007960451295, 0.3810381143904227, -0.37708920268372736, 0.2355116744363099, -0.0068451128891558605, 0.6106938148157599, -0.07958073949591467], [-0.07239979644871584, 0.30234210185625, 0.3327559124589123, 0.644979518757777, -0.39857704026184637, -0.21947703485517223, -0.4945707927173622, -0.032386825279159176, 0.11616724087497454, -0.6149614730355153, -0.40656091408903616, -0.11793114118706192]], "inverted": true, "swapped": false, "error_lsq": 0.04898454088418311, "error_max": 0.29701837631183864, "target": "998.xyz", "model": "22.xyz", "model_rescale": 4.166573947596378, "target_rescale": 3.724685465066857},
{"mapping": [1, 13, 7, 10, 12, 6, 2, 9, 8, 3, 4, 15], "R": [[-0.15727573307408912, 0.8355630488522385, -0.5264016861473373], [0.6681268189271226, 0.4825551826504132, 0.5663453447566691], [0.7272351047744683, -0.26263070477379113, -0.6341563019427386]], "T": [0.014703259162365673, -0.1512554161018691, -0.11812701998433298], "aligned_model": [[-0.5528761235451767, -0.33689479184124205, -0.0931789082701936, 0.14273711106078815, -0.1553208114287478, -0.6804968133757894, -0.2648833706300421, 0.5779012987348293, 0.5925677255141055, 0.3483486753128213, 0.12287491052519323, -0.04617786582566731], [0.2750286888076665, -0.5526352597782151, 0.08158768921125673, -0.3977267105817538, -0.7174241885984994, -0.26945383504819215, 0.1173418553749298, -0.3585265289457588, 0.35433900351997594, 0.0731506488935185, 0.5532554208507351, -0.11998362472683602], [-0.18320057140073023, 0.5392055978862249, 0.5493571924944414, 0.577430646114993, -0.40083904961608363, -0.4041927901638447, -0.6681234394141631, -0.13532644684348402, 0.13589282490274388, -0.565060243510107, -0.2964999098033124, -0.10926405457263277]], "inverted": true, "swapped": false, "error_lsq": 0.047048002375158986, "error_max": 0.24271991240429863, "target": "998.xyz", "model": "23.xyz", "model_rescale": 4.274766983524099, "target_rescale": 3.724685465066857},
{"mapping": [8, 2, 3, 7, 1, 4, 9, 6, 10, 0, 11], "R": [[-0.029672633301994905, -0.9962162661604282, 0.08168650972039421], [0.7020696461029944, -0.07894205629844904, -0.70771912773938], [0.7114898079760114, 0.03634972881256765, 0.7017556201139477]], "T": [-0.007156911226568689, 0.15340141756792702, 0.008443551061092666], "aligned_model": [[0.37632614978489204, 0.1425488765021038, -0.5439679658943523, -0.33995478892184344, -0.7100042175993061, -0.7563049006652242, 0.06947383994772391, 0.19426237619782996, 0.7977640039196034, 0.24341042323270917, -0.09365909254606145], [-0.2159650157861545, 0.4658098935877488, 0.4552760777379028, -0.1351846449912234, 0.5819874062963626, -0.05402356093978497, -0.5868325235007864, -0.12506543599507258, -0.10938299553344999, 0.5046810028361066, 0.13428632753183417], [-0.5488905248579524, -0.1809659361238719, -0.5996063754346207, -0.2680319855089509, 0.03309342258803523, 0.42226823239752365, 0.06377155316269649, 0.6791408352254337, 0.10198440281619571, 0.4689023313760707, 0.2079004783810175]], "inverted": true, "swapped": true, "error_lsq": 0.05647814164584481, "error_max": 0.27730673670434264, "target": "998.xyz", "model": "24.xyz", "model_rescale": 3.7841303162186577, "target_rescale": 3.724685465066857},
{"mapping": [6, 0, 4, 8, 10, 7, 11, 9, 5, 13, 3, 15], "R": [[0.8366507364687745, -0.058387910622828054, -0.5446158252009925], [-0.36717744686995996, 0.6780275457914835, -0.6367569156735055], [0.4064434372410447, 0.7327137906721005, 0.5458335215819989]], "T": [0.027316956383216857, -0.19109481245753793, -0.026252302689826312], "aligned_model": [[-0.4492352237382097, -0.5157160658209595, -0.0003152059981107805, 0.06720597885197954, -0.08284063299495659, -0.5627107274897227, -0.3111135629063516, 0.5192490211427213, 0.5971754263541696, 0.312846508036887, 0.08835384781553912, -0.008298327022107949], [0.3511837933300537, -0.5717317706684532, 0.3918688623627261, -0.4318660069910152, -0.8399383377264847, -0.3818503413024729, 0.013588683176518623, -0.5074373118913982, 0.44526529437385753, 0.11739789378392149, 0.5848815378429721, -0.13240913731139786], [-0.05555052054706441, 0.29243342367916847, 0.43860698817197913, 0.5121674976595592, -0.44112877888021484, -0.22191839729715201, -0.6842773929341894, -0.01782762230939309, 0.17286043944282348, -0.6860288729007693, -0.23394700481708416, -0.03601000319361788]], "inverted": true, "swapped": false, "error_lsq": 0.05384490483379888, "error_max": 0.2456460085948856, "target": "998.xyz", "model": "25.xyz", "model_rescale": 4.19342608120988, "target_rescale": 3.724685465066857},
{"mapping": [8, 7, 1, 9, 3, 10, 6, 5, 0, 4, 2, 11], "R": [[-0.6699101955384695, -0.6951485374687181, 0.26074669848094323], [0.502065978747197, -0.6828849127452824, -0.5306580338876321], [0.5469461425937923, -0.22458118086778828, 0.8064819962663773]], "T": [-0.03852879671378919, -0.08688756598086579, -0.024467558619800107], "aligned_model": [[-0.568628483044302, -0.21759614007819425, -0.1076098330900164, 0.015188960082971194, 0.017172862595300174, -0.6624851040533382, -0.383811494987475, 0.47601673408545475, 0.5993863378383993, 0.39465893580332356, 0.11729193135328386, -0.024983670274528594], [0.4561518883726776, -0.9420579931455163, 0.2921974433899651, -0.3128102864727789, -0.6103012430241247, -0.17202121337746815, -0.06760690728146741, -0.46019527417526684, 0.19289407525999958, 0.03718089686417343, 0.7051770090817656, -0.07965523651313136], [-0.130007074350115, 0.1680929431016075, 0.3577884151573415, 0.6798227453048454, -0.41683531554355713, 0.0013507914714533595, -0.7704595676068067, 0.08344042836062054, 0.11228247947992404, -0.6499954445375221, -0.24600539146218892, -0.15009525330155726]], "inverted": false, "swapped": false, "error_lsq": 0.06308365576121927, "error_max": 0.34795549748977234, "target": "998.xyz", "model": "26.xyz", "model_rescale": 3.795458400668931, "target_rescale": 3.724685465066857},
{"mapping": [1, 11, 9, 4, 5, 8, 6, 10, 3, 7, 0, 12], "R": [[0.5594001748378408, -0.030721993663099745, 0.8283281979365172], [-0.628177493323754, 0.6362715013347864, 0.4478298934535998], [-0.5407998532478339, -0.7708532517246989, 0.33663152412182057]], "T": [-0.13692879020934584, -0.014647279954600842, 0.035865729970554816], "aligned_model": [[-0.5928792168873533, -0.29221428510896147, -0.16394893450544917, 0.347129124576797, -0.056144888770407686, -0.6929697059379272, -0.43620153020720115, 0.3412052547476066, 0.5213430038762288, 0.5148804126244437, 0.19366337211816986, -0.029261570295068207], [0.31818259715561525, -0.5908767561645146, 0.20021825808463806, -0.3834605536420128, -0.4429462539035583, -0.3907016722361614, 0.022252384954836987, -0.541119195817531, 0.2997735908940523, -0.0901035081610423, 0.6627004901257756, -0.024966222311270065], [-0.14214171893586225, 0.43009992122489576, 0.4066446431799423, 0.6090392524935783, -0.5780515430091268, -0.2472478588725795, -0.7324188536959493, -0.007741441113463497, 0.14941888903709288, -0.443362002277333, -0.3151072215053011, -0.08975231045184867]], "inverted": true, "swapped": false, "error_lsq": 0.05386678268652476, "error_max": 0.4075560910323651, "target": "998.xyz", "model": "27.xyz", "model_rescale": 3.6321398670334006, "target_rescale": 3.724685465066857},
{"mapping": [1, 6, 4, 12, 9, 13, 2, 8, 3, 0, 5, 14], "R": [[-0.29691445091034757, 0.7673545243252268, 0.5683386691385797], [-0.5088689125849236, -0.6307763895052386, 0.5858101878999484], [0.8080187118162823, -0.1152743702665111, 0.5777694876976589]], "T": [0.09516347992075387, -0.17012672362589137, -0.10164382221693116], "aligned_model": [[-0.28485421357314333, -0.4647562294418361, -0.33661248299245355, 0.2455717887036219, -0.10066295843936608, -0.6699902863668303, -0.3202232591103829, 0.5566855975659123, 0.4609222342630049, 0.4352173999581509, 0.09776775795287725, 0.0355356877113234], [0.378067729136428, -0.49871488637388656, 0.170871442743667, -0.6968433315739779, -0.7929262994876161, -0.36706553374318607, 0.25913899272784996, -0.3372402473658973, 0.39450826140908396, 0.06802181850042005, 0.6105847361376602, -0.14944952313171775], [-0.05330552747555428, 0.3254711219257155, 0.5178374291071124, 0.5175949737420175, -0.24427921602181718, -0.30714844727330015, -0.6275986354212624, 0.05991118668743603, 0.036080348714720795, -0.5675411258903463, -0.5046973619589834, -0.11294499006169337]], "inverted": false, "swapped": false, "error_lsq": 0.06061456554390827, "error_max": 0.3112465806898146, "target": "998.xyz", "model": "28.xyz", "model_rescale": 4.156811204709835, "target_rescale": 3.724685465066857},
{"mapping": [1, 2, 5, 6, 8, 3, 4, 7, 9, 11], "R": [[0.24440910732369364, -0.756062152738771, 0.6071525421615648], [-0.14164416599219842, 0.5915887345160735, 0.7937000059430801], [-0.9592711391976775, -0.27998712539987647, 0.03749788144287775]], "T": [-0.015883900503393278, -0.1710520400519369, 0.022169584451689397], "aligned_model": [[-0.6459574986423083, -0.0672070710294202, 0.038590911029824954, 0.5835704887670248, 0.0434173222522457, -0.8509374789293838, -0.33380034027196837, -0.38165755944878443, 0.2236281363466371, 0.0332784640367206], [-0.09695585901457102, -0.5605706012351325, 0.1460248082077917, 0.2416612567852426, -0.37536631198629267, -0.3958989938682709, 0.5632553259523532, 0.0743111566191279, 0.33949015412572947, -0.017230604959774104], [-0.503001738889558, -0.016920763015309172, -0.7063370339184778, -0.17345897855348344, 0.7630144640422762, 0.056059118163181085, -0.34555385541694206, 0.29872264873524346, 0.5109030491545012, -0.12464018332633217]], "inverted": true, "swapped": true, "error_lsq": 0.07253949128028117, "error_max": 0.3732852048875494, "target": "998.xyz", "model": "29.xyz", "model_rescale": 4.117894457231895, "target_rescale": 3.724685465066857},
